4.9112e-06 0.111169 1.49448e-10 0.0299324 0.75349 0.00109237 4.50945e-05 0.0671374 9.83013e-06 0.000658825 5.45383e-05 0.00199724 0.0035439 5.58082e-07 0.00831059 2.86933e-08 0.016574 0.000354386 4.83108e-10 0.00265561 1.92369e-05 9.94308e-07 0.00268851 0.000260533 
8.4922e-06 0.0625477 4.69816e-06 0.0272235 0.722484 0.000125808 7.64128e-05 0.00260751 0.0418118 0.00110195 9.1763e-05 0.000197965 0.000147219 1.54627e-09 0.000195763 0.000175982 0.0729805 0.000592667 4.94787e-09 1.43509e-06 1.43256e-05 1.89979e-06 0.00797154 0.0596367 
0.000662305 0.0789547 0.00237714 0.0341372 0.367461 0.0127183 0.00408544 0.0598791 0.000925194 0.00165584 0.0407299 0.0014497 0.0573258 0.0080164 0.00252583 0.0190343 0.00513706 0.035179 2.99019e-06 0.211155 0.00820931 5.74104e-06 0.0451231 0.00324971 
2.84281e-06 0.0107937 1.33504e-09 0.00945158 0.582331 1.91662e-05 0.00513253 0.00288835 7.38825e-05 1.07812e-09 6.87113e-10 1.69982e-06 6.18828e-07 0.0732525 6.94543e-05 1.28095e-09 1.321e-06 3.54642e-06 4.31566e-09 0.299269 0.000957215 2.32008e-06 9.3325e-06 0.0157395 
0.001854 0.106384 0.0223022 0.033234 0.257112 0.0202244 0.00308974 0.0615903 0.000902855 0.0111223 0.00179921 0.00232182 0.0654478 0.00240022 0.00108288 0.012774 0.0262888 0.16182 2.8885e-11 0.164809 0.00129292 1.389e-05 0.0235698 0.0185639 
2.92482e-06 0.0413415 4.07703e-11 0.000346166 0.8995 0.000493268 0.00570209 0.000662435 7.11387e-07 0.00115651 6.99095e-06 0.00115692 0.00043332 2.26667e-05 9.12163e-06 5.73008e-08 5.28492e-05 0.0102837 1.31795e-10 0.0340207 5.92037e-05 8.93797e-07 0.00387727 0.000871086 
2.09412e-06 0.0372075 4.71933e-11 0.0002473 0.909957 0.000481769 0.00373108 0.00723914 5.11601e-07 0.000826181 5.58718e-06 0.000826678 0.00127328 0.000147067 6.5329e-06 0.00105553 3.7804e-05 0.00599524 1.52558e-10 0.0282891 0.000166398 6.43698e-07 0.00188124 0.000622297 
0.000941495 0.0935923 0.00323475 0.0350567 0.623871 0.00251334 6.40769e-05 0.00646549 2.20883e-05 0.0104035 8.85345e-06 2.23585e-05 0.135732 0.00400634 0.0025641 0.00163531 1.57771e-05 0.0525567 2.34032e-06 0.0246178 0.000416483 3.9454e-09 0.00146186 0.000795501 
0.000605246 0.119921 0.000335104 0.0429274 0.510058 0.0244214 0.00194178 0.00625483 0.000575552 0.0166392 0.0118375 1.42835e-06 0.00334115 0.0015378 0.000986608 0.000138028 0.00310242 0.0375146 1.56326e-11 0.144526 0.000142311 0.000362317 0.0300484 0.0427809 
0.00224465 0.0109484 0.00106876 0.00671329 0.367871 0.00780951 0.000213528 0.00438155 0.000458268 0.00156954 3.29507e-05 0.000147182 0.20777 0.000299467 0.0002752 0.0059659 0.00875691 0.0426527 7.94851e-07 0.308037 0.00108492 1.71223e-06 0.0171251 0.00457178 
0.000162968 0.0172418 2.7594e-06 0.0268327 0.654885 0.000939807 4.69811e-05 0.072093 6.30943e-05 0.00236305 0.00338577 5.7821e-05 0.0148799 0.00148337 7.26756e-06 0.000509592 5.94635e-06 0.00858589 2.32658e-11 0.193106 0.000192957 1.32736e-06 0.00240183 0.000751445 
0.000204788 0.0253841 0.00580938 0.00365644 0.171731 0.0878617 0.000471169 0.10195 0.00333503 0.00211036 4.44417e-05 0.00509895 0.0720453 0.151491 0.0165106 0.0253101 0.00348068 0.0470884 1.98124e-08 0.0875872 0.0011666 3.23241e-05 0.165321 0.0223101 
0.00393711 0.0301538 0.160578 0.0270452 0.275129 0.0646594 0.00713428 0.126989 0.0948736 0.000923869 0.00240862 0.00696454 0.0116888 0.00325764 0.0027084 0.01508 0.00365943 0.0151763 1.83094e-07 0.0663666 0.0489894 2.48134e-06 0.0296263 0.00264786 
0.00181328 0.037259 0.0118705 0.0551351 0.198951 0.0459698 0.0163785 0.0499112 0.0306031 0.00948375 0.0234092 0.0320781 0.0408421 0.0125827 0.000487935 0.136736 0.00264962 0.0447669 0.00133438 0.110182 0.00636324 0.000112683 0.0193606 0.11172 
0.000495742 0.348314 0.000194077 0.0681321 0.465519 0.000584445 0.00094018 1.38867e-08 0.000172746 0.00127914 7.76428e-05 0.00555975 0.0327824 0.000547356 0.0426009 2.51165e-05 0.000359554 0.00215355 6.62145e-14 0.0275376 1.70755e-09 4.92117e-14 0.00269833 2.61295e-05 
0.0043768 0.0603189 0.0049437 0.0113004 0.40349 0.215815 0.00343539 0.00661184 0.000121444 0.0263146 0.0253216 0.00292588 0.0186905 0.00167902 0.00248971 0.00329252 0.00536513 0.0122486 4.72466e-06 0.0553062 0.0335638 0.000114275 0.0787229 0.0235464 
0.00134939 0.0672633 0.000153574 0.111661 0.172776 0.156276 0.00020473 0.0015733 6.60302e-05 0.157955 7.50778e-05 0.00459141 0.0235751 0.00521061 1.94844e-05 0.00379943 0.0168361 0.0997938 2.70776e-07 0.0316846 0.00251205 8.22365e-05 0.076774 0.0657685 
0.000123196 0.0157556 0.00794116 1.75713e-07 0.63655 0.00455901 0.0018839 0.00821429 0.000252632 0.00136834 8.84954e-06 0.000105132 0.038929 0.00386131 7.96164e-08 0.0697237 0.00039067 0.00824365 8.56897e-10 0.1749 0.00116286 1.48515e-11 0.0217674 0.00425821 
0.00028468 0.0267455 0.00719678 0.189858 0.437847 0.00477307 0.00467848 0.0637451 8.931e-05 0.00342083 0.0027224 0.0296037 0.0445998 0.00278 0.00139596 0.000142926 0.0430777 0.0325624 2.96354e-09 0.0701891 0.00117361 5.48775e-05 0.0326375 0.000421383 
0.0187486 0.0688425 0.0159291 0.0689161 0.398726 0.0480636 0.00488956 0.0835242 0.000308593 0.00168381 0.0265422 0.0018556 0.055764 0.000192966 0.00256883 0.00190112 0.0224619 0.0136473 1.55603e-07 0.0491135 0.00225543 5.19294e-07 0.112228 0.00183673 
0.000204788 0.0253841 0.00580938 0.00365644 0.171731 0.0878617 0.000471169 0.10195 0.00333503 0.00211036 4.44417e-05 0.00509895 0.0720453 0.151491 0.0165106 0.0253101 0.00348068 0.0470884 1.98124e-08 0.0875872 0.0011666 3.23241e-05 0.165321 0.0223101 
0.00498488 0.0227625 0.000179016 0.00726778 0.333331 0.0078808 0.00168245 0.099604 0.153347 0.000261767 0.000385712 0.00247219 0.016695 0.000619559 2.34937e-06 0.00055166 0.0116029 0.0277273 1.04059e-09 0.297606 0.00287475 2.73368e-06 0.00592284 0.00223583 
0.001724 0.0580194 0.00290624 0.0704241 0.268512 0.0181789 0.00668302 0.0264404 0.000274178 0.00513105 0.00391064 0.00361336 0.0363122 0.00573557 0.00102715 0.00142139 0.0125207 0.154361 1.60857e-07 0.227045 0.000949697 1.67829e-05 0.083558 0.0112352 
0.0031375 0.178741 0.0193872 0.0409103 0.255715 0.0430583 0.00731375 0.0158372 0.00225135 0.010152 0.0338059 0.000653764 0.0240521 0.00754601 0.000727231 0.0375882 0.0638727 0.013916 1.88597e-09 0.226178 0.00264203 1.24327e-12 0.00965958 0.00285543 
8.57182e-05 0.124526 0.0196395 0.0250266 0.38427 0.0181808 1.2642e-05 0.0211909 0.000602363 0.0573494 1.07748e-06 6.1437e-05 0.0253486 0.0486549 4.28912e-05 0.119215 0.000294911 0.0116498 3.98783e-08 0.114332 0.000246611 6.72075e-05 0.0242267 0.00497515 
0.000219835 0.0845636 0.00192772 0.0146715 0.667613 0.00225218 0.00269839 0.00490374 2.96964e-05 0.00140896 2.26334e-05 1.60745e-08 0.100096 4.2547e-05 3.3944e-07 0.00982119 4.52167e-05 0.0182641 1.96238e-11 0.0590984 0.000430647 3.40437e-05 0.0226473 0.0092089 
0.000697361 0.0677675 0.000696139 0.058802 0.516146 0.0300322 0.0121523 0.0138508 0.00188053 0.0194606 0.00627842 0.00290723 0.007944 0.00282874 0.00185527 0.0133731 0.0648408 0.0131077 2.92956e-05 0.151703 0.00344032 7.0843e-06 0.00532478 0.00487454 
0.0304728 0.0371961 0.00735014 0.0418772 0.214094 0.0329199 0.00630903 0.0302612 0.000164376 0.0432429 0.006332 0.00422368 0.0562702 0.01094 0.000469373 0.0101098 0.00855373 0.164141 2.56084e-05 0.178366 0.0182796 0.0316315 0.062527 0.0042429 
7.09394e-05 0.0885041 0.000202612 0.0865174 0.302958 0.016252 1.71559e-05 0.014446 8.52579e-05 0.000544809 2.50474e-05 0.0271654 0.194628 0.112843 4.04923e-05 0.0185085 2.45431e-05 1.28573e-05 4.63149e-07 0.0197452 0.0269255 2.83656e-06 0.0897654 0.000714744 
0.000347853 0.0010066 0.00264122 4.73152e-11 0.9098 0.0170355 3.67223e-05 5.03452e-05 0.00132441 9.10927e-08 1.69109e-05 0.000173932 0.0150898 0.00182295 1.69071e-07 0.00104781 0.000113063 0.00265373 1.0916e-07 0.0156907 0.000547555 9.35536e-08 0.0119729 0.0186277 
0.000897008 0.0164926 1.71871e-05 0.0503709 0.666688 0.0151175 1.91462e-05 0.0180448 0.0027682 0.00644665 2.76299e-05 0.00103405 0.0590305 0.00295121 0.0303732 0.0591931 0.0291708 0.000513467 2.30858e-08 0.027605 0.00621103 1.07379e-07 0.00602086 0.00100682 
0.00179085 0.0732419 0.00323197 0.055859 0.392454 0.0379338 0.014241 0.0155152 0.000196409 0.0151565 0.00950956 0.00467385 0.0335786 0.0039831 0.00701873 0.0125446 0.00493172 0.0232046 6.35933e-05 0.222899 0.00414925 5.0843e-06 0.046539 0.0172778 
0.00111617 0.0478808 0.0632303 0.0751582 0.703739 0.00581259 0.00209626 0.00344364 1.95447e-07 0.00309199 0.0002557 0.000194951 0.0401377 0.0038768 6.83153e-06 1.11601e-06 0.000263784 0.013195 1.20944e-09 0.00940115 0.0113084 8.98871e-10 0.00686053 0.0089287 
0.00040768 0.0103853 0.000369656 0.0554226 0.297683 0.0358033 0.000197282 0.00662737 0.0247065 0.00313142 0.00161001 0.00151843 0.00698292 0.00420112 0.000710329 0.0814149 0.0268473 0.0758126 6.51811e-10 0.0846579 0.000420965 0.00288778 0.0799389 0.198263 
0.0013023 0.0179401 0.0136813 0.0797735 0.480585 0.0278725 0.000381097 0.0654862 0.000100192 0.0025272 7.7962e-06 0.000375256 0.0762001 0.00228016 0.00201587 0.00837828 0.00287226 0.0601137 1.29106e-09 0.121381 0.0241592 7.50505e-06 0.0121212 0.000438372 
0.00357097 0.0294213 0.001406 0.0406383 0.356784 0.0435372 0.00136838 0.10347 0.00625697 0.00054836 0.00192967 0.0184788 0.0623902 0.00213713 0.00187035 0.00331382 0.0136513 0.00801643 3.76926e-09 0.254295 0.0068302 1.92154e-05 0.0338927 0.00617329 
0.012275 0.167247 0.00284898 0.05483 0.197922 0.0238009 0.00205745 0.0042712 4.99116e-06 0.00288941 4.80749e-06 0.00191271 0.0772675 0.0312616 1.40634e-07 0.000173286 0.000244107 0.0328125 2.08494e-11 0.186802 0.000143001 1.67069e-05 0.0851756 0.116039 
0.00700861 0.0139399 0.000346438 0.0294455 0.239044 0.121005 0.0030874 0.0361097 0.000283284 0.0599735 4.08674e-05 0.000642654 0.0878993 0.0225211 1.08015e-05 0.00350139 0.0892772 0.0204995 5.42658e-07 0.0910222 0.158947 2.86867e-07 0.0137591 0.00163494 
0.000297482 0.0381092 3.52409e-05 0.128455 0.30549 0.00612953 0.000904015 0.0932971 0.000132348 0.00726331 2.59982e-05 0.0230551 0.118577 0.00222269 0.000717407 0.000447208 0.00309993 0.0177351 5.88171e-12 0.181732 0.00302528 3.53646e-07 0.0692054 4.39791e-05 
0.00305495 0.0128189 6.07036e-05 0.0121834 0.780777 3.33345e-05 6.81543e-06 0.000211666 0.000736739 4.41818e-05 3.58297e-07 5.43364e-06 0.0412149 0.00665143 0.00811718 0.114647 9.26996e-07 7.52348e-05 2.16109e-06 0.0012266 1.3824e-05 1.60615e-06 0.000867933 0.0172476 
0.000851596 0.0669092 0.00107239 0.0291418 0.407803 0.00383125 0.00521246 0.0464138 0.000259153 0.0127528 0.00294332 0.00170898 0.054198 0.00124493 0.0056543 0.0018534 0.00142484 0.125298 4.35514e-06 0.156348 9.93165e-05 4.67758e-05 0.030101 0.0448277 
0.087488 0.0748195 0.0355048 0.0333655 0.118469 0.036191 0.00502534 0.107813 0.00432139 0.00275787 0.0164884 0.0231272 0.0512002 0.000826402 0.00506023 0.000317052 0.0352688 0.103581 5.56668e-07 0.111625 0.00991555 9.44718e-06 0.0754993 0.0613253 
0.000206763 0.075525 0.0028228 0.0171857 0.589126 0.00286617 0.000400875 0.00995275 0.000956782 0.0104007 0.000316176 6.5546e-05 0.02841 0.00218174 0.000112444 0.00324998 0.00331277 0.0376731 7.16567e-11 0.136054 0.0010996 0.00100566 0.0469699 0.0301055 
0.00132229 0.211563 0.000974986 0.0392023 0.348815 0.0287669 0.00266255 0.0194301 0.000417976 0.00305274 0.00460966 0.00353601 0.103503 0.00248732 0.0016321 0.0139259 0.0062551 0.0132889 5.15803e-06 0.151787 0.00830381 1.18216e-06 0.0231077 0.0113495 
0.00103185 0.0493092 7.1475e-05 0.0354613 0.287604 0.040912 0.0062408 0.0127176 0.01835 0.0170496 0.0165835 0.00462344 0.00151988 0.00170729 0.00289604 0.00213276 0.0514749 0.14934 7.06128e-09 0.101377 0.00397123 0.000270812 0.0829244 0.112431 
0.0171423 0.178154 0.000217125 0.0444678 0.220733 0.0444504 0.00035452 0.0272176 0.0346191 0.0656902 0.00060752 0.000923943 0.0178553 0.00217126 0.000510225 0.0143564 0.012819 0.0447174 9.08387e-08 0.0731289 0.00363293 0.000115089 0.0323858 0.163731 
3.86176e-08 0.0321274 8.70398e-05 1.03032e-06 0.471332 0.0368857 1.02452e-07 0.000411374 0.000720044 0.010676 4.3727e-11 2.21863e-07 0.0421657 1.0631e-07 1.87932e-10 0.00395094 4.24045e-08 0.0029994 2.74643e-10 0.369509 6.51082e-08 2.04119e-10 0.0288937 0.000240527 
0.000284355 0.299794 0.000255131 0.00493856 0.594361 0.00415564 0.000488026 0.000579412 0.00141332 0.00413732 0.000306099 0.000109272 0.00104285 3.60768e-05 0.000143064 0.00112876 0.0435848 0.00389399 4.90239e-07 0.0230569 0.000124737 7.34865e-05 0.00839694 0.00769607 
0.000301443 0.027971 0.00254886 0.0100946 0.353821 0.0107866 0.0119909 0.00193712 0.265307 0.00781011 0.0253198 6.33214e-06 0.00253423 0.00144109 3.80485e-05 0.0214506 0.000293796 0.00945244 5.50161e-10 0.0632385 0.0190062 3.10521e-05 0.0116401 0.152979 
1.31623e-05 0.093847 2.51162e-07 0.00592823 0.784591 1.64557e-05 0.000979892 0.000865954 3.42025e-09 0.000233841 0.00110678 6.49059e-05 0.0314501 0.000210953 0.00012511 0.00157845 2.60181e-06 0.000912121 1.74443e-12 0.0770535 6.12044e-06 1.29649e-12 0.00101015 3.70168e-06 
0.00362488 0.0351794 0.0133213 0.0256459 0.473233 0.111993 0.000621956 0.0168144 0.00123775 0.00828024 3.64416e-05 0.000208522 0.0763751 0.0219861 0.00042426 0.020874 0.00161815 0.0151667 0.00355979 0.107262 0.0225015 2.59689e-07 0.0343386 0.00569605 
0.00132338 0.0820662 0.00796131 0.0344708 0.479833 0.00804259 0.0023183 0.0445439 0.00233616 0.00452478 0.00196015 0.00585051 0.074693 0.0030786 0.0032131 0.0115317 0.00416376 0.0373873 0.000252746 0.138366 0.00499946 8.17841e-05 0.0436605 0.00334143 
0.000212525 0.0380049 0.000274589 0.0132549 0.643721 0.00148951 0.00412829 0.0220027 6.25234e-05 0.00233069 0.00143675 0.00255231 0.0077529 0.000343712 0.000891392 0.00321459 0.00170023 0.0925556 5.29538e-10 0.129634 0.000477101 3.51387e-05 0.0274333 0.00649102 
0.000961233 0.105889 0.00624231 0.0297672 0.293199 0.0276518 0.0161978 0.0475926 0.00360861 0.00125918 0.0161895 0.00457529 0.0775274 0.0131747 0.00326697 0.0077588 0.00328254 0.0224477 1.87072e-05 0.202551 0.0100099 8.55255e-07 0.0850512 0.0217759 
0.0120413 0.0242559 0.00797306 0.0199295 0.207896 0.0361896 0.0131134 0.0732409 0.00527149 0.0452222 0.00501859 0.00479144 0.0669369 0.00129615 0.0183647 0.040778 0.0372591 0.0654049 8.30384e-09 0.036382 0.00795648 0.000127984 0.121738 0.148813 
0.0097237 0.0613736 0.00334151 0.0600917 0.238213 0.0637436 0.0074823 0.01193 0.00022997 0.00582474 0.00334932 0.00158765 0.108037 0.000418305 0.029153 0.0127182 0.015672 0.0687799 1.36302e-07 0.185343 0.0439671 0.000139702 0.0665943 0.00228622 
0.0359137 0.00239905 0.0808445 0.023372 0.331817 0.0141079 0.000131064 0.0621485 6.55485e-05 0.000756245 2.40178e-06 1.32819e-07 0.0688886 0.000478435 1.16112e-05 0.00573905 0.00843786 0.0147432 9.43148e-11 0.237802 0.0149044 0.000276307 0.0955887 0.00157154 
0.00262743 0.101577 0.00142798 0.024778 0.320416 0.0143795 0.0080682 0.0317669 0.00143035 0.00452584 0.016716 0.0100494 0.0267555 0.00335724 0.000400401 0.00594002 0.0185291 0.0748541 1.81014e-06 0.303181 0.00679065 8.75807e-05 0.0172637 0.00507589 
0.000671981 0.0731825 0.000455123 0.31387 0.316912 0.00393625 9.32478e-05 0.0197973 1.06042e-05 0.093898 0.000196899 0.000591346 0.0847071 0.0178996 0.000512011 0.00487344 1.14217e-05 0.0139831 9.19713e-08 0.0496767 0.00143374 0.000151068 0.00307493 6.08418e-05 
0.000123196 0.0157556 0.00794116 1.75713e-07 0.63655 0.00455901 0.0018839 0.00821429 0.000252632 0.00136834 8.84954e-06 0.000105132 0.038929 0.00386131 7.96164e-08 0.0697237 0.00039067 0.00824365 8.56897e-10 0.1749 0.00116286 1.48515e-11 0.0217674 0.00425821 
0.0010552 0.0255508 0.00150843 0.055244 0.476792 0.0130444 0.000590007 0.0437635 0.000190822 0.00190382 9.05076e-06 0.000803128 0.118912 0.000911035 0.000989475 0.0113318 0.00222778 0.0173108 1.08719e-09 0.157161 0.0376791 5.27767e-06 0.0324204 0.000596574 
0.000123196 0.0157556 0.00794116 1.75713e-07 0.63655 0.00455901 0.0018839 0.00821429 0.000252632 0.00136834 8.84954e-06 0.000105132 0.038929 0.00386131 7.96164e-08 0.0697237 0.00039067 0.00824365 8.56897e-10 0.1749 0.00116286 1.48515e-11 0.0217674 0.00425821 
5.30866e-07 0.0755739 0.00181652 0.0321742 0.317496 0.00319451 4.54686e-10 0.0285682 4.63527e-10 0.00285912 0.000281863 0.00277837 0.0643515 3.83507e-07 7.50902e-10 5.41215e-06 6.80167e-07 0.0789182 8.0199e-08 0.0418585 9.15407e-07 8.15578e-10 0.304531 0.0455904 
0.00425486 0.204371 0.000376693 0.0243972 0.291539 0.0208157 0.0163315 0.0375918 0.000311386 0.0208529 0.13671 1.47372e-06 0.0315929 0.00844668 0.000135979 0.00279244 0.00247762 0.00954584 3.36055e-10 0.0953769 0.0060012 4.76631e-05 0.0588349 0.0271949 
3.63891e-05 0.0165659 3.93522e-05 0.00259183 0.702174 0.00185089 0.000152574 0.00144161 1.27287e-05 9.02811e-05 1.65568e-05 2.1051e-08 0.013268 2.99117e-05 1.98901e-06 0.000838871 0.000795872 0.014605 1.3356e-11 0.241815 0.000190478 6.84085e-09 0.00347721 5.22835e-06 
0.00010571 0.0305268 0.000397945 0.0734952 0.392166 0.00862194 0.00138443 0.0204762 0.001008 0.00182766 1.05963e-05 7.69874e-05 0.106306 0.00115457 0.00019245 0.00101262 0.00162608 0.129469 6.27085e-12 0.215957 0.000896984 6.22858e-07 0.0128371 0.000449274 
0.00297882 0.113527 0.00170846 0.0604248 0.343468 0.0202293 0.00522976 0.0273064 0.0108068 0.03913 0.00511523 0.00490254 0.0291393 0.00352855 0.0026044 0.00922416 0.0357059 0.0367499 1.73484e-07 0.162921 0.0056002 0.000132853 0.0267853 0.0527818 
0.00109809 0.0791271 0.000651947 0.111222 0.522229 0.00454018 0.000890556 0.0128262 2.38366e-06 0.0017537 0.0312526 1.05625e-06 0.0347695 0.000401008 0.000705011 0.00122722 0.00189434 0.0489809 1.97172e-07 0.125173 0.00501635 5.00055e-05 0.0150749 0.00111287 
0.00112944 0.0875394 0.0162795 0.0265537 0.531235 0.0657106 0.000372987 0.0021856 0.000628198 0.00725449 1.09207e-05 0.000129015 0.128624 0.00534157 0.000801489 0.00563417 0.00244754 0.00272726 2.64019e-05 0.0417348 0.0197386 4.63262e-09 0.0511469 0.00274881 
3.63891e-05 0.0165659 3.93522e-05 0.00259183 0.702174 0.00185089 0.000152574 0.00144161 1.27287e-05 9.02811e-05 1.65568e-05 2.1051e-08 0.013268 2.99117e-05 1.98901e-06 0.000838871 0.000795872 0.014605 1.3356e-11 0.241815 0.000190478 6.84085e-09 0.00347721 5.22835e-06 
0.00143269 0.0477489 0.00155393 0.0896605 0.323121 0.0244757 0.000508354 0.023158 0.000603106 0.0895811 6.37033e-05 0.000550845 0.113201 0.000450491 0.000103456 0.000285568 0.0149948 0.0403993 1.06744e-08 0.101447 0.00648914 3.58841e-08 0.118826 0.0013454 
0.000607924 0.203753 0.00649921 0.0362799 0.253108 0.0101575 0.00481223 0.088238 0.000263871 0.00477667 0.00101669 0.000370945 0.0980766 0.00283683 0.0121018 0.00623623 0.0373254 0.0394361 4.21474e-07 0.159237 0.0163604 1.27234e-05 0.0176003 0.000891672 
0.000123196 0.0157556 0.00794116 1.75713e-07 0.63655 0.00455901 0.0018839 0.00821429 0.000252632 0.00136834 8.84954e-06 0.000105132 0.038929 0.00386131 7.96164e-08 0.0697237 0.00039067 0.00824365 8.56897e-10 0.1749 0.00116286 1.48515e-11 0.0217674 0.00425821 
0.000425231 0.122938 3.45505e-05 0.0162315 0.579375 0.00205528 0.0245637 0.0160059 0.000126612 0.00837664 0.135174 5.62742e-06 0.00223718 0.00184088 0.000291947 7.22291e-06 0.0206886 0.0222535 2.59045e-10 0.00838411 0.00035021 5.14473e-05 0.035501 0.00308246 
3.3439e-06 0.0236818 4.10654e-06 0.0141629 0.362457 0.000432593 1.59605e-05 0.00194543 9.4706e-08 0.00158105 1.67798e-06 1.34955e-07 0.0973597 0.00537276 0.00118642 2.54701e-07 7.18463e-05 0.146418 5.04875e-10 0.339931 2.79451e-07 1.52775e-07 0.00533839 3.58144e-05 
0.00319613 0.148364 0.000922323 0.0120918 0.18955 0.133301 0.00104421 0.0261096 0.00081353 0.00259186 0.000309289 0.00796288 0.0789084 0.00384144 0.00492596 0.00320396 0.0820385 0.0496526 2.51021e-07 0.0599505 0.00891714 8.66239e-06 0.148967 0.0333291 
0.000135282 0.225438 0.00257944 0.106835 0.440265 0.00349768 0.00223155 0.0082021 0.000357881 0.0234546 0.0375982 0.000734246 0.0250776 0.011924 0.0020905 0.000358739 0.00147821 0.0157762 1.09806e-09 0.0790504 0.00933077 8.45981e-05 0.00315921 0.000342027 
0.000461731 0.0915119 0.00031344 0.0173311 0.797344 0.00254507 1.74363e-05 7.75268e-08 0.000105285 0.000612788 1.60342e-06 2.28183e-05 0.0287796 0.0160761 0.000963068 3.2596e-08 0.000256921 0.00504239 2.61929e-11 0.0341662 0.00349429 5.61718e-09 0.00086234 9.19391e-05 
0.000116927 0.0273002 0.00035645 9.74891e-05 0.562042 0.00350988 4.45923e-05 0.000271065 0.000385602 3.02028e-05 0.000444557 0.000210689 0.00647437 2.87405e-05 9.09394e-07 0.341875 4.94388e-05 0.00325282 3.11882e-08 0.0192487 0.000140594 0.000977253 0.0047503 0.0283925 
0.000731857 0.126993 0.00150592 0.0413177 0.343775 0.0236873 0.032067 0.112847 0.00889841 0.00849235 0.00871136 0.050592 0.0605322 0.00336047 0.000183723 0.000709434 0.0135013 0.0197391 7.09398e-09 0.108446 0.00354635 1.35104e-05 0.0267021 0.00364621 
2.92482e-06 0.0413415 4.07703e-11 0.000346166 0.8995 0.000493268 0.00570209 0.000662435 7.11387e-07 0.00115651 6.99095e-06 0.00115692 0.00043332 2.26667e-05 9.12163e-06 5.73008e-08 5.28492e-05 0.0102837 1.31795e-10 0.0340207 5.92037e-05 8.93797e-07 0.00387727 0.000871086 
0.000785601 0.00111045 0.000195405 3.31865e-08 0.447243 0.00868727 0.000143867 2.8582e-12 9.29262e-06 0.000224494 2.23669e-08 1.19093e-11 0.0235538 0.000326364 1.21225e-07 3.26651e-08 0.000747979 0.0676216 2.84248e-11 0.396718 0.000573706 8.242e-06 0.0497456 0.00230531 
0.000392152 0.0182214 0.00161279 0.0419484 0.778416 0.00516325 0.000345339 0.0128095 6.11045e-05 0.0129355 0.00334089 8.3449e-08 0.0261914 0.00092544 0.000244779 0.00110913 0.00117923 0.0740631 4.6445e-09 0.0187323 0.00173813 3.07223e-06 0.000467549 9.99425e-05 
5.41643e-06 3.9266e-05 8.49822e-10 2.62552e-06 0.999751 1.00447e-06 1.13826e-09 1.58837e-05 1.1604e-09 6.86281e-10 1.79372e-06 1.15099e-09 3.46107e-05 8.58521e-10 1.87981e-09 7.88501e-05 2.74948e-10 3.75274e-10 2.74715e-09 5.30903e-05 1.05227e-05 2.04172e-09 2.62064e-06 3.77557e-06 
0.00286722 0.114926 0.00721099 0.0267753 0.33423 0.0300712 0.00302297 0.015768 0.00143863 0.003687 0.00542201 0.000684803 0.158128 0.011836 0.01079 0.0800084 0.00269645 0.0179942 0.000809298 0.111908 0.00550968 2.15977e-06 0.0439772 0.0102368 
0.000264675 0.100247 0.000237111 0.0503182 0.589292 0.0208429 0.0161151 0.00930756 0.00541173 0.00643169 0.00138267 0.000553368 0.0841098 0.00372346 0.00351955 0.00500869 0.000449957 0.0283706 4.97807e-10 0.0504234 0.0182085 3.18993e-07 0.00397207 0.00180997 
0.00146608 0.0684952 0.0178065 0.00434443 0.352459 0.0280523 0.0399898 0.0653989 0.00360648 0.000423863 6.93762e-05 0.000523173 0.0282933 0.0020405 0.000566427 0.0324945 0.0014245 0.0613212 0.00333497 0.22295 0.0189607 4.49074e-06 0.0245526 0.021422 
0.000347853 0.0010066 0.00264122 4.73152e-11 0.9098 0.0170355 3.67223e-05 5.03452e-05 0.00132441 9.10927e-08 1.69109e-05 0.000173932 0.0150898 0.00182295 1.69071e-07 0.00104781 0.000113063 0.00265373 1.0916e-07 0.0156907 0.000547555 9.35536e-08 0.0119729 0.0186277 
0.00198661 0.151376 0.0150696 0.0403592 0.422203 0.0153872 0.0098878 0.0138865 0.0162293 0.00529135 0.00446461 0.0105379 0.0897398 0.00744442 0.00223001 0.0764778 0.00759911 0.00975161 0.000487874 0.0685701 0.00425199 1.53486e-05 0.0123259 0.0144263 
0.0162364 0.00808284 0.000255409 2.13913e-05 0.479237 0.0100958 0.000286681 0.00182524 1.62023e-07 0.00378704 6.88452e-07 2.96732e-06 0.028374 0.055146 3.53217e-08 0.027471 7.5426e-05 0.0472929 5.48342e-10 0.026497 0.00276816 1.81565e-05 0.191122 0.101404 
0.000584566 0.0129589 0.000536575 2.30007e-05 0.544389 0.00591566 0.000684936 0.00205501 4.87776e-05 0.00036828 5.22068e-05 1.52699e-08 0.0592455 0.00221891 5.93464e-05 0.017535 0.00232655 0.0415077 2.241e-10 0.231907 0.00100895 2.737e-05 0.069707 0.00683911 
0.0037741 0.0232916 0.0010185 0.00307882 0.435143 0.0142291 3.09819e-05 0.00980558 0.000146681 0.000194781 4.92424e-06 0.00077472 0.05974 8.18636e-05 6.45967e-05 0.00141788 0.00011807 0.000287674 1.15076e-11 0.416998 0.0171062 3.9172e-09 0.0119054 0.000787778 
0.000392152 0.0182214 0.00161279 0.0419484 0.778416 0.00516325 0.000345339 0.0128095 6.11045e-05 0.0129355 0.00334089 8.3449e-08 0.0261914 0.00092544 0.000244779 0.00110913 0.00117923 0.0740631 4.6445e-09 0.0187323 0.00173813 3.07223e-06 0.000467549 9.99425e-05 
0.00108106 0.0892506 0.0225896 0.0389575 0.333644 0.15177 0.0033808 0.0157756 0.00157656 0.0254167 0.000118198 0.00130397 0.0459363 0.101188 0.0057964 0.00770448 0.0172845 0.0102345 0.00148858 0.056494 0.0121483 1.36923e-05 0.0466116 0.0102355 
0.000967497 0.0179697 0.00711268 0.273152 0.30092 0.0446747 0.0434717 0.0637155 0.000409669 0.0110735 9.6904e-05 0.0247715 0.0435478 0.00326442 0.000147072 0.000262622 0.000118473 0.0303415 1.08542e-05 0.00538971 0.00385877 0.000382683 0.0863788 0.0379612 
4.9112e-06 0.111169 1.49448e-10 0.0299324 0.75349 0.00109237 4.50945e-05 0.0671374 9.83013e-06 0.000658825 5.45383e-05 0.00199724 0.0035439 5.58082e-07 0.00831059 2.86933e-08 0.016574 0.000354386 4.83108e-10 0.00265561 1.92369e-05 9.94308e-07 0.00268851 0.000260533 
0.00147538 0.0764811 0.297194 0.0058192 0.492181 0.0195919 8.38178e-05 6.18963e-05 5.93228e-05 6.86615e-05 1.80564e-05 2.8467e-05 0.0335523 0.000246281 0.000748388 0.000993282 0.00131441 0.000677328 6.10314e-06 0.0302244 0.0122494 1.46352e-05 0.0268598 5.07668e-05 
7.58635e-05 0.0380632 0.0400508 0.00260334 0.498708 0.0167529 0.00900561 0.00256924 0.000831948 0.00207019 0.00121401 0.000303293 0.0211462 0.000860551 0.000146987 0.0173296 0.00434495 0.0216039 7.31325e-06 0.123277 5.37245e-05 5.17858e-06 0.00674565 0.192231 
0.00247637 0.0409985 0.00543909 0.0436365 0.25586 0.0219326 0.0102922 0.0307208 0.00140607 0.00524692 0.00264869 0.0492557 0.17618 0.00519418 0.00111282 0.0330333 0.00734126 0.0620262 0.00041018 0.213801 0.00578209 0.000738622 0.0203856 0.00408042 
2.48774e-05 0.0225056 1.50851e-05 0.0335894 0.551723 0.000123912 8.51315e-05 0.0447452 4.98608e-06 0.00254573 2.13873e-06 2.81077e-06 0.0574347 0.000442321 3.34089e-08 0.00116536 1.15146e-05 0.00118633 1.63309e-11 0.283279 0.000304297 3.98476e-08 0.00080764 7.24684e-07 
0.00336649 0.0434151 0.000262578 0.131722 0.226788 0.0371235 0.00639456 0.0307927 0.00366245 0.0184853 0.013707 0.00331123 0.0366541 0.0037107 0.00129975 0.00775691 0.0214911 0.192599 1.19674e-07 0.124369 0.00285199 1.91482e-05 0.0387296 0.0514881 
0.00719128 0.0604545 0.0227093 0.0338345 0.343161 0.0265732 0.00290231 0.00311463 0.00104534 0.00153477 0.00655342 0.00740985 0.307223 0.000976859 0.00392229 0.0230207 0.0270949 0.0474916 1.20125e-11 0.0623511 0.00178618 2.63278e-06 0.00742778 0.00221844 
0.000386058 0.0320436 0.000478017 0.166038 0.605995 0.0222481 0.00113825 0.00262535 0.000615752 0.0026824 0.000263302 0.000152471 0.00240385 3.27402e-05 0.000110785 4.17231e-05 0.00740901 0.00638179 1.16039e-09 0.0676754 0.022097 0.00138988 0.0352442 0.0225477 
7.58635e-05 0.0380632 0.0400508 0.00260334 0.498708 0.0167529 0.00900561 0.00256924 0.000831948 0.00207019 0.00121401 0.000303293 0.0211462 0.000860551 0.000146987 0.0173296 0.00434495 0.0216039 7.31325e-06 0.123277 5.37245e-05 5.17858e-06 0.00674565 0.192231 
0.000190529 0.11184 0.00282203 0.00997392 0.537879 0.0271399 0.00323379 0.00124489 0.00431138 0.00264123 0.0371696 0.000207162 0.124177 0.00112511 0.00170482 0.0276775 0.00700288 0.00169082 4.87949e-09 0.0655775 0.00177894 3.62651e-09 0.0295311 0.00108145 
0.000763509 0.2175 0.00130799 0.0345491 0.282833 0.0218205 0.00196388 0.0245917 0.000147627 0.0194254 0.0264563 0.0228526 0.0852155 0.00508929 0.00146319 1.7683e-05 0.0319755 0.0327953 4.60093e-06 0.0463505 0.0701925 1.26548e-05 0.0118471 0.060825 
1.41985e-05 0.123275 0.00253562 0.0203346 0.267481 0.0107249 0.00471135 0.00607705 0.00976354 8.76125e-05 0.132003 0.000123477 0.0170146 0.00249906 0.00049286 5.62874e-05 0.00769379 0.034806 8.29921e-06 0.0944975 2.10041e-05 2.38626e-05 0.100015 0.16574 
0.000102915 0.054585 5.2424e-05 0.00760415 0.526884 0.000226814 8.50633e-05 0.000414402 3.13253e-06 0.000332982 8.80132e-08 8.60134e-05 0.146818 0.0011353 0.000249674 0.00111645 0.000485982 0.0095941 2.18866e-13 0.244374 7.182e-05 2.44712e-10 0.00577005 8.02359e-06 
0.00156941 0.0504639 0.0118207 0.018634 0.338284 0.0230665 0.000523092 0.0150982 0.00154917 0.000761575 3.7789e-05 0.00276677 0.0579826 0.00329765 0.00275385 0.0384157 0.0188412 0.00891473 1.79648e-06 0.309229 0.00591887 5.08285e-06 0.0858871 0.00417664 
0.00175788 0.152989 0.000228691 0.0225254 0.349651 0.0126627 0.0872676 0.00163428 0.013699 0.000866083 0.134709 0.00384927 0.0149992 0.000259869 0.00131691 0.00364654 0.0406365 0.00922927 1.76739e-09 0.140576 0.0030697 2.72289e-11 0.00391096 0.000515043 
0.000544005 0.0790552 0.00475881 0.0318865 0.569817 0.0127252 0.00140798 0.0232378 0.000233301 0.00623022 0.000555366 0.000526811 0.0719353 0.000365818 0.00216227 0.00443227 0.000569703 0.0174759 1.05481e-09 0.118967 0.033513 9.54551e-06 0.0145749 0.00501531 
2.09412e-06 0.0372075 4.71933e-11 0.0002473 0.909957 0.000481769 0.00373108 0.00723914 5.11601e-07 0.000826181 5.58718e-06 0.000826678 0.00127328 0.000147067 6.5329e-06 0.00105553 3.7804e-05 0.00599524 1.52558e-10 0.0282891 0.000166398 6.43698e-07 0.00188124 0.000622297 
0.00124878 0.0683776 0.00605197 0.0585669 0.217933 0.0119851 0.00527135 0.0201316 0.000103093 0.011425 0.00636552 0.0582288 0.0744172 0.0109849 0.00310715 6.35753e-07 0.00567703 0.169325 5.32002e-10 0.193564 5.98958e-05 2.19165e-05 0.0526851 0.0244677 
0.00262939 0.0568327 4.5453e-05 0.0507123 0.163922 0.026377 0.00402928 0.117684 0.0765209 0.00225417 0.0509157 0.0574362 0.0504619 0.00408495 0.0515348 0.000909379 0.0320771 0.0716489 1.13405e-11 0.162717 0.0026135 1.51705e-05 0.0130834 0.00149493 
0.000347853 0.0010066 0.00264122 4.73152e-11 0.9098 0.0170355 3.67223e-05 5.03452e-05 0.00132441 9.10927e-08 1.69109e-05 0.000173932 0.0150898 0.00182295 1.69071e-07 0.00104781 0.000113063 0.00265373 1.0916e-07 0.0156907 0.000547555 9.35536e-08 0.0119729 0.0186277 
0.000939971 0.0521444 0.00260846 0.0100158 0.578784 0.0227171 0.00252802 0.0129378 0.000621885 0.00431241 0.0256026 0.000356848 0.0869883 0.000339698 0.0030698 0.00340322 0.0163073 0.00729187 2.57597e-11 0.12017 0.0151976 1.42978e-05 0.0325482 0.0011 
0.00289145 0.10467 0.00609801 0.0300498 0.403464 0.0175721 0.00222088 0.0318794 0.000472459 0.00664966 0.00662225 0.00105284 0.0628773 0.00243289 0.00146472 0.0056347 0.0107577 0.0503649 1.14926e-05 0.200033 0.00462406 4.40856e-05 0.0423233 0.00578932 
0.000420653 0.0495657 0.000114632 0.0228432 0.407791 0.0190892 0.00551795 0.0575203 0.000595836 0.000905831 0.000423032 0.0429028 0.188641 3.77674e-05 9.60256e-06 0.00329604 0.000176758 0.0241944 7.72469e-12 0.162849 0.000647505 7.13785e-07 0.0123367 0.000120859 
0.0212407 0.100033 0.0239257 0.0027554 0.228683 0.105966 0.000694428 0.00130272 8.24593e-05 3.61218e-07 5.82376e-06 0.000747841 0.16779 0.0101406 0.000277172 0.225957 0.0318232 0.00447413 2.50031e-05 0.0351949 0.0264984 0.00020841 0.00863459 0.00354013 
0.000644255 0.105961 9.6464e-07 0.000730863 0.704236 0.0301021 0.000143547 5.97923e-06 0.000233922 0.00101743 0.000118602 1.06709e-05 0.0173651 0.000760423 0.00284781 0.000991871 0.00363529 0.0049623 0.02046 0.00600273 0.00163202 0.000200529 0.0712713 0.0266649 
0.000202925 0.033941 0.0017879 0.0242024 0.452249 0.00639904 6.44508e-05 0.00424657 0.000659348 0.0220267 0.00544825 2.55958e-05 0.281159 0.02254 0.0801065 0.015772 0.00139216 0.00029333 1.10758e-09 0.0365799 0.00423403 1.43505e-05 0.00660453 5.06207e-05 
0.00093111 0.0631074 0.000593083 0.0336152 0.329513 0.0331889 0.00170123 0.0261762 0.00986605 0.00609068 0.000106776 0.00424752 0.221878 0.000897741 0.000150556 0.013031 0.00540698 0.0116046 3.69537e-07 0.196033 0.0084976 6.87664e-05 0.0237209 0.00957383 
5.25078e-05 0.0766212 0.00850244 0.0104866 0.22408 0.0302538 0.00971178 0.00146143 0.012232 0.142725 0.000684688 0.00279318 0.00729158 7.08096e-07 4.31328e-07 0.00887456 0.00215683 0.179252 6.59869e-10 0.0187132 0.000150207 4.90425e-10 0.13853 0.125426 
0.0062039 0.0246086 0.00907287 0.0436961 0.354908 0.0155293 0.000506123 0.0383077 0.00121118 0.00399359 1.05794e-05 0.000375191 0.155132 0.0148633 0.000796713 0.0347956 0.00904661 0.151949 7.40898e-09 0.0879661 0.0153951 1.14823e-07 0.0287218 0.00291094 
7.58635e-05 0.0380632 0.0400508 0.00260334 0.498708 0.0167529 0.00900561 0.00256924 0.000831948 0.00207019 0.00121401 0.000303293 0.0211462 0.000860551 0.000146987 0.0173296 0.00434495 0.0216039 7.31325e-06 0.123277 5.37245e-05 5.17858e-06 0.00674565 0.192231 
0.0162364 0.00808284 0.000255409 2.13913e-05 0.479237 0.0100958 0.000286681 0.00182524 1.62023e-07 0.00378704 6.88452e-07 2.96732e-06 0.028374 0.055146 3.53217e-08 0.027471 7.5426e-05 0.0472929 5.48342e-10 0.026497 0.00276816 1.81565e-05 0.191122 0.101404 
0.00590045 0.182623 0.00207498 0.0197623 0.527351 0.0171257 0.00618439 0.00583577 0.000490732 0.00204036 0.0124788 0.00424686 0.0340554 0.000958263 0.00978794 0.0458141 0.0106051 0.0104366 4.00825e-06 0.0631138 0.00481693 1.07161e-06 0.0167667 0.0175259 
7.58635e-05 0.0380632 0.0400508 0.00260334 0.498708 0.0167529 0.00900561 0.00256924 0.000831948 0.00207019 0.00121401 0.000303293 0.0211462 0.000860551 0.000146987 0.0173296 0.00434495 0.0216039 7.31325e-06 0.123277 5.37245e-05 5.17858e-06 0.00674565 0.192231 
0.0162364 0.00808284 0.000255409 2.13913e-05 0.479237 0.0100958 0.000286681 0.00182524 1.62023e-07 0.00378704 6.88452e-07 2.96732e-06 0.028374 0.055146 3.53217e-08 0.027471 7.5426e-05 0.0472929 5.48342e-10 0.026497 0.00276816 1.81565e-05 0.191122 0.101404 
7.32305e-06 0.0672216 0.00929708 0.00459966 0.784092 0.00401564 0.000343596 0.00227154 6.42987e-06 0.000598252 0.000428075 2.33524e-06 0.0276225 0.0141868 1.34238e-06 0.0039862 1.07755e-05 0.00026817 8.57549e-09 0.0781458 0.000225581 2.98713e-08 0.00263137 3.75154e-05 
2.79443e-05 0.101453 0.000311927 0.129364 0.593378 0.000949952 9.4858e-05 0.0147283 3.65357e-07 0.00488072 2.34104e-05 5.20047e-07 0.0538253 0.00169582 0.000277453 4.81135e-05 0.0001502 0.0163315 5.12026e-09 0.0717131 0.000168802 6.07436e-06 0.0105689 1.61552e-06 
3.58674e-05 0.127026 0.0144843 0.0439772 0.69052 0.00173475 1.92873e-05 0.00548627 1.10029e-05 0.00137416 0.000366488 1.89433e-05 0.0129011 0.0217691 0.000232899 0.00347358 5.77911e-05 0.0160318 1.09851e-08 0.0598308 4.27174e-05 4.46384e-08 0.000439752 0.000166193 
0.000347853 0.0010066 0.00264122 4.73152e-11 0.9098 0.0170355 3.67223e-05 5.03452e-05 0.00132441 9.10927e-08 1.69109e-05 0.000173932 0.0150898 0.00182295 1.69071e-07 0.00104781 0.000113063 0.00265373 1.0916e-07 0.0156907 0.000547555 9.35536e-08 0.0119729 0.0186277 
0.00762242 0.0112815 0.00213737 1.40673e-07 0.233361 0.0421626 0.00396439 1.40671e-07 0.00160267 1.40626e-07 0.0025319 1.40575e-07 0.0559177 0.00499169 0.00318935 0.00198277 0.233191 0.0738045 1.40397e-07 0.207302 0.0113796 0.000323234 0.0984014 0.00485212 
2.19534e-05 0.115389 0.000460066 0.1231 0.44677 0.000636011 0.000103591 0.00680465 2.00884e-10 0.0156512 0.0015784 9.45032e-07 0.0812521 0.00229299 2.71354e-05 0.00350144 1.22368e-05 0.0732621 4.75578e-10 0.112142 0.00014303 3.53457e-10 0.0168401 1.08329e-05 
0.00242436 0.0296083 0.00112476 0.0166472 0.355656 0.165388 0.00037335 0.00340192 0.0608044 0.00026815 9.77847e-07 0.0244772 0.0582739 0.000682746 6.31645e-08 0.0122072 0.00383322 1.00511e-06 1.85159e-10 0.0524489 0.00171562 1.46077e-06 0.0843888 0.126272 
0.0072677 0.0732647 0.00114225 0.041818 0.298145 0.0182352 0.000118893 0.00980467 5.63842e-08 0.00294131 1.0163e-05 2.7198e-06 0.0909138 0.000581239 0.00376746 2.61846e-05 0.0214925 0.0136095 1.30224e-11 0.198488 0.023824 1.44799e-06 0.190978 0.00356638 
0.00278699 0.0819001 0.00442612 0.0154479 0.391509 0.0183527 0.00427098 0.00997482 0.000286414 0.00343836 0.000834622 0.00198799 0.0457021 0.00265877 0.0014923 0.0200523 0.0114994 0.0681693 5.17971e-06 0.246757 0.0138586 0.00193375 0.0413135 0.0113419 
0.00196316 0.0697903 0.00349161 0.00981569 0.448649 0.0283089 0.0217882 0.01194 0.00196393 5.59351e-05 0.113386 0.0471018 0.0244027 0.00272398 0.0132115 0.00129594 0.00205428 0.0599771 9.60579e-06 0.0501946 0.000520419 9.50349e-06 0.0615623 0.0257838 
6.15346e-05 0.202399 5.57873e-06 0.0757651 0.397014 0.000304733 0.00136892 0.00848795 7.63159e-05 0.00163271 0.0795199 0.000172643 0.0368853 0.00699 0.00140099 0.00853599 0.00315581 0.00863554 5.86166e-10 0.165189 1.36932e-05 5.22301e-08 0.0021263 0.000258569 
9.15712e-06 0.00762117 7.72961e-07 0.000416852 0.914772 9.92862e-05 4.36476e-07 0.00122952 1.61814e-08 6.51628e-06 5.89269e-06 4.99742e-09 0.0166614 7.61682e-05 1.94729e-09 0.0129726 1.63516e-06 5.70782e-09 1.23369e-12 0.0454097 0.000200471 9.40141e-10 0.000349013 0.000166983 
5.9517e-05 0.00110837 0.021797 5.60358e-08 0.450554 0.0127335 0.000853778 0.00375439 6.0873e-09 0.000624181 1.01697e-05 0.0126256 0.0212397 0.00752599 0.000164937 0.0147682 0.00117601 0.107211 9.86506e-08 0.224594 0.00212289 2.78624e-06 0.106685 0.0103878 
0.000347853 0.0010066 0.00264122 4.73152e-11 0.9098 0.0170355 3.67223e-05 5.03452e-05 0.00132441 9.10927e-08 1.69109e-05 0.000173932 0.0150898 0.00182295 1.69071e-07 0.00104781 0.000113063 0.00265373 1.0916e-07 0.0156907 0.000547555 9.35536e-08 0.0119729 0.0186277 
4.29807e-05 0.0232509 1.80543e-06 0.00668955 0.732864 0.000366578 8.16734e-05 0.00207889 9.68156e-07 0.00162177 2.38746e-08 2.24117e-05 0.0873829 0.00170416 4.34884e-07 0.000273905 2.81905e-06 0.00425139 9.74698e-11 0.122612 0.00018578 7.24411e-11 0.0165564 7.71764e-06 
0.000808623 0.0976342 0.024741 0.00319154 0.544279 0.0285468 0.0186739 0.00220785 0.00132539 0.00260163 0.00149633 0.000145821 0.0166524 0.000714579 0.00180768 0.00737447 0.0177886 0.0211111 2.91695e-06 0.0936185 0.000173662 7.48153e-06 0.0168855 0.0982113 
0.00433494 0.0551528 0.000665228 0.0669495 0.257385 0.0419633 0.00194355 0.0463246 0.000306632 0.0157233 9.24291e-05 0.00151155 0.0373531 0.000795906 0.000111752 0.013474 0.0156787 0.0631338 6.88395e-06 0.189007 0.0182752 0.000147943 0.159352 0.01031 
0.000262277 0.123314 0.000688737 0.0121847 0.319213 0.0613887 7.73262e-05 0.00202646 0.00444133 0.041689 0.00443895 0.00080008 0.110541 0.00494199 0.010445 0.0115141 5.29795e-05 0.0106507 5.51028e-08 0.0253342 0.000874022 1.66397e-06 0.0114487 0.243672 
0.00901289 0.0907006 0.0115755 0.0234014 0.275011 0.197036 0.00767218 0.0672115 0.0081211 0.000540154 0.00140109 0.00866029 0.0177942 0.0201689 0.00187196 0.0134638 0.00921358 0.0456865 0.0104653 0.0142613 0.0113004 6.5923e-06 0.0579317 0.0974924 
0.0044781 0.114868 0.00942285 0.0888422 0.364552 0.0280616 0.00721416 0.0201735 0.00796891 0.0116187 0.0118723 0.0182909 0.0519159 0.0108171 0.0050457 0.0172877 0.0154642 0.0310322 0.000122596 0.054358 0.0117619 3.84191e-05 0.0389416 0.0758512 
0.00485634 0.0411601 0.087346 0.0182566 0.307914 0.0708231 0.000154649 0.00596829 0.000917996 0.000371389 7.79131e-06 0.0168857 0.0134511 0.179696 0.000156745 0.0155504 0.00117203 0.0097784 2.02688e-07 0.0197215 0.0125536 1.73007e-07 0.173918 0.0193399 
0.000347853 0.0010066 0.00264122 4.73152e-11 0.9098 0.0170355 3.67223e-05 5.03452e-05 0.00132441 9.10927e-08 1.69109e-05 0.000173932 0.0150898 0.00182295 1.69071e-07 0.00104781 0.000113063 0.00265373 1.0916e-07 0.0156907 0.000547555 9.35536e-08 0.0119729 0.0186277 
0.000347853 0.0010066 0.00264122 4.73152e-11 0.9098 0.0170355 3.67223e-05 5.03452e-05 0.00132441 9.10927e-08 1.69109e-05 0.000173932 0.0150898 0.00182295 1.69071e-07 0.00104781 0.000113063 0.00265373 1.0916e-07 0.0156907 0.000547555 9.35536e-08 0.0119729 0.0186277 
0.000480118 0.0856605 0.00459246 0.118068 0.247517 0.0265647 4.61316e-05 0.135713 0.0135881 0.027561 0.0261601 2.40977e-05 0.121447 0.0160794 0.048305 0.0444129 0.00112506 0.000360522 1.43998e-06 0.0591034 0.00951135 3.02485e-05 0.0126161 0.0010338 
0.000988835 0.0905106 0.0059953 0.00635208 0.497083 0.012057 0.00670296 6.59821e-05 0.0223167 0.0024026 0.00754071 4.08367e-09 0.136012 0.00347724 7.3749e-06 0.000149876 2.59739e-05 0.00747884 6.18106e-08 0.121361 0.00121859 3.20728e-06 0.0782226 2.69687e-05 
