0.171329 0.00175964 6.81014e-05 0.00140157 0.000382059 0.415669 0.00329457 0.00667022 6.27509e-06 2.944e-09 1.74391e-05 4.04079e-10 0.000292633 1.34748e-06 0.00022529 3.86254e-12 0.32097 0.000115557 1.30133e-11 0.0201951 0.0570403 4.67215e-07 0.000445741 0.000116193 
0.0792238 0.0118451 0.000769738 0.0315081 0.00639183 0.774138 0.00304308 0.0091585 0.000277879 0.000811069 0.00134317 0.00297537 0.000574226 0.000261989 1.26709e-05 9.25511e-08 0.018534 0.0199812 3.23742e-10 0.00192442 0.0232288 2.4061e-10 0.0126347 0.00136236 
0.204444 0.012828 0.0314057 0.026655 0.00775794 0.304552 0.0260279 0.000934184 0.000115266 0.000606643 8.19951e-06 3.5165e-07 0.00456735 0.000241141 9.36245e-06 2.02928e-05 2.94501e-06 0.0483173 8.39308e-07 0.044252 0.103005 4.78122e-05 0.110882 0.0733185 
0.026233 0.0467203 0.00587102 0.0279873 0.0134618 0.31826 0.000228986 0.107694 0.000358708 0.00344754 2.02597e-05 0.000709398 0.101573 0.00764809 0.00203697 0.00536529 0.0900055 0.0152658 1.9438e-05 0.12276 0.0630823 2.88887e-06 0.0388189 0.00242936 
0.112935 0.00759571 0.0115716 0.017841 0.0127854 0.381592 0.00139493 0.021636 0.0118302 0.00863833 0.000692509 0.00194005 0.0181686 0.00489011 0.0856802 0.00358808 0.0450784 0.0119974 1.47111e-06 0.0250804 0.167802 0.000187675 0.043458 0.00361414 
0.0343649 0.0259426 0.00253594 0.106227 0.0137988 0.361612 0.000640669 0.052142 0.000554173 0.00191532 0.000583649 0.00386316 0.00710819 0.00626189 0.00878182 0.000255748 0.0954822 0.0486824 2.4365e-09 0.0488987 0.112583 8.24446e-08 0.0673542 0.000410318 
0.0359082 0.02587 0.0142118 0.0447389 0.00438285 0.430187 1.28615e-05 0.206224 8.73974e-10 4.12458e-05 3.29424e-10 8.6689e-10 9.73688e-08 0.0197367 8.83284e-06 0.000303056 0.00148185 0.118782 2.06907e-09 0.0285085 0.0619251 1.53776e-09 0.00738447 0.000292999 
0.00322275 0.00565788 0.00596757 0.111552 0.00293696 0.322443 0.000531748 0.105473 7.63595e-05 0.00383927 0.0224105 0.000387028 0.034671 0.00811701 3.44392e-05 0.00427812 0.00635685 0.0357717 9.54724e-08 0.0277518 0.0188472 9.55306e-07 0.272338 0.00733368 
0.171329 0.00175964 6.81014e-05 0.00140157 0.000382059 0.415669 0.00329457 0.00667022 6.27509e-06 2.944e-09 1.74391e-05 4.04079e-10 0.000292633 1.34748e-06 0.00022529 3.86254e-12 0.32097 0.000115557 1.30133e-11 0.0201951 0.0570403 4.67215e-07 0.000445741 0.000116193 
0.0151037 0.0659713 3.08365e-05 0.00237587 0.000969602 0.460036 0.0904708 0.0585515 0.00165858 1.83769e-06 0.000106673 6.41695e-06 0.000522083 3.95295e-06 4.63674e-06 3.56381e-09 0.0132472 0.122294 1.20068e-08 0.052077 0.000475032 3.97451e-05 0.0379301 0.0781231 
0.0446141 0.0240611 0.0116304 0.0125752 0.00768037 0.597371 0.000842494 0.00171076 0.0600445 0.00125361 0.000140035 0.00847648 0.0396234 0.000665261 2.05919e-05 4.32072e-05 0.0559059 0.00509672 8.89875e-07 0.0295472 0.0635475 0.00024099 0.0343132 0.000595456 
0.0115774 0.000656953 0.000751093 0.0505225 0.00156225 0.78525 1.58424e-05 0.00104434 0.000293728 0.0384964 2.08144e-06 0.00107419 0.00334729 0.0141508 0.000983303 0.000745413 5.45867e-05 0.00704949 1.30732e-05 0.0115539 0.0603022 9.71621e-06 0.0105405 2.76377e-06 
0.00684803 0.00894256 0.00144835 0.0333736 0.00164571 0.441376 0.004105 2.76806e-07 0.00776195 2.41914e-06 1.62446e-07 1.78502e-10 0.00300877 0.0147119 2.91532e-10 8.32244e-08 0.00263444 0.206495 8.26149e-07 0.0871906 0.00751133 2.38116e-07 0.0121858 0.160756 
0.0140922 0.160924 0.00809757 0.042708 0.0884084 0.285955 0.00468237 0.0121596 0.000400504 0.00700345 0.00650093 0.018458 0.0664995 0.0117692 0.0107879 0.105197 0.0020991 0.0416483 2.01407e-10 0.0544681 0.00782466 0.000309977 0.040337 0.00966974 
0.0171179 0.0131386 0.0265887 0.00628793 2.0624e-11 0.795218 4.92341e-07 0.0101083 9.34067e-09 9.8139e-08 9.65071e-05 8.88137e-11 5.65832e-05 1.07462e-05 4.94703e-07 0.000163718 0.0408891 8.49776e-09 5.22629e-08 0.00807168 0.0687487 2.71861e-06 0.000198696 0.0133008 
0.171329 0.00175964 6.81014e-05 0.00140157 0.000382059 0.415669 0.00329457 0.00667022 6.27509e-06 2.944e-09 1.74391e-05 4.04079e-10 0.000292633 1.34748e-06 0.00022529 3.86254e-12 0.32097 0.000115557 1.30133e-11 0.0201951 0.0570403 4.67215e-07 0.000445741 0.000116193 
0.0803571 0.000489158 0.000170248 0.0697769 0.00306595 0.386499 4.27691e-05 0.104671 0.00164314 0.00779235 7.43087e-06 0.000373643 0.0119859 0.00494701 0.000196431 0.000196489 0.0974345 0.00231304 1.18585e-09 0.0293888 0.166521 3.32486e-07 0.0310335 0.00109532 
0.053939 0.0064109 0.00171479 0.00465633 7.23245e-05 0.804005 0.000243612 0.00317971 1.76846e-05 2.83477e-08 4.69539e-05 4.30423e-10 0.00292279 0.000285493 0.00110183 2.31838e-07 0.054492 0.000778862 1.02732e-09 0.00254254 0.0435406 6.94647e-05 0.0131926 0.00678762 
0.0158888 0.000349624 0.0171499 0.0223916 0.00050089 0.740832 0.00255822 0.00401366 7.19014e-09 0.000712905 1.46611e-10 3.85812e-10 0.000799227 0.021279 0.000246453 0.000225491 0.0387322 0.0121308 9.20845e-10 0.0183634 0.101939 1.16364e-05 0.00163842 0.00023641 
0.00169433 0.00712456 0.200719 0.00514985 1.09847e-05 0.4536 5.72337e-08 0.0247562 4.09766e-07 0.00224028 1.86662e-05 1.84598e-07 0.00261408 2.10757e-07 6.48386e-10 0.0571938 0.0403102 0.000847801 5.21986e-06 0.0362315 0.041597 8.41235e-08 0.00626926 0.119616 
0.00161831 0.00879699 0.00792697 0.00094898 0.00291869 0.746759 0.0236522 0.0308337 0.000169502 0.000171533 0.000159632 0.00133834 0.00649801 0.00328069 7.21067e-09 0.00233883 0.00306072 0.000360473 3.32807e-08 0.0104373 0.122977 8.4943e-08 0.0201697 0.00558347 
0.0407462 0.00280322 0.00224696 1.71324e-07 0.001564 0.369357 0.313137 0.0489582 0.000196152 0.000377625 0.000678209 1.01299e-11 0.0205694 1.10747e-06 5.0972e-09 0.000944482 0.0626151 0.059879 2.41777e-11 0.0302102 0.0216765 2.60945e-05 0.00845676 0.015557 
0.034138 0.0339268 0.00379697 0.00333015 0.00077763 0.689238 0.000427295 0.0320694 0.000775471 5.88499e-08 8.64267e-05 0.00246309 0.00138559 9.13567e-05 0.000940181 1.34964e-10 0.000574329 0.00015294 4.54707e-10 0.08472 0.0339296 0.000479955 0.00426792 0.072429 
0.0495516 0.0142621 0.0311828 0.0375679 0.00207417 0.381879 0.000230965 0.0352894 0.000370211 0.00122475 0.000164693 2.97217e-05 0.00773746 0.00658379 0.00840233 0.000174263 0.00987524 0.024994 0.00153204 0.0388489 0.294979 7.73071e-05 0.042072 0.0108967 
0.133134 0.00194395 0.00804385 0.0160117 0.00035587 0.687491 3.34641e-06 0.0260429 7.91454e-06 2.22803e-07 7.97954e-07 1.86705e-07 0.000876153 3.23485e-05 4.54861e-05 0.000331648 0.0650837 7.08878e-05 1.96624e-08 0.0235616 0.025051 1.83818e-07 0.0104727 0.00143826 
0.0210789 0.00362588 0.0898223 0.00139546 0.00393855 0.377883 0.0687653 0.222498 0.0276404 2.21282e-05 0.000178335 4.41404e-05 0.00848081 2.16229e-05 5.98013e-05 0.00338359 0.0745095 5.89241e-05 6.98621e-08 0.0386067 0.02737 1.98568e-07 0.0298441 0.000771875 
0.128258 0.00382614 0.000120485 0.104886 0.0107718 0.195014 0.00068256 0.0763645 1.21555e-07 0.0130858 2.2984e-06 7.76847e-12 0.054578 0.00452996 1.26876e-11 5.50341e-12 0.0186635 0.0208063 1.85415e-11 0.182191 0.0587976 3.06114e-09 0.12709 0.000332294 
0.0155816 0.0334805 0.000755152 0.0028514 0.0111853 0.355672 0.0028029 0.00271884 0.080768 1.42852e-05 0.00137983 0.0145365 0.0074815 2.07872e-07 7.99854e-05 2.50194e-06 0.00332736 0.00709172 2.28546e-09 0.0209293 0.00904929 0.000127197 0.0789935 0.351171 
0.00437143 0.00744139 0.00011452 0.00199819 0.00591127 0.653041 0.000261984 0.113075 9.96988e-06 6.70636e-05 2.59655e-05 0.000397276 0.00315616 0.000358475 5.24132e-08 0.000666876 0.00233779 0.00128236 1.64805e-09 0.0426043 0.134143 9.25269e-07 0.00625308 0.0224817 
0.00283892 0.0051244 0.0610892 0.00132377 0.00238549 0.661223 0.0332749 0.000649223 0.000594669 0.000508983 2.02318e-05 2.46768e-05 0.00102851 0.00024276 2.33641e-05 0.00104823 0.0554729 0.000677117 1.98603e-07 0.0867529 0.0756236 8.06044e-08 0.00923459 0.000837928 
0.000898292 0.01212 0.00662435 0.000101156 0.0107364 0.443197 0.0159405 0.000935867 0.0174885 3.23347e-06 6.70718e-05 7.88427e-06 0.000164485 1.12215e-06 6.67865e-05 0.0399518 0.0191424 0.000144245 2.76064e-08 0.00225459 0.00279651 5.68572e-06 0.319863 0.107489 
0.00609149 0.130074 0.00172299 0.142574 0.00801367 0.246288 5.31929e-05 0.0549101 0.000221503 0.0642333 4.17845e-08 5.09119e-07 0.015119 0.0164309 4.318e-06 2.40185e-06 5.66257e-05 0.0110689 3.28761e-10 0.171805 0.00320722 1.28125e-08 0.0835483 0.0445739 
0.249791 0.0121842 0.0176573 0.0296767 0.00887955 0.305177 0.00244109 0.0261926 0.000404504 0.00394658 0.000575947 0.0012605 0.00691438 0.00235891 0.00260111 0.00048553 0.124838 0.0448647 6.97239e-05 0.0294349 0.054837 0.0389259 0.0257049 0.0107772 
0.086586 0.00345965 0.000649866 0.0103629 0.00240111 0.423847 0.000305585 0.0150401 1.61783e-05 0.000756162 7.8412e-06 3.50114e-08 0.00565596 0.000408223 4.42454e-05 6.83066e-08 0.26276 0.00477567 4.36664e-10 0.0728281 0.00958268 2.61359e-07 0.0995803 0.000932091 
5.2939e-05 0.00367075 0.0158603 0.00619618 0.00126645 0.525887 1.33949e-06 3.92832e-05 5.84842e-07 0.000678625 2.15437e-07 4.92002e-06 0.00519488 4.34669e-05 0.000370951 0.0541605 0.0466519 0.00128612 1.52926e-09 0.176692 0.000866497 1.69338e-07 0.0613864 0.0996887 
0.084321 0.0236727 0.0102779 0.0429654 0.026426 0.31096 0.00307289 0.0192455 0.00159431 0.00980326 0.00117372 0.00159382 0.02871 0.0258853 0.00298577 0.00239467 0.162576 0.0148629 0.000841496 0.0367578 0.129403 3.85205e-05 0.0540203 0.00641814 
0.0434235 0.172512 0.00929416 0.00991032 0.0745521 0.184586 0.0569375 0.0263779 0.00336765 0.000611206 0.093937 7.66042e-08 0.0117083 2.55846e-05 0.00043188 0.00277475 0.0736106 0.00937071 4.80314e-11 0.152569 0.0336055 3.28453e-07 0.028123 0.0122708 
0.161467 0.00324471 0.00117143 3.22075e-07 3.56428e-08 0.668023 5.21539e-08 1.5302e-06 0.000309523 1.68238e-08 1.42593e-05 8.82455e-09 1.03987e-07 4.51594e-09 1.05178e-05 7.26843e-13 0.0770194 0.000599071 2.44881e-12 1.07467e-06 0.0713865 6.55381e-09 0.00949732 0.00725442 
0.012298 0.013212 0.0192671 0.0107197 0.00838031 0.577602 0.000195387 0.0309637 0.0168485 0.000224598 0.000146423 2.99527e-05 0.0173934 2.0466e-05 0.00268719 0.00781074 0.0220592 0.00674926 1.32113e-07 0.0265519 0.0487691 0.000121904 0.104759 0.0731901 
0.0751134 0.000365659 0.00303488 0.0115091 0.00514222 0.536851 1.19686e-05 0.00369929 2.55351e-05 0.000192416 1.15649e-06 1.79851e-05 0.004119 0.0173608 9.79699e-06 3.77685e-05 0.0311955 0.00750791 6.80666e-07 0.150652 0.0403063 2.04939e-06 0.11152 0.00132345 
0.00124326 0.010229 0.00202082 0.0033872 0.00514175 0.70154 7.92609e-10 0.000299872 1.03372e-08 0.000210877 4.72811e-12 7.59073e-05 0.0814311 0.000325967 2.03207e-11 0.030736 2.97218e-12 0.00181568 3.0849e-08 0.00521237 0.156215 1.47183e-08 4.71649e-05 6.8418e-05 
0.0551336 0.00678921 0.00158828 0.172444 0.0072107 0.268652 0.00308808 0.0908606 7.29332e-05 0.00273593 0.000330463 0.0930725 0.0983619 0.0128798 0.000112265 3.30725e-06 0.0145219 0.0123875 2.2798e-07 0.0410746 0.0559663 0.000123606 0.0623308 0.000259536 
0.0275706 0.0187401 0.00193553 0.0618767 0.0165282 0.546809 0.00139591 0.00522345 1.29307e-07 0.0137436 2.23785e-05 4.94367e-07 0.0118745 0.0359787 0.0185974 0.000598199 0.0348835 0.0116381 4.66131e-10 0.0140624 0.124245 2.06624e-07 0.0542701 5.70268e-06 
0.00108255 0.000548035 0.0031684 0.00619513 5.14253e-07 0.90907 2.684e-10 2.6624e-07 2.73619e-10 7.37559e-06 1.10796e-08 7.86731e-08 0.000105149 1.49783e-08 6.24447e-08 3.67858e-06 0.0383946 7.0025e-05 2.31387e-06 2.61958e-09 0.0406391 4.81434e-10 0.000712334 3.02447e-07 
0.156039 0.0113008 0.000341849 0.00898382 0.00054316 0.446133 0.00358499 0.0159693 1.69039e-05 1.02366e-05 5.09032e-05 1.55725e-06 0.0019188 0.00147671 0.00104081 2.55493e-08 0.242103 0.000999231 1.46002e-07 0.0287956 0.0767615 3.65681e-06 0.00328129 0.000644397 
0.0915361 0.000186766 0.0801014 9.53677e-07 0.00207128 0.347346 0.00168006 0.000958326 9.75583e-08 3.8257e-09 0.000915992 1.72309e-06 1.43555e-09 3.751e-05 1.04791e-08 0.00314753 0.0369351 0.0893488 1.53141e-08 0.00116559 0.0457344 1.32357e-05 0.163581 0.135238 
0.0248336 0.0170797 0.108892 0.0186164 0.00531623 0.395512 0.00198513 0.0210742 0.00126443 0.000756468 2.3176e-05 0.00826132 0.0150271 0.00301239 0.00248512 0.00105123 0.0333402 0.00488992 1.98904e-08 0.0496958 0.26788 2.04225e-06 0.0132512 0.00575129 
0.0136648 0.0322681 0.0346465 0.0122979 0.0147563 0.630897 0.00143387 0.00169678 0.000463204 0.000156682 0.000129855 0.000749615 0.014271 0.00492081 0.000381101 0.0068271 0.0103246 0.000791978 2.28173e-06 0.0318432 0.176106 7.59852e-07 0.00939774 0.00197341 
0.0897918 0.00611288 0.0471866 0.075185 0.00192197 0.311884 0.00254095 0.0815642 0.00181117 2.12503e-05 4.50791e-05 0.00710885 0.0297898 1.27402e-07 2.10182e-06 2.45102e-06 0.0310806 0.00106808 7.14836e-08 0.0742302 0.217362 2.69354e-07 0.0211313 0.00015937 
0.113639 0.0111501 8.68163e-06 0.0110775 0.00187706 0.487274 0.000137021 0.0557122 3.64964e-06 0.000247971 1.75751e-06 0.00117843 0.0211346 0.000512164 1.30548e-07 2.74778e-05 0.000993225 0.00227551 0.00786367 0.045548 0.233708 6.41266e-06 0.00529002 0.000333761 
0.000971161 0.0508197 0.0257344 0.0148128 0.028918 0.46919 0.00160809 0.00863902 0.00314579 0.0017564 0.000202872 7.46048e-06 0.00266781 0.00481732 2.52014e-06 5.73196e-05 0.0379002 0.0053607 7.18406e-09 0.270338 0.0386127 4.79353e-08 0.0338685 0.000568432 
0.0145481 0.013741 0.096853 0.0334171 0.00719749 0.407082 0.00183878 0.0370227 0.00118628 0.00469353 0.000185741 0.00175479 0.0166358 0.0396826 7.36084e-05 0.00334261 0.0365832 0.010258 0.000214621 0.0178411 0.184094 8.21691e-06 0.062428 0.00931747 
0.0271275 0.00128212 0.000379726 0.000232602 8.49024e-05 0.782727 2.04429e-05 0.00132595 1.8341e-05 4.8385e-09 2.41107e-09 2.25217e-12 0.000157189 1.29993e-09 7.09466e-05 1.61237e-07 0.11601 0.000187091 5.37542e-12 0.0156508 0.04587 1.88789e-09 0.00621469 0.00264115 
0.000734741 0.067592 0.00014549 0.00430688 0.0272202 0.291374 0.0118557 0.0213425 1.6158e-05 0.00031774 0.0012242 0.103389 0.0380765 0.15839 0.00312374 3.62363e-08 0.000204286 0.105454 1.8972e-10 0.0310208 0.00620406 1.10399e-08 0.127037 0.000970928 
0.00397873 0.126588 0.00477699 0.113122 0.00583865 0.223283 3.3109e-06 0.00714465 2.7941e-05 6.95305e-06 9.74858e-07 1.97935e-05 0.0176383 0.147835 2.24183e-06 1.74328e-05 0.00126953 0.0884177 0.000302329 0.00274667 0.00635182 0.00273047 0.126291 0.121607 
0.0159747 0.00543225 0.00710593 0.000611762 0.0246854 0.480202 0.00246035 0.124548 0.0677652 0.000190867 0.00194369 0.0139379 0.00744737 0.000219456 0.000514665 3.47537e-08 0.0025029 0.00802388 7.11639e-11 0.0573213 0.0233165 7.0102e-05 0.085956 0.0697696 
0.0810487 0.0162698 0.0328562 0.0180977 0.0249318 0.302911 0.00484156 0.0875686 0.000398669 0.00122812 0.000201185 0.00629293 0.0224863 0.00581894 0.000214379 0.00323212 0.0207518 0.00263679 1.80975e-09 0.120079 0.0365025 1.21077e-05 0.173137 0.0384824 
0.0332198 0.0148229 0.017451 0.0500304 0.0108803 0.41128 0.00123027 0.0287702 0.00430133 0.00300675 0.000690014 0.00485276 0.020868 0.0145362 0.00731741 0.00141911 0.0457912 0.00785763 0.00548559 0.0313125 0.23053 9.46724e-06 0.0485907 0.00574584 
0.0966554 0.132131 0.0113116 0.00873693 0.0174587 0.331052 0.0647598 0.00664599 0.00209981 0.0300695 0.000336283 0.00225951 0.00693789 0.00129709 1.59197e-05 0.00044085 0.0411171 0.0144358 8.80861e-06 0.0441099 0.0216309 5.05629e-06 0.0203515 0.146132 
0.0572614 0.0247698 0.0148074 0.0182474 0.0179834 0.458337 0.00894137 0.0324025 0.0046061 0.00411758 0.000359221 0.00652568 0.0156635 0.0043518 0.00323872 0.00351246 0.0799048 0.00987096 0.00335789 0.0592549 0.0973157 0.00205008 0.058405 0.0147149 
0.105311 0.00874262 0.00222855 0.0728773 0.0168794 0.327029 0.000759569 0.12064 0.00105971 0.0026017 0.000132212 0.00190555 0.00520553 0.000266018 0.00301379 8.91226e-05 0.0055319 0.131742 7.93451e-08 0.0599745 0.0392629 0.000278606 0.0651073 0.0293613 
0.0213858 0.00512484 0.00843245 2.6108e-06 0.00651241 0.692869 1.1905e-07 2.40179e-06 6.82894e-08 7.92244e-07 7.21167e-07 3.23896e-06 0.0815103 0.0551083 9.83442e-08 9.13926e-08 2.92848e-07 0.00166528 1.18167e-10 0.00196929 0.0839349 8.78233e-11 0.0414765 3.01848e-07 
0.25381 0.00203244 0.000797264 0.00565611 0.000339109 0.353947 0.000637696 0.00122347 0.00176488 8.52502e-05 2.24165e-05 8.16826e-06 0.00322877 0.0012061 5.00611e-05 0.000357716 0.0902461 0.00151509 7.34091e-11 0.00882202 0.259123 8.28823e-08 0.0103196 0.00480765 
0.0353547 0.00992455 0.00442658 0.0347299 0.0238749 0.34914 0.080904 0.0223758 5.97863e-05 0.00375329 2.02633e-05 8.23412e-05 0.00839754 3.64779e-08 0.0129051 0.00094853 0.124577 0.010434 5.23001e-09 0.0104764 0.255791 7.7728e-06 0.0115358 0.000279796 
0.161467 0.00324471 0.00117143 3.22075e-07 3.56428e-08 0.668023 5.21539e-08 1.5302e-06 0.000309523 1.68238e-08 1.42593e-05 8.82455e-09 1.03987e-07 4.51594e-09 1.05178e-05 7.26843e-13 0.0770194 0.000599071 2.44881e-12 1.07467e-06 0.0713865 6.55381e-09 0.00949732 0.00725442 
0.00489669 0.0327072 0.0100433 0.00777487 0.0143514 0.649226 0.000167615 0.00845655 2.9145e-05 0.00136345 4.895e-05 0.000744356 0.0116181 0.00157183 0.000593632 0.00174676 0.0166046 0.00724221 1.17492e-05 0.081185 0.0229137 1.41342e-05 0.0412444 0.0854442 
4.60321e-07 0.0353057 1.89188e-06 7.9622e-12 0.0140343 0.543799 2.36829e-06 1.65549e-06 1.94626e-06 7.97211e-07 9.02188e-08 3.38648e-07 0.0231634 0.0317325 2.62837e-06 0.0149284 0.0168961 8.42366e-08 8.33189e-11 0.000497107 0.00018478 6.19239e-11 0.235067 0.0843796 
0.252531 0.00616155 0.00215744 0.00707736 0.00362113 0.377179 0.00175671 0.000821052 0.00220023 0.00381568 1.18273e-05 0.000196319 0.0145281 0.00161631 1.14912e-05 0.00423568 0.00572559 0.00214252 1.13291e-05 0.0115362 0.291957 8.70062e-06 0.00605388 0.00464417 
0.00279881 0.0096445 0.25125 0.013953 0.010307 0.28164 1.62067e-05 0.110578 3.1097e-05 2.68731e-05 3.7002e-06 2.12048e-06 0.0122458 0.00582315 2.65829e-07 0.00989468 0.019206 0.0152458 9.75203e-07 0.0735143 0.0368902 1.25108e-10 0.129009 0.0179197 
0.133519 0.00919062 0.0167967 0.00417183 0.00180377 0.364326 0.00421747 0.0350846 0.00734556 1.18547e-11 8.51431e-05 6.99337e-09 0.0219434 0.00059103 1.37888e-05 0.000641204 0.115633 0.000235879 3.08538e-08 0.0333688 0.211095 2.09321e-09 0.0393546 0.000582526 
0.00470355 0.00552266 0.000160282 0.00694365 0.0056876 0.664706 3.78126e-05 0.117149 3.77123e-06 1.69161e-06 2.98939e-06 0.000238832 0.0225772 0.000494517 1.00384e-05 0.000290246 0.00791255 0.00166631 2.49898e-10 0.108578 0.0412605 7.06195e-09 0.0119615 9.0853e-05 
0.00191998 0.132494 0.00494956 0.106922 0.0645286 0.169135 0.000521729 0.0620195 0.000602746 0.00750201 0.0196362 0.000300125 0.0101895 0.0119802 0.000969991 0.0262196 0.000628467 0.0733745 0.0123088 0.078773 0.0261643 0.0342156 0.0876363 0.0670087 
0.0207682 0.0130849 0.0114921 0.015649 0.0183552 0.4589 0.00182679 0.0412792 0.00220926 0.00300228 0.0103264 0.0124841 0.0226465 0.0506265 6.14913e-05 0.0112132 0.0129437 0.00855404 3.69161e-06 0.0864562 0.0963375 4.84124e-07 0.0956665 0.00611267 
0.0586939 0.0122745 0.00139411 0.00436409 0.0047545 0.434357 0.00531397 0.0415539 0.00982842 0.0100531 0.0120688 0.00623013 0.00933691 0.0189615 0.000114204 0.00285689 0.0607106 0.0238538 4.87638e-09 0.0423991 0.219408 8.03524e-05 0.0183563 0.00303537 
0.0337118 0.0188175 0.0419897 0.053618 0.00802836 0.358579 0.0094424 0.0279467 0.0199303 0.0116933 0.000572029 0.00335205 0.0321688 0.00704449 3.72316e-05 0.0119535 0.0180329 0.0117199 0.000271186 0.0933659 0.109608 1.10809e-05 0.0924346 0.0356717 
0.0295164 0.00406312 0.000622472 0.0331348 0.00435554 0.589776 5.77139e-05 0.0292295 0.000288983 0.000943211 8.61517e-06 1.03972e-05 0.00139523 0.000263273 0.000635393 4.46646e-06 0.157943 0.0113454 2.37417e-06 0.0338416 0.0945811 1.13302e-06 0.00778536 0.000194188 
0.160872 3.03132e-07 1.41006e-10 9.9586e-07 4.4348e-11 0.651055 0.000183453 0.0559954 0.0045593 1.13871e-10 6.00204e-08 0.00152161 0.00115779 1.42449e-10 0.000441686 1.35294e-10 0.115034 1.1289e-07 4.55819e-10 0.00424684 0.00492781 8.35339e-08 3.25038e-06 1.27475e-06 
0.000148725 0.0103189 0.0018025 0.00026238 0.006848 0.287606 0.0130457 0.0844328 2.62904e-05 9.90291e-05 0.000299981 0.00271527 5.05259e-05 0.0344881 6.93187e-07 7.51115e-05 1.01388e-07 0.154644 0.000165545 0.00246745 0.000615571 0.000123542 0.246619 0.153145 
0.00564858 0.0726863 0.00846526 0.0665092 0.0882478 0.162992 0.0134249 0.0188029 0.000439936 0.0408396 0.00505113 0.0020921 0.0241275 0.0425704 0.00993692 0.000328439 0.00361663 0.0914 1.27132e-07 0.0754272 0.110749 7.6635e-06 0.125548 0.0310888 
0.108911 0.0258248 0.00529007 0.0216102 0.0127068 0.264743 0.00114531 0.0366257 0.000829963 0.00320787 0.00117299 0.0644456 0.00979982 0.00420751 0.0156616 0.00024012 0.166233 0.00556501 1.05298e-09 0.0137866 0.187431 1.563e-06 0.0462195 0.00434116 
0.00889071 0.124656 0.00382822 0.0299692 0.0189109 0.212191 0.0133852 0.00806619 0.00334779 0.00406392 0.00431786 0.0743184 0.0254857 0.0144926 4.15868e-05 0.00331356 0.00453508 0.0371598 1.72078e-09 0.0287512 0.0257217 0.000252934 0.180515 0.173786 
0.000234687 0.0073691 0.100359 0.00201809 0.000162651 0.578395 0.0010191 0.00157712 0.00017271 2.36107e-05 1.9214e-08 5.05622e-08 0.00340931 0.000746032 7.10931e-05 0.0354058 3.65867e-05 1.64855e-08 1.2068e-07 0.0970002 0.000696011 2.45858e-06 0.094383 0.0769189 
0.00981198 0.0205437 0.000386871 0.00209446 0.0252284 0.699619 0.000259939 0.0512542 0.000815796 0.00203649 2.02474e-05 0.000577286 0.00361698 5.09987e-08 7.35202e-06 0.000847392 0.0185019 0.00422928 1.63189e-07 0.128556 0.00936542 4.61498e-06 0.0193007 0.00292181 
0.0277755 0.0168989 0.0344264 0.0144863 0.00299493 0.41932 0.00329032 0.0137806 0.000516795 0.000185297 0.000190502 2.52124e-05 0.00515025 0.0425744 0.00216026 0.0121359 0.0830743 0.00274783 0.00077346 0.0577612 0.11416 3.03229e-07 0.12851 0.0170607 
0.0143073 0.053916 0.00688279 0.0537101 0.00915183 0.447027 0.0009538 0.00330768 0.00122303 0.0103622 9.61099e-05 3.04551e-05 0.0143462 0.0303783 0.000177511 0.0002118 0.0156981 0.101406 2.22342e-05 0.00763325 0.0157781 0.0521718 0.0830346 0.0781738 
0.0287575 0.0326839 0.0192559 0.0833971 0.0954248 0.190365 0.0335094 0.0648919 0.000179296 0.00703793 0.0166434 3.17575e-05 0.0479076 0.0290898 0.0035888 0.00545158 0.000728397 0.100571 0.00067393 0.0395004 0.164821 2.08459e-05 0.0301025 0.00536713 
0.00256134 0.00882152 0.00039195 0.01175 0.0116905 0.632042 0.0147758 0.003788 0.00158007 0.0103683 0.000342289 0.00832988 0.0071184 5.26079e-05 1.70071e-05 0.000795867 0.19692 0.00653528 7.74268e-09 0.0357553 0.0103575 1.03873e-08 0.0163518 0.0196545 
0.0272889 0.0487842 0.00605295 0.142422 0.0390263 0.186793 0.00170417 0.0674277 0.000921914 0.075541 0.000172275 0.000817656 0.0403223 0.00512516 1.17217e-05 0.00182085 0.0406685 0.0148803 1.21591e-05 0.107244 0.057795 1.41581e-07 0.127462 0.0077061 
0.0293789 0.00359756 3.61683e-07 0.0932661 0.00258991 0.326235 0.000933683 0.0686571 0.000177959 0.0443137 9.70741e-05 0.000224752 0.0160025 0.00533113 1.91586e-07 2.18383e-05 0.0490663 0.0352682 3.2178e-10 0.0477836 0.0105087 2.11575e-08 0.263848 0.00269691 
0.107284 0.0070443 0.000995668 0.000514331 0.0059881 0.573795 0.0136544 0.000980913 0.0144224 0.016337 2.16097e-05 1.21816e-06 0.000715542 0.000266263 2.59612e-05 0.00442843 0.0230333 0.00865483 4.94298e-08 0.000352191 0.0442408 1.7963e-05 0.0802157 0.0970096 
0.0150849 0.0253308 0.0521243 0.0137081 0.0191857 0.490867 0.00483129 0.00142379 0.00269057 0.000127717 0.000270922 0.00180552 0.00170285 0.00739897 3.74813e-05 0.00961852 0.0398918 0.00166888 5.30066e-06 0.0367685 0.266377 7.18967e-07 0.00668432 0.00239498 
0.00456272 0.0387399 0.00243438 9.08808e-07 0.246096 0.299533 2.34954e-07 1.42511e-11 1.2033e-08 5.13417e-07 2.21159e-07 8.90763e-07 9.14059e-07 6.14367e-05 9.69809e-11 3.61817e-07 6.4684e-07 0.0790612 1.41727e-10 0.0938188 0.00334401 9.58644e-07 0.118881 0.113462 
0.0039142 0.0726554 0.0216334 0.0200163 0.161236 0.238669 0.00196414 0.0649179 0.000189194 0.000423907 0.013137 0.110696 0.0286446 0.00373345 0.00183063 0.0193463 0.0123908 0.0247214 4.05317e-08 0.028004 0.0324893 8.00712e-05 0.0579928 0.0813141 
0.0130938 0.00355316 0.147842 0.00495528 0.000131135 0.36646 1.11039e-06 0.00774571 6.10982e-05 6.20862e-05 1.67624e-07 4.17789e-05 0.00379723 0.00108829 4.9183e-08 1.95603e-06 0.157165 0.0027132 7.59834e-09 0.0258948 0.260264 3.10911e-08 0.00499437 0.000132545 
0.0620263 0.0438793 0.0177863 0.0101276 0.0217741 0.431671 0.0354707 0.00670454 0.000630957 0.00494642 0.000412145 0.0017933 0.0424419 0.000836943 1.07861e-05 0.00627413 0.00473967 0.0083895 2.62424e-07 0.118426 0.0813501 1.72869e-05 0.0717376 0.0285537 
0.0332671 0.0131192 0.0273366 0.0238316 0.0142666 0.301134 0.00328057 0.0201581 0.000656762 0.0098158 0.00514237 0.00170392 0.0213972 0.0242789 0.00205362 0.00799656 0.209299 0.00533034 7.89635e-07 0.0332332 0.188593 6.34978e-05 0.0495325 0.00450859 
0.0170451 0.0162203 0.0840995 0.0109021 0.0179161 0.18812 0.000164254 0.041441 9.53664e-05 0.0159281 0.000161611 0.00495315 0.112547 0.000467479 5.4732e-06 0.00467255 0.0056682 0.0833664 1.55198e-09 0.131735 0.0753528 8.86112e-08 0.179129 0.0100101 
0.0346216 0.117238 0.0124526 0.11513 0.00789807 0.184637 0.00155239 0.0664864 0.000627744 0.00829191 0.00218101 0.00392996 0.0565078 0.0833343 0.00577587 0.00445949 0.010806 0.0327121 0.00755283 0.0859262 0.080459 0.000891299 0.0565078 0.0200207 
0.0406126 0.00329208 0.000387568 0.00112052 0.00565615 0.630643 0.000314811 0.00486366 0.000215607 0.00278345 8.59642e-05 0.00448322 0.01347 0.000463733 2.26666e-05 0.000135325 0.0295434 0.0132342 1.18432e-10 0.0303997 0.200941 8.1254e-07 0.0125624 0.0047684 
0.0331543 0.0214145 0.0129098 0.0502495 0.0288245 0.371935 0.000187407 0.0197514 1.40326e-10 0.000562018 4.77128e-08 1.9438e-07 0.0584355 0.000159017 2.90417e-06 0.0006631 0.0345399 0.0774252 3.32211e-10 0.133938 0.0672792 2.46904e-10 0.0866321 0.00193658 
0.0407462 0.00280322 0.00224696 1.71324e-07 0.001564 0.369357 0.313137 0.0489582 0.000196152 0.000377625 0.000678209 1.01299e-11 0.0205694 1.10747e-06 5.0972e-09 0.000944482 0.0626151 0.059879 2.41777e-11 0.0302102 0.0216765 2.60945e-05 0.00845676 0.015557 
0.0585417 0.00982657 0.0616123 0.0150077 0.00216781 0.349442 0.00206643 0.00354932 0.000633377 0.0011741 6.95894e-05 0.000409614 0.0253702 0.0116666 4.45287e-07 0.0132499 0.00222237 0.00763312 0.0124335 0.0404783 0.0817311 3.16033e-06 0.249691 0.0510195 
0.00372532 0.00117252 8.88675e-05 0.247413 0.00459127 0.433044 0.000874882 0.0370277 4.81335e-05 0.00323543 4.05391e-05 0.0952215 0.00963537 0.000459099 9.86959e-05 0.00290383 0.0102624 0.00956303 1.23778e-08 0.0852836 0.00781788 9.19941e-09 0.0242822 0.0232113 
0.0156405 0.0158852 0.0210344 0.0198841 0.011364 0.634503 0.00182563 0.0190437 0.00139824 0.0025385 0.000553733 0.00205947 0.0133999 0.00815781 0.00693911 0.00701332 0.0321001 0.0123256 0.00292846 0.0433613 0.0775586 2.47743e-05 0.0400288 0.0104316 
0.132012 0.00870288 0.00511596 0.0351645 0.02379 0.382288 0.00450303 0.017971 0.00042653 0.00286065 0.000785073 0.0574507 0.0197917 0.00367292 0.00103556 0.000406169 0.0225436 0.0315619 0.000333801 0.0253475 0.166363 2.85457e-05 0.0225711 0.0352744 
8.41661e-10 0.0110829 0.0017724 0.0288852 0.000796899 0.583007 4.50725e-07 0.0289293 0.0754077 1.19087e-05 2.16346e-07 2.38622e-06 0.042106 0.000895998 0.0100014 5.0489e-06 9.35322e-07 1.42594e-06 3.6716e-09 0.000347826 0.0438945 5.36766e-07 0.14289 0.0299593 
0.00709248 0.0152226 0.00242956 0.0154066 0.0245999 0.547923 1.13217e-05 0.00487865 9.51614e-09 0.000841392 1.09397e-06 2.42951e-05 0.0688011 0.00152188 1.88127e-05 0.00864342 0.00223728 0.0113292 2.83918e-08 0.0421044 0.222155 6.65328e-06 0.0237193 0.00103246 
0.00547135 0.00269576 0.0210048 0.00257982 0.0512317 0.357159 7.33496e-07 0.00137669 0.00119839 6.09669e-09 5.79604e-05 9.38216e-08 9.92379e-05 0.116066 7.26795e-05 0.0172469 0.00220971 0.00322535 1.62061e-06 0.0107028 0.0424822 8.83953e-07 0.267074 0.0980422 
0.0322729 0.0229368 0.016029 0.0195355 0.0145305 0.40868 0.00292253 0.0148319 0.0151572 0.00487712 0.000213243 0.00363818 0.0302358 0.0281247 0.000523449 0.00472414 0.0831481 0.00975548 0.000125308 0.054185 0.0934864 1.48812e-05 0.118156 0.0218961 
0.00374037 0.00240284 0.00191134 0.0564642 0.00348999 0.403124 1.36586e-05 0.201831 9.42803e-05 0.00168185 0.0379195 0.00111048 0.00957345 0.0152181 0.00032543 0.00014531 0.00032917 0.013479 2.64919e-07 0.00818621 0.203183 2.85773e-06 0.0282251 0.00754784 
0.0809609 0.013676 0.00917478 0.0135095 0.0112795 0.34797 0.00392024 0.0383726 0.000158943 1.54352e-05 6.66176e-08 0.0026081 0.0157034 0.00101027 0.000799916 0.000505623 0.0685739 0.0160767 2.69693e-09 0.0439402 0.324065 5.20533e-06 0.0075207 0.000153181 
0.00622452 0.083821 0.00640959 0.0222061 0.0487785 0.223006 0.00811783 0.106142 0.00104526 0.000622143 0.0176754 0.110646 0.0262212 0.00696286 0.000822374 0.0234457 0.0510431 0.0103569 0.00211162 0.131545 0.0451509 9.77909e-06 0.0587903 0.00884487 
0.000361306 0.00722349 0.000264796 0.000152405 0.00982071 0.721758 0.00142697 0.00895669 0.000130286 0.00882519 0.000209986 0.00173306 0.0168127 7.33668e-05 0.00384744 0.00171888 0.0280306 0.00325193 7.38968e-07 0.025993 0.00607852 1.98749e-05 0.103333 0.0499766 
0.00671272 0.0041296 3.009e-05 0.000315658 0.0132735 0.744966 0.0108459 0.00018585 0.00682022 2.24611e-05 4.56169e-05 0.00637256 0.00125209 4.38495e-05 5.21811e-06 4.90533e-07 0.0467627 0.0189919 1.40009e-10 0.0112783 0.113974 1.04057e-10 0.0138109 0.000160649 
0.0229496 0.00919045 0.0327883 1.29939e-07 0.000388453 0.811716 0.0017802 0.00202003 0.000107181 7.46783e-08 2.15062e-05 6.26332e-08 0.00240781 0.000334304 0.00012487 1.40998e-11 0.000179757 6.48925e-12 4.75037e-11 9.60446e-05 0.114583 1.66666e-06 0.00115614 0.000154873 
0.0135905 0.0333625 0.0099751 0.0551285 0.00805821 0.661045 9.02099e-06 0.00274194 1.35625e-05 7.5201e-06 0.000558232 4.01464e-10 0.0131572 0.0190037 0.00802798 4.22575e-06 0.0010176 0.00369334 9.58202e-10 0.00687089 0.150796 1.43115e-07 0.0129348 3.73257e-06 
0.0558953 0.00458181 0.0439412 8.00214e-05 0.0108755 0.348035 0.000232172 0.00485212 8.06406e-07 9.41292e-05 2.03185e-07 0.000837815 0.00844676 1.57922e-06 2.71426e-06 2.58768e-06 0.000213803 0.000361342 1.17688e-10 0.293284 0.194638 8.74679e-11 0.0290283 0.00459453 
0.033439 0.0266044 0.0449032 0.0305914 0.0198466 0.360753 0.00126792 0.0423502 0.00114096 0.00213717 2.65175e-05 0.000945275 0.0241801 0.0143302 0.00143993 0.00799429 0.0335859 0.00946878 4.6237e-05 0.110183 0.165126 1.98564e-05 0.0584113 0.0112089 
5.18046e-06 0.0174198 0.0227461 1.07068e-06 2.87851e-06 0.456062 0.00165705 1.80294e-05 0.000101942 8.56615e-05 2.05977e-06 8.17671e-07 0.0681709 1.44152e-06 3.64194e-06 5.79264e-07 0.0877747 2.55769e-06 1.36466e-10 2.29421e-05 3.28689e-06 3.87448e-06 0.169632 0.176281 
0.00327985 0.0227307 6.35045e-10 0.032115 0.0594648 0.412498 2.44074e-05 1.23159e-06 8.95602e-07 5.12836e-10 0.000724461 8.60099e-10 0.0984416 1.0893e-05 1.49301e-06 0.000606301 2.05177e-05 0.0932278 2.05286e-09 1.19641e-06 0.0424814 1.14646e-06 0.228006 0.0063616 
0.0238947 0.0110683 0.000880217 0.00100199 0.00485468 0.471202 0.000613688 0.102505 0.000896279 4.65198e-05 0.000202734 0.00193883 0.0173373 8.41452e-05 0.000123896 0.00060793 0.166579 0.00982908 5.44748e-11 0.110808 0.0205461 9.98441e-06 0.0434608 0.0115092 
0.0823041 0.0195909 0.00695844 0.0135153 0.0241949 0.384117 0.00134434 0.0130394 0.0112344 0.00699408 6.7216e-05 0.000445103 0.0251533 0.0359141 0.000476119 0.0024757 0.145625 0.00993545 3.91765e-09 0.0755352 0.077512 3.1339e-06 0.0430595 0.0205052 
0.317393 0.00802081 0.000157137 2.91359e-10 0.0108213 0.329514 2.09179e-06 0.0154808 0.0592609 9.29863e-05 7.64463e-05 0.00125841 0.00745186 0.000813355 0.00446513 8.54016e-05 0.0134125 0.00114631 3.04887e-09 0.00229193 0.184581 2.26597e-09 0.0270393 0.0166348 
0.046266 0.00839008 0.0585851 0.154131 0.0158836 0.271609 0.00951384 0.0649022 0.00313375 0.0263919 0.000243079 0.000903979 0.0183218 0.000150685 3.98934e-06 0.00366327 0.00371415 0.114345 9.60551e-06 0.0626653 0.0400598 9.29329e-07 0.0885139 0.0085987 
0.00608221 0.0271584 0.00349845 5.73496e-05 0.0408562 0.747421 0.000478144 0.000401424 0.00184064 0.00015898 5.58297e-06 0.000141072 0.00134804 0.000146 0.00013289 0.000703599 0.0430669 0.00590409 5.61647e-11 0.0524299 0.0544262 6.00147e-06 0.0132219 0.000515304 
0.0375077 0.00974785 0.000646633 0.0285541 0.00577502 0.312492 0.00690769 0.0540688 0.00397745 0.00139439 7.34262e-05 0.000338824 0.0151203 0.00410464 0.000366912 0.00703208 0.220286 0.00405255 8.38594e-06 0.11325 0.150026 4.25595e-06 0.0208118 0.00345398 
0.00220243 0.00455722 0.000988498 0.00248012 0.00251766 0.721908 5.92396e-10 0.000136405 6.99787e-09 8.78953e-05 5.35671e-12 3.1654e-05 0.0339302 0.000135857 2.30223e-11 0.0128081 2.83878e-08 0.000863807 2.088e-08 0.00217191 0.215131 8.9941e-07 1.96667e-05 2.85245e-05 
0.0795756 0.00653829 0.00565445 0.0117087 0.000105712 0.440198 2.46059e-06 0.0185198 0.000157678 0.000144246 0.00870366 1.04858e-10 0.0010018 0.0488414 0.000225624 0.000100881 0.00274403 0.00620937 6.73587e-05 0.0033233 0.340313 1.39771e-07 0.0205462 0.0053187 
0.0125517 0.0202918 0.230906 4.29807e-11 0.00255707 0.347823 0.00848901 9.84548e-08 0.00200809 3.00683e-07 0.000103987 0.000947858 3.08413e-08 1.40557e-10 3.07763e-10 8.13502e-07 0.014468 0.00088045 1.73144e-05 0.00552814 0.0358715 3.34271e-10 0.0263581 0.291197 
0.0178465 0.00107077 0.0048112 0.0081175 2.65547e-06 0.852742 7.80454e-05 0.0101169 4.52555e-09 0.000208509 1.7058e-09 6.72731e-07 0.000482051 0.00078297 3.12036e-08 0.00042696 0.000315308 0.00144304 1.34756e-07 0.000430675 0.0633937 7.96273e-09 0.0373514 0.000379365 
0.0117157 0.0133854 0.00575946 0.00743274 0.00406429 0.664634 0.045088 0.0144487 0.00080626 0.00057047 0.000248749 1.08604e-05 0.021116 0.0138981 0.00113918 0.0024358 0.0615211 0.019011 2.65262e-07 0.0313254 0.0303763 9.90891e-06 0.0349001 0.0161025 
0.0146448 0.00434222 0.121721 1.21744e-08 0.00488357 0.618853 0.000155928 0.000963691 0.000229388 6.18876e-05 3.11494e-08 5.50713e-06 0.0023867 5.71752e-09 0.0005576 1.29969e-06 0.152838 0.000495944 3.99237e-11 0.0234083 0.0469314 2.96719e-11 0.00519885 0.0023203 
0.0965953 0.00610154 9.21982e-05 0.0104106 0.00467161 0.544388 0.00524895 0.00286056 0.0180809 0.0459789 0.000128777 0.00732061 0.00376858 0.000334143 0.000121558 0.000273043 0.103425 0.00771747 4.4565e-09 0.00746117 0.123085 5.44396e-09 0.00394694 0.00798941 
0.0298175 0.01346 0.114213 0.021087 0.0114796 0.317806 0.00582701 0.0499944 6.20567e-05 0.000788535 7.08225e-05 0.00294542 0.0106598 0.00362452 5.15607e-05 0.000961043 0.00835738 0.00873519 1.1985e-06 0.126564 0.16979 4.35891e-06 0.09954 0.00415946 
0.131693 3.04484e-12 3.33906e-07 0.00477356 4.929e-08 0.463448 0.0711712 2.55974e-12 1.07529e-11 1.53906e-07 4.05306e-12 1.06657e-11 0.00123917 7.95555e-12 0.000205321 1.2317e-07 0.000386832 1.80865e-08 2.54567e-11 1.39644e-07 0.326734 2.83986e-08 1.54181e-07 0.000348827 
0.021177 0.0344596 0.0186109 0.0146372 0.0137394 0.371152 0.00639239 0.00821987 0.0075035 0.00249488 0.000651904 0.00152507 0.0265516 0.0145179 0.00202633 0.00476807 0.0433756 0.0262651 0.000315975 0.0681395 0.262279 2.4536e-05 0.0402916 0.010881 
0.0331543 0.0214145 0.0129098 0.0502495 0.0288245 0.371935 0.000187407 0.0197514 1.40326e-10 0.000562018 4.77128e-08 1.9438e-07 0.0584355 0.000159017 2.90417e-06 0.0006631 0.0345399 0.0774252 3.32211e-10 0.133938 0.0672792 2.46904e-10 0.0866321 0.00193658 
0.0325775 0.00143726 0.000389126 0.0659235 0.00249264 0.47982 0.00121017 0.0548126 0.000258864 0.0100274 4.00738e-05 0.00131178 0.0461431 0.00556437 3.00924e-05 0.000221752 0.170097 0.077897 8.53087e-07 0.0279019 0.0112309 7.45903e-06 0.00737561 0.0032282 
0.302943 0.00243213 0.0257376 0.0273037 0.0529138 0.328875 0.000157455 0.00572706 0.00113635 0.0125046 7.0687e-09 4.32493e-12 0.023383 0.00176875 1.63881e-07 3.06391e-12 0.0101763 0.126689 1.03226e-11 0.00272482 0.0741796 8.44678e-09 2.64702e-07 0.00134772 
0.157387 0.0285501 0.00120964 0.0280173 0.00864239 0.213214 0.000287586 0.0280482 3.10871e-05 0.00259357 6.2017e-05 0.00476605 0.00996054 0.00875842 0.000457258 0.0200411 0.138939 0.00378303 1.48588e-05 0.161913 0.0213184 2.47698e-06 0.0441374 0.117866 
0.150389 0.0234212 0.0175292 0.0396111 0.00882094 0.380093 0.00612753 0.0237214 0.00580557 0.00364897 6.1324e-05 0.00417692 0.0269247 0.0054198 0.0087431 0.00584038 0.0500697 0.00970498 0.00345756 0.0755844 0.0996532 8.79419e-06 0.0445616 0.00662508 
0.00271264 0.0966101 0.0287372 2.88592e-07 0.169454 0.322268 0.0494671 0.0157715 4.62485e-05 6.02081e-07 0.000649552 0.0966348 8.87383e-07 9.21271e-07 1.40965e-06 0.00101147 0.000206456 0.021953 1.18068e-09 0.0156967 0.0144394 1.05033e-07 0.0935032 0.0708348 
0.13425 0.261577 4.2771e-07 0.069259 1.34673e-06 0.283834 0.000103972 0.00306343 1.04388e-10 1.35575e-07 0.000133198 1.03542e-10 2.94135e-07 0.000120986 3.56733e-05 0.00231631 0.091083 0.00293018 2.4713e-10 1.24828e-11 0.146726 4.56093e-08 0.0045644 6.91822e-07 
0.00489582 0.0456006 0.000360325 9.59077e-05 0.0134938 0.527879 0.000701989 0.00127745 0.0262894 0.000187476 3.71631e-05 0.000145247 0.00277983 0.000548541 0.000813718 0.000740877 0.271744 0.000908828 9.29031e-12 0.0213327 0.0542649 1.4247e-05 0.0176883 0.00820008 
0.141355 0.0285606 0.026031 0.00783461 0.0165485 0.378136 0.000522366 0.0634202 0.00333688 0.00102407 0.0319925 0.0259914 0.0176501 0.00144079 0.000345651 0.00395167 0.0440071 0.00440874 3.86209e-08 0.0376242 0.131324 2.13468e-06 0.020094 0.0143989 
0.0582777 0.0167386 0.00746384 0.0319927 0.00754974 0.504374 0.000241161 0.0384894 0.0092985 6.09401e-05 0.000214545 0.0035465 0.00432795 0.000322097 6.92436e-05 0.0012248 0.077067 0.0145513 1.4423e-06 0.0713646 0.0342038 0.000203358 0.0468815 0.0715351 
0.00107569 0.0149878 0.0151543 0.0610804 0.0414389 0.33436 0.00244835 0.0110307 0.000184128 0.0196427 7.24624e-05 0.00191426 0.160604 0.022412 0.00105741 0.0132735 0.0185264 0.00892462 3.81553e-06 0.0253784 0.0371098 7.58584e-08 0.189165 0.0201551 
0.0161786 0.0595636 0.0189825 0.0196482 0.0116583 0.207053 0.00532543 0.0822253 0.0325662 0.00037173 0.000310506 0.0010652 0.00474142 0.00295582 0.000133147 0.00541975 0.0756471 0.163021 5.48427e-09 0.10527 0.00447756 0.000287674 0.0691204 0.113978 
0.0561389 0.000388312 0.0688189 0.00100491 0.00104737 0.291648 8.45871e-07 0.0448788 7.23849e-06 5.4196e-11 1.68438e-05 0.0364388 0.0218763 0.0286282 6.29023e-05 2.20518e-05 0.0106383 0.000753059 5.11694e-08 0.0895076 0.192621 1.57936e-05 0.145813 0.00967288 
0.0143637 0.0129583 0.0139362 0.0448169 0.0472457 0.441458 0.000416845 0.0508273 0.0430331 0.00128811 0.0086815 0.0078458 0.0184116 0.0325004 0.000839685 0.0101741 0.00936478 0.0124393 0.00137228 0.00940502 0.0978447 8.79701e-06 0.0871649 0.0336031 
0.0114891 0.00435509 0.410297 9.74e-05 1.93115e-08 0.492747 8.88026e-08 0.000902197 0.00114621 1.94003e-11 0.000102681 7.35955e-06 0.000224695 0.00590506 1.47647e-08 0.000531799 0.0035336 1.06085e-11 0.00291744 0.00274198 0.0438766 1.08435e-08 0.00720335 0.0119211 
0.136086 0.00177326 0.0039357 0.0419402 0.0524703 0.471383 0.000143322 0.0438132 8.11533e-05 0.0144887 0.00631793 0.0010888 0.0026176 0.0104332 0.00036254 0.000245641 0.0330347 0.0876694 8.50307e-07 0.0110075 0.0317698 4.77513e-06 0.0424751 0.00685686 
0.0137252 0.00705196 0.00121278 0.175028 0.066195 0.243566 0.00143702 0.13461 0.000434175 0.00949709 3.72394e-05 0.0029828 0.017174 0.00899921 0.0101951 5.21742e-06 0.036994 0.0184181 4.3475e-09 0.137529 0.0639865 5.23315e-08 0.0471386 0.0037834 
0.0130685 0.00927969 0.00695968 0.00708097 0.000781599 0.389642 1.95608e-06 0.00195726 0.00079309 0.00195635 0.000143535 2.18639e-07 0.000374221 0.00426977 0.0018608 0.000298192 0.00141042 0.00440399 3.42958e-09 0.0166172 0.0867067 4.25394e-05 0.15427 0.298082 
