0.0338444 0.00301756 0.0362366 0.0258778 0.0107263 0.247711 0.000336077 0.0213998 0.127294 0.0110128 0.000503275 3.22029e-06 0.014031 0.0229651 2.60156e-05 0.129192 0.00868078 0.000782399 1.37879e-06 0.0748096 0.214189 1.71021e-07 0.0152842 0.00207522 
0.0292414 0.0541336 0.0103816 0.0276651 0.0547177 0.228524 0.000772237 0.043607 0.00185785 0.000271484 0.000142171 0.000712097 0.023845 0.000605449 0.00210786 0.00191452 0.0806413 0.00377706 2.54291e-05 0.154213 0.0949497 2.64675e-05 0.0602359 0.125632 
0.0188267 0.00674702 0.00253432 0.0408523 0.00484041 0.286229 0.00182263 0.21309 0.000798254 0.000968199 0.000172282 0.0011845 0.00729198 0.00667321 0.00432801 0.00234225 0.10175 0.0584015 1.02785e-07 0.0352463 0.13261 5.03474e-06 0.0707271 0.00255992 
0.000769601 0.147497 0.00196447 0.0310873 0.0485841 0.203851 0.0234055 0.0081104 0.00101881 9.35508e-05 0.0063692 0.00218482 0.0884193 0.00216307 0.000510809 0.146523 0.0966711 0.0499362 7.39021e-05 0.0133803 0.0427183 5.41994e-07 0.00399572 0.080671 
0.097392 0.00223768 0.000353145 0.0279245 0.0218969 0.368487 0.00212663 0.0560409 0.00164478 0.00740349 9.67e-05 0.00193566 0.0114362 0.00670166 0.000830554 1.11654e-05 0.040018 0.0222056 7.36306e-09 0.0754596 0.198018 3.63829e-05 0.0401931 0.0175507 
0.00642141 0.0413136 0.014432 0.0288068 0.0131607 0.501373 0.00645576 0.0124095 0.00134066 0.00298651 4.47394e-05 0.00950975 0.0105658 0.0163463 0.005568 0.000661566 0.0348828 0.0122279 0.000116822 0.0487775 0.0486714 0.00054089 0.14027 0.0431163 
0.000734741 0.067592 0.00014549 0.00430688 0.0272202 0.291374 0.0118557 0.0213425 1.6158e-05 0.00031774 0.0012242 0.103389 0.0380765 0.15839 0.00312374 3.62363e-08 0.000204286 0.105454 1.8972e-10 0.0310208 0.00620406 1.10399e-08 0.127037 0.000970928 
0.00108255 0.000548035 0.0031684 0.00619513 5.14253e-07 0.90907 2.684e-10 2.6624e-07 2.73619e-10 7.37559e-06 1.10796e-08 7.86731e-08 0.000105149 1.49783e-08 6.24447e-08 3.67858e-06 0.0383946 7.0025e-05 2.31387e-06 2.61958e-09 0.0406391 4.81434e-10 0.000712334 3.02447e-07 
0.0190219 0.000875109 0.0921799 1.0014e-05 0.000289076 0.390271 1.63076e-06 0.00213167 7.17144e-07 6.80825e-06 2.6425e-07 7.74313e-06 0.000108024 1.47572e-07 9.55792e-05 0.000281799 0.306159 2.10667e-05 2.30907e-08 3.34078e-05 0.0885834 8.14479e-06 0.0695782 0.0303351 
0.00972838 0.0158552 0.0058263 0.0129903 0.0218845 0.681173 0.0113122 0.00597119 0.00130624 0.000753634 7.22339e-05 0.00205891 0.0169695 0.00289406 0.000219728 0.00501177 0.0145833 0.00857958 8.7778e-05 0.0544997 0.068338 0.00193586 0.0283477 0.0296008 
0.150364 0.0820529 0.0533146 0.0360419 0.01422 0.362385 0.0052459 0.0125842 0.00227281 0.000576643 9.30442e-05 2.12097e-05 0.0198024 0.0129261 4.69742e-08 0.00680739 0.00489891 0.0705567 1.85364e-05 0.033374 0.045814 1.83888e-05 0.0193385 0.067273 
0.0494183 0.00374324 0.0060731 0.0143486 0.00474554 0.267486 1.05057e-07 0.010329 0.00384056 0.00142074 3.07906e-06 0.0362681 0.079426 0.00999751 1.14468e-05 0.0345756 0.0368177 0.00392126 3.08377e-09 0.0840682 0.246575 4.83058e-06 0.105851 0.00107526 
0.171329 0.00175964 6.81014e-05 0.00140157 0.000382059 0.415669 0.00329457 0.00667022 6.27509e-06 2.944e-09 1.74391e-05 4.04079e-10 0.000292633 1.34748e-06 0.00022529 3.86254e-12 0.32097 0.000115557 1.30133e-11 0.0201951 0.0570403 4.67215e-07 0.000445741 0.000116193 
0.0140922 0.160924 0.00809757 0.042708 0.0884084 0.285955 0.00468237 0.0121596 0.000400504 0.00700345 0.00650093 0.018458 0.0664995 0.0117692 0.0107879 0.105197 0.0020991 0.0416483 2.01407e-10 0.0544681 0.00782466 0.000309977 0.040337 0.00966974 
1.15849e-06 4.31893e-05 4.59674e-10 0.00602004 1.97199e-05 0.831448 2.2535e-05 0.056226 6.27666e-10 8.27842e-06 2.53168e-06 3.83513e-05 1.52667e-05 4.64379e-10 1.0168e-09 2.69488e-05 1.4887e-07 1.5204e-05 1.48595e-09 9.29963e-06 0.00699078 1.10438e-09 4.43378e-05 0.0990678 
0.00108255 0.000548035 0.0031684 0.00619513 5.14253e-07 0.90907 2.684e-10 2.6624e-07 2.73619e-10 7.37559e-06 1.10796e-08 7.86731e-08 0.000105149 1.49783e-08 6.24447e-08 3.67858e-06 0.0383946 7.0025e-05 2.31387e-06 2.61958e-09 0.0406391 4.81434e-10 0.000712334 3.02447e-07 
0.00764693 0.0513564 0.00128582 0.00525687 0.0321018 0.25484 6.25689e-05 0.00524361 0.00162331 0.000966141 0.000319017 9.53355e-05 0.0220922 0.018614 2.10183e-07 0.0983726 0.000373869 0.0606202 5.42321e-05 0.171967 0.00200869 1.16927e-07 0.120011 0.145088 
0.00489582 0.0456006 0.000360325 9.59077e-05 0.0134938 0.527879 0.000701989 0.00127745 0.0262894 0.000187476 3.71631e-05 0.000145247 0.00277983 0.000548541 0.000813718 0.000740877 0.271744 0.000908828 9.29031e-12 0.0213327 0.0542649 1.4247e-05 0.0176883 0.00820008 
0.0547226 0.00478649 5.4865e-05 0.00707455 0.0558282 0.314693 0.000185157 0.00431491 0.000460497 3.43545e-05 0.000634041 0.000781376 0.0246529 6.63003e-06 2.49724e-09 0.000205574 0.0011135 0.0235762 3.64945e-09 0.0283504 0.0722926 1.9798e-05 0.187923 0.21829 
0.0241659 0.0279851 0.00578407 0.0513625 0.0060094 0.357111 0.00423328 0.0275843 0.000387332 0.00514368 6.98663e-05 0.00123216 0.0318492 0.0101365 0.000465787 0.00604738 0.0521414 0.00778672 0.0248576 0.0316675 0.273161 7.41778e-06 0.0395607 0.0112499 
0.101739 0.00221231 0.0340616 0.000796424 0.00121263 0.449526 1.30053e-05 0.00820688 0.000705976 7.71902e-08 8.42357e-08 0.000413339 0.027734 0.000336357 2.88679e-11 0.00841339 0.026999 0.00603379 8.76295e-09 0.0389173 0.185068 2.20106e-08 0.0656095 0.0420011 
0.00411065 0.00907967 0.00320879 0.0161119 0.00790859 0.636062 0.000129168 0.0119599 0.000784621 0.000968135 9.79233e-06 0.00250134 0.0145402 0.00112257 0.00442567 0.0134967 0.146851 0.00246352 3.58136e-05 0.0216417 0.023533 7.03072e-07 0.0249109 0.0541429 
0.0311693 0.00570228 0.00465689 0.00632489 0.00345932 0.525579 0.00656076 0.0698055 9.44182e-08 2.50046e-07 0.000110306 1.11102e-11 0.0189718 0.00625424 8.99444e-08 2.55422e-08 0.075375 0.000252058 2.65174e-11 1.51485e-06 0.0940046 4.78313e-09 0.151689 8.28015e-05 
0.0160586 0.000204996 0.000584306 3.41392e-05 0.00153704 0.882297 1.98242e-06 0.000559221 5.38189e-10 1.10881e-07 6.25184e-06 0.00156785 0.00140119 0.000421011 0.00490918 3.03359e-07 0.0105573 0.00014235 1.27412e-09 0.00188508 0.0592844 2.75604e-05 0.0178635 0.000656498 
0.00723127 0.0322492 0.00219718 0.00138602 0.00294763 0.382444 0.00964105 0.016147 0.0071881 0.0102326 0.000437497 0.000512152 0.00237331 0.0181813 9.13019e-07 0.00402085 0.00280649 0.00249544 1.82282e-07 0.00907812 0.0593419 4.93867e-06 0.133188 0.295895 
0.00639091 0.0369712 0.000672144 0.0447215 0.0400149 0.269819 0.004559 0.076049 0.0187992 0.0162597 0.00717613 0.00210265 0.148031 0.00146684 0.0003949 0.000192425 0.0342768 0.10015 5.54177e-10 0.0792288 0.0333142 2.38153e-08 0.0742365 0.00517304 
0.00298635 0.0300979 0.0125797 0.0471095 0.00325387 0.602225 8.67877e-06 0.0428583 0.0019042 0.00230961 0.00152535 3.31739e-09 0.0613337 0.0396777 0.0138447 0.00831384 9.12775e-05 0.000971618 3.26109e-07 0.033972 0.061007 8.11996e-05 0.0302331 0.00361525 
0.017658 0.0116441 0.00655483 0.0213121 0.0032731 0.607476 0.00156169 0.00357788 0.000519944 0.00385141 1.08984e-05 2.4356e-05 0.000977544 0.00740914 1.62624e-07 0.00979985 0.00620585 0.00887591 6.70978e-05 0.0238704 0.0831934 1.3936e-06 0.0515174 0.130618 
0.00437143 0.00744139 0.00011452 0.00199819 0.00591127 0.653041 0.000261984 0.113075 9.96988e-06 6.70636e-05 2.59655e-05 0.000397276 0.00315616 0.000358475 5.24132e-08 0.000666876 0.00233779 0.00128236 1.64805e-09 0.0426043 0.134143 9.25269e-07 0.00625308 0.0224817 
0.101333 0.0140942 0.0342594 0.0368559 0.00994802 0.342091 0.00218513 0.0323691 0.00324493 0.00245263 0.00204493 0.00205474 0.0202424 0.00702791 0.00241227 0.00471816 0.0449116 0.00930269 5.89946e-06 0.0439901 0.218562 3.50347e-05 0.0516349 0.0142237 
0.00357411 0.00359842 0.000614403 0.000145812 0.00309645 0.774852 0.000192686 0.0108923 1.50488e-06 0.000556711 6.64842e-08 0.000685914 0.011324 4.49403e-08 3.34891e-08 2.24912e-10 0.00410687 0.00239422 7.57752e-10 0.00166253 0.15802 2.71051e-06 0.00579233 0.0184861 
0.0402973 0.0118677 0.029827 0.0259737 0.0110601 0.380364 0.00712431 0.0234485 0.00136425 0.00455546 0.000626695 0.00132852 0.0158099 0.0130588 0.00366909 0.00446497 0.0640143 0.0112217 6.71819e-05 0.0389559 0.262389 0.000211748 0.0409631 0.00733715 
0.0266074 0.0118455 0.024943 0.042397 0.0264044 0.228214 5.228e-05 0.067284 7.20961e-06 6.08873e-05 1.80506e-07 4.15217e-05 0.012364 0.00366694 0.000418371 0.0013528 0.179389 0.0170504 6.22622e-11 0.130912 0.17712 2.77121e-08 0.0496133 0.000256652 
0.146839 0.00199564 0.00256834 0.000963303 0.0268443 0.543865 1.80214e-10 0.0168399 1.83718e-10 1.08654e-10 6.92481e-11 1.82229e-10 1.34413e-07 3.69538e-08 0.000538034 1.99224e-05 0.065337 0.00902874 4.34938e-10 4.25939e-07 0.0294574 7.03712e-08 0.154012 0.00168999 
0.086586 0.00345965 0.000649866 0.0103629 0.00240111 0.423847 0.000305585 0.0150401 1.61783e-05 0.000756162 7.8412e-06 3.50114e-08 0.00565596 0.000408223 4.42454e-05 6.83066e-08 0.26276 0.00477567 4.36664e-10 0.0728281 0.00958268 2.61359e-07 0.0995803 0.000932091 
0.0163762 0.0244693 0.00167622 0.00234613 0.0313273 0.421831 0.00172758 0.00165617 0.0232797 0.0125228 0.000237255 0.000498197 0.0272634 0.0894274 0.00130246 0.00711688 0.0633333 0.00236052 1.85084e-10 0.0169872 0.049449 1.39835e-05 0.103802 0.100996 
0.0125881 0.0080191 0.00186169 0.00404466 0.017304 0.454129 0.0286056 0.00705295 0.000535913 0.000137379 0.000105459 4.93881e-05 0.0105214 0.000635594 0.000645648 0.0139157 0.162065 0.00157941 5.20101e-08 0.152314 0.0773383 1.80136e-05 0.0291116 0.0174223 
0.0299499 0.00570667 0.00383486 0.00824698 0.00129326 0.656314 0.000211147 0.0822968 0.00120503 0.000372 1.91749e-05 0.000223151 0.00785664 0.00115674 1.13533e-06 0.0110136 0.00447399 0.00555271 3.05478e-07 0.0578371 0.0769177 8.33987e-06 0.033457 0.0120516 
0.0139394 0.00275334 0.0131037 0.00547222 0.00174879 0.752846 0.000456269 0.0210038 0.000707914 0.000557835 5.79453e-06 3.35569e-07 0.00106167 4.71692e-07 0.000389929 0.00870523 0.00769615 0.00212457 7.33108e-09 0.0632031 0.0330867 3.94052e-08 0.0703862 0.00075025 
0.0247372 0.00438664 0.0118653 0.00683085 0.000736964 0.732938 5.49929e-05 0.0292946 9.22754e-05 0.000705224 3.93984e-06 4.61747e-05 0.00210491 0.000583612 6.47498e-05 0.00188403 0.0371483 0.00319876 1.28944e-08 0.0165533 0.100462 1.21119e-08 0.0255118 0.000796745 
0.186531 0.0627353 0.00727875 0.00514573 0.0201547 0.242067 0.00222683 0.00697701 0.00386676 0.00494752 0.000109015 4.62883e-07 0.00710067 0.00790149 6.5715e-06 0.00197682 0.0461017 0.133248 1.80138e-10 0.0462026 0.0180026 9.50375e-05 0.0696472 0.127677 
0.014129 5.59272e-07 0.00380794 1.95971e-07 5.26863e-07 0.642023 0.00452063 0.0201332 0.00934808 7.80045e-08 0.000528187 1.49661e-07 0.00520533 2.63846e-07 6.66595e-07 0.00036059 3.56936e-06 0.0161046 2.49778e-11 4.19917e-06 0.00595654 0.00141903 1.75404e-06 0.276451 
0.0835613 0.00544387 0.00418182 0.0444182 0.00514386 0.262542 0.000260429 0.114721 0.00432896 0.000654885 6.42712e-05 0.000104504 0.00263278 0.0250895 4.9773e-05 5.33947e-05 0.0427875 0.0416588 1.72807e-09 0.055432 0.100641 0.000368198 0.193484 0.0123785 
0.010266 0.01565 0.00215062 0.0155708 0.0333009 0.429863 0.00168125 0.00390062 0.0147942 0.0107126 5.58901e-05 0.0023951 0.014217 0.0157657 0.0157653 6.42863e-07 0.00225776 0.0299395 1.32086e-08 0.135492 0.216864 1.47346e-10 0.0185104 0.0108469 
0.0915361 0.000186766 0.0801014 9.53677e-07 0.00207128 0.347346 0.00168006 0.000958326 9.75583e-08 3.8257e-09 0.000915992 1.72309e-06 1.43555e-09 3.751e-05 1.04791e-08 0.00314753 0.0369351 0.0893488 1.53141e-08 0.00116559 0.0457344 1.32357e-05 0.163581 0.135238 
0.0450793 0.00395566 0.00281908 0.0105424 0.000854204 0.553024 5.91467e-05 0.017288 0.00041136 5.61956e-06 9.78057e-06 6.22224e-05 0.0026074 0.000337821 0.000130252 9.0946e-05 0.122531 0.0179234 1.41624e-09 0.051911 0.142491 1.06987e-06 0.0225194 0.005346 
1.43223e-05 1.1993e-06 5.10252e-07 0.292493 9.26638e-07 0.569904 3.62088e-10 0.000352654 4.20874e-07 0.0123872 7.9389e-08 3.66137e-10 0.0112743 1.04471e-06 2.39641e-06 2.08103e-07 4.60745e-05 0.0414029 8.73884e-10 4.41409e-11 0.0650524 6.49484e-10 0.00706482 1.92466e-06 
0.00123512 0.0572718 0.0385476 0.0436768 0.0730666 0.189509 0.0116839 0.0109031 0.000185869 0.0265372 0.000119508 0.000121422 0.0559526 0.0221435 0.000208081 0.00294033 0.000813185 0.0158872 4.40266e-08 0.17882 0.0456026 8.90126e-06 0.184766 0.0399996 
0.0760125 0.00310921 0.0284893 0.00153149 0.00885773 0.237282 0.000288953 0.0353227 0.0506078 2.71314e-05 0.000128624 2.40609e-05 0.0045076 8.06502e-07 5.67283e-06 3.62191e-05 0.0195531 0.00306523 1.48918e-07 0.0911566 0.000746086 0.000101986 0.212246 0.226899 
0.0182517 0.061304 0.00340272 0.0511557 0.0330268 0.29399 0.00230831 0.0272993 0.000113572 0.00178135 0.108552 9.63615e-06 0.0512455 0.02086 0.002908 0.000439275 0.00561554 0.0497309 0.000180237 0.232835 0.0164546 1.90251e-05 0.0161756 0.00234138 
0.0810487 0.0162698 0.0328562 0.0180977 0.0249318 0.302911 0.00484156 0.0875686 0.000398669 0.00122812 0.000201185 0.00629293 0.0224863 0.00581894 0.000214379 0.00323212 0.0207518 0.00263679 1.80975e-09 0.120079 0.0365025 1.21077e-05 0.173137 0.0384824 
0.0966554 0.132131 0.0113116 0.00873693 0.0174587 0.331052 0.0647598 0.00664599 0.00209981 0.0300695 0.000336283 0.00225951 0.00693789 0.00129709 1.59197e-05 0.00044085 0.0411171 0.0144358 8.80861e-06 0.0441099 0.0216309 5.05629e-06 0.0203515 0.146132 
0.105311 0.00874262 0.00222855 0.0728773 0.0168794 0.327029 0.000759569 0.12064 0.00105971 0.0026017 0.000132212 0.00190555 0.00520553 0.000266018 0.00301379 8.91226e-05 0.0055319 0.131742 7.93451e-08 0.0599745 0.0392629 0.000278606 0.0651073 0.0293613 
2.80558e-06 5.74113e-10 0.00434547 0.00639919 1.07927e-06 0.856494 1.53815e-06 0.0211648 0.0246801 1.71531e-06 7.64215e-10 0.00113587 0.0125322 2.2119e-05 1.54141e-05 0.000593001 5.2107e-07 0.0238965 4.79993e-09 0.0115275 0.0105721 3.56738e-09 0.0266122 1.4399e-06 
0.0252601 0.00510782 0.00168902 0.0235686 0.00867165 0.621334 0.000638355 0.0146046 0.000383782 0.00990002 0.000232415 0.000263844 0.00641027 0.00164483 0.0132699 0.00770862 0.0743567 0.0322409 5.37717e-06 0.0245358 0.0614751 8.60762e-06 0.0521689 0.0145209 
0.000734741 0.067592 0.00014549 0.00430688 0.0272202 0.291374 0.0118557 0.0213425 1.6158e-05 0.00031774 0.0012242 0.103389 0.0380765 0.15839 0.00312374 3.62363e-08 0.000204286 0.105454 1.8972e-10 0.0310208 0.00620406 1.10399e-08 0.127037 0.000970928 
0.00898778 0.00868251 0.00515915 2.06887e-05 0.00636858 0.412995 0.0353381 0.000591154 0.000399145 2.96907e-06 0.000177401 2.38964e-08 0.0436268 0.000238094 0.000216965 0.00700833 0.0807626 0.00327226 2.56891e-09 0.0842553 0.0221464 1.32254e-05 0.121256 0.158481 
0.00470355 0.00552266 0.000160282 0.00694365 0.0056876 0.664706 3.78126e-05 0.117149 3.77123e-06 1.69161e-06 2.98939e-06 0.000238832 0.0225772 0.000494517 1.00384e-05 0.000290246 0.00791255 0.00166631 2.49898e-10 0.108578 0.0412605 7.06195e-09 0.0119615 9.0853e-05 
0.0357514 0.0123581 7.41169e-05 8.12306e-05 0.00134486 0.289754 0.000291362 0.00214339 0.0245156 0.00891411 0.00122935 5.8348e-09 0.184252 1.50678e-05 4.98284e-07 0.0384952 0.0533256 0.0538036 1.96312e-05 0.137839 0.10282 1.13352e-05 0.0382285 0.0147324 
0.0586939 0.0122745 0.00139411 0.00436409 0.0047545 0.434357 0.00531397 0.0415539 0.00982842 0.0100531 0.0120688 0.00623013 0.00933691 0.0189615 0.000114204 0.00285689 0.0607106 0.0238538 4.87638e-09 0.0423991 0.219408 8.03524e-05 0.0183563 0.00303537 
0.0227017 3.40052e-05 0.00167795 0.000270771 2.17536e-08 0.762155 0.000356508 0.000570515 0.0104631 9.59771e-05 0.000217487 1.29299e-11 0.000153789 0.000427212 0.000100555 5.23414e-07 0.0837229 5.49688e-06 3.08608e-11 0.000109022 0.116236 2.29362e-11 2.29028e-05 0.00067845 
0.153173 0.0181227 0.00309123 9.00202e-12 0.0151791 0.402427 1.19849e-07 1.83868e-07 0.00115393 5.71534e-07 0.000410612 0.00748919 0.00528056 2.94387e-11 1.57982e-07 0.106218 0.00262574 0.0150797 9.41999e-11 0.00430091 0.176726 0.000152248 0.0563286 0.0322396 
0.0296338 0.0792233 0.00126012 0.063569 0.181225 0.326229 0.00527673 0.0326436 0.00456476 0.0312948 0.000336954 0.00218861 0.0128751 0.00661949 0.00105701 8.78529e-05 0.0385576 0.0394328 1.04697e-06 0.0607777 0.0119871 0.000313285 0.0426034 0.0282417 
0.000912251 0.00218569 0.112267 0.0468801 0.124777 0.308663 0.000102637 0.0194196 3.60734e-05 0.0168154 1.50456e-06 0.000313711 0.0579737 2.55099e-10 9.28959e-06 0.00380039 0.0202137 0.0719142 1.0896e-06 0.0750577 0.0846226 4.2357e-05 0.052513 0.0014772 
0.000234687 0.0073691 0.100359 0.00201809 0.000162651 0.578395 0.0010191 0.00157712 0.00017271 2.36107e-05 1.9214e-08 5.05622e-08 0.00340931 0.000746032 7.10931e-05 0.0354058 3.65867e-05 1.64855e-08 1.2068e-07 0.0970002 0.000696011 2.45858e-06 0.094383 0.0769189 
0.077225 3.45561e-07 4.26449e-05 0.00913883 8.08758e-05 0.48453 6.78927e-06 0.000693499 8.20578e-05 0.000690264 3.59548e-07 0.000395326 4.86046e-05 4.32889e-05 0.118915 4.34807e-10 0.216751 1.77166e-05 1.46491e-09 2.79754e-05 0.0691303 3.40527e-07 0.0221504 2.92758e-05 
0.00968678 0.0136034 0.00805824 0.0113313 0.0147716 0.618406 0.00149407 0.0151735 2.70068e-05 0.00113866 0.0001047 0.00389379 0.00940865 0.0385182 0.0020271 0.00432646 0.0367335 0.00291326 2.00715e-06 0.0115602 0.175544 1.63478e-08 0.0190394 0.0022381 
0.00880846 5.00848e-07 0.00711801 0.0156227 3.28505e-07 0.669885 0.00027546 0.0466559 1.89837e-07 6.96021e-08 2.64049e-08 8.35875e-05 2.73524e-07 0.0561597 0.000303671 1.5488e-06 0.0471043 1.03994e-06 7.69989e-05 0.0361803 0.0996155 1.35639e-08 0.0121051 1.40184e-06 
0.0272889 0.0487842 0.00605295 0.142422 0.0390263 0.186793 0.00170417 0.0674277 0.000921914 0.075541 0.000172275 0.000817656 0.0403223 0.00512516 1.17217e-05 0.00182085 0.0406685 0.0148803 1.21591e-05 0.107244 0.057795 1.41581e-07 0.127462 0.0077061 
0.000466618 0.0160313 0.000512532 0.0102286 0.00384423 0.791914 0.00246577 0.00511517 0.000323845 0.000170624 0.000245131 3.67466e-05 0.00157969 0.000417131 1.03314e-05 0.00139071 0.0416826 0.00283423 6.24516e-05 0.0646553 0.00874961 1.94982e-05 0.0290423 0.0182022 
0.0242987 0.0124327 0.00127554 0.00319117 0.00382616 0.676147 0.00052815 0.00857913 0.000785184 0.0038955 7.90614e-05 0.00212062 0.00285186 0.000899535 0.00147617 0.0067945 0.143348 0.00587545 2.30216e-09 0.0331408 0.0311244 6.1216e-05 0.00754421 0.0297256 
0.0267722 0.00345475 8.09909e-06 0.0883752 0.002349 0.315669 0.000891368 0.0756762 0.000184984 0.0409575 9.16172e-05 0.00129167 0.01534 0.00508784 3.2369e-06 2.24501e-05 0.0516634 0.0416498 3.18269e-10 0.058823 0.0096849 5.19828e-08 0.259369 0.00263454 
0.00304686 0.0750634 0.00666396 0.00266145 0.0990757 0.473737 0.00225469 0.00301471 0.00142907 0.00441267 2.87326e-05 0.000132024 0.00359683 0.00332767 0.000233306 0.00313455 0.0723534 0.0759203 2.21007e-10 0.0884666 0.0345883 3.83356e-07 0.0457209 0.00113766 
0.258711 0.00866194 0.015128 0.0267398 0.0102561 0.501866 0.0020039 0.00664321 0.00604612 0.000221101 1.50018e-05 0.000492664 0.0198088 0.0235936 1.09994e-05 1.6737e-07 0.0178519 0.0272172 7.83847e-05 0.0184802 0.0301059 6.07454e-09 0.0239451 0.00212365 
0.034138 0.0339268 0.00379697 0.00333015 0.00077763 0.689238 0.000427295 0.0320694 0.000775471 5.88499e-08 8.64267e-05 0.00246309 0.00138559 9.13567e-05 0.000940181 1.34964e-10 0.000574329 0.00015294 4.54707e-10 0.08472 0.0339296 0.000479955 0.00426792 0.072429 
0.0150849 0.0253308 0.0521243 0.0137081 0.0191857 0.490867 0.00483129 0.00142379 0.00269057 0.000127717 0.000270922 0.00180552 0.00170285 0.00739897 3.74813e-05 0.00961852 0.0398918 0.00166888 5.30066e-06 0.0367685 0.266377 7.18967e-07 0.00668432 0.00239498 
0.0127661 0.0110721 0.0281115 0.201365 0.00340028 0.31825 0.000660349 0.125565 1.61744e-07 0.00022108 0.00325838 3.61997e-06 0.0107788 0.000127291 0.0249114 6.16839e-09 0.0131513 0.00479534 1.38566e-08 0.0638048 0.137255 9.23115e-11 0.0404971 6.3251e-06 
0.0895178 0.0164031 0.00922527 0.0717119 0.011525 0.345754 0.000447527 0.0114217 4.81448e-05 0.00245211 5.46071e-05 0.000166059 0.00216734 0.007817 8.69853e-11 0.00459427 0.0964156 0.0770787 1.2712e-10 0.0743948 0.0309657 2.14047e-07 0.113382 0.0344575 
0.0205222 0.114175 0.144426 0.0165254 0.0251868 0.169698 0.00721664 0.0671961 0.0133186 0.00611864 0.000632903 2.74603e-05 0.0157056 0.0167107 0.0377981 0.00506339 0.00861423 0.00785981 1.29041e-06 0.0661803 0.105432 2.47909e-07 0.144043 0.00754774 
0.0182909 0.00985023 0.00837082 0.0263927 0.00334509 0.281809 0.0113958 0.167922 0.00443823 0.00324236 0.000105973 2.36596e-05 0.0767768 0.0022592 0.000392872 8.53432e-05 0.00326918 0.0411977 2.6056e-08 0.0775794 0.0977748 3.35926e-05 0.148521 0.0169236 
0.00853676 0.0152546 0.052385 0.00154118 0.0413434 0.54958 0.00078709 0.000157543 6.73397e-06 0.00452996 4.68431e-05 0.00202335 0.0555173 0.00722405 0.000127656 0.00671361 0.0257515 0.017707 1.02643e-08 0.0420633 0.0439504 0.000462937 0.0962609 0.0280285 
0.00215543 0.012581 0.0102673 0.0155445 0.00596604 0.523381 0.0269048 0.000773391 9.56148e-07 3.75753e-06 2.52727e-05 9.48397e-07 0.0293775 0.0254789 6.97052e-05 0.0314711 0.00042957 0.0470071 0.000144071 0.023155 0.0130861 0.000109041 0.0378464 0.194221 
0.0156405 0.0158852 0.0210344 0.0198841 0.011364 0.634503 0.00182563 0.0190437 0.00139824 0.0025385 0.000553733 0.00205947 0.0133999 0.00815781 0.00693911 0.00701332 0.0321001 0.0123256 0.00292846 0.0433613 0.0775586 2.47743e-05 0.0400288 0.0104316 
0.00108255 0.000548035 0.0031684 0.00619513 5.14253e-07 0.90907 2.684e-10 2.6624e-07 2.73619e-10 7.37559e-06 1.10796e-08 7.86731e-08 0.000105149 1.49783e-08 6.24447e-08 3.67858e-06 0.0383946 7.0025e-05 2.31387e-06 2.61958e-09 0.0406391 4.81434e-10 0.000712334 3.02447e-07 
0.00678759 0.00528036 0.00136715 0.00418146 0.0117567 0.700502 0.000131577 0.0147566 0.049919 0.00119625 7.91529e-05 0.00159217 0.00340825 0.000212985 0.000673123 0.000126498 0.00874777 0.0154428 6.8296e-08 0.082352 0.0186788 0.000137573 0.0342307 0.0384391 
2.33817e-08 0.027676 0.00889097 0.00158073 0.00120868 0.417153 0.00061406 1.02563e-08 0.0693308 8.57447e-06 0.000152889 4.34409e-06 4.83527e-06 0.00298955 2.69614e-05 0.223454 0.00123622 1.39335e-08 1.01998e-07 0.00520347 8.1466e-06 8.44815e-05 0.011933 0.228439 
0.317393 0.00802081 0.000157137 2.91359e-10 0.0108213 0.329514 2.09179e-06 0.0154808 0.0592609 9.29863e-05 7.64463e-05 0.00125841 0.00745186 0.000813355 0.00446513 8.54016e-05 0.0134125 0.00114631 3.04887e-09 0.00229193 0.184581 2.26597e-09 0.0270393 0.0166348 
0.0290804 0.00571747 0.0175735 2.35227e-05 0.00735518 0.438149 4.3433e-05 0.00667319 0.000250644 4.03079e-05 2.84495e-12 0.000246495 0.0109492 5.58422e-12 1.32235e-06 7.50638e-05 0.00283011 0.00255202 1.78687e-11 0.38894 0.0543816 1.32803e-11 0.0276775 0.00744038 
0.0905119 0.00520148 0.0287552 0.0433694 0.00945773 0.2963 0.000135388 0.0508542 0.00194301 0.00228183 3.72126e-05 0.217679 0.0231419 0.00228399 0.000429162 0.00127379 0.0372589 0.024989 5.39889e-09 0.0235085 0.128461 2.96569e-06 0.0117792 0.000344929 
0.0115398 0.0085705 0.000451516 0.142538 0.0584995 0.245894 0.0144805 0.0238011 0.00741803 0.132487 5.25548e-05 4.18422e-05 0.0492745 1.34198e-05 2.75288e-05 0.000224952 0.00822952 0.0563228 2.21984e-06 0.0614462 0.123781 2.18893e-05 0.0475264 0.00735576 
0.0135905 0.0333625 0.0099751 0.0551285 0.00805821 0.661045 9.02099e-06 0.00274194 1.35625e-05 7.5201e-06 0.000558232 4.01464e-10 0.0131572 0.0190037 0.00802798 4.22575e-06 0.0010176 0.00369334 9.58202e-10 0.00687089 0.150796 1.43115e-07 0.0129348 3.73257e-06 
0.0338554 0.0226076 0.0186139 0.00304232 0.0261413 0.585341 0.00165109 0.0170897 0.0321423 0.00884591 0.000193203 0.00357895 0.00729642 0.00144653 0.000948647 0.00678835 0.0243765 0.0334397 6.4486e-06 0.0242802 0.0457979 0.000166759 0.0223721 0.0799783 
0.0434025 0.00804646 0.00830059 0.0308361 0.0207213 0.295684 0.00461687 0.0199958 0.000617625 0.009448 4.46921e-05 0.00132044 0.0224193 0.0029629 0.00437282 0.00384398 0.254488 0.0610913 8.00595e-06 0.032293 0.100925 2.92626e-05 0.0584416 0.0160905 
0.131693 3.04484e-12 3.33906e-07 0.00477356 4.929e-08 0.463448 0.0711712 2.55974e-12 1.07529e-11 1.53906e-07 4.05306e-12 1.06657e-11 0.00123917 7.95555e-12 0.000205321 1.2317e-07 0.000386832 1.80865e-08 2.54567e-11 1.39644e-07 0.326734 2.83986e-08 1.54181e-07 0.000348827 
0.0018602 0.0806627 1.29784e-05 0.0115624 0.0780317 0.174201 0.00113502 0.00472596 0.107929 0.00428762 2.19371e-05 0.0114059 0.148336 8.12803e-07 0.00237801 7.54606e-06 0.000230737 0.0763962 1.23344e-05 0.0221438 0.0291503 1.39218e-06 0.156708 0.0887995 
0.0965953 0.00610154 9.21982e-05 0.0104106 0.00467161 0.544388 0.00524895 0.00286056 0.0180809 0.0459789 0.000128777 0.00732061 0.00376858 0.000334143 0.000121558 0.000273043 0.103425 0.00771747 4.4565e-09 0.00746117 0.123085 5.44396e-09 0.00394694 0.00798941 
0.0294729 0.00304847 0.000993526 0.00192955 0.00393097 0.69086 0.0005087 0.00739368 0.00279512 3.29008e-05 3.99285e-05 0.000300405 0.00193179 0.00397483 0.00401873 4.92021e-07 0.0199391 0.00740147 4.36159e-08 0.0408825 0.163588 1.6208e-08 0.00668877 0.0102684 
0.00579992 0.123131 0.0019655 0.0695791 0.116793 0.221429 0.0114975 0.0616518 0.00348499 0.0157728 0.00617035 0.0611493 0.0536217 0.00429165 0.000696132 0.00514024 0.00482995 0.068767 6.7896e-05 0.0970084 0.0270174 0.000634981 0.0265844 0.0129157 
0.131693 3.04484e-12 3.33906e-07 0.00477356 4.929e-08 0.463448 0.0711712 2.55974e-12 1.07529e-11 1.53906e-07 4.05306e-12 1.06657e-11 0.00123917 7.95555e-12 0.000205321 1.2317e-07 0.000386832 1.80865e-08 2.54567e-11 1.39644e-07 0.326734 2.83986e-08 1.54181e-07 0.000348827 
0.00646649 0.0242534 0.0123951 0.00294263 0.0138149 0.29515 0.000171959 0.00995546 0.00197084 0.00202433 0.000213509 5.84247e-06 0.014532 8.11457e-07 1.41464e-05 0.0122469 0.00797921 0.0535268 1.08265e-10 0.0300845 0.0712943 5.10894e-06 0.255104 0.185849 
0.000464488 0.0161957 0.0261776 0.169632 0.00199737 0.329589 0.00782661 0.000404527 0.0115606 6.521e-08 0.000195847 0.0563234 0.0919525 0.0325656 1.78619e-07 0.0041727 0.000283977 0.0280351 2.61032e-07 0.0621974 0.00769175 4.77732e-06 0.105315 0.0474142 
0.00438887 0.0479512 0.00542732 0.0134325 0.00661585 0.48599 0.0212555 0.01027 0.00215199 3.70563e-06 3.85339e-07 0.00585513 0.0030302 8.5632e-05 0.00231901 0.010371 0.0336791 0.000290939 1.76108e-05 0.0360174 0.0478911 1.50541e-07 0.0768094 0.186146 
0.139538 3.69921e-05 0.0576875 8.12412e-06 0.00323263 0.346437 1.23424e-05 8.45179e-06 2.84579e-06 0.000185402 2.21952e-06 5.88655e-09 4.72803e-06 0.00104431 4.82919e-06 0.00241472 0.000703192 0.00942711 1.40498e-08 0.0300088 0.0248937 1.04421e-08 0.090069 0.294278 
0.157387 0.0285501 0.00120964 0.0280173 0.00864239 0.213214 0.000287586 0.0280482 3.10871e-05 0.00259357 6.2017e-05 0.00476605 0.00996054 0.00875842 0.000457258 0.0200411 0.138939 0.00378303 1.48588e-05 0.161913 0.0213184 2.47698e-06 0.0441374 0.117866 
0.00254612 0.000945049 0.000904518 0.000810586 4.65956e-07 0.420401 0.000590119 0.0276639 0.00602133 3.34185e-05 0.000322505 1.32477e-07 0.00693898 0.000272311 5.89703e-07 6.86312e-05 0.00519281 0.0026002 3.21917e-10 0.0077653 0.00231684 6.27362e-07 0.161733 0.352872 
0.0298561 0.0521224 0.00581754 1.03347e-05 0.00107134 0.434106 0.0350277 3.51811e-08 0.000193989 1.57387e-05 5.57053e-08 0.00201916 6.48089e-05 0.00193606 0.00192443 0.17071 0.00100617 0.00682405 3.49877e-07 1.67448e-05 0.0489345 2.60034e-07 0.154437 0.0539043 
0.00306859 0.0120925 0.00196635 0.00308439 0.0205903 0.575467 0.00612193 0.00132089 0.00524991 0.00127394 7.95713e-05 0.000226413 0.0097309 0.000337654 0.00525909 0.00338278 0.15068 0.0303356 6.38615e-11 0.0697181 0.0320965 7.06972e-08 0.0412176 0.0266998 
0.000275495 0.0130527 0.0150565 0.000991018 0.00206411 0.391573 0.0030973 1.38593e-06 4.76891e-07 1.30256e-07 5.20919e-07 0.2642 2.40936e-06 2.17771e-06 3.80791e-09 1.14858e-06 0.00226293 0.0289917 5.56486e-09 0.0712847 0.113005 2.70742e-08 0.0904199 0.00371722 
0.0648074 0.0237188 0.0134917 0.039156 0.019389 0.456725 0.00259821 0.066841 0.000808384 0.000378164 0.0366766 0.0121206 0.00573868 0.000650617 0.0218953 0.00126286 0.059864 0.00904668 7.76496e-07 0.0141276 0.116347 7.94914e-07 0.0306887 0.00366622 
0.000899753 0.000211659 2.33924e-06 0.0905548 0.000269584 0.394549 1.28587e-09 0.0029086 4.68371e-08 0.0128589 1.26708e-07 0.00201877 0.0327347 1.52982e-05 3.3582e-07 3.61261e-07 0.200358 0.020597 3.10339e-09 0.00535045 0.120166 2.30649e-09 0.116505 3.74377e-07 
0.0482524 0.0146271 0.00123293 1.33238e-06 0.00122618 0.438967 0.0185639 0.0190346 0.000979061 6.96785e-08 3.47307e-08 8.40771e-07 0.0120742 1.10051e-05 0.00345513 1.01099e-10 7.04879e-06 0.000485548 3.40611e-10 0.114681 2.6725e-06 2.73572e-08 0.123033 0.203365 
0.0130685 0.00927969 0.00695968 0.00708097 0.000781599 0.389642 1.95608e-06 0.00195726 0.00079309 0.00195635 0.000143535 2.18639e-07 0.000374221 0.00426977 0.0018608 0.000298192 0.00141042 0.00440399 3.42958e-09 0.0166172 0.0867067 4.25394e-05 0.15427 0.298082 
0.00414146 0.0018836 0.0042024 0.0012937 0.00612007 0.790047 0.0179759 0.0175953 9.93919e-05 1.52195e-06 1.76903e-05 0.0382287 0.00345332 5.85325e-06 4.37591e-05 1.67379e-08 0.0819232 0.000226444 2.20046e-09 0.0128379 0.0101389 6.38315e-07 0.00912263 0.000640293 
0.023581 0.0198728 0.00415796 0.0315048 0.0115185 0.459265 0.0554906 0.000208505 0.0183975 0.000369132 5.01139e-05 1.62284e-11 0.0211022 0.00033297 0.000195065 0.00424723 0.0643892 0.000300243 0.0244125 0.0620594 0.108714 5.14347e-05 0.0423512 0.0474288 
6.75095e-06 0.0427642 0.00906223 0.000385564 0.152333 0.305398 0.000136812 2.04284e-05 0.0335105 1.82687e-06 0.000153781 2.4714e-05 0.0178801 0.0061932 2.94007e-06 0.0159885 8.08552e-06 1.29338e-05 3.22671e-08 0.0869691 0.0283919 7.00281e-06 0.0786035 0.222146 
0.0280714 0.0320999 0.0148962 0.00558841 0.0311129 0.322293 0.0718082 0.0461428 0.00333517 0.00166217 0.000174458 0.0361479 0.0374504 0.0133382 0.000165417 0.0146326 0.0286762 0.0245757 1.123e-05 0.167262 0.0286761 7.21816e-05 0.0600165 0.0317909 
0.0217691 0.00133493 0.0106979 1.0375e-07 0.000744826 0.65044 0.149115 0.0233137 9.34371e-05 0.000179996 0.000323002 1.17675e-11 0.0097954 5.33183e-07 3.0959e-09 0.000449881 0.029817 0.0285149 1.35736e-09 0.014386 0.0447613 1.37904e-05 0.00684084 0.00740826 
0.0134322 0.0522674 0.00823486 0.0110721 0.0182481 0.421558 0.00105402 0.0201566 0.00435737 0.00255662 0.00579275 0.000451543 0.0380914 0.00244492 0.00176836 0.0278047 0.112335 0.0103182 0.000701508 0.0528652 0.135526 1.88988e-05 0.034717 0.0242271 
0.0268914 0.00914909 0.0216931 0.0184101 0.00645684 0.612909 0.00754393 0.0289404 0.0014576 0.00127527 2.88147e-05 0.00194206 0.00915425 0.00375633 0.00024564 0.00297021 0.0288972 0.0124699 0.00110658 0.0564537 0.0987439 1.56662e-06 0.0427113 0.00679233 
0.162012 0.0143243 0.0596253 0.0354228 0.00189547 0.388908 0.00267254 0.0246647 0.0308953 0.000788238 4.89794e-05 0.00294998 0.0100227 0.000137644 1.72638e-05 2.92151e-05 0.0716087 0.000332038 2.58907e-09 0.0573115 0.0561422 0.000248885 0.0227701 0.0571724 
0.00362353 0.0416619 0.00657104 0.00253582 0.0250233 0.641139 0.00229847 0.000328498 0.0171489 0.000574772 2.81168e-05 6.28513e-06 0.00499584 3.03779e-05 0.035315 0.00469274 0.107496 0.00395229 9.05016e-09 0.0696453 0.0292119 6.58601e-11 0.00199476 0.00172654 
0.00633779 0.00182753 0.00822507 0.00995932 7.01925e-07 0.840502 0.000129353 0.000430975 3.19521e-10 0.000352815 1.20436e-10 4.40311e-07 0.000814035 0.00133283 7.57624e-09 0.000723558 0.000163286 0.00149377 3.74334e-08 0.000734797 0.0623287 5.62198e-10 0.0639974 0.000645529 
0.00128775 0.222613 0.0137598 0.000442856 0.0364471 0.253961 0.116885 0.00183849 2.1619e-06 0.00618922 0.0402691 0.0124746 0.104482 0.0181137 1.16011e-06 0.000120401 1.5366e-06 0.0269262 9.67003e-09 0.00423226 0.00128018 0.000447258 0.0598004 0.078425 
0.0642451 0.0538193 0.0223114 0.00100202 0.00222001 0.284793 0.0234057 0.0130341 0.00743135 1.5309e-05 0.000193679 0.000912527 0.00746126 0.0119887 3.57705e-05 0.00175278 0.0202539 0.0351904 3.69876e-07 0.00869223 0.00477876 7.08044e-05 0.186521 0.24987 
0.0248866 0.0330509 6.9205e-05 0.0354068 0.0586141 0.294192 0.0021023 0.000306839 0.00702762 7.27927e-05 0.000141512 4.48167e-05 0.0182065 0.00370716 0.00145921 0.00586829 0.00791136 0.0912999 4.39957e-09 0.0310129 0.00694059 0.00196581 0.189271 0.186441 
0.0197996 0.021872 0.0041457 0.0124536 0.0036189 0.402528 0.000352059 0.0295329 0.0040117 0.000899131 5.79455e-05 0.000307695 0.00419505 0.00566899 0.00103236 0.00931301 0.279091 0.00471351 7.80428e-06 0.125247 0.0615646 2.96801e-06 0.00638889 0.00319654 
0.0354837 0.0151868 0.00268155 0.0196083 0.0114658 0.354108 0.00730871 0.0211551 0.000247428 0.00165584 0.000751953 0.00981222 0.0174164 0.00772876 0.010225 0.00338255 0.113051 0.0273256 4.96635e-06 0.025486 0.256418 0.0161539 0.0395804 0.00376306 
0.0133664 0.0046709 0.0011243 0.0040314 0.0193804 0.683655 0.000529434 0.16505 0.000944362 0.00148959 5.60978e-05 0.00120214 0.0166407 0.000435383 0.000100077 0.000354338 0.0294389 0.0100533 1.09621e-09 0.0194881 0.00952208 1.72341e-05 0.00456764 0.0138826 
0.131693 3.04484e-12 3.33906e-07 0.00477356 4.929e-08 0.463448 0.0711712 2.55974e-12 1.07529e-11 1.53906e-07 4.05306e-12 1.06657e-11 0.00123917 7.95555e-12 0.000205321 1.2317e-07 0.000386832 1.80865e-08 2.54567e-11 1.39644e-07 0.326734 2.83986e-08 1.54181e-07 0.000348827 
0.035056 0.0174634 0.0434398 0.0119133 0.0134738 0.456725 0.00660355 0.0174891 0.0021118 0.00259982 0.000513656 0.00164063 0.0120496 0.0107965 0.0030447 0.00870061 0.0926261 0.00849815 0.000110502 0.0368755 0.160582 0.00249507 0.0410371 0.0141537 
0.0021875 0.010038 0.0220782 1.16171e-06 0.0327588 0.333553 4.12068e-06 0.109427 3.74035e-07 2.42346e-06 0.000153921 2.59476e-06 0.00562806 0.00300957 2.14872e-08 5.82647e-06 8.22157e-05 0.00330899 8.9779e-10 0.0228611 0.0620019 8.44338e-06 0.275125 0.117763 
0.0488835 0.00575799 9.29997e-08 3.32948e-07 5.68255e-07 0.900905 0.00112262 0.00827328 1.32639e-07 1.31478e-07 2.02091e-07 1.29368e-05 7.84546e-07 2.16291e-09 0.000376075 1.16354e-11 0.0270893 0.00217967 3.92009e-11 3.47776e-07 0.00383197 1.59393e-08 0.00124143 0.000323501 
0.00721319 0.126894 0.00302899 0.174177 0.00668076 0.280185 7.71366e-05 0.0390043 0.00197002 0.00159894 1.18876e-05 0.000381187 0.0194555 0.000924407 0.000122767 0.0119841 0.0638579 0.011699 1.57761e-07 0.106252 0.0143517 3.87393e-07 0.116495 0.0136343 
0.00786749 0.00132054 6.96464e-10 0.011417 0.00140388 0.551193 7.16833e-07 1.53085e-06 5.73723e-07 5.62435e-10 0.00115749 9.43284e-10 0.000172025 2.55012e-06 2.09536e-05 6.68249e-10 0.00011399 0.000188898 2.2514e-09 0.0102006 0.00188353 7.00626e-07 0.0444538 0.368601 
0.0387335 0.0094244 0.000973916 0.0112913 0.00462197 0.327076 0.00238961 0.0200253 0.000210278 0.00308391 1.42666e-05 8.19778e-10 0.0332211 0.00153257 1.13046e-05 1.69852e-06 0.000324014 0.0418913 1.95662e-09 0.159865 0.00906431 7.40337e-05 0.244948 0.0912217 
1.02657e-05 3.43091e-06 0.0822416 0.00203536 5.07317e-10 0.550361 0.000637122 1.64663e-05 2.20253e-09 1.30262e-09 8.30191e-10 1.24359e-06 0.00817448 0.236522 3.56804e-09 3.04506e-06 5.21874e-10 0.0291824 5.21431e-09 0.00396577 0.0648118 3.87536e-09 0.0220348 1.10234e-09 
0.00508624 0.0284941 0.0331981 0.111938 0.020709 0.196379 0.000139023 0.0586852 0.00122937 0.02333 2.45866e-05 0.00022364 0.0205779 0.0223801 0.000139914 0.000621145 0.00300073 0.0834659 1.29264e-06 0.094684 0.0905679 3.07269e-05 0.0697153 0.135379 
0.142338 0.0181159 0.023385 0.00894786 0.0204166 0.284715 0.0450649 0.0231679 0.000158942 0.000411389 1.87289e-06 4.94494e-05 0.0193563 4.76958e-08 0.00803233 0.00135949 0.0270862 0.000867771 1.04322e-11 0.103815 0.217419 6.43265e-09 0.0504014 0.00488983 
0.0111843 0.00836577 0.073445 0.0105996 0.00942692 0.425471 0.000438153 0.00119841 0.000766588 0.000809196 5.33531e-08 0.0177587 0.0669047 0.0672555 0.0216467 0.00793518 0.00381859 0.0014169 5.31999e-05 0.011024 0.123985 5.0471e-10 0.106165 0.0303316 
0.0157112 0.004418 0.00227004 0.00521842 5.17221e-05 0.778288 0.0255961 5.8419e-07 0.0098124 0.0258551 1.86943e-05 9.04401e-06 0.00388031 0.000104445 4.6759e-05 0.0108702 0.00155399 0.010634 2.33941e-07 0.0050716 0.0203618 5.14991e-06 0.0435257 0.0366967 
0.0193336 0.0228315 0.00125702 0.00730354 0.0186818 0.534861 0.000571131 0.00888732 0.000525141 0.000456976 2.48903e-05 0.00741527 0.0170569 0.00695494 0.00379717 0.034751 0.083084 0.00266774 1.94431e-07 0.0683348 0.0435891 6.69417e-06 0.0428088 0.0747993 
0.0305228 4.424e-06 0.029633 0.000446846 4.4242e-06 0.749962 4.42118e-06 4.42417e-06 4.42109e-06 4.42275e-06 4.42362e-06 0.000888649 0.014162 4.42217e-06 4.41859e-06 4.4223e-06 0.0566339 4.42383e-06 4.41556e-06 0.00221675 0.107947 4.41802e-06 0.00752565 4.42311e-06 
0.039209 0.00603877 0.000617965 0.00326282 0.00248602 0.693063 0.000484203 0.00232716 4.73619e-06 3.57939e-05 2.50509e-06 1.15292e-05 0.0167759 0.000118446 3.23061e-05 0.00439208 0.0498637 0.000687879 1.16991e-08 0.0123671 0.167768 1.29787e-06 0.00035038 9.84726e-05 
0.0629329 0.101526 0.0282064 0.0331959 0.0562641 0.31886 0.000334515 0.0261444 0.00141381 0.00080049 5.96586e-05 0.000106377 0.00599155 0.000169995 0.0012605 0.0125788 0.0291018 0.00946877 1.44006e-07 0.0927839 0.0430562 4.9503e-06 0.155289 0.0204493 
0.0305507 0.0113154 0.00248149 0.0106804 0.00992056 0.496478 0.00760865 0.0142062 0.0025588 0.00184987 0.00810991 0.00957061 0.0168685 0.00465963 0.000209737 0.00408635 0.198905 0.00401027 1.90691e-07 0.0352566 0.100746 9.32109e-06 0.0188169 0.0111006 
0.116465 2.65701e-12 0.000674552 0.00448132 4.67532e-05 0.405377 0.171401 2.2337e-12 9.38329e-12 0.000177505 3.53681e-12 9.30723e-12 0.00131792 6.94223e-12 0.000184706 9.57115e-05 0.000458931 4.49244e-06 2.22142e-11 0.000722407 0.297768 2.04919e-06 0.000480375 0.00034119 
0.0019008 0.00322927 1.94957e-06 0.00260046 0.000982948 0.796185 4.07877e-05 0.137887 5.84364e-06 3.12772e-07 3.57272e-06 0.000105892 0.00174201 6.04902e-05 1.82882e-07 5.75272e-05 0.00117548 0.000541566 9.78186e-09 0.0315231 0.0207341 1.28131e-07 0.00112543 9.65052e-05 
0.00149896 0.00585916 0.00127086 0.00277085 0.0029755 0.712664 6.25947e-10 0.000160661 7.58727e-09 0.000112993 4.91254e-12 4.06844e-05 0.0436242 0.000174653 2.11134e-11 0.0164668 3.08812e-12 0.00111057 2.26401e-08 0.00279241 0.208414 1.15318e-06 2.52781e-05 3.66655e-05 
0.00130609 0.105431 6.14715e-05 0.00496933 0.00198958 0.260338 0.105371 0.0955759 0.00345657 4.22675e-07 0.000216039 1.47439e-06 0.000625452 9.08432e-07 9.43312e-07 1.82155e-09 0.0277688 0.256532 6.13699e-09 0.0519167 0.000465475 3.38499e-05 0.0106382 0.0732999 
0.131693 3.04484e-12 3.33906e-07 0.00477356 4.929e-08 0.463448 0.0711712 2.55974e-12 1.07529e-11 1.53906e-07 4.05306e-12 1.06657e-11 0.00123917 7.95555e-12 0.000205321 1.2317e-07 0.000386832 1.80865e-08 2.54567e-11 1.39644e-07 0.326734 2.83986e-08 1.54181e-07 0.000348827 
0.176335 0.0131361 0.0423444 0.0270014 0.00655713 0.280433 0.00296907 0.041612 0.00334541 0.00346884 0.00334957 0.010795 0.0087518 0.00573789 0.00492796 0.00284157 0.0584714 0.00929743 0.000302747 0.0395146 0.223906 0.00192349 0.0243465 0.00863082 
0.0105419 0.00381207 0.00022363 0.00194728 0.0264409 0.316749 0.154947 1.60273e-06 0.0026362 0.0282466 0.00316661 7.78437e-06 0.0077838 1.28299e-07 0.000305438 0.000205223 0.0157929 0.0170064 5.18796e-10 0.0467369 0.00937096 1.85418e-05 0.139272 0.214787 
0.00108255 0.000548035 0.0031684 0.00619513 5.14253e-07 0.90907 2.684e-10 2.6624e-07 2.73619e-10 7.37559e-06 1.10796e-08 7.86731e-08 0.000105149 1.49783e-08 6.24447e-08 3.67858e-06 0.0383946 7.0025e-05 2.31387e-06 2.61958e-09 0.0406391 4.81434e-10 0.000712334 3.02447e-07 
0.0505108 0.0160949 0.0261266 0.0258162 0.0147666 0.432658 0.00302111 0.02302 0.00213122 0.00561264 0.000427717 0.00225541 0.019676 0.00862092 0.00180527 0.00433299 0.0949601 0.0153605 0.000316509 0.0664708 0.10029 0.00189814 0.0642526 0.0195755 
