7.08758e-08 1.94961e-06 0.0046142 0.073019 0.000168021 0.0187396 2.01926e-10 0.480838 5.60224e-07 0.00305014 3.61853e-07 1.16562e-07 0.000926121 0.332236 3.33476e-10 0.00259307 1.39335e-06 0.00270955 4.8734e-10 0.0605869 0.00695558 3.62199e-10 0.0135588 1.20943e-07 
0.00108668 0.0289059 0.00101822 0.0173519 1.62618e-06 0.742211 1.92768e-09 0.00698223 1.24336e-05 0.00441668 5.01365e-05 2.59992e-07 0.00546884 8.46813e-05 2.07248e-07 0.0208551 0.0284075 0.000283218 4.65236e-09 0.0366718 0.0370641 3.45771e-09 0.0671367 0.00199051 
0.00108255 0.000548035 0.0031684 0.00619513 5.14253e-07 0.90907 2.684e-10 2.6624e-07 2.73619e-10 7.37559e-06 1.10796e-08 7.86731e-08 0.000105149 1.49783e-08 6.24447e-08 3.67858e-06 0.0383946 7.0025e-05 2.31387e-06 2.61958e-09 0.0406391 4.81434e-10 0.000712334 3.02447e-07 
0.00134884 0.00369082 0.0202343 0.0186184 0.0123535 0.046433 3.74613e-06 0.333358 0.0179308 0.000408813 0.0419701 7.74396e-05 0.045942 0.240586 0.000191148 2.00156e-05 0.000162873 0.00890444 3.86113e-06 0.0182904 0.0641346 1.13556e-05 0.118352 0.00697262 
6.51904e-05 0.0193013 0.0199313 0.0123944 0.0503176 0.036407 1.52112e-05 0.00762136 0.008845 0.00192454 0.000246558 0.00463195 0.0639473 0.00721227 6.64254e-05 0.00947963 0.000577101 0.000123058 0.000248063 0.0292592 0.00646276 0.000194809 0.0524217 0.668306 
0.00135839 0.000809187 0.000904407 0.00266434 0.0243868 0.00831666 7.76225e-07 0.000373144 0.0238517 0.000330159 3.49711e-06 0.00626886 0.00740013 0.73105 2.28331e-05 0.00488659 0.000594964 0.00890712 1.87338e-06 0.0448304 0.000822446 2.60305e-06 0.00428756 0.127926 
0.00108255 0.000548035 0.0031684 0.00619513 5.14253e-07 0.90907 2.684e-10 2.6624e-07 2.73619e-10 7.37559e-06 1.10796e-08 7.86731e-08 0.000105149 1.49783e-08 6.24447e-08 3.67858e-06 0.0383946 7.0025e-05 2.31387e-06 2.61958e-09 0.0406391 4.81434e-10 0.000712334 3.02447e-07 
0.00317886 0.00891141 0.0888498 0.0061783 0.238676 0.129431 1.71396e-08 0.0097526 3.23571e-08 0.000912122 0.16482 5.32855e-08 0.014919 0.00306772 0.0011164 0.00140825 0.00120881 0.0448 5.01749e-08 0.158858 0.0625729 0.000349399 0.060785 0.000205796 
3.188e-05 0.000378055 0.00652961 6.01708e-05 0.0516891 0.00250754 6.7342e-07 0.000231392 0.833301 3.50062e-05 0.000106543 0.00290318 0.00856609 0.000474054 0.000563321 0.0548169 0.012466 0.0048074 0.00141377 0.000334392 0.0086597 1.20792e-06 0.00749275 0.0026302 
0.00253978 0.0048421 0.0131483 0.00181119 0.000983033 0.00514811 2.88701e-07 0.00287262 0.00565115 0.0044736 0.00031073 0.000934464 0.00211628 0.00250432 4.76783e-07 0.00194424 0.000418486 0.00322677 6.96767e-07 0.000563147 0.0041238 5.17848e-07 0.000625964 0.94176 
0.000399457 0.126782 0.000476666 0.00490275 0.000364997 0.0971194 1.50669e-07 0.000960253 8.50106e-05 0.000435942 3.18849e-05 1.52354e-07 0.00437731 0.0285825 9.25394e-05 0.10635 2.51835e-06 0.0038441 4.43851e-05 0.00549161 0.01306 0.000230678 0.144569 0.461796 
1.39935e-06 0.0123334 0.0164727 8.9236e-05 0.0169558 0.0646872 1.36761e-09 0.000109125 0.00133107 0.000168014 1.24999e-05 1.3829e-09 0.0219359 0.000324065 0.000382797 0.0271623 0.00470867 5.99081e-07 3.30066e-09 0.00690939 0.00718314 4.44778e-08 0.806545 0.0126878 
6.06696e-05 0.0885752 2.26162e-05 0.0124463 0.404977 0.0258546 4.66989e-06 0.00100292 0.0580035 0.00200697 0.00334961 0.000110099 0.0831256 0.0450789 0.179899 0.000210451 1.22504e-05 0.0142791 1.95991e-05 0.0196456 3.80469e-05 4.51131e-05 0.0586727 0.00255918 
0.000144083 0.0711333 0.000111823 0.110427 0.00208806 0.0387291 2.96817e-08 0.708454 3.65207e-05 0.000369504 6.95278e-08 5.0502e-05 0.0051192 0.000980665 0.00420934 0.00235558 1.00227e-07 0.00832003 7.13294e-08 0.0314874 0.000545775 8.69855e-08 0.0131335 0.00230475 
0.0174706 0.159274 0.00350065 3.35315e-07 0.348559 0.0785509 6.17744e-11 2.26309e-08 6.11577e-09 0.000837564 1.11815e-07 0.000924887 1.09109e-06 0.000345341 1.02019e-10 0.0491834 6.72056e-05 0.0112337 1.4909e-10 0.202219 1.72493e-07 4.84681e-07 0.033865 0.0939668 
0.0406128 0.0230539 0.389641 0.0144216 0.00687179 0.204814 3.78362e-08 0.00543597 0.0014433 0.00075584 0.0785329 4.93463e-06 0.00884027 0.00405091 7.44635e-05 0.00225939 0.0132133 0.0117987 0.000243456 0.0234456 0.0076027 7.59452e-05 0.0820642 0.0807435 
1.1997e-05 0.00306685 0.000253633 0.205079 0.0980493 0.0199275 2.70776e-09 0.0183191 0.000422394 0.0119513 5.65252e-07 2.73804e-09 4.42034e-05 0.0666225 1.73373e-05 0.260526 9.35701e-07 0.000638906 1.66073e-07 0.0157369 0.000502717 3.79912e-06 0.100226 0.198598 
0.00108255 0.000548035 0.0031684 0.00619513 5.14253e-07 0.90907 2.684e-10 2.6624e-07 2.73619e-10 7.37559e-06 1.10796e-08 7.86731e-08 0.000105149 1.49783e-08 6.24447e-08 3.67858e-06 0.0383946 7.0025e-05 2.31387e-06 2.61958e-09 0.0406391 4.81434e-10 0.000712334 3.02447e-07 
0.000183889 0.00319704 0.940199 0.00132742 0.0383528 0.00359364 7.33946e-13 5.31139e-08 8.6735e-05 0.000456687 2.11672e-06 0.00126327 0.00162988 0.00144687 0.000144509 2.02683e-07 0.000104696 0.00751629 1.77135e-12 5.88998e-08 0.000150941 1.31649e-12 3.41696e-08 0.000343393 
5.30866e-07 0.0755739 0.00181652 0.0321742 0.317496 0.00319451 4.54686e-10 0.0285682 4.63527e-10 0.00285912 0.000281863 0.00277837 0.0643515 3.83507e-07 7.50902e-10 5.41215e-06 6.80167e-07 0.0789182 8.0199e-08 0.0418585 9.15407e-07 8.15578e-10 0.304531 0.0455904 
7.52013e-06 0.0169812 0.00127167 0.052975 0.0539916 0.0134507 4.59315e-08 0.021582 3.03086e-06 0.000267502 0.00168844 1.13622e-05 0.0883125 2.19395e-05 4.91659e-06 0.0914062 0.000211287 0.00228456 3.1299e-05 0.0686354 0.00797151 2.37419e-05 0.578615 0.000251338 
3.94517e-07 0.0600175 0.0227003 0.000884225 0.000455239 0.0254669 9.81749e-09 4.64614e-07 5.97519e-05 4.65516e-05 3.47198e-07 7.50692e-07 0.0122279 0.0072856 0.000395714 0.0753843 4.62452e-07 1.09492e-06 2.36941e-08 0.0188673 0.0123809 4.1182e-07 0.00646595 0.757358 
0.000627272 0.328301 0.0350916 0.000474939 0.00300555 0.0395798 5.50186e-09 0.034959 0.00750999 6.87805e-06 0.000204821 5.56338e-09 0.00144891 1.96608e-06 9.34821e-05 0.00258717 0.00094025 1.59479e-05 1.32785e-08 0.0817428 0.00803881 9.86878e-09 0.0626247 0.392745 
0.00108255 0.000548035 0.0031684 0.00619513 5.14253e-07 0.90907 2.684e-10 2.6624e-07 2.73619e-10 7.37559e-06 1.10796e-08 7.86731e-08 0.000105149 1.49783e-08 6.24447e-08 3.67858e-06 0.0383946 7.0025e-05 2.31387e-06 2.61958e-09 0.0406391 4.81434e-10 0.000712334 3.02447e-07 
3.73887e-05 0.00623893 2.83966e-05 3.25511e-05 0.26008 0.079139 7.36038e-08 1.1629e-05 0.0173392 0.134305 2.29888e-06 0.00113933 0.072989 3.73867e-05 2.23003e-05 0.178738 7.79591e-05 0.0512355 1.77639e-07 0.17786 0.000146816 0.000244365 0.0180893 0.00220517 
1.39935e-06 0.0123334 0.0164727 8.9236e-05 0.0169558 0.0646872 1.36761e-09 0.000109125 0.00133107 0.000168014 1.24999e-05 1.3829e-09 0.0219359 0.000324065 0.000382797 0.0271623 0.00470867 5.99081e-07 3.30066e-09 0.00690939 0.00718314 4.44778e-08 0.806545 0.0126878 
0.000258283 0.0103003 0.00424374 0.0587068 0.0647991 0.0126295 6.54456e-07 3.49671e-06 0.000153808 3.53469e-05 5.77393e-06 7.61793e-07 0.0155034 0.00531553 3.67395e-06 0.000946379 0.000162165 0.0269806 5.17329e-05 0.154131 0.000185551 0.000687393 0.26433 0.380565 
1.39935e-06 0.0123334 0.0164727 8.9236e-05 0.0169558 0.0646872 1.36761e-09 0.000109125 0.00133107 0.000168014 1.24999e-05 1.3829e-09 0.0219359 0.000324065 0.000382797 0.0271623 0.00470867 5.99081e-07 3.30066e-09 0.00690939 0.00718314 4.44778e-08 0.806545 0.0126878 
4.68636e-05 0.0599966 0.0150943 0.00787886 0.000454056 0.016741 5.05622e-09 3.07678e-07 5.82482e-05 4.56827e-05 2.29627e-07 4.96225e-07 0.0122229 0.00727431 0.000392058 0.0753572 3.06245e-07 7.25432e-07 1.2203e-08 0.0188607 0.0161172 5.91492e-05 0.00646013 0.762938 
0.00010352 8.9485e-05 0.000404351 0.252219 0.000603473 0.158081 4.86827e-08 0.000718968 4.96293e-08 0.347802 1.39146e-05 4.92271e-08 0.00453363 0.000314687 0.000292955 0.000171058 0.000140543 0.151677 1.17494e-07 0.0206887 0.00164356 8.7323e-08 0.0591008 0.00140085 
0.00108255 0.000548035 0.0031684 0.00619513 5.14253e-07 0.90907 2.684e-10 2.6624e-07 2.73619e-10 7.37559e-06 1.10796e-08 7.86731e-08 0.000105149 1.49783e-08 6.24447e-08 3.67858e-06 0.0383946 7.0025e-05 2.31387e-06 2.61958e-09 0.0406391 4.81434e-10 0.000712334 3.02447e-07 
0.000544878 0.0175193 0.00182832 0.229436 3.74574e-08 0.025495 2.75861e-10 0.0120362 2.62983e-07 0.0920053 4.96153e-08 2.20862e-06 0.0821789 0.509504 4.55577e-10 5.25146e-07 8.87199e-06 0.0223782 3.00565e-07 0.000435403 0.00111524 4.94817e-10 0.0055094 1.33156e-06 
0.00212621 0.0340736 0.336454 1.78577e-06 0.0116464 0.0497999 1.09045e-09 0.00142782 0.0202023 6.21088e-05 0.000959255 1.10265e-09 0.00597833 0.0148393 8.725e-08 0.0739663 5.67105e-05 4.06621e-06 1.93124e-06 0.00465802 0.143402 1.95597e-09 0.0516133 0.248727 
0.00169851 0.0148089 0.00141223 0.000902862 0.00261441 0.0493321 4.92341e-08 0.0741046 7.60358e-05 0.000707327 7.55956e-05 0.000277518 0.00519921 0.000460002 8.13089e-08 0.00215056 0.00128647 0.05649 0.000305386 0.172416 0.01019 5.26925e-05 0.0493126 0.556127 
5.0561e-05 0.00152701 0.00103306 7.83978e-05 0.973389 0.000633134 2.76659e-06 0.000311571 1.58951e-05 4.02714e-05 3.61032e-06 5.89005e-06 0.00344545 2.44109e-05 2.64709e-05 0.00589172 1.15203e-05 0.000541817 3.40136e-06 0.0118596 0.000431029 1.4437e-05 0.000567942 9.13464e-05 
0.000281268 0.00208572 0.000331395 0.0694671 0.00168909 0.0152224 2.79725e-10 0.108568 0.00026394 1.73174e-06 1.37923e-06 2.82852e-10 2.98733e-05 0.750492 4.61958e-10 0.0035219 0.00112091 0.00331957 6.75103e-10 0.0214483 0.00869313 5.01747e-10 0.0119688 0.00149348 
5.25466e-06 0.0184455 0.00248981 1.50825e-08 0.0251596 0.00221485 5.34042e-09 6.42554e-07 0.00367009 6.21313e-07 1.18797e-06 5.40013e-09 0.00107331 0.000378659 8.81956e-09 0.814443 1.40237e-08 0.00161154 1.28889e-08 0.00164894 0.000313426 0.000175054 0.000262414 0.128106 
0.00151988 0.022283 0.00542598 0.0025736 0.00542838 0.0105668 5.72211e-07 0.00180537 0.00180893 0.00127683 0.00134146 0.00289362 0.0204541 0.0058268 0.0176723 0.134695 0.00179697 0.00426373 1.38101e-06 0.00164631 0.627027 0.0015406 0.0107558 0.117395 
0.0028607 0.036934 0.0120851 0.166315 0.012839 0.0606772 0.000390921 0.102564 0.00144817 0.00251104 0.000757011 0.0012338 0.0630787 0.024464 0.00771273 0.0100345 0.00456139 0.20197 0.000645561 0.157506 0.0302244 0.00202482 0.0762912 0.0208706 
5.25466e-06 0.0184455 0.00248981 1.50825e-08 0.0251596 0.00221485 5.34042e-09 6.42554e-07 0.00367009 6.21313e-07 1.18797e-06 5.40013e-09 0.00107331 0.000378659 8.81956e-09 0.814443 1.40237e-08 0.00161154 1.28889e-08 0.00164894 0.000313426 0.000175054 0.000262414 0.128106 
0.0117561 0.00060982 0.84622 0.000379046 0.0853543 0.0185075 1.49989e-12 3.46093e-09 0.00342494 0.000300735 2.45071e-06 0.0118092 0.00387543 0.00178464 9.18782e-05 7.38206e-08 0.00182779 0.00590152 3.61992e-12 1.91349e-07 0.00759256 6.26732e-06 3.77496e-08 0.000555653 
0.00108255 0.000548035 0.0031684 0.00619513 5.14253e-07 0.90907 2.684e-10 2.6624e-07 2.73619e-10 7.37559e-06 1.10796e-08 7.86731e-08 0.000105149 1.49783e-08 6.24447e-08 3.67858e-06 0.0383946 7.0025e-05 2.31387e-06 2.61958e-09 0.0406391 4.81434e-10 0.000712334 3.02447e-07 
2.45545e-06 0.0314846 3.45094e-05 4.67683e-06 1.51822e-05 1.62857e-05 3.83501e-10 1.80187e-05 7.13462e-06 0.827261 2.8516e-08 3.87789e-10 0.0218497 0.0092441 6.33342e-10 0.0494218 0.00539741 5.02187e-05 9.25562e-10 0.0282598 0.0182514 6.87892e-10 0.00866948 1.2419e-05 
0.000159692 9.55866e-05 0.000348845 3.83526e-08 0.0267886 0.000150048 1.23138e-11 1.37174e-07 1.18837e-05 0.00102066 0.00013929 1.62607e-07 0.000670848 7.09855e-05 0.000677165 1.96404e-07 1.43741e-09 0.611243 3.56261e-08 0.0116593 0.000115534 0.00124052 0.0147615 0.330846 
0.020139 0.00698306 6.64115e-05 0.0964778 0.00325219 0.020979 1.76893e-07 0.00697273 1.58678e-05 0.746344 7.29502e-06 2.66694e-05 0.0451536 0.000911811 2.92135e-07 0.000325926 0.000279057 0.00181066 4.26924e-07 0.0152842 0.00820488 3.17296e-07 0.0264911 0.000273157 
0.0026179 0.100336 0.000781415 0.000107668 5.84609e-05 0.102995 2.32807e-07 0.000170739 0.0177089 0.000265944 1.8546e-05 0.00226662 0.000125795 0.000148966 8.95683e-05 0.0348424 0.000761876 0.000191801 5.6187e-07 0.0040661 0.000245099 4.17591e-07 0.0133835 0.718816 
7.22106e-05 0.0297473 0.000681987 0.00049666 0.00217032 0.0124752 5.66261e-12 0.000232276 5.55117e-05 4.67641e-05 8.09915e-05 0.000143205 0.0319817 0.000778496 0.00327053 0.438008 0.000231195 0.000953628 1.36665e-11 0.000384506 0.00207661 2.2884e-05 0.00895165 0.467138 
1.39935e-06 0.0123334 0.0164727 8.9236e-05 0.0169558 0.0646872 1.36761e-09 0.000109125 0.00133107 0.000168014 1.24999e-05 1.3829e-09 0.0219359 0.000324065 0.000382797 0.0271623 0.00470867 5.99081e-07 3.30066e-09 0.00690939 0.00718314 4.44778e-08 0.806545 0.0126878 
0.00108255 0.000548035 0.0031684 0.00619513 5.14253e-07 0.90907 2.684e-10 2.6624e-07 2.73619e-10 7.37559e-06 1.10796e-08 7.86731e-08 0.000105149 1.49783e-08 6.24447e-08 3.67858e-06 0.0383946 7.0025e-05 2.31387e-06 2.61958e-09 0.0406391 4.81434e-10 0.000712334 3.02447e-07 
0.00108255 0.000548035 0.0031684 0.00619513 5.14253e-07 0.90907 2.684e-10 2.6624e-07 2.73619e-10 7.37559e-06 1.10796e-08 7.86731e-08 0.000105149 1.49783e-08 6.24447e-08 3.67858e-06 0.0383946 7.0025e-05 2.31387e-06 2.61958e-09 0.0406391 4.81434e-10 0.000712334 3.02447e-07 
0.00108255 0.000548035 0.0031684 0.00619513 5.14253e-07 0.90907 2.684e-10 2.6624e-07 2.73619e-10 7.37559e-06 1.10796e-08 7.86731e-08 0.000105149 1.49783e-08 6.24447e-08 3.67858e-06 0.0383946 7.0025e-05 2.31387e-06 2.61958e-09 0.0406391 4.81434e-10 0.000712334 3.02447e-07 
0.00478596 0.491992 0.00351347 0.0654704 0.0863123 0.0241141 0.00256918 0.0233137 0.00637612 0.00920821 0.00897066 0.00580117 0.0647681 0.0130531 0.00299659 0.0100266 0.00522015 0.0285058 0.00451769 0.0711304 0.00825609 0.00592033 0.0359616 0.0172159 
0.000245688 0.00433521 0.00604047 0.00207458 0.0853532 0.0217459 5.93776e-06 0.0052991 0.000515993 0.000213908 6.52288e-05 9.38063e-06 0.0143812 0.00311503 0.000145533 0.802127 0.000212328 0.00171891 8.58529e-06 0.00758619 0.00790805 1.66401e-05 0.00174289 0.0351334 
0.000105727 7.71173e-06 0.0283571 0.00142597 0.00413494 3.65697e-06 1.98032e-10 0.0013752 6.26038e-07 4.41888e-07 4.64255e-07 1.00143e-06 7.0788e-06 2.01655e-06 6.11606e-06 4.66155e-05 6.21899e-07 1.4756e-06 4.77941e-10 5.6976e-07 0.0150419 5.33175e-07 0.0271771 0.922303 
1.80672e-06 0.697121 0.00722198 0.0456193 0.0277554 6.95425e-05 2.90327e-07 0.000292847 1.96761e-05 0.000349879 4.73361e-07 1.29869e-06 0.135616 0.0676601 0.000117037 0.00399922 1.98204e-05 1.20474e-05 5.0192e-05 0.0030775 2.42501e-05 2.07112e-05 0.000594807 0.0103549 
0.000127556 0.00438081 0.0161593 0.0208037 0.00415052 0.00415975 2.22243e-05 0.00120551 0.0152367 0.010258 0.00124165 0.00424175 0.00114428 0.76196 4.56949e-05 0.101214 0.000334395 0.0057237 2.82968e-05 0.00793081 0.000265799 3.04386e-05 0.0155282 0.0238064 
1.39935e-06 0.0123334 0.0164727 8.9236e-05 0.0169558 0.0646872 1.36761e-09 0.000109125 0.00133107 0.000168014 1.24999e-05 1.3829e-09 0.0219359 0.000324065 0.000382797 0.0271623 0.00470867 5.99081e-07 3.30066e-09 0.00690939 0.00718314 4.44778e-08 0.806545 0.0126878 
0.00273967 0.0104183 0.000551601 0.0844668 0.0171709 0.0323688 0.000128781 0.102302 0.0163964 0.00384923 0.000293774 0.0032948 0.180398 0.0146902 0.0162665 0.00129363 0.0271781 0.0129894 0.000157853 0.0657987 0.0172818 0.000424328 0.384545 0.00499594 
0.00041615 0.0114155 0.0260992 0.000883945 0.00830328 0.059671 1.2093e-08 0.00235458 0.0105226 0.00278282 2.9495e-06 0.00368204 0.0182096 0.00892321 6.77175e-06 0.753174 0.00151424 4.96233e-05 2.91859e-08 0.0427502 0.0303097 2.61289e-06 1.6836e-05 0.0189093 
0.101372 0.0100005 0.00045073 0.00260308 0.00631594 0.671652 6.04512e-11 4.63358e-06 2.53593e-09 0.000229731 4.5722e-08 0.000325652 0.00228585 2.06543e-05 1.25193e-07 1.7007e-05 0.0109685 0.0146354 7.81898e-09 0.0789993 0.0907366 1.98194e-07 0.00265912 0.00672254 
0.131764 7.91854e-07 0.0540511 0.00685477 0.00256209 0.671325 3.87522e-11 0.000629041 0.000437468 1.29706e-07 0.000148043 1.2352e-06 0.000785064 6.09476e-05 1.52541e-07 5.51649e-06 0.0174528 0.00831052 7.27555e-08 0.039386 0.0476949 1.93768e-08 0.0127334 0.00579752 
0.000965333 0.148316 3.87885e-05 0.0335079 0.0325176 0.00705696 1.15702e-10 0.0581719 1.17063e-07 0.00239368 4.25642e-08 1.16996e-10 0.448455 2.89886e-07 1.91079e-10 1.18446e-06 2.34649e-08 0.0776237 2.79242e-10 0.147276 2.49894e-07 2.07537e-10 0.043675 3.72685e-07 
1.39935e-06 0.0123334 0.0164727 8.9236e-05 0.0169558 0.0646872 1.36761e-09 0.000109125 0.00133107 0.000168014 1.24999e-05 1.3829e-09 0.0219359 0.000324065 0.000382797 0.0271623 0.00470867 5.99081e-07 3.30066e-09 0.00690939 0.00718314 4.44778e-08 0.806545 0.0126878 
6.5845e-05 0.0107351 0.000973411 0.0273831 4.70267e-05 0.00185483 7.15816e-08 0.670156 9.81003e-06 0.000440074 2.31264e-06 0.000351845 0.139483 0.00254877 1.18215e-07 0.034913 0.000390623 0.000524252 1.72759e-07 0.0885974 0.0159917 2.45939e-06 0.00503024 0.000498165 
2.20589e-05 0.0365258 0.219251 0.0105049 0.0127463 0.153742 8.40395e-08 3.35884e-05 0.000870212 9.54697e-05 0.00241687 9.08489e-05 0.000652022 0.00040983 5.27053e-05 0.0715576 2.41257e-06 0.0515711 2.02826e-07 0.0117742 0.00328285 1.50743e-07 0.138912 0.285485 
7.87137e-06 0.0228496 0.00260401 0.184856 0.000600739 0.00821119 1.28198e-09 0.00482647 4.60809e-06 0.575981 1.7107e-05 2.50711e-05 0.0764628 0.0744883 1.64707e-06 2.12265e-05 2.04018e-06 0.0124038 3.09401e-09 0.00290617 0.00174402 2.29952e-09 0.0045041 0.0274828 
0.00018329 0.00268721 0.000654346 0.000310364 0.000654635 0.0012743 6.90057e-08 0.435656 0.000218148 0.000153979 0.000161773 0.000348955 0.00246666 0.000702682 0.00213119 0.0162435 0.000216705 0.000514185 1.66542e-07 0.000198537 0.000748676 0.000185789 0.520132 0.0141573 
1.41484e-06 0.00161773 2.26561e-08 3.78462e-07 0.000529575 0.000813125 2.57697e-09 0.00193839 0.292947 0.000106599 5.70569e-06 1.2381e-06 0.0492915 0.00164938 4.2558e-09 0.0730016 1.23334e-06 1.26426e-06 6.21941e-09 0.0250646 1.97028e-06 4.62236e-09 0.312446 0.240581 
0.000899753 0.000211659 2.33924e-06 0.0905548 0.000269584 0.394549 1.28587e-09 0.0029086 4.68371e-08 0.0128589 1.26708e-07 0.00201877 0.0327347 1.52982e-05 3.3582e-07 3.61261e-07 0.200358 0.020597 3.10339e-09 0.00535045 0.120166 2.30649e-09 0.116505 3.74377e-07 
0.00325609 0.0169314 0.0059748 0.039975 0.000711827 0.155668 6.35953e-07 0.0140521 0.00016711 0.00116471 6.6097e-06 0.000204043 0.00702671 0.00129881 7.05885e-06 0.0528697 3.95956e-05 0.463002 1.53484e-06 0.027538 0.01693 1.14072e-06 0.165341 0.0278326 
0.0788591 0.00777964 0.00231824 0.00202537 0.00491332 0.695038 1.91864e-10 3.70037e-06 3.51017e-09 0.00326208 6.12919e-08 0.000253704 0.00177886 1.61545e-05 1.99914e-07 0.000445669 0.0085321 0.0312418 5.74185e-06 0.0614476 0.0705795 2.65701e-07 0.011758 0.0197407 
0.000689636 0.0463372 0.000364126 0.0171218 0.0054614 0.0194125 4.89214e-05 0.00360509 0.000133056 0.0124621 0.00099484 9.55569e-05 0.009851 0.00096364 0.000165653 0.00274602 0.000250999 0.0521027 0.00143101 0.0363212 0.000114358 0.00492655 0.0311373 0.753263 
1.98931e-05 0.0168681 0.806772 0.00389526 0.003319 0.0231631 9.89466e-11 0.00879919 0.000179097 0.00755757 9.88966e-07 0.000573268 0.0281195 0.00215064 1.9805e-06 0.0299518 0.000236075 2.1012e-05 8.24303e-05 0.024935 0.0396063 2.01523e-07 0.00285594 0.000891418 
0.000303509 0.0521542 0.0010425 0.883645 0.000594499 0.0168148 1.33053e-08 0.000150168 2.54908e-06 0.00183511 3.49059e-06 3.32862e-06 0.00391908 0.00439137 1.25167e-05 0.000793001 9.13704e-05 0.00051567 3.21116e-08 0.00621111 0.0206905 9.43416e-07 0.00679875 2.66499e-05 
0.00614039 0.0116916 0.00276823 0.00500078 0.0207507 0.269236 9.14156e-06 0.00076567 0.000774529 0.00661929 9.43809e-05 4.14817e-05 0.0120877 0.00434921 0.0121261 0.00138102 0.0229686 0.0846858 3.45517e-05 0.0311559 0.00745236 0.000170612 0.273925 0.22577 
0.000758447 0.000884815 0.000826344 0.000659032 0.0242784 0.00073395 6.74869e-08 0.000119548 0.000484046 0.00311783 0.000201832 0.0221852 0.000254432 0.000273079 1.11453e-07 0.00616408 0.000490251 0.0968472 1.62877e-07 0.108034 2.18191e-06 1.21052e-07 0.0133979 0.720287 
0.000519494 0.0216351 0.0183144 0.0224281 0.0301075 0.155369 1.43345e-07 7.79983e-05 1.46132e-07 0.0163192 0.000811394 1.44948e-07 0.0234347 0.123918 2.36731e-07 2.93463e-05 2.78912e-05 0.016644 0.00322792 0.00215965 0.00657346 2.5712e-07 0.00290939 0.555492 
7.42139e-07 0.0476936 0.013877 0.0390238 0.00603507 4.40772e-06 1.46934e-09 0.00850852 0.00268579 3.37504e-07 0.00314352 0.0116145 0.329921 1.51707e-06 2.42658e-09 0.00581376 1.96632e-06 0.306037 3.54619e-09 0.101224 0.00114381 8.58704e-07 0.0725952 0.0506744 
5.72134e-06 1.52996e-06 4.68547e-05 0.0047702 3.99646e-05 0.86062 2.1544e-10 1.98728e-07 9.53852e-05 6.92341e-06 3.06384e-07 0.000115068 2.92103e-05 2.25541e-05 2.06396e-06 1.17138e-05 0.0570092 9.33321e-06 5.19955e-10 3.03632e-05 0.064935 1.16317e-07 5.99011e-06 0.0122426 
0.00394882 0.144205 0.00464157 0.121476 0.0150881 0.189256 0.00123331 0.00798004 0.00180666 0.0777456 0.00281524 0.00553948 0.0606173 0.00713187 0.00185548 0.049619 0.0324433 0.0795279 0.0052722 0.0779995 0.014543 0.00782595 0.072935 0.0144928 
0.00145282 2.58517e-06 0.0511315 0.00202762 0.0614229 0.023732 4.04095e-09 0.0139953 2.25799e-06 5.51184e-06 3.66519e-06 2.93831e-06 0.00171128 2.08152e-05 0.000378973 0.0312954 0.000236439 0.318246 9.75266e-09 0.0334972 0.0169214 3.68681e-06 0.119661 0.324249 
0.526226 0.00593335 0.00195002 0.02851 0.00367647 0.166829 5.63692e-06 0.0327255 3.55288e-05 0.000336354 0.00245312 1.00172e-05 0.03621 0.0553267 0.00288632 0.0189632 0.000126123 0.0210481 9.62989e-06 0.0327928 0.0366632 0.00239113 0.0243166 0.000575192 
0.0217162 0.00576439 4.50522e-05 0.0857022 0.0040006 0.114518 2.87895e-08 0.00467399 0.000344249 0.0709921 1.13138e-05 0.00406566 0.0568038 0.172594 4.4579e-05 0.00703512 0.00139579 0.00635709 6.94821e-08 0.0798732 0.0614623 0.000115414 0.300538 0.00194777 
0.00101168 0.0118994 0.00181711 0.114991 0.139153 0.0233864 4.64944e-10 0.0699346 4.73984e-10 0.00285855 3.29835e-07 0.00278043 0.202059 5.57546e-07 7.67843e-10 0.0217783 5.39109e-07 0.0277582 1.16151e-07 0.0868748 0.0163254 8.33977e-10 0.239014 0.0383577 
0.00181389 6.78703e-05 0.0132679 0.000115575 0.228784 0.361491 1.43005e-08 0.00279902 1.45327e-05 0.000700356 2.97183e-06 0.0214064 0.0115398 0.0230668 9.21692e-06 0.0336929 0.0815626 0.00036991 3.45137e-08 0.0563529 0.0107178 0.000119538 0.0378458 0.114259 
0.00317166 0.0187238 0.000142582 0.0392856 8.40225e-07 0.651385 1.71258e-10 0.0382522 0.00109334 2.22048e-07 5.8142e-05 2.75326e-06 0.0261231 0.000929359 6.93333e-07 0.0019662 8.54037e-08 0.00753008 4.13324e-10 0.0861352 0.0124646 3.56869e-07 0.112725 9.81191e-06 
0.00108255 0.000548035 0.0031684 0.00619513 5.14253e-07 0.90907 2.684e-10 2.6624e-07 2.73619e-10 7.37559e-06 1.10796e-08 7.86731e-08 0.000105149 1.49783e-08 6.24447e-08 3.67858e-06 0.0383946 7.0025e-05 2.31387e-06 2.61958e-09 0.0406391 4.81434e-10 0.000712334 3.02447e-07 
0.000130423 0.0671041 0.00225248 0.0210254 0.00189141 0.00183662 3.61737e-09 0.297807 1.01091e-05 3.51654e-06 2.43915e-07 0.298017 0.0375276 0.08929 0.000128091 0.0168899 6.17983e-06 0.00304416 8.73037e-09 0.0169595 0.0142685 6.48854e-09 0.131795 1.2561e-05 
0.00243573 0.0505918 0.00959363 0.0401722 0.039647 0.0890658 0.000631219 0.0267085 0.00800258 0.00614484 0.00239007 0.00450188 0.0993722 0.093614 0.0207589 0.00640973 0.0173931 0.0707919 0.00116542 0.0934403 0.0848361 0.00431369 0.220742 0.00727743 
2.786e-06 0.0473696 5.31609e-06 1.57318e-06 0.163002 0.0679606 1.26916e-09 2.16496e-06 1.29384e-09 0.0062456 1.08307e-05 1.28335e-09 0.0209698 4.17614e-05 2.09599e-09 0.0900692 5.97628e-07 0.0273496 3.06307e-09 0.165603 0.00496134 2.27652e-09 0.293964 0.11244 
3.35423e-05 8.96964e-06 0.027744 0.00148583 0.000234299 7.87118e-05 1.26305e-09 1.84217e-07 0.000559211 4.05896e-05 1.79622e-06 0.000674603 0.188546 0.000132227 1.21003e-05 6.86741e-05 0.000333891 5.47174e-05 3.04831e-09 0.000178009 0.000111935 6.81929e-07 0.779652 4.78179e-05 
0.000183889 0.00319704 0.940199 0.00132742 0.0383528 0.00359364 7.33946e-13 5.31139e-08 8.6735e-05 0.000456687 2.11672e-06 0.00126327 0.00162988 0.00144687 0.000144509 2.02683e-07 0.000104696 0.00751629 1.77135e-12 5.88998e-08 0.000150941 1.31649e-12 3.41696e-08 0.000343393 
0.00108255 0.000548035 0.0031684 0.00619513 5.14253e-07 0.90907 2.684e-10 2.6624e-07 2.73619e-10 7.37559e-06 1.10796e-08 7.86731e-08 0.000105149 1.49783e-08 6.24447e-08 3.67858e-06 0.0383946 7.0025e-05 2.31387e-06 2.61958e-09 0.0406391 4.81434e-10 0.000712334 3.02447e-07 
0.000164425 0.0175991 0.000299602 0.0453697 4.09805e-05 0.00521396 1.43282e-08 0.463607 8.24784e-06 0.000773644 2.81938e-06 0.00584774 0.112017 0.000486564 7.34094e-07 0.0523254 0.000301353 0.00101553 3.45805e-08 0.0768589 0.162832 1.52232e-06 0.0552068 2.67463e-05 
7.40149e-05 0.0011554 0.000200103 0.0849361 0.00253352 0.0146693 3.50839e-10 0.111101 3.15424e-06 2.40508e-06 2.73656e-08 3.54762e-10 4.47933e-05 0.725625 5.79401e-10 0.00528257 0.000829111 0.00381071 8.46734e-10 0.0321469 0.00980529 6.29306e-10 0.00740045 0.00038012 
0.000426349 0.00166949 0.00224266 0.0157255 0.00029099 0.00384983 1.5544e-09 0.0188429 6.83853e-05 0.000140319 2.15887e-06 0.000383427 0.00688726 0.931246 0.00031916 3.99577e-06 5.59357e-05 1.3608e-07 0.00768626 0.000467761 0.00968582 2.78815e-09 1.92813e-06 4.08897e-06 
0.00108255 0.000548035 0.0031684 0.00619513 5.14253e-07 0.90907 2.684e-10 2.6624e-07 2.73619e-10 7.37559e-06 1.10796e-08 7.86731e-08 0.000105149 1.49783e-08 6.24447e-08 3.67858e-06 0.0383946 7.0025e-05 2.31387e-06 2.61958e-09 0.0406391 4.81434e-10 0.000712334 3.02447e-07 
3.79694e-07 0.0124789 0.00784676 0.00192515 0.00108032 0.00845725 6.35427e-10 0.0166483 1.10291e-06 2.07422e-05 2.20617e-08 6.42532e-10 0.808467 0.0027581 5.06782e-07 0.00653075 1.65955e-05 7.75915e-06 1.53358e-09 0.110456 0.0221501 1.13978e-09 0.00109181 6.2011e-05 
2.64301e-06 0.129643 0.00239787 0.133011 0.014546 0.0107995 9.32815e-08 0.0107971 9.50953e-08 0.0300726 4.97617e-06 1.07405e-05 0.123428 0.418335 1.54052e-07 0.0260016 9.57812e-05 0.000263105 0.0289187 0.024267 0.0366909 1.49186e-06 0.010693 1.96849e-05 
0.00108255 0.000548035 0.0031684 0.00619513 5.14253e-07 0.90907 2.684e-10 2.6624e-07 2.73619e-10 7.37559e-06 1.10796e-08 7.86731e-08 0.000105149 1.49783e-08 6.24447e-08 3.67858e-06 0.0383946 7.0025e-05 2.31387e-06 2.61958e-09 0.0406391 4.81434e-10 0.000712334 3.02447e-07 
0.00136583 0.0624662 0.00114343 0.101807 0.125125 0.022174 0.000179489 0.0859573 0.00448587 0.0123038 0.00133097 0.00177897 0.249797 0.0123872 0.00367534 0.0105714 0.015499 0.0333361 0.00103255 0.151549 0.00628299 0.000222534 0.0878964 0.0076326 
0.0032977 0.00628708 0.0170721 0.00235169 0.00127639 0.675128 3.74856e-07 0.00372987 0.00733757 0.00580862 0.000403458 0.00121333 0.00274782 0.00325167 6.19064e-07 0.00252444 0.00054337 0.0041897 9.04697e-07 0.000731202 0.00535443 6.72385e-07 0.244642 0.0121069 
7.88394e-05 0.0436938 0.000407427 5.61668e-05 3.05222e-05 0.000159477 3.50107e-07 0.0134723 0.00017535 0.00863596 9.75364e-06 2.92831e-05 0.00733465 0.00532833 5.78193e-07 6.04528e-05 1.30419e-05 0.0206252 2.77025e-05 0.00192651 0.0100328 6.27994e-07 0.00364943 0.884251 
6.97097e-08 1.02201e-06 2.48864e-07 1.18039e-07 0.000647583 0.00227833 2.62446e-11 8.2804e-08 0.000365139 5.85623e-08 0.000332304 1.32717e-07 9.38134e-07 2.67248e-07 8.10545e-07 6.17782e-06 8.24185e-08 0.000880204 6.33402e-11 7.55087e-08 2.8474e-07 0.000176721 0.00350303 0.991806 
4.13545e-07 0.00150097 4.47522e-05 0.0316902 0.014855 0.0415886 2.43137e-09 0.0015229 1.23646e-06 0.0051219 5.7705e-05 1.06324e-06 0.069013 0.000461124 0.00141053 0.326277 0.0193996 0.0103462 1.97855e-07 0.00430649 0.0788173 4.36119e-09 0.384679 0.00890418 
3.3153e-05 0.0184864 0.0309874 0.00259186 0.00044478 0.0649564 9.29138e-08 0.0223615 3.97802e-05 0.000907535 0.000116885 0.00466384 0.0122733 0.00277421 0.000876094 0.0493686 0.000286135 0.0730277 2.24243e-07 0.00147079 0.00276454 1.66661e-07 0.0237824 0.687786 
6.612e-05 0.0931723 0.00291677 0.0870437 0.0886752 0.0179392 7.71403e-08 0.00496541 0.00564981 0.000239501 0.00130125 1.47609e-07 0.115608 0.000792004 0.000663439 0.149418 0.00616565 0.000775095 2.45983e-07 0.267197 0.0053681 6.92041e-05 0.129654 0.0223204 
1.39935e-06 0.0123334 0.0164727 8.9236e-05 0.0169558 0.0646872 1.36761e-09 0.000109125 0.00133107 0.000168014 1.24999e-05 1.3829e-09 0.0219359 0.000324065 0.000382797 0.0271623 0.00470867 5.99081e-07 3.30066e-09 0.00690939 0.00718314 4.44778e-08 0.806545 0.0126878 
0.000270063 0.0013991 0.549581 0.0144758 0.00661492 0.142765 6.35085e-10 0.172223 1.70068e-07 4.92105e-07 1.15992e-08 7.33697e-07 0.00461278 3.6334e-07 1.04883e-09 0.00634292 0.00837561 5.16686e-06 1.05861e-06 0.00472565 0.0127181 1.13916e-09 0.072474 0.0034133 
0.00108255 0.000548035 0.0031684 0.00619513 5.14253e-07 0.90907 2.684e-10 2.6624e-07 2.73619e-10 7.37559e-06 1.10796e-08 7.86731e-08 0.000105149 1.49783e-08 6.24447e-08 3.67858e-06 0.0383946 7.0025e-05 2.31387e-06 2.61958e-09 0.0406391 4.81434e-10 0.000712334 3.02447e-07 
0.00356267 0.0634806 0.0090621 0.258314 0.0127958 0.0228101 5.18244e-08 0.000441049 0.0160116 0.00407426 1.27353e-07 0.00489961 0.112377 0.0157417 3.03398e-05 0.0725439 5.78443e-05 0.028109 1.25076e-07 0.0662245 0.00669728 2.59851e-05 0.0772874 0.225453 
0.00158027 0.0379228 0.00970367 0.00329149 0.469885 0.0631803 7.14783e-09 0.00210688 0.000243389 0.0025112 0.0287557 7.22775e-09 0.0555426 1.77015e-08 0.000318413 0.0113329 0.0255332 0.00302632 1.7251e-08 0.192258 0.0144116 7.71248e-06 0.0778165 0.000571784 
3.67979e-07 0.0465749 0.00177402 0.128432 0.236859 0.000822451 9.37228e-11 0.102035 8.75551e-08 0.00189689 4.52644e-08 9.47707e-11 0.0286349 0.0147522 1.54781e-10 0.00492048 1.5403e-07 0.0123223 2.26196e-10 0.219642 0.178639 1.68112e-10 0.0177501 0.00494451 
6.51904e-05 0.0193013 0.0199313 0.0123944 0.0503176 0.036407 1.52112e-05 0.00762136 0.008845 0.00192454 0.000246558 0.00463195 0.0639473 0.00721227 6.64254e-05 0.00947963 0.000577101 0.000123058 0.000248063 0.0292592 0.00646276 0.000194809 0.0524217 0.668306 
0.000256529 0.00596401 0.00329875 0.0127999 0.0256315 0.00552814 1.81084e-06 0.00141959 3.84537e-05 0.801014 1.42525e-05 2.50454e-06 0.00451338 0.00120797 4.58062e-06 0.00077331 0.0266472 0.0853528 1.40004e-05 0.0167496 0.00191867 2.08216e-06 0.00422693 0.00262007 
5.77192e-05 0.000789212 0.000146137 0.0567691 0.00171949 0.00983568 1.7892e-08 0.0742221 1.28268e-05 6.28222e-05 4.94145e-07 1.8092e-08 3.45233e-05 0.816202 2.95481e-08 0.00359651 0.000607723 0.00258752 4.31815e-08 0.0215023 0.00659266 3.20931e-08 0.0049881 0.000272743 
0.0827031 0.00192956 0.462236 0.0219698 0.0149473 0.0195844 3.3061e-10 0.0386083 6.70913e-05 0.00328109 1.32963e-06 1.90274e-07 0.00457784 4.67352e-06 5.45994e-10 2.02514e-05 5.57562e-05 0.0214266 7.97913e-10 0.0258923 0.208288 2.99546e-06 0.0891385 0.00526492 
3.94517e-07 0.0600175 0.0227003 0.000884225 0.000455239 0.0254669 9.81749e-09 4.64614e-07 5.97519e-05 4.65516e-05 3.47198e-07 7.50692e-07 0.0122279 0.0072856 0.000395714 0.0753843 4.62452e-07 1.09492e-06 2.36941e-08 0.0188673 0.0123809 4.1182e-07 0.00646595 0.757358 
0.00504983 0.00619058 0.00882597 0.000900438 0.00188014 0.0128918 6.22695e-08 0.000388837 0.000348044 6.1983e-05 5.07151e-05 0.000109699 0.00565462 0.000107371 0.000325977 0.163682 0.000218599 0.0177321 1.74603e-05 0.00102568 0.000360959 1.94705e-06 0.010477 0.763698 
0.0713453 0.00372227 0.00148314 0.000923819 8.40768e-07 0.566814 7.49889e-10 0.00136735 0.0479548 8.72129e-07 0.000656999 4.96153e-07 0.00319027 0.045381 2.65718e-06 4.05233e-06 0.0139597 0.0162567 2.16361e-07 4.11976e-06 0.17222 1.34509e-09 0.00524759 0.0494637 
0.00108255 0.000548035 0.0031684 0.00619513 5.14253e-07 0.90907 2.684e-10 2.6624e-07 2.73619e-10 7.37559e-06 1.10796e-08 7.86731e-08 0.000105149 1.49783e-08 6.24447e-08 3.67858e-06 0.0383946 7.0025e-05 2.31387e-06 2.61958e-09 0.0406391 4.81434e-10 0.000712334 3.02447e-07 
0.00966701 0.0385413 0.00672169 0.022708 0.00155334 0.0480281 1.36154e-10 0.0427062 1.37386e-06 5.639e-05 0.000573787 5.7758e-08 0.00111207 0.000224866 2.24854e-10 0.00797719 0.00233864 0.0163003 3.28601e-10 0.0142457 0.00328192 1.5775e-05 0.102558 0.681389 
0.00108255 0.000548035 0.0031684 0.00619513 5.14253e-07 0.90907 2.684e-10 2.6624e-07 2.73619e-10 7.37559e-06 1.10796e-08 7.86731e-08 0.000105149 1.49783e-08 6.24447e-08 3.67858e-06 0.0383946 7.0025e-05 2.31387e-06 2.61958e-09 0.0406391 4.81434e-10 0.000712334 3.02447e-07 
0.00108255 0.000548035 0.0031684 0.00619513 5.14253e-07 0.90907 2.684e-10 2.6624e-07 2.73619e-10 7.37559e-06 1.10796e-08 7.86731e-08 0.000105149 1.49783e-08 6.24447e-08 3.67858e-06 0.0383946 7.0025e-05 2.31387e-06 2.61958e-09 0.0406391 4.81434e-10 0.000712334 3.02447e-07 
0.00108255 0.000548035 0.0031684 0.00619513 5.14253e-07 0.90907 2.684e-10 2.6624e-07 2.73619e-10 7.37559e-06 1.10796e-08 7.86731e-08 0.000105149 1.49783e-08 6.24447e-08 3.67858e-06 0.0383946 7.0025e-05 2.31387e-06 2.61958e-09 0.0406391 4.81434e-10 0.000712334 3.02447e-07 
0.00500178 0.0316615 8.64846e-05 0.000219993 0.0124182 0.0646155 4.61723e-05 0.00361477 0.00774963 0.00161226 0.000252904 0.000359423 0.00649212 0.00101079 0.000531235 0.00799289 0.00014562 0.012175 9.5545e-05 0.144625 0.00956345 6.79411e-05 0.0538789 0.635783 
0.0318996 5.22583e-06 0.00102929 0.00620869 1.66811e-05 0.193775 1.60578e-09 0.00229287 3.98661e-06 0.000153746 1.26045e-06 0.000400831 0.00466936 0.000401855 0.000805762 0.000109729 0.0766523 0.000380684 3.87547e-09 0.000627323 0.662302 2.88031e-09 0.0182468 1.72574e-05 
6.72442e-07 0.0905384 0.0272064 0.312464 0.00281669 0.00227397 1.15714e-08 6.17197e-05 1.16305e-05 6.27654e-06 0.000158174 0.000262886 0.00708635 2.31748e-05 8.14164e-07 0.00563793 5.1446e-07 0.000519347 2.32718e-05 0.020174 1.13635e-05 2.07558e-08 0.454704 0.0760178 
1.39935e-06 0.0123334 0.0164727 8.9236e-05 0.0169558 0.0646872 1.36761e-09 0.000109125 0.00133107 0.000168014 1.24999e-05 1.3829e-09 0.0219359 0.000324065 0.000382797 0.0271623 0.00470867 5.99081e-07 3.30066e-09 0.00690939 0.00718314 4.44778e-08 0.806545 0.0126878 
0.00128567 0.0129343 0.00274354 0.0377337 0.00625151 0.116949 5.11324e-05 0.0780463 0.000152981 0.00135299 0.0130795 0.000458026 0.0497513 0.0430752 0.0378469 0.00264853 0.000925892 0.00385583 0.00138682 0.0327329 0.024293 6.48573e-05 0.529547 0.00283329 
0.000298036 4.15457e-05 6.32509e-05 0.0023675 0.00387054 0.000127101 7.6057e-07 0.021118 7.75359e-07 0.000563774 0.000110105 7.69074e-07 0.0152762 0.00632676 0.000444024 0.0676098 7.4087e-05 0.000461371 1.8356e-06 0.0157185 0.00861766 1.36425e-06 0.0517469 0.805159 
0.00108255 0.000548035 0.0031684 0.00619513 5.14253e-07 0.90907 2.684e-10 2.6624e-07 2.73619e-10 7.37559e-06 1.10796e-08 7.86731e-08 0.000105149 1.49783e-08 6.24447e-08 3.67858e-06 0.0383946 7.0025e-05 2.31387e-06 2.61958e-09 0.0406391 4.81434e-10 0.000712334 3.02447e-07 
7.40854e-06 0.0173875 0.161563 0.0389432 6.14433e-06 0.0506874 2.12799e-08 0.00534489 2.16937e-08 0.0106787 3.15625e-07 2.15179e-08 0.00518392 0.0144549 4.255e-06 0.000148336 0.000294122 0.000116359 5.13581e-08 6.11545e-05 1.50764e-05 1.08659e-05 0.692455 0.00263716 
4.68558e-05 0.0393722 0.00112561 0.00022834 0.00615516 0.0560793 4.07528e-08 0.00626087 4.15453e-08 3.84136e-05 1.47948e-06 0.000123001 0.0506058 0.670129 0.00917978 0.000212883 8.20087e-05 0.000765068 9.83552e-08 0.00375512 0.013539 7.30991e-08 0.13219 0.0101099 
0.00319216 0.0137303 0.00129644 0.00907136 0.0487554 0.114689 0.000375569 0.0152335 0.000571809 0.0305662 0.00139492 0.0169835 0.0158383 0.00358151 0.00254861 0.00365458 0.029961 0.0531469 0.000853693 0.0891184 0.0109671 0.000435142 0.10393 0.430105 
0.0986208 0.0168998 0.0310105 0.0602534 0.0348593 0.150043 2.49575e-10 0.00778443 0.000829288 0.000243273 1.61943e-05 0.000301572 0.00191738 0.00917754 4.63199e-07 0.00468974 1.14801e-05 0.0418731 7.36956e-07 0.268609 0.121238 0.000352852 0.100472 0.0507956 
0.000258937 0.0476245 0.00430802 0.0707689 0.0502289 0.0422955 9.08977e-07 0.00704516 0.0128247 0.034219 0.000208021 0.000302184 0.0132486 0.143119 0.000113668 0.0036551 0.000346379 0.0570254 0.000737824 0.0687739 0.0172733 0.149212 0.0937755 0.182635 
5.72605e-07 8.39498e-06 2.04421e-06 9.6959e-07 2.04511e-06 0.0215012 2.15577e-10 6.80164e-07 6.81504e-07 4.81039e-07 5.05387e-07 1.09015e-06 7.70597e-06 2.19521e-06 6.65793e-06 0.350196 6.76998e-07 0.0189564 5.20286e-10 0.0210267 2.3389e-06 5.80414e-07 4.05218e-06 0.588278 
0.000299644 0.0254003 3.45814e-05 0.00185223 0.0346435 0.657702 8.08142e-07 0.0530501 0.00814524 7.07266e-06 9.8314e-07 9.2105e-06 0.000961947 0.0794044 0.000162461 2.39795e-05 0.00238248 7.37622e-06 1.95041e-06 0.0569489 0.0366833 8.89399e-06 0.0065575 0.0357108 
0.00136858 0.00452477 0.0029538 0.00052288 0.0046656 0.88795 4.50647e-10 0.00177916 1.22308e-06 0.000170367 5.76642e-07 2.98506e-05 0.021392 0.00109359 5.82226e-06 0.00326784 0.00170906 0.00223751 1.08762e-09 0.00607685 0.0144431 8.08334e-10 0.0441983 0.00160904 
9.37419e-06 0.0468368 0.000221178 0.0728866 0.00879845 0.0298312 6.39239e-08 0.0162188 0.000310372 0.0442221 6.57203e-08 6.46386e-08 0.0254772 0.253028 0.418348 0.03284 3.78138e-07 0.00268945 1.54277e-07 0.000245992 0.000781767 1.14661e-07 0.0472172 3.6778e-05 
0.0194232 0.183039 0.172033 6.56427e-07 3.56279e-07 0.134901 1.04634e-10 0.00426962 0.0167969 0.00324435 0.000349226 3.38677e-07 0.0322914 9.07639e-07 5.20127e-08 7.04649e-07 1.51671e-07 1.16947e-06 1.26517e-07 0.016961 0.219108 1.87683e-10 0.0411086 0.15647 
0.0168886 0.351855 0.000785364 0.169028 0.0445609 0.0814005 6.18139e-06 0.00946398 0.0039388 0.0120043 1.76295e-05 1.56426e-05 0.00408679 0.0241091 0.00134669 0.00115515 0.0022078 0.0414777 7.15833e-05 0.00530712 0.0215148 1.38039e-05 0.207775 0.000969014 
0.00108255 0.000548035 0.0031684 0.00619513 5.14253e-07 0.90907 2.684e-10 2.6624e-07 2.73619e-10 7.37559e-06 1.10796e-08 7.86731e-08 0.000105149 1.49783e-08 6.24447e-08 3.67858e-06 0.0383946 7.0025e-05 2.31387e-06 2.61958e-09 0.0406391 4.81434e-10 0.000712334 3.02447e-07 
0.000524696 0.0465904 0.000130329 0.528971 0.0301634 0.00709259 2.0142e-08 0.0101448 0.000263272 0.014036 3.19089e-06 2.03672e-08 0.0526366 0.00742172 2.79344e-05 0.150882 0.00313808 0.00107337 4.86119e-08 0.0442022 1.71452e-05 0.000461612 0.0936245 0.00859517 
0.000258937 0.0476245 0.00430802 0.0707689 0.0502289 0.0422955 9.08977e-07 0.00704516 0.0128247 0.034219 0.000208021 0.000302184 0.0132486 0.143119 0.000113668 0.0036551 0.000346379 0.0570254 0.000737824 0.0687739 0.0172733 0.149212 0.0937755 0.182635 
0.00041615 0.0114155 0.0260992 0.000883945 0.00830328 0.059671 1.2093e-08 0.00235458 0.0105226 0.00278282 2.9495e-06 0.00368204 0.0182096 0.00892321 6.77175e-06 0.753174 0.00151424 4.96233e-05 2.91859e-08 0.0427502 0.0303097 2.61289e-06 1.6836e-05 0.0189093 
1.39935e-06 0.0123334 0.0164727 8.9236e-05 0.0169558 0.0646872 1.36761e-09 0.000109125 0.00133107 0.000168014 1.24999e-05 1.3829e-09 0.0219359 0.000324065 0.000382797 0.0271623 0.00470867 5.99081e-07 3.30066e-09 0.00690939 0.00718314 4.44778e-08 0.806545 0.0126878 
0.000815353 0.00404234 0.00099986 0.0862251 0.00068546 0.0112749 2.1915e-05 0.0368146 0.0280443 0.00013948 0.000105119 0.0350566 0.0245765 0.00252582 4.19063e-05 0.000739961 0.0010604 0.00309036 0.000482401 0.0116646 0.00296713 3.95898e-05 0.0977739 0.650812 
0.00128682 0.025259 0.000952339 0.0106676 0.20689 0.0111736 4.14349e-12 0.000397244 9.09228e-09 0.000629671 0.0346191 4.18982e-12 0.169962 9.88863e-06 2.4724e-08 0.00489228 0.00051648 0.0137777 1.00001e-11 0.412844 0.003347 1.20814e-07 0.10276 1.53711e-05 
