0.00129743 0.010175 0.00115281 0.101581 0.0197515 0.0307424 0.000199887 0.408622 0.00048889 0.0124482 4.81423e-07 1.37485e-05 0.066781 0.00528416 0.00382336 0.0121386 0.000433815 0.0035501 6.6535e-06 0.30655 0.00401446 0.000126579 0.0052593 0.00555867 
0.0294541 0.0118982 0.0599147 0.0981461 0.00829004 0.139848 0.00323795 0.233479 0.00142711 0.00218568 0.00522277 0.0182515 0.0287944 0.0108526 0.000319111 0.0322079 0.00952255 0.0376795 4.48485e-06 0.0471171 0.134472 0.00770028 0.0479116 0.0320643 
0.00059321 0.00462895 0.0205106 0.0400104 0.00172364 0.070605 0.000119962 0.290658 0.189508 0.00858624 0.00263819 0.000117584 0.0667504 0.0434427 1.16673e-05 0.00778098 0.0363482 0.0325165 1.27994e-06 0.105767 0.0414886 3.68231e-06 0.0293015 0.00688717 
7.65641e-05 0.00379587 0.0900656 0.224808 0.00787665 0.00285857 9.88869e-07 0.410474 4.46575e-05 8.50688e-05 1.27731e-05 4.52615e-05 0.0239718 0.00203225 1.1535e-09 0.00023737 1.74197e-07 0.00743631 1.68572e-09 0.121923 0.00775044 6.98658e-08 0.0965053 3.56374e-10 
0.00630183 0.00534116 7.11403e-05 0.046113 0.00248999 0.0166048 0.000462343 0.808915 7.15378e-05 0.000229982 2.23729e-05 0.000278338 0.0114264 6.12296e-05 3.07194e-06 1.35487e-08 0.0011362 0.0302642 4.84727e-12 0.0454464 0.000747674 3.69657e-07 0.0239064 0.00010626 
0.000551955 0.0470834 0.00573818 0.160174 0.0265725 0.0235836 0.000235022 0.167789 0.000277611 0.00317491 0.00427565 0.00149123 0.131904 0.0183226 0.00223906 0.00462088 0.0483863 0.165989 0.000661802 0.112483 0.0429824 9.89607e-05 0.0305863 0.000777979 
0.0100561 0.00841061 0.0075988 0.0866293 0.0254481 0.0122721 0.000415417 0.4406 0.00114427 0.00711977 2.63638e-05 0.00416702 0.0485362 0.0023082 1.59917e-05 0.00273989 0.0188051 0.15233 1.52692e-11 0.152675 0.00683445 9.2923e-06 0.0109193 0.000938343 
2.11149e-05 0.00871753 1.56819e-07 0.112114 0.0168236 0.00789732 0.0010112 0.301288 8.90109e-05 0.0107138 8.69592e-08 0.00143161 0.219162 0.0012938 0.00057893 0.0018241 6.93496e-05 0.019824 8.90799e-11 0.125952 8.17073e-05 5.4486e-08 0.171105 1.89542e-06 
1.13768e-06 0.0151358 1.13748e-06 0.080003 0.016616 0.00443969 0.0018207 0.357558 1.1372e-06 1.13763e-06 1.13785e-06 1.13722e-06 0.190391 0.0163808 0.00466101 1.13751e-06 1.138e-06 1.13791e-06 1.13578e-06 0.245835 1.13792e-06 1.13641e-06 0.0671439 1.13772e-06 
0.00923943 0.00362959 1.611e-05 0.0137492 0.0115248 0.00102201 0.00690928 0.681357 0.000318192 0.000598996 0.00035316 0.0027526 0.00446006 0.000977541 0.000353314 2.26239e-05 0.0153233 0.175306 5.39731e-12 0.0594442 0.00249247 4.77507e-06 0.00926983 0.000874869 
0.0490494 0.000933806 3.34068e-05 0.0418786 0.00537993 0.0570425 0.000111939 0.62504 0.00415083 0.000358903 4.12082e-05 1.4519e-05 0.0044013 5.6805e-05 4.18731e-08 0.000694395 0.0295522 0.0260373 2.00492e-08 0.139206 0.000270515 7.09253e-06 0.00571489 0.0100245 
0.00670411 0.0177375 0.00852672 0.185558 0.0199975 0.0458604 0.000183431 0.304246 2.32054e-05 0.0395231 8.12932e-05 0.011787 0.0935909 0.000617476 6.14292e-06 0.0030681 0.0119182 0.0535299 5.42889e-08 0.0838747 0.0164549 6.50659e-06 0.0905545 0.00615081 
0.000655929 0.0115292 0.000505398 0.0339468 0.0217081 0.0163209 0.00214184 0.236547 0.207645 0.00289914 0.000508585 0.0161682 0.0470116 0.00354063 3.34873e-05 0.00646414 0.023338 0.189221 8.26208e-07 0.150466 0.00450601 2.10252e-05 0.0141278 0.0106946 
0.00248335 0.00756828 0.000634663 0.0244447 0.00708043 0.019061 0.00189396 0.630674 0.00128948 0.00110481 0.000146995 0.00986717 0.0131695 0.0026097 5.8473e-05 0.00234258 0.0101595 0.0861217 8.82851e-12 0.1568 0.00490578 4.55004e-06 0.0150048 0.00257426 
0.000673344 0.0189533 0.00178639 0.0425795 0.0509367 0.0106762 0.00350131 0.411787 0.00857202 0.00357907 0.000139291 0.00092911 0.0323038 0.0020064 0.000238139 0.0124425 0.0326135 0.0727545 7.86294e-08 0.259981 0.00311508 0.000122807 0.0149931 0.0153158 
0.000267444 0.0190045 0.00130873 0.0187218 0.00701129 0.0354133 0.000766131 0.634447 0.00488788 0.00229294 2.54961e-05 0.00206703 0.0150355 0.005208 1.05736e-05 0.0096625 0.00502647 0.0882127 2.18839e-12 0.140915 0.00506912 7.76237e-06 0.00349396 0.00114518 
1.63036e-05 0.00285118 0.00220234 0.119647 0.00487948 0.00957583 8.11316e-05 0.462547 0.000810389 0.000607954 6.00352e-05 0.00275189 0.0246637 0.000419992 3.4268e-05 0.0028736 3.29597e-05 0.032837 6.71234e-11 0.295722 0.00102441 4.70784e-09 0.0363599 6.41276e-07 
0.0107547 0.00783395 3.53426e-05 0.00975419 0.0182998 0.00284005 0.00523229 0.399494 0.252499 8.93377e-05 0.000705813 0.016171 0.00478958 0.00657907 1.03201e-06 0.000106872 0.045733 0.180019 1.02905e-11 0.00726537 0.0273863 1.19127e-05 0.00334661 0.00105126 
0.0096652 0.0277398 0.00626193 0.148236 0.0258387 0.0308177 0.00584022 0.369296 0.0027118 5.59129e-05 0.013855 0.0518618 0.0175934 0.000202477 0.0471877 3.0896e-05 0.00855121 0.00881011 3.91443e-09 0.163374 0.00842199 2.02911e-05 0.0520376 0.00158944 
0.000463643 0.00150721 6.86692e-09 0.0197346 0.00305827 0.00294063 4.10145e-05 0.882373 8.36133e-05 0.000726314 7.66328e-05 0.000991306 0.00552897 0.000628793 3.83598e-06 5.54493e-09 0.00326415 0.00595149 1.11313e-11 0.0371961 0.000863168 1.2304e-07 0.0345425 2.50968e-05 
0.031639 0.000346539 0.0415855 0.0157425 0.000235624 0.00696658 0.000209321 0.432598 8.54834e-06 0.000186729 2.96214e-06 4.21359e-05 0.00388582 9.32939e-05 1.27665e-06 5.13101e-05 0.000124176 8.53368e-05 1.06045e-05 0.0746251 0.00683417 2.73187e-07 0.32452 0.0602052 
0.0381511 0.0229627 0.0010071 0.131213 0.0275307 0.0244799 0.012775 0.325367 0.000128094 0.00134918 0.0114239 0.119152 0.0220271 0.00161593 0.0012046 7.82449e-07 0.0138052 0.0815484 6.74658e-09 0.0248076 0.0072891 2.36127e-09 0.132129 3.1584e-05 
0.00255274 0.0194512 7.20055e-06 0.0176053 0.00368005 0.0121639 0.00034715 0.592671 0.000229109 5.55161e-05 1.22943e-05 0.00148928 0.0088085 0.000124238 5.35841e-05 0.0020669 0.0103936 0.196402 1.51796e-11 0.123895 0.000377867 1.44239e-06 0.00154963 0.00606299 
0.0121584 0.0136384 0.00627983 0.11627 0.0236603 0.0293603 0.000432358 0.308219 0.00156743 0.00482247 0.000150562 0.0172528 0.0729132 0.00678962 3.57162e-05 0.000606366 0.0388187 0.0135322 0.000763174 0.255391 0.00812179 1.21453e-05 0.0663544 0.00284906 
0.00408257 0.00591486 0.00193798 0.0157898 0.0126058 0.0669967 0.000757911 0.412188 0.000433015 0.000639783 4.80534e-05 0.010103 0.0301589 0.00165822 2.87169e-06 0.000134061 0.00327003 0.0587448 2.33734e-12 0.335229 0.0219698 1.12651e-09 0.0172669 6.84869e-05 
0.00145153 0.000710308 0.000307337 0.0893525 0.034524 0.00265824 0.000163955 0.395839 0.000183884 0.145888 0.000106898 0.0289159 0.157305 0.00064566 3.91048e-06 0.00295613 0.0382653 0.051873 1.81847e-09 0.024176 0.00469247 7.57628e-07 0.0197711 0.000208237 
0.00744808 0.00838307 0.000824795 0.0118309 0.0191012 0.016565 0.000180685 0.482499 0.000192307 0.00767137 6.30201e-05 8.34528e-07 0.0931646 0.000782298 2.23405e-06 1.2108e-06 0.00101117 0.00166268 1.23449e-10 0.0520851 0.00487975 4.66124e-07 0.269161 0.0224891 
0.129224 0.00202722 0.0536779 1.12229e-05 0.00979861 0.0166707 0.00749665 0.299718 0.00146577 1.01945e-05 0.293481 0.00299564 0.000704763 0.125868 8.96483e-08 0.000789769 0.000623407 3.24612e-05 2.67329e-05 0.000265241 0.00183726 1.11748e-06 0.0221727 0.0311003 
0.00113812 0.0162807 0.000978796 0.0351154 0.01387 0.00514781 2.41418e-08 0.25743 4.49178e-08 2.8049e-05 7.53525e-09 4.05934e-07 0.233939 0.00936495 3.3748e-05 0.0221077 3.81393e-07 0.00500848 1.68651e-11 0.146206 0.136271 1.25344e-11 0.117081 8.64714e-08 
0.0341415 0.010972 0.00180301 0.117703 0.00981748 0.0523728 0.00148972 0.279508 0.000444568 0.00292364 0.000608145 0.00316501 0.0167314 0.0467643 0.000618232 0.00526719 0.0479961 0.0947166 1.78664e-06 0.112157 0.00899478 1.82969e-07 0.146532 0.00527173 
0.0112937 0.0102126 0.00902997 0.0227394 0.0153406 0.107523 0.000500456 0.411147 1.73158e-05 0.000374807 0.00254262 0.000106904 0.0264497 0.00314104 0.00227715 0.000174922 0.0794833 0.00994889 2.50009e-09 0.200985 0.0484586 2.29197e-06 0.0381524 9.86253e-05 
0.00100517 0.120578 0.000552733 0.0815879 0.0629715 0.00710195 0.0177061 0.22843 0.00032912 0.00280056 0.0283465 0.180403 0.0649618 0.00202127 0.00157821 0.000254152 0.00732635 0.123923 2.05408e-09 0.0551659 0.00213007 5.67262e-05 0.00977069 0.000999786 
0.000848098 0.00129096 0.00115944 0.0334687 0.0100266 0.00237796 1.93246e-05 0.530893 7.76954e-05 0.0477084 4.15474e-06 0.000242973 0.0785612 0.000814439 0.000191254 0.00432822 0.00987971 0.239958 2.95352e-07 0.0158207 0.00215161 1.02936e-06 0.0201195 5.63424e-05 
0.00270861 0.0547957 0.00647084 0.172804 0.128499 0.0227516 0.00119766 0.230669 1.84567e-05 0.00528031 5.18112e-05 3.679e-05 0.0186929 0.171534 0.00742498 0.000139042 0.00690356 0.0177068 1.54865e-09 0.0632625 0.029084 0.000124911 0.0587413 0.00110303 
0.00127289 0.00594557 0.00519025 0.164325 0.0350314 0.00817191 4.44333e-05 0.272173 0.00332935 0.000631108 3.55089e-05 0.00852194 0.126733 0.00716646 0.0700371 0.00775184 0.026791 0.120576 1.20197e-10 0.0979703 0.0117021 1.12494e-08 0.026598 1.12346e-06 
0.0150801 0.0146493 0.000269779 0.0782143 0.0149868 0.0130388 0.0044541 0.624933 0.00409119 0.00108995 0.0031163 0.0156326 0.00739959 0.000523732 0.000455658 5.61042e-07 0.0480104 0.0449448 3.17157e-08 0.0429151 0.00210573 1.69011e-07 0.0640009 8.67551e-05 
0.000756436 0.0114017 3.99245e-05 0.0129539 0.020518 0.0121262 0.00156991 0.776333 0.000492426 0.000330698 0.000142559 0.00706102 0.00929739 0.00228457 1.77438e-10 0.000183512 5.0155e-05 0.0666297 1.9643e-12 0.0500662 0.0183585 8.24584e-06 0.00438655 0.00500931 
0.000103067 0.00695636 0.000349869 0.0417423 0.00621524 0.00079336 4.15036e-08 0.713619 5.07072e-05 6.12403e-05 5.91607e-09 3.84214e-08 0.0178357 2.85115e-08 7.35762e-12 0.000130683 7.62507e-09 0.00547648 1.07524e-11 0.187336 2.00146e-08 6.99746e-09 0.0189869 0.000343432 
0.00170566 0.0532845 0.00173321 0.0551333 0.0438571 0.0359677 0.0657589 0.263023 0.0345225 0.00615403 0.000980388 0.0250427 0.0327041 0.0157593 5.01934e-05 0.00417061 0.038534 0.14066 3.58587e-08 0.111464 0.00827706 1.69695e-05 0.0349727 0.0262275 
0.0580153 0.0209954 0.00148274 0.262172 0.042123 0.0345206 0.0104573 0.301849 0.000126153 0.00138119 0.00389291 0.0345027 0.0282665 0.000211602 0.00193759 1.43925e-06 0.00525411 0.0854048 2.86695e-09 0.0436504 0.0033875 1.23544e-09 0.0602677 0.000100191 
0.0121082 0.0117231 0.00147198 0.0466059 0.0159469 0.0233848 0.00319855 0.709105 7.74899e-05 0.000278528 0.0133626 0.021794 0.0109376 0.00230243 0.00206949 0.0152022 0.0105313 0.00899883 2.3418e-06 0.0244757 0.0170694 9.59904e-07 0.0483842 0.000968717 
0.0114591 0.0281711 0.01518 0.0363059 0.0240147 0.0911271 0.00152465 0.412943 0.000175382 0.00254358 0.000236799 0.00761013 0.030917 0.00634598 0.000200779 0.00101681 0.00118021 0.0198582 9.76645e-06 0.080682 0.0211286 1.98063e-05 0.181198 0.0261511 
0.0197329 0.0166864 0.000597172 0.0332779 0.0149564 0.0261009 0.0136607 0.546189 0.0012642 0.000634173 0.0418482 0.0747148 0.0374932 0.0214789 7.82425e-05 0.00389358 0.00880665 0.0216371 3.39852e-08 0.0744976 0.0140555 1.66219e-05 0.0277076 0.000671882 
0.00115123 0.0433363 4.34834e-05 0.0762835 0.0397306 0.00927145 0.00138506 0.370711 0.00125421 0.00617651 7.23173e-05 0.00387774 0.0501901 0.00713109 5.25788e-05 0.000142903 0.00740044 0.0280277 3.67067e-09 0.290805 0.00640406 1.41975e-06 0.0565152 3.58687e-05 
0.0595349 0.00948204 0.000746795 0.177658 0.0183503 0.033794 0.0318476 0.457672 0.000237776 0.00404294 0.000138441 0.0043967 0.0204819 0.00143007 3.53502e-06 8.62186e-05 0.00315941 0.00968005 3.38656e-09 0.0820364 0.0025342 2.44356e-06 0.0780764 0.00460818 
0.00630183 0.00534116 7.11403e-05 0.046113 0.00248999 0.0166048 0.000462343 0.808915 7.15378e-05 0.000229982 2.23729e-05 0.000278338 0.0114264 6.12296e-05 3.07194e-06 1.35487e-08 0.0011362 0.0302642 4.84727e-12 0.0454464 0.000747674 3.69657e-07 0.0239064 0.00010626 
0.000950134 0.0122915 0.000831457 0.0272967 0.0151474 0.00808658 0.000163975 0.66045 0.000375273 0.00442086 0.00561754 0.000707976 0.0343706 0.00813619 5.03679e-05 0.000506952 0.00337662 0.0079167 6.06531e-05 0.0889114 0.00369907 2.72806e-06 0.115163 0.00146656 
0.00252467 0.0219423 0.00613599 0.0392855 0.0339865 0.0145846 0.0164891 0.52899 0.00019371 0.00010211 0.000267917 0.00620896 0.00338206 0.0010268 5.14656e-07 0.00030642 0.00164908 0.0920926 1.3189e-11 0.0303248 0.193964 7.21173e-07 0.00211023 0.00443169 
0.0749809 0.00523309 0.00748604 1.07537e-06 0.0452683 0.0967633 4.66023e-07 0.21932 1.28052e-11 6.57365e-07 3.08951e-08 1.27014e-11 0.01269 1.73942e-06 6.22342e-07 0.000103239 0.00102985 0.0325925 3.03152e-11 0.163384 0.00130502 0.000266936 0.180654 0.158918 
0.0041027 0.00425469 0.000656163 0.0568471 0.00194773 0.0135073 0.000306505 0.772452 3.83434e-05 0.000504786 1.19941e-05 0.000149354 0.0107985 0.000130256 5.13535e-06 9.01754e-05 0.000996979 0.0225723 1.20623e-11 0.0614916 0.000728513 1.99885e-07 0.0483509 5.69455e-05 
0.0095769 0.00148385 0.00109176 0.0188332 0.000733614 0.023296 0.000262037 0.737044 9.71236e-05 0.000312236 1.01108e-05 0.00145443 0.0154137 0.00137949 9.52376e-07 4.77723e-05 0.017964 0.000133458 3.8158e-10 0.0504445 0.0329171 2.08856e-06 0.0874007 0.000101388 
0.00307259 0.00864359 0.00071352 3.50818e-07 0.0277085 0.0064965 0.000909801 0.437968 0.000629167 0.0119376 0.000375265 2.05918e-11 0.0196212 0.0012406 0.000294495 0.015659 4.91895e-12 0.00808897 4.91478e-11 0.178454 0.000757989 8.02597e-08 0.0564863 0.220942 
0.00812821 0.0355857 0.00425608 0.0696899 0.0651136 0.0577749 0.00850882 0.373385 0.000344645 0.0119629 0.000727288 0.077193 0.0637197 0.0060978 0.00110308 0.000398495 0.00927622 0.0455755 5.55161e-07 0.127662 0.00671408 4.64217e-06 0.0254765 0.00130108 
0.0022201 0.000910759 0.00300922 0.243154 0.0023424 0.105499 0.00017838 0.339261 8.14549e-06 0.00693755 0.00266371 0.000102772 0.0150636 0.0170824 3.31082e-05 0.0176811 0.00383061 0.0540787 3.07229e-07 0.07383 0.017928 6.02618e-06 0.0917626 0.00241591 
0.00428344 0.00977033 0.00774199 0.0477454 0.0138534 0.00802958 0.0015689 0.507793 0.000361643 5.89246e-05 0.000319476 0.106392 0.0367091 0.000162718 8.44727e-06 0.000333563 0.000175958 0.00295696 3.17782e-12 0.18631 0.0049411 2.36181e-12 0.0604045 7.89999e-05 
0.000436224 0.00640994 0.000503022 0.0146041 0.027112 0.0260062 0.00271827 0.451732 0.00205209 3.02438e-05 4.07184e-05 0.000783788 0.031711 0.0305092 0.000722753 0.000220209 0.0229551 0.182383 1.42934e-10 0.0650812 0.00840939 0.000141908 0.0674118 0.0580265 
0.042762 0.0130508 0.00227627 0.036188 0.00571888 0.0822026 0.00623283 0.337195 0.000432148 0.000513687 0.000421718 0.00446302 0.0219528 0.00224769 3.48889e-07 0.00224857 0.0248946 0.00563 1.45151e-07 0.255213 0.00403172 2.83993e-07 0.129973 0.0223521 
0.00184504 0.0127272 0.00700846 0.0225334 0.0110876 0.0386241 2.76492e-05 0.323925 4.2403e-08 7.73291e-05 1.94115e-05 0.000654644 0.183422 0.0479288 0.00193151 0.0224068 0.000107794 0.00842485 3.6397e-11 0.0830736 0.0927691 2.70508e-11 0.14039 0.00101488 
0.00573515 0.0239518 0.00133233 0.0724656 0.0466506 0.038278 0.00088532 0.263915 0.00408979 0.00155549 0.000132167 0.163302 0.118854 0.0145746 0.000294639 0.00286971 0.0218164 0.0186651 0.001625 0.11307 0.0118783 1.15571e-05 0.0654481 0.00859858 
0.0214372 0.00989924 0.00195981 0.018908 0.0513149 0.0441758 0.00509731 0.222692 0.0195884 0.0301109 0.000221645 0.00368869 0.145559 0.0231361 0.00560052 0.00465811 0.011303 0.0613879 2.03919e-10 0.0954037 0.160212 3.58487e-07 0.0537272 0.00991781 
0.00778756 0.0661614 0.126424 0.041653 0.0243291 0.0288733 0.000952903 0.167534 0.00874139 0.00253363 4.38181e-05 0.00338645 0.0549142 0.00688223 0.00152938 0.0166947 0.0151233 0.00882704 4.25778e-08 0.142301 0.0871338 2.201e-05 0.142812 0.0453397 
0.00560224 0.0128128 0.00563976 0.204924 0.0278706 0.0674034 0.000410842 0.212411 2.21811e-05 0.0173152 4.11733e-05 0.00571815 0.0780363 0.00308881 0.00859687 0.00178693 0.011509 0.0457065 4.79879e-07 0.0997399 0.0826166 4.10549e-05 0.106713 0.00199226 
0.00806723 0.0176979 4.29534e-05 0.235313 0.00209193 0.086052 0.000603771 0.28006 8.29329e-06 0.00205682 3.97456e-05 0.000170077 0.0583138 0.0110244 1.85264e-05 2.36596e-06 0.0460278 0.0298664 8.01881e-11 0.030369 0.0502276 3.69858e-06 0.141922 2.07656e-05 
0.00125805 0.0133021 0.00227521 0.0491744 0.0379731 0.0208056 0.000295113 0.374734 0.012913 0.0061628 3.47123e-07 0.00371882 0.0510047 0.0321658 0.000108751 0.00145104 0.00108244 0.208357 6.75758e-11 0.168052 0.00417696 6.07079e-06 0.00938871 0.00159344 
0.0358121 0.0029085 0.0589016 0.0151367 0.00199054 0.0255745 0.000261489 0.412443 2.82643e-05 9.33014e-05 0.0032515 3.16341e-05 0.0120424 0.00401166 0.000211057 0.000814834 0.00288238 0.000811208 2.66986e-05 0.11997 0.0172927 5.96014e-08 0.283184 0.00232073 
0.0112852 0.00390684 9.46047e-05 0.032335 0.0158306 0.0930451 0.00080219 0.428506 0.000517408 0.000552172 4.48326e-05 0.00715517 0.0103057 0.000563426 4.21961e-05 5.66496e-08 0.103278 0.0122025 2.31577e-12 0.138854 0.0312829 2.09479e-06 0.108012 0.00138115 
0.000747095 0.00714014 0.00455201 0.0557227 0.103611 0.0414994 0.000883703 0.300504 0.00129571 0.000870676 0.000242595 0.0890377 0.0356454 0.0064135 0.000323545 0.0010654 0.000178951 0.00291909 1.60375e-08 0.275515 0.00961161 1.69089e-06 0.0448008 0.0174183 
0.000463607 0.00133234 4.21585e-05 0.0187593 0.0166132 0.00161348 0.000542456 0.615178 0.000224556 0.000353201 7.11154e-05 0.000991204 0.160102 0.000635127 1.88335e-05 3.70087e-09 0.00375235 0.0220778 1.49563e-11 0.0981779 0.000863121 1.46156e-06 0.0581621 2.5081e-05 
0.0942043 0.00930509 0.000473946 0.0635653 0.0120978 0.0571856 4.09741e-05 0.312151 0.00110412 0.000375368 9.67434e-05 3.03367e-06 0.0116563 0.0138316 0.000438391 0.00205255 0.0121506 0.0369836 3.93589e-06 0.287112 0.0242174 4.46739e-06 0.0461404 0.0148056 
0.000131093 0.0067178 0.000431908 0.009298 0.00101762 0.00791705 0.000163939 0.908605 0.000859376 0.00349191 2.69102e-05 0.000372589 0.0176967 0.000671939 3.84894e-06 0.00140702 0.00031845 0.0228316 6.02659e-08 0.0159812 0.000211981 2.14977e-06 0.00183612 6.16939e-06 
0.0414927 0.00480027 1.88347e-05 0.0422384 0.00458715 0.0181377 2.70292e-05 0.373215 0.0414286 0.00297859 7.59086e-05 0.000868277 0.00381132 0.0104529 1.74269e-06 8.88007e-05 0.0126257 0.017618 3.67959e-10 0.0401642 0.00819863 3.01941e-05 0.367011 0.0101283 
0.00399421 0.0269622 0.00267763 0.0159813 0.0597179 0.115103 0.00380285 0.199971 0.00103139 0.00122365 0.00075841 0.0132039 0.0281585 0.00468595 0.0355805 0.000646478 0.0033376 0.0215157 1.19989e-08 0.168862 0.011451 4.75089e-05 0.171672 0.109616 
0.0041027 0.00425469 0.000656163 0.0568471 0.00194773 0.0135073 0.000306505 0.772452 3.83434e-05 0.000504786 1.19941e-05 0.000149354 0.0107985 0.000130256 5.13535e-06 9.01754e-05 0.000996979 0.0225723 1.20623e-11 0.0614916 0.000728513 1.99885e-07 0.0483509 5.69455e-05 
0.00744441 0.000655543 1.07909e-05 0.0997108 0.000209981 0.0195524 0.000235953 0.716969 5.14981e-06 0.000343893 3.31494e-06 5.53048e-08 0.022048 1.82342e-06 1.82484e-09 1.84928e-12 0.00100923 0.000929422 6.23039e-12 0.0946379 0.000594237 4.18796e-07 0.0356378 3.65812e-08 
0.00544931 0.00390842 0.000161161 0.034112 0.00494102 0.0263528 5.77391e-05 0.546571 0.096892 0.000211953 0.000774173 0.000309779 0.0168627 0.0053767 1.37216e-06 0.000192011 0.000475459 0.0156384 2.44277e-10 0.0956563 0.00832217 4.36253e-05 0.137543 0.0001462 
0.0471098 0.01007 0.117745 0.0227623 0.00494299 0.126567 0.00589424 0.299652 0.00646019 0.00645278 0.00012321 0.00860121 0.0300945 0.0121652 2.89583e-05 0.00146418 0.0423425 0.0318815 3.96412e-05 0.109616 0.0708068 1.13718e-05 0.0333538 0.0118147 
0.00963147 0.0219582 0.0119389 0.0640291 0.0176845 0.0368535 0.00479484 0.367629 0.00317814 0.00381005 3.91695e-05 0.0024984 0.0191508 0.00266433 0.000120918 0.00284873 0.048836 0.111243 1.91416e-09 0.176211 0.00556065 2.52499e-06 0.0865797 0.00273767 
0.00588854 0.00421896 0.000240399 0.0269704 0.00158286 0.0202992 0.000276321 0.721927 0.000827953 0.00120678 5.63756e-05 0.0139393 0.0268685 0.00580991 3.96647e-06 0.000132149 0.0177264 0.000709548 7.22019e-09 0.0648268 0.00205219 2.47205e-06 0.0837925 0.000641552 
0.0077898 0.0198704 0.000815673 0.05516 0.0450842 0.0759709 0.0011403 0.218044 0.000597689 0.0131312 0.000135038 0.00106478 0.0954381 0.00125269 0.00863437 0.014455 0.0519867 0.178667 7.50867e-12 0.124945 0.0705483 1.22024e-07 0.0139619 0.00130736 
0.00530593 0.0285599 0.0518096 0.0507114 0.0289005 0.0313366 0.0030675 0.248506 0.097423 0.0102479 0.000289627 0.0123394 0.0423767 0.00329134 6.18097e-05 0.015393 0.0184103 0.217237 2.57969e-06 0.093715 0.00741892 1.45596e-05 0.0212572 0.012325 
0.00172162 0.0090292 0.00260513 0.0826408 0.0309837 0.0220836 0.00340823 0.336967 0.00388167 0.00310107 0.01184 0.000762981 0.026082 0.00432593 0.0017078 0.00114225 0.024304 0.124976 1.1168e-05 0.25546 0.00844958 5.38972e-05 0.0362662 0.00819552 
0.00291443 0.00564333 0.0041437 0.19041 0.00101424 0.0146338 8.792e-05 0.532893 7.80321e-05 0.000666433 3.5757e-05 0.0377252 0.0229923 0.00156368 1.95049e-08 9.83515e-06 5.93478e-05 0.000879519 3.79903e-11 0.141903 0.0110508 6.48361e-08 0.0312868 9.698e-06 
0.062282 0.0151511 0.00377983 0.063925 0.00654443 0.0570383 0.00884121 0.320763 0.000187202 0.0109903 0.000465926 0.00714224 0.0336858 0.00678278 0.000149115 0.000210754 0.00260373 0.00190157 8.14226e-05 0.0875582 0.0267601 3.91634e-07 0.201899 0.0812567 
0.000556815 0.000281455 0.000176332 0.0225273 0.00680303 0.004294 6.2869e-06 0.820151 2.05109e-05 0.000656808 1.50529e-05 0.00598109 0.00401571 0.000235097 1.68004e-08 5.27537e-09 0.00282814 0.00198552 1.14557e-11 0.0999921 0.00308345 1.22893e-07 0.0262354 0.000154366 
0.00052026 0.00173041 1.79841e-06 0.0554367 0.00431311 0.00100819 0.00044977 0.619959 0.000749076 0.00139385 4.94004e-05 0.00296344 0.00417042 0.00114857 2.33564e-06 4.19061e-06 0.0193585 0.263321 1.25266e-12 0.0181044 0.000302629 9.77953e-06 0.0047032 0.000300559 
0.0336373 0.0161553 0.00022038 0.0158106 0.0117982 0.0391873 0.000978618 0.717397 0.000478106 0.000999631 0.000444815 5.38744e-05 0.0068169 0.000712072 0.00119002 0.00135532 0.000599582 0.0129906 2.29577e-11 0.112562 0.00146824 2.42853e-09 0.0135058 0.0116377 
0.00168712 0.0162569 0.00228525 0.150359 0.0574257 0.0296426 0.00102765 0.357743 0.000929288 0.00572657 0.0153328 0.0167248 0.0399484 0.011184 0.00638597 0.0016441 0.0117762 0.0597048 1.5637e-06 0.12768 0.0143927 1.13171e-05 0.0709484 0.00118155 
0.055202 0.000758244 2.7384e-05 0.0622859 0.00204675 0.0115027 7.30913e-05 0.420354 0.00403094 0.000950336 0.000129842 0.000104449 0.0105059 0.00239105 2.79914e-05 2.86121e-09 0.0216391 0.0206084 7.36866e-12 0.117298 0.00404623 5.12709e-05 0.265259 0.000708145 
0.000941868 0.000488057 4.14948e-09 0.0365892 0.00416297 0.00403356 1.56794e-05 0.833049 2.99926e-05 0.000874448 3.76002e-05 0.00171884 0.00490078 0.00058754 1.11505e-08 3.50081e-09 0.00706963 0.00291817 1.65985e-12 0.0497618 0.00215764 3.00535e-07 0.0506005 6.26551e-05 
0.00630183 0.00534116 7.11403e-05 0.046113 0.00248999 0.0166048 0.000462343 0.808915 7.15378e-05 0.000229982 2.23729e-05 0.000278338 0.0114264 6.12296e-05 3.07194e-06 1.35487e-08 0.0011362 0.0302642 4.84727e-12 0.0454464 0.000747674 3.69657e-07 0.0239064 0.00010626 
0.000418845 0.00625435 0.000224609 0.133153 0.00592778 0.0386684 0.000262866 0.499821 0.000451841 0.00866814 0.000249215 0.0245934 0.0396011 0.0134692 3.00028e-09 0.000271519 0.00745793 0.0865315 6.67217e-12 0.0816817 0.0142328 3.26764e-06 0.0372528 0.000805208 
0.00487076 0.071528 0.0328412 0.0816651 0.0176775 0.0768055 0.00501185 0.177064 0.00613202 0.000519571 0.000958079 0.174783 0.129313 0.00259133 1.15877e-05 0.000213624 6.71379e-05 0.000865522 4.34636e-08 0.0577565 0.0133663 1.46083e-06 0.140905 0.00505143 
0.00389544 0.0162121 0.00159987 0.0757033 0.0489065 0.0364003 0.00128514 0.207584 0.00240577 0.0151141 0.00144685 0.0105833 0.118766 0.00151537 0.000747552 0.00438673 0.0122821 0.122405 3.19294e-08 0.206871 0.0159232 1.45449e-05 0.0932961 0.00265554 
0.00630183 0.00534116 7.11403e-05 0.046113 0.00248999 0.0166048 0.000462343 0.808915 7.15378e-05 0.000229982 2.23729e-05 0.000278338 0.0114264 6.12296e-05 3.07194e-06 1.35487e-08 0.0011362 0.0302642 4.84727e-12 0.0454464 0.000747674 3.69657e-07 0.0239064 0.00010626 
0.000283256 0.00242397 2.9971e-06 0.0254232 0.00441875 0.000334131 0.000579451 0.551925 0.000883775 0.000133802 2.87002e-05 0.000620836 0.00228008 0.00059863 7.35777e-10 2.6778e-09 0.000722254 0.389337 1.77154e-12 0.0187844 1.4415e-05 1.17941e-05 0.000692475 0.000500929 
2.09395e-07 0.00131261 0.00132795 0.0540446 2.0443e-07 5.18715e-07 1.02629e-07 0.668732 1.12487e-11 0.00135325 4.23994e-12 1.11575e-11 9.0967e-07 4.31939e-07 1.03888e-07 1.3201e-07 7.80962e-08 6.02068e-07 2.66305e-11 0.0812948 1.99404e-07 1.97922e-11 0.191931 5.62987e-12 
0.00458858 0.0151413 0.000880821 0.136297 0.0298726 0.0354252 0.00536306 0.360079 0.00138672 0.0054719 0.00612462 0.038026 0.0424736 0.00272603 0.00030733 0.00161799 0.0363687 0.014358 1.86603e-08 0.188654 0.00853052 0.000124048 0.0634431 0.00274041 
0.00323523 0.00320884 4.42246e-06 0.024293 0.0336514 0.0024468 0.00327992 0.561541 0.000128757 0.00419565 0.000182614 0.00208253 0.0229168 0.00292349 0.000236931 4.53809e-05 0.013653 0.112072 2.76725e-10 0.0728013 0.00582132 2.64738e-05 0.129507 0.00174705 
0.000474435 0.0196286 8.12088e-08 0.179622 0.0240071 0.00388636 4.10335e-05 0.331783 0.00228125 0.0135245 7.13321e-05 0.0960087 0.0813074 0.0206995 2.25162e-08 9.52933e-05 0.000713564 0.00945088 7.04924e-12 0.0957386 0.00157238 1.56568e-07 0.117148 0.00194587 
0.00751487 0.0362698 0.00614813 0.154583 0.0223539 0.0193573 0.00119099 0.294436 0.000245528 0.00653849 0.00015675 0.0298509 0.071419 0.00729399 1.13151e-05 0.013054 0.0156922 0.0252722 7.13624e-06 0.0818756 0.0544588 1.17585e-05 0.148465 0.00379342 
0.00122616 0.00184986 0.000262809 0.117728 0.0201872 0.0114272 0.000306643 0.288977 3.93188e-05 0.0349464 0.000125021 0.000886146 0.020947 0.000399818 2.13767e-05 6.58923e-05 0.0418699 0.10432 7.14701e-10 0.0743189 0.0158206 1.8391e-05 0.262988 0.00126923 
0.0159735 0.025443 0.00311564 0.0611737 0.00776787 0.0689898 0.00721989 0.403704 0.00274025 0.00126739 0.00822638 0.00724587 0.0192012 0.182008 0.00122016 0.00137105 0.0123836 0.0176193 0.000801267 0.041256 0.0264518 9.80694e-06 0.0741955 0.0106148 
0.0976497 0.0668523 0.00179899 0.0270863 0.125929 0.0265427 0.000876126 0.244981 0.000753074 0.000360348 7.17609e-07 0.0386886 0.108835 0.00109189 0.00024789 0.0110292 0.000668039 0.00349919 5.05653e-10 0.198987 0.0323426 5.82236e-05 0.010947 0.000774374 
0.00567249 0.007859 0.000183946 0.0279711 0.0216593 0.0192126 0.000325169 0.585452 0.000536544 0.00104861 5.79051e-05 0.00238817 0.0172782 0.00264488 4.85523e-06 1.05457e-07 0.00216565 0.0223885 1.05457e-11 0.210585 0.0101869 7.92935e-07 0.0495043 0.0128741 
0.00584833 0.00368351 1.35899e-05 0.0134595 0.0110595 0.00101245 0.006134 0.690045 0.000311907 0.000581746 0.000339472 0.00280277 0.00450912 0.000986464 0.000150055 1.11785e-05 0.012292 0.176485 5.19661e-12 0.057772 0.00238208 4.56725e-06 0.00927561 0.00084031 
2.43924e-05 0.0505219 0.00676219 0.077452 0.0015587 0.0258089 0.00145196 0.560506 0.000175231 0.0973792 1.93677e-05 0.0037358 0.064711 0.0227211 8.0852e-07 0.00126889 0.00140254 0.000501554 3.36326e-08 0.0442293 0.0361042 2.49963e-08 0.00363642 2.88682e-05 
0.0110306 0.020696 0.167714 0.236929 0.033083 0.0859123 0.00427124 0.269498 3.04489e-05 0.0123311 6.87305e-06 0.000351388 0.0766784 9.28841e-05 1.96702e-06 0.00474427 1.49235e-06 0.020296 3.03162e-08 0.0170405 0.00260481 8.47819e-06 0.0239482 0.012729 
0.0106853 0.00273101 2.05578e-05 0.0276187 0.00939449 0.00129017 0.00660274 0.550044 0.00104267 0.00014851 0.000266871 0.00197521 0.00437633 0.000855874 4.74839e-06 3.03506e-09 0.00309975 0.349241 2.16224e-12 0.0236889 0.000587726 8.02487e-06 0.00601363 0.000304238 
0.00630183 0.00534116 7.11403e-05 0.046113 0.00248999 0.0166048 0.000462343 0.808915 7.15378e-05 0.000229982 2.23729e-05 0.000278338 0.0114264 6.12296e-05 3.07194e-06 1.35487e-08 0.0011362 0.0302642 4.84727e-12 0.0454464 0.000747674 3.69657e-07 0.0239064 0.00010626 
0.00529679 0.0260227 0.00289829 0.0647348 0.0529074 0.042183 0.00591776 0.365965 0.00152364 0.00737807 0.000584929 0.10088 0.0533387 0.00469075 0.000784742 0.00215067 0.0068098 0.115501 1.20749e-05 0.106396 0.00431801 5.56877e-06 0.0278237 0.00187671 
0.0185706 0.0610049 0.00531135 0.165607 0.0283092 0.03784 0.0130164 0.21303 0.000328957 0.00305705 0.00546551 0.00732576 0.0280529 0.00595857 0.00184411 0.00374626 0.0340577 0.0530218 0.000464092 0.132509 0.00718126 5.2954e-06 0.162522 0.0117701 
0.0138614 0.0858439 0.128625 0.0823555 0.052221 0.0504752 0.00158632 0.215015 0.00188237 0.00492315 0.000677801 0.0678186 0.0847309 0.00138447 0.000225221 0.00999866 0.000751935 0.00375025 0.000104319 0.124681 0.0323128 3.58741e-06 0.0357062 0.00106601 
0.0183455 0.0920226 0.00141419 0.0832563 0.0316224 0.00834026 0.00587682 0.273886 0.000167447 3.28522e-05 0.000170115 0.000292763 0.00248281 0.0015552 0.000208284 0.000825027 0.00620226 0.133801 9.40605e-09 0.184377 0.0175665 3.97561e-06 0.118462 0.0190897 
0.00448322 0.00630872 0.00618545 0.20675 0.00112634 0.0446204 3.25386e-05 0.267444 0.00100308 0.00533335 4.98893e-05 0.00372923 0.0427096 0.00893832 4.7529e-06 0.000814322 0.000877845 0.0319171 5.4636e-10 0.21289 0.0343549 1.1354e-05 0.119757 0.000659087 
0.00941997 0.0272744 0.0183321 0.0515261 0.0503688 0.0518967 0.000483966 0.269912 0.00446648 0.0117955 0.000101394 0.00105887 0.122598 0.0113659 0.00037124 0.0143118 0.00551962 0.0304204 1.03166e-07 0.162723 0.0208456 1.0705e-05 0.122957 0.0122416 
0.00482826 0.0204664 0.0226018 0.0361147 0.0249194 0.0408243 9.63651e-05 0.483 0.000273619 9.85829e-05 5.93158e-05 1.83308e-05 0.0211993 0.000312523 0.000241433 0.000417612 0.0045252 0.000599561 1.06607e-08 0.238564 0.0193682 1.10316e-05 0.0808932 0.000566842 
0.0113351 0.00639044 0.00109266 0.0883925 0.00109789 0.0310035 0.0011541 0.617802 0.00073655 0.00125017 3.08907e-05 0.00605221 0.0116617 0.00842539 0.00011394 0.00935658 0.015135 0.0141635 1.16261e-09 0.059717 0.00406214 9.67662e-08 0.103592 0.00743456 
0.0140462 0.0156935 0.00274106 0.117484 0.0141815 0.0266117 9.66718e-05 0.467259 0.000113672 0.0160632 0.00507113 0.00158539 0.0686604 0.00791466 6.45712e-05 0.0352799 0.0102777 0.031361 7.23074e-05 0.0283913 0.0133025 0.00025086 0.118464 0.00501331 
0.00035734 0.0127801 0.00695495 0.118913 0.00246193 0.0590644 5.51515e-05 0.560915 0.00017289 0.000222484 0.00341511 5.16136e-06 0.0141124 0.0365688 0.00437322 0.000947839 0.000885617 0.00112898 3.82777e-06 0.0566868 0.015 6.04376e-06 0.0999063 0.00506245 
0.01011 0.000494164 1.07807e-05 0.0257729 0.000294604 0.0232465 0.000207298 0.821504 2.19415e-05 0.000648063 2.06736e-05 9.49677e-08 0.0043038 9.6054e-05 1.36212e-06 2.01518e-09 0.0363314 0.000277709 1.60791e-12 0.0317743 0.00305847 1.81739e-06 0.041824 2.01551e-08 
0.0935785 0.00754335 0.0516576 0.0223254 0.00513811 0.125686 7.57598e-05 0.452842 6.77097e-05 0.000698307 7.68256e-06 0.00193568 0.0123953 0.0050298 5.60189e-05 0.00583369 0.0263666 0.00228874 4.24865e-06 0.0345238 0.0508027 0.000236204 0.100281 0.000626206 
0.0192697 0.0885633 0.00787748 0.140003 0.037535 0.0563735 0.0125442 0.215512 0.0012975 0.00122809 0.00123409 0.00174786 0.0494132 0.00475117 0.00840132 0.00164929 0.00963578 0.111962 7.48302e-08 0.148263 0.0177379 1.21939e-06 0.0535582 0.0114408 
0.0041027 0.00425469 0.000656163 0.0568471 0.00194773 0.0135073 0.000306505 0.772452 3.83434e-05 0.000504786 1.19941e-05 0.000149354 0.0107985 0.000130256 5.13535e-06 9.01754e-05 0.000996979 0.0225723 1.20623e-11 0.0614916 0.000728513 1.99885e-07 0.0483509 5.69455e-05 
0.0026761 0.0157798 0.0272871 0.0564475 0.041529 0.102251 0.00432548 0.186046 0.0321464 0.0145358 0.00756958 0.00841072 0.080011 0.010227 0.00467372 0.0141322 0.0104024 0.0364352 0.000107995 0.174981 0.0329243 0.000127262 0.11683 0.0201436 
0.066658 0.00605543 0.000380941 0.0714767 0.00247951 0.0860542 6.95314e-05 0.596353 2.42216e-06 0.000221858 3.58662e-05 1.94362e-08 0.014135 2.30327e-05 8.65462e-08 0.00341671 0.043116 0.00842968 4.65079e-08 0.056646 0.000230976 9.20726e-08 0.0305216 0.0136929 
0.0195737 0.0149744 0.00781221 0.143431 0.00971985 0.0369868 0.00172181 0.360271 0.000273145 0.00381959 0.00104299 0.00443928 0.0822078 0.000591031 0.00149929 0.000130203 0.0151473 0.00266569 2.58634e-07 0.0741923 0.0175232 9.62908e-07 0.20161 0.000366353 
0.00766459 0.00548748 0.000160652 0.0424973 0.00193163 0.027428 9.59117e-05 0.58483 0.0944466 0.000311616 0.000857383 0.00067784 0.018217 0.000370702 1.41924e-05 0.000191464 0.000724368 0.0255475 2.17522e-11 0.120421 0.00891157 4.29022e-05 0.0590249 0.000145825 
0.00030904 3.8121e-08 3.31539e-05 0.0177421 0.00846503 0.000225567 2.17383e-08 0.674356 0.00015189 0.000183595 3.09833e-09 2.01238e-08 0.0040063 1.49333e-08 1.68537e-12 7.67684e-09 3.99369e-09 0.0164281 2.463e-12 0.277372 7.1741e-09 3.66291e-09 0.00072789 3.57203e-08 
0.00132302 0.0142596 4.80071e-05 0.170468 0.0059496 0.0351312 0.000180538 0.455918 4.01776e-05 0.00040497 1.27185e-05 0.00151657 0.0180409 0.00413296 1.72584e-10 4.27514e-08 6.16973e-05 0.0299979 2.52213e-10 0.225023 0.00456373 3.8398e-07 0.0319349 0.000993248 
0.000526964 0.0239901 0.00210902 0.163556 0.0180891 0.0214038 0.000690726 0.297654 0.00123313 0.00607249 3.02238e-05 0.00936393 0.0507827 0.0047325 7.2299e-06 0.0020799 0.00521312 0.234013 1.89964e-10 0.130962 0.0108961 1.45023e-05 0.0111377 0.00544147 
0.00752115 0.0172528 0.00367504 0.225473 0.0255092 0.0125882 0.000677551 0.34038 0.000144483 0.00602574 4.22796e-05 0.00812995 0.0808844 0.00176672 0.000307696 0.00177587 0.0158604 0.00452486 3.84531e-07 0.20563 0.012838 1.25131e-07 0.0262799 0.002712 
0.0041027 0.00425469 0.000656163 0.0568471 0.00194773 0.0135073 0.000306505 0.772452 3.83434e-05 0.000504786 1.19941e-05 0.000149354 0.0107985 0.000130256 5.13535e-06 9.01754e-05 0.000996979 0.0225723 1.20623e-11 0.0614916 0.000728513 1.99885e-07 0.0483509 5.69455e-05 
0.0114508 0.0269867 0.00231738 0.063695 0.00615362 0.0663921 0.0098967 0.405176 0.000172247 0.000669657 0.000219072 0.0122908 0.0176777 0.000760605 3.19015e-05 0.000513824 0.000828266 0.0751642 2.99684e-09 0.074387 0.00258774 5.8528e-07 0.199419 0.023209 
0.01011 0.000494164 1.07807e-05 0.0257729 0.000294604 0.0232465 0.000207298 0.821504 2.19415e-05 0.000648063 2.06736e-05 9.49677e-08 0.0043038 9.6054e-05 1.36212e-06 2.01518e-09 0.0363314 0.000277709 1.60791e-12 0.0317743 0.00305847 1.81739e-06 0.041824 2.01551e-08 
0.00192283 0.0169346 0.000477884 0.073469 0.00694193 0.00413083 0.000613356 0.800901 3.19904e-05 3.07372e-05 4.37442e-06 0.00150642 0.00904716 0.000106519 8.75394e-06 0.0017105 0.000297918 0.000361083 4.10533e-11 0.063744 0.000275334 1.79825e-06 0.0172994 0.000182791 
0.016314 0.009584 7.03529e-05 0.160519 0.0153799 0.0193083 0.000230937 0.286874 3.44789e-05 0.0629935 3.15867e-05 0.000436933 0.0527491 0.00803513 6.34656e-06 0.00145407 0.0210731 0.168303 7.48816e-05 0.122492 0.0139975 1.10388e-06 0.0393725 0.000663363 
0.00892769 0.00673865 0.00205368 0.139716 0.00805505 0.055268 0.00221492 0.44034 0.000139988 0.00443343 8.48945e-05 0.000680061 0.0354826 0.000846816 9.12043e-06 0.000685017 0.0106751 0.0485762 2.49648e-07 0.171918 0.00227991 5.22255e-06 0.0570675 0.00380254 
0.01011 0.000494164 1.07807e-05 0.0257729 0.000294604 0.0232465 0.000207298 0.821504 2.19415e-05 0.000648063 2.06736e-05 9.49677e-08 0.0043038 9.6054e-05 1.36212e-06 2.01518e-09 0.0363314 0.000277709 1.60791e-12 0.0317743 0.00305847 1.81739e-06 0.041824 2.01551e-08 
0.01011 0.000494164 1.07807e-05 0.0257729 0.000294604 0.0232465 0.000207298 0.821504 2.19415e-05 0.000648063 2.06736e-05 9.49677e-08 0.0043038 9.6054e-05 1.36212e-06 2.01518e-09 0.0363314 0.000277709 1.60791e-12 0.0317743 0.00305847 1.81739e-06 0.041824 2.01551e-08 
0.00630183 0.00534116 7.11403e-05 0.046113 0.00248999 0.0166048 0.000462343 0.808915 7.15378e-05 0.000229982 2.23729e-05 0.000278338 0.0114264 6.12296e-05 3.07194e-06 1.35487e-08 0.0011362 0.0302642 4.84727e-12 0.0454464 0.000747674 3.69657e-07 0.0239064 0.00010626 
0.000285373 0.00621606 0.000187261 0.0723628 0.0422829 0.0141042 0.00334515 0.521936 0.000781657 0.0165058 0.000105487 0.00760046 0.0474133 0.0039749 2.7488e-08 0.00239013 0.00482785 0.0255616 8.25619e-06 0.215353 0.00250988 8.94858e-07 0.00510113 0.00714593 
0.00418162 0.158621 0.0014632 0.0260188 0.0315665 0.0795691 0.093468 0.185778 0.000525133 0.00178027 0.0579145 0.00169112 0.00772765 0.00939449 0.000614031 0.000804988 0.00616396 0.0233249 9.31995e-06 0.130918 0.0113148 0.000193282 0.161065 0.00589209 
0.0350357 0.00432009 0.000253646 0.0550006 0.00480432 0.0448309 7.99762e-05 0.645984 0.00296533 0.000256387 2.94456e-05 1.03787e-05 0.0112274 4.05884e-05 4.55801e-08 0.00181374 0.021109 0.0185982 2.67936e-08 0.125679 0.000193249 5.08359e-06 0.0195659 0.00819752 
0.00882203 0.0256047 0.00274343 0.0369196 0.00890226 0.102812 0.00274379 0.404722 0.000132739 0.000784756 0.00973901 4.35915e-05 0.019545 0.00593908 0.000395537 0.00840437 0.0327552 0.00618739 2.16622e-05 0.177862 0.00599355 1.56875e-06 0.120397 0.0185285 
0.0024074 0.0140727 0.0105325 0.026473 0.0439409 0.0553638 0.0169475 0.258574 0.137996 0.0138389 0.000954903 0.115456 0.0525492 0.00441453 0.000102549 0.00525559 0.0144726 0.02196 5.70026e-11 0.130509 0.0408976 2.18468e-06 0.0290562 0.00422285 
0.00630183 0.00534116 7.11403e-05 0.046113 0.00248999 0.0166048 0.000462343 0.808915 7.15378e-05 0.000229982 2.23729e-05 0.000278338 0.0114264 6.12296e-05 3.07194e-06 1.35487e-08 0.0011362 0.0302642 4.84727e-12 0.0454464 0.000747674 3.69657e-07 0.0239064 0.00010626 
0.000340023 0.041836 0.000384474 0.226882 0.00161221 0.0065052 0.0026167 0.259606 1.93373e-07 0.000336101 3.40568e-05 0.000361431 0.0558712 0.0127159 0.00297053 0.000128371 0.000253578 0.185295 2.87145e-08 0.114356 0.000624765 8.15795e-08 0.0868273 0.000442573 
0.00821319 0.004322 0.000209064 0.0559863 0.000973907 0.0137852 0.00029259 0.64845 5.10621e-05 4.13388e-05 3.63589e-05 0.00105458 0.00982494 0.000189134 9.12385e-05 2.14162e-05 0.0559581 0.0100361 5.16471e-09 0.155362 0.00120403 2.64171e-08 0.0330762 0.000821285 
0.0072611 0.000334544 0.000996543 0.00157638 1.03757e-05 0.0393945 0.0014408 0.652012 7.92592e-07 1.50576e-06 2.91971e-07 1.4774e-09 0.000241927 1.58068e-07 0.0402765 1.04664e-09 0.221596 2.26514e-05 3.52622e-09 0.0271093 0.00229426 2.30394e-07 0.00529858 0.000130977 
0.00630183 0.00534116 7.11403e-05 0.046113 0.00248999 0.0166048 0.000462343 0.808915 7.15378e-05 0.000229982 2.23729e-05 0.000278338 0.0114264 6.12296e-05 3.07194e-06 1.35487e-08 0.0011362 0.0302642 4.84727e-12 0.0454464 0.000747674 3.69657e-07 0.0239064 0.00010626 
0.00440319 0.000132725 0.00066299 0.00442498 0.00335281 0.019214 0.000154451 0.393551 4.91007e-05 1.89346e-05 1.69961e-05 0.000328082 0.00918406 0.000458636 2.45543e-07 3.4975e-06 1.10805e-05 0.00723945 7.95438e-10 0.256825 0.10221 1.39023e-06 0.168039 0.0297189 
0.000927539 0.0163504 0.00128296 0.127461 0.0317887 0.0276444 0.00309837 0.285727 0.0007868 0.00473076 0.00926553 0.197971 0.0233227 0.00301969 0.000458196 9.43411e-05 0.000390038 0.0958263 6.50312e-12 0.148869 0.00610325 4.72035e-07 0.0144255 0.000456113 
0.00136057 0.0241243 0.0134151 0.0751819 0.0860456 0.0151339 0.000535351 0.533961 0.00307219 0.00406586 0.00610685 0.00693218 0.0376189 0.00265342 8.24929e-05 0.00582066 0.0198573 0.0311028 6.22009e-09 0.112487 0.00523935 3.13875e-05 0.0117655 0.00340713 
0.000912279 0.00369967 0.000327265 0.0736444 0.0022271 0.0280688 0.000353631 0.364055 0.000698999 0.0200273 6.99415e-05 0.000331389 0.215991 0.00170257 3.10574e-12 0.00048903 0.000121558 0.0810154 4.53871e-12 0.184037 0.00965368 3.96094e-09 0.0125734 4.09201e-09 
