0.00302479 0.0431561 0.00017154 0.0389083 0.0979504 0.0143943 0.000616044 0.174224 0.0017977 0.0103047 0.000161749 0.0130752 0.12698 0.000780321 9.34624e-07 0.030028 0.0170504 0.173874 5.22423e-11 0.173002 0.0182263 3.9445e-09 0.0620869 0.00018622 
0.00249407 0.0500937 0.0076786 0.0312438 0.00299645 0.0174019 0.00110671 0.539716 0.000260845 0.000431522 1.71853e-05 0.000737629 0.0562604 0.000504575 0.00863425 0.0323442 0.0110118 0.00936604 1.37754e-06 0.133068 0.0178256 1.81055e-07 0.0726201 0.00418475 
0.000291729 0.00505159 2.64182e-08 0.0352295 0.0208469 0.00489094 0.000559 0.69995 0.000339058 0.00111769 9.23121e-05 0.0109131 0.0149088 0.00121413 1.36705e-06 1.7275e-06 0.00926741 0.128263 4.53829e-11 0.047984 0.00380846 2.12516e-06 0.0148888 0.000377707 
0.0012016 0.00478767 0.000196815 0.0259154 0.0117655 0.0214393 0.000290101 0.366539 0.0220548 0.000895262 0.000127869 0.00934337 0.0175171 0.00106952 0.000146026 0.00031794 0.0176235 0.148642 9.93175e-09 0.249455 0.0216618 7.49081e-06 0.0659392 0.0130636 
0.000145139 0.00365828 1.43039e-09 0.0187018 0.00636738 0.00130687 0.00071566 0.831214 0.000751913 6.23181e-05 7.83325e-05 0.00666464 0.0059037 0.00121336 9.27317e-13 2.88169e-09 3.72687e-05 0.0930091 1.35518e-12 0.0292639 0.000362477 3.53121e-06 0.000377133 0.000163486 
0.00120584 0.0301078 0.00494389 0.068406 0.00977238 0.0251095 0.000543341 0.494811 0.000713974 0.00531319 4.67309e-05 0.0113258 0.0726545 0.008143 1.41837e-05 0.00280337 0.00399297 0.00825386 7.71762e-06 0.133749 0.043374 2.23381e-06 0.0700146 0.00469186 
0.0184271 0.0037914 0.000309127 0.0990707 0.00402329 0.0238668 0.000578822 0.51242 0.000165079 0.00379521 3.06304e-05 0.00956394 0.0400248 0.00167024 3.15264e-06 0.00211542 0.012012 0.00709025 5.48269e-07 0.14069 0.0044451 9.69584e-07 0.114703 0.00120255 
0.000259406 0.0162036 0.000934813 0.0198822 0.00901638 0.0313118 0.000865459 0.662341 0.00389188 0.00168482 4.55786e-05 0.00719942 0.0151604 0.00500111 7.55383e-06 0.0069018 0.00379415 0.0798882 1.94389e-12 0.126164 0.00587715 7.6007e-06 0.00274356 0.000817988 
0.0490494 0.000933806 3.34068e-05 0.0418786 0.00537993 0.0570425 0.000111939 0.62504 0.00415083 0.000358903 4.12082e-05 1.4519e-05 0.0044013 5.6805e-05 4.18731e-08 0.000694395 0.0295522 0.0260373 2.00492e-08 0.139206 0.000270515 7.09253e-06 0.00571489 0.0100245 
0.0263201 0.000593545 9.53009e-05 0.0648366 0.00660886 0.00761944 0.000158825 0.82283 2.28848e-05 0.0134859 3.82614e-05 7.59527e-05 0.0111352 1.96943e-05 1.46536e-05 0.00391327 0.00838166 0.020046 3.73532e-05 0.00888426 0.00150501 1.47375e-05 0.00326549 9.71771e-05 
0.000267444 0.0190045 0.00130873 0.0187218 0.00701129 0.0354133 0.000766131 0.634447 0.00488788 0.00229294 2.54961e-05 0.00206703 0.0150355 0.005208 1.05736e-05 0.0096625 0.00502647 0.0882127 2.18839e-12 0.140915 0.00506912 7.76237e-06 0.00349396 0.00114518 
0.0226066 0.0219649 0.000401953 0.11731 0.0224721 0.0195544 0.00666871 0.516891 0.000272762 0.00163272 0.00465107 0.0234327 0.0110968 0.000784407 0.000668932 7.84002e-07 0.0720086 0.0674077 1.62847e-09 0.0643678 0.00315659 2.19986e-07 0.0225197 0.000129546 
0.0985507 0.00498776 0.000102789 0.000733592 0.00552607 0.00317645 0.0232641 0.376505 0.000124278 1.51594e-05 0.328416 0.00137158 0.00339279 0.14292 4.14221e-05 0.000390569 3.75589e-05 0.00205437 4.30296e-08 0.0044952 0.00190907 2.83856e-06 0.00152444 0.000458474 
0.0121584 0.0136384 0.00627983 0.11627 0.0236603 0.0293603 0.000432358 0.308219 0.00156743 0.00482247 0.000150562 0.0172528 0.0729132 0.00678962 3.57162e-05 0.000606366 0.0388187 0.0135322 0.000763174 0.255391 0.00812179 1.21453e-05 0.0663544 0.00284906 
0.0169849 0.0181889 0.00951535 0.143074 0.0171575 0.05881 0.00137648 0.254097 0.000859675 0.00726799 0.000259944 0.00143477 0.0243348 0.0343786 0.000279915 0.0143039 0.0192348 0.104839 1.28986e-06 0.0781003 0.0117621 4.93425e-06 0.174983 0.00875041 
0.000756436 0.0114017 3.99245e-05 0.0129539 0.020518 0.0121262 0.00156991 0.776333 0.000492426 0.000330698 0.000142559 0.00706102 0.00929739 0.00228457 1.77438e-10 0.000183512 5.0155e-05 0.0666297 1.9643e-12 0.0500662 0.0183585 8.24584e-06 0.00438655 0.00500931 
0.000398104 0.0156829 0.0393529 0.184668 7.56357e-05 0.0354188 0.000325586 0.405641 5.43498e-05 0.00189149 3.04574e-05 0.00535164 0.0258758 0.00264542 3.60127e-08 0.0368608 0.000144337 0.0014083 1.83418e-10 0.109282 0.0495994 2.568e-09 0.0852904 2.82888e-06 
0.00318774 0.00550139 9.76354e-05 0.0734221 0.00419999 0.010042 0.000564711 0.642496 5.51447e-05 0.000401992 2.10923e-05 0.00435176 0.0434272 0.000102542 3.06443e-06 6.44745e-09 0.00303393 0.0348782 1.96852e-12 0.129267 0.00142606 1.93934e-07 0.0433787 0.000141257 
0.01137 0.00569375 2.86085e-08 0.0104804 0.0156845 0.00458268 0.0206246 0.691709 0.000854546 0.000149545 0.000706591 0.00508279 0.00781712 0.00174201 2.6384e-08 8.00254e-13 0.00777004 0.184868 2.69614e-12 0.0141498 0.00352608 2.80734e-09 0.0130808 0.000108359 
0.00630183 0.00534116 7.11403e-05 0.046113 0.00248999 0.0166048 0.000462343 0.808915 7.15378e-05 0.000229982 2.23729e-05 0.000278338 0.0114264 6.12296e-05 3.07194e-06 1.35487e-08 0.0011362 0.0302642 4.84727e-12 0.0454464 0.000747674 3.69657e-07 0.0239064 0.00010626 
3.4482e-05 0.00205325 5.4971e-05 0.00284293 0.00130935 0.00478084 5.36832e-06 0.632835 0.00137248 0.000504516 1.55135e-08 0.00917443 0.0198708 0.0115673 6.3711e-10 0.000432951 3.51702e-08 0.000241975 9.31068e-10 0.306912 0.00139314 7.808e-08 0.00076697 0.00384774 
0.00787238 0.0770632 0.0111992 0.148362 0.0682983 0.0455997 0.0092055 0.284017 0.00244712 0.00987402 0.000560746 0.011953 0.0407983 0.00519373 0.00665857 0.00333205 0.0177247 0.0640725 1.51918e-05 0.100175 0.0269168 0.000145867 0.0523488 0.00616631 
0.00819156 0.00298308 2.85153e-05 0.0208675 0.00769654 0.00120066 0.00660582 0.548077 0.000817028 0.000141071 0.000194835 0.00176638 0.00401205 0.000758978 2.85103e-06 2.33103e-09 0.0258535 0.345961 1.99773e-12 0.0203424 0.000511919 7.07897e-06 0.00360819 0.00037199 
0.000526779 0.00172016 0.0126783 0.0249787 0.00847192 0.0126916 0.000159499 0.633742 0.00181032 1.65094e-05 1.36469e-05 7.95945e-05 0.00500101 0.00252167 0.000854555 0.000216573 0.00289023 0.00125228 4.45451e-07 0.269182 0.0125641 2.224e-05 0.00837924 0.000227219 
0.00630183 0.00534116 7.11403e-05 0.046113 0.00248999 0.0166048 0.000462343 0.808915 7.15378e-05 0.000229982 2.23729e-05 0.000278338 0.0114264 6.12296e-05 3.07194e-06 1.35487e-08 0.0011362 0.0302642 4.84727e-12 0.0454464 0.000747674 3.69657e-07 0.0239064 0.00010626 
3.81735e-05 0.0348346 0.0332236 0.267174 0.00579514 0.084777 0.000312974 0.321209 1.88792e-05 0.00428464 7.1588e-05 0.00620121 0.013985 0.00011532 4.71697e-08 0.000959967 3.70888e-05 0.0138776 1.29467e-06 0.0600789 0.0930027 2.90534e-08 0.0595959 0.000405091 
0.00243082 0.00184667 0.000626945 0.0153239 0.00805471 0.0221209 7.03169e-05 0.410576 0.0118878 0.000394222 0.000126744 0.00645262 0.0637195 0.000759902 4.22408e-05 7.29215e-06 0.0346801 0.00172347 3.36575e-12 0.324733 0.0405106 4.5492e-06 0.0512641 0.00264333 
0.000848098 0.00129096 0.00115944 0.0334687 0.0100266 0.00237796 1.93246e-05 0.530893 7.76954e-05 0.0477084 4.15474e-06 0.000242973 0.0785612 0.000814439 0.000191254 0.00432822 0.00987971 0.239958 2.95352e-07 0.0158207 0.00215161 1.02936e-06 0.0201195 5.63424e-05 
0.0345933 0.077697 0.000709864 0.0235737 0.00805824 0.0813864 0.000872726 0.581764 0.00337488 0.00442831 0.000129742 0.00110835 0.0101462 0.00105765 0.00835755 0.000384739 0.0100414 0.0152035 1.0157e-06 0.0625281 0.029587 1.87841e-07 0.0442241 0.000772422 
0.00126633 0.0139564 0.00098904 0.0977874 0.0238978 0.0491656 0.0047688 0.354561 0.00214788 0.00360821 0.000253154 0.0293412 0.062917 0.0192069 0.0458304 0.000683711 0.0425313 0.00209629 2.51839e-06 0.161243 0.0118358 5.57832e-07 0.0705893 0.0013205 
1.13768e-06 0.0151358 1.13748e-06 0.080003 0.016616 0.00443969 0.0018207 0.357558 1.1372e-06 1.13763e-06 1.13785e-06 1.13722e-06 0.190391 0.0163808 0.00466101 1.13751e-06 1.138e-06 1.13791e-06 1.13578e-06 0.245835 1.13792e-06 1.13641e-06 0.0671439 1.13772e-06 
0.00504375 0.00154202 0.00142378 0.0265261 0.171628 0.0232527 0.000410749 0.191735 0.000746724 0.000603664 9.93866e-05 0.0475524 0.0064872 0.014836 1.02908e-10 0.00299889 0.00778545 0.118727 1.99332e-08 0.139265 0.000403224 4.14802e-06 0.060367 0.178561 
0.0284109 0.016039 0.00022037 0.0151571 0.0169599 0.0441678 0.00114806 0.723135 0.000414123 0.0007018 0.000530295 0.00071114 0.00873422 0.00116798 0.00052779 0.00135526 0.000558508 0.00908064 1.94329e-11 0.104949 0.002364 1.19703e-07 0.0120289 0.0116376 
0.0223744 0.0139762 0.00283605 0.0595277 0.0544506 0.0388041 0.00184831 0.255525 0.00260025 0.00620886 0.000150822 0.00106789 0.0273613 0.00772534 0.000240406 0.00519517 0.0194512 0.12236 2.06819e-06 0.230197 0.0139987 3.14969e-05 0.102494 0.0115732 
0.0114664 0.00773485 0.00298089 0.108544 0.00929602 0.0276045 0.00175458 0.394881 0.0029614 0.00167524 0.00015052 0.00328642 0.0264972 0.00491662 7.78734e-05 0.00623619 0.032587 0.167638 6.74041e-08 0.0979307 0.00440777 1.13054e-05 0.0803821 0.00698021 
0.000463643 0.00150721 6.86692e-09 0.0197346 0.00305827 0.00294063 4.10145e-05 0.882373 8.36133e-05 0.000726314 7.66328e-05 0.000991306 0.00552897 0.000628793 3.83598e-06 5.54493e-09 0.00326415 0.00595149 1.11313e-11 0.0371961 0.000863168 1.2304e-07 0.0345425 2.50968e-05 
0.0016224 0.0946006 0.0012755 0.112423 0.0180778 0.148643 0.000478531 0.288984 8.14246e-05 0.00420108 0.000291206 7.39107e-05 0.0370882 0.0110159 0.000324492 0.0155957 0.00116811 0.00766256 8.09674e-07 0.113008 0.0197482 0.000156371 0.113371 0.0101086 
0.00630183 0.00534116 7.11403e-05 0.046113 0.00248999 0.0166048 0.000462343 0.808915 7.15378e-05 0.000229982 2.23729e-05 0.000278338 0.0114264 6.12296e-05 3.07194e-06 1.35487e-08 0.0011362 0.0302642 4.84727e-12 0.0454464 0.000747674 3.69657e-07 0.0239064 0.00010626 
0.0216925 0.025041 0.00150761 0.106856 0.0654421 0.0250245 0.0110965 0.158247 0.00191741 0.0133122 0.00826231 0.0531343 0.0888023 0.024089 0.00692159 0.0010647 0.00805314 0.111894 7.8984e-06 0.144356 0.0180777 0.00613176 0.0863525 0.0127162 
0.0420844 0.00595767 8.2328e-08 0.053327 1.00704e-07 0.000108799 0.000362477 0.701625 4.56673e-08 4.98217e-05 0.000488503 1.78485e-06 0.0427929 0.00114112 2.68156e-08 4.48386e-08 8.18979e-05 0.000129816 9.51163e-12 0.0433336 1.53822e-08 7.06919e-12 0.108515 2.33664e-08 
0.00316701 0.00354614 0.00356423 0.0167508 3.72103e-07 0.172497 2.51201e-07 0.345914 0.00106867 0.00033611 3.6773e-11 0.000136726 0.0230236 0.0930347 7.94652e-05 0.00795489 0.000104385 0.000540045 2.94931e-07 0.0489503 0.116117 8.48768e-06 0.158693 0.00451257 
0.00012478 8.72624e-05 0.0222857 0.00772323 0.0050089 0.00568885 0.000510866 0.87842 0.000278252 0.00172792 1.08005e-06 2.84219e-06 0.00114019 0.000126371 4.6419e-06 0.00566328 3.04872e-05 0.00945308 6.78365e-06 0.00088432 8.2841e-05 5.04171e-06 0.00818553 0.0525573 
0.00433247 0.0964389 0.000666721 0.136241 0.0109952 0.0408977 0.00408347 0.360849 0.0276693 0.000477651 0.0002729 0.000605488 0.0159565 0.00183529 0.000254616 0.000559987 0.00344517 0.0170456 2.18389e-05 0.175045 0.0104449 1.53018e-05 0.0914292 0.00041758 
0.00121348 0.000994433 0.00037035 0.0607761 0.0440932 0.00289627 7.482e-05 0.582652 0.000466003 0.129381 8.70712e-06 0.00143626 0.0762768 0.000903921 7.18828e-06 0.00393672 0.0132531 0.0441085 3.52907e-09 0.0195425 0.00293066 1.06425e-06 0.0143855 0.000291523 
0.0490494 0.000933806 3.34068e-05 0.0418786 0.00537993 0.0570425 0.000111939 0.62504 0.00415083 0.000358903 4.12082e-05 1.4519e-05 0.0044013 5.6805e-05 4.18731e-08 0.000694395 0.0295522 0.0260373 2.00492e-08 0.139206 0.000270515 7.09253e-06 0.00571489 0.0100245 
0.00132027 0.000710498 0.000264743 0.0434128 0.0314963 0.00206903 5.35523e-05 0.681128 0.000629145 0.112421 6.23968e-06 0.00102639 0.0544851 0.000645904 5.18269e-06 0.00281258 0.00946735 0.0315077 1.0178e-08 0.0139594 0.00209371 7.90014e-07 0.010276 0.000208347 
0.0129716 0.0982742 0.00487839 0.0317047 0.104394 0.030333 0.00145981 0.243902 0.000357467 0.00784017 0.0124306 0.00107975 0.0969694 0.0129086 0.000689564 0.00269431 0.00403559 0.0127885 1.70472e-07 0.180647 0.0278261 3.34531e-06 0.0923432 0.0194679 
0.00157312 0.00126001 0.00192223 0.0107442 0.00164323 0.0339375 7.87022e-06 0.711399 1.05923e-06 0.000491752 0.00267005 1.02699e-05 0.0519539 0.0132445 5.34388e-05 0.000426645 0.00657001 0.00161899 5.43673e-07 0.11401 0.00843402 1.86347e-06 0.0379569 6.86303e-05 
0.0217097 0.00416256 0.000414547 0.0521114 0.00150732 0.00112537 0.000122524 0.742074 7.78467e-06 4.46876e-05 0.0285731 1.01535e-06 0.0254701 0.00258 0.000528755 2.59754e-05 4.63598e-05 0.00031898 9.09898e-09 0.0202448 0.000217395 2.20902e-08 0.0986165 9.75471e-05 
0.000350921 0.145605 0.00113314 0.0510851 0.0232777 0.00229811 0.000447312 0.606687 2.23707e-05 0.00231044 0.000196129 0.00344191 0.0257953 0.00130358 0.000131811 0.0116311 0.0021452 0.030763 0.00021879 0.0653893 0.00637488 2.7958e-08 0.0193102 8.16422e-05 
0.00129033 0.0277345 0.0022636 0.0616969 0.0183849 0.0271713 0.0186445 0.369572 0.0111144 0.0039152 0.0202716 0.0626346 0.0140811 0.0188099 0.00125717 0.0125521 0.024022 0.135347 8.44206e-07 0.0491889 0.0108706 3.49088e-05 0.0813826 0.0277585 
0.00848973 0.0418282 0.000433308 0.121694 0.057419 0.0186704 0.000328974 0.22669 0.0276101 0.00175768 0.000488738 0.0137113 0.221167 0.00400852 1.42832e-06 0.000983606 0.00115729 0.0341991 1.23921e-07 0.183884 0.00632951 0.000455923 0.0270163 0.00167487 
0.000463643 0.00150721 6.86692e-09 0.0197346 0.00305827 0.00294063 4.10145e-05 0.882373 8.36133e-05 0.000726314 7.66328e-05 0.000991306 0.00552897 0.000628793 3.83598e-06 5.54493e-09 0.00326415 0.00595149 1.11313e-11 0.0371961 0.000863168 1.2304e-07 0.0345425 2.50968e-05 
0.041442 0.0149977 0.00105946 0.223742 0.0448298 0.0350575 0.00747075 0.393372 9.02123e-05 0.00152833 0.00278258 0.0246467 0.0201909 0.000615679 0.00138522 3.88124e-05 0.00375332 0.0610051 2.48346e-06 0.0311794 0.00442132 2.8668e-09 0.0863177 7.16603e-05 
0.01011 0.000494164 1.07807e-05 0.0257729 0.000294604 0.0232465 0.000207298 0.821504 2.19415e-05 0.000648063 2.06736e-05 9.49677e-08 0.0043038 9.6054e-05 1.36212e-06 2.01518e-09 0.0363314 0.000277709 1.60791e-12 0.0317743 0.00305847 1.81739e-06 0.041824 2.01551e-08 
0.00488251 0.0043523 0.000695238 0.00831558 0.0334675 0.0327398 0.00150897 0.636871 0.000167704 0.000948881 0.000370422 0.0690466 0.0241813 0.00537552 0.000242224 0.00254108 0.00671991 0.0187988 2.71453e-11 0.0883261 0.00790351 1.59004e-06 0.049223 0.00332087 
0.00177022 0.00276978 0.00190293 0.105299 0.000328105 0.0713903 0.000527506 0.552974 7.86306e-07 0.000847505 4.09107e-06 0.00163564 0.0476009 0.00842936 4.59742e-05 5.91253e-05 0.00446059 0.00601176 2.85525e-10 0.128268 0.007226 1.86784e-07 0.0583138 0.000134385 
0.00184504 0.0127272 0.00700846 0.0225334 0.0110876 0.0386241 2.76492e-05 0.323925 4.2403e-08 7.73291e-05 1.94115e-05 0.000654644 0.183422 0.0479288 0.00193151 0.0224068 0.000107794 0.00842485 3.6397e-11 0.0830736 0.0927691 2.70508e-11 0.14039 0.00101488 
0.00630183 0.00534116 7.11403e-05 0.046113 0.00248999 0.0166048 0.000462343 0.808915 7.15378e-05 0.000229982 2.23729e-05 0.000278338 0.0114264 6.12296e-05 3.07194e-06 1.35487e-08 0.0011362 0.0302642 4.84727e-12 0.0454464 0.000747674 3.69657e-07 0.0239064 0.00010626 
0.0154748 0.0140154 0.00330128 0.0355801 0.0166021 0.0606202 0.000766444 0.612075 0.00024302 0.000739227 0.0048399 0.000811957 0.0213322 0.000981843 0.000796343 0.00202628 0.000582611 0.0212629 8.3196e-09 0.124998 0.00682531 9.46446e-07 0.0528325 0.00329219 
1.13768e-06 0.0151358 1.13748e-06 0.080003 0.016616 0.00443969 0.0018207 0.357558 1.1372e-06 1.13763e-06 1.13785e-06 1.13722e-06 0.190391 0.0163808 0.00466101 1.13751e-06 1.138e-06 1.13791e-06 1.13578e-06 0.245835 1.13792e-06 1.13641e-06 0.0671439 1.13772e-06 
0.000410649 0.00560534 0.00367535 0.0635082 0.016617 0.0147108 0.000285804 0.482495 0.000963382 0.00302166 0.000187153 0.00114695 0.024487 0.000703387 0.000131932 0.0116809 1.37412e-05 0.0311115 6.69389e-11 0.262798 0.00101958 9.9459e-07 0.0481691 0.0272558 
0.00326007 5.02096e-07 3.48011e-07 0.0541829 6.84919e-07 3.48517e-06 4.31787e-07 0.517112 2.5009e-11 1.47908e-11 6.31673e-08 2.48063e-11 1.13388e-06 4.86644e-07 4.05139e-11 1.75735e-11 1.84053e-06 5.28959e-07 5.92068e-11 0.425421 1.6166e-06 3.52467e-08 1.21722e-05 3.15435e-07 
0.00052026 0.00173041 1.79841e-06 0.0554367 0.00431311 0.00100819 0.00044977 0.619959 0.000749076 0.00139385 4.94004e-05 0.00296344 0.00417042 0.00114857 2.33564e-06 4.19061e-06 0.0193585 0.263321 1.25266e-12 0.0181044 0.000302629 9.77953e-06 0.0047032 0.000300559 
0.0200509 0.0209501 0.00212043 0.0509534 0.00682478 0.00162742 0.000407817 0.614981 0.000296211 7.68287e-05 2.02667e-05 0.00130174 0.0204812 0.00131493 0.000945797 0.000674313 0.000463179 0.000947087 4.68274e-09 0.188609 0.0205807 6.9172e-12 0.0461867 0.00018602 
0.0471098 0.01007 0.117745 0.0227623 0.00494299 0.126567 0.00589424 0.299652 0.00646019 0.00645278 0.00012321 0.00860121 0.0300945 0.0121652 2.89583e-05 0.00146418 0.0423425 0.0318815 3.96412e-05 0.109616 0.0708068 1.13718e-05 0.0333538 0.0118147 
0.000463643 0.00150721 6.86692e-09 0.0197346 0.00305827 0.00294063 4.10145e-05 0.882373 8.36133e-05 0.000726314 7.66328e-05 0.000991306 0.00552897 0.000628793 3.83598e-06 5.54493e-09 0.00326415 0.00595149 1.11313e-11 0.0371961 0.000863168 1.2304e-07 0.0345425 2.50968e-05 
0.0043422 0.0295259 0.000530631 0.0611263 0.0565063 0.0257445 0.00299587 0.365227 1.65159e-05 0.00192372 0.000971456 0.000223429 0.0613427 0.000761297 1.52898e-06 0.00616799 0.00108949 0.00504646 1.06604e-10 0.324684 0.020077 1.32298e-06 0.0307755 0.000918301 
0.00052026 0.00173041 1.79841e-06 0.0554367 0.00431311 0.00100819 0.00044977 0.619959 0.000749076 0.00139385 4.94004e-05 0.00296344 0.00417042 0.00114857 2.33564e-06 4.19061e-06 0.0193585 0.263321 1.25266e-12 0.0181044 0.000302629 9.77953e-06 0.0047032 0.000300559 
0.00309639 0.114978 0.00337382 0.0530168 0.13574 0.0442702 0.00763072 0.14839 0.00988625 0.019344 0.0090304 0.00156359 0.0550633 0.12128 0.00909348 0.0157938 0.0201599 0.0259811 7.11688e-07 0.140118 0.00916352 1.89163e-05 0.0181624 0.034845 
0.0151994 0.099316 0.0228026 0.0808685 0.0177302 0.0238457 0.127112 0.204137 0.000969902 0.00459507 0.0690889 0.0145598 0.141643 0.00888304 0.000355796 0.00386995 0.0037057 0.0146363 0.00166421 0.0702005 0.0313867 3.12318e-05 0.0405889 0.00280942 
0.0340449 0.0156807 0.0012885 0.232385 0.0276463 0.0225159 0.00559218 0.312088 0.000323803 0.00270012 0.0127584 0.117415 0.0169135 0.000642118 0.0016991 2.12624e-05 0.0594555 0.0194266 4.47299e-10 0.0663101 0.00536714 2.76356e-10 0.0457013 2.3758e-05 
0.055202 0.000758244 2.7384e-05 0.0622859 0.00204675 0.0115027 7.30913e-05 0.420354 0.00403094 0.000950336 0.000129842 0.000104449 0.0105059 0.00239105 2.79914e-05 2.86121e-09 0.0216391 0.0206084 7.36866e-12 0.117298 0.00404623 5.12709e-05 0.265259 0.000708145 
0.000267444 0.0190045 0.00130873 0.0187218 0.00701129 0.0354133 0.000766131 0.634447 0.00488788 0.00229294 2.54961e-05 0.00206703 0.0150355 0.005208 1.05736e-05 0.0096625 0.00502647 0.0882127 2.18839e-12 0.140915 0.00506912 7.76237e-06 0.00349396 0.00114518 
0.00111369 0.0663025 0.00141717 0.0409097 0.0389543 0.0601137 0.0249178 0.291712 0.00287664 0.00362195 0.00187117 0.0194292 0.026665 0.00463678 0.000369674 0.00326117 0.0111818 0.13789 9.99994e-07 0.123262 0.0329634 2.40816e-05 0.0380556 0.0684501 
0.00677894 0.0153898 2.77941e-08 0.041823 0.00123047 0.000287108 0.00100248 0.832099 0.000188202 9.13318e-05 0.000109053 0.00455838 0.0143163 0.000711963 9.05319e-09 1.51376e-08 9.02842e-05 0.0268225 3.52151e-12 0.0258839 5.1496e-05 1.68274e-09 0.028394 0.000172004 
0.00340963 0.0152891 0.000762636 0.0683592 0.0337188 0.0323146 0.032899 0.250703 0.0145473 0.000809913 0.00412522 0.102463 0.0247855 0.00372813 0.000745737 0.00505252 0.0185774 0.159155 1.66641e-06 0.188126 0.00792184 2.51233e-05 0.019918 0.0125616 
0.0026606 0.00101755 0.000115066 0.0955193 0.000769462 0.0123341 0.000421626 0.710329 1.12054e-05 6.29656e-05 2.85338e-05 5.81818e-07 0.00774142 5.50729e-05 9.58226e-07 1.46177e-08 0.00299296 0.00026504 7.99377e-12 0.0960567 0.00131613 5.60625e-07 0.0682774 2.32934e-05 
0.00563207 0.00307836 0.000398453 0.0380469 0.009879 0.0150399 0.000826017 0.58306 0.000458662 4.59168e-05 2.29866e-05 0.000924211 0.0118629 0.000515134 4.13368e-05 2.03962e-05 0.00222045 0.00796386 5.44607e-08 0.296886 0.00051036 9.36318e-06 0.0220983 0.000458574 
0.00389544 0.0162121 0.00159987 0.0757033 0.0489065 0.0364003 0.00128514 0.207584 0.00240577 0.0151141 0.00144685 0.0105833 0.118766 0.00151537 0.000747552 0.00438673 0.0122821 0.122405 3.19294e-08 0.206871 0.0159232 1.45449e-05 0.0932961 0.00265554 
0.00630183 0.00534116 7.11403e-05 0.046113 0.00248999 0.0166048 0.000462343 0.808915 7.15378e-05 0.000229982 2.23729e-05 0.000278338 0.0114264 6.12296e-05 3.07194e-06 1.35487e-08 0.0011362 0.0302642 4.84727e-12 0.0454464 0.000747674 3.69657e-07 0.0239064 0.00010626 
0.01011 0.000494164 1.07807e-05 0.0257729 0.000294604 0.0232465 0.000207298 0.821504 2.19415e-05 0.000648063 2.06736e-05 9.49677e-08 0.0043038 9.6054e-05 1.36212e-06 2.01518e-09 0.0363314 0.000277709 1.60791e-12 0.0317743 0.00305847 1.81739e-06 0.041824 2.01551e-08 
0.00128803 0.00520389 0.000488572 0.0367878 0.0160291 0.00848044 0.000413524 0.302194 0.00829295 0.0147866 1.39135e-05 0.00202436 0.0983041 0.000640188 1.22718e-05 0.0289435 0.0212136 0.257382 5.74412e-11 0.178684 0.0142184 3.25772e-06 0.00415696 0.00043857 
0.171972 0.00468201 0.00161597 0.0775382 0.00634227 0.00856367 0.000425715 0.290778 2.5456e-07 0.000402522 3.20453e-05 1.01588e-07 0.03385 0.121573 0.000269801 0.000939327 0.00143367 0.173713 3.54183e-11 0.0432941 0.00227395 1.07458e-07 0.0600207 0.000278345 
0.00307259 0.00864359 0.00071352 3.50818e-07 0.0277085 0.0064965 0.000909801 0.437968 0.000629167 0.0119376 0.000375265 2.05918e-11 0.0196212 0.0012406 0.000294495 0.015659 4.91895e-12 0.00808897 4.91478e-11 0.178454 0.000757989 8.02597e-08 0.0564863 0.220942 
0.00751487 0.0362698 0.00614813 0.154583 0.0223539 0.0193573 0.00119099 0.294436 0.000245528 0.00653849 0.00015675 0.0298509 0.071419 0.00729399 1.13151e-05 0.013054 0.0156922 0.0252722 7.13624e-06 0.0818756 0.0544588 1.17585e-05 0.148465 0.00379342 
0.00904842 0.0049272 0.00156472 0.0559624 0.00572982 0.0374423 0.000421999 0.509801 0.015416 0.00111754 0.000174737 0.00752098 0.0332274 0.000600778 7.60247e-06 0.00025897 0.0140033 0.0338989 1.55113e-09 0.12668 0.00399974 0.000188696 0.126829 0.0111786 
0.00348459 0.00828561 3.70651e-05 0.0942799 0.0274744 0.00926441 6.02118e-05 0.50458 7.26341e-05 0.0042003 0.000109356 0.000431956 0.0286269 0.000611297 2.73504e-06 3.15034e-06 0.0277363 0.0291084 2.92038e-09 0.0440042 0.00479661 3.26273e-06 0.211823 0.00100455 
0.0134078 0.00885986 0.00023367 0.0305335 0.00269729 0.0169111 0.018335 0.564993 6.30168e-06 1.66755e-05 0.000112733 0.0401277 0.0100482 0.000259795 0.0605545 6.17495e-06 2.30277e-05 0.00954649 1.062e-07 0.0136556 0.000389212 7.89297e-08 0.134795 0.0744877 
0.00169162 0.015319 8.61947e-05 0.0291118 0.00261529 0.024228 3.97392e-05 0.525509 5.82475e-06 2.43516e-08 2.2647e-05 4.67213e-08 0.00129924 6.19915e-05 2.08094e-07 3.30988e-08 0.00988792 0.000273208 1.10789e-11 0.321428 0.00240752 5.28265e-06 0.0648911 0.00111693 
0.0159735 0.025443 0.00311564 0.0611737 0.00776787 0.0689898 0.00721989 0.403704 0.00274025 0.00126739 0.00822638 0.00724587 0.0192012 0.182008 0.00122016 0.00137105 0.0123836 0.0176193 0.000801267 0.041256 0.0264518 9.80694e-06 0.0741955 0.0106148 
0.0433478 0.00369633 0.0863446 0.11089 0.022403 0.0773726 0.0202905 0.188671 0.000111352 0.000691675 8.44552e-05 0.0491026 0.0175586 0.00180306 3.13891e-06 0.000593952 0.0301584 0.00741 2.29349e-09 0.181145 0.0599028 1.71196e-06 0.092451 0.00596677 
0.0164907 0.0165538 0.0196913 0.0307328 0.0266558 0.0230912 0.00216406 0.270238 0.211039 0.00345442 0.00078328 0.201376 0.0355146 0.00466956 0.000453196 0.00181961 0.0186517 0.0388966 7.63911e-09 0.0422363 0.0186479 8.36468e-06 0.0160046 0.000827094 
0.000487133 0.0103109 0.00298911 0.0502479 0.0144438 0.0482621 0.00050822 0.447449 0.00134918 0.00563614 6.73783e-05 0.00946232 0.0565831 0.0166614 0.00078275 0.00539585 0.00757802 0.200248 9.46439e-12 0.0939202 0.00759493 4.63387e-06 0.0178164 0.00220128 
0.01011 0.000494164 1.07807e-05 0.0257729 0.000294604 0.0232465 0.000207298 0.821504 2.19415e-05 0.000648063 2.06736e-05 9.49677e-08 0.0043038 9.6054e-05 1.36212e-06 2.01518e-09 0.0363314 0.000277709 1.60791e-12 0.0317743 0.00305847 1.81739e-06 0.041824 2.01551e-08 
0.00630183 0.00534116 7.11403e-05 0.046113 0.00248999 0.0166048 0.000462343 0.808915 7.15378e-05 0.000229982 2.23729e-05 0.000278338 0.0114264 6.12296e-05 3.07194e-06 1.35487e-08 0.0011362 0.0302642 4.84727e-12 0.0454464 0.000747674 3.69657e-07 0.0239064 0.00010626 
0.00630183 0.00534116 7.11403e-05 0.046113 0.00248999 0.0166048 0.000462343 0.808915 7.15378e-05 0.000229982 2.23729e-05 0.000278338 0.0114264 6.12296e-05 3.07194e-06 1.35487e-08 0.0011362 0.0302642 4.84727e-12 0.0454464 0.000747674 3.69657e-07 0.0239064 0.00010626 
0.00292928 0.00652182 0.00383086 0.000807379 0.0108617 0.00217561 0.00199665 0.659914 0.000444887 0.000550836 1.19944e-05 8.92044e-08 0.0142428 0.000699741 0.00349998 0.00107746 3.00125e-07 0.00765861 4.17422e-11 0.130437 0.0048856 6.76e-08 0.0868298 0.0606237 
0.0217097 0.00416256 0.000414547 0.0521114 0.00150732 0.00112537 0.000122524 0.742074 7.78467e-06 4.46876e-05 0.0285731 1.01535e-06 0.0254701 0.00258 0.000528755 2.59754e-05 4.63598e-05 0.00031898 9.09898e-09 0.0202448 0.000217395 2.20902e-08 0.0986165 9.75471e-05 
0.0217097 0.00416256 0.000414547 0.0521114 0.00150732 0.00112537 0.000122524 0.742074 7.78467e-06 4.46876e-05 0.0285731 1.01535e-06 0.0254701 0.00258 0.000528755 2.59754e-05 4.63598e-05 0.00031898 9.09898e-09 0.0202448 0.000217395 2.20902e-08 0.0986165 9.75471e-05 
0.00428344 0.00977033 0.00774199 0.0477454 0.0138534 0.00802958 0.0015689 0.507793 0.000361643 5.89246e-05 0.000319476 0.106392 0.0367091 0.000162718 8.44727e-06 0.000333563 0.000175958 0.00295696 3.17782e-12 0.18631 0.0049411 2.36181e-12 0.0604045 7.89999e-05 
0.0217097 0.00416256 0.000414547 0.0521114 0.00150732 0.00112537 0.000122524 0.742074 7.78467e-06 4.46876e-05 0.0285731 1.01535e-06 0.0254701 0.00258 0.000528755 2.59754e-05 4.63598e-05 0.00031898 9.09898e-09 0.0202448 0.000217395 2.20902e-08 0.0986165 9.75471e-05 
0.000267444 0.0190045 0.00130873 0.0187218 0.00701129 0.0354133 0.000766131 0.634447 0.00488788 0.00229294 2.54961e-05 0.00206703 0.0150355 0.005208 1.05736e-05 0.0096625 0.00502647 0.0882127 2.18839e-12 0.140915 0.00506912 7.76237e-06 0.00349396 0.00114518 
0.00448322 0.00630872 0.00618545 0.20675 0.00112634 0.0446204 3.25386e-05 0.267444 0.00100308 0.00533335 4.98893e-05 0.00372923 0.0427096 0.00893832 4.7529e-06 0.000814322 0.000877845 0.0319171 5.4636e-10 0.21289 0.0343549 1.1354e-05 0.119757 0.000659087 
0.0182816 0.018017 0.000895726 0.135085 0.0206519 0.026496 0.00462675 0.489254 0.000293632 0.00271786 0.00530841 0.0417818 0.0170743 0.0012785 0.000567105 8.07791e-06 0.0502637 0.0660421 1.33694e-09 0.0571245 0.00403817 8.98607e-07 0.0396343 0.000558693 
0.000878369 0.00669844 4.08772e-09 0.129519 0.0344059 0.00720521 0.00105689 0.338221 0.0036911 0.00947448 0.000172987 0.0388825 0.0219905 0.00138544 4.73426e-05 3.51901e-06 0.019595 0.324551 2.03297e-12 0.0319949 0.00187297 2.60284e-05 0.0269659 0.00136111 
0.00494289 0.00526539 0.000169932 0.0712114 0.0101399 0.0116171 0.00194152 0.732724 0.000220647 0.000844978 0.000143423 0.0385948 0.00496047 0.000761531 0.00144301 2.14881e-05 0.0175843 0.0322098 6.00859e-08 0.029197 0.0041869 6.19642e-06 0.0316331 0.00018009 
0.0041027 0.00425469 0.000656163 0.0568471 0.00194773 0.0135073 0.000306505 0.772452 3.83434e-05 0.000504786 1.19941e-05 0.000149354 0.0107985 0.000130256 5.13535e-06 9.01754e-05 0.000996979 0.0225723 1.20623e-11 0.0614916 0.000728513 1.99885e-07 0.0483509 5.69455e-05 
0.0019173 0.00548841 4.68332e-08 0.0480844 0.0250027 0.0108512 0.000243437 0.292695 0.00114969 0.0275749 0.000153252 0.00168795 0.168733 0.00158042 1.85011e-09 0.0159485 0.00411157 0.247985 6.08036e-12 0.0919134 0.0436168 2.52194e-07 0.0105437 0.000718655 
0.00767177 7.4742e-05 1.35644e-07 0.0384856 0.00112636 0.0246489 0.00140366 0.751541 2.08844e-06 0.00171496 5.72235e-07 5.15027e-07 0.0276991 5.84291e-09 1.2363e-08 1.32852e-05 0.00101112 0.000562417 1.3017e-10 0.0918125 0.00501428 1.46649e-07 0.0454426 0.00177421 
0.00910287 0.0324274 0.000520836 0.0279721 0.0454452 0.0108316 0.0256343 0.250364 0.000610812 0.0665919 0.000567967 0.0472752 0.028465 0.00232335 9.72599e-05 2.90418e-05 0.00934831 0.234653 4.99536e-10 0.113133 0.00511495 1.92617e-05 0.0792007 0.0102712 
0.000526964 0.0239901 0.00210902 0.163556 0.0180891 0.0214038 0.000690726 0.297654 0.00123313 0.00607249 3.02238e-05 0.00936393 0.0507827 0.0047325 7.2299e-06 0.0020799 0.00521312 0.234013 1.89964e-10 0.130962 0.0108961 1.45023e-05 0.0111377 0.00544147 
0.0358896 0.0053482 0.00046939 0.0224682 0.0142282 0.169728 0.022016 0.318279 0.00238313 7.23868e-05 8.94379e-06 4.32267e-05 0.00458765 0.00135045 2.61288e-06 6.79377e-05 0.00427437 0.0995232 7.76891e-10 0.0492103 0.00274211 6.19658e-07 0.178919 0.0683874 
0.0103438 0.00616548 0.0013287 0.0377564 0.0129295 0.0124532 0.00237605 0.570652 0.000130318 0.0196092 0.00800832 0.00153348 0.0375063 0.0292346 0.00626397 0.00978516 0.0108951 0.0922525 8.44565e-09 0.0375978 0.019143 5.85625e-06 0.0587617 0.0152674 
0.000103067 0.00695636 0.000349869 0.0417423 0.00621524 0.00079336 4.15036e-08 0.713619 5.07072e-05 6.12403e-05 5.91607e-09 3.84214e-08 0.0178357 2.85115e-08 7.35762e-12 0.000130683 7.62507e-09 0.00547648 1.07524e-11 0.187336 2.00146e-08 6.99746e-09 0.0189869 0.000343432 
0.000657995 0.000536115 3.35041e-06 0.0273184 0.0080525 0.00229907 4.09842e-05 0.796789 0.000105175 0.000660186 2.04707e-05 0.00099111 0.00500551 0.000628696 3.82171e-06 2.25809e-09 0.00285058 0.00767088 2.71363e-12 0.11404 0.00111023 1.2076e-07 0.0311899 2.50684e-05 
0.0176345 0.0405929 0.00847707 0.0637175 0.038477 0.0454698 0.0107815 0.227216 0.00633926 0.00526548 0.00301617 0.0165064 0.0262416 0.180985 0.00273741 0.0194477 0.0110842 0.0126351 1.17218e-05 0.0593104 0.0290599 0.00625371 0.0258548 0.142886 
0.0104992 0.0256923 0.00416176 0.243344 0.0292243 0.0419251 0.000498731 0.262748 0.000173804 0.0103122 5.25979e-05 0.00394098 0.0275924 0.00450936 8.38454e-06 0.00127414 0.0152301 0.0504965 4.83997e-07 0.209261 0.00500935 3.83869e-06 0.0505104 0.00353136 
0.00970013 0.00463995 4.11061e-05 0.0123843 0.00903177 0.00185903 0.0109323 0.743123 0.00093153 0.000147492 0.000357904 0.00264073 0.00691101 0.000946969 1.63736e-08 4.18845e-09 0.00503035 0.160571 2.24243e-12 0.0241445 0.0011754 1.1882e-06 0.00512304 0.000307432 
0.00821319 0.004322 0.000209064 0.0559863 0.000973907 0.0137852 0.00029259 0.64845 5.10621e-05 4.13388e-05 3.63589e-05 0.00105458 0.00982494 0.000189134 9.12385e-05 2.14162e-05 0.0559581 0.0100361 5.16471e-09 0.155362 0.00120403 2.64171e-08 0.0330762 0.000821285 
0.029705 0.0216688 0.00157259 0.248689 0.0256648 0.0314344 0.00183011 0.273755 0.0001862 0.00562326 0.00438757 0.0479792 0.0519521 0.00140934 0.000511044 1.95044e-05 0.0358003 0.0435172 2.10391e-09 0.104894 0.00513167 5.17319e-07 0.0638606 0.00040785 
0.00742581 0.0528864 0.00867898 0.085791 0.0521172 0.0394582 0.00245192 0.231014 0.0502792 0.00364725 0.0127488 0.058063 0.0845831 0.00973864 0.00699905 0.0100578 0.018195 0.0209426 0.000207955 0.181247 0.0178752 8.39073e-05 0.0362021 0.00930562 
0.00684306 0.00426365 0.000129983 0.027667 0.0221028 0.00307569 0.00453163 0.460197 0.000444065 0.00297347 0.000374072 0.0027083 0.0175463 0.00224711 3.72094e-05 8.48311e-06 0.0209331 0.294201 5.28214e-12 0.103904 0.00134615 1.58885e-05 0.0219936 0.00245577 
0.00190126 0.16228 0.00440753 0.0957977 0.0096572 0.0716495 0.00141542 0.360358 0.000101357 0.000538702 0.0050219 0.00397782 0.0237523 0.014367 0.00104863 0.0010165 0.000227501 0.0118397 0.000163326 0.0484096 0.0741002 1.30394e-06 0.104644 0.00332353 
0.00533833 0.0320619 0.00467303 0.0494673 0.0535957 0.0578046 0.00424345 0.211099 0.0867963 0.0238041 0.00641339 0.128167 0.0429645 0.0464632 0.000604425 0.0110351 0.013795 0.029226 4.84387e-07 0.0703666 0.0724269 8.53331e-06 0.0419072 0.00773762 
0.01011 0.000494164 1.07807e-05 0.0257729 0.000294604 0.0232465 0.000207298 0.821504 2.19415e-05 0.000648063 2.06736e-05 9.49677e-08 0.0043038 9.6054e-05 1.36212e-06 2.01518e-09 0.0363314 0.000277709 1.60791e-12 0.0317743 0.00305847 1.81739e-06 0.041824 2.01551e-08 
0.0149215 0.018689 0.000488654 0.0354868 0.0750531 0.0280559 0.000993818 0.342776 0.000151751 0.0227452 0.000268362 0.00101665 0.0612776 0.00240331 0.000727346 0.00235448 0.00109196 0.0789676 1.73018e-11 0.27541 0.00449737 1.22444e-05 0.0245746 0.00803663 
2.22471e-05 0.0292351 0.000299849 0.179961 0.000601765 0.000959759 0.00084472 0.469514 1.57896e-07 0.00759617 1.57471e-07 0.0119683 0.10087 2.02896e-05 4.77419e-05 0.0307349 0.0041386 6.79959e-08 1.45949e-09 0.155269 0.00224124 8.64925e-08 0.00567289 8.15045e-07 
0.111095 0.000784758 6.80819e-08 0.0492365 0.00246402 0.129481 0.000115833 0.539996 2.50222e-06 0.000369688 5.97404e-05 2.00742e-08 0.00351571 3.83526e-05 8.93995e-08 0.00114775 0.0718591 0.0140491 3.38636e-08 0.0499888 0.000384885 9.51081e-08 0.00604813 0.0193632 
0.0534056 0.0887537 8.26491e-06 0.00255724 0.0265893 0.00621175 0.1647 0.197215 9.35147e-09 0.000905312 5.11099e-05 0.000133369 0.00631904 0.00605191 0.175542 0.000401874 0.00210979 0.0858259 2.21389e-08 0.180074 0.000891142 3.29862e-07 0.00167954 0.000574112 
0.00284569 0.0295394 0.00954103 0.0505247 0.021087 0.0601135 0.000704238 0.588722 6.47178e-05 0.000278756 1.32707e-05 0.0011059 0.00695186 0.0565783 0.00253006 0.0113793 0.00781041 0.0163718 1.04919e-07 0.0543446 0.0141423 9.99372e-07 0.0590341 0.00631636 
0.000580571 0.00397441 0.00387532 0.131929 0.010837 0.0269281 0.000515589 0.35867 0.0003457 0.00292054 4.20827e-05 0.00120225 0.0883569 0.00483907 1.5758e-05 0.000884247 0.00290713 0.0848159 0.000121523 0.229517 0.00912979 8.11184e-06 0.0373105 0.000273559 
0.000584643 0.0123583 0.000340435 0.0148009 0.0330169 0.00657343 0.00259262 0.303755 0.232097 0.00151391 0.000990766 0.15212 0.0234913 0.00463353 7.78608e-05 0.00300522 0.00492896 0.173902 4.61324e-09 0.0184278 0.0021361 1.08981e-05 0.00203898 0.00660366 
0.0236986 0.203843 0.00259559 0.125981 0.100405 0.0754286 0.00369613 0.207924 0.00080968 0.0115669 0.035722 0.00624932 0.0398811 0.00181036 0.00390025 0.00317833 0.0214407 0.0683572 1.71731e-10 0.0340758 0.0113382 3.87559e-06 0.0137827 0.00431064 
0.01011 0.000494164 1.07807e-05 0.0257729 0.000294604 0.0232465 0.000207298 0.821504 2.19415e-05 0.000648063 2.06736e-05 9.49677e-08 0.0043038 9.6054e-05 1.36212e-06 2.01518e-09 0.0363314 0.000277709 1.60791e-12 0.0317743 0.00305847 1.81739e-06 0.041824 2.01551e-08 
0.00200891 0.00815543 0.000616249 0.039103 0.0438313 0.0121124 0.000161378 0.256651 6.34685e-05 0.00321603 1.0948e-05 7.94536e-05 0.198045 0.0101094 0.000130748 0.000875285 0.0167886 0.00216354 0.000172598 0.199438 0.00253194 2.87956e-06 0.203106 0.00062659 
0.00351847 0.182584 4.33805e-05 0.0456395 0.0444838 0.028387 0.000600168 0.36314 0.0103746 0.0113443 0.0104089 2.76478e-05 0.0323445 0.000349104 0.000102656 4.56571e-05 0.0103326 0.00902146 1.06096e-07 0.162287 0.00213915 0.000274476 0.0729027 0.00964847 
0.01011 0.000494164 1.07807e-05 0.0257729 0.000294604 0.0232465 0.000207298 0.821504 2.19415e-05 0.000648063 2.06736e-05 9.49677e-08 0.0043038 9.6054e-05 1.36212e-06 2.01518e-09 0.0363314 0.000277709 1.60791e-12 0.0317743 0.00305847 1.81739e-06 0.041824 2.01551e-08 
0.000463643 0.00150721 6.86692e-09 0.0197346 0.00305827 0.00294063 4.10145e-05 0.882373 8.36133e-05 0.000726314 7.66328e-05 0.000991306 0.00552897 0.000628793 3.83598e-06 5.54493e-09 0.00326415 0.00595149 1.11313e-11 0.0371961 0.000863168 1.2304e-07 0.0345425 2.50968e-05 
0.00042606 0.00231676 0.000150965 0.0355155 0.0240621 0.00608885 0.000350432 0.432039 3.7043e-05 0.000127772 1.60864e-05 0.00358308 0.0318207 0.000736746 2.74088e-06 0.0464913 0.0208112 0.00214041 1.31117e-11 0.374641 0.000395195 1.4565e-07 0.0180064 0.000239872 
0.0138003 0.00755606 0.00209969 0.0304291 0.0376941 0.0400076 0.000230077 0.24904 0.00429398 0.00373642 7.7285e-05 0.0164635 0.0793879 0.0459021 0.0498499 0.00341416 0.00669444 0.00857474 4.27414e-07 0.219062 0.0242575 9.16113e-05 0.153238 0.00409859 
0.00023035 0.11922 0.0120991 0.0408322 0.0979581 0.075952 0.00414043 0.22741 8.90897e-08 0.025665 1.04744e-06 3.68708e-05 0.0866451 0.00306726 0.00251927 0.00157413 0.000103009 0.001071 3.20866e-07 0.212857 0.001743 1.43447e-09 0.0825291 0.00434577 
0.0158929 0.000284156 6.61523e-08 0.0105878 2.53514e-08 0.135169 0.000121534 0.572219 3.45094e-09 2.43645e-08 2.40753e-06 8.28259e-09 0.00939667 5.10534e-13 2.34863e-09 4.84889e-13 0.01174 7.2439e-08 1.63364e-12 0.162511 0.00423749 1.60547e-06 0.0778354 1.80283e-08 
0.00112406 0.00589839 0.00075494 0.0487297 0.0171142 0.00776252 0.00113667 0.508099 0.0885773 0.00404898 7.80387e-05 0.00829272 0.0198164 0.00836484 2.27948e-05 0.000663705 0.00382633 0.18772 7.99298e-12 0.0744868 0.0125987 1.79743e-05 0.000319327 0.00054606 
0.0111181 0.0272145 0.0159061 0.0367901 0.015853 0.0550243 0.00386338 0.317453 0.00190503 0.000813632 0.000681591 0.0194974 0.0586837 0.000371285 0.00055709 0.00393807 0.00480029 0.0451465 1.65868e-09 0.111646 0.00533839 1.06833e-05 0.188171 0.0752163 
0.00443624 0.014873 0.00111298 0.076674 0.0506792 0.0505102 0.00297979 0.27272 0.00028019 0.00571069 0.0110286 0.176644 0.0246266 0.000575357 0.000167219 6.27661e-06 0.0135864 0.0299297 1.42341e-08 0.0417913 0.0147998 0.000189523 0.200674 0.00600474 
0.0041027 0.00425469 0.000656163 0.0568471 0.00194773 0.0135073 0.000306505 0.772452 3.83434e-05 0.000504786 1.19941e-05 0.000149354 0.0107985 0.000130256 5.13535e-06 9.01754e-05 0.000996979 0.0225723 1.20623e-11 0.0614916 0.000728513 1.99885e-07 0.0483509 5.69455e-05 
0.0128137 0.139324 0.000420439 0.0886101 0.0588223 0.0196651 0.00248293 0.396969 0.00651913 0.00838765 0.0164208 0.00589631 0.0156877 0.000325306 0.000901572 7.61751e-05 0.00564027 0.0764056 1.22961e-05 0.0732423 0.00203281 0.000121385 0.0639856 0.00523745 
0.01011 0.000494164 1.07807e-05 0.0257729 0.000294604 0.0232465 0.000207298 0.821504 2.19415e-05 0.000648063 2.06736e-05 9.49677e-08 0.0043038 9.6054e-05 1.36212e-06 2.01518e-09 0.0363314 0.000277709 1.60791e-12 0.0317743 0.00305847 1.81739e-06 0.041824 2.01551e-08 
0.00767177 7.4742e-05 1.35644e-07 0.0384856 0.00112636 0.0246489 0.00140366 0.751541 2.08844e-06 0.00171496 5.72235e-07 5.15027e-07 0.0276991 5.84291e-09 1.2363e-08 1.32852e-05 0.00101112 0.000562417 1.3017e-10 0.0918125 0.00501428 1.46649e-07 0.0454426 0.00177421 
0.0420844 0.00595767 8.2328e-08 0.053327 1.00704e-07 0.000108799 0.000362477 0.701625 4.56673e-08 4.98217e-05 0.000488503 1.78485e-06 0.0427929 0.00114112 2.68156e-08 4.48386e-08 8.18979e-05 0.000129816 9.51163e-12 0.0433336 1.53822e-08 7.06919e-12 0.108515 2.33664e-08 
0.013066 0.0337211 0.00901904 0.0325793 0.0438838 0.0368315 0.00776062 0.271735 9.66293e-05 0.000792357 3.09221e-05 0.01533 0.00808038 0.00206435 0.0132189 0.00137135 0.0525002 0.00921391 1.3802e-11 0.122823 0.061017 2.4736e-06 0.26084 0.00402262 
0.0345776 0.0265316 0.0149276 0.0807032 0.00951042 0.0385244 0.0108219 0.489344 0.000109023 0.000623825 0.008599 0.0215603 0.0237634 0.00518783 0.000517399 0.00021324 0.0102955 0.0232373 2.29094e-05 0.0762879 0.0128657 1.70097e-08 0.110097 0.00167842 
