0.00022861 0.0210196 0.00509512 0.0143042 0.0833956 0.0157302 0.000659484 0.0788027 1.06071e-10 0.0638953 0.000173436 0.00420415 0.0658195 1.85601e-05 1.71833e-10 0.00565484 1.06931e-07 0.18789 2.66156e-07 0.0629145 0.000565783 5.50117e-07 0.29836 0.0912667 
4.33025e-09 0.0844183 3.40961e-09 0.0212919 0.616376 0.000101055 0.00251238 0.00344445 2.90996e-12 1.43564e-07 2.92367e-06 6.83261e-08 0.0412838 1.66366e-07 4.56598e-08 0.00103611 3.17385e-06 0.00354128 6.88911e-12 0.221097 2.68746e-05 5.12009e-12 0.00486451 6.75462e-09 
0.0025201 0.438488 0.055647 0.0197718 0.0848476 0.0211675 0.138941 0.02102 2.07684e-07 4.31979e-05 0.000451398 0.00331275 0.00913103 0.034369 0.000824406 0.0147463 0.000424369 0.00356351 1.82584e-05 0.0911752 0.000172745 4.77311e-06 0.051502 0.00785803 
0.000497677 0.00207991 8.4666e-05 0.0176352 0.000683987 0.000259745 9.91767e-05 0.216644 2.57858e-05 0.000219195 4.82835e-05 0.000102093 0.000459935 0.00434173 0.000129595 0.0258721 6.74376e-05 0.258168 0.000166423 0.0210029 0.00405789 6.25072e-05 0.0523549 0.394937 
0.000434057 0.00431099 0.00125506 0.0142611 0.288512 0.0253048 6.52446e-05 0.00611411 6.28307e-10 0.00263579 2.73193e-06 3.65835e-06 0.0426111 0.000786893 0.000244368 0.000309175 0.00033344 0.0618715 1.48747e-09 0.276607 0.0067481 5.5018e-06 0.267455 0.000128298 
3.45407e-09 0.0296979 2.72176e-09 0.00640675 0.856625 3.03324e-05 0.000753964 0.00103343 9.01888e-12 1.14399e-07 2.32964e-06 0.000771863 0.0208406 0.00023739 3.63935e-08 0.000535407 9.55345e-07 0.00378 2.13515e-11 0.0778163 8.08031e-06 1.58688e-11 0.00145948 5.38558e-09 
0.00131297 0.00190033 0.00145967 0.0177189 0.249058 0.0292046 5.45939e-05 0.0202334 3.30663e-08 0.000540855 5.47225e-06 6.95718e-05 0.021532 9.8901e-05 4.52329e-05 0.263149 0.00852263 0.0026066 7.82819e-08 0.142804 0.13888 1.22917e-05 0.0997161 0.00107513 
0.00585321 0.0348146 0.587213 0.0186761 0.0150372 0.120268 0.00116101 0.00397139 1.37476e-09 0.00128207 9.43593e-05 2.06745e-07 0.00301147 0.00520671 0.00115733 0.0203053 0.00116713 8.31251e-07 1.17921e-06 0.00654517 0.0421043 2.41889e-09 0.102613 0.029516 
4.09808e-05 0.00361824 0.000122325 0.0117199 0.10454 0.0173242 0.00012513 0.0148012 3.95133e-12 0.00588471 1.05446e-05 1.88354e-05 0.0588917 0.0047048 0.000174692 0.000964977 8.54545e-05 0.0728778 9.35447e-12 0.629031 0.00449796 6.95239e-12 0.0701784 0.000387926 
0.00067896 0.390506 0.193309 0.0315711 0.00953963 0.0689274 1.59413e-06 0.00679144 1.27227e-09 0.00085412 0.0080906 1.0501e-06 0.00867361 0.145156 7.40511e-05 0.018543 1.59098e-05 0.00188581 0.00137112 0.014041 0.00878364 2.23856e-09 0.0257656 0.0654198 
0.0350635 0.0150041 0.00847883 0.0619139 0.00691065 0.173409 3.46158e-05 0.00412173 9.806e-09 0.00140555 0.000107984 0.0057791 0.0227315 0.00432729 0.000397169 0.012548 0.0044163 0.481854 2.32149e-08 0.00283407 0.0353198 0.000150471 0.0225925 0.100601 
0.00366142 0.272093 0.00104709 0.0216559 0.00928739 0.289445 0.00059493 0.0408699 3.35935e-09 0.00256062 6.76863e-06 0.00710771 0.0135904 0.00281972 5.42027e-08 1.53617e-06 0.00171576 0.0507278 7.95301e-09 0.211373 0.0153195 1.15319e-06 0.0252427 0.0308781 
2.66236e-05 0.199902 0.000765986 0.31322 0.166582 0.0185356 0.000678434 0.025161 1.18452e-10 0.0336202 0.0210703 0.000459234 0.0251659 0.0328883 1.03214e-05 0.00255358 0.007833 0.0403984 2.80425e-10 0.0809517 0.00236671 0.00481157 0.0178584 0.00514093 
0.0118595 0.0128537 0.00204573 0.0281247 0.0997756 0.0337597 0.000180835 0.0196093 8.76849e-12 0.000609721 1.96358e-05 7.90098e-09 0.0459364 0.000162581 0.000342672 2.92244e-08 0.0410061 0.0250163 2.07587e-11 0.275255 0.0476479 2.8947e-06 0.349007 0.00678457 
0.000431335 3.11511e-05 0.000954285 0.0247109 0.0323668 0.486245 9.52145e-06 0.00598858 2.16542e-09 1.6329e-05 7.54728e-07 0.000476735 0.0827989 0.171129 1.85131e-05 0.00471542 0.000543588 0.00305724 7.89713e-06 0.0633717 0.00297852 0.00143514 0.0380987 0.0806142 
0.000360941 0.00118338 0.00214052 0.0227375 0.02854 0.0277032 1.97825e-05 0.00466188 2.46833e-12 2.45117e-05 4.65755e-07 5.12102e-09 0.171924 0.000592868 8.17292e-07 0.000217618 0.00176674 0.00584979 6.46734e-09 0.699677 0.00147814 2.10534e-09 0.0311076 1.31681e-05 
0.000860921 0.42971 2.71104e-06 0.0943023 0.0503188 0.0536578 0.0294808 0.0346895 1.71527e-06 0.00732193 0.0395757 0.0215288 0.0176212 0.00413759 3.61311e-05 0.015907 0.00424519 0.029244 1.44568e-05 0.0641397 0.0006672 0.00010101 0.00262952 0.0998061 
7.30979e-05 0.227418 0.00128895 0.0938461 0.126102 0.000246371 0.00302535 0.0139672 2.53762e-06 0.00512952 0.00518204 0.000121442 0.032377 0.00241483 0.000102783 0.00144066 5.32743e-06 0.343844 0.000810511 0.101578 0.00124204 0.000437397 0.0379993 0.00134552 
5.16129e-07 0.014675 0.0178471 0.00707884 1.15967e-05 0.0331169 0.00378151 0.0164535 6.84156e-11 7.12178e-07 0.000487638 4.40283e-05 0.362782 0.0627497 2.99356e-07 0.00538281 0.00214017 0.00694464 7.29021e-07 4.83839e-06 0.00890095 3.85327e-07 0.441492 0.016104 
0.00281813 0.00807124 0.000805226 1.93472e-05 0.0211071 0.147707 0.535027 0.0218857 1.19184e-08 0.00159738 1.66821e-05 0.000245497 0.0219252 0.00350688 0.000115095 0.00390016 0.00344912 0.00353825 2.82158e-08 0.0231596 0.0336555 1.64276e-05 0.037149 0.130285 
0.000403633 0.0741253 0.00239354 2.6327e-05 0.0482865 0.0438811 0.000115092 0.0105161 1.29054e-08 0.00187296 2.95115e-06 1.096e-06 0.0292963 0.153574 0.000472821 0.0125355 4.57439e-06 0.00860869 3.05524e-08 0.0353055 0.029924 1.08066e-06 0.113358 0.435295 
0.21048 0.00553366 0.00363517 0.092716 0.0113009 0.090839 0.00189752 0.127773 8.94561e-08 0.0185499 3.43501e-06 0.000533904 0.0349381 0.0414942 0.00114782 0.000420093 0.0482436 0.0938016 2.58349e-07 0.0464185 0.0561442 1.626e-07 0.111314 0.00281518 
7.60228e-05 0.28878 0.165345 0.00237342 0.100336 0.0512564 0.000150509 0.00266672 5.06369e-09 0.00251837 1.0315e-05 2.98128e-05 0.1751 0.0147275 0.000235404 0.0568351 0.000440643 0.00432355 0.00461621 0.0664675 0.00251517 2.61059e-07 0.057875 0.00332122 
5.41878e-05 0.831216 4.89201e-05 0.0708577 0.0178283 0.000893584 0.0175883 0.00381275 1.80722e-06 0.0127682 6.15837e-05 0.00110933 0.00103317 0.000283889 0.000133713 4.5246e-05 7.326e-06 0.018557 0.00446024 0.0110471 0.0011395 0.000258289 0.00615579 0.000637994 
4.91298e-06 0.721721 7.72207e-05 0.0649921 0.0478745 0.000245951 0.0125713 0.0119518 4.76221e-09 0.000159851 0.0111918 0.000220722 0.0400983 0.00390983 3.70787e-06 0.00129778 0.000407524 0.00242229 8.16089e-06 0.0751856 0.00015761 5.40801e-09 0.00540353 9.40845e-05 
0.0160586 0.000204996 0.000584306 3.41392e-05 0.00153704 0.882297 1.98242e-06 0.000559221 5.38189e-10 1.10881e-07 6.25184e-06 0.00156785 0.00140119 0.000421011 0.00490918 3.03359e-07 0.0105573 0.00014235 1.27412e-09 0.00188508 0.0592844 2.75604e-05 0.0178635 0.000656498 
0.00299286 0.0694005 0.111628 0.111417 0.0247001 0.0606421 0.000219244 0.039126 3.21221e-10 0.0147668 0.000816038 3.42181e-05 0.0633541 0.00410648 3.04514e-06 0.0415779 0.000884337 0.0133446 1.01166e-05 0.359725 0.00116359 0.0215901 0.0470993 0.0113982 
0.00181584 0.00182203 0.000396377 0.134804 0.0127347 0.0593765 2.23711e-05 0.167448 1.86361e-09 0.000199844 1.18553e-06 1.32381e-08 0.0272478 0.0434353 1.97641e-05 9.91137e-05 0.00430011 0.0245417 3.7759e-08 0.45511 0.0131377 1.33537e-06 0.0534296 5.65773e-05 
0.0509834 0.0173714 3.69846e-05 0.0630688 0.000165829 0.702568 7.13827e-06 0.000924367 3.60958e-06 0.00151512 6.1083e-05 1.65722e-05 0.0581602 0.000245325 0.000221834 0.00112257 0.000260077 0.000529374 0.000129776 6.78689e-05 0.087935 8.19478e-06 0.00650078 0.00809635 
9.74532e-05 5.32746e-05 2.43864e-05 0.000457917 0.000940132 0.000388813 0.000107296 0.000227197 1.36682e-07 0.000183169 2.24808e-06 1.08841e-05 0.0011665 0.000213754 1.80902e-05 5.78528e-06 2.42706e-05 0.486064 3.87594e-07 0.00332545 5.67141e-05 0.505669 0.000866903 9.5634e-05 
0.000447101 0.0616715 0.000613663 0.212561 0.162903 0.105606 3.67181e-05 0.0784935 3.33462e-09 0.0345966 0.000557066 0.00457155 0.0248395 0.00135656 0.00015578 0.00184157 1.75401e-06 0.00144509 7.89445e-09 0.0104367 0.00103264 5.86728e-09 0.244633 0.0521997 
0.000946998 0.246706 0.00772661 0.0809181 0.117917 0.0149269 0.00272503 0.0203848 3.56307e-10 0.00259548 4.73776e-06 0.00570895 0.104717 0.00222048 4.33619e-06 0.00777886 0.000151928 0.00175547 6.92241e-08 0.281072 0.00503476 5.04054e-08 0.0893444 0.00735949 
0.00114916 0.00127803 0.0001581 0.170411 0.000229471 0.0660824 1.05888e-05 0.0410868 1.42841e-07 3.98139e-05 9.55487e-06 8.83479e-07 0.00836276 0.000308193 3.85884e-05 7.09968e-07 0.000102392 0.00129967 0.000410937 0.06387 0.0510863 6.56048e-06 0.592381 0.00167622 
0.000124266 0.0100016 7.33968e-05 0.00566373 0.00315101 0.000492319 0.00419668 0.00134406 1.01956e-06 4.63377e-05 0.571499 2.15914e-05 0.000804419 0.000847103 3.92519e-05 7.48755e-06 6.3658e-05 0.00501517 6.80367e-05 0.0015544 4.09485e-05 0.392966 0.000943209 0.00103542 
0.00181584 0.00182203 0.000396377 0.134804 0.0127347 0.0593765 2.23711e-05 0.167448 1.86361e-09 0.000199844 1.18553e-06 1.32381e-08 0.0272478 0.0434353 1.97641e-05 9.91137e-05 0.00430011 0.0245417 3.7759e-08 0.45511 0.0131377 1.33537e-06 0.0534296 5.65773e-05 
0.025015 0.0404438 0.0198775 0.0165385 0.0134646 0.311885 0.000992682 0.00320503 1.63884e-05 0.00663219 0.00012319 0.00123414 0.0513943 0.0356531 0.000252129 0.000542519 0.00998345 0.00999673 0.00588683 0.0502166 0.0223502 2.42411e-05 0.34237 0.0319016 
0.000360941 0.00118338 0.00214052 0.0227375 0.02854 0.0277032 1.97825e-05 0.00466188 2.46833e-12 2.45117e-05 4.65755e-07 5.12102e-09 0.171924 0.000592868 8.17292e-07 0.000217618 0.00176674 0.00584979 6.46734e-09 0.699677 0.00147814 2.10534e-09 0.0311076 1.31681e-05 
5.11855e-06 0.0152579 0.00168694 0.033745 0.00856403 0.0058286 2.93687e-08 0.00191366 1.58679e-08 0.433709 1.28825e-06 7.96085e-05 0.0286382 0.451439 2.37052e-05 0.0110453 6.05084e-07 0.000495632 3.7566e-08 0.00188647 0.000127497 2.79196e-08 0.00277988 0.00277211 
0.000248085 0.0238919 0.549971 0.0638034 0.0163998 0.0430894 0.0187411 0.0078296 4.9362e-06 0.00342348 2.23019e-05 0.000104751 0.0188153 0.00107206 0.00029628 0.00335703 0.00259122 0.0211726 0.00478604 0.0289038 0.0829308 0.0229777 0.0782093 0.00735846 
2.65941e-09 0.0679467 2.09398e-09 0.0353244 0.55996 2.87994e-06 0.00251226 0.000900691 1.7016e-12 0.00241919 1.7956e-06 9.34399e-05 0.236668 1.02175e-07 2.80422e-08 0.00211711 2.80006e-06 0.00117443 4.0284e-12 0.090025 7.48984e-07 2.99397e-12 0.000849585 4.14837e-09 
0.0118595 0.0128537 0.00204573 0.0281247 0.0997756 0.0337597 0.000180835 0.0196093 8.76849e-12 0.000609721 1.96358e-05 7.90098e-09 0.0459364 0.000162581 0.000342672 2.92244e-08 0.0410061 0.0250163 2.07587e-11 0.275255 0.0476479 2.8947e-06 0.349007 0.00678457 
0.00109477 0.0592682 4.59102e-05 0.0407219 0.0509214 0.0113418 0.0021473 0.00572646 6.03432e-07 9.36044e-05 0.00405539 3.00198e-06 0.000933376 0.004311 4.12537e-06 0.000125851 0.0118598 0.141303 0.0137442 0.00573652 0.161275 0.419677 0.0220393 0.0435707 
5.9517e-05 0.00110837 0.021797 5.60358e-08 0.450554 0.0127335 0.000853778 0.00375439 6.0873e-09 0.000624181 1.01697e-05 0.0126256 0.0212397 0.00752599 0.000164937 0.0147682 0.00117601 0.107211 9.86506e-08 0.224594 0.00212289 2.78624e-06 0.106685 0.0103878 
0.21048 0.00553366 0.00363517 0.092716 0.0113009 0.090839 0.00189752 0.127773 8.94561e-08 0.0185499 3.43501e-06 0.000533904 0.0349381 0.0414942 0.00114782 0.000420093 0.0482436 0.0938016 2.58349e-07 0.0464185 0.0561442 1.626e-07 0.111314 0.00281518 
0.000485478 0.0161378 0.0447781 0.000622029 0.0513187 0.115515 0.00110148 0.022182 1.27929e-08 0.0364257 2.37744e-05 0.000692694 0.0592777 0.000848576 1.57237e-06 0.0317908 4.69687e-08 0.112951 0.000179741 0.0693556 0.0012898 2.25092e-08 0.121321 0.313701 
0.000301778 0.206057 0.00447283 0.00250769 0.0351005 0.0481008 2.6425e-06 0.00855727 7.78041e-08 0.00196456 0.000216564 0.504186 0.00675467 0.000261351 1.26041e-07 0.000128275 0.00560893 0.0371362 1.84195e-07 0.0388079 0.00892578 0.000125557 0.0689639 0.0218202 
0.00549401 0.58606 3.45582e-05 0.0501574 0.171597 0.00503885 0.00254681 0.00813206 5.07717e-06 0.015048 0.0140195 6.33954e-05 0.00670761 0.00149354 0.000236448 0.00227556 9.13849e-05 0.0313289 0.0205407 0.0421363 0.00837672 0.00806705 0.00764793 0.0129003 
0.00038452 0.00691306 9.70636e-06 0.0733431 0.018246 0.0255698 5.55026e-05 0.00220246 3.03458e-08 0.0135117 0.000244332 1.36996e-07 0.00508897 0.0150768 9.61195e-08 0.000447287 0.00168311 0.262586 7.31109e-08 0.00514451 0.000856925 0.49152 0.0187012 0.0584148 
0.00138764 0.00384637 0.000414086 0.0131507 0.00234781 0.00409353 4.57651e-05 0.00434197 5.14134e-06 0.000253775 0.000369982 3.06208e-05 0.169828 0.115516 0.000218064 6.21776e-05 0.000103769 0.605388 0.000724202 0.0402365 0.000600498 3.60994e-05 0.0281642 0.00883452 
4.57456e-08 0.0940064 3.61353e-08 0.00641221 0.753582 3.07485e-05 0.000759898 0.00564618 4.09257e-10 1.51005e-06 3.07476e-05 0.00054136 0.0179903 0.000239612 4.80806e-07 0.000313391 1.02533e-06 0.00353552 9.68885e-10 0.115437 8.57139e-06 7.2009e-10 0.00146282 7.12262e-08 
8.8786e-05 0.0136067 0.00467201 0.11299 0.00261706 0.0022379 2.90549e-06 0.134319 4.01858e-08 0.173494 4.24967e-08 1.21915e-05 0.301953 0.000916901 2.05881e-06 0.00339805 0.0188663 0.0275613 5.20859e-08 0.173721 0.00622658 3.81539e-05 0.0232627 1.37373e-05 
4.95043e-09 0.0494963 3.90005e-09 0.0106778 0.776907 5.05482e-05 0.00125651 0.00172235 1.02564e-11 1.64005e-07 3.33986e-06 0.000895624 0.0299693 0.000395612 5.21708e-08 0.000518201 1.59105e-06 0.00588417 2.42811e-11 0.119776 1.34606e-05 1.80461e-11 0.00243242 7.71963e-09 
0.00020139 0.00590726 0.000781605 0.00194139 0.00536491 0.0592291 0.00418788 0.011972 1.00012e-10 0.00323088 3.94423e-08 9.57941e-08 0.00289247 2.01265e-05 4.77586e-08 0.000232969 0.00232132 0.0079131 2.36771e-10 0.0788188 0.00188126 4.70632e-08 0.0792776 0.733826 
5.00445e-06 0.0840853 0.0126706 3.19868e-05 0.0230613 0.00746983 0.0280332 1.37352e-05 2.27048e-09 0.00010825 0.000437149 0.00156154 0.00448409 8.21887e-08 3.92741e-06 0.00127861 1.05647e-06 0.00705309 2.17989e-06 0.00016814 0.000117801 3.99491e-09 0.0193794 0.810034 
0.00316735 0.0924692 0.00189491 0.190482 0.141066 0.0980349 0.000167615 0.0652874 1.01422e-11 0.0211444 0.00663813 9.25967e-09 0.0136486 0.00375744 9.19633e-06 0.00764087 0.0135931 0.0844719 6.77957e-09 0.219258 0.0219169 1.78453e-11 0.0148152 0.000536148 
0.0137331 0.0394806 0.00011976 0.169107 0.00628769 0.0315893 0.000844571 0.0266294 7.02354e-07 0.28388 0.00459349 5.47401e-05 0.00963197 0.00305237 8.63927e-05 0.000797646 0.000538921 0.125145 9.20535e-05 0.00913878 0.0457561 0.104045 0.10489 0.0205052 
0.000203905 0.0127583 0.0206166 0.0533883 0.135267 0.0765234 0.00097205 0.0173589 6.9891e-09 0.0238589 0.000123241 1.91207e-05 0.0226406 0.00329385 4.90331e-06 0.00367865 0.00738808 0.127683 1.65461e-08 0.103118 0.027902 3.24693e-05 0.0765419 0.286628 
0.00477191 0.647283 0.0524789 0.0193655 0.000971779 0.04061 0.000102674 0.0206629 6.74526e-06 0.00182721 7.57905e-06 8.18655e-05 0.0374779 0.0258875 0.000109876 0.0139713 0.000310541 0.000426431 0.000157312 0.0739169 0.00895999 1.58702e-05 0.0441648 0.00643175 
7.99122e-06 0.0831743 0.00103964 0.0623018 0.0384741 0.0246815 2.34011e-06 0.0242837 7.19765e-08 0.0542412 2.60069e-05 0.000144191 0.0112929 0.651158 0.0014098 0.00400135 0.000326846 1.18061e-06 0.00038176 0.0207007 0.00138627 1.26643e-07 0.00210949 0.0188551 
0.00136193 0.00610532 0.000770694 0.147451 0.010981 0.0500758 1.67857e-05 0.221923 1.56963e-09 0.000149912 8.90949e-07 1.10428e-08 0.0434985 0.0325773 1.48394e-05 0.000302249 0.00322514 0.0184064 3.06236e-08 0.380045 0.00985345 1.00431e-06 0.0730626 0.000177182 
3.73164e-07 0.00969327 0.00705773 0.295769 0.00683946 0.00232913 1.8389e-06 0.0036446 1.38852e-09 0.0164301 5.94904e-07 4.21756e-06 0.140914 0.00690475 0.0012676 0.353658 5.15461e-07 0.00720743 3.2872e-09 0.116678 0.00796087 7.98412e-08 0.0234875 0.000151808 
0.000158512 0.00286259 6.15822e-08 0.135567 0.00773111 0.0251978 3.45077e-08 0.199843 2.40933e-12 0.00155762 1.38954e-08 1.07565e-08 0.0272984 0.000470685 1.6787e-08 8.87152e-08 0.00118547 0.0119266 5.70389e-12 0.432695 2.24546e-07 1.65372e-08 0.153506 1.8329e-07 
3.45407e-09 0.0296979 2.72176e-09 0.00640675 0.856625 3.03324e-05 0.000753964 0.00103343 9.01888e-12 1.14399e-07 2.32964e-06 0.000771863 0.0208406 0.00023739 3.63935e-08 0.000535407 9.55345e-07 0.00378 2.13515e-11 0.0778163 8.08031e-06 1.58688e-11 0.00145948 5.38558e-09 
0.00107918 0.0309811 0.00650838 0.32524 0.0199852 0.0143686 0.00412558 0.0760045 1.31307e-05 0.120576 2.55028e-05 0.000824859 0.189603 0.00122007 0.00174055 0.0378709 0.00259124 0.0426185 0.000135246 0.059176 0.00606818 1.70536e-05 0.0568233 0.002404 
0.000128465 0.0474583 0.000838833 0.0363 0.00839471 0.00965031 0.000149768 0.000103206 3.96998e-09 0.0381096 1.7515e-05 1.66958e-05 0.055889 0.653925 0.000253251 7.14282e-06 1.55341e-05 0.0755654 9.39861e-09 0.0327845 0.00762521 5.28377e-05 0.0166323 0.0160829 
7.70889e-08 0.0491867 0.00319871 0.0587587 0.112752 0.00453453 0.0010866 0.0181672 7.70566e-08 0.00175763 7.71006e-08 7.70576e-08 0.240726 0.0103744 0.000431349 0.00885631 0.086703 0.025352 0.000492623 0.327176 0.000917626 0.000215685 0.0493128 7.70917e-08 
0.00116585 0.004971 0.00088764 0.0337087 0.000337381 0.00559419 0.00059944 0.361616 2.8214e-12 2.82705e-07 3.14748e-06 0.000735914 0.397089 0.000485228 4.5706e-12 0.00409408 0.000222863 1.35061e-05 6.67945e-12 0.149869 0.0121828 1.26666e-08 0.026385 3.99154e-05 
0.0014057 0.0863699 3.11803e-07 0.0105891 0.0778946 0.030718 0.00753139 0.0727952 5.65405e-12 0.00647299 0.000145979 3.45471e-07 0.0944645 7.6803e-07 2.74792e-07 0.00555938 8.11864e-08 0.276315 1.33855e-11 0.0951897 0.000483291 1.68137e-07 0.173419 0.0606442 
0.00811271 0.0216076 0.00670457 0.00373375 0.00271292 0.0792157 0.00110187 0.00226882 9.00678e-05 0.000703222 0.00034665 0.000559191 0.00179763 0.00884223 0.00134301 0.000449407 0.000367036 0.0222518 0.00256824 0.00147278 0.00363175 0.000786351 0.0766648 0.752668 
2.91521e-06 0.0957762 1.96899e-06 9.77987e-06 0.0017522 0.0952695 0.0192906 0.074947 5.43595e-09 1.1593e-06 3.86876e-07 1.37946e-06 0.0146313 0.025465 1.24926e-06 2.71398e-05 0.0125873 0.0377142 1.28692e-08 0.0967023 0.00108738 2.28636e-07 0.524276 0.000454504 
0.000464151 0.0214992 0.000358796 0.013747 0.0236155 0.00235238 0.0132613 0.00326018 2.90397e-05 0.000820993 0.662902 0.000113327 0.00446729 0.00126128 5.90754e-05 0.00178632 0.00106717 0.121414 0.0159962 0.0463673 0.000191966 0.025465 0.0155814 0.0239192 
0.0281082 0.319414 5.05007e-06 0.100628 0.0831644 0.0854156 5.58638e-06 4.64263e-06 7.76243e-08 0.0049231 4.89455e-05 0.000276032 0.00577603 0.034198 0.0155707 5.61902e-05 0.0276113 0.0552623 4.75203e-06 0.0195564 0.0452814 6.92533e-05 0.00323118 0.17139 
0.000954603 0.0554982 0.000292039 0.0221783 0.0104457 0.0104299 0.0418132 0.0176173 5.60199e-05 0.0322802 0.600545 0.00702024 0.00446038 0.00251912 0.00100539 0.000297764 0.000705525 0.0118332 0.000104189 0.0281842 0.00040438 0.0129141 0.012695 0.125746 
0.0405267 0.0175856 0.000736116 0.0128406 0.0003548 0.626356 5.99419e-08 0.0147014 3.19753e-11 9.45532e-05 1.42546e-05 0.000528438 0.0215047 0.000103257 5.17992e-11 0.000182664 0.000600085 0.00948371 1.26566e-05 0.00601452 0.245606 7.91902e-07 0.00254639 0.00020699 
1.15503e-06 4.66389e-06 7.79632e-07 3.87704e-06 0.302283 9.65863e-07 1.47519e-06 6.44258e-06 7.90909e-10 4.58813e-07 1.52867e-07 7.66761e-08 0.189686 3.51571e-06 4.93073e-07 4.69087e-05 0.000413247 0.00205672 1.87242e-09 0.411109 9.28897e-07 8.82453e-08 0.0943798 3.38861e-07 
0.000185079 0.195801 0.000393595 0.0869043 0.120997 0.00257802 6.98111e-06 0.00203157 4.56661e-08 0.0423436 5.66555e-07 0.0026333 0.000925448 0.0530084 0.0442217 0.0862045 0.000242297 0.00104261 5.85867e-06 0.0192224 0.0973341 0.00117897 0.0116622 0.231076 
0.0346216 0.117238 0.0124526 0.11513 0.00789807 0.184637 0.00155239 0.0664864 0.000627744 0.00829191 0.00218101 0.00392996 0.0565078 0.0833343 0.00577587 0.00445949 0.010806 0.0327121 0.00755283 0.0859262 0.080459 0.000891299 0.0565078 0.0200207 
0.00390724 0.0191296 0.134831 0.0224399 0.0138824 0.0374468 0.000166576 0.146209 1.96017e-07 0.0001589 7.4211e-06 2.36522e-06 0.0144643 0.00276916 8.70551e-06 0.00163197 0.000295952 0.00854279 4.64056e-07 0.483284 0.00383478 5.777e-07 0.105854 0.00113241 
0.0331543 0.0214145 0.0129098 0.0502495 0.0288245 0.371935 0.000187407 0.0197514 1.40326e-10 0.000562018 4.77128e-08 1.9438e-07 0.0584355 0.000159017 2.90417e-06 0.0006631 0.0345399 0.0774252 3.32211e-10 0.133938 0.0672792 2.46904e-10 0.0866321 0.00193658 
1.97725e-08 1.10211e-07 0.000283878 1.59511e-08 0.0613082 0.00177678 1.35065e-05 2.82642e-08 2.62095e-12 2.7283e-08 4.53883e-06 0.856163 9.87061e-08 0.0193721 1.14681e-08 0.00957322 6.48468e-05 0.000569515 2.79282e-08 0.0109917 1.08938e-08 1.47616e-08 0.0281763 0.0117019 
0.00184483 0.00827448 1.55416e-06 0.0652134 0.00400942 0.0705236 0.0602019 0.108939 1.89471e-08 1.1979e-05 0.00141829 0.0500767 0.0359719 0.0511406 0.000465196 0.000429154 0.000338181 0.0482265 6.16759e-07 0.0283073 1.45181e-05 3.45156e-07 0.140896 0.323695 
0.0297765 0.0141883 0.0404077 0.0765839 0.000710324 0.0901951 0.000102776 0.34005 3.03914e-08 0.000144872 0.00373522 8.23089e-06 0.0169108 0.018714 8.61824e-05 0.000126408 0.00190093 0.0108657 4.71863e-08 0.0977175 0.0356869 9.15622e-06 0.222036 4.39512e-05 
0.0435184 0.00330274 0.00230271 0.0142102 0.00474064 0.2621 0.0165428 0.00652227 4.80296e-06 0.00439653 0.000394421 0.0219857 0.0048497 0.00418622 0.000201878 0.00218427 0.0109996 0.00922773 1.03526e-05 0.00611086 0.558058 7.34433e-06 0.0155681 0.00857496 
6.5428e-05 0.00349256 0.000552218 0.0642437 0.217014 0.00412911 1.96199e-05 0.00321335 3.51742e-12 0.000191711 1.6718e-06 1.75924e-09 0.197134 0.00086475 2.61199e-06 0.000426844 0.00544795 0.0113323 1.25842e-08 0.462293 0.000274577 2.35082e-07 0.0292951 4.65798e-06 
0.0118595 0.0128537 0.00204573 0.0281247 0.0997756 0.0337597 0.000180835 0.0196093 8.76849e-12 0.000609721 1.96358e-05 7.90098e-09 0.0459364 0.000162581 0.000342672 2.92244e-08 0.0410061 0.0250163 2.07587e-11 0.275255 0.0476479 2.8947e-06 0.349007 0.00678457 
0.00315225 0.00140312 0.00386287 0.00289471 0.168767 0.0401046 0.000167198 0.0289481 4.6136e-08 0.000452725 1.57688e-06 7.44394e-07 0.0192708 0.00136806 5.6471e-06 0.544384 0.000103381 0.0116358 1.09223e-07 0.030037 0.0136257 6.89905e-07 0.119914 0.00989967 
0.00169454 0.0504466 8.00546e-05 0.095733 0.0144827 0.01028 0.00230155 0.0013483 1.17196e-06 0.522245 1.32051e-06 0.00138164 0.226718 0.013741 0.000893995 2.51386e-06 6.62498e-05 0.017289 0.000710783 0.0241765 0.0023521 0.000679014 0.00782321 0.0055519 
0.000726037 0.0346207 8.98284e-05 0.0362267 0.043958 0.0586095 0.00153149 0.039737 8.29004e-07 0.172366 1.42946e-05 1.0847e-05 0.323392 0.00042071 3.52415e-05 0.00114618 7.66832e-05 0.183386 8.80006e-07 0.0342873 0.000460225 9.74292e-07 0.0578663 0.0110361 
0.000102199 0.0256507 0.0233347 0.0436295 0.0154436 0.0318854 3.03353e-07 0.0036147 2.31009e-08 0.137746 1.67871e-06 0.00018908 0.0548893 0.00164927 2.97329e-06 0.000703849 0.000102751 0.024324 5.46897e-08 0.0940218 0.244034 6.60109e-06 0.00552684 0.293141 
4.09808e-05 0.00361824 0.000122325 0.0117199 0.10454 0.0173242 0.00012513 0.0148012 3.95133e-12 0.00588471 1.05446e-05 1.88354e-05 0.0588917 0.0047048 0.000174692 0.000964977 8.54545e-05 0.0728778 9.35447e-12 0.629031 0.00449796 6.95239e-12 0.0701784 0.000387926 
0.000397382 0.0450511 0.0189806 0.00834497 0.0023753 0.0456346 0.00013546 0.0110984 5.78495e-09 0.0479087 8.10979e-08 3.56037e-06 0.0158074 0.00289112 9.37147e-09 0.467485 1.52934e-06 0.000497483 0.0449887 0.063169 0.00718721 1.01786e-08 0.183571 0.0344716 
0.000327022 0.031635 0.000364921 0.0564453 0.0210865 0.0140846 0.000267799 0.00139725 1.11867e-10 0.000263468 0.000132907 3.01762e-08 0.00545511 0.000743499 1.18725e-08 1.97553e-07 2.46076e-06 0.373835 9.85405e-06 0.0161072 0.000253066 0.211586 0.193635 0.0723679 
0.00316735 0.0924692 0.00189491 0.190482 0.141066 0.0980349 0.000167615 0.0652874 1.01422e-11 0.0211444 0.00663813 9.25967e-09 0.0136486 0.00375744 9.19633e-06 0.00764087 0.0135931 0.0844719 6.77957e-09 0.219258 0.0219169 1.78453e-11 0.0148152 0.000536148 
0.00138085 0.00918988 0.000112525 0.107278 0.010244 0.359338 0.000211305 0.00238379 1.30869e-05 0.0398135 1.71663e-05 0.000263317 0.00460475 0.138102 4.94902e-05 0.0198339 0.00217356 0.0399351 0.0405481 0.00525269 0.0937252 0.000224117 0.086598 0.0387079 
0.0768653 0.00899676 0.00167688 0.0530269 0.0335444 0.00862012 8.02223e-05 0.0126337 9.08502e-10 0.0846379 6.74768e-06 9.43924e-07 0.158998 0.000362277 0.00159588 0.000129302 0.186023 0.0559746 2.15081e-09 0.154314 0.00690509 2.41163e-06 0.155518 8.75024e-05 
0.0015425 0.031444 0.000442933 0.0132379 0.189244 0.129247 0.0011047 0.0144456 1.72673e-10 0.00111586 8.24418e-07 9.90947e-05 0.0421014 0.000202664 3.42954e-05 1.05818e-05 0.00513321 0.076575 4.08789e-10 0.304536 0.0123494 1.63395e-06 0.161914 0.0152164 
2.19534e-05 0.115389 0.000460066 0.1231 0.44677 0.000636011 0.000103591 0.00680465 2.00884e-10 0.0156512 0.0015784 9.45032e-07 0.0812521 0.00229299 2.71354e-05 0.00350144 1.22368e-05 0.0732621 4.75578e-10 0.112142 0.00014303 3.53457e-10 0.0168401 1.08329e-05 
0.0211685 0.00237131 0.00568052 0.144958 0.0129897 0.13207 9.32312e-06 0.0102169 6.48065e-10 0.00258859 2.90445e-06 0.00197403 0.0140632 0.0843335 1.35702e-06 0.000942845 0.000129003 0.000827362 1.53424e-09 0.0242893 0.461759 1.5948e-08 0.0782762 0.00134792 
0.000594646 0.022936 0.000468189 0.00219507 0.000181113 0.0247445 2.29658e-05 0.0561815 2.63966e-08 8.83552e-05 0.000651724 0.0130894 0.00222467 0.000502543 0.000136356 0.0131243 0.00325397 0.0145685 6.24918e-08 0.0161656 0.0139804 1.88678e-06 0.0504505 0.764438 
0.000127565 0.482382 0.00701816 0.0383721 0.115669 0.00298553 0.000222439 0.0094303 1.90902e-05 0.0171009 4.38922e-05 4.4252e-05 0.0349596 0.0363764 0.0019459 0.0497654 0.000427085 0.0151871 6.75842e-05 0.115458 0.00845251 0.000133739 0.0373148 0.0264977 
0.00194604 0.00804135 0.000354991 0.0206327 0.00587718 0.0247218 0.000333913 0.00336328 3.36191e-07 0.00266779 0.000134455 0.00215301 0.143944 0.677431 0.000212245 0.000435312 0.000496312 0.0099784 5.04481e-07 0.052397 0.00838369 0.000204222 0.035801 0.000489992 
2.93651e-06 0.298304 0.0555784 0.140604 0.28464 0.0256156 0.00475367 0.000985345 5.89374e-09 0.0101444 0.00399399 0.0042197 0.0285858 0.00287997 6.9787e-07 0.00790908 0.000813344 0.0229464 1.7409e-05 0.0724702 0.0319173 1.03701e-08 0.00232984 0.0012883 
0.0331543 0.0214145 0.0129098 0.0502495 0.0288245 0.371935 0.000187407 0.0197514 1.40326e-10 0.000562018 4.77128e-08 1.9438e-07 0.0584355 0.000159017 2.90417e-06 0.0006631 0.0345399 0.0774252 3.32211e-10 0.133938 0.0672792 2.46904e-10 0.0866321 0.00193658 
5.9517e-05 0.00110837 0.021797 5.60358e-08 0.450554 0.0127335 0.000853778 0.00375439 6.0873e-09 0.000624181 1.01697e-05 0.0126256 0.0212397 0.00752599 0.000164937 0.0147682 0.00117601 0.107211 9.86506e-08 0.224594 0.00212289 2.78624e-06 0.106685 0.0103878 
0.000160016 0.00280469 0.000710529 0.0135427 0.000699419 0.00709161 3.9144e-05 0.00300611 4.9366e-06 0.00129688 7.24711e-06 0.901099 0.00592826 0.0168187 0.0001668 0.00712778 0.00109106 0.00319638 0.00155232 0.00223558 0.0207461 0.000766015 0.00754707 0.00236224 
0.000848487 0.0732312 0.000356083 0.0393705 0.00088963 0.0478624 2.5235e-05 0.0611068 9.91808e-08 0.00397553 0.000155171 0.000186503 0.00192948 0.0124166 1.6067e-07 0.0058212 0.0154675 0.0457033 2.3669e-05 0.0229295 0.00454668 1.52045e-05 0.0465956 0.616544 
1.04187e-07 0.129801 0.00141365 0.253757 0.013603 0.102781 7.86652e-08 0.144735 6.1175e-11 0.00127036 1.90259e-07 1.16911e-07 0.0295622 0.207944 1.24773e-07 0.0107195 1.21514e-07 0.012799 3.72447e-06 0.0568963 0.0325681 7.39752e-08 0.00186777 0.000277436 
2.63378e-06 0.0111725 0.00890296 0.00299968 3.59272e-05 0.00110191 2.75627e-05 0.0262498 4.10145e-07 0.198652 1.81189e-06 0.00361465 0.0575527 0.00132865 4.14915e-06 0.03423 2.21901e-06 8.4146e-06 9.70985e-07 0.0222936 0.625804 7.21651e-07 0.00600529 7.57014e-06 
0.00961846 3.24278e-05 1.52126e-05 0.0452505 0.0971209 0.305652 2.92142e-05 0.000268378 1.7779e-07 0.491128 1.01975e-06 1.36528e-05 1.20049e-05 0.0087366 2.88015e-07 5.88263e-05 4.41352e-06 0.00293654 4.20903e-07 1.18217e-05 0.00240924 3.12821e-07 0.0366904 9.17945e-06 
0.00122734 0.0354271 0.0143787 0.536691 0.00458259 0.04281 0.000433834 0.000693586 2.9365e-05 0.00716342 3.42523e-05 5.24028e-05 0.0210227 0.123369 0.00123451 0.00144458 0.00230365 0.0126474 0.00434213 0.0352035 0.0111207 0.0119348 0.0406785 0.0911746 
0.000340581 0.00660702 0.0327439 0.0178 0.00267326 0.0143089 0.000298243 0.0377264 3.7118e-07 0.00534863 6.42089e-05 2.39348e-06 0.00603471 0.000784215 2.01802e-05 0.000133652 0.0345093 0.0124062 8.7874e-07 0.0164874 0.00980797 2.8872e-06 0.800429 0.00146945 
7.92058e-06 0.00745232 0.000276692 0.00622961 0.738555 0.00117037 3.18298e-05 0.00167519 2.11029e-06 9.00132e-06 2.04126e-05 3.07168e-05 0.0199512 0.00052315 2.36575e-06 0.0470976 2.49804e-06 0.00441043 0.000546016 0.0478957 2.49346e-05 1.4041e-05 0.0431138 0.0809568 
0.00229978 0.00367411 0.0395931 0.142965 0.00264173 0.0586746 4.68134e-05 0.0731122 4.20078e-09 0.0202481 8.58026e-06 1.08445e-05 0.174209 0.00333162 7.08334e-06 1.38656e-05 0.0413386 0.0145255 3.27677e-06 0.321325 0.0258375 2.63696e-07 0.075651 0.000482882 
0.162875 0.0733241 0.0408689 0.0389965 0.0365236 0.0525485 0.0131798 0.0116874 2.29702e-05 0.00123058 0.000184979 0.00741689 0.0116619 0.000183411 0.0195294 0.000115644 0.00192199 0.0955926 0.032492 0.020863 0.0320499 0.0609335 0.0712065 0.214591 
0.00912493 0.00702179 0.00204675 0.0101929 0.039945 0.0909999 0.00114274 0.0328823 1.32338e-09 0.000807454 1.22545e-05 2.60106e-05 0.0115239 6.46429e-05 8.02149e-06 4.12618e-06 0.00210724 0.0164006 3.133e-09 0.13368 0.0047159 7.40371e-06 0.509177 0.128109 
0.000353762 0.00673545 7.76498e-05 0.00769567 0.00828046 0.00107247 0.000636929 0.000844787 6.36277e-07 0.000237511 6.40656e-05 2.61537e-05 0.0133265 0.0063522 1.89573e-05 4.3954e-06 5.15754e-05 0.913671 0.00132597 0.0251771 7.95956e-05 0.00898956 0.0036435 0.00133384 
3.21784e-05 0.0496352 0.000251838 0.0563747 0.4594 0.00124757 0.000168937 0.0113136 3.76969e-06 0.00114737 0.000662586 1.04571e-05 0.0138419 0.0124258 0.00711431 0.00505833 6.10567e-05 0.213817 1.17399e-05 0.119206 0.00018059 1.80205e-05 0.0478155 0.000201246 
0.0218106 0.0408976 0.0107226 0.21374 0.0014337 0.0193771 0.000263204 0.01656 2.0266e-07 0.0159812 2.50121e-06 0.000414088 0.24506 0.322772 0.000162745 0.0280508 0.00248111 0.00215837 4.18422e-07 0.0302067 0.0114723 1.04906e-05 0.015183 0.00123968 
0.0219682 0.012866 0.000986682 0.0602656 0.00719195 0.149539 0.000398961 0.0302854 0.000187512 0.0140157 0.000314599 0.00349435 0.0111523 0.444612 0.000720219 0.000268472 0.00420979 0.0592384 0.0397695 0.0240193 0.0869495 0.00136026 0.0244205 0.00176584 
0.000205394 0.688696 0.00955325 0.00934121 0.0324549 0.0028909 0.170492 0.000720662 1.70402e-05 0.000500493 0.0560416 0.0027214 0.000282832 0.00443732 0.00111793 0.00124412 3.04319e-05 0.00150016 0.00166181 0.00594791 0.000123353 3.48387e-05 0.00898647 0.000998597 
1.15503e-06 4.66389e-06 7.79632e-07 3.87704e-06 0.302283 9.65863e-07 1.47519e-06 6.44258e-06 7.90909e-10 4.58813e-07 1.52867e-07 7.66761e-08 0.189686 3.51571e-06 4.93073e-07 4.69087e-05 0.000413247 0.00205672 1.87242e-09 0.411109 9.28897e-07 8.82453e-08 0.0943798 3.38861e-07 
0.000391588 0.00635561 6.99595e-05 0.199717 0.0255925 0.0184726 2.81578e-05 0.00234656 1.65419e-06 0.59705 1.1536e-05 0.000208785 0.0222564 0.00650936 0.0118056 0.000303344 0.00131245 0.0781032 8.16688e-05 0.00713287 0.00107356 1.89715e-05 0.0129002 0.00825611 
0.00061274 0.0111352 0.000458691 0.0256263 0.000174558 0.0144187 3.88483e-05 0.00234453 5.62425e-07 0.0364272 0.214672 2.10824e-06 0.0252694 0.65897 1.87388e-05 0.000104843 2.72879e-05 0.000456483 0.00271375 0.000641831 0.00539097 9.92836e-05 0.000293255 0.000102426 
0.00892797 0.0384474 0.000282395 0.0726391 0.00696364 0.333768 0.00107021 0.0101479 1.67522e-09 0.0463069 7.49991e-05 0.00655654 0.0784958 0.0301648 2.41641e-07 0.000218722 0.000382647 0.0200653 5.02131e-08 0.03218 0.0669967 0.000171195 0.24428 0.00185918 
0.00325368 0.0176875 0.573842 0.000348095 0.00167395 0.281049 1.24385e-05 0.00457544 7.33409e-10 0.00159314 3.97138e-08 1.94312e-07 0.00582431 1.4262e-05 1.1881e-09 0.00359779 0.0134611 0.00744903 5.56835e-07 0.0123716 0.0171006 1.29044e-09 0.0230738 0.0330718 
0.000489908 0.100609 0.000948566 0.541775 0.0435231 0.00657222 0.00164731 0.0128175 5.13565e-05 0.0122644 0.0110245 0.0117416 0.0599124 0.00300868 0.000865648 0.000299491 0.0113098 0.114699 0.00646582 0.0286281 0.00102367 0.0162795 0.0131581 0.000885623 
0.000124266 0.0100016 7.33968e-05 0.00566373 0.00315101 0.000492319 0.00419668 0.00134406 1.01956e-06 4.63377e-05 0.571499 2.15914e-05 0.000804419 0.000847103 3.92519e-05 7.48755e-06 6.3658e-05 0.00501517 6.80367e-05 0.0015544 4.09485e-05 0.392966 0.000943209 0.00103542 
0.0118595 0.0128537 0.00204573 0.0281247 0.0997756 0.0337597 0.000180835 0.0196093 8.76849e-12 0.000609721 1.96358e-05 7.90098e-09 0.0459364 0.000162581 0.000342672 2.92244e-08 0.0410061 0.0250163 2.07587e-11 0.275255 0.0476479 2.8947e-06 0.349007 0.00678457 
0.00281279 0.0640362 0.0127697 0.1146 0.0857876 0.0354599 0.000545902 0.042582 3.01787e-05 0.0228628 0.000231292 0.00242907 0.0236404 0.015882 5.35964e-05 0.0012066 0.000245362 0.155571 0.000144492 0.102064 0.0244751 0.00899499 0.250302 0.0332728 
0.0534056 0.0887537 8.26491e-06 0.00255724 0.0265893 0.00621175 0.1647 0.197215 9.35147e-09 0.000905312 5.11099e-05 0.000133369 0.00631904 0.00605191 0.175542 0.000401874 0.00210979 0.0858259 2.21389e-08 0.180074 0.000891142 3.29862e-07 0.00167954 0.000574112 
0.000370663 0.0265213 1.55615e-06 0.00514552 0.00697245 0.00424517 0.0616833 0.00292912 3.54593e-08 1.07717e-05 0.000236043 2.8513e-05 0.00437614 9.45591e-06 2.01322e-05 0.00207631 6.68495e-07 0.188455 8.82276e-06 0.361123 0.00036326 0.000277258 0.0606584 0.274487 
7.70889e-08 0.0491867 0.00319871 0.0587587 0.112752 0.00453453 0.0010866 0.0181672 7.70566e-08 0.00175763 7.71006e-08 7.70576e-08 0.240726 0.0103744 0.000431349 0.00885631 0.086703 0.025352 0.000492623 0.327176 0.000917626 0.000215685 0.0493128 7.70917e-08 
0.00710463 0.0640097 0.013465 0.205437 0.00545576 0.0167865 0.000110154 0.00579849 1.83782e-05 0.000317328 0.000138645 3.16095e-05 0.0184841 0.00342608 0.00029564 0.0543627 0.0111125 0.0399824 0.000118257 0.0985699 0.0104208 0.234363 0.0437558 0.166436 
0.000642904 0.175288 0.00702665 0.164607 0.00892357 0.0192715 0.000604201 0.0316082 1.17605e-10 0.000444005 1.3732e-06 0.00350415 0.0449917 0.00748229 4.10517e-05 0.0145252 0.0248589 0.00315595 4.17095e-09 0.377465 0.0269717 8.51236e-07 0.0883667 0.000219528 
0.00116514 0.0356113 9.15264e-05 0.228151 0.0361459 0.0258583 0.000497677 0.00650527 6.87862e-07 0.0208541 5.00403e-06 7.49432e-06 0.0698854 0.0209734 0.000542112 0.00400126 0.000339148 0.506563 0.000110664 0.0298638 0.00124562 2.54645e-06 0.0112323 0.000346774 
0.000216554 0.085012 0.00580234 0.00698451 0.0857583 0.0755663 0.00334814 0.0058888 5.82221e-09 0.0030827 1.55086e-05 0.0002619 0.0778008 0.00141746 6.26723e-05 0.00965184 0.000335252 0.0584849 3.62112e-06 0.0204894 5.04835e-05 4.86343e-06 0.0414373 0.518324 
0.000360941 0.00118338 0.00214052 0.0227375 0.02854 0.0277032 1.97825e-05 0.00466188 2.46833e-12 2.45117e-05 4.65755e-07 5.12102e-09 0.171924 0.000592868 8.17292e-07 0.000217618 0.00176674 0.00584979 6.46734e-09 0.699677 0.00147814 2.10534e-09 0.0311076 1.31681e-05 
2.22324e-06 0.00561599 2.90404e-05 0.000604892 0.0261873 0.00445162 0.000300054 0.00112182 2.69008e-08 0.00150379 1.23975e-06 0.134313 0.0118305 0.598029 1.92123e-05 0.00363225 7.18576e-06 0.0207983 3.18287e-06 0.0158235 6.48686e-05 1.69584e-06 0.14571 0.0299495 
0.000633038 0.0813877 0.00384883 0.300753 0.0532219 0.0310643 2.75156e-05 0.00286957 1.0389e-09 0.0759073 7.29069e-05 0.000852227 0.202607 0.0253012 0.00074836 0.000185949 0.00319841 0.0723014 6.30484e-06 0.0802266 0.0157583 4.40453e-08 0.0436779 0.00535006 
0.000632701 0.185548 0.0131901 0.0778282 0.0754151 0.00757661 0.20852 0.0204337 1.55165e-10 0.00274662 0.0741245 1.47053e-06 0.205243 0.0081418 0.000165214 0.000853269 6.25532e-05 0.00780745 3.67341e-10 0.0350912 0.00391566 3.10783e-07 0.0714423 0.0012608 
0.000129893 0.505256 0.00216217 0.00425565 0.0357952 0.0741064 0.000545256 0.000876211 1.59052e-07 0.0113613 0.000152052 0.00199712 0.0646372 0.00279535 0.0289311 0.00190125 0.00905629 0.0432856 3.76544e-07 0.0680337 0.00408881 2.79853e-07 0.136989 0.00364325 
4.28017e-05 0.0701667 0.0305917 0.004613 0.000988982 0.0148934 0.000176483 2.13819e-05 1.82413e-07 0.000738969 3.46555e-06 1.25534e-05 0.189451 0.00765779 4.92904e-05 0.0425496 0.00361983 0.0117022 3.0273e-05 0.0608433 0.00364076 0.000111213 0.557958 0.00013726 
0.0844188 0.0160602 0.00919051 9.32423e-06 1.12142e-05 0.0141872 0.0117222 1.44392e-05 1.1103e-10 5.69981e-06 0.000643186 4.07589e-07 1.69252e-05 1.50819e-05 5.39614e-06 1.78672e-06 1.59427e-06 0.362286 2.62854e-10 0.135795 9.12457e-07 3.30173e-06 1.05694e-05 0.3656 
0.00103046 0.917408 3.68476e-05 0.0400911 0.000706967 4.54777e-05 6.96298e-05 0.0028805 2.64485e-07 2.17213e-05 7.27798e-06 3.833e-06 0.0117419 0.00176116 0.000133723 9.33306e-05 0.00198054 0.00939201 6.26148e-07 0.000999893 0.00480021 6.97006e-06 0.00677125 1.60569e-05 
0.00381692 0.0042381 0.000520541 0.162169 0.000762458 0.138452 3.4021e-05 0.0362843 6.69521e-08 0.00012933 3.11294e-05 4.15697e-07 0.0278613 0.000987195 0.00012228 3.34085e-07 0.000339235 0.00432365 1.90921e-06 0.0935768 0.103278 2.0548e-05 0.417471 0.00557835 
0.0072625 0.0455111 0.00052154 0.0695799 0.031072 0.00211771 0.00184029 0.0046084 4.6229e-07 0.000682948 0.0175232 0.00042979 0.0088824 8.03638e-05 2.00414e-05 4.79835e-06 0.000706618 0.00303699 9.59853e-07 0.125902 7.48504e-05 3.40335e-05 0.0260844 0.654023 
0.00586565 0.0313377 0.678294 0.0115875 0.0150461 0.0680281 0.00116478 0.00231506 4.76632e-09 0.00128687 9.54777e-05 3.7879e-07 0.00178209 0.00521548 2.6526e-06 0.0159063 0.00117205 1.88189e-06 3.14554e-06 0.00655635 0.0178337 8.38635e-09 0.106977 0.029528 
0.00096807 0.131991 1.74859e-05 0.00801538 0.375892 0.0014544 0.0304014 0.00267171 4.12614e-07 0.000224575 2.69338e-06 0.00144629 0.02747 0.00106009 0.000695959 5.30412e-06 0.000300963 0.297375 9.76831e-07 0.107501 0.000142837 9.99171e-06 0.0115257 0.00082572 
0.000313165 0.0148233 0.00746543 0.243398 0.00952579 0.0130694 0.0434699 0.00246477 1.16403e-05 0.00118855 0.011373 0.00286598 0.0613865 0.00467028 0.000266257 0.0142047 0.000118568 0.00714499 0.000874082 0.0195008 0.00208465 0.443546 0.0270107 0.0692233 
0.00254981 0.00392849 0.00135707 0.0325906 0.039578 0.0119736 0.00280398 0.0281157 1.07231e-11 0.00660218 5.27554e-07 1.48406e-08 0.140855 7.42429e-05 0.000143134 0.000102076 0.0026628 0.0276005 2.53861e-11 0.58009 0.00278738 3.18721e-06 0.113103 0.00307852 
0.000439101 0.0535594 0.00227041 0.061082 0.0254138 0.0125888 0.00044768 0.000323879 4.30663e-05 0.0189639 0.00302204 6.47512e-05 0.076539 0.00159731 0.000484952 0.00339819 0.000349498 0.178464 0.00278269 0.00880673 0.00228237 0.0123554 0.012144 0.522577 
0.00417929 0.0446569 0.00477974 0.00809002 0.221309 0.0238501 0.0039372 0.0136234 3.00521e-07 0.00529146 0.000812172 0.194981 0.051035 0.0556101 0.000811248 0.0560028 0.00360907 0.0132916 0.00135095 0.177872 0.00396966 0.000961296 0.095694 0.0142816 
0.00458237 0.00500743 3.50468e-07 0.0109561 0.0632616 0.0309699 3.73853e-05 0.0124226 1.16657e-08 0.00118068 4.99604e-05 5.98471e-05 0.157096 0.0117752 7.56585e-06 2.34717e-05 0.00482759 0.205749 2.76177e-08 0.250926 0.155363 0.000590623 0.0849007 0.000212648 
