0.00139674 0.155226 0.0156274 0.463371 0.0437073 0.00425718 0.0202144 0.0107153 1.63775e-05 0.00293216 0.0026874 0.00163109 0.0546685 0.00564376 0.000128772 0.000338768 0.00104806 0.173054 0.000136352 0.0135357 0.000319963 0.0102498 0.0162366 0.00285814 
0.00022861 0.0210196 0.00509512 0.0143042 0.0833956 0.0157302 0.000659484 0.0788027 1.06071e-10 0.0638953 0.000173436 0.00420415 0.0658195 1.85601e-05 1.71833e-10 0.00565484 1.06931e-07 0.18789 2.66156e-07 0.0629145 0.000565783 5.50117e-07 0.29836 0.0912667 
4.33025e-09 0.0844183 3.40961e-09 0.0212919 0.616376 0.000101055 0.00251238 0.00344445 2.90996e-12 1.43564e-07 2.92367e-06 6.83261e-08 0.0412838 1.66366e-07 4.56598e-08 0.00103611 3.17385e-06 0.00354128 6.88911e-12 0.221097 2.68746e-05 5.12009e-12 0.00486451 6.75462e-09 
0.0025201 0.438488 0.055647 0.0197718 0.0848476 0.0211675 0.138941 0.02102 2.07684e-07 4.31979e-05 0.000451398 0.00331275 0.00913103 0.034369 0.000824406 0.0147463 0.000424369 0.00356351 1.82584e-05 0.0911752 0.000172745 4.77311e-06 0.051502 0.00785803 
0.000497677 0.00207991 8.4666e-05 0.0176352 0.000683987 0.000259745 9.91767e-05 0.216644 2.57858e-05 0.000219195 4.82835e-05 0.000102093 0.000459935 0.00434173 0.000129595 0.0258721 6.74376e-05 0.258168 0.000166423 0.0210029 0.00405789 6.25072e-05 0.0523549 0.394937 
0.000434057 0.00431099 0.00125506 0.0142611 0.288512 0.0253048 6.52446e-05 0.00611411 6.28307e-10 0.00263579 2.73193e-06 3.65835e-06 0.0426111 0.000786893 0.000244368 0.000309175 0.00033344 0.0618715 1.48747e-09 0.276607 0.0067481 5.5018e-06 0.267455 0.000128298 
3.45407e-09 0.0296979 2.72176e-09 0.00640675 0.856625 3.03324e-05 0.000753964 0.00103343 9.01888e-12 1.14399e-07 2.32964e-06 0.000771863 0.0208406 0.00023739 3.63935e-08 0.000535407 9.55345e-07 0.00378 2.13515e-11 0.0778163 8.08031e-06 1.58688e-11 0.00145948 5.38558e-09 
0.00104171 0.653279 0.00290015 0.0600195 0.0407546 0.0507782 0.00187959 0.0161427 0.000102555 0.00185101 0.000656651 0.000183058 0.0175885 0.0119947 0.00437873 0.00860148 0.0154534 0.0222272 0.0155903 0.038987 0.0150872 0.00353404 0.0131592 0.00380964 
0.00181584 0.00182203 0.000396377 0.134804 0.0127347 0.0593765 2.23711e-05 0.167448 1.86361e-09 0.000199844 1.18553e-06 1.32381e-08 0.0272478 0.0434353 1.97641e-05 9.91137e-05 0.00430011 0.0245417 3.7759e-08 0.45511 0.0131377 1.33537e-06 0.0534296 5.65773e-05 
0.00585321 0.0348146 0.587213 0.0186761 0.0150372 0.120268 0.00116101 0.00397139 1.37476e-09 0.00128207 9.43593e-05 2.06745e-07 0.00301147 0.00520671 0.00115733 0.0203053 0.00116713 8.31251e-07 1.17921e-06 0.00654517 0.0421043 2.41889e-09 0.102613 0.029516 
0.0396485 0.0424559 0.0245345 0.02402 0.139029 0.0720922 0.0515326 0.000122109 3.22359e-08 0.206199 0.000190614 0.0531324 0.0625532 0.0269595 5.22214e-08 2.5465e-05 7.07199e-06 0.0469844 8.52056e-05 0.00452119 0.0344997 0.000159014 0.062506 0.108742 
4.09808e-05 0.00361824 0.000122325 0.0117199 0.10454 0.0173242 0.00012513 0.0148012 3.95133e-12 0.00588471 1.05446e-05 1.88354e-05 0.0588917 0.0047048 0.000174692 0.000964977 8.54545e-05 0.0728778 9.35447e-12 0.629031 0.00449796 6.95239e-12 0.0701784 0.000387926 
0.00067896 0.390506 0.193309 0.0315711 0.00953963 0.0689274 1.59413e-06 0.00679144 1.27227e-09 0.00085412 0.0080906 1.0501e-06 0.00867361 0.145156 7.40511e-05 0.018543 1.59098e-05 0.00188581 0.00137112 0.014041 0.00878364 2.23856e-09 0.0257656 0.0654198 
0.0350635 0.0150041 0.00847883 0.0619139 0.00691065 0.173409 3.46158e-05 0.00412173 9.806e-09 0.00140555 0.000107984 0.0057791 0.0227315 0.00432729 0.000397169 0.012548 0.0044163 0.481854 2.32149e-08 0.00283407 0.0353198 0.000150471 0.0225925 0.100601 
0.00366142 0.272093 0.00104709 0.0216559 0.00928739 0.289445 0.00059493 0.0408699 3.35935e-09 0.00256062 6.76863e-06 0.00710771 0.0135904 0.00281972 5.42027e-08 1.53617e-06 0.00171576 0.0507278 7.95301e-09 0.211373 0.0153195 1.15319e-06 0.0252427 0.0308781 
2.66236e-05 0.199902 0.000765986 0.31322 0.166582 0.0185356 0.000678434 0.025161 1.18452e-10 0.0336202 0.0210703 0.000459234 0.0251659 0.0328883 1.03214e-05 0.00255358 0.007833 0.0403984 2.80425e-10 0.0809517 0.00236671 0.00481157 0.0178584 0.00514093 
0.0118595 0.0128537 0.00204573 0.0281247 0.0997756 0.0337597 0.000180835 0.0196093 8.76849e-12 0.000609721 1.96358e-05 7.90098e-09 0.0459364 0.000162581 0.000342672 2.92244e-08 0.0410061 0.0250163 2.07587e-11 0.275255 0.0476479 2.8947e-06 0.349007 0.00678457 
0.000431335 3.11511e-05 0.000954285 0.0247109 0.0323668 0.486245 9.52145e-06 0.00598858 2.16542e-09 1.6329e-05 7.54728e-07 0.000476735 0.0827989 0.171129 1.85131e-05 0.00471542 0.000543588 0.00305724 7.89713e-06 0.0633717 0.00297852 0.00143514 0.0380987 0.0806142 
0.0035847 0.00590642 2.68622e-06 0.0538019 0.00062323 0.0159343 0.00175081 0.00209139 2.33481e-07 0.0082972 5.2838e-05 3.99676e-06 5.43642e-06 0.0266415 2.44225e-06 3.76169e-05 0.000784075 0.0547794 0.00123458 0.00312144 0.001805 0.186652 0.0177148 0.615172 
0.000360941 0.00118338 0.00214052 0.0227375 0.02854 0.0277032 1.97825e-05 0.00466188 2.46833e-12 2.45117e-05 4.65755e-07 5.12102e-09 0.171924 0.000592868 8.17292e-07 0.000217618 0.00176674 0.00584979 6.46734e-09 0.699677 0.00147814 2.10534e-09 0.0311076 1.31681e-05 
0.000360941 0.00118338 0.00214052 0.0227375 0.02854 0.0277032 1.97825e-05 0.00466188 2.46833e-12 2.45117e-05 4.65755e-07 5.12102e-09 0.171924 0.000592868 8.17292e-07 0.000217618 0.00176674 0.00584979 6.46734e-09 0.699677 0.00147814 2.10534e-09 0.0311076 1.31681e-05 
0.0184869 0.00137238 0.00270325 0.00976003 0.0050029 0.106185 0.000325673 0.0191915 6.85058e-07 0.00088572 3.61791e-05 1.28017e-06 0.00110388 0.00840823 6.66349e-06 6.68952e-05 0.00253066 0.114711 2.39288e-05 0.0792425 0.0581763 2.26229e-05 0.54299 0.0287658 
0.000860921 0.42971 2.71104e-06 0.0943023 0.0503188 0.0536578 0.0294808 0.0346895 1.71527e-06 0.00732193 0.0395757 0.0215288 0.0176212 0.00413759 3.61311e-05 0.015907 0.00424519 0.029244 1.44568e-05 0.0641397 0.0006672 0.00010101 0.00262952 0.0998061 
0.00144644 0.0315105 0.00160265 0.0675058 0.0290368 0.0479657 0.00349075 0.0107765 5.2652e-05 0.00243829 0.000307013 0.00108029 0.0223671 0.00797192 8.41345e-05 0.00260066 0.000704991 0.339649 0.00104842 0.0303621 0.00362554 0.0162432 0.265372 0.112757 
7.30979e-05 0.227418 0.00128895 0.0938461 0.126102 0.000246371 0.00302535 0.0139672 2.53762e-06 0.00512952 0.00518204 0.000121442 0.032377 0.00241483 0.000102783 0.00144066 5.32743e-06 0.343844 0.000810511 0.101578 0.00124204 0.000437397 0.0379993 0.00134552 
5.16129e-07 0.014675 0.0178471 0.00707884 1.15967e-05 0.0331169 0.00378151 0.0164535 6.84156e-11 7.12178e-07 0.000487638 4.40283e-05 0.362782 0.0627497 2.99356e-07 0.00538281 0.00214017 0.00694464 7.29021e-07 4.83839e-06 0.00890095 3.85327e-07 0.441492 0.016104 
0.000403633 0.0741253 0.00239354 2.6327e-05 0.0482865 0.0438811 0.000115092 0.0105161 1.29054e-08 0.00187296 2.95115e-06 1.096e-06 0.0292963 0.153574 0.000472821 0.0125355 4.57439e-06 0.00860869 3.05524e-08 0.0353055 0.029924 1.08066e-06 0.113358 0.435295 
0.000347147 0.00183199 0.000531908 0.000272107 0.00735046 0.000527239 0.00059348 0.000476037 3.76114e-05 0.000473096 5.82573e-05 0.0279114 0.00163955 0.00595627 0.000250381 0.00569667 0.000132066 0.000631305 0.00055048 0.00306766 0.00019186 0.000310051 0.940114 0.00104853 
0.000507401 0.000896043 0.000246499 0.000702995 4.91809e-05 0.000756566 4.14935e-05 0.000427215 1.73307e-05 0.00631112 2.23306e-05 0.000105644 0.000338502 0.896345 0.000253441 8.4868e-05 6.91865e-05 0.000285642 0.00048438 0.000277308 0.000683827 4.3046e-05 0.0772893 0.0137614 
5.41878e-05 0.831216 4.89201e-05 0.0708577 0.0178283 0.000893584 0.0175883 0.00381275 1.80722e-06 0.0127682 6.15837e-05 0.00110933 0.00103317 0.000283889 0.000133713 4.5246e-05 7.326e-06 0.018557 0.00446024 0.0110471 0.0011395 0.000258289 0.00615579 0.000637994 
4.91298e-06 0.721721 7.72207e-05 0.0649921 0.0478745 0.000245951 0.0125713 0.0119518 4.76221e-09 0.000159851 0.0111918 0.000220722 0.0400983 0.00390983 3.70787e-06 0.00129778 0.000407524 0.00242229 8.16089e-06 0.0751856 0.00015761 5.40801e-09 0.00540353 9.40845e-05 
0.0160586 0.000204996 0.000584306 3.41392e-05 0.00153704 0.882297 1.98242e-06 0.000559221 5.38189e-10 1.10881e-07 6.25184e-06 0.00156785 0.00140119 0.000421011 0.00490918 3.03359e-07 0.0105573 0.00014235 1.27412e-09 0.00188508 0.0592844 2.75604e-05 0.0178635 0.000656498 
0.00299286 0.0694005 0.111628 0.111417 0.0247001 0.0606421 0.000219244 0.039126 3.21221e-10 0.0147668 0.000816038 3.42181e-05 0.0633541 0.00410648 3.04514e-06 0.0415779 0.000884337 0.0133446 1.01166e-05 0.359725 0.00116359 0.0215901 0.0470993 0.0113982 
0.00015442 0.00174452 0.012183 0.0013548 0.296557 0.00747903 0.000850853 0.00380968 5.67533e-08 0.00281247 6.56881e-06 0.00627953 0.185652 0.00565048 0.000142509 0.00886188 0.00792965 0.222578 6.73858e-07 0.168803 0.00113963 1.02805e-05 0.0600086 0.00599093 
2.33362e-05 0.541162 0.0324659 0.0714617 0.00948893 0.0162607 0.000365885 0.08826 2.30133e-10 0.000447188 3.94103e-08 0.000282362 0.0703012 0.000109329 3.72809e-10 0.00254479 4.74893e-08 0.00166216 5.44821e-10 0.0462032 0.0852514 4.04919e-10 0.0336958 1.40857e-05 
0.00181584 0.00182203 0.000396377 0.134804 0.0127347 0.0593765 2.23711e-05 0.167448 1.86361e-09 0.000199844 1.18553e-06 1.32381e-08 0.0272478 0.0434353 1.97641e-05 9.91137e-05 0.00430011 0.0245417 3.7759e-08 0.45511 0.0131377 1.33537e-06 0.0534296 5.65773e-05 
0.0509834 0.0173714 3.69846e-05 0.0630688 0.000165829 0.702568 7.13827e-06 0.000924367 3.60958e-06 0.00151512 6.1083e-05 1.65722e-05 0.0581602 0.000245325 0.000221834 0.00112257 0.000260077 0.000529374 0.000129776 6.78689e-05 0.087935 8.19478e-06 0.00650078 0.00809635 
0.00144776 0.109012 0.0023156 0.442867 0.0274223 0.0456198 0.00167199 0.0597502 0.000213002 0.0290635 0.00142705 0.00824504 0.0621204 0.00930667 0.000348664 0.004334 0.00816257 0.0191764 0.000651162 0.127901 0.0148586 0.00192205 0.0189138 0.0032493 
9.74532e-05 5.32746e-05 2.43864e-05 0.000457917 0.000940132 0.000388813 0.000107296 0.000227197 1.36682e-07 0.000183169 2.24808e-06 1.08841e-05 0.0011665 0.000213754 1.80902e-05 5.78528e-06 2.42706e-05 0.486064 3.87594e-07 0.00332545 5.67141e-05 0.505669 0.000866903 9.5634e-05 
0.000447101 0.0616715 0.000613663 0.212561 0.162903 0.105606 3.67181e-05 0.0784935 3.33462e-09 0.0345966 0.000557066 0.00457155 0.0248395 0.00135656 0.00015578 0.00184157 1.75401e-06 0.00144509 7.89445e-09 0.0104367 0.00103264 5.86728e-09 0.244633 0.0521997 
0.0768653 0.00899676 0.00167688 0.0530269 0.0335444 0.00862012 8.02223e-05 0.0126337 9.08502e-10 0.0846379 6.74768e-06 9.43924e-07 0.158998 0.000362277 0.00159588 0.000129302 0.186023 0.0559746 2.15081e-09 0.154314 0.00690509 2.41163e-06 0.155518 8.75024e-05 
3.68103e-05 0.00133782 1.24574e-06 0.0012984 0.260167 0.0229876 2.74217e-05 0.10011 1.02443e-06 0.000186962 0.00337595 5.9812e-06 0.00971753 1.47612e-06 1.16713e-06 0.00161798 2.24525e-05 0.328983 8.03911e-05 0.0931042 0.00330138 0.00213102 0.0771394 0.0943634 
0.000946998 0.246706 0.00772661 0.0809181 0.117917 0.0149269 0.00272503 0.0203848 3.56307e-10 0.00259548 4.73776e-06 0.00570895 0.104717 0.00222048 4.33619e-06 0.00777886 0.000151928 0.00175547 6.92241e-08 0.281072 0.00503476 5.04054e-08 0.0893444 0.00735949 
0.000124266 0.0100016 7.33968e-05 0.00566373 0.00315101 0.000492319 0.00419668 0.00134406 1.01956e-06 4.63377e-05 0.571499 2.15914e-05 0.000804419 0.000847103 3.92519e-05 7.48755e-06 6.3658e-05 0.00501517 6.80367e-05 0.0015544 4.09485e-05 0.392966 0.000943209 0.00103542 
0.00181584 0.00182203 0.000396377 0.134804 0.0127347 0.0593765 2.23711e-05 0.167448 1.86361e-09 0.000199844 1.18553e-06 1.32381e-08 0.0272478 0.0434353 1.97641e-05 9.91137e-05 0.00430011 0.0245417 3.7759e-08 0.45511 0.0131377 1.33537e-06 0.0534296 5.65773e-05 
0.000360941 0.00118338 0.00214052 0.0227375 0.02854 0.0277032 1.97825e-05 0.00466188 2.46833e-12 2.45117e-05 4.65755e-07 5.12102e-09 0.171924 0.000592868 8.17292e-07 0.000217618 0.00176674 0.00584979 6.46734e-09 0.699677 0.00147814 2.10534e-09 0.0311076 1.31681e-05 
0.000248085 0.0238919 0.549971 0.0638034 0.0163998 0.0430894 0.0187411 0.0078296 4.9362e-06 0.00342348 2.23019e-05 0.000104751 0.0188153 0.00107206 0.00029628 0.00335703 0.00259122 0.0211726 0.00478604 0.0289038 0.0829308 0.0229777 0.0782093 0.00735846 
0.00162158 0.0950366 0.00567714 0.206894 0.0711565 0.0197512 0.000675563 0.091344 2.36036e-05 0.0124227 0.0464859 0.00156989 0.0569632 0.0709415 0.00204101 0.0205372 0.000387145 0.220005 2.41212e-05 0.00684922 0.0317956 7.22568e-05 0.03534 0.00238498 
2.65941e-09 0.0679467 2.09398e-09 0.0353244 0.55996 2.87994e-06 0.00251226 0.000900691 1.7016e-12 0.00241919 1.7956e-06 9.34399e-05 0.236668 1.02175e-07 2.80422e-08 0.00211711 2.80006e-06 0.00117443 4.0284e-12 0.090025 7.48984e-07 2.99397e-12 0.000849585 4.14837e-09 
0.00109477 0.0592682 4.59102e-05 0.0407219 0.0509214 0.0113418 0.0021473 0.00572646 6.03432e-07 9.36044e-05 0.00405539 3.00198e-06 0.000933376 0.004311 4.12537e-06 0.000125851 0.0118598 0.141303 0.0137442 0.00573652 0.161275 0.419677 0.0220393 0.0435707 
0.000485478 0.0161378 0.0447781 0.000622029 0.0513187 0.115515 0.00110148 0.022182 1.27929e-08 0.0364257 2.37744e-05 0.000692694 0.0592777 0.000848576 1.57237e-06 0.0317908 4.69687e-08 0.112951 0.000179741 0.0693556 0.0012898 2.25092e-08 0.121321 0.313701 
0.000301778 0.206057 0.00447283 0.00250769 0.0351005 0.0481008 2.6425e-06 0.00855727 7.78041e-08 0.00196456 0.000216564 0.504186 0.00675467 0.000261351 1.26041e-07 0.000128275 0.00560893 0.0371362 1.84195e-07 0.0388079 0.00892578 0.000125557 0.0689639 0.0218202 
0.00038452 0.00691306 9.70636e-06 0.0733431 0.018246 0.0255698 5.55026e-05 0.00220246 3.03458e-08 0.0135117 0.000244332 1.36996e-07 0.00508897 0.0150768 9.61195e-08 0.000447287 0.00168311 0.262586 7.31109e-08 0.00514451 0.000856925 0.49152 0.0187012 0.0584148 
0.00138764 0.00384637 0.000414086 0.0131507 0.00234781 0.00409353 4.57651e-05 0.00434197 5.14134e-06 0.000253775 0.000369982 3.06208e-05 0.169828 0.115516 0.000218064 6.21776e-05 0.000103769 0.605388 0.000724202 0.0402365 0.000600498 3.60994e-05 0.0281642 0.00883452 
4.57456e-08 0.0940064 3.61353e-08 0.00641221 0.753582 3.07485e-05 0.000759898 0.00564618 4.09257e-10 1.51005e-06 3.07476e-05 0.00054136 0.0179903 0.000239612 4.80806e-07 0.000313391 1.02533e-06 0.00353552 9.68885e-10 0.115437 8.57139e-06 7.2009e-10 0.00146282 7.12262e-08 
8.8786e-05 0.0136067 0.00467201 0.11299 0.00261706 0.0022379 2.90549e-06 0.134319 4.01858e-08 0.173494 4.24967e-08 1.21915e-05 0.301953 0.000916901 2.05881e-06 0.00339805 0.0188663 0.0275613 5.20859e-08 0.173721 0.00622658 3.81539e-05 0.0232627 1.37373e-05 
4.95043e-09 0.0494963 3.90005e-09 0.0106778 0.776907 5.05482e-05 0.00125651 0.00172235 1.02564e-11 1.64005e-07 3.33986e-06 0.000895624 0.0299693 0.000395612 5.21708e-08 0.000518201 1.59105e-06 0.00588417 2.42811e-11 0.119776 1.34606e-05 1.80461e-11 0.00243242 7.71963e-09 
0.00020139 0.00590726 0.000781605 0.00194139 0.00536491 0.0592291 0.00418788 0.011972 1.00012e-10 0.00323088 3.94423e-08 9.57941e-08 0.00289247 2.01265e-05 4.77586e-08 0.000232969 0.00232132 0.0079131 2.36771e-10 0.0788188 0.00188126 4.70632e-08 0.0792776 0.733826 
5.00445e-06 0.0840853 0.0126706 3.19868e-05 0.0230613 0.00746983 0.0280332 1.37352e-05 2.27048e-09 0.00010825 0.000437149 0.00156154 0.00448409 8.21887e-08 3.92741e-06 0.00127861 1.05647e-06 0.00705309 2.17989e-06 0.00016814 0.000117801 3.99491e-09 0.0193794 0.810034 
0.00316735 0.0924692 0.00189491 0.190482 0.141066 0.0980349 0.000167615 0.0652874 1.01422e-11 0.0211444 0.00663813 9.25967e-09 0.0136486 0.00375744 9.19633e-06 0.00764087 0.0135931 0.0844719 6.77957e-09 0.219258 0.0219169 1.78453e-11 0.0148152 0.000536148 
0.0137331 0.0394806 0.00011976 0.169107 0.00628769 0.0315893 0.000844571 0.0266294 7.02354e-07 0.28388 0.00459349 5.47401e-05 0.00963197 0.00305237 8.63927e-05 0.000797646 0.000538921 0.125145 9.20535e-05 0.00913878 0.0457561 0.104045 0.10489 0.0205052 
0.000203905 0.0127583 0.0206166 0.0533883 0.135267 0.0765234 0.00097205 0.0173589 6.9891e-09 0.0238589 0.000123241 1.91207e-05 0.0226406 0.00329385 4.90331e-06 0.00367865 0.00738808 0.127683 1.65461e-08 0.103118 0.027902 3.24693e-05 0.0765419 0.286628 
0.00477191 0.647283 0.0524789 0.0193655 0.000971779 0.04061 0.000102674 0.0206629 6.74526e-06 0.00182721 7.57905e-06 8.18655e-05 0.0374779 0.0258875 0.000109876 0.0139713 0.000310541 0.000426431 0.000157312 0.0739169 0.00895999 1.58702e-05 0.0441648 0.00643175 
7.99122e-06 0.0831743 0.00103964 0.0623018 0.0384741 0.0246815 2.34011e-06 0.0242837 7.19765e-08 0.0542412 2.60069e-05 0.000144191 0.0112929 0.651158 0.0014098 0.00400135 0.000326846 1.18061e-06 0.00038176 0.0207007 0.00138627 1.26643e-07 0.00210949 0.0188551 
0.00194628 0.00010578 9.20042e-05 0.00552682 3.70797e-05 0.0624463 1.96129e-06 0.0002876 1.69856e-09 0.00485318 2.50347e-06 1.15512e-06 0.0101834 0.0058077 5.13176e-06 0.00023814 0.84007 0.000491215 2.39145e-06 0.00206082 0.0627273 2.98863e-09 0.00302044 9.30607e-05 
0.00136193 0.00610532 0.000770694 0.147451 0.010981 0.0500758 1.67857e-05 0.221923 1.56963e-09 0.000149912 8.90949e-07 1.10428e-08 0.0434985 0.0325773 1.48394e-05 0.000302249 0.00322514 0.0184064 3.06236e-08 0.380045 0.00985345 1.00431e-06 0.0730626 0.000177182 
0.0109323 0.0277993 0.00445364 0.0403657 0.0367467 0.0679967 0.00754894 0.0815553 1.81543e-08 0.000501266 2.00493e-06 1.7345e-07 0.0417566 0.00112825 1.31461e-05 0.000210391 0.0164888 0.260591 8.4056e-08 0.242699 0.00415664 2.81615e-05 0.150452 0.00457296 
1.15082e-07 0.00618272 7.76506e-08 0.027165 0.0218655 0.000375499 0.000235281 0.201754 2.46e-12 4.56851e-08 1.52076e-08 7.56662e-09 0.236976 0.0050455 0.000201036 2.80053e-08 4.22065e-07 9.18406e-07 5.82386e-12 0.457519 9.25598e-08 8.6611e-09 0.0426784 3.37363e-08 
3.73164e-07 0.00969327 0.00705773 0.295769 0.00683946 0.00232913 1.8389e-06 0.0036446 1.38852e-09 0.0164301 5.94904e-07 4.21756e-06 0.140914 0.00690475 0.0012676 0.353658 5.15461e-07 0.00720743 3.2872e-09 0.116678 0.00796087 7.98412e-08 0.0234875 0.000151808 
0.000266515 0.229642 0.0212107 0.531721 2.17144e-05 0.0182704 3.13917e-06 0.00074727 6.47487e-10 0.000400172 7.52676e-05 0.0785848 0.0304696 0.00582137 5.02905e-05 0.0344648 0.0369164 2.15597e-05 1.53288e-09 0.0113 6.49837e-06 1.13926e-09 3.08162e-06 2.60035e-06 
1.17191e-05 0.0129379 1.07227e-05 0.0183205 2.53486e-06 0.254575 1.35503e-06 2.13637e-06 2.56827e-08 1.43318e-05 2.26276e-07 7.78383e-06 0.166406 0.285657 0.00282345 2.64857e-06 0.00387594 2.11748e-06 5.56065e-06 0.0591147 0.0528517 4.18207e-07 0.141864 0.00151278 
3.45407e-09 0.0296979 2.72176e-09 0.00640675 0.856625 3.03324e-05 0.000753964 0.00103343 9.01888e-12 1.14399e-07 2.32964e-06 0.000771863 0.0208406 0.00023739 3.63935e-08 0.000535407 9.55345e-07 0.00378 2.13515e-11 0.0778163 8.08031e-06 1.58688e-11 0.00145948 5.38558e-09 
0.000128465 0.0474583 0.000838833 0.0363 0.00839471 0.00965031 0.000149768 0.000103206 3.96998e-09 0.0381096 1.7515e-05 1.66958e-05 0.055889 0.653925 0.000253251 7.14282e-06 1.55341e-05 0.0755654 9.39861e-09 0.0327845 0.00762521 5.28377e-05 0.0166323 0.0160829 
7.70889e-08 0.0491867 0.00319871 0.0587587 0.112752 0.00453453 0.0010866 0.0181672 7.70566e-08 0.00175763 7.71006e-08 7.70576e-08 0.240726 0.0103744 0.000431349 0.00885631 0.086703 0.025352 0.000492623 0.327176 0.000917626 0.000215685 0.0493128 7.70917e-08 
0.00116585 0.004971 0.00088764 0.0337087 0.000337381 0.00559419 0.00059944 0.361616 2.8214e-12 2.82705e-07 3.14748e-06 0.000735914 0.397089 0.000485228 4.5706e-12 0.00409408 0.000222863 1.35061e-05 6.67945e-12 0.149869 0.0121828 1.26666e-08 0.026385 3.99154e-05 
0.000360941 0.00118338 0.00214052 0.0227375 0.02854 0.0277032 1.97825e-05 0.00466188 2.46833e-12 2.45117e-05 4.65755e-07 5.12102e-09 0.171924 0.000592868 8.17292e-07 0.000217618 0.00176674 0.00584979 6.46734e-09 0.699677 0.00147814 2.10534e-09 0.0311076 1.31681e-05 
2.91521e-06 0.0957762 1.96899e-06 9.77987e-06 0.0017522 0.0952695 0.0192906 0.074947 5.43595e-09 1.1593e-06 3.86876e-07 1.37946e-06 0.0146313 0.025465 1.24926e-06 2.71398e-05 0.0125873 0.0377142 1.28692e-08 0.0967023 0.00108738 2.28636e-07 0.524276 0.000454504 
0.000464151 0.0214992 0.000358796 0.013747 0.0236155 0.00235238 0.0132613 0.00326018 2.90397e-05 0.000820993 0.662902 0.000113327 0.00446729 0.00126128 5.90754e-05 0.00178632 0.00106717 0.121414 0.0159962 0.0463673 0.000191966 0.025465 0.0155814 0.0239192 
0.000954603 0.0554982 0.000292039 0.0221783 0.0104457 0.0104299 0.0418132 0.0176173 5.60199e-05 0.0322802 0.600545 0.00702024 0.00446038 0.00251912 0.00100539 0.000297764 0.000705525 0.0118332 0.000104189 0.0281842 0.00040438 0.0129141 0.012695 0.125746 
0.000771477 0.0270885 0.000738536 0.0300671 0.029829 0.00384533 0.00220821 0.0938425 4.04352e-05 0.00269583 0.00727523 0.0976134 0.00213329 0.0004552 0.000277409 7.21952e-05 0.00304225 0.477797 9.00654e-05 0.0735754 0.000312204 0.000130686 0.141829 0.0042701 
0.0405267 0.0175856 0.000736116 0.0128406 0.0003548 0.626356 5.99419e-08 0.0147014 3.19753e-11 9.45532e-05 1.42546e-05 0.000528438 0.0215047 0.000103257 5.17992e-11 0.000182664 0.000600085 0.00948371 1.26566e-05 0.00601452 0.245606 7.91902e-07 0.00254639 0.00020699 
1.15503e-06 4.66389e-06 7.79632e-07 3.87704e-06 0.302283 9.65863e-07 1.47519e-06 6.44258e-06 7.90909e-10 4.58813e-07 1.52867e-07 7.66761e-08 0.189686 3.51571e-06 4.93073e-07 4.69087e-05 0.000413247 0.00205672 1.87242e-09 0.411109 9.28897e-07 8.82453e-08 0.0943798 3.38861e-07 
0.000185079 0.195801 0.000393595 0.0869043 0.120997 0.00257802 6.98111e-06 0.00203157 4.56661e-08 0.0423436 5.66555e-07 0.0026333 0.000925448 0.0530084 0.0442217 0.0862045 0.000242297 0.00104261 5.85867e-06 0.0192224 0.0973341 0.00117897 0.0116622 0.231076 
0.0346216 0.117238 0.0124526 0.11513 0.00789807 0.184637 0.00155239 0.0664864 0.000627744 0.00829191 0.00218101 0.00392996 0.0565078 0.0833343 0.00577587 0.00445949 0.010806 0.0327121 0.00755283 0.0859262 0.080459 0.000891299 0.0565078 0.0200207 
0.065716 0.0445323 0.0338487 0.0343809 0.0908673 0.142943 0.00102411 0.0820829 3.40245e-08 0.000950437 8.96407e-06 0.000111288 0.0288211 0.0459411 0.00100346 0.00293514 0.000155379 0.0589082 5.27169e-05 0.0575816 0.16257 0.000215449 0.144087 0.00126286 
0.00142599 0.492887 0.00202417 0.0641972 0.0624055 0.0309411 0.0063481 0.010031 0.000125459 0.0137694 0.0268247 0.00116343 0.014217 0.0925836 0.001612 0.00201451 0.000840561 0.019607 0.00246118 0.0391959 0.0114844 0.00306293 0.0930386 0.0077388 
0.00709248 0.0152226 0.00242956 0.0154066 0.0245999 0.547923 1.13217e-05 0.00487865 9.51614e-09 0.000841392 1.09397e-06 2.42951e-05 0.0688011 0.00152188 1.88127e-05 0.00864342 0.00223728 0.0113292 2.83918e-08 0.0421044 0.222155 6.65328e-06 0.0237193 0.00103246 
0.00184483 0.00827448 1.55416e-06 0.0652134 0.00400942 0.0705236 0.0602019 0.108939 1.89471e-08 1.1979e-05 0.00141829 0.0500767 0.0359719 0.0511406 0.000465196 0.000429154 0.000338181 0.0482265 6.16759e-07 0.0283073 1.45181e-05 3.45156e-07 0.140896 0.323695 
0.0297765 0.0141883 0.0404077 0.0765839 0.000710324 0.0901951 0.000102776 0.34005 3.03914e-08 0.000144872 0.00373522 8.23089e-06 0.0169108 0.018714 8.61824e-05 0.000126408 0.00190093 0.0108657 4.71863e-08 0.0977175 0.0356869 9.15622e-06 0.222036 4.39512e-05 
0.000268749 0.0215611 0.000634412 0.0246832 0.0645393 0.0372702 0.000176908 0.0134401 6.46631e-07 0.0227313 4.21978e-05 3.99351e-06 0.00197107 0.00187206 3.02574e-05 0.000715558 0.000399667 0.74333 0.00110018 0.0217806 3.49659e-05 0.00573893 0.00435656 0.033318 
0.0435184 0.00330274 0.00230271 0.0142102 0.00474064 0.2621 0.0165428 0.00652227 4.80296e-06 0.00439653 0.000394421 0.0219857 0.0048497 0.00418622 0.000201878 0.00218427 0.0109996 0.00922773 1.03526e-05 0.00611086 0.558058 7.34433e-06 0.0155681 0.00857496 
0.0118595 0.0128537 0.00204573 0.0281247 0.0997756 0.0337597 0.000180835 0.0196093 8.76849e-12 0.000609721 1.96358e-05 7.90098e-09 0.0459364 0.000162581 0.000342672 2.92244e-08 0.0410061 0.0250163 2.07587e-11 0.275255 0.0476479 2.8947e-06 0.349007 0.00678457 
0.0269238 0.165537 0.00414643 0.187229 0.018074 0.0354723 0.0100081 0.0570148 3.05512e-06 0.0025669 3.22571e-06 0.00454503 0.0393901 0.000644561 7.46394e-06 0.0010952 0.0397328 0.146478 0.138823 0.0261482 0.0126385 5.2999e-06 0.0730595 0.0104537 
5.16015e-06 0.0266613 0.00330137 0.0080663 0.0330875 0.00138795 3.29559e-05 0.000609852 4.11898e-07 0.0126611 1.16034e-05 1.83887e-06 0.810177 0.00184158 6.44252e-05 0.0367783 0.0097981 0.00115549 3.32808e-06 0.0136088 0.00126697 1.48981e-06 0.0102483 0.0292292 
0.0256923 0.0672195 3.86702e-05 0.00206002 0.00932329 0.167613 0.000585677 0.000261876 3.96013e-09 5.80776e-06 2.22724e-05 6.19988e-06 3.41623e-05 0.00017089 3.57997e-05 0.000370615 0.00049235 3.50064e-05 9.37531e-09 0.0159966 0.000141169 6.96787e-09 0.0295141 0.68038 
0.000102199 0.0256507 0.0233347 0.0436295 0.0154436 0.0318854 3.03353e-07 0.0036147 2.31009e-08 0.137746 1.67871e-06 0.00018908 0.0548893 0.00164927 2.97329e-06 0.000703849 0.000102751 0.024324 5.46897e-08 0.0940218 0.244034 6.60109e-06 0.00552684 0.293141 
4.09808e-05 0.00361824 0.000122325 0.0117199 0.10454 0.0173242 0.00012513 0.0148012 3.95133e-12 0.00588471 1.05446e-05 1.88354e-05 0.0588917 0.0047048 0.000174692 0.000964977 8.54545e-05 0.0728778 9.35447e-12 0.629031 0.00449796 6.95239e-12 0.0701784 0.000387926 
0.000397382 0.0450511 0.0189806 0.00834497 0.0023753 0.0456346 0.00013546 0.0110984 5.78495e-09 0.0479087 8.10979e-08 3.56037e-06 0.0158074 0.00289112 9.37147e-09 0.467485 1.52934e-06 0.000497483 0.0449887 0.063169 0.00718721 1.01786e-08 0.183571 0.0344716 
0.00116618 0.00105936 0.00343536 0.030301 0.00276383 0.0574634 4.36179e-08 1.59504e-06 4.3665e-11 0.0125622 4.37687e-09 5.558e-08 0.191202 0.00381495 1.58127e-08 0.0683579 0.0291632 4.85774e-07 1.03373e-10 0.28686 0.0952114 9.847e-09 0.215781 0.000856464 
0.000327022 0.031635 0.000364921 0.0564453 0.0210865 0.0140846 0.000267799 0.00139725 1.11867e-10 0.000263468 0.000132907 3.01762e-08 0.00545511 0.000743499 1.18725e-08 1.97553e-07 2.46076e-06 0.373835 9.85405e-06 0.0161072 0.000253066 0.211586 0.193635 0.0723679 
0.00316735 0.0924692 0.00189491 0.190482 0.141066 0.0980349 0.000167615 0.0652874 1.01422e-11 0.0211444 0.00663813 9.25967e-09 0.0136486 0.00375744 9.19633e-06 0.00764087 0.0135931 0.0844719 6.77957e-09 0.219258 0.0219169 1.78453e-11 0.0148152 0.000536148 
0.0768653 0.00899676 0.00167688 0.0530269 0.0335444 0.00862012 8.02223e-05 0.0126337 9.08502e-10 0.0846379 6.74768e-06 9.43924e-07 0.158998 0.000362277 0.00159588 0.000129302 0.186023 0.0559746 2.15081e-09 0.154314 0.00690509 2.41163e-06 0.155518 8.75024e-05 
0.0015425 0.031444 0.000442933 0.0132379 0.189244 0.129247 0.0011047 0.0144456 1.72673e-10 0.00111586 8.24418e-07 9.90947e-05 0.0421014 0.000202664 3.42954e-05 1.05818e-05 0.00513321 0.076575 4.08789e-10 0.304536 0.0123494 1.63395e-06 0.161914 0.0152164 
0.00135681 0.110569 0.0212726 2.84557e-06 0.141169 0.0353722 1.08222e-06 4.72864e-06 1.81157e-11 0.00235535 1.13111e-05 5.57215e-08 0.354664 0.0454118 3.60998e-07 2.06234e-07 3.10813e-06 6.76325e-06 4.28876e-11 0.212151 6.81621e-07 6.37814e-08 0.0756466 2.48438e-07 
7.8182e-08 0.0103405 3.18997e-07 0.284423 0.0362575 5.56538e-08 0.00072932 0.115135 8.52385e-12 3.22534e-06 0.000303557 2.02998e-08 2.20413e-06 0.00109891 1.39465e-09 1.33574e-07 1.36207e-06 0.238175 2.01795e-11 0.0789529 8.94246e-07 5.8193e-07 0.234575 1.70222e-07 
0.000594646 0.022936 0.000468189 0.00219507 0.000181113 0.0247445 2.29658e-05 0.0561815 2.63966e-08 8.83552e-05 0.000651724 0.0130894 0.00222467 0.000502543 0.000136356 0.0131243 0.00325397 0.0145685 6.24918e-08 0.0161656 0.0139804 1.88678e-06 0.0504505 0.764438 
0.0631246 0.00986712 0.00722419 0.129433 2.58766e-07 0.464355 6.64573e-08 0.0420434 1.40298e-10 0.011572 6.68927e-09 8.4664e-08 0.0160008 0.0106013 2.41859e-08 3.18663e-07 0.00870728 0.0226475 3.32146e-10 0.031298 0.0877675 1.51167e-08 0.0926399 0.00271776 
0.000127565 0.482382 0.00701816 0.0383721 0.115669 0.00298553 0.000222439 0.0094303 1.90902e-05 0.0171009 4.38922e-05 4.4252e-05 0.0349596 0.0363764 0.0019459 0.0497654 0.000427085 0.0151871 6.75842e-05 0.115458 0.00845251 0.000133739 0.0373148 0.0264977 
0.00194604 0.00804135 0.000354991 0.0206327 0.00587718 0.0247218 0.000333913 0.00336328 3.36191e-07 0.00266779 0.000134455 0.00215301 0.143944 0.677431 0.000212245 0.000435312 0.000496312 0.0099784 5.04481e-07 0.052397 0.00838369 0.000204222 0.035801 0.000489992 
2.93651e-06 0.298304 0.0555784 0.140604 0.28464 0.0256156 0.00475367 0.000985345 5.89374e-09 0.0101444 0.00399399 0.0042197 0.0285858 0.00287997 6.9787e-07 0.00790908 0.000813344 0.0229464 1.7409e-05 0.0724702 0.0319173 1.03701e-08 0.00232984 0.0012883 
0.0331543 0.0214145 0.0129098 0.0502495 0.0288245 0.371935 0.000187407 0.0197514 1.40326e-10 0.000562018 4.77128e-08 1.9438e-07 0.0584355 0.000159017 2.90417e-06 0.0006631 0.0345399 0.0774252 3.32211e-10 0.133938 0.0672792 2.46904e-10 0.0866321 0.00193658 
5.9517e-05 0.00110837 0.021797 5.60358e-08 0.450554 0.0127335 0.000853778 0.00375439 6.0873e-09 0.000624181 1.01697e-05 0.0126256 0.0212397 0.00752599 0.000164937 0.0147682 0.00117601 0.107211 9.86506e-08 0.224594 0.00212289 2.78624e-06 0.106685 0.0103878 
0.000848487 0.0732312 0.000356083 0.0393705 0.00088963 0.0478624 2.5235e-05 0.0611068 9.91808e-08 0.00397553 0.000155171 0.000186503 0.00192948 0.0124166 1.6067e-07 0.0058212 0.0154675 0.0457033 2.3669e-05 0.0229295 0.00454668 1.52045e-05 0.0465956 0.616544 
1.04187e-07 0.129801 0.00141365 0.253757 0.013603 0.102781 7.86652e-08 0.144735 6.1175e-11 0.00127036 1.90259e-07 1.16911e-07 0.0295622 0.207944 1.24773e-07 0.0107195 1.21514e-07 0.012799 3.72447e-06 0.0568963 0.0325681 7.39752e-08 0.00186777 0.000277436 
2.63378e-06 0.0111725 0.00890296 0.00299968 3.59272e-05 0.00110191 2.75627e-05 0.0262498 4.10145e-07 0.198652 1.81189e-06 0.00361465 0.0575527 0.00132865 4.14915e-06 0.03423 2.21901e-06 8.4146e-06 9.70985e-07 0.0222936 0.625804 7.21651e-07 0.00600529 7.57014e-06 
0.00961846 3.24278e-05 1.52126e-05 0.0452505 0.0971209 0.305652 2.92142e-05 0.000268378 1.7779e-07 0.491128 1.01975e-06 1.36528e-05 1.20049e-05 0.0087366 2.88015e-07 5.88263e-05 4.41352e-06 0.00293654 4.20903e-07 1.18217e-05 0.00240924 3.12821e-07 0.0366904 9.17945e-06 
0.00122734 0.0354271 0.0143787 0.536691 0.00458259 0.04281 0.000433834 0.000693586 2.9365e-05 0.00716342 3.42523e-05 5.24028e-05 0.0210227 0.123369 0.00123451 0.00144458 0.00230365 0.0126474 0.00434213 0.0352035 0.0111207 0.0119348 0.0406785 0.0911746 
7.92058e-06 0.00745232 0.000276692 0.00622961 0.738555 0.00117037 3.18298e-05 0.00167519 2.11029e-06 9.00132e-06 2.04126e-05 3.07168e-05 0.0199512 0.00052315 2.36575e-06 0.0470976 2.49804e-06 0.00441043 0.000546016 0.0478957 2.49346e-05 1.4041e-05 0.0431138 0.0809568 
0.00229978 0.00367411 0.0395931 0.142965 0.00264173 0.0586746 4.68134e-05 0.0731122 4.20078e-09 0.0202481 8.58026e-06 1.08445e-05 0.174209 0.00333162 7.08334e-06 1.38656e-05 0.0413386 0.0145255 3.27677e-06 0.321325 0.0258375 2.63696e-07 0.075651 0.000482882 
0.162875 0.0733241 0.0408689 0.0389965 0.0365236 0.0525485 0.0131798 0.0116874 2.29702e-05 0.00123058 0.000184979 0.00741689 0.0116619 0.000183411 0.0195294 0.000115644 0.00192199 0.0955926 0.032492 0.020863 0.0320499 0.0609335 0.0712065 0.214591 
0.000353762 0.00673545 7.76498e-05 0.00769567 0.00828046 0.00107247 0.000636929 0.000844787 6.36277e-07 0.000237511 6.40656e-05 2.61537e-05 0.0133265 0.0063522 1.89573e-05 4.3954e-06 5.15754e-05 0.913671 0.00132597 0.0251771 7.95956e-05 0.00898956 0.0036435 0.00133384 
3.21784e-05 0.0496352 0.000251838 0.0563747 0.4594 0.00124757 0.000168937 0.0113136 3.76969e-06 0.00114737 0.000662586 1.04571e-05 0.0138419 0.0124258 0.00711431 0.00505833 6.10567e-05 0.213817 1.17399e-05 0.119206 0.00018059 1.80205e-05 0.0478155 0.000201246 
0.0219682 0.012866 0.000986682 0.0602656 0.00719195 0.149539 0.000398961 0.0302854 0.000187512 0.0140157 0.000314599 0.00349435 0.0111523 0.444612 0.000720219 0.000268472 0.00420979 0.0592384 0.0397695 0.0240193 0.0869495 0.00136026 0.0244205 0.00176584 
0.000205394 0.688696 0.00955325 0.00934121 0.0324549 0.0028909 0.170492 0.000720662 1.70402e-05 0.000500493 0.0560416 0.0027214 0.000282832 0.00443732 0.00111793 0.00124412 3.04319e-05 0.00150016 0.00166181 0.00594791 0.000123353 3.48387e-05 0.00898647 0.000998597 
1.81108e-05 0.160424 2.97513e-05 0.354802 0.216389 0.0134011 0.000889678 0.0331187 4.11391e-11 0.00196348 8.86713e-06 0.000560628 0.035386 0.00515665 1.38533e-07 0.00314625 0.00328777 0.049502 9.73937e-11 0.0968606 0.000582898 9.28313e-07 0.0200141 0.00445831 
1.15503e-06 4.66389e-06 7.79632e-07 3.87704e-06 0.302283 9.65863e-07 1.47519e-06 6.44258e-06 7.90909e-10 4.58813e-07 1.52867e-07 7.66761e-08 0.189686 3.51571e-06 4.93073e-07 4.69087e-05 0.000413247 0.00205672 1.87242e-09 0.411109 9.28897e-07 8.82453e-08 0.0943798 3.38861e-07 
0.00061274 0.0111352 0.000458691 0.0256263 0.000174558 0.0144187 3.88483e-05 0.00234453 5.62425e-07 0.0364272 0.214672 2.10824e-06 0.0252694 0.65897 1.87388e-05 0.000104843 2.72879e-05 0.000456483 0.00271375 0.000641831 0.00539097 9.92836e-05 0.000293255 0.000102426 
2.84268e-05 0.00958755 0.001876 0.150934 0.00533037 0.0227576 5.96094e-09 0.00970616 1.2261e-10 0.0081078 8.02597e-09 0.000657896 0.0785327 0.0357839 5.20326e-05 0.00502757 2.38768e-05 0.00116503 2.57671e-08 0.60642 0.00594948 2.15733e-10 0.0567543 0.00130594 
0.00892797 0.0384474 0.000282395 0.0726391 0.00696364 0.333768 0.00107021 0.0101479 1.67522e-09 0.0463069 7.49991e-05 0.00655654 0.0784958 0.0301648 2.41641e-07 0.000218722 0.000382647 0.0200653 5.02131e-08 0.03218 0.0669967 0.000171195 0.24428 0.00185918 
0.00325368 0.0176875 0.573842 0.000348095 0.00167395 0.281049 1.24385e-05 0.00457544 7.33409e-10 0.00159314 3.97138e-08 1.94312e-07 0.00582431 1.4262e-05 1.1881e-09 0.00359779 0.0134611 0.00744903 5.56835e-07 0.0123716 0.0171006 1.29044e-09 0.0230738 0.0330718 
0.000489908 0.100609 0.000948566 0.541775 0.0435231 0.00657222 0.00164731 0.0128175 5.13565e-05 0.0122644 0.0110245 0.0117416 0.0599124 0.00300868 0.000865648 0.000299491 0.0113098 0.114699 0.00646582 0.0286281 0.00102367 0.0162795 0.0131581 0.000885623 
0.000124266 0.0100016 7.33968e-05 0.00566373 0.00315101 0.000492319 0.00419668 0.00134406 1.01956e-06 4.63377e-05 0.571499 2.15914e-05 0.000804419 0.000847103 3.92519e-05 7.48755e-06 6.3658e-05 0.00501517 6.80367e-05 0.0015544 4.09485e-05 0.392966 0.000943209 0.00103542 
0.0118595 0.0128537 0.00204573 0.0281247 0.0997756 0.0337597 0.000180835 0.0196093 8.76849e-12 0.000609721 1.96358e-05 7.90098e-09 0.0459364 0.000162581 0.000342672 2.92244e-08 0.0410061 0.0250163 2.07587e-11 0.275255 0.0476479 2.8947e-06 0.349007 0.00678457 
0.000200893 0.47324 0.000116475 0.0910101 0.119242 0.0070481 0.0102327 0.0128036 2.385e-07 0.038916 0.00020541 0.000728712 0.0352763 0.0094039 3.45925e-05 3.44363e-06 8.38409e-05 0.151082 0.00124208 0.0375176 0.000434949 0.000385169 0.00879971 0.00199224 
0.0534056 0.0887537 8.26491e-06 0.00255724 0.0265893 0.00621175 0.1647 0.197215 9.35147e-09 0.000905312 5.11099e-05 0.000133369 0.00631904 0.00605191 0.175542 0.000401874 0.00210979 0.0858259 2.21389e-08 0.180074 0.000891142 3.29862e-07 0.00167954 0.000574112 
7.70889e-08 0.0491867 0.00319871 0.0587587 0.112752 0.00453453 0.0010866 0.0181672 7.70566e-08 0.00175763 7.71006e-08 7.70576e-08 0.240726 0.0103744 0.000431349 0.00885631 0.086703 0.025352 0.000492623 0.327176 0.000917626 0.000215685 0.0493128 7.70917e-08 
0.00710463 0.0640097 0.013465 0.205437 0.00545576 0.0167865 0.000110154 0.00579849 1.83782e-05 0.000317328 0.000138645 3.16095e-05 0.0184841 0.00342608 0.00029564 0.0543627 0.0111125 0.0399824 0.000118257 0.0985699 0.0104208 0.234363 0.0437558 0.166436 
0.000642904 0.175288 0.00702665 0.164607 0.00892357 0.0192715 0.000604201 0.0316082 1.17605e-10 0.000444005 1.3732e-06 0.00350415 0.0449917 0.00748229 4.10517e-05 0.0145252 0.0248589 0.00315595 4.17095e-09 0.377465 0.0269717 8.51236e-07 0.0883667 0.000219528 
0.00116514 0.0356113 9.15264e-05 0.228151 0.0361459 0.0258583 0.000497677 0.00650527 6.87862e-07 0.0208541 5.00403e-06 7.49432e-06 0.0698854 0.0209734 0.000542112 0.00400126 0.000339148 0.506563 0.000110664 0.0298638 0.00124562 2.54645e-06 0.0112323 0.000346774 
0.000360941 0.00118338 0.00214052 0.0227375 0.02854 0.0277032 1.97825e-05 0.00466188 2.46833e-12 2.45117e-05 4.65755e-07 5.12102e-09 0.171924 0.000592868 8.17292e-07 0.000217618 0.00176674 0.00584979 6.46734e-09 0.699677 0.00147814 2.10534e-09 0.0311076 1.31681e-05 
2.22324e-06 0.00561599 2.90404e-05 0.000604892 0.0261873 0.00445162 0.000300054 0.00112182 2.69008e-08 0.00150379 1.23975e-06 0.134313 0.0118305 0.598029 1.92123e-05 0.00363225 7.18576e-06 0.0207983 3.18287e-06 0.0158235 6.48686e-05 1.69584e-06 0.14571 0.0299495 
0.000633038 0.0813877 0.00384883 0.300753 0.0532219 0.0310643 2.75156e-05 0.00286957 1.0389e-09 0.0759073 7.29069e-05 0.000852227 0.202607 0.0253012 0.00074836 0.000185949 0.00319841 0.0723014 6.30484e-06 0.0802266 0.0157583 4.40453e-08 0.0436779 0.00535006 
0.000129893 0.505256 0.00216217 0.00425565 0.0357952 0.0741064 0.000545256 0.000876211 1.59052e-07 0.0113613 0.000152052 0.00199712 0.0646372 0.00279535 0.0289311 0.00190125 0.00905629 0.0432856 3.76544e-07 0.0680337 0.00408881 2.79853e-07 0.136989 0.00364325 
0.0844188 0.0160602 0.00919051 9.32423e-06 1.12142e-05 0.0141872 0.0117222 1.44392e-05 1.1103e-10 5.69981e-06 0.000643186 4.07589e-07 1.69252e-05 1.50819e-05 5.39614e-06 1.78672e-06 1.59427e-06 0.362286 2.62854e-10 0.135795 9.12457e-07 3.30173e-06 1.05694e-05 0.3656 
0.00381692 0.0042381 0.000520541 0.162169 0.000762458 0.138452 3.4021e-05 0.0362843 6.69521e-08 0.00012933 3.11294e-05 4.15697e-07 0.0278613 0.000987195 0.00012228 3.34085e-07 0.000339235 0.00432365 1.90921e-06 0.0935768 0.103278 2.0548e-05 0.417471 0.00557835 
0.00586565 0.0313377 0.678294 0.0115875 0.0150461 0.0680281 0.00116478 0.00231506 4.76632e-09 0.00128687 9.54777e-05 3.7879e-07 0.00178209 0.00521548 2.6526e-06 0.0159063 0.00117205 1.88189e-06 3.14554e-06 0.00655635 0.0178337 8.38635e-09 0.106977 0.029528 
0.00096807 0.131991 1.74859e-05 0.00801538 0.375892 0.0014544 0.0304014 0.00267171 4.12614e-07 0.000224575 2.69338e-06 0.00144629 0.02747 0.00106009 0.000695959 5.30412e-06 0.000300963 0.297375 9.76831e-07 0.107501 0.000142837 9.99171e-06 0.0115257 0.00082572 
5.46749e-05 0.0151268 0.00177986 0.00959201 0.0147624 0.00394373 0.00238414 0.0362273 2.56536e-11 9.05838e-06 1.04559e-05 0.000124468 0.682516 0.000514243 1.46798e-08 0.112607 1.26049e-07 0.000187215 6.0733e-11 0.106297 0.00619871 1.2822e-06 0.00752292 0.000140239 
1.84176e-06 0.00369744 0.00176414 0.194866 0.00110399 0.00296707 2.48457e-05 0.0871876 7.48674e-08 7.97533e-05 9.5471e-06 7.12842e-06 0.00521193 0.00226103 1.21283e-07 0.00129053 0.000377891 0.046884 1.77243e-07 0.646714 2.35597e-05 1.61281e-05 0.00537132 0.000140069 
0.00254981 0.00392849 0.00135707 0.0325906 0.039578 0.0119736 0.00280398 0.0281157 1.07231e-11 0.00660218 5.27554e-07 1.48406e-08 0.140855 7.42429e-05 0.000143134 0.000102076 0.0026628 0.0276005 2.53861e-11 0.58009 0.00278738 3.18721e-06 0.113103 0.00307852 
0.000439101 0.0535594 0.00227041 0.061082 0.0254138 0.0125888 0.00044768 0.000323879 4.30663e-05 0.0189639 0.00302204 6.47512e-05 0.076539 0.00159731 0.000484952 0.00339819 0.000349498 0.178464 0.00278269 0.00880673 0.00228237 0.0123554 0.012144 0.522577 
0.00417929 0.0446569 0.00477974 0.00809002 0.221309 0.0238501 0.0039372 0.0136234 3.00521e-07 0.00529146 0.000812172 0.194981 0.051035 0.0556101 0.000811248 0.0560028 0.00360907 0.0132916 0.00135095 0.177872 0.00396966 0.000961296 0.095694 0.0142816 
0.00458237 0.00500743 3.50468e-07 0.0109561 0.0632616 0.0309699 3.73853e-05 0.0124226 1.16657e-08 0.00118068 4.99604e-05 5.98471e-05 0.157096 0.0117752 7.56585e-06 2.34717e-05 0.00482759 0.205749 2.76177e-08 0.250926 0.155363 0.000590623 0.0849007 0.000212648 
