0.780494 0.0198985 0.000649495 6.16277e-09 5.94665e-08 0.125738 6.48221e-08 0.00693911 8.08887e-07 2.38785e-10 6.84123e-08 2.72194e-07 0.000501182 0.0252513 6.54063e-10 2.20087e-07 0.00849185 0.000110541 9.55844e-10 0.000579802 0.0153104 2.12133e-08 0.00702522 0.00900888 
0.0491666 0.0014532 0.0609487 0.000371673 0.00258081 0.0827925 0.00166913 0.00195193 0.000727902 6.67284e-11 3.26028e-07 2.37217e-07 0.00486004 8.34757e-11 0.000128279 4.61848e-05 0.0157459 0.00297688 2.67111e-10 0.201863 0.00666084 8.52632e-08 0.10688 0.459176 
0.0041316 0.0948556 0.0246837 0.0538568 0.0170621 0.00992026 0.00512433 0.0544207 0.00502294 6.39237e-05 0.113569 0.00561772 0.0029398 0.000959488 0.000390739 0.020413 0.00103839 0.481897 0.00174196 0.0331201 0.00252306 0.0403642 0.00909143 0.0171915 
0.0834507 0.0187921 0.0441998 3.64356e-07 4.03255e-08 0.594088 5.90174e-08 0.0234449 0.012805 1.90427e-08 0.000394333 1.56161e-07 0.000614157 7.12537e-05 3.54561e-06 1.83494e-07 0.0256747 0.000199806 2.09913e-06 0.0754624 0.0378228 5.33553e-07 0.0384594 0.0445133 
0.000728726 0.000151783 1.52225e-05 0.0078397 0.0932916 0.00128671 8.3263e-05 0.0116177 1.81741e-05 4.61283e-08 1.05742e-06 8.43161e-05 0.00363975 0.0010562 2.25469e-07 0.000888426 0.0115947 0.00479455 2.23087e-07 0.846619 0.00500933 1.01476e-07 0.0111644 0.000114947 
0.0145202 4.75348e-07 0.0154344 2.85514e-05 2.60135e-07 0.178534 0.000997559 1.0819e-06 0.000107979 9.51716e-11 4.99259e-07 2.67618e-06 1.55003e-07 1.44813e-06 2.60688e-10 0.000415317 3.47162e-06 0.035332 3.80967e-10 5.86239e-06 0.00333722 5.91649e-05 0.373515 0.377702 
0.00716519 0.380006 0.0033915 1.17751e-06 0.0439547 0.0120174 0.000779225 6.40466e-06 5.22184e-06 1.81843e-09 2.35464e-06 3.94853e-06 3.51514e-08 2.27481e-09 0.00117613 2.16054e-09 0.0087916 0.502352 7.27908e-09 1.92163e-05 0.0402749 1.76051e-05 1.56307e-05 1.94978e-05 
0.000187088 0.00381619 0.000437804 2.52288e-08 0.0469727 0.0150972 0.00266592 0.0190251 0.769627 1.27973e-12 0.000282423 0.00279756 0.0166621 0.0188111 1.59783e-07 1.14861e-07 0.0979604 0.000292464 5.12271e-12 3.01897e-08 0.00536395 1.44383e-09 6.23995e-07 8.95196e-08 
0.022843 0.0177522 0.150638 0.00311223 2.43706e-07 0.0370249 0.443966 0.00136082 0.000137996 1.85897e-08 1.49182e-07 0.285902 2.7377e-05 7.52009e-07 3.71964e-05 4.99768e-07 2.04951e-06 0.00570436 4.21388e-05 4.89907e-07 0.0289966 5.53054e-08 0.00183361 0.000617505 
0.000216926 0.00465706 0.000179672 0.00143452 0.0347535 0.00137391 0.0006603 0.000198839 0.913932 9.60736e-13 0.000227504 0.000342636 0.0362931 3.7134e-06 8.03831e-09 2.45127e-08 0.000926894 2.25377e-05 1.51911e-09 1.00686e-07 0.00477708 1.31687e-09 3.53621e-08 2.13833e-08 
0.0073572 0.0339283 0.00340848 0.00802371 0.00894251 0.0724596 0.000299211 0.00526128 3.49665e-05 3.41441e-05 0.00129309 0.000176594 0.00493249 0.000428104 0.0133929 0.0125683 0.00158073 0.0289969 6.2412e-05 0.0460113 0.00430376 0.0889568 0.0520602 0.605487 
0.00352766 0.181532 4.59471e-07 0.0110589 6.63092e-06 0.209919 0.126807 0.0317901 0.000291784 4.45106e-11 0.220997 0.000147973 0.00394481 0.101771 1.10257e-06 3.28626e-05 8.55257e-08 0.00299907 1.78174e-10 0.00103127 0.0156277 7.4633e-07 0.0830651 0.00544889 
4.35258e-05 0.000637684 0.000155317 0.00502984 0.000155356 0.0107457 0.134462 5.16779e-05 5.18243e-05 3.65734e-05 3.84103e-05 0.172768 0.000585345 0.000166788 0.000505819 0.136652 5.14374e-05 0.339377 0.000846684 0.0214687 0.000177677 4.41901e-05 0.000307809 0.175641 
0.0604148 0.000142654 0.372418 0.000593441 0.00438003 0.00836712 3.14461e-07 0.0161159 0.00166133 1.28337e-08 2.64771e-06 0.000181215 0.00292983 1.84013e-05 2.64496e-07 0.0138977 0.000191874 0.0246899 7.88011e-06 0.0296489 0.00316884 1.44131e-05 0.437342 0.0238127 
0.000406485 0.0120923 0.00205381 0.00356695 0.0163032 0.0259579 0.000297967 0.00993404 0.000848033 3.76048e-08 0.00130017 0.000447308 0.00049775 8.43106e-08 6.03924e-08 2.82118e-07 0.0355046 0.531639 1.44024e-06 0.144218 0.00028276 0.000750872 0.11582 0.0980772 
9.967e-07 0.096932 0.00105604 0.586264 0.00494954 0.0135506 0.000396695 0.136248 7.15463e-08 1.52329e-10 2.34904e-08 2.73114e-07 0.0561871 0.00372581 0.00177298 7.48049e-07 9.18253e-07 0.0058536 2.78248e-07 0.0309366 0.0322709 4.53187e-10 0.0298359 1.69678e-05 
3.50325e-07 5.13612e-06 0.00512897 0.00812749 0.0314068 0.0331266 6.20024e-07 0.001873 4.1695e-07 2.94304e-07 0.00185551 6.66965e-07 4.71458e-06 1.34305e-06 4.07338e-06 3.10466e-05 4.14193e-07 0.185942 1.72849e-05 0.0270943 1.43096e-06 0.0008526 0.0604937 0.644031 
6.02048e-07 0.013627 0.000790166 0.0178626 0.0050522 0.00765068 0.00220354 0.0407422 0.631096 1.08544e-11 0.000521737 0.00408973 0.000492778 0.0045405 9.96959e-08 1.55152e-06 0.00883583 0.202102 4.34495e-11 0.00861301 0.00445879 7.37898e-05 0.00370283 0.043543 
0.000216926 0.00465706 0.000179672 0.00143452 0.0347535 0.00137391 0.0006603 0.000198839 0.913932 9.60736e-13 0.000227504 0.000342636 0.0362931 3.7134e-06 8.03831e-09 2.45127e-08 0.000926894 2.25377e-05 1.51911e-09 1.00686e-07 0.00477708 1.31687e-09 3.53621e-08 2.13833e-08 
9.20162e-05 0.0250696 4.98246e-06 7.90423e-05 0.00049381 0.00903485 1.41971e-05 0.000220504 0.0045513 9.60831e-08 5.87673e-06 0.00067883 0.00255676 3.44185e-06 3.80441e-05 0.000232737 0.00124214 0.0171822 3.84616e-07 0.007485 3.32884e-05 2.91902e-06 0.00294771 0.92803 
0.00287179 0.0244019 0.00143404 0.0015037 0.103228 0.156647 0.00120406 0.00171795 0.00446867 6.03269e-12 2.50306e-05 1.87427e-08 0.153196 1.0965e-06 0.000186738 0.000943288 0.226018 3.30875e-05 8.6029e-09 0.00598352 0.270731 1.79476e-11 0.0445052 0.000900384 
0.00377094 0.00444813 0.0499111 0.00356041 1.58364e-06 0.299407 1.32715e-06 0.136612 5.06745e-08 4.90869e-11 1.66328e-08 9.46825e-05 0.00688108 0.000884653 6.16859e-06 0.00371009 0.0479202 0.000180037 1.96492e-10 0.0282562 0.392272 1.46036e-10 0.0215594 0.000523927 
0.000216926 0.00465706 0.000179672 0.00143452 0.0347535 0.00137391 0.0006603 0.000198839 0.913932 9.60736e-13 0.000227504 0.000342636 0.0362931 3.7134e-06 8.03831e-09 2.45127e-08 0.000926894 2.25377e-05 1.51911e-09 1.00686e-07 0.00477708 1.31687e-09 3.53621e-08 2.13833e-08 
5.5016e-05 0.00182819 0.000941703 2.10621e-06 3.51528e-07 0.109973 0.000332631 0.000751689 0.00061209 1.02747e-11 2.81145e-07 0.000190946 0.0021048 0.281039 1.51509e-07 0.000544926 0.0156449 0.00015788 4.11293e-11 7.3256e-05 0.00354148 3.05679e-11 0.580289 0.00191657 
0.132099 0.00113537 0.0148113 1.03537e-05 0.000402928 0.169434 0.00262616 0.00256729 7.92597e-05 9.4408e-10 3.74665e-05 7.83304e-07 0.000390323 2.28419e-06 6.87785e-07 7.19393e-07 1.39699e-05 0.000525281 3.77911e-09 0.00972794 0.00143246 3.83134e-05 0.171635 0.493029 
0.000177627 0.0387837 0.00244137 0.000249982 0.0379422 0.0757537 7.91844e-05 0.00474456 0.016064 6.02532e-09 1.9879e-05 0.00100719 0.129789 0.00816693 0.000721518 0.000621876 0.00628333 0.000871232 2.41191e-08 0.0268026 0.00152775 1.34026e-06 0.442871 0.20508 
3.95884e-07 0.017672 0.000817686 0.00272021 0.00126541 0.0205152 0.000196429 0.00229733 0.570688 1.3043e-08 0.00138933 0.00298481 9.38037e-05 9.50668e-06 2.5396e-06 3.53989e-06 1.29654e-05 0.00246548 5.22105e-08 1.61876e-06 0.00601519 1.07002e-07 0.073702 0.297146 
0.0769538 0.00548426 8.18332e-08 0.00204151 0.0029602 0.000592631 0.0262609 0.261228 1.69532e-05 1.26359e-11 0.423291 1.27524e-05 0.00988723 0.169323 5.93156e-06 2.03892e-07 8.56411e-09 8.87643e-05 4.02862e-08 0.0163848 2.17333e-07 9.42941e-08 0.00546759 3.72835e-07 
0.00116815 0.0335386 0.00776382 0.0583291 0.0261421 0.0043604 0.0034004 0.543463 3.26995e-06 3.56129e-12 9.3531e-07 4.80013e-05 0.0680016 0.00338329 0.0431502 0.000508204 0.0022709 0.00123081 1.42557e-11 0.141479 0.0307323 1.0595e-11 0.0310243 1.8543e-06 
0.00781967 0.00490132 0.00893946 1.07132e-05 0.000536608 0.10534 9.54211e-05 1.5467e-05 5.76319e-05 2.17322e-07 0.00072582 3.6448e-07 0.000211553 0.000821866 5.95273e-07 2.58208e-07 3.59215e-05 0.00102736 8.69929e-07 0.00766839 5.00454e-05 6.46545e-07 0.0475308 0.814209 
0.000480356 0.0593892 0.00142202 0.540105 0.00414675 0.0202814 0.000753784 0.0933594 8.74511e-07 3.19751e-09 2.40317e-07 1.98392e-05 0.0653381 0.00311336 0.00426342 6.10963e-05 0.00174652 0.00423582 6.24394e-06 0.0254857 0.152579 9.51276e-09 0.0230882 0.000123207 
0.115419 0.000477574 3.19944e-08 7.75028e-06 0.000487254 0.000174571 0.0224945 0.0314136 2.5304e-05 2.70187e-12 0.634897 1.90362e-05 0.000317991 0.193892 1.112e-09 8.90245e-08 1.87707e-09 0.000132905 1.75794e-08 8.60393e-05 8.49771e-08 4.69199e-08 0.000155151 4.61654e-07 
1.54686e-06 0.00754833 1.87305e-06 2.40099e-07 0.00323234 0.0253269 0.00015092 5.67212e-07 0.00315253 2.40472e-11 0.00157972 0.00150808 1.58993e-06 3.00825e-11 6.58684e-11 0.00750921 7.97804e-06 0.0101961 9.62598e-11 0.0115142 1.08308e-06 1.28847e-07 0.0658372 0.86243 
0.000148524 0.00396992 0.000443489 1.1279e-05 0.0125241 0.0438408 4.69509e-05 0.00136755 0.000198906 3.98742e-08 6.9764e-06 2.33583e-06 0.00291455 0.0260735 3.71661e-05 0.00451817 2.184e-06 0.00151665 1.59615e-07 0.0223424 0.00171347 1.18628e-07 0.105742 0.772579 
0.000127346 0.0209697 0.000124235 0.00144821 0.0872944 0.00674085 0.000680077 0.00570852 0.724592 5.26152e-11 0.00062249 0.00974303 0.0403547 0.00121935 3.7963e-07 0.00442286 0.00324633 0.00596917 2.44602e-07 0.047539 0.000708055 4.85833e-06 0.0203712 0.018113 
0.000137755 0.0138637 0.0134054 2.66536e-06 0.00230246 0.0786623 0.0580607 1.30437e-06 0.00140479 3.6977e-10 0.000579344 0.000165278 0.000301676 0.000607357 4.02329e-07 0.00372288 0.000172168 0.0498661 1.48017e-09 5.33488e-07 2.59356e-07 3.88922e-05 0.135445 0.641259 
0.000887388 0.00625786 0.0308851 0.000365091 0.00250445 0.0610584 0.00105344 6.02209e-05 8.38663e-05 2.13884e-07 0.000300478 5.96724e-07 0.00313268 3.66614e-05 1.14701e-05 0.100398 0.0223022 0.0198293 8.56166e-07 0.0024715 0.0210804 0.0088156 0.0348127 0.683651 
0.000290492 0.0127667 0.00943107 0.0302063 0.00290314 0.146388 0.0386194 0.00763303 0.00252615 9.1616e-08 0.000273006 0.00107522 0.00134126 0.01268 0.00103121 1.82939e-06 0.000828324 0.0075717 9.99255e-08 0.040158 0.015374 4.93152e-06 0.137796 0.531099 
3.50325e-07 5.13612e-06 0.00512897 0.00812749 0.0314068 0.0331266 6.20024e-07 0.001873 4.1695e-07 2.94304e-07 0.00185551 6.66965e-07 4.71458e-06 1.34305e-06 4.07338e-06 3.10466e-05 4.14193e-07 0.185942 1.72849e-05 0.0270943 1.43096e-06 0.0008526 0.0604937 0.644031 
0.0401531 0.0270654 0.0206613 0.0198626 0.0138428 0.508894 0.000805164 0.00472165 0.0270352 1.28994e-08 9.80482e-05 5.18433e-08 0.00441739 8.89968e-08 0.0109061 0.00192226 0.100433 0.000604782 2.64948e-08 0.028809 0.159133 2.58383e-07 0.0189395 0.011695 
0.0041316 0.0948556 0.0246837 0.0538568 0.0170621 0.00992026 0.00512433 0.0544207 0.00502294 6.39237e-05 0.113569 0.00561772 0.0029398 0.000959488 0.000390739 0.020413 0.00103839 0.481897 0.00174196 0.0331201 0.00252306 0.0403642 0.00909143 0.0171915 
0.00128692 0.00285608 0.319381 0.00124085 0.00870207 0.273387 1.20001e-07 0.0707889 1.65872e-07 3.29072e-10 1.21937e-08 5.519e-10 0.0481813 0.00985792 9.01371e-10 0.0566716 0.00837642 3.49036e-05 1.31726e-09 0.0113518 0.0469263 9.79007e-10 0.13988 0.00107587 
0.0010525 0.0215316 0.00354364 0.000920434 0.0324898 0.14473 3.43018e-05 0.096754 0.160038 2.22666e-08 0.00174063 0.00537289 0.142648 0.13767 6.09912e-08 0.0566534 6.22823e-07 0.0216519 8.91322e-08 0.00347194 0.0102484 3.00886e-07 0.0489307 0.110516 
4.51347e-07 0.0063283 5.78654e-08 0.0679734 0.00118451 5.79495e-07 7.17952e-08 0.69448 4.15835e-12 2.45933e-12 1.05031e-08 4.12465e-12 1.88536e-07 8.09165e-08 6.73643e-12 2.92202e-12 3.06033e-07 8.79524e-08 9.84458e-12 0.178142 0.0012905 5.86062e-09 0.0506002 5.24488e-08 
0.00230701 0.0997085 1.47641e-08 2.34271e-05 0.0487232 0.11717 0.128801 2.23254e-05 0.00549475 1.19229e-08 8.98946e-07 1.99964e-08 1.36256e-05 7.19835e-06 3.26583e-08 0.0163669 0.00210447 0.0424528 4.77267e-08 0.00248234 0.00454486 7.91478e-05 0.0534285 0.476269 
0.780494 0.0198985 0.000649495 6.16277e-09 5.94665e-08 0.125738 6.48221e-08 0.00693911 8.08887e-07 2.38785e-10 6.84123e-08 2.72194e-07 0.000501182 0.0252513 6.54063e-10 2.20087e-07 0.00849185 0.000110541 9.55844e-10 0.000579802 0.0153104 2.12133e-08 0.00702522 0.00900888 
6.57461e-06 0.0089002 1.35532e-06 0.0398691 0.0334905 0.15273 0.000260703 0.010941 4.61354e-10 2.72853e-10 2.55307e-07 4.57614e-10 0.0591625 3.41333e-10 2.35012e-05 1.30042e-06 1.53887e-07 0.0479609 0.48156 0.00507976 2.52796e-06 8.11754e-10 0.10598 0.0540296 
0.018731 0.0175834 0.00348779 0.000763101 0.0237307 0.156962 0.000746257 0.0060964 0.00137115 2.67686e-05 0.000382518 0.0214494 0.00623016 0.0320848 0.000236867 0.0877346 0.00180625 0.00926017 0.000257019 0.0929326 0.0147844 0.000449843 0.0954591 0.407433 
0.000681718 0.0453042 0.383207 0.00391244 0.091665 0.0306912 0.000533264 0.00239224 0.000495563 5.00875e-06 0.000173945 0.00666682 0.0592815 0.00279353 7.33144e-05 0.0667114 5.41782e-05 0.00222832 1.03803e-05 0.171884 0.00152155 8.64253e-06 0.0867848 0.0429205 
0.00352287 0.115933 0.0108916 0.0634466 0.0208526 0.0121242 0.00626166 0.0665123 0.00613826 7.80258e-05 0.111488 0.00686485 0.00359269 0.00117229 0.000476511 0.0129714 0.00126881 0.446215 0.00212671 0.0404791 0.00207259 0.0355736 0.0109788 0.018959 
0.000216926 0.00465706 0.000179672 0.00143452 0.0347535 0.00137391 0.0006603 0.000198839 0.913932 9.60736e-13 0.000227504 0.000342636 0.0362931 3.7134e-06 8.03831e-09 2.45127e-08 0.000926894 2.25377e-05 1.51911e-09 1.00686e-07 0.00477708 1.31687e-09 3.53621e-08 2.13833e-08 
3.69524e-05 0.000118382 4.25246e-07 1.08686e-08 5.53475e-05 0.0286234 9.37505e-05 0.00509933 0.000311559 1.4887e-10 2.03623e-08 7.63294e-08 0.00323459 0.446861 5.90938e-07 0.00012037 1.15008e-06 1.90052e-08 5.95921e-10 1.11608e-07 6.81526e-05 4.42898e-10 0.515253 0.000121943 
0.0254391 0.0548695 0.0047728 0.011647 0.0332047 0.269635 0.00187669 0.00241211 0.00123444 0.000278287 0.000336153 0.00765488 0.00575733 0.00468274 0.000287094 0.000751593 0.0081925 0.0868104 0.00121808 0.024373 0.0221745 0.0209995 0.130731 0.280662 
0.0041316 0.0948556 0.0246837 0.0538568 0.0170621 0.00992026 0.00512433 0.0544207 0.00502294 6.39237e-05 0.113569 0.00561772 0.0029398 0.000959488 0.000390739 0.020413 0.00103839 0.481897 0.00174196 0.0331201 0.00252306 0.0403642 0.00909143 0.0171915 
0.00082351 0.444648 0.000913349 0.00094246 0.0211178 0.154413 0.000360771 0.0034914 0.000666333 2.34451e-08 0.000128195 0.00206533 0.0409564 0.00357859 0.000189035 0.00689676 8.66759e-05 0.00411621 0.000121792 0.0159233 0.00554646 0.000104433 0.0198599 0.27305 
0.0122755 0.0140791 0.0194619 0.00606006 0.0168275 0.331691 0.00155496 0.0118687 7.69575e-05 1.92936e-11 1.75714e-06 0.000767038 0.00497431 0.0296212 0.00324453 0.000942127 0.195614 0.00935192 7.72312e-11 0.00211296 0.106894 1.34814e-08 0.226887 0.00569259 
0.000216926 0.00465706 0.000179672 0.00143452 0.0347535 0.00137391 0.0006603 0.000198839 0.913932 9.60736e-13 0.000227504 0.000342636 0.0362931 3.7134e-06 8.03831e-09 2.45127e-08 0.000926894 2.25377e-05 1.51911e-09 1.00686e-07 0.00477708 1.31687e-09 3.53621e-08 2.13833e-08 
0.00326007 5.02096e-07 3.48011e-07 0.0541829 6.84919e-07 3.48517e-06 4.31787e-07 0.517112 2.5009e-11 1.47908e-11 6.31673e-08 2.48063e-11 1.13388e-06 4.86644e-07 4.05139e-11 1.75735e-11 1.84053e-06 5.28959e-07 5.92068e-11 0.425421 1.6166e-06 3.52467e-08 1.21722e-05 3.15435e-07 
0.133519 0.00919062 0.0167967 0.00417183 0.00180377 0.364326 0.00421747 0.0350846 0.00734556 1.18547e-11 8.51431e-05 6.99337e-09 0.0219434 0.00059103 1.37888e-05 0.000641204 0.115633 0.000235879 3.08538e-08 0.0333688 0.211095 2.09321e-09 0.0393546 0.000582526 
0.00326007 5.02096e-07 3.48011e-07 0.0541829 6.84919e-07 3.48517e-06 4.31787e-07 0.517112 2.5009e-11 1.47908e-11 6.31673e-08 2.48063e-11 1.13388e-06 4.86644e-07 4.05139e-11 1.75735e-11 1.84053e-06 5.28959e-07 5.92068e-11 0.425421 1.6166e-06 3.52467e-08 1.21722e-05 3.15435e-07 
0.0212407 0.100033 0.0239257 0.0027554 0.228683 0.105966 0.000694428 0.00130272 8.24593e-05 3.61218e-07 5.82376e-06 0.000747841 0.16779 0.0101406 0.000277172 0.225957 0.0318232 0.00447413 2.50031e-05 0.0351949 0.0264984 0.00020841 0.00863459 0.00354013 
0.0240068 0.00103047 4.29955e-05 0.0188102 0.000544016 0.669189 0.0379318 0.0119719 0.000420264 8.67933e-11 0.000150642 1.45565e-10 0.000323829 5.55217e-09 9.46389e-06 0.00542462 0.0732983 0.00310796 3.47429e-10 0.032316 0.0412673 1.32042e-08 0.0793189 0.000835346 
0.00190459 0.00247029 3.08711e-07 0.0039169 1.72223e-06 0.13871 0.00258692 0.00212186 5.73939e-10 3.39438e-10 9.88855e-07 3.43652e-07 7.26396e-07 4.24629e-10 1.46641e-06 4.86505e-07 3.3067e-07 2.29763e-06 1.35875e-09 0.134187 0.0119238 4.84868e-05 0.428436 0.273685 
8.05195e-07 0.00644513 3.06217e-07 2.59149e-06 0.347836 0.00131417 0.000829036 7.79097e-07 3.14303e-07 1.67419e-09 0.000104247 2.14564e-06 0.0109302 7.197e-07 0.0190397 0.000280941 1.07323e-05 0.187832 6.70172e-09 0.0785953 6.96841e-07 0.00158683 0.344805 0.0003825 
0.115419 0.000477574 3.19944e-08 7.75028e-06 0.000487254 0.000174571 0.0224945 0.0314136 2.5304e-05 2.70187e-12 0.634897 1.90362e-05 0.000317991 0.193892 1.112e-09 8.90245e-08 1.87707e-09 0.000132905 1.75794e-08 8.60393e-05 8.49771e-08 4.69199e-08 0.000155151 4.61654e-07 
0.00247144 0.0495385 9.49488e-07 7.3991e-05 0.00280131 0.0587452 2.54248e-06 1.15959e-06 0.00283989 2.83543e-09 0.00154749 4.75543e-09 0.00299299 3.54706e-09 7.76663e-09 0.00535316 0.00268248 0.00322987 1.13501e-08 0.00123566 0.000205697 0.0997567 0.0576432 0.708878 
0.000187088 0.00381619 0.000437804 2.52288e-08 0.0469727 0.0150972 0.00266592 0.0190251 0.769627 1.27973e-12 0.000282423 0.00279756 0.0166621 0.0188111 1.59783e-07 1.14861e-07 0.0979604 0.000292464 5.12271e-12 3.01897e-08 0.00536395 1.44383e-09 6.23995e-07 8.95196e-08 
7.28595e-06 0.0365078 8.8225e-06 0.00510883 0.00683281 0.0924524 3.96694e-07 0.191577 5.93835e-06 1.35315e-09 2.32493e-06 1.69268e-06 0.0343737 5.24285e-06 3.70645e-09 0.019802 3.75724e-05 0.259347 5.41659e-09 0.0362019 5.10133e-06 6.10481e-07 0.208026 0.109696 
0.00963397 0.000257444 0.422697 0.00145137 0.000351023 0.119739 2.59191e-06 0.0831337 2.13085e-08 1.10937e-11 7.70798e-06 1.86057e-11 0.000665905 0.00010351 9.88427e-09 4.06955e-05 0.00349524 1.21192e-07 4.44075e-11 0.123922 0.176824 8.09816e-09 0.0575227 0.000153032 
0.000299687 0.0408083 0.00243093 5.80218e-08 0.202351 0.0479497 0.00111862 0.0206865 0.00488997 5.3199e-08 0.000347153 0.00651646 0.0483563 0.00635335 0.00152014 0.0636897 0.000990476 0.137432 4.78215e-05 0.09866 0.000665767 3.11123e-05 0.0371287 0.277727 
0.0041316 0.0948556 0.0246837 0.0538568 0.0170621 0.00992026 0.00512433 0.0544207 0.00502294 6.39237e-05 0.113569 0.00561772 0.0029398 0.000959488 0.000390739 0.020413 0.00103839 0.481897 0.00174196 0.0331201 0.00252306 0.0403642 0.00909143 0.0171915 
0.0041316 0.0948556 0.0246837 0.0538568 0.0170621 0.00992026 0.00512433 0.0544207 0.00502294 6.39237e-05 0.113569 0.00561772 0.0029398 0.000959488 0.000390739 0.020413 0.00103839 0.481897 0.00174196 0.0331201 0.00252306 0.0403642 0.00909143 0.0171915 
0.780494 0.0198985 0.000649495 6.16277e-09 5.94665e-08 0.125738 6.48221e-08 0.00693911 8.08887e-07 2.38785e-10 6.84123e-08 2.72194e-07 0.000501182 0.0252513 6.54063e-10 2.20087e-07 0.00849185 0.000110541 9.55844e-10 0.000579802 0.0153104 2.12133e-08 0.00702522 0.00900888 
0.00327985 0.0227307 6.35045e-10 0.032115 0.0594648 0.412498 2.44074e-05 1.23159e-06 8.95602e-07 5.12836e-10 0.000724461 8.60099e-10 0.0984416 1.0893e-05 1.49301e-06 0.000606301 2.05177e-05 0.0932278 2.05286e-09 1.19641e-06 0.0424814 1.14646e-06 0.228006 0.0063616 
0.0182421 0.106221 0.00187765 0.00202689 0.0150236 0.114188 0.00165297 0.00368142 0.00244238 2.96788e-05 0.000581282 0.0245216 0.0035603 0.000492491 0.000365023 0.00174324 0.0031164 0.0224477 0.000604728 0.0332893 0.0440495 0.00702774 0.17677 0.416045 
4.91734e-05 9.94403e-07 0.0002792 3.50469e-07 0.00061085 0.0689002 1.39545e-06 0.00136808 0.000401163 1.30082e-09 5.38989e-08 4.60711e-06 2.43353e-06 0.684127 1.54986e-06 1.11312e-06 3.01182e-06 5.02628e-08 5.20712e-09 9.67567e-05 0.00588728 3.87001e-09 0.238211 5.37066e-05 
4.4149e-07 0.00698201 1.92998e-06 0.0419719 0.0455072 0.207661 3.86189e-06 0.0182341 5.53702e-10 3.2747e-10 3.40275e-07 5.49214e-10 0.0818 4.09657e-10 3.34669e-05 1.8518e-06 2.00564e-07 0.0488652 0.322239 0.00846576 3.29492e-06 9.74241e-10 0.156323 0.0619057 
0.00547135 0.00269576 0.0210048 0.00257982 0.0512317 0.357159 7.33496e-07 0.00137669 0.00119839 6.09669e-09 5.79604e-05 9.38216e-08 9.92379e-05 0.116066 7.26795e-05 0.0172469 0.00220971 0.00322535 1.62061e-06 0.0107028 0.0424822 8.83953e-07 0.267074 0.0980422 
0.00919786 0.0300786 0.00884773 0.000811438 0.000338461 0.417204 7.64643e-06 7.06548e-05 0.000176037 1.02077e-08 2.39634e-06 0.000434572 0.000695397 1.27696e-08 1.31456e-06 0.00103922 0.0561951 0.000138946 4.08611e-08 0.032466 0.0210601 6.53987e-07 0.367599 0.0536353 
0.0122755 0.0140791 0.0194619 0.00606006 0.0168275 0.331691 0.00155496 0.0118687 7.69575e-05 1.92936e-11 1.75714e-06 0.000767038 0.00497431 0.0296212 0.00324453 0.000942127 0.195614 0.00935192 7.72312e-11 0.00211296 0.106894 1.34814e-08 0.226887 0.00569259 
0.00483523 0.0665131 0.00508015 0.0013194 0.00512907 0.172299 0.00940581 0.000581808 0.0104861 0.000135382 0.000609169 0.0149126 0.0286923 0.0212144 0.000435982 0.00371298 0.000594974 0.0353927 0.000146268 0.0869292 0.00483466 0.025101 0.269203 0.232436 
0.000216926 0.00465706 0.000179672 0.00143452 0.0347535 0.00137391 0.0006603 0.000198839 0.913932 9.60736e-13 0.000227504 0.000342636 0.0362931 3.7134e-06 8.03831e-09 2.45127e-08 0.000926894 2.25377e-05 1.51911e-09 1.00686e-07 0.00477708 1.31687e-09 3.53621e-08 2.13833e-08 
0.0233117 5.25234e-05 0.00171533 4.30969e-05 3.90144e-07 0.562535 0.00236258 0.00013382 7.76298e-05 3.00992e-10 1.08966e-05 3.72116e-05 5.59819e-07 3.76534e-10 0.000351928 0.000301687 0.0160831 1.61893e-06 1.20486e-09 0.000391494 0.390425 9.03107e-07 1.75828e-06 0.00216192 
0.141354 0.0161666 0.0271892 0.0112029 0.0921384 0.131767 0.000187736 0.0263743 8.73268e-06 1.08567e-07 5.44872e-06 1.78903e-05 0.0121841 0.000312359 7.91097e-07 0.0045162 0.00198428 0.00860437 7.85502e-07 0.0608803 0.0161725 1.27002e-05 0.285683 0.163237 
2.1393e-06 0.0281132 2.76993e-06 0.011476 0.560455 0.12721 2.49018e-06 0.0706501 1.12212e-05 3.36813e-09 3.11785e-07 4.69584e-06 0.083514 4.21346e-09 5.82201e-07 1.75178e-06 0.000232901 0.00630253 1.21527e-07 0.0468238 0.00520745 1.00204e-08 0.0523895 0.00759985 
0.0212407 0.100033 0.0239257 0.0027554 0.228683 0.105966 0.000694428 0.00130272 8.24593e-05 3.61218e-07 5.82376e-06 0.000747841 0.16779 0.0101406 0.000277172 0.225957 0.0318232 0.00447413 2.50031e-05 0.0351949 0.0264984 0.00020841 0.00863459 0.00354013 
0.000190779 0.0430604 0.00143935 3.4927e-07 0.00223407 0.0543239 0.000220833 0.000828735 0.00022537 3.33837e-08 0.000131987 4.34476e-06 4.63824e-07 5.74429e-06 9.14423e-08 0.00745545 3.46052e-06 0.00865073 1.33633e-07 0.000547375 0.000459741 4.48416e-06 0.0824248 0.797787 
0.0209639 0.000957189 0.00459719 0.000672065 0.00227774 0.0539914 0.000131176 0.00696562 0.0134508 2.06201e-05 0.000290905 0.000480581 0.00300285 0.00155112 6.27464e-05 0.000127298 0.00307264 0.000961465 3.87079e-05 0.155811 0.00988441 2.33647e-05 0.0477645 0.672901 
4.4149e-07 0.00698201 1.92998e-06 0.0419719 0.0455072 0.207661 3.86189e-06 0.0182341 5.53702e-10 3.2747e-10 3.40275e-07 5.49214e-10 0.0818 4.09657e-10 3.34669e-05 1.8518e-06 2.00564e-07 0.0488652 0.322239 0.00846576 3.29492e-06 9.74241e-10 0.156323 0.0619057 
0.00327985 0.0227307 6.35045e-10 0.032115 0.0594648 0.412498 2.44074e-05 1.23159e-06 8.95602e-07 5.12836e-10 0.000724461 8.60099e-10 0.0984416 1.0893e-05 1.49301e-06 0.000606301 2.05177e-05 0.0932278 2.05286e-09 1.19641e-06 0.0424814 1.14646e-06 0.228006 0.0063616 
0.00061619 0.00444721 0.00555446 1.75712e-07 0.000613613 0.00837046 8.32883e-05 1.327e-05 0.00423944 2.62198e-08 0.00118145 9.66549e-05 0.00312678 7.5598e-05 7.18196e-08 6.04482e-05 1.49334e-05 0.00228739 1.04957e-07 0.000890996 0.00953754 5.88112e-05 0.0188004 0.939931 
9.967e-07 0.096932 0.00105604 0.586264 0.00494954 0.0135506 0.000396695 0.136248 7.15463e-08 1.52329e-10 2.34904e-08 2.73114e-07 0.0561871 0.00372581 0.00177298 7.48049e-07 9.18253e-07 0.0058536 2.78248e-07 0.0309366 0.0322709 4.53187e-10 0.0298359 1.69678e-05 
0.00799535 0.00600074 0.000870695 0.0213784 0.00279915 0.116861 0.00120589 0.00846533 0.000106372 1.0478e-06 0.000117745 1.6699e-05 0.00261701 0.00098364 0.000147693 0.00738566 0.00104127 7.35771e-05 3.74918e-06 0.0718912 0.00358715 3.37825e-05 0.064914 0.681503 
0.0010058 0.014395 0.00180897 6.59896e-05 4.15749e-05 0.0205559 0.000108292 0.000180503 0.000239596 1.64483e-08 0.00108037 6.55432e-06 0.000324973 5.67737e-05 4.5054e-08 0.00010612 2.86727e-06 0.00887958 6.58417e-08 0.00907697 1.90874e-05 2.44188e-05 0.00967608 0.932344 
0.0014453 0.000146277 0.00187692 0.048447 0.00115656 0.135761 0.00859392 0.00240136 8.25976e-05 5.48899e-06 0.000103669 8.31586e-06 6.58287e-06 0.000608666 6.79383e-06 4.2655e-05 0.000424513 0.00604006 1.2399e-05 0.0175275 0.0009316 1.43242e-05 0.0691555 0.705201 
0.115419 0.000477574 3.19944e-08 7.75028e-06 0.000487254 0.000174571 0.0224945 0.0314136 2.5304e-05 2.70187e-12 0.634897 1.90362e-05 0.000317991 0.193892 1.112e-09 8.90245e-08 1.87707e-09 0.000132905 1.75794e-08 8.60393e-05 8.49771e-08 4.69199e-08 0.000155151 4.61654e-07 
0.0306638 0.0239834 0.0109687 0.00214842 0.0247358 0.111828 0.000457457 0.0136786 6.84067e-05 8.55888e-09 0.000456654 5.48449e-05 0.059158 0.000166985 6.87212e-08 0.00113296 0.00397609 0.0051164 2.91993e-06 0.170674 0.00089179 0.000155547 0.186273 0.353409 
0.00207367 0.000164685 0.923889 0.00581948 5.89839e-05 0.0287077 8.21642e-05 0.000671393 2.24526e-06 2.37638e-10 1.82237e-06 2.84824e-09 0.000468035 4.43099e-05 0.00129455 0.00481281 2.45124e-05 2.63459e-07 9.51254e-10 0.00112546 0.0137181 7.06986e-10 0.0101914 0.00684901 
0.0041316 0.0948556 0.0246837 0.0538568 0.0170621 0.00992026 0.00512433 0.0544207 0.00502294 6.39237e-05 0.113569 0.00561772 0.0029398 0.000959488 0.000390739 0.020413 0.00103839 0.481897 0.00174196 0.0331201 0.00252306 0.0403642 0.00909143 0.0171915 
0.0272099 0.00119248 1.93798e-06 2.48423e-07 8.79872e-07 0.425376 0.00040759 0.00205465 1.30421e-06 2.48809e-11 5.10618e-07 3.71428e-07 1.64506e-06 3.11254e-11 6.81521e-11 1.36284e-06 0.237742 0.00572266 9.95971e-11 2.83584e-06 0.00616458 1.33314e-07 0.189505 0.104614 
0.0414231 0.00960109 0.0249891 0.0863017 0.0093125 0.0643972 0.000225795 0.0375438 3.78993e-05 1.09969e-09 8.83198e-08 9.33268e-05 0.00307076 0.00704563 0.0206567 0.00832652 0.029904 0.00323866 5.16945e-06 0.354204 0.177396 0.000970546 0.0374347 0.0838216 
0.000658561 0.0734397 0.000231281 0.000669757 0.0262179 0.0199085 0.000294125 0.00763326 0.279024 1.33677e-07 0.000118759 0.000108786 0.000159677 0.00440636 0.000233453 0.00232889 0.00662935 0.000267609 1.20014e-05 0.00368664 0.000288327 3.99981e-05 0.0073808 0.566262 
0.00134566 0.56107 0.00145953 0.0177233 0.0159825 0.0357892 0.0908874 0.00152768 3.13657e-05 6.59335e-06 0.0179072 0.00847923 0.00245304 0.00084668 0.00346006 7.16163e-05 8.88066e-05 0.0208045 5.69591e-05 0.0110708 7.17357e-05 9.37656e-05 0.0794867 0.129286 
0.000464488 0.0161957 0.0261776 0.169632 0.00199737 0.329589 0.00782661 0.000404527 0.0115606 6.521e-08 0.000195847 0.0563234 0.0919525 0.0325656 1.78619e-07 0.0041727 0.000283977 0.0280351 2.61032e-07 0.0621974 0.00769175 4.77732e-06 0.105315 0.0474142 
0.00804027 0.192813 0.0030969 0.00574844 0.00737491 0.26261 0.0175368 0.0279236 6.30802e-06 1.49905e-07 1.92629e-05 0.000259312 0.000152052 0.000831838 0.122894 0.000350367 0.00686593 0.0100888 6.00061e-07 0.0457293 0.00747065 4.45975e-07 0.184287 0.0959007 
0.00739027 0.0237097 0.00121125 0.00159425 0.0135163 0.355223 1.9464e-07 0.000681231 0.0077312 1.63576e-11 0.000133358 2.7434e-11 0.0053294 1.38467e-07 1.35086e-07 0.00189118 5.15674e-06 0.00649172 6.54785e-11 0.0203697 0.0340249 1.0265e-05 0.471987 0.0486987 
0.00276743 0.1047 0.010391 0.371446 0.0431049 0.033861 0.00584995 0.279366 9.94124e-08 4.01217e-10 3.82204e-05 0.000372566 0.00716138 4.92212e-05 0.00988141 0.000613317 0.00112157 0.00438873 1.60605e-09 0.0195941 0.00314422 1.60902e-08 0.102015 0.000133981 
0.0131804 9.68241e-07 0.710823 0.012099 4.99489e-07 0.0387167 5.35098e-06 0.0371258 2.36237e-05 2.60797e-10 1.18258e-09 5.4595e-07 0.0104043 7.7175e-07 4.4863e-08 1.25301e-05 6.97972e-05 3.20295e-07 1.04396e-09 0.08375 0.0771865 7.75885e-10 0.0165995 1.81705e-07 
0.00184356 0.00152451 0.00223231 0.000286152 0.0010135 0.00372605 9.98707e-05 0.000676008 0.00150228 2.86596e-08 0.000588167 0.000427838 0.0018949 3.58525e-08 7.85026e-08 0.00156982 0.960338 0.00205929 1.14723e-07 0.00326653 0.00129082 0.00015356 0.00502951 0.0104775 
0.0041316 0.0948556 0.0246837 0.0538568 0.0170621 0.00992026 0.00512433 0.0544207 0.00502294 6.39237e-05 0.113569 0.00561772 0.0029398 0.000959488 0.000390739 0.020413 0.00103839 0.481897 0.00174196 0.0331201 0.00252306 0.0403642 0.00909143 0.0171915 
0.000894141 0.038438 0.00578423 0.0575966 0.0628051 0.0461909 0.00291631 0.145328 0.00474598 3.47331e-06 6.89637e-05 4.98894e-06 0.00978256 0.0012469 0.00031793 0.000462375 0.000950418 0.0167263 0.0810941 0.0358835 0.0104583 4.14636e-06 0.460203 0.0180938 
6.67314e-07 8.87968e-07 0.00312277 4.00657e-07 2.39585e-07 0.0410689 1.05825e-06 0.00584297 0.000291757 2.2868e-11 8.89181e-08 3.87363e-09 0.0059625 0.00343524 6.26384e-11 0.377836 3.02428e-08 0.0263346 9.15394e-11 5.0908e-07 0.00209274 0.000112432 0.454462 0.079434 
0.0561389 0.000388312 0.0688189 0.00100491 0.00104737 0.291648 8.45871e-07 0.0448788 7.23849e-06 5.4196e-11 1.68438e-05 0.0364388 0.0218763 0.0286282 6.29023e-05 2.20518e-05 0.0106383 0.000753059 5.11694e-08 0.0895076 0.192621 1.57936e-05 0.145813 0.00967288 
0.00014667 0.000625756 4.08553e-07 0.00441924 0.000812344 0.103882 0.00977382 0.00113577 0.000550408 2.44517e-10 0.00227425 0.000156181 3.86567e-06 0.000978617 6.69764e-10 0.00187198 0.00980333 0.0105921 9.78789e-10 0.0018546 0.00256828 0.000997883 0.00484062 0.842712 
0.115419 0.000477574 3.19944e-08 7.75028e-06 0.000487254 0.000174571 0.0224945 0.0314136 2.5304e-05 2.70187e-12 0.634897 1.90362e-05 0.000317991 0.193892 1.112e-09 8.90245e-08 1.87707e-09 0.000132905 1.75794e-08 8.60393e-05 8.49771e-08 4.69199e-08 0.000155151 4.61654e-07 
0.0054919 0.00555202 0.00514077 0.000347539 4.84802e-05 0.171523 3.11961e-05 0.763381 0.00106156 4.49162e-07 4.74063e-06 7.53309e-07 8.0138e-05 3.48824e-05 1.23031e-06 5.33666e-07 0.000129988 0.00234234 1.79797e-06 0.0300374 0.013278 3.81904e-06 0.000858643 0.000647776 
0.00590274 0.0126005 0.463279 0.00943944 0.00516599 0.184513 0.000101626 0.00335024 0.000535633 5.98056e-08 6.00603e-06 0.000257429 0.000533921 0.00660651 0.000123643 0.00477246 0.00206095 0.0176486 0.0198404 0.0117643 0.23666 2.92344e-07 0.00597021 0.00886706 
0.000569453 0.000105332 7.30073e-05 0.00103324 0.000143685 0.000731133 9.05821e-05 0.991088 5.24649e-09 3.10287e-09 1.32515e-05 5.20396e-09 0.00023787 0.00010209 8.49917e-09 3.68664e-09 0.000386114 0.000110967 1.24206e-08 0.00234854 0.000339136 7.39419e-06 0.00255354 6.61732e-05 
4.4149e-07 0.00698201 1.92998e-06 0.0419719 0.0455072 0.207661 3.86189e-06 0.0182341 5.53702e-10 3.2747e-10 3.40275e-07 5.49214e-10 0.0818 4.09657e-10 3.34669e-05 1.8518e-06 2.00564e-07 0.0488652 0.322239 0.00846576 3.29492e-06 9.74241e-10 0.156323 0.0619057 
0.00108874 0.00191705 7.34862e-05 0.0310741 0.00263035 0.0277761 9.40856e-05 0.140473 0.00030811 5.05423e-12 7.7413e-09 8.47667e-12 0.00379658 0.00143206 1.16575e-06 6.00512e-12 0.00025446 0.00165977 2.02318e-11 0.74901 0.000520806 5.37308e-05 0.0248925 0.0129434 
0.115419 0.000477574 3.19944e-08 7.75028e-06 0.000487254 0.000174571 0.0224945 0.0314136 2.5304e-05 2.70187e-12 0.634897 1.90362e-05 0.000317991 0.193892 1.112e-09 8.90245e-08 1.87707e-09 0.000132905 1.75794e-08 8.60393e-05 8.49771e-08 4.69199e-08 0.000155151 4.61654e-07 
3.96679e-07 0.000614984 0.157761 0.0334352 0.00195064 0.127741 6.31441e-08 0.198679 1.28241e-07 3.1866e-11 9.24923e-09 1.72974e-07 0.00496712 7.11479e-08 1.40371e-06 4.60382e-07 0.000308972 7.73103e-08 1.27558e-10 0.184833 0.0245653 4.75062e-07 0.26514 4.6118e-08 
0.000127346 0.0209697 0.000124235 0.00144821 0.0872944 0.00674085 0.000680077 0.00570852 0.724592 5.26152e-11 0.00062249 0.00974303 0.0403547 0.00121935 3.7963e-07 0.00442286 0.00324633 0.00596917 2.44602e-07 0.047539 0.000708055 4.85833e-06 0.0203712 0.018113 
0.00288941 0.00103542 0.0100912 0.00304731 0.000787054 0.525194 4.88648e-05 0.00161366 0.00106869 1.16627e-07 5.27208e-05 2.91601e-05 0.00114895 0.0587541 0.00100338 3.9554e-05 0.0126787 4.44352e-05 0.00126893 0.000695501 0.269833 2.66425e-06 0.105552 0.00312164 
0.0561389 0.000388312 0.0688189 0.00100491 0.00104737 0.291648 8.45871e-07 0.0448788 7.23849e-06 5.4196e-11 1.68438e-05 0.0364388 0.0218763 0.0286282 6.29023e-05 2.20518e-05 0.0106383 0.000753059 5.11694e-08 0.0895076 0.192621 1.57936e-05 0.145813 0.00967288 
5.6714e-08 0.0103102 0.00695073 0.0167658 0.0714593 0.000437494 7.5045e-05 0.0733078 4.17602e-09 1.67373e-11 2.38523e-08 2.80708e-11 0.146208 0.00784665 5.26449e-06 4.43741e-07 4.86925e-09 0.294911 6.69985e-11 0.323536 0.000895657 2.01382e-05 0.0471125 0.000156682 
0.00122931 0.00093362 0.00220732 0.0447773 0.0335148 0.0558427 0.00463593 0.000813701 9.99064e-05 2.68951e-07 0.000111513 3.97484e-06 0.00971804 0.0081011 9.37853e-07 0.0471634 0.000398294 0.119634 6.05308e-07 0.175304 0.0049408 9.5901e-05 0.363799 0.126673 
0.000422884 1.37216e-08 0.000114895 1.50687e-10 0.000147566 0.0218886 9.75779e-05 5.30374e-08 0.107057 1.22822e-12 2.2414e-08 1.48333e-07 8.70653e-05 1.01107e-08 3.27069e-05 2.07232e-09 0.852998 4.09436e-05 4.9165e-12 2.25393e-09 0.0171091 2.00712e-09 3.20774e-06 3.96872e-07 
0.00376623 0.251794 0.000267916 0.00700893 0.000350564 0.00543303 0.487934 0.0210906 8.81013e-06 9.9243e-08 9.32748e-06 0.00150721 0.0068218 0.033485 0.000964233 0.00337715 0.000282227 8.92371e-05 3.97265e-07 0.00117704 0.000264686 1.34396e-06 0.00441432 0.169952 
0.000126011 9.72543e-05 0.00493119 0.000701791 0.723108 0.0182194 0.000118626 0.00148281 4.90404e-05 1.51667e-07 0.000231325 2.54367e-07 0.0226158 0.00150093 0.00015778 0.00163574 0.00168088 0.000726231 6.07114e-07 0.000754053 0.0324727 1.77689e-05 0.185571 0.00379988 
0.00254213 0.0248208 0.168417 0.0744858 0.00683801 0.036962 0.0027837 0.0981371 0.000165791 7.51533e-11 2.05764e-06 0.000318496 0.0159286 0.0059691 0.00505338 0.00178047 0.00286198 0.00643448 6.99946e-07 0.0691554 0.27215 2.3213e-06 0.204119 0.0010718 
0.00352287 0.115933 0.0108916 0.0634466 0.0208526 0.0121242 0.00626166 0.0665123 0.00613826 7.80258e-05 0.111488 0.00686485 0.00359269 0.00117229 0.000476511 0.0129714 0.00126881 0.446215 0.00212671 0.0404791 0.00207259 0.0355736 0.0109788 0.018959 
0.00788982 0.00283555 0.000122884 0.00188564 0.000168205 0.602904 0.0110264 0.000374675 2.3042e-05 5.04574e-11 0.000139843 8.46242e-11 1.26667e-05 6.31209e-11 0.000246451 2.18688e-07 0.295298 0.000179655 2.01978e-10 0.000720819 0.0162263 0.0550566 0.00160934 0.00327937 
0.000275127 0.00213837 0.00127243 0.000479447 0.0104884 0.0361243 0.00896973 0.000165034 0.00384449 9.36595e-11 0.000115172 0.00477827 3.42e-05 0.00292699 1.01653e-07 1.44611e-06 0.00207507 0.00624249 3.74915e-10 0.00280076 0.00121335 0.000237166 0.121274 0.794543 
0.00207095 0.00319599 0.0018696 0.000324444 0.00892095 0.00953838 0.000263427 4.38598e-07 0.000139968 1.55369e-09 0.0110699 0.000889538 8.70717e-06 1.94363e-09 4.25577e-09 0.0012932 2.84054e-08 0.0372157 8.48403e-05 0.0141148 0.00254276 0.319318 0.0464589 0.54068 
0.000847711 0.00101033 4.3548e-05 0.000763463 0.00028006 0.69958 2.02268e-05 0.0581072 1.28951e-05 5.39373e-08 1.15577e-05 1.03478e-07 0.000650585 3.13872e-05 0.00241491 7.33073e-08 0.0251935 0.000137127 6.88657e-08 0.0700992 0.122861 3.03892e-06 0.0173707 0.000561282 
0.0035795 0.0152286 0.00610471 4.10455e-07 0.0106124 0.226263 0.000992151 6.91135e-06 3.90783e-05 1.63427e-07 7.8962e-07 3.13541e-07 0.00797881 5.52661e-07 1.39625e-06 2.22122e-07 7.47552e-06 9.80488e-07 3.39951e-07 0.0210326 0.000531139 1.4854e-06 0.181724 0.525893 
8.77744e-05 0.0509744 0.0122047 0.0286145 0.000752153 0.0309753 0.000551493 0.00764257 0.000196263 7.75662e-07 9.5743e-05 2.15037e-05 0.00621992 0.0231563 2.12464e-06 7.5056e-05 0.0021674 0.00388409 0.000573738 0.0415339 0.00510443 9.55564e-06 0.0810786 0.704078 
0.00786749 0.00132054 6.96464e-10 0.011417 0.00140388 0.551193 7.16833e-07 1.53085e-06 5.73723e-07 5.62435e-10 0.00115749 9.43284e-10 0.000172025 2.55012e-06 2.09536e-05 6.68249e-10 0.00011399 0.000188898 2.2514e-09 0.0102006 0.00188353 7.00626e-07 0.0444538 0.368601 
0.000216926 0.00465706 0.000179672 0.00143452 0.0347535 0.00137391 0.0006603 0.000198839 0.913932 9.60736e-13 0.000227504 0.000342636 0.0362931 3.7134e-06 8.03831e-09 2.45127e-08 0.000926894 2.25377e-05 1.51911e-09 1.00686e-07 0.00477708 1.31687e-09 3.53621e-08 2.13833e-08 
0.115419 0.000477574 3.19944e-08 7.75028e-06 0.000487254 0.000174571 0.0224945 0.0314136 2.5304e-05 2.70187e-12 0.634897 1.90362e-05 0.000317991 0.193892 1.112e-09 8.90245e-08 1.87707e-09 0.000132905 1.75794e-08 8.60393e-05 8.49771e-08 4.69199e-08 0.000155151 4.61654e-07 
0.0239091 0.0587857 1.57587e-06 0.000115926 0.00757169 0.128335 0.000970052 0.000450267 0.00147476 3.08288e-09 5.83152e-07 1.27114e-05 0.000344611 1.07753e-06 8.44443e-09 0.000392342 0.00148959 0.00265916 1.23406e-08 0.103618 0.000145513 8.60307e-07 0.00024834 0.669474 
0.0123914 1.41273e-05 0.926271 4.35095e-06 6.15574e-05 0.0125219 3.10736e-07 0.00166006 3.16778e-07 1.87348e-07 3.13892e-06 3.1421e-07 1.10719e-05 2.34368e-07 5.13172e-07 2.90222e-06 0.000205931 9.72181e-06 1.02325e-05 0.00243149 0.00615244 9.9509e-06 0.0217841 0.0164533 
0.000216926 0.00465706 0.000179672 0.00143452 0.0347535 0.00137391 0.0006603 0.000198839 0.913932 9.60736e-13 0.000227504 0.000342636 0.0362931 3.7134e-06 8.03831e-09 2.45127e-08 0.000926894 2.25377e-05 1.51911e-09 1.00686e-07 0.00477708 1.31687e-09 3.53621e-08 2.13833e-08 
0.0238861 8.28734e-06 0.00184389 1.55637e-06 0.0060321 0.019744 5.47512e-07 0.00118257 8.16994e-06 2.98906e-09 3.19859e-06 2.33012e-06 0.00544707 3.73925e-09 8.18744e-09 0.00970755 5.16803e-05 0.0306141 0.000114602 1.77547e-05 7.01734e-06 8.43055e-07 0.0577115 0.843615 
0.0043621 0.0447737 0.00973482 7.73196e-05 0.00701557 0.10937 0.0442821 0.00419042 0.000550069 1.81527e-06 4.77203e-05 0.00226081 0.0218341 0.00405744 1.18445e-05 0.0235925 0.0492227 0.000718215 3.97173e-06 0.0566154 0.0285514 8.80625e-05 0.576433 0.0122045 
3.85398e-05 9.77246e-05 3.18646e-07 0.000579438 9.84606e-05 0.0105501 2.76224e-05 0.000312547 0.00535565 2.57325e-07 1.30663e-05 4.31571e-07 0.000222574 0.00226306 0.0109906 3.05738e-07 7.8866e-06 3.13534e-05 1.03006e-06 0.0242177 5.86611e-06 0.0276196 0.00715263 0.910413 
0.00207367 0.000164685 0.923889 0.00581948 5.89839e-05 0.0287077 8.21642e-05 0.000671393 2.24526e-06 2.37638e-10 1.82237e-06 2.84824e-09 0.000468035 4.43099e-05 0.00129455 0.00481281 2.45124e-05 2.63459e-07 9.51254e-10 0.00112546 0.0137181 7.06986e-10 0.0101914 0.00684901 
0.000394827 0.0114436 0.832274 0.0874248 7.99132e-08 0.0172456 2.34937e-09 0.000376237 1.77853e-07 1.41648e-09 1.44717e-08 3.62712e-07 7.91264e-05 0.000475098 3.87992e-09 0.00152776 0.000242638 0.0237898 5.67009e-09 0.00813457 0.014115 3.60891e-07 0.00207798 0.000398114 
0.0027117 0.00803602 0.00272122 5.49758e-05 0.00265999 0.0616419 0.000319127 0.000836952 0.000163752 1.04092e-08 5.61155e-05 0.000226828 0.00314551 0.00316387 2.85122e-08 0.00042687 0.00446614 0.0122475 4.16675e-08 0.000758087 0.00903145 0.000177392 0.0165927 0.870562 
