0.359093 0.12672 0.0134457 0.00010961 0.354399 0.00673938 0.0288742 0.000156477 0.000233994 0.00107647 0.000937916 0.00699524 0.000280746 0.0491982 2.68096e-05 0.0517125 
0.694179 0.00981757 0.0254151 2.04768e-07 0.000253811 0.000563268 0.0464253 8.40484e-06 0.00102793 0.000919751 0.00185054 0.118593 0.000173875 0.0567063 0.000191941 0.0438745 
0.335142 0.297955 0.0790943 4.80172e-06 0.0070767 0.0290666 0.0416462 0.000412801 0.0409525 0.0762493 0.00142884 0.01304 0.000116671 0.0542738 0.000108382 0.023432 
0.490621 0.154425 0.00666561 1.62268e-11 0.0158898 0.0388792 0.0455647 5.10992e-09 0.000346987 0.000293409 0.00142173 0.00200889 0.000512191 0.235645 0.00468021 0.00304608 
0.61466 0.0552626 0.00145122 1.27792e-07 5.66897e-06 0.0010252 0.0214033 2.38717e-06 4.67763e-05 6.78537e-05 0.00125268 0.00508713 7.85207e-06 0.288726 0.0010492 0.00995203 
0.407173 0.281383 0.00402774 9.75895e-08 0.000108485 0.0125534 0.00346299 0.00031557 0.000194348 0.000545972 0.00169495 0.0134794 8.04796e-05 0.203845 9.39551e-05 0.0710417 
0.807349 0.0154656 0.0607235 7.3115e-13 0.000253849 0.000629733 0.00694363 3.11101e-05 3.93212e-05 0.00077464 0.00643975 0.0460484 0.00959139 0.039921 0.00145986 0.0043291 
0.687411 0.0296207 0.043502 3.08152e-09 0.00125705 0.0143565 0.108654 0.00135366 0.000138693 0.00290831 0.00899131 0.0146757 0.00610968 0.0632062 0.000588673 0.0172264 
0.964351 6.95388e-11 0.00180938 8.67582e-10 6.90414e-10 0.0294327 1.76332e-06 1.13514e-05 1.00325e-06 9.68791e-10 1.01127e-05 1.64274e-05 0.00172409 0.00232105 5.97735e-10 0.000320815 
0.923726 0.00116683 0.0131929 5.24133e-05 1.24847e-05 0.00126773 0.0163133 8.61827e-05 7.30824e-05 1.04112e-05 0.0274636 0.0105146 0.00288668 0.000542519 0.000677873 0.00201317 
0.209206 0.112609 0.101793 0.000527576 5.69896e-05 0.0997739 0.0301106 7.79267e-05 0.000572688 0.00285902 0.128696 0.0218303 0.00526889 0.12233 0.000701522 0.163587 
0.776071 0.114556 0.00237137 9.52647e-07 5.00842e-05 0.00251723 0.00483852 2.2342e-05 0.000938366 2.12997e-05 0.00168889 0.0132529 0.000181523 0.0742503 5.9283e-05 0.00918029 
0.71214 0.0185541 0.0591702 1.18874e-09 9.45987e-10 0.039049 0.0933062 2.27436e-07 0.00343753 2.74379e-06 0.000710709 0.00165964 7.90678e-05 0.0500795 0.000198546 0.021613 
0.279681 0.208707 0.186684 0.00628047 0.000792793 0.00714693 0.0411836 5.50684e-05 0.0355381 0.000782797 0.00833382 0.00490931 0.00369214 0.205965 0.00109512 0.00915292 
0.694179 0.00981757 0.0254151 2.04768e-07 0.000253811 0.000563268 0.0464253 8.40484e-06 0.00102793 0.000919751 0.00185054 0.118593 0.000173875 0.0567063 0.000191941 0.0438745 
0.41109 0.151509 0.199466 4.05788e-06 0.00289491 0.00224357 0.0213967 2.44695e-05 0.000535557 0.000761219 0.054125 0.0313761 0.0703251 0.041442 0.00103362 0.011773 
0.798767 0.0669466 0.000801782 8.15236e-10 0.000124407 0.00114153 0.00293849 7.11848e-05 9.59515e-05 6.18576e-05 0.000143779 0.0131056 1.15088e-05 0.0854309 8.27429e-06 0.0303508 
0.368522 0.333129 0.0322681 1.89933e-05 1.51228e-05 0.0199675 0.113063 0.000100407 0.00231978 2.64083e-05 0.00161234 0.00117286 0.000132895 0.114482 0.00424251 0.00892744 
0.521643 0.199872 0.150768 9.62581e-08 0.00139453 0.00474519 0.0165126 0.00085782 0.000129711 0.00378118 0.0452297 0.00303468 0.00432473 0.0279759 0.00238582 0.0173447 
0.689525 0.198829 0.0175026 5.20191e-06 0.00014891 0.00216985 0.00250718 1.62777e-05 2.39946e-08 1.1844e-05 0.000566953 0.0255664 0.000164695 0.0593231 4.22598e-05 0.00362062 
0.481626 0.0564777 0.00135714 1.95038e-09 9.27595e-06 0.000537624 0.00481882 1.34542e-06 0.000291971 4.59677e-05 7.31914e-05 0.00609009 5.70604e-06 0.444392 0.000114005 0.00415954 
0.539668 0.152763 0.0250162 5.98322e-07 5.26014e-05 0.00323339 0.0215432 1.61829e-05 0.000126584 7.28005e-06 0.00273215 0.0168227 8.90311e-05 0.210856 0.000268876 0.0268039 
0.61466 0.0552626 0.00145122 1.27792e-07 5.66897e-06 0.0010252 0.0214033 2.38717e-06 4.67763e-05 6.78537e-05 0.00125268 0.00508713 7.85207e-06 0.288726 0.0010492 0.00995203 
0.578894 0.0532654 0.0102232 4.23594e-07 0.00456877 0.0226027 0.140061 4.98724e-08 0.0122041 0.000109203 0.00204426 0.0011561 0.000492849 0.17146 0.00141671 0.00150061 
0.964351 6.95388e-11 0.00180938 8.67582e-10 6.90414e-10 0.0294327 1.76332e-06 1.13514e-05 1.00325e-06 9.68791e-10 1.01127e-05 1.64274e-05 0.00172409 0.00232105 5.97735e-10 0.000320815 
0.553838 0.157651 0.0395647 4.63986e-09 0.00123685 0.0753523 0.0185025 2.54346e-05 0.00377442 1.20869e-05 0.0360247 0.022782 0.00107824 0.0809238 6.39195e-05 0.00917047 
0.644018 0.0755948 0.0906298 5.91571e-11 1.27383e-05 0.0616482 0.0723859 0.00492398 0.0010354 0.000330986 0.011141 0.00301335 0.00793753 0.0162026 0.000441063 0.0106846 
0.32254 0.0938936 0.0670474 4.45294e-06 0.000948251 0.00382001 0.0455487 7.74233e-07 0.0974433 0.000381285 0.00457554 0.0493409 0.000160589 0.301306 2.1667e-05 0.0129681 
0.710005 0.0127089 0.132355 0.000753515 4.26079e-06 0.00262203 0.0411722 1.83887e-05 0.000599662 0.000114753 0.0106807 0.00115943 0.00485792 0.067127 0.000249817 0.0155712 
0.302404 0.296638 0.00581924 1.44766e-09 6.83836e-05 0.00351176 0.0120768 1.12394e-05 7.61391e-05 0.000175178 0.000422189 0.104715 5.71291e-05 0.231353 2.76952e-05 0.0426446 
0.636739 0.0224563 0.0926936 1.92708e-08 0.00062913 0.120493 0.0226608 7.71121e-05 0.000905417 0.00225362 0.00929222 0.052566 0.00975205 0.0206838 0.00729375 0.00150456 
0.450776 0.122894 0.0176587 0.000247539 0.000488528 0.00616994 0.0223306 4.03023e-06 0.000241733 0.0021309 0.00274352 0.0142513 7.07089e-05 0.354656 0.000238396 0.00509865 
0.317427 0.0242505 0.221971 1.0646e-11 4.5704e-06 0.0488211 0.0121528 7.7393e-06 0.0172692 0.0103556 0.309854 0.000713599 0.0129378 0.015516 0.000307577 0.00841095 
0.505092 0.0222056 0.0640586 2.52425e-06 1.07052e-05 0.0583285 0.0175633 0.00014644 0.00302749 0.00123767 0.051449 0.000141668 0.175405 0.0854208 0.00192675 0.0139839 
0.317427 0.0242505 0.221971 1.0646e-11 4.5704e-06 0.0488211 0.0121528 7.7393e-06 0.0172692 0.0103556 0.309854 0.000713599 0.0129378 0.015516 0.000307577 0.00841095 
0.781158 0.0702357 0.000446711 1.06946e-09 0.000186607 0.00171228 0.0016997 9.86224e-05 0.000121549 9.27784e-05 0.000113901 0.018805 6.83179e-06 0.0827591 1.24103e-05 0.0425503 
0.906163 0.00797266 0.0250204 2.60367e-12 4.37138e-05 0.00100268 0.00307727 6.73873e-05 6.19259e-06 0.00188546 0.00797082 0.000801481 0.029715 0.0124752 0.0013009 0.00249768 
0.903529 0.00712451 0.013004 7.61392e-08 0.000113174 0.000656669 0.009173 9.25375e-06 9.52724e-05 0.00331489 0.00225614 0.00604715 0.0060925 0.0427444 0.000532807 0.0053073 
0.79578 0.017221 0.0238769 1.42849e-12 0.000287752 0.00435269 0.0531852 0.000117461 5.77432e-05 0.000383285 0.0422594 0.0231429 0.0212176 0.00646583 0.00987421 0.00177765 
0.481911 0.139927 0.0513552 6.58741e-07 5.79086e-06 0.0284069 0.0654929 0.0002056 0.0157907 0.000129669 0.0120493 0.0032849 0.0107588 0.185473 0.00162304 0.00358575 
0.261573 0.100462 0.0544793 0.00168112 0.00804157 0.133415 0.0321594 0.162328 5.30416e-05 2.79282e-05 0.0197582 0.00132716 0.110037 0.0906316 0.0026789 0.0213455 
0.341763 0.162318 0.00938886 4.16241e-10 7.64301e-06 0.0110182 0.0853528 4.38681e-05 0.00338881 0.000360659 0.0170287 0.0583768 0.000231992 0.243847 0.0238985 0.042975 
0.51283 0.0540619 0.00288079 7.17029e-08 3.04372e-06 0.000828073 0.0208272 1.28552e-06 0.000607248 6.73628e-05 0.000804123 0.00359843 4.37721e-06 0.386709 0.000616107 0.0161606 
0.439854 0.192611 0.070076 7.6811e-05 0.000247402 0.00840142 0.030497 0.000150564 0.004937 0.000313945 0.00764062 0.00914478 0.00255013 0.161213 0.000476496 0.0718102 
0.325003 0.133489 0.190504 0.0320753 1.10766e-05 2.92906e-06 0.0497968 4.10447e-06 0.000216309 0.00830448 0.00134287 0.000142787 2.23543e-05 0.226033 1.64959e-06 0.0330504 
0.767989 0.0102896 0.0610495 2.62051e-12 6.28992e-06 8.02322e-05 0.0155064 1.13661e-07 0.0020796 0.00316087 0.000676666 0.000345022 0.000690645 0.127483 0.000176775 0.0104657 
0.51283 0.0540619 0.00288079 7.17029e-08 3.04372e-06 0.000828073 0.0208272 1.28552e-06 0.000607248 6.73628e-05 0.000804123 0.00359843 4.37721e-06 0.386709 0.000616107 0.0161606 
0.407539 0.0686867 0.191553 0.00049529 0.000999117 0.178629 0.0279187 0.0184715 9.74153e-05 0.00273618 0.0359269 0.0101686 0.00197247 0.0149371 1.37855e-05 0.039856 
0.803596 0.10831 0.00173555 5.23096e-13 0.000206965 0.00201565 0.00112456 2.64344e-05 3.25533e-05 2.51057e-06 0.000402871 5.0116e-05 2.42668e-05 0.0728427 2.04919e-09 0.00962981 
0.559766 0.280786 0.0130688 5.55067e-05 0.00155366 0.0176959 0.00953299 7.46449e-05 0.000166232 0.000118834 0.00837221 0.0176992 0.000249952 0.0707975 2.38372e-09 0.0200627 
0.478505 0.117591 0.0173229 8.80091e-09 0.00357181 0.00353153 0.0306415 1.38561e-12 3.95656e-05 8.39733e-06 0.00122022 0.000384053 0.000147338 0.346412 0.000100035 0.000524651 
0.923726 0.00116683 0.0131929 5.24133e-05 1.24847e-05 0.00126773 0.0163133 8.61827e-05 7.30824e-05 1.04112e-05 0.0274636 0.0105146 0.00288668 0.000542519 0.000677873 0.00201317 
0.63532 0.0546672 0.160412 0.0162541 3.43781e-05 6.06495e-06 0.0530551 8.24312e-05 0.00041075 0.00430356 0.00111271 0.000167392 1.95142e-05 0.0503435 8.2434e-06 0.0238036 
0.435572 0.147722 0.0158605 1.6712e-08 0.000533331 0.130639 0.0324693 0.000670901 0.0340951 2.62282e-05 0.00150216 0.0222248 1.21029e-05 0.175079 0.000233138 0.0033607 
0.570709 0.0889361 0.00561538 1.04832e-09 5.85897e-06 0.0009713 0.022967 4.41283e-05 0.000328634 0.000730837 0.00211598 0.0755677 0.00128477 0.180059 0.0328433 0.0178213 
0.79645 0.0423835 0.0629876 1.30556e-06 5.86533e-05 0.000805112 0.00731316 0.00024082 0.000137995 0.000965611 0.00566255 0.00219064 0.00988407 0.0537802 0.000697486 0.016441 
0.452344 0.225757 0.0159229 1.49433e-09 8.38835e-06 0.0204629 0.0317142 4.08433e-05 0.002747 0.00060365 0.00285916 0.145637 0.00443374 0.0856325 0.000337589 0.0114996 
0.453376 0.128189 0.0725246 2.38486e-05 0.00155489 0.0124362 0.0458561 8.98605e-05 0.000883018 0.17163 0.0475007 0.0110336 0.00350866 0.0248985 0.00614766 0.0203474 
0.51283 0.0540619 0.00288079 7.17029e-08 3.04372e-06 0.000828073 0.0208272 1.28552e-06 0.000607248 6.73628e-05 0.000804123 0.00359843 4.37721e-06 0.386709 0.000616107 0.0161606 
0.417079 0.175223 0.0191077 3.74089e-11 0.00221361 0.0238898 0.0476671 1.72659e-07 9.35241e-07 3.00807e-07 0.0537215 0.0708861 1.28254e-06 0.190207 1.94592e-06 4.90034e-07 
0.913663 0.00750075 0.0131125 5.59295e-08 7.39838e-05 0.00093858 0.00805908 1.46657e-05 9.65931e-05 0.00153418 0.00232878 0.00401723 0.00944792 0.0334089 0.000718967 0.00508496 
0.39062 0.126606 0.000583756 3.83386e-09 2.24415e-05 0.00443212 0.00328048 8.4254e-05 0.000235445 0.000113088 0.000617723 0.000804508 4.60879e-05 0.301289 5.74647e-05 0.171207 
0.34948 0.0284396 0.0403497 1.42217e-09 0.000248036 0.00735436 0.102486 6.22301e-05 0.00451182 9.53711e-06 0.335228 0.0161881 0.0388629 0.0584246 0.00172399 0.016631 
0.419741 0.195725 0.163542 4.485e-05 0.000303197 0.0100116 0.0471911 2.95495e-05 0.00328832 0.00135417 0.00398308 0.0167189 0.00795972 0.102596 0.000655029 0.0268559 
0.569139 0.00384486 0.0110652 1.23165e-09 0.000143997 0.000123087 0.00394074 1.66651e-06 4.87055e-06 0.000860045 0.0017622 0.000100161 0.000475331 0.322591 6.99381e-05 0.0858782 
0.725887 0.0486999 0.00817271 1.35203e-05 1.72523e-05 0.0149894 0.014231 1.30712e-05 0.0506834 0.000164407 0.00646509 0.00349782 0.0676864 0.0315245 0.0239075 0.00404749 
0.964351 6.95388e-11 0.00180938 8.67582e-10 6.90414e-10 0.0294327 1.76332e-06 1.13514e-05 1.00325e-06 9.68791e-10 1.01127e-05 1.64274e-05 0.00172409 0.00232105 5.97735e-10 0.000320815 
0.536541 0.131384 0.152253 1.6445e-06 0.00171213 0.00369619 0.00482803 2.56977e-05 0.00038501 0.000316373 0.053331 0.000442308 0.0196811 0.0815866 0.000522075 0.0132938 
0.76261 0.0723025 0.0166385 6.51709e-06 1.54893e-05 0.0125335 0.0262684 3.05087e-05 0.0122766 8.19767e-05 0.00178892 0.00466874 0.000832254 0.0856483 0.000192171 0.00410555 
0.255092 0.145838 0.0648599 2.6201e-07 0.00258633 0.0153457 0.215377 9.03514e-05 0.00127646 0.000625162 0.00724678 0.0639468 0.001834 0.184021 0.0295436 0.0123162 
0.51283 0.0540619 0.00288079 7.17029e-08 3.04372e-06 0.000828073 0.0208272 1.28552e-06 0.000607248 6.73628e-05 0.000804123 0.00359843 4.37721e-06 0.386709 0.000616107 0.0161606 
0.955261 0.00931224 0.01199 3.70542e-12 4.38827e-05 1.93265e-06 0.00454754 4.95097e-07 4.22915e-06 5.97844e-05 0.00112133 0.00012011 0.000439189 0.0167017 2.48908e-05 0.00037218 
0.923726 0.00116683 0.0131929 5.24133e-05 1.24847e-05 0.00126773 0.0163133 8.61827e-05 7.30824e-05 1.04112e-05 0.0274636 0.0105146 0.00288668 0.000542519 0.000677873 0.00201317 
0.661852 0.0257852 0.00124473 2.33136e-12 0.0114444 0.000954642 0.00232318 3.8511e-09 0.000258042 2.62771e-05 0.00300927 0.00029325 3.88011e-05 0.288539 3.28436e-05 0.00419806 
0.838301 0.00641433 0.0818389 2.5527e-09 3.50211e-05 0.00252513 0.00644644 7.56974e-06 9.04842e-06 0.000799687 0.0114274 0.000292448 0.00362419 0.0470799 0.000301981 0.000896513 
0.819198 0.0408947 0.0200656 7.5966e-07 1.65375e-06 0.0153331 0.000953315 1.09503e-05 0.000983381 2.05816e-07 0.00291835 0.000208354 0.00100223 0.00380501 6.83483e-05 0.0945555 
0.261573 0.100462 0.0544793 0.00168112 0.00804157 0.133415 0.0321594 0.162328 5.30416e-05 2.79282e-05 0.0197582 0.00132716 0.110037 0.0906316 0.0026789 0.0213455 
0.445364 0.208538 0.0126413 0.000113092 1.98188e-05 0.00636278 0.0115389 6.28188e-05 0.0150652 7.56797e-05 0.00188678 0.0175315 0.000120223 0.259423 9.9428e-05 0.0211577 
0.530939 0.0455847 0.00183331 4.03189e-09 6.20105e-06 0.00083149 0.00490428 9.04942e-07 0.000194722 3.07843e-05 4.88314e-05 0.00430338 2.63419e-05 0.40779 7.60577e-05 0.00342967 
0.51283 0.0540619 0.00288079 7.17029e-08 3.04372e-06 0.000828073 0.0208272 1.28552e-06 0.000607248 6.73628e-05 0.000804123 0.00359843 4.37721e-06 0.386709 0.000616107 0.0161606 
0.304891 0.0784042 0.02291 1.73189e-07 2.72093e-05 0.0964254 0.266975 1.97413e-05 0.000977654 8.8024e-06 0.105612 0.00762853 0.00233277 0.113732 2.24733e-05 3.26246e-05 
0.475963 0.0735985 0.10833 3.4482e-07 0.000191322 0.0123775 0.0457695 0.000104415 0.00946271 0.00178559 0.198459 0.000833899 0.0237938 0.044364 0.00182352 0.0031432 
0.811148 0.0985891 0.000921374 1.10303e-12 0.000399878 0.00204606 0.00402112 0.000159394 0.000173422 1.29126e-05 0.0023665 0.0054911 7.61839e-05 0.0554128 0.000116247 0.0190655 
0.955261 0.00931224 0.01199 3.70542e-12 4.38827e-05 1.93265e-06 0.00454754 4.95097e-07 4.22915e-06 5.97844e-05 0.00112133 0.00012011 0.000439189 0.0167017 2.48908e-05 0.00037218 
0.475878 0.185191 0.0232848 0.000338836 0.000262993 0.00878121 0.0545278 1.43686e-05 0.0149525 0.000793043 0.000394954 0.00874827 8.45291e-05 0.177156 1.62213e-05 0.0495761 
0.921709 0.00807352 0.0214118 9.62606e-13 0.000286815 0.00136059 0.0109428 2.67146e-05 5.90588e-06 0.000130308 0.00660057 0.00044388 0.0115913 0.0124911 0.00324963 0.00167573 
0.405013 0.088231 0.0998577 8.69575e-06 1.00021e-05 0.00459638 0.0123379 5.21738e-05 0.000250708 0.000808573 0.0666443 0.0164027 0.00505449 0.258958 0.00318822 0.0385859 
0.557188 0.101645 0.0140386 5.32145e-06 0.00111193 0.00482811 0.00381955 3.60651e-05 0.00855855 0.000421095 0.000184204 0.0189931 2.10586e-05 0.237011 7.22926e-05 0.0520661 
0.760924 0.038126 0.00539695 0.000759993 0.000129041 0.00273194 0.0131511 7.7189e-06 0.000117525 0.00010772 0.00129719 0.0167084 0.000274964 0.15221 0.00215279 0.005905 
0.604591 0.145471 0.0215539 0.000536785 0.00132583 0.00532204 0.0348679 2.35204e-05 0.000362511 0.000436685 0.00116658 0.00624623 5.25837e-05 0.172474 1.09643e-05 0.0055581 
0.317427 0.0242505 0.221971 1.0646e-11 4.5704e-06 0.0488211 0.0121528 7.7393e-06 0.0172692 0.0103556 0.309854 0.000713599 0.0129378 0.015516 0.000307577 0.00841095 
0.309866 0.0693032 0.222386 8.18256e-05 0.000294989 0.0126359 0.0998579 3.15292e-05 0.00582218 0.00356305 0.00298909 0.0146838 0.000633564 0.231179 0.00139021 0.0252813 
0.883718 0.00676859 0.0134472 5.76904e-10 0.000136921 0.00013495 0.0120352 7.14877e-07 4.152e-05 0.0067382 0.00187113 0.00449322 0.000560584 0.0656962 0.000108478 0.00424914 
0.51283 0.0540619 0.00288079 7.17029e-08 3.04372e-06 0.000828073 0.0208272 1.28552e-06 0.000607248 6.73628e-05 0.000804123 0.00359843 4.37721e-06 0.386709 0.000616107 0.0161606 
0.464552 0.162912 0.122322 0.00169469 0.00237919 0.0122961 0.0427965 0.000217413 0.000342273 0.000246263 0.0067479 0.00272741 0.025547 0.0968677 0.0147617 0.0435897 
0.616152 0.0248811 0.0851111 4.79229e-08 1.94986e-06 0.0165804 0.00649184 4.34652e-05 0.00615507 0.00021469 0.00117407 0.000145675 9.57775e-06 0.231724 8.00284e-05 0.0112355 
0.887884 0.0469569 0.00122019 6.21365e-13 0.000132064 0.000377629 0.00143717 9.77405e-06 2.18289e-05 1.6985e-09 0.000203831 6.88491e-05 6.11422e-06 0.0589484 4.281e-13 0.0027337 
0.417079 0.175223 0.0191077 3.74089e-11 0.00221361 0.0238898 0.0476671 1.72659e-07 9.35241e-07 3.00807e-07 0.0537215 0.0708861 1.28254e-06 0.190207 1.94592e-06 4.90034e-07 
0.964351 6.95388e-11 0.00180938 8.67582e-10 6.90414e-10 0.0294327 1.76332e-06 1.13514e-05 1.00325e-06 9.68791e-10 1.01127e-05 1.64274e-05 0.00172409 0.00232105 5.97735e-10 0.000320815 
0.34653 0.0510601 0.222146 9.41624e-06 6.09527e-06 0.000789247 0.00612564 6.18166e-05 0.000638517 0.000359944 0.00379971 0.00813061 0.084518 0.184309 0.00133624 0.0901795 
0.302333 0.0308276 0.123712 1.51771e-05 0.0288155 0.133736 0.0110857 4.17991e-05 0.000137593 5.24515e-05 0.00262893 0.0107116 0.00331583 0.0936004 9.22259e-05 0.258894 
0.427818 0.0387496 0.0841087 0.000697065 6.74191e-06 0.0232425 0.0493292 2.14391e-06 0.134987 0.017662 0.000423245 0.00761906 0.00169458 0.200427 0.0124931 0.00074079 
0.530939 0.0455847 0.00183331 4.03189e-09 6.20105e-06 0.00083149 0.00490428 9.04942e-07 0.000194722 3.07843e-05 4.88314e-05 0.00430338 2.63419e-05 0.40779 7.60577e-05 0.00342967 
0.495792 0.189547 0.0412201 0.000423011 0.00167238 0.00430151 0.0301049 5.4182e-05 0.000842079 0.00309748 0.00107616 0.00536367 3.07649e-05 0.164651 1.47758e-05 0.0618081 
0.73554 0.132689 0.024173 5.97982e-05 0.00194351 0.0113026 0.00457282 4.13436e-05 0.00022578 0.000420376 0.00257378 0.010119 4.34622e-05 0.0701477 2.23671e-05 0.00612547 
0.61466 0.0552626 0.00145122 1.27792e-07 5.66897e-06 0.0010252 0.0214033 2.38717e-06 4.67763e-05 6.78537e-05 0.00125268 0.00508713 7.85207e-06 0.288726 0.0010492 0.00995203 
0.209988 0.0828358 0.0755439 0.00125847 0.00189051 0.139698 0.0949259 0.0155483 0.000378509 0.000792529 0.0228178 0.00981194 0.0105552 0.118541 0.160691 0.0547217 
0.913663 0.00750075 0.0131125 5.59295e-08 7.39838e-05 0.00093858 0.00805908 1.46657e-05 9.65931e-05 0.00153418 0.00232878 0.00401723 0.00944792 0.0334089 0.000718967 0.00508496 
0.61466 0.0552626 0.00145122 1.27792e-07 5.66897e-06 0.0010252 0.0214033 2.38717e-06 4.67763e-05 6.78537e-05 0.00125268 0.00508713 7.85207e-06 0.288726 0.0010492 0.00995203 
0.69382 0.128103 0.00597621 7.15199e-06 6.79121e-05 0.00118251 0.00167047 4.32665e-08 2.4428e-08 0.000146886 0.0045334 0.00322863 6.96091e-05 0.155251 9.30757e-05 0.00585102 
0.668218 0.0608522 0.0687692 6.56826e-11 0.000358407 0.0212619 0.086644 0.000625113 0.000237739 0.000939496 0.0699294 0.000953749 8.17833e-05 0.0188299 4.46748e-05 0.00225402 
0.502942 0.0199789 0.159908 0.00669459 0.00214949 0.0563077 0.0128034 8.73734e-05 0.00696766 0.00601184 0.0143181 0.0320954 0.000228333 0.0243964 0.000450366 0.15466 
0.544433 0.0146893 0.015458 1.93457e-07 2.16884e-05 0.00194186 0.0125082 3.28804e-05 1.19922e-07 9.14706e-05 0.00190042 0.00602798 6.89621e-06 0.400335 0.00129311 0.00125967 
0.584542 0.0253059 0.0828623 3.78382e-05 0.000499184 0.0219402 0.121924 0.00403266 0.00261769 0.0650204 0.0164145 0.00304797 0.0256352 0.034407 0.000879531 0.0108337 
0.955261 0.00931224 0.01199 3.70542e-12 4.38827e-05 1.93265e-06 0.00454754 4.95097e-07 4.22915e-06 5.97844e-05 0.00112133 0.00012011 0.000439189 0.0167017 2.48908e-05 0.00037218 
0.865572 0.053605 0.00184273 1.00532e-12 0.000298273 0.00107553 0.00521165 2.32664e-05 0.000268212 1.01369e-05 0.0035898 0.00730986 7.20107e-05 0.0578632 3.76699e-08 0.00325853 
0.691353 0.0192749 0.00256722 2.57735e-05 1.45845e-05 0.114675 0.111476 0.000115032 1.5365e-05 3.43246e-05 0.0122672 0.00657345 6.34304e-05 0.0318523 3.84282e-06 0.00968862 
0.926984 0.0053789 0.0225345 8.17929e-09 8.28165e-05 0.000806846 0.00150815 3.77774e-05 2.44694e-05 0.000130294 0.00418056 0.000510532 0.0260385 0.0083656 0.00153921 0.00187797 
0.529523 0.0511323 0.0192931 7.97682e-12 0.000232743 0.00528861 0.208655 7.43238e-06 0.000118722 0.000126735 0.0226769 0.00319789 3.98519e-05 0.15389 3.63816e-07 0.00581838 
0.388595 0.0986906 0.0186739 5.79169e-10 0.000145075 0.358166 0.0384504 4.25841e-05 0.00132087 0.000172125 0.0121786 9.99949e-05 0.00746178 0.0526081 3.99028e-10 0.0233948 
0.523903 0.0830437 0.137433 7.92658e-07 2.07557e-08 0.00638867 0.0725007 0.00449842 0.00154024 0.000123931 1.42538e-05 0.00245006 0.059173 0.0763 0.000394683 0.0322349 
0.51283 0.0540619 0.00288079 7.17029e-08 3.04372e-06 0.000828073 0.0208272 1.28552e-06 0.000607248 6.73628e-05 0.000804123 0.00359843 4.37721e-06 0.386709 0.000616107 0.0161606 
0.603958 0.200257 0.0192653 0.000115701 0.00508924 0.0146703 0.0155976 5.18877e-05 0.00122785 0.00205697 0.000520817 0.00533117 0.000114874 0.101638 6.82498e-06 0.0300982 
0.26246 0.136519 0.0668992 3.59591e-07 5.45445e-06 0.0211449 0.200798 6.41056e-09 0.228297 0.00388585 0.0254649 0.000474188 0.00144617 0.02887 0.00091844 0.0228164 
0.19316 0.092415 0.0219918 4.11629e-05 0.108205 0.118977 0.170207 0.000574836 0.00184958 0.000820398 0.0337297 0.0808107 0.000971077 0.100672 0.0156297 0.059945 
0.933994 0.0055266 0.0308197 5.58971e-12 0.000132141 0.000217055 0.0113565 1.40742e-05 3.19743e-06 0.00337805 0.00284547 0.00175087 0.000135541 0.00856658 4.62542e-05 0.00121349 
0.693951 0.0581614 0.0197745 4.02304e-06 0.155722 0.00812554 0.00626553 9.90761e-05 0.00106885 0.00178414 0.00156336 0.00603475 0.000463732 0.0233751 3.60325e-05 0.0235716 
0.532413 0.177972 0.0625272 1.56094e-05 0.000323261 0.022198 0.0488167 1.61008e-05 5.35098e-05 0.000142707 0.000569855 0.00609314 6.81659e-05 0.0983232 2.97297e-06 0.0504643 
0.427364 0.208156 0.0161087 6.27892e-07 0.000705363 0.0239733 0.0688425 0.000135687 0.00355019 0.00020407 0.000507504 0.00984935 5.30335e-05 0.169978 0.00228753 0.0682842 
0.504967 0.124239 0.00299949 6.76349e-05 0.00073852 0.0335293 0.0243889 7.26483e-05 0.0166736 0.000131324 0.0202449 0.00884554 0.0284565 0.213886 0.00111644 0.0196425 
0.354558 0.161096 0.0797918 0.000217011 0.000593978 0.0238673 0.0733002 0.0903883 0.00199645 0.000433329 0.00314673 0.0178843 0.0189358 0.152415 0.00500305 0.0163726 
0.923726 0.00116683 0.0131929 5.24133e-05 1.24847e-05 0.00126773 0.0163133 8.61827e-05 7.30824e-05 1.04112e-05 0.0274636 0.0105146 0.00288668 0.000542519 0.000677873 0.00201317 
0.776071 0.114556 0.00237137 9.52647e-07 5.00842e-05 0.00251723 0.00483852 2.2342e-05 0.000938366 2.12997e-05 0.00168889 0.0132529 0.000181523 0.0742503 5.9283e-05 0.00918029 
0.334295 0.0879654 0.205481 5.43469e-05 2.75554e-05 0.00657636 0.0109641 0.000272162 0.00125368 0.000832608 0.0160032 0.0136338 0.0232102 0.223717 0.00874284 0.066971 
0.734757 0.122136 0.0270899 3.38512e-07 5.14426e-06 0.00215225 0.0285926 0.000160613 9.90227e-06 0.000265798 0.00753724 0.00193739 0.0354065 0.0365383 0.00262943 0.000781546 
0.372024 0.112713 0.0248465 1.88004e-05 0.170271 0.00898547 0.0370081 2.57246e-05 0.00296015 0.0023982 0.00225658 0.0259103 0.000388256 0.225923 0.00204083 0.0122292 
0.384684 0.214887 0.0888105 2.64803e-06 0.00135254 0.0176502 0.0308717 5.08582e-05 0.00318521 0.0013777 0.0116779 0.0134921 0.0193507 0.200292 0.000218449 0.0120959 
0.480733 0.0502102 0.0219321 4.25357e-10 2.40815e-05 0.000515349 0.0321799 3.30602e-05 0.000217917 0.00108318 0.0039986 0.0670352 0.0056307 0.25764 0.0562513 0.0225155 
0.478505 0.117591 0.0173229 8.80091e-09 0.00357181 0.00353153 0.0306415 1.38561e-12 3.95656e-05 8.39733e-06 0.00122022 0.000384053 0.000147338 0.346412 0.000100035 0.000524651 
0.422976 0.0891668 0.113448 4.20531e-12 0.0490718 0.107994 0.110617 7.21973e-05 0.0134772 0.000146573 0.0173052 0.00452424 0.0167695 0.0440138 0.000882555 0.00953465 
0.41931 0.19778 0.0933301 0.000966613 0.000146588 0.00645009 0.0361444 0.115003 0.000152136 0.000480958 0.00494565 0.00154128 0.0120426 0.0578531 0.00258208 0.051271 
0.568559 0.175839 0.0133379 4.24036e-05 2.34745e-05 0.00865484 0.031228 2.02385e-05 0.00663075 0.000300935 0.000778008 0.0181754 0.00100938 0.165636 0.00106444 0.00869991 
0.61466 0.0552626 0.00145122 1.27792e-07 5.66897e-06 0.0010252 0.0214033 2.38717e-06 4.67763e-05 6.78537e-05 0.00125268 0.00508713 7.85207e-06 0.288726 0.0010492 0.00995203 
0.690349 0.0380869 0.0912618 1.80953e-12 0.000163266 0.0106326 0.00611197 0.000234399 5.03293e-06 0.000637618 0.0668505 0.00211322 0.0849433 0.000872684 0.00535809 0.00237997 
0.498798 0.0701551 0.0371089 0.000987519 0.0896084 0.0094759 0.0732269 6.61964e-05 0.0031795 0.00121252 0.00433586 0.0257932 0.00419516 0.163341 0.00208997 0.0164256 
0.78013 0.02707 0.0386996 1.24875e-07 5.39207e-05 0.00143875 0.024493 4.13467e-05 0.000644911 0.000434898 0.00777568 0.0179892 0.00377898 0.0591685 0.000915346 0.0373659 
0.610138 0.0605265 0.0258794 8.71248e-09 6.51867e-05 0.100473 0.0177078 0.00788873 0.000128782 0.000132832 0.00167797 0.000871087 0.135904 0.0156794 0.000986925 0.0219405 
0.486389 0.145691 0.0926803 0.000177216 0.000440963 0.0496391 0.00476834 0.000475642 0.00143821 9.70055e-05 0.020067 0.00387483 0.000141985 0.090489 0.0249297 0.0787006 
0.767989 0.0102896 0.0610495 2.62051e-12 6.28992e-06 8.02322e-05 0.0155064 1.13661e-07 0.0020796 0.00316087 0.000676666 0.000345022 0.000690645 0.127483 0.000176775 0.0104657 
0.897892 0.0220573 0.0185467 2.08109e-08 3.32057e-05 0.00142409 0.00354116 7.72329e-08 0.000274897 0.0001302 0.000771765 0.000129051 8.08788e-05 0.0539368 0.000331248 0.000850161 
0.485703 0.105202 0.0399294 0.00043963 0.127379 0.00513925 0.0257655 4.21868e-05 0.002418 0.0010188 0.000974638 0.00685099 0.000697509 0.176334 4.68308e-05 0.0220593 
0.57363 0.0892049 0.0206643 4.95538e-06 0.00309824 0.0199516 0.0243938 0.000200468 0.000929901 0.00123565 0.0024803 0.00311725 0.00338969 0.211797 0.0245239 0.0213775 
0.849502 0.00537823 0.0654585 1.40313e-07 0.00442307 0.00307929 0.00654323 2.71826e-05 0.0179553 0.00158855 0.0066085 0.00046946 0.0114816 0.0137289 0.00149031 0.0122661 
0.829848 0.0127534 3.80248e-06 2.81356e-11 4.23195e-07 0.000660403 5.56501e-06 5.52752e-08 2.6827e-07 0.0730394 0.0782341 8.81859e-07 0.00545186 7.68448e-07 3.89648e-07 6.29171e-07 
0.923726 0.00116683 0.0131929 5.24133e-05 1.24847e-05 0.00126773 0.0163133 8.61827e-05 7.30824e-05 1.04112e-05 0.0274636 0.0105146 0.00288668 0.000542519 0.000677873 0.00201317 
0.363406 0.233316 0.0247478 0.000238557 0.000585432 0.0101554 0.028368 9.36083e-05 0.0052469 0.000690031 0.000766464 0.0174569 3.78074e-05 0.306049 6.13024e-05 0.00878109 
0.515054 0.286011 0.0186744 2.46624e-05 0.000518146 0.00403656 0.0135947 2.54953e-05 8.52975e-05 0.000228102 0.000914462 0.00978967 2.14427e-05 0.0906068 4.64146e-06 0.0604108 
0.604591 0.145471 0.0215539 0.000536785 0.00132583 0.00532204 0.0348679 2.35204e-05 0.000362511 0.000436685 0.00116658 0.00624623 5.25837e-05 0.172474 1.09643e-05 0.0055581 
0.396485 0.195473 0.0763298 2.83026e-07 5.09429e-07 0.000544432 0.00613112 2.48818e-05 0.000410768 9.11918e-08 0.00362251 0.00025436 0.054947 0.248188 3.97592e-05 0.0175491 
0.246896 0.118523 0.074796 3.67151e-05 0.000313774 0.145889 0.0272011 0.000164824 0.00323289 0.00407395 0.00152635 0.00239755 0.00267851 0.177473 0.000899655 0.193898 
0.356152 0.188501 0.039887 3.61287e-06 0.000365859 0.0552569 0.141305 0.000104909 0.00256664 0.000271643 0.000988928 0.0147319 5.16753e-05 0.18005 0.00125351 0.0185092 
0.717224 0.118715 0.00225554 6.84309e-08 0.000106925 0.00291397 0.00498737 7.21915e-05 0.000178428 6.29979e-05 0.00132823 0.0347301 0.000183053 0.0928511 0.000105023 0.0242858 
0.54109 0.0122439 0.108709 8.34052e-05 5.81563e-07 0.00130848 0.00955745 2.00256e-07 0.00312402 0.0138964 0.00478022 0.0063859 7.2223e-05 0.271238 0.000130454 0.0273802 
0.878817 0.00252497 0.0295512 3.07359e-06 0.000262378 0.000162443 0.00151517 2.03136e-08 0.000359882 8.42262e-05 0.00140214 0.00116323 9.4449e-05 0.0712569 7.06435e-05 0.0127321 
0.563565 0.151624 0.0132855 0.000173007 0.000248053 0.00658997 0.0329665 2.97602e-05 0.00900945 0.000742798 0.00029741 0.0132611 5.52045e-05 0.155923 1.70338e-05 0.0522121 
0.699989 0.0212847 0.0042912 3.89512e-06 2.86188e-05 0.00243117 0.0266018 1.10935e-06 0.000348263 0.000882068 0.00069592 0.0174707 7.33686e-05 0.222266 0.0015779 0.00205483 
0.500583 0.197302 0.0188419 9.33882e-06 0.000842493 0.043162 0.0388692 0.00209154 0.00097497 0.000232945 0.00704183 0.00567104 0.000149084 0.170977 2.77191e-05 0.0132242 
0.399616 0.104822 0.354307 1.99549e-05 4.83813e-05 0.00414274 0.0233591 0.000313893 0.000652864 0.000439983 0.00798766 0.00504368 0.0148955 0.0495871 0.00241452 0.0323497 
0.545499 0.193675 0.0606435 1.98212e-09 0.000505569 0.00010603 0.00652522 2.6866e-06 0.000126384 4.84401e-05 0.00600184 0.0255706 0.00016659 0.152591 6.06608e-05 0.00847797 
0.333321 0.178843 0.244113 4.70295e-05 0.00373293 0.0165976 0.0158827 0.00701096 0.0177781 0.00106537 0.0289312 0.0127445 0.00783288 0.0897508 0.00299588 0.0393529 
0.565442 0.16156 0.00342776 4.62484e-09 5.9673e-05 0.00414904 0.0201456 0.000256078 0.000763719 0.000182846 0.00509697 0.0962444 2.04496e-05 0.106307 0.00035105 0.0359929 
0.302817 0.0846249 0.0370258 1.33426e-06 1.28254e-05 0.300682 0.108932 0.000368178 0.0513961 7.85467e-05 0.0159256 0.00203872 0.00396203 0.0827343 0.00288598 0.0065149 
0.340984 0.0676925 0.0977463 0.00101712 1.73288e-05 0.00893405 0.0868351 9.34846e-05 0.000351837 0.000135575 0.00959192 0.0100806 0.00116173 0.32119 0.021563 0.0326057 
0.633896 0.119567 0.134057 1.80939e-05 1.80982e-05 1.81106e-05 1.81135e-05 1.80941e-05 1.81032e-05 1.80913e-05 0.112263 1.81117e-05 1.8109e-05 1.81136e-05 1.81005e-05 1.81112e-05 
0.840655 0.0168916 0.0251002 6.84792e-10 2.51938e-05 0.00132465 0.00572609 0.000115987 5.66639e-05 0.00119855 0.00941929 0.0107676 0.0312939 0.048034 0.00202454 0.00736678 
0.336536 0.247719 0.295609 0.000121227 0.000343375 0.0156485 0.0177867 2.65149e-05 0.0254485 0.00033075 0.00771532 0.00193388 0.00681665 0.0399909 0.00036762 0.0036056 
0.338599 0.137644 0.206129 4.46099e-06 1.03544e-05 1.21376e-08 0.0533986 3.89784e-06 0.000221074 0.00357009 0.00132362 0.000123725 3.90694e-08 0.226815 1.64804e-08 0.0321576 
0.57981 0.104059 0.0361561 1.6318e-06 0.000416264 0.0208211 0.0798634 9.91419e-05 0.00563696 0.00206908 0.0081887 0.00876671 0.00853741 0.120491 0.0229152 0.00216813 
0.51283 0.0540619 0.00288079 7.17029e-08 3.04372e-06 0.000828073 0.0208272 1.28552e-06 0.000607248 6.73628e-05 0.000804123 0.00359843 4.37721e-06 0.386709 0.000616107 0.0161606 
0.416487 0.197759 0.00103841 1.72714e-07 7.06426e-05 0.00197642 0.019594 1.09005e-05 0.00134773 7.10416e-05 0.000236536 0.00875702 5.20932e-06 0.342586 0.00114834 0.00891181 
0.51283 0.0540619 0.00288079 7.17029e-08 3.04372e-06 0.000828073 0.0208272 1.28552e-06 0.000607248 6.73628e-05 0.000804123 0.00359843 4.37721e-06 0.386709 0.000616107 0.0161606 
0.396485 0.195473 0.0763298 2.83026e-07 5.09429e-07 0.000544432 0.00613112 2.48818e-05 0.000410768 9.11918e-08 0.00362251 0.00025436 0.054947 0.248188 3.97592e-05 0.0175491 
0.357772 0.141159 0.00428193 9.20199e-09 7.75878e-05 0.00465546 0.000613378 9.22166e-05 0.00784554 5.97505e-05 0.0509716 7.72417e-05 0.270726 0.125058 3.25262e-05 0.0365774 
0.61466 0.0552626 0.00145122 1.27792e-07 5.66897e-06 0.0010252 0.0214033 2.38717e-06 4.67763e-05 6.78537e-05 0.00125268 0.00508713 7.85207e-06 0.288726 0.0010492 0.00995203 
0.364193 0.212468 0.0156222 1.01893e-05 0.00183328 0.0632072 0.0232251 9.19073e-05 0.000876768 0.0364236 0.00294002 0.040305 0.000488655 0.0982929 9.23411e-05 0.13993 
0.465372 0.0472319 0.018954 1.8979e-05 1.89769e-06 0.0291992 0.0106888 7.11977e-08 5.17039e-07 0.000158014 0.0247942 0.000846653 1.02016e-06 0.318515 0.000167597 0.0840503 
0.840655 0.0168916 0.0251002 6.84792e-10 2.51938e-05 0.00132465 0.00572609 0.000115987 5.66639e-05 0.00119855 0.00941929 0.0107676 0.0312939 0.048034 0.00202454 0.00736678 
0.275338 0.198953 0.0600665 0.000910634 0.0620543 0.0580055 0.0841287 0.000394649 0.0412482 0.000822141 0.000626521 0.00164621 0.002525 0.131009 0.00046438 0.0818078 
0.887695 0.00849835 0.0173705 1.06291e-09 0.000232241 0.00103802 0.0152687 2.93982e-05 4.43761e-05 0.000634503 0.00498633 0.00604646 0.0089656 0.0401695 0.00265257 0.00636861 
0.915371 0.00693846 0.0131347 2.55851e-08 0.000114313 0.000566703 0.00890976 9.09602e-06 6.65479e-05 0.00325027 0.00231822 0.00394008 0.00613047 0.03457 0.000531548 0.00414838 
0.252732 0.222207 0.228347 0.000267472 0.00227891 0.0279491 0.0343571 0.000118443 0.00159108 0.00020753 0.0184651 0.00498941 0.00217815 0.143674 0.00267192 0.0579657 
0.745782 0.0189655 0.0134624 4.15676e-06 4.48547e-05 0.000105473 0.0095939 5.45362e-07 0.000775532 0.00460324 0.00021114 0.00431352 8.01689e-05 0.192205 4.52602e-05 0.0098074 
0.964351 6.95388e-11 0.00180938 8.67582e-10 6.90414e-10 0.0294327 1.76332e-06 1.13514e-05 1.00325e-06 9.68791e-10 1.01127e-05 1.64274e-05 0.00172409 0.00232105 5.97735e-10 0.000320815 
0.658535 0.0142513 0.0298088 0.000185718 0.00049061 0.00730147 0.0774397 0.0439197 0.00180543 0.00344275 0.0349126 0.0889936 0.00286999 0.0193019 0.00141634 0.0153252 
0.707938 0.049417 0.0712583 2.79985e-09 0.000489932 0.00725468 0.022413 4.55257e-05 9.27323e-05 0.000871561 0.0654275 0.0127183 0.0169397 0.0275458 0.00275957 0.0148283 
0.577041 0.108477 0.0309125 1.20408e-07 0.000384838 0.0133995 0.0228759 1.19974e-05 0.0373997 0.000301151 0.0157405 0.0397668 0.000156773 0.109293 0.0389915 0.00524689 
0.923726 0.00116683 0.0131929 5.24133e-05 1.24847e-05 0.00126773 0.0163133 8.61827e-05 7.30824e-05 1.04112e-05 0.0274636 0.0105146 0.00288668 0.000542519 0.000677873 0.00201317 
0.558383 0.0871572 0.148715 8.81529e-08 0.000105834 0.0561062 0.0456493 1.6293e-05 0.000336324 0.00130495 0.00527851 0.0034312 0.00168644 0.0412968 0.00125855 0.0492739 
0.52174 5.33546e-07 0.23608 0.0143305 2.78604e-08 5.62109e-07 4.33275e-05 6.73367e-05 0.0188425 5.38428e-07 0.0257616 9.74292e-11 0.000394254 0.182268 3.32205e-07 0.000469868 
0.408721 0.108265 0.0164065 0.00102403 0.061751 0.0308129 0.0626531 0.00962835 0.0079055 0.00112846 0.0195419 0.0100922 0.0217353 0.192225 0.0151105 0.032999 
0.776071 0.114556 0.00237137 9.52647e-07 5.00842e-05 0.00251723 0.00483852 2.2342e-05 0.000938366 2.12997e-05 0.00168889 0.0132529 0.000181523 0.0742503 5.9283e-05 0.00918029 
0.408092 0.0491455 0.0516433 0.000247904 0.00132062 0.0459453 0.0330448 0.000260502 0.00135122 0.00126004 0.356322 0.00166575 0.000296658 0.0443126 4.23485e-05 0.00504971 
0.747328 0.0304914 0.0349701 0.000588794 1.65636e-05 0.000996555 0.0121163 7.75408e-09 0.00169112 5.2958e-05 5.10292e-05 0.000306341 0.000169886 0.153368 4.65642e-05 0.017806 
0.537447 0.139074 0.00992275 1.35866e-11 0.0158897 0.0368673 0.0498234 1.42458e-07 0.0003668 0.000293395 0.00175049 0.00189762 0.000572843 0.201181 0.00237884 0.00253536 
0.26246 0.136519 0.0668992 3.59591e-07 5.45445e-06 0.0211449 0.200798 6.41056e-09 0.228297 0.00388585 0.0254649 0.000474188 0.00144617 0.02887 0.00091844 0.0228164 
0.840655 0.0168916 0.0251002 6.84792e-10 2.51938e-05 0.00132465 0.00572609 0.000115987 5.66639e-05 0.00119855 0.00941929 0.0107676 0.0312939 0.048034 0.00202454 0.00736678 
0.96308 0.00831671 0.0115271 1.41385e-08 4.97516e-05 0.00213596 0.00464906 1.13341e-07 7.30307e-05 0.00019504 0.000755399 0.000193531 0.000121273 0.00832862 0.000148387 0.000426345 
0.559767 0.263645 0.0203415 6.71387e-06 0.0114383 0.0162658 0.00405928 0.000312091 0.000860557 0.00337699 0.00108636 0.00213283 0.000121224 0.0490353 8.42578e-06 0.0675425 
0.373903 0.156628 0.0290695 2.85159e-05 7.76592e-05 0.00389725 0.132736 9.36436e-05 0.000119993 0.00056525 0.00148693 0.0647767 0.00113036 0.153497 0.000309307 0.0816812 
0.694179 0.00981757 0.0254151 2.04768e-07 0.000253811 0.000563268 0.0464253 8.40484e-06 0.00102793 0.000919751 0.00185054 0.118593 0.000173875 0.0567063 0.000191941 0.0438745 
0.467536 0.0371334 0.215616 0.00136054 0.000112573 0.0287509 0.0778533 0.00205023 0.00101278 0.000418663 0.00441061 0.0155413 0.0176266 0.121382 0.00150496 0.007691 
0.678176 0.143969 0.0154289 9.68782e-08 0.00761629 0.00111982 0.00824313 2.43131e-05 3.96305e-08 0.000103986 0.000342566 0.000787737 7.2542e-08 0.112989 1.30515e-05 0.0311864 
0.357368 0.024204 0.343472 0.00485244 0.000392008 0.00839109 0.0270472 0.0021437 0.0312427 0.0111313 0.00448231 0.0066461 0.00563075 0.110401 0.000648256 0.0619478 
0.739352 0.059471 0.0196485 0.000155495 0.00072541 0.00237053 0.0267327 9.84072e-06 0.000211252 0.00314386 0.00180791 0.0111655 0.000255813 0.128854 4.71896e-05 0.00604921 
0.46407 0.141069 0.0079245 2.5291e-09 8.63743e-05 0.000161548 0.00102493 9.11325e-08 0.000234565 2.31718e-05 8.54423e-05 1.29799e-05 1.70042e-05 0.373958 1.67721e-05 0.0113158 
0.396485 0.195473 0.0763298 2.83026e-07 5.09429e-07 0.000544432 0.00613112 2.48818e-05 0.000410768 9.11918e-08 0.00362251 0.00025436 0.054947 0.248188 3.97592e-05 0.0175491 
0.51283 0.0540619 0.00288079 7.17029e-08 3.04372e-06 0.000828073 0.0208272 1.28552e-06 0.000607248 6.73628e-05 0.000804123 0.00359843 4.37721e-06 0.386709 0.000616107 0.0161606 
0.338599 0.137644 0.206129 4.46099e-06 1.03544e-05 1.21376e-08 0.0533986 3.89784e-06 0.000221074 0.00357009 0.00132362 0.000123725 3.90694e-08 0.226815 1.64804e-08 0.0321576 
0.480733 0.0502102 0.0219321 4.25357e-10 2.40815e-05 0.000515349 0.0321799 3.30602e-05 0.000217917 0.00108318 0.0039986 0.0670352 0.0056307 0.25764 0.0562513 0.0225155 
0.317529 0.0818716 0.0368087 9.13474e-05 0.00010354 0.088724 0.0211036 1.286e-05 0.0155821 0.000375805 0.000528925 0.012648 4.80264e-05 0.242087 1.55184e-05 0.18247 
0.746999 0.0424385 0.0659947 1.82914e-07 4.95931e-05 0.00151835 0.0388466 0.00058391 0.00141583 0.00251419 0.00501051 0.00337886 0.00822861 0.0620692 0.000619938 0.0203316 
0.607349 0.275784 0.0357643 0.000469951 0.00012625 0.00356355 0.00193296 0.000531252 2.95038e-05 0.000542877 0.00958083 0.000480118 0.00374207 0.0437383 0.00203069 0.0143342 
0.807349 0.0154656 0.0607235 7.3115e-13 0.000253849 0.000629733 0.00694363 3.11101e-05 3.93212e-05 0.00077464 0.00643975 0.0460484 0.00959139 0.039921 0.00145986 0.0043291 
0.61466 0.0552626 0.00145122 1.27792e-07 5.66897e-06 0.0010252 0.0214033 2.38717e-06 4.67763e-05 6.78537e-05 0.00125268 0.00508713 7.85207e-06 0.288726 0.0010492 0.00995203 
0.819198 0.0408947 0.0200656 7.5966e-07 1.65375e-06 0.0153331 0.000953315 1.09503e-05 0.000983381 2.05816e-07 0.00291835 0.000208354 0.00100223 0.00380501 6.83483e-05 0.0945555 
0.96308 0.00831671 0.0115271 1.41385e-08 4.97516e-05 0.00213596 0.00464906 1.13341e-07 7.30307e-05 0.00019504 0.000755399 0.000193531 0.000121273 0.00832862 0.000148387 0.000426345 
0.781158 0.0702357 0.000446711 1.06946e-09 0.000186607 0.00171228 0.0016997 9.86224e-05 0.000121549 9.27784e-05 0.000113901 0.018805 6.83179e-06 0.0827591 1.24103e-05 0.0425503 
0.530939 0.0455847 0.00183331 4.03189e-09 6.20105e-06 0.00083149 0.00490428 9.04942e-07 0.000194722 3.07843e-05 4.88314e-05 0.00430338 2.63419e-05 0.40779 7.60577e-05 0.00342967 
0.396413 0.213461 0.217568 0.000213234 0.00138 0.0438755 0.0152665 0.00278386 0.000109114 0.000822938 0.00330534 0.0229057 0.000284299 0.0531788 8.32781e-05 0.0283493 
0.955261 0.00931224 0.01199 3.70542e-12 4.38827e-05 1.93265e-06 0.00454754 4.95097e-07 4.22915e-06 5.97844e-05 0.00112133 0.00012011 0.000439189 0.0167017 2.48908e-05 0.00037218 
0.51283 0.0540619 0.00288079 7.17029e-08 3.04372e-06 0.000828073 0.0208272 1.28552e-06 0.000607248 6.73628e-05 0.000804123 0.00359843 4.37721e-06 0.386709 0.000616107 0.0161606 
