0.694179 0.00981757 0.0254151 2.04768e-07 0.000253811 0.000563268 0.0464253 8.40484e-06 0.00102793 0.000919751 0.00185054 0.118593 0.000173875 0.0567063 0.000191941 0.0438745 
0.335142 0.297955 0.0790943 4.80172e-06 0.0070767 0.0290666 0.0416462 0.000412801 0.0409525 0.0762493 0.00142884 0.01304 0.000116671 0.0542738 0.000108382 0.023432 
0.964351 6.95388e-11 0.00180938 8.67582e-10 6.90414e-10 0.0294327 1.76332e-06 1.13514e-05 1.00325e-06 9.68791e-10 1.01127e-05 1.64274e-05 0.00172409 0.00232105 5.97735e-10 0.000320815 
0.232938 0.199085 0.0850239 0.00155702 0.00511649 0.0445469 0.0560874 0.0194528 0.0135625 0.00222675 0.00417826 0.0194147 0.00190288 0.206037 0.00152728 0.107343 
0.382149 0.0253417 0.348066 2.98459e-11 6.04637e-06 0.000108533 0.000258065 5.30336e-08 0.000107471 2.28703e-05 0.183245 5.46814e-06 6.72647e-05 0.059891 0.000248955 0.000483307 
0.687411 0.0296207 0.043502 3.08152e-09 0.00125705 0.0143565 0.108654 0.00135366 0.000138693 0.00290831 0.00899131 0.0146757 0.00610968 0.0632062 0.000588673 0.0172264 
0.61466 0.0552626 0.00145122 1.27792e-07 5.66897e-06 0.0010252 0.0214033 2.38717e-06 4.67763e-05 6.78537e-05 0.00125268 0.00508713 7.85207e-06 0.288726 0.0010492 0.00995203 
0.382381 0.0616145 0.0849589 0.00183652 0.00204179 0.0165932 0.0627267 0.000511215 0.00992258 0.00103337 0.0161339 0.0112603 0.00779383 0.278302 0.00913876 0.0537517 
0.26246 0.136519 0.0668992 3.59591e-07 5.45445e-06 0.0211449 0.200798 6.41056e-09 0.228297 0.00388585 0.0254649 0.000474188 0.00144617 0.02887 0.00091844 0.0228164 
0.633073 0.0360658 0.0241518 5.82699e-06 0.000120454 0.00375283 0.175058 4.77355e-05 0.00102388 0.00137518 0.00413049 0.0234047 0.00252723 0.0720628 0.018697 0.00450338 
0.629885 0.0312743 0.0694318 3.27077e-05 3.77905e-05 0.0211495 0.0379849 3.96145e-07 0.0164247 0.00336637 0.00345067 0.00342899 0.000284259 0.168297 0.00022211 0.0147304 
0.71214 0.0185541 0.0591702 1.18874e-09 9.45987e-10 0.039049 0.0933062 2.27436e-07 0.00343753 2.74379e-06 0.000710709 0.00165964 7.90678e-05 0.0500795 0.000198546 0.021613 
0.776071 0.114556 0.00237137 9.52647e-07 5.00842e-05 0.00251723 0.00483852 2.2342e-05 0.000938366 2.12997e-05 0.00168889 0.0132529 0.000181523 0.0742503 5.9283e-05 0.00918029 
0.819198 0.0408947 0.0200656 7.5966e-07 1.65375e-06 0.0153331 0.000953315 1.09503e-05 0.000983381 2.05816e-07 0.00291835 0.000208354 0.00100223 0.00380501 6.83483e-05 0.0945555 
0.202829 0.178817 0.158144 3.16422e-06 0.00233889 0.03035 0.0611864 0.000464853 0.00637508 2.55201e-05 0.164704 0.0247253 0.0756677 0.0427799 0.00295211 0.0486372 
0.601845 0.0546999 0.014642 6.55389e-07 1.55395e-05 0.00102457 0.0279557 5.42504e-05 0.000226532 8.57941e-05 0.0130247 0.00613677 0.00274552 0.233357 0.0128435 0.0313422 
0.235044 0.0450968 0.114894 7.4296e-05 0.185649 0.0740525 0.0868295 0.00993449 0.00373141 0.000225411 0.105858 0.0261378 0.0148811 0.0876217 0.00299302 0.00697664 
0.876286 0.0103928 0.0143969 1.82767e-09 0.000191569 0.00265023 0.0319992 9.66092e-05 4.67663e-05 0.00025745 0.0255739 0.0140676 0.0129673 0.003916 0.00605784 0.00109987 
0.694179 0.00981757 0.0254151 2.04768e-07 0.000253811 0.000563268 0.0464253 8.40484e-06 0.00102793 0.000919751 0.00185054 0.118593 0.000173875 0.0567063 0.000191941 0.0438745 
0.337408 0.120392 0.129841 0.00177372 0.000420974 0.00557215 0.0355201 1.73345e-05 0.0448653 0.00112308 0.00397162 0.0209124 0.00973847 0.234612 0.0075806 0.0462505 
0.716626 0.104083 0.0154656 0.000432719 0.00100306 0.00385791 0.0249999 2.55119e-05 0.000281229 0.00035765 0.000874369 0.00453082 4.4811e-05 0.123389 1.23862e-05 0.00401619 
0.767989 0.0102896 0.0610495 2.62051e-12 6.28992e-06 8.02322e-05 0.0155064 1.13661e-07 0.0020796 0.00316087 0.000676666 0.000345022 0.000690645 0.127483 0.000176775 0.0104657 
0.51283 0.0540619 0.00288079 7.17029e-08 3.04372e-06 0.000828073 0.0208272 1.28552e-06 0.000607248 6.73628e-05 0.000804123 0.00359843 4.37721e-06 0.386709 0.000616107 0.0161606 
0.565442 0.16156 0.00342776 4.62484e-09 5.9673e-05 0.00414904 0.0201456 0.000256078 0.000763719 0.000182846 0.00509697 0.0962444 2.04496e-05 0.106307 0.00035105 0.0359929 
0.794766 0.00162041 0.00866237 9.04107e-11 4.75992e-05 0.00158374 0.00683618 5.77233e-05 2.25954e-07 1.38165e-05 0.0122414 0.138682 0.0332846 0.00155768 0.000376501 0.000269735 
0.300948 0.0657504 0.0189562 0.000242916 0.00773789 0.0411071 0.0940375 0.0377446 0.0247957 0.00672535 0.00055435 0.000757281 0.00109354 0.163208 0.155166 0.081175 
0.537447 0.139074 0.00992275 1.35866e-11 0.0158897 0.0368673 0.0498234 1.42458e-07 0.0003668 0.000293395 0.00175049 0.00189762 0.000572843 0.201181 0.00237884 0.00253536 
0.396485 0.195473 0.0763298 2.83026e-07 5.09429e-07 0.000544432 0.00613112 2.48818e-05 0.000410768 9.11918e-08 0.00362251 0.00025436 0.054947 0.248188 3.97592e-05 0.0175491 
0.707885 0.104276 0.0166991 0.000636836 0.00116371 0.00443386 0.0269547 2.58518e-05 0.00028849 0.000440916 0.000966936 0.00658096 5.56168e-05 0.125384 1.21547e-05 0.00419623 
0.923726 0.00116683 0.0131929 5.24133e-05 1.24847e-05 0.00126773 0.0163133 8.61827e-05 7.30824e-05 1.04112e-05 0.0274636 0.0105146 0.00288668 0.000542519 0.000677873 0.00201317 
0.51283 0.0540619 0.00288079 7.17029e-08 3.04372e-06 0.000828073 0.0208272 1.28552e-06 0.000607248 6.73628e-05 0.000804123 0.00359843 4.37721e-06 0.386709 0.000616107 0.0161606 
0.459814 0.115915 0.0213452 5.68917e-05 9.72172e-05 0.0323987 0.012813 0.000376625 0.00160674 0.000152694 0.0281641 0.00271485 0.115225 0.165666 0.00040932 0.0432449 
0.419734 0.102999 0.120586 4.62621e-06 0.000521783 0.0201201 0.0428071 6.23081e-06 0.00213673 0.0495866 0.0165342 0.0280444 0.000391602 0.187336 0.000286245 0.00890477 
0.617127 0.225249 0.0185257 4.79631e-06 0.00817025 0.0116185 0.00564091 0.000229959 0.000662223 0.00241215 0.00101476 0.00179934 0.00011188 0.0566677 6.01897e-06 0.05076 
0.344531 0.125671 0.0336646 0.000399472 0.000260578 0.0527673 0.133987 0.00437546 0.00862357 0.000239319 0.00531048 0.00357972 0.000162852 0.273406 0.000189869 0.0128311 
0.306684 0.196435 0.232042 5.35735e-05 0.00177754 0.0057153 0.0337859 0.00689023 0.00329219 0.0024844 0.00971424 0.0266276 0.00810921 0.135015 0.00313617 0.0282367 
0.611815 0.254413 0.00459003 0.000198695 7.43375e-05 0.0090468 0.00492634 0.000462385 0.000384696 1.7161e-05 0.00186488 7.85226e-05 1.15509e-05 0.0927886 0.000103655 0.0192243 
0.838301 0.00641433 0.0818389 2.5527e-09 3.50211e-05 0.00252513 0.00644644 7.56974e-06 9.04842e-06 0.000799687 0.0114274 0.000292448 0.00362419 0.0470799 0.000301981 0.000896513 
0.330208 0.172457 0.00453706 3.66057e-08 8.1101e-05 0.00602209 0.00130275 5.43419e-05 0.000592718 0.000280847 0.00304392 0.000551126 2.21572e-05 0.152816 3.01948e-05 0.328001 
0.945954 0.00622249 0.0211564 3.40861e-12 1.88941e-05 0.00134503 0.00132523 2.94272e-05 7.54654e-06 2.57735e-05 0.00753025 0.00120799 0.0105736 0.00193854 0.00150064 0.00116414 
0.543231 0.18908 0.00459157 9.77493e-09 5.97008e-05 0.00822554 0.02218 0.00032286 0.000763798 0.000182924 0.0058343 0.0772939 2.0473e-05 0.102218 0.000351115 0.0456457 
0.349293 0.0503779 0.176574 1.04734e-11 0.00079241 0.00892956 0.0759328 7.30916e-06 0.000575182 0.00131788 0.018243 0.00780943 0.00328703 0.295281 0.00292196 0.00865755 
0.384706 0.0152698 0.122772 8.43867e-09 0.285321 0.0344952 0.0213573 4.52795e-05 0.0218971 0.0025728 0.0821643 0.00435607 0.0144172 0.00873605 7.54889e-05 0.00181362 
0.840655 0.0168916 0.0251002 6.84792e-10 2.51938e-05 0.00132465 0.00572609 0.000115987 5.66639e-05 0.00119855 0.00941929 0.0107676 0.0312939 0.048034 0.00202454 0.00736678 
0.532944 0.0622721 0.0270725 2.83597e-06 7.65774e-05 0.00462161 0.0555423 6.59845e-06 0.00611069 0.00389567 0.000205001 0.00494238 0.000218122 0.217053 0.00364875 0.0813879 
0.557342 0.118434 0.0159318 1.15759e-05 1.22873e-05 0.0108866 0.0487849 2.48625e-06 0.00733819 0.000481066 0.000719484 0.010364 0.000596615 0.22257 0.000931437 0.00559362 
0.523689 0.0259455 0.1801 9.46352e-06 4.31987e-05 0.0073968 0.0031216 0.000194709 0.000267197 0.00901851 0.158386 0.00198164 0.073808 0.00814393 0.00248831 0.00540646 
0.453376 0.128189 0.0725246 2.38486e-05 0.00155489 0.0124362 0.0458561 8.98605e-05 0.000883018 0.17163 0.0475007 0.0110336 0.00350866 0.0248985 0.00614766 0.0203474 
0.508124 0.0745565 0.00362991 2.09404e-08 2.64448e-05 0.000565743 0.00331273 2.19351e-06 0.000637615 9.8668e-05 6.5206e-05 0.0020486 3.07807e-05 0.393566 5.39409e-05 0.0132818 
0.368618 0.234223 0.0571816 8.36422e-05 9.62843e-05 0.0226243 0.0414281 6.87172e-05 0.000147897 4.46692e-05 0.000953623 0.00243717 4.20605e-05 0.13827 1.89594e-05 0.133762 
0.829848 0.0127534 3.80248e-06 2.81356e-11 4.23195e-07 0.000660403 5.56501e-06 5.52752e-08 2.6827e-07 0.0730394 0.0782341 8.81859e-07 0.00545186 7.68448e-07 3.89648e-07 6.29171e-07 
0.753259 0.0626924 0.0396423 9.10611e-10 0.000225927 0.00372573 0.0256395 2.7044e-05 0.000101817 0.000151799 0.0135024 0.00576961 0.00647702 0.0719126 0.000938399 0.0159346 
0.530939 0.0455847 0.00183331 4.03189e-09 6.20105e-06 0.00083149 0.00490428 9.04942e-07 0.000194722 3.07843e-05 4.88314e-05 0.00430338 2.63419e-05 0.40779 7.60577e-05 0.00342967 
0.858848 0.0105313 0.0254082 1.59513e-05 2.91257e-05 0.00805823 0.0318124 0.00039127 0.00108991 0.000266911 0.00497196 0.00755597 0.000216876 0.0230736 3.8738e-05 0.0276913 
0.635667 0.0431632 0.0275488 1.06878e-05 9.26666e-05 0.0132584 0.0270513 0.000127779 0.00342941 8.32007e-05 0.0220394 0.000898572 0.000252712 0.20971 5.8421e-05 0.0166089 
0.819198 0.0408947 0.0200656 7.5966e-07 1.65375e-06 0.0153331 0.000953315 1.09503e-05 0.000983381 2.05816e-07 0.00291835 0.000208354 0.00100223 0.00380501 6.83483e-05 0.0945555 
0.429581 0.123656 0.063397 6.47627e-05 0.000432219 0.00639318 0.0158582 3.85293e-05 0.000781768 0.000134852 0.165354 0.0115128 0.00306307 0.160323 4.85316e-05 0.0193611 
0.48688 0.0938444 0.0378195 1.60967e-07 1.0215e-05 0.00377841 0.0590967 4.48975e-06 5.14523e-07 0.000593365 0.00408603 0.000286018 0.000447536 0.306274 7.54077e-06 0.00687165 
0.955261 0.00931224 0.01199 3.70542e-12 4.38827e-05 1.93265e-06 0.00454754 4.95097e-07 4.22915e-06 5.97844e-05 0.00112133 0.00012011 0.000439189 0.0167017 2.48908e-05 0.00037218 
0.51283 0.0540619 0.00288079 7.17029e-08 3.04372e-06 0.000828073 0.0208272 1.28552e-06 0.000607248 6.73628e-05 0.000804123 0.00359843 4.37721e-06 0.386709 0.000616107 0.0161606 
0.417079 0.175223 0.0191077 3.74089e-11 0.00221361 0.0238898 0.0476671 1.72659e-07 9.35241e-07 3.00807e-07 0.0537215 0.0708861 1.28254e-06 0.190207 1.94592e-06 4.90034e-07 
0.567467 0.029758 0.15433 0.00220041 5.23992e-05 0.0333952 0.0949857 7.19282e-05 0.00344163 0.0340802 0.0138706 0.00100454 0.00175798 0.0483503 0.00115034 0.0140837 
0.362897 0.104126 0.214991 0.00735635 0.00197023 0.00447837 0.121254 6.9854e-05 0.00708712 0.00146912 0.0198201 0.00429377 0.00248808 0.102435 0.000869099 0.0443948 
0.80021 0.0376129 0.0986393 1.25902e-07 0.000652411 0.000994841 0.0223841 4.5804e-09 0.00077693 0.000174354 0.00337478 3.95897e-05 0.000495856 0.0335668 7.42652e-05 0.00100398 
0.906163 0.00797266 0.0250204 2.60367e-12 4.37138e-05 0.00100268 0.00307727 6.73873e-05 6.19259e-06 0.00188546 0.00797082 0.000801481 0.029715 0.0124752 0.0013009 0.00249768 
0.72797 0.0423273 0.0789725 7.11569e-11 7.47918e-05 0.0313328 0.0585856 0.00264752 0.00273988 0.000403911 0.0119406 0.00183625 0.0198945 0.0115611 0.00268751 0.00702559 
0.380648 0.0354676 0.0370562 8.40806e-05 2.95314e-05 0.00371887 0.0618638 5.65957e-05 0.0131865 0.000703882 0.0103018 0.0531525 0.00125126 0.197267 0.00107486 0.204138 
0.955261 0.00931224 0.01199 3.70542e-12 4.38827e-05 1.93265e-06 0.00454754 4.95097e-07 4.22915e-06 5.97844e-05 0.00112133 0.00012011 0.000439189 0.0167017 2.48908e-05 0.00037218 
0.39116 0.17466 0.0438115 0.000194444 0.00180671 0.0928887 0.0820645 0.000102214 0.00236875 0.000325402 0.0331826 0.0135393 0.00166114 0.137843 0.000694205 0.0236966 
0.426433 0.247992 0.0272002 0.000394763 0.00556025 0.0216443 0.0291589 0.000164167 0.000493102 0.000731046 0.0107437 0.0222154 0.0031382 0.178876 0.00733764 0.0179177 
0.838301 0.00641433 0.0818389 2.5527e-09 3.50211e-05 0.00252513 0.00644644 7.56974e-06 9.04842e-06 0.000799687 0.0114274 0.000292448 0.00362419 0.0470799 0.000301981 0.000896513 
0.906163 0.00797266 0.0250204 2.60367e-12 4.37138e-05 0.00100268 0.00307727 6.73873e-05 6.19259e-06 0.00188546 0.00797082 0.000801481 0.029715 0.0124752 0.0013009 0.00249768 
0.955261 0.00931224 0.01199 3.70542e-12 4.38827e-05 1.93265e-06 0.00454754 4.95097e-07 4.22915e-06 5.97844e-05 0.00112133 0.00012011 0.000439189 0.0167017 2.48908e-05 0.00037218 
0.326483 0.227915 0.00503128 6.61574e-08 0.00987384 0.00507366 0.00549008 0.000230153 0.000678691 0.000278095 0.00153654 0.00349509 6.48242e-05 0.274801 1.81871e-05 0.139031 
0.26246 0.136519 0.0668992 3.59591e-07 5.45445e-06 0.0211449 0.200798 6.41056e-09 0.228297 0.00388585 0.0254649 0.000474188 0.00144617 0.02887 0.00091844 0.0228164 
0.869245 0.0168714 0.0205404 6.69969e-06 2.37084e-05 0.0223336 0.0356738 1.13286e-05 0.00156855 0.000360058 0.0017806 0.000170711 0.000312518 0.030089 0.000140641 0.000872361 
0.32887 0.123194 0.0301946 0.000237353 0.00151592 0.122426 0.179128 9.95891e-05 0.000688965 0.0107397 0.0387127 0.00327508 0.0115659 0.131763 0.00560208 0.0119856 
0.912095 0.00562213 0.0113406 6.44305e-10 0.000194893 9.19861e-05 0.00977923 4.7699e-07 4.13266e-05 0.00449219 0.00145664 0.00327778 0.000708628 0.0471599 0.000123293 0.00361634 
0.681781 0.0349814 0.0522281 1.95696e-07 0.00223344 0.0480665 0.0478013 9.91525e-06 0.00305578 0.00710866 0.0226052 0.000768174 0.00371936 0.0799715 0.000144306 0.015525 
0.367111 0.13886 0.00898154 3.40436e-10 0.000225712 0.244422 0.0259306 4.11382e-05 0.0021894 0.000291308 0.00201499 0.00203901 0.00012111 0.198016 7.84631e-07 0.00975574 
0.61466 0.0552626 0.00145122 1.27792e-07 5.66897e-06 0.0010252 0.0214033 2.38717e-06 4.67763e-05 6.78537e-05 0.00125268 0.00508713 7.85207e-06 0.288726 0.0010492 0.00995203 
0.458392 0.0778339 0.0256442 1.27087e-08 4.33045e-05 0.00757344 0.155066 5.67043e-05 0.00113185 0.0020397 0.0145179 0.0924944 0.00635887 0.127836 0.00786915 0.0231433 
0.61466 0.0552626 0.00145122 1.27792e-07 5.66897e-06 0.0010252 0.0214033 2.38717e-06 4.67763e-05 6.78537e-05 0.00125268 0.00508713 7.85207e-06 0.288726 0.0010492 0.00995203 
0.620977 0.0538946 0.0752123 0.000259407 0.00180804 0.0306994 0.0590291 8.07268e-05 0.00303504 7.16345e-05 0.0843343 0.0249422 0.00903315 0.025021 0.00227056 0.00933143 
0.475907 0.0114373 0.0253499 2.80175e-06 8.54053e-05 0.000982134 0.00719093 5.83941e-05 0.000165709 0.00206503 0.0112884 0.00258742 0.423439 0.0344556 0.000610766 0.0043743 
0.537447 0.139074 0.00992275 1.35866e-11 0.0158897 0.0368673 0.0498234 1.42458e-07 0.0003668 0.000293395 0.00175049 0.00189762 0.000572843 0.201181 0.00237884 0.00253536 
0.325196 0.0268333 0.127533 0.00874752 6.3544e-05 0.312324 0.0354701 9.66146e-05 0.0055749 0.0494795 0.0411911 0.000883612 0.00138267 0.0351651 0.000725269 0.0293344 
0.442056 0.355499 0.0354824 2.46618e-05 0.00034755 0.00429271 0.00667483 2.24392e-05 0.000140341 0.000222243 0.00119266 0.0157784 2.83035e-05 0.07421 9.12014e-06 0.0640198 
0.398971 0.12325 0.176756 0.00211214 0.000161325 0.0439852 0.0235498 0.000163956 0.00327231 0.000981324 0.00517771 0.00454436 0.0228434 0.0421976 0.00100978 0.151025 
0.330731 0.0181214 0.24992 1.18377e-07 8.90932e-05 0.000162819 0.000244915 9.12714e-08 0.000436957 2.77729e-05 4.1809e-08 1.01069e-11 2.62302e-08 0.322419 6.05882e-06 0.0778407 
0.235256 0.185328 0.222558 0.000256138 0.00282227 0.00481087 0.0262917 9.57851e-05 0.00514737 0.00104097 0.00801522 0.0165259 0.00811802 0.167454 0.0420661 0.0742142 
0.30597 0.0470555 0.111282 4.47144e-08 4.53474e-05 0.157438 0.10279 5.91085e-05 0.0012549 0.000131372 0.0976301 0.000637005 6.10844e-06 0.172962 0.000236746 0.00250197 
0.445371 0.0598969 0.205417 0.000441068 5.40306e-05 0.0414917 0.00624935 7.27546e-06 0.00313935 0.00311914 0.0197553 0.0314187 0.000637855 0.151353 8.24931e-05 0.0315659 
0.226709 0.0943303 0.0637078 7.17095e-11 0.000363044 0.199546 0.21501 0.00150144 0.000670358 0.000237148 0.00186646 0.00404581 1.2588e-06 0.18405 2.81924e-07 0.007961 
0.34653 0.0510601 0.222146 9.41624e-06 6.09527e-06 0.000789247 0.00612564 6.18166e-05 0.000638517 0.000359944 0.00379971 0.00813061 0.084518 0.184309 0.00133624 0.0901795 
0.923726 0.00116683 0.0131929 5.24133e-05 1.24847e-05 0.00126773 0.0163133 8.61827e-05 7.30824e-05 1.04112e-05 0.0274636 0.0105146 0.00288668 0.000542519 0.000677873 0.00201317 
0.776071 0.114556 0.00237137 9.52647e-07 5.00842e-05 0.00251723 0.00483852 2.2342e-05 0.000938366 2.12997e-05 0.00168889 0.0132529 0.000181523 0.0742503 5.9283e-05 0.00918029 
0.827584 0.0253308 0.0218247 0.000493436 1.19762e-05 0.00166492 0.00873448 1.95313e-07 0.00120472 3.81942e-05 0.000658786 0.000190974 0.000107303 0.100975 3.35432e-05 0.0111469 
0.725749 0.0234807 0.0164697 6.50259e-07 2.93621e-09 0.00779128 0.0382589 1.19335e-05 0.0111856 0.000408453 8.15402e-06 0.0022513 0.00267821 0.151292 0.0186464 0.00176826 
0.209988 0.0828358 0.0755439 0.00125847 0.00189051 0.139698 0.0949259 0.0155483 0.000378509 0.000792529 0.0228178 0.00981194 0.0105552 0.118541 0.160691 0.0547217 
0.344505 0.0384634 0.0114847 3.65069e-05 0.00028911 0.00189239 0.0779282 0.000280203 0.0135895 0.0839023 4.54055e-05 0.07593 8.51896e-06 0.230382 0.00763434 0.113628 
0.776071 0.114556 0.00237137 9.52647e-07 5.00842e-05 0.00251723 0.00483852 2.2342e-05 0.000938366 2.12997e-05 0.00168889 0.0132529 0.000181523 0.0742503 5.9283e-05 0.00918029 
0.912095 0.00562213 0.0113406 6.44305e-10 0.000194893 9.19861e-05 0.00977923 4.7699e-07 4.13266e-05 0.00449219 0.00145664 0.00327778 0.000708628 0.0471599 0.000123293 0.00361634 
0.781158 0.0702357 0.000446711 1.06946e-09 0.000186607 0.00171228 0.0016997 9.86224e-05 0.000121549 9.27784e-05 0.000113901 0.018805 6.83179e-06 0.0827591 1.24103e-05 0.0425503 
0.530858 0.0931464 0.0517543 6.63208e-07 0.00502949 0.0100913 0.0810217 9.96509e-05 0.000915657 0.00230941 0.00358202 0.0331784 0.00342258 0.155562 0.00118906 0.0278386 
0.26246 0.136519 0.0668992 3.59591e-07 5.45445e-06 0.0211449 0.200798 6.41056e-09 0.228297 0.00388585 0.0254649 0.000474188 0.00144617 0.02887 0.00091844 0.0228164 
0.898106 0.026715 0.0246661 1.30029e-12 8.3114e-05 0.00105166 0.00606881 0.000313849 1.96566e-05 0.000793157 0.00435053 0.000699735 0.00740634 0.0258674 0.00056373 0.00329539 
0.849085 0.0386926 0.00428564 1.93031e-07 0.000104015 0.0499304 0.0118141 1.46003e-05 0.000114263 9.03254e-06 0.00215369 0.00162725 0.0001266 0.0385796 4.68502e-05 0.00341604 
0.640804 0.12751 0.0221616 0.00086612 0.00150007 0.00593554 0.0371421 3.34973e-05 0.00030565 0.000596834 0.0012149 0.00901647 7.49204e-05 0.147229 1.00844e-05 0.0055995 
0.314722 0.242282 0.0920871 0.000267869 0.0045598 0.0035456 0.0395574 0.000286868 0.000328697 0.00113825 0.0139888 0.0190369 0.0473455 0.181149 0.00893392 0.0307705 
0.625408 0.047022 0.0626449 7.1361e-07 0.105193 0.00793467 0.0243638 7.38233e-06 0.00460927 0.00138844 0.00569571 0.0241683 0.00147934 0.0764366 0.000119259 0.0135286 
0.530939 0.0455847 0.00183331 4.03189e-09 6.20105e-06 0.00083149 0.00490428 9.04942e-07 0.000194722 3.07843e-05 4.88314e-05 0.00430338 2.63419e-05 0.40779 7.60577e-05 0.00342967 
0.776071 0.114556 0.00237137 9.52647e-07 5.00842e-05 0.00251723 0.00483852 2.2342e-05 0.000938366 2.12997e-05 0.00168889 0.0132529 0.000181523 0.0742503 5.9283e-05 0.00918029 
0.523903 0.0830437 0.137433 7.92658e-07 2.07557e-08 0.00638867 0.0725007 0.00449842 0.00154024 0.000123931 1.42538e-05 0.00245006 0.059173 0.0763 0.000394683 0.0322349 
0.731014 0.0136304 0.0509647 4.94827e-12 3.37449e-06 4.29944e-05 0.0188042 1.56337e-07 0.00120826 0.00243023 0.000681129 0.0101293 0.000414109 0.157117 9.47214e-05 0.0134647 
0.893629 0.0132196 0.013388 2.84099e-09 8.95199e-05 0.00025522 0.00760711 5.93194e-07 5.115e-05 0.00190041 0.000768068 0.00168251 0.000348261 0.0636191 8.58387e-05 0.003356 
0.26246 0.136519 0.0668992 3.59591e-07 5.45445e-06 0.0211449 0.200798 6.41056e-09 0.228297 0.00388585 0.0254649 0.000474188 0.00144617 0.02887 0.00091844 0.0228164 
0.462773 0.0182438 0.230803 6.1953e-05 0.00142318 0.000856333 0.0416236 1.44872e-06 0.00256006 0.0391244 0.000688316 0.00643612 0.000821498 0.175242 0.000404499 0.0189359 
0.595938 0.190304 0.0242745 2.73225e-05 8.22874e-05 0.0418874 0.0219387 1.41957e-05 0.00726303 2.83966e-05 0.00286919 0.00825604 0.000290329 0.066683 1.90298e-05 0.0401241 
0.452892 0.203428 0.104 2.54947e-06 3.99046e-05 0.000747173 0.0103053 1.70402e-05 0.000497954 0.000399949 0.00438137 0.0145218 5.5816e-06 0.143107 0.0193421 0.0463118 
0.243122 0.105482 0.123518 5.8882e-07 0.00165741 0.0850323 0.142899 0.00519375 0.0302392 0.000451523 0.0874341 0.0471399 0.0156905 0.0919196 0.00391616 0.0163028 
0.579309 0.244034 0.0102831 2.41078e-09 9.20469e-05 0.00357973 0.00531518 3.01835e-05 0.00016343 1.2746e-05 0.00378927 0.0309979 0.0001136 0.0970324 7.7397e-05 0.02517 
0.363772 0.042398 0.353925 3.4638e-08 4.29723e-05 0.00441335 0.0193085 0.000161477 0.00109462 2.6003e-05 0.0655412 0.0070276 0.0817926 0.0441671 0.0017411 0.014588 
0.369516 0.0875849 0.196439 2.03499e-08 0.0104365 0.0330789 0.0757357 0.000168925 0.00115382 0.000505317 0.020676 0.143655 0.0125489 0.0392694 0.00507088 0.00416069 
0.372024 0.112713 0.0248465 1.88004e-05 0.170271 0.00898547 0.0370081 2.57246e-05 0.00296015 0.0023982 0.00225658 0.0259103 0.000388256 0.225923 0.00204083 0.0122292 
0.512757 0.139449 0.0828951 3.80973e-05 2.30538e-05 0.0030351 0.0240346 0.117674 0.000231756 0.000717902 0.00670033 0.00228706 0.00984634 0.0163425 0.00262132 0.0813455 
0.245346 0.0538237 0.1846 0.00146177 0.000379326 0.0111979 0.162913 0.00377012 0.0136817 0.00421208 0.0102458 0.00488927 0.00461657 0.137286 0.0195187 0.142058 
0.54861 0.0210137 0.155922 2.44497e-10 0.000211156 0.00293387 0.154895 5.77956e-06 0.00148691 0.00225904 0.000484752 0.0130107 0.000494195 0.0910671 0.000127003 0.00747831 
0.344733 0.0875749 0.08912 0.00122828 0.19646 0.0457208 0.0563199 1.48122e-05 0.0063274 0.000111223 0.00235726 0.0309232 0.000292592 0.130592 0.000385272 0.00783941 
0.474225 0.269092 0.0531477 0.000185624 0.00343111 0.0145379 0.0267506 0.00165028 0.00169972 0.00265261 0.00227896 0.00625137 0.002795 0.107699 0.0005502 0.0330535 
0.899866 0.0120447 0.0274954 4.90884e-08 3.32799e-05 0.011935 0.00770548 8.20102e-08 0.00510448 0.000130621 0.0292624 0.000129131 0.000356932 0.00555286 9.90886e-05 0.000284371 
0.933994 0.0055266 0.0308197 5.58971e-12 0.000132141 0.000217055 0.0113565 1.40742e-05 3.19743e-06 0.00337805 0.00284547 0.00175087 0.000135541 0.00856658 4.62542e-05 0.00121349 
0.480733 0.0502102 0.0219321 4.25357e-10 2.40815e-05 0.000515349 0.0321799 3.30602e-05 0.000217917 0.00108318 0.0039986 0.0670352 0.0056307 0.25764 0.0562513 0.0225155 
0.568559 0.175839 0.0133379 4.24036e-05 2.34745e-05 0.00865484 0.031228 2.02385e-05 0.00663075 0.000300935 0.000778008 0.0181754 0.00100938 0.165636 0.00106444 0.00869991 
0.61466 0.0552626 0.00145122 1.27792e-07 5.66897e-06 0.0010252 0.0214033 2.38717e-06 4.67763e-05 6.78537e-05 0.00125268 0.00508713 7.85207e-06 0.288726 0.0010492 0.00995203 
0.251508 0.0559172 0.157637 0.000846188 0.00959768 0.0336127 0.0174955 3.73761e-05 9.30902e-06 0.000149293 0.233347 0.0367387 0.000608888 0.125115 0.00144839 0.0759317 
0.61466 0.0552626 0.00145122 1.27792e-07 5.66897e-06 0.0010252 0.0214033 2.38717e-06 4.67763e-05 6.78537e-05 0.00125268 0.00508713 7.85207e-06 0.288726 0.0010492 0.00995203 
0.534688 0.0249449 0.0239244 2.58398e-07 0.123934 0.000790296 0.201419 2.63292e-05 0.0113337 0.000210687 0.0044082 0.00310063 0.000536406 0.0488962 0.0153889 0.00639724 
0.65576 0.134476 0.0103139 1.52536e-08 0.0478349 0.0017499 0.0206711 3.79123e-05 0.000121252 6.82989e-05 0.000684381 0.00343415 0.000126577 0.0933886 8.66574e-06 0.0313246 
0.747247 0.089898 0.0115206 1.20029e-12 6.60457e-05 0.0144949 0.037716 2.18998e-05 0.000471409 2.33689e-05 0.00104747 0.000126097 5.63567e-05 0.0920847 8.2696e-13 0.00522658 
0.603958 0.200257 0.0192653 0.000115701 0.00508924 0.0146703 0.0155976 5.18877e-05 0.00122785 0.00205697 0.000520817 0.00533117 0.000114874 0.101638 6.82498e-06 0.0300982 
0.357954 0.0877118 0.0429493 2.5789e-06 0.000331795 0.0305238 0.0664818 0.000777193 0.00357225 0.00140683 0.0117843 0.0177906 0.00934929 0.336114 0.00105212 0.0321977 
0.448085 0.0676895 0.0221176 0.000347364 1.72153e-05 0.00225306 0.0599239 9.31681e-05 0.000350282 0.000135113 0.00959016 0.0100792 0.00115989 0.321399 0.0215583 0.0352013 
0.305602 0.120198 0.0879694 0.000357509 7.29922e-05 0.053586 0.022602 0.000573165 0.000388438 4.98272e-05 0.014308 0.00853053 0.0211316 0.287474 0.0256206 0.0515354 
0.605669 0.0748593 0.0280372 3.85929e-06 0.00321315 0.0323792 0.0275183 0.000182221 0.00196393 0.00041057 0.0207405 0.00103638 0.00208193 0.183259 0.000690862 0.0179553 
0.437305 0.146056 0.0433762 7.47076e-08 0.0175052 0.123575 0.130204 2.97158e-05 0.00154721 0.000104588 0.0158474 0.000879124 0.00766518 0.0693553 0.00109676 0.00545383 
0.603958 0.200257 0.0192653 0.000115701 0.00508924 0.0146703 0.0155976 5.18877e-05 0.00122785 0.00205697 0.000520817 0.00533117 0.000114874 0.101638 6.82498e-06 0.0300982 
0.66364 0.0513239 0.0188984 9.83868e-08 8.24184e-05 0.0023736 0.0760713 5.7368e-05 0.000151286 0.000620396 0.0149386 0.0323318 0.0136621 0.100435 0.0144117 0.0110022 
0.329133 0.243172 0.128943 0.000946469 0.000953419 0.0371593 0.0416273 0.00122366 0.0033715 0.00181194 0.00456062 0.0181012 0.00435292 0.159559 0.00126599 0.0238178 
0.923726 0.00116683 0.0131929 5.24133e-05 1.24847e-05 0.00126773 0.0163133 8.61827e-05 7.30824e-05 1.04112e-05 0.0274636 0.0105146 0.00288668 0.000542519 0.000677873 0.00201317 
0.356579 0.050511 0.0973014 7.71652e-05 0.000500702 0.00338854 0.100168 1.18908e-06 0.0357487 0.00219112 0.00149515 0.00365001 0.000685869 0.336661 3.55736e-05 0.011005 
0.61466 0.0552626 0.00145122 1.27792e-07 5.66897e-06 0.0010252 0.0214033 2.38717e-06 4.67763e-05 6.78537e-05 0.00125268 0.00508713 7.85207e-06 0.288726 0.0010492 0.00995203 
0.604591 0.145471 0.0215539 0.000536785 0.00132583 0.00532204 0.0348679 2.35204e-05 0.000362511 0.000436685 0.00116658 0.00624623 5.25837e-05 0.172474 1.09643e-05 0.0055581 
0.850404 0.0297751 0.0258261 5.08412e-09 6.9644e-05 0.000432532 0.00252671 1.52275e-05 2.07978e-05 0.00012483 0.00953449 0.00493248 0.00830998 0.0644555 0.000619148 0.00295316 
0.913663 0.00750075 0.0131125 5.59295e-08 7.39838e-05 0.00093858 0.00805908 1.46657e-05 9.65931e-05 0.00153418 0.00232878 0.00401723 0.00944792 0.0334089 0.000718967 0.00508496 
0.474501 0.0277154 0.18284 1.79485e-06 8.01824e-05 0.0023424 0.138918 6.05417e-08 0.0329853 0.000657875 0.00011985 0.0145202 0.000196561 0.106935 0.000220018 0.0179652 
0.391861 0.154714 0.0236748 0.000248826 0.00366409 0.138546 0.0676499 0.000320331 0.0155185 0.00510153 0.00149112 0.0171796 0.000325659 0.156434 6.56594e-05 0.0232055 
0.61466 0.0552626 0.00145122 1.27792e-07 5.66897e-06 0.0010252 0.0214033 2.38717e-06 4.67763e-05 6.78537e-05 0.00125268 0.00508713 7.85207e-06 0.288726 0.0010492 0.00995203 
0.26246 0.136519 0.0668992 3.59591e-07 5.45445e-06 0.0211449 0.200798 6.41056e-09 0.228297 0.00388585 0.0254649 0.000474188 0.00144617 0.02887 0.00091844 0.0228164 
0.685056 0.122221 0.0149224 0.000287576 0.000710277 0.00392161 0.0252823 1.88159e-05 0.000209256 0.000233948 0.000916513 0.00956987 4.27328e-05 0.131706 5.87486e-06 0.00489588 
0.254298 0.1666 0.178959 5.8082e-05 0.000540803 0.00883909 0.116645 0.000477571 0.0038987 0.00527312 0.0174427 0.0415764 0.00211534 0.142332 0.0371046 0.0238399 
0.97173 0.00339722 0.00954522 9.05882e-10 0.000186586 7.32192e-05 0.00380835 6.43809e-07 6.12566e-06 0.000520507 0.00134526 8.23162e-05 0.000616439 0.00816771 8.05292e-05 0.000440061 
0.434773 0.00752174 0.0828476 0.00037737 0.00110734 0.00307249 0.0526683 5.57155e-06 0.0167222 0.0009394 0.00041149 0.00286316 0.0129924 0.267903 0.108886 0.00690863 
0.699989 0.0212847 0.0042912 3.89512e-06 2.86188e-05 0.00243117 0.0266018 1.10935e-06 0.000348263 0.000882068 0.00069592 0.0174707 7.33686e-05 0.222266 0.0015779 0.00205483 
0.794766 0.00162041 0.00866237 9.04107e-11 4.75992e-05 0.00158374 0.00683618 5.77233e-05 2.25954e-07 1.38165e-05 0.0122414 0.138682 0.0332846 0.00155768 0.000376501 0.000269735 
0.51283 0.0540619 0.00288079 7.17029e-08 3.04372e-06 0.000828073 0.0208272 1.28552e-06 0.000607248 6.73628e-05 0.000804123 0.00359843 4.37721e-06 0.386709 0.000616107 0.0161606 
0.456242 0.0356928 0.231635 0.000791756 6.32004e-05 0.0332917 0.0632596 5.59651e-05 0.00542796 0.00029434 0.00334962 0.000541988 0.0550843 0.0839716 0.000251249 0.0300476 
0.61466 0.0552626 0.00145122 1.27792e-07 5.66897e-06 0.0010252 0.0214033 2.38717e-06 4.67763e-05 6.78537e-05 0.00125268 0.00508713 7.85207e-06 0.288726 0.0010492 0.00995203 
0.530939 0.0455847 0.00183331 4.03189e-09 6.20105e-06 0.00083149 0.00490428 9.04942e-07 0.000194722 3.07843e-05 4.88314e-05 0.00430338 2.63419e-05 0.40779 7.60577e-05 0.00342967 
0.545499 0.193675 0.0606435 1.98212e-09 0.000505569 0.00010603 0.00652522 2.6866e-06 0.000126384 4.84401e-05 0.00600184 0.0255706 0.00016659 0.152591 6.06608e-05 0.00847797 
0.614452 0.11936 0.00625614 6.22608e-08 0.000892442 0.00547887 0.00572561 0.000149822 0.00150373 0.00153369 0.001005 0.0179836 3.73436e-05 0.126748 2.14144e-05 0.0988527 
0.955261 0.00931224 0.01199 3.70542e-12 4.38827e-05 1.93265e-06 0.00454754 4.95097e-07 4.22915e-06 5.97844e-05 0.00112133 0.00012011 0.000439189 0.0167017 2.48908e-05 0.00037218 
0.923726 0.00116683 0.0131929 5.24133e-05 1.24847e-05 0.00126773 0.0163133 8.61827e-05 7.30824e-05 1.04112e-05 0.0274636 0.0105146 0.00288668 0.000542519 0.000677873 0.00201317 
0.964351 6.95388e-11 0.00180938 8.67582e-10 6.90414e-10 0.0294327 1.76332e-06 1.13514e-05 1.00325e-06 9.68791e-10 1.01127e-05 1.64274e-05 0.00172409 0.00232105 5.97735e-10 0.000320815 
0.685144 0.0226224 0.0200587 0.000458358 0.0020173 0.00269663 0.0252507 0.00055782 0.00681085 0.000296496 0.0233994 0.0231557 0.0110019 0.161652 0.000208093 0.0146701 
0.804104 0.0381469 0.041172 1.16097e-09 0.000159193 0.00011222 0.0402703 5.55755e-06 1.43405e-05 0.0205933 0.00186393 0.00795294 0.000395509 0.0207997 0.000132224 0.0242782 
0.928347 0.00582235 0.0179189 1.33397e-12 8.87386e-05 0.00140528 0.00216416 5.71676e-05 3.94136e-06 0.000156322 0.00918386 0.000888218 0.0250624 0.00629318 0.00147727 0.00113165 
0.638807 0.0795437 0.00712527 3.44325e-11 2.84698e-05 0.0104539 0.0546369 2.10324e-06 7.17149e-08 0.000627936 0.0361992 0.00957258 0.000377418 0.138125 0.0163189 0.00818208 
0.61466 0.0552626 0.00145122 1.27792e-07 5.66897e-06 0.0010252 0.0214033 2.38717e-06 4.67763e-05 6.78537e-05 0.00125268 0.00508713 7.85207e-06 0.288726 0.0010492 0.00995203 
0.653501 0.0111608 0.0536745 0.000790075 4.30725e-05 0.00215167 0.0126721 0.000168694 0.00174937 3.60987e-05 0.00119723 0.000215837 0.079613 0.152137 0.000636385 0.0302532 
0.430141 0.104645 0.0350087 2.35993e-05 0.000244982 0.00894761 0.082495 0.000201155 0.00412573 0.00285487 0.0138872 0.0841746 0.000476385 0.124718 0.0071448 0.100911 
0.923726 0.00116683 0.0131929 5.24133e-05 1.24847e-05 0.00126773 0.0163133 8.61827e-05 7.30824e-05 1.04112e-05 0.0274636 0.0105146 0.00288668 0.000542519 0.000677873 0.00201317 
0.300008 0.058576 0.0114515 6.46416e-07 0.00310798 0.0136751 0.177902 0.000323163 0.00111637 0.00121818 0.00445261 0.00606253 4.93422e-05 0.263307 0.00723494 0.151514 
0.61466 0.0552626 0.00145122 1.27792e-07 5.66897e-06 0.0010252 0.0214033 2.38717e-06 4.67763e-05 6.78537e-05 0.00125268 0.00508713 7.85207e-06 0.288726 0.0010492 0.00995203 
0.776071 0.114556 0.00237137 9.52647e-07 5.00842e-05 0.00251723 0.00483852 2.2342e-05 0.000938366 2.12997e-05 0.00168889 0.0132529 0.000181523 0.0742503 5.9283e-05 0.00918029 
0.62411 0.0769811 0.123036 4.27444e-06 4.07323e-05 0.00247915 0.00786519 0.000737214 0.000269886 0.000292696 0.0102761 0.00513213 0.0215447 0.0822342 0.00156031 0.0434369 
0.923726 0.00116683 0.0131929 5.24133e-05 1.24847e-05 0.00126773 0.0163133 8.61827e-05 7.30824e-05 1.04112e-05 0.0274636 0.0105146 0.00288668 0.000542519 0.000677873 0.00201317 
0.819198 0.0408947 0.0200656 7.5966e-07 1.65375e-06 0.0153331 0.000953315 1.09503e-05 0.000983381 2.05816e-07 0.00291835 0.000208354 0.00100223 0.00380501 6.83483e-05 0.0945555 
0.964351 6.95388e-11 0.00180938 8.67582e-10 6.90414e-10 0.0294327 1.76332e-06 1.13514e-05 1.00325e-06 9.68791e-10 1.01127e-05 1.64274e-05 0.00172409 0.00232105 5.97735e-10 0.000320815 
0.324898 0.0581669 0.0841413 1.22313e-07 0.00105008 0.0744688 0.081169 0.000101327 0.00797895 0.00136999 0.275438 0.00893294 0.0222408 0.0471028 0.0109516 0.00198868 
0.478505 0.117591 0.0173229 8.80091e-09 0.00357181 0.00353153 0.0306415 1.38561e-12 3.95656e-05 8.39733e-06 0.00122022 0.000384053 0.000147338 0.346412 0.000100035 0.000524651 
0.694179 0.00981757 0.0254151 2.04768e-07 0.000253811 0.000563268 0.0464253 8.40484e-06 0.00102793 0.000919751 0.00185054 0.118593 0.000173875 0.0567063 0.000191941 0.0438745 
0.676804 0.227716 0.0318428 0.00392097 0.00070655 0.00688442 0.000615802 0.000600839 0.000180758 0.000148808 0.00282056 0.000131731 0.000345072 0.00571167 0.000339729 0.0412305 
0.349693 0.0333373 0.255162 0.0026871 1.60148e-06 0.0632089 0.0296846 8.39975e-05 0.0040701 9.27312e-06 0.000736195 0.00011786 0.163706 0.0648443 7.24814e-05 0.032586 
0.813902 0.0908626 0.000822503 1.00973e-12 0.000239933 0.002241 0.00336644 0.000119432 0.000104057 7.74891e-06 0.00187269 0.027561 4.57134e-05 0.0413633 6.97529e-05 0.0174223 
0.693308 0.0457383 0.11004 1.28652e-11 0.00165249 0.00946061 0.0550131 6.91453e-05 0.0159459 0.00298418 0.0184419 0.0322069 0.000218905 0.0106824 0.000959249 0.0032784 
0.54404 0.0137285 0.00493525 2.57844e-07 0.0403056 0.00101965 0.127257 3.35051e-05 6.79388e-05 0.000989426 0.00592121 0.0906122 0.000194549 0.0516975 0.110767 0.00843076 
0.635667 0.0431632 0.0275488 1.06878e-05 9.26666e-05 0.0132584 0.0270513 0.000127779 0.00342941 8.32007e-05 0.0220394 0.000898572 0.000252712 0.20971 5.8421e-05 0.0166089 
0.387504 0.0203463 0.0649122 6.84005e-08 2.8527e-05 0.00151427 0.0216919 3.11826e-07 0.00948531 0.225094 0.00443197 0.000173659 0.000166926 0.0926116 5.75042e-05 0.171981 
0.530939 0.0455847 0.00183331 4.03189e-09 6.20105e-06 0.00083149 0.00490428 9.04942e-07 0.000194722 3.07843e-05 4.88314e-05 0.00430338 2.63419e-05 0.40779 7.60577e-05 0.00342967 
0.412987 0.301146 0.0268932 0.00201707 0.00120543 0.0153292 0.0334311 0.000277844 0.000408057 0.00225669 0.00143168 0.0116069 0.00032207 0.136891 0.00313392 0.0506618 
0.481626 0.0564777 0.00135714 1.95038e-09 9.27595e-06 0.000537624 0.00481882 1.34542e-06 0.000291971 4.59677e-05 7.31914e-05 0.00609009 5.70604e-06 0.444392 0.000114005 0.00415954 
0.745154 0.0108316 0.0232285 2.27884e-07 0.000269285 0.000479713 0.037988 5.95381e-06 0.000879032 0.00235649 0.00196267 0.0830994 0.00030769 0.0600467 0.000189074 0.0332015 
0.635624 0.035097 0.0728363 2.31096e-08 9.61591e-06 0.0575602 0.111345 0.000366204 0.000397916 0.00455626 0.00468771 0.00275194 0.00022541 0.0728166 0.000452687 0.00127324 
0.255368 0.117474 0.0618112 0.00205406 0.00546695 0.135628 0.0253031 0.134368 6.47159e-05 3.40542e-05 0.0241462 0.00162168 0.108399 0.0989009 0.00327332 0.0260877 
0.61466 0.0552626 0.00145122 1.27792e-07 5.66897e-06 0.0010252 0.0214033 2.38717e-06 4.67763e-05 6.78537e-05 0.00125268 0.00508713 7.85207e-06 0.288726 0.0010492 0.00995203 
0.912095 0.00562213 0.0113406 6.44305e-10 0.000194893 9.19861e-05 0.00977923 4.7699e-07 4.13266e-05 0.00449219 0.00145664 0.00327778 0.000708628 0.0471599 0.000123293 0.00361634 
0.776071 0.114556 0.00237137 9.52647e-07 5.00842e-05 0.00251723 0.00483852 2.2342e-05 0.000938366 2.12997e-05 0.00168889 0.0132529 0.000181523 0.0742503 5.9283e-05 0.00918029 
0.576546 0.128225 0.0168804 2.65586e-07 1.62744e-05 0.00349154 0.00964904 4.47922e-05 0.0085584 0.0010331 0.00108067 0.00752427 1.00639e-05 0.194544 1.05435e-05 0.0523862 
0.964351 6.95388e-11 0.00180938 8.67582e-10 6.90414e-10 0.0294327 1.76332e-06 1.13514e-05 1.00325e-06 9.68791e-10 1.01127e-05 1.64274e-05 0.00172409 0.00232105 5.97735e-10 0.000320815 
0.353578 0.311688 0.0187029 6.7079e-06 0.00357383 0.0176155 0.020216 0.000312065 0.00151296 0.00582073 0.00174036 0.0404176 7.87227e-05 0.110267 3.47226e-05 0.114434 
0.747482 0.121773 0.0060552 9.326e-07 3.78432e-05 0.00920662 0.00362965 1.69421e-05 0.000705126 1.62342e-05 0.0163549 0.00994243 0.00077733 0.0770705 4.47859e-05 0.00688697 
0.753144 0.106035 0.00292518 7.15945e-07 5.84143e-05 0.00225309 0.00839532 2.24641e-05 0.00109656 2.76054e-05 0.00454169 0.0402135 0.000328374 0.0730776 0.000152101 0.00772787 
0.965011 0.0216024 0.0047099 0.00011982 0.000103834 0.00470243 2.83397e-05 1.78319e-05 0.000762217 9.37328e-05 0.000158586 3.45931e-05 0.000870995 0.000141891 0.000912624 0.000730251 
0.874584 0.0565044 0.00587299 8.19203e-06 6.33519e-05 0.00285054 0.00570174 8.22579e-06 0.000720287 0.00016919 0.00194196 0.00635962 0.000195591 0.0407386 0.000132035 0.00414935 
0.374993 0.260317 0.0626169 7.9268e-08 0.0113279 0.0288159 0.0419719 9.44048e-06 0.0236208 0.000253064 0.0067381 0.00361924 0.0144512 0.161636 0.00378723 0.00584308 
0.333934 0.0647608 0.0956204 0.000943199 0.0138472 0.0449625 0.264669 0.000167277 0.00383453 0.0018791 0.00362109 0.0254582 0.0157808 0.08533 0.00500306 0.0401892 
0.668218 0.0608522 0.0687692 6.56826e-11 0.000358407 0.0212619 0.086644 0.000625113 0.000237739 0.000939496 0.0699294 0.000953749 8.17833e-05 0.0188299 4.46748e-05 0.00225402 
0.684408 0.171784 0.00818957 3.28782e-05 0.00248767 0.0069462 0.0054258 0.000116433 0.00256127 0.0010256 0.00174334 0.0106643 0.000154371 0.0697736 3.85769e-05 0.0346491 
0.307378 0.256276 0.129859 0.000278769 0.00204416 0.030546 0.0726754 3.8934e-05 0.00126943 0.000342327 0.0553457 0.0195101 0.00154088 0.0913706 0.000928556 0.0305965 
0.617127 0.225249 0.0185257 4.79631e-06 0.00817025 0.0116185 0.00564091 0.000229959 0.000662223 0.00241215 0.00101476 0.00179934 0.00011188 0.0566677 6.01897e-06 0.05076 
0.725111 0.0655391 0.0870991 3.16871e-05 2.14847e-05 0.00289916 0.0312285 5.68656e-05 0.000443395 6.31038e-05 0.0425306 0.0238836 0.00202022 0.00627746 0.000467531 0.0123269 
0.306627 0.161229 0.152145 0.00117869 0.0647091 0.0540113 0.0254011 0.000161227 0.00807481 0.000530568 0.0992253 0.00509759 0.00468929 0.051561 0.000674028 0.0646851 
0.819198 0.0408947 0.0200656 7.5966e-07 1.65375e-06 0.0153331 0.000953315 1.09503e-05 0.000983381 2.05816e-07 0.00291835 0.000208354 0.00100223 0.00380501 6.83483e-05 0.0945555 
0.521643 0.199872 0.150768 9.62581e-08 0.00139453 0.00474519 0.0165126 0.00085782 0.000129711 0.00378118 0.0452297 0.00303468 0.00432473 0.0279759 0.00238582 0.0173447 
0.424369 0.26645 0.0698911 0.000537179 0.000861796 0.00843917 0.0187895 0.000134245 0.00354728 0.000291854 0.00367598 0.00140019 0.00273874 0.134244 0.000527574 0.0641028 
0.604558 0.182452 0.0294261 2.53222e-05 0.00259334 0.0167234 0.0566377 9.12554e-05 4.636e-05 0.00210346 0.00220453 0.0148157 5.40483e-05 0.0497816 5.61125e-06 0.0384818 
0.96308 0.00831671 0.0115271 1.41385e-08 4.97516e-05 0.00213596 0.00464906 1.13341e-07 7.30307e-05 0.00019504 0.000755399 0.000193531 0.000121273 0.00832862 0.000148387 0.000426345 
0.767989 0.0102896 0.0610495 2.62051e-12 6.28992e-06 8.02322e-05 0.0155064 1.13661e-07 0.0020796 0.00316087 0.000676666 0.000345022 0.000690645 0.127483 0.000176775 0.0104657 
0.467536 0.0371334 0.215616 0.00136054 0.000112573 0.0287509 0.0778533 0.00205023 0.00101278 0.000418663 0.00441061 0.0155413 0.0176266 0.121382 0.00150496 0.007691 
0.755733 0.061084 0.0263841 2.51554e-07 0.00012733 0.00208344 0.0336444 6.13192e-06 0.00454817 0.0017329 0.00174821 0.00519758 0.000404791 0.097729 0.000122703 0.00945422 
