3.6434e-09 0.00203563 0.00163886 1.82136e-08 0.00599193 0.000466959 0.000955867 1.79002e-05 0.984238 0.000368145 9.52093e-09 0.00335912 5.16918e-09 0.000353808 9.16174e-05 0.000482164 
2.73744e-10 0.00516437 0.119353 5.3518e-05 2.27968e-07 0.0122851 0.395105 1.34357e-09 6.79431e-06 1.43428e-06 0.000370693 0.000688322 3.88382e-10 0.463838 9.42828e-10 0.00313368 
2.46433e-10 0.34014 0.0399323 1.23194e-09 9.80364e-10 0.479495 1.70453e-05 1.20952e-09 4.3029e-06 1.37702e-06 6.43979e-10 0.000186258 1.78348e-06 8.06542e-06 8.48763e-10 0.140214 
4.23913e-09 0.144749 0.00169566 1.57646e-05 1.68642e-08 0.844598 2.73734e-05 2.08062e-08 6.92041e-06 2.36639e-08 1.10777e-08 0.000299104 2.86944e-06 0.00855572 1.46004e-08 4.89408e-05 
5.31491e-06 0.000178396 0.000234217 2.65696e-05 2.11439e-05 0.991675 0.00235924 2.60862e-05 0.00068199 2.96691e-05 0.00247034 0.00134185 7.54068e-06 0.000238094 1.83056e-05 0.000685754 
4.65542e-07 0.0291223 0.0146364 2.32728e-06 4.04932e-05 0.760776 0.0451278 2.28494e-06 0.0010539 0.00331158 3.0228e-05 0.00103812 6.60501e-07 0.135248 0.000339499 0.00927028 
2.85867e-09 2.38988e-05 0.828817 2.41526e-06 1.13724e-08 0.000294954 0.0103056 1.40307e-08 4.31383e-06 1.52982e-05 0.0196962 8.83042e-07 4.05582e-09 0.0744497 9.84582e-09 0.0663899 
2.819e-10 0.158774 0.13744 7.74909e-07 1.12146e-09 0.0113762 0.125386 1.3836e-09 1.12959e-05 2.78739e-06 1.28114e-06 0.000943629 3.99955e-10 0.566049 9.70921e-10 1.5437e-05 
4.65407e-09 0.132118 4.38949e-05 2.32661e-08 9.93731e-07 0.101197 0.645604 2.28428e-08 3.11576e-05 1.15642e-06 3.11572e-07 7.75788e-05 3.16597e-07 0.0207306 2.23692e-06 0.100193 
5.33371e-05 0.0025079 0.139307 0.000668994 0.000245129 0.024719 0.00989131 0.000340967 0.000437657 0.727096 0.0104317 0.057886 8.45157e-05 0.00626585 0.000240511 0.0198244 
2.75589e-08 1.82278e-05 0.0174455 1.05127e-05 0.000139799 0.977004 0.00193957 1.87333e-05 2.95192e-06 0.000203258 0.000242342 2.61473e-06 7.22753e-06 9.72391e-08 1.9752e-05 0.00294584 
4.33716e-08 0.0474319 0.00230025 2.16818e-07 2.78441e-05 3.72299e-06 0.212819 6.30769e-07 3.95423e-06 2.14286e-05 6.98917e-06 0.0158211 6.15348e-08 0.721512 4.91887e-05 1.01164e-06 
6.78533e-11 0.167359 0.495421 3.39204e-10 8.37069e-07 0.0031854 0.0142872 3.33033e-10 0.0958293 3.78774e-10 1.77314e-10 0.00351615 9.62689e-11 0.194933 1.05188e-06 0.025468 
1.19929e-08 1.48088e-06 0.0496178 0.00210619 5.78699e-07 0.0036906 0.0195757 5.88629e-08 0.901385 6.69477e-08 3.134e-08 5.42445e-05 2.06385e-07 0.0234259 9.69981e-05 4.52367e-05 
7.88756e-09 0.000155556 0.986355 1.89657e-07 3.13785e-08 0.00351728 2.02051e-06 3.87132e-08 0.000375186 4.85184e-05 2.06118e-08 7.71508e-07 1.11907e-08 0.00549969 2.71663e-08 0.00404572 
2.64549e-11 6.8986e-06 0.0656206 1.3225e-10 1.10516e-06 0.523423 0.0366358 3.2474e-07 6.52525e-07 1.46202e-05 0.000387742 0.337081 3.75337e-11 0.0368274 3.73666e-07 4.42179e-07 
6.83953e-07 6.84052e-07 0.387993 0.000410672 0.00280294 0.378701 0.0915271 0.00116234 0.0293301 0.00198201 0.0103245 0.0106025 0.00321494 0.0588981 0.00218808 0.0208616 
3.44169e-09 9.94912e-07 3.41837e-05 1.72053e-08 1.36918e-08 0.0286731 0.879284 1.68922e-08 0.000791389 6.12774e-06 8.99382e-09 0.0558685 1.9004e-07 0.0353172 1.18538e-08 2.40723e-05 
1.34684e-09 0.00640997 0.0176602 3.62757e-06 1.19946e-05 0.971513 4.63637e-07 6.61046e-09 3.73222e-09 7.51839e-09 3.51956e-09 6.9272e-07 0.000408885 0.0039311 1.87503e-06 5.84957e-05 
2.2742e-09 5.52668e-06 0.0991712 0.00156537 6.75673e-07 0.821522 0.0586703 3.52179e-07 4.865e-06 6.74328e-07 0.000717273 5.0592e-07 2.75761e-07 0.0178469 0.000104626 0.000389288 
1.61306e-09 2.25942e-08 4.62936e-06 0.983075 6.41713e-09 0.000350177 0.00146466 7.91713e-09 3.43076e-07 9.00453e-09 8.12905e-08 2.08049e-07 3.28492e-09 0.00226141 7.94049e-07 0.0128429 
7.33599e-07 0.0138118 0.0714313 3.66732e-06 3.68699e-05 0.00299874 0.0331956 3.6006e-06 0.827968 4.34506e-05 1.23408e-05 0.00270131 0.000122935 0.0214531 7.98454e-05 0.0261366 
2.83317e-09 0.143266 2.2449e-05 1.02685e-05 1.1271e-08 0.795485 9.91157e-06 4.04104e-06 0.00113875 0.00701869 5.25486e-06 1.35416e-07 4.01964e-09 0.032129 9.23127e-06 0.0209015 
1.40629e-10 3.66716e-05 0.335513 7.03016e-10 5.87482e-06 0.291294 0.00393205 1.72626e-06 3.89697e-10 7.77184e-05 0.0079418 7.13861e-05 1.99522e-10 0.315993 4.84355e-10 0.0451327 
1.15794e-07 1.16741e-05 0.661222 5.78861e-07 4.60652e-07 0.322456 2.35461e-05 5.6833e-07 3.53749e-06 6.46389e-07 3.97359e-05 0.0155727 1.64286e-07 5.42345e-05 3.98816e-07 0.000614169 
1.31151e-09 3.77064e-06 0.120651 0.0015592 0.000106149 0.809898 0.0460224 0.000102098 3.3655e-06 4.65123e-07 0.000713613 3.49852e-07 1.90435e-07 0.0204488 0.000102401 0.000388083 
5.13939e-07 0.00156141 0.0091234 2.56922e-06 2.5272e-05 0.984982 0.000733787 7.07714e-06 1.42417e-06 1.87891e-05 0.000226509 1.90722e-06 9.65101e-06 0.000109634 1.77011e-06 0.0031941 
7.05621e-12 0.0724504 0.0190837 8.46939e-08 4.53912e-06 0.246141 0.523817 3.46328e-11 0.00147198 7.4844e-07 0.00457395 1.70777e-05 5.01562e-09 0.124269 0.00744296 0.000727369 
3.4672e-07 0.000361919 0.183379 0.00624117 0.00012723 0.0205934 0.706887 1.70175e-06 0.0112601 1.93548e-06 0.0104459 2.55935e-05 4.9192e-07 0.0580364 0.000164215 0.00247419 
9.03255e-09 0.000698878 0.000347789 4.51544e-08 3.59335e-08 0.637428 0.000177773 4.43329e-08 6.00973e-05 5.0422e-08 0.360929 3.6665e-05 1.28152e-08 0.000171168 3.11099e-08 0.000150974 
2.68488e-07 7.50664e-05 1.84601e-05 1.34219e-06 0.000156507 0.089728 0.639993 1.31778e-06 0.0443557 0.0214358 0.000402023 0.00855882 0.000453913 0.138094 0.00262363 0.0541021 
4.21945e-09 0.0108927 0.530698 2.10934e-08 1.67859e-08 0.289243 0.0354343 0.000368486 0.0297772 0.00317924 1.62446e-06 1.14232e-06 5.98647e-09 0.0367768 1.36776e-06 0.0636255 
2.26183e-07 0.00105913 0.479465 0.00148929 1.05359e-05 0.0774089 0.0027248 5.99873e-06 0.343268 7.45515e-06 4.29261e-05 3.24097e-07 6.21873e-05 0.051057 0.000329363 0.0430692 
1.88356e-08 0.000918499 0.959146 0.000461481 7.49321e-08 0.000960516 0.0362267 9.24475e-08 5.21952e-08 1.05145e-07 0.000359364 5.09764e-05 0.00035545 0.000783816 6.48735e-08 0.000736291 
1.19112e-11 0.00885438 8.87422e-07 5.95452e-11 6.83536e-05 0.00685449 0.917883 5.84619e-11 1.74972e-07 1.26341e-06 1.5439e-06 0.0663334 1.68994e-11 1.79291e-06 1.02976e-06 5.65797e-08 
8.56002e-10 0.0100266 0.177494 4.27922e-09 0.0555134 0.681165 0.0735808 4.20137e-09 2.37206e-09 5.25069e-06 2.2369e-09 2.93744e-06 2.58841e-06 0.00220425 2.94824e-09 4.95747e-06 
8.74007e-09 0.0337598 0.0972635 4.36923e-08 0.0135208 0.794657 0.01131 2.52453e-07 0.00413633 0.000226391 1.44211e-05 2.35127e-06 1.24002e-08 0.0450574 9.88257e-06 4.15555e-05 
1.17583e-10 0.000481282 6.12653e-07 5.65852e-08 9.59352e-05 0.967661 0.0202996 0.000205526 1.93633e-05 3.87267e-06 0.00226469 0.0016259 0.000171841 0.00473427 4.04977e-10 0.00243628 
4.86695e-06 0.923156 0.00452469 2.43302e-05 1.93618e-05 0.0513657 0.000327156 2.38876e-05 9.56246e-05 0.00119171 1.27183e-05 0.00355991 4.09487e-05 0.000155672 1.67627e-05 0.0154809 
1.98558e-11 0.365428 0.519433 9.92608e-11 7.89909e-11 0.0213388 0.00471825 9.7455e-11 0.00187583 2.99379e-07 5.18873e-11 2.49665e-07 1.71872e-07 0.0872039 3.48844e-07 6.36539e-07 
2.16614e-07 2.38319e-05 0.177953 0.000355444 0.000173552 0.0199409 0.0368148 7.86905e-05 4.43017e-05 3.01621e-07 4.24665e-05 1.16869e-05 2.84467e-06 0.436735 1.87811e-05 0.327804 
1.14086e-10 1.44458e-06 0.0376584 5.70326e-10 0.0233712 0.413946 0.163203 5.5995e-10 0.101962 1.39478e-05 2.98131e-10 4.35862e-07 3.23888e-07 0.252424 0.00741814 1.17752e-06 
1.7548e-07 0.0019259 0.0228353 0.000143176 0.0328666 0.512578 0.133546 4.22262e-05 0.00024184 0.288663 8.90061e-06 0.00148932 0.00011767 0.00495493 1.15935e-05 0.000575573 
2.97977e-07 0.00243667 0.129143 0.462352 4.67308e-06 3.12012e-07 0.0788496 1.46251e-06 0.0136471 1.66338e-06 7.78675e-07 0.00683586 1.66659e-06 0.297578 2.00532e-05 0.00912615 
1.68198e-07 0.0202629 0.0050902 3.85588e-05 0.000260385 0.831007 0.0954204 3.23379e-07 0.0166555 0.00100115 0.00172327 0.00655849 4.22579e-05 0.0186305 0.000322892 0.0029861 
7.05134e-09 0.0479518 0.00015044 3.52502e-08 8.53681e-06 0.0557198 0.474197 3.46089e-08 0.366184 7.96947e-07 0.000344158 0.0466183 1.94849e-07 0.0067737 0.00204473 6.13993e-06 
8.54495e-09 0.0458908 0.04746 0.000210676 3.19487e-05 0.209513 0.385054 1.04481e-06 0.0651766 0.00144329 0.000337663 0.0283177 2.23041e-05 0.204057 0.00107313 0.0114117 
1.4052e-07 0.0778816 0.040487 5.70801e-07 0.00076045 0.499299 0.236798 2.15484e-06 0.0361875 6.01123e-05 2.58125e-06 2.41075e-07 1.74455e-07 0.00537451 1.04341e-06 0.103145 
2.09109e-06 0.0490427 0.00797632 1.53988e-05 1.26795e-05 0.388762 0.380916 4.5163e-06 0.00963141 0.00199164 0.0364557 0.0135416 0.000303642 0.103648 0.00458474 0.00311159 
2.05246e-08 0.0470496 0.0651487 1.02604e-07 7.41285e-06 0.445678 0.18705 0.00159442 0.0758159 4.64789e-06 0.0099261 0.00210552 2.91199e-08 0.163861 0.00173562 2.23602e-05 
1.96861e-10 0.00103326 0.000354662 9.84124e-10 7.83157e-10 0.908515 0.0874918 9.6622e-10 8.26738e-07 1.09893e-09 8.66925e-07 9.6097e-08 3.43969e-07 0.00260308 6.78029e-10 1.60615e-08 
9.69161e-09 0.0211416 1.80857e-06 4.84491e-08 1.90999e-05 0.956132 0.0174902 4.75677e-08 0.000174775 5.4101e-08 0.00500071 7.11583e-07 1.37503e-08 2.19491e-06 3.33798e-08 3.66595e-05 
2.02338e-07 0.18525 0.468041 0.000255057 0.0208173 0.00474614 0.0263535 1.0281e-05 0.000675845 2.14122e-05 0.0131962 0.0266169 0.0358128 0.194552 0.000183833 0.0234686 
8.42635e-10 0.000252998 0.0108385 4.2124e-09 9.32639e-06 2.04731e-06 0.457202 4.13576e-09 0.0388274 1.83107e-06 2.20197e-09 0.0040631 1.19551e-09 0.465394 2.9022e-09 0.0234084 
3.7644e-08 0.0163167 0.022316 0.00359305 1.49756e-07 0.776909 0.0368829 1.24286e-05 0.0599893 3.67373e-06 0.000170431 6.02321e-05 0.000134222 0.0179517 1.29653e-07 0.0656602 
4.16282e-08 6.77092e-07 0.0187294 4.41856e-06 2.38975e-06 0.0087635 0.0189221 1.88067e-05 0.858964 2.32379e-07 9.88032e-06 6.66092e-05 9.7589e-07 0.0876439 8.47623e-05 0.00678855 
1.65018e-06 0.00431619 0.00160963 1.56007e-05 2.16833e-05 0.0248907 0.953072 5.12501e-06 2.20305e-06 6.57802e-06 0.000152289 0.00197145 2.03445e-06 0.0114277 0.000653195 0.00185225 
9.31776e-10 0.0632733 0.00553673 0.000980471 1.19504e-05 0.62583 0.22657 1.72327e-05 0.00288258 1.75469e-06 9.28751e-05 6.39683e-05 6.13712e-07 0.0686079 1.84541e-07 0.00613011 
4.8905e-11 2.73241e-05 2.19983e-05 2.4448e-10 8.04291e-05 0.0388676 0.822452 2.40273e-07 0.000130805 4.94157e-06 1.27799e-10 0.130803 6.25163e-08 0.00760336 1.22977e-06 6.47205e-06 
3.76982e-07 5.28498e-05 0.0256886 0.0016916 1.49972e-06 0.946692 0.00548554 1.85028e-06 0.00109439 0.000589659 9.8513e-07 0.000484635 5.34854e-07 0.0153961 5.81638e-05 0.00276108 
9.2193e-08 0.00636783 0.168789 1.39345e-05 3.66764e-07 0.628629 0.149002 4.52495e-07 0.0233648 0.000275017 2.40919e-07 7.11012e-05 1.30802e-07 0.0191182 3.17531e-07 0.00436697 
7.28726e-12 3.91272e-07 0.00148702 3.64296e-11 6.05926e-07 2.00378e-06 0.782587 8.15521e-07 1.34896e-06 6.91956e-08 0.00327111 0.212648 1.0339e-11 6.70484e-07 1.30539e-07 2.35611e-07 
1.39222e-09 0.00590027 0.118729 5.78681e-06 5.53854e-09 0.411617 0.172021 2.94203e-06 0.0744836 7.7717e-09 0.184472 9.17533e-06 1.97525e-09 0.0327508 4.81081e-06 3.70604e-06 
1.98558e-11 0.365428 0.519433 9.92608e-11 7.89909e-11 0.0213388 0.00471825 9.7455e-11 0.00187583 2.99379e-07 5.18873e-11 2.49665e-07 1.71872e-07 0.0872039 3.48844e-07 6.36539e-07 
3.15614e-11 0.00309735 2.31804e-07 1.57778e-10 1.25558e-10 0.967692 0.0292093 1.54908e-10 8.74597e-11 1.76184e-10 8.166e-07 9.04407e-08 4.47787e-11 2.81526e-07 1.08704e-10 2.91135e-09 
2.87695e-10 0.000254444 0.00689649 1.43821e-09 6.86658e-05 0.0488006 0.91205 7.36526e-07 4.23034e-06 3.24463e-05 0.0243863 2.79985e-07 1.56543e-08 0.00581335 9.90877e-10 0.00169282 
1.98558e-11 0.365428 0.519433 9.92608e-11 7.89909e-11 0.0213388 0.00471825 9.7455e-11 0.00187583 2.99379e-07 5.18873e-11 2.49665e-07 1.71872e-07 0.0872039 3.48844e-07 6.36539e-07 
3.38953e-08 9.1665e-05 0.318069 1.69445e-07 1.48161e-05 0.663958 0.000895634 4.47898e-06 3.27489e-05 0.000194425 7.43625e-06 0.000178438 4.809e-08 0.0163978 1.16742e-07 0.000155424 
3.24215e-10 0.271899 0.000145838 1.62078e-09 0.000533204 0.0789929 8.50598e-05 1.59289e-06 0.000867171 3.27601e-05 8.4724e-10 0.000298918 4.5999e-10 0.645462 0.0016387 4.29064e-05 
8.0438e-07 0.0954944 0.135477 0.00209024 0.00233188 0.211551 0.0871283 0.00803721 0.0135892 0.197103 0.0180926 8.04419e-07 0.00225285 0.0886573 0.00554784 0.132646 
9.85325e-08 0.000744301 0.0112941 4.92572e-07 1.82035e-06 0.000128714 0.276732 4.8361e-07 0.0013307 2.01225e-05 6.9602e-07 0.70954 5.93833e-07 2.03068e-05 0.000132113 5.33555e-05 
2.75709e-08 0.00435597 0.0218121 0.000110401 0.929456 0.0140075 0.00122728 0.000541422 0.00922177 1.53908e-07 0.00796859 0.00161261 0.00150604 0.00648011 0.000493884 0.00120618 
1.4052e-07 0.0778816 0.040487 5.70801e-07 0.00076045 0.499299 0.236798 2.15484e-06 0.0361875 6.01123e-05 2.58125e-06 2.41075e-07 1.74455e-07 0.00537451 1.04341e-06 0.103145 
6.26294e-08 1.20862e-05 0.0392771 3.13089e-07 2.49154e-07 0.738918 0.156852 2.35933e-06 9.05547e-06 3.49613e-07 2.83421e-06 1.93505e-06 2.30905e-05 0.0206804 4.34601e-05 0.044177 
1.41123e-09 1.90939e-06 0.0411508 7.05482e-09 5.61417e-09 0.103427 0.383065 2.75836e-06 0.0912353 1.33326e-06 3.68782e-09 1.45188e-05 2.00222e-09 0.381098 4.86054e-09 3.19334e-06 
8.6729e-12 1.5294e-08 2.08831e-06 2.60573e-08 0.00035388 0.998641 0.000412663 0.000362113 1.03106e-06 1.4045e-07 3.4225e-07 1.06982e-07 0.000225655 2.5917e-07 9.56175e-08 2.41598e-07 
4.45379e-10 0.00306649 0.629875 1.32782e-07 1.77182e-09 0.0225344 0.000111854 2.18598e-09 4.46624e-05 9.49336e-06 1.16387e-09 7.55077e-06 6.31895e-10 0.299039 1.53397e-09 0.0453113 
1.2773e-07 0.000453923 0.0982198 6.38532e-07 0.362043 0.410258 0.00607929 6.26915e-07 3.93669e-05 7.13021e-07 0.0958801 2.39084e-05 0.00463197 0.0205744 4.39927e-07 0.00179419 
2.55378e-11 4.06164e-07 0.0002605 1.27665e-10 1.01595e-10 2.67406e-11 0.988322 1.25343e-10 3.45175e-06 2.82153e-07 6.67354e-11 0.0111976 3.62325e-11 0.000214719 8.79572e-11 6.79216e-07 
6.61022e-11 6.51301e-06 0.620784 3.3045e-10 2.2881e-06 0.138751 0.0462336 3.24438e-10 0.0490514 3.68999e-10 1.72738e-10 2.40548e-05 1.92267e-06 0.129938 2.27669e-10 0.0152071 
3.64479e-07 0.049322 0.0995689 0.00383201 1.44998e-06 0.00512901 0.526043 1.78891e-06 0.00106527 2.03461e-06 9.52457e-07 0.000125229 5.17116e-07 0.100114 1.25534e-06 0.214792 
1.34096e-09 3.88953e-05 0.0353076 4.72831e-06 2.35724e-05 0.956689 6.0444e-07 6.58162e-09 3.71594e-09 7.4856e-09 3.50421e-09 9.02983e-07 1.63571e-06 0.00785455 2.64874e-06 7.56365e-05 
1.71869e-08 0.000446258 0.633767 8.59188e-08 6.83734e-08 0.00247452 0.000504949 7.60046e-05 0.36187 9.59418e-08 9.88534e-05 6.97652e-05 2.43845e-08 0.000434857 8.29325e-05 0.000174252 
8.74007e-09 0.0337598 0.0972635 4.36923e-08 0.0135208 0.794657 0.01131 2.52453e-07 0.00413633 0.000226391 1.44211e-05 2.35127e-06 1.24002e-08 0.0450574 9.88257e-06 4.15555e-05 
2.2742e-09 5.52668e-06 0.0991712 0.00156537 6.75673e-07 0.821522 0.0586703 3.52179e-07 4.865e-06 6.74328e-07 0.000717273 5.0592e-07 2.75761e-07 0.0178469 0.000104626 0.000389288 
5.37166e-11 1.62505e-06 2.18936e-07 2.68533e-10 2.13696e-10 0.0339144 1.17363e-06 0.000333384 1.48854e-10 5.40047e-07 1.40372e-10 1.83849e-07 7.6212e-11 1.80858e-07 1.8501e-10 0.965748 
4.42579e-06 0.0202897 0.00962703 0.000360747 0.000336605 0.0321192 0.00685096 0.821618 0.00129939 0.0781124 0.00220353 1.45508e-05 0.000419792 0.00978729 0.00117791 0.0157785 
1.83838e-08 0.000698303 4.36541e-06 9.19019e-08 7.31347e-08 0.870806 0.128338 2.93591e-05 5.09432e-08 1.02623e-07 1.53984e-05 1.71442e-06 1.1307e-05 5.2988e-06 6.33173e-08 9.03259e-05 
3.26203e-10 0.0231861 0.0326093 0.00156148 0.00155708 0.844642 0.0656425 1.60105e-09 0.000147399 1.43646e-06 0.0274309 5.78009e-07 3.53473e-07 0.00307932 0.000139671 1.57277e-06 
1.5132e-12 0.00306692 1.12738e-07 7.56462e-12 0.000189873 0.015517 0.908361 7.427e-12 2.22284e-08 1.60503e-07 0.000882815 0.0699539 4.72535e-09 0.00202739 1.30821e-07 7.25977e-07 
2.00428e-07 0.0059831 0.0060326 1.00195e-06 0.00239283 0.977185 0.00112507 9.83726e-07 5.55405e-07 1.11884e-06 5.23758e-07 0.000303197 2.84363e-07 0.00186432 0.00269291 0.00241647 
4.71947e-07 1.59044e-05 0.0173912 2.3593e-06 1.87751e-06 0.912432 0.0653677 2.31638e-06 0.0035879 2.63453e-06 1.23329e-06 0.000428568 6.69589e-07 8.3484e-05 0.000144185 0.00053774 
1.55158e-07 0.00229864 0.0454631 4.05242e-05 1.24988e-06 0.7593 0.183944 3.64246e-05 4.29956e-07 8.66128e-07 0.0031484 1.91246e-05 7.37225e-05 0.00479408 5.34393e-07 0.000878481 
2.16892e-07 0.150888 0.0433255 1.08426e-06 0.00138448 0.152597 0.241947 1.06453e-06 0.0259209 3.61193e-05 4.3227e-05 0.00079675 3.07722e-07 0.382322 0.000734322 1.7612e-06 
4.0772e-12 0.0945652 0.0550345 4.37562e-07 0.00174528 0.00459996 0.0925815 3.65148e-05 0.106139 0.000953551 1.06546e-11 0.0269436 2.62696e-09 0.00199117 7.77177e-08 0.615409 
1.38267e-10 0.0418423 0.00122376 6.91208e-10 4.44037e-08 0.000818839 0.902714 6.78633e-10 1.01571e-07 0.000519347 8.93363e-07 0.0259045 1.96171e-10 0.0269751 5.96083e-07 3.28466e-08 
1.5638e-09 0.000937576 0.0011807 7.81757e-09 8.35446e-07 0.992007 0.00562393 2.35021e-07 4.33345e-09 6.81013e-07 4.59775e-05 2.48555e-06 3.14381e-07 0.00019452 5.38604e-09 6.02355e-06 
1.6106e-10 4.59932e-06 0.000351432 2.04632e-06 1.36373e-06 0.645206 0.301575 0.0270045 4.46313e-10 0.0027081 0.000277458 7.11321e-05 0.00121315 5.87979e-05 1.9724e-07 0.0215258 
6.37807e-11 0.0265635 3.10563e-06 3.18844e-10 2.53734e-10 0.0368522 0.177837 3.13044e-10 0.0100983 3.5604e-10 2.83508e-07 0.230718 9.04907e-11 0.517926 1.97926e-07 1.98643e-06 
4.39409e-09 0.0114313 4.61129e-06 2.19664e-08 1.74807e-08 0.978732 0.00980784 2.15668e-08 1.21764e-08 2.45289e-08 1.62489e-05 1.80152e-06 6.23424e-09 5.59979e-06 1.51341e-08 3.48967e-07 
7.22018e-08 0.00189208 0.000873578 3.60943e-07 2.87235e-07 0.970524 0.00656129 3.54376e-07 0.0109645 4.03049e-07 0.000358677 0.00193631 0.000102541 0.0055255 2.48677e-07 0.00125957 
7.87075e-07 0.00322337 0.0295407 5.36402e-05 1.25049e-05 0.96064 0.000821782 0.00018094 4.91498e-06 7.17028e-06 0.000526414 9.8196e-06 0.000238691 0.00326647 0.000557117 0.000915813 
1.03284e-09 0.0674506 0.0248271 5.16326e-09 7.71722e-05 0.791993 0.0246866 1.36095e-06 8.9861e-07 6.1073e-05 0.000250574 0.0192439 1.46538e-09 0.0707054 3.02117e-05 0.000672263 
7.12933e-11 9.51289e-07 0.193998 2.14197e-07 1.16313e-06 0.777128 0.0118642 5.9521e-07 0.0101792 1.15453e-06 2.81337e-06 8.79414e-07 4.75504e-07 0.00681953 7.85999e-07 1.986e-06 
5.19939e-12 1.75604e-06 3.8737e-07 2.59922e-11 3.31155e-08 2.49131e-06 0.920188 2.55193e-11 6.88159e-05 5.51491e-07 0.000405033 0.0717402 7.37679e-12 0.00759227 4.49502e-07 2.46977e-08 
9.53805e-09 0.0117627 0.0826471 8.05745e-06 3.79445e-08 0.0530606 0.753201 1.91068e-05 0.00464305 0.000323875 1.85173e-05 0.000396659 2.90953e-05 0.0676611 1.58932e-05 0.0262135 
1.30738e-06 0.641934 0.0208922 0.216861 0.000844481 0.000492262 0.0899747 6.41681e-06 3.62289e-06 7.29815e-06 3.41646e-06 0.000286572 1.85489e-06 0.0269676 4.50289e-06 0.00171789 
6.83953e-07 6.84052e-07 0.387993 0.000410672 0.00280294 0.378701 0.0915271 0.00116234 0.0293301 0.00198201 0.0103245 0.0106025 0.00321494 0.0588981 0.00218808 0.0208616 
3.12582e-12 0.217979 0.395351 3.9057e-08 0.01253 0.0108815 0.130024 2.19801e-06 0.0326355 1.29361e-07 7.1484e-08 0.196783 1.22884e-08 0.00269597 2.40252e-05 0.00109398 
4.67275e-05 0.0374817 0.0193376 0.000265828 0.00488494 0.749513 0.0640331 0.0302829 0.00568839 0.0196111 0.000186917 0.0179039 0.00219201 0.0286107 0.00145702 0.018504 
3.03242e-10 0.200214 0.0878226 1.51593e-09 0.0147057 0.321625 0.174671 1.48835e-09 0.00258439 1.69277e-09 2.06111e-06 0.000110351 8.82019e-06 0.198247 1.04442e-09 9.55515e-06 
1.10517e-07 0.000120016 8.47844e-05 5.52483e-07 4.39661e-07 0.247395 5.80655e-05 5.42432e-07 3.06253e-07 6.16934e-07 2.88803e-07 6.50772e-05 1.56799e-07 0.69117 3.80643e-07 0.0611037 
1.50992e-08 0.0049829 0.0796905 8.74591e-06 5.5369e-05 0.0492465 0.106797 7.41089e-08 0.0099542 8.50928e-07 2.42511e-07 0.00742395 2.31654e-07 0.194723 0.000341746 0.546774 
2.70635e-07 4.24865e-06 0.00392832 2.18744e-05 1.07664e-06 3.19245e-06 9.89965e-05 4.14952e-06 2.37914e-05 0.000655231 7.07223e-07 6.83659e-07 6.28247e-06 0.000101171 6.40265e-06 0.995144 
2.0051e-08 0.141822 0.0128997 2.87575e-05 9.71743e-06 0.774556 0.00619303 9.84128e-08 2.81784e-05 1.1193e-07 1.50611e-05 0.00112382 2.84479e-08 0.0316851 6.90595e-08 0.0316384 
2.46855e-08 2.92149e-05 4.29292e-06 0.000132361 0.00230065 0.011746 0.976823 9.8695e-06 4.13451e-06 1.37801e-07 2.21636e-06 4.69021e-06 3.50232e-08 0.00705209 8.50216e-08 0.0018913 
3.23363e-09 0.125611 0.0142789 1.61652e-08 1.28641e-08 0.664074 0.00270221 1.58711e-08 3.08155e-05 1.56414e-05 8.45013e-09 0.142528 1.10537e-05 0.000628005 1.0965e-06 0.0501184 
1.0863e-12 0.3353 0.00879747 5.43051e-12 6.91879e-09 0.0780765 0.363997 5.33172e-12 0.000721292 1.15222e-07 0.0438182 0.11805 3.34461e-08 0.0510981 9.39139e-08 0.000140874 
6.10891e-08 0.00814567 0.0122791 2.14962e-05 0.000523801 0.92303 0.0225244 5.27091e-07 1.73145e-05 6.8901e-05 1.59638e-07 2.59096e-06 8.04603e-06 0.0332892 1.08952e-05 7.80644e-05 
1.36839e-10 0.0356871 0.385312 3.32611e-06 5.44376e-10 0.0698425 0.0107451 6.24334e-07 0.0104753 5.1327e-06 2.78958e-06 5.95863e-08 3.71346e-07 0.0306992 4.71301e-10 0.457226 
1.0863e-12 0.3353 0.00879747 5.43051e-12 6.91879e-09 0.0780765 0.363997 5.33172e-12 0.000721292 1.15222e-07 0.0438182 0.11805 3.34461e-08 0.0510981 9.39139e-08 0.000140874 
3.64636e-12 0.107882 0.00366774 1.82284e-11 2.32241e-08 0.00244778 0.725882 1.78968e-11 5.35636e-08 0.00154743 4.72631e-07 0.0776695 5.17338e-12 0.0809027 3.15238e-07 1.73206e-08 
9.36104e-11 0.000516522 0.00149744 4.67965e-10 2.52552e-06 0.766585 0.231313 4.59452e-10 2.59403e-10 5.22557e-10 3.46034e-07 3.83648e-08 1.32813e-10 8.44931e-05 1.09341e-06 6.43335e-09 
1.10765e-06 0.000302303 0.000325136 5.53723e-06 0.0676213 0.928736 5.26425e-05 5.43649e-06 0.000659694 0.00151137 2.89451e-06 1.5186e-05 1.31642e-05 9.28323e-05 3.81497e-06 0.00065174 
9.92314e-11 0.0622906 0.00939251 4.96065e-10 0.00293945 0.379664 0.260218 4.8704e-10 0.000127569 1.05737e-06 1.84597e-06 0.170442 2.15139e-07 0.00246132 0.000404596 0.112057 
3.41438e-08 0.0118412 2.21248e-05 1.70688e-07 1.35832e-07 0.03424 0.926793 1.67582e-07 0.000946287 3.87475e-06 0.0003107 4.03817e-05 4.51375e-06 0.0256374 9.26178e-05 6.7199e-05 
2.22019e-11 2.04342e-06 0.000838275 1.10989e-10 8.8324e-11 0.973371 0.0257868 1.0897e-10 2.15395e-07 1.23936e-10 5.8018e-11 7.57953e-07 7.24807e-08 1.03409e-06 7.64676e-11 1.8657e-07 
7.67794e-06 0.000126141 3.7826e-05 3.83826e-05 3.05446e-05 0.0054604 0.93048 3.76843e-05 0.000298378 0.000146528 0.0543617 0.0070558 1.08933e-05 0.000265056 0.00149637 0.000146613 
4.23913e-09 0.144749 0.00169566 1.57646e-05 1.68642e-08 0.844598 2.73734e-05 2.08062e-08 6.92041e-06 2.36639e-08 1.10777e-08 0.000299104 2.86944e-06 0.00855572 1.46004e-08 4.89408e-05 
2.17015e-08 0.00578568 0.162948 0.0016903 4.65554e-05 0.763245 0.00686593 0.000197246 0.000338749 0.0170351 0.00175782 0.000555142 0.000213218 0.0345609 3.14747e-05 0.00472895 
8.0438e-07 0.0954944 0.135477 0.00209024 0.00233188 0.211551 0.0871283 0.00803721 0.0135892 0.197103 0.0180926 8.04419e-07 0.00225285 0.0886573 0.00554784 0.132646 
1.37366e-06 0.00345307 0.00128776 1.25186e-05 1.74124e-05 0.0213985 0.956928 4.13392e-06 1.86283e-06 5.27843e-06 0.000121888 0.00560217 1.63182e-06 0.00914237 0.000540339 0.00148191 
4.43601e-07 0.11411 0.0441474 2.2176e-06 8.75485e-06 0.708897 0.0463213 0.000250191 0.00227882 0.0013021 0.00808511 8.24119e-05 3.2608e-06 0.0739083 7.60427e-06 0.000594973 
1.33391e-08 0.116557 0.00364167 6.66834e-08 2.1078e-05 0.660955 0.126504 6.54703e-08 0.00154603 0.000350414 0.0231958 0.0477022 0.000309014 0.0186183 0.0002856 0.000312886 
6.19649e-08 0.000992651 0.0182329 0.000115996 3.07009e-05 0.9743 1.48199e-05 3.04132e-07 1.71711e-07 3.45904e-07 1.61927e-07 2.21475e-05 3.14693e-05 0.00427701 5.10003e-05 0.00193033 
2.45699e-11 0.00334519 0.00133058 1.22827e-10 9.82856e-05 0.135542 0.706237 1.20592e-10 0.000114967 1.90027e-07 0.000171643 0.146269 3.48593e-11 0.00640552 0.000474029 1.21736e-05 
7.88756e-09 0.000155556 0.986355 1.89657e-07 3.13785e-08 0.00351728 2.02051e-06 3.87132e-08 0.000375186 4.85184e-05 2.06118e-08 7.71508e-07 1.11907e-08 0.00549969 2.71663e-08 0.00404572 
1.63044e-08 0.000636033 0.0257525 8.15071e-08 0.000561533 0.32361 0.00410206 7.48331e-05 4.51812e-08 0.000193245 0.644463 5.60655e-05 2.31324e-08 0.000268077 5.61557e-08 0.000282737 
4.25282e-10 0.0408259 0.169623 0.144066 1.01481e-05 0.0956927 0.131836 8.02308e-07 0.0522723 9.26925e-08 0.00192979 8.47755e-06 2.64967e-07 0.325511 1.46476e-09 0.0382229 
4.86167e-13 0.0302863 0.716777 1.55933e-06 0.0136148 0.119844 0.00271165 3.81979e-05 0.0196273 2.71391e-12 0.0155408 0.00209005 0.00102246 0.0773814 4.52946e-05 0.0010188 
1.71869e-08 0.000446258 0.633767 8.59188e-08 6.83734e-08 0.00247452 0.000504949 7.60046e-05 0.36187 9.59418e-08 9.88534e-05 6.97652e-05 2.43845e-08 0.000434857 8.29325e-05 0.000174252 
3.27144e-08 0.000246202 0.115127 0.000364608 4.52442e-06 0.034964 0.0708095 1.60566e-07 0.0015774 2.83961e-05 3.77095e-05 0.0160958 1.01451e-06 0.0226626 0.725794 0.0122867 
1.62417e-08 0.000178322 0.0440365 0.000308616 1.94485e-05 0.00206122 0.00144133 7.97163e-08 4.50073e-08 9.06652e-08 0.000297142 0.000324419 2.30434e-08 0.951264 1.68378e-05 5.19326e-05 
9.24818e-07 3.80806e-05 0.000122615 4.62324e-06 0.000380812 0.571305 0.20641 4.57005e-05 0.000354775 5.16257e-06 0.000826492 0.000105232 1.38715e-05 0.00157779 1.84297e-05 0.218791 
3.26766e-08 0.000329524 0.00383169 1.63353e-07 1.29995e-07 0.912634 0.0621871 1.60381e-07 9.05499e-08 1.82409e-07 1.54113e-05 1.34905e-05 4.63609e-08 0.0196027 1.12545e-07 0.00138552 
3.93603e-09 0.00216968 0.0149908 1.96765e-08 7.57308e-05 0.942057 0.0307039 1.93186e-08 0.00147694 2.19719e-08 0.0048816 0.000191881 5.58436e-09 0.00344029 3.88217e-06 8.13122e-06 
2.62325e-07 0.00789033 0.0221558 2.64966e-05 1.44571e-06 0.92111 0.0249769 9.44653e-05 8.08119e-07 0.000320233 0.000380557 0.00819704 0.000340809 0.0143527 0.000118553 3.36427e-05 
1.4052e-07 0.0778816 0.040487 5.70801e-07 0.00076045 0.499299 0.236798 2.15484e-06 0.0361875 6.01123e-05 2.58125e-06 2.41075e-07 1.74455e-07 0.00537451 1.04341e-06 0.103145 
3.31238e-09 0.0327054 0.0265989 2.87446e-06 0.000219825 0.800106 0.108358 4.26646e-05 0.00032667 0.000350527 0.00471404 0.0219336 0.00012315 0.00424791 0.00019384 7.714e-05 
6.14657e-08 0.000334973 0.00364002 0.00476301 0.00303234 0.978331 0.00112676 0.000513162 0.00447979 3.43117e-07 1.60622e-07 0.00020548 8.72063e-08 0.00104746 0.000762331 0.00176276 
6.83953e-07 6.84052e-07 0.387993 0.000410672 0.00280294 0.378701 0.0915271 0.00116234 0.0293301 0.00198201 0.0103245 0.0106025 0.00321494 0.0588981 0.00218808 0.0208616 
2.70157e-07 0.00128046 0.000195055 1.35053e-06 1.07474e-06 0.802152 0.177565 1.32596e-06 0.00487288 1.50808e-06 6.54807e-05 0.000821237 3.21731e-06 0.0130033 9.30473e-07 3.50915e-05 
1.65018e-06 0.00431619 0.00160963 1.56007e-05 2.16833e-05 0.0248907 0.953072 5.12501e-06 2.20305e-06 6.57802e-06 0.000152289 0.00197145 2.03445e-06 0.0114277 0.000653195 0.00185225 
6.38306e-08 3.94629e-05 0.138793 6.29217e-05 2.53932e-07 0.685274 0.152653 3.13289e-07 0.00261917 0.000278523 0.000282177 7.85416e-06 2.14874e-05 0.0189179 2.19845e-07 0.00104987 
4.77328e-10 0.00343721 0.0420572 2.3862e-09 8.68937e-07 0.0981778 0.30393 7.61493e-07 0.0789814 1.2193e-06 0.395297 0.0124798 6.77223e-10 0.0280208 1.64401e-09 0.0376157 
6.09129e-06 0.0161457 0.548092 0.017441 0.00407843 0.147137 0.0494835 1.50838e-05 0.0484009 7.41655e-06 0.000283764 0.000878352 3.97342e-05 0.156106 0.000960993 0.0109243 
2.75762e-07 0.000123026 0.0263121 6.10594e-05 0.0226835 0.729442 0.036636 7.81049e-05 0.000862616 0.0041181 0.00405754 9.45066e-05 3.91245e-07 0.0965823 0.000297039 0.0786513 
1.69989e-08 0.00481462 0.0266305 8.4979e-08 4.39178e-05 0.000717477 0.149068 8.3433e-08 0.00281216 1.24858e-05 0.00068343 0.0114633 2.41178e-08 0.79794 5.85477e-08 0.00581377 
5.70871e-09 0.000158651 0.0281731 1.49231e-06 0.00176248 0.947421 0.00122688 4.09993e-06 5.80311e-05 7.9321e-06 1.92716e-05 6.02388e-06 0.0195874 1.4585e-05 5.39827e-06 0.00155356 
1.0863e-12 0.3353 0.00879747 5.43051e-12 6.91879e-09 0.0780765 0.363997 5.33172e-12 0.000721292 1.15222e-07 0.0438182 0.11805 3.34461e-08 0.0510981 9.39139e-08 0.000140874 
4.643e-08 0.000387297 0.000326147 2.32107e-07 0.000229459 0.00706923 0.125887 2.27884e-07 0.00016889 2.59184e-07 1.21331e-07 2.37953e-05 6.5874e-08 0.000143331 1.59914e-07 0.865764 
1.4553e-08 0.100647 0.109743 3.48762e-06 0.0045443 0.231244 0.0845557 2.07001e-05 0.171003 0.147967 8.32271e-05 0.0979689 1.70093e-05 0.0121638 0.001439 0.0386 
5.84338e-10 1.78077e-07 0.0438861 2.92115e-09 0.0404993 0.198444 0.661219 0.000453496 0.0419336 2.74638e-06 0.00354407 1.2745e-06 3.75573e-05 0.00997404 2.42544e-06 2.8381e-06 
7.87075e-07 0.00322337 0.0295407 5.36402e-05 1.25049e-05 0.96064 0.000821782 0.00018094 4.91498e-06 7.17028e-06 0.000526414 9.8196e-06 0.000238691 0.00326647 0.000557117 0.000915813 
7.25356e-10 0.00103577 7.95454e-07 3.62611e-09 2.88563e-09 0.965316 0.0336433 3.56014e-09 2.01003e-09 4.04912e-09 2.80292e-06 3.10744e-07 1.02912e-09 9.65976e-07 2.49827e-09 5.79822e-08 
4.10526e-10 0.00865186 3.11053e-06 2.05225e-09 7.66677e-06 0.663033 0.265744 2.01491e-09 1.13761e-09 0.0283274 1.52484e-06 0.000528723 0.00288753 0.0308046 1.41393e-09 1.03041e-05 
5.49555e-08 0.0398656 0.0323223 5.33084e-05 2.18625e-07 0.867316 0.00606233 0.000641106 0.00494863 3.06775e-07 0.00754224 0.000949989 7.79697e-08 0.0358271 0.000160354 0.00431028 
9.63975e-14 0.00198474 0.00629273 4.81898e-13 2.31608e-09 0.000102423 0.00441529 4.73131e-13 0.000104575 2.68482e-09 9.76515e-06 0.985176 7.36234e-10 0.00178125 0.000133196 8.63555e-08 
4.46105e-12 0.00183623 0.0698104 2.23011e-11 3.46717e-08 1.09856e-07 0.0881597 2.18954e-11 0.00142218 4.01946e-08 1.06511e-08 0.838769 1.10219e-08 4.91842e-07 7.89338e-08 1.29229e-06 
5.07005e-10 0.00838771 0.00208216 1.0794e-06 8.30006e-05 0.0353664 0.152818 1.87306e-06 1.40496e-09 6.65556e-06 0.000399121 0.750817 1.98715e-05 0.00954465 1.74623e-09 0.040472 
6.83953e-07 6.84052e-07 0.387993 0.000410672 0.00280294 0.378701 0.0915271 0.00116234 0.0293301 0.00198201 0.0103245 0.0106025 0.00321494 0.0588981 0.00218808 0.0208616 
8.74007e-09 0.0337598 0.0972635 4.36923e-08 0.0135208 0.794657 0.01131 2.52453e-07 0.00413633 0.000226391 1.44211e-05 2.35127e-06 1.24002e-08 0.0450574 9.88257e-06 4.15555e-05 
6.68589e-09 0.000958883 0.00316856 1.1262e-07 0.000279532 0.00121512 0.0122385 3.28152e-08 1.85272e-08 0.0729287 0.00194937 0.000168914 9.48581e-09 0.00581877 2.30275e-08 0.901273 
3.06488e-05 0.013251 0.0836457 0.0102675 0.00967506 0.800729 0.0203124 0.000518496 0.000442557 0.000794486 0.00100235 0.00991849 0.000302904 0.0394944 0.00746575 0.00214884 
2.68181e-08 0.00427141 0.00157793 1.34066e-07 0.000480203 0.000463367 0.00435204 5.27823e-05 0.000483126 0.000389383 7.0081e-08 0.000633847 3.80489e-08 0.987173 9.23667e-08 0.00012249 
2.49007e-11 0.0367986 1.50254e-07 0.0318224 1.81822e-08 1.99726e-08 0.846724 1.22216e-10 0.00265595 1.39002e-10 6.50706e-11 0.0196128 3.53286e-11 0.0613383 8.57629e-11 0.00104818 
2.74324e-09 0.00695416 0.000184453 1.37136e-08 1.18814e-07 0.132041 0.785659 8.27601e-06 0.000402976 1.81328e-06 0.000993597 0.0311902 0.000426386 0.0421181 1.47493e-06 1.89768e-05 
7.88756e-09 0.000155556 0.986355 1.89657e-07 3.13785e-08 0.00351728 2.02051e-06 3.87132e-08 0.000375186 4.85184e-05 2.06118e-08 7.71508e-07 1.11907e-08 0.00549969 2.71663e-08 0.00404572 
2.49007e-11 0.0367986 1.50254e-07 0.0318224 1.81822e-08 1.99726e-08 0.846724 1.22216e-10 0.00265595 1.39002e-10 6.50706e-11 0.0196128 3.53286e-11 0.0613383 8.57629e-11 0.00104818 
8.0438e-07 0.0954944 0.135477 0.00209024 0.00233188 0.211551 0.0871283 0.00803721 0.0135892 0.197103 0.0180926 8.04419e-07 0.00225285 0.0886573 0.00554784 0.132646 
1.4052e-07 0.0778816 0.040487 5.70801e-07 0.00076045 0.499299 0.236798 2.15484e-06 0.0361875 6.01123e-05 2.58125e-06 2.41075e-07 1.74455e-07 0.00537451 1.04341e-06 0.103145 
3.54782e-10 0.00053968 2.04277e-05 1.77358e-09 0.000134481 0.000205034 0.0919812 2.24635e-07 0.000121466 4.59046e-06 8.88882e-08 0.906951 5.03357e-10 4.41015e-06 3.09112e-05 6.01021e-06 
8.4479e-10 8.4658e-07 0.175686 4.22317e-09 3.36076e-09 0.067961 0.0620245 1.24805e-06 4.89292e-05 6.60688e-06 5.96274e-06 1.41241e-06 1.19857e-09 0.62381 2.90962e-09 0.070453 
1.64885e-10 0.104837 2.19095e-06 8.2427e-10 0.204667 0.494161 0.0100609 5.2611e-06 2.83331e-06 2.57812e-06 0.066454 0.00166701 0.00204265 1.1503e-06 5.67895e-10 0.116097 
1.46278e-07 1.31824e-05 0.123709 0.000539016 2.04483e-05 0.653992 0.00129869 3.16897e-06 0.0776797 8.16563e-07 3.82255e-07 0.00432826 2.07537e-07 0.113191 5.03812e-07 0.0252229 
1.00465e-11 0.0100411 0.00635492 1.79168e-05 9.04235e-05 0.0482717 0.00496361 0.000259371 0.00081665 0.909118 0.00107045 0.000390484 5.89551e-06 0.00222497 0.00015109 0.0162239 
5.63559e-07 0.00241932 0.0981078 0.0525731 0.00247219 0.227317 0.435673 0.000112583 0.0589179 0.000141525 0.000304824 0.00826268 0.000482687 0.0887325 0.00020086 0.0242813 
4.20236e-08 0.322073 0.0281511 8.07022e-06 7.27351e-06 0.118366 0.339785 4.86751e-05 0.00198078 8.23665e-08 0.0166844 0.0980108 0.000148017 0.0696357 0.000224156 0.00487721 
6.83953e-07 6.84052e-07 0.387993 0.000410672 0.00280294 0.378701 0.0915271 0.00116234 0.0293301 0.00198201 0.0103245 0.0106025 0.00321494 0.0588981 0.00218808 0.0208616 
1.4052e-07 0.0778816 0.040487 5.70801e-07 0.00076045 0.499299 0.236798 2.15484e-06 0.0361875 6.01123e-05 2.58125e-06 2.41075e-07 1.74455e-07 0.00537451 1.04341e-06 0.103145 
1.03958e-07 0.00146285 0.197687 4.06598e-05 0.000218691 0.0496525 0.0708443 0.000112171 0.653244 0.000217223 0.000528335 0.00664631 8.93853e-05 0.0187359 0.000147852 0.000372874 
4.45379e-10 0.00306649 0.629875 1.32782e-07 1.77182e-09 0.0225344 0.000111854 2.18598e-09 4.46624e-05 9.49336e-06 1.16387e-09 7.55077e-06 6.31895e-10 0.299039 1.53397e-09 0.0453113 
6.06722e-11 0.101461 0.0439253 3.03305e-10 0.00110433 0.806014 0.0129471 4.33958e-05 0.009699 0.00154223 0.000662864 9.13956e-05 0.0147566 0.00667097 0.000112292 0.000969704 
2.46433e-10 0.34014 0.0399323 1.23194e-09 9.80364e-10 0.479495 1.70453e-05 1.20952e-09 4.3029e-06 1.37702e-06 6.43979e-10 0.000186258 1.78348e-06 8.06542e-06 8.48763e-10 0.140214 
8.95323e-11 3.57933e-08 0.115562 4.47579e-10 3.56179e-10 0.882448 0.00198648 4.39436e-10 2.48103e-10 4.99792e-10 2.33966e-10 1.7237e-06 1.27027e-10 1.4917e-06 3.08367e-10 7.03243e-07 
1.22906e-08 2.94926e-07 0.00412701 6.14417e-08 0.0097231 0.156069 0.790554 6.03239e-08 3.40585e-08 0.000224295 0.00208805 0.0146088 5.52547e-07 0.0122342 4.23313e-08 0.0103697 
6.77043e-12 0.00360273 8.99638e-08 3.38459e-11 9.32735e-06 0.976902 0.0111911 2.16029e-07 0.00134967 1.89349e-08 0.00626462 9.36927e-05 0.000586494 1.04803e-07 2.54196e-07 9.0285e-08 
1.31151e-09 3.77064e-06 0.120651 0.0015592 0.000106149 0.809898 0.0460224 0.000102098 3.3655e-06 4.65123e-07 0.000713613 3.49852e-07 1.90435e-07 0.0204488 0.000102401 0.000388083 
8.56898e-11 0.00120225 4.98918e-07 4.2837e-10 5.17253e-05 0.992157 0.00373322 1.19823e-06 0.000452044 1.41154e-07 0.00209425 0.000108471 0.000196426 7.80194e-07 1.89243e-06 5.00723e-07 
4.23913e-09 0.144749 0.00169566 1.57646e-05 1.68642e-08 0.844598 2.73734e-05 2.08062e-08 6.92041e-06 2.36639e-08 1.10777e-08 0.000299104 2.86944e-06 0.00855572 1.46004e-08 4.89408e-05 
2.83848e-09 0.0312006 0.110107 1.41898e-08 3.2024e-05 0.759294 0.0806762 1.39316e-08 0.00133421 1.58451e-08 0.0059396 1.33058e-07 4.02718e-09 0.00694404 9.77629e-09 0.00447217 
2.68267e-11 1.66783e-05 4.41913e-05 1.34109e-10 9.81952e-07 3.11242e-06 0.492104 1.31669e-10 3.13565e-05 1.13827e-06 3.01515e-07 0.507745 3.1214e-07 1.39352e-05 2.23608e-06 3.66143e-05 
1.93129e-11 6.71702e-07 6.1539e-06 9.65466e-11 0.000415626 0.924764 0.0675188 7.60599e-05 5.35178e-11 5.60715e-07 0.000283064 0.000472152 2.60334e-07 6.82356e-07 3.32653e-07 0.00646138 
1.4052e-07 0.0778816 0.040487 5.70801e-07 0.00076045 0.499299 0.236798 2.15484e-06 0.0361875 6.01123e-05 2.58125e-06 2.41075e-07 1.74455e-07 0.00537451 1.04341e-06 0.103145 
2.45314e-10 2.87467e-06 0.753825 1.22634e-09 3.81825e-06 0.0536267 0.0698238 1.20403e-09 0.00250106 7.97402e-08 3.73107e-07 1.46816e-05 6.51341e-05 0.0995573 8.44908e-10 0.0205791 
6.83953e-07 6.84052e-07 0.387993 0.000410672 0.00280294 0.378701 0.0915271 0.00116234 0.0293301 0.00198201 0.0103245 0.0106025 0.00321494 0.0588981 0.00218808 0.0208616 
1.61306e-09 2.25942e-08 4.62936e-06 0.983075 6.41713e-09 0.000350177 0.00146466 7.91713e-09 3.43076e-07 9.00453e-09 8.12905e-08 2.08049e-07 3.28492e-09 0.00226141 7.94049e-07 0.0128429 
2.49007e-11 0.0367986 1.50254e-07 0.0318224 1.81822e-08 1.99726e-08 0.846724 1.22216e-10 0.00265595 1.39002e-10 6.50706e-11 0.0196128 3.53286e-11 0.0613383 8.57629e-11 0.00104818 
1.3957e-07 0.00160778 0.0385923 6.9772e-07 0.001324 0.646345 0.271176 6.85026e-07 0.00013858 7.79114e-07 0.00275879 8.44406e-05 1.98019e-07 0.0318866 4.80706e-07 0.00608376 
2.73744e-10 0.00516437 0.119353 5.3518e-05 2.27968e-07 0.0122851 0.395105 1.34357e-09 6.79431e-06 1.43428e-06 0.000370693 0.000688322 3.88382e-10 0.463838 9.42828e-10 0.00313368 
3.71288e-09 0.00857693 2.11224e-05 1.8561e-08 4.72809e-05 0.886718 0.104409 1.82233e-08 1.85301e-05 2.07263e-08 9.70251e-09 5.289e-05 9.48725e-06 2.46139e-05 8.8249e-05 3.32352e-05 
1.0863e-12 0.3353 0.00879747 5.43051e-12 6.91879e-09 0.0780765 0.363997 5.33172e-12 0.000721292 1.15222e-07 0.0438182 0.11805 3.34461e-08 0.0510981 9.39139e-08 0.000140874 
2.22556e-10 4.5173e-06 6.78977e-06 2.84357e-05 1.09661e-06 0.299409 0.582796 4.66264e-06 0.000102227 0.000130054 5.58489e-06 4.83175e-06 3.77617e-07 0.0285015 0.02855 0.0604555 
6.83953e-07 6.84052e-07 0.387993 0.000410672 0.00280294 0.378701 0.0915271 0.00116234 0.0293301 0.00198201 0.0103245 0.0106025 0.00321494 0.0588981 0.00218808 0.0208616 
6.83953e-07 6.84052e-07 0.387993 0.000410672 0.00280294 0.378701 0.0915271 0.00116234 0.0293301 0.00198201 0.0103245 0.0106025 0.00321494 0.0588981 0.00218808 0.0208616 
2.71972e-08 0.00513014 0.0318525 2.09882e-06 0.0005385 0.0280433 0.000217072 1.06177e-05 0.00200068 1.51822e-07 0.925796 8.61517e-05 5.46579e-05 0.00620854 9.94815e-06 4.93226e-05 
2.18397e-08 0.012185 0.000953428 1.09178e-07 8.68833e-08 0.0450679 0.140713 1.07192e-07 0.00948603 1.21915e-07 5.70716e-08 0.762355 8.7848e-06 0.0161398 0.0019897 0.0111006 
3.58609e-07 0.0338623 0.909582 1.79271e-06 9.95917e-06 0.00112968 0.000949566 3.15617e-05 0.000864205 5.28615e-06 1.807e-06 0.000423836 8.52505e-06 0.0517075 7.68755e-06 0.00141434 
3.88942e-11 0.0158204 0.0122557 3.51486e-07 1.4605e-07 0.92478 0.0257266 0.000252499 0.000476471 6.08998e-06 1.24588e-05 0.00134195 0.000140953 0.017487 0.00169931 2.16984e-07 
2.15734e-07 0.00123464 0.154875 1.07847e-06 0.00127177 0.146026 0.654442 0.000349501 5.9782e-07 0.00103158 0.000742641 0.000104685 0.000478741 0.0379527 0.00012493 0.00136504 
8.74007e-09 0.0337598 0.0972635 4.36923e-08 0.0135208 0.794657 0.01131 2.52453e-07 0.00413633 0.000226391 1.44211e-05 2.35127e-06 1.24002e-08 0.0450574 9.88257e-06 4.15555e-05 
4.9909e-11 1.30147e-05 9.44948e-06 2.49499e-10 2.08496e-06 0.842758 0.00891136 0.00477924 4.98029e-07 0.0827738 1.04351e-06 2.53348e-05 1.4169e-07 0.0607248 5.17408e-08 8.34201e-07 
7.87075e-07 0.00322337 0.0295407 5.36402e-05 1.25049e-05 0.96064 0.000821782 0.00018094 4.91498e-06 7.17028e-06 0.000526414 9.8196e-06 0.000238691 0.00326647 0.000557117 0.000915813 
