0.0386844 0.35449 0.1557 1.1043e-05 9.75119e-07 0.00150609 0.0363387 8.08444e-06 0.00106327 0.00152621 0.00120953 0.0151565 0.00104902 0.349817 0.000237156 0.0432012 
0.0100929 0.787047 0.0395591 0.0003643 0.0022802 0.00796428 0.0176972 7.23052e-05 0.00133153 0.00922835 0.00671767 0.0198778 6.4352e-05 0.0691975 7.13873e-05 0.0284343 
0.0517511 0.332945 0.296401 0.000120828 0.00365261 0.00710105 0.0576637 0.000222893 0.0154367 0.00040297 0.00125938 0.0191664 0.00458617 0.139062 0.00117135 0.0690571 
0.0279946 0.545544 0.193841 3.44993e-05 9.25821e-05 0.00777748 0.0274537 5.23161e-07 0.000329755 0.000218317 0.00139037 0.0732668 9.79565e-06 0.113847 0.00350926 0.00469 
1.58653e-07 0.221257 0.168132 1.58505e-07 0.0655417 0.0194191 0.117183 0.000158666 0.153069 0.00286869 1.58594e-07 0.183824 1.58637e-07 0.0443982 0.00115767 0.0229895 
0.00966013 0.63869 0.26281 6.29863e-06 0.00172435 0.00840945 0.00835275 1.47522e-05 0.000380599 6.43632e-05 0.000763973 0.00812104 3.74715e-05 0.0269238 0.000943247 0.0330971 
0.0326982 0.518976 0.148926 0.00131849 8.54412e-05 0.0286686 0.0262667 3.07392e-05 0.0115491 9.42433e-05 0.00222361 0.00465933 0.00284396 0.205496 0.000401387 0.0157619 
0.00553542 0.897103 0.0213227 2.35464e-09 1.39694e-05 0.00194459 0.00758609 8.19045e-07 0.000366139 5.94986e-07 0.000197174 0.0103583 7.30867e-07 0.0554115 1.61374e-05 0.000143351 
0.212848 0.413795 0.0543459 1.0644e-06 0.000782904 0.0174636 0.0449947 0.000112123 0.000293045 0.00235189 0.00241186 0.0399935 0.00130571 0.183507 0.0120951 0.0136985 
0.00580862 0.351518 0.233497 0.00155992 0.00238704 0.0196333 0.0792704 5.56784e-06 0.00963065 2.93802e-05 0.000462162 0.00413864 3.74061e-06 0.290047 0.00108454 0.000923718 
0.186148 0.451389 0.00193904 2.24893e-12 0.000239743 0.0004487 0.000355613 1.39127e-08 1.24663e-12 2.51129e-12 6.15038e-05 4.96279e-05 6.38266e-13 0.357341 1.54944e-12 0.00202795 
0.097604 0.361892 0.253709 0.00013909 0.00294936 0.0299017 0.0459939 0.000240762 0.0109924 0.0285851 0.0096583 0.0117128 0.00779735 0.0718148 0.00419482 0.0628149 
0.0191482 0.693882 0.0135714 5.60241e-05 0.00260356 0.0297285 0.0237534 0.00121673 0.00113242 0.0152189 0.00669908 0.00213226 6.97851e-09 0.0908561 0.00117373 0.098828 
0.0674171 0.790269 0.0386353 4.15745e-07 4.61283e-05 0.00477608 0.00451012 0.00164306 0.00023439 0.000793358 0.00326825 0.00185106 0.000650425 0.076661 0.000597567 0.00864651 
0.00974857 0.358233 0.0248479 5.59414e-08 7.83926e-05 0.00998363 0.127494 0.000145506 5.59703e-08 5.59334e-08 0.000459031 0.140702 5.59882e-08 0.322506 0.000145556 0.00565554 
0.0103477 0.844423 0.000913952 4.54266e-10 0.000906757 0.0178875 0.0255833 1.64669e-05 4.45609e-08 3.88038e-09 0.000129677 0.000115402 3.76389e-05 0.0939562 0.000854 0.00482844 
0.00878255 0.361243 0.292438 7.45977e-08 7.15753e-05 0.0453896 0.030624 1.94683e-08 0.000201511 3.6645e-05 0.0017036 0.000167996 2.36906e-06 0.258202 2.1637e-05 0.0011156 
0.00336039 0.400045 0.067902 1.35958e-11 1.60254e-08 0.0389088 0.127316 2.50935e-06 0.000585717 2.7257e-05 0.000900963 0.0444891 1.02101e-05 0.309127 0.00218621 0.00513922 
0.0783635 0.355479 0.0873442 4.48756e-06 0.000152958 0.0216969 0.0489693 0.000473612 0.00197272 0.000515985 0.00306933 0.0115329 4.24656e-05 0.292576 0.00815534 0.0896515 
0.0338482 0.459253 0.338159 9.53083e-08 1.16631e-05 0.0314452 0.0377904 4.64556e-05 0.00114639 0.000102434 0.00400476 0.00118328 0.000175227 0.0757134 2.00569e-05 0.0171004 
0.0126744 0.31974 0.265905 1.36352e-05 0.00196194 0.0574055 0.0198363 6.92844e-05 0.0135928 0.000316746 0.00535512 0.0107874 2.81722e-05 0.0796168 2.24443e-05 0.212674 
0.00199491 0.774255 0.0223979 0.000116685 0.00236666 0.0258116 0.0362547 9.98811e-06 0.00193876 0.00924407 0.00887655 0.0186707 4.45946e-05 0.087135 0.00119516 0.00968727 
0.0466956 0.269601 0.199357 0.000129902 0.000845354 0.0606145 0.155339 1.18329e-05 0.00631403 3.25446e-05 0.137044 0.0371398 0.000662115 0.0452901 2.80749e-05 0.0408955 
0.0512084 0.453361 0.132689 0.0102044 0.00356595 0.121203 0.028818 0.000386613 0.000125471 5.76887e-05 0.00431443 0.0140952 0.00491263 0.098666 0.00393342 0.0724582 
0.0440591 0.348341 0.0398523 4.13502e-05 0.00387469 0.194998 0.0653373 1.35248e-05 0.0149021 7.36356e-05 0.0772288 0.0941851 8.84816e-05 0.101426 0.000220351 0.0153585 
0.0531463 0.418365 0.0176503 2.50174e-05 1.66642e-06 0.00847722 0.0415225 1.61559e-07 7.97419e-05 0.000153354 0.000268655 0.0499806 0.00020903 0.401642 0.000573997 0.00790479 
0.0516063 0.720042 0.157524 1.13821e-06 2.48718e-05 0.002223 0.00142898 5.00462e-05 6.42732e-06 1.32406e-05 0.00270683 0.00178371 0.00252605 0.0552257 0.000181955 0.00465597 
0.0317917 0.442128 0.0356162 0.000601891 0.000268874 0.041871 0.156148 6.3478e-05 0.000579871 0.000426589 7.05175e-05 0.00889529 3.58803e-05 0.237726 0.00666782 0.0371087 
0.106936 0.379567 0.0362991 6.9988e-06 0.00144832 0.0144072 0.0243284 6.74336e-05 0.00120747 7.70525e-05 0.00104613 0.00391982 4.47173e-05 0.324105 0.000256927 0.106283 
0.211078 0.290617 0.0149063 2.00098e-06 0.0186588 0.00209854 0.0656578 0.0003707 0.00812815 7.44461e-05 0.00163326 0.0016358 0.00229108 0.184448 0.00190913 0.196491 
0.002281 0.551785 0.12211 6.10134e-08 0.00412077 0.052055 0.091256 8.56586e-05 0.000452256 1.80974e-05 0.00261229 0.00917115 8.77021e-05 0.15569 0.00324479 0.00503052 
0.00430148 0.291062 0.05637 4.62593e-09 1.63509e-05 0.222609 0.195204 4.54178e-09 0.0626526 1.03215e-06 0.000228237 0.0970079 2.87019e-06 0.0676066 3.70137e-08 0.00293816 
0.00837503 0.77485 0.0103434 0.000399877 8.45067e-07 0.117773 0.00498958 4.03496e-05 0.000589486 2.32082e-05 0.000266405 0.00108768 9.68283e-05 0.0774128 9.80068e-07 0.0037507 
0.00454919 0.528947 0.212257 4.09509e-10 0.00016416 0.0181706 0.030068 1.75239e-06 0.013836 5.58212e-06 0.000225515 0.00442244 1.2288e-06 0.187074 0.000119388 0.00015793 
0.111982 0.332968 0.06797 4.68562e-09 0.000132015 0.00484428 0.0378209 0.000176856 0.00409611 9.9898e-05 0.0467649 0.330112 0.0141249 0.0352454 0.00175529 0.011907 
0.00857051 0.466332 0.0254243 1.74467e-11 0.00037383 0.164219 0.151443 1.71293e-11 0.00150923 2.48205e-05 0.00379576 0.0980114 2.07684e-05 0.0740642 7.05809e-05 0.00614039 
0.00167734 0.357805 0.0107407 1.10576e-12 0.00974149 0.234872 0.072584 5.77408e-05 0.000357959 0.000118984 0.000373475 0.116912 0.000372501 0.185456 0.00885191 7.95693e-05 
0.00365946 0.478324 0.196643 0.000405513 0.000115218 0.221556 0.0165042 0.000109902 0.00143031 1.62613e-05 0.00267837 0.00208819 2.53734e-05 0.0623813 2.76324e-05 0.0140358 
0.011024 0.376949 0.29415 5.13991e-08 0.00150085 0.118348 0.0445905 0.000938756 0.00266513 5.82645e-05 0.0123361 0.024091 0.00909987 0.0947002 0.000367124 0.00918046 
0.00213959 0.702123 0.0686187 5.1773e-07 0.00156612 0.0365236 0.0547472 3.36018e-05 0.000187889 1.36125e-05 0.00494844 0.00572562 4.04248e-05 0.0991931 0.00354303 0.0205955 
0.00987445 0.427025 0.0587233 6.36051e-05 0.00128689 0.0422192 0.120146 1.56678e-05 0.00119013 1.76287e-05 0.0121979 0.118498 0.000269507 0.1877 2.1769e-05 0.0207506 
0.0897688 0.41289 0.0997474 1.78645e-07 8.91647e-05 0.000920565 0.00789957 0.00025757 3.15563e-05 0.000835538 0.00038155 0.0175921 1.30092e-05 0.219371 4.9316e-06 0.150197 
0.123069 0.447152 0.199862 0.000163874 3.3892e-05 0.0229141 0.0716407 0.000156273 5.34448e-05 0.000199239 0.0416733 0.0283805 0.0305421 0.0247941 0.00389943 0.00546614 
0.152483 0.60575 0.0335741 2.96898e-05 7.28806e-07 0.135153 0.0397579 0.0183728 1.91834e-06 6.3011e-07 1.99577e-05 3.44733e-05 0.00203053 0.00733646 3.98493e-06 0.00545027 
0.011096 0.565206 0.268541 5.59412e-06 0.000457187 0.00524144 0.0131085 0.000253976 1.76011e-05 2.43913e-05 0.0648059 0.00476267 0.00024831 0.0514016 0.000192907 0.0146367 
0.0641332 0.342136 0.209573 0.00031585 0.0052349 0.0209795 0.0223974 0.000143968 0.000501014 0.0001679 0.000918391 0.00142648 0.00595271 0.207161 5.30856e-05 0.118906 
0.0121373 0.468267 0.404388 3.04313e-09 0.000495171 0.00323712 0.0242037 2.77363e-05 0.0007942 0.000230132 0.00562315 0.0250377 3.59245e-05 0.0349393 0.00205339 0.0185308 
0.00238522 0.600483 0.119248 1.69669e-08 4.0424e-05 0.00472405 0.0547826 7.98213e-06 0.00477374 2.14982e-05 0.00101479 0.0178027 0.00393447 0.186899 4.85935e-05 0.00383332 
0.00746476 0.73062 0.065851 9.18544e-09 0.000173726 0.0103388 0.0654442 0.000291916 0.000752474 2.55795e-05 0.00252846 0.0356971 0.000142449 0.0777893 0.000273954 0.00260597 
0.0127012 0.341656 0.14873 0.00167507 4.61747e-10 0.214216 0.041288 4.50872e-07 0.000462628 6.47925e-10 1.55756e-06 4.88353e-05 0.00197783 0.220922 5.03684e-07 0.0163199 
0.00470837 0.668128 0.175548 1.08127e-07 4.44545e-05 0.0318559 0.018487 4.19474e-05 0.0035619 9.04874e-12 0.00996922 0.0282694 0.000331082 0.0171482 5.05899e-08 0.0419061 
0.0122694 0.539441 0.0290128 2.46847e-08 0.000216989 0.00625621 0.0360842 8.28348e-08 0.050223 2.67388e-05 0.000183668 0.0658038 1.05525e-05 0.255535 0.000525158 0.00441131 
0.0396543 0.518607 0.279924 2.37129e-07 0.000836894 0.00155641 0.00674507 3.06145e-06 0.00106165 0.000254687 0.00235812 0.00221596 2.39271e-05 0.0783128 0.000123883 0.0683217 
0.0101845 0.565846 0.198971 2.26976e-10 0.0371047 0.0183746 0.0638836 5.40365e-07 0.000144996 4.5965e-05 0.0369911 0.000600014 0.000173692 0.0567911 1.58006e-05 0.0108728 
0.0265843 0.437265 0.0468487 5.16497e-05 2.37402e-11 0.0206791 0.0187849 0.00152143 0.00149843 5.33349e-08 0.00210975 0.000777794 2.70064e-08 0.0885886 7.41001e-08 0.35529 
0.261918 0.354452 0.021039 2.83768e-12 0.00772221 0.0227438 0.0580534 1.55868e-05 0.00110312 7.48968e-05 0.00166387 0.00127302 6.37676e-06 0.258368 1.99533e-08 0.0115673 
0.082276 0.292162 0.0842661 2.51139e-05 0.00159731 0.0371797 0.0895617 0.000727386 0.050999 0.0027692 0.00571836 0.0153155 0.00405377 0.273802 0.000772381 0.0587744 
0.0314632 0.248641 0.162247 5.73786e-07 0.000186916 0.131622 0.0750671 2.88554e-05 0.0338412 0.00134503 0.0846532 0.098416 0.000267334 0.101833 0.000914936 0.0294729 
0.051437 0.327051 0.145558 1.01118e-06 0.000130408 0.0298842 0.0348924 7.57233e-12 0.0379104 4.54508e-05 0.00698425 0.0620735 1.05944e-07 0.30124 0.000101144 0.00269124 
0.0935536 0.198712 0.0606291 0.000164944 0.0413518 0.0657582 0.0544984 0.000134431 0.0101238 0.0261874 0.186658 0.0208533 0.0366203 0.181796 0.00657758 0.0163808 
0.00276358 0.664783 0.107983 1.7535e-06 1.87061e-05 0.00470488 0.052605 3.2079e-05 8.94657e-05 1.86683e-05 0.00144864 0.0216679 6.87784e-05 0.137639 8.82442e-05 0.00608731 
0.0071067 0.438193 0.0842417 0.000376178 4.86249e-06 0.20111 0.00558858 0.00428917 0.021638 0.000130345 0.00031767 0.000335786 0.000393822 0.0329926 0.000248556 0.203033 
0.0319711 0.460095 0.182442 0.000215804 0.000986558 0.0251083 0.0431075 0.00015929 0.00352971 0.00265845 0.00243297 0.0120194 0.00303172 0.198958 0.0023128 0.0309715 
0.00790273 0.466571 0.00577001 1.02295e-08 0.00306106 0.136309 0.0394225 1.34401e-05 0.00226114 7.36881e-07 0.000868448 0.000854065 7.79506e-06 0.318276 6.441e-06 0.0186761 
0.0253472 0.302638 0.0189841 8.4256e-07 0.0121623 0.0727721 0.249968 5.85866e-07 0.00227784 0.00181964 0.10518 0.0331957 0.000137929 0.169984 8.74911e-05 0.00544417 
0.0407799 0.54439 0.0520778 4.14314e-06 0.000518569 0.00701336 0.0663648 3.80281e-05 0.00309126 0.0014923 0.0002976 0.0314598 3.56882e-05 0.198842 0.000189143 0.0534056 
0.0257822 0.399088 0.0210006 6.69353e-08 0.000226506 0.0138958 0.0666804 0.00230028 0.00129273 0.224667 0.0129657 0.0234109 0.000695417 0.19564 0.00832089 0.00403357 
0.00439118 0.59292 0.0454557 1.08546e-08 0.000202166 0.00246257 0.0182528 1.31058e-06 0.000160404 6.15063e-07 0.00066795 0.00332393 4.04691e-06 0.331755 5.57801e-06 0.00039658 
0.0309941 0.340141 0.0718463 3.72659e-08 0.000109708 0.00886043 0.10317 2.2825e-07 0.000472626 0.000324546 0.0514227 0.0277405 2.39382e-05 0.268626 0.00110164 0.0951668 
0.00229502 0.734115 0.064531 3.94309e-09 9.18295e-06 0.000470219 0.0147104 3.2771e-07 0.000879952 4.36273e-06 3.49097e-05 0.00257201 1.70411e-06 0.162735 0.000513257 0.0171277 
0.00290413 0.627727 0.114555 5.07037e-11 6.17724e-07 0.00404296 0.033055 2.99873e-06 2.91671e-07 2.06892e-07 0.162508 0.00030562 3.79296e-05 0.0523155 1.95101e-05 0.00252532 
0.00514114 0.657325 0.0243524 4.12956e-08 1.12444e-05 0.0150227 0.0235836 1.22311e-05 8.12473e-05 7.6454e-06 0.000511583 0.0153765 2.51971e-05 0.255326 0.00310247 0.000121263 
0.031092 0.379447 0.28585 0.00246209 0.000123308 0.0167214 0.0287576 1.758e-05 0.0108983 0.000279316 0.00943727 0.0159356 0.000710443 0.175891 0.00173105 0.0406463 
0.00229084 0.527264 0.0511841 0.000115779 0.00189935 0.0606863 0.0776964 0.000172955 0.0333939 0.0248628 0.0131567 0.00508754 8.77326e-05 0.195375 0.00368016 0.00304629 
0.0929827 0.507416 0.00196455 4.31665e-12 0.00536921 0.00901778 0.00816749 1.48724e-08 6.60946e-09 0.000111453 0.00236447 0.000219289 1.83463e-09 0.371823 2.12245e-05 0.000543142 
0.00349851 0.47421 0.0952114 1.54258e-10 7.33256e-05 0.20985 0.0522582 0.00112277 0.00107523 0.000266492 0.00225909 0.00674094 9.61133e-05 0.139667 0.000812858 0.0128581 
0.176744 0.390119 0.0242187 0.00101848 8.2706e-05 0.0100517 0.0303882 3.6955e-05 0.000297581 3.16454e-05 0.000378659 0.0185765 6.26469e-06 0.343046 0.00251278 0.00249182 
0.0149569 0.319009 0.0165765 5.01505e-08 0.0144651 0.228739 0.293612 0.000415879 0.00141141 5.14577e-05 0.059603 0.00369905 0.000270896 0.0369279 8.04406e-05 0.0101809 
0.000373748 0.610546 0.313432 3.95221e-12 3.14514e-12 0.000656582 0.0187134 1.15478e-05 0.000214339 7.35111e-06 0.000119628 0.00092801 0.00213087 0.0422623 7.46175e-05 0.0105297 
0.00857051 0.466332 0.0254243 1.74467e-11 0.00037383 0.164219 0.151443 1.71293e-11 0.00150923 2.48205e-05 0.00379576 0.0980114 2.07684e-05 0.0740642 7.05809e-05 0.00614039 
0.0340932 0.385066 0.0913157 0.000760239 0.0161894 0.0489134 0.0809906 0.000133874 0.00376186 0.00223527 0.0112146 0.0108182 0.00319729 0.301613 0.000891954 0.00880506 
0.117054 0.618574 0.0264134 4.26811e-11 8.47494e-05 0.0365945 0.0879605 1.97214e-08 0.000544774 5.93382e-08 2.6031e-05 0.00175749 9.1432e-08 0.10492 1.38392e-08 0.0060702 
0.00554101 0.702724 0.182279 1.6218e-08 0.000613848 0.026198 0.0306137 1.53834e-08 1.66214e-07 3.06898e-12 0.00163194 0.0309993 0.00107315 0.012323 4.03341e-08 0.00600286 
0.0263869 0.552045 0.0107875 6.05772e-08 0.000628054 0.206082 0.0620537 0.00286129 0.0247499 2.16033e-05 0.0270421 0.00196982 0.000663453 0.0440701 0.00206496 0.0385736 
0.0311476 0.343358 1.2037e-07 1.20241e-07 0.000926201 0.163836 0.00721039 0.00398016 0.0119824 0.000517085 0.00821719 0.00288874 0.00303274 0.342147 0.00341621 0.0773409 
0.0319652 0.363689 0.010307 1.22893e-06 8.35118e-07 0.107503 0.32142 1.18865e-06 5.06771e-06 6.74909e-05 2.34119e-06 0.0133966 0.000137644 0.149216 0.00216252 0.000125068 
0.00836849 0.523346 0.00329105 2.3633e-12 0.00155873 0.0205563 0.0107669 2.5872e-09 0.00259311 6.56179e-09 0.00180095 0.000157642 4.77976e-06 0.427206 2.18191e-05 0.000328453 
0.0437176 0.339814 0.053561 8.88314e-06 0.195127 0.17599 0.0845617 0.000160912 0.000177728 0.000444206 0.0670593 0.00715849 0.000458279 0.0298707 0.000701226 0.00118913 
0.0231523 0.478364 0.00805824 3.87148e-13 0.0069806 0.00184147 0.0667809 1.44478e-09 5.22977e-05 2.49163e-05 0.000212261 0.000424717 7.80229e-10 0.413989 1.19164e-05 0.000108127 
0.0343753 0.628374 0.00801801 1.43157e-06 7.69279e-05 0.0230002 0.0655897 4.27685e-06 0.000175511 0.000434079 0.00369296 0.00639193 2.40979e-06 0.154707 0.00475876 0.070397 
0.030171 0.456909 0.0691726 2.47609e-05 0.00105031 0.023941 0.0144326 8.39614e-06 0.0213091 0.000587673 0.00540445 0.0021189 0.00407787 0.353229 1.33264e-05 0.0175495 
0.0139389 0.33762 0.101902 9.52419e-11 0.00588012 0.127698 0.197801 0.0165408 1.47093e-05 3.34823e-05 0.00902717 0.00068807 0.00032491 0.154635 9.25516e-05 0.0338018 
0.0118705 0.458947 0.0684915 0.00452063 0.0121571 0.0354164 0.0113131 0.000114506 0.00201863 0.000194465 0.0534602 0.000371617 3.74727e-05 0.321102 3.43199e-05 0.0199509 
0.00580928 0.565664 0.220496 4.58104e-09 0.00138454 0.00300112 0.0253915 9.40045e-08 0.000134574 1.98813e-05 0.000462096 0.00467929 3.37306e-06 0.146744 0.0242684 0.00194131 
0.0199037 0.433892 0.103255 2.89417e-06 7.48102e-05 0.0257376 0.0988554 1.40337e-05 0.0206809 0.000104852 0.000189695 0.00352456 5.25618e-06 0.271399 5.11602e-05 0.0223083 
0.000866227 0.460361 0.0418679 1.08087e-12 1.16225e-09 0.0131724 0.176633 0.000124436 0.00153603 6.18788e-05 0.00025651 0.00784257 0.0191774 0.264578 0.0065 0.00702269 
0.231091 0.417383 0.0826423 4.03719e-06 0.00636965 0.0903106 0.0213549 0.000332275 0.000272049 0.000586116 0.00414226 0.0409547 0.000362134 0.0525119 4.82482e-05 0.0516356 
0.035117 0.411186 0.0463421 8.2453e-08 0.00780507 0.0057018 0.173933 0.000281715 5.84898e-05 0.000343136 0.00503495 0.036677 0.000104829 0.201527 0.000339569 0.0755475 
0.0363776 0.694196 0.0727928 1.3029e-06 1.26406e-05 0.000634821 0.0181348 2.89648e-05 3.90403e-05 7.73233e-05 0.0186914 0.0249833 0.00062059 0.113963 0.0174215 0.00202492 
0.0515426 0.307431 0.246281 0.00224137 0.00483151 0.0130285 0.0408886 0.000228727 0.0191138 0.00113271 0.00509634 0.0219271 0.00380727 0.191348 0.00227281 0.0888291 
0.0435526 0.742851 0.0540698 0.000185462 0.00110959 0.019921 0.0352367 4.18112e-05 0.000999845 0.000139518 0.00259234 0.00233352 0.00011482 0.0884141 0.000175765 0.00826222 
0.00101667 0.552032 0.0665593 5.63132e-05 0.000500111 0.0161849 0.0937753 2.78765e-05 1.04066e-07 0.0061169 0.0272093 0.000120658 2.93766e-05 0.2289 2.79075e-06 0.00746822 
0.00173202 0.556817 0.0839457 7.44551e-07 1.08416e-09 0.000486723 0.000369692 1.2231e-05 0.000333826 2.2691e-06 0.000535554 0.00647062 3.86651e-10 0.0136399 3.15246e-06 0.33565 
0.00015874 0.72529 0.0357552 9.3737e-05 3.69305e-05 0.00843068 0.00884036 1.14799e-05 1.09298e-07 0.00467231 0.00178264 0.000201056 9.50574e-06 0.206627 3.39822e-08 0.00809009 
0.0475582 0.441768 0.0412679 0.000841065 0.00559714 0.0379662 0.108153 0.00213434 0.0110763 0.00520237 0.0160756 0.0233252 0.00248091 0.128678 0.0788829 0.0489929 
0.127573 0.43966 0.0376521 9.85917e-05 3.71758e-06 0.0125707 0.0209294 9.03234e-05 0.0426796 0.00209796 0.00246684 0.000534364 6.40997e-08 0.252368 0.00357917 0.0576968 
0.0317779 0.387321 0.193875 0.000191177 3.91978e-06 0.0679222 0.0569456 0.000260884 0.00117615 0.000218213 0.00921636 0.0245594 9.41986e-05 0.1803 0.00267786 0.0434591 
0.050141 0.408457 0.0315608 1.5089e-11 0.000204305 0.0486035 0.0977837 2.02812e-05 0.00416444 3.13372e-05 0.0168997 0.0243773 0.000157663 0.31125 0.000841761 0.00550726 
0.00336039 0.400045 0.067902 1.35958e-11 1.60254e-08 0.0389088 0.127316 2.50935e-06 0.000585717 2.7257e-05 0.000900963 0.0444891 1.02101e-05 0.309127 0.00218621 0.00513922 
0.0471015 0.586319 0.0532254 1.81957e-08 0.000237145 0.0100553 0.0093863 0.000432409 0.000159987 2.1941e-05 0.00465545 3.46847e-05 7.9263e-05 0.0921181 1.856e-05 0.196155 
0.0908616 0.33602 0.106894 0.000359851 0.0168596 0.227496 0.13192 0.00139786 0.000258573 3.44729e-05 0.00841711 0.00931183 0.0256931 0.0224532 0.00206637 0.0199572 
0.014716 0.242863 0.0575962 1.97006e-05 0.00218125 0.0929334 0.134035 0.00020064 0.0175558 0.00027789 0.188293 0.00627432 0.00129105 0.200579 0.00231173 0.0388723 
0.0470159 0.657651 0.124921 0.000679226 0.00229317 0.0260714 0.0426858 0.0167151 0.00117539 0.000244938 0.00365171 0.00608384 0.00290165 0.0466275 0.000438846 0.0208432 
0.0121373 0.468267 0.404388 3.04313e-09 0.000495171 0.00323712 0.0242037 2.77363e-05 0.0007942 0.000230132 0.00562315 0.0250377 3.59245e-05 0.0349393 0.00205339 0.0185308 
0.017235 0.462242 0.0437696 2.67674e-12 0.000777759 0.0101347 0.0158271 1.16531e-05 0.000334968 2.68153e-05 0.00483999 0.0106764 0.000107138 0.242323 4.07944e-05 0.191653 
0.0927526 0.424021 0.226061 2.4577e-05 0.000100997 0.0344581 0.0232814 0.00200482 0.000756425 0.00246613 0.00687801 0.0114465 0.00757333 0.132463 0.00132374 0.0343873 
0.0220709 0.539409 0.00388666 5.57233e-12 0.000400267 0.0307225 0.00532644 0.00022148 3.08886e-12 6.22238e-12 2.70316e-07 5.0751e-05 2.97332e-08 0.14289 1.65122e-08 0.255023 
0.028387 0.707069 0.0614563 0.000100567 0.00148915 0.00507771 0.0158406 7.18074e-06 0.000968919 0.00176626 0.00466905 0.0119852 0.011397 0.129489 0.000105962 0.0201915 
0.00740348 0.887335 0.00590839 9.02048e-11 1.91398e-05 0.00471915 0.000480834 0.000342968 1.07785e-05 1.00728e-10 0.000583337 6.71193e-06 4.60153e-05 0.0912721 7.97105e-07 0.0018713 
0.0180612 0.678504 0.0612183 0.000489623 0.00230823 0.0263484 0.0295541 0.000853717 0.00141456 0.00150578 0.0207113 0.021156 0.00332569 0.0965872 0.000932361 0.0370295 
0.0141069 0.76351 0.0163253 4.92996e-06 0.000596526 0.00794389 0.0428192 8.48253e-06 0.000310842 1.11134e-05 0.000179723 0.0103188 1.67858e-05 0.134856 0.00431224 0.00467945 
0.311271 0.465838 0.0334022 1.58488e-06 0.000141677 0.0290613 0.00810547 0.000163204 0.000283957 0.00167635 0.000424775 0.0331964 7.16438e-05 0.0800467 4.74085e-06 0.0363107 
0.113498 0.310464 0.166245 0.00377593 0.00618286 0.0458049 0.131445 0.00144185 0.0246208 0.00466042 0.00828674 0.00582966 0.0014719 0.152953 0.00651712 0.0168032 
0.00505842 0.371507 0.0738783 4.95584e-06 4.72241e-07 0.103917 0.337881 3.181e-11 0.0335256 4.15738e-05 1.72047e-07 0.00100739 9.19523e-12 0.0710678 0.0015276 0.000582803 
0.00425397 0.336618 0.026922 0.000273675 0.00059246 0.004776 0.335471 3.48953e-05 1.41608e-05 0.00121264 0.102846 0.0277039 0.000136121 0.156501 1.2549e-05 0.00263129 
0.0386336 0.333427 0.100237 1.64848e-06 3.42909e-05 0.0618544 0.020588 0.000177786 0.0186657 0.000111593 0.000795644 9.02605e-05 4.98343e-05 0.172463 0.000187922 0.252682 
0.0760688 0.762384 0.00911201 0.000726206 1.31205e-07 0.0658715 0.0105154 0.000363123 0.00069221 0.00106704 0.000421069 0.00752535 0.00057081 0.0343115 7.51299e-07 0.0303699 
0.155895 0.330282 0.0564718 2.59377e-08 0.00115656 0.0226955 0.0215359 1.88491e-05 0.0331896 0.000109711 0.0254077 0.00223804 0.000495472 0.172435 2.29471e-05 0.178047 
0.246469 0.367364 0.00889492 3.00472e-05 0.000284127 0.0936209 0.0517604 4.05602e-05 0.000561792 9.81602e-05 0.00984354 0.00275853 0.000760019 0.187142 1.85657e-07 0.0303716 
0.179724 0.63909 0.0111703 1.36636e-05 0.000276162 0.0487081 0.005244 0.000344849 0.0025246 0.000108526 0.0376317 8.22e-05 5.68461e-05 0.036743 1.10956e-08 0.0382828 
0.000111827 0.453698 0.374439 6.50501e-08 2.75029e-06 0.000951898 0.0259919 3.47857e-08 0.000200401 5.86653e-07 0.000401274 0.000707733 1.05149e-06 0.138046 3.99586e-08 0.00544685 
0.0163361 0.620024 0.0168958 5.15154e-06 6.31073e-06 0.0755905 0.126044 0.000406535 0.000530818 0.000553294 0.000602487 0.00760272 3.20885e-05 0.110611 0.0120404 0.0127196 
0.000448895 0.383904 0.196913 1.28496e-07 1.11136e-11 0.00159285 0.00980902 6.85707e-08 3.27468e-07 2.34075e-08 4.8305e-05 0.190612 3.92427e-08 0.21566 0.0010101 7.56754e-07 
0.0494816 0.273817 0.0779763 0.000129644 0.00428561 0.0509932 0.184256 8.89663e-05 0.0470193 0.000154599 0.0297444 0.0786766 0.00266336 0.178228 0.000471145 0.0220151 
0.00534738 0.544705 0.0410131 9.04076e-06 5.07266e-05 0.00613442 0.0756361 4.96623e-07 0.00129748 1.57724e-05 0.000699813 0.213248 0.000190641 0.106575 1.23205e-05 0.00506494 
0.020002 0.426433 0.30456 0.000793703 0.00163855 0.0124387 0.0280527 7.05569e-05 0.0612569 0.00108172 0.00441303 0.0140081 0.00367607 0.084197 0.00288173 0.0344971 
0.0475465 0.469363 0.157182 0.000334456 0.000895727 0.02218 0.0335174 0.00014694 0.0037015 0.00161898 0.0289443 0.0174094 0.00458648 0.163869 0.00072786 0.0479764 
0.0101366 0.356445 0.0187042 3.19015e-10 0.000559419 0.106465 0.251724 0.0011203 0.00072078 0.0396472 0.00703934 0.016278 0.000389732 0.141538 0.000160333 0.0490714 
0.134182 0.298051 0.126215 5.45806e-06 0.00128668 0.0635125 0.145446 0.000113353 0.000632088 0.00716239 0.00796288 0.0364439 0.000129504 0.165122 0.000103881 0.0136304 
0.0632265 0.221227 0.140437 0.0170596 6.84278e-06 0.0126461 0.212679 0.00926564 0.000472926 0.004318 0.00153566 0.0509953 0.0200051 0.126475 6.53323e-05 0.119584 
0.00148646 0.398167 0.388675 9.22086e-09 0.000151496 0.0590846 0.00588392 0.000116896 0.00302677 1.84416e-05 0.000197603 0.0781987 4.60473e-05 0.0540961 2.06223e-05 0.0108303 
0.0239154 0.608522 0.0948953 0.00486089 3.83985e-06 0.00473025 0.0136262 4.02851e-05 2.29625e-05 0.00175188 0.00335824 0.00768977 0.00781871 0.20359 0.00625206 0.0189221 
0.0231338 0.265596 0.124291 0.0026686 0.000121074 0.130751 0.16558 0.000854388 0.00696269 0.000920815 0.0481552 0.0297565 0.00303884 0.158049 0.00512307 0.0349982 
0.00489142 0.3877 0.307862 0.000593739 1.3399e-06 0.0180732 0.0664494 0.00392461 2.23975e-06 1.09103e-07 0.00321039 0.00619795 0.00464908 0.174532 0.00216423 0.0197481 
0.00148003 0.751924 0.069959 9.65734e-07 1.52007e-08 0.00188182 0.0076679 5.94086e-09 1.7221e-07 4.44329e-08 1.63062e-07 4.05498e-07 1.09317e-08 0.16681 3.6406e-08 0.000275828 
0.224428 0.312185 5.05211e-07 4.99902e-10 3.97818e-10 0.0221448 0.0573339 4.90807e-10 1.52437e-06 3.46151e-06 5.01756e-06 7.87877e-07 1.41876e-10 0.206237 0.0648943 0.112766 
0.0117538 0.417783 0.013009 1.31256e-11 0.000146618 0.0014653 0.00492307 1.28868e-11 0.000337857 6.88844e-05 3.72404e-08 0.000159334 1.65388e-08 0.337595 9.04308e-12 0.212757 
0.0552128 0.414582 0.038487 1.2618e-10 3.06767e-05 0.0373208 0.0256147 0.00234428 0.00318809 5.11684e-05 0.00268254 0.0016598 0.0108225 0.257862 0.00165962 0.148483 
0.00553256 0.764914 0.105758 1.0651e-08 1.96016e-05 0.000692671 0.0196752 0.00021552 0.0125424 1.89708e-07 0.000175277 0.00701153 1.79694e-06 0.0832302 3.48449e-06 0.000227319 
0.0437176 0.339814 0.053561 8.88314e-06 0.195127 0.17599 0.0845617 0.000160912 0.000177728 0.000444206 0.0670593 0.00715849 0.000458279 0.0298707 0.000701226 0.00118913 
0.00511425 0.744108 0.0519663 3.03747e-05 0.000468963 0.00831554 0.036844 5.13942e-05 0.000406598 0.00402005 0.00286261 0.0193305 0.00113839 0.117191 0.00205446 0.00609761 
0.0929827 0.507416 0.00196455 4.31665e-12 0.00536921 0.00901778 0.00816749 1.48724e-08 6.60946e-09 0.000111453 0.00236447 0.000219289 1.83463e-09 0.371823 2.12245e-05 0.000543142 
0.0500954 0.397978 0.300448 4.09077e-08 0.000609781 0.0617395 0.019119 0.00316079 0.00203968 1.13662e-07 0.0207986 0.0937607 0.0037094 0.0286237 0.000996485 0.0169211 
0.0101517 0.413632 0.0461571 7.66879e-06 0.00022045 0.212394 0.00420075 0.207685 0.00186515 3.1397e-05 0.0243483 0.010173 0.00172636 0.0452442 9.69051e-08 0.0221635 
0.0979905 0.439832 0.0281727 3.57554e-06 0.000345243 0.173127 0.0559461 0.00956611 0.0292317 0.000872713 0.0206241 0.036979 0.00049917 0.049464 0.00117897 0.0561668 
0.00138641 0.635604 0.0756219 1.23661e-07 1.33592e-08 0.0187448 0.0552164 6.63683e-05 0.00093746 5.22626e-05 0.000881485 0.000839968 1.42024e-06 0.175711 6.0945e-05 0.0348749 
0.0953494 0.499055 0.132942 0.000336108 4.31744e-05 0.0204689 0.000785848 0.000837735 0.011656 7.00878e-05 0.00543752 0.000286078 0.00284595 0.0739675 0.00219677 0.153722 
4.51604e-07 0.375429 0.182383 4.51183e-07 4.51291e-07 0.0143161 0.325475 0.000361402 0.00049701 0.00126358 4.51435e-07 0.0133234 4.5156e-07 0.086948 4.51347e-07 4.51614e-07 
0.039538 0.53016 0.11859 0.0124586 0.000192393 0.00795544 0.0579872 3.3797e-05 0.000729474 0.000801621 0.000481015 0.00729289 0.0037413 0.207324 0.00159906 0.0111154 
0.0654845 0.291273 0.196328 0.00289156 0.00095833 0.0104412 0.0430301 6.27487e-05 0.0103365 0.00406412 0.00296125 0.0150768 0.000190977 0.15908 0.000516339 0.197304 
0.052691 0.40503 0.062684 6.04746e-11 3.13061e-05 0.0485204 0.0559406 3.32329e-06 0.0208946 1.22475e-05 0.000661464 0.000702901 5.65808e-06 0.303991 1.55955e-05 0.0488161 
0.0185283 0.514646 0.160728 1.40601e-05 0.00277342 0.0174414 0.0508139 0.000371523 0.000749377 0.00200573 0.0428757 0.0209899 0.00144795 0.14705 0.00527816 0.0142865 
0.000619085 0.531785 0.362343 0.000111824 0.00111292 0.0269466 0.000171615 0.000148738 0.00197306 9.96937e-07 0.0478368 0.000218914 0.0196464 0.00525895 0.000179732 0.00164581 
0.0693316 0.433854 0.192114 0.000630949 0.0012298 0.0154028 0.0319845 0.000539154 0.00143883 0.00255434 0.00378317 0.0207123 0.000313505 0.160166 0.000739347 0.065206 
0.0395505 0.326124 0.299059 7.91049e-08 6.87054e-07 0.000960905 0.0135455 1.20824e-11 0.0136696 1.81032e-08 7.77885e-05 0.000326481 4.75977e-05 0.163031 0.128653 0.014954 
0.0182539 0.806281 0.0274996 2.07413e-06 0.000521873 0.0272708 0.0276634 0.000216196 0.0207466 0.00167835 0.00623974 0.00145554 0.0215622 0.0265334 0.000735728 0.0133393 
0.0557305 0.677724 0.0446628 2.75484e-08 7.72843e-05 0.00607528 0.0160481 0.000104472 0.066248 7.75941e-05 0.00309245 0.000478167 0.000812299 0.0956514 0.00119159 0.0320257 
0.0142861 0.591379 0.0809517 2.57689e-05 3.39308e-05 0.0281403 0.0429212 2.13657e-05 0.00381415 1.97379e-05 0.000802623 0.0284637 1.4617e-05 0.187444 0.0065207 0.0151611 
0.000497854 0.314124 0.0900471 0.00336532 0.000693542 0.160599 0.130372 0.000275964 0.00390582 8.44578e-05 8.48983e-06 0.00196163 0.00499519 0.273539 5.8338e-05 0.0154714 
0.0581707 0.312672 0.0670169 8.48226e-05 0.00174681 0.125524 0.0658059 0.000272261 0.00578774 0.00211186 0.0206987 0.0212114 0.00770286 0.163837 0.000303311 0.147055 
0.00652822 0.63166 0.0726784 5.60517e-06 0.00479448 0.130484 0.0198067 0.00115184 0.00369127 2.40093e-05 0.00559308 0.00455793 0.000420728 0.114357 0.00345001 0.000797125 
0.0242072 0.426891 0.0942448 3.28901e-05 0.000499622 0.00374836 0.047615 3.63087e-06 0.000330881 0.000114931 0.00234894 0.109501 0.000125833 0.209999 0.00154946 0.078788 
0.0231721 0.562734 0.111596 0.00419932 0.000568889 0.0138134 0.0256168 0.00111554 1.09411e-07 0.00270078 0.0124078 0.00429102 0.000186168 0.215642 0.00236303 0.0195933 
0.00264557 0.587745 0.121809 9.40194e-07 0.000272848 0.0855539 0.041787 4.96122e-06 0.000631212 5.96185e-05 0.0102696 0.0218621 0.000206316 0.123017 1.40068e-05 0.00412139 
0.12343 0.395574 0.0949861 0.000112073 0.000204877 0.0155082 0.0423961 7.8965e-05 0.002192 0.0746277 0.0132645 0.00486292 0.00344478 0.197296 0.00151107 0.0305109 
0.0013418 0.534529 0.0332534 3.0936e-09 1.89033e-05 0.294274 0.0633813 0.000601549 0.000436017 0.000107619 0.00053473 0.0272755 0.000327222 0.0301377 0.00921718 0.00456485 
0.0042991 0.449499 0.0116245 3.2702e-05 1.27987e-05 0.0148306 0.105977 1.50936e-06 0.0026513 8.66347e-05 0.0028704 0.0317974 3.95459e-05 0.363836 0.000273332 0.0121682 
0.0103477 0.844423 0.000913952 4.54266e-10 0.000906757 0.0178875 0.0255833 1.64669e-05 4.45609e-08 3.88038e-09 0.000129677 0.000115402 3.76389e-05 0.0939562 0.000854 0.00482844 
0.162863 0.429488 0.0312224 3.39351e-06 0.00387615 0.0359508 0.0137362 0.000602884 0.014469 2.53575e-05 0.0388974 0.00267457 2.86644e-05 0.227313 0.000270289 0.0385785 
0.144212 0.318386 0.164991 9.81577e-06 0.000354211 0.00208613 0.0205201 2.5227e-05 0.00176385 1.78483e-05 0.0383648 0.0180079 0.0895132 0.0482026 0.000227232 0.153318 
0.0505443 0.511659 0.0600377 9.98704e-05 7.05802e-05 0.0953917 0.105702 0.00303568 0.0016955 0.000294572 0.00172739 0.0271253 0.000204939 0.136502 1.28756e-08 0.00591007 
0.0126663 0.478239 0.0154556 9.19338e-12 0.00167462 0.00905616 0.034587 5.06531e-09 0.000217033 7.35387e-09 0.00127658 0.0011373 2.49308e-05 0.433978 0.00293344 0.00875452 
1.69396e-06 0.861741 2.16543e-06 9.73245e-10 3.91906e-05 0.114872 6.22533e-07 0.0137673 1.56507e-06 1.08678e-09 5.08751e-10 2.63525e-07 9.67031e-07 2.3447e-06 2.5487e-06 0.00956776 
0.0862051 0.397757 0.0597444 0.00102837 1.44855e-07 0.0513283 0.0538881 0.017234 0.0110411 0.00280925 0.0132586 0.0098286 1.44941e-07 0.149864 0.00633108 0.139682 
0.0059664 0.749001 0.0573833 3.53691e-11 0.000287805 0.0160736 0.0874746 0.000185751 0.000834122 1.63857e-05 0.00459516 0.0297818 0.000204597 0.0454776 7.77009e-05 0.00264022 
0.00657952 0.547989 0.00390482 2.25536e-12 2.95467e-08 0.0192036 0.0251117 2.5975e-05 7.74802e-05 0.000856484 0.000118249 0.0171308 4.5892e-05 0.372457 0.00649578 4.14192e-06 
0.0887769 0.507911 0.0173114 3.91093e-07 0.00097297 0.0578731 0.0406782 0.000157185 0.00531515 0.000297936 0.00436101 0.000705566 0.000141892 0.243225 0.000119778 0.032153 
0.0654992 0.345758 0.153644 1.94589e-05 0.00784863 0.0215817 0.0264469 0.0903507 0.0456701 0.000284709 0.00830702 0.0252644 0.000889896 0.144391 0.0003266 0.063717 
0.0409957 0.232258 0.0364931 3.80691e-06 0.00739608 0.197228 0.20463 0.00022847 0.00320235 0.00066727 0.00424742 0.042858 0.001372 0.161414 0.0056288 0.061377 
0.0011418 0.929793 0.000707884 7.9904e-12 8.19638e-10 0.00484011 0.0122387 3.9515e-05 2.04086e-06 2.88713e-08 0.000136159 0.00947688 5.4315e-06 0.0405434 1.31421e-07 0.00107475 
0.0483869 0.484348 0.125387 0.000175331 6.671e-06 0.0376592 0.0575515 0.000112422 0.00118521 0.00388769 0.00179645 0.0142113 2.61519e-05 0.176715 0.000267994 0.0482832 
0.0929827 0.507416 0.00196455 4.31665e-12 0.00536921 0.00901778 0.00816749 1.48724e-08 6.60946e-09 0.000111453 0.00236447 0.000219289 1.83463e-09 0.371823 2.12245e-05 0.000543142 
1.49601e-05 0.501075 5.16743e-06 1.45612e-10 2.05113e-06 0.473393 6.42491e-06 4.0603e-06 0.00278363 0.0226918 8.47952e-06 1.70831e-06 9.42274e-07 8.16225e-06 1.00322e-10 4.58367e-06 
0.0971173 0.353712 0.22265 9.35898e-06 0.0101276 0.0239887 0.0212171 0.000872444 0.00169309 0.000383067 0.0631198 0.0041448 0.0020483 0.0324979 0.00042043 0.165998 
0.0437176 0.339814 0.053561 8.88314e-06 0.195127 0.17599 0.0845617 0.000160912 0.000177728 0.000444206 0.0670593 0.00715849 0.000458279 0.0298707 0.000701226 0.00118913 
0.0857352 0.408693 0.237283 8.94997e-05 0.000265161 0.0137222 0.0614856 0.000184067 0.00383778 0.000657285 0.00237032 0.027572 0.00194935 0.132491 0.0042779 0.0193862 
0.000176484 0.597522 0.00737057 1.64626e-05 0.000893391 0.203501 0.101707 0.000366704 3.39907e-06 0.00169131 0.00168509 0.00651782 0.00022764 0.0760911 0.000487243 0.00174314 
0.00596016 0.555614 0.323155 8.84101e-12 2.95022e-05 0.000422649 0.00387897 6.55659e-07 6.10903e-06 0.0363968 0.000171687 0.000227753 5.88497e-06 0.0737684 0.000125558 0.000237159 
0.0461503 0.487976 0.103888 0.000153605 0.00149228 0.119647 0.0449745 0.000656506 0.00814694 0.00853725 0.0132961 0.0121372 0.0223525 0.0906439 0.0181654 0.0217833 
0.0724778 0.206728 0.130557 0.00141108 7.14698e-07 0.00667816 0.136894 4.14155e-05 0.000757003 1.40981e-05 0.00206088 0.081935 0.00807551 0.182842 8.82152e-05 0.169439 
0.00774919 0.260492 0.0720258 6.95215e-07 6.56682e-05 0.208094 0.249718 0.000116925 8.42873e-09 0.000353835 7.94847e-09 9.23345e-07 2.20989e-06 0.169407 1.04761e-08 0.031974 
2.10131e-05 0.523037 0.0290816 9.12964e-09 5.27636e-06 0.0006776 0.0521323 1.11375e-07 3.62393e-05 7.89377e-09 2.53987e-07 0.000267075 3.15409e-11 0.39402 4.55371e-06 0.00071773 
0.00470837 0.668128 0.175548 1.08127e-07 4.44545e-05 0.0318559 0.018487 4.19474e-05 0.0035619 9.04874e-12 0.00996922 0.0282694 0.000331082 0.0171482 5.05899e-08 0.0419061 
0.00443606 0.688572 0.0109225 3.84531e-13 0.000679771 0.00819746 0.0694279 3.77536e-13 1.78514e-09 1.83942e-09 0.000215043 0.0192907 1.12181e-06 0.196036 0.00213656 8.54316e-05 
0.0247305 0.411906 0.0489898 1.59007e-05 0.000975522 0.024579 0.0777242 2.41433e-06 0.00144457 0.000193313 0.00535761 0.0273467 5.92512e-05 0.374588 2.39794e-06 0.00208468 
0.0206947 0.675217 0.235843 3.7979e-05 3.18008e-05 0.00115799 0.00158158 0.000126224 0.000226954 0.000149002 0.00843496 0.0115506 0.0045741 0.0258853 0.000877948 0.0136111 
0.0109143 0.68516 0.0204489 2.7488e-09 0.000641772 0.000992287 0.0487378 5.85615e-05 0.000486794 1.23886e-05 0.00107819 0.0113469 0.000355397 0.217478 2.18363e-06 0.00228628 
0.186148 0.451389 0.00193904 2.24893e-12 0.000239743 0.0004487 0.000355613 1.39127e-08 1.24663e-12 2.51129e-12 6.15038e-05 4.96279e-05 6.38266e-13 0.357341 1.54944e-12 0.00202795 
0.0136594 0.454843 0.0603685 2.34557e-07 0.000144237 0.254063 0.101995 0.000242133 0.000996786 1.4312e-05 0.0564357 0.00552331 0.00066817 0.0453346 0.0030785 0.00263363 
0.0394307 0.235503 0.0470608 2.09154e-06 0.000765442 0.0268965 0.229569 3.80006e-05 0.000881733 8.1126e-06 0.0988038 0.0667356 0.000953237 0.174894 0.0620692 0.0163887 
0.000210827 0.466269 0.104716 9.60247e-12 0.000146089 0.106085 0.0738139 8.92306e-09 0.00414296 3.09741e-08 0.00508227 0.000606594 5.70814e-09 0.23527 0.000337617 0.00332029 
0.010961 0.453458 0.00957502 1.55238e-08 0.000264287 0.0538418 0.0437522 5.2618e-07 0.000152976 1.35668e-05 0.000826659 0.0524145 8.86961e-07 0.356249 0.00130463 0.0171857 
0.0594371 0.381984 0.201643 2.53842e-07 4.97278e-06 0.021733 0.0301744 3.02764e-05 0.00965833 0.000207147 0.00894578 0.0133514 3.84281e-05 0.179603 0.000114733 0.093075 
0.0021353 0.312757 0.102158 1.78734e-09 0.00181261 0.192429 0.154324 1.86084e-05 7.92309e-07 1.79503e-06 0.140755 0.0243854 0.00515601 0.0246066 0.000393767 0.0390663 
0.111777 0.40706 0.0771143 0.000215869 0.000393651 0.0108769 0.0357893 2.61219e-05 0.00174809 9.77485e-05 0.00288406 0.0118871 0.000748408 0.265586 0.00311713 0.0706779 
0.0217469 0.455239 0.0836552 1.30181e-06 7.57458e-05 0.128794 0.194634 1.28301e-07 0.0189607 5.65218e-05 0.00281951 0.00762389 0.000609338 0.0703011 0.00928271 0.0061999 
0.0193657 0.506262 0.269463 3.86312e-05 2.43833e-05 0.00265406 0.000294132 2.69708e-05 0.000288774 7.88932e-05 0.196888 0.000188782 3.39396e-05 0.000387761 5.75852e-06 0.00399903 
0.0066352 0.541293 0.0825095 4.63654e-06 2.04137e-05 0.0400955 0.0864006 0.000139393 0.00560177 2.72254e-05 0.0121179 0.00783637 1.40858e-05 0.181231 0.000174283 0.0358993 
0.143316 0.422216 0.0506969 4.47591e-06 0.00184371 0.0111831 0.038009 1.72343e-05 0.013126 0.000200165 0.00412169 0.0359618 0.00639881 0.261545 0.000446963 0.0109131 
0.00562938 0.822501 0.00988364 2.01024e-05 3.81141e-08 0.00419304 0.0296333 0.0106346 0.000654847 5.84004e-05 0.00114698 0.000593689 4.47882e-09 0.0622733 0.000397149 0.0523806 
0.00975468 0.607846 0.0862188 2.5106e-05 0.000485209 0.0164521 0.0188884 2.6903e-05 0.000347512 6.1728e-05 0.00084692 0.0315648 6.98425e-05 0.213352 0.00896516 0.00509482 
0.0228857 0.468457 0.0349336 0.000108217 0.000248631 0.0299562 0.0734633 5.43806e-05 0.0017507 0.000174201 0.00158986 0.00874834 4.629e-05 0.305174 0.000850591 0.051559 
0.0192262 0.823123 0.0293662 0.00168615 0.00124812 0.00863613 0.0106984 4.30682e-06 0.000719513 0.00412353 0.00423079 0.00381382 0.00013953 0.0719962 3.65605e-05 0.0209517 
0.0162782 0.367393 0.199882 0.000533261 7.12763e-05 0.0109423 0.0385665 2.15103e-05 0.0055974 0.000111669 0.000441564 0.0183038 0.00213862 0.290264 0.000420357 0.049034 
0.0130514 0.336706 0.241902 1.74744e-07 5.86366e-05 0.0143992 0.00364896 2.24957e-07 0.0646409 2.72203e-06 0.0115116 0.000261411 2.95817e-06 0.297669 3.88699e-05 0.0161052 
0.0635626 0.402868 0.230476 0.000943035 0.0016994 0.0258464 0.0396945 0.000113341 0.0308607 0.00336815 0.00611149 0.00861965 0.00549957 0.0877516 0.00348746 0.0890975 
0.000319204 0.897511 0.0105336 1.23222e-10 9.80587e-11 0.00954695 0.0133327 9.99157e-08 1.57873e-06 1.04992e-07 0.0012614 5.57442e-07 8.33717e-08 0.0674926 3.87459e-07 1.44167e-07 
0.00145405 0.830763 0.0075482 2.90405e-08 2.31102e-08 0.106252 0.00180472 3.93473e-05 0.00282244 3.24283e-08 0.00151509 3.47385e-06 1.66631e-05 0.0299311 2.00079e-08 0.0178494 
0.0103477 0.844423 0.000913952 4.54266e-10 0.000906757 0.0178875 0.0255833 1.64669e-05 4.45609e-08 3.88038e-09 0.000129677 0.000115402 3.76389e-05 0.0939562 0.000854 0.00482844 
0.064504 0.410558 0.0356401 8.07891e-05 0.00100497 0.0248557 0.0176413 4.08265e-05 0.00382559 4.0818e-05 0.00464337 0.00290563 0.00900679 0.392377 0.000259931 0.0326152 
0.0109323 0.397412 0.100293 2.68804e-08 0.00445096 0.322144 0.0233945 0.0584589 0.00229241 1.53646e-06 0.000123142 0.0123933 0.000675282 0.0180002 0.000178013 0.0492511 
0.00482873 0.536544 0.00707884 4.0757e-13 5.1669e-05 0.107204 0.00623499 0.000261349 0.00144579 5.92096e-05 0.000856633 0.0244168 0.000161847 0.29717 0.0088761 0.00480929 
0.000861686 0.646863 0.0408725 4.55482e-09 4.25591e-06 0.0238092 0.168244 5.91522e-07 0.00860055 4.45524e-05 0.0122053 0.000941987 8.72616e-08 0.0946755 0.000827795 0.00204937 
