8.8184e-08 0.480127 0.254257 5.88964e-10 5.67869e-06 0.00245026 0.0623478 5.37996e-07 2.68232e-06 6.57671e-10 2.41938e-06 0.00111339 1.67153e-10 0.199644 1.81957e-05 3.12776e-05 
0.0229967 0.735874 0.01672 4.52102e-12 6.85334e-05 0.0287712 0.0132196 0.000309975 0.00169179 1.96095e-05 0.000686048 0.00507544 1.24568e-05 0.0109206 7.03981e-05 0.163564 
0.00197109 0.602814 0.0780801 1.31383e-06 0.00064326 0.0246627 0.0488689 2.20135e-07 0.000201392 1.86267e-06 0.0162699 0.0125141 1.33089e-05 0.213274 2.71286e-07 0.000682749 
0.00580928 0.565664 0.220496 4.58104e-09 0.00138454 0.00300112 0.0253915 9.40045e-08 0.000134574 1.98813e-05 0.000462096 0.00467929 3.37306e-06 0.146744 0.0242684 0.00194131 
0.0474869 0.430712 0.370894 0.000100656 1.7459e-05 0.00427473 0.000463291 1.93121e-05 0.000191514 5.64498e-05 0.141407 0.000133028 1.72245e-05 0.00142201 2.94031e-06 0.00280097 
0.0100699 0.616899 0.0379973 2.98356e-12 2.29122e-05 0.0137011 0.0336912 3.71023e-07 0.000711196 3.60292e-06 0.00245506 0.00526525 3.83796e-06 0.270011 1.07899e-08 0.00916765 
0.00974857 0.358233 0.0248479 5.59414e-08 7.83926e-05 0.00998363 0.127494 0.000145506 5.59703e-08 5.59334e-08 0.000459031 0.140702 5.59882e-08 0.322506 0.000145556 0.00565554 
0.00966013 0.63869 0.26281 6.29863e-06 0.00172435 0.00840945 0.00835275 1.47522e-05 0.000380599 6.43632e-05 0.000763973 0.00812104 3.74715e-05 0.0269238 0.000943247 0.0330971 
0.0929827 0.507416 0.00196455 4.31665e-12 0.00536921 0.00901778 0.00816749 1.48724e-08 6.60946e-09 0.000111453 0.00236447 0.000219289 1.83463e-09 0.371823 2.12245e-05 0.000543142 
0.00229379 0.564401 0.353085 1.16146e-05 0.000499078 0.0214672 0.0130015 1.47105e-05 0.00505516 1.30805e-08 0.00160331 0.0137179 9.95844e-05 0.0237827 0.000542939 0.000423888 
0.230958 0.476513 0.0162087 5.5057e-09 4.38139e-09 0.0428134 0.112569 0.0177459 3.05193e-09 6.14798e-09 0.0124717 0.0184845 4.74583e-06 1.5361e-05 0.0103371 0.0618782 
0.000580192 0.689127 0.106753 1.39275e-05 0.000654928 0.0118562 0.0067288 1.9792e-06 0.000386683 8.88653e-06 0.00160315 0.00212337 2.0605e-05 0.179303 6.95904e-05 0.000768707 
0.00373871 0.287574 0.0546173 1.52616e-07 0.159665 0.132926 0.192991 8.35977e-08 9.14837e-07 5.22483e-05 0.0374 0.000680281 0.000225419 0.130108 2.22572e-10 2.14829e-05 
0.0229546 0.357122 0.094524 0.000353405 0.00589047 0.129427 0.0364224 2.22832e-06 0.0766885 0.000256913 1.06546e-05 0.004517 5.03008e-05 0.189144 0.0353666 0.0472696 
0.0059664 0.749001 0.0573833 3.53691e-11 0.000287805 0.0160736 0.0874746 0.000185751 0.000834122 1.63857e-05 0.00459516 0.0297818 0.000204597 0.0454776 7.77009e-05 0.00264022 
0.0660376 0.478407 0.202967 0.000110363 0.000107448 0.036739 0.0178491 0.000946733 0.00307093 0.00017749 0.0135853 0.0145891 0.00433148 0.122096 0.000618993 0.0383677 
0.00623165 0.408856 0.0278348 3.42179e-05 0.101802 0.155564 0.109246 0.000606158 0.00278879 0.00136848 0.0588134 0.00989208 0.000116593 0.0900805 0.00139798 0.0253673 
0.0515257 0.433188 0.184966 0.000151805 0.0113266 0.0829655 0.0367394 1.04809e-05 0.000550274 0.000199681 0.0266349 0.01068 0.000317283 0.0495096 1.34183e-05 0.111222 
0.00160915 0.886394 0.0395623 9.03141e-08 5.87858e-06 0.00383729 0.00312135 3.2611e-05 0.00301503 7.73962e-06 0.000102375 0.000727204 0.000317243 0.0597815 2.9319e-05 0.00145708 
1.22382e-06 0.243658 0.19266 3.98441e-09 0.00450796 0.188142 0.114425 9.4549e-05 2.55783e-05 9.99142e-05 8.1536e-05 0.187877 0.00014784 0.0551953 2.6142e-05 0.0130594 
0.0154329 0.743261 0.0668357 1.51048e-08 4.14804e-06 0.00193603 0.0224196 9.23992e-08 0.000451622 0.000147708 6.71313e-05 0.00329395 5.37539e-05 0.095444 3.30138e-05 0.0506198 
0.0608707 0.277191 0.206783 9.30124e-11 0.000294454 0.0125977 0.0556203 3.47497e-05 0.0401306 0.000753009 0.0117279 0.0447809 0.000113343 0.273859 0.000158494 0.0150857 
0.186148 0.451389 0.00193904 2.24893e-12 0.000239743 0.0004487 0.000355613 1.39127e-08 1.24663e-12 2.51129e-12 6.15038e-05 4.96279e-05 6.38266e-13 0.357341 1.54944e-12 0.00202795 
0.00199491 0.774255 0.0223979 0.000116685 0.00236666 0.0258116 0.0362547 9.98811e-06 0.00193876 0.00924407 0.00887655 0.0186707 4.45946e-05 0.087135 0.00119516 0.00968727 
0.00229502 0.734115 0.064531 3.94309e-09 9.18295e-06 0.000470219 0.0147104 3.2771e-07 0.000879952 4.36273e-06 3.49097e-05 0.00257201 1.70411e-06 0.162735 0.000513257 0.0171277 
0.00250736 0.510735 0.0194545 8.98516e-10 1.15491e-05 0.0282662 0.116451 2.74653e-05 0.00107468 7.2616e-05 0.000184646 0.0722839 4.46963e-05 0.204898 0.0435722 0.000415328 
0.00569866 0.349751 0.10891 0.00421521 0.00017006 0.0247026 0.105861 1.89072e-06 0.00173136 0.00082234 0.0354304 0.00394002 5.82793e-05 0.335493 0.000120138 0.0230936 
0.0440591 0.348341 0.0398523 4.13502e-05 0.00387469 0.194998 0.0653373 1.35248e-05 0.0149021 7.36356e-05 0.0772288 0.0941851 8.84816e-05 0.101426 0.000220351 0.0153585 
0.0733254 0.459151 0.0803313 0.000182886 0.00310775 0.0332676 0.0422948 0.0344373 0.00184487 0.0107708 0.0126108 0.0228946 0.00202956 0.114535 0.0104595 0.0987569 
0.0149511 0.516541 0.236562 3.87265e-05 2.44044e-05 0.00265417 0.000294153 2.69949e-05 0.000268025 7.89493e-05 0.22416 0.000186117 2.40953e-05 0.000264223 4.10487e-06 0.00392118 
0.0549966 0.648662 0.024279 1.95631e-08 9.29102e-05 0.014093 0.0011503 0.000320893 2.8027e-05 7.7697e-06 0.000143438 0.000166817 2.54585e-05 0.0928513 3.89511e-05 0.163144 
0.0608242 0.47402 0.0013636 5.60214e-13 2.54159e-09 0.00339166 0.0307457 2.58565e-09 5.99373e-09 2.50853e-10 0.000367652 0.0347252 2.97776e-06 0.394491 1.44356e-08 6.8788e-05 
0.0279006 0.551625 0.109204 5.02557e-07 0.122524 0.0320755 0.0457801 0.000112171 0.000394033 3.0522e-06 0.0173245 0.0155432 0.00176469 0.0676116 0.000212111 0.00792569 
0.106936 0.379567 0.0362991 6.9988e-06 0.00144832 0.0144072 0.0243284 6.74336e-05 0.00120747 7.70525e-05 0.00104613 0.00391982 4.47173e-05 0.324105 0.000256927 0.106283 
0.0364233 0.344294 0.00546233 2.23788e-11 0.000342563 0.167225 0.139769 2.61614e-08 0.000120833 3.86453e-08 0.0113291 0.0109328 3.34894e-05 0.252219 0.0318057 4.29592e-05 
0.00257951 0.670725 0.207304 2.83908e-05 0.000227439 0.0472872 0.0170017 0.000164188 5.19416e-05 4.42478e-05 0.00359964 0.00103042 0.000165069 0.041941 0.00328335 0.00456662 
0.0106553 0.480314 0.0410854 0.000197895 0.00242384 0.00753452 0.0272167 8.08076e-06 0.00281549 0.00711886 0.00955342 0.0745673 0.00012605 0.0853963 0.000200129 0.250786 
0.231986 0.480915 0.00697117 3.47222e-05 4.23593e-05 0.00436829 0.0208396 4.46729e-05 0.000222944 3.04146e-05 0.000787872 0.00833463 3.6631e-06 0.23675 0.000500152 0.00816911 
0.100337 0.316385 0.137178 0.000197944 0.00318642 0.0394611 0.140585 0.00026454 0.0120178 0.000271087 0.00823657 0.0646219 0.00437778 0.0827638 0.00298509 0.0871305 
0.00596242 0.717762 0.0845924 7.78008e-08 1.63363e-09 0.0318051 0.0105638 5.85864e-05 0.0621333 4.8777e-05 0.000658548 0.00388721 3.48249e-06 0.0125047 1.70081e-06 0.0700179 
0.0238467 0.400953 0.126235 9.83245e-06 0.00468868 0.0842171 0.112304 0.000300355 0.0170833 0.000641341 0.00159702 0.0251634 0.00574828 0.188748 0.000712669 0.00775237 
0.043987 0.509105 0.0651432 4.41219e-06 8.00285e-06 0.0515105 0.0556477 0.000405169 0.000338401 0.0167418 0.0276293 0.00614971 0.00027961 0.204848 0.000392742 0.0178088 
0.00213959 0.702123 0.0686187 5.1773e-07 0.00156612 0.0365236 0.0547472 3.36018e-05 0.000187889 1.36125e-05 0.00494844 0.00572562 4.04248e-05 0.0991931 0.00354303 0.0205955 
0.0437812 0.52501 0.20813 9.46127e-06 5.08312e-08 0.0640666 0.00931723 0.000141754 0.000332953 0.00014805 3.93327e-05 0.000320985 0.000109427 0.120295 8.2866e-08 0.028298 
0.0236321 0.593079 0.109931 2.12722e-12 3.16574e-08 0.0292101 0.217932 2.08852e-12 2.9326e-07 1.94805e-08 0.0191657 1.03549e-07 1.8716e-08 0.00593489 0.000777253 0.00033742 
0.0550874 0.216663 0.172053 0.000161871 0.00168392 0.0865788 0.215373 1.82009e-05 0.000428897 2.61582e-05 0.161517 0.0570951 0.00108882 0.0180922 9.96888e-05 0.0140321 
0.0307089 0.510819 0.135444 0.00110747 0.000553883 0.0141142 0.0251812 0.000111552 0.000619215 0.00122563 0.00315009 0.0130033 0.00795242 0.214467 0.00100714 0.0405342 
0.0167071 0.737511 0.0600964 3.49673e-06 7.22497e-05 0.00104038 0.0186662 2.95132e-05 9.41807e-09 0.000206798 0.000873172 0.00600214 1.40122e-05 0.0530054 0.000149471 0.105623 
0.0187877 0.344056 0.303461 8.5381e-07 6.97225e-05 0.00991114 0.0781279 0.00156355 0.00225276 2.8561e-05 0.000225251 0.0101069 1.46831e-05 0.208201 0.0064967 0.0166965 
0.0343136 0.286008 0.0896562 0.000667055 2.39989e-06 0.226799 0.141139 0.00599464 0.0591888 0.0123006 0.0221803 0.0296746 0.000133889 0.0263903 6.50619e-05 0.0654863 
0.00508214 0.31596 0.153484 0.000614265 0.00120256 0.051298 0.0805063 0.000124891 0.0836485 0.000273801 0.00100972 0.0349979 0.000134373 0.164869 0.0178396 0.0889552 
0.159179 0.271172 0.123409 0.000445588 0.000259811 0.00387998 0.0592785 0.000351703 0.000709684 0.00144787 0.0242086 0.0355337 0.0959846 0.188967 0.0162503 0.018922 
0.0122694 0.539441 0.0290128 2.46847e-08 0.000216989 0.00625621 0.0360842 8.28348e-08 0.050223 2.67388e-05 0.000183668 0.0658038 1.05525e-05 0.255535 0.000525158 0.00441131 
0.0386564 0.457395 0.000888557 2.24949e-08 4.88177e-06 0.00875249 0.15768 4.24363e-09 3.47078e-12 7.4075e-08 0.00236113 0.106322 1.24431e-06 0.170329 0.0550128 0.00259682 
0.0101845 0.565846 0.198971 2.26976e-10 0.0371047 0.0183746 0.0638836 5.40365e-07 0.000144996 4.5965e-05 0.0369911 0.000600014 0.000173692 0.0567911 1.58006e-05 0.0108728 
0.0227482 0.458441 0.329565 0.000115914 0.000390635 0.011653 0.0296516 0.00012324 0.00344659 0.000250027 0.0154922 0.0116433 0.00382975 0.0896963 0.00200754 0.020946 
0.0320593 0.63285 0.0398295 0.0082956 0.000328959 0.0353166 0.0593538 0.000554411 0.000262078 0.000572104 0.000595399 0.00182595 5.92536e-05 0.13037 0.00110987 0.0566172 
0.0265843 0.437265 0.0468487 5.16497e-05 2.37402e-11 0.0206791 0.0187849 0.00152143 0.00149843 5.33349e-08 0.00210975 0.000777794 2.70064e-08 0.0885886 7.41001e-08 0.35529 
0.0454061 0.434354 0.0815647 0.000217058 5.9332e-06 0.130918 0.0367134 0.00300602 0.0109255 0.000136005 0.00796381 0.000389286 0.00026188 0.134294 0.000179197 0.113665 
0.178548 0.270272 0.0138352 2.94948e-08 0.000566426 0.0303348 0.0341628 5.0232e-05 0.0255045 0.000160772 0.0124922 0.0108996 6.29068e-05 0.162826 0.00155014 0.258734 
0.0152876 0.837532 0.0363764 7.94081e-07 6.13176e-10 0.0100058 0.000981532 0.00128896 0.000195607 2.42136e-06 0.000310788 2.12029e-05 7.36533e-06 0.0785574 3.36459e-06 0.0194288 
0.000907699 0.595896 0.0901394 1.15451e-12 0.00405587 0.00883983 0.0677529 5.24491e-07 0.0147941 1.5408e-08 0.000574524 0.0703628 6.38603e-07 0.143993 0.00114924 0.00153285 
0.0189014 0.58054 0.1694 0.000487059 0.000761777 0.00493595 0.0301638 6.43888e-05 0.000785718 0.00101521 0.00243337 0.00599724 1.42679e-05 0.175437 0.000297222 0.00876572 
0.0071067 0.438193 0.0842417 0.000376178 4.86249e-06 0.20111 0.00558858 0.00428917 0.021638 0.000130345 0.00031767 0.000335786 0.000393822 0.0329926 0.000248556 0.203033 
0.057159 0.396055 0.041142 2.68123e-09 2.27104e-06 0.000537825 0.0238575 5.59304e-06 4.34554e-07 1.36538e-07 0.000190477 0.0628641 2.7575e-09 0.29277 4.00327e-06 0.125412 
0.123011 0.343293 0.0836016 0.000123075 0.00256986 0.111983 0.0791351 0.000351982 0.0103948 0.00126342 0.00660122 0.0285056 0.00371072 0.167488 0.00184083 0.0361266 
0.0114436 0.839863 0.0191929 2.56962e-08 0.0018718 0.012986 0.00997146 6.70276e-09 5.3764e-05 1.13933e-05 0.000917205 0.00273101 8.84033e-06 0.0991695 2.15378e-05 0.00175764 
0.00923473 0.45544 0.0466918 4.07576e-09 0.00117518 0.0550539 0.196739 0.000836685 0.0045654 0.00641781 0.00635015 0.113787 0.00166513 0.0842912 0.0139578 0.00379404 
0.0347527 0.327366 0.157737 4.68888e-09 9.055e-05 0.0498641 0.075253 0.000262125 0.00413407 0.00145176 0.00413892 0.000289045 0.000421592 0.298537 5.42262e-06 0.0456958 
0.0437176 0.339814 0.053561 8.88314e-06 0.195127 0.17599 0.0845617 0.000160912 0.000177728 0.000444206 0.0670593 0.00715849 0.000458279 0.0298707 0.000701226 0.00118913 
0.0152019 0.411056 0.0933238 9.33799e-11 0.289505 0.184138 8.92136e-06 9.1681e-11 0.00169604 6.98733e-07 0.00489441 2.66075e-06 0.000150741 1.98296e-05 1.51195e-06 4.6405e-07 
0.0820283 0.191098 0.0420173 0.0128352 0.0448308 0.158343 0.165909 0.13466 0.00121854 0.0126528 0.0156196 0.00199297 0.000135333 0.0752211 0.0334392 0.027999 
0.158858 0.296537 0.0556401 0.00119761 0.000560668 0.0139787 0.0184909 7.29867e-05 0.00249242 0.0134778 0.00482065 0.0117023 0.00101864 0.147659 0.0020287 0.271464 
0.0167071 0.737511 0.0600964 3.49673e-06 7.22497e-05 0.00104038 0.0186662 2.95132e-05 9.41807e-09 0.000206798 0.000873172 0.00600214 1.40122e-05 0.0530054 0.000149471 0.105623 
0.00350188 0.874751 0.0234033 2.00253e-07 0.00040734 0.0030441 0.0189644 0.000108336 1.27028e-09 2.01348e-05 0.00046122 0.00837951 8.11121e-05 0.0656393 1.14726e-05 0.00122704 
0.0563964 0.504884 0.220285 2.64419e-06 1.93188e-05 0.00117408 0.00772553 1.77729e-05 0.00269358 0.00457101 0.00102392 0.000909208 1.05578e-05 0.14722 0.000239402 0.0528272 
0.0320593 0.63285 0.0398295 0.0082956 0.000328959 0.0353166 0.0593538 0.000554411 0.000262078 0.000572104 0.000595399 0.00182595 5.92536e-05 0.13037 0.00110987 0.0566172 
0.104738 0.724889 0.015506 0.000151691 5.11882e-05 0.00978725 0.00789214 2.15296e-05 0.00123693 0.000105771 5.24422e-05 0.00460327 8.5679e-05 0.118504 2.81464e-08 0.0123746 
0.0114786 0.29916 0.00618173 3.23022e-12 0.000822924 0.295167 0.0046348 0.000237035 0.00239461 0.000164881 0.000320893 0.0118401 0.000437089 0.233706 0.000312392 0.133141 
0.00514114 0.657325 0.0243524 4.12956e-08 1.12444e-05 0.0150227 0.0235836 1.22311e-05 8.12473e-05 7.6454e-06 0.000511583 0.0153765 2.51971e-05 0.255326 0.00310247 0.000121263 
0.0128236 0.373742 0.0500992 7.13756e-08 1.13938e-05 0.00261599 0.164196 6.94534e-09 1.47677e-05 3.51041e-06 3.17472e-05 0.0876374 0.000185457 0.304591 3.46076e-05 0.00401306 
0.153976 0.550648 0.125507 5.49902e-09 8.50958e-05 0.00806288 0.00651274 0.000416086 0.00707247 0.000235268 0.0113203 0.0280818 0.0236921 0.061371 0.00357485 0.0194449 
0.0243742 0.668739 0.0106501 1.10529e-05 3.0674e-05 0.0109846 0.0286197 4.24517e-05 5.0439e-05 4.60026e-05 0.000192096 0.0113947 1.88574e-05 0.243249 0.000139515 0.00145738 
0.00134021 0.452556 0.237013 2.45362e-06 0.000261122 0.0147668 0.0175537 3.45287e-06 0.0062365 1.37736e-05 0.00842283 0.00818149 2.61924e-05 0.23894 0.000411167 0.0142721 
0.0133308 0.613563 0.0172748 8.21026e-09 5.60295e-06 7.26289e-05 0.0475132 0.000315816 0.000687352 0.000183727 0.000600001 0.004516 5.01857e-06 0.0244702 4.86388e-05 0.277413 
0.0155826 0.380051 0.0831374 6.02251e-11 0.000993194 0.0786716 0.0822679 0.0147904 0.0011704 8.22073e-06 0.0112418 0.00141243 0.000198608 0.327179 0.000442373 0.00285329 
0.0231721 0.562734 0.111596 0.00419932 0.000568889 0.0138134 0.0256168 0.00111554 1.09411e-07 0.00270078 0.0124078 0.00429102 0.000186168 0.215642 0.00236303 0.0195933 
0.0574262 0.418103 0.116798 0.000341914 0.00200469 0.0286816 0.0718219 6.1599e-05 0.00650551 0.0026286 0.00429986 0.0284067 0.0257099 0.223777 0.00254472 0.0108884 
0.0378645 0.395733 0.0735936 5.63627e-05 0.00089544 0.0272444 0.0769255 9.35196e-06 0.00887904 0.000266194 0.00293481 0.0328857 6.60256e-05 0.100916 3.85946e-05 0.241691 
0.0061093 0.839315 0.00067777 4.23049e-06 3.36659e-06 0.0136762 0.0768889 0.000229825 3.0769e-05 4.72401e-06 0.00596926 0.000115686 1.54313e-05 0.00545054 0.00157909 0.04993 
0.233871 0.293187 0.18383 0.00230711 0.000124191 0.0124839 0.0207073 0.0157519 0.00591316 0.000335945 0.0154133 0.027393 0.0350538 0.0881717 0.0156034 0.0498531 
0.039633 0.450429 0.0500699 3.50529e-05 0.00226902 0.0120843 0.0322155 6.75356e-05 0.00187928 0.00135902 0.000679178 0.000515033 2.05207e-05 0.392382 4.8858e-07 0.0163613 
0.00867063 0.565286 0.0194763 1.75497e-05 2.25449e-05 0.0032362 0.0278479 1.79947e-06 0.000284219 0.00382328 0.000442982 0.0274174 1.68203e-05 0.339441 0.000558155 0.00345744 
0.000256225 0.715176 0.0450132 4.66414e-08 3.18173e-07 0.00107514 0.0627595 9.28363e-10 0.000326594 3.79794e-06 3.58409e-05 0.0100441 1.64767e-06 0.162301 0.000990905 0.00201549 
0.0146427 0.372711 0.0879782 0.000380749 0.000481885 0.182684 0.187863 7.60506e-05 0.00329917 0.000152942 0.00134795 0.00838257 0.000324054 0.138272 0.000137904 0.00126619 
0.0640908 0.499483 0.118701 3.97199e-10 0.00209987 0.010189 0.084022 4.67842e-06 0.000416096 0.000651495 0.105344 0.0508744 0.00435748 0.0558506 0.00126537 0.00264934 
0.193598 0.415081 0.0863281 9.15811e-05 4.24458e-05 0.0141626 0.0839435 4.6768e-05 0.00137213 6.81732e-05 0.000565982 0.0307024 0.000154388 0.150398 0.00326326 0.0201822 
0.00929307 0.384983 0.0942465 0.00952944 6.74878e-05 0.0116765 0.0684518 4.12921e-06 0.232908 0.000587185 0.00161243 0.0100976 2.55618e-05 0.160338 3.5945e-05 0.0161432 
0.00554101 0.702724 0.182279 1.6218e-08 0.000613848 0.026198 0.0306137 1.53834e-08 1.66214e-07 3.06898e-12 0.00163194 0.0309993 0.00107315 0.012323 4.03341e-08 0.00600286 
0.0240503 0.79111 0.0749916 1.56334e-10 6.80257e-06 0.0189936 0.00194664 0.000196538 0.00272186 1.50093e-08 0.000842384 3.3648e-05 7.25193e-05 0.0548549 1.29136e-05 0.0301669 
0.027906 0.417105 0.235473 0.000127459 0.00344401 0.0469022 0.0308221 0.00562713 0.0131789 0.00021701 0.00211416 0.00453136 0.0011551 0.192818 0.00215611 0.0164234 
0.0437176 0.339814 0.053561 8.88314e-06 0.195127 0.17599 0.0845617 0.000160912 0.000177728 0.000444206 0.0670593 0.00715849 0.000458279 0.0298707 0.000701226 0.00118913 
0.0170369 0.45883 0.152168 3.97877e-05 0.000747952 0.0239336 0.0558951 0.00339984 0.00265178 0.000772837 0.00352575 0.0361196 0.00782323 0.217647 0.0048704 0.0145379 
0.0439009 0.456024 0.4196 1.11255e-05 0.00160463 0.0117541 0.00864748 2.03734e-05 1.40427e-05 1.63625e-05 0.0133502 0.00781417 0.00261357 0.0295624 0.00141382 0.00365302 
0.0437176 0.339814 0.053561 8.88314e-06 0.195127 0.17599 0.0845617 0.000160912 0.000177728 0.000444206 0.0670593 0.00715849 0.000458279 0.0298707 0.000701226 0.00118913 
0.0129647 0.677779 0.0184784 1.55054e-05 0.000325842 0.000851185 0.117205 1.40726e-05 8.87252e-05 0.00315432 0.00196001 0.0444408 6.84026e-07 0.112754 1.71381e-05 0.00995059 
0.132755 0.332908 0.160247 1.44809e-05 2.52694e-05 0.0170362 0.01372 0.000217753 0.00226502 5.10393e-05 0.084132 0.00149712 0.0125047 0.164875 0.0311828 0.046569 
0.000435269 0.592819 0.116114 6.43116e-07 0.000150747 0.0102872 0.106575 4.19627e-08 0.00348616 3.16141e-05 0.00802896 0.0404844 3.24416e-05 0.119199 7.58172e-06 0.00234811 
0.0267184 0.315565 0.218384 5.75642e-12 0.00106703 0.0103813 0.0440549 5.65169e-12 1.70992e-08 2.14803e-08 0.000131206 0.132532 5.44202e-06 0.0823772 3.96598e-12 0.168783 
0.0246026 0.378608 0.375823 0.000250218 0.000441623 0.0165628 0.0272927 0.000271428 0.00217712 0.000552541 0.0218879 0.0134055 0.00827555 0.0966455 0.00126279 0.0319406 
0.149002 0.19707 0.0539033 1.37986e-11 0.000261929 0.122233 0.0717439 0.000224858 0.00234026 0.000430183 0.00654861 0.111689 0.0118765 0.185434 0.00210274 0.0851389 
0.00415316 0.55514 0.00211161 2.99557e-11 0.255725 0.116357 0.000993062 0.00519296 0.00103657 6.43014e-08 1.5659e-11 2.1017e-09 0.000262518 0.000179894 3.28049e-05 0.0588155 
0.0694954 0.466673 0.0427905 5.7087e-05 0.000873775 0.0226911 0.0484573 0.00041148 0.000535302 0.000181584 0.00990559 0.0202614 0.00295877 0.238943 0.0012637 0.0745008 
0.208109 0.315183 0.0783526 6.47274e-05 0.00116259 0.0163996 0.0507039 0.000236911 0.00189658 0.00126865 0.0297947 0.0128051 0.00276197 0.232649 0.000692155 0.0479194 
0.024146 0.419022 0.00895119 1.78575e-06 0.000456422 0.0372005 0.0880657 0.000111127 0.00520918 0.00157469 0.295144 0.00302925 0.00363048 0.0892416 0.0133731 0.0108431 
0.0217955 0.306445 0.0406893 0.000364818 0.000356183 0.0141003 0.107067 8.42249e-05 0.281774 0.00153043 0.0276383 0.0041066 4.54299e-06 0.147877 0.00352302 0.0426439 
0.00096691 0.592123 0.169494 2.31754e-05 0.00109116 0.0197598 0.0079038 3.2869e-06 0.000359483 1.47831e-05 0.00267166 0.00353875 3.43051e-05 0.200619 0.000115933 0.00128109 
0.0217818 0.337324 0.0579595 3.12825e-09 0.00035473 0.186515 0.0194331 0.00125766 1.47573e-07 0.00149146 0.00316572 1.34609e-05 3.99411e-05 0.320265 4.05e-05 0.050358 
0.111362 0.45634 0.0363822 0.000289195 0.000344759 0.00681255 0.0211445 0.00041498 0.000652153 0.00424922 0.000713364 0.0154227 3.09104e-05 0.319456 3.27548e-05 0.0263525 
0.00841622 0.409793 0.0943185 2.15677e-08 8.0536e-07 0.0153625 0.117739 8.48472e-05 0.00149393 0.000104933 0.0284365 0.0307372 1.65784e-05 0.22284 0.00046855 0.070187 
0.0320432 0.47103 0.00714342 1.27112e-08 8.634e-09 0.0178731 0.278845 2.39566e-09 4.95344e-08 0.000180057 0.000354251 0.0357272 3.48003e-09 0.155843 5.94294e-07 0.000960182 
0.0108613 0.421934 0.344061 2.91606e-05 0.00609944 0.088155 0.0168741 0.0525183 0.00023017 0.000852503 0.0405085 0.00362076 0.00216664 0.00587119 8.57283e-06 0.00620983 
0.0490832 0.317317 0.125196 0.00356367 0.000722687 0.187578 0.0548731 0.00066492 0.00287146 0.00033843 0.015779 0.0112517 0.00043719 0.161839 1.48916e-05 0.0684697 
0.0450532 0.400501 0.131266 3.029e-07 3.02972e-07 0.0474782 0.187213 3.02904e-07 0.0421859 0.00130259 0.00442511 0.0123404 3.03153e-07 0.096852 3.0301e-07 0.0313803 
0.0199037 0.433892 0.103255 2.89417e-06 7.48102e-05 0.0257376 0.0988554 1.40337e-05 0.0206809 0.000104852 0.000189695 0.00352456 5.25618e-06 0.271399 5.11602e-05 0.0223083 
0.0212955 0.396692 0.211539 5.55324e-06 2.45619e-05 3.68604e-05 0.00134284 2.01641e-05 1.93469e-05 0.00016358 0.000257551 0.000624011 5.02977e-06 0.0133533 0.000562985 0.354058 
0.0103868 0.531177 0.0958967 5.07115e-05 0.000270051 0.00177595 0.0171269 5.73396e-05 0.00703816 0.00263641 0.000865258 0.117871 0.000124918 0.181377 0.000315144 0.0330305 
0.0011418 0.929793 0.000707884 7.9904e-12 8.19638e-10 0.00484011 0.0122387 3.9515e-05 2.04086e-06 2.88713e-08 0.000136159 0.00947688 5.4315e-06 0.0405434 1.31421e-07 0.00107475 
0.0156214 0.276135 0.067036 6.62717e-05 0.000344172 0.0564258 0.0980137 0.00849361 0.0198162 0.0914288 0.00641574 0.0717594 0.00714636 0.229549 0.00935064 0.0423982 
0.0138596 0.469115 0.0303867 8.62657e-05 1.02231e-05 0.00122494 0.00774348 0.000418891 0.00809832 0.000246929 0.000420442 0.0125105 0.000161034 0.320465 0.0251779 0.110075 
0.107725 0.274537 0.151997 2.05004e-05 0.000284762 0.0160099 0.047042 0.000106487 0.00207302 0.00508672 0.0105954 0.0382084 0.00268335 0.272204 0.00386793 0.0675571 
0.00674176 0.655544 0.0763723 2.4771e-10 9.69597e-07 0.00269624 0.0514961 2.04767e-06 5.58455e-07 3.24886e-07 0.160244 0.000203941 2.54065e-05 0.0449744 1.31111e-05 0.0016841 
0.0143558 0.75315 0.205917 0.000177568 0.000155033 0.00433375 0.00213293 0.000674929 0.000209895 0.000300757 0.000530126 0.000773268 0.000168754 0.000228452 0.00245516 0.0144368 
0.280043 0.304527 0.069622 2.0773e-05 7.80729e-05 0.00806401 0.0123375 0.000574317 0.00152909 0.000742378 0.00233228 0.00713245 3.66148e-05 0.166951 0.00019253 0.145816 
0.0190032 0.428706 0.162821 1.40527e-07 0.0018696 0.0216473 0.0510669 0.000801158 0.0153397 1.40507e-07 0.0069742 0.243689 0.00229265 0.0361973 0.00299446 0.00659719 
0.0363776 0.694196 0.0727928 1.3029e-06 1.26406e-05 0.000634821 0.0181348 2.89648e-05 3.90403e-05 7.73233e-05 0.0186914 0.0249833 0.00062059 0.113963 0.0174215 0.00202492 
0.00231006 0.407168 0.0070216 7.79609e-08 9.52648e-05 0.34514 0.00909867 2.54462e-05 0.00288943 0.00223621 0.213434 0.000686757 7.41784e-06 0.00710661 5.37125e-08 0.00278 
0.000605062 0.695839 0.0649625 1.60146e-12 8.74236e-07 0.00746581 0.0929969 0.00122299 0.0351389 2.44452e-05 0.000683849 0.00278357 1.64387e-09 0.0951083 0.00216088 0.00100639 
0.00918153 0.351575 0.0566617 3.71736e-08 0.000180673 0.0160443 0.0241911 3.10336e-05 5.70924e-05 8.68513e-05 0.000466831 0.336602 1.41047e-05 0.200827 0.000265143 0.00381603 
0.0482594 0.723112 0.0798807 1.83206e-05 2.17368e-05 0.00877832 0.00327896 7.7489e-07 0.000118303 0.000187817 0.000239382 0.00290312 2.72447e-05 0.0596406 0.000118861 0.0734141 
0.0173975 0.471573 0.215602 1.24918e-05 0.000576566 0.00742793 0.0279011 3.91662e-05 0.000820891 0.000468214 0.00105954 0.0849795 4.18249e-05 0.118831 0.0068116 0.0464576 
0.0876171 0.386959 0.10105 0.00169085 0.000540668 0.0155135 0.0231818 1.26257e-05 0.0290109 0.000139662 0.00273893 0.0326698 0.000187046 0.169657 0.000117579 0.148915 
0.120965 0.349032 0.150576 6.10543e-08 0.00083759 0.0346322 0.00798902 0.00134454 0.00101088 2.32459e-05 0.00580728 0.015041 0.00275937 0.0986206 0.000583506 0.210778 
0.0437176 0.339814 0.053561 8.88314e-06 0.195127 0.17599 0.0845617 0.000160912 0.000177728 0.000444206 0.0670593 0.00715849 0.000458279 0.0298707 0.000701226 0.00118913 
0.0136422 0.435838 0.115019 0.0122709 0.000296501 0.0217797 0.0443959 2.3141e-10 0.00160938 2.57992e-05 0.00294215 0.000204647 0.00010694 0.339892 2.20067e-06 0.0119754 
0.0438129 0.287622 0.213925 0.000978942 0.000109051 0.040161 0.0238536 0.000112302 0.00275324 0.000178803 0.00202689 0.00370664 0.000123531 0.124076 1.72118e-05 0.256544 
0.0172555 0.890166 0.0129554 2.46909e-05 2.21131e-06 0.000463032 0.00336653 3.68886e-06 9.83068e-05 0.000108037 0.00136449 9.33156e-05 9.59568e-07 0.0118281 7.21252e-07 0.0622691 
0.000866227 0.460361 0.0418679 1.08087e-12 1.16225e-09 0.0131724 0.176633 0.000124436 0.00153603 6.18788e-05 0.00025651 0.00784257 0.0191774 0.264578 0.0065 0.00702269 
0.000986748 0.353996 0.0781741 3.28781e-08 0.00122832 0.06237 0.0900256 0.000224929 0.0342399 6.00021e-06 0.028917 0.0124206 1.76506e-05 0.330824 0.000176914 0.00639208 
0.00696253 0.575691 0.0350749 1.04099e-05 0.00228736 0.00510116 0.0354643 2.31849e-07 0.000167103 1.62773e-05 0.00163907 0.0374768 1.44506e-05 0.29515 0.000433275 0.00451132 
0.153976 0.550648 0.125507 5.49902e-09 8.50958e-05 0.00806288 0.00651274 0.000416086 0.00707247 0.000235268 0.0113203 0.0280818 0.0236921 0.061371 0.00357485 0.0194449 
0.0901116 0.30022 0.271397 0.00219062 0.000586557 0.0309127 0.0705752 0.000357579 0.00206972 0.00108909 0.00809585 0.0156914 0.0024446 0.171149 0.00128111 0.0318282 
0.0220709 0.539409 0.00388666 5.57233e-12 0.000400267 0.0307225 0.00532644 0.00022148 3.08886e-12 6.22238e-12 2.70316e-07 5.0751e-05 2.97332e-08 0.14289 1.65122e-08 0.255023 
0.0341765 0.341892 0.0117944 3.53705e-05 0.00768365 0.0954063 0.00308507 0.317471 0.000397936 0.000153287 0.0305478 0.00172565 0.00133422 0.0882932 3.20376e-05 0.0659715 
0.0180612 0.678504 0.0612183 0.000489623 0.00230823 0.0263484 0.0295541 0.000853717 0.00141456 0.00150578 0.0207113 0.021156 0.00332569 0.0965872 0.000932361 0.0370295 
0.0413228 0.319911 0.0763081 0.000270501 2.96157e-05 0.307802 0.0240783 0.00128023 0.00260096 0.000577229 0.01307 0.00329606 0.000315779 0.176687 0.000199586 0.032251 
0.00268501 0.610994 0.151306 4.56935e-09 9.80437e-05 0.00502309 0.116485 1.06024e-06 0.00111783 1.16735e-06 0.00321566 0.01305 1.73984e-05 0.0946836 0.00113214 0.000190944 
0.0320102 0.526426 0.106431 1.99445e-05 0.000558594 0.0273894 0.0269471 0.000343232 0.00444374 0.000232481 0.0142161 0.0115127 0.00834709 0.212276 0.00130002 0.0275473 
0.000856636 0.459867 0.00506677 3.95011e-10 0.000529736 0.0290184 0.0894839 4.33117e-07 0.000119933 0.00018713 0.000628828 0.00165036 1.57869e-05 0.41139 0.00046753 0.00071747 
0.0783102 0.601991 0.024546 5.44284e-13 5.08311e-06 0.00615607 0.0579092 9.45678e-10 0.000920676 3.63799e-06 0.000146862 0.00784513 2.94407e-06 0.219366 0.000182726 0.00261379 
0.0141069 0.76351 0.0163253 4.92996e-06 0.000596526 0.00794389 0.0428192 8.48253e-06 0.000310842 1.11134e-05 0.000179723 0.0103188 1.67858e-05 0.134856 0.00431224 0.00467945 
2.42033e-07 0.393284 0.0749317 7.42074e-07 1.81442e-07 0.0668936 0.00607474 6.87806e-05 2.28887e-07 0.00322164 0.0637564 0.00330788 0.000125459 0.284002 0.101642 0.00268963 
0.0101845 0.565846 0.198971 2.26976e-10 0.0371047 0.0183746 0.0638836 5.40365e-07 0.000144996 4.5965e-05 0.0369911 0.000600014 0.000173692 0.0567911 1.58006e-05 0.0108728 
0.00728854 0.665967 0.152083 2.03676e-11 6.14681e-09 0.00097067 0.018562 9.94853e-09 0.00130586 7.11258e-08 0.000192411 0.00101413 4.13408e-10 0.149915 0.000506346 0.0021948 
0.0169919 0.497641 0.174802 2.93317e-09 0.00174089 0.0249655 0.0700523 1.01324e-05 0.00235465 2.42765e-05 0.010868 0.0131188 0.000231404 0.172132 0.0118115 0.00325535 
0.00538064 0.266941 0.215147 3.67154e-05 9.47073e-05 0.0413213 0.0425358 8.22515e-05 0.0818962 0.0231426 0.00724727 0.0162969 7.95657e-06 0.226662 0.00091143 0.072296 
0.000538642 0.419139 0.196456 1.958e-08 0.000257607 0.0623757 0.0475519 2.22054e-05 0.000228017 2.20116e-08 0.00102428 0.00136303 0.0903505 0.170994 2.30045e-08 0.00969925 
0.00565241 0.40464 0.276631 7.50481e-05 0.00153662 0.111722 0.0647439 4.29556e-05 0.00341376 0.00589084 0.0171443 0.0130253 7.13363e-05 0.0890815 0.000107237 0.00622201 
0.00368317 0.496896 0.0047505 2.09674e-09 2.81971e-06 0.00132844 0.087464 1.24434e-07 6.50763e-09 5.13153e-06 1.11838e-05 0.0643795 5.74041e-10 0.321636 0.0195863 0.00025693 
0.0437176 0.339814 0.053561 8.88314e-06 0.195127 0.17599 0.0845617 0.000160912 0.000177728 0.000444206 0.0670593 0.00715849 0.000458279 0.0298707 0.000701226 0.00118913 
0.00381834 0.623245 0.059677 1.50213e-05 0.00173464 0.00622087 0.0310671 4.89861e-05 0.000334901 2.37719e-05 0.00269113 0.0597608 0.000135544 0.209138 0.000138779 0.00194982 
0.0160931 0.527381 0.0272815 0.00530504 0.000194672 0.00207287 0.0632672 4.50545e-05 0.0032353 0.0202937 0.00118869 0.020042 5.96119e-05 0.265403 0.000116924 0.04802 
0.00503273 0.410333 0.279207 2.79535e-06 1.59041e-08 4.85463e-05 0.012098 3.21967e-05 0.000151475 1.85966e-05 0.000138135 0.0208023 6.48607e-06 0.107913 4.75369e-05 0.164168 
0.00520013 0.638216 0.00424533 1.40558e-05 1.78673e-09 0.000264846 0.000655524 6.29927e-09 0.000133095 1.42958e-06 3.11789e-05 3.27238e-05 2.83862e-09 0.290023 9.55672e-09 0.0611834 
0.0157503 0.585785 0.183032 5.83833e-05 4.69347e-05 0.00735083 0.073103 0.000294974 0.00131405 4.28248e-05 0.00118303 0.0185984 0.00324128 0.0974284 0.00438505 0.0083862 
0.0226657 0.39053 0.265704 0.00109996 2.9677e-05 0.0131147 0.0458007 2.13031e-05 0.00822124 0.000869371 0.0029075 0.00369735 0.00418969 0.169287 0.000737897 0.0711238 
0.00790391 0.326024 0.0133601 3.38398e-06 0.00501342 0.250753 0.271103 7.08316e-05 0.0101618 0.00412099 0.0222976 0.031141 2.50304e-05 0.051255 0.00532514 0.00144199 
3.69486e-07 0.365997 0.208055 8.98744e-11 1.05501e-06 0.00572103 0.00375704 1.82747e-07 0.0823671 8.62664e-08 0.00223429 4.08634e-05 3.59638e-08 0.162752 7.09466e-08 0.169073 
0.00816016 0.671794 0.0590488 1.7374e-07 0.0389367 0.0226312 0.0049193 7.03467e-05 9.17727e-05 0.000135777 0.00162222 0.000663031 2.61664e-05 0.182704 8.21405e-06 0.00918823 
0.0309913 0.379424 0.149814 8.85526e-06 3.30109e-08 0.020493 0.00586865 0.000725535 0.00180587 1.25182e-08 0.181983 0.00606622 0.000314822 0.0606237 0.000878412 0.161002 
0.0342905 0.358521 0.166369 6.18919e-05 0.000219422 0.0117489 0.0605335 9.11574e-06 0.00269767 5.86683e-05 0.00168653 0.057927 0.000613812 0.293086 0.00301684 0.00915996 
0.0367764 0.235683 0.0801376 0.000141461 0.00253834 0.218252 0.114555 7.3992e-05 0.00104916 0.00353866 0.00509783 0.10181 0.000152749 0.171683 8.5994e-05 0.0284236 
0.0377553 0.637913 1.29693e-07 8.57645e-13 2.58086e-05 0.00844936 0.00110409 0.000365629 0.000128926 2.33175e-05 9.05536e-05 0.000495488 3.31248e-06 0.0892385 8.24703e-05 0.224325 
0.00897726 0.435518 0.0964988 2.14133e-08 0.000179864 0.0072518 0.060622 0.000681522 0.00317538 0.000187255 0.000431626 0.00376284 0.0174001 0.320293 0.0310308 0.0139891 
0.0632265 0.221227 0.140437 0.0170596 6.84278e-06 0.0126461 0.212679 0.00926564 0.000472926 0.004318 0.00153566 0.0509953 0.0200051 0.126475 6.53323e-05 0.119584 
0.0293106 0.494144 0.177533 7.00981e-07 0.0597688 0.0277041 0.0444802 0.000127484 0.00389231 3.46575e-05 0.0151967 0.0305015 0.0073865 0.100888 0.00122857 0.00780209 
0.0173743 0.660679 0.0200174 4.16114e-08 0.0015422 0.0151276 0.0119643 2.07995e-05 1.45739e-07 0.000372561 0.00181768 0.000133071 5.4899e-05 0.253653 4.3455e-05 0.0171994 
0.0470661 0.363525 0.235478 2.6734e-05 5.38176e-05 0.0188591 0.0236807 0.000100383 0.000924134 0.000232601 0.00311133 0.0110205 6.63473e-05 0.233011 5.17409e-06 0.0628388 
0.00273173 0.479156 0.166104 1.70908e-10 0.0105703 0.0702777 0.0458249 1.67798e-10 4.05072e-06 1.90845e-10 0.000179545 0.00102881 6.82421e-08 0.215379 0.00867357 7.03875e-05 
0.119371 0.592953 0.128665 1.59963e-12 3.84429e-05 0.00508771 0.00416966 0.000525203 0.00667695 2.04541e-05 0.0106375 0.0137523 0.0308278 0.0605874 0.00476645 0.0219207 
0.00138641 0.635604 0.0756219 1.23661e-07 1.33592e-08 0.0187448 0.0552164 6.63683e-05 0.00093746 5.22626e-05 0.000881485 0.000839968 1.42024e-06 0.175711 6.0945e-05 0.0348749 
0.120056 0.398254 0.0932234 6.40793e-06 0.00482664 0.00753804 0.0233758 0.00011415 0.00366488 0.000342818 0.0268149 0.00931442 0.026804 0.274935 0.0018987 0.00883075 
0.0166836 0.39812 0.0267679 3.81041e-08 5.02711e-05 0.335556 0.0517257 0.0035607 0.000348397 1.61537e-07 0.109723 0.00727868 0.00402779 0.0279511 5.54245e-05 0.0181514 
0.00188687 0.394935 0.0118924 9.11195e-07 0.0184623 0.241375 0.177636 4.21017e-07 0.00143054 0.000170478 0.0584094 0.0371669 0.00193315 0.0381426 3.1895e-07 0.0165584 
0.0234892 0.345991 0.141653 0.00064041 0.00278567 0.0259589 0.0614037 0.000436091 0.0126816 0.00536819 0.00676669 0.0127197 0.00109692 0.324349 0.00137853 0.0332809 
0.0437812 0.52501 0.20813 9.46127e-06 5.08312e-08 0.0640666 0.00931723 0.000141754 0.000332953 0.00014805 3.93327e-05 0.000320985 0.000109427 0.120295 8.2866e-08 0.028298 
0.05284 0.403591 0.0716682 0.00205058 0.00280237 0.10791 0.147386 0.00187605 0.00251793 0.00260697 0.00977456 0.0150832 0.00427823 0.13124 0.000978659 0.0433964 
0.0804825 0.473346 0.0914004 4.80076e-06 0.0109559 0.00303862 0.0507651 3.74439e-06 0.000574965 7.09393e-05 0.0113325 0.0544498 0.040386 0.180591 0.000386972 0.00221033 
0.0120183 0.447786 0.346845 0.000101657 0.000726038 0.00764813 0.0292724 0.000208239 0.00907745 0.0020559 0.00423616 0.0102994 0.00250842 0.103457 0.00128343 0.0224767 
0.04495 0.548095 0.0238293 1.15042e-05 0.000276695 0.0555148 0.0308661 0.00173877 0.00183797 0.000774701 0.00489808 0.0175922 0.00012036 0.231996 0.00286478 0.0346335 
0.0264708 0.79655 0.0670582 1.04327e-05 0.000566049 0.00933406 0.0126187 0.000117051 0.000220386 4.3796e-05 0.00311847 0.00489743 0.00220723 0.0586886 0.00555346 0.0125451 
0.0381885 0.405147 0.0613667 3.15915e-08 1.3856e-05 0.00147556 0.0207803 1.29248e-05 0.0923865 2.90333e-05 0.000110169 0.00142459 2.7277e-06 0.374029 8.19406e-07 0.00503288 
0.0513071 0.368384 0.219091 0.00122641 0.000136956 0.00663076 0.0990112 9.46361e-05 0.0127797 0.000350543 0.00815087 0.0481219 0.000374501 0.148009 0.000472176 0.0358594 
0.0654845 0.291273 0.196328 0.00289156 0.00095833 0.0104412 0.0430301 6.27487e-05 0.0103365 0.00406412 0.00296125 0.0150768 0.000190977 0.15908 0.000516339 0.197304 
0.0415821 0.403695 0.101409 2.87524e-05 0.000847521 0.00803718 0.0382044 3.77152e-06 0.00380734 0.00444474 0.00305044 0.0309687 5.72457e-06 0.329992 1.55574e-05 0.0339078 
0.0571262 0.555909 0.0474353 1.3315e-11 0.00154268 0.0417207 0.166936 5.64364e-09 0.000474145 4.05637e-05 0.00251049 0.00072896 0.000474272 0.119514 9.19255e-05 0.00549609 
3.98708e-05 0.906776 0.0017581 2.98397e-05 0.000609701 0.0516528 2.79486e-05 6.51619e-06 0.00393974 1.83595e-08 1.36104e-07 1.45692e-08 1.30377e-05 0.0351458 7.46117e-08 4.47462e-07 
0.0156929 0.314944 0.0437781 0.00206368 9.10635e-06 0.0151844 0.306513 0.00044474 0.00302086 5.10597e-05 0.0119447 0.0111539 0.117188 0.104691 0.0176675 0.0356528 
0.0024236 0.760461 0.0208391 6.88084e-09 7.84085e-06 0.000983896 0.0332542 3.11551e-05 2.86534e-12 7.10667e-06 6.43682e-05 0.0223648 2.72467e-05 0.158992 9.08919e-06 0.000534517 
0.00101667 0.552032 0.0665593 5.63132e-05 0.000500111 0.0161849 0.0937753 2.78765e-05 1.04066e-07 0.0061169 0.0272093 0.000120658 2.93766e-05 0.2289 2.79075e-06 0.00746822 
0.0251059 0.321463 0.281723 0.000438064 0.000910411 0.0163267 0.0270872 1.64787e-05 0.000975603 0.00190667 0.00542022 0.0178989 9.58017e-05 0.257953 9.15113e-05 0.042588 
0.0929827 0.507416 0.00196455 4.31665e-12 0.00536921 0.00901778 0.00816749 1.48724e-08 6.60946e-09 0.000111453 0.00236447 0.000219289 1.83463e-09 0.371823 2.12245e-05 0.000543142 
0.0505746 0.464188 0.00648512 0.000149656 0.00265236 0.243812 0.0155173 0.132368 0.00211902 0.000276749 0.0129915 0.0232382 0.00117966 0.00770191 0.0019343 0.034811 
0.00972138 0.251844 0.116446 1.95812e-09 0.00030852 0.0185713 0.107047 1.38806e-05 0.0203014 0.000187162 0.249562 0.0105845 1.83269e-05 0.127276 0.0831404 0.00497738 
0.00992952 0.728028 0.0647659 4.78775e-09 1.45749e-05 0.00321039 0.0343019 1.55123e-05 0.00038218 3.13207e-05 0.000406727 0.0299449 2.62435e-05 0.126525 0.000187849 0.00222999 
0.000347368 0.681236 0.0880287 6.33829e-09 7.30787e-08 0.000578315 0.0323948 3.38375e-09 0.00111735 4.7998e-06 1.36844e-05 0.00306364 1.01201e-06 0.190114 1.00823e-05 0.00309048 
0.0595961 0.595753 0.120171 0.00183506 0.000210088 0.0364427 0.00764059 0.000110933 0.00268514 0.0001003 0.0151659 0.000856268 4.37834e-05 0.0810502 6.02503e-07 0.0783385 
0.0123688 0.337595 0.0653822 0.000655041 0.0147966 0.22766 0.0799163 0.0265304 0.0301889 4.56806e-05 0.00153676 0.00664001 0.000426495 0.128804 0.00406102 0.0633923 
0.00992952 0.728028 0.0647659 4.78775e-09 1.45749e-05 0.00321039 0.0343019 1.55123e-05 0.00038218 3.13207e-05 0.000406727 0.0299449 2.62435e-05 0.126525 0.000187849 0.00222999 
0.0946452 0.256547 0.183386 0.000551347 1.26883e-05 0.0107666 0.0663077 0.000314528 0.000214342 0.000176073 0.00447049 0.00399651 0.00127302 0.249542 0.021869 0.105929 
0.0103305 0.756853 0.00103366 5.31238e-05 1.4807e-07 0.00741967 0.0463089 0.000110032 1.58155e-09 1.77198e-08 3.20192e-05 0.0274141 2.15837e-06 0.146722 1.86626e-05 0.0037017 
0.0917925 0.395801 0.274892 1.02199e-07 1.77659e-07 0.00303959 0.14638 0.00035568 0.00102669 0.00464351 8.81714e-05 0.000277548 2.33915e-05 0.00857075 5.28703e-07 0.0731084 
0.0013418 0.534529 0.0332534 3.0936e-09 1.89033e-05 0.294274 0.0633813 0.000601549 0.000436017 0.000107619 0.00053473 0.0272755 0.000327222 0.0301377 0.00921718 0.00456485 
0.231405 0.357977 0.0190297 1.08127e-11 0.000784431 0.00405278 0.00935517 8.36944e-09 0.00681862 4.78192e-05 0.000163882 0.00210028 2.48412e-06 0.336519 9.83118e-05 0.0316448 
0.0454922 0.430323 0.101926 1.72768e-05 0.0105468 0.0391781 0.0735588 4.62363e-07 0.000427065 0.00258155 0.0278638 0.116688 0.000334264 0.142303 0.000898539 0.00786237 
0.0723064 0.495735 0.0108864 4.10705e-05 6.3924e-09 0.0204779 0.0271302 0.00011086 0.00221754 0.000242252 0.000967799 0.00720357 5.60077e-05 0.321074 3.79098e-05 0.0415131 
0.0042991 0.449499 0.0116245 3.2702e-05 1.27987e-05 0.0148306 0.105977 1.50936e-06 0.0026513 8.66347e-05 0.0028704 0.0317974 3.95459e-05 0.363836 0.000273332 0.0121682 
0.0226663 0.308451 0.218434 7.36573e-06 0.000298599 0.0138375 0.184266 0.00045332 0.000568571 0.00214118 0.00945592 0.0740893 5.26831e-05 0.123475 0.00768362 0.0341195 
0.094524 0.758129 0.0250737 4.1012e-05 9.08506e-06 0.00921823 0.0040814 0.000802224 0.000663483 0.000541315 0.0033726 0.00216319 0.00281022 0.0300734 0.000304201 0.0681929 
0.0605556 0.439915 0.0433883 1.87848e-06 0.000414525 0.0153996 0.0266751 0.00013668 0.0044792 0.00928549 0.00757022 0.0223125 0.000166153 0.173065 3.5521e-05 0.196599 
0.00586835 0.405433 0.0119344 2.21604e-08 3.31454e-05 0.0746259 0.155072 1.5556e-05 9.89129e-08 7.29686e-08 0.00080087 0.0537036 2.98242e-06 0.290621 0.000374203 0.00151482 
0.0157935 0.41396 0.00462991 0.00024204 0.0492064 0.305522 0.0385788 0.0441107 8.80197e-05 4.5268e-05 0.0123561 0.019184 0.00132082 0.0502665 1.62457e-06 0.0446949 
0.0557963 0.492483 0.241661 6.50234e-09 0.000359818 0.0181513 0.0277242 0.00020509 0.000511167 4.06793e-08 0.0132263 0.0458972 0.0605083 0.0175334 0.00300184 0.0229414 
