0.00212624 0.0186334 0.101362 0.00647778 0.000643207 0.0605886 0.050046 8.36739e-08 0.020011 9.20729e-05 3.06794e-08 0.000624836 0.0407639 0.674325 1.85826e-07 0.0243063 
0.000883377 0.0286691 0.000540048 8.2688e-08 0.260489 0.463772 0.239239 0.000113213 4.92054e-05 0.000362256 4.32241e-08 0.00136503 0.000131534 0.00103102 0.000136402 0.00321839 
0.0046829 0.0131426 0.00566079 5.29047e-06 0.00399098 0.8273 0.00413915 1.10882e-06 0.00470713 1.26112e-06 5.90363e-07 2.00739e-06 9.37399e-05 0.135087 5.04613e-05 0.00113499 
2.22893e-06 0.000443009 0.0257679 0.00346411 5.57284e-06 0.928715 0.00526221 0.00239847 0.0032315 5.97047e-07 2.79494e-07 1.75485e-06 0.000208751 0.0304249 3.0799e-05 4.29385e-05 
0.00106733 0.0144325 0.0147851 1.50058e-06 9.24955e-05 0.968301 5.15449e-05 1.03471e-05 1.7781e-05 4.68195e-06 7.84408e-07 0.000383836 1.29903e-05 3.4419e-06 6.73095e-06 0.000827837 
0.00563554 0.00101308 0.00413811 5.82523e-11 0.924918 0.00859959 0.0034992 6.954e-06 3.22905e-11 5.17525e-05 3.04506e-11 0.000105261 8.43604e-06 0.0180574 2.52685e-05 0.0339414 
0.00277887 0.332147 0.377844 5.18056e-07 4.93648e-08 0.0092509 0.0879998 1.21032e-07 0.0212504 0.000406718 1.37395e-12 0.00453392 8.25991e-06 0.149131 0.000547669 0.014102 
0.00597689 0.0849043 0.0504725 3.17538e-06 2.01473e-05 0.00558471 0.193243 3.38756e-07 0.000405167 0.595647 2.95505e-08 0.0067404 5.09098e-05 0.0376206 2.60569e-07 0.0193303 
0.00218564 0.0253916 0.0566925 4.8773e-06 1.29657e-05 0.054179 0.671323 3.18663e-09 0.000968577 0.00515537 1.69664e-09 0.0337557 7.97635e-06 0.148561 3.98122e-05 0.00172264 
0.00104501 0.0436353 0.1536 0.0118163 0.112102 0.334687 0.140286 1.17348e-08 0.1025 2.38537e-07 8.30857e-11 0.0434602 3.78191e-05 0.0337383 4.70181e-06 0.0230881 
1.43181e-07 5.80066e-05 0.00549573 2.43828e-06 4.32282e-10 0.000665256 0.915094 5.33328e-10 3.26506e-06 0.000106664 2.83956e-10 0.0749596 1.59852e-08 0.00237303 3.84105e-05 0.0012037 
0.0172736 0.0101494 0.0278851 0.000160814 0.0227869 0.030889 0.123845 0.000152674 0.00900503 0.00062479 1.41099e-05 0.000405163 0.0548495 0.697743 0.000402986 0.00381224 
0.0209683 0.0585812 0.0482103 0.000153841 2.14259e-10 0.000648343 0.0673027 2.64341e-10 0.163713 0.000455422 1.40742e-10 0.00172414 1.12306e-05 0.630222 2.92835e-05 0.00798019 
0.0965315 0.11383 0.0134089 3.21758e-05 8.85339e-05 0.773057 0.00026259 3.64712e-05 2.52212e-05 2.17045e-05 4.29585e-06 4.60097e-06 2.01463e-05 0.000300893 6.82055e-05 0.00230809 
0.199837 0.0511528 0.00587569 6.27324e-11 1.35168e-05 0.0730144 0.0511173 6.15912e-11 0.000404151 0.000815595 3.27926e-11 0.00770115 0.000555853 0.453567 0.155946 4.4151e-07 
0.0421772 0.0301848 0.0599035 0.00180616 0.000559262 0.00946633 0.590858 4.37154e-06 0.0582516 0.000210023 8.75662e-10 0.0465462 8.9521e-08 0.156399 4.72086e-06 0.00362909 
0.00574853 0.0148127 0.00515016 9.71473e-05 1.91067e-07 0.89505 0.027705 0.0330342 0.0155471 5.26886e-07 2.3006e-10 0.000547509 0.00202509 1.60588e-06 0.000139904 0.000139999 
0.0724037 0.0206505 0.0306643 0.000472527 4.11825e-06 0.0217463 0.00693676 0.00257606 0.000206587 1.07851e-05 1.49236e-09 0.000161678 1.18854e-05 0.0206144 5.82693e-05 0.823482 
0.17049 0.163968 0.249376 4.7007e-07 0.0015728 0.021396 0.0629894 5.50742e-05 0.0070842 0.0006715 2.83791e-07 0.00210944 0.234706 0.0753563 0.000937184 0.00928712 
0.00409518 0.00028445 0.109221 0.000391201 8.37688e-06 0.00085832 0.110099 3.74522e-09 1.76233e-07 1.95182e-05 1.99404e-09 7.08952e-05 1.05116e-07 0.774704 1.28262e-07 0.000247358 
0.0239185 0.392232 0.11506 0.000264567 0.00200122 0.0237478 0.0188336 0.000178046 0.00973993 0.000415104 1.71947e-05 0.000656556 0.0834907 0.284456 0.000190273 0.0447985 
1.43181e-07 5.80066e-05 0.00549573 2.43828e-06 4.32282e-10 0.000665256 0.915094 5.33328e-10 3.26506e-06 0.000106664 2.83956e-10 0.0749596 1.59852e-08 0.00237303 3.84105e-05 0.0012037 
0.0238369 0.278521 0.16321 2.9829e-05 1.97085e-07 0.0092997 0.249324 0.0194525 8.07029e-05 7.47678e-05 9.56384e-12 0.0015923 0.16409 0.0727769 0.00238746 0.0153229 
0.00164342 0.00211192 7.80156e-06 0.0127897 1.73605e-06 2.52381e-06 0.012096 4.03048e-10 5.65217e-06 0.963516 2.14592e-10 1.4414e-05 1.7689e-05 0.00129958 0.000589414 0.0059046 
3.30872e-05 0.00242314 0.0043405 3.51369e-09 2.79617e-09 0.722352 0.136256 5.5881e-07 0.000183755 5.44671e-05 1.83674e-09 0.00288941 4.12583e-07 0.131445 8.94224e-06 1.23975e-05 
0.00137805 0.000758275 0.236256 0.000367908 3.55545e-07 3.07741e-07 0.00332655 8.8477e-07 0.0179871 0.000168092 1.19481e-09 2.11547e-05 1.14804e-06 0.678237 1.57476e-09 0.0614968 
0.00116438 0.000416965 0.000518616 0.000586149 0.0125474 0.000520415 0.881284 4.46056e-07 0.000113994 0.0117581 1.43986e-07 0.0149811 0.0187229 0.0468276 0.00365651 0.00690171 
0.00568868 0.110955 0.0522686 0.00661881 2.97022e-06 0.00281184 0.351435 4.16857e-05 1.08985e-07 2.52986e-06 1.02832e-09 0.000361391 3.13592e-05 0.454132 0.0156395 1.09614e-05 
0.00927385 0.233373 0.0772475 3.19763e-08 1.41432e-08 0.0513662 0.346734 5.6655e-07 1.74211e-07 0.0113702 3.72171e-09 0.253556 0.000672517 0.0127315 5.76159e-07 0.00367391 
0.00244765 0.209894 0.00282739 0.000131202 0.000622933 0.370798 0.00409044 0.0018221 0.0133709 0.00104679 2.89765e-05 0.00017436 0.000218832 0.00640285 8.06937e-05 0.386043 
0.00085427 0.0046547 0.00320466 1.32969e-07 1.05816e-07 0.00101036 0.10986 1.3055e-07 0.805545 1.73215e-05 6.95078e-08 0.00234252 4.27989e-06 0.0640128 8.06178e-05 0.00841338 
0.00275235 0.00720047 0.0704129 0.00328609 0.000673856 0.0167196 0.643405 6.92714e-05 0.0103788 0.000526578 2.09841e-05 0.000439526 0.0028325 0.216696 0.00277659 0.0218088 
0.00277887 0.332147 0.377844 5.18056e-07 4.93648e-08 0.0092509 0.0879998 1.21032e-07 0.0212504 0.000406718 1.37395e-12 0.00453392 8.25991e-06 0.149131 0.000547669 0.014102 
0.000747349 0.0313869 0.262546 0.000233927 0.000338706 0.493065 0.0115309 5.10138e-06 0.000200434 0.000223933 1.85459e-09 0.000137735 3.70157e-07 0.0899434 6.83874e-05 0.109572 
1.43181e-07 5.80066e-05 0.00549573 2.43828e-06 4.32282e-10 0.000665256 0.915094 5.33328e-10 3.26506e-06 0.000106664 2.83956e-10 0.0749596 1.59852e-08 0.00237303 3.84105e-05 0.0012037 
0.00314436 0.022144 3.12592e-06 3.80273e-10 1.11999e-06 0.195954 0.280196 7.47083e-07 0.163635 0.000107985 1.98782e-10 3.42434e-05 0.000107061 0.321693 2.61995e-10 0.0129788 
0.00293105 0.119245 0.0931023 1.70562e-09 0.000590428 0.573461 0.110061 0.00250319 2.16283e-06 0.00243846 8.91589e-10 0.00159196 0.0301766 0.0551722 2.34619e-06 0.0087217 
0.00929964 0.0175439 0.0538198 0.000383575 2.99579e-05 0.00669872 0.0159856 0.894271 3.15033e-08 6.18471e-05 5.53033e-09 4.87793e-08 7.82532e-09 4.84637e-08 3.98396e-05 0.00186605 
0.00692984 0.000137843 0.0115999 3.92472e-05 0.00109244 0.000836639 0.475428 1.71651e-05 0.0183766 4.42297e-05 8.11525e-06 0.137585 6.88655e-05 0.335659 0.00732396 0.00485364 
0.0513154 0.400678 0.270445 3.33557e-05 8.97851e-06 0.0781852 0.0210218 2.01339e-05 9.0597e-05 4.33779e-06 1.07271e-07 0.000732964 0.00136039 0.174326 4.43595e-06 0.0017735 
0.0183601 0.0932265 0.0192851 0.000924302 6.82561e-05 0.00400639 0.0431548 0.000268929 0.0010523 0.000118521 1.13421e-05 0.00141472 0.0318212 0.531619 0.00165062 0.253018 
9.11284e-07 0.104416 0.0103814 5.98655e-08 0.00753199 0.822873 0.0113514 0.000599513 0.000135734 6.68492e-08 3.12939e-08 0.000147589 3.54685e-05 0.0422846 4.12453e-08 0.000242392 
1.43181e-07 5.80066e-05 0.00549573 2.43828e-06 4.32282e-10 0.000665256 0.915094 5.33328e-10 3.26506e-06 0.000106664 2.83956e-10 0.0749596 1.59852e-08 0.00237303 3.84105e-05 0.0012037 
0.23836 0.0456622 0.0344613 0.117642 0.000657969 0.00182577 0.113925 0.00021044 0.00142351 0.00910367 1.17337e-06 0.00231807 1.03181e-05 0.192753 2.1287e-06 0.241643 
0.134593 0.00199495 0.0612161 0.00207486 4.34327e-06 1.74791e-05 0.0230368 3.16256e-06 0.523916 6.16143e-05 1.21578e-07 0.0302109 0.0393996 0.0882293 0.000249305 0.0949925 
7.19828e-08 0.127365 0.00183759 0.214978 2.28213e-11 1.38269e-07 0.159861 2.81558e-11 0.000160592 3.20229e-11 1.49908e-11 0.00609614 4.41618e-09 0.487779 1.97578e-11 0.00192241 
0.00705393 0.0136175 0.0372696 0.0332562 1.65276e-05 0.00493728 0.24958 5.06632e-06 0.0112859 3.27877e-05 1.01765e-06 0.00347954 0.00338817 0.497056 3.85713e-06 0.139017 
0.000477019 7.90543e-07 0.0340551 1.68622e-08 2.18742e-05 0.00917649 0.00204172 0.000421499 6.09197e-05 0.00855839 8.81452e-09 2.5991e-07 2.59929e-05 0.70959 1.49356e-05 0.235555 
6.26973e-05 6.9773e-06 0.00054067 3.207e-06 2.5521e-06 0.737288 4.4319e-05 0.0960844 1.77771e-06 0.0739715 1.67642e-06 2.06272e-05 0.000222208 0.000152731 0.00532983 0.0862667 
6.99361e-06 0.0175582 0.0580549 1.59634e-09 6.84735e-05 0.352056 1.08225e-05 1.5673e-09 0.127877 1.37275e-05 8.34466e-10 1.57573e-06 7.70648e-07 0.444348 2.75066e-06 1.37102e-06 
2.51776e-05 0.000202125 0.999731 3.23551e-09 1.03249e-06 1.32159e-05 4.96667e-06 3.17664e-09 1.79351e-09 3.61295e-09 1.69132e-09 1.13359e-06 6.79608e-06 9.68172e-06 3.7918e-06 8.28147e-07 
0.00176413 0.150303 0.0036336 6.43634e-05 5.04142e-07 0.582049 0.102027 0.00071396 0.0908609 5.44273e-07 4.38774e-07 0.0125477 5.57998e-07 0.0500825 0.00334587 0.00260584 
0.0118297 0.0114864 0.113444 7.70511e-09 2.13963e-06 0.654172 0.11977 7.56493e-09 0.0193635 8.60396e-09 4.02775e-09 0.00465301 1.14403e-06 1.64234e-08 4.2114e-05 0.0652361 
0.00346425 0.00159972 1.19534e-06 1.38044e-05 4.52701e-05 3.17243e-07 0.202336 1.90621e-10 4.19839e-07 2.16802e-10 1.01491e-10 0.0148035 0.000204137 0.77751 1.33765e-10 2.11371e-05 
1.43181e-07 5.80066e-05 0.00549573 2.43828e-06 4.32282e-10 0.000665256 0.915094 5.33328e-10 3.26506e-06 0.000106664 2.83956e-10 0.0749596 1.59852e-08 0.00237303 3.84105e-05 0.0012037 
9.4828e-05 0.0782744 0.389835 3.15492e-06 0.00801564 0.126874 0.0729906 3.68876e-09 0.0121585 1.45812e-06 1.96398e-09 5.79988e-07 4.14267e-05 0.100235 2.58853e-09 0.211475 
0.00378587 0.000526639 7.14638e-05 6.13194e-06 0.0583879 0.00033569 0.770785 1.00201e-07 0.000123106 0.00377055 2.14384e-08 0.0908332 7.4107e-07 0.000422699 0.0305489 0.0404024 
0.00597689 0.0849043 0.0504725 3.17538e-06 2.01473e-05 0.00558471 0.193243 3.38756e-07 0.000405167 0.595647 2.95505e-08 0.0067404 5.09098e-05 0.0376206 2.60569e-07 0.0193303 
0.0144451 1.27803e-05 1.67745e-05 2.98486e-05 2.84423e-06 6.80712e-06 0.071948 1.53543e-10 0.0375004 0.82878 8.17497e-11 0.00624095 1.15985e-08 0.023615 0.00293492 0.0144665 
0.000513442 0.0131327 0.000288036 1.66951e-11 4.40428e-06 1.72044e-08 0.966473 1.63914e-11 1.94045e-07 4.90747e-05 8.72714e-12 0.000682376 6.62261e-09 0.00112015 9.64039e-08 0.0177364 
0.00680923 0.0156149 0.106437 2.3563e-07 4.14841e-08 1.30145e-08 0.00326386 1.21325e-07 1.02073e-06 8.74126e-12 4.09202e-12 7.46673e-05 1.98598e-05 0.861856 5.39328e-12 0.0059236 
1.60449e-07 0.00535866 0.606313 1.88651e-05 1.06378e-07 0.0313393 0.335938 3.76314e-10 0.00190987 0.000226342 2.00358e-10 1.04119e-07 6.51181e-08 0.0164635 2.64072e-10 0.0024316 
0.00356309 0.0181411 0.253987 0.0782725 0.0006388 0.0439708 0.010423 0.000139738 0.560353 1.68744e-07 4.09725e-10 1.31584e-08 0.00029067 0.0141626 5.40018e-10 0.0160573 
0.00137952 0.000759111 0.127476 0.000369967 5.21102e-07 6.03082e-07 0.00332809 1.54551e-06 0.017997 0.000169761 2.42379e-09 2.13282e-05 1.1998e-06 0.819028 3.19455e-09 0.0294672 
0.00250341 0.412867 0.283886 6.79772e-06 6.48418e-07 0.131187 0.0493395 9.76064e-10 0.105068 1.89988e-05 5.19679e-10 4.12946e-07 2.91323e-07 0.00183778 4.99605e-07 0.0132829 
0.0434328 0.030927 0.0590916 5.02629e-05 0.0016581 0.00159407 0.0205259 0.000173853 0.00601399 0.174923 4.28696e-05 0.0201281 0.000182312 0.0970116 0.000523498 0.543721 
0.012106 0.0151616 0.0129192 0.0587295 0.00249694 0.0105482 0.055064 8.00723e-10 0.0301841 2.62312e-06 4.26324e-10 0.000877213 3.72782e-05 0.801824 5.61894e-10 4.96914e-05 
0.000815761 0.0331694 0.0473567 0.000123605 0.00137989 0.614132 0.0545421 0.00504541 0.00196314 0.0147134 5.16879e-05 0.00589782 0.00296613 0.187295 0.00588054 0.0246677 
0.0303947 0.102184 0.0509276 2.05135e-05 8.50027e-05 0.665471 0.0415074 0.012273 0.000178153 6.38215e-05 8.12816e-06 0.0482917 0.000122333 0.043862 0.000823267 0.00378702 
0.000191452 0.0609419 0.0170805 1.13985e-07 3.65685e-08 0.0342014 0.633151 2.68448e-08 0.0138304 9.3759e-05 7.45439e-11 0.068704 5.72956e-08 0.15744 9.82488e-11 0.0143659 
0.0169701 0.0432959 0.139395 1.45159e-06 0.0356118 0.461717 0.121492 4.94469e-10 0.0289914 0.0370456 2.63267e-10 2.3976e-07 1.17314e-07 0.109982 4.18641e-07 0.00549592 
0.00240844 0.108838 0.0982926 0.000413425 7.30919e-05 0.0259946 0.0318658 6.71091e-05 0.0044324 0.000166182 5.19917e-05 0.0601244 0.022733 0.635095 0.000179572 0.00926351 
1.43181e-07 5.80066e-05 0.00549573 2.43828e-06 4.32282e-10 0.000665256 0.915094 5.33328e-10 3.26506e-06 0.000106664 2.83956e-10 0.0749596 1.59852e-08 0.00237303 3.84105e-05 0.0012037 
0.00346273 1.02578e-07 0.0744244 0.647091 0.000288457 0.000830964 0.000988999 2.10481e-09 0.0032599 6.35489e-07 1.12065e-09 1.26182e-07 2.08975e-06 0.0264293 3.61613e-06 0.243218 
0.00133795 0.0122149 0.0182872 2.67444e-06 0.0754561 0.0927681 0.463055 1.93959e-09 0.008793 9.22488e-06 1.03268e-09 0.000450013 5.18073e-07 0.305562 0.00228991 0.0197731 
0.10562 0.10646 0.0242726 0.00076973 0.000183211 0.00410193 0.0479212 0.000102471 0.00152019 0.000971116 0.000102234 0.00167905 0.000370611 0.637066 0.062317 0.00654222 
0.00415316 0.55514 0.00211161 2.99557e-11 0.255725 0.116357 0.000993062 0.00519296 0.00103657 6.43014e-08 1.5659e-11 2.1017e-09 0.000262518 0.000179894 3.28049e-05 0.0588155 
0.00156077 0.051156 0.00609382 6.52777e-05 1.0287e-05 0.81717 0.0931223 0.000109563 0.0108355 0.000111862 2.96978e-08 0.000818663 4.22936e-05 0.0175746 3.91417e-08 0.00132945 
0.0131213 0.0104096 2.48647e-07 3.51079e-07 2.02102e-07 0.19084 0.269263 0.000338662 0.0228485 1.3014e-07 5.99068e-08 0.00142628 0.108219 0.374954 5.78104e-07 0.0085789 
0.00264749 0.00728516 0.0307424 2.61695e-05 1.8424e-05 0.000629381 0.0364994 1.02378e-05 0.00110431 1.24843e-05 2.05397e-07 0.00124722 2.95248e-05 0.0665017 1.73252e-05 0.853228 
0.000946323 0.0319325 0.0703498 0.00360074 0.00563916 0.101741 0.456018 0.000663902 0.0284723 0.0149551 0.000434931 0.00132877 0.0141768 0.243702 0.00127115 0.0247686 
0.0256853 0.00378813 0.00722026 0.00246496 0.000203749 0.0317759 0.61825 5.44952e-05 0.00212052 0.000988076 3.85458e-05 0.000851774 0.0497794 0.232239 0.000350262 0.0241893 
3.45188e-05 0.000162547 0.134479 3.7688e-07 2.99918e-07 0.0640421 0.0924264 0.550999 0.000223795 4.20846e-07 1.97009e-07 6.60273e-06 7.69516e-06 0.157457 2.59658e-07 0.000159907 
0.00537605 0.043207 0.121789 0.523454 0.00553598 0.0218873 0.0564542 0.00338171 0.0753327 0.000151749 4.91946e-05 0.0109884 0.0741742 0.055898 0.000652075 0.00166844 
0.00225499 0.300628 0.0513417 2.43895e-11 1.94089e-11 0.139443 0.191924 0.00269653 2.23088e-07 2.31522e-07 1.27493e-11 0.00693778 7.66459e-05 0.300969 0.00372684 7.7844e-07 
0.0114448 0.0194564 0.149864 0.000735442 2.50765e-05 0.0193753 0.114862 0.000378997 0.0322662 0.489935 1.91937e-06 0.000371735 1.12612e-05 0.105219 0.00276628 0.0532875 
0.00249424 0.055887 0.0503352 6.9628e-05 3.32184e-05 0.285691 0.406107 1.13307e-06 2.6344e-05 4.45438e-06 1.04923e-08 7.10025e-05 9.57001e-07 0.112803 1.38289e-08 0.0864752 
0.0113562 0.00701572 0.0442565 4.63357e-08 5.31706e-05 0.000497138 0.720994 0.000105309 0.0164283 0.000690068 2.15038e-08 0.00137662 0.0658468 0.0948829 0.00244286 0.0340539 
0.158258 0.197877 0.29697 0.0360245 0.00221912 0.0864186 0.0476315 3.73421e-05 0.00329426 0.00139862 3.20668e-06 0.00374721 0.00299919 0.115662 8.33426e-05 0.0473752 
0.046554 0.00695498 0.0793959 1.66733e-05 1.47606e-05 4.23268e-06 0.797463 3.09983e-07 0.000944718 0.000450612 2.32603e-07 0.00144695 0.00050353 0.0412086 0.000210346 0.0248314 
0.000270543 0.0103556 4.8336e-06 0.000134393 0.00231955 0.804293 0.169814 0.000417474 2.41528e-08 3.43808e-06 2.27766e-08 0.00500939 5.49493e-05 0.00259924 0.00367672 0.00104664 
1.43181e-07 5.80066e-05 0.00549573 2.43828e-06 4.32282e-10 0.000665256 0.915094 5.33328e-10 3.26506e-06 0.000106664 2.83956e-10 0.0749596 1.59852e-08 0.00237303 3.84105e-05 0.0012037 
0.233021 0.056403 0.0603218 3.25111e-07 0.00112911 0.00190611 0.0106241 0.00158904 2.86946e-05 6.38519e-07 2.05909e-07 0.000105688 0.0853987 0.506798 2.87111e-06 0.0426703 
1.43181e-07 5.80066e-05 0.00549573 2.43828e-06 4.32282e-10 0.000665256 0.915094 5.33328e-10 3.26506e-06 0.000106664 2.83956e-10 0.0749596 1.59852e-08 0.00237303 3.84105e-05 0.0012037 
1.43181e-07 5.80066e-05 0.00549573 2.43828e-06 4.32282e-10 0.000665256 0.915094 5.33328e-10 3.26506e-06 0.000106664 2.83956e-10 0.0749596 1.59852e-08 0.00237303 3.84105e-05 0.0012037 
0.00611545 0.0311276 0.754138 2.35769e-05 0.00395707 0.174866 0.0261174 8.98019e-05 4.50004e-05 6.82291e-05 1.42414e-05 0.000174307 0.000140806 0.00228958 3.69401e-05 0.000796328 
0.00168776 0.00636933 0.00453228 4.15644e-10 4.82153e-06 0.000118632 0.000407687 4.08082e-10 2.304e-10 4.64132e-10 2.17273e-10 0.00112942 2.27815e-07 0.0144589 2.97174e-08 0.971291 
5.04815e-06 0.0855301 0.128973 6.97614e-08 9.10002e-06 0.71472 0.0291553 0.000772276 0.000147592 7.78995e-08 3.64669e-08 8.06625e-06 0.000266034 0.0385178 4.80633e-08 0.00189496 
0.0216358 0.0106734 0.203852 0.00651404 0.0217977 0.586942 0.0538578 0.000562362 0.0126176 0.000100376 3.3141e-06 0.000987154 0.00742663 0.0574146 0.000200548 0.0154148 
6.94119e-06 0.00728835 0.0421579 0.000105437 2.92236e-08 0.744591 0.0402037 9.99164e-08 0.00105164 6.96971e-07 2.45091e-08 0.00378234 1.99063e-07 0.0861411 1.33133e-07 0.0746699 
0.00560868 0.168191 0.136785 7.05424e-06 0.00773044 0.315005 0.160283 8.39749e-08 0.0109516 0.000325816 1.86639e-09 0.00111159 3.09464e-05 0.175504 0.000709584 0.0177571 
0.00275235 0.00720047 0.0704129 0.00328609 0.000673856 0.0167196 0.643405 6.92714e-05 0.0103788 0.000526578 2.09841e-05 0.000439526 0.0028325 0.216696 0.00277659 0.0218088 
0.00198269 0.0670474 0.0169131 0.000632514 0.00716021 0.0142921 0.703953 0.000230215 0.0586516 0.00203572 2.34533e-06 0.0484205 7.71176e-06 0.0521891 0.0129688 0.0135126 
5.47432e-08 0.00504159 0.76317 7.73659e-05 0.0109445 0.10107 0.0906381 5.04277e-07 0.00835134 0.00078022 5.06257e-08 0.00210694 6.29674e-07 0.0153486 2.16287e-06 0.00246868 
0.00597689 0.0849043 0.0504725 3.17538e-06 2.01473e-05 0.00558471 0.193243 3.38756e-07 0.000405167 0.595647 2.95505e-08 0.0067404 5.09098e-05 0.0376206 2.60569e-07 0.0193303 
0.0425627 0.183727 0.0501485 8.5084e-05 0.00144388 0.0352421 0.0705649 0.000511573 0.0672746 0.000324426 6.78581e-05 0.00456092 0.00281627 0.525286 9.836e-05 0.0152853 
0.00394906 0.0410625 1.61701e-06 9.61944e-08 0.00119809 0.0330219 0.843191 5.03181e-08 0.00049062 0.0119395 3.07043e-08 0.0354716 0.000268997 0.0243376 0.00453508 0.000532236 
1.83455e-06 0.0528493 0.160215 4.56769e-06 6.43404e-09 0.393662 0.00727115 7.93799e-09 2.4192e-06 3.19602e-06 4.22637e-09 6.6759e-05 1.61157e-06 0.384732 5.57035e-09 0.00119013 
0.00603474 0.0482676 0.0180686 1.92354e-08 5.17583e-05 0.683794 0.140094 5.02924e-06 5.5225e-05 2.14793e-08 1.0055e-08 0.000293642 0.000860146 0.100331 1.32525e-08 0.00214505 
0.0126695 6.29811e-06 0.244621 2.67697e-08 5.33255e-06 0.671758 0.0491717 0.00230282 4.85285e-06 2.98925e-08 1.39935e-08 3.74281e-06 1.00614e-05 0.0122742 0.00608483 0.00108757 
0.0025603 0.00614032 0.0398537 0.00661252 0.00119014 0.00470537 0.0877455 1.08709e-07 0.000748197 3.26635e-05 6.57332e-09 0.000235388 7.06045e-06 0.82975 0.00236622 0.0180526 
0.00331942 0.0214183 0.0219316 2.45388e-09 0.26256 0.378936 0.00444779 1.56094e-06 4.01446e-06 0.0905231 1.28273e-09 3.70122e-06 3.80508e-06 0.216313 6.24277e-05 0.000475879 
0.334636 0.00631552 0.0115453 7.17501e-07 7.40687e-07 0.593219 0.0536049 4.66353e-06 2.88017e-06 1.02615e-05 4.05467e-07 1.41034e-06 0.000655296 1.55323e-06 1.25567e-06 6.76531e-07 
4.88751e-05 0.0536696 0.0467225 2.3699e-06 0.00675871 0.831975 0.0360264 6.11314e-05 0.00509282 0.0131282 1.50403e-08 0.000111551 6.14112e-05 0.00361056 0.000248171 0.00248281 
0.000146325 0.00476116 0.00134752 5.62943e-09 6.54657e-05 5.21485e-05 0.000271207 5.52701e-09 3.12051e-09 6.28614e-09 2.94271e-09 0.00142238 4.68329e-05 0.00666879 6.05707e-06 0.985212 
0.000860325 0.00058191 0.02308 1.04633e-05 4.41043e-05 0.0172363 0.00459321 7.8906e-06 0.00986224 4.28993e-06 2.88307e-07 1.39011e-05 0.00301041 0.94031 0.00013221 0.000252341 
0.0217108 0.00992847 0.0539363 6.38282e-07 0.289936 0.616825 0.00105529 3.93892e-06 6.51337e-05 7.12742e-07 3.33654e-07 2.78671e-06 0.000304493 0.00238749 1.47278e-06 0.0038412 
0.0027298 0.000757055 0.0150149 0.00278253 2.83915e-08 0.000183804 0.915867 7.30124e-09 0.00135774 0.000101506 1.72917e-11 0.0295417 2.5354e-06 0.0294014 0.000203048 0.00205681 
3.1351e-06 0.000237249 2.03715e-06 0.982864 2.04874e-08 5.06612e-06 9.48625e-06 6.61908e-07 1.42708e-08 1.23192e-07 1.34577e-08 0.00013383 3.02525e-06 3.03364e-06 1.77372e-08 0.0167386 
0.00270951 0.000382061 0.14967 0.00912681 1.5315e-06 0.00272476 0.00371863 5.30935e-08 0.685064 2.60089e-05 2.82682e-08 5.67042e-07 4.5e-06 0.0578881 1.28341e-05 0.0886702 
0.000539679 0.0838324 0.00863956 0.0053688 3.57261e-05 0.438673 0.322414 0.00356217 0.0270648 0.00522827 1.65388e-06 0.00204158 4.87861e-06 0.101814 2.74157e-05 0.000751977 
0.0150245 0.0150669 0.013382 1.56419e-05 0.613862 0.0231421 0.055764 1.31768e-07 0.0106855 3.11911e-08 1.46014e-08 2.73846e-06 4.64365e-07 0.200965 0.000851011 0.0512377 
0.00692033 0.00114353 0.0846681 0.506695 5.96165e-06 0.00480613 0.0750412 1.43544e-05 0.000882768 3.07737e-05 1.51931e-07 9.5209e-05 2.15832e-05 0.116213 7.38984e-06 0.203455 
2.35121e-06 0.0101062 0.101545 1.53506e-06 8.83672e-07 0.305851 0.0159871 0.00113932 0.0345758 0.00153694 1.10986e-11 2.51453e-07 0.0592118 0.405267 2.52771e-06 0.0647729 
5.80227e-05 8.08752e-05 0.000152103 2.97481e-07 4.53145e-05 0.99916 5.74964e-06 2.92069e-07 1.649e-07 0.000124049 1.55504e-07 5.94304e-06 3.71838e-05 0.000205729 3.32275e-05 9.12034e-05 
0.00143945 0.0266793 0.0111505 0.00846103 0.000206921 0.0891145 0.720472 0.00188196 0.00377914 4.22236e-05 6.31842e-07 0.00123753 0.000158754 0.129115 7.62021e-05 0.00618502 
0.000773112 0.0112964 0.0749906 0.00311221 9.66731e-05 0.747744 0.048421 0.000623769 0.00225374 0.000176619 1.04374e-07 0.000926996 9.02019e-05 0.103541 5.0095e-07 0.00595336 
4.48736e-06 0.304112 0.0987826 3.07714e-10 3.69788e-06 3.88016e-06 0.0694653 3.02116e-10 1.70573e-10 6.53205e-07 1.60854e-10 0.0051546 5.24874e-06 0.522282 6.78627e-07 0.00018557 
0.00859969 0.140669 0.013408 0.00371716 0.00034798 0.486192 0.16522 0.000333177 0.0912994 0.0089453 3.73034e-05 0.0296068 0.000257912 0.0259412 0.000852155 0.0245725 
0.0163174 0.107697 0.0377468 8.8486e-08 0.000294581 0.818671 0.00026726 8.75405e-06 0.000107959 0.000714342 4.62549e-08 0.000291504 0.000224056 0.0112505 0.000120917 0.00628806 
0.00567499 0.0519204 0.121446 0.50898 0.00530072 0.0259428 0.0410798 0.00175336 0.0795132 8.79425e-05 5.80237e-05 0.00993703 0.0852464 0.0611886 0.000172511 0.0016976 
1.17629e-06 5.54678e-07 4.89226e-07 2.13519e-06 2.93014e-05 0.998547 0.000386914 1.68921e-06 4.27369e-07 2.57723e-09 1.20647e-09 4.07789e-07 0.000516099 8.88609e-05 0.000424727 2.52037e-08 
0.000235684 3.73358e-05 0.015778 1.19281e-06 0.00350761 5.446e-05 0.0357983 3.40723e-06 0.00676286 0.000178429 8.39991e-07 8.95687e-06 0.000109516 0.114526 0.00019496 0.822802 
0.10397 0.0993934 0.0100675 1.65015e-05 1.62836e-06 0.661687 0.0189918 0.0567299 2.64886e-05 6.98226e-09 3.26858e-09 0.000176721 2.1676e-05 0.0412274 0.00296152 0.00472926 
2.00155e-07 0.000398324 0.00037251 4.97805e-09 3.96149e-09 0.418947 0.00010443 4.88748e-09 2.75944e-09 0.0132527 2.60221e-09 2.27432e-05 8.90214e-06 0.329239 3.84162e-05 0.237616 
0.00681717 0.00730179 0.0381131 0.000140846 4.41088e-05 0.907921 0.0200347 6.89505e-06 0.00110853 5.76382e-08 2.6982e-08 0.000625326 0.000124235 0.0170742 1.40933e-05 0.000673631 
0.00170237 0.0144271 0.0675654 0.000593821 1.39283e-05 0.00930235 0.638132 0.0157375 0.0438511 0.00483959 6.20121e-07 0.000902612 0.00116956 0.168499 0.0249585 0.00830503 
0.0433433 0.0515436 3.19721e-06 3.33186e-10 2.65146e-10 0.388348 0.0773657 3.92876e-07 0.104357 2.37747e-05 1.74169e-10 5.59549e-06 0.000215892 0.334784 3.90264e-06 5.41153e-06 
0.000478683 0.0946085 0.235271 3.14104e-05 0.00178328 0.106185 0.318116 0.0477973 0.0674071 0.00337647 6.49578e-09 0.0591913 1.74571e-07 0.064657 2.96546e-07 0.00109585 
0.0100145 0.0516462 0.0289278 2.24563e-10 1.19109e-06 0.12216 0.493369 6.1484e-07 0.0103278 0.000794341 1.17387e-10 0.000959882 2.12667e-05 0.277501 0.000397753 0.0038783 
1.43181e-07 5.80066e-05 0.00549573 2.43828e-06 4.32282e-10 0.000665256 0.915094 5.33328e-10 3.26506e-06 0.000106664 2.83956e-10 0.0749596 1.59852e-08 0.00237303 3.84105e-05 0.0012037 
0.0027298 0.000757055 0.0150149 0.00278253 2.83915e-08 0.000183804 0.915867 7.30124e-09 0.00135774 0.000101506 1.72917e-11 0.0295417 2.5354e-06 0.0294014 0.000203048 0.00205681 
0.295869 0.018327 0.15216 1.28056e-08 1.90697e-05 1.38932e-05 0.0160721 1.25727e-08 0.30138 1.29376e-05 6.69398e-09 5.43521e-06 3.99869e-07 0.210761 0.000210686 0.00516923 
0.026877 0.122532 0.115359 0.010011 0.00718942 0.0330737 0.208845 0.00843326 0.0964684 0.00194478 0.00136223 0.0217102 0.00304491 0.255135 0.0092457 0.0787685 
0.0259748 0.0415918 0.0622646 5.54954e-05 0.724311 0.0594062 0.0391515 6.77292e-05 0.00699402 0.00346366 4.86148e-05 0.0276047 0.000105149 0.00743049 0.000127477 0.00140239 
0.00617481 5.49255e-05 0.00384223 0.000254075 3.19886e-05 0.881861 0.0630493 1.63553e-07 4.5574e-05 1.86017e-07 8.70796e-08 1.14562e-05 5.29028e-06 0.036345 1.14771e-07 0.00832354 
2.08445e-06 0.0433068 0.302277 2.97363e-09 2.36639e-09 0.34405 0.111402 2.91953e-09 0.0486869 3.32053e-09 1.55443e-09 0.000112238 1.83532e-05 0.129441 2.09109e-05 0.0206836 
9.97518e-07 0.279977 0.230403 1.14179e-09 5.19035e-07 0.375732 0.0493333 1.12102e-09 6.01578e-06 4.9749e-07 5.96855e-10 5.97284e-07 0.000159475 0.0174698 1.00931e-06 0.0469168 
4.0659e-05 0.0926813 1.37558e-05 1.83826e-10 1.46287e-10 0.827661 0.0590058 3.62769e-08 1.01899e-10 0.000349762 9.60928e-11 8.39847e-07 0.000394808 0.0144575 0.00539213 2.19308e-06 
0.00100956 0.0122851 0.114103 3.87151e-06 0.00681434 0.0526078 0.0357151 0.000319753 0.00983883 0.0529269 2.06752e-06 0.000897162 4.16191e-05 0.203882 0.49697 0.0125838 
0.00929964 0.0175439 0.0538198 0.000383575 2.99579e-05 0.00669872 0.0159856 0.894271 3.15033e-08 6.18471e-05 5.53033e-09 4.87793e-08 7.82532e-09 4.84637e-08 3.98396e-05 0.00186605 
0.00188413 0.0260965 0.0389043 1.66422e-09 0.00188349 0.925423 1.24012e-06 5.50992e-06 9.22511e-10 1.85836e-09 8.69948e-10 0.000153609 4.32273e-07 0.00206872 1.14659e-09 0.00357872 
1.43181e-07 5.80066e-05 0.00549573 2.43828e-06 4.32282e-10 0.000665256 0.915094 5.33328e-10 3.26506e-06 0.000106664 2.83956e-10 0.0749596 1.59852e-08 0.00237303 3.84105e-05 0.0012037 
0.00298521 0.0168954 0.221478 0.00038758 0.02027 0.0184107 0.073854 2.62737e-07 0.0338885 0.00245069 1.39887e-07 0.0127883 5.73962e-05 0.593148 1.08024e-05 0.00337484 
0.00897594 0.0225416 0.0125814 0.0504865 3.88861e-06 0.0048116 0.0501266 9.35858e-10 0.00235633 1.44629e-07 4.98273e-10 0.000651494 1.02221e-05 0.84738 6.56723e-10 7.4493e-05 
0.00147081 0.00358879 0.00355579 1.49256e-07 3.07397e-07 0.00109714 0.821306 4.86427e-08 0.0242246 0.000118245 3.47802e-08 0.00785229 3.90789e-08 0.0144518 0.120638 0.00169548 
1.43181e-07 5.80066e-05 0.00549573 2.43828e-06 4.32282e-10 0.000665256 0.915094 5.33328e-10 3.26506e-06 0.000106664 2.83956e-10 0.0749596 1.59852e-08 0.00237303 3.84105e-05 0.0012037 
0.00904896 0.0113526 0.0586899 0.638857 0.00675409 0.0315063 0.0314838 0.000509576 0.00186527 0.002761 0.000138481 0.00805474 0.000519676 0.0827111 0.000251617 0.115496 
2.41386e-05 0.00401902 0.0294091 0.000429497 8.35494e-06 0.906978 0.0296934 8.54067e-07 0.00406156 9.71372e-07 4.54725e-07 2.0519e-05 1.30246e-05 0.0233756 2.51634e-05 0.00194029 
0.00374559 0.370546 0.0179688 0.000155368 6.38167e-05 0.0780429 0.304646 8.56021e-06 0.0200322 0.00961029 1.30664e-07 0.0423373 4.32502e-06 0.0285602 4.95919e-06 0.124273 
0.00160653 0.0225019 0.00488478 2.98464e-07 1.7182e-07 0.0336782 0.00399888 2.21304e-07 0.00498206 0.000344759 1.79384e-11 3.35514e-05 0.0114903 0.912834 0.00119972 0.00244433 
0.000366594 0.00157499 0.335004 0.322469 2.1064e-07 0.00182248 0.0228448 2.59878e-07 0.000102881 7.29286e-05 1.38365e-07 0.000250981 1.03023e-05 0.297348 1.82365e-07 0.018132 
1.43181e-07 5.80066e-05 0.00549573 2.43828e-06 4.32282e-10 0.000665256 0.915094 5.33328e-10 3.26506e-06 0.000106664 2.83956e-10 0.0749596 1.59852e-08 0.00237303 3.84105e-05 0.0012037 
0.00240844 0.108838 0.0982926 0.000413425 7.30919e-05 0.0259946 0.0318658 6.71091e-05 0.0044324 0.000166182 5.19917e-05 0.0601244 0.022733 0.635095 0.000179572 0.00926351 
0.000154255 0.0384993 0.0672742 0.0140287 0.00177175 0.728685 0.0539242 9.54723e-06 0.0022971 0.0145323 5.83129e-07 8.16967e-06 7.64463e-05 0.0756345 9.59407e-07 0.0031031 
0.000497854 0.314124 0.0900471 0.00336532 0.000693542 0.160599 0.130372 0.000275964 0.00390582 8.44578e-05 8.48983e-06 0.00196163 0.00499519 0.273539 5.8338e-05 0.0154714 
1.93386e-06 0.0290328 0.2909 4.17354e-06 0.000228651 0.203423 0.12501 6.70161e-09 0.0967517 9.35254e-05 3.56809e-09 0.0249562 4.99845e-06 0.11845 4.70274e-09 0.111143 
0.00597689 0.0849043 0.0504725 3.17538e-06 2.01473e-05 0.00558471 0.193243 3.38756e-07 0.000405167 0.595647 2.95505e-08 0.0067404 5.09098e-05 0.0376206 2.60569e-07 0.0193303 
9.53562e-06 0.0188275 0.309054 6.12459e-08 1.48532e-08 0.42817 0.00520888 6.59126e-06 0.109493 6.38974e-07 9.75674e-09 3.11811e-05 0.00107775 0.124544 1.28594e-08 0.00357728 
0.0557284 0.00772678 0.0373599 0.000284529 0.730663 0.00777072 0.0585407 0.000494037 0.0182408 0.000250721 0.000201089 0.00455858 0.0456264 0.0301821 0.000683775 0.00168896 
0.0199518 0.0145943 0.131611 1.04095e-06 1.21982e-06 0.355234 0.079516 0.014629 0.0221783 0.0556963 6.265e-10 0.00146958 0.000791449 0.0135062 1.43353e-06 0.290818 
7.72613e-05 2.01174e-08 1.12943e-07 1.22734e-07 7.90311e-08 0.000247252 0.997523 5.29922e-11 2.9919e-11 6.46385e-08 2.82143e-11 0.00101673 1.06605e-06 2.67907e-07 0.00109968 3.45761e-05 
1.43181e-07 5.80066e-05 0.00549573 2.43828e-06 4.32282e-10 0.000665256 0.915094 5.33328e-10 3.26506e-06 0.000106664 2.83956e-10 0.0749596 1.59852e-08 0.00237303 3.84105e-05 0.0012037 
0.00608245 0.0204398 0.624962 0.000422641 0.0015637 0.0809462 0.173879 0.000148415 0.00252555 7.70707e-05 1.30853e-05 0.0265391 3.47033e-05 0.0378634 0.000144675 0.0243579 
0.00761722 0.214231 0.337298 0.0201278 8.78282e-11 0.0149871 0.0189508 1.08358e-10 2.07297e-07 1.23241e-10 5.76923e-11 1.17429e-07 5.40836e-08 0.350845 2.47929e-07 0.0359434 
0.00650135 0.0744637 5.94697e-07 0.0631369 2.93133e-10 1.42225e-06 0.0201771 3.61652e-10 4.77802e-07 4.11324e-10 1.92552e-10 3.39083e-06 4.54455e-08 0.835468 2.53783e-10 0.000247396 
4.43644e-05 0.204185 0.0139454 7.56123e-06 3.30613e-09 0.751921 0.00791442 0.00960536 4.21494e-05 3.89148e-05 2.17172e-09 2.94667e-06 3.44924e-05 1.82777e-05 4.25312e-06 0.0122357 
0.00435184 0.0442322 0.0711994 8.87327e-07 1.28129e-05 0.00963693 0.00289753 6.55e-08 0.000209043 7.45696e-06 3.5816e-08 3.67428e-05 3.84105e-05 0.148579 0.000437366 0.71836 
0.0144451 1.27803e-05 1.67745e-05 2.98486e-05 2.84423e-06 6.80712e-06 0.071948 1.53543e-10 0.0375004 0.82878 8.17497e-11 0.00624095 1.15985e-08 0.023615 0.00293492 0.0144665 
0.0144312 0.0690434 0.00240731 0.00337031 8.88425e-05 0.0800917 0.61536 4.46313e-05 0.0188173 0.00122585 7.8277e-06 0.00623928 8.46202e-06 0.170868 0.00170416 0.016292 
0.0404835 0.0139806 0.157221 6.96931e-07 2.57093e-07 0.0242515 0.218208 1.23353e-06 0.000741285 8.11846e-05 9.46087e-11 0.0105627 0.119782 0.40856 8.79786e-06 0.00611831 
1.69396e-06 0.861741 2.16543e-06 9.73245e-10 3.91906e-05 0.114872 6.22533e-07 0.0137673 1.56507e-06 1.08678e-09 5.08751e-10 2.63525e-07 9.67031e-07 2.3447e-06 2.5487e-06 0.00956776 
0.00613975 0.0315924 0.657011 1.14267e-05 0.000388502 0.0779314 0.0137761 0.000620585 0.125798 4.8701e-05 1.16259e-06 0.00609417 2.22405e-05 0.0702093 1.8737e-05 0.0103363 
0.000387246 4.56077e-05 0.000479895 4.94159e-07 3.93248e-07 0.329317 0.661054 4.85169e-07 0.000897955 5.51806e-07 2.58315e-07 8.22329e-05 0.0006135 0.00699666 3.40459e-07 0.000123845 
0.0142523 0.0512745 0.0242963 0.00875973 0.00454158 0.0203077 0.457705 0.000994736 0.013173 0.00305928 0.000925459 0.0894551 0.0024742 0.0608512 0.242502 0.00542755 
0.00611186 0.0151713 0.00851269 0.0344097 0.000146443 0.00334043 0.0335965 8.68264e-08 0.001978 5.50376e-06 4.62284e-08 0.000528248 1.6407e-05 0.896117 6.0929e-08 6.61958e-05 
0.134658 0.026805 0.0157016 1.36335e-08 1.17764e-06 9.03538e-05 0.0581217 3.85211e-06 0.00127695 5.62975e-05 7.12671e-09 0.0802976 2.72486e-05 0.673312 0.0095891 5.88133e-05 
0.121754 0.0761587 0.0142647 0.000364228 0.00123123 0.0477807 0.0388094 0.001013 0.00533351 0.000116145 0.000112575 0.000295146 0.00212968 0.66753 0.000172813 0.0229333 
0.0135746 0.00223813 9.48885e-07 9.83318e-06 1.04613e-10 0.306301 0.418371 2.96982e-07 3.71711e-07 4.41848e-08 6.87179e-11 0.240621 1.15695e-07 1.41372e-06 2.89914e-07 0.0188801 
0.00252039 0.336897 0.0499653 0.000378877 0.000508385 0.157154 0.189042 0.000986229 0.000190993 0.000293763 7.30377e-05 0.0324828 0.0761623 0.136662 0.00101402 0.0156684 
0.00774919 0.260492 0.0720258 6.95215e-07 6.56682e-05 0.208094 0.249718 0.000116925 8.42873e-09 0.000353835 7.94847e-09 9.23345e-07 2.20989e-06 0.169407 1.04761e-08 0.031974 
4.37889e-06 0.113384 0.0133122 1.93068e-09 1.53642e-09 0.823102 7.22748e-06 4.49225e-05 1.82525e-06 2.03332e-06 1.00924e-09 7.89755e-05 0.000243937 0.00307547 4.2023e-07 0.0467419 
1.43181e-07 5.80066e-05 0.00549573 2.43828e-06 4.32282e-10 0.000665256 0.915094 5.33328e-10 3.26506e-06 0.000106664 2.83956e-10 0.0749596 1.59852e-08 0.00237303 3.84105e-05 0.0012037 
6.91221e-07 0.332182 0.0715129 1.35236e-06 9.56655e-07 0.17934 0.00318574 3.6872e-10 2.08177e-10 4.19364e-10 1.96315e-10 1.79404e-07 1.83336e-06 0.0521073 2.58743e-10 0.361667 
2.53919e-06 6.70792e-06 1.2728e-05 3.42976e-09 4.36972e-06 0.304381 4.46055e-06 3.36737e-09 9.525e-07 3.82987e-09 1.79286e-09 0.000121367 3.90332e-07 0.670062 2.36299e-09 0.0254033 
0.00830005 0.00832067 0.00471301 0.000371881 0.000179824 0.72105 0.225514 0.000187938 0.0129898 2.98127e-06 5.58589e-07 0.000273419 0.000155872 0.0175171 0.000144796 0.00027862 
0.00597689 0.0849043 0.0504725 3.17538e-06 2.01473e-05 0.00558471 0.193243 3.38756e-07 0.000405167 0.595647 2.95505e-08 0.0067404 5.09098e-05 0.0376206 2.60569e-07 0.0193303 
9.37971e-07 0.0165104 0.0176545 2.50304e-06 4.04086e-05 0.958509 0.000193744 1.34827e-06 3.41686e-07 4.14525e-09 1.9405e-09 4.7801e-07 0.000258735 0.00594576 0.000213372 0.00066867 
0.00240935 0.000123056 0.0488737 0.129216 0.00272386 0.138322 0.0473782 0.00018049 0.00390111 3.07105e-06 7.55612e-08 4.53266e-06 0.0344996 0.573511 1.99232e-05 0.0188335 
0.00728603 0.244279 0.0559966 5.51427e-05 0.000810522 0.505444 0.132253 1.57359e-05 0.0259312 0.00056884 1.79475e-07 0.0127986 4.81637e-05 0.00834156 0.000220379 0.00595057 
0.00212624 0.0186334 0.101362 0.00647778 0.000643207 0.0605886 0.050046 8.36739e-08 0.020011 9.20729e-05 3.06794e-08 0.000624836 0.0407639 0.674325 1.85826e-07 0.0243063 
0.00590826 0.0515468 0.223398 0.00290238 0.0898228 0.0458551 0.210137 5.49915e-06 0.00799515 0.000479979 4.52153e-08 0.34151 0.00127377 0.0186068 0.00054959 9.19185e-06 
1.43181e-07 5.80066e-05 0.00549573 2.43828e-06 4.32282e-10 0.000665256 0.915094 5.33328e-10 3.26506e-06 0.000106664 2.83956e-10 0.0749596 1.59852e-08 0.00237303 3.84105e-05 0.0012037 
2.17051e-05 0.0307736 0.0589479 1.58513e-06 1.26143e-06 0.901204 0.00872987 3.40157e-05 6.28767e-05 1.27668e-05 8.28603e-07 0.000151297 3.64408e-06 1.2319e-05 2.19314e-05 1.9952e-05 
0.00504221 0.0341992 0.228554 0.0727295 0.00110966 0.0454946 0.147105 7.53785e-08 0.0261279 0.00209702 5.27882e-08 0.000208301 0.0247103 0.391095 0.000432546 0.0210957 
0.0415406 0.0192566 6.71377e-07 6.00964e-10 0.00210472 0.872061 0.00277215 1.1221e-06 0.0163657 2.90553e-06 3.14146e-10 3.33522e-07 0.000125525 0.0455411 0.000227252 1.65853e-08 
0.00104501 0.0436353 0.1536 0.0118163 0.112102 0.334687 0.140286 1.17348e-08 0.1025 2.38537e-07 8.30857e-11 0.0434602 3.78191e-05 0.0337383 4.70181e-06 0.0230881 
1.43181e-07 5.80066e-05 0.00549573 2.43828e-06 4.32282e-10 0.000665256 0.915094 5.33328e-10 3.26506e-06 0.000106664 2.83956e-10 0.0749596 1.59852e-08 0.00237303 3.84105e-05 0.0012037 
0.00270722 0.0779644 0.0161645 0.000312463 0.00995147 0.0170426 0.384476 1.09134e-05 0.0329524 0.000252685 5.66746e-06 0.218469 7.70879e-06 0.0754856 0.163169 0.0010284 
1.43181e-07 5.80066e-05 0.00549573 2.43828e-06 4.32282e-10 0.000665256 0.915094 5.33328e-10 3.26506e-06 0.000106664 2.83956e-10 0.0749596 1.59852e-08 0.00237303 3.84105e-05 0.0012037 
0.00175217 0.0814766 0.254789 0.00264922 0.00478259 0.13394 0.160633 0.000280969 0.0174697 0.000795827 8.38692e-05 0.0431429 0.000173496 0.217197 0.0365375 0.0442962 
8.01104e-07 0.000439881 0.0358976 2.18005e-06 1.17015e-06 0.354969 0.408356 4.97648e-10 2.86617e-06 5.65999e-10 2.64959e-10 4.43846e-07 1.15227e-07 3.2516e-06 3.49216e-10 0.200327 
8.92458e-06 0.127557 0.344162 0.00181882 0.00368028 0.342717 0.00665471 0.00134504 0.00622852 0.00225055 3.24701e-06 0.000145192 0.020599 0.132163 8.15876e-05 0.0105852 
0.00597689 0.0849043 0.0504725 3.17538e-06 2.01473e-05 0.00558471 0.193243 3.38756e-07 0.000405167 0.595647 2.95505e-08 0.0067404 5.09098e-05 0.0376206 2.60569e-07 0.0193303 
0.000695819 2.70517e-05 0.000298642 9.30662e-06 0.00169801 0.00514657 0.841127 4.24657e-07 0.0261361 3.62891e-05 2.20858e-08 0.0499149 0.00735155 0.0647392 9.42169e-07 0.0028177 
0.0147115 0.00237242 0.022075 0.000805453 0.000154533 0.00369168 0.881381 1.79135e-05 0.00362539 0.00190609 2.51627e-06 0.00190471 1.13036e-05 0.0604824 0.000234468 0.00662321 
0.00555308 0.0328366 0.0202953 0.000373145 0.0149232 0.0588389 0.697057 0.00616415 0.0176297 0.00210276 2.88546e-05 0.0990764 3.92997e-05 0.0339693 0.00228131 0.0088306 
0.00175679 0.0330238 0.0536732 2.51965e-10 7.87735e-09 0.00118733 0.0546645 1.07944e-06 0.00137479 0.00970084 1.31711e-10 0.000105397 3.83967e-05 0.556253 1.73595e-10 0.288221 
0.0104884 0.00358985 0.359413 0.00502687 0.00129668 0.00650849 0.0761886 2.45308e-09 0.0488694 0.002165 1.30608e-09 0.000194035 2.39502e-06 0.134416 0.000145935 0.351696 
0.00424787 0.00211098 0.00152173 2.95813e-08 3.43178e-06 8.9942e-06 0.868136 3.64487e-09 0.00471649 7.57677e-05 1.94062e-09 0.0926597 1.65923e-06 0.0155791 0.00905934 0.00187847 
0.00442093 0.0217516 0.000717341 1.14729e-08 9.3248e-06 0.541422 0.00254101 0.00524754 1.42969e-06 1.51469e-06 5.99729e-09 3.6694e-06 3.00053e-06 0.00102815 3.18095e-06 0.422849 
0.0609031 0.00666689 0.0407189 2.68648e-06 1.54649e-06 0.0246359 0.412596 0.00119713 3.34291e-06 9.95838e-07 1.94233e-11 4.40062e-07 0.00012937 0.453137 4.42368e-06 3.2021e-06 
0.000792693 0.000772212 0.00731836 0.000136679 2.38369e-05 0.888042 0.00603467 1.6761e-06 0.0343671 1.90631e-06 8.92396e-07 5.28886e-05 0.000616512 0.0561411 7.70874e-05 0.00561994 
0.321445 0.0530084 0.153822 0.000261859 0.000172085 0.00115118 0.0200393 0.000214568 0.000605324 1.39641e-05 1.20101e-07 0.000113186 5.82992e-06 0.382814 5.44722e-05 0.0662779 
0.0694181 0.000258659 0.109415 0.00633854 0.000890322 0.0128487 0.31322 4.2035e-06 0.000853966 5.72627e-05 3.94367e-08 0.000162199 0.0200373 0.347771 9.64465e-05 0.118628 
0.0027298 0.000757055 0.0150149 0.00278253 2.83915e-08 0.000183804 0.915867 7.30124e-09 0.00135774 0.000101506 1.72917e-11 0.0295417 2.5354e-06 0.0294014 0.000203048 0.00205681 
1.43181e-07 5.80066e-05 0.00549573 2.43828e-06 4.32282e-10 0.000665256 0.915094 5.33328e-10 3.26506e-06 0.000106664 2.83956e-10 0.0749596 1.59852e-08 0.00237303 3.84105e-05 0.0012037 
