0.00122375 0.254637 0.656898 1.33984e-06 0.000552572 0.00686014 0.0478372 1.31547e-06 0.0177675 0.00537575 7.00384e-07 2.13279e-07 3.80258e-07 0.00469889 9.23106e-07 0.00414432 
0.000213825 0.000859011 0.000554588 1.52632e-07 1.21463e-07 0.99446 2.51925e-05 0.00335654 2.43739e-05 1.70438e-07 0.000107635 2.42963e-08 0.000207757 5.9001e-05 5.39204e-05 7.79924e-05 
0.212765 0.0457909 0.109119 0.000465273 2.45998e-05 0.000539267 0.000322953 1.89316e-05 0.0131527 9.93063e-05 6.19952e-06 4.86563e-09 1.1866e-06 0.170706 0.000123952 0.446864 
2.29745e-07 1.42156e-07 4.8143e-07 1.45363e-10 1.00652e-06 1.58357e-07 0.993178 1.42718e-10 8.05778e-11 1.6232e-10 7.59866e-11 2.31392e-11 4.12552e-11 0.0068198 2.10416e-07 2.65571e-11 
5.94288e-05 4.76845e-06 0.0872856 1.54198e-06 0.00230806 0.891187 0.000122632 1.51393e-06 8.35113e-05 1.72186e-06 5.92659e-05 2.45456e-07 0.000116902 3.14875e-05 1.06237e-06 0.0187349 
0.000134129 0.000538938 0.000146607 0.000235257 0.000328333 0.327301 0.332562 0.00340443 0.00147977 1.068e-05 4.9996e-06 1.52246e-06 2.71442e-06 0.00101971 0.000156531 0.332674 
6.43221e-10 0.000678057 0.0242057 3.21551e-09 2.55888e-09 0.808914 0.0137837 5.25434e-06 8.21746e-06 1.80251e-06 0.00257543 5.11853e-10 5.49761e-07 0.149331 2.21538e-09 0.0004965 
2.86958e-05 3.05304e-05 0.29487 6.96338e-09 0.000120254 0.703424 3.41448e-05 6.8367e-09 5.67454e-05 7.77571e-09 3.64002e-09 1.10845e-09 8.30231e-06 0.00141116 4.79754e-09 1.5649e-05 
0.000592587 0.000596412 0.851716 2.32829e-05 1.85283e-05 0.00123577 0.00434045 2.28593e-05 1.29062e-05 2.5999e-05 1.21708e-05 3.70622e-06 6.60788e-06 0.14081 1.60411e-05 0.000566782 
0.0137542 0.0272615 0.381472 2.29896e-06 0.000296077 0.0251505 0.00723291 0.00234377 0.0091787 0.0079089 0.34797 1.867e-07 0.00229944 0.0657666 0.0002708 0.109092 
8.18711e-07 0.00409182 0.391087 2.63445e-05 0.00306319 0.389563 0.140911 1.41068e-09 0.0048618 3.10874e-07 0.0163721 2.28716e-10 0.000880261 0.0480837 9.89919e-10 0.001059 
0.00129023 0.0953406 0.0329038 0.0100567 0.00114742 0.3916 0.0100339 1.13896e-05 0.188284 2.12132e-06 0.0849843 1.05281e-06 0.013072 0.0990733 2.93948e-06 0.0721972 
0.0845222 0.0730649 0.00780178 0.000124726 0.000128003 0.712346 0.0218711 4.07543e-06 9.5708e-05 1.56279e-06 0.00462193 4.87664e-07 1.03279e-05 0.088611 1.67934e-06 0.00679472 
0.0110253 0.21318 0.0453022 0.00260274 0.000197265 0.153887 0.0164345 0.390756 0.0212098 5.42564e-05 0.00690615 4.33358e-06 0.0424257 0.0352346 0.0555865 0.00519387 
0.000757752 0.0117049 9.77103e-06 4.87351e-06 0.0748561 0.00242585 0.000176346 0.000118122 2.70149e-06 5.44204e-06 4.64335e-05 7.75778e-07 2.07425e-05 0.909776 3.35769e-06 9.10011e-05 
0.000287807 0.000296768 0.00144315 0.987636 0.00018636 0.00392506 0.000559774 5.62187e-06 0.00342241 6.39402e-06 2.99321e-06 9.11485e-07 1.6251e-06 0.00142354 3.94505e-06 0.000797858 
0.00125418 0.00916456 0.965302 4.97558e-07 0.00110906 0.0105574 0.00127294 9.81899e-05 0.00187577 0.00100064 0.00449984 7.92025e-08 1.41211e-07 0.00189648 0.00113159 0.000836385 
0.0675695 0.0793709 0.0253252 0.000804771 0.00321861 0.69915 0.0254641 0.00349495 0.000884253 3.72228e-05 0.039674 3.40723e-05 0.000313289 0.0281731 7.82518e-05 0.0264082 
0.000223201 0.121355 0.020692 2.04774e-05 3.48077e-05 0.0154082 0.00423626 5.13364e-07 2.89842e-07 0.391664 0.0047401 2.77638e-07 0.000121688 0.0151488 2.44652e-05 0.426329 
9.73675e-07 2.5645e-06 0.0955405 3.18366e-06 2.5035e-09 2.49583e-06 0.173471 2.10233e-06 0.0670303 3.51292e-09 3.32679e-06 5.00776e-10 6.94406e-07 0.475122 2.16744e-09 0.18882 
0.00396295 0.0122424 0.118187 0.00736871 0.00177073 0.0179258 0.14163 1.25805e-10 0.000898277 7.25548e-08 0.0297357 2.03971e-11 3.85178e-08 0.659409 0.00642823 0.000441956 
0.0871319 0.0935961 0.0412095 6.97185e-05 9.4498e-05 0.135288 0.0361527 0.000108233 0.000721109 4.70879e-05 0.540903 2.37808e-05 0.0138719 0.0450255 0.00106167 0.0046959 
0.00115409 0.0366584 0.0157552 0.000243986 1.40855e-05 0.00279781 0.000746278 1.0355e-05 0.000509092 1.20559e-05 4.21444e-05 4.65787e-06 2.60391e-05 0.0209906 7.95413e-06 0.921027 
0.0104894 0.136545 0.0410201 0.0649149 0.00423707 0.0726154 0.027553 0.496223 0.0013668 0.000141263 0.0140302 0.000128573 0.00105599 0.0602514 0.000159967 0.0692685 
1.19942e-09 0.0342957 1.38499e-05 5.99597e-09 1.43623e-06 0.64297 0.16404 5.88689e-09 3.12462e-05 1.67453e-05 3.13431e-09 9.54453e-10 1.70171e-09 8.4092e-06 4.13102e-09 0.158623 
0.000433423 0.00154177 0.10919 0.000629566 1.66592e-06 0.0609091 0.00140256 1.76926e-07 0.818063 2.01226e-07 2.61413e-05 2.86853e-08 1.14361e-05 0.00631801 2.02318e-05 0.00145259 
0.0637536 0.0251073 0.159539 0.0487881 1.82585e-05 0.00580444 0.00372157 0.00139593 3.02376e-05 2.95356e-05 0.596761 1.69693e-05 7.14793e-05 0.0446423 0.000247544 0.0500734 
0.0092855 0.0396129 5.39753e-08 5.17472e-11 0.000846978 0.189593 0.000401272 1.71282e-07 0.00111581 5.77838e-11 0.000393358 8.23724e-12 4.92084e-08 0.75779 0.000146581 0.000814665 
0.000283716 0.343843 0.152716 7.41475e-07 0.000306394 0.28408 0.0155378 7.27986e-07 0.182658 9.11832e-05 4.75285e-05 1.1803e-07 0.000441027 0.0184656 2.47677e-05 0.0015043 
0.000426414 0.00461466 0.0692991 0.000398665 0.000162905 0.906394 0.00294147 7.46753e-05 0.00209279 0.00026243 0.00219791 1.22911e-06 6.08577e-05 0.0107403 5.31977e-06 0.000327134 
1.55584e-05 1.85873e-06 0.147647 3.11606e-05 1.24957e-05 0.351564 0.0321591 4.76657e-07 2.14358e-06 2.02313e-05 1.71727e-05 3.84484e-10 6.85502e-10 0.468529 1.66411e-09 4.41276e-10 
0.000135591 0.866801 0.00806416 1.82013e-11 1.44844e-11 1.90115e-08 0.000124553 1.78701e-11 1.00893e-11 0.0678978 9.51447e-12 2.89732e-12 5.16567e-12 0.056934 1.25401e-11 4.25479e-05 
6.84871e-07 1.29147e-07 6.20792e-07 3.82829e-07 0.995411 0.0045833 2.94823e-07 1.97918e-07 1.11631e-10 2.24876e-10 5.47513e-07 3.20567e-11 5.71543e-11 1.45546e-06 1.38747e-10 1.45699e-06 
0.00710947 0.0077444 0.00161976 1.01297e-06 8.06111e-07 0.547848 0.00265635 0.000216894 0.409968 1.13114e-06 0.00023043 1.61247e-07 2.87489e-07 0.0202497 0.000115728 0.00223743 
0.0159995 0.390314 0.00112452 4.01152e-07 1.91277e-07 0.442484 0.00693656 0.0761092 4.0327e-06 1.15465e-07 0.000543603 9.99914e-09 0.00190555 0.00430835 0.000117978 0.0601526 
0.000145747 0.00569243 6.56823e-05 5.8944e-06 2.81123e-06 0.98929 0.00248311 0.00109395 0.000104075 9.88876e-05 5.52057e-05 5.62332e-07 1.35124e-05 0.000709769 0.000237476 6.45394e-07 
5.62532e-06 0.0976342 0.142733 1.44075e-05 0.55644 0.170766 0.000529164 1.66236e-06 5.35927e-07 4.39669e-07 0.0317926 4.01054e-07 6.75433e-05 9.19758e-07 1.04257e-06 1.28756e-05 
0.00158249 0.972662 0.0019846 4.5203e-07 3.59722e-07 0.015774 0.00148733 4.43807e-07 0.00120299 5.04763e-07 2.36293e-07 7.19552e-08 0.00037217 0.00131497 3.11434e-07 0.00361726 
1.76897e-05 0.00712731 0.000169531 6.45957e-05 0.00140819 0.902597 0.000949437 0.000179159 0.00732739 0.00159884 3.96648e-07 1.20786e-07 2.15351e-07 0.057845 9.26746e-05 0.0206229 
2.39628e-10 0.00912263 0.0134336 1.19792e-09 9.53293e-10 0.0440277 0.901401 1.17612e-09 6.64032e-10 0.00318779 6.26196e-10 1.90687e-10 7.14295e-07 0.0288223 4.12745e-06 2.18854e-10 
0.0443163 0.165994 0.0171875 3.26098e-11 0.00275474 0.4306 0.00967742 9.035e-08 0.00152996 3.50193e-07 0.00205895 5.1909e-12 0.00115939 0.307937 0.000281699 0.0165024 
0.0227289 0.00590194 0.30811 0.000783983 1.47672e-05 0.0102304 0.00015273 0.201503 0.00136288 1.43485e-05 0.388292 1.79701e-06 0.0105919 0.025323 4.8247e-05 0.02494 
6.54903e-09 0.000283932 0.000232702 3.27391e-08 2.86849e-05 0.998605 0.000108653 3.21435e-08 3.99439e-05 3.65583e-08 0.000128372 5.21149e-09 9.29163e-09 0.00034799 7.22021e-05 0.000152528 
0.0748584 0.0130552 0.0472554 0.00190351 0.00401924 0.488663 0.0467883 0.000418139 0.0213205 0.000201298 0.207937 0.000133381 0.0349499 0.0408566 0.00103911 0.0166011 
0.0253608 0.0357806 0.0615309 2.61775e-06 2.7093e-06 0.153143 0.0255044 0.000310619 0.379487 0.000208689 0.00541325 3.79628e-07 1.58027e-06 0.0248742 0.000434217 0.287945 
5.62532e-06 0.0976342 0.142733 1.44075e-05 0.55644 0.170766 0.000529164 1.66236e-06 5.35927e-07 4.39669e-07 0.0317926 4.01054e-07 6.75433e-05 9.19758e-07 1.04257e-06 1.28756e-05 
0.0983038 0.114121 0.4506 0.00288984 0.000445519 0.142181 0.0281921 0.00205309 0.00966921 0.00386138 0.0185247 9.20582e-05 0.000207628 0.0893459 0.0163804 0.0231322 
0.000118494 0.0191087 0.0007749 2.34789e-06 1.86843e-06 0.977999 0.000368763 2.30518e-06 0.000516394 9.6323e-05 1.22733e-06 3.73743e-07 6.66352e-07 0.000188952 1.61762e-06 0.00081773 
1.00679e-07 0.00264088 0.0359189 0.000226502 0.00015922 0.11309 0.000927736 4.94144e-07 0.843736 0.000129547 0.00060264 8.01165e-08 4.29071e-05 0.00194694 3.46757e-07 0.000578374 
0.0145835 0.00195532 0.706898 1.06163e-09 8.44834e-10 0.000918095 0.00996116 0.00128914 0.154074 0.00483814 3.81874e-06 1.68992e-10 3.01299e-10 0.00333159 0.000152678 0.101994 
0.00183247 0.0613607 0.00837948 0.000155989 0.0265774 0.420263 0.0090407 0.396422 0.000433107 0.00251325 0.0594274 2.88183e-05 0.00886708 0.00115575 5.03575e-05 0.00349332 
4.41107e-09 0.0509777 1.14245e-05 2.20513e-08 1.75482e-08 0.947082 6.20567e-05 2.16501e-08 6.35746e-05 2.46237e-08 7.26317e-05 3.51018e-09 0.00163657 1.91382e-05 1.51926e-08 7.45343e-05 
0.0303498 0.124745 0.129641 0.00879145 0.000478303 0.0791668 0.0277169 0.0616275 0.119482 6.4384e-05 0.0309756 1.364e-05 0.00037833 0.191385 5.27917e-05 0.195131 
0.00661148 0.0474406 0.0826429 0.000159745 5.28469e-05 0.0063306 0.122003 8.24493e-09 0.000877272 1.21494e-06 7.58694e-05 1.33677e-09 2.38334e-09 0.729063 1.6171e-06 0.00473979 
0.000747022 0.430084 0.491149 7.07017e-11 5.62638e-11 0.00405581 0.00215864 0.000544954 3.00213e-06 7.89495e-11 1.77437e-07 1.12545e-11 2.00657e-11 0.0712563 9.7471e-08 2.88058e-07 
0.0578234 0.106134 0.037694 8.04536e-09 0.00157596 0.44455 0.0957906 0.000143497 0.000515947 0.000109486 2.05067e-06 3.47771e-10 1.45304e-05 0.17413 0.00057279 0.0809436 
9.21643e-05 0.0221255 0.0773029 2.46543e-09 0.00202347 0.00846077 0.579577 0.00167784 2.3933e-06 0.00118908 1.80298e-05 3.92453e-10 1.16736e-07 0.307511 1.92728e-05 4.00433e-07 
0.0443163 0.165994 0.0171875 3.26098e-11 0.00275474 0.4306 0.00967742 9.035e-08 0.00152996 3.50193e-07 0.00205895 5.1909e-12 0.00115939 0.307937 0.000281699 0.0165024 
0.0253608 0.0357806 0.0615309 2.61775e-06 2.7093e-06 0.153143 0.0255044 0.000310619 0.379487 0.000208689 0.00541325 3.79628e-07 1.58027e-06 0.0248742 0.000434217 0.287945 
3.68728e-10 0.0040203 1.07382e-05 1.84514e-06 2.94843e-07 0.66015 0.0929121 1.80976e-09 4.49687e-06 9.4704e-06 6.6872e-05 2.93421e-10 5.23144e-10 0.242823 1.26997e-09 3.36762e-10 
0.241764 0.00952081 0.509909 4.43341e-06 2.01416e-10 0.00265089 0.00162511 3.97668e-07 0.000755785 0.000119987 0.0129591 4.02894e-11 7.18324e-11 0.15627 5.09327e-05 0.0643692 
0.0351044 0.00406864 0.398028 5.50248e-06 0.0643193 0.0432915 0.00622117 4.06827e-05 0.00292641 0.0162796 0.03472 3.27431e-06 0.000120182 0.035322 0.000225479 0.359324 
7.14126e-06 0.028439 0.52424 0.00859886 0.00658146 0.19297 0.177822 1.43093e-10 0.00212201 1.62746e-10 0.0241415 2.31999e-11 0.00101944 0.0326481 1.00413e-10 0.00141062 
0.0212275 0.0821612 0.0273244 0.601958 9.61692e-07 0.000685711 0.00876146 9.54166e-07 2.06544e-05 2.54158e-07 3.04177e-06 2.30036e-07 4.75123e-07 0.215928 9.847e-05 0.0418282 
5.62532e-06 0.0976342 0.142733 1.44075e-05 0.55644 0.170766 0.000529164 1.66236e-06 5.35927e-07 4.39669e-07 0.0317926 4.01054e-07 6.75433e-05 9.19758e-07 1.04257e-06 1.28756e-05 
3.74666e-06 0.000460501 0.0305333 0.584147 2.02197e-07 2.12361e-06 1.95804e-06 4.07177e-08 0.00719774 4.63102e-08 2.16791e-08 6.60165e-09 3.09193e-06 0.0110226 2.21183e-06 0.366626 
0.00600928 0.103812 0.0746871 0.166487 1.14983e-05 0.357503 0.0759872 2.11101e-05 0.00240787 2.40095e-05 7.23933e-05 7.00629e-09 9.59067e-06 0.145385 3.03243e-08 0.0675835 
0.00104602 0.000122387 5.51193e-05 3.39356e-06 2.70057e-06 0.00454707 0.000447117 3.33182e-06 0.969315 3.78944e-06 5.38755e-05 5.40195e-07 0.000137864 0.00878405 5.62931e-05 0.0154212 
0.00443019 0.0156967 0.849065 1.17645e-06 4.71608e-09 0.00058665 0.0116313 0.000320977 0.0170435 9.01519e-08 0.0108957 2.73568e-11 5.19004e-05 0.07384 5.86589e-05 0.016378 
0.0026287 0.252015 0.502393 0.122328 8.76629e-06 0.000313128 0.0160317 4.20963e-05 0.0124373 0.000829801 0.0022589 6.25961e-07 1.95457e-06 0.0220008 2.60696e-05 0.0666834 
0.00823573 0.00190052 0.00626625 0.0217714 5.7178e-07 0.0122958 0.0133062 7.05434e-07 0.0084042 8.02324e-07 0.921845 1.14373e-07 0.000877051 0.00415032 4.95026e-07 0.000945256 
0.0111427 0.00980293 0.834116 0.000712295 0.000550098 0.0311173 0.0848161 0.000203645 0.00419394 0.000227973 0.00185125 0.000131564 0.00016804 0.0177845 0.000225724 0.00295577 
0.00569431 0.0273871 0.00393339 4.95919e-07 0.00232882 0.943181 0.00125465 4.86897e-07 0.0042887 5.53771e-07 0.00199637 7.89416e-08 0.000591275 0.00510251 3.41672e-07 0.00424028 
5.62532e-06 0.0976342 0.142733 1.44075e-05 0.55644 0.170766 0.000529164 1.66236e-06 5.35927e-07 4.39669e-07 0.0317926 4.01054e-07 6.75433e-05 9.19758e-07 1.04257e-06 1.28756e-05 
0.034736 0.0791777 0.00624576 0.000257414 7.13544e-08 0.659322 0.0922508 0.000259588 0.0222707 1.72642e-05 0.0154723 1.4273e-08 0.000352085 0.08535 8.98014e-07 0.00428743 
0.00131712 0.00517523 0.00375575 3.76148e-05 2.03437e-05 0.744525 0.122805 0.00257877 9.25092e-05 3.66165e-07 2.2108e-05 5.21977e-08 9.3064e-08 0.116388 0.000885915 0.00239676 
0.0443163 0.165994 0.0171875 3.26098e-11 0.00275474 0.4306 0.00967742 9.035e-08 0.00152996 3.50193e-07 0.00205895 5.1909e-12 0.00115939 0.307937 0.000281699 0.0165024 
0.114079 0.0190328 0.707348 0.00226888 0.000656882 0.00267104 0.00129091 0.0351899 6.48242e-05 6.84498e-05 0.0705776 3.88575e-05 0.00719986 0.0147183 0.00190824 0.0228869 
0.0227289 0.00590194 0.30811 0.000783983 1.47672e-05 0.0102304 0.00015273 0.201503 0.00136288 1.43485e-05 0.388292 1.79701e-06 0.0105919 0.025323 4.8247e-05 0.02494 
0.0154384 0.142225 0.0415873 0.001469 0.00901237 0.67845 0.0520843 0.000925872 0.00494472 0.00071617 2.35965e-07 5.63642e-11 0.000308978 0.0470431 5.56379e-07 0.00579416 
0.00218169 0.0532038 0.093212 0.000715306 0.00014023 0.0922888 0.0127109 0.000244872 0.000604528 0.000793395 0.0775176 3.93616e-05 0.609437 0.0513349 0.000714074 0.00486149 
0.0787926 0.00828989 1.6843e-05 9.36371e-09 6.31107e-06 0.469598 0.265845 1.69774e-05 1.44279e-05 1.0456e-08 4.89476e-09 1.49054e-09 4.29032e-06 0.177394 2.07298e-05 1.58043e-06 
0.000135591 0.866801 0.00806416 1.82013e-11 1.44844e-11 1.90115e-08 0.000124553 1.78701e-11 1.00893e-11 0.0678978 9.51447e-12 2.89732e-12 5.16567e-12 0.056934 1.25401e-11 4.25479e-05 
3.14207e-08 4.30025e-08 1.12225e-07 0.855141 5.20609e-11 1.37028e-11 0.0358683 6.42301e-11 0.00188888 7.3052e-11 3.41976e-11 1.04138e-11 1.85668e-11 0.107102 4.50724e-11 9.32374e-08 
0.000168649 0.000249269 0.00110695 3.74687e-08 2.98173e-08 0.996377 0.000526679 3.67871e-08 2.07697e-08 0.000133929 1.95863e-08 5.96436e-09 1.06339e-08 0.000269758 2.58147e-08 0.00116782 
0.0004444 0.0202752 0.0618571 0.00749904 7.36546e-07 0.771506 0.0256223 9.25035e-07 0.0317303 7.97887e-05 0.00769008 5.02495e-07 6.2272e-05 0.0702419 1.5134e-06 0.00298812 
0.0185691 0.0238555 0.000218926 1.19414e-05 2.954e-05 0.892364 0.0181799 3.31126e-06 0.000626499 3.19709e-06 0.000687932 2.61873e-06 6.27227e-05 0.0339473 5.42256e-05 0.0113834 
0.0175824 0.103564 0.177589 9.80075e-05 1.08427e-05 0.030037 0.0192537 6.10302e-06 8.53391e-05 6.34571e-05 0.598059 1.24783e-06 0.00384879 0.0199764 0.00119485 0.0286301 
0.000805212 0.00311829 0.0145867 3.2107e-07 2.27893e-06 0.00176168 0.956672 0.019293 3.01832e-11 0.000184132 0.00143457 8.66758e-12 2.90051e-06 0.0019112 3.07199e-08 0.000227684 
0.103707 0.000535584 0.503433 1.13362e-09 4.54322e-06 0.360826 0.00144753 9.36205e-06 1.79014e-05 0.0243371 0.00234787 1.80452e-10 1.00605e-06 0.00274165 3.57797e-05 0.000555058 
0.0103774 0.0398415 0.00135091 3.6904e-05 1.04788e-05 0.939429 7.83894e-05 8.25908e-05 2.81464e-05 3.66016e-06 0.000210398 4.94686e-08 2.53535e-06 0.00791386 1.67947e-05 0.000617161 
6.07102e-06 0.00347839 0.0208464 3.07761e-05 5.4577e-09 0.269068 0.392177 6.73344e-09 0.0285988 1.69488e-05 6.3562e-06 1.09171e-09 1.94642e-09 0.285766 4.72508e-09 5.17494e-06 
0.00477011 0.00564935 0.173935 0.0716498 1.7532e-06 0.0242088 0.0367005 2.67473e-05 5.7067e-06 0.0257668 5.49577e-10 1.67356e-10 0.000236573 0.15895 0.000154879 0.497944 
0.000267297 0.00116458 0.176351 9.18057e-09 0.00397144 0.814225 0.00372571 2.06128e-05 0.000262083 7.56947e-06 4.79903e-09 1.46139e-09 1.07435e-06 2.06922e-06 6.32511e-09 1.32109e-06 
0.0010661 0.0373091 0.0831496 2.351e-09 7.67886e-06 0.637921 0.0826699 1.7236e-05 0.00372375 2.32507e-05 0.000176028 3.74237e-10 0.000315701 0.152318 5.508e-06 0.00129738 
0.0443163 0.165994 0.0171875 3.26098e-11 0.00275474 0.4306 0.00967742 9.035e-08 0.00152996 3.50193e-07 0.00205895 5.1909e-12 0.00115939 0.307937 0.000281699 0.0165024 
9.6929e-08 9.10702e-05 0.000694746 4.84556e-07 3.85605e-07 0.981374 4.83096e-05 4.7574e-07 2.686e-07 5.41082e-07 3.09023e-05 7.71327e-08 1.37521e-07 0.0177573 3.33843e-07 4.57897e-07 
5.994e-06 3.14052e-06 3.06637e-06 7.6812e-09 6.11263e-09 0.990777 6.00986e-07 5.05354e-05 4.25786e-09 8.57727e-09 4.01525e-09 1.22271e-09 4.14416e-06 0.00915595 5.29209e-09 1.40332e-09 
0.0067529 0.00109915 0.000821207 1.14681e-06 9.12623e-07 0.984192 0.000503087 1.12595e-06 0.000899989 0.00395325 5.99481e-07 1.82552e-07 3.25475e-07 3.27813e-05 7.90115e-07 0.00174043 
0.00445148 0.0988248 0.0908699 0.0374835 0.00335874 0.511736 0.0377867 0.0976439 0.00983141 0.00527818 0.00286372 0.000380168 0.00147817 0.034258 0.0480015 0.0157539 
0.0134306 0.00416549 0.0902087 0.00501214 2.58713e-07 0.660023 0.0020112 3.19187e-07 0.000782887 0.000346895 1.69942e-07 5.17504e-08 9.22664e-08 0.218456 0.00112581 0.0044365 
0.000497866 0.00021332 0.0165942 0.000386455 8.96236e-08 0.958746 0.000874106 0.0187124 2.75503e-07 5.1485e-07 0.000450178 9.23185e-11 0.00213248 0.00129283 9.96479e-08 9.87733e-05 
5.62532e-06 0.0976342 0.142733 1.44075e-05 0.55644 0.170766 0.000529164 1.66236e-06 5.35927e-07 4.39669e-07 0.0317926 4.01054e-07 6.75433e-05 9.19758e-07 1.04257e-06 1.28756e-05 
0.00385505 0.000868807 0.128165 0.00401762 0.497691 0.338706 0.0228468 0.000147582 2.97386e-07 5.99071e-07 2.80441e-07 8.53991e-08 5.28778e-06 0.00278392 0.000239907 0.000671189 
0.0871319 0.0935961 0.0412095 6.97185e-05 9.4498e-05 0.135288 0.0361527 0.000108233 0.000721109 4.70879e-05 0.540903 2.37808e-05 0.0138719 0.0450255 0.00106167 0.0046959 
0.0108326 0.0243785 0.021118 0.137532 1.05778e-05 0.570162 0.0216824 0.000542971 0.00207683 0.00146755 1.76499e-05 9.01815e-09 0.000727065 0.160688 2.13311e-05 0.0487424 
0.330731 0.0181214 0.24992 1.18377e-07 8.90932e-05 0.000162819 0.000244915 9.12714e-08 0.000436957 2.77729e-05 4.1809e-08 1.01069e-11 2.62302e-08 0.322419 6.05882e-06 0.0778407 
9.29243e-06 0.142479 0.019092 2.68502e-09 2.13671e-09 8.32409e-06 0.838338 2.63617e-09 1.78753e-06 5.39984e-06 2.40023e-05 4.27408e-10 1.67724e-06 2.96394e-05 1.84989e-09 1.08905e-05 
0.00336162 0.00112048 0.239362 0.0164608 0.00018949 0.00162861 0.000183973 3.8033e-05 0.693038 2.20655e-06 0.000871417 2.68767e-07 0.0176832 0.0216228 1.44657e-06 0.00443604 
0.00519522 0.00636502 0.300366 0.00430451 0.000352683 0.00349084 0.00195811 8.30936e-05 0.00874769 0.000167059 0.00100982 3.06467e-08 5.33997e-05 0.224299 0.000211814 0.443396 
0.0137542 0.0272615 0.381472 2.29896e-06 0.000296077 0.0251505 0.00723291 0.00234377 0.0091787 0.0079089 0.34797 1.867e-07 0.00229944 0.0657666 0.0002708 0.109092 
1.16485e-05 6.14833e-06 0.00217826 1.03798e-09 8.26019e-10 0.971706 1.37207e-06 5.50418e-06 0.00357599 1.15907e-09 5.86056e-06 1.65229e-10 2.94589e-10 0.0225019 2.93277e-06 4.24799e-06 
0.000435696 0.00032754 0.000919737 8.64992e-08 2.35783e-07 0.995806 0.00186512 8.68597e-05 2.0586e-08 0.000238234 4.47573e-05 5.91161e-09 2.86066e-05 0.000116563 2.91498e-05 0.000101262 
0.000973356 5.01916e-06 0.00024936 8.33556e-07 4.84112e-06 0.994948 0.0014068 1.5885e-05 4.2676e-06 9.30796e-07 4.35731e-07 1.32687e-07 0.000970957 0.00130607 0.000113246 3.73623e-07 
2.2374e-05 0.00121474 0.788013 0.0313595 0.0168847 0.119709 0.021486 2.89571e-06 0.0025287 0.00532971 9.15461e-05 4.69487e-07 3.49253e-06 0.0125341 9.37369e-06 0.000810264 
0.000251983 0.00211084 0.00050054 0.00687489 0.000618776 0.746666 0.227772 5.08361e-08 4.20293e-05 5.50853e-05 2.70663e-08 8.24216e-09 0.00437882 0.00989317 3.56734e-08 0.000835703 
0.000269173 0.00519214 0.796473 0.0104689 2.12102e-05 0.0430751 0.0360103 1.72596e-06 0.000181261 1.96302e-06 0.000998354 2.79834e-07 4.9892e-07 0.107273 1.21117e-06 3.19532e-05 
1.07603e-07 0.0114581 0.000311623 5.37916e-07 3.88013e-05 0.985843 0.000145518 5.2813e-07 5.37574e-05 6.00668e-07 0.000172144 8.56268e-08 0.000154564 0.000465981 0.00114989 0.00020432 
0.0871319 0.0935961 0.0412095 6.97185e-05 9.4498e-05 0.135288 0.0361527 0.000108233 0.000721109 4.70879e-05 0.540903 2.37808e-05 0.0138719 0.0450255 0.00106167 0.0046959 
5.62532e-06 0.0976342 0.142733 1.44075e-05 0.55644 0.170766 0.000529164 1.66236e-06 5.35927e-07 4.39669e-07 0.0317926 4.01054e-07 6.75433e-05 9.19758e-07 1.04257e-06 1.28756e-05 
0.0344114 0.0756799 0.552155 0.00507457 0.0227937 0.0328722 0.0315662 0.00250291 0.00113057 0.00133262 0.0183169 0.000378543 0.00324119 0.155665 0.000396458 0.0624826 
0.00346557 0.0457047 0.397264 9.31318e-07 6.07768e-07 0.00195346 0.00263861 6.58425e-08 0.000261123 3.85734e-08 3.93448e-11 1.19812e-11 2.13614e-11 0.398877 5.18564e-11 0.149833 
5.91458e-06 7.00809e-07 6.83344e-06 2.57085e-09 2.04586e-09 0.999161 0.000790667 1.76938e-06 1.46798e-05 2.87076e-09 2.70119e-07 4.09234e-10 5.84433e-07 7.65715e-06 1.77123e-09 9.81683e-06 
0.0174227 0.134921 0.0457085 0.0874265 0.00204929 0.351151 0.228305 0.00980594 0.0655225 0.000253005 0.00716653 7.61043e-05 7.90288e-05 0.0448449 0.000348634 0.00491926 
0.0092855 0.0396129 5.39753e-08 5.17472e-11 0.000846978 0.189593 0.000401272 1.71282e-07 0.00111581 5.77838e-11 0.000393358 8.23724e-12 4.92084e-08 0.75779 0.000146581 0.000814665 
0.0104688 0.110806 0.00932257 8.21206e-10 0.000172734 0.468975 0.00873976 0.00047045 0.0442458 4.26261e-06 0.000553808 1.30722e-10 1.30074e-05 0.0906008 5.65784e-10 0.255627 
0.378494 0.0271818 0.185501 1.20345e-07 8.44972e-05 0.000244159 0.000367335 4.93728e-11 0.000655265 4.15902e-05 4.37248e-08 8.00491e-12 2.86661e-08 0.327214 9.06778e-06 0.0802071 
0.0143725 0.041398 0.107101 3.44457e-07 0.00026569 2.46395e-05 0.000380504 4.11097e-07 0.000152127 0.000288528 8.90565e-05 6.43689e-08 0.000118831 0.760782 3.27573e-06 0.0750226 
0.0200738 0.00157281 0.0260471 6.36243e-05 0.0101738 0.609648 0.122327 0.000172017 0.0559587 5.10804e-05 0.00951357 3.03274e-05 0.0155316 0.0762858 0.0493942 0.00315647 
0.011824 1.28592e-05 0.0367405 0.00218445 0.285368 0.504036 0.159073 2.19654e-06 0.000127628 1.61647e-05 1.16949e-06 3.56129e-07 4.23707e-06 0.00033248 1.54138e-06 0.000275206 
2.17201e-05 0.0285144 0.000276992 3.2447e-06 0.000258989 0.948924 0.00417367 3.18567e-06 0.000554552 3.62321e-06 0.000123959 5.16498e-07 9.20872e-07 0.0169842 2.23549e-06 0.000153492 
0.00412178 0.00580249 0.00568281 5.83733e-05 3.16497e-07 0.977611 0.00447101 8.70877e-09 0.000323256 1.85506e-05 0.000539298 1.41197e-09 3.31323e-06 5.66592e-05 6.11123e-09 0.00131162 
8.34434e-05 0.0255873 0.00397569 8.37736e-09 6.66663e-09 0.438648 0.284098 8.22495e-09 0.167983 9.35463e-09 7.06556e-06 1.33353e-09 2.37756e-09 0.00904879 5.77172e-09 0.0705689 
5.62532e-06 0.0976342 0.142733 1.44075e-05 0.55644 0.170766 0.000529164 1.66236e-06 5.35927e-07 4.39669e-07 0.0317926 4.01054e-07 6.75433e-05 9.19758e-07 1.04257e-06 1.28756e-05 
0.00015761 0.00170036 0.210911 4.39967e-05 4.36873e-08 0.0139085 0.10154 5.38992e-08 0.000241562 0.00386419 0.00200996 8.73878e-09 1.55805e-08 0.133046 6.41432e-06 0.532571 
0.0903263 4.98107e-07 0.602353 4.04503e-06 6.66119e-10 6.26463e-07 3.93992e-06 9.13702e-05 0.234934 0.00290696 2.09258e-06 1.33244e-10 2.37563e-10 2.05482e-07 2.52716e-07 0.0693759 
4.0973e-08 0.000132792 0.169388 2.04827e-07 1.63e-07 0.773065 1.24867e-05 4.857e-05 4.27835e-05 6.55556e-05 1.07071e-07 3.26049e-08 5.81317e-08 0.0402828 1.41119e-07 0.0169615 
0.0137542 0.0272615 0.381472 2.29896e-06 0.000296077 0.0251505 0.00723291 0.00234377 0.0091787 0.0079089 0.34797 1.867e-07 0.00229944 0.0657666 0.0002708 0.109092 
7.82016e-10 2.31906e-06 0.00801071 3.90936e-09 4.66686e-05 0.836186 0.155723 5.37738e-06 2.40563e-05 4.36541e-09 2.04357e-09 6.22301e-10 1.10951e-09 1.90016e-06 2.69342e-09 7.14221e-10 
0.0143725 0.041398 0.107101 3.44457e-07 0.00026569 2.46395e-05 0.000380504 4.11097e-07 0.000152127 0.000288528 8.90565e-05 6.43689e-08 0.000118831 0.760782 3.27573e-06 0.0750226 
0.00371885 1.32278e-05 0.00542497 2.68185e-07 2.13419e-07 0.540689 0.228433 0.0436649 5.23385e-05 7.11901e-07 0.00260571 4.26903e-08 7.61131e-08 0.0802812 0.000638614 0.0944769 
6.20778e-06 0.000549474 0.0414451 1.0555e-05 2.71587e-07 0.0240458 0.927688 1.67702e-05 1.42139e-06 3.81091e-07 1.2902e-05 5.43256e-08 2.63745e-06 0.00310079 2.3513e-07 0.00311895 
0.27253 0.119632 0.250428 0.000321419 0.000102473 0.00328351 0.00241219 0.000186455 0.00352229 0.000262375 0.00207233 8.3591e-05 0.00868552 0.236988 0.000102159 0.0993872 
2.9902e-06 0.349317 0.00806719 7.25608e-10 4.0426e-06 0.508865 1.55214e-06 3.06405e-06 1.60929e-06 1.54029e-06 4.58993e-06 1.15504e-10 8.23939e-07 5.39534e-06 9.0936e-05 0.133634 
4.79823e-11 0.00963921 0.280589 2.40107e-07 3.83677e-08 0.335133 0.181293 2.35503e-10 4.38914e-07 0.00221951 8.70201e-06 3.81826e-11 6.80763e-11 0.191109 1.65261e-10 7.49809e-06 
0.000672511 0.0005885 0.0191757 2.71405e-06 2.15982e-06 0.707632 0.00246917 0.000473649 1.50446e-06 3.03066e-06 0.220377 4.32029e-07 7.70271e-07 5.34754e-05 1.86989e-06 0.0485448 
0.0682736 0.135155 9.09307e-05 8.53032e-08 6.44977e-06 3.3777e-05 4.26096e-05 6.61314e-06 6.11908e-06 0.000213707 3.71602e-05 1.35788e-08 0.0410632 0.198909 6.66206e-06 0.556155 
0.00148371 0.00163377 0.083718 0.000614832 0.00122613 0.0282304 0.216627 0.000139044 9.4533e-07 1.90433e-06 0.00451424 2.71467e-07 4.84002e-07 0.657258 1.17495e-06 0.00455031 
0.0750777 0.018263 0.1695 2.61926e-06 1.5084e-06 0.0790972 0.0186972 0.000542001 0.0351194 9.72973e-07 0.0189844 4.29039e-07 0.159869 0.360135 4.31037e-06 0.064705 
0.0528485 0.215396 0.00112097 8.78066e-05 1.13975e-05 0.301647 0.0410571 1.07951e-05 8.0185e-10 0.0252178 0.354166 2.30264e-10 1.64257e-06 0.000198797 0.00813909 9.73864e-05 
1.84057e-07 0.0164061 2.02945e-07 3.14259e-07 0.000536256 0.874448 0.0693171 4.72574e-06 0.0137533 1.25284e-10 6.45192e-07 1.78595e-11 1.33768e-07 0.0255333 2.08784e-07 2.04976e-11 
6.53374e-08 0.000238264 0.973994 3.26627e-07 2.59927e-07 0.000287411 6.03728e-05 3.20685e-07 1.81056e-07 3.6473e-07 1.7074e-07 5.19932e-08 0.000194761 2.26991e-05 2.25035e-07 0.0252001 
0.00371965 0.015065 0.230592 0.0588921 0.000799365 0.0541128 0.613213 0.00501949 4.36472e-06 0.00208747 0.00282725 3.20753e-10 4.52845e-06 0.0116229 1.23397e-05 0.00202762 
0.0125445 0.000538262 0.141887 0.0100148 0.00237617 0.00568828 0.25376 7.77604e-09 0.0868847 0.00254999 0.00073183 1.26074e-09 0.00248359 0.475871 1.85553e-06 0.00466828 
0.0903263 4.98107e-07 0.602353 4.04503e-06 6.66119e-10 6.26463e-07 3.93992e-06 9.13702e-05 0.234934 0.00290696 2.09258e-06 1.33244e-10 2.37563e-10 2.05482e-07 2.52716e-07 0.0693759 
0.0146933 0.220671 0.315842 3.48444e-05 4.27709e-06 0.295451 0.0358694 0.0135496 0.000468156 1.42023e-06 0.000514807 1.01311e-06 0.000185687 0.0124366 2.72405e-06 0.0902742 
0.0482437 0.41626 0.168089 0.0257616 0.0109478 0.239287 0.00347326 3.68673e-07 1.189e-07 9.76671e-08 1.17692e-06 8.89303e-08 0.0340896 0.0164149 2.31231e-07 0.0374307 
0.00144342 1.33884e-06 0.00921797 2.8936e-05 0.000176746 0.00247106 0.0143651 1.44941e-10 0.00266954 0.958255 7.81583e-08 2.34996e-11 7.89427e-08 0.00105106 2.18241e-07 0.0103191 
0.00618848 2.0666e-06 0.0056278 8.01961e-08 0.00129948 0.874952 0.0867265 0.00018135 0.000846259 8.95515e-08 0.000103749 1.27658e-08 0.000167363 0.00857071 0.0110155 0.00431851 
0.0700453 0.0158827 1.19085e-05 1.80684e-07 7.15359e-10 0.820676 0.0760506 9.71716e-07 1.0963e-05 1.00379e-09 0.0130317 1.43093e-10 0.00426818 7.08349e-06 6.19331e-10 1.40582e-05 
4.34283e-07 0.403002 0.00886272 0.00996146 1.34754e-10 0.383961 0.0388023 1.66253e-10 0.000332459 0.00511752 0.00120412 2.69549e-11 4.80582e-11 0.0254535 0.00103651 0.122267 
0.0206029 3.08725e-05 0.877386 1.38894e-05 0.0714025 0.000889914 0.0219845 4.83904e-06 1.04136e-05 5.28057e-07 0.00147899 4.87198e-07 0.000508854 0.00394164 6.44451e-06 0.00173748 
0.0137542 0.0272615 0.381472 2.29896e-06 0.000296077 0.0251505 0.00723291 0.00234377 0.0091787 0.0079089 0.34797 1.867e-07 0.00229944 0.0657666 0.0002708 0.109092 
5.62532e-06 0.0976342 0.142733 1.44075e-05 0.55644 0.170766 0.000529164 1.66236e-06 5.35927e-07 4.39669e-07 0.0317926 4.01054e-07 6.75433e-05 9.19758e-07 1.04257e-06 1.28756e-05 
0.0036134 0.00244591 0.0226725 0.000355672 5.09304e-07 0.00827686 0.004319 0.000945007 0.000915831 3.93703e-09 1.84303e-09 5.61234e-10 1.81178e-06 0.0363046 1.44347e-06 0.920148 
0.00197702 0.0474901 0.0113678 5.23783e-05 0.00725218 0.532683 0.0112318 0.376936 1.41599e-06 1.8813e-06 0.000287087 5.68134e-08 0.00816077 0.00148267 6.19229e-07 0.00107584 
0.16562 0.0780462 0.473342 0.00546626 0.000346769 0.0187824 0.00970817 0.000466266 0.0430404 0.000351094 0.0019807 3.80549e-06 0.01179 0.161587 0.000556733 0.0289121 
5.04979e-06 0.13853 0.0178036 2.00796e-09 1.59791e-09 0.619213 1.01499e-06 0.00673588 0.0111195 2.2422e-09 0.0253511 3.19631e-10 5.69875e-10 0.136542 1.38341e-09 0.044699 
0.330731 0.0181214 0.24992 1.18377e-07 8.90932e-05 0.000162819 0.000244915 9.12714e-08 0.000436957 2.77729e-05 4.1809e-08 1.01069e-11 2.62302e-08 0.322419 6.05882e-06 0.0778407 
4.98711e-09 0.171407 0.694959 2.49309e-08 7.95576e-06 0.0238384 0.109676 2.44774e-08 5.8057e-05 2.78393e-08 1.30323e-08 3.96857e-09 1.06205e-05 4.20616e-05 1.71766e-08 4.55476e-09 
0.0135873 0.00446312 0.0628008 0.00144365 4.78416e-07 0.851933 0.00747711 2.0853e-06 3.33248e-07 2.51905e-05 0.000105463 9.56976e-08 6.88176e-06 0.051692 5.91653e-05 0.00640316 
0.000901816 0.0885127 5.99468e-05 2.06573e-05 1.26173e-06 0.839602 0.0001946 6.59312e-06 1.11672e-05 1.0037e-06 7.22645e-06 7.76403e-07 0.000256919 0.0650075 3.97262e-06 0.00541227 
0.00117656 0.0525517 0.846462 0.000294413 2.97045e-06 0.00162192 0.00136743 1.33277e-06 5.63866e-07 7.54581e-07 7.38768e-06 5.56027e-09 3.30255e-05 0.0279702 0.000937912 0.0675719 
0.0353421 0.899249 0.00744489 5.89983e-06 1.78023e-05 0.000941247 2.7442e-05 5.7925e-06 0.00196642 3.85743e-05 0.000419185 9.39149e-07 1.67442e-06 0.00756149 4.06479e-06 0.0469737 
4.38233e-05 7.12502e-06 2.65517e-07 6.36145e-08 5.06239e-08 0.853567 0.145914 0.000443652 3.52629e-08 7.10356e-08 3.32537e-08 1.01263e-08 1.80543e-08 2.36073e-05 4.38283e-08 1.16221e-08 
0.00768332 0.121545 0.149011 1.6328e-06 2.82103e-05 0.606892 0.00216648 1.32703e-06 0.0018291 0.000288155 0.000397978 3.007e-10 0.000251599 0.0656797 0.000386827 0.0438378 
0.008727 0.0229025 0.229576 0.0144259 0.0537946 0.200197 0.0451868 3.03547e-05 0.0822102 0.00128305 0.103965 5.67429e-06 0.000254412 0.235857 4.08825e-05 0.00154402 
0.00410777 0.00437219 0.00212982 1.56744e-06 1.24736e-06 0.0369028 0.937155 1.53893e-06 8.68867e-07 0.00630282 0.00614602 2.49509e-07 0.00115706 0.00171949 1.07992e-06 2.86364e-07 
0.000901816 0.0885127 5.99468e-05 2.06573e-05 1.26173e-06 0.839602 0.0001946 6.59312e-06 1.11672e-05 1.0037e-06 7.22645e-06 7.76403e-07 0.000256919 0.0650075 3.97262e-06 0.00541227 
0.0269349 0.227427 2.18952e-06 4.20525e-10 1.29645e-06 0.707126 0.0261719 0.00275127 0.00463512 1.06346e-07 0.0042336 6.69401e-11 0.000711972 2.84031e-06 2.89728e-10 2.36036e-06 
0.00576304 6.90255e-06 0.0271703 0.00029689 0.00183295 0.92435 0.0287697 4.09373e-05 0.000156942 9.63219e-06 1.98227e-05 6.18923e-06 3.58207e-05 0.00948312 0.000138855 0.00191921 
6.5582e-07 0.0706125 0.16743 0.000437299 0.156685 0.000648415 0.603674 3.21885e-06 6.74321e-05 3.66095e-06 1.71379e-06 5.21879e-07 9.30464e-07 0.000191637 2.25877e-06 0.000241182 
9.55936e-06 2.44367e-06 1.21315e-06 6.60526e-09 2.23785e-07 0.998868 0.000918732 6.48509e-09 3.66144e-09 7.37581e-09 0.000186211 1.05144e-09 2.33994e-06 4.24353e-06 4.55081e-09 6.98367e-06 
0.0493848 0.346951 0.221958 8.62433e-05 4.63643e-06 0.0177577 0.00252739 0.000621512 0.00488489 0.000979904 0.0273481 4.08041e-07 0.000554716 0.240993 8.02084e-05 0.085868 
0.0871319 0.0935961 0.0412095 6.97185e-05 9.4498e-05 0.135288 0.0361527 0.000108233 0.000721109 4.70879e-05 0.540903 2.37808e-05 0.0138719 0.0450255 0.00106167 0.0046959 
0.00394396 0.000217818 0.0435969 0.0489645 0.000103573 0.0209473 0.067766 0.00213438 0.677215 0.000275193 0.0136364 9.76919e-05 0.000112055 0.101787 0.000219832 0.0189828 
0.0455201 0.0940421 0.0600482 0.00853567 1.36824e-05 0.604027 0.0601128 0.000164763 0.00101069 0.000341733 0.00110883 5.95851e-06 0.000540467 0.0570671 5.18813e-05 0.0674086 
0.0414862 0.311332 0.00225185 1.1987e-05 0.0188929 0.0901596 0.000425053 0.434493 0.000890771 3.11602e-05 0.0046588 1.08121e-05 0.000310408 0.021104 0.000316403 0.0736252 
5.62532e-06 0.0976342 0.142733 1.44075e-05 0.55644 0.170766 0.000529164 1.66236e-06 5.35927e-07 4.39669e-07 0.0317926 4.01054e-07 6.75433e-05 9.19758e-07 1.04257e-06 1.28756e-05 
0.00740249 0.000296189 0.00193353 1.57844e-05 1.18976e-06 0.96321 9.50692e-05 0.000162807 0.00145843 6.18335e-05 3.73247e-06 2.37988e-07 8.72262e-05 0.014244 1.03005e-06 0.0110269 
0.0137542 0.0272615 0.381472 2.29896e-06 0.000296077 0.0251505 0.00723291 0.00234377 0.0091787 0.0079089 0.34797 1.867e-07 0.00229944 0.0657666 0.0002708 0.109092 
0.000901816 0.0885127 5.99468e-05 2.06573e-05 1.26173e-06 0.839602 0.0001946 6.59312e-06 1.11672e-05 1.0037e-06 7.22645e-06 7.76403e-07 0.000256919 0.0650075 3.97262e-06 0.00541227 
0.00126776 0.0442102 0.0483944 7.64868e-06 0.16513 0.372855 0.0905628 0.000870633 0.0030042 0.244178 0.000287816 1.56089e-10 0.000196175 0.00688959 0.000888919 0.0212568 
3.76464e-08 9.8064e-05 0.000647266 0.000527139 0.996748 0.00078449 0.000127066 1.86622e-05 1.04322e-07 2.10152e-07 9.83776e-08 2.99577e-08 5.34119e-08 0.000185547 1.29662e-07 0.000863043 
0.00661148 0.0474406 0.0826429 0.000159745 5.28469e-05 0.0063306 0.122003 8.24493e-09 0.000877272 1.21494e-06 7.58694e-05 1.33677e-09 2.38334e-09 0.729063 1.6171e-06 0.00473979 
0.0241258 0.00771622 0.0279032 0.000160706 0.00061653 0.170642 0.0106759 0.00016472 0.0384156 4.85029e-05 4.84464e-07 1.82909e-07 0.0157158 0.611998 0.00128345 0.0905324 
0.0344784 0.0192787 0.0108137 0.000396144 0.00042983 0.116626 0.0176197 6.29904e-05 0.0959896 0.000116986 3.56712e-07 2.36822e-07 6.95616e-05 0.52949 2.37947e-06 0.174625 
2.34133e-05 0.00379879 0.323964 4.08971e-05 0.000681724 0.0945872 0.0150518 9.29169e-05 0.0177428 2.26972e-06 0.0753433 2.09436e-08 3.73406e-08 0.438256 0.001014 0.029401 
0.00527602 0.0511169 0.00038402 3.92677e-05 4.06871e-05 0.0641261 0.000262652 0.620336 0.000186071 2.28069e-05 0.000108591 2.79604e-06 2.72485e-05 0.00909627 7.55895e-05 0.248899 
0.0871319 0.0935961 0.0412095 6.97185e-05 9.4498e-05 0.135288 0.0361527 0.000108233 0.000721109 4.70879e-05 0.540903 2.37808e-05 0.0138719 0.0450255 0.00106167 0.0046959 
0.0137542 0.0272615 0.381472 2.29896e-06 0.000296077 0.0251505 0.00723291 0.00234377 0.0091787 0.0079089 0.34797 1.867e-07 0.00229944 0.0657666 0.0002708 0.109092 
0.000151536 0.00287168 1.93971e-05 2.8937e-06 0.0493789 0.946672 2.02391e-05 2.84105e-06 1.60404e-06 3.23127e-06 4.68554e-05 4.60625e-07 3.77481e-05 0.000753037 1.99366e-06 3.53924e-05 
0.015067 1.67065e-05 0.0386674 3.96261e-10 9.77872e-07 0.851495 0.00402231 0.00115712 2.19656e-10 4.42488e-10 0.0342301 6.30778e-11 2.92514e-07 0.0553422 6.28197e-07 7.2395e-11 
0.0145222 0.0271624 0.297408 6.10148e-07 0.000281036 0.121766 0.0645679 2.61167e-07 0.0072125 8.54176e-06 1.48418e-06 1.24503e-11 2.19781e-07 0.389854 2.64099e-07 0.0772135 
0.0137542 0.0272615 0.381472 2.29896e-06 0.000296077 0.0251505 0.00723291 0.00234377 0.0091787 0.0079089 0.34797 1.867e-07 0.00229944 0.0657666 0.0002708 0.109092 
1.0628e-07 0.548552 0.0691069 1.15475e-10 9.18941e-11 0.008867 0.00333082 1.14508e-08 6.40104e-11 1.28946e-10 6.03631e-11 1.83816e-11 3.27728e-11 0.0480812 7.95585e-11 0.322061 
3.39708e-07 0.00947069 1.34494e-06 0.0405572 1.23008e-05 0.709944 0.197254 1.14998e-06 0.00117181 3.26898e-10 0.00704257 4.66002e-11 2.03565e-06 0.0345423 2.01693e-10 5.34835e-11 
0.0253608 0.0357806 0.0615309 2.61775e-06 2.7093e-06 0.153143 0.0255044 0.000310619 0.379487 0.000208689 0.00541325 3.79628e-07 1.58027e-06 0.0248742 0.000434217 0.287945 
5.91317e-11 1.04274e-07 3.99152e-07 2.95604e-10 5.88332e-07 0.999739 2.7357e-05 1.45142e-06 7.21148e-07 1.98383e-07 1.54523e-10 4.70549e-11 0.000229419 2.85284e-07 2.03661e-10 5.40054e-11 
0.00868706 0.0350359 0.020551 5.78954e-06 0.00276897 0.116781 0.027278 5.68421e-06 0.74584 6.46492e-06 3.0264e-06 9.21592e-07 1.64312e-06 0.0285385 3.9888e-06 0.0144918 
9.05324e-06 0.000213361 0.0170648 9.06103e-06 0.00690327 0.0178769 0.000453238 3.21609e-06 0.928641 2.88978e-06 0.00129979 9.00804e-07 6.16315e-06 0.027434 2.21021e-06 8.03006e-05 
0.0241258 0.00771622 0.0279032 0.000160706 0.00061653 0.170642 0.0106759 0.00016472 0.0384156 4.85029e-05 4.84464e-07 1.82909e-07 0.0157158 0.611998 0.00128345 0.0905324 
0.0138139 0.796199 0.0161284 0.130736 0.00454006 0.00433045 0.00371259 0.000337316 0.0022352 0.000527333 0.00121098 6.82768e-08 1.21732e-07 0.0220807 0.00292587 0.00122253 
9.93761e-06 0.268814 1.16026e-05 9.405e-05 3.26608e-06 0.129911 0.0138909 2.42662e-07 1.60798e-06 0.00110052 8.71165e-07 4.91177e-11 8.75726e-11 0.586159 2.10484e-06 8.79474e-07 
5.62532e-06 0.0976342 0.142733 1.44075e-05 0.55644 0.170766 0.000529164 1.66236e-06 5.35927e-07 4.39669e-07 0.0317926 4.01054e-07 6.75433e-05 9.19758e-07 1.04257e-06 1.28756e-05 
0.676804 0.227716 0.0318428 0.00392097 0.00070655 0.00688442 0.000615802 0.000600839 0.000180758 0.000148808 0.00282056 0.000131731 0.000345072 0.00571167 0.000339729 0.0412305 
3.26213e-09 0.152766 0.0525192 0.000940967 0.000685224 0.736374 0.000372466 1.60109e-08 0.0559642 1.821e-08 0.000156861 2.59589e-09 0.000113397 9.38586e-05 1.12354e-08 1.3112e-05 
0.0167535 0.0488917 0.450796 0.00111093 8.64463e-07 0.0227817 0.0121523 1.10505e-05 0.000648858 0.00482322 0.000943027 5.28967e-07 2.7875e-05 0.43934 0.000331746 0.00138759 
0.0632849 0.00288535 0.0798276 1.91581e-06 9.92293e-08 0.0282477 1.77569e-06 0.000115237 4.59641e-06 2.93315e-06 0.638791 3.80672e-08 0.176135 0.0104708 1.27018e-07 0.00023138 
0.0170292 0.031418 0.307671 0.00167166 0.00524789 0.0990093 0.0038201 0.133687 0.00094851 3.89866e-05 0.28049 1.80536e-05 0.0197987 0.0708109 4.72615e-05 0.0282931 
7.45196e-06 0.0300547 0.491418 0.000113494 8.57017e-07 0.0666517 0.125778 1.92696e-06 0.204328 9.89073e-06 1.11666e-05 1.02316e-07 0.000386752 1.2166e-06 1.37614e-06 0.0812352 
0.00321824 0.0352341 0.00133528 2.47223e-05 5.59751e-07 0.411033 0.0187213 5.92363e-06 0.352183 2.5153e-10 0.000279178 3.58562e-11 0.000222177 0.0397294 0.000110468 0.137904 
0.00235356 0.0195023 0.246471 1.39447e-06 1.23753e-06 0.0696373 0.0150862 0.0079488 0.340751 0.000146661 0.00115023 1.00734e-07 9.62456e-05 0.250549 0.000169336 0.046136 
0.013081 9.90237e-05 0.000438547 2.41655e-07 1.92307e-07 0.976453 0.000365061 0.00017392 9.64739e-05 1.75977e-05 0.00560214 3.84671e-08 0.000572598 0.00292672 1.66492e-07 0.000173331 
0.00584783 0.00420548 0.000538 0.000631366 0.000674725 0.926755 0.000105893 0.00344808 5.88743e-08 5.72726e-05 0.000142751 1.69067e-08 9.81774e-05 0.00117344 0.0002861 0.056036 
0.0092855 0.0396129 5.39753e-08 5.17472e-11 0.000846978 0.189593 0.000401272 1.71282e-07 0.00111581 5.77838e-11 0.000393358 8.23724e-12 4.92084e-08 0.75779 0.000146581 0.000814665 
