0.00501367 0.006032 0.00156907 4.19429e-12 2.90848e-05 0.000265193 0.043676 4.11798e-12 3.34291e-09 4.68358e-12 0.00760316 0.935717 3.34422e-05 2.2641e-07 8.96407e-09 6.15705e-05 
0.00501367 0.006032 0.00156907 4.19429e-12 2.90848e-05 0.000265193 0.043676 4.11798e-12 3.34291e-09 4.68358e-12 0.00760316 0.935717 3.34422e-05 2.2641e-07 8.96407e-09 6.15705e-05 
0.0166936 0.0611627 1.94509e-06 0.000902043 8.05189e-07 0.174102 0.159393 4.03941e-07 0.19749 6.10889e-07 0.0328564 0.198321 5.73966e-11 0.0912762 1.23541e-06 0.0677981 
0.000134159 0.0340707 0.0259844 1.57499e-12 0.00013257 0.000542698 0.0201277 1.54634e-12 3.16054e-08 1.75872e-12 1.19387e-08 0.526964 4.46995e-13 0.0629474 2.18108e-10 0.329097 
0.000115137 0.00572498 0.00562671 0.000204771 4.12162e-05 6.79679e-05 7.20986e-05 0.000132479 0.000418603 8.56866e-05 0.000170494 0.982797 6.14192e-05 0.00344101 0.000129624 0.000910497 
0.000780536 0.00696549 0.00737015 0.00350594 1.60073e-05 0.00102865 0.317671 3.86964e-09 0.00297543 2.40434e-05 0.00182587 0.617745 5.66955e-07 0.0316416 9.04924e-06 0.00844056 
0.0576242 0.0456639 0.144948 1.63552e-07 0.00265033 0.00189912 0.0165859 0.000294561 0.00281471 1.63528e-07 0.00148931 0.544132 0.000393016 0.146375 0.00356688 0.0315631 
0.00728556 0.00776262 0.0163176 4.08941e-08 1.44651e-05 6.8334e-05 0.00392618 3.24429e-06 2.91308e-05 0.000100859 8.35805e-05 0.921359 5.38865e-07 0.0150284 0.000560759 0.0274594 
0.0211833 0.0248923 0.0354262 0.00721789 0.0659063 0.0329346 0.216763 0.00216887 0.00442903 0.0121367 0.0231376 0.434274 0.0109734 0.0514337 0.00119354 0.05593 
0.000720388 0.0688878 0.00471743 1.09899e-09 0.000215484 0.000378104 0.0432261 5.44243e-10 8.08842e-09 1.86357e-06 0.000255661 0.844039 2.92665e-05 0.0263072 8.10073e-08 0.0112215 
0.00311376 0.044958 0.00456719 6.07639e-07 0.000807523 0.0051811 0.0750028 3.03546e-07 0.00011333 1.71999e-05 0.00460069 0.843921 3.62995e-05 0.0168257 0.000564055 0.000290285 
0.0736457 0.0451204 0.0116767 1.65293e-07 0.000428101 0.0133181 0.124147 2.21475e-05 0.0204679 0.000785661 0.0025937 0.609484 0.000947613 0.071343 0.00935812 0.0166617 
0.0063912 0.0507031 0.00545909 1.62052e-05 0.0018694 0.00537974 0.132078 1.42646e-07 0.00105839 1.90295e-05 0.0198587 0.75886 0.000232382 0.0172175 0.000385984 0.000472038 
0.09508 0.0827689 0.0339343 2.10326e-05 4.68304e-05 0.00132008 0.187116 0.000158938 9.57003e-05 0.00914932 0.00280937 0.225301 0.000382108 0.169735 0.0807673 0.111314 
0.000336455 0.0880894 0.0508821 6.29753e-12 0.00118373 0.287756 0.165889 4.2888e-05 0.00434534 0.000307845 4.89989e-05 0.309522 0.00037788 0.0813329 0.00379914 0.00608631 
0.00367028 0.0874672 0.168713 2.34961e-06 2.40035e-05 0.00122275 0.00291524 6.38506e-06 0.00227992 7.00621e-05 0.00316136 0.696203 9.26888e-05 0.0231167 0.000165103 0.0108895 
0.00280453 0.168133 0.00194348 1.05859e-06 2.40847e-05 0.0129081 0.08266 2.78077e-06 8.71324e-07 3.31288e-05 2.99275e-05 0.418722 1.01922e-05 0.309578 0.0030509 9.83401e-05 
0.00501367 0.006032 0.00156907 4.19429e-12 2.90848e-05 0.000265193 0.043676 4.11798e-12 3.34291e-09 4.68358e-12 0.00760316 0.935717 3.34422e-05 2.2641e-07 8.96407e-09 6.15705e-05 
0.00328834 0.0186648 0.0360475 0.00523846 0.00398678 0.000149191 0.152327 8.76552e-08 0.00421103 8.21953e-05 0.00223323 0.456265 8.59905e-06 0.180137 0.0002059 0.137154 
0.000206837 0.0129398 0.0065571 7.92939e-09 2.09092e-06 3.52251e-05 0.0970572 7.78514e-09 0.000192579 4.80806e-05 3.47419e-06 0.878388 3.53599e-06 0.00395373 0.000417582 0.000194994 
0.0175299 0.0157816 0.00829176 1.23387e-06 7.28137e-05 0.00173683 0.373144 0.0136175 0.000199506 0.000168354 0.00846106 0.518169 2.00083e-08 0.0330602 0.00351314 0.0062538 
4.72221e-05 0.0011522 0.002004 1.37899e-08 1.10054e-06 0.00127727 0.0362104 2.36484e-12 0.000257887 3.29665e-10 1.07209e-05 0.951286 6.83597e-13 0.00665747 1.57994e-08 0.00109618 
4.72221e-05 0.0011522 0.002004 1.37899e-08 1.10054e-06 0.00127727 0.0362104 2.36484e-12 0.000257887 3.29665e-10 1.07209e-05 0.951286 6.83597e-13 0.00665747 1.57994e-08 0.00109618 
0.00435926 0.0627876 0.00631435 8.50514e-07 0.00113053 0.00724084 0.102399 4.24864e-07 0.000158661 2.25111e-05 0.00637909 0.784458 5.08188e-05 0.0235219 0.000770096 0.000406398 
0.00108058 0.103332 0.00707614 1.39256e-09 0.000323212 0.00056715 0.0567756 6.63524e-10 1.025e-08 2.23106e-06 0.000383475 0.774123 4.38982e-05 0.0394608 1.21324e-07 0.0168323 
0.00625896 0.0402393 0.0027984 6.85333e-06 5.71673e-05 0.0078474 0.201525 1.81199e-05 0.000578291 8.34457e-05 0.000844318 0.52999 0.000154677 0.0458593 0.158969 0.00476919 
0.000186723 0.000757098 0.000147193 5.22406e-07 2.81495e-05 0.00318977 0.0721242 4.65352e-08 8.05588e-05 2.67826e-05 4.54262e-06 0.911098 5.19019e-07 0.0116155 0.00059077 0.000150023 
0.000720388 0.0688878 0.00471743 1.09899e-09 0.000215484 0.000378104 0.0432261 5.44243e-10 8.08842e-09 1.86357e-06 0.000255661 0.844039 2.92665e-05 0.0263072 8.10073e-08 0.0112215 
0.00167929 0.00331485 0.00027837 8.96454e-09 1.02e-05 0.000154479 0.353834 2.06538e-06 2.50274e-08 2.95151e-08 0.00431632 0.61517 1.92256e-05 0.0151598 0.00605839 2.84468e-06 
0.0133853 0.0073133 0.00021208 1.62987e-07 4.39951e-06 0.00013747 0.0588748 2.75819e-07 4.3278e-05 0.000196079 0.00161215 0.87947 1.57856e-05 0.0318625 0.00450334 0.00236962 
0.00311376 0.044958 0.00456719 6.07639e-07 0.000807523 0.0051811 0.0750028 3.03546e-07 0.00011333 1.71999e-05 0.00460069 0.843921 3.62995e-05 0.0168257 0.000564055 0.000290285 
0.014039 0.0127111 0.00676077 9.89856e-07 7.78159e-05 0.00138947 0.355418 0.0108942 0.000252854 0.000134688 0.0254249 0.535065 1.68278e-08 0.0290962 0.00306102 0.00567333 
0.00197541 0.0289172 0.0902683 0.000227893 0.00562314 0.169237 0.0556626 0.000276173 0.00360225 0.000583296 0.00589733 0.504676 7.40071e-05 0.127336 2.97196e-05 0.00561346 
0.014039 0.0127111 0.00676077 9.89856e-07 7.78159e-05 0.00138947 0.355418 0.0108942 0.000252854 0.000134688 0.0254249 0.535065 1.68278e-08 0.0290962 0.00306102 0.00567333 
0.00638754 0.107659 0.0281377 3.75891e-05 0.00172351 0.00794807 0.271328 1.89809e-05 0.0062264 0.000535681 0.00071816 0.493056 0.000336551 0.0717172 0.00238352 0.0017861 
8.11027e-09 4.80627e-10 2.99359e-13 3.52524e-12 1.01837e-07 0.000196816 0.437599 4.15679e-09 0.000446541 0.000109634 2.12966e-05 0.56125 1.63364e-05 0.000186153 1.94545e-09 0.000173785 
0.0595909 0.0513128 0.0442186 3.39688e-05 0.000210517 0.0105509 0.0918027 0.000128688 0.00230289 0.00101822 0.0109844 0.657376 0.000995125 0.0558843 0.00563397 0.0079564 
0.0466296 0.0590466 0.0296363 3.39109e-05 0.00181841 0.0208716 0.116359 0.000796555 0.00175852 0.0179799 0.0128504 0.64283 0.00238951 0.03329 0.005033 0.0086765 
0.00193497 0.017027 0.000701981 1.70116e-08 2.86153e-05 0.00606737 0.205788 8.68563e-08 2.21135e-07 0.000444894 0.00176603 0.758943 8.0385e-07 0.00612736 0.00112357 4.60081e-05 
0.0106221 0.0444308 0.0153396 2.83819e-08 0.000381711 0.00158311 0.278041 4.79781e-06 0.000103771 0.000622625 0.00426923 0.55439 1.48858e-05 0.0839567 0.00488216 0.00135782 
0.000607483 0.000589375 0.013223 6.2136e-06 0.0422259 0.0900868 0.255057 5.98061e-09 0.00210816 3.56557e-08 4.60893e-08 0.53484 2.25109e-05 0.0604835 4.80848e-05 0.000701745 
0.00244708 0.0149447 0.00372934 1.55823e-06 0.0127598 0.0035825 0.0704003 2.82085e-06 0.000513469 4.08013e-05 0.00188566 0.871157 3.17333e-05 0.0148877 0.000696281 0.00291917 
4.72221e-05 0.0011522 0.002004 1.37899e-08 1.10054e-06 0.00127727 0.0362104 2.36484e-12 0.000257887 3.29665e-10 1.07209e-05 0.951286 6.83597e-13 0.00665747 1.57994e-08 0.00109618 
0.000974985 4.79844e-05 6.09205e-06 1.62325e-06 2.54756e-05 4.07322e-05 0.120552 6.40705e-07 0.000373693 0.000275426 1.11374e-05 0.872454 1.99066e-05 0.0021881 2.87113e-06 0.00302574 
0.000847571 0.0566871 0.0505133 1.28369e-12 0.000141422 0.0140602 0.314324 5.7388e-05 9.19363e-08 0.000411045 0.000176088 0.556033 3.35828e-05 0.00228735 0.00332426 0.0011034 
0.0297063 0.0630673 0.0246644 1.06388e-05 0.00121891 0.0166544 0.379983 1.77533e-06 0.000999197 6.83228e-05 0.0179117 0.435471 0.000232264 0.0260047 0.00251423 0.00149212 
0.000473601 4.70335e-05 0.000197798 1.94289e-10 1.43241e-08 0.000427783 0.0219363 4.36819e-08 0.000119305 6.19226e-07 1.08694e-05 0.976119 2.07746e-09 0.000491478 9.96813e-09 0.000175707 
0.00767628 0.0296216 0.0626464 0.00172421 0.00247058 0.0581743 0.0638824 0.0014313 0.000943147 0.000291218 0.00850035 0.648499 0.000164677 0.109954 0.00148359 0.00253683 
0.000122381 0.0280805 0.0121652 6.90712e-06 2.77721e-05 0.00355526 0.0693366 1.57488e-09 0.000565872 2.59196e-09 3.34448e-05 0.860565 3.84159e-06 0.0236681 0.000187953 0.00168086 
0.00295216 0.0364673 0.0653692 9.92714e-07 6.94072e-06 0.0025056 0.122543 1.53929e-07 5.94074e-06 0.000349365 0.0488104 0.67679 6.58775e-07 0.0411069 0.00162396 0.00146747 
0.000444463 0.0422866 0.0143209 5.79217e-10 5.45989e-09 0.000409221 0.0125186 8.00192e-12 7.10599e-06 3.99928e-05 5.45281e-06 0.92125 2.9069e-06 0.00861185 9.85615e-06 9.30169e-05 
0.000662191 0.000946183 0.000389664 4.12842e-08 3.53445e-11 1.72056e-05 0.255116 4.36062e-11 0.00542448 7.06664e-05 4.11972e-07 0.709774 2.28359e-08 0.0269498 3.05999e-11 0.000649188 
0.00190228 0.000956998 0.000572644 1.14838e-08 1.53721e-05 0.00237169 0.120113 2.83499e-07 0.000126921 7.58139e-06 0.00779062 0.851875 1.12743e-05 0.00750493 0.00664327 0.000108298 
0.00280453 0.168133 0.00194348 1.05859e-06 2.40847e-05 0.0129081 0.08266 2.78077e-06 8.71324e-07 3.31288e-05 2.99275e-05 0.418722 1.01922e-05 0.309578 0.0030509 9.83401e-05 
0.00231548 0.0299909 0.0730686 6.38309e-06 0.00138446 0.0170907 0.0580955 9.23107e-06 0.0166405 3.50704e-05 0.0062999 0.778876 4.17169e-05 0.00922579 5.58988e-05 0.0068637 
0.00202573 0.0570236 0.183527 6.65359e-06 1.76447e-05 0.000936351 0.0015293 8.54047e-06 0.00192179 5.16419e-05 0.00243744 0.723515 9.14855e-05 0.0157333 0.000130229 0.0110438 
0.00324439 0.0435299 0.0104753 4.3316e-10 0.0109046 0.0184517 0.0469662 1.20909e-05 0.000300604 0.000310826 0.00493868 0.844594 0.000165944 0.0062507 0.00909741 0.000758179 
0.00201844 0.0539297 0.00620152 1.00624e-09 0.24507 0.0263544 0.259563 5.67077e-06 0.00492539 0.00038556 0.00514118 0.333625 7.86798e-05 0.046046 0.0160456 0.000608897 
0.0102889 0.0927941 0.0164559 7.29103e-08 0.0145309 0.00951185 0.347066 2.25787e-07 0.00891812 0.000600218 6.45243e-05 0.43056 2.45445e-05 0.0640379 5.26223e-05 0.00509411 
0.00163584 0.0257713 0.101534 3.01167e-06 1.12314e-05 0.000943006 0.0136498 4.68821e-06 0.00127071 8.36428e-05 0.00206636 0.831061 6.04304e-05 0.0108457 0.000352874 0.0107066 
0.000974985 4.79844e-05 6.09205e-06 1.62325e-06 2.54756e-05 4.07322e-05 0.120552 6.40705e-07 0.000373693 0.000275426 1.11374e-05 0.872454 1.99066e-05 0.0021881 2.87113e-06 0.00302574 
0.00501367 0.006032 0.00156907 4.19429e-12 2.90848e-05 0.000265193 0.043676 4.11798e-12 3.34291e-09 4.68358e-12 0.00760316 0.935717 3.34422e-05 2.2641e-07 8.96407e-09 6.15705e-05 
0.137365 0.0367114 0.0857372 0.000364961 0.000412988 0.0190309 0.122772 0.00221829 0.00209371 0.0253038 0.00440599 0.314683 0.00303247 0.182202 0.00722753 0.0564398 
1.10863e-08 0.000570093 2.6032e-08 1.92223e-06 8.32849e-09 0.00190797 0.464063 1.90248e-12 0.0117985 9.09004e-09 0.00245222 0.518636 1.19894e-08 1.11122e-08 0.00057081 3.54015e-13 
0.0146079 0.00195469 0.00105714 1.03362e-07 6.58693e-05 0.0101207 0.18067 4.32515e-07 0.0454117 0.000146532 6.76449e-05 0.62332 1.75922e-05 0.106753 0.000265999 0.0155409 
0.00535367 0.0213585 0.0299935 5.75064e-07 0.00477474 0.0465087 0.140929 0.000805676 5.7536e-07 0.00276049 0.00109381 0.743829 5.75545e-07 5.75691e-07 5.75274e-07 0.00259084 
0.00254047 0.0945238 0.145481 2.08023e-07 0.00293404 0.0535117 0.130989 2.08026e-07 0.00753456 2.07994e-07 0.00301823 0.28117 2.08197e-07 0.202336 4.18278e-05 0.0759182 
0.00735477 0.0175847 0.00515387 4.69995e-12 9.88091e-05 0.003925 0.312671 1.02836e-05 0.000616121 7.71486e-05 0.00614449 0.524069 4.91258e-08 0.119452 0.00118114 0.00166238 
0.0115363 0.0298375 0.00670776 0.000229325 0.00128966 0.0156395 0.394531 7.23679e-07 0.012225 0.000163688 0.00303714 0.465678 0.000164949 0.0508619 0.00404483 0.00405281 
0.00367028 0.0874672 0.168713 2.34961e-06 2.40035e-05 0.00122275 0.00291524 6.38506e-06 0.00227992 7.00621e-05 0.00316136 0.696203 9.26888e-05 0.0231167 0.000165103 0.0108895 
0.00813222 0.0200164 0.00327546 3.01155e-08 7.5995e-05 0.00653999 0.0818634 1.58053e-05 0.000396084 2.532e-05 0.00504721 0.799504 6.21299e-05 0.0184905 0.00429822 0.0522576 
0.0269708 0.00153702 0.000551886 2.84563e-05 1.89885e-08 0.000189071 0.463355 1.25065e-08 0.00195234 0.000338649 0.0011616 0.466882 1.27515e-05 0.0291359 5.95776e-05 0.00782496 
0.0063912 0.0507031 0.00545909 1.62052e-05 0.0018694 0.00537974 0.132078 1.42646e-07 0.00105839 1.90295e-05 0.0198587 0.75886 0.000232382 0.0172175 0.000385984 0.000472038 
0.0829304 0.0675174 0.0660926 0.00369479 0.00605636 0.023026 0.222232 0.000403855 0.000429842 0.000523916 0.156311 0.275587 0.0156707 0.0709547 0.00669161 0.00187816 
0.00434595 0.0170095 0.0552025 6.16187e-06 4.48913e-05 0.000516886 0.0324836 4.56951e-06 0.00127219 0.0002787 0.000774326 0.859572 6.91389e-05 0.0171108 0.000155199 0.0111535 
0.00702002 0.0333973 0.000280046 9.48768e-08 2.10031e-05 0.00377072 0.365635 1.64243e-06 0.00391021 4.55139e-05 9.12316e-05 0.555167 4.23513e-05 0.022334 0.00184855 0.00643559 
0.00593777 0.00415522 0.00069859 1.5284e-12 0.00158268 0.000292111 0.203789 1.37575e-06 1.53695e-05 0.000250827 0.000845639 0.622516 7.17256e-06 0.00966609 0.149456 0.000786027 
0.0018106 0.0241274 0.00356934 2.27327e-06 0.000281062 0.00194128 0.0765622 6.85246e-06 0.000499908 2.51852e-06 0.003032 0.868963 4.46821e-05 0.00464829 0.0141358 0.000372941 
0.000343812 0.00176148 0.000825573 1.17976e-12 1.4074e-05 0.000623624 0.0291932 3.02905e-06 8.2406e-09 1.79172e-05 0.000446971 0.96107 1.55423e-06 0.00518482 0.000480115 3.34005e-05 
0.000720388 0.0688878 0.00471743 1.09899e-09 0.000215484 0.000378104 0.0432261 5.44243e-10 8.08842e-09 1.86357e-06 0.000255661 0.844039 2.92665e-05 0.0263072 8.10073e-08 0.0112215 
0.00821724 0.0647605 0.00701882 2.08341e-05 0.00239373 0.00656844 0.13703 1.83317e-07 0.00136079 2.44652e-05 0.025472 0.723755 0.000298775 0.0221368 0.000335126 0.000606903 
2.73326e-07 1.4238e-08 0.000591236 3.56689e-12 0.108714 1.24232e-08 0.0025144 2.2648e-09 1.97721e-12 2.63265e-06 2.55861e-08 0.888177 3.6688e-08 2.47635e-13 2.18434e-09 5.32495e-11 
0.00109077 0.039955 0.0314573 1.02447e-06 0.000133814 0.00126027 0.0191614 1.5591e-06 0.000966499 1.1985e-05 0.00120527 0.894064 2.52595e-05 0.00781256 0.000326348 0.00252729 
0.0063912 0.0507031 0.00545909 1.62052e-05 0.0018694 0.00537974 0.132078 1.42646e-07 0.00105839 1.90295e-05 0.0198587 0.75886 0.000232382 0.0172175 0.000385984 0.000472038 
0.00284916 0.164797 0.0187258 2.38976e-10 0.00975654 0.0486679 0.299376 6.94979e-07 0.00669692 0.00176916 0.00213639 0.312934 5.98059e-05 0.116471 6.73586e-05 0.0156925 
0.000789921 0.0274277 0.00301265 1.69909e-07 0.00494634 0.0110051 0.116957 1.37909e-05 0.000206327 6.18759e-05 0.000247008 0.802193 3.6829e-05 0.0286611 0.00196915 0.00247175 
0.00483435 0.031575 0.00860824 4.59433e-11 9.66498e-05 0.00760227 0.218405 4.51074e-11 0.000334115 5.13029e-11 0.0172899 0.705133 8.47274e-05 0.00274927 0.000485911 0.00280181 
0.000557938 0.00217325 0.000521123 1.50139e-11 0.00593048 0.000906718 0.357317 6.47574e-08 4.23375e-08 1.14187e-08 0.00170278 0.611665 4.26106e-12 0.0154554 0.00244562 0.00132481 
0.000273054 0.201873 0.00753031 1.29619e-11 8.46805e-05 0.000295918 0.30072 4.73188e-09 5.99563e-08 2.4454e-08 0.0076544 0.460381 0.00649103 0.0146349 2.78796e-05 3.49256e-05 
0.000258306 0.0274413 0.121767 4.59193e-10 1.34774e-05 0.0250313 0.205559 1.36652e-06 0.00169112 0.000160151 0.000453117 0.307575 8.01571e-07 0.227048 0.000343622 0.0826561 
0.0175299 0.0157816 0.00829176 1.23387e-06 7.28137e-05 0.00173683 0.373144 0.0136175 0.000199506 0.000168354 0.00846106 0.518169 2.00083e-08 0.0330602 0.00351314 0.0062538 
0.0375432 0.0585217 0.0132529 1.49536e-05 0.000695795 0.0143989 0.206062 2.23603e-05 0.00347417 0.00193074 0.00904501 0.572662 0.00166858 0.0576668 0.0117675 0.0112729 
0.0194667 0.00260414 0.00140743 7.75882e-08 8.62199e-05 0.0134822 0.240875 4.76537e-07 0.0276602 0.000192561 8.93253e-05 0.57148 2.30636e-05 0.101569 0.000350517 0.0207127 
0.00889716 0.026852 0.00395809 2.5188e-07 0.000673912 0.00158887 0.0524083 1.90637e-06 0.00011766 3.54601e-05 0.00853085 0.8719 4.83221e-05 0.01865 0.00328022 0.00305717 
0.00126098 0.0298396 0.00418911 3.81116e-08 0.000633987 0.00368403 0.0541336 9.93143e-06 0.000196819 1.17314e-05 0.000543114 0.882979 1.95745e-05 0.0141864 0.00203044 0.00628187 
0.000752646 0.0115908 0.00232374 5.66515e-10 1.18712e-06 0.00110758 0.0577182 1.36191e-05 0.000161375 1.32655e-11 4.56087e-08 0.904576 1.93852e-06 0.00108532 0.020323 0.000344881 
1.95441e-08 0.0141764 0.0136397 2.17711e-12 1.02111e-05 0.000181474 0.00874178 4.04921e-09 0.00106705 1.82286e-07 7.79585e-06 0.960697 1.34868e-06 0.000956629 1.45571e-05 0.000505832 
0.0206973 0.0411626 0.0381178 8.24726e-07 0.000117754 0.0282941 0.194362 8.63135e-05 0.000300266 0.000596069 0.00325941 0.60629 4.10275e-05 0.0533466 0.00527758 0.0080506 
0.000343812 0.00176148 0.000825573 1.17976e-12 1.4074e-05 0.000623624 0.0291932 3.02905e-06 8.2406e-09 1.79172e-05 0.000446971 0.96107 1.55423e-06 0.00518482 0.000480115 3.34005e-05 
0.000568892 0.000228589 0.0902888 7.94644e-06 0.00078425 0.0257959 0.0267272 4.87416e-05 0.000205251 3.43555e-05 2.4704e-05 0.832656 2.83968e-05 0.0169722 0.00129455 0.00433373 
0.000186723 0.000757098 0.000147193 5.22406e-07 2.81495e-05 0.00318977 0.0721242 4.65352e-08 8.05588e-05 2.67826e-05 4.54262e-06 0.911098 5.19019e-07 0.0116155 0.00059077 0.000150023 
0.000514641 0.0753508 0.171841 3.91221e-09 0.000154095 0.00444402 0.160595 1.48781e-09 2.87631e-08 1.08302e-06 0.00018282 0.462258 2.09295e-05 0.0737091 5.96062e-08 0.050929 
0.0127344 0.11798 0.058947 0.000497483 3.94337e-05 0.177686 0.246624 1.58825e-06 0.00784862 0.00633198 0.000710215 0.248127 1.17406e-05 0.117687 0.00150537 0.00326922 
0.0143054 0.0736131 0.0395023 0.00010322 0.00423504 0.0134856 0.165898 1.32377e-06 0.000129635 0.000187169 0.00191813 0.55431 7.79691e-06 0.0718112 0.0130293 0.0474632 
0.00130389 0.0143959 0.00109075 5.45511e-09 6.11639e-06 0.000442335 0.456145 2.96684e-05 1.63119e-08 1.98616e-05 0.00437357 0.503816 3.82716e-05 0.0123546 0.00596977 1.43057e-05 
0.00243802 0.00668629 0.000595168 4.35341e-10 1.0786e-05 0.000341119 0.164221 8.26196e-06 0.000133707 0.000390101 0.000426753 0.810284 1.34609e-07 0.0101191 0.000536341 0.00380871 
0.0169087 0.00650759 0.00740405 1.22724e-06 5.67249e-05 0.00173681 0.334388 0.00903975 0.000316045 0.000107849 0.0309802 0.557413 1.54537e-08 0.0300842 0.00278608 0.00226954 
0.00296565 0.0111601 0.0126436 0.000151547 0.00498632 0.00480178 0.117718 3.28474e-05 0.00403563 0.00347874 0.00031968 0.796631 2.8439e-05 0.030421 0.00065203 0.00997322 
0.000343812 0.00176148 0.000825573 1.17976e-12 1.4074e-05 0.000623624 0.0291932 3.02905e-06 8.2406e-09 1.79172e-05 0.000446971 0.96107 1.55423e-06 0.00518482 0.000480115 3.34005e-05 
0.0576242 0.0456639 0.144948 1.63552e-07 0.00265033 0.00189912 0.0165859 0.000294561 0.00281471 1.63528e-07 0.00148931 0.544132 0.000393016 0.146375 0.00356688 0.0315631 
0.00281019 0.0659416 0.126811 5.14339e-06 2.46668e-05 0.000948562 0.0022127 9.88531e-06 0.0017783 7.96414e-05 0.00246206 0.770966 8.07705e-05 0.0174775 0.000137215 0.00825508 
0.000471054 0.00207969 0.00256068 4.93309e-06 1.19142e-05 0.00149772 0.0361011 3.10554e-07 0.000184439 2.01942e-06 0.000157657 0.947252 1.62209e-07 0.00861514 5.11285e-05 0.00100952 
0.068569 0.067772 0.0146727 1.51853e-07 0.000168595 0.000784321 0.0259524 9.28983e-06 5.19106e-05 0.000141741 0.00367458 0.655001 0.00319126 0.0863917 0.000130027 0.0734895 
0.000499842 0.0238289 0.00188573 9.07861e-10 0.000143653 0.000169214 0.0335496 5.10645e-10 4.17701e-06 7.34639e-07 0.00498048 0.922164 5.20842e-05 0.00878542 8.25358e-07 0.00393506 
0.000720873 0.086949 0.00471829 1.85236e-08 0.000216526 0.000378506 0.262821 7.44967e-09 1.36174e-07 1.55673e-06 0.000256789 0.606351 2.93853e-05 0.0263092 1.67157e-05 0.0112304 
3.8528e-08 9.33742e-05 0.000394318 1.02438e-10 0.00115514 0.183469 0.384887 1.00574e-10 1.19597e-07 5.99762e-08 5.13677e-06 0.429566 2.90727e-11 0.000118555 0.000252135 5.93819e-05 
0.00622713 0.043393 0.0430993 6.23437e-05 3.00193e-05 0.00167703 0.0525578 9.81424e-06 0.00100541 0.000174789 0.00628814 0.799051 2.86478e-05 0.0345565 0.00469752 0.00714195 
0.00900685 0.0249829 0.0120542 0.00119157 0.00106896 0.0165123 0.0649758 4.87256e-07 0.385525 0.00146178 0.00197783 0.407521 3.27937e-05 0.0491026 0.00134075 0.0232455 
0.239135 0.0353341 0.0157133 0.00103162 0.00357257 0.00344547 0.257518 2.2867e-05 0.00145016 0.000417779 0.00329961 0.338981 0.00473405 0.0669611 0.00324895 0.0251339 
0.000119229 7.04487e-06 1.33704e-05 2.083e-12 1.32417e-08 5.17359e-07 0.0112878 2.0451e-12 2.06791e-09 5.16155e-10 0.00216181 0.986409 2.41034e-08 9.59837e-11 1.19223e-06 1.05151e-09 
0.0301166 0.0180794 0.000334266 4.24243e-07 1.33455e-06 0.000271192 0.0832261 7.20159e-07 8.78128e-05 0.000506624 9.05494e-05 0.766833 1.54913e-06 0.0833851 0.0110383 0.00602683 
0.178372 0.194703 0.0507507 9.6371e-09 4.22633e-06 0.0302222 0.0267871 5.62362e-06 0.0818834 7.99337e-05 0.000202933 0.218027 0.000348491 0.113406 4.21279e-08 0.105208 
0.00236237 0.0291757 0.0522988 8.1482e-07 5.59755e-06 0.00904709 0.136176 1.34603e-07 4.79977e-06 0.000280134 0.0390529 0.680272 5.5986e-07 0.0488481 0.00129981 0.00117484 
0.00246039 2.67444e-07 2.67442e-07 2.67155e-07 2.67219e-07 2.67402e-07 0.160093 2.67159e-07 2.67293e-07 0.00138927 2.67305e-07 0.835439 2.67378e-07 0.000133991 2.67253e-07 0.000481606 
2.82524e-08 0.0210922 0.0202766 3.01824e-12 1.5316e-05 0.000268307 0.0121153 5.8533e-09 0.00160056 4.41438e-09 5.9556e-06 0.942425 2.0228e-06 0.0014215 1.89047e-05 0.000758743 
0.0168834 0.0922387 0.0321295 0.000894536 0.00336932 0.0544877 0.335643 3.54251e-05 0.00350264 0.000283064 0.00073654 0.391336 0.000710181 0.0646751 0.00113997 0.00193479 
0.000211596 0.11799 0.00935425 1.9877e-11 1.12941e-06 0.00405005 0.212203 6.05647e-09 1.10182e-11 0.000367042 1.01475e-08 0.499809 1.70839e-08 0.0534168 2.04966e-05 0.102578 
0.00582192 0.0721831 0.0176209 8.70561e-12 1.27011e-05 0.0139057 0.0996627 1.40513e-05 0.000184458 7.39701e-05 0.00227195 0.701989 4.41553e-05 0.082923 0.00167822 0.00161387 
0.0300442 0.0427946 0.00715991 2.94589e-05 0.00018662 0.00243264 0.277972 0.00263012 0.000108418 4.53039e-05 0.0130253 0.523365 3.6558e-06 0.0872186 0.00839891 0.00458527 
0.00754107 0.0195808 0.0260528 2.77947e-05 0.000162641 0.033697 0.109632 4.62639e-05 0.00343656 0.00180388 0.000664689 0.765988 0.000481677 0.0253603 0.00232026 0.00320482 
0.00235496 0.00545257 0.00197106 1.17086e-06 0.00013598 0.000612734 0.235426 5.53456e-05 0.000618689 0.000389761 6.73912e-06 0.636748 0.0783207 0.0250181 2.71333e-05 0.0128606 
0.00593777 0.00415522 0.00069859 1.5284e-12 0.00158268 0.000292111 0.203789 1.37575e-06 1.53695e-05 0.000250827 0.000845639 0.622516 7.17256e-06 0.00966609 0.149456 0.000786027 
0.00108058 0.103332 0.00707614 1.39256e-09 0.000323212 0.00056715 0.0567756 6.63524e-10 1.025e-08 2.23106e-06 0.000383475 0.774123 4.38982e-05 0.0394608 1.21324e-07 0.0168323 
0.0482522 0.230798 0.137265 2.22819e-05 0.000570619 0.00714971 0.0428426 8.82297e-05 0.00140705 0.00109295 0.0183725 0.364445 0.0237318 0.1065 0.00175681 0.0157047 
0.00505859 0.0204445 0.00556402 4.38895e-06 0.000544423 0.00310456 0.05672 8.10997e-07 0.000493915 7.3429e-05 0.0038809 0.880825 4.63939e-05 0.0183004 0.000700884 0.00423746 
0.00118359 0.00481775 0.0135063 0.00400427 2.76828e-06 0.0376556 0.239507 6.78126e-05 0.00136955 0.000418881 0.00160489 0.6651 4.19357e-05 0.0242216 0.00203619 0.00446163 
0.0273756 0.0560855 0.0154355 8.13179e-05 0.002579 0.0250395 0.138356 0.0677843 0.00143388 0.00790887 0.0016926 0.593922 0.000592737 0.0375276 0.00942542 0.0147598 
0.0216275 0.0452607 0.0321465 2.86926e-05 0.000202582 0.0884904 0.128282 0.0956141 0.125408 0.0133933 0.00874499 0.332954 0.000366612 0.0762275 0.000438324 0.0308142 
3.32309e-09 2.08302e-07 3.50746e-05 1.66124e-08 9.43347e-08 0.00491044 0.398605 1.63101e-08 9.20859e-09 1.85503e-08 1.5077e-07 0.581443 0.0150012 1.95143e-06 2.19625e-06 3.035e-09 
0.00130389 0.0143959 0.00109075 5.45511e-09 6.11639e-06 0.000442335 0.456145 2.96684e-05 1.63119e-08 1.98616e-05 0.00437357 0.503816 3.82716e-05 0.0123546 0.00596977 1.43057e-05 
0.0120011 0.237894 0.0789164 4.30786e-06 0.000570084 0.0225133 0.0296482 4.89318e-05 0.00194007 0.000216512 0.0230703 0.486666 0.0218961 0.0544751 0.00356121 0.0265784 
0.0114117 0.0336513 0.032207 0.000171011 0.000149375 0.0512407 0.216132 0.00588664 0.265185 0.000107664 0.001858 0.32762 7.42786e-06 0.0440385 0.00633389 0.00399953 
0.00872736 0.0335209 0.13969 3.39697e-09 0.0040289 0.179863 0.152237 0.0363454 0.00411192 0.000191622 0.0569423 0.367817 0.000104372 0.0137502 0.00112821 0.00154245 
1.10863e-08 0.000570093 2.6032e-08 1.92223e-06 8.32849e-09 0.00190797 0.464063 1.90248e-12 0.0117985 9.09004e-09 0.00245222 0.518636 1.19894e-08 1.11122e-08 0.00057081 3.54015e-13 
0.00659538 0.0210929 0.00496137 0.000256018 0.00568348 0.0077377 0.094024 7.25141e-07 0.121444 0.000964444 0.00153946 0.708801 4.9128e-05 0.0219357 0.00054529 0.00436903 
0.00195053 0.209558 0.00854683 0.00254552 0.00056484 0.132015 0.0446534 3.88191e-05 0.000146644 3.63697e-05 0.000798194 0.537983 0.000111686 0.0393018 0.0181183 0.00363146 
0.00572724 0.00633725 0.0159266 1.04659e-09 1.29218e-05 6.83431e-05 0.00384793 1.8567e-06 2.67149e-05 8.86019e-06 8.22078e-05 0.931797 4.14748e-07 0.0144823 0.000446591 0.021234 
0.0572743 0.0567246 0.0724399 1.84902e-06 0.00324624 0.0484079 0.246067 0.000555804 0.00106629 6.65386e-07 0.00611229 0.29997 0.000219894 0.20017 0.000182455 0.00756045 
0.0194904 0.0720704 0.122966 0.000384846 0.000718671 0.00425719 0.0504927 0.000642971 0.00649016 0.00690329 0.277989 0.31501 0.00106033 0.0612014 0.000772062 0.0595503 
0.0063912 0.0507031 0.00545909 1.62052e-05 0.0018694 0.00537974 0.132078 1.42646e-07 0.00105839 1.90295e-05 0.0198587 0.75886 0.000232382 0.0172175 0.000385984 0.000472038 
0.0275241 0.0140773 0.00774301 8.18083e-05 0.000107514 0.00666398 0.300124 0.000212406 0.00160738 0.000495702 0.00166544 0.587615 0.00298316 0.032435 0.00128508 0.0153791 
0.0260144 0.0145448 0.0272094 4.06144e-05 0.000115826 0.0120484 0.0944067 1.33014e-05 0.0173595 0.000317479 0.00258154 0.746405 1.26573e-05 0.0369531 0.00947743 0.0124999 
0.00213296 0.114366 0.0384004 0.000109665 8.84057e-05 0.0319633 0.210986 1.86468e-06 0.0076089 6.01251e-06 0.234758 0.242925 1.74538e-05 0.11591 0.000353641 0.000371785 
0.00991497 0.0171663 0.0134857 5.35652e-12 9.53887e-05 0.00523566 0.380267 8.29544e-05 0.00135176 0.000131776 0.00892848 0.419508 4.27948e-08 0.139006 0.00116995 0.00365592 
0.0138482 0.00142542 0.00995716 6.75526e-10 0.00129445 0.00239406 0.141929 7.11484e-05 4.95203e-05 0.000452669 0.0752086 0.740246 4.56461e-09 0.00843417 0.000283462 0.0044053 
0.000720388 0.0688878 0.00471743 1.09899e-09 0.000215484 0.000378104 0.0432261 5.44243e-10 8.08842e-09 1.86357e-06 0.000255661 0.844039 2.92665e-05 0.0263072 8.10073e-08 0.0112215 
0.00542137 0.00156955 0.000623539 1.3418e-07 7.2082e-05 1.03491e-05 0.0682212 2.64975e-07 0.00227078 0.121865 8.68233e-06 0.780647 6.85905e-07 0.0158204 4.57353e-06 0.00346424 
0.0194667 0.00260414 0.00140743 7.75882e-08 8.62199e-05 0.0134822 0.240875 4.76537e-07 0.0276602 0.000192561 8.93253e-05 0.57148 2.30636e-05 0.101569 0.000350517 0.0207127 
0.00642097 0.0345408 0.0213786 1.98658e-06 0.000726497 0.0964434 0.190289 2.20119e-05 0.00891144 0.000340261 0.00144681 0.550203 2.87912e-05 0.0751732 0.00697977 0.00709401 
0.00320531 0.00465031 0.0134554 5.49046e-05 2.77299e-06 0.000365682 0.0423402 8.52614e-07 0.000954003 7.87406e-05 2.21235e-05 0.906416 2.57033e-06 0.0236628 4.40955e-05 0.00474463 
0.014039 0.0127111 0.00676077 9.89856e-07 7.78159e-05 0.00138947 0.355418 0.0108942 0.000252854 0.000134688 0.0254249 0.535065 1.68278e-08 0.0290962 0.00306102 0.00567333 
0.000974985 4.79844e-05 6.09205e-06 1.62325e-06 2.54756e-05 4.07322e-05 0.120552 6.40705e-07 0.000373693 0.000275426 1.11374e-05 0.872454 1.99066e-05 0.0021881 2.87113e-06 0.00302574 
0.265597 0.0728861 0.00111131 2.09148e-05 0.00616397 0.0824963 0.0968156 3.3692e-05 0.0261412 0.000169566 0.00232402 0.269353 7.72904e-05 0.174818 3.0208e-05 0.0019623 
0.00202576 0.119517 0.023783 6.07271e-07 0.00612416 0.0110455 0.180788 2.64839e-05 0.000431888 0.000142298 0.000408402 0.628178 0.000931232 0.0250802 0.00120336 0.000313104 
0.00624264 5.19903e-05 0.000274395 2.35864e-07 0.00441584 0.000129109 0.2423 1.96259e-07 0.0015199 9.48477e-05 4.57296e-05 0.734261 7.50421e-05 0.00961676 8.95108e-05 0.00088245 
0.00117144 0.0379773 0.0346585 0.000228913 0.000113921 0.0239073 0.103369 1.11579e-06 0.00167559 6.26602e-05 0.00198943 0.770777 2.02693e-05 0.0214784 0.000328654 0.00224049 
0.00130389 0.0143959 0.00109075 5.45511e-09 6.11639e-06 0.000442335 0.456145 2.96684e-05 1.63119e-08 1.98616e-05 0.00437357 0.503816 3.82716e-05 0.0123546 0.00596977 1.43057e-05 
0.0092176 0.0101646 0.00982042 5.83276e-06 0.00079194 0.0133578 0.315886 2.36096e-05 0.00119243 0.00160137 0.000304536 0.484629 2.80039e-05 0.0193174 0.124573 0.00908671 
0.0010662 0.0201049 0.00102208 8.54942e-11 4.88168e-08 0.369457 0.039628 0.000118468 0.000149814 0.000236386 0.00202937 0.533531 0.000501283 0.0086242 0.018872 0.00465837 
0.000473601 4.70335e-05 0.000197798 1.94289e-10 1.43241e-08 0.000427783 0.0219363 4.36819e-08 0.000119305 6.19226e-07 1.08694e-05 0.976119 2.07746e-09 0.000491478 9.96813e-09 0.000175707 
3.93079e-05 0.000568531 0.000618084 7.33934e-08 0.000209319 0.00124459 0.172709 8.54496e-09 0.000430884 1.18828e-05 1.49733e-05 0.814742 1.74457e-07 0.00797941 1.17524e-07 0.00143072 
0.00311376 0.044958 0.00456719 6.07639e-07 0.000807523 0.0051811 0.0750028 3.03546e-07 0.00011333 1.71999e-05 0.00460069 0.843921 3.62995e-05 0.0168257 0.000564055 0.000290285 
0.014039 0.0127111 0.00676077 9.89856e-07 7.78159e-05 0.00138947 0.355418 0.0108942 0.000252854 0.000134688 0.0254249 0.535065 1.68278e-08 0.0290962 0.00306102 0.00567333 
0.00683815 0.0699784 0.0256835 1.53551e-06 9.58356e-05 0.00586416 0.212259 1.41444e-09 2.52281e-06 0.000282754 0.0188895 0.591262 5.55162e-05 0.0482245 0.0017356 0.0188277 
0.0228747 0.00135015 0.0299467 6.41931e-07 6.42085e-07 0.00449832 0.0980013 6.4194e-07 6.42262e-07 6.41839e-07 6.4229e-07 0.594949 6.42468e-07 0.219845 6.42165e-07 0.0285297 
0.000514641 0.0753508 0.171841 3.91221e-09 0.000154095 0.00444402 0.160595 1.48781e-09 2.87631e-08 1.08302e-06 0.00018282 0.462258 2.09295e-05 0.0737091 5.96062e-08 0.050929 
0.00236237 0.0291757 0.0522988 8.1482e-07 5.59755e-06 0.00904709 0.136176 1.34603e-07 4.79977e-06 0.000280134 0.0390529 0.680272 5.5986e-07 0.0488481 0.00129981 0.00117484 
0.00108058 0.103332 0.00707614 1.39256e-09 0.000323212 0.00056715 0.0567756 6.63524e-10 1.025e-08 2.23106e-06 0.000383475 0.774123 4.38982e-05 0.0394608 1.21324e-07 0.0168323 
0.0142966 0.0557333 0.0756421 1.19505e-11 0.0162575 0.328728 0.0634581 0.00639677 6.62445e-12 0.00383181 0.0174756 0.369267 0.000775886 0.0426777 1.12717e-05 0.00544849 
0.00213321 0.0264149 0.0159714 8.02881e-08 0.0057576 0.00422639 0.127049 3.09766e-06 0.0022602 0.000359757 0.00249929 0.779183 1.10409e-05 0.0290059 0.00144186 0.00368354 
0.0161963 0.034947 0.0065973 9.04962e-05 9.45974e-07 0.00306747 0.39522 7.48812e-07 0.0130268 0.00147905 0.000311216 0.421538 3.37103e-06 0.102215 0.0014627 0.00384319 
0.00394862 0.0315695 0.00462527 7.60808e-06 0.000436759 0.0411953 0.112505 5.43465e-05 0.000376223 7.02213e-06 0.012015 0.769357 0.000145972 0.0207414 0.00113722 0.00187724 
0.00943718 0.0174883 0.00107352 1.02705e-07 0.000415674 0.000563392 0.421752 0.00291806 0.000103043 0.000230581 0.00314433 0.437915 3.16654e-05 0.0241349 0.0801173 0.000674908 
0.231278 0.206978 0.0381877 7.76892e-05 0.00386138 0.0140716 0.100484 0.000145049 0.000196416 4.45848e-05 0.074374 0.269411 0.000379633 0.0585013 0.000276551 0.00173224 
0.00121349 0.00299156 0.000480037 4.51888e-07 0.000144405 0.0011649 0.0664763 1.45536e-06 0.000457177 4.34344e-05 2.30427e-05 0.915263 6.8855e-06 0.00581674 0.00536039 0.000556244 
0.00158505 0.039602 0.0105747 8.55665e-09 1.3637e-05 0.00315281 0.198229 4.15819e-08 0.000579764 0.000395247 0.000841004 0.720073 3.83165e-07 0.0229951 0.00172917 0.000229205 
0.0268922 0.0439974 0.00871829 2.67005e-06 0.00391453 0.00372712 0.0259126 1.42354e-06 0.00031932 0.000469822 0.000549886 0.827667 1.59981e-05 0.0537396 0.00030225 0.00376956 
0.000191527 0.0474673 0.0159141 9.02075e-10 0.00221504 0.057943 0.0981357 1.22885e-05 0.00891688 7.34087e-05 0.00101937 0.751743 0.000111352 0.0126079 0.00346583 0.000182901 
0.00130389 0.0143959 0.00109075 5.45511e-09 6.11639e-06 0.000442335 0.456145 2.96684e-05 1.63119e-08 1.98616e-05 0.00437357 0.503816 3.82716e-05 0.0123546 0.00596977 1.43057e-05 
0.000291301 0.0191789 0.0117037 0.00024693 0.000765562 0.0190021 0.122618 3.33358e-06 0.00578373 5.53069e-05 0.000297905 0.801557 3.85405e-05 0.0134836 0.00119874 0.00377454 
0.00910145 0.0105843 0.00306417 5.41422e-07 0.00081303 0.00171 0.0319159 4.97549e-07 0.000257412 0.000100416 0.000228419 0.926696 8.64437e-06 0.0138379 9.36576e-05 0.00158769 
0.0244911 0.00619668 0.00209565 2.3367e-09 0.000847811 0.0172162 0.202765 4.0174e-06 0.000183091 6.25104e-05 0.00409437 0.616574 7.64938e-05 0.122825 0.00253235 3.57369e-05 
0.000186723 0.000757098 0.000147193 5.22406e-07 2.81495e-05 0.00318977 0.0721242 4.65352e-08 8.05588e-05 2.67826e-05 4.54262e-06 0.911098 5.19019e-07 0.0116155 0.00059077 0.000150023 
0.0382232 0.0318703 0.0207518 1.00596e-05 0.000173945 0.00453341 0.374109 3.11063e-05 0.00198689 0.000297445 0.011055 0.412894 5.9473e-05 0.0791659 0.00448586 0.0203527 
0.000119229 7.04487e-06 1.33704e-05 2.083e-12 1.32417e-08 5.17359e-07 0.0112878 2.0451e-12 2.06791e-09 5.16155e-10 0.00216181 0.986409 2.41034e-08 9.59837e-11 1.19223e-06 1.05151e-09 
0.016137 0.0186373 0.0473266 5.77567e-09 3.86814e-05 0.00013596 0.0755196 8.48143e-07 0.000399639 0.0127436 0.0380312 0.642742 3.3239e-07 0.0311101 0.116116 0.00106126 
0.090399 0.057292 0.109032 0.000632554 0.00012887 0.0625519 0.210339 0.00231356 0.00454837 0.00866523 0.0180682 0.248879 0.0116586 0.112804 0.0462808 0.0164067 
0.00153517 0.00882379 0.00957451 7.25495e-09 6.12498e-05 0.000417374 0.18087 6.49056e-07 0.00257979 7.71257e-05 0.000166643 0.774669 1.13585e-08 0.0180369 0.000246532 0.00294207 
0.0223996 0.00673892 0.00315401 2.84e-12 4.44465e-05 0.000256379 0.255 0.0118934 2.39567e-08 0.000127991 0.000721896 0.680839 3.28521e-08 0.0121117 0.00665323 5.88772e-05 
0.0132188 0.0134164 0.00165642 1.62745e-06 0.000487582 0.00173002 0.05765 4.27403e-07 0.000264585 0.000198477 0.000142292 0.872052 6.09922e-06 0.0337939 0.00246508 0.00291604 
0.0106956 0.0579194 0.0083053 1.03655e-05 0.00441508 0.0056608 0.0752901 5.40053e-07 0.000656605 6.93439e-05 0.00870376 0.801392 9.95368e-05 0.0253134 0.000611816 0.00085608 
4.91286e-07 0.192318 0.052084 4.90827e-07 4.90945e-07 0.0748226 0.0956681 4.90834e-07 0.00309431 4.90757e-07 4.91102e-07 0.466646 0.0025058 0.046336 4.91006e-07 0.0665221 
0.00333661 0.0787959 0.0118795 2.19995e-07 0.00216123 0.0215103 0.132928 3.33359e-06 0.000408211 3.90238e-05 0.00452868 0.711649 4.87025e-05 0.0317042 0.000201989 0.000805248 
0.00821724 0.0647605 0.00701882 2.08341e-05 0.00239373 0.00656844 0.13703 1.83317e-07 0.00136079 2.44652e-05 0.025472 0.723755 0.000298775 0.0221368 0.000335126 0.000606903 
6.25334e-05 1.401e-05 0.00131591 1.91487e-07 0.000313735 3.8082e-08 0.436832 3.949e-11 0.000148296 3.07189e-06 0.009118 0.478385 1.35372e-09 0.0117133 0.0586915 0.00340289 
0.0161963 0.034947 0.0065973 9.04962e-05 9.45974e-07 0.00306747 0.39522 7.48812e-07 0.0130268 0.00147905 0.000311216 0.421538 3.37103e-06 0.102215 0.0014627 0.00384319 
0.00380507 0.0478168 0.0827186 0.0012617 0.000165772 0.0114452 0.192455 4.49789e-06 0.00293228 5.14292e-05 0.0088805 0.53182 2.81961e-05 0.110495 1.03499e-06 0.00611864 
0.00132896 0.161173 0.0232915 1.32471e-09 0.000215498 0.000465117 0.0948019 5.38836e-10 0.000371946 2.46478e-05 0.000255676 0.624218 2.92691e-05 0.0707638 1.37148e-05 0.0230477 
0.00311376 0.044958 0.00456719 6.07639e-07 0.000807523 0.0051811 0.0750028 3.03546e-07 0.00011333 1.71999e-05 0.00460069 0.843921 3.62995e-05 0.0168257 0.000564055 0.000290285 
0.0141831 0.0165219 0.012953 3.03273e-07 0.00110434 0.0444915 0.0896451 0.284263 1.13093e-07 0.0613207 0.000293344 0.369564 0.000612773 0.0154878 0.0875501 0.00200896 
0.135624 0.0500181 0.015667 9.32566e-05 3.83938e-08 0.0916129 0.203691 2.75928e-07 0.000771295 1.66443e-05 0.00167861 0.31653 5.98336e-05 0.16408 0.000370163 0.0197869 
0.00536715 0.0149751 0.0609015 8.86668e-05 0.00215541 0.0835785 0.101579 0.000104872 0.000558176 0.000118088 0.042103 0.620705 0.00015627 0.0552901 8.37504e-05 0.0122352 
0.00370291 0.000517605 0.00289964 0.000227335 3.40893e-09 0.000296569 0.126775 8.18076e-07 0.000600346 0.000432203 7.95826e-07 0.822638 4.64144e-06 0.0342694 5.37555e-05 0.00758123 
0.000720388 0.0688878 0.00471743 1.09899e-09 0.000215484 0.000378104 0.0432261 5.44243e-10 8.08842e-09 1.86357e-06 0.000255661 0.844039 2.92665e-05 0.0263072 8.10073e-08 0.0112215 
0.0321152 0.00871242 0.000457681 5.95771e-07 7.73125e-07 0.000818081 0.0223078 1.15939e-07 0.000270881 0.000555646 3.09071e-05 0.86932 1.1259e-06 0.0625037 0.000172444 0.00273272 
0.00646596 0.0754234 0.0175939 5.27445e-13 9.52697e-06 0.00022852 0.00864422 2.42582e-06 5.02914e-09 5.88975e-13 2.05785e-05 0.701189 3.59414e-10 0.188525 2.06058e-05 0.00187646 
0.0410942 0.0696731 0.00866679 4.22468e-05 0.000439812 0.00565035 0.272273 3.43436e-09 1.47489e-05 4.78888e-08 0.000242962 0.294433 8.68171e-07 0.273397 0.0307443 0.00332721 
0.00321121 0.0429118 0.076298 0.000153981 0.00518483 0.0672177 0.152483 0.000129622 0.00126072 0.000871185 0.00411016 0.501408 5.62056e-05 0.139835 0.000991833 0.00387654 
0.00222208 0.208592 0.0636152 2.06705e-09 1.95361e-08 0.000624331 0.0129443 2.27878e-11 3.70436e-09 4.22478e-08 1.30356e-07 0.692981 1.45139e-05 0.0189056 4.34442e-05 5.77364e-05 
0.00328834 0.0186648 0.0360475 0.00523846 0.00398678 0.000149191 0.152327 8.76552e-08 0.00421103 8.21953e-05 0.00223323 0.456265 8.59905e-06 0.180137 0.0002059 0.137154 
0.0139328 0.0236358 0.00899807 0.000132215 0.000823431 0.00376336 0.0655463 1.03574e-05 0.0003559 0.000131247 0.00185114 0.839824 0.000391811 0.0295765 0.000626244 0.010401 
0.000798586 0.00213174 0.0207867 4.84277e-07 8.86133e-05 0.00429048 0.414476 1.04613e-07 0.00608929 0.000350516 6.62556e-06 0.494095 8.82839e-07 0.0500695 0.000715091 0.00610047 
0.0063912 0.0507031 0.00545909 1.62052e-05 0.0018694 0.00537974 0.132078 1.42646e-07 0.00105839 1.90295e-05 0.0198587 0.75886 0.000232382 0.0172175 0.000385984 0.000472038 
0.00646596 0.0754234 0.0175939 5.27445e-13 9.52697e-06 0.00022852 0.00864422 2.42582e-06 5.02914e-09 5.88975e-13 2.05785e-05 0.701189 3.59414e-10 0.188525 2.06058e-05 0.00187646 
9.37176e-05 2.09492e-05 0.00197369 2.78233e-07 0.000470339 2.5162e-08 0.40639 1.32011e-11 0.000222291 4.5577e-06 0.0136745 0.505116 5.59581e-10 0.0175694 0.0493611 0.00510326 
0.0181319 0.114088 0.0166112 1.26236e-06 1.12384e-05 0.100205 0.140952 4.78719e-05 0.00116515 0.000120639 0.00692369 0.501957 7.08728e-05 0.0937374 0.00316357 0.00281311 
0.00593777 0.00415522 0.00069859 1.5284e-12 0.00158268 0.000292111 0.203789 1.37575e-06 1.53695e-05 0.000250827 0.000845639 0.622516 7.17256e-06 0.00966609 0.149456 0.000786027 
0.011493 0.193789 0.112201 1.62063e-05 0.00198327 0.0201774 0.106786 0.000450917 0.00218444 0.00398586 0.000411963 0.365225 7.47903e-05 0.176596 0.000336638 0.00428943 
