0.000671569 0.00709148 0.0186597 3.54265e-10 8.84761e-05 0.0323426 0.185333 9.78614e-05 2.44542e-07 0.000104578 0.000192592 0.742706 2.47552e-05 0.0104072 0.00198445 0.000295701 
6.83395e-08 3.55574e-12 3.76719e-12 4.43623e-11 3.53031e-11 5.2974e-08 0.300523 4.35552e-11 2.4591e-11 4.95374e-11 2.31898e-11 0.699477 1.25904e-11 2.09464e-08 3.05641e-11 8.10477e-12 
0.0175299 0.0157816 0.00829176 1.23387e-06 7.28137e-05 0.00173683 0.373144 0.0136175 0.000199506 0.000168354 0.00846106 0.518169 2.00083e-08 0.0330602 0.00351314 0.0062538 
0.00764332 0.00822747 0.003975 7.6092e-05 7.16463e-05 0.0101019 0.247636 1.4206e-06 0.000670056 0.000844064 0.0111282 0.657348 2.6276e-05 0.0436252 0.00419475 0.00443082 
0.00824438 0.0527034 0.0070473 8.41183e-09 0.00012035 0.261243 0.120091 8.2588e-09 0.00062014 0.0101566 0.0142059 0.400252 0.000243697 0.116063 0.000700185 0.00830959 
0.00130389 0.0143959 0.00109075 5.45511e-09 6.11639e-06 0.000442335 0.456145 2.96684e-05 1.63119e-08 1.98616e-05 0.00437357 0.503816 3.82716e-05 0.0123546 0.00596977 1.43057e-05 
0.0211833 0.0248923 0.0354262 0.00721789 0.0659063 0.0329346 0.216763 0.00216887 0.00442903 0.0121367 0.0231376 0.434274 0.0109734 0.0514337 0.00119354 0.05593 
0.0194667 0.00260414 0.00140743 7.75882e-08 8.62199e-05 0.0134822 0.240875 4.76537e-07 0.0276602 0.000192561 8.93253e-05 0.57148 2.30636e-05 0.101569 0.000350517 0.0207127 
0.00280453 0.168133 0.00194348 1.05859e-06 2.40847e-05 0.0129081 0.08266 2.78077e-06 8.71324e-07 3.31288e-05 2.99275e-05 0.418722 1.01922e-05 0.309578 0.0030509 9.83401e-05 
0.0736457 0.0451204 0.0116767 1.65293e-07 0.000428101 0.0133181 0.124147 2.21475e-05 0.0204679 0.000785661 0.0025937 0.609484 0.000947613 0.071343 0.00935812 0.0166617 
0.00247616 0.0261848 0.0210756 0.00117666 1.44658e-05 0.00786719 0.255723 1.27323e-05 0.000884596 0.000756485 0.00118894 0.583908 0.000140111 0.0331858 0.056822 0.00858295 
0.09508 0.0827689 0.0339343 2.10326e-05 4.68304e-05 0.00132008 0.187116 0.000158938 9.57003e-05 0.00914932 0.00280937 0.225301 0.000382108 0.169735 0.0807673 0.111314 
0.0194667 0.00260414 0.00140743 7.75882e-08 8.62199e-05 0.0134822 0.240875 4.76537e-07 0.0276602 0.000192561 8.93253e-05 0.57148 2.30636e-05 0.101569 0.000350517 0.0207127 
0.00935181 0.0175686 0.0138006 2.76187e-06 0.000124408 0.00128495 0.0984451 1.19892e-06 0.00220314 0.000297881 0.00207388 0.812311 2.5696e-05 0.0341494 0.00159469 0.0067652 
0.00441589 0.0105519 0.0444417 3.81153e-06 0.000569119 0.00235607 0.287898 6.34947e-06 0.0120911 4.66203e-05 0.0036893 0.314459 0.000629205 0.305332 0.000710529 0.0128 
0.000668668 0.0094256 0.0221337 1.64278e-11 0.000102961 0.0323314 0.144011 3.5981e-05 3.78112e-08 0.00011805 0.000310253 0.769028 2.44275e-05 0.0206835 0.000831928 0.000295153 
0.00280453 0.168133 0.00194348 1.05859e-06 2.40847e-05 0.0129081 0.08266 2.78077e-06 8.71324e-07 3.31288e-05 2.99275e-05 0.418722 1.01922e-05 0.309578 0.0030509 9.83401e-05 
0.0175299 0.0157816 0.00829176 1.23387e-06 7.28137e-05 0.00173683 0.373144 0.0136175 0.000199506 0.000168354 0.00846106 0.518169 2.00083e-08 0.0330602 0.00351314 0.0062538 
0.00328834 0.0186648 0.0360475 0.00523846 0.00398678 0.000149191 0.152327 8.76552e-08 0.00421103 8.21953e-05 0.00223323 0.456265 8.59905e-06 0.180137 0.0002059 0.137154 
0.000206837 0.0129398 0.0065571 7.92939e-09 2.09092e-06 3.52251e-05 0.0970572 7.78514e-09 0.000192579 4.80806e-05 3.47419e-06 0.878388 3.53599e-06 0.00395373 0.000417582 0.000194994 
0.00252994 0.00213724 0.00348658 3.06868e-10 3.11014e-05 0.000157548 0.449722 2.84049e-06 1.62103e-06 1.29786e-05 0.000572809 0.499914 2.22288e-06 0.00727686 0.0341033 4.88667e-05 
4.5967e-05 0.0555293 0.00586445 8.82528e-09 7.02308e-09 0.344589 0.0537478 7.89839e-06 5.11846e-06 1.20054e-05 0.00088734 0.443719 2.38259e-06 0.0284442 0.000334205 0.0668104 
4.72221e-05 0.0011522 0.002004 1.37899e-08 1.10054e-06 0.00127727 0.0362104 2.36484e-12 0.000257887 3.29665e-10 1.07209e-05 0.951286 6.83597e-13 0.00665747 1.57994e-08 0.00109618 
4.72221e-05 0.0011522 0.002004 1.37899e-08 1.10054e-06 0.00127727 0.0362104 2.36484e-12 0.000257887 3.29665e-10 1.07209e-05 0.951286 6.83597e-13 0.00665747 1.57994e-08 0.00109618 
0.00435926 0.0627876 0.00631435 8.50514e-07 0.00113053 0.00724084 0.102399 4.24864e-07 0.000158661 2.25111e-05 0.00637909 0.784458 5.08188e-05 0.0235219 0.000770096 0.000406398 
0.00108058 0.103332 0.00707614 1.39256e-09 0.000323212 0.00056715 0.0567756 6.63524e-10 1.025e-08 2.23106e-06 0.000383475 0.774123 4.38982e-05 0.0394608 1.21324e-07 0.0168323 
9.37176e-05 2.09492e-05 0.00197369 2.78233e-07 0.000470339 2.5162e-08 0.40639 1.32011e-11 0.000222291 4.5577e-06 0.0136745 0.505116 5.59581e-10 0.0175694 0.0493611 0.00510326 
1.10485e-07 0.00353886 0.0645261 5.82819e-12 0.000212318 0.00146173 0.0234906 2.77869e-09 0.0061695 6.62471e-09 7.48567e-06 0.873355 4.92237e-06 0.0160531 0.0012632 0.00991722 
0.00167929 0.00331485 0.00027837 8.96454e-09 1.02e-05 0.000154479 0.353834 2.06538e-06 2.50274e-08 2.95151e-08 0.00431632 0.61517 1.92256e-05 0.0151598 0.00605839 2.84468e-06 
0.0133853 0.0073133 0.00021208 1.62987e-07 4.39951e-06 0.00013747 0.0588748 2.75819e-07 4.3278e-05 0.000196079 0.00161215 0.87947 1.57856e-05 0.0318625 0.00450334 0.00236962 
0.00130389 0.0143959 0.00109075 5.45511e-09 6.11639e-06 0.000442335 0.456145 2.96684e-05 1.63119e-08 1.98616e-05 0.00437357 0.503816 3.82716e-05 0.0123546 0.00596977 1.43057e-05 
0.00311376 0.044958 0.00456719 6.07639e-07 0.000807523 0.0051811 0.0750028 3.03546e-07 0.00011333 1.71999e-05 0.00460069 0.843921 3.62995e-05 0.0168257 0.000564055 0.000290285 
0.0175299 0.0157816 0.00829176 1.23387e-06 7.28137e-05 0.00173683 0.373144 0.0136175 0.000199506 0.000168354 0.00846106 0.518169 2.00083e-08 0.0330602 0.00351314 0.0062538 
0.00197541 0.0289172 0.0902683 0.000227893 0.00562314 0.169237 0.0556626 0.000276173 0.00360225 0.000583296 0.00589733 0.504676 7.40071e-05 0.127336 2.97196e-05 0.00561346 
0.00311376 0.044958 0.00456719 6.07639e-07 0.000807523 0.0051811 0.0750028 3.03546e-07 0.00011333 1.71999e-05 0.00460069 0.843921 3.62995e-05 0.0168257 0.000564055 0.000290285 
1.10863e-08 0.000570093 2.6032e-08 1.92223e-06 8.32849e-09 0.00190797 0.464063 1.90248e-12 0.0117985 9.09004e-09 0.00245222 0.518636 1.19894e-08 1.11122e-08 0.00057081 3.54015e-13 
0.00638754 0.107659 0.0281377 3.75891e-05 0.00172351 0.00794807 0.271328 1.89809e-05 0.0062264 0.000535681 0.00071816 0.493056 0.000336551 0.0717172 0.00238352 0.0017861 
8.11027e-09 4.80627e-10 2.99359e-13 3.52524e-12 1.01837e-07 0.000196816 0.437599 4.15679e-09 0.000446541 0.000109634 2.12966e-05 0.56125 1.63364e-05 0.000186153 1.94545e-09 0.000173785 
0.0595909 0.0513128 0.0442186 3.39688e-05 0.000210517 0.0105509 0.0918027 0.000128688 0.00230289 0.00101822 0.0109844 0.657376 0.000995125 0.0558843 0.00563397 0.0079564 
0.00193497 0.017027 0.000701981 1.70116e-08 2.86153e-05 0.00606737 0.205788 8.68563e-08 2.21135e-07 0.000444894 0.00176603 0.758943 8.0385e-07 0.00612736 0.00112357 4.60081e-05 
0.0106221 0.0444308 0.0153396 2.83819e-08 0.000381711 0.00158311 0.278041 4.79781e-06 0.000103771 0.000622625 0.00426923 0.55439 1.48858e-05 0.0839567 0.00488216 0.00135782 
0.00501367 0.006032 0.00156907 4.19429e-12 2.90848e-05 0.000265193 0.043676 4.11798e-12 3.34291e-09 4.68358e-12 0.00760316 0.935717 3.34422e-05 2.2641e-07 8.96407e-09 6.15705e-05 
0.000974985 4.79844e-05 6.09205e-06 1.62325e-06 2.54756e-05 4.07322e-05 0.120552 6.40705e-07 0.000373693 0.000275426 1.11374e-05 0.872454 1.99066e-05 0.0021881 2.87113e-06 0.00302574 
0.00058438 0.0717689 0.0218719 5.35852e-11 2.63255e-05 0.323799 0.0650794 8.1184e-05 5.26727e-05 0.000469275 0.00319235 0.349348 0.000636147 0.0466215 0.112801 0.00366782 
4.72221e-05 0.0011522 0.002004 1.37899e-08 1.10054e-06 0.00127727 0.0362104 2.36484e-12 0.000257887 3.29665e-10 1.07209e-05 0.951286 6.83597e-13 0.00665747 1.57994e-08 0.00109618 
0.00767628 0.0296216 0.0626464 0.00172421 0.00247058 0.0581743 0.0638824 0.0014313 0.000943147 0.000291218 0.00850035 0.648499 0.000164677 0.109954 0.00148359 0.00253683 
0.000974985 4.79844e-05 6.09205e-06 1.62325e-06 2.54756e-05 4.07322e-05 0.120552 6.40705e-07 0.000373693 0.000275426 1.11374e-05 0.872454 1.99066e-05 0.0021881 2.87113e-06 0.00302574 
0.0194831 0.00971355 0.0116235 4.05786e-12 5.49268e-05 0.00221493 0.354791 0.0239759 0.000418665 0.000193021 0.00523678 0.517758 3.30305e-08 0.0486795 0.00466698 0.00119037 
0.00295216 0.0364673 0.0653692 9.92714e-07 6.94072e-06 0.0025056 0.122543 1.53929e-07 5.94074e-06 0.000349365 0.0488104 0.67679 6.58775e-07 0.0411069 0.00162396 0.00146747 
0.000444463 0.0422866 0.0143209 5.79217e-10 5.45989e-09 0.000409221 0.0125186 8.00192e-12 7.10599e-06 3.99928e-05 5.45281e-06 0.92125 2.9069e-06 0.00861185 9.85615e-06 9.30169e-05 
0.0299265 0.0102919 0.00577575 2.55803e-07 0.0987564 0.0686876 0.188422 0.000183706 0.000326322 0.000136723 0.000156946 0.258401 0.150381 0.0931589 0.0952608 0.000134296 
0.00190228 0.000956998 0.000572644 1.14838e-08 1.53721e-05 0.00237169 0.120113 2.83499e-07 0.000126921 7.58139e-06 0.00779062 0.851875 1.12743e-05 0.00750493 0.00664327 0.000108298 
0.0175299 0.0157816 0.00829176 1.23387e-06 7.28137e-05 0.00173683 0.373144 0.0136175 0.000199506 0.000168354 0.00846106 0.518169 2.00083e-08 0.0330602 0.00351314 0.0062538 
0.00166436 0.0317179 0.00077037 3.06383e-08 2.37459e-06 0.00554444 0.431255 7.881e-05 0.000308142 0.00068143 0.000190113 0.449939 2.42606e-05 0.0671516 0.00549201 0.00518103 
0.00280453 0.168133 0.00194348 1.05859e-06 2.40847e-05 0.0129081 0.08266 2.78077e-06 8.71324e-07 3.31288e-05 2.99275e-05 0.418722 1.01922e-05 0.309578 0.0030509 9.83401e-05 
0.000515709 0.00260677 0.00121073 1.59058e-12 2.11103e-05 0.000930636 0.0420931 4.54325e-06 1.17598e-08 2.5533e-05 0.000634274 0.943439 2.33052e-06 0.00775781 0.00070861 5.01003e-05 
0.0292309 0.116229 0.0399831 9.45314e-05 0.000167385 0.0362876 0.214789 3.29124e-05 0.00332082 0.000548169 0.00416566 0.358758 7.4297e-05 0.06378 0.00713428 0.125405 
0.00231548 0.0299909 0.0730686 6.38309e-06 0.00138446 0.0170907 0.0580955 9.23107e-06 0.0166405 3.50704e-05 0.0062999 0.778876 4.17169e-05 0.00922579 5.58988e-05 0.0068637 
0.000225798 0.00177026 0.00357508 0.00125005 1.006e-05 0.000288914 0.1019 2.29023e-09 0.0013155 2.70608e-05 1.09674e-06 0.867447 1.55342e-06 0.00998218 4.36489e-06 0.0122015 
0.00201844 0.0539297 0.00620152 1.00624e-09 0.24507 0.0263544 0.259563 5.67077e-06 0.00492539 0.00038556 0.00514118 0.333625 7.86798e-05 0.046046 0.0160456 0.000608897 
0.0102889 0.0927941 0.0164559 7.29103e-08 0.0145309 0.00951185 0.347066 2.25787e-07 0.00891812 0.000600218 6.45243e-05 0.43056 2.45445e-05 0.0640379 5.26223e-05 0.00509411 
0.00519904 0.0328614 0.00460213 6.38196e-09 0.000129886 0.000302676 0.214426 0.000112223 0.000281318 9.44598e-05 0.00908506 0.670726 3.2079e-08 0.0337024 0.00200012 0.0264772 
0.020121 0.155205 0.2952 0.000824607 0.000213821 0.0465656 0.0882706 1.52036e-06 0.00314828 0.000417904 0.00322483 0.310986 1.20356e-05 0.0244009 0.00115137 0.0502565 
0.0232801 0.0291259 0.00788928 0.000299773 0.000117234 0.000153787 0.364925 2.88412e-07 0.000740741 0.00066261 4.78302e-05 0.509564 1.34367e-05 0.0537608 0.000177674 0.00924161 
0.00280453 0.168133 0.00194348 1.05859e-06 2.40847e-05 0.0129081 0.08266 2.78077e-06 8.71324e-07 3.31288e-05 2.99275e-05 0.418722 1.01922e-05 0.309578 0.0030509 9.83401e-05 
0.137365 0.0367114 0.0857372 0.000364961 0.000412988 0.0190309 0.122772 0.00221829 0.00209371 0.0253038 0.00440599 0.314683 0.00303247 0.182202 0.00722753 0.0564398 
1.10863e-08 0.000570093 2.6032e-08 1.92223e-06 8.32849e-09 0.00190797 0.464063 1.90248e-12 0.0117985 9.09004e-09 0.00245222 0.518636 1.19894e-08 1.11122e-08 0.00057081 3.54015e-13 
0.0063912 0.0507031 0.00545909 1.62052e-05 0.0018694 0.00537974 0.132078 1.42646e-07 0.00105839 1.90295e-05 0.0198587 0.75886 0.000232382 0.0172175 0.000385984 0.000472038 
0.000343812 0.00176148 0.000825573 1.17976e-12 1.4074e-05 0.000623624 0.0291932 3.02905e-06 8.2406e-09 1.79172e-05 0.000446971 0.96107 1.55423e-06 0.00518482 0.000480115 3.34005e-05 
0.00640372 0.110818 0.050332 4.12277e-07 0.00107683 0.0305786 0.138456 8.86871e-05 2.28534e-07 4.60372e-07 6.73862e-05 0.570325 8.75032e-05 0.0910561 0.000538064 0.000171414 
0.002875 0.0609771 0.0233198 1.28864e-06 0.00352241 0.0221096 0.306794 0.00480652 0.00297034 8.5667e-05 0.00392414 0.499888 4.25847e-05 0.0479925 0.00290866 0.017782 
0.00615768 0.0200564 0.0844859 3.09914e-06 2.95345e-07 0.0168209 0.221396 6.12869e-11 0.13382 0.000439885 8.32249e-08 0.261551 1.7716e-11 0.203449 2.27534e-07 0.0518201 
0.032866 0.192437 0.0364451 4.86922e-07 0.00803085 0.0105257 0.058744 0.0001241 0.00164395 5.73085e-05 0.00559239 0.592721 0.00367323 0.0341306 0.0170349 0.00597269 
0.00108058 0.103332 0.00707614 1.39256e-09 0.000323212 0.00056715 0.0567756 6.63524e-10 1.025e-08 2.23106e-06 0.000383475 0.774123 4.38982e-05 0.0394608 1.21324e-07 0.0168323 
0.173938 0.0445346 0.0154724 7.97111e-12 1.35129e-05 0.000399211 0.0139775 1.58488e-05 0.000134237 7.23186e-05 0.00148654 0.511405 0.0114538 0.121945 9.57875e-07 0.105151 
0.00535367 0.0213585 0.0299935 5.75064e-07 0.00477474 0.0465087 0.140929 0.000805676 5.7536e-07 0.00276049 0.00109381 0.743829 5.75545e-07 5.75691e-07 5.75274e-07 0.00259084 
0.0366339 0.228718 0.0119496 1.06352e-10 2.14985e-07 0.175659 0.138685 7.39831e-05 0.0017723 2.62433e-07 0.0174202 0.242776 0.000192384 0.0630086 0.07583 0.0072809 
0.00583122 0.0225424 0.0013239 2.12935e-07 4.31862e-05 0.000433635 0.0612414 2.19183e-07 9.09975e-05 7.72636e-05 0.000218648 0.874991 1.36712e-05 0.0263113 0.00158908 0.00529151 
0.00813222 0.0200164 0.00327546 3.01155e-08 7.5995e-05 0.00653999 0.0818634 1.58053e-05 0.000396084 2.532e-05 0.00504721 0.799504 6.21299e-05 0.0184905 0.00429822 0.0522576 
0.0063912 0.0507031 0.00545909 1.62052e-05 0.0018694 0.00537974 0.132078 1.42646e-07 0.00105839 1.90295e-05 0.0198587 0.75886 0.000232382 0.0172175 0.000385984 0.000472038 
0.00163803 0.000418047 0.00054314 1.12118e-09 0.00131276 0.000106929 0.10381 8.83982e-11 2.0925e-07 7.02448e-08 2.83473e-09 0.885686 8.93225e-08 0.00128352 0.00184528 0.00335608 
0.00434595 0.0170095 0.0552025 6.16187e-06 4.48913e-05 0.000516886 0.0324836 4.56951e-06 0.00127219 0.0002787 0.000774326 0.859572 6.91389e-05 0.0171108 0.000155199 0.0111535 
0.00702002 0.0333973 0.000280046 9.48768e-08 2.10031e-05 0.00377072 0.365635 1.64243e-06 0.00391021 4.55139e-05 9.12316e-05 0.555167 4.23513e-05 0.022334 0.00184855 0.00643559 
0.0453798 0.0482375 0.00981681 1.2143e-07 2.4113e-05 0.00195359 0.349075 2.29314e-09 0.000527552 0.00672887 0.00668554 0.513026 0.000257136 0.0162079 0.000115884 0.00196368 
0.00346312 0.00477846 0.01645 1.47991e-07 0.000210011 0.000824429 0.223827 5.03446e-06 0.000891333 1.41684e-05 0.0316753 0.640303 3.56721e-08 0.0688188 0.00103142 0.00770749 
0.00501367 0.006032 0.00156907 4.19429e-12 2.90848e-05 0.000265193 0.043676 4.11798e-12 3.34291e-09 4.68358e-12 0.00760316 0.935717 3.34422e-05 2.2641e-07 8.96407e-09 6.15705e-05 
0.0157367 0.0278258 0.181341 1.14458e-06 9.7373e-05 0.00789961 0.123475 6.20206e-07 0.161426 0.000593963 0.000224731 0.216473 1.84397e-05 0.196566 2.85689e-05 0.0682916 
0.00108058 0.103332 0.00707614 1.39256e-09 0.000323212 0.00056715 0.0567756 6.63524e-10 1.025e-08 2.23106e-06 0.000383475 0.774123 4.38982e-05 0.0394608 1.21324e-07 0.0168323 
0.0421632 0.0253111 0.00046797 5.93561e-07 1.86778e-06 0.000379664 0.106107 1.00791e-06 0.000122934 0.000698009 0.000126765 0.683987 2.16839e-06 0.116739 0.0154536 0.00843755 
0.00922911 0.0164245 0.00169957 4.91653e-07 0.000179384 0.00178404 0.0409991 1.85803e-07 0.000171907 0.000118655 0.00454487 0.900602 3.34948e-05 0.022753 0.000550163 0.000909103 
0.0643174 0.17594 0.0405514 2.69123e-05 0.00337294 0.0356826 0.225486 2.98228e-06 0.00118257 0.00779465 0.0761963 0.346731 0.00107043 0.0201236 0.000483348 0.00103804 
0.0041384 0.00547842 0.00197969 6.71811e-12 0.00152963 0.00206396 0.256444 3.07685e-06 0.000120282 0.000241071 0.00140751 0.638257 3.67414e-06 0.0248515 0.0622757 0.00120584 
0.00102496 0.00273911 0.00183807 5.43197e-08 0.000112172 0.00551238 0.365106 7.20883e-09 0.00782005 0.000447799 8.03245e-06 0.582263 1.06647e-06 0.0306048 0.000151473 0.00237133 
0.000720388 0.0688878 0.00471743 1.09899e-09 0.000215484 0.000378104 0.0432261 5.44243e-10 8.08842e-09 1.86357e-06 0.000255661 0.844039 2.92665e-05 0.0263072 8.10073e-08 0.0112215 
0.00821724 0.0647605 0.00701882 2.08341e-05 0.00239373 0.00656844 0.13703 1.83317e-07 0.00136079 2.44652e-05 0.025472 0.723755 0.000298775 0.0221368 0.000335126 0.000606903 
0.00695407 0.00219454 0.00408727 9.18431e-07 4.33549e-05 8.14307e-05 0.0469995 2.216e-06 0.000156756 0.000288043 4.14025e-05 0.91364 7.59627e-06 0.0117628 0.000143457 0.0135966 
0.0049242 0.00497495 0.00228938 1.43406e-07 0.000106995 0.000305124 0.107089 5.01806e-06 0.00053446 1.62328e-05 0.0229965 0.812962 1.05299e-08 0.0152024 0.0267327 0.00186124 
0.0301166 0.0180794 0.000334266 4.24243e-07 1.33455e-06 0.000271192 0.0832261 7.20159e-07 8.78128e-05 0.000506624 9.05494e-05 0.766833 1.54913e-06 0.0833851 0.0110383 0.00602683 
0.00231548 0.0299909 0.0730686 6.38309e-06 0.00138446 0.0170907 0.0580955 9.23107e-06 0.0166405 3.50704e-05 0.0062999 0.778876 4.17169e-05 0.00922579 5.58988e-05 0.0068637 
0.00367028 0.0874672 0.168713 2.34961e-06 2.40035e-05 0.00122275 0.00291524 6.38506e-06 0.00227992 7.00621e-05 0.00316136 0.696203 9.26888e-05 0.0231167 0.000165103 0.0108895 
0.00147344 0.0156472 0.00126736 1.85757e-07 8.25192e-06 0.000530169 0.452501 7.2147e-05 2.55688e-06 2.77067e-05 0.00912174 0.497668 5.96749e-05 0.0153621 0.00623867 2.00554e-05 
0.00498559 0.0268501 0.0345608 7.95646e-05 0.00147899 0.0577082 0.383017 0.000137898 0.00141516 0.000586014 0.00615349 0.427678 0.0077706 0.0415878 0.000277413 0.00571324 
0.000789921 0.0274277 0.00301265 1.69909e-07 0.00494634 0.0110051 0.116957 1.37909e-05 0.000206327 6.18759e-05 0.000247008 0.802193 3.6829e-05 0.0286611 0.00196915 0.00247175 
0.000557938 0.00217325 0.000521123 1.50139e-11 0.00593048 0.000906718 0.357317 6.47574e-08 4.23375e-08 1.14187e-08 0.00170278 0.611665 4.26106e-12 0.0154554 0.00244562 0.00132481 
0.000273054 0.201873 0.00753031 1.29619e-11 8.46805e-05 0.000295918 0.30072 4.73188e-09 5.99563e-08 2.4454e-08 0.0076544 0.460381 0.00649103 0.0146349 2.78796e-05 3.49256e-05 
0.0743585 0.0483811 0.0894037 1.91351e-09 0.0014692 0.00256838 0.102682 4.03534e-08 0.000616279 2.90025e-07 1.05758e-06 0.268604 7.13712e-08 0.170465 0.0298081 0.211642 
0.0175299 0.0157816 0.00829176 1.23387e-06 7.28137e-05 0.00173683 0.373144 0.0136175 0.000199506 0.000168354 0.00846106 0.518169 2.00083e-08 0.0330602 0.00351314 0.0062538 
0.00572724 0.00633725 0.0159266 1.04659e-09 1.29218e-05 6.83431e-05 0.00384793 1.8567e-06 2.67149e-05 8.86019e-06 8.22078e-05 0.931797 4.14748e-07 0.0144823 0.000446591 0.021234 
4.72221e-05 0.0011522 0.002004 1.37899e-08 1.10054e-06 0.00127727 0.0362104 2.36484e-12 0.000257887 3.29665e-10 1.07209e-05 0.951286 6.83597e-13 0.00665747 1.57994e-08 0.00109618 
0.0472241 0.0280992 0.0236737 0.00385084 1.60891e-05 0.00125566 0.214994 3.2786e-05 0.00041874 0.000670442 0.000735527 0.349867 0.00207464 0.279914 0.0216301 0.0255437 
0.0375432 0.0585217 0.0132529 1.49536e-05 0.000695795 0.0143989 0.206062 2.23603e-05 0.00347417 0.00193074 0.00904501 0.572662 0.00166858 0.0576668 0.0117675 0.0112729 
0.00889716 0.026852 0.00395809 2.5188e-07 0.000673912 0.00158887 0.0524083 1.90637e-06 0.00011766 3.54601e-05 0.00853085 0.8719 4.83221e-05 0.01865 0.00328022 0.00305717 
0.00108058 0.103332 0.00707614 1.39256e-09 0.000323212 0.00056715 0.0567756 6.63524e-10 1.025e-08 2.23106e-06 0.000383475 0.774123 4.38982e-05 0.0394608 1.21324e-07 0.0168323 
0.00236237 0.0291757 0.0522988 8.1482e-07 5.59755e-06 0.00904709 0.136176 1.34603e-07 4.79977e-06 0.000280134 0.0390529 0.680272 5.5986e-07 0.0488481 0.00129981 0.00117484 
0.000752646 0.0115908 0.00232374 5.66515e-10 1.18712e-06 0.00110758 0.0577182 1.36191e-05 0.000161375 1.32655e-11 4.56087e-08 0.904576 1.93852e-06 0.00108532 0.020323 0.000344881 
0.0562082 0.128252 0.00461675 7.47048e-06 0.00253433 0.18073 0.098023 1.14622e-06 1.25983e-05 1.34028e-05 0.0339331 0.447536 0.000771142 0.0239589 0.000252426 0.0231508 
0.0610559 0.115888 0.00822667 2.04419e-07 2.04468e-07 0.00421514 0.18125 2.04422e-07 0.00482699 0.00560048 0.00546125 0.283256 0.000429843 0.248313 0.00171795 0.0797588 
0.0206973 0.0411626 0.0381178 8.24726e-07 0.000117754 0.0282941 0.194362 8.63135e-05 0.000300266 0.000596069 0.00325941 0.60629 4.10275e-05 0.0533466 0.00527758 0.0080506 
0.00263809 3.35592e-07 0.00248295 1.19615e-08 8.12477e-09 0.00530565 0.42118 2.25436e-09 3.34859e-13 0.0001458 2.28311e-08 0.557568 3.27478e-09 0.00647441 0.00408304 0.000121354 
0.00130389 0.0143959 0.00109075 5.45511e-09 6.11639e-06 0.000442335 0.456145 2.96684e-05 1.63119e-08 1.98616e-05 0.00437357 0.503816 3.82716e-05 0.0123546 0.00596977 1.43057e-05 
0.0242573 0.0896602 0.00464746 0.00142088 1.71046e-05 0.0135997 0.280746 4.36746e-05 0.000117078 0.00369066 0.00122342 0.312975 3.4195e-05 0.106413 0.00249133 0.158663 
0.000343812 0.00176148 0.000825573 1.17976e-12 1.4074e-05 0.000623624 0.0291932 3.02905e-06 8.2406e-09 1.79172e-05 0.000446971 0.96107 1.55423e-06 0.00518482 0.000480115 3.34005e-05 
0.00108058 0.103332 0.00707614 1.39256e-09 0.000323212 0.00056715 0.0567756 6.63524e-10 1.025e-08 2.23106e-06 0.000383475 0.774123 4.38982e-05 0.0394608 1.21324e-07 0.0168323 
0.00794142 0.024788 0.00611454 1.09263e-06 0.00523968 0.00711669 0.0560807 0.000859236 0.00076171 0.000118304 0.00287999 0.861612 0.000109569 0.0211975 0.00134601 0.00383341 
0.000568892 0.000228589 0.0902888 7.94644e-06 0.00078425 0.0257959 0.0267272 4.87416e-05 0.000205251 3.43555e-05 2.4704e-05 0.832656 2.83968e-05 0.0169722 0.00129455 0.00433373 
0.0576242 0.0456639 0.144948 1.63552e-07 0.00265033 0.00189912 0.0165859 0.000294561 0.00281471 1.63528e-07 0.00148931 0.544132 0.000393016 0.146375 0.00356688 0.0315631 
0.000186723 0.000757098 0.000147193 5.22406e-07 2.81495e-05 0.00318977 0.0721242 4.65352e-08 8.05588e-05 2.67826e-05 4.54262e-06 0.911098 5.19019e-07 0.0116155 0.00059077 0.000150023 
0.00519904 0.0328614 0.00460213 6.38196e-09 0.000129886 0.000302676 0.214426 0.000112223 0.000281318 9.44598e-05 0.00908506 0.670726 3.2079e-08 0.0337024 0.00200012 0.0264772 
0.0143054 0.0736131 0.0395023 0.00010322 0.00423504 0.0134856 0.165898 1.32377e-06 0.000129635 0.000187169 0.00191813 0.55431 7.79691e-06 0.0718112 0.0130293 0.0474632 
0.00486095 0.0353273 0.00613848 1.81661e-06 0.000475249 0.0115432 0.0646976 7.09579e-06 0.000379932 0.000390087 0.00617248 0.836846 8.43994e-05 0.0196439 0.0110938 0.00233803 
0.00130389 0.0143959 0.00109075 5.45511e-09 6.11639e-06 0.000442335 0.456145 2.96684e-05 1.63119e-08 1.98616e-05 0.00437357 0.503816 3.82716e-05 0.0123546 0.00596977 1.43057e-05 
0.00243802 0.00668629 0.000595168 4.35341e-10 1.0786e-05 0.000341119 0.164221 8.26196e-06 0.000133707 0.000390101 0.000426753 0.810284 1.34609e-07 0.0101191 0.000536341 0.00380871 
0.0063912 0.0507031 0.00545909 1.62052e-05 0.0018694 0.00537974 0.132078 1.42646e-07 0.00105839 1.90295e-05 0.0198587 0.75886 0.000232382 0.0172175 0.000385984 0.000472038 
0.000119229 7.04487e-06 1.33704e-05 2.083e-12 1.32417e-08 5.17359e-07 0.0112878 2.0451e-12 2.06791e-09 5.16155e-10 0.00216181 0.986409 2.41034e-08 9.59837e-11 1.19223e-06 1.05151e-09 
0.000343812 0.00176148 0.000825573 1.17976e-12 1.4074e-05 0.000623624 0.0291932 3.02905e-06 8.2406e-09 1.79172e-05 0.000446971 0.96107 1.55423e-06 0.00518482 0.000480115 3.34005e-05 
0.0194667 0.00260414 0.00140743 7.75882e-08 8.62199e-05 0.0134822 0.240875 4.76537e-07 0.0276602 0.000192561 8.93253e-05 0.57148 2.30636e-05 0.101569 0.000350517 0.0207127 
0.000385953 0.0402223 0.00252725 1.69678e-09 0.000119854 0.000283728 0.27217 8.50193e-10 0.000200795 8.00774e-07 0.000150217 0.662626 1.56855e-05 0.0152836 1.7469e-06 0.00601201 
0.000471054 0.00207969 0.00256068 4.93309e-06 1.19142e-05 0.00149772 0.0361011 3.10554e-07 0.000184439 2.01942e-06 0.000157657 0.947252 1.62209e-07 0.00861514 5.11285e-05 0.00100952 
0.068569 0.067772 0.0146727 1.51853e-07 0.000168595 0.000784321 0.0259524 9.28983e-06 5.19106e-05 0.000141741 0.00367458 0.655001 0.00319126 0.0863917 0.000130027 0.0734895 
0.00280913 0.0316183 0.00375183 1.01191e-09 0.032066 0.000248135 0.0244884 1.3951e-07 7.44098e-09 3.55859e-06 0.000225394 0.889082 6.31072e-05 0.0109614 2.02259e-07 0.00468272 
0.0175299 0.0157816 0.00829176 1.23387e-06 7.28137e-05 0.00173683 0.373144 0.0136175 0.000199506 0.000168354 0.00846106 0.518169 2.00083e-08 0.0330602 0.00351314 0.0062538 
0.00192551 0.0266228 0.00293328 3.44984e-06 0.000642695 0.00181154 0.0803081 9.50034e-08 0.000376659 5.57635e-06 0.00554932 0.866858 9.18028e-05 0.0105269 9.88637e-05 0.00224531 
0.000720873 0.086949 0.00471829 1.85236e-08 0.000216526 0.000378506 0.262821 7.44967e-09 1.36174e-07 1.55673e-06 0.000256789 0.606351 2.93853e-05 0.0263092 1.67157e-05 0.0112304 
0.0175299 0.0157816 0.00829176 1.23387e-06 7.28137e-05 0.00173683 0.373144 0.0136175 0.000199506 0.000168354 0.00846106 0.518169 2.00083e-08 0.0330602 0.00351314 0.0062538 
0.0136039 0.0722409 0.0614206 4.74114e-05 5.52462e-07 0.00506742 0.324142 3.82924e-07 0.00354556 0.000364739 0.0203453 0.399397 3.31141e-05 0.0928116 0.00200409 0.00497559 
0.000720388 0.0688878 0.00471743 1.09899e-09 0.000215484 0.000378104 0.0432261 5.44243e-10 8.08842e-09 1.86357e-06 0.000255661 0.844039 2.92665e-05 0.0263072 8.10073e-08 0.0112215 
0.00202573 0.0434379 0.153802 6.65475e-06 1.24062e-05 0.000744167 0.000534067 8.54163e-06 0.000698423 3.85286e-05 0.00253517 0.772561 8.29962e-05 0.0146252 0.000425402 0.00846104 
0.00108058 0.103332 0.00707614 1.39256e-09 0.000323212 0.00056715 0.0567756 6.63524e-10 1.025e-08 2.23106e-06 0.000383475 0.774123 4.38982e-05 0.0394608 1.21324e-07 0.0168323 
0.0165794 0.0102401 0.0187199 0.000145615 0.000124699 0.0060442 0.0905126 0.000810715 0.000564319 0.000573608 0.000409865 0.799251 4.91401e-05 0.043014 0.00199524 0.0109657 
0.0301166 0.0180794 0.000334266 4.24243e-07 1.33455e-06 0.000271192 0.0832261 7.20159e-07 8.78128e-05 0.000506624 9.05494e-05 0.766833 1.54913e-06 0.0833851 0.0110383 0.00602683 
0.178372 0.194703 0.0507507 9.6371e-09 4.22633e-06 0.0302222 0.0267871 5.62362e-06 0.0818834 7.99337e-05 0.000202933 0.218027 0.000348491 0.113406 4.21279e-08 0.105208 
0.00130389 0.0143959 0.00109075 5.45511e-09 6.11639e-06 0.000442335 0.456145 2.96684e-05 1.63119e-08 1.98616e-05 0.00437357 0.503816 3.82716e-05 0.0123546 0.00596977 1.43057e-05 
7.66546e-05 0.0147931 0.00399566 4.1067e-05 0.00027447 0.153909 0.316666 6.60991e-07 0.000186874 9.45657e-05 0.00261738 0.504159 7.40109e-05 0.00270012 0.000354573 5.65527e-05 
0.00246039 2.67444e-07 2.67442e-07 2.67155e-07 2.67219e-07 2.67402e-07 0.160093 2.67159e-07 2.67293e-07 0.00138927 2.67305e-07 0.835439 2.67378e-07 0.000133991 2.67253e-07 0.000481606 
0.000186723 0.000757098 0.000147193 5.22406e-07 2.81495e-05 0.00318977 0.0721242 4.65352e-08 8.05588e-05 2.67826e-05 4.54262e-06 0.911098 5.19019e-07 0.0116155 0.00059077 0.000150023 
2.82524e-08 0.0210922 0.0202766 3.01824e-12 1.5316e-05 0.000268307 0.0121153 5.8533e-09 0.00160056 4.41438e-09 5.9556e-06 0.942425 2.0228e-06 0.0014215 1.89047e-05 0.000758743 
0.0168834 0.0922387 0.0321295 0.000894536 0.00336932 0.0544877 0.335643 3.54251e-05 0.00350264 0.000283064 0.00073654 0.391336 0.000710181 0.0646751 0.00113997 0.00193479 
0.000133181 0.000377487 0.00151014 1.03937e-07 8.62618e-07 0.0131193 0.377248 0.0717699 0.000562576 1.89729e-08 0.0214988 0.510538 0.000117236 0.00269314 0.000430635 1.73737e-07 
0.000211596 0.11799 0.00935425 1.9877e-11 1.12941e-06 0.00405005 0.212203 6.05647e-09 1.10182e-11 0.000367042 1.01475e-08 0.499809 1.70839e-08 0.0534168 2.04966e-05 0.102578 
0.00582192 0.0721831 0.0176209 8.70561e-12 1.27011e-05 0.0139057 0.0996627 1.40513e-05 0.000184458 7.39701e-05 0.00227195 0.701989 4.41553e-05 0.082923 0.00167822 0.00161387 
0.00102496 0.00273911 0.00183807 5.43197e-08 0.000112172 0.00551238 0.365106 7.20883e-09 0.00782005 0.000447799 8.03245e-06 0.582263 1.06647e-06 0.0306048 0.000151473 0.00237133 
0.000817425 0.0463368 0.2131 0.0013193 1.10007e-06 0.0208214 0.292041 7.6777e-06 0.00119043 5.9318e-05 5.575e-05 0.315817 1.42778e-05 0.0579772 0.00237979 0.0480615 
0.0283633 0.0350741 0.0154689 5.09667e-05 0.000526709 0.0101263 0.104663 5.6648e-05 0.00143469 0.00243657 0.0019956 0.744176 0.00123346 0.0280662 0.0155103 0.0108173 
0.0482522 0.230798 0.137265 2.22819e-05 0.000570619 0.00714971 0.0428426 8.82297e-05 0.00140705 0.00109295 0.0183725 0.364445 0.0237318 0.1065 0.00175681 0.0157047 
0.00505859 0.0204445 0.00556402 4.38895e-06 0.000544423 0.00310456 0.05672 8.10997e-07 0.000493915 7.3429e-05 0.0038809 0.880825 4.63939e-05 0.0183004 0.000700884 0.00423746 
0.00118359 0.00481775 0.0135063 0.00400427 2.76828e-06 0.0376556 0.239507 6.78126e-05 0.00136955 0.000418881 0.00160489 0.6651 4.19357e-05 0.0242216 0.00203619 0.00446163 
3.32309e-09 2.08302e-07 3.50746e-05 1.66124e-08 9.43347e-08 0.00491044 0.398605 1.63101e-08 9.20859e-09 1.85503e-08 1.5077e-07 0.581443 0.0150012 1.95143e-06 2.19625e-06 3.035e-09 
0.00572724 0.00633725 0.0159266 1.04659e-09 1.29218e-05 6.83431e-05 0.00384793 1.8567e-06 2.67149e-05 8.86019e-06 8.22078e-05 0.931797 4.14748e-07 0.0144823 0.000446591 0.021234 
0.014387 0.114177 0.029592 0.000964777 0.00161305 0.0366011 0.186204 2.78239e-05 0.00714377 0.00082729 0.0655834 0.48509 0.000392057 0.0180695 0.00288241 0.0364451 
0.000191527 0.0474673 0.0159141 9.02075e-10 0.00221504 0.057943 0.0981357 1.22885e-05 0.00891688 7.34087e-05 0.00101937 0.751743 0.000111352 0.0126079 0.00346583 0.000182901 
0.00130389 0.0143959 0.00109075 5.45511e-09 6.11639e-06 0.000442335 0.456145 2.96684e-05 1.63119e-08 1.98616e-05 0.00437357 0.503816 3.82716e-05 0.0123546 0.00596977 1.43057e-05 
0.0120011 0.237894 0.0789164 4.30786e-06 0.000570084 0.0225133 0.0296482 4.89318e-05 0.00194007 0.000216512 0.0230703 0.486666 0.0218961 0.0544751 0.00356121 0.0265784 
0.00187797 0.00118827 0.00137709 3.67308e-09 9.51149e-05 0.00625495 0.241734 0.000173932 0.0540711 0.000456983 0.114945 0.514887 6.58123e-07 0.0611415 0.000945842 0.000850132 
0.00646596 0.0754234 0.0175939 5.27445e-13 9.52697e-06 0.00022852 0.00864422 2.42582e-06 5.02914e-09 5.88975e-13 2.05785e-05 0.701189 3.59414e-10 0.188525 2.06058e-05 0.00187646 
0.00872736 0.0335209 0.13969 3.39697e-09 0.0040289 0.179863 0.152237 0.0363454 0.00411192 0.000191622 0.0569423 0.367817 0.000104372 0.0137502 0.00112821 0.00154245 
0.0258532 0.0709209 0.0422578 2.5773e-07 0.0010803 0.00452241 0.178038 2.59082e-05 0.00142346 0.0030962 0.00686428 0.518984 0.000300469 0.122864 0.0102454 0.0135231 
0.0243478 0.0367722 0.0193451 8.25761e-05 0.000349584 0.00996173 0.106352 0.00745795 0.00144035 0.00376619 0.00228715 0.742608 0.000136003 0.0184861 0.00516264 0.0214444 
0.00659538 0.0210929 0.00496137 0.000256018 0.00568348 0.0077377 0.094024 7.25141e-07 0.121444 0.000964444 0.00153946 0.708801 4.9128e-05 0.0219357 0.00054529 0.00436903 
0.00367028 0.0874672 0.168713 2.34961e-06 2.40035e-05 0.00122275 0.00291524 6.38506e-06 0.00227992 7.00621e-05 0.00316136 0.696203 9.26888e-05 0.0231167 0.000165103 0.0108895 
0.00572724 0.00633725 0.0159266 1.04659e-09 1.29218e-05 6.83431e-05 0.00384793 1.8567e-06 2.67149e-05 8.86019e-06 8.22078e-05 0.931797 4.14748e-07 0.0144823 0.000446591 0.021234 
1.26621e-05 0.000111076 0.0002155 2.25162e-10 4.92225e-09 0.000103108 0.0306276 1.2151e-09 3.37501e-05 4.94625e-08 7.04499e-09 0.968716 9.9281e-09 3.70805e-05 4.16549e-07 0.000143206 
0.0063912 0.0507031 0.00545909 1.62052e-05 0.0018694 0.00537974 0.132078 1.42646e-07 0.00105839 1.90295e-05 0.0198587 0.75886 0.000232382 0.0172175 0.000385984 0.000472038 
0.0572743 0.0567246 0.0724399 1.84902e-06 0.00324624 0.0484079 0.246067 0.000555804 0.00106629 6.65386e-07 0.00611229 0.29997 0.000219894 0.20017 0.000182455 0.00756045 
0.0194904 0.0720704 0.122966 0.000384846 0.000718671 0.00425719 0.0504927 0.000642971 0.00649016 0.00690329 0.277989 0.31501 0.00106033 0.0612014 0.000772062 0.0595503 
0.0063912 0.0507031 0.00545909 1.62052e-05 0.0018694 0.00537974 0.132078 1.42646e-07 0.00105839 1.90295e-05 0.0198587 0.75886 0.000232382 0.0172175 0.000385984 0.000472038 
0.00280453 0.168133 0.00194348 1.05859e-06 2.40847e-05 0.0129081 0.08266 2.78077e-06 8.71324e-07 3.31288e-05 2.99275e-05 0.418722 1.01922e-05 0.309578 0.0030509 9.83401e-05 
0.0275241 0.0140773 0.00774301 8.18083e-05 0.000107514 0.00666398 0.300124 0.000212406 0.00160738 0.000495702 0.00166544 0.587615 0.00298316 0.032435 0.00128508 0.0153791 
0.000752646 0.0115908 0.00232374 5.66515e-10 1.18712e-06 0.00110758 0.0577182 1.36191e-05 0.000161375 1.32655e-11 4.56087e-08 0.904576 1.93852e-06 0.00108532 0.020323 0.000344881 
0.00213296 0.114366 0.0384004 0.000109665 8.84057e-05 0.0319633 0.210986 1.86468e-06 0.0076089 6.01251e-06 0.234758 0.242925 1.74538e-05 0.11591 0.000353641 0.000371785 
0.0167614 0.0259954 0.0128757 1.37039e-05 0.00338533 0.00399352 0.075635 3.08068e-06 0.00143209 0.000104733 0.00208635 0.823853 0.000448831 0.0267685 0.00070697 0.0059366 
0.00802796 0.0135006 0.107788 4.20704e-07 1.16657e-07 0.00234288 0.0323221 3.53496e-06 0.00356295 0.00416317 0.0236638 0.684592 4.70382e-05 0.0624898 0.00260378 0.0548916 
0.000720388 0.0688878 0.00471743 1.09899e-09 0.000215484 0.000378104 0.0432261 5.44243e-10 8.08842e-09 1.86357e-06 0.000255661 0.844039 2.92665e-05 0.0263072 8.10073e-08 0.0112215 
0.0643174 0.17594 0.0405514 2.69123e-05 0.00337294 0.0356826 0.225486 2.98228e-06 0.00118257 0.00779465 0.0761963 0.346731 0.00107043 0.0201236 0.000483348 0.00103804 
9.85325e-08 0.000744301 0.0112941 4.92572e-07 1.82035e-06 0.000128714 0.276732 4.8361e-07 0.0013307 2.01225e-05 6.9602e-07 0.70954 5.93833e-07 2.03068e-05 0.000132113 5.33555e-05 
0.0980601 0.0103109 0.0970593 8.03984e-07 2.89913e-08 0.000454878 0.145394 2.60857e-11 3.45946e-05 0.000793688 0.000409117 0.33578 3.82332e-05 0.252916 0.000226722 0.0585218 
0.00542137 0.00156955 0.000623539 1.3418e-07 7.2082e-05 1.03491e-05 0.0682212 2.64975e-07 0.00227078 0.121865 8.68233e-06 0.780647 6.85905e-07 0.0158204 4.57353e-06 0.00346424 
0.00572724 0.00633725 0.0159266 1.04659e-09 1.29218e-05 6.83431e-05 0.00384793 1.8567e-06 2.67149e-05 8.86019e-06 8.22078e-05 0.931797 4.14748e-07 0.0144823 0.000446591 0.021234 
0.0469904 0.118028 0.127295 0.000309497 0.00219488 0.115859 0.138918 0.0534486 0.00588597 0.0143828 0.0866519 0.166963 0.00507992 0.0952 0.0187029 0.0040912 
0.000974985 4.79844e-05 6.09205e-06 1.62325e-06 2.54756e-05 4.07322e-05 0.120552 6.40705e-07 0.000373693 0.000275426 1.11374e-05 0.872454 1.99066e-05 0.0021881 2.87113e-06 0.00302574 
0.00242725 0.064673 0.0141083 3.36888e-12 0.00528012 0.0215823 0.106151 3.48004e-05 0.00040101 0.000135604 0.000928678 0.754204 4.50537e-05 0.0293749 0.000144473 0.00050972 
0.0178953 0.0226645 0.00430874 6.7053e-07 0.0099435 0.000908523 0.130568 2.78039e-06 0.00169146 0.000444997 0.000558585 0.744967 9.09564e-06 0.0551389 0.00330208 0.00759516 
0.0352878 0.0803342 0.0629651 0.0229898 3.08243e-07 3.08454e-07 0.214349 3.08174e-07 0.0153551 0.00416 3.08342e-07 0.219509 0.00178919 0.219133 3.08282e-07 0.124126 
0.000186723 0.000757098 0.000147193 5.22406e-07 2.81495e-05 0.00318977 0.0721242 4.65352e-08 8.05588e-05 2.67826e-05 4.54262e-06 0.911098 5.19019e-07 0.0116155 0.00059077 0.000150023 
0.00235496 0.00545257 0.00197106 1.17086e-06 0.00013598 0.000612734 0.235426 5.53456e-05 0.000618689 0.000389761 6.73912e-06 0.636748 0.0783207 0.0250181 2.71333e-05 0.0128606 
0.00117144 0.0379773 0.0346585 0.000228913 0.000113921 0.0239073 0.103369 1.11579e-06 0.00167559 6.26602e-05 0.00198943 0.770777 2.02693e-05 0.0214784 0.000328654 0.00224049 
4.72221e-05 0.0011522 0.002004 1.37899e-08 1.10054e-06 0.00127727 0.0362104 2.36484e-12 0.000257887 3.29665e-10 1.07209e-05 0.951286 6.83597e-13 0.00665747 1.57994e-08 0.00109618 
0.00311376 0.044958 0.00456719 6.07639e-07 0.000807523 0.0051811 0.0750028 3.03546e-07 0.00011333 1.71999e-05 0.00460069 0.843921 3.62995e-05 0.0168257 0.000564055 0.000290285 
0.00231548 0.0299909 0.0730686 6.38309e-06 0.00138446 0.0170907 0.0580955 9.23107e-06 0.0166405 3.50704e-05 0.0062999 0.778876 4.17169e-05 0.00922579 5.58988e-05 0.0068637 
0.0092176 0.0101646 0.00982042 5.83276e-06 0.00079194 0.0133578 0.315886 2.36096e-05 0.00119243 0.00160137 0.000304536 0.484629 2.80039e-05 0.0193174 0.124573 0.00908671 
0.000473601 4.70335e-05 0.000197798 1.94289e-10 1.43241e-08 0.000427783 0.0219363 4.36819e-08 0.000119305 6.19226e-07 1.08694e-05 0.976119 2.07746e-09 0.000491478 9.96813e-09 0.000175707 
0.00311376 0.044958 0.00456719 6.07639e-07 0.000807523 0.0051811 0.0750028 3.03546e-07 0.00011333 1.71999e-05 0.00460069 0.843921 3.62995e-05 0.0168257 0.000564055 0.000290285 
0.00519904 0.0328614 0.00460213 6.38196e-09 0.000129886 0.000302676 0.214426 0.000112223 0.000281318 9.44598e-05 0.00908506 0.670726 3.2079e-08 0.0337024 0.00200012 0.0264772 
0.0175299 0.0157816 0.00829176 1.23387e-06 7.28137e-05 0.00173683 0.373144 0.0136175 0.000199506 0.000168354 0.00846106 0.518169 2.00083e-08 0.0330602 0.00351314 0.0062538 
0.0770526 0.0323695 0.0836762 8.67887e-06 0.0328862 0.0716799 0.207308 0.000337125 0.00889687 0.011063 0.00259067 0.451993 0.00530024 0.00930366 0.00246124 0.00307336 
0.00193497 0.017027 0.000701981 1.70116e-08 2.86153e-05 0.00606737 0.205788 8.68563e-08 2.21135e-07 0.000444894 0.00176603 0.758943 8.0385e-07 0.00612736 0.00112357 4.60081e-05 
0.0010309 0.0151348 0.0207059 3.24449e-12 0.00614778 0.00302742 0.151298 3.7757e-06 0.00419135 0.000647916 0.000646674 0.756913 2.18264e-06 0.0321976 0.00122485 0.00682765 
0.00582957 0.00178964 0.000917385 2.35807e-05 6.01221e-06 0.0108344 0.422692 8.44038e-08 0.00251291 0.000578469 3.98504e-06 0.521651 1.68538e-05 0.0302404 4.70613e-05 0.00285701 
0.0161963 0.034947 0.0065973 9.04962e-05 9.45974e-07 0.00306747 0.39522 7.48812e-07 0.0130268 0.00147905 0.000311216 0.421538 3.37103e-06 0.102215 0.0014627 0.00384319 
0.231278 0.206978 0.0381877 7.76892e-05 0.00386138 0.0140716 0.100484 0.000145049 0.000196416 4.45848e-05 0.074374 0.269411 0.000379633 0.0585013 0.000276551 0.00173224 
0.00121349 0.00299156 0.000480037 4.51888e-07 0.000144405 0.0011649 0.0664763 1.45536e-06 0.000457177 4.34344e-05 2.30427e-05 0.915263 6.8855e-06 0.00581674 0.00536039 0.000556244 
0.00130389 0.0143959 0.00109075 5.45511e-09 6.11639e-06 0.000442335 0.456145 2.96684e-05 1.63119e-08 1.98616e-05 0.00437357 0.503816 3.82716e-05 0.0123546 0.00596977 1.43057e-05 
0.0106573 0.0540498 0.0101257 2.05539e-06 0.0048819 0.00469927 0.027558 1.05573e-06 0.000224867 8.36225e-05 0.000635078 0.855376 1.04875e-05 0.0303139 0.000279103 0.00110146 
0.0114064 0.0579268 0.0132199 9.15863e-06 0.0024945 0.0366724 0.143617 6.11034e-06 0.00327793 0.000154439 0.0160886 0.653695 0.000338112 0.0555328 0.00105156 0.00450917 
0.000191527 0.0474673 0.0159141 9.02075e-10 0.00221504 0.057943 0.0981357 1.22885e-05 0.00891688 7.34087e-05 0.00101937 0.751743 0.000111352 0.0126079 0.00346583 0.000182901 
0.000291301 0.0191789 0.0117037 0.00024693 0.000765562 0.0190021 0.122618 3.33358e-06 0.00578373 5.53069e-05 0.000297905 0.801557 3.85405e-05 0.0134836 0.00119874 0.00377454 
0.000806554 0.0197766 0.00665869 5.27715e-12 0.000566793 0.0203663 0.0965861 2.92674e-05 0.000130823 0.000111494 9.39939e-05 0.839046 2.96074e-05 0.01561 0.000113282 7.45101e-05 
0.0063912 0.0507031 0.00545909 1.62052e-05 0.0018694 0.00537974 0.132078 1.42646e-07 0.00105839 1.90295e-05 0.0198587 0.75886 0.000232382 0.0172175 0.000385984 0.000472038 
0.000974985 4.79844e-05 6.09205e-06 1.62325e-06 2.54756e-05 4.07322e-05 0.120552 6.40705e-07 0.000373693 0.000275426 1.11374e-05 0.872454 1.99066e-05 0.0021881 2.87113e-06 0.00302574 
