0.0839188 0.0412791 0.0285007 5.98847e-05 0.109333 0.026959 0.18644 0.000681266 0.406692 0.000250307 0.0227792 0.0286106 1.21664e-05 0.0540475 2.42657e-05 0.010412 
0.000141642 0.00058789 0.000132861 1.41696e-05 0.000267862 0.00512336 0.0743398 0.000381392 0.744778 9.935e-06 0.000338117 0.051621 6.36219e-06 0.0654554 9.82618e-06 0.056792 
0.0172477 0.18463 0.0252671 2.92459e-07 0.00505746 0.0773044 0.0396745 4.793e-06 3.80358e-05 0.000438343 0.0916517 0.000127245 3.72866e-08 0.558191 4.77814e-05 0.000320314 
0.017718 0.0327164 0.048423 0.0368111 4.8552e-05 0.0149372 0.656414 5.2506e-05 0.0150259 0.00255611 0.000870096 0.0518613 2.35393e-05 0.0831552 0.000337929 0.0390495 
0.106331 0.528983 0.00181599 1.07566e-05 1.97787e-05 0.0064057 0.0103817 0.000124144 0.000223586 8.64466e-05 0.000106943 0.00300836 1.08718e-06 0.282755 0.00102298 0.0587236 
0.00771486 0.641178 0.0550743 0.00025318 0.000188145 0.0495453 0.0499418 0.000292298 0.00287816 0.000467631 0.00131119 0.000889643 9.55008e-06 0.17142 3.2918e-05 0.0188035 
0.0214187 0.666856 0.00911547 8.44017e-05 7.16459e-07 0.00137746 0.00813812 1.74122e-05 8.37095e-05 4.83281e-05 0.000604604 0.000849475 4.52555e-07 0.254681 9.17789e-05 0.0366324 
0.33147 0.109966 0.0636628 7.07814e-05 0.0015776 0.000690855 0.407473 1.87152e-08 0.000659248 0.000928152 1.28069e-05 0.0063009 5.40996e-09 0.0675943 0.0012312 0.0083617 
0.0144852 0.0129759 0.0385171 0.00185617 0.000122308 0.0130836 0.833064 0.00150651 0.025215 0.000462864 0.0148054 0.00375344 3.23841e-05 0.0254485 0.000735671 0.0139361 
0.00108843 0.349267 0.147194 0.00712055 0.000294998 0.0131532 0.232793 2.68113e-08 0.0334672 7.10184e-05 6.59846e-05 0.00591625 1.07951e-09 0.163967 0.0442692 0.00133208 
0.0352189 0.127347 0.31449 0.00696545 0.000469384 0.00529682 0.243544 0.000717647 0.0291851 0.000366025 0.0089216 0.134143 1.30868e-05 0.0559256 0.0012877 0.0361082 
0.0160829 0.10445 0.0706848 8.75439e-06 3.79544e-05 0.0361694 0.254946 0.000256342 0.000192939 0.00900871 0.022765 0.306994 2.12909e-06 0.174628 0.000958616 0.0028137 
0.0238502 0.0142876 0.00380587 0.000375225 0.0128502 0.668071 0.179401 7.82177e-05 9.15106e-05 3.18595e-05 4.05371e-05 0.000281589 8.57658e-09 0.0631353 2.61347e-06 0.0336974 
0.0177538 0.160767 0.225132 5.83634e-06 3.03953e-05 0.00132008 0.0317328 1.46177e-06 0.00443351 5.81324e-07 4.94241e-06 0.0232885 3.02087e-07 0.531806 4.90848e-05 0.00367373 
0.000274941 0.00331522 0.00145583 4.3388e-07 1.18862e-05 0.0221942 0.814721 1.2695e-06 3.88395e-06 1.71217e-05 8.25775e-07 0.138117 1.18803e-07 0.0186872 0.00118535 1.31389e-05 
0.023247 0.264371 0.0691415 0.00186427 0.000690228 0.106175 0.0914426 0.000206798 0.00975671 0.012043 0.00108162 0.0192539 9.39784e-05 0.30842 0.000607129 0.0916063 
0.0213672 0.249999 0.466087 0.0336795 0.00344625 0.0610855 0.0399502 0.00017883 0.00666963 0.000241931 0.00846978 0.020775 6.12558e-05 0.0601 0.00041599 0.0274731 
0.00059423 0.0115314 0.000700837 1.06201e-05 0.000253063 0.000519679 0.0262046 1.04269e-05 5.88696e-06 0.000761901 5.55153e-06 0.000556759 3.01408e-06 0.0176348 7.31691e-06 0.9412 
0.0776055 0.133049 0.222664 0.00148017 0.000140922 0.0102581 0.165861 1.26508e-05 0.0232887 0.000950307 0.00430039 0.0193359 8.73005e-06 0.319626 0.000225379 0.0211934 
0.0041336 0.117489 0.00276212 0.0276625 0.000155794 0.281578 0.154419 0.0052371 0.00865283 0.301873 0.000434556 0.0400172 3.11978e-05 0.0417242 0.0135492 0.000280785 
0.00214429 0.285953 0.0582472 2.73796e-12 5.2314e-09 6.0222e-09 0.0369782 2.68815e-12 0.000949883 2.84365e-08 1.43123e-12 0.00137714 7.77056e-13 0.607938 1.34688e-07 0.00641151 
0.00194814 0.00121098 0.89312 0.000515567 0.000445453 0.0758833 5.41019e-05 1.72024e-06 0.00109672 4.21052e-06 5.49106e-06 0.000109576 8.0295e-07 0.0198002 2.88288e-05 0.0057752 
0.00628196 0.0207803 0.0441469 0.00200239 0.000690427 0.28085 0.230907 9.49908e-05 0.021138 0.00243789 0.00154068 0.00333401 5.26536e-07 0.333755 4.25148e-06 0.0520345 
0.207747 0.153134 0.114901 0.000694064 0.00145915 0.00630237 0.0441579 0.000185261 0.11094 0.00695271 0.00135386 0.0147896 7.23894e-05 0.0580705 0.00360115 0.27564 
0.00262247 0.373728 0.0730978 1.52277e-07 5.72865e-06 0.064855 0.0267316 3.63116e-05 0.303416 0.076072 1.91573e-07 0.000126752 4.66854e-08 0.019475 1.14554e-05 0.0598214 
3.3279e-06 0.571797 0.0792692 2.57526e-10 2.04937e-10 0.00831668 1.04499e-06 3.5423e-07 4.27117e-05 2.87568e-10 1.23862e-06 1.63158e-06 7.30879e-11 0.340563 1.82767e-06 2.15958e-06 
0.0160735 0.00965724 0.077728 1.36982e-06 8.57395e-08 0.000107803 0.0342573 2.65002e-06 0.00121302 0.000108952 0.00712309 7.23364e-07 1.83881e-08 0.82611 3.69693e-06 0.0276126 
0.0179752 0.48008 0.198815 5.30594e-05 1.99122e-05 0.0127191 0.00162109 6.54319e-05 0.000183635 1.55437e-05 3.20213e-05 1.26747e-05 2.97018e-09 0.0550712 0.000599734 0.232736 
0.231986 0.480915 0.00697117 3.47222e-05 4.23593e-05 0.00436829 0.0208396 4.46729e-05 0.000222944 3.04146e-05 0.000787872 0.00833463 3.6631e-06 0.23675 0.000500152 0.00816911 
0.0571794 0.164594 0.119009 2.68929e-06 2.23851e-05 0.0118672 0.00253294 1.79528e-05 9.26094e-05 2.83702e-06 0.000395557 0.00040307 2.4583e-08 0.487166 0.00107434 0.15564 
0.0241439 0.458028 0.0383194 2.85281e-05 0.00172263 0.0986243 0.112279 0.000919043 0.000804964 0.00810628 0.00364483 0.00728015 2.2523e-05 0.186468 0.0119192 0.0476902 
0.000908855 0.749515 0.114868 7.79829e-07 8.40975e-08 0.000589929 0.050122 2.03438e-07 0.0020029 6.68115e-05 0.000157162 0.00208915 9.82201e-09 0.0784051 0.000496526 0.000777857 
3.06125e-06 0.0882802 0.103024 7.77063e-09 6.1838e-09 0.779394 0.0110007 3.08812e-06 4.30743e-09 8.67713e-09 4.062e-09 2.58171e-06 2.20537e-09 0.0182466 1.38761e-05 3.15942e-05 
0.0153498 0.205699 0.00253689 0.0377792 0.000612936 0.0244392 0.109432 1.34342e-06 0.00207813 0.000132718 0.00190821 0.0228657 3.71111e-07 0.553538 0.00225603 0.0213713 
0.0522931 0.165087 0.0617599 4.01079e-06 3.3544e-05 0.00092001 0.0187834 0.000184963 2.19195e-05 0.000524035 0.00366754 0.00776087 1.39825e-06 0.25934 0.0018551 0.427763 
0.0120189 0.0195823 0.0389276 1.04983e-06 0.000349497 0.0519335 0.569551 1.56013e-05 0.109148 0.000115349 0.0257088 0.00258219 3.85663e-09 0.162306 0.000341643 0.00741941 
0.0136939 0.161878 0.142928 1.93477e-05 0.00038811 0.0173093 0.4658 0.00233961 0.0256548 0.000470949 0.00127447 0.0150156 1.1766e-06 0.147751 0.00135206 0.00412467 
0.00993326 0.0134059 0.0775824 3.62174e-05 0.00161893 0.101232 0.517721 0.000339244 0.0155667 0.000181076 0.0509743 0.00785317 1.49703e-05 0.193052 0.000323288 0.0101659 
0.0235557 0.0258859 0.0995412 0.00256959 0.00213252 0.0355161 0.0684267 0.000252184 0.0177639 0.000634456 0.0118774 0.00041039 1.79733e-05 0.0227305 0.000166153 0.688519 
0.023124 0.518512 0.0674324 7.69017e-05 0.00167577 0.0209193 0.0306663 0.0184926 0.0326308 8.49188e-05 0.00244135 0.00269573 1.09464e-05 0.0891868 7.5606e-05 0.191975 
0.00397478 0.0753923 9.37714e-07 9.70113e-06 1.46252e-10 0.522851 0.201938 7.9201e-07 0.00141 0.000985961 8.64299e-07 0.00582445 5.21589e-11 0.0837881 4.10509e-07 0.103822 
0.00165939 0.00335936 0.231503 0.346555 0.00086095 0.0575891 0.298518 1.56999e-06 0.000982125 0.000373494 0.00406233 0.00277094 1.69712e-08 0.0454769 9.66613e-05 0.00619105 
0.0140601 0.0404726 0.0295065 0.00155865 0.00190128 0.0228207 0.680808 0.000891329 0.0148012 0.00131075 0.00928912 0.0841974 0.000742526 0.0778589 0.00535202 0.0144286 
0.0207234 0.0554573 0.250153 0.00134741 0.000341248 0.432479 0.0709226 0.0625829 0.00156979 0.000345576 0.0338566 0.000230389 3.24989e-07 0.00429882 0.000388591 0.0653028 
0.0371145 0.179183 0.076879 2.92403e-07 0.000169471 0.00506836 0.0736954 0.000149327 0.00401342 0.000297533 0.000630967 0.000662284 3.20089e-12 0.610885 5.59369e-06 0.0112454 
0.0929777 0.034255 0.00229112 0.0159581 0.000913841 0.0349823 0.658925 0.00023641 0.000931815 0.000249531 0.0469358 0.00779305 5.01139e-06 0.0832892 7.00892e-05 0.0201859 
0.0365189 0.188085 0.129927 0.00275998 0.0172928 0.0948079 0.0691121 0.0174649 0.00321409 0.00184464 0.0143371 0.0150021 0.000286338 0.163358 0.000415922 0.245573 
0.00572411 0.168363 0.0145516 5.88421e-05 3.52984e-05 0.491276 0.148243 7.66576e-05 0.00720523 0.00190376 0.00309837 0.00848566 3.02065e-05 0.144154 0.00182038 0.00497465 
0.0379286 0.0742855 0.170807 1.32099e-05 0.00290968 0.00352389 0.0272717 2.19037e-05 0.00246715 0.000283249 0.000587866 0.0850774 2.19898e-06 0.111668 2.4437e-05 0.483129 
0.0364272 0.0858592 0.0149761 0.000844485 0.00471962 0.00827966 0.0764258 0.683256 0.000784192 0.0278715 0.00155627 0.0147382 9.37716e-05 0.0185803 0.00119384 0.0243934 
0.0123826 0.0281786 0.0327846 0.0408314 0.00099255 0.00210133 0.777684 2.25406e-06 0.0152237 9.86979e-05 0.000115678 0.0207536 1.53727e-08 0.0640117 2.45743e-05 0.00481527 
0.00184349 0.00614963 0.116668 3.41368e-05 2.07364e-08 0.0013401 0.86091 8.50487e-06 1.74537e-08 3.9523e-05 3.1029e-08 2.10184e-05 5.09238e-12 0.00563649 1.23621e-11 0.00734902 
0.00797868 0.136666 0.0350284 0.000559546 0.00196535 0.0952466 0.612314 0.000454451 0.00473804 9.57196e-05 0.00149885 0.0509407 2.97428e-06 0.0497324 0.000175721 0.00260288 
0.00211693 0.0661031 0.0258416 0.00273344 4.92573e-05 0.0624045 0.000217514 2.63261e-05 0.00244395 4.26067e-05 0.000129182 0.00650931 2.15974e-05 0.816366 6.90413e-05 0.0149257 
0.0146901 0.0849514 0.0110624 0.000237382 0.000215057 6.99091e-05 0.0101508 0.00021305 0.00297197 6.71758e-05 1.32606e-05 0.00336124 2.89075e-06 0.322275 5.81067e-06 0.549713 
0.186148 0.451389 0.00193904 2.24893e-12 0.000239743 0.0004487 0.000355613 1.39127e-08 1.24663e-12 2.51129e-12 6.15038e-05 4.96279e-05 6.38266e-13 0.357341 1.54944e-12 0.00202795 
0.00366521 0.280748 0.359732 0.000224225 0.00425488 0.00799327 0.026652 3.87429e-05 0.0279191 0.00075734 0.0023593 0.00837548 2.4224e-05 0.242565 5.07112e-05 0.0346414 
0.0320593 0.63285 0.0398295 0.0082956 0.000328959 0.0353166 0.0593538 0.000554411 0.000262078 0.000572104 0.000595399 0.00182595 5.92536e-05 0.13037 0.00110987 0.0566172 
0.00404912 0.0920636 0.0295841 0.000762326 1.45273e-05 0.00278279 0.0796999 2.97803e-05 0.000330306 0.000385168 0.00032367 0.000206628 1.07187e-05 0.0424291 0.000895768 0.746432 
0.023559 0.0658429 0.00399444 0.00155177 0.000166912 0.0678814 0.421483 0.000363692 0.0133493 6.97266e-05 0.00100235 0.0615751 4.27721e-05 0.284495 0.0448206 0.00980209 
0.000675272 0.0057575 0.000843176 4.54537e-06 3.08595e-06 0.906353 0.0664091 0.000109206 3.07721e-05 2.42798e-05 9.13393e-06 0.00641587 2.31179e-06 0.00886425 0.00304555 0.00145294 
8.27339e-06 2.77957e-06 0.00868299 6.4206e-05 2.39481e-06 0.0523055 0.539347 5.00694e-10 0.272423 1.08255e-06 2.31953e-06 1.34764e-06 1.44734e-10 0.127154 8.78734e-07 4.12751e-06 
0.00579181 0.213253 0.0305081 1.55181e-05 0.00297737 0.466402 0.101089 1.34832e-05 9.49543e-06 4.93961e-05 8.06973e-05 0.00101744 4.25639e-06 0.17807 0.000689291 2.92333e-05 
0.0188523 0.0189202 0.462864 6.20454e-08 7.8721e-05 0.0281441 0.141555 5.38547e-07 0.0187873 0.00192812 1.49451e-05 5.15704e-05 9.67323e-11 0.216615 3.68465e-06 0.092185 
0.0366415 0.112015 0.463566 0.000148838 0.000154066 0.00433287 0.00853403 6.04267e-06 0.000567679 0.0101912 0.0264412 0.000519037 1.94347e-06 0.275437 0.00106183 0.0603814 
0.000260573 0.00169472 0.0276912 2.03919e-09 1.26608e-06 0.000281149 0.77664 7.19824e-07 0.00496616 0.00410162 1.39759e-05 0.110766 5.78739e-10 0.00740017 0.0226112 0.0435716 
0.0413664 1.17665e-06 1.60278e-06 3.08399e-10 0.00105409 2.82941e-06 2.21068e-05 0.957529 1.70952e-10 2.23879e-06 1.61212e-10 1.0378e-05 8.75263e-11 4.79627e-07 9.73164e-06 6.7668e-08 
0.0285 0.218679 0.71747 2.12136e-05 7.58261e-05 0.000506046 0.00751585 0.000616614 0.0123515 8.87173e-05 0.000168979 0.000578838 9.74242e-06 0.00304656 0.0010391 0.00933187 
0.726875 0.0669369 0.00156962 1.15687e-06 3.26112e-06 0.000302731 0.00117054 8.15628e-06 0.000687378 0.000488634 0.00141749 0.00123944 7.66222e-07 0.0550346 5.80594e-06 0.144258 
0.00763423 0.0291745 0.399027 0.00790712 0.398594 0.0865686 0.0115534 3.13908e-05 0.00195502 0.000415674 0.00264303 0.00406965 2.5179e-05 0.0265456 0.0003866 0.0234689 
0.00892797 0.174204 0.0526991 6.8129e-06 4.79675e-05 0.00170957 0.0364256 0.716046 0.000209567 0.00117927 9.21412e-05 0.00150492 2.17079e-06 0.00120355 0.000576235 0.00516505 
0.0158126 0.19999 0.00898881 0.00165932 0.000244307 0.0724341 0.0254926 0.00133289 0.0203166 0.000103561 0.000333026 0.000148258 6.93264e-05 0.0696173 0.000179715 0.583277 
4.08309e-05 0.00072481 0.0020692 0.012607 8.82581e-10 0.00219395 0.969408 1.08888e-09 2.57347e-05 0.000167253 1.24711e-08 0.00995684 3.14761e-10 0.00229725 1.87417e-08 0.000508911 
0.00749282 0.415911 0.0633729 0.00323213 0.0006384 0.122545 0.0833771 0.000576367 0.000386136 0.000267639 0.00189455 0.00137664 0.000218608 0.286577 0.000554211 0.01158 
0.00518951 0.00438136 0.932275 4.55645e-06 0.0222938 0.025595 0.00379478 7.73374e-07 0.000459342 3.29298e-06 0.00221651 0.000294741 5.14941e-07 0.0017557 0.000161355 0.00157357 
0.0820283 0.191098 0.0420173 0.0128352 0.0448308 0.158343 0.165909 0.13466 0.00121854 0.0126528 0.0156196 0.00199297 0.000135333 0.0752211 0.0334392 0.027999 
0.0175299 0.0157816 0.00829176 1.23387e-06 7.28137e-05 0.00173683 0.373144 0.0136175 0.000199506 0.000168354 0.00846106 0.518169 2.00083e-08 0.0330602 0.00351314 0.0062538 
0.0110759 0.0145011 0.05162 0.00277812 0.0016353 0.0593686 0.75483 0.000693412 0.0315958 0.00344172 0.00125023 0.0157809 0.000175977 0.0373014 0.00146852 0.0124831 
0.021823 0.0200673 0.00593551 4.92381e-05 3.97799e-07 0.0280809 0.845016 0.000217938 0.051633 0.00688356 5.05069e-07 0.000303317 6.40829e-08 0.018931 0.000542675 0.000515454 
0.00530204 0.0190157 0.741141 0.00179484 0.0237878 0.0982518 0.045392 0.00130749 0.0140812 0.000285474 0.00859964 0.010088 6.82821e-05 0.0170174 0.000716729 0.0131508 
0.00469887 0.0635734 0.000666563 1.18448e-05 0.0049711 0.695948 0.0268458 0.00371932 3.44811e-05 1.08856e-06 5.20188e-05 1.27491e-08 4.4614e-09 0.0925072 5.37066e-06 0.106964 
0.0267933 0.0651001 0.0409815 0.00460406 0.00438654 0.0467616 0.563803 0.00283689 0.00842219 0.00649026 0.0106297 0.117876 0.000436444 0.0775816 0.012005 0.0112921 
0.0406876 0.0374506 0.0206257 8.24887e-06 3.76615e-08 0.000207812 0.000100475 8.47387e-05 0.0287147 4.93529e-05 8.09971e-08 1.54819e-08 1.41195e-08 0.0314055 0.000195254 0.84047 
0.000291712 0.0116564 0.127216 3.58946e-08 0.0122218 0.757682 0.0407126 3.52416e-08 0.000134196 4.00819e-08 6.69128e-06 9.70774e-05 1.01872e-08 0.0271597 2.47302e-08 0.022822 
0.103481 0.393004 0.0332737 0.00518746 6.05725e-05 0.00746169 0.214497 5.38247e-05 0.0001708 0.00815472 0.00290407 0.00900116 2.83167e-06 0.169273 7.12111e-05 0.0534037 
0.0471196 0.0716723 0.0874898 0.000180608 0.459121 0.0137794 0.100917 0.00015366 0.00100044 0.000339074 0.0605088 0.0898031 2.35359e-05 0.0199297 0.00013152 0.0478301 
0.000786804 6.99591e-05 0.00327476 2.55174e-10 9.09175e-08 0.000580901 0.623331 2.1482e-07 0.0110827 0.00312279 3.33904e-06 0.177379 7.24205e-11 0.00570686 0.16801 0.00665137 
0.00416254 0.00468889 0.0123235 6.39425e-05 3.14596e-05 0.00194546 0.0150569 0.958914 9.74195e-05 2.42239e-05 4.53664e-06 0.00210476 4.82876e-09 2.99049e-08 0.000271601 0.000311024 
0.00783174 0.109989 0.0656172 0.000319693 3.58347e-05 0.00314396 0.00390083 0.000121508 0.135414 0.000186526 0.00340679 0.00632433 1.2178e-05 0.320623 2.86546e-05 0.343044 
0.00103148 0.0032945 0.0684072 1.83028e-05 1.51032e-08 0.000894823 0.918518 4.56286e-06 1.34483e-08 5.66944e-05 2.39062e-08 1.12649e-05 5.17567e-12 0.00363526 1.25643e-11 0.00412809 
0.0607261 0.0582252 0.158372 0.306683 0.00441556 0.00413054 0.0417589 0.00025675 0.00935363 0.00704316 0.00264808 0.0125957 0.000162314 0.100073 0.000281938 0.233274 
0.00892483 0.419342 0.140238 0.00877535 0.00304315 0.00694023 0.0452166 1.21315e-05 0.0520007 0.0235911 0.000197459 2.15947e-05 3.69679e-06 0.044172 3.42472e-05 0.247486 
0.004777 0.0845056 0.01862 0.0174897 0.00303505 0.023752 0.0991401 0.000183443 0.0017488 0.0118338 0.386582 0.0326532 5.78213e-07 0.0810927 9.5267e-05 0.234491 
0.0433348 3.43534e-05 0.480605 0.000202758 6.21072e-06 0.0430638 0.1708 0.00024984 4.08439e-05 0.000192702 0.00142045 2.73573e-05 5.10953e-06 0.234659 0.000552225 0.0248056 
0.262174 0.0742657 0.0606864 0.000895401 0.000409984 0.00286285 0.0434464 1.86575e-05 0.00128435 0.000428464 0.00533256 0.00391417 1.81499e-05 0.52142 0.000238674 0.0226045 
0.124502 0.0581841 0.00342204 4.50479e-08 3.06084e-08 0.00437836 0.0420539 4.02022e-06 2.98908e-07 0.000178889 0.00187919 0.00802143 1.23339e-08 0.744389 0.0009989 0.0119879 
0.00559554 0.00501386 0.00163966 1.49722e-07 3.4317e-07 0.00889318 0.755098 0.00110973 2.55728e-07 0.000351199 0.00905262 0.00701194 3.58197e-08 0.136436 0.0573401 0.0124582 
0.0513102 0.0230553 0.109215 0.00486959 0.000942627 0.029901 0.19543 0.00221895 0.0349075 0.0262384 0.00120179 0.0800846 8.06183e-05 0.350112 0.000904329 0.0895283 
0.00704462 0.0276012 0.0532494 9.62941e-11 1.01012e-06 0.000280855 0.0524511 3.40744e-08 0.00164646 1.07527e-10 5.03365e-11 0.0262249 2.73291e-11 0.80319 6.97525e-07 0.0283094 
0.0142325 0.539396 0.0139883 0.000873123 0.000922367 0.0497882 0.0523011 0.000136483 0.0132811 0.000454881 0.000375255 0.00251133 6.95603e-06 0.263766 0.000927687 0.0470386 
0.0040205 0.057004 0.301363 0.100005 0.00593581 0.0274511 0.0711702 1.10312e-06 0.0543621 0.0474286 0.00165551 0.00380824 1.39896e-07 0.0917199 4.47292e-05 0.23403 
0.0029468 0.595777 0.002619 4.88809e-13 3.21589e-06 0.000184398 0.00703833 1.24826e-09 2.70957e-13 5.45831e-13 4.40263e-06 0.00117327 1.38728e-13 0.390021 8.75944e-10 0.000232717 
0.0177923 0.573989 0.118195 3.72753e-05 1.92911e-05 0.00102096 0.116191 8.05736e-05 0.036418 0.00018507 0.00102051 0.000479816 2.09003e-06 0.108851 0.00179251 0.0239261 
4.71703e-06 4.61715e-07 1.00398e-07 1.06274e-10 0.000183729 5.69689e-08 0.841563 1.55019e-07 2.87188e-06 4.95706e-08 3.94691e-07 0.000300036 3.01615e-11 0.000188581 0.157756 5.05767e-08 
0.14093 0.0489226 0.0896887 8.63038e-05 0.000111932 0.00879666 0.00358599 0.000102976 0.000395265 0.000378149 2.08634e-07 0.00082442 2.13907e-08 0.177183 9.12477e-08 0.528994 
0.00113505 0.862225 0.0942811 3.20462e-13 2.55021e-13 0.00120518 0.0140797 3.14632e-13 4.41792e-08 2.9347e-09 0.000208647 0.000580316 9.09499e-14 0.0256981 1.08409e-08 0.000586943 
0.0872268 0.21524 0.0608417 0.000118197 0.000193923 0.0115733 0.0503776 2.73226e-05 0.00135569 0.000394937 0.00164624 0.0873611 2.25111e-05 0.453914 0.00376108 0.0259455 
0.00181876 0.0337844 0.0411161 6.21575e-06 0.00143747 0.364415 0.233135 0.00155517 0.0334941 0.000262516 0.00338029 0.000124053 3.56168e-06 0.2842 1.05832e-05 0.00125681 
0.00668157 0.0304222 0.0534206 0.0176854 0.00400213 0.526362 0.149612 0.000202921 0.00636207 0.00039097 0.00250495 0.00243836 4.0739e-05 0.119446 0.000142732 0.0802859 
0.0695028 0.191531 0.00732989 1.97035e-05 0.000122682 0.135581 0.113067 0.00103033 0.00152331 2.14476e-05 0.0195819 0.00587189 1.9175e-06 0.402712 0.00505768 0.0470446 
0.000810685 0.00735429 0.00414537 0.0262166 0.000352993 0.570818 0.313988 0.00062958 0.00820819 0.000457072 0.000270226 0.000581307 1.88919e-05 0.0258853 0.0373797 0.0028833 
0.0231426 0.0169277 0.00880212 7.38265e-05 0.000753322 0.0228096 0.435967 0.000182427 0.00475696 0.0367561 0.00269744 0.313843 1.45472e-05 0.0578724 0.0702168 0.00518487 
0.0726643 0.323934 0.023111 3.72028e-05 2.92876e-05 0.0179805 0.0468096 0.00336925 0.0015155 0.000338421 0.00125755 0.0431254 1.2521e-05 0.345187 0.00073627 0.119892 
0.546428 0.12769 0.0604384 0.000699311 0.00103398 0.003245 0.041213 0.000606473 0.00266649 0.00142126 0.00708871 0.00826008 0.000316704 0.169528 0.000421416 0.0289436 
0.0556635 0.288826 0.105764 0.000520564 0.00105326 0.0369457 0.0394499 0.000100038 0.00218907 0.000632146 0.0180904 0.0095699 5.53295e-05 0.394393 0.000829336 0.0459173 
0.111362 0.45634 0.0363822 0.000289195 0.000344759 0.00681255 0.0211445 0.00041498 0.000652153 0.00424922 0.000713364 0.0154227 3.09104e-05 0.319456 3.27548e-05 0.0263525 
0.0153286 0.0291294 0.0533462 0.0313889 6.06081e-05 0.13408 0.389123 1.44164e-06 0.0516902 1.9752e-05 0.0140464 0.0259991 2.53648e-07 0.191752 1.28299e-05 0.0640215 
6.17468e-05 0.172938 0.00277416 3.45708e-08 2.75112e-08 0.14067 0.0454838 3.39419e-08 0.000387696 3.86037e-08 1.80714e-08 2.35103e-06 9.81149e-09 0.634742 2.38182e-08 0.00293987 
0.0214206 0.257014 0.0444643 0.00132729 0.000437473 0.409735 0.0308455 0.00273388 0.00148989 0.00274431 0.00562639 0.000232832 2.30037e-05 0.136474 0.00112737 0.0843049 
0.0687775 0.11802 0.0223712 0.000355749 0.000499601 0.00180475 0.0255842 8.85473e-06 9.36489e-05 8.42542e-05 0.000479116 0.000225798 2.6757e-06 0.760687 0.00044004 0.000565195 
0.000108942 0.0393993 0.00244442 6.34649e-08 0.00106753 0.0227465 0.0889541 2.00615e-05 4.39698e-05 4.46133e-05 0.83301 0.00032987 3.46871e-08 0.00327042 3.78614e-06 0.0085568 
0.133209 0.305923 0.100739 7.8628e-05 0.000619366 0.022175 0.0456407 0.000280105 0.00028009 0.00665261 0.00322141 0.0108756 4.85697e-05 0.362639 0.00145064 0.00616601 
0.0711912 0.140601 0.039599 0.000120351 1.40799e-05 0.00462628 0.159859 1.01971e-05 5.36017e-05 0.000597051 0.000680233 0.0510314 7.80411e-06 0.453493 0.00318937 0.0749273 
0.0183359 0.00414 0.0158479 4.60066e-05 0.00575386 0.0015431 0.786047 0.00286675 0.00395834 0.000173712 0.00270879 0.0679713 4.03311e-05 0.0868853 0.00162013 0.00206137 
0.0197236 0.451013 0.146921 7.34494e-05 0.00592913 0.0998964 0.145165 0.0444724 0.00247022 0.00556143 0.00567114 0.0177155 3.82805e-05 0.0325356 0.000314859 0.0224997 
0.00267517 0.147728 0.0743532 2.68748e-05 5.17111e-07 0.00345782 0.0500406 1.41317e-05 0.00599739 3.06522e-05 0.00165604 0.20828 5.03217e-10 0.374359 0.00244129 0.128939 
0.0415938 0.0510254 0.198041 0.00545347 0.000596315 0.000151724 0.0182777 2.64639e-05 0.0265493 0.000208606 0.000557931 0.000266547 3.36338e-08 0.63862 5.02868e-06 0.0186259 
0.0187209 0.0305191 0.101116 3.18156e-06 4.59122e-07 0.126161 0.502606 5.17669e-05 0.00466427 0.000549809 0.000526849 0.0264593 1.81958e-07 0.17939 0.000979656 0.00825144 
0.124502 0.0581841 0.00342204 4.50479e-08 3.06084e-08 0.00437836 0.0420539 4.02022e-06 2.98908e-07 0.000178889 0.00187919 0.00802143 1.23339e-08 0.744389 0.0009989 0.0119879 
0.0215488 0.00852293 0.0672548 4.28358e-10 3.40883e-10 0.00279294 0.000206107 4.20565e-10 0.00110949 0.000180761 0.6315 6.09071e-09 1.21572e-10 0.234648 2.95124e-10 0.0322354 
0.00462665 0.00952645 0.144144 0.112435 0.000826113 0.359359 0.0795388 0.000578406 0.070593 1.31314e-05 1.86773e-05 0.0140773 9.85887e-06 0.186491 0.00396795 0.0137952 
0.0187194 0.0397264 0.195223 0.0240649 0.00115203 0.0313097 0.0856409 0.00108303 0.0185123 0.0320736 0.000653481 0.0231605 0.000144787 0.518108 0.00213326 0.00829403 
0.00048412 0.0286969 0.0309689 9.79205e-05 0.000316415 0.000781086 0.797552 5.73516e-08 0.00329828 3.37443e-06 6.88983e-06 0.0449092 3.09982e-08 0.0854072 2.93255e-05 0.00744848 
0.00487137 0.0296453 0.00164465 1.08606e-07 0.0106265 0.00074021 0.90062 5.77086e-09 8.45001e-09 1.22312e-05 0.000534582 0.0165814 3.00934e-09 0.0325262 0.00204255 0.000154934 
9.23642e-05 0.0797981 0.0592887 9.33766e-07 2.3238e-07 9.13361e-05 0.0244852 2.24948e-07 4.71126e-08 9.70463e-05 0.00395341 9.14466e-05 3.21507e-11 0.826865 4.04762e-05 0.00519534 
0.0191121 0.0805989 0.0600388 5.5868e-06 4.59144e-05 0.0107041 0.0653089 3.83491e-05 0.00792385 0.00010829 0.000148986 0.00235706 3.424e-06 0.456876 2.03153e-05 0.296709 
0.00605701 0.0110723 0.0993861 0.000298843 0.000234601 0.0843932 0.743707 0.00478167 1.43199e-07 0.000184014 0.0158157 7.64339e-08 1.189e-08 0.0336638 1.49005e-06 0.000403871 
0.00540868 0.411267 0.540302 6.25549e-05 2.20905e-05 0.0104017 0.000179903 0.000113757 9.52795e-06 1.06705e-05 7.26588e-05 2.24099e-05 1.87474e-06 0.0191056 4.71682e-05 0.0129727 
0.00446671 0.0463596 0.0600094 0.0148547 0.000128969 0.0357678 0.401354 0.00224668 0.0140702 7.99051e-05 0.000301026 0.00456413 2.349e-05 0.393891 0.00045229 0.0214299 
0.344505 0.0384634 0.0114847 3.65069e-05 0.00028911 0.00189239 0.0779282 0.000280203 0.0135895 0.0839023 4.54055e-05 0.07593 8.51896e-06 0.230382 0.00763434 0.113628 
0.0165252 0.0113104 0.0240362 0.042675 0.00092669 0.00017855 0.830338 3.62067e-06 0.00319726 3.08087e-05 4.84685e-05 0.00537641 2.42778e-08 0.0600395 2.6535e-07 0.00531357 
0.0088913 0.00242639 0.0133564 1.49415e-05 1.88359e-06 0.00114072 0.309682 3.22176e-06 0.0180859 0.000200133 0.0177298 2.04903e-05 8.77782e-08 0.00331956 8.87653e-06 0.625118 
0.008566 4.60992e-06 0.0309721 1.58708e-05 7.24655e-05 0.0805454 0.00937618 2.38208e-07 0.84877 6.32925e-05 1.26828e-07 2.0232e-07 6.88582e-08 0.00749838 6.70196e-07 0.0141143 
0.0550797 0.565346 0.0956022 0.000578889 0.00440379 0.0757413 0.0316904 0.0219449 0.00691756 0.00178093 0.00893814 0.0095214 0.000401356 0.103849 0.000663816 0.0175409 
7.57982e-05 0.0255835 0.116234 0.00208741 0.0110167 0.550062 0.23687 1.87837e-05 0.00158907 4.63306e-05 0.0026902 0.0108598 1.72049e-05 0.0298937 0.0057565 0.0071995 
0.00735952 0.0560375 0.0838764 1.94963e-05 8.40134e-05 0.456345 0.239377 0.00261371 0.00775527 0.000287235 0.00178783 0.00347937 4.6529e-09 0.11552 0.0060395 0.019418 
0.0219564 0.113042 0.075868 0.000200473 0.00280953 0.0572267 0.472848 4.24062e-05 0.000196998 4.55815e-05 0.00251245 0.0182055 9.98108e-06 0.224814 0.00814518 0.00207644 
0.198767 0.0475041 0.201568 0.00172201 0.0011606 0.270889 0.136206 0.00103586 0.0151545 0.00133611 0.0219838 0.0103099 0.0010182 0.073369 0.0081619 0.00981448 
0.0169087 0.00650759 0.00740405 1.22724e-06 5.67249e-05 0.00173681 0.334388 0.00903975 0.000316045 0.000107849 0.0309802 0.557413 1.54537e-08 0.0300842 0.00278608 0.00226954 
0.222341 0.241919 0.174076 0.000113916 4.37802e-05 0.00686069 0.0103861 2.63846e-05 0.00129311 0.00145146 0.00540471 0.024853 1.94743e-05 0.254816 0.000545159 0.0558508 
0.0206797 0.0315777 0.0166137 0.000823694 0.00264652 0.00969148 0.621797 0.0069359 0.00537666 0.00593344 0.00489004 0.114364 0.000700935 0.0620292 0.0863294 0.0096103 
0.0101862 0.240882 0.0343184 0.000154853 3.63384e-05 0.00879798 0.0588009 4.64852e-05 0.00519773 2.29757e-05 0.00198263 0.00210066 5.34378e-06 0.449847 6.03523e-05 0.187561 
0.0297184 0.0473553 0.000143217 4.81491e-05 0.00229455 0.0600594 0.506609 2.76313e-06 0.017602 4.25572e-05 2.71366e-05 0.0011707 1.76286e-06 0.319125 3.87008e-06 0.0157959 
0.00278821 0.123523 0.105364 0.00016839 0.00018515 0.0584991 0.0996292 0.000347653 0.523203 0.000295025 0.00449123 0.00126283 4.46009e-05 0.0372471 0.000202272 0.042749 
0.0373727 0.033671 0.465141 0.00971379 0.000156804 0.0268216 0.0615547 0.000159209 0.0638001 0.000518147 0.0536539 3.77744e-05 3.06914e-08 0.214775 8.09651e-05 0.0325435 
0.080001 0.0330692 0.057755 0.000127398 8.72226e-05 0.0356056 0.122209 0.00050635 0.204407 0.00851385 0.00030959 0.00736598 1.75778e-05 0.421787 0.000114259 0.0281234 
0.000256273 0.00923281 0.399344 0.00332117 1.2176e-07 0.205178 0.0755252 2.90074e-07 0.00067643 3.59919e-07 0.000241419 0.153359 5.46945e-08 0.0853556 2.55059e-06 0.067507 
0.00523497 0.00442008 2.63168e-05 5.30904e-09 1.75569e-05 0.00838782 0.930615 3.19931e-07 0.000785632 0.000114998 0.00110622 0.0265417 1.45365e-09 0.0207928 0.00191287 4.31977e-05 
0.0956489 0.100573 0.574769 0.00724527 4.18287e-05 0.00294245 0.0269049 0.0592497 0.000421446 0.000344657 0.000863999 0.00206248 3.2331e-05 0.0368545 0.000467356 0.091579 
5.77006e-08 9.06334e-05 0.00128013 5.13763e-11 4.08848e-11 0.0119948 0.846176 5.04416e-11 0.00145031 0.000187604 6.47809e-07 0.136178 1.4581e-11 0.000618477 0.00157417 0.000449454 
0.00756107 0.0435976 0.252185 0.00179759 0.000179307 0.125719 0.34331 0.000204392 0.0468239 0.00207143 0.0508637 0.0024378 0.000148444 0.0768179 0.000212855 0.0460695 
0.00892797 0.174204 0.0526991 6.8129e-06 4.79675e-05 0.00170957 0.0364256 0.716046 0.000209567 0.00117927 9.21412e-05 0.00150492 2.17079e-06 0.00120355 0.000576235 0.00516505 
0.000946568 0.0831213 0.0511397 4.874e-05 0.00229824 0.375862 0.190041 0.000161454 0.000808338 0.000645957 0.00784043 0.0289088 9.82453e-06 0.237082 0.00436181 0.0167239 
0.0165794 0.0102401 0.0187199 0.000145615 0.000124699 0.0060442 0.0905126 0.000810715 0.000564319 0.000573608 0.000409865 0.799251 4.91401e-05 0.043014 0.00199524 0.0109657 
0.00346524 0.0953724 0.00235698 0.000200715 5.86668e-06 0.0450883 0.634259 0.00100147 0.0111934 0.0437944 7.99105e-07 0.0131468 1.04814e-07 0.146872 0.0027082 0.000534325 
0.0831082 0.00460499 0.128007 9.70828e-10 7.72577e-10 5.07839e-06 0.0270893 9.53166e-10 0.000825666 1.08408e-09 5.07488e-10 0.000111559 2.75529e-10 0.744107 7.2196e-07 0.0121412 
0.0175299 0.0157816 0.00829176 1.23387e-06 7.28137e-05 0.00173683 0.373144 0.0136175 0.000199506 0.000168354 0.00846106 0.518169 2.00083e-08 0.0330602 0.00351314 0.0062538 
0.0314883 0.0119548 0.122254 0.00296095 0.000319637 0.0294688 0.078134 5.0276e-05 0.156809 6.65677e-05 0.0109995 0.00213433 4.51919e-05 0.108855 0.00132077 0.443139 
0.00561042 0.0635105 0.841527 0.000154341 4.38937e-05 0.00967186 0.00288048 4.48387e-05 9.0422e-05 0.000266731 0.00224911 0.000367194 6.45679e-06 0.0506228 0.003643 0.019311 
0.000454099 0.33074 0.0077755 6.19879e-10 8.10149e-07 0.15984 0.0602599 3.32544e-07 0.0160874 5.80811e-06 1.30759e-06 1.95532e-05 1.75927e-10 0.0142301 6.79161e-05 0.410518 
0.000186279 0.000383373 0.00177766 9.96045e-07 7.16723e-08 0.00710701 0.940973 9.23138e-05 0.000333696 5.80533e-06 0.000560139 0.00216502 1.65575e-10 0.0444625 1.97509e-06 0.00195014 
0.0227176 0.321128 0.423886 0.00514491 0.00347263 0.0048927 0.0378223 0.00531027 0.00503111 0.00165007 0.00205396 0.00170191 7.77209e-05 0.0157104 0.0477605 0.10164 
0.00689821 0.150573 0.0467333 1.456e-08 4.01206e-05 0.00146219 0.0394082 0.747614 3.06611e-08 0.000461604 6.7991e-05 0.00155228 2.23236e-09 0.000399627 0.00047166 0.00431773 
0.00912015 0.0528768 0.122021 0.0543906 0.00118609 0.546871 0.0645123 3.61625e-05 0.00269295 0.000136505 0.141898 4.87076e-06 2.70723e-08 0.00355211 0.000699993 1.10616e-06 
0.058289 4.94797e-06 0.187849 4.89917e-06 0.0344372 0.163259 0.194096 7.7604e-06 0.00474405 6.53019e-05 9.28382e-05 0.00381515 1.32629e-06 0.342258 0.000243175 0.0108323 
3.24602e-07 0.00272488 2.38419e-07 8.24916e-10 6.56461e-10 0.987299 0.00973898 8.09909e-10 4.57269e-10 9.21148e-10 8.40052e-07 9.31051e-08 2.34118e-10 0.000235125 5.6834e-10 1.32183e-08 
3.61638e-06 0.00708572 0.1638 2.19421e-06 0.00362037 0.0468278 0.0127242 1.18631e-06 7.51787e-05 3.64958e-09 1.70846e-09 0.0120348 9.27573e-10 0.00616232 2.25175e-09 0.747663 
0.00213491 0.000488918 0.952752 0.00025777 4.11908e-06 1.48858e-05 0.00476106 5.50256e-05 0.000287054 1.09784e-05 3.71496e-05 0.000857033 2.70895e-06 0.033201 8.25796e-05 0.00505321 
0.0471196 0.0716723 0.0874898 0.000180608 0.459121 0.0137794 0.100917 0.00015366 0.00100044 0.000339074 0.0605088 0.0898031 2.35359e-05 0.0199297 0.00013152 0.0478301 
0.00937643 0.031623 0.0190605 0.000552493 0.000388087 0.00707689 0.327207 0.155769 0.0147115 0.00131053 0.00121056 0.0187143 0.00011322 0.128297 0.270712 0.0138763 
0.0499134 0.0927246 0.0258492 0.000588158 0.000908978 0.0311677 0.0682449 7.31087e-05 0.227396 0.000462067 0.0054808 0.00872559 1.19912e-05 0.477332 0.000364626 0.0107567 
0.027489 0.0734565 0.0668485 0.0292922 0.00372352 0.0134431 0.262974 0.000119928 0.131817 0.000229168 0.00454331 0.0267526 5.33188e-06 0.336457 0.00140055 0.0214488 
0.00013848 0.503031 0.00839173 2.2095e-13 8.26578e-10 0.00338112 0.297231 2.16931e-13 3.04604e-08 2.0234e-09 5.35078e-05 0.00671034 6.27076e-14 0.170239 0.0108059 1.69687e-05 
0.0641688 0.122552 0.0553506 8.79334e-05 0.100198 0.0178063 0.213821 9.68959e-05 0.000150994 0.000100554 0.000543478 3.83357e-05 9.58881e-06 0.360855 9.67215e-05 0.0641235 
0.00878822 0.887573 0.0772568 1.86206e-10 1.69458e-06 2.885e-07 4.44981e-05 1.82818e-10 4.60307e-07 5.78258e-07 0.0018356 3.42707e-05 5.28468e-11 0.0218741 1.2829e-10 0.00259068 
0.0776055 0.133049 0.222664 0.00148017 0.000140922 0.0102581 0.165861 1.26508e-05 0.0232887 0.000950307 0.00430039 0.0193359 8.73005e-06 0.319626 0.000225379 0.0211934 
0.000425387 0.114511 0.00929203 0.0142936 0.0306127 0.0866843 0.579159 6.64459e-05 0.00465708 0.0032252 0.00328124 0.0257643 3.10283e-05 0.122911 0.000124777 0.00496042 
0.0103051 0.384829 0.41572 0.0171047 0.000204155 0.0159588 0.0629765 0.000570695 0.00236577 0.000197477 0.00312787 0.0098665 2.21269e-05 0.0603369 0.000511532 0.0159033 
0.187103 4.08921e-05 7.67936e-05 1.16419e-07 9.26455e-08 0.403275 2.73996e-05 1.14301e-07 0.000224148 0.00014185 2.21753e-05 0.00222297 3.30408e-08 0.207067 0.000116667 0.199682 
0.092297 0.235199 0.0158385 0.00172057 0.000315008 0.0935298 0.0566609 0.00281713 0.0198469 0.000468765 0.00489747 0.00541497 0.000279024 0.418367 0.00134063 0.0510075 
0.0215488 0.00852293 0.0672548 4.28358e-10 3.40883e-10 0.00279294 0.000206107 4.20565e-10 0.00110949 0.000180761 0.6315 6.09071e-09 1.21572e-10 0.234648 2.95124e-10 0.0322354 
0.0108109 0.0662128 0.120903 7.45374e-05 3.17826e-05 0.0135397 0.0316099 0.000122849 0.0022925 0.00599955 0.000154924 0.00313934 6.94111e-06 0.690204 0.00669617 0.0482013 
0.0471196 0.0716723 0.0874898 0.000180608 0.459121 0.0137794 0.100917 0.00015366 0.00100044 0.000339074 0.0605088 0.0898031 2.35359e-05 0.0199297 0.00013152 0.0478301 
1.75491e-06 0.170638 0.10095 2.18053e-08 5.76495e-11 0.00223918 0.0806931 7.1125e-11 0.0959043 1.22158e-06 1.7988e-06 0.00543052 2.05599e-11 0.514747 1.27277e-06 0.0293924 
0.0471196 0.0716723 0.0874898 0.000180608 0.459121 0.0137794 0.100917 0.00015366 0.00100044 0.000339074 0.0605088 0.0898031 2.35359e-05 0.0199297 0.00013152 0.0478301 
0.0403699 0.138451 0.0226666 0.00022433 0.000213998 0.0231752 0.127132 2.19982e-05 0.00083075 0.000246396 0.000894417 0.00444525 9.63167e-06 0.621229 0.000119682 0.019969 
0.000819919 0.152975 0.134782 1.677e-12 2.06867e-08 0.00919042 0.408112 1.64649e-12 0.00395364 1.53575e-08 0.0120254 8.16332e-08 4.75946e-13 0.275866 5.6731e-08 0.00227566 
0.00937061 0.0170126 0.394367 0.00130503 2.76078e-05 0.178145 0.0660616 0.00015587 0.0141982 0.000387286 0.000475989 0.00924588 6.33099e-06 0.285124 0.0122574 0.0118602 
0.0069977 0.0298596 0.0340421 0.000207251 0.0179192 0.0244179 0.410151 0.0006683 0.0141446 0.00338976 0.00443376 0.361579 0.000124339 0.0741465 0.00778008 0.0101387 
0.0253767 0.0519363 0.0159618 0.000196533 8.33767e-07 0.00472312 0.728576 1.70945e-06 9.83007e-06 0.000710268 0.000431989 0.0329155 6.36703e-07 0.133244 0.000332279 0.00558264 
0.000821423 0.298248 0.0634392 0.000474736 0.000681254 0.1562 0.0267559 7.36013e-05 0.00813152 0.0575794 0.000407216 0.000444253 1.67996e-05 0.384748 0.000263152 0.00171562 
0.000262323 0.0118245 0.0576272 1.87872e-07 4.87503e-05 0.0489467 0.0683236 2.62449e-05 0.000413243 5.77226e-05 0.767725 0.00798797 1.39457e-07 0.0141773 3.22377e-06 0.0225759 
0.0063921 0.0801077 0.16326 0.000107005 0.000117976 0.427301 0.102357 3.30663e-05 0.033324 0.0324758 0.00139164 0.00356413 7.3988e-06 0.0772747 9.43142e-06 0.0722774 
0.0258623 0.103897 0.0852143 0.0077109 0.00427562 0.189617 0.143307 0.00022782 0.0333753 0.000170355 0.00482978 0.0111786 5.13107e-05 0.328468 0.00101325 0.0608017 
0.00562938 0.822501 0.00988364 2.01024e-05 3.81141e-08 0.00419304 0.0296333 0.0106346 0.000654847 5.84004e-05 0.00114698 0.000593689 4.47882e-09 0.0622733 0.000397149 0.0523806 
4.67925e-05 0.0449933 0.0103443 0.000107744 0.0046991 0.859349 0.0538995 1.66333e-05 0.00121522 0.000168951 0.00132723 2.25823e-05 6.08879e-06 0.0233568 4.80379e-05 0.000398273 
0.0172477 0.18463 0.0252671 2.92459e-07 0.00505746 0.0773044 0.0396745 4.793e-06 3.80358e-05 0.000438343 0.0916517 0.000127245 3.72866e-08 0.558191 4.77814e-05 0.000320314 
0.0154958 0.00839716 0.00141313 5.18349e-05 0.00015529 0.0655608 0.331812 0.0010085 0.0697444 0.00113789 0.00142919 0.123077 3.0825e-06 0.372184 1.23062e-05 0.00851845 
0.00144635 0.17989 0.0575078 0.000291664 0.000128311 0.00708629 0.0861802 0.00191589 0.110819 0.00436298 0.00109253 0.00143651 1.90636e-05 0.544819 0.000120877 0.00288366 
0.0455352 0.151667 0.143965 3.02638e-05 7.90998e-08 0.000800324 0.0100668 8.84181e-06 0.0570466 0.000665334 0.0163758 0.0024107 1.76383e-08 0.493019 0.0201581 0.0582504 
0.0238001 0.128746 0.0371035 0.00455969 0.00227697 0.0265487 0.427754 0.000186914 0.00526787 0.000848725 0.00287426 0.0187951 4.6076e-05 0.305649 0.00247174 0.013071 
0.0196409 0.0743739 0.0119909 5.24753e-07 0.00228092 0.00309384 0.0137284 1.94872e-05 0.00219149 0.00124662 0.0250335 0.000309073 8.0825e-10 0.496677 0.000344792 0.349068 
0.015909 0.0575202 0.146324 0.00238938 0.000682419 0.0184801 0.132119 0.594433 0.0211359 0.00028679 5.87067e-05 0.0030822 7.84642e-09 0.00376642 0.00167378 0.0021383 
0.0826439 0.114841 0.111396 0.0036176 0.00226744 0.020974 0.224527 0.000113801 0.000173712 0.000268243 0.00498286 0.0623843 1.03887e-06 0.20034 3.47197e-05 0.171434 
0.0763783 0.179043 0.0626177 0.000193965 0.000570939 0.0496733 0.111223 0.000731078 0.00354877 0.000181758 0.00685465 0.0190737 0.000170098 0.42574 0.000969845 0.0630289 
0.0406363 0.115578 0.0358524 1.24082e-06 0.01009 0.00776599 0.562095 4.42798e-06 0.0899543 0.000930946 3.22454e-05 0.0743944 8.77386e-08 0.0612358 0.000583634 0.000845545 
0.00216951 0.00994207 0.527209 0.000121063 0.000295135 0.00577012 0.00890929 6.55902e-08 0.000921619 0.00269286 0.000235753 7.29448e-05 1.15999e-09 0.185882 4.53516e-07 0.255779 
0.000663662 0.0495087 0.043482 9.33956e-06 5.34083e-05 0.804346 0.0694796 5.3127e-05 7.84335e-05 5.1413e-05 0.0018492 0.0105933 6.53429e-06 0.0154924 1.01132e-05 0.00432276 
0.00339926 0.0218357 0.0674163 6.64252e-09 0.000342764 0.836824 0.0352973 0.000139652 0.000138402 2.25423e-05 0.0121153 0.00961796 1.8852e-09 0.0122015 4.16144e-05 0.000607429 
0.000485292 0.000116677 0.00187162 2.31026e-07 0.00432062 0.985798 0.00270893 2.26823e-07 1.28063e-07 0.000799986 0.00293474 0.000467084 6.55672e-08 0.000153993 1.59169e-07 0.000341922 
0.00867117 0.0717647 0.0808794 0.00873269 0.00314727 0.482842 0.151209 0.0215058 0.0183402 0.00147221 0.021922 0.00613593 2.93808e-06 0.110566 0.00287386 0.00993495 
0.0937936 0.0189791 0.0834101 7.29729e-05 0.005285 0.344186 0.0392999 6.69231e-07 5.41678e-06 9.51313e-10 1.5027e-06 1.50183e-07 2.41785e-10 0.195899 5.86951e-10 0.219066 
0.0095739 0.0527649 0.0827651 0.00145593 0.00173606 0.28326 0.354926 0.000749296 0.00012271 0.0033144 0.0415184 0.0340908 7.21366e-05 0.128742 0.00097479 0.00393332 
0.05265 0.303978 0.00889493 1.58186e-05 1.26755e-06 0.00367358 0.00459991 0.000512926 0.0006581 5.19129e-05 0.000244429 0.000125251 2.38305e-09 0.0398926 0.000130867 0.58457 
0.0361701 0.076619 0.00769033 0.61859 0.000159157 0.00243937 0.071872 2.01034e-08 0.00431752 7.32059e-06 0.000152737 6.58709e-05 5.81124e-09 0.147383 1.41072e-08 0.0345333 
0.00289858 0.0533219 0.0828366 0.00108528 0.000101208 0.383709 0.356337 8.17461e-05 3.76786e-05 0.00024128 0.0483278 0.000545782 1.51114e-05 0.0702797 9.45045e-05 8.62836e-05 
0.000620004 0.00187087 1.00481e-07 1.74574e-08 0.000942231 0.0161736 0.122195 2.18778e-07 0.817854 0.000239362 7.88545e-07 8.86367e-07 8.88806e-11 0.0397234 2.65429e-07 0.000379463 
0.0201883 0.221429 0.26108 0.00210219 9.20244e-05 0.0217112 0.0274054 0.000672561 0.00922839 0.000587086 0.00133281 0.0071255 3.56365e-05 0.305302 0.000400843 0.121308 
0.00816257 0.0333542 0.0193636 0.000555152 0.000956792 0.860513 0.0279083 0.00312757 0.00331207 0.00126201 0.00341165 0.00828372 0.000439246 0.0186678 0.00129238 0.00939009 
0.000119752 0.0117517 0.0501316 0.000358155 0.000873535 0.387644 0.399951 3.49934e-06 0.00143289 0.0105023 0.00109291 0.000813005 2.15859e-06 0.133474 6.96274e-06 0.0018415 
1.55499e-06 0.88118 0.0385834 1.92034e-11 8.96207e-08 0.0015801 0.00242516 1.69766e-07 2.64458e-08 8.72962e-08 0.000753775 1.02696e-07 5.45008e-12 0.0744985 0.000406028 0.000570784 
