0.0839188 0.0412791 0.0285007 5.98847e-05 0.109333 0.026959 0.18644 0.000681266 0.406692 0.000250307 0.0227792 0.0286106 1.21664e-05 0.0540475 2.42657e-05 0.010412 
8.8184e-08 0.480127 0.254257 5.88964e-10 5.67869e-06 0.00245026 0.0623478 5.37996e-07 2.68232e-06 6.57671e-10 2.41938e-06 0.00111339 1.67153e-10 0.199644 1.81957e-05 3.12776e-05 
0.0204925 0.0843952 0.411187 0.000454924 0.00364353 0.0283496 0.0966072 5.50518e-05 0.0421969 0.00270939 0.00183443 0.0377915 5.1768e-05 0.22844 0.00395967 0.0378312 
0.0635844 0.112084 0.033821 0.000105187 0.00474344 0.0211367 0.389399 0.000112864 0.00036458 0.000254787 0.00970511 0.0120014 8.49941e-05 0.345004 0.00194267 0.00565643 
0.00551482 0.143933 0.040703 8.91153e-05 0.00162265 0.000678075 0.00818675 0.000471063 6.26655e-05 4.24904e-06 0.0194147 0.000201635 1.0061e-07 0.765334 1.60678e-05 0.0137689 
0.035186 0.0988643 0.294277 0.00164071 0.000283155 0.0709532 0.0167334 0.003205 0.00552914 0.000244374 0.00217958 0.00663382 8.92177e-05 0.102388 0.000135415 0.361658 
0.0815287 0.191687 0.0934716 0.0107282 0.00939975 0.04749 0.0581786 0.121863 0.000945674 0.00920765 0.0191789 0.00981315 0.000749844 0.249997 0.00328695 0.0924739 
0.0214187 0.666856 0.00911547 8.44017e-05 7.16459e-07 0.00137746 0.00813812 1.74122e-05 8.37095e-05 4.83281e-05 0.000604604 0.000849475 4.52555e-07 0.254681 9.17789e-05 0.0366324 
0.0341306 0.184378 0.673973 0.00243707 4.58476e-05 0.00327793 0.00430382 0.00145525 0.00404056 0.00173367 0.000462442 4.92842e-05 2.97575e-05 0.0130864 0.00156211 0.0750345 
0.00393576 0.074381 0.00861446 0.00413739 0.000194531 0.0112794 0.599269 0.000756272 0.00651207 0.000345331 0.000163268 0.0857031 4.33607e-05 0.0657243 0.0449674 0.0939737 
0.0805636 0.0859638 0.124981 0.00501299 0.0133966 0.0457902 0.066397 0.000818066 0.00229234 0.00121385 0.02773 0.010888 0.000655434 0.180624 0.00293631 0.350737 
0.0166936 0.0611627 1.94509e-06 0.000902043 8.05189e-07 0.174102 0.159393 4.03941e-07 0.19749 6.10889e-07 0.0328564 0.198321 5.73966e-11 0.0912762 1.23541e-06 0.0677981 
0.0835825 0.00639238 0.0341367 7.46465e-08 3.09869e-05 0.549897 0.22409 1.26592e-05 0.0245017 0.00389705 0.0120644 0.000236243 2.11853e-08 0.0424597 0.000974418 0.0177247 
5.53323e-05 0.0224616 0.0761643 0.0054131 2.94485e-07 0.23845 0.582042 0.000328335 0.0013289 0.000267954 0.00261558 0.00622698 2.52418e-08 0.0631299 0.000271434 0.00124486 
6.25328e-05 0.016891 0.792882 0.0579815 0.000159652 0.0450604 0.00694281 0.0188821 0.00506551 2.37825e-05 9.49715e-05 3.27423e-05 1.07587e-06 0.0255713 0.0303436 5.39032e-06 
0.0957507 0.168951 0.0802729 2.3623e-05 8.20418e-07 0.0279517 0.390547 6.10286e-08 0.00192806 9.53738e-08 0.0037939 2.51055e-07 5.12928e-08 0.226644 0.003707 0.000428174 
0.0705249 0.0462448 0.0350869 1.24725e-05 0.000130284 0.0360672 0.48816 1.66207e-05 0.000344526 0.00783908 0.00100944 0.00681425 6.28536e-06 0.212569 0.00432409 0.0908503 
0.338576 0.106921 0.0191831 0.000171891 0.000234741 0.0256879 0.174812 3.01117e-05 0.00239253 5.83649e-05 0.000562244 0.142491 1.80809e-05 0.163353 0.000231243 0.0252757 
0.0213653 0.059589 0.0364449 0.00102752 0.00322561 0.0309066 0.307187 0.00165246 0.0094068 0.0043392 0.00514198 0.424056 0.000666211 0.0561823 0.0271371 0.0116725 
0.0183709 0.0472641 0.0405854 5.49625e-05 0.00116603 0.0261954 0.114146 0.000656086 0.000913217 7.19876e-05 0.0043226 0.00791872 2.18899e-05 0.71995 0.00636686 0.0119963 
0.0856793 0.237598 0.0790003 0.000186317 0.00375896 0.0406393 0.0966074 0.00898291 0.0142361 0.0161818 0.00271229 0.0171905 6.17089e-05 0.20523 0.00712507 0.18481 
0.00660435 0.00597324 0.011245 5.06373e-07 0.000720343 0.00218809 0.375345 1.39795e-06 0.000898772 7.20641e-05 0.00028927 0.298898 7.7149e-08 0.0441725 0.252184 0.00140751 
0.0562345 0.0638071 0.0271984 0.011251 0.002927 0.576788 0.196677 0.00949965 0.0273181 0.00138295 0.00585936 0.000937059 0.000290481 0.00863038 0.00114641 0.0100524 
0.00469703 0.144547 0.0213823 1.06067e-05 2.22194e-05 0.0284995 0.000307525 0.000396821 0.00183456 4.30765e-05 6.94746e-05 1.85328e-05 9.04015e-08 0.0255797 9.06736e-05 0.772501 
0.0776055 0.133049 0.222664 0.00148017 0.000140922 0.0102581 0.165861 1.26508e-05 0.0232887 0.000950307 0.00430039 0.0193359 8.73005e-06 0.319626 0.000225379 0.0211934 
0.0041336 0.117489 0.00276212 0.0276625 0.000155794 0.281578 0.154419 0.0052371 0.00865283 0.301873 0.000434556 0.0400172 3.11978e-05 0.0417242 0.0135492 0.000280785 
0.000572039 0.00493298 0.00104817 0.000242073 3.7693e-06 0.000442833 0.203911 4.65037e-06 0.540431 9.43046e-05 1.09995e-05 0.000566769 2.37264e-06 0.234381 0.000473217 0.012883 
0.0006128 0.0387254 0.0773322 1.25238e-05 0.000403411 0.551555 0.064385 7.55186e-06 0.0197079 2.27212e-05 0.188283 0.000921242 7.09861e-06 0.0524437 0.000109804 0.00547028 
0.0150855 0.0368599 0.0347659 1.89413e-05 0.000353263 0.00674851 0.377429 0.00580286 0.0014272 0.00021744 0.00513065 0.381736 1.57174e-05 0.0477489 0.0823134 0.00434694 
0.00307318 0.130714 0.167662 0.000124672 0.00103445 0.254818 0.182013 5.82234e-05 0.00304565 1.22503e-05 0.0237223 0.0645454 1.05528e-05 0.135768 0.0106584 0.0227401 
0.063093 0.156188 0.0253552 0.105004 0.00132916 0.105606 0.298904 0.000723582 0.0181127 6.92972e-05 0.000865051 0.0101624 2.39535e-05 0.0685751 0.00422527 0.141764 
0.0217229 0.11806 0.0149179 5.21079e-06 1.56164e-05 0.549341 0.194271 1.19603e-06 0.00924678 1.20536e-06 0.000563455 0.0464668 2.11054e-07 0.0305148 0.00491648 0.00995495 
0.0185142 0.715893 0.0549065 0.00126387 0.000194369 0.0168878 0.0218724 0.0010171 0.00438724 0.00244578 0.00119324 0.00200553 1.9232e-05 0.132867 0.000151022 0.0263821 
0.0124634 0.218831 0.0354893 0.00191259 9.80161e-05 0.114234 0.0961472 0.00139752 0.000715851 0.000170517 0.00260616 0.00768625 2.92953e-05 0.422497 0.000818171 0.0849047 
0.0285418 0.116221 0.0401805 0.00203152 0.00385163 0.0509015 0.475806 0.00140529 0.0184362 0.00610256 0.0115473 0.0957314 0.00026545 0.0841215 0.00827115 0.0565843 
0.0469513 0.0452074 0.0347876 0.000602987 1.07128e-07 0.133985 0.488571 6.743e-05 0.0195638 0.00251176 0.000414943 0.0889689 2.38852e-08 0.0860772 0.000426326 0.0518649 
0.0160735 0.00965724 0.077728 1.36982e-06 8.57395e-08 0.000107803 0.0342573 2.65002e-06 0.00121302 0.000108952 0.00712309 7.23364e-07 1.83881e-08 0.82611 3.69693e-06 0.0276126 
0.062132 0.510108 0.0826198 0.000949623 0.000663991 0.0054204 0.0227706 1.67502e-05 0.00516771 0.00146097 0.000313704 0.000975584 1.22436e-05 0.216057 0.000102468 0.091229 
0.0335676 0.427721 0.0426063 0.00037022 0.000745143 0.00467901 0.0898951 0.000524186 0.00295941 0.000221591 0.00478423 0.00332548 5.74445e-05 0.377319 0.00626559 0.00495849 
4.72221e-05 0.0011522 0.002004 1.37899e-08 1.10054e-06 0.00127727 0.0362104 2.36484e-12 0.000257887 3.29665e-10 1.07209e-05 0.951286 6.83597e-13 0.00665747 1.57994e-08 0.00109618 
0.0243551 0.0221825 0.246012 0.000740334 0.000442009 0.0890263 0.127135 0.0111454 0.00230094 0.00031105 0.0219798 0.000493374 0.000244371 0.446409 0.00222993 0.00499331 
0.000131179 0.0111755 0.000751605 6.52979e-07 5.49444e-08 0.0029329 0.910896 2.8892e-05 0.0450738 0.00367564 0.000207146 0.0185693 2.61801e-10 0.00545615 0.000962959 0.00013839 
3.06125e-06 0.0882802 0.103024 7.77063e-09 6.1838e-09 0.779394 0.0110007 3.08812e-06 4.30743e-09 8.67713e-09 4.062e-09 2.58171e-06 2.20537e-09 0.0182466 1.38761e-05 3.15942e-05 
0.00730032 0.126402 0.183299 0.000410397 0.00193912 0.418739 0.222081 0.000271147 0.000730629 0.00652585 0.00260434 0.0136587 2.53001e-06 0.013399 0.00154595 0.0010913 
0.00892797 0.174204 0.0526991 6.8129e-06 4.79675e-05 0.00170957 0.0364256 0.716046 0.000209567 0.00117927 9.21412e-05 0.00150492 2.17079e-06 0.00120355 0.000576235 0.00516505 
0.0127598 0.406167 0.0512356 0.00231735 5.55077e-05 0.0656428 0.296408 0.00105127 0.00702664 0.000831933 0.0033566 0.0164945 3.32911e-06 0.118794 0.00285319 0.0150019 
0.00172555 0.159455 0.0209208 0.00177764 1.78421e-05 0.0864075 0.0423251 1.46145e-05 0.00934804 0.000197592 0.0017077 0.0175263 2.42608e-06 0.652599 0.00010871 0.00586666 
0.0235557 0.0258859 0.0995412 0.00256959 0.00213252 0.0355161 0.0684267 0.000252184 0.0177639 0.000634456 0.0118774 0.00041039 1.79733e-05 0.0227305 0.000166153 0.688519 
0.023124 0.518512 0.0674324 7.69017e-05 0.00167577 0.0209193 0.0306663 0.0184926 0.0326308 8.49188e-05 0.00244135 0.00269573 1.09464e-05 0.0891868 7.5606e-05 0.191975 
0.0223684 0.117204 0.0390659 0.00080401 0.000144146 0.109569 0.535987 9.44214e-05 0.00651267 0.000438974 0.00127415 0.0151096 1.49523e-05 0.0743005 0.0544849 0.0226276 
0.00670884 0.323195 0.249719 0.0030689 0.00151232 0.0151806 0.0532939 0.000302138 0.0121029 0.0578954 0.00797687 0.00442414 4.25828e-05 0.233182 0.000876776 0.0305179 
0.00149959 0.0223964 0.0827902 0.0118163 0.000129442 0.0893774 0.702514 0.00280372 0.0132588 0.000227811 3.1395e-05 0.00423415 3.44686e-06 0.0642762 0.00293592 0.00170511 
0.0140627 0.00972519 0.0524489 0.000712126 0.0184195 0.00271945 0.743634 0.0165825 0.0491248 0.00319902 0.000620643 0.027983 0.000195584 0.0482169 0.00112269 0.0112326 
0.0109268 0.0196277 0.0197329 0.00259591 2.12625e-05 0.0111291 0.605302 2.73025e-05 0.034122 0.000158361 0.00882795 0.233451 1.55333e-05 0.0267336 0.0197306 0.00759859 
0.0364272 0.0858592 0.0149761 0.000844485 0.00471962 0.00827966 0.0764258 0.683256 0.000784192 0.0278715 0.00155627 0.0147382 9.37716e-05 0.0185803 0.00119384 0.0243934 
0.0123826 0.0281786 0.0327846 0.0408314 0.00099255 0.00210133 0.777684 2.25406e-06 0.0152237 9.86979e-05 0.000115678 0.0207536 1.53727e-08 0.0640117 2.45743e-05 0.00481527 
0.0132512 0.147211 0.627414 0.0017029 3.29262e-05 0.00999342 0.0141849 0.0224582 0.00469825 4.82089e-05 0.000393982 0.00423503 7.23812e-06 0.134239 0.00019604 0.0199341 
0.0515131 0.111191 0.001994 7.61324e-05 4.50896e-06 0.0060958 0.0111655 0.00104358 0.000443551 0.000417014 0.00113961 0.000548271 1.23188e-07 0.62452 0.0349513 0.154896 
0.0063921 0.0801077 0.16326 0.000107005 0.000117976 0.427301 0.102357 3.30663e-05 0.033324 0.0324758 0.00139164 0.00356413 7.3988e-06 0.0772747 9.43142e-06 0.0722774 
0.0228154 0.0495614 0.00258702 3.93433e-06 2.68865e-06 0.67237 0.205636 5.68028e-05 7.70023e-06 1.26534e-05 0.000532418 0.000262065 1.07853e-06 0.0409705 0.00476345 0.000416928 
0.0199094 0.0375641 0.161037 0.00308865 0.000190892 0.142339 0.380196 0.00336207 0.0213618 0.0245621 0.00209223 0.00145899 1.72015e-05 0.129516 0.000120002 0.0731856 
0.00294374 0.0101273 0.150324 0.000398004 0.00176163 0.537556 0.0314407 0.000491577 0.0676411 0.0345316 0.00101731 0.000171325 1.22166e-06 0.0898814 0.0059166 0.0657968 
0.023559 0.0658429 0.00399444 0.00155177 0.000166912 0.0678814 0.421483 0.000363692 0.0133493 6.97266e-05 0.00100235 0.0615751 4.27721e-05 0.284495 0.0448206 0.00980209 
0.00579181 0.213253 0.0305081 1.55181e-05 0.00297737 0.466402 0.101089 1.34832e-05 9.49543e-06 4.93961e-05 8.06973e-05 0.00101744 4.25639e-06 0.17807 0.000689291 2.92333e-05 
0.0191583 0.0581147 0.0162917 0.000939884 0.00422241 0.681164 0.0744254 0.000360867 0.0335292 0.000220259 0.0137179 0.00218603 4.11526e-05 0.057831 8.15361e-05 0.0377155 
0.611815 0.254413 0.00459003 0.000198695 7.43375e-05 0.0090468 0.00492634 0.000462385 0.000384696 1.7161e-05 0.00186488 7.85226e-05 1.15509e-05 0.0927886 0.000103655 0.0192243 
0.0199686 0.0413342 0.0369918 0.0025385 0.00359009 0.029164 0.675502 0.000419207 0.00867754 0.00136333 0.00579186 0.0998955 0.000113958 0.0578871 0.00456616 0.0121964 
0.000599034 0.000204698 0.903811 1.66077e-06 1.15176e-07 0.0598941 0.0238232 1.42098e-07 0.00252452 2.21692e-05 7.56561e-08 0.000615431 4.10758e-08 0.00698736 9.97147e-08 0.00151605 
0.00371787 0.0346475 0.0428645 0.00337955 0.00303062 0.00599217 0.820447 7.7641e-05 0.0206971 0.000930977 0.000178665 0.0229581 1.81355e-06 0.0313673 0.00471322 0.00499612 
0.0184047 0.0338779 0.00400549 0.00065355 0.00423631 0.00412918 0.406762 9.54745e-05 0.0017977 0.000386433 0.000869601 0.0500052 4.62136e-05 0.0256764 0.410236 0.0388171 
0.224428 0.312185 5.05211e-07 4.99902e-10 3.97818e-10 0.0221448 0.0573339 4.90807e-10 1.52437e-06 3.46151e-06 5.01756e-06 7.87877e-07 1.41876e-10 0.206237 0.0648943 0.112766 
0.000977331 0.113356 0.0410471 0.000275382 0.0005875 0.772357 0.0338703 0.000148685 0.00313734 0.00243483 0.000143819 0.00299662 4.68057e-05 0.0174547 6.95994e-05 0.011097 
0.520418 0.188079 0.0594588 0.000835651 0.00916452 0.00489084 0.02473 1.62143e-05 0.000757816 0.000274205 0.000228392 0.00133678 5.1529e-08 0.152161 7.00426e-05 0.0375779 
0.0267933 0.0651001 0.0409815 0.00460406 0.00438654 0.0467616 0.563803 0.00283689 0.00842219 0.00649026 0.0106297 0.117876 0.000436444 0.0775816 0.012005 0.0112921 
0.0115416 0.325999 0.0521319 3.25127e-06 0.000116731 0.019861 0.0350014 9.40459e-05 0.0103231 1.13389e-05 0.000143903 0.205025 1.59426e-07 0.0379342 0.000159947 0.301653 
0.00660435 0.00597324 0.011245 5.06373e-07 0.000720343 0.00218809 0.375345 1.39795e-06 0.000898772 7.20641e-05 0.00028927 0.298898 7.7149e-08 0.0441725 0.252184 0.00140751 
0.014039 0.0127111 0.00676077 9.89856e-07 7.78159e-05 0.00138947 0.355418 0.0108942 0.000252854 0.000134688 0.0254249 0.535065 1.68278e-08 0.0290962 0.00306102 0.00567333 
0.103481 0.393004 0.0332737 0.00518746 6.05725e-05 0.00746169 0.214497 5.38247e-05 0.0001708 0.00815472 0.00290407 0.00900116 2.83167e-06 0.169273 7.12111e-05 0.0534037 
0.000786804 6.99591e-05 0.00327476 2.55174e-10 9.09175e-08 0.000580901 0.623331 2.1482e-07 0.0110827 0.00312279 3.33904e-06 0.177379 7.24205e-11 0.00570686 0.16801 0.00665137 
0.00229084 0.527264 0.0511841 0.000115779 0.00189935 0.0606863 0.0776964 0.000172955 0.0333939 0.0248628 0.0131567 0.00508754 8.77326e-05 0.195375 0.00368016 0.00304629 
0.20546 0.102194 0.108666 0.00368942 0.000823731 0.00472241 0.0989919 0.000102363 0.0316472 0.0180211 0.00180126 0.00194898 3.67571e-05 0.294288 7.18412e-05 0.127534 
0.113357 5.12114e-07 1.04685e-07 2.77193e-10 0.000830603 0.0106685 0.546723 8.60046e-08 1.53654e-10 0.000199022 4.37587e-07 0.311043 7.86697e-11 1.08077e-05 0.0171658 4.79102e-08 
0.0218926 0.04498 0.0314641 0.000196902 0.000815031 0.0216888 0.683163 0.00103084 0.00355047 0.00485254 0.0031921 0.0691194 6.57725e-05 0.103473 0.00504596 0.00546985 
0.199431 0.181073 0.01284 7.59297e-12 7.99943e-05 0.00301732 0.000910521 2.67486e-08 1.85919e-08 8.47874e-12 2.05514e-05 1.65589e-05 2.15495e-12 0.599704 5.2313e-12 0.00290705 
0.00892797 0.174204 0.0526991 6.8129e-06 4.79675e-05 0.00170957 0.0364256 0.716046 0.000209567 0.00117927 9.21412e-05 0.00150492 2.17079e-06 0.00120355 0.000576235 0.00516505 
0.0177538 0.160767 0.225132 5.83634e-06 3.03953e-05 0.00132008 0.0317328 1.46177e-06 0.00443351 5.81324e-07 4.94241e-06 0.0232885 3.02087e-07 0.531806 4.90848e-05 0.00367373 
0.0607261 0.0582252 0.158372 0.306683 0.00441556 0.00413054 0.0417589 0.00025675 0.00935363 0.00704316 0.00264808 0.0125957 0.000162314 0.100073 0.000281938 0.233274 
0.00615768 0.0200564 0.0844859 3.09914e-06 2.95345e-07 0.0168209 0.221396 6.12869e-11 0.13382 0.000439885 8.32249e-08 0.261551 1.7716e-11 0.203449 2.27534e-07 0.0518201 
0.00562938 0.822501 0.00988364 2.01024e-05 3.81141e-08 0.00419304 0.0296333 0.0106346 0.000654847 5.84004e-05 0.00114698 0.000593689 4.47882e-09 0.0622733 0.000397149 0.0523806 
0.0496419 0.4133 0.0842943 0.00444562 0.00020353 0.00562837 0.0791271 0.000138174 0.0332585 0.00166297 0.00150876 0.0152958 8.89174e-05 0.179684 9.01571e-05 0.131631 
0.0309871 0.0304789 0.0383922 8.7124e-05 0.00265775 0.157709 0.400929 0.124235 0.0171121 0.0192774 0.00134967 0.0258445 1.57358e-05 0.0493338 8.63064e-05 0.101504 
0.004777 0.0845056 0.01862 0.0174897 0.00303505 0.023752 0.0991401 0.000183443 0.0017488 0.0118338 0.386582 0.0326532 5.78213e-07 0.0810927 9.5267e-05 0.234491 
0.00581519 0.0360123 0.0191844 0.0064559 0.00462493 0.353029 0.333082 0.00187927 0.0710371 0.0105206 0.00240587 0.00306588 7.6739e-05 0.129855 0.00927005 0.0136858 
0.0142949 0.151939 0.129922 0.0045546 0.00486494 0.125491 0.128286 0.0017688 0.0162201 0.0323845 0.0025585 0.0109221 1.85308e-05 0.292741 0.000102084 0.0839323 
0.00485122 0.0111549 0.00156772 0.00134769 0.00142333 0.000723023 0.913274 2.7217e-06 0.000405542 0.000677115 0.00016522 0.0213906 2.20359e-06 0.0211537 0.0129557 0.0089053 
0.0531096 0.139997 0.0401849 0.00116766 0.00919633 0.316292 0.138157 0.0108027 0.0166335 0.0453251 0.0447064 0.0225124 0.000734821 0.0735012 0.00224281 0.0854368 
0.0241268 0.116508 0.170298 0.00750325 0.00155362 0.0802621 0.318952 0.0136927 0.0359721 0.00166196 0.0745606 0.00968619 0.000594981 0.124879 0.0055817 0.0141678 
0.00266599 0.21234 0.0712254 1.01982e-11 0.000405355 0.00583642 0.121382 1.00127e-11 8.33165e-08 1.13879e-11 0.0131813 0.000224116 2.89435e-12 0.566081 1.89676e-06 0.00665637 
4.71703e-06 4.61715e-07 1.00398e-07 1.06274e-10 0.000183729 5.69689e-08 0.841563 1.55019e-07 2.87188e-06 4.95706e-08 3.94691e-07 0.000300036 3.01615e-11 0.000188581 0.157756 5.05767e-08 
0.00158262 0.01227 0.819391 0.124865 1.56894e-05 0.00171556 0.0050101 9.44237e-06 0.000448496 9.95345e-05 0.00113279 0.00015336 7.66446e-07 0.0233111 7.99269e-05 0.00991392 
0.0211777 0.32009 0.160856 0.00142649 0.0021832 0.0106915 0.065976 0.00055591 0.00680251 9.76854e-05 0.000227796 0.00831554 3.56077e-05 0.233792 0.000136297 0.167635 
0.00346525 0.0134189 0.0050871 0.00133908 0.000464344 0.0379724 0.00324125 9.8401e-06 0.00137452 0.00556995 0.000206192 0.000157771 1.07702e-06 0.0165178 1.19982e-06 0.911173 
0.00050819 0.0965929 0.201582 5.09373e-08 0.00806443 0.00466372 0.223569 0.335688 3.17096e-06 0.00110194 1.44693e-08 0.122961 1.7306e-12 1.15128e-07 0.000773042 0.00449259 
0.00351049 0.0196681 0.310692 0.231881 4.86733e-06 0.000299222 0.0375668 9.80147e-07 0.0148948 0.000229597 0.000619492 0.00015871 1.43182e-07 0.368326 0.000350744 0.011797 
0.00105109 0.00527243 0.00045914 0.000245 0.0008549 0.000487337 0.00260277 7.919e-06 4.47102e-06 0.000317678 0.000685418 0.000790626 2.28913e-06 0.0038987 0.980785 0.00253479 
8.77925e-06 0.020905 0.0803431 0.00429877 0.0241229 0.545026 0.259796 0.0141879 1.11146e-05 6.93846e-06 5.63391e-09 5.33381e-07 3.05881e-09 0.0464519 7.42549e-09 0.00484127 
0.0784153 0.0311578 0.249238 1.13137e-05 5.51589e-05 0.0498745 0.126248 0.000295729 6.77423e-05 0.00456355 0.00966317 1.57717e-05 7.22117e-07 0.35179 9.87612e-06 0.0985933 
0.133262 0.0271492 0.148557 0.119171 1.50132e-05 0.0307438 0.0687366 3.23015e-05 0.0204881 0.00562581 0.0713064 0.0720033 6.84489e-06 0.203691 0.00179137 0.0974195 
0.00106317 0.354716 0.013789 1.10427e-11 0.000473714 0.0244742 0.551552 1.08418e-11 0.00527313 6.17845e-05 8.74785e-05 0.00556844 3.134e-12 0.0424689 0.000145536 0.000326945 
0.00137762 0.113855 0.0208885 1.46847e-08 0.00138921 0.724773 0.0852595 1.44175e-08 0.00200223 1.89772e-06 0.0310272 0.000564526 4.16763e-09 0.0180363 1.01172e-08 0.000825399 
9.68308e-07 0.00861487 0.140545 0.0203718 7.61848e-07 0.783038 0.0123191 6.94686e-05 1.51943e-06 2.12316e-05 4.44897e-07 5.30536e-06 2.86782e-07 0.0160462 4.11787e-07 0.0189648 
6.17468e-05 0.172938 0.00277416 3.45708e-08 2.75112e-08 0.14067 0.0454838 3.39419e-08 0.000387696 3.86037e-08 1.80714e-08 2.35103e-06 9.81149e-09 0.634742 2.38182e-08 0.00293987 
0.265732 0.200947 0.189113 0.000289031 0.000728961 0.0253045 0.0451408 0.000446146 0.0012952 0.0170093 0.00187944 0.049296 0.000189803 0.12837 0.000239397 0.0740189 
0.0136655 0.0652074 0.035813 4.03169e-07 0.000167922 0.210484 0.0289731 6.59249e-07 0.362074 0.000275749 0.104449 7.49973e-05 1.652e-07 0.100398 7.01681e-07 0.0784141 
2.3435e-07 0.102598 0.17362 7.3478e-11 7.55489e-09 0.0403442 0.18129 1.72484e-08 5.98077e-07 8.00777e-09 2.88802e-08 0.0421121 2.08537e-11 0.417793 1.21037e-08 0.0422431 
0.000108942 0.0393993 0.00244442 6.34649e-08 0.00106753 0.0227465 0.0889541 2.00615e-05 4.39698e-05 4.46133e-05 0.83301 0.00032987 3.46871e-08 0.00327042 3.78614e-06 0.0085568 
0.0242391 0.135883 0.261924 0.00236758 0.148566 0.0367671 0.128448 4.23484e-05 0.0178687 0.0176003 0.0083751 0.0314866 2.41819e-05 0.0608367 0.000266707 0.125304 
0.00108165 0.0368955 0.439373 2.39683e-06 0.00191672 0.0325654 0.0203478 5.75014e-08 0.00761924 5.78291e-07 0.0155343 0.0079487 7.24629e-10 0.403496 0.0232275 0.00999114 
0.03214 0.434267 0.00529172 1.899e-06 0.00137083 0.00358274 0.0178867 2.75315e-06 0.000293242 3.90938e-05 0.0028181 0.000636077 6.15484e-07 0.462025 0.000700376 0.0389433 
0.0156626 0.0645209 0.0120642 6.86948e-05 0.0115635 0.0802063 0.5963 0.00226092 0.0369371 7.41598e-05 7.22468e-06 0.106316 1.73492e-07 0.0646252 0.00663804 0.00275564 
0.0288882 0.5113 0.0822181 0.000238201 0.000526074 0.0206425 0.0590725 0.000197275 0.000642631 0.00323782 0.036907 0.0217797 0.000166597 0.216579 0.000878301 0.0167265 
0.0112602 0.0613626 0.140991 0.0329244 0.0113654 0.425957 0.164508 0.0329751 0.00535288 0.000118856 0.0573532 0.0116061 4.15995e-08 0.0336545 0.000411706 0.0101593 
0.038885 0.191435 0.0711063 0.000565481 9.76382e-05 0.0171288 0.0276928 0.000397401 0.00433845 0.000120283 0.000342015 0.0125729 1.63836e-05 0.56593 0.00343407 0.0659371 
0.117803 0.299693 0.0753855 0.00218615 0.00125226 0.0166988 0.0359904 0.000992185 0.00172849 0.00107213 0.00536939 0.0235423 0.000725691 0.340652 0.00254092 0.0743679 
0.0206797 0.414467 0.0062949 2.19784e-12 9.99111e-05 1.76639e-05 0.00824029 2.18377e-09 0.00037955 1.28842e-06 2.63865e-06 2.22951e-05 6.23766e-13 0.549228 1.63778e-06 0.000564785 
0.186148 0.451389 0.00193904 2.24893e-12 0.000239743 0.0004487 0.000355613 1.39127e-08 1.24663e-12 2.51129e-12 6.15038e-05 4.96279e-05 6.38266e-13 0.357341 1.54944e-12 0.00202795 
0.169858 0.148223 0.00756356 0.002011 0.000774527 0.0065062 0.0380626 0.000162725 0.000950039 0.000118451 0.000934555 0.0230134 9.14997e-06 0.591382 0.00116563 0.00926564 
0.00048412 0.0286969 0.0309689 9.79205e-05 0.000316415 0.000781086 0.797552 5.73516e-08 0.00329828 3.37443e-06 6.88983e-06 0.0449092 3.09982e-08 0.0854072 2.93255e-05 0.00744848 
0.0402177 0.107518 0.448204 0.000388429 0.00106609 0.0100185 0.0148303 0.000402463 0.017866 0.0031586 0.00105211 0.000722156 8.75499e-06 0.190949 0.000657348 0.16294 
0.00605701 0.0110723 0.0993861 0.000298843 0.000234601 0.0843932 0.743707 0.00478167 1.43199e-07 0.000184014 0.0158157 7.64339e-08 1.189e-08 0.0336638 1.49005e-06 0.000403871 
0.0191926 0.0858257 0.0529677 0.00213842 0.000834797 0.00958775 0.0444341 0.000272617 0.0289291 0.00242986 0.000794102 0.0345279 0.000231138 0.640264 0.0576413 0.0199292 
0.0210037 0.314437 0.0554225 0.000344325 0.00537156 0.0256762 0.0332779 0.000207475 0.339795 0.00658041 0.00132601 0.00541851 8.47234e-06 0.183692 3.02754e-05 0.00740891 
0.0385452 0.348906 0.127082 1.73482e-05 1.23449e-06 0.00589629 0.0151648 0.00025892 8.11467e-05 3.84566e-05 7.15497e-05 9.95831e-05 1.57882e-07 0.00618795 0.00255933 0.45509 
0.124064 0.0547062 0.0776415 0.00201148 0.00289973 0.0442186 0.105138 0.0770627 0.185856 0.00196616 0.0139115 0.0150438 0.00187846 0.25206 0.015437 0.0261047 
0.228844 0.103942 0.0323245 0.00228817 0.00205388 0.0147039 0.193589 3.58408e-05 0.00659078 0.000982956 0.000767301 0.00864814 3.50988e-05 0.392061 0.000145928 0.0129876 
0.241759 0.035925 0.00902255 0.0311796 4.35603e-08 0.0111112 0.226414 9.71142e-08 0.00247437 0.000136274 0.0348698 3.99453e-06 2.81868e-11 0.399539 8.08091e-08 0.00756548 
0.000108942 0.0393993 0.00244442 6.34649e-08 0.00106753 0.0227465 0.0889541 2.00615e-05 4.39698e-05 4.46133e-05 0.83301 0.00032987 3.46871e-08 0.00327042 3.78614e-06 0.0085568 
0.00735952 0.0560375 0.0838764 1.94963e-05 8.40134e-05 0.456345 0.239377 0.00261371 0.00775527 0.000287235 0.00178783 0.00347937 4.6529e-09 0.11552 0.0060395 0.019418 
0.109504 0.346392 0.00424942 7.83422e-06 2.51896e-05 0.00194076 0.00852956 9.09395e-05 0.000119875 0.000100293 6.62231e-05 0.0229415 5.65646e-07 0.363554 1.578e-05 0.142462 
0.0107611 0.0549041 0.116119 0.0155744 0.000213121 0.0249588 0.365828 0.000158209 0.044893 0.0130694 0.00342157 0.00320067 9.41019e-08 0.311787 0.0131987 0.0219132 
0.0014586 0.0644937 0.658619 6.68643e-06 0.00127615 0.0921925 0.143889 1.15712e-06 1.66213e-05 6.17637e-07 1.53307e-06 0.0172907 4.75104e-07 0.0153198 0.00171821 0.00371546 
0.0397471 0.0591358 0.355577 0.000503405 0.00116875 0.101025 0.133773 0.000580933 0.241151 0.000226047 0.000332028 0.00180992 2.95281e-05 0.061687 0.000599166 0.00265334 
0.0451043 0.497458 0.0283208 0.000283367 0.00154405 0.0202675 0.0623576 0.000388199 0.0169337 0.0110795 0.00232382 0.0294575 6.80851e-05 0.235057 0.00257998 0.0467773 
0.0169087 0.00650759 0.00740405 1.22724e-06 5.67249e-05 0.00173681 0.334388 0.00903975 0.000316045 0.000107849 0.0309802 0.557413 1.54537e-08 0.0300842 0.00278608 0.00226954 
0.0108017 0.0836499 0.0533693 0.000258402 0.00537583 0.724003 0.0489189 1.90748e-05 0.000486784 0.00054622 0.000284987 0.0487255 1.35782e-05 0.0223067 5.3615e-05 0.00118664 
0.00278821 0.123523 0.105364 0.00016839 0.00018515 0.0584991 0.0996292 0.000347653 0.523203 0.000295025 0.00449123 0.00126283 4.46009e-05 0.0372471 0.000202272 0.042749 
0.176159 0.0464834 0.0175871 0.0055105 0.000782937 0.000796297 0.00986606 2.32511e-06 0.000184713 0.0267474 0.000139314 0.0075632 1.31049e-06 0.667604 0.000187532 0.0403853 
0.0273119 0.399667 0.100779 1.56382e-05 2.70229e-05 0.00601714 0.0437174 1.67828e-05 0.00129624 0.000112326 0.00106788 0.0348682 1.10117e-05 0.378637 0.000446018 0.00600942 
0.0183761 0.0886652 0.210938 0.000743429 0.00369081 0.0982452 0.12165 0.00846551 0.0112543 0.00214076 0.0137176 0.00306428 0.000103022 0.328458 0.00141892 0.0890679 
0.0177377 0.292376 0.539827 0.000187482 0.000242934 0.0245181 0.0325575 0.00142081 0.00295194 0.000215085 0.00287408 0.00478813 9.36557e-05 0.0773058 0.00150846 0.00139593 
0.00105124 0.0181002 0.0065571 1.6218e-11 0.000434314 0.00628132 0.638646 2.56043e-06 0.00377842 7.2512e-05 0.00225272 0.00431875 4.6028e-12 0.309279 1.11737e-11 0.00922589 
3.8528e-08 9.33742e-05 0.000394318 1.02438e-10 0.00115514 0.183469 0.384887 1.00574e-10 1.19597e-07 5.99762e-08 5.13677e-06 0.429566 2.90727e-11 0.000118555 0.000252135 5.93819e-05 
0.0323873 0.131034 0.0318205 2.2724e-05 0.00170311 0.038282 0.361842 4.20872e-06 0.0021028 0.00610786 0.00314408 0.166792 3.5051e-06 0.20583 0.011268 0.00765602 
0.00505842 0.371507 0.0738783 4.95584e-06 4.72241e-07 0.103917 0.337881 3.181e-11 0.0335256 4.15738e-05 1.72047e-07 0.00100739 9.19523e-12 0.0710678 0.0015276 0.000582803 
0.0204849 0.622804 0.039375 0.0363074 0.000676127 0.0254509 0.0167232 0.00178754 0.00185786 0.00425296 0.00207146 0.000220145 2.9501e-05 0.149611 0.000230536 0.0781169 
5.77006e-08 9.06334e-05 0.00128013 5.13763e-11 4.08848e-11 0.0119948 0.846176 5.04416e-11 0.00145031 0.000187604 6.47809e-07 0.136178 1.4581e-11 0.000618477 0.00157417 0.000449454 
0.0518165 0.146536 0.113195 0.00991404 0.00450485 0.175826 0.0325289 0.274569 0.000814781 0.029182 0.00450566 0.0073083 8.70122e-05 0.0589842 0.00147029 0.0887574 
0.0120939 0.0604687 0.0791769 0.00025552 0.00142016 0.590368 0.184349 0.000414738 0.0184988 0.000112116 2.31936e-06 8.73389e-07 3.79257e-07 0.027046 0.000424951 0.025368 
0.021172 0.000488446 0.401827 0.000682481 0.00103515 0.518649 0.034171 0.000632635 0.000135119 0.000952761 0.000167279 5.14027e-05 6.29596e-06 0.0162344 0.000528561 0.00326661 
0.0112734 0.280133 0.0747603 0.00372167 0.0015329 0.0194877 0.0819308 2.42107e-05 0.00573449 0.00233582 0.000613466 0.0130917 1.60331e-05 0.369514 0.00115289 0.134677 
0.00346524 0.0953724 0.00235698 0.000200715 5.86668e-06 0.0450883 0.634259 0.00100147 0.0111934 0.0437944 7.99105e-07 0.0131468 1.04814e-07 0.146872 0.0027082 0.000534325 
0.0831082 0.00460499 0.128007 9.70828e-10 7.72577e-10 5.07839e-06 0.0270893 9.53166e-10 0.000825666 1.08408e-09 5.07488e-10 0.000111559 2.75529e-10 0.744107 7.2196e-07 0.0121412 
0.0175299 0.0157816 0.00829176 1.23387e-06 7.28137e-05 0.00173683 0.373144 0.0136175 0.000199506 0.000168354 0.00846106 0.518169 2.00083e-08 0.0330602 0.00351314 0.0062538 
0.00131155 0.00855746 0.136683 8.16092e-10 2.13748e-08 0.00231898 0.540562 0.0366867 0.0376552 0.000211894 4.26601e-10 0.00475548 2.31614e-10 0.138972 0.0922704 1.64418e-05 
0.000802282 0.00256242 0.055441 1.4244e-05 2.66501e-06 0.000696 0.933737 3.55259e-06 1.2729e-08 5.21853e-05 2.26263e-08 0.000157474 5.67429e-12 0.00323173 1.37748e-11 0.00329984 
0.00411634 0.169914 0.179054 0.000324329 0.00220588 0.0566575 0.0407117 2.6758e-05 0.00799531 0.00337008 0.00891575 0.00167642 2.23865e-05 0.47959 0.000302871 0.0451157 
0.00892797 0.174204 0.0526991 6.8129e-06 4.79675e-05 0.00170957 0.0364256 0.716046 0.000209567 0.00117927 9.21412e-05 0.00150492 2.17079e-06 0.00120355 0.000576235 0.00516505 
1.4959e-05 0.514166 0.191977 0.121285 0.0147062 0.0703681 4.15365e-05 5.48731e-10 0.000273842 0.00611424 2.92157e-10 6.69039e-06 1.5862e-10 0.0449753 8.0867e-06 0.0360626 
3.24602e-07 0.00272488 2.38419e-07 8.24916e-10 6.56461e-10 0.987299 0.00973898 8.09909e-10 4.57269e-10 9.21148e-10 8.40052e-07 9.31051e-08 2.34118e-10 0.000235125 5.6834e-10 1.32183e-08 
0.0433476 0.128714 0.0732788 0.00041421 0.000199591 0.0149 0.0701597 0.000140298 0.0982657 0.000289784 0.000855171 0.00983215 6.01064e-05 0.494734 0.054122 0.0106869 
0.00631901 0.0117549 0.00445344 0.00554379 0.00046557 0.00998448 0.485209 0.000127255 0.0149773 0.00221287 0.00338228 0.333606 2.24869e-05 0.0222223 0.0854879 0.0142314 
0.000723582 0.000286233 0.000226643 9.06163e-07 7.21117e-07 0.0878159 0.877597 8.89677e-07 6.72755e-05 1.01187e-06 0.0235186 4.70617e-05 2.57177e-07 0.00950581 0.000113634 9.42818e-05 
0.00690489 0.228061 0.006872 9.38295e-06 3.8545e-05 0.246051 0.277777 0.000186141 0.00177352 1.77879e-05 0.00435296 0.00893788 7.70176e-06 0.175279 0.00644724 0.0372838 
0.0132125 0.0206248 0.00850894 0.000500556 0.000219321 0.0471906 0.649224 0.00050205 0.017858 0.00469386 5.33236e-05 0.0352315 1.22228e-05 0.173537 0.00131833 0.0273127 
0.0113623 0.523848 0.0657659 5.70478e-05 0.00318647 0.062438 0.051288 0.00022037 0.00269018 0.00125996 0.00169316 0.0159933 1.17959e-05 0.258743 5.05807e-05 0.0013919 
0.224428 0.312185 5.05211e-07 4.99902e-10 3.97818e-10 0.0221448 0.0573339 4.90807e-10 1.52437e-06 3.46151e-06 5.01756e-06 7.87877e-07 1.41876e-10 0.206237 0.0648943 0.112766 
0.00359868 0.0473174 0.0163414 0.00817396 2.99041e-05 0.433763 0.354367 0.000242379 0.0329241 0.000144839 0.00910278 0.0221274 2.73923e-07 0.0708259 0.000316159 0.000725406 
0.000261638 0.00162287 0.000100686 0.000637198 1.94462e-05 0.201547 0.766443 0.00174201 0.00415202 7.61368e-07 0.00195119 0.015382 2.06835e-10 0.00556261 8.7537e-06 0.000569316 
0.00230816 0.673018 0.0380244 5.07161e-12 4.03594e-12 0.0033255 0.106814 4.97934e-12 0.00384618 4.64444e-08 0.000405614 2.46877e-07 1.43937e-12 0.169703 0.000703596 0.00185145 
1.60244e-07 1.87771e-06 0.573579 7.18323e-08 2.19928e-08 0.00115744 0.0280353 2.72557e-09 0.105785 1.43444e-07 7.21968e-12 6.61536e-07 3.91976e-12 0.277317 6.79418e-07 0.0141217 
0.0424506 0.191138 0.12463 9.03705e-05 0.00292828 0.0255694 0.0504057 0.000165643 0.0237874 0.000347773 0.00159733 0.0244572 3.17963e-05 0.490354 0.00262693 0.0194203 
2.16906e-06 0.00255116 0.0149363 3.25057e-09 2.58678e-09 0.00412558 0.5621 3.19144e-09 0.0268455 5.41168e-06 0.000141022 0.36188 9.2254e-10 0.0270363 0.000374544 1.77468e-06 
0.00219747 0.101286 0.430554 0.00709408 0.00571903 0.299769 0.0442995 0.000501079 0.00778901 2.50627e-05 0.00671655 0.00193768 7.90374e-06 0.0724887 9.04706e-06 0.0196065 
0.124087 0.168949 0.0222196 0.000374093 7.45089e-05 0.00626271 0.0779546 2.05773e-05 0.000240042 1.50562e-05 0.00326808 0.022146 1.11172e-05 0.542081 0.00134785 0.0309483 
0.0412687 0.0425635 0.00657586 0.000301435 5.82841e-08 0.0509612 0.519544 0.000201237 0.00208853 3.64963e-07 0.000248118 0.00195174 2.1851e-08 0.0947554 0.00133521 0.238204 
0.0406911 0.107313 0.027009 0.00647853 0.0129567 0.0410262 0.316463 0.335348 0.000968786 0.0417205 0.00136626 0.0201727 0.000951726 0.0204264 0.00747736 0.0196309 
0.0171812 0.270785 0.0225686 0.0341115 6.94204e-05 0.0806815 0.318748 4.08077e-05 0.00312017 8.19683e-05 0.0137015 0.0271085 2.37524e-05 0.190003 0.013072 0.0087032 
0.117476 0.177313 0.174196 0.00327114 0.000209076 0.00302352 0.00346039 0.000374585 0.0599992 0.000415487 0.000973087 0.00538082 5.03497e-05 0.101576 0.000159718 0.352121 
0.0711912 0.140601 0.039599 0.000120351 1.40799e-05 0.00462628 0.159859 1.01971e-05 5.36017e-05 0.000597051 0.000680233 0.0510314 7.80411e-06 0.453493 0.00318937 0.0749273 
0.000821423 0.298248 0.0634392 0.000474736 0.000681254 0.1562 0.0267559 7.36013e-05 0.00813152 0.0575794 0.000407216 0.000444253 1.67996e-05 0.384748 0.000263152 0.00171562 
0.0788631 0.0204839 0.0878985 3.6654e-05 0.000160156 0.115914 0.477508 4.90946e-05 0.00333707 0.00324628 0.0121717 0.00016633 2.66365e-05 0.166708 0.00127748 0.0321526 
0.0814087 0.256424 0.0402572 0.000296056 0.000179421 0.016311 0.14469 0.00471047 0.00225823 0.000107336 0.00039523 0.000311016 2.20336e-06 0.438187 0.000337641 0.0141255 
0.00629712 0.0528124 0.0145051 0.00372151 0.00156061 0.0941198 0.327696 0.000193025 0.0846795 0.000418825 0.0169757 0.319215 8.77646e-05 0.0681737 0.00487751 0.00466613 
0.0191482 0.693882 0.0135714 5.60241e-05 0.00260356 0.0297285 0.0237534 0.00121673 0.00113242 0.0152189 0.00669908 0.00213226 6.97851e-09 0.0908561 0.00117373 0.098828 
4.67925e-05 0.0449933 0.0103443 0.000107744 0.0046991 0.859349 0.0538995 1.66333e-05 0.00121522 0.000168951 0.00132723 2.25823e-05 6.08879e-06 0.0233568 4.80379e-05 0.000398273 
0.0592606 0.111917 0.0880712 0.00143271 0.0103143 0.0491525 0.0655739 0.000967174 0.0032108 0.0413398 0.00195309 0.00764517 4.22006e-05 0.471866 0.000882402 0.0863709 
0.0154598 0.0677837 0.0508793 7.70308e-05 0.00129447 0.00219828 0.406773 1.45047e-05 0.000313411 0.000556391 0.00162769 0.279607 1.25486e-05 0.159567 0.00131425 0.0125215 
0.0666207 0.112546 0.0103435 4.39909e-05 0.00140411 0.0327322 0.512808 6.64051e-05 0.0584978 0.000688739 0.000690623 0.030676 3.07097e-05 0.147642 0.000855532 0.0243537 
0.0315378 0.336718 0.051925 0.042645 0.00122724 0.026009 0.327521 4.6111e-05 0.00134635 0.000170348 0.000371359 0.0113705 1.56753e-05 0.144473 0.0222627 0.00236073 
0.0826439 0.114841 0.111396 0.0036176 0.00226744 0.020974 0.224527 0.000113801 0.000173712 0.000268243 0.00498286 0.0623843 1.03887e-06 0.20034 3.47197e-05 0.171434 
0.00168136 0.0353495 0.0293502 8.25404e-06 0.00156539 0.119113 0.631449 5.57042e-05 0.077573 0.00128755 0.00204916 0.0158261 7.10624e-06 0.0792363 0.00370198 0.00174647 
0.00621701 0.0814065 0.0214634 0.00357492 2.35429e-06 0.00697384 0.700783 2.0162e-08 0.000869414 0.000241719 0.000607772 0.0188132 7.63274e-09 0.157541 3.45043e-05 0.00147152 
0.014039 0.0127111 0.00676077 9.89856e-07 7.78159e-05 0.00138947 0.355418 0.0108942 0.000252854 0.000134688 0.0254249 0.535065 1.68278e-08 0.0290962 0.00306102 0.00567333 
0.183961 0.135572 0.0500367 0.000181895 0.0034932 0.0341498 0.0264907 6.24338e-05 0.0084805 0.00154904 0.000127176 0.00248558 1.89219e-05 0.435983 0.000197111 0.117212 
0.0875337 0.119721 1.08492e-05 3.23949e-07 0.021883 0.448393 0.022238 0.0011166 0.000951725 1.5853e-05 3.13102e-06 2.1969e-05 3.23541e-07 0.0775824 1.37443e-06 0.220527 
0.000563729 0.378448 0.0544311 1.72248e-07 7.71586e-05 0.0097184 0.260108 8.58008e-13 4.28185e-07 1.59074e-08 4.8428e-09 0.00652677 2.48022e-13 0.271682 0.0182802 0.000163744 
2.30137e-05 1.15676e-05 0.138876 3.41575e-06 6.99178e-05 0.301829 6.81204e-05 8.94147e-07 0.0120917 1.58989e-06 2.76169e-06 3.0714e-06 2.58469e-07 0.0165925 0.465379 0.0650482 
0.000160899 0.00289581 0.938524 0.00124975 6.54007e-07 0.0156252 0.00329385 8.06881e-07 0.00578948 9.17705e-07 2.70503e-05 5.05412e-06 2.33243e-07 0.0282636 5.31436e-05 0.00410961 
0.0636778 0.0393841 0.341437 0.000213568 0.0168161 0.0859171 0.203534 0.00160421 0.128219 0.01101 0.00152708 0.00806351 0.000151647 0.0697299 0.0193572 0.00935776 
0.0937442 0.173064 0.0101334 6.48298e-05 0.000181562 0.00629084 0.0332778 3.87716e-05 0.0040364 0.0116165 0.00115451 0.0851151 3.27688e-05 0.45188 0.00155424 0.127815 
0.396255 0.0351869 0.0313256 0.000124416 5.06671e-05 0.00454435 0.0261794 0.000139225 0.00122141 0.000104237 0.00518751 0.0141897 1.05874e-05 0.481186 0.00173824 0.00255679 
0.0095739 0.0527649 0.0827651 0.00145593 0.00173606 0.28326 0.354926 0.000749296 0.00012271 0.0033144 0.0415184 0.0340908 7.21366e-05 0.128742 0.00097479 0.00393332 
0.05265 0.303978 0.00889493 1.58186e-05 1.26755e-06 0.00367358 0.00459991 0.000512926 0.0006581 5.19129e-05 0.000244429 0.000125251 2.38305e-09 0.0398926 0.000130867 0.58457 
0.0152298 0.129242 0.0245218 0.114944 0.000310649 0.0197151 0.132724 0.000273401 0.00324454 0.000265149 0.00195467 0.0426224 0.000144972 0.449963 0.00393757 0.0609072 
0.0148636 0.0338288 0.0214823 0.000330836 0.000564461 0.0202641 0.801349 0.000606947 0.0105365 0.00194021 0.00321394 0.030007 6.11938e-05 0.0450171 0.00429019 0.011644 
0.047559 0.135824 0.0850114 0.000793634 0.000472325 0.426458 0.172989 0.00598422 0.0617895 0.000946443 0.00638581 0.000920421 7.05026e-05 0.0364068 0.000117695 0.018271 
0.0115411 0.0511706 0.0220065 0.00152073 0.00575808 0.0678528 0.55519 0.000938316 0.0120409 0.00134438 0.00277047 0.0877248 4.7792e-05 0.147918 0.00231142 0.0298641 
3.24196e-05 0.219167 0.0183576 6.61724e-07 5.26594e-07 7.69349e-05 0.00760608 6.49685e-07 0.754392 1.21076e-05 2.87083e-05 6.05434e-05 1.87803e-07 0.000206225 4.24566e-05 1.57496e-05 
0.203259 0.077434 0.0474256 0.000507625 0.0106236 0.055061 0.0319988 0.000195499 0.31779 0.000607723 0.00643231 0.0131042 7.16871e-05 0.16827 0.00118681 0.0660315 
0.0248553 0.0576648 0.0930541 0.000256994 5.37384e-05 0.206534 0.329361 0.00172744 0.0787288 0.0718944 0.00314146 0.0189136 4.50578e-06 0.0950735 0.000160317 0.0185766 
0.00744815 0.207355 0.046004 2.62654e-08 3.32197e-08 0.204952 0.00672205 0.21452 0.00201072 1.45186e-05 0.00587765 4.39453e-06 1.16337e-11 0.0919233 0.000523727 0.212645 
0.000572812 0.000709908 7.42095e-07 2.64344e-05 9.76947e-11 0.000790923 0.905538 7.73298e-05 0.000148568 3.04444e-07 1.30352e-06 0.00130924 3.48415e-11 0.00293208 0.074916 0.0129766 
0.172531 0.132237 0.454244 0.00835345 0.000133972 0.00111985 0.030101 4.55206e-05 0.000181059 4.23245e-05 0.00497708 0.00342734 2.60863e-05 0.153456 0.000250968 0.0388723 
0.00103148 0.0032945 0.0684072 1.83028e-05 1.51032e-08 0.000894823 0.918518 4.56286e-06 1.34483e-08 5.66944e-05 2.39062e-08 1.12649e-05 5.17567e-12 0.00363526 1.25643e-11 0.00412809 
0.0357284 0.120125 0.125879 0.000513851 0.00196745 0.060599 0.0779884 0.000502229 0.00301726 0.0031854 0.00127034 0.0110022 0.000232904 0.531968 0.00896535 0.0170554 
0.086256 0.135398 0.136295 0.00371002 0.00400883 0.023736 0.0419465 0.00019706 0.0172174 0.00394435 0.0020163 0.00247716 8.28961e-05 0.430631 0.00135129 0.110732 
0.191029 0.217268 0.0745641 0.000606894 0.00101967 0.0623466 0.120196 0.000604161 0.0204833 0.0184224 0.00068855 0.00347906 0.000402443 0.233044 0.00569605 0.0501503 
2.19439e-06 0.189359 2.34932e-05 4.40685e-08 4.55912e-06 0.165921 0.292312 0.319026 2.44281e-08 6.89333e-06 4.59296e-05 7.20421e-06 1.2507e-08 0.0327878 3.03617e-08 0.000503783 
0.0279845 0.0762745 0.041772 0.00850619 8.26857e-05 0.00578231 0.0247895 0.000436032 0.00337073 0.000849748 0.00148586 0.00159262 2.09799e-05 0.269675 0.000182627 0.537195 
0.00418893 0.588974 0.0666093 3.46566e-05 0.000483395 0.00222908 0.0405432 9.01621e-05 3.26874e-05 1.05374e-05 0.000426741 0.00158231 1.62918e-06 0.288266 7.07982e-05 0.00645641 
0.00103148 0.0032945 0.0684072 1.83028e-05 1.51032e-08 0.000894823 0.918518 4.56286e-06 1.34483e-08 5.66944e-05 2.39062e-08 1.12649e-05 5.17567e-12 0.00363526 1.25643e-11 0.00412809 
0.0104652 0.0171621 0.0134249 0.00356838 0.0143341 0.0296062 0.788574 0.00029579 0.0107649 0.00265466 0.000101943 0.0699283 6.06732e-05 0.0247077 0.0102348 0.00411581 
