0.00653113 0.276152 0.00083166 1.15974e-07 5.77749e-06 0.109484 0.0255726 0.00125468 0.00188646 7.50134e-05 0.0012832 0.00116224 0.000238754 0.474932 0.0729515 0.0276393 
0.256584 0.104818 0.217583 0.000389689 0.00129927 0.0163919 0.0615656 2.0495e-05 0.00131948 0.000662825 0.00286973 0.00624611 0.000185714 0.293254 0.00938197 0.0274285 
0.124361 0.0749745 0.120278 0.0013575 0.000557367 0.00691813 0.0322548 7.29414e-05 0.165433 0.0710893 0.0575872 0.00142825 0.131554 0.174928 0.0019783 0.0352286 
0.0155434 0.341878 0.182032 1.89729e-10 1.51136e-07 1.38535e-05 3.3141e-06 4.47252e-07 1.05171e-10 2.11862e-10 9.91782e-11 0.000487261 8.08241e-08 0.445143 0.0148994 3.46625e-11 
0.0694545 0.136952 0.133277 0.00474398 0.000432023 0.00878563 0.0602496 0.000721877 0.00490421 0.00139334 0.00146531 0.0499883 0.00583018 0.454885 0.000370741 0.066547 
0.0142164 0.0611805 0.281275 3.70677e-05 0.00229563 0.0945265 0.0979463 6.9179e-06 0.0139928 1.20537e-05 0.00228255 0.0153469 4.72402e-05 0.366333 0.000591684 0.0499092 
0.0624896 0.0191328 0.073762 0.00651609 9.10751e-06 0.00137318 0.1395 4.00632e-07 3.72664e-05 1.44421e-05 0.00625294 0.00899512 1.30758e-06 0.638755 0.0283048 0.0148559 
0.000854176 0.328887 0.0185107 1.0598e-11 8.43377e-12 0.00726091 0.210552 8.7576e-09 0.00201689 0.000516137 0.000281946 0.00242246 3.22296e-07 0.417955 9.13294e-06 0.0107332 
0.103562 0.169768 0.0357335 1.85592e-11 0.00043011 0.230512 0.0593674 0.00121957 0.000858065 3.22281e-07 0.0101753 0.00344155 0.0189063 0.309975 0.037261 0.0187906 
0.028206 0.0112327 0.040768 6.04627e-05 0.000533854 0.00769485 0.163804 3.92119e-05 0.000549676 4.29359e-05 0.000277378 5.10341e-05 6.36063e-05 0.739395 0.000424782 0.00685654 
0.0781758 0.0401395 0.00294346 2.24479e-08 0.00158658 0.229078 0.214133 8.89299e-06 0.0396004 0.00438606 0.111478 0.0022348 0.000234867 0.275278 0.000358312 0.000364654 
0.00193162 0.1436 0.089539 4.72206e-08 1.42255e-05 0.0120632 0.0421953 3.59565e-07 0.000158553 4.89795e-05 0.000315935 0.0107377 1.15415e-05 0.686236 0.000597014 0.0125506 
0.0204079 0.0904438 0.00850761 4.68329e-07 0.000222739 0.0324234 0.0399827 3.29193e-05 0.00543186 0.000315995 0.00052446 0.067733 0.000150641 0.666798 0.00161765 0.0654073 
0.0173484 0.130124 0.160337 0.00147083 0.00335059 0.0030739 0.0217408 3.80526e-06 0.00037274 0.00370256 0.00206915 0.00031535 2.64796e-05 0.633587 6.29754e-06 0.022471 
0.126893 0.036191 0.00771724 2.01376e-07 0.000196068 0.00783569 0.031933 7.09475e-06 9.15728e-08 6.34032e-06 0.000235033 0.00996823 6.35523e-05 0.757545 0.00887273 0.0125364 
0.00409518 0.00028445 0.109221 0.000391201 8.37688e-06 0.00085832 0.110099 3.74522e-09 1.76233e-07 1.95182e-05 1.99404e-09 7.08952e-05 1.05116e-07 0.774704 1.28262e-07 0.000247358 
0.0325947 0.191425 0.00321108 1.27332e-07 1.9038e-06 0.00225822 0.0679158 1.22079e-06 0.000366356 1.45175e-07 0.000197907 0.00535406 6.6025e-06 0.690795 0.00331197 0.00255962 
0.0999436 0.0968792 0.007307 1.14889e-05 6.69538e-05 0.00879453 0.239725 1.65797e-06 0.000882913 1.90879e-05 0.000509685 0.00224016 4.59555e-06 0.540602 2.04647e-05 0.0029911 
0.0175072 0.0197096 0.158831 1.2682e-08 1.00923e-08 0.0322148 0.00783014 5.07128e-06 0.0014097 8.74983e-05 0.149689 4.10741e-06 8.2899e-06 0.56536 1.91783e-05 0.0473246 
0.0222078 0.296526 0.0170029 0.00116453 4.01774e-05 0.00437022 0.0558483 1.45723e-06 6.52974e-08 1.38684e-05 0.000184607 0.0438016 3.65189e-07 0.55687 0.0018007 0.00016675 
0.0292483 0.265561 0.011908 0.000199448 0.00211244 0.0852055 0.145382 1.24926e-06 0.00303029 7.73642e-05 0.00805989 0.0623901 0.000220198 0.382481 0.000248182 0.00387517 
7.92384e-06 1.01894e-08 5.90421e-05 1.27125e-07 1.80793e-05 0.337187 0.0178465 1.24812e-07 0.279599 1.41955e-07 0.00152451 0.000160463 3.60792e-08 0.363597 8.75851e-08 2.32252e-08 
0.0358184 0.152754 0.0845489 0.000257527 0.000665504 0.0343635 0.194725 2.1043e-05 0.00397082 0.000704936 0.0115302 0.0211975 0.000160362 0.439638 0.000300885 0.0193432 
0.106616 0.10945 0.147548 0.00362357 0.00183455 0.0159088 0.0547193 0.000482655 0.00841327 0.00195516 0.0073889 0.0186454 0.00370803 0.365191 0.00363282 0.150883 
0.00337766 0.0761257 0.0975228 2.03121e-05 5.27023e-08 0.0033677 0.0720379 8.02741e-12 3.47238e-07 0.000964806 4.08048e-05 3.78307e-05 5.38662e-06 0.74371 2.34303e-05 0.00276524 
0.0319226 0.204953 0.100596 0.00452587 0.00227089 0.109225 0.138468 0.0011029 0.00625176 0.00177558 0.0060623 0.0180441 0.00157929 0.304321 0.00475285 0.0641493 
0.100741 0.137113 0.0404768 3.66469e-05 0.000168065 0.00727541 0.0564215 1.00331e-05 0.00323574 0.000190002 0.000618858 0.0248478 0.000463367 0.61137 0.00228998 0.0147421 
0.0719288 0.21537 0.00336605 4.07776e-11 5.05916e-05 0.220014 0.0447848 0.000205259 0.00483234 0.000570758 0.023296 0.000402158 9.9307e-05 0.410665 0.000599462 0.00381557 
0.13969 0.202305 0.0337772 0.00272789 0.00157596 0.0078639 0.0356982 0.000107287 0.00204336 0.000146341 0.00189301 0.0106136 3.64139e-05 0.392262 0.0167732 0.152487 
0.00418858 0.103667 0.0507498 5.44403e-12 5.80533e-07 0.0181333 0.0369592 5.34499e-12 0.145283 4.74232e-08 0.000385763 0.000733825 5.14435e-05 0.583428 3.90115e-08 0.0564198 
0.196708 0.0709541 0.0430369 0.0003057 0.000956222 0.00937672 0.0424418 1.15273e-05 0.00456027 2.66922e-05 0.00194748 0.0129496 4.48406e-05 0.562685 0.000497281 0.0534978 
0.0172212 0.0999558 0.113236 7.17203e-05 0.000592871 0.0651751 0.0966034 1.4879e-05 0.0105247 0.00199927 0.00176892 0.0548143 0.0446632 0.442176 2.98472e-06 0.0511793 
0.0629863 0.0696974 0.0155776 0.000903952 3.20103e-05 0.0248052 0.0434519 1.21843e-05 0.0469551 0.000681075 0.000859697 0.0219774 0.00176599 0.704607 0.000845018 0.00484183 
0.0242697 0.0880684 0.12849 2.05227e-06 0.00732191 0.010746 0.21298 2.44346e-05 0.00110848 8.05028e-05 0.0149647 0.018718 5.55784e-05 0.478575 0.00349714 0.0110989 
0.0126 0.085896 0.0813144 1.22172e-05 5.32588e-08 0.00202071 0.0447643 1.35086e-11 0.000907525 0.000579414 8.05947e-05 2.27088e-05 3.23655e-06 0.768876 9.92944e-05 0.00282348 
0.00474605 0.169345 0.0683136 1.83062e-08 0.00051353 0.141091 0.0433305 4.29023e-06 0.0931961 0.000329624 0.00146049 0.0122242 0.000132337 0.443365 0.000115932 0.0218332 
0.0620693 0.281541 0.127027 0.000913541 0.000605043 0.0267938 0.105889 0.00374256 0.0242289 0.0014355 0.00381459 0.0155122 0.00219286 0.318541 0.0060112 0.0196821 
0.16544 0.178413 0.00340484 2.87037e-07 0.000711618 0.171426 0.13915 0.0045075 0.018888 6.3403e-05 0.00012631 0.00392695 9.82438e-06 0.305247 0.0055201 0.00316405 
0.174404 0.204556 0.00278931 1.26475e-06 8.89572e-05 0.0115125 0.0269734 3.61407e-07 1.19362e-05 0.000128964 0.000243789 0.0023829 6.74698e-05 0.576049 7.06808e-05 0.000719356 
0.0058787 0.217604 0.0822002 6.33685e-07 0.00389702 0.0328411 0.106694 2.42152e-05 0.00226093 0.000183833 0.0244883 0.0601002 3.65856e-05 0.458937 0.0038915 0.000961705 
0.128471 0.0434557 0.0185545 3.41338e-06 0.000320288 0.00319954 0.00671646 1.68316e-05 0.0252034 0.000633945 3.93738e-05 0.0116623 9.83287e-06 0.646411 4.66091e-05 0.115256 
0.0204895 0.0685065 0.233482 0.000113729 0.000162206 0.00308059 0.110113 4.93047e-05 0.0306745 0.000350286 0.00213889 0.0541043 0.00335341 0.35072 0.000572166 0.12209 
0.00197876 0.0564165 0.315294 1.23996e-07 1.13421e-05 0.00146567 0.0096021 1.39478e-06 0.00793418 3.17116e-05 0.00152033 0.000548183 5.53754e-06 0.531274 1.87572e-05 0.0738977 
0.00446068 0.356991 0.014385 0.0731864 7.35527e-08 0.0655548 0.0466249 9.01461e-07 0.000297853 0.000430264 8.0155e-05 0.00684789 0.00015778 0.428487 0.000602658 0.0018922 
0.0163635 0.134204 0.231441 4.40093e-11 0.000109655 0.0260962 0.0344184 0.0002309 2.1267e-07 0.0185719 0.00204417 0.0561875 1.24397e-08 0.476408 2.51249e-06 0.00392145 
0.0487379 0.0757073 0.080647 0.00147024 0.000128195 0.0281833 0.0412588 1.51694e-06 0.0364846 0.000245373 0.0036325 0.000908676 6.26194e-05 0.67522 0.000274524 0.00703711 
0.0341718 0.154811 0.046106 6.54993e-06 0.000224204 0.00912519 0.0224684 5.83429e-07 0.0120416 0.000134662 0.000703803 0.0208197 1.91683e-05 0.665974 0.00418626 0.029207 
0.0593987 0.0511686 0.25515 2.0874e-05 4.30787e-05 0.021446 0.0522795 0.00165336 0.00170848 0.000343392 0.00034791 0.000727969 0.000136068 0.394309 5.55352e-07 0.161266 
0.0273884 0.222668 0.185281 1.46479e-09 0.00350206 0.00192225 0.0220396 2.96882e-06 1.42099e-05 0.00256728 0.00172458 0.000582314 7.61553e-06 0.522005 1.59254e-05 0.0102797 
0.00800245 0.0276937 0.133368 0.11688 0.00280417 0.137963 0.187768 7.85912e-06 0.00304664 0.014787 0.00949916 0.000722241 0.000434695 0.335064 0.00162783 0.0203313 
0.0163284 0.289189 0.164393 0.000227171 0.00306451 0.0381702 0.0460357 4.18121e-05 0.00204603 0.000432051 0.00180673 0.0481283 5.59997e-05 0.34155 0.000230074 0.0483011 
0.000335744 0.057327 0.34637 3.27334e-05 3.12552e-05 0.00231199 0.149044 1.99916e-09 0.00052066 0.000421698 2.3016e-07 0.00835048 5.77892e-10 0.408246 5.56767e-09 0.0270084 
0.152592 0.1764 0.0895652 1.13683e-06 1.1371e-06 1.13788e-06 0.00626046 1.13684e-06 0.00500577 1.13666e-06 0.00273105 1.13794e-06 1.13778e-06 0.54468 0.00545989 0.0172974 
0.0279846 0.229984 0.16069 0.00109019 0.000512915 0.0288472 0.0952855 0.000183745 0.00621731 0.00065207 0.00333656 0.0208989 4.37734e-05 0.399258 0.00125407 0.0237614 
0.0749682 0.213696 0.0346322 6.55217e-10 5.04765e-05 0.0447072 0.114501 2.04385e-05 0.000203648 3.08484e-05 0.000158656 0.00579065 5.95346e-06 0.500775 0.0048172 0.00564324 
0.00170036 0.160696 0.00328634 1.09756e-07 0.000257762 0.14483 0.0619841 5.64873e-05 0.00136121 8.50483e-05 0.00277005 0.0290569 0.000505779 0.486015 0.106863 0.000532127 
0.0376891 1.17716e-06 0.00223347 5.57067e-12 4.43309e-12 2.13997e-07 0.0015385 2.57113e-08 5.96007e-08 2.49444e-09 0.00097002 3.55322e-07 8.2228e-09 0.957553 1.43545e-07 1.37489e-05 
0.0985331 0.133 0.00474813 5.87738e-08 6.13054e-05 0.0181547 0.0300138 2.0714e-05 0.00319256 0.0307266 0.000240667 0.0458835 1.02341e-05 0.606187 0.0204085 0.00881933 
0.0227491 0.214373 0.0634398 6.0558e-06 6.88909e-05 0.0851984 0.166011 1.30387e-06 0.00456584 0.000480435 0.001416 0.0855885 2.50178e-05 0.284982 0.0128649 0.0582297 
0.250161 0.176968 0.0417669 0.000254884 6.27513e-06 0.0137283 0.0396325 1.2394e-06 0.000922823 8.40716e-07 0.00107267 4.19849e-06 0.000599851 0.459497 2.69143e-06 0.0153808 
6.99361e-06 0.0175582 0.0580549 1.59634e-09 6.84735e-05 0.352056 1.08225e-05 1.5673e-09 0.127877 1.37275e-05 8.34466e-10 1.57573e-06 7.70648e-07 0.444348 2.75066e-06 1.37102e-06 
0.0622517 0.0387548 0.18804 0.00380956 0.000245549 0.00106819 0.0551966 0.00072327 0.0211793 0.000125613 0.00663311 0.00319981 0.00385521 0.423622 0.136229 0.0550659 
0.013343 0.0219239 0.0890161 6.2805e-07 2.56251e-06 7.18568e-06 0.0255267 2.56749e-09 0.000140404 9.81643e-06 1.0632e-06 0.000147678 8.32804e-07 0.733366 1.48309e-05 0.116499 
0.0610605 0.0984678 0.204461 0.00514172 0.00526397 0.033184 0.0990638 0.00129753 0.0254582 0.00172183 0.0146607 0.0195808 0.00645348 0.319655 0.00314197 0.101387 
0.172236 0.0323886 0.00635564 1.54544e-08 2.15884e-06 0.000790482 0.0283342 6.11453e-06 6.59111e-09 1.32439e-05 0.000448029 0.00591353 3.85399e-06 0.751074 0.000885173 0.00154922 
3.20367e-06 0.187563 0.059244 8.61269e-10 4.82699e-08 0.00722836 0.267228 8.456e-10 0.00118483 0.000142695 0.00417862 3.57544e-06 2.44435e-10 0.459941 1.48553e-05 0.0132674 
0.174404 0.204556 0.00278931 1.26475e-06 8.89572e-05 0.0115125 0.0269734 3.61407e-07 1.19362e-05 0.000128964 0.000243789 0.0023829 6.74698e-05 0.576049 7.06808e-05 0.000719356 
0.163719 0.262658 0.0367649 5.04677e-06 2.14806e-06 0.00315717 0.0209743 5.19987e-06 0.00650071 0.000681794 8.51164e-06 0.00842036 2.01126e-05 0.329658 1.11199e-05 0.167413 
0.070043 0.153437 0.248681 0.00021578 0.0005771 0.010016 0.0714553 0.00150363 0.00630167 0.00118699 0.00319227 0.0119958 0.00470222 0.377997 0.0029485 0.0357468 
0.154256 0.0425674 0.047536 0.000769324 2.56875e-09 0.0201204 0.0226042 1.76463e-06 0.00287203 0.000570474 0.00152261 0.00104126 1.57372e-05 0.654843 1.16815e-08 0.0512798 
0.148308 0.12249 0.0779531 0.00367642 0.0021499 0.0475942 0.119076 2.34631e-05 0.0123124 0.000177177 0.0021651 0.0108036 0.000165942 0.438852 0.00565338 0.00859969 
0.0189842 0.0754924 0.325168 0.00015994 5.14896e-05 0.0427697 0.144186 8.50182e-06 0.00119829 0.000298964 0.0088172 0.0065156 0.000119204 0.371899 0.0013544 0.00297644 
0.0447032 0.186967 0.051419 4.74429e-05 0.000182843 0.017943 0.052981 4.48932e-05 0.0100951 4.91952e-05 0.000260486 0.0135196 6.2261e-05 0.608226 0.000697124 0.0128024 
0.0744607 0.00659487 0.000810903 1.13964e-11 2.22647e-08 5.83238e-05 0.000214477 6.36394e-06 1.06676e-07 2.30237e-08 0.000775968 0.00207506 7.67474e-09 0.693058 7.85171e-12 0.221945 
0.0327626 0.288907 0.0878775 0.000627667 0.00011626 0.0145212 0.0610656 1.15865e-06 0.0372843 5.64985e-05 0.000388246 0.106122 7.06066e-06 0.36013 0.000927556 0.00920482 
2.45815e-05 0.0299375 0.0723431 4.19048e-11 3.33475e-11 0.000266589 0.0261086 4.11424e-11 2.32287e-11 3.10641e-06 0.000443357 3.90372e-05 3.17988e-10 0.861932 2.93275e-08 0.00890249 
0.24093 0.0347465 0.0109915 1.99488e-11 1.4118e-08 0.00012251 0.0337939 3.28865e-07 1.39302e-05 4.96839e-08 7.99936e-05 0.000135408 1.26573e-05 0.674228 0.000324721 0.00462111 
0.0215297 0.299435 0.00944658 7.83943e-06 7.01535e-05 0.000114928 0.00438536 4.95016e-06 0.0016023 0.000199107 4.51565e-05 0.0112408 5.91616e-06 0.581817 1.21997e-05 0.0700837 
0.13883 0.0464444 0.0183304 1.26596e-06 8.72714e-05 0.0027607 0.0266767 3.00731e-05 0.00612439 0.000166659 0.00031748 7.45134e-05 0.00705113 0.718082 0.000104484 0.0349182 
1.48687e-07 0.19356 0.109791 2.1717e-07 9.1528e-11 0.213008 0.137414 1.15932e-07 5.53271e-07 3.96464e-08 0.000824705 0.00814042 6.63221e-08 0.259283 1.33369e-07 0.0779767 
0.0407364 0.0532914 0.0199611 8.30685e-05 0.000108632 0.0146066 0.11401 7.90166e-06 0.0367104 1.40312e-05 5.88231e-05 0.018192 0.010359 0.684498 0.000217185 0.00714587 
0.0111595 0.085311 0.0165301 1.47446e-09 2.47553e-06 0.0341479 0.12678 8.68723e-05 6.86533e-05 4.75449e-05 0.0450535 0.00241402 0.000184973 0.641093 0.000361295 0.0367586 
0.0064238 0.195297 0.0250517 2.62899e-10 1.66868e-06 0.0406717 0.0266654 4.15167e-05 0.000707003 0.000618182 0.00172797 0.00218319 3.62624e-05 0.680461 0.000159821 0.0199541 
0.00704462 0.0276012 0.0532494 9.62941e-11 1.01012e-06 0.000280855 0.0524511 3.40744e-08 0.00164646 1.07527e-10 5.03365e-11 0.0262249 2.73291e-11 0.80319 6.97525e-07 0.0283094 
0.226444 0.224298 0.0200777 6.96702e-05 1.9431e-05 0.00238146 0.130041 0.000423953 0.000468895 0.000486197 0.00355749 0.0329172 0.00369987 0.306357 0.014749 0.0340094 
0.28969 0.125207 0.0150817 1.16579e-06 0.00911712 0.0114307 0.0683707 7.31531e-07 0.0753847 1.35664e-07 0.00169312 0.00434805 2.90948e-08 0.310084 0.00266609 0.0869247 
0.224062 0.0152605 0.000165839 8.91537e-07 1.15714e-06 0.000398329 0.0357588 2.29822e-06 0.000272421 0.000224914 0.000172479 0.0528988 1.08675e-05 0.666539 0.00129697 0.00293547 
0.0386812 0.120391 0.0692692 0.000611718 0.00457608 0.0679055 0.117909 0.000509506 0.257815 0.00281083 0.00732075 0.0170047 0.00117428 0.265386 0.00136521 0.0272709 
0.00178589 0.175603 0.0751292 0.00209968 3.14904e-05 0.0293156 0.0110819 6.93744e-06 0.151476 8.46042e-05 0.00354534 0.00440597 3.49045e-06 0.54249 3.67853e-08 0.00294091 
0.36921 0.130438 0.00564489 5.72725e-07 2.04398e-05 0.00217091 0.0122531 1.22985e-05 0.000292805 0.000420681 0.00372529 0.0248198 2.16207e-05 0.39561 0.000403693 0.0549564 
0.28969 0.125207 0.0150817 1.16579e-06 0.00911712 0.0114307 0.0683707 7.31531e-07 0.0753847 1.35664e-07 0.00169312 0.00434805 2.90948e-08 0.310084 0.00266609 0.0869247 
0.0600621 0.086773 0.167526 9.37417e-06 0.000541163 0.0105436 0.0414369 1.40368e-05 4.60345e-05 4.3071e-05 0.0880491 0.000137093 1.00717e-05 0.536177 0.00699416 0.00163728 
0.0655122 0.302729 0.147759 0.000644586 0.0013415 0.0313764 0.0454011 2.73031e-05 0.00436422 0.00102739 0.00901144 0.0274949 0.0144248 0.32455 0.00217419 0.0221615 
0.0198822 0.173398 0.279025 2.97211e-11 7.87629e-07 0.207207 0.023071 1.46691e-05 0.00585435 8.3004e-08 1.66707e-06 6.00895e-08 7.25504e-08 0.280692 1.18787e-07 0.0108533 
0.0490929 0.185606 0.0684811 0.000749591 0.000659352 0.0282611 0.0718196 1.80067e-05 0.0110534 0.000157026 0.00256181 0.0314234 0.000717034 0.510555 0.00676527 0.0320789 
0.0791573 0.142769 0.238819 0.00117419 0.001218 0.0361621 0.0547599 0.000186894 0.0112336 0.00188605 0.00597712 0.0110326 0.00453286 0.298829 0.0045471 0.107715 
0.000734139 0.0224024 0.0769825 8.1569e-08 1.3411e-10 3.52987e-11 0.00298313 5.68852e-07 0.000144554 1.88183e-10 8.80936e-11 1.84914e-08 4.78284e-11 0.896636 7.52452e-07 0.000116134 
0.378086 0.0152737 0.152649 0.000270254 1.74597e-06 0.000498407 0.00988255 3.82733e-05 0.00729894 3.30087e-05 0.004561 0.000572615 0.00105269 0.394097 0.00353259 0.0321523 
0.224062 0.0152605 0.000165839 8.91537e-07 1.15714e-06 0.000398329 0.0357588 2.29822e-06 0.000272421 0.000224914 0.000172479 0.0528988 1.08675e-05 0.666539 0.00129697 0.00293547 
0.000122288 0.0276073 0.0222599 2.19773e-07 1.43187e-05 0.0415121 0.00313885 0.000234013 3.5055e-05 0.000729661 0.000687576 1.84085e-05 7.96635e-05 0.893895 0.000447826 0.00921819 
0.0460448 0.162065 0.031632 0.00199606 0.0158302 0.150195 0.0278875 0.000526079 0.00457582 0.0605303 0.0109128 0.000605925 0.0019763 0.463969 0.000827831 0.0204253 
0.0784153 0.0311578 0.249238 1.13137e-05 5.51589e-05 0.0498745 0.126248 0.000295729 6.77423e-05 0.00456355 0.00966317 1.57717e-05 7.22117e-07 0.35179 9.87612e-06 0.0985933 
0.0726643 0.323934 0.023111 3.72028e-05 2.92876e-05 0.0179805 0.0468096 0.00336925 0.0015155 0.000338421 0.00125755 0.0431254 1.2521e-05 0.345187 0.00073627 0.119892 
0.125455 0.134942 0.00753243 2.34246e-05 0.000110014 0.00067125 0.0362627 4.93834e-08 3.11089e-06 4.379e-05 0.000261789 0.00304831 1.32613e-05 0.688418 0.00130747 0.00190714 
0.0155897 0.0522141 0.000496744 7.52207e-08 3.93566e-08 0.025656 0.0815644 6.82467e-08 0.00775348 0.107539 0.000313935 0.153727 3.57739e-05 0.473421 0.0714271 0.010262 
0.193314 0.155109 0.0035274 4.70384e-06 3.05233e-09 0.00318259 0.0406058 9.45899e-05 0.000465898 9.09763e-05 0.000746318 0.010303 1.27671e-06 0.578996 0.00263874 0.0109189 
0.380785 0.0296577 0.0316497 2.47938e-05 1.18273e-05 0.00663138 0.0824546 2.9401e-05 0.00298107 0.000351065 0.000942566 0.026403 0.00526527 0.417785 0.00513774 0.00988965 
0.134412 0.256874 0.0295243 3.49056e-07 1.26245e-05 0.00962689 0.0238552 1.31869e-07 0.000349805 1.42926e-05 0.000129723 0.00289739 3.57148e-05 0.529094 0.0120126 0.00116054 
0.00980664 0.0285165 0.0319841 0.00124984 2.40915e-05 0.00872475 0.0119077 2.25727e-06 0.000352143 0.00013359 0.000421145 0.00346209 5.88228e-05 0.724075 1.65808e-05 0.179265 
0.0317244 0.0486986 0.17054 1.32622e-05 1.85231e-06 0.0746378 0.12807 4.13267e-09 0.000532953 1.75183e-06 0.0170013 0.00714616 7.57047e-05 0.509475 1.13019e-05 0.0120699 
0.0123698 0.119072 0.0176277 0.0495409 1.21959e-07 0.072696 0.0438079 2.11402e-07 0.00319811 0.0466936 9.035e-05 0.0439308 0.000208275 0.565933 0.0204168 0.00441456 
0.172208 0.00866357 0.00676716 6.09944e-08 0.0218674 0.00177121 0.00760928 4.52269e-08 0.000781515 0.000286009 0.000301101 0.000534622 0.0404428 0.735994 0.00110629 0.00166657 
0.00130405 0.179267 0.0297374 2.86329e-08 0.000981145 0.108131 0.0234716 5.64651e-06 1.58718e-08 0.0221113 0.0111502 1.75975e-06 1.20106e-05 0.623768 1.97271e-08 5.90367e-05 
0.0410433 0.0309897 0.0148442 5.31042e-05 0.000144541 0.066611 0.0810548 4.55241e-06 0.00646751 9.81772e-05 2.2823e-05 0.00186408 0.0228131 0.705405 0.000541161 0.0280434 
0.00267517 0.147728 0.0743532 2.68748e-05 5.17111e-07 0.00345782 0.0500406 1.41317e-05 0.00599739 3.06522e-05 0.00165604 0.20828 5.03217e-10 0.374359 0.00244129 0.128939 
0.0203105 0.0802873 0.00430274 4.39666e-07 6.68397e-05 0.0263221 0.0343697 1.91583e-05 0.00344704 0.000262568 0.000425286 0.0487887 0.000145354 0.717379 0.00141945 0.0624535 
0.0158165 0.21817 0.00172624 1.03943e-11 4.63296e-08 1.92464e-07 2.60821e-07 5.36804e-07 0.000168657 1.12598e-07 0.00520758 1.17377e-06 0.000214929 0.664147 7.16133e-12 0.0945463 
0.00539643 0.0120607 0.00846207 1.02031e-08 8.79871e-06 0.116401 0.000477412 1.00175e-08 0.000212278 1.13934e-08 5.10181e-05 1.15134e-06 7.23763e-06 0.853922 6.44674e-06 0.00299303 
0.0163635 0.134204 0.231441 4.40093e-11 0.000109655 0.0260962 0.0344184 0.0002309 2.1267e-07 0.0185719 0.00204417 0.0561875 1.24397e-08 0.476408 2.51249e-06 0.00392145 
0.0397784 0.27343 0.0653257 1.69387e-10 0.000284032 0.0687662 0.051818 0.000200106 0.000238179 0.00108647 0.0467573 0.0260895 0.00439584 0.386594 0.0288105 0.00642648 
0.100091 0.367598 0.016713 0.000619399 8.90794e-05 0.00967555 0.00567369 8.00803e-05 0.000542063 0.00023372 0.000479029 0.0196695 0.000126413 0.37492 5.77765e-05 0.103431 
0.227544 0.223043 0.0787838 0.00256094 0.000385064 0.0313434 0.0382549 0.0193147 0.00413925 0.00143818 0.0127157 0.0177888 0.000203064 0.287648 0.00351203 0.0513258 
0.0432266 0.0272096 0.0492832 5.01156e-06 3.5025e-05 0.0433285 0.0320462 7.88247e-06 0.0202059 0.000609672 0.00085756 0.000316467 0.00021725 0.760947 0.000891359 0.0208125 
0.0252789 0.101367 0.0271463 7.93223e-05 6.08763e-07 0.000935536 0.029316 5.02916e-07 1.44863e-05 0.000253368 0.00109477 0.0313503 8.2213e-06 0.756806 0.000625768 0.0257226 
0.120946 0.0514045 0.256345 0.00265005 0.0126336 0.105741 0.0373277 1.23869e-05 0.00465755 7.10664e-05 0.00973448 0.000213824 0.0252831 0.364055 0.000194249 0.00873127 
0.00597083 0.0412789 0.091015 0.000941631 5.04745e-06 0.0106023 0.0400362 8.51634e-07 0.0040206 2.16011e-05 0.00713865 0.00189213 5.21031e-06 0.766296 0.00308126 0.0276938 
0.0126297 0.352026 0.046356 5.37077e-06 0.000393047 0.0182292 0.0157244 3.21212e-08 0.000304757 1.27047e-05 0.00133912 0.0480569 1.02896e-05 0.503662 0.000166953 0.00108361 
0.0985331 0.133 0.00474813 5.87738e-08 6.13054e-05 0.0181547 0.0300138 2.0714e-05 0.00319256 0.0307266 0.000240667 0.0458835 1.02341e-05 0.606187 0.0204085 0.00881933 
0.0411401 0.169832 0.00741713 0.000484666 0.000413784 0.0207952 0.242589 9.30381e-05 2.44895e-08 0.00142927 0.00177069 0.210466 0.000467925 0.268261 0.0329016 0.001938 
0.0714765 0.118393 0.185353 0.00244587 0.00208049 0.0272757 0.0224271 0.00829268 0.00200913 0.187196 0.00975405 0.00266445 0.000354351 0.316237 0.00122459 0.0428149 
0.00860448 0.223071 0.0548483 7.17022e-12 0.00219359 0.0224601 0.22154 8.14368e-09 2.19225e-07 7.19441e-05 0.00433063 0.00055332 1.48377e-05 0.46038 4.94004e-12 0.00193174 
0.102999 0.195196 0.0680387 0.00255559 0.000398272 0.0157334 0.0903976 0.000167607 0.00713272 0.00317673 0.00191429 0.0202683 0.00131262 0.421333 0.00727905 0.0620972 
0.00150291 0.0116418 0.0536924 0.107284 0.000909288 0.0526462 0.0501648 1.62682e-07 0.00103799 1.85026e-07 0.000865481 0.000156627 2.7067e-05 0.720007 1.14159e-07 6.38064e-05 
0.315508 0.151441 0.0983706 3.8278e-05 4.88058e-08 0.000556587 0.0041126 8.86684e-11 2.32568e-07 3.1462e-05 0.000645569 0.000120008 0.000348313 0.374403 6.92587e-06 0.0544176 
0.00054236 0.10195 0.021768 1.67806e-11 7.80204e-06 0.00353957 0.127955 1.64753e-11 7.87147e-08 2.56208e-08 1.54313e-05 0.000369165 1.17174e-08 0.743543 2.00689e-06 0.000307384 
0.0739008 0.14152 0.160744 5.72638e-05 0.000283268 0.00523919 0.0253775 0.0648837 0.00333366 0.00052549 0.0455302 0.0145509 0.00010629 0.434091 0.000273295 0.0295835 
0.0263578 0.0589452 0.0779948 5.50968e-05 0.00227522 0.091533 0.128028 0.000550444 0.0301063 8.22209e-06 0.02769 0.00327923 0.00808858 0.529544 0.00118929 0.0143545 
0.000849157 0.0590785 0.181269 0.000523591 0.000416689 0.229438 0.0701119 1.36035e-05 0.00011842 0.000826513 7.46648e-05 0.00224116 0.000132812 0.452429 3.26206e-05 0.00244347 
0.136163 0.102465 0.0280118 0.000641176 0.00804269 0.000727715 0.0149085 5.79584e-07 0.000216652 0.000163286 0.00106896 0.00107571 2.11531e-05 0.702569 0.00307058 0.000854412 
0.0179568 0.122504 0.047342 1.58869e-06 0.00172367 0.126267 0.0936454 8.66624e-06 0.000772946 0.000376662 0.00625467 0.0734574 0.00670534 0.443785 0.00198227 0.0572169 
0.0855741 0.092115 0.127653 1.29693e-06 0.00313583 0.0553188 0.0929956 1.8939e-05 0.206898 6.07979e-05 0.00942932 0.0136922 0.00658243 0.256779 0.0239868 0.0257588 
0.0906305 0.302314 0.0580141 1.89055e-11 0.0151745 0.0385688 0.0281728 0.000899809 0.0133703 0.000359687 0.00246157 0.00351369 0.0212102 0.418195 0.000114009 0.00700067 
0.0236182 0.0975229 0.0144516 8.41879e-08 1.31308e-08 0.0134276 0.0450423 8.04766e-11 1.76543e-07 9.15299e-11 1.9399e-08 0.0457353 4.60582e-08 0.724904 0.0351713 0.000126865 
0.0173005 0.419266 0.0198645 6.60614e-08 1.90455e-07 0.00432671 0.0140945 3.22499e-06 0.000947427 3.67114e-05 0.00229264 0.00331252 1.24124e-05 0.510476 6.73985e-06 0.00806059 
0.0187848 0.134962 0.30822 6.5459e-06 2.39538e-05 0.00075565 0.0275592 6.17898e-06 0.00160023 8.81e-05 0.00615053 0.0183211 0.00517913 0.444852 0.000502465 0.0329875 
0.000388289 0.0782686 0.206148 5.8902e-09 0.00203157 0.0717638 0.239018 1.74813e-05 6.61748e-07 7.79635e-05 0.0374237 2.55896e-06 1.62621e-07 0.358447 1.82481e-05 0.00639303 
0.0445758 0.203578 0.321605 3.67563e-05 0.000352344 0.0183784 0.0523951 4.95663e-06 0.00344398 0.000742035 5.86885e-05 0.0105141 8.01131e-05 0.340826 0.000638872 0.00276894 
0.0606302 0.163117 0.0671805 0.00136673 0.000559329 0.0101767 0.0993825 7.46255e-05 0.0265134 0.00552599 0.0141718 0.0385909 0.00501648 0.415048 0.00476393 0.0878819 
0.00585038 0.167229 0.0760918 0.0943541 0.00208685 0.0230137 0.180158 0.000294057 0.04298 0.00517647 0.0139781 0.00129456 1.63488e-05 0.343385 2.967e-05 0.0440612 
0.000367058 0.060125 0.0262318 1.16559e-07 0.00033067 0.000869254 0.0239027 1.14438e-07 4.43086e-06 1.30156e-07 4.33772e-06 0.000951086 3.30803e-08 0.819107 0.000768865 0.0673376 
0.111193 0.281107 0.0187697 3.54767e-05 0.00545462 0.0300595 0.0475587 2.54911e-05 0.000263248 6.2184e-05 0.000768274 0.0328362 9.06718e-05 0.463618 0.000316483 0.00784081 
0.144819 0.154839 0.126775 0.00146805 0.00475504 0.0237524 0.0557584 0.0001078 0.0147444 0.00126794 0.004214 0.0124877 0.00424612 0.408314 0.0035289 0.0389234 
0.00266818 0.265148 0.320353 1.1245e-06 6.49872e-06 0.00595037 0.0638801 1.7627e-06 0.000759361 1.90352e-05 0.000425928 0.00165008 1.26605e-05 0.326812 3.81584e-06 0.0123083 
0.0719288 0.21537 0.00336605 4.07776e-11 5.05916e-05 0.220014 0.0447848 0.000205259 0.00483234 0.000570758 0.023296 0.000402158 9.9307e-05 0.410665 0.000599462 0.00381557 
0.0624714 0.199834 0.0417004 0.000415177 8.64785e-05 0.00898749 0.0025618 1.02256e-10 0.000369389 0.020317 0.00161231 0.00268127 1.58522e-08 0.575506 8.29198e-05 0.0833747 
0.0153078 0.0260058 0.33317 0.00976726 7.19193e-08 0.00537369 0.0583375 3.39615e-09 0.0111212 8.81787e-05 0.0125866 0.000120244 8.9724e-05 0.500345 1.75304e-05 0.0276696 
0.0275454 0.0952049 0.095152 7.25504e-09 0.000602218 0.0105124 0.207398 2.95981e-05 0.000788939 1.12313e-05 0.000197466 0.0310895 1.70808e-05 0.527973 0.000269736 0.00320887 
0.00860448 0.223071 0.0548483 7.17022e-12 0.00219359 0.0224601 0.22154 8.14368e-09 2.19225e-07 7.19441e-05 0.00433063 0.00055332 1.48377e-05 0.46038 4.94004e-12 0.00193174 
0.315223 0.109055 0.00362221 5.34899e-07 6.57119e-06 0.00102829 0.0139545 3.46937e-06 0.000528618 0.000230393 0.00135489 0.0264175 1.62632e-05 0.502156 0.000584821 0.0258175 
0.224062 0.0152605 0.000165839 8.91537e-07 1.15714e-06 0.000398329 0.0357588 2.29822e-06 0.000272421 0.000224914 0.000172479 0.0528988 1.08675e-05 0.666539 0.00129697 0.00293547 
0.00253626 0.0760454 0.229149 0.000253788 0.00167677 0.00759744 0.171256 1.96855e-05 0.00150105 2.80606e-06 0.00012248 0.109326 0.0306419 0.352682 1.80312e-06 0.0171878 
0.058289 4.94797e-06 0.187849 4.89917e-06 0.0344372 0.163259 0.194096 7.7604e-06 0.00474405 6.53019e-05 9.28382e-05 0.00381515 1.32629e-06 0.342258 0.000243175 0.0108323 
0.0465701 0.0972941 0.251414 0.00181348 1.04513e-07 0.00309206 0.0842896 5.94765e-08 0.0065113 1.38265e-05 0.0196718 0.000154569 2.01845e-06 0.475505 0.00057915 0.0130885 
0.0149996 0.226279 0.0131734 1.86762e-07 0.00739682 0.00120277 0.0535851 1.23366e-07 0.0058362 0.0125512 0.000870548 0.0179468 7.79714e-07 0.41843 3.7094e-05 0.22769 
0.0291945 0.288929 0.112785 0.00013844 0.00172785 0.0743545 0.1236 9.30475e-05 0.0156612 0.00109464 0.00690687 0.0256736 0.000734099 0.305856 0.00232365 0.0109279 
0.00732492 0.0808547 0.0722967 0.0214921 0.000264881 0.00955176 0.0146016 4.8006e-07 0.0010582 0.000207752 9.8984e-06 3.27158e-06 1.0884e-05 0.764883 0.0167035 0.0107364 
0.0144896 0.21718 0.244246 8.48931e-05 3.40467e-05 0.165582 0.0101244 1.30779e-06 8.92534e-09 0.0120465 0.0146186 1.28934e-05 4.56971e-09 0.321572 1.10933e-08 7.12641e-06 
0.156052 1.75816e-06 0.0087098 1.61871e-11 1.28816e-11 0.000318658 0.0125105 1.58926e-11 0.00080542 2.40421e-07 8.46244e-08 1.46875e-07 1.3828e-09 0.80375 5.35425e-08 0.0178518 
0.13816 0.324721 0.010048 1.46133e-07 0.000553169 0.0375631 0.0562677 1.01219e-05 0.000261411 0.000562054 0.00059577 0.00284126 1.23964e-06 0.423969 9.61739e-05 0.00434878 
0.0328941 0.315827 0.0616847 4.89535e-05 0.00159557 0.0103406 0.024488 2.61901e-06 0.000438484 0.118083 0.0022768 0.0203666 0.000126579 0.34824 0.0100521 0.0535355 
0.0483155 0.317151 0.0375587 4.69921e-05 3.4469e-05 0.0272637 0.00803196 0.000711153 0.00220815 0.000334582 0.000184949 0.0231615 7.59567e-05 0.404604 0.00106627 0.129252 
0.00497337 0.315532 0.0581159 9.56743e-05 0.000196961 0.037711 0.126486 3.6072e-06 0.00906818 3.1767e-05 0.00168133 0.000696533 2.47444e-05 0.427226 1.82683e-06 0.0181548 
0.0203425 0.285752 0.114899 0.000195485 0.000108693 0.0190979 0.0501619 1.00568e-06 0.011851 2.93737e-05 0.000229982 0.0405001 5.91814e-06 0.440293 0.00241422 0.0141167 
0.00978646 0.174066 0.0507703 1.21062e-07 4.86331e-08 0.35253 0.0286801 1.9387e-05 0.00544736 0.00288533 0.00101893 1.26093e-06 0.000171965 0.36345 7.94282e-12 0.0111719 
0.136163 0.102465 0.0280118 0.000641176 0.00804269 0.000727715 0.0149085 5.79584e-07 0.000216652 0.000163286 0.00106896 0.00107571 2.11531e-05 0.702569 0.00307058 0.000854412 
0.067069 0.242429 0.174405 6.30117e-10 5.01441e-10 0.090094 0.050295 5.31287e-07 1.41957e-06 0.0010623 1.71044e-06 4.88301e-07 2.98903e-07 0.262852 4.3413e-10 0.111789 
0.0185995 0.257247 0.173203 0.000127419 0.000366075 0.00282689 0.0431849 0.000136928 0.00271564 3.51478e-06 0.0016286 0.000694835 0.000154726 0.481698 5.11942e-05 0.0173609 
0.0079857 0.169799 0.0183023 3.49592e-06 0.000103053 0.0416903 0.0919072 7.64319e-06 7.44103e-08 0.0049658 0.00476411 0.0104108 3.12537e-05 0.432377 3.2231e-05 0.21762 
0.00460836 0.264596 0.071216 6.89802e-07 1.65196e-09 0.0114149 0.0941642 0.000305563 4.09256e-06 0.000101682 0.000339389 0.000302347 7.74936e-09 0.507376 0.000108015 0.0454629 
0.0117958 0.0960524 0.0503657 1.53551e-10 2.86531e-08 0.000492266 0.0549694 1.50758e-10 0.00752448 0.00107331 0.000314288 0.00901708 4.35791e-11 0.650781 7.8809e-07 0.117613 
0.0767447 0.216373 0.145949 2.25296e-05 0.000459054 0.0137887 0.109193 1.89338e-06 0.00122278 0.000215548 0.00261423 0.0442946 0.000202503 0.371586 5.43216e-05 0.0172785 
0.0239833 0.140702 0.0181362 5.17726e-05 0.000162969 8.28665e-05 0.0166324 0.000165704 0.00434639 3.86382e-07 7.62208e-08 0.00536669 9.10053e-07 0.535177 3.33203e-08 0.255191 
0.0964587 0.16201 0.0114289 0.00487449 1.23014e-05 0.00934877 0.0197787 3.62706e-06 0.00121381 0.00704142 0.000214344 0.0267509 4.7158e-05 0.628413 1.47266e-05 0.0323885 
0.00947366 0.00366275 0.128796 0.000436657 0.00245979 0.149119 0.0847062 5.77485e-08 0.0927253 2.84757e-06 0.00428862 6.2122e-06 0.000301242 0.482659 2.47701e-07 0.0413613 
0.00144635 0.17989 0.0575078 0.000291664 0.000128311 0.00708629 0.0861802 0.00191589 0.110819 0.00436298 0.00109253 0.00143651 1.90636e-05 0.544819 0.000120877 0.00288366 
0.170357 0.307541 0.0217486 1.1189e-08 7.4272e-06 0.00987355 0.0138831 0.000355879 0.00167284 0.00036036 0.00109624 0.014379 0.000176702 0.363897 3.55709e-05 0.0946153 
0.0674931 0.0751127 0.0474702 0.00164473 0.00199872 0.196047 0.0979673 0.000447889 0.0127319 0.00414657 0.0198996 0.0077143 0.00879499 0.421148 0.00987973 0.0275032 
0.20924 0.0307972 0.0267518 1.422e-06 0.0506355 0.00499083 0.077884 3.23408e-06 0.00771802 0.00164066 0.000750704 0.0865367 0.000408354 0.486148 4.84357e-05 0.0164456 
0.0555162 0.0937415 0.0449491 1.80687e-05 1.89605e-05 0.0115726 0.0577299 1.72245e-05 0.00240441 0.000319045 0.00130182 0.0123163 9.78486e-06 0.653858 0.00150952 0.064718 
0.0208426 0.0337031 0.115992 1.73969e-10 5.95958e-05 0.00111836 0.0585627 6.09236e-07 0.00685421 0.00121225 0.000349789 6.62959e-05 1.57935e-05 0.673125 0.00199446 0.0861035 
0.0488962 0.214467 0.0493997 0.000216589 0.000761638 0.0312442 0.0548727 4.74421e-06 0.0141976 0.000463818 0.00559668 0.0346939 0.000110179 0.500469 0.000133386 0.0444732 
0.0805588 0.111202 0.012579 6.3039e-08 0.00379176 0.185946 0.149848 1.85211e-06 0.015061 0.00192073 0.0303758 0.0511198 0.000102956 0.350477 0.00118658 0.00582923 
0.0634073 0.209898 0.0706109 1.10574e-05 0.00452836 0.0179224 0.0989791 1.12116e-05 0.000106609 0.000599398 0.00252701 0.0136092 1.1547e-05 0.509394 0.00554133 0.00284263 
0.00368575 0.178178 0.3448 5.32536e-07 5.3502e-05 0.0141206 0.0503402 2.76177e-06 0.00278838 8.58916e-05 0.00105546 0.0118515 8.58153e-05 0.381889 0.000343995 0.0107192 
0.174247 0.171196 0.0544998 9.94357e-07 3.30593e-05 0.00947165 0.0402295 3.93557e-06 0.000542656 7.05939e-06 0.0111982 0.0325361 0.000331582 0.496677 0.0015724 0.00745382 
0.0382132 0.0469417 0.0925721 0.0295699 0.000266821 0.0899434 0.034619 8.22994e-05 0.00341946 0.000593472 0.000366364 0.00885113 0.0159746 0.561069 0.000605915 0.0769114 
0.0595249 0.157777 0.0130474 9.11907e-08 4.07032e-05 0.141067 0.276012 0.000524354 9.54453e-06 6.90274e-06 0.0115701 0.00239885 0.000108471 0.336704 0.000203755 0.00100463 
0.0155453 0.0117238 0.310113 0.000153972 3.07748e-05 0.00230806 0.032299 3.48827e-06 0.0143188 3.0318e-05 0.00102324 9.30909e-05 3.43075e-07 0.611759 3.08064e-08 0.000597156 
0.0700379 0.148791 0.126628 1.34951e-05 0.0117635 0.0756985 0.0391744 0.00316758 0.0186238 0.000292019 0.00775636 0.00430001 0.00280779 0.261728 0.0326622 0.196556 
0.0820103 0.106298 0.01048 1.20932e-07 0.0104193 0.0228364 0.106247 8.97083e-08 0.00192093 0.00013691 0.00014385 0.00327816 0.0192634 0.635644 0.000527573 0.000794013 
0.0173005 0.419266 0.0198645 6.60614e-08 1.90455e-07 0.00432671 0.0140945 3.22499e-06 0.000947427 3.67114e-05 0.00229264 0.00331252 1.24124e-05 0.510476 6.73985e-06 0.00806059 
0.19468 0.163126 0.149573 7.00658e-07 6.07936e-06 0.000485323 0.00677881 8.66217e-10 0.00685126 1.61033e-07 5.18826e-05 0.00347008 2.55137e-05 0.263865 0.203594 0.00749215 
0.00503388 0.212706 0.00843032 6.29968e-12 0.00031793 0.00125431 0.0176536 6.18507e-12 7.13119e-09 7.06868e-05 2.5107e-05 0.00028304 1.0164e-08 0.754225 4.34027e-12 2.99551e-08 
0.00137004 0.0144498 0.10809 2.6213e-05 0.0434767 0.00560989 0.00919103 8.07284e-09 0.00847983 5.34211e-05 3.13907e-06 0.000576269 4.57224e-07 0.797791 5.66498e-09 0.0108824 
0.086256 0.135398 0.136295 0.00371002 0.00400883 0.023736 0.0419465 0.00019706 0.0172174 0.00394435 0.0020163 0.00247716 8.28961e-05 0.430631 0.00135129 0.110732 
0.0232017 0.0293362 0.0333728 1.26751e-05 0.000476278 0.0469588 0.215769 4.90691e-06 0.000249399 0.00128994 0.00225085 0.167816 6.6706e-05 0.445872 0.000156707 0.0331658 
0.000510737 0.0441201 0.0156867 8.47742e-11 4.97681e-05 0.00168308 0.173936 8.2273e-08 1.83013e-06 0.000564047 1.32915e-07 1.78506e-07 3.76533e-05 0.763141 5.84066e-11 0.000268845 
0.0239154 0.0688492 0.394603 7.72619e-07 0.000206289 0.00407073 0.0348149 3.13789e-05 0.000161054 1.78393e-05 0.00736038 0.0116212 0.000548501 0.408399 0.00863893 0.0367612 
0.00669561 0.0940982 0.0500978 0.00572973 0.000633616 0.0999952 0.0972398 0.000100081 0.00227203 5.02477e-08 0.00918369 0.000223365 5.53111e-06 0.614319 0.000648989 0.0187572 
0.0283492 0.284041 0.141856 0.000112858 0.00155839 0.00367433 0.0879492 3.38242e-06 0.000157898 4.81738e-05 0.0370645 0.00744268 0.00024826 0.393929 0.000287238 0.0132786 
0.0671485 0.141346 0.0188618 4.56568e-05 7.1182e-05 0.0139966 0.0952126 4.74436e-06 0.00428453 0.000175693 0.00100663 0.0152454 2.53955e-05 0.626158 0.000296347 0.0161212 
0.145576 0.105364 0.0109162 0.000897617 0.010126 0.000813163 0.00479901 2.97536e-09 0.000109302 6.884e-05 0.000142768 0.000194558 2.24349e-05 0.719562 0.000511081 0.000896382 
0.224062 0.0152605 0.000165839 8.91537e-07 1.15714e-06 0.000398329 0.0357588 2.29822e-06 0.000272421 0.000224914 0.000172479 0.0528988 1.08675e-05 0.666539 0.00129697 0.00293547 
0.0151809 0.31259 0.0869693 3.41866e-08 1.64193e-05 0.00706371 0.138755 1.32886e-05 0.0107872 0.000245314 0.00252814 0.0632932 2.81962e-06 0.320546 0.000119414 0.041888 
0.101525 0.174649 0.00110113 5.00089e-08 8.58019e-05 0.0166643 0.0370873 2.89783e-05 0.00310156 0.0430163 0.000336894 0.0642365 1.43152e-05 0.519424 0.0285712 0.0101579 
0.00222597 0.0909431 0.0193401 0.0337583 3.69831e-06 0.186073 0.151708 0.000199172 1.12645e-06 1.06267e-06 0.000471131 0.000507089 5.36327e-05 0.491634 0.000427604 0.0226519 
0.0481963 0.265558 0.0470963 3.53142e-08 0.00012596 0.0141006 0.0361616 0.000316683 0.00546616 0.000108884 0.000316866 0.0101796 1.2143e-05 0.455358 0.00202978 0.114973 
0.144138 0.034992 0.0211922 0.000180426 0.01335 0.2443 0.0478063 0.000322695 0.0140851 0.000800095 0.000360063 0.00267222 0.037699 0.429212 0.00178646 0.00710421 
0.0314821 0.00421459 0.104264 1.76251e-07 2.95623e-05 0.00198208 0.039245 9.38058e-08 0.0240253 0.000260445 0.000185617 8.23034e-05 6.71076e-06 0.790604 0.000255679 0.00336228 
0.0170765 0.216694 0.0293936 5.51414e-06 0.0100329 0.00989739 0.156665 2.76777e-07 0.000494175 0.00030114 0.000228524 0.0109944 1.57195e-05 0.538839 1.84609e-05 0.0093437 
0.0394597 0.11469 0.0305455 5.05815e-05 4.1808e-05 0.165252 0.0669652 0.000578257 0.00551696 0.000931219 0.00128434 0.00360947 0.0140913 0.434673 0.0434724 0.0788381 
0.0302396 0.114375 0.104743 1.48215e-08 0.000223935 0.128971 0.0370349 0.00369543 0.00779956 0.0457924 0.00694031 0.00174675 0.000924836 0.506401 6.12936e-05 0.0110498 
0.0684538 0.108144 0.0392379 5.19995e-05 3.98633e-05 0.0034507 0.0324164 0.000723841 0.00445101 0.000908316 0.0558926 0.0331179 0.00200839 0.554918 0.00863561 0.0875504 
0.267133 0.148875 0.0190986 2.40671e-09 3.4217e-05 0.000426682 0.184985 4.42422e-05 0.0010991 0.000134348 0.00119197 0.00692525 0.00165421 0.341855 0.000498043 0.0260446 
0.196947 0.176049 0.0521555 1.2742e-08 0.00318124 0.029629 0.0380952 8.25122e-06 0.166561 8.63068e-05 0.0121745 0.0385159 0.00432297 0.251835 0.0162394 0.0142002 
0.00128466 0.0318609 0.000864041 2.87609e-10 2.185e-08 0.00344005 0.00140042 3.08055e-06 5.02674e-05 4.37376e-07 0.000130242 4.98789e-05 3.30447e-06 0.949355 3.31182e-05 0.0115241 
0.0220011 0.0602499 0.0368819 0.00029622 0.000186417 3.02241e-05 0.0119619 1.74881e-08 0.00019553 0.000400783 3.83344e-08 2.8607e-08 2.34008e-11 0.844241 6.16438e-09 0.023555 
0.200062 0.0736941 0.0367005 0.000210587 0.000606419 0.064583 0.0620466 9.92245e-05 0.00266907 0.0129778 0.0115761 0.000254544 0.0155675 0.491428 0.000436827 0.0270872 
0.0676892 0.117594 0.150987 0.000122368 5.89253e-05 0.0248513 0.036544 4.58812e-05 0.00231446 0.0344324 0.00656285 0.0334276 0.0138662 0.201143 0.15612 0.154241 
0.0875935 0.178201 0.0616195 0.000247614 0.0135331 0.0728037 0.160346 0.000366424 0.0276382 0.00192128 0.0065908 0.01075 0.000913666 0.322166 0.000899771 0.0544093 
0.0376231 0.321179 0.0232688 0.000381302 0.000689544 0.00848139 0.0474674 6.01354e-05 0.000330345 0.000969196 0.00436381 0.000267674 2.35007e-12 0.530967 0.00052118 0.0234305 
0.0401315 0.18247 0.0544566 0.00156067 0.00174624 0.0306733 0.100516 0.00018433 0.00577232 0.00034123 0.00843064 0.00290851 0.00272371 0.456997 0.00020068 0.110887 
