2.03999e-06 8.17399e-07 0.000780274 1.01981e-05 0.984418 0.014741 7.24713e-07 1.00125e-05 5.65301e-06 1.13877e-05 5.3309e-06 1.62335e-06 2.8943e-06 7.08011e-07 7.02613e-06 1.86314e-06 
0.00788374 8.46888e-07 8.01046e-11 9.43309e-10 7.50677e-10 0.984252 0.0078446 1.79682e-05 5.22896e-10 1.05335e-09 4.93102e-10 1.50158e-10 2.67719e-10 6.54902e-11 6.49908e-10 3.79316e-07 
0.000147233 7.79882e-06 0.995411 9.72999e-05 7.74304e-05 0.00340027 0.000310314 9.55297e-05 5.39354e-05 0.000108651 5.08622e-05 1.54884e-05 0.000132564 6.75515e-06 6.70364e-05 1.77762e-05 
0.00427106 0.170463 0.442101 1.6432e-05 1.33398e-05 0.00642889 0.00159447 0.00044903 0.0026151 0.000513431 0.0129711 0.125006 0.21606 5.40874e-08 0.000147249 0.0173494 
1.39897e-09 0.0141316 5.93884e-10 6.99356e-09 5.56541e-09 0.795225 0.170662 6.86633e-09 2.52024e-05 7.8094e-09 2.70565e-05 1.20242e-05 1.98483e-09 4.85535e-10 4.81833e-09 0.0199166 
6.95846e-12 5.35505e-07 6.5356e-08 3.47859e-11 2.76823e-11 1.56394e-05 2.87128e-05 3.4153e-11 1.91284e-05 4.06312e-09 0.999906 5.29975e-07 2.88344e-05 2.41505e-12 2.39663e-11 8.95619e-07 
1.8205e-10 0.000235505 4.194e-07 1.38618e-07 0.000120045 0.901459 0.0876995 0.00899312 5.04479e-10 1.01625e-09 2.21402e-06 8.70392e-07 0.0014894 6.31835e-11 6.27017e-10 1.66268e-10 
0.00128804 0.000451557 0.00188631 6.7607e-09 1.46325e-05 8.99359e-05 0.00594305 0.990122 3.10566e-09 1.4914e-05 9.0689e-06 5.82472e-05 1.8106e-13 4.42915e-14 0.000122373 4.36914e-09 
0.0095943 0.271588 0.652842 0.000568682 4.2526e-05 0.00423889 0.000349239 7.96533e-05 0.000283391 0.000156387 0.00904942 0.00277796 0.000359251 4.32139e-09 6.0237e-05 0.0480102 
3.95703e-09 1.58553e-09 2.4863e-05 1.97815e-08 0.99955 8.57726e-05 2.83975e-05 0.000310766 1.09653e-08 2.20891e-08 1.03405e-08 3.14886e-09 5.61415e-09 1.37335e-09 1.36288e-08 3.61398e-09 
2.92019e-05 0.0173274 0.0282032 2.40175e-07 4.84199e-05 0.927987 2.38957e-05 1.01727e-05 0.0260035 2.68193e-07 1.25548e-07 0.000341995 1.73027e-05 1.66744e-08 1.65473e-07 6.70048e-06 
0.00515297 0.00884403 0.120784 2.43501e-06 2.09433e-06 0.76864 0.000624302 0.0380141 0.000756579 2.66166e-05 0.0046084 0.0191872 0.0295343 1.40919e-10 3.62372e-06 0.00381861 
0.0123829 0.0022224 3.42158e-05 5.65448e-07 2.96438e-05 0.980145 3.49538e-05 3.31429e-05 0.000426471 6.2114e-05 2.9558e-07 1.28997e-05 0.00432714 3.92568e-08 3.89575e-07 0.000287909 
2.94077e-07 7.32975e-07 0.000877746 1.43308e-08 0.00147985 0.995996 0.00102121 1.11207e-07 5.72045e-07 2.20001e-10 1.16745e-06 0.00030641 3.61576e-08 1.36781e-11 1.35738e-10 0.000316338 
0.00647773 0.239183 0.196069 7.60996e-07 2.92031e-09 0.545902 0.0029183 2.55942e-05 2.03419e-09 4.09779e-09 0.00666033 5.6072e-09 1.81009e-06 2.54772e-10 0.00275786 3.33284e-06 
0.0004136 1.1829e-07 1.25324e-07 1.47581e-06 1.17444e-06 0.999577 1.04877e-07 1.44896e-06 8.18076e-07 1.64798e-06 7.71463e-07 2.34924e-07 4.18848e-07 1.0246e-07 1.01679e-06 2.69624e-07 
0.00774666 0.0545633 0.604242 0.00221209 8.90297e-05 0.0296896 0.00459812 0.000222968 0.00839495 0.00265288 0.0221607 0.255541 0.000950643 2.6866e-08 0.000153026 0.00678366 
0.0776716 0.00677398 0.0286938 0.00518872 0.000143509 0.603619 0.144824 2.79998e-05 2.27952e-05 0.0361273 0.0490153 0.000684706 9.55979e-06 1.35884e-06 0.00173597 0.04546 
8.77789e-06 3.5172e-06 3.72635e-06 4.38814e-05 3.49204e-05 0.999702 3.11838e-06 4.3083e-05 2.43244e-05 4.90004e-05 2.29384e-05 6.98514e-06 1.24539e-05 3.04651e-06 3.02328e-05 8.01691e-06 
0.000106136 7.4596e-09 7.90319e-09 9.30676e-08 7.40624e-08 0.976049 0.0238445 9.13745e-08 5.15894e-08 1.03925e-07 4.86499e-08 1.48147e-08 2.64134e-08 6.46132e-09 6.41205e-08 1.7003e-08 
2.84366e-05 1.13942e-05 1.20718e-05 0.000142157 0.000113127 2.9776e-05 1.01022e-05 0.000139571 7.88007e-05 0.000158741 7.43107e-05 2.26289e-05 4.03453e-05 9.8694e-06 0.999103 2.59714e-05 
6.22959e-07 0.0108084 2.64456e-07 3.11422e-06 2.47827e-06 0.0345073 0.000442838 3.05756e-06 0.00138276 3.47752e-06 0.0026063 4.95729e-07 0.00132665 2.16208e-07 0.00643892 0.942473 
3.55169e-06 1.42312e-06 1.50775e-06 1.77551e-05 1.41294e-05 0.00483838 1.26175e-06 1.74321e-05 0.995051 1.98264e-05 9.28127e-06 2.82631e-06 5.03906e-06 1.23267e-06 1.22327e-05 3.24378e-06 
0.00267544 0.00462232 0.00158524 2.78582e-06 2.21693e-06 0.0278925 0.945787 2.73513e-06 1.54424e-06 0.00684687 1.45625e-06 0.00141949 0.00284709 1.93408e-07 1.91933e-06 0.00631156 
4.2167e-06 1.68958e-06 0.993429 2.10796e-05 1.6775e-05 0.00642964 1.498e-06 2.06961e-05 1.16849e-05 2.35387e-05 1.10191e-05 3.3555e-06 5.98257e-06 1.46348e-06 1.45232e-05 3.85114e-06 
0.00774666 0.0545633 0.604242 0.00221209 8.90297e-05 0.0296896 0.00459812 0.000222968 0.00839495 0.00265288 0.0221607 0.255541 0.000950643 2.6866e-08 0.000153026 0.00678366 
4.4929e-06 1.80025e-06 1.9073e-06 2.24603e-05 1.78737e-05 0.9983 1.59612e-06 2.20517e-05 1.24502e-05 2.50805e-05 1.17408e-05 3.57529e-06 6.37443e-06 1.55933e-06 0.00156292 4.10339e-06 
0.030091 1.64431e-06 1.32974e-10 1.56589e-09 9.98148e-07 0.969845 1.11278e-10 1.53741e-09 8.68009e-10 1.6788e-05 4.01916e-05 2.49263e-10 4.48903e-06 1.08714e-10 1.07885e-09 2.86081e-10 
0.00549055 0.0256355 0.121075 6.85603e-08 0.00160921 0.033238 0.0714889 0.730145 7.75184e-08 7.56145e-06 0.00150817 0.00828236 8.02426e-08 1.59235e-12 0.0015155 4.25584e-06 
6.95846e-12 5.35505e-07 6.5356e-08 3.47859e-11 2.76823e-11 1.56394e-05 2.87128e-05 3.4153e-11 1.91284e-05 4.06312e-09 0.999906 5.29975e-07 2.88344e-05 2.41505e-12 2.39663e-11 8.95619e-07 
6.95846e-12 5.35505e-07 6.5356e-08 3.47859e-11 2.76823e-11 1.56394e-05 2.87128e-05 3.4153e-11 1.91284e-05 4.06312e-09 0.999906 5.29975e-07 2.88344e-05 2.41505e-12 2.39663e-11 8.95619e-07 
2.61664e-11 4.61426e-08 1.11081e-11 1.30808e-10 1.04096e-10 0.999996 9.78849e-07 1.28428e-10 7.25097e-11 4.23742e-07 6.83782e-11 2.24467e-06 3.71244e-11 9.08149e-12 9.01224e-11 4.06505e-08 
0.00654554 0.000210782 1.11103e-06 1.30835e-05 1.04117e-05 0.992043 0.00111664 1.28454e-05 7.25244e-06 1.46097e-05 6.8392e-06 2.08265e-06 3.71319e-06 9.08333e-07 9.01406e-06 2.39028e-06 
2.95074e-07 1.18233e-07 6.27568e-05 1.4751e-06 1.17387e-06 0.999927 1.04826e-07 1.44826e-06 8.17679e-07 1.64718e-06 7.71088e-07 2.3481e-07 4.18645e-07 1.0241e-07 1.01629e-06 2.69493e-07 
6.61797e-06 0.223305 8.08955e-05 2.80347e-09 3.27975e-05 0.776467 2.00025e-05 2.42245e-05 1.55402e-09 3.13051e-09 3.20954e-05 1.40131e-05 9.94641e-06 1.94634e-10 8.11421e-06 5.17302e-08 
6.95846e-12 5.35505e-07 6.5356e-08 3.47859e-11 2.76823e-11 1.56394e-05 2.87128e-05 3.4153e-11 1.91284e-05 4.06312e-09 0.999906 5.29975e-07 2.88344e-05 2.41505e-12 2.39663e-11 8.95619e-07 
4.53649e-06 3.18301e-06 0.000193543 2.26782e-05 1.80471e-05 4.75015e-06 1.6116e-06 2.22657e-05 1.2571e-05 2.53238e-05 1.18548e-05 3.60998e-06 6.43628e-06 1.57446e-06 0.00157026 0.998098 
2.35365e-07 0.00120723 0.0011891 1.17661e-06 9.36333e-07 0.995685 8.36141e-08 1.1552e-06 6.52218e-07 1.31386e-06 6.15055e-07 1.87295e-07 3.33931e-07 8.16871e-08 0.00145997 0.000451632 
0.0102196 0.0899534 0.762441 5.89082e-05 6.25385e-05 0.00335441 0.000127896 2.9803e-05 0.0024073 0.000363541 0.0151816 0.095664 0.000503983 7.07306e-09 0.000617743 0.0190138 
4.75157e-08 8.37905e-05 2.01712e-08 2.37535e-07 0.000472759 0.997996 1.6897e-05 0.0011663 1.31671e-07 2.65245e-07 1.24168e-07 3.78113e-08 0.000262983 1.64911e-08 1.63654e-07 4.33964e-08 
0.000166558 0.193991 0.0569858 2.72666e-08 0.0010224 0.730642 0.00417358 0.000459173 1.51145e-08 3.04475e-08 0.00147907 0.000921471 0.000264745 1.89301e-09 0.00989474 5.30607e-08 
9.56695e-09 3.83336e-09 4.06132e-09 4.78259e-08 3.80594e-08 0.999631 0.000118278 0.000122132 2.65109e-08 5.34051e-08 2.50004e-08 7.61304e-09 1.35734e-08 3.32036e-09 8.8999e-05 3.93278e-05 
2.84192e-05 7.61104e-06 6.15498e-10 7.24808e-09 4.62014e-06 0.999674 9.27652e-07 7.11622e-09 4.01777e-09 7.77067e-05 0.000186036 1.15377e-09 2.07784e-05 5.03206e-10 4.99369e-09 1.32419e-09 
0.00238749 0.00394908 0.00397137 1.30306e-07 2.16103e-05 0.988812 4.77028e-05 0.000133884 1.52387e-06 1.45507e-07 0.000139089 2.93876e-06 0.000403263 9.04661e-09 2.03373e-05 0.000109914 
0.00144081 4.44734e-07 3.6393e-07 4.5107e-10 7.54168e-07 0.996575 3.71867e-07 8.41884e-07 3.50304e-07 6.55301e-07 2.35791e-10 1.36496e-07 0.000538647 3.1316e-11 3.10772e-10 0.0014412 
1.9598e-05 7.8527e-06 8.31967e-06 0.999412 7.79653e-05 2.05211e-05 6.96227e-06 9.61897e-05 5.43081e-05 0.000109401 5.12136e-05 1.55954e-05 2.78053e-05 6.80182e-06 6.74995e-05 1.7899e-05 
2.73326e-07 1.4238e-08 0.000591236 3.56689e-12 0.108714 1.24232e-08 0.0025144 2.2648e-09 1.97721e-12 2.63265e-06 2.55861e-08 0.888177 3.6688e-08 2.47635e-13 2.18434e-09 5.32495e-11 
2.05039e-08 7.91421e-06 0.00991142 0.000113914 8.1569e-08 0.899149 0.00376968 1.00636e-07 0.0750661 1.14458e-07 0.0119817 1.63163e-08 2.90905e-08 7.1162e-09 7.06194e-08 1.87263e-08 
0.000135773 0.000148297 3.94752e-09 4.64859e-08 3.69931e-08 0.998776 0.000115625 0.000260195 0.000144328 2.60063e-05 0.000349943 7.39973e-09 4.35503e-05 3.22733e-09 3.20272e-08 8.49274e-09 
0.00203796 0.00143282 3.40511e-12 4.00984e-11 3.191e-11 0.990878 0.00129668 0.00435441 1.24496e-07 2.24329e-08 3.01858e-07 6.38297e-12 3.75663e-08 2.78388e-12 2.76265e-11 7.32579e-12 
2.25559e-09 3.07378e-06 7.66983e-07 1.12759e-08 8.97325e-09 0.996408 8.01307e-10 8.30418e-05 6.25046e-09 1.25913e-08 4.18555e-05 1.79492e-09 0.00346293 7.8284e-10 7.76871e-09 2.06005e-09 
0.000124884 8.04274e-05 0.00100944 1.45476e-06 1.15768e-06 0.998408 8.09303e-05 0.000121074 8.06404e-07 1.62447e-06 7.60456e-07 2.31572e-07 4.12873e-07 1.00998e-07 0.000103619 6.45827e-05 
0.00144213 0.000704399 0.00337946 1.13989e-08 1.84624e-05 0.000269796 0.00111046 0.993033 4.38304e-09 8.8294e-09 2.72009e-05 7.3426e-10 1.86991e-13 4.57422e-14 1.46056e-05 7.36683e-09 
7.16157e-07 0.248462 2.15431e-05 8.72986e-10 3.75214e-06 0.104882 0.56529 8.57104e-10 4.83915e-10 0.0159812 0.000205126 5.97684e-07 9.63814e-06 6.0608e-11 6.19564e-06 0.0651369 
0.00515297 0.00884403 0.120784 2.43501e-06 2.09433e-06 0.76864 0.000624302 0.0380141 0.000756579 2.66166e-05 0.0046084 0.0191872 0.0295343 1.40919e-10 3.62372e-06 0.00381861 
0.00549055 0.0256355 0.121075 6.85603e-08 0.00160921 0.033238 0.0714889 0.730145 7.75184e-08 7.56145e-06 0.00150817 0.00828236 8.02426e-08 1.59235e-12 0.0015155 4.25584e-06 
1.05047e-06 4.20912e-07 4.45942e-07 5.2514e-06 4.17902e-06 0.999964 3.73184e-07 5.15586e-06 2.91096e-06 5.86401e-06 2.7451e-06 8.3593e-07 1.49039e-06 3.64584e-07 3.61804e-06 9.59405e-07 
7.14911e-09 0.000195079 9.49956e-05 3.57389e-08 0.994753 0.00324586 8.22904e-05 0.000228112 0.000122847 3.99081e-08 0.00106676 5.1258e-06 0.000110569 2.48121e-09 2.46229e-08 9.53348e-05 
0.00371189 0.0112901 1.16032e-11 1.36638e-10 1.08736e-10 0.950283 0.0321513 7.64804e-07 0.00216401 7.64418e-08 1.02861e-06 4.15455e-07 0.000396959 9.48627e-12 3.0134e-07 1.22344e-07 
6.95846e-12 5.35505e-07 6.5356e-08 3.47859e-11 2.76823e-11 1.56394e-05 2.87128e-05 3.4153e-11 1.91284e-05 4.06312e-09 0.999906 5.29975e-07 2.88344e-05 2.41505e-12 2.39663e-11 8.95619e-07 
4.0937e-08 0.00130733 0.000234626 2.04647e-07 1.62857e-07 0.00139316 0.000250155 0.00130621 1.1344e-07 0.994797 1.08046e-05 0.000192232 5.80806e-08 1.42079e-08 0.000324429 0.000183239 
6.28753e-07 9.72716e-05 0.000183819 3.14318e-06 0.000185979 0.99524 0.00217936 5.96775e-05 9.37787e-05 3.50986e-06 1.64306e-06 0.00187922 8.92062e-07 2.18219e-07 7.02699e-05 5.74244e-07 
0.00035587 9.17866e-05 8.68182e-09 1.02237e-07 8.13591e-08 0.99751 9.44567e-05 0.00194741 5.66721e-08 1.14163e-07 5.34429e-08 1.62743e-08 2.90157e-08 7.0979e-09 7.04377e-08 1.86782e-08 
0.00077731 0.00437062 0.959653 3.2928e-07 0.00385221 0.0186083 0.00234938 0.00284527 1.82527e-07 3.67692e-07 0.00376974 0.0016459 0.00116825 2.28606e-08 0.000953049 6.07594e-06 
0.0280315 0.156485 0.563005 1.65297e-05 0.00258006 0.0712429 0.00189423 0.000623524 0.00171232 0.000589367 0.0289145 0.0931711 0.00286943 2.0353e-07 2.92818e-05 0.0488348 
7.9186e-06 7.9624e-05 3.36157e-06 3.95857e-05 3.1502e-05 0.999492 0.000160972 3.88655e-05 2.19432e-05 4.42036e-05 2.06929e-05 6.30135e-06 1.12348e-05 2.74828e-06 2.72732e-05 1.13811e-05 
0.0200473 0.06212 0.0354303 2.86496e-05 0.000123301 0.695109 0.0435179 3.63637e-05 0.000443786 0.000192292 0.112817 0.0230976 0.000597118 5.89773e-09 0.00100274 0.00543692 
9.70729e-05 3.80218e-05 4.62969e-09 5.45191e-08 4.33858e-08 0.99956 6.66425e-05 5.89336e-05 8.46496e-05 6.08791e-08 2.84991e-08 8.67848e-09 9.44007e-05 3.78505e-09 3.75618e-08 9.96037e-09 
4.26522e-05 8.97906e-06 0.00123532 2.35342e-09 7.30589e-06 2.12015e-06 0.99549 0.00304329 1.30455e-09 1.70844e-05 1.23022e-09 7.91955e-05 6.67919e-10 1.63388e-10 7.42628e-05 4.29957e-10 
0.00023766 0.00639062 4.2266e-05 1.50231e-05 7.61482e-05 0.40417 0.00227365 0.58256 3.49649e-05 1.11331e-07 2.73556e-05 2.48099e-06 0.00399341 6.92181e-09 0.000164341 1.22872e-05 
0.000212381 1.602e-05 2.20787e-05 6.12263e-06 4.87234e-06 0.954797 0.0432799 0.00161306 3.39391e-06 6.83688e-06 3.20053e-06 9.74615e-07 2.82831e-05 4.2507e-07 4.21829e-06 1.11858e-06 
0.000570357 6.12381e-05 0.00014771 6.82102e-08 0.998349 0.000374339 0.000348039 6.69693e-08 3.78104e-08 7.61674e-08 3.5656e-08 1.08579e-08 2.71214e-05 4.73557e-09 0.000122233 1.24617e-08 
3.91936e-10 1.57044e-10 0.0895617 1.95932e-09 0.120773 0.787358 1.39237e-10 1.92367e-09 1.08609e-09 2.18789e-09 0.00230755 3.11889e-10 5.56071e-10 1.36028e-10 1.3499e-09 3.57958e-10 
3.79996e-06 0.00365575 1.61314e-06 1.89963e-05 1.51171e-05 0.063667 1.34995e-06 1.86507e-05 1.05301e-05 2.12123e-05 9.93007e-06 3.02388e-06 0.00593583 1.31884e-06 0.926632 3.47053e-06 
0.00133758 0.00214606 9.03588e-08 3.73147e-09 2.96947e-09 0.995402 0.000549589 0.000563693 1.49523e-07 4.12552e-11 3.0516e-07 1.23561e-08 9.44734e-09 2.56497e-12 2.54541e-11 6.27793e-08 
0.0136105 1.17375e-05 1.25496e-06 3.28334e-09 6.01217e-06 0.986171 2.33327e-10 5.80574e-06 1.63985e-06 3.70303e-07 0.000156874 3.29322e-06 8.66706e-06 2.2795e-10 2.28496e-05 5.99851e-10 
9.20567e-07 3.31228e-07 7.97376e-11 9.38987e-10 1.86884e-06 0.999991 6.67947e-08 4.61046e-06 5.20501e-10 1.04853e-09 4.90843e-10 1.4947e-10 1.03959e-06 6.51902e-11 6.46931e-10 1.71548e-10 
0.00947496 8.34042e-05 3.69979e-08 4.35686e-07 0.00102996 6.02036e-06 0.98938 4.2776e-07 2.4151e-07 4.86512e-07 2.27749e-07 2.25991e-05 1.23651e-07 3.0248e-08 8.57387e-07 7.95977e-08 
0.000537109 0.00058665 1.56161e-08 1.83895e-07 1.46342e-07 0.995159 0.000457402 0.00102931 0.00057095 0.000102879 0.00138435 2.92728e-08 0.000172282 1.27671e-08 1.26697e-07 3.35967e-08 
1.23295e-06 0.0123916 2.36071e-06 1.6934e-09 4.84183e-07 0.949829 0.035236 1.66259e-09 1.87406e-06 1.89095e-09 8.85203e-10 0.00155738 0.000290442 1.17566e-10 1.46193e-06 0.000688455 
0.00427106 0.170463 0.442101 1.6432e-05 1.33398e-05 0.00642889 0.00159447 0.00044903 0.0026151 0.000513431 0.0129711 0.125006 0.21606 5.40874e-08 0.000147249 0.0173494 
0.00355758 0.89034 0.00134319 2.62306e-07 0.00217111 0.0340038 0.0140326 2.6011e-05 1.45402e-07 0.00559478 0.00741816 0.0403432 0.00116885 1.82109e-08 1.8072e-07 4.7922e-08 
0.000541245 1.10652e-06 0.985105 1.38052e-05 1.0986e-05 0.000141684 0.0012429 0.00133341 7.6525e-06 0.0105234 7.21646e-06 2.19754e-06 2.74254e-05 9.58438e-07 9.51129e-06 0.00103152 
6.95846e-12 5.35505e-07 6.5356e-08 3.47859e-11 2.76823e-11 1.56394e-05 2.87128e-05 3.4153e-11 1.91284e-05 4.06312e-09 0.999906 5.29975e-07 2.88344e-05 2.41505e-12 2.39663e-11 8.95619e-07 
4.63838e-10 0.0759438 1.96906e-10 1.67918e-07 6.93702e-07 0.861159 0.0438504 0.016064 1.28534e-09 4.30051e-06 2.66308e-06 0.00260969 6.23387e-07 1.60983e-10 1.59755e-09 0.000364443 
0.115592 0.0663009 0.680699 1.6743e-05 1.3665e-05 0.00294974 0.0006004 2.62494e-05 0.00171396 0.000250632 0.0129771 0.11096 0.000459703 2.87158e-12 0.000653468 0.00678602 
0.00427106 0.170463 0.442101 1.6432e-05 1.33398e-05 0.00642889 0.00159447 0.00044903 0.0026151 0.000513431 0.0129711 0.125006 0.21606 5.40874e-08 0.000147249 0.0173494 
2.36578e-06 9.47939e-07 1.00431e-06 1.18267e-05 9.41159e-06 0.994356 8.40451e-07 1.16115e-05 6.5558e-06 1.32064e-05 0.00557022 1.8826e-06 3.35652e-06 8.21082e-07 8.14821e-06 2.16068e-06 
9.33236e-05 3.73936e-05 3.96173e-05 0.000466532 0.000371262 0.996832 3.31535e-05 0.000458044 0.000258609 0.000520956 0.000243873 7.42636e-05 0.000132406 3.23895e-05 0.000321425 8.52331e-05 
2.13454e-07 0.00449302 1.33232e-06 2.09189e-10 1.83134e-06 0.995137 1.62335e-06 6.36893e-07 1.15958e-10 5.14135e-07 5.8285e-06 2.86406e-07 0.000357421 1.45232e-11 1.44124e-10 2.86672e-07 
0.000115772 0.000129055 7.9833e-08 0.000616478 7.48132e-07 0.998104 0.000417749 9.23008e-07 0.000176167 1.04978e-06 4.91431e-07 0.00018905 5.49297e-05 6.52682e-08 0.000137626 5.57914e-05 
0.00748783 0.0617492 0.361402 8.23743e-06 0.00109816 0.0268187 0.0153267 0.000288353 0.0212962 0.000434194 0.291301 0.203087 0.000525897 2.74216e-08 0.00163434 0.00754239 
1.75327e-10 0.00163893 7.44289e-11 8.76472e-10 1.74442e-06 0.995396 0.000143462 4.3035e-06 4.85847e-10 9.78718e-10 4.58164e-10 1.39519e-10 0.00281506 6.085e-11 6.0386e-10 1.60127e-10 
6.95846e-12 5.35505e-07 6.5356e-08 3.47859e-11 2.76823e-11 1.56394e-05 2.87128e-05 3.4153e-11 1.91284e-05 4.06312e-09 0.999906 5.29975e-07 2.88344e-05 2.41505e-12 2.39663e-11 8.95619e-07 
0.00515297 0.00884403 0.120784 2.43501e-06 2.09433e-06 0.76864 0.000624302 0.0380141 0.000756579 2.66166e-05 0.0046084 0.0191872 0.0295343 1.40919e-10 3.62372e-06 0.00381861 
0.00515297 0.00884403 0.120784 2.43501e-06 2.09433e-06 0.76864 0.000624302 0.0380141 0.000756579 2.66166e-05 0.0046084 0.0191872 0.0295343 1.40919e-10 3.62372e-06 0.00381861 
0.000289044 0.000113214 1.37854e-08 1.62336e-07 1.29186e-07 0.99869 0.000198435 0.000175481 0.000252053 1.81274e-07 8.4859e-08 2.5841e-08 0.000281088 1.12704e-08 1.11844e-07 2.9658e-08 
0.00837026 0.067776 0.00328936 6.79735e-09 5.40927e-09 0.897612 0.0229438 2.74294e-06 3.76792e-09 7.59031e-09 3.55323e-09 1.08202e-09 3.39435e-06 4.71913e-10 2.88661e-07 1.93606e-06 
0.00224234 0.0112887 0.0320175 0.000191188 0.00043609 0.167329 0.000493034 0.756744 0.000134354 9.88505e-05 0.00353819 0.0114482 0.00971306 1.08005e-05 3.29202e-05 0.00428095 
6.95846e-12 5.35505e-07 6.5356e-08 3.47859e-11 2.76823e-11 1.56394e-05 2.87128e-05 3.4153e-11 1.91284e-05 4.06312e-09 0.999906 5.29975e-07 2.88344e-05 2.41505e-12 2.39663e-11 8.95619e-07 
6.95846e-12 5.35505e-07 6.5356e-08 3.47859e-11 2.76823e-11 1.56394e-05 2.87128e-05 3.4153e-11 1.91284e-05 4.06312e-09 0.999906 5.29975e-07 2.88344e-05 2.41505e-12 2.39663e-11 8.95619e-07 
8.92951e-06 3.57795e-06 3.79071e-06 4.46393e-05 3.55235e-05 9.35007e-06 3.17224e-06 4.38272e-05 0.999712 4.98467e-05 2.33346e-05 7.10579e-06 1.2669e-05 3.09913e-06 3.0755e-05 8.15538e-06 
7.01565e-08 2.81109e-08 0.000208507 3.50718e-07 2.79098e-07 0.999779 2.49233e-08 3.44337e-07 1.9441e-07 3.91631e-07 1.83333e-07 5.5828e-08 1.00532e-05 2.43489e-08 2.41633e-07 6.40744e-08 
1.31225e-05 0.000139829 0.00714963 9.6177e-09 7.65368e-09 0.741314 9.88121e-08 9.44273e-09 0.00318635 9.2624e-06 0.248181 1.53097e-09 5.8812e-06 6.67719e-10 6.62627e-09 1.47819e-06 
0.00549055 0.0256355 0.121075 6.85603e-08 0.00160921 0.033238 0.0714889 0.730145 7.75184e-08 7.56145e-06 0.00150817 0.00828236 8.02426e-08 1.59235e-12 0.0015155 4.25584e-06 
1.73692e-05 0.0179288 5.64281e-05 9.64562e-08 0.000168571 0.981304 2.08223e-06 9.47014e-08 0.000522139 1.07708e-07 5.04212e-08 1.53541e-08 2.73751e-08 6.69658e-09 6.64551e-08 1.76221e-08 
0.00161367 0.000483065 3.13846e-07 7.83421e-06 3.43066e-07 0.905916 0.0212302 0.0642166 1.19562e-06 1.80565e-09 6.32866e-07 3.7574e-07 0.00638132 1.12263e-10 0.000147971 6.03619e-07 
6.95846e-12 5.35505e-07 6.5356e-08 3.47859e-11 2.76823e-11 1.56394e-05 2.87128e-05 3.4153e-11 1.91284e-05 4.06312e-09 0.999906 5.29975e-07 2.88344e-05 2.41505e-12 2.39663e-11 8.95619e-07 
0.00990394 0.00273511 0.182639 3.46123e-08 0.000148274 0.245869 0.533652 8.41397e-05 0.00613372 0.000233982 0.00269051 0.0156368 0.000126609 2.403e-09 2.38467e-08 0.000147032 
0.23006 0.07012 4.16046e-06 6.47198e-10 5.15035e-10 0.312619 0.251465 3.81889e-07 0.0100494 7.22698e-10 6.29298e-06 4.431e-07 0.00103076 4.49324e-11 1.42732e-06 0.124643 
9.06805e-05 1.93841e-05 0.000198839 1.51056e-07 1.20209e-07 0.909605 0.000148148 1.48308e-07 8.37336e-08 1.68678e-07 7.89625e-08 5.2924e-05 4.2871e-08 1.04872e-08 1.04073e-07 0.0898841 
2.0384e-07 8.16764e-08 8.65333e-08 1.01901e-06 8.10922e-07 0.999993 7.2415e-08 1.00047e-06 5.64861e-07 1.13789e-06 5.32676e-07 1.62209e-07 2.89204e-07 7.07461e-08 7.02066e-07 1.86169e-07 
4.43346e-06 1.77643e-06 1.88207e-06 2.21632e-05 1.76373e-05 4.64227e-06 1.575e-06 2.176e-05 1.22855e-05 0.99987 1.15855e-05 3.52799e-06 6.2901e-06 1.5387e-06 1.52697e-05 4.04911e-06 
0.00586207 3.38231e-06 0.00130591 2.44203e-10 2.44881e-06 0.326368 0.642952 0.0101938 1.35367e-10 2.72691e-10 1.40547e-07 0.0133051 6.65416e-07 1.69541e-11 4.62698e-06 1.58833e-06 
9.0005e-09 3.60639e-09 3.82085e-09 5.3636e-05 3.5806e-08 0.998117 0.000546389 4.41756e-08 2.49412e-08 5.0243e-08 2.35201e-08 0.00128247 1.27697e-08 3.12377e-09 3.09995e-08 8.22021e-09 
0.00262635 8.64037e-06 2.89635e-05 2.53105e-08 2.01419e-08 0.973603 1.85568e-05 0.0225625 6.173e-06 2.82632e-08 4.65965e-06 4.02899e-09 0.00111153 1.75721e-09 1.74381e-08 2.94033e-05 
0.00630245 0.0127238 0.511668 8.89695e-06 2.73057e-05 0.0517698 0.00869792 0.267416 0.0133042 0.000569621 3.25646e-06 1.30708e-06 5.70697e-07 5.6061e-07 4.57069e-05 0.127461 
1.21844e-06 0.000586347 5.17247e-07 0.00122431 4.84723e-06 0.997573 4.32856e-07 5.98027e-06 3.37642e-06 6.80165e-06 3.18404e-06 0.000582727 1.7287e-06 4.2288e-07 4.19656e-06 1.11281e-06 
4.26522e-05 8.97906e-06 0.00123532 2.35342e-09 7.30589e-06 2.12015e-06 0.99549 0.00304329 1.30455e-09 1.70844e-05 1.23022e-09 7.91955e-05 6.67919e-10 1.63388e-10 7.42628e-05 4.29957e-10 
1.8205e-10 0.000235505 4.194e-07 1.38618e-07 0.000120045 0.901459 0.0876995 0.00899312 5.04479e-10 1.01625e-09 2.21402e-06 8.70392e-07 0.0014894 6.31835e-11 6.27017e-10 1.66268e-10 
0.00515297 0.00884403 0.120784 2.43501e-06 2.09433e-06 0.76864 0.000624302 0.0380141 0.000756579 2.66166e-05 0.0046084 0.0191872 0.0295343 1.40919e-10 3.62372e-06 0.00381861 
8.16826e-09 0.0520983 1.17931e-05 4.08338e-08 3.24952e-08 0.0162755 7.22578e-05 4.00909e-08 0.83732 4.55973e-08 0.0942222 6.50002e-09 1.1589e-08 2.83493e-09 2.81331e-08 7.46013e-09 
1.49756e-07 0.000522105 6.35737e-08 7.48642e-07 0.000298478 0.997794 0.000665072 7.35022e-07 4.14988e-07 8.35976e-07 3.91343e-07 0.000333795 0.00038266 5.19753e-08 5.15789e-07 1.36773e-07 
0.00515297 0.00884403 0.120784 2.43501e-06 2.09433e-06 0.76864 0.000624302 0.0380141 0.000756579 2.66166e-05 0.0046084 0.0191872 0.0295343 1.40919e-10 3.62372e-06 0.00381861 
0.000537109 0.00058665 1.56161e-08 1.83895e-07 1.46342e-07 0.995159 0.000457402 0.00102931 0.00057095 0.000102879 0.00138435 2.92728e-08 0.000172282 1.27671e-08 1.26697e-07 3.35967e-08 
0.00549055 0.0256355 0.121075 6.85603e-08 0.00160921 0.033238 0.0714889 0.730145 7.75184e-08 7.56145e-06 0.00150817 0.00828236 8.02426e-08 1.59235e-12 0.0015155 4.25584e-06 
0.00187376 7.4336e-06 7.87564e-06 9.27432e-05 7.38043e-05 0.0116749 6.59069e-06 9.1056e-05 5.14096e-05 0.000103562 0.984194 1.47631e-05 2.63213e-05 6.4388e-06 6.3897e-05 0.00171132 
0.00253373 0.0126876 0.123237 2.2104e-05 2.03976e-05 0.040097 0.000798922 2.85381e-05 0.10255 0.000248163 0.599947 0.0191846 0.000336197 5.20404e-08 2.67183e-05 0.0982818 
0.135894 9.93904e-11 1.31637e-06 1.24002e-09 9.86795e-10 0.0851 0.778919 1.21746e-09 6.87368e-10 1.38467e-09 3.39664e-05 1.14882e-05 1.09133e-06 8.60895e-11 3.84457e-05 4.98626e-07 
0.00238749 0.00394908 0.00397137 1.30306e-07 2.16103e-05 0.988812 4.77028e-05 0.000133884 1.52387e-06 1.45507e-07 0.000139089 2.93876e-06 0.000403263 9.04661e-09 2.03373e-05 0.000109914 
0.00253037 3.79594e-05 2.61929e-06 2.07298e-07 1.64966e-07 0.576406 0.127393 0.000629103 8.45682e-05 2.31481e-07 8.81921e-05 0.000148779 9.42588e-05 1.43919e-08 0.292584 3.78724e-08 
9.56169e-07 0.0146203 0.0339503 1.5168e-07 0.000208681 0.947129 0.00105973 0.00218799 2.98978e-10 6.02278e-10 2.42974e-06 1.52987e-06 0.000838197 3.74456e-11 3.716e-10 1.11426e-06 
2.91544e-05 4.53233e-05 2.30138e-07 2.7101e-06 6.77153e-05 0.981744 9.47014e-07 0.0166566 1.50227e-06 3.02625e-06 1.41667e-06 4.314e-07 0.00143054 1.88151e-07 1.61723e-05 4.95122e-07 
0.00979841 2.24336e-07 2.37676e-07 2.79887e-06 2.22731e-06 5.86246e-07 0.0333555 2.74795e-06 1.55147e-06 0.00281596 1.46307e-06 0.954015 7.94342e-07 1.94314e-07 1.92833e-06 5.11339e-07 
0.125555 0.000265682 8.45265e-09 0.000109591 7.92115e-08 0.800929 7.07355e-09 0.000156461 5.51761e-08 1.1115e-07 0.000228994 3.64586e-05 0.0724324 6.91054e-09 8.92205e-05 0.000196418 
0.00515297 0.00884403 0.120784 2.43501e-06 2.09433e-06 0.76864 0.000624302 0.0380141 0.000756579 2.66166e-05 0.0046084 0.0191872 0.0295343 1.40919e-10 3.62372e-06 0.00381861 
0.00070268 0.000848504 0.00189945 1.84492e-08 0.000129214 0.995581 1.05017e-06 5.79816e-05 1.02268e-08 2.06015e-08 0.000661594 2.93679e-09 3.19452e-05 1.28086e-09 1.27109e-08 8.66276e-05 
0.0105364 6.94015e-08 0.0402478 5.93022e-11 3.16236e-07 0.0222165 0.00429148 5.24069e-07 0.0696626 4.64204e-08 0.852863 1.47271e-07 0.000180703 4.11712e-12 7.68156e-07 5.20152e-08 
0.00211431 0.00170334 0.00129956 9.21831e-06 0.0008767 0.00399362 0.00261433 0.00263091 5.10991e-06 0.00150127 0.000766239 0.000870963 2.61623e-06 6.39991e-07 0.978172 0.00343899 
6.95846e-12 5.35505e-07 6.5356e-08 3.47859e-11 2.76823e-11 1.56394e-05 2.87128e-05 3.4153e-11 1.91284e-05 4.06312e-09 0.999906 5.29975e-07 2.88344e-05 2.41505e-12 2.39663e-11 8.95619e-07 
0.301689 2.37075e-05 0.00353192 0.000216694 5.24237e-06 0.113574 0.00641534 1.07442e-05 7.97392e-07 0.569253 0.00259286 0.000114192 7.21106e-05 2.91448e-07 1.78903e-05 0.00248248 
1.11071e-06 4.45047e-07 4.71512e-07 5.5525e-06 4.41863e-06 0.95868 3.94582e-07 0.0408917 0.000310866 6.20024e-06 2.9025e-06 8.927e-05 1.57585e-06 3.85489e-07 3.82549e-06 1.01442e-06 
0.00026597 0.000405514 0.000241501 3.9639e-05 3.15444e-05 0.995413 0.00248189 3.89179e-05 0.000845844 4.42632e-05 2.07208e-05 0.000122372 1.12499e-05 2.75198e-06 2.731e-05 7.24186e-06 
0.000187696 9.76591e-09 0.0351952 1.21842e-07 9.69606e-08 2.55208e-08 0.964564 1.19625e-07 6.75395e-08 1.36055e-07 6.36912e-08 5.23862e-05 3.45797e-08 8.45899e-09 8.39449e-08 2.22599e-08 
4.6281e-05 9.77688e-06 1.32961e-05 8.9392e-07 8.60626e-06 1.87239e-07 0.256831 0.160586 4.95519e-07 1.94618e-05 4.67285e-07 8.5744e-05 2.53702e-07 6.20613e-08 0.582398 1.63315e-07 
2.24864e-06 9.01003e-07 9.54582e-07 1.12411e-05 8.94559e-06 2.35455e-06 7.98837e-07 0.999932 6.2312e-06 1.25525e-05 5.87615e-06 1.78939e-06 3.19032e-06 7.80427e-07 7.74476e-06 2.0537e-06 
1.40507e-09 5.4616e-06 5.96475e-10 7.02407e-09 5.58969e-09 2.47185e-05 0.976476 6.89628e-09 2.84273e-05 7.8513e-06 3.67174e-09 1.11811e-09 1.99349e-09 4.87653e-10 9.72707e-07 0.023457 
6.81718e-08 2.73156e-08 2.894e-08 3.40796e-07 2.71202e-07 0.999998 2.42182e-08 3.34596e-07 1.8891e-07 3.80552e-07 1.78147e-07 5.42487e-08 9.67207e-08 2.36601e-08 2.34797e-07 6.22617e-08 
3.43389e-05 3.59053e-05 1.77751e-09 2.09319e-08 1.66574e-08 0.945522 0.0428582 4.11227e-05 9.97976e-05 7.48192e-05 0.00757834 3.33199e-09 5.94064e-09 1.45322e-09 1.44214e-08 0.0037557 
1.04909e-05 4.20357e-06 4.45354e-06 5.24447e-05 4.1735e-05 0.999644 3.72692e-06 5.14906e-05 2.90712e-05 5.85627e-05 2.74148e-05 8.34827e-06 1.48842e-05 3.64103e-06 3.61326e-05 9.58138e-06 
3.18362e-05 0.000140182 2.26473e-06 9.29102e-05 2.12232e-05 0.998908 0.000571484 2.61841e-05 1.47834e-05 2.97805e-05 1.3941e-05 0.000114962 7.56898e-06 1.85155e-06 1.83743e-05 4.87236e-06 
0.00108793 0.00307943 0.00385723 3.18539e-06 3.46587e-05 0.971318 0.0104222 3.12744e-06 1.76573e-06 8.63412e-05 0.00940298 0.000597483 4.11521e-05 2.21149e-07 2.19463e-06 6.25271e-05 
0.0012551 0.990462 0.000170572 1.25462e-06 9.98417e-07 0.00228655 0.00341485 1.2318e-06 0.00173936 1.40098e-06 6.55837e-07 1.99714e-07 3.56072e-07 8.71035e-08 8.64393e-07 0.000664947 
0.00298611 2.00415e-08 0.0022189 2.50043e-07 1.98982e-07 0.0015922 0.977408 2.45494e-07 0.00137233 0.010387 0.00199994 4.78027e-05 7.09642e-08 1.73595e-08 0.000913208 0.00107356 
0.00144081 4.44734e-07 3.6393e-07 4.5107e-10 7.54168e-07 0.996575 3.71867e-07 8.41884e-07 3.50304e-07 6.55301e-07 2.35791e-10 1.36496e-07 0.000538647 3.1316e-11 3.10772e-10 0.0014412 
1.57248e-05 6.30074e-06 6.67541e-06 7.86094e-05 6.25567e-05 0.999466 5.58628e-06 7.71793e-05 4.35749e-05 8.77797e-05 4.1092e-05 1.25132e-05 2.231e-05 5.45754e-06 5.41593e-05 1.43616e-05 
0.00881034 0.119298 0.06299 0.000176516 7.2882e-05 0.465521 0.0024127 0.000168423 0.00242984 0.000816576 0.000862536 0.00474609 0.276689 6.9358e-05 0.000364025 0.0545728 
1.5921e-10 1.49921e-06 4.46141e-07 3.19156e-07 1.33071e-06 0.991293 0.00101554 5.0019e-06 4.41185e-10 8.88749e-10 0.00768182 1.26693e-10 1.19741e-06 5.52563e-11 5.4835e-10 1.45407e-10 
2.41055e-06 9.65877e-07 1.02331e-06 1.20505e-05 0.0233311 0.00614349 8.56354e-07 1.18313e-05 0.000613575 1.34563e-05 6.29924e-06 0.969848 3.42003e-06 8.36619e-07 8.30239e-06 2.20157e-06 
0.000122527 0.263912 0.000291116 7.10852e-07 0.000435088 0.162776 0.0011445 9.11234e-05 3.9404e-07 0.557574 6.57107e-05 0.0135321 2.01746e-07 4.93516e-08 4.89753e-07 5.42147e-05 
3.92635e-07 7.10393e-05 2.78911e-10 1.11726e-07 0.00374162 0.991971 8.62282e-06 0.00117017 1.82064e-09 3.6676e-09 1.74483e-06 5.22826e-10 0.00303498 2.28026e-10 2.26287e-09 3.24501e-07 
6.95846e-12 5.35505e-07 6.5356e-08 3.47859e-11 2.76823e-11 1.56394e-05 2.87128e-05 3.4153e-11 1.91284e-05 4.06312e-09 0.999906 5.29975e-07 2.88344e-05 2.41505e-12 2.39663e-11 8.95619e-07 
0.00774666 0.0545633 0.604242 0.00221209 8.90297e-05 0.0296896 0.00459812 0.000222968 0.00839495 0.00265288 0.0221607 0.255541 0.000950643 2.6866e-08 0.000153026 0.00678366 
0.000352585 3.28474e-08 6.99494e-06 4.09812e-07 3.26125e-07 0.000970062 0.989787 0.00048323 2.27168e-07 4.57619e-07 0.00023586 0.000397997 1.16308e-07 2.84516e-08 0.00776481 7.48706e-08 
1.89403e-08 2.73285e-05 8.04044e-09 9.46839e-08 7.53487e-08 0.999905 1.75011e-05 9.29614e-08 5.24853e-08 1.05729e-07 4.94948e-08 1.5072e-08 4.57095e-05 6.57353e-09 6.52341e-08 3.47696e-06 
0.00152884 4.70858e-07 0.000748785 5.87453e-06 4.6749e-06 0.994344 0.00334016 5.76766e-06 3.25638e-06 6.55984e-06 3.07084e-06 9.35122e-07 1.66724e-06 4.07846e-07 4.04736e-06 1.07325e-06 
3.81784e-05 0.00824109 0.000858532 1.01804e-06 8.10145e-07 0.889957 0.00120066 0.00165519 0.0894054 1.1368e-06 5.32165e-07 0.00125649 1.11368e-05 7.06783e-08 7.01393e-07 0.00737253 
1.9598e-05 7.8527e-06 8.31967e-06 0.999412 7.79653e-05 2.05211e-05 6.96227e-06 9.61897e-05 5.43081e-05 0.000109401 5.12136e-05 1.55954e-05 2.78053e-05 6.80182e-06 6.74995e-05 1.7899e-05 
0.0135169 0.102624 0.513643 0.0142483 0.00121049 0.21361 0.0713913 8.0075e-06 0.00825592 0.00161796 0.00709135 0.0342141 0.000753133 1.60794e-07 8.97866e-06 0.0178069 
0.000229093 9.17948e-05 0.992079 0.00114525 0.000911382 0.000239883 8.1386e-05 0.00112442 0.000634838 0.00127885 0.000598666 0.000182304 0.000325032 7.95104e-05 0.000789041 0.000209232 
0.00515297 0.00884403 0.120784 2.43501e-06 2.09433e-06 0.76864 0.000624302 0.0380141 0.000756579 2.66166e-05 0.0046084 0.0191872 0.0295343 1.40919e-10 3.62372e-06 0.00381861 
0.00515297 0.00884403 0.120784 2.43501e-06 2.09433e-06 0.76864 0.000624302 0.0380141 0.000756579 2.66166e-05 0.0046084 0.0191872 0.0295343 1.40919e-10 3.62372e-06 0.00381861 
0.00654554 0.000210782 1.11103e-06 1.30835e-05 1.04117e-05 0.992043 0.00111664 1.28454e-05 7.25244e-06 1.46097e-05 6.8392e-06 2.08265e-06 3.71319e-06 9.08333e-07 9.01406e-06 2.39028e-06 
0.522973 5.06814e-11 0.135858 6.32313e-10 5.03189e-10 1.32443e-10 4.49346e-11 6.2081e-10 0.0592446 7.06077e-10 3.30533e-10 1.00653e-10 1.79456e-10 4.3899e-11 4.35643e-10 0.281924 
1.9598e-05 7.8527e-06 8.31967e-06 0.999412 7.79653e-05 2.05211e-05 6.96227e-06 9.61897e-05 5.43081e-05 0.000109401 5.12136e-05 1.55954e-05 2.78053e-05 6.80182e-06 6.74995e-05 1.7899e-05 
0.00549055 0.0256355 0.121075 6.85603e-08 0.00160921 0.033238 0.0714889 0.730145 7.75184e-08 7.56145e-06 0.00150817 0.00828236 8.02426e-08 1.59235e-12 0.0015155 4.25584e-06 
1.72338e-05 1.12346e-05 1.89135e-08 2.22724e-07 7.99237e-06 0.993019 0.00590725 5.24459e-05 1.23461e-07 3.04059e-05 5.67782e-06 0.000918648 1.39991e-05 1.54629e-08 1.59409e-05 4.06907e-08 
0.00515297 0.00884403 0.120784 2.43501e-06 2.09433e-06 0.76864 0.000624302 0.0380141 0.000756579 2.66166e-05 0.0046084 0.0191872 0.0295343 1.40919e-10 3.62372e-06 0.00381861 
9.20567e-07 3.31228e-07 7.97376e-11 9.38987e-10 1.86884e-06 0.999991 6.67947e-08 4.61046e-06 5.20501e-10 1.04853e-09 4.90843e-10 1.4947e-10 1.03959e-06 6.51902e-11 6.46931e-10 1.71548e-10 
6.95846e-12 5.35505e-07 6.5356e-08 3.47859e-11 2.76823e-11 1.56394e-05 2.87128e-05 3.4153e-11 1.91284e-05 4.06312e-09 0.999906 5.29975e-07 2.88344e-05 2.41505e-12 2.39663e-11 8.95619e-07 
6.95846e-12 5.35505e-07 6.5356e-08 3.47859e-11 2.76823e-11 1.56394e-05 2.87128e-05 3.4153e-11 1.91284e-05 4.06312e-09 0.999906 5.29975e-07 2.88344e-05 2.41505e-12 2.39663e-11 8.95619e-07 
7.22165e-06 0.199008 8.82747e-05 3.0592e-09 3.57893e-05 0.79543 2.18271e-05 2.64342e-05 1.69578e-09 3.41607e-09 3.50231e-05 1.52914e-05 1.08537e-05 2.12388e-10 0.00532149 5.6449e-08 
4.43346e-06 1.77643e-06 1.88207e-06 2.21632e-05 1.76373e-05 4.64227e-06 1.575e-06 2.176e-05 1.22855e-05 0.99987 1.15855e-05 3.52799e-06 6.2901e-06 1.5387e-06 1.52697e-05 4.04911e-06 
9.29503e-09 3.72441e-09 3.94588e-09 4.64666e-08 3.69777e-08 0.999302 6.02592e-06 4.56212e-08 0.000676889 5.18872e-08 2.42898e-08 1.38183e-05 1.31876e-08 3.22599e-09 3.20139e-08 8.50309e-07 
0.000124884 8.04274e-05 0.00100944 1.45476e-06 1.15768e-06 0.998408 8.09303e-05 0.000121074 8.06404e-07 1.62447e-06 7.60456e-07 2.31572e-07 4.12873e-07 1.00998e-07 0.000103619 6.45827e-05 
3.38905e-05 2.27459e-10 0.44073 2.83783e-09 2.25832e-09 0.206022 0.0691417 2.7862e-09 1.55751e-05 0.000117886 2.26981e-05 4.51732e-10 8.05399e-10 1.97019e-10 1.03643e-05 0.283905 
0.00549055 0.0256355 0.121075 6.85603e-08 0.00160921 0.033238 0.0714889 0.730145 7.75184e-08 7.56145e-06 0.00150817 0.00828236 8.02426e-08 1.59235e-12 0.0015155 4.25584e-06 
0.012294 0.0807711 0.598678 4.62312e-05 1.13274e-05 0.0101882 0.00147722 0.00395722 0.000957605 0.0252794 0.0921065 0.0136788 0.00132788 1.44472e-06 0.000278891 0.158946 
2.3137e-06 6.13739e-07 1.85361e-06 0.00303566 1.29621e-09 0.0467572 0.950192 1.5992e-09 9.02899e-10 1.05512e-05 8.51453e-10 2.59282e-10 4.62277e-10 1.13084e-10 1.13344e-07 2.9758e-10 
8.54614e-08 3.42434e-08 0.000146856 4.27228e-07 3.39984e-07 0.999054 8.99711e-05 4.19456e-07 2.36822e-07 0.000707115 2.23328e-07 6.80072e-08 1.21251e-07 2.96608e-08 2.94346e-07 7.80525e-08 
0.000528077 0.00069354 0.00197976 9.54956e-08 0.000350956 0.959703 0.0331205 0.00246612 3.73316e-06 0.000416318 8.39738e-05 6.5518e-05 0.000575811 6.62989e-09 1.22887e-05 1.74466e-08 
0.00515297 0.00884403 0.120784 2.43501e-06 2.09433e-06 0.76864 0.000624302 0.0380141 0.000756579 2.66166e-05 0.0046084 0.0191872 0.0295343 1.40919e-10 3.62372e-06 0.00381861 
2.41966e-06 0.000743498 4.22234e-10 6.34423e-07 2.63374e-06 0.876266 0.10221 0.0205695 2.7562e-09 5.55225e-09 1.01205e-05 1.92548e-06 0.0001899 3.45201e-10 3.42569e-09 3.09348e-06 
7.24873e-05 1.18816e-08 3.16766e-05 0.00527112 2.5552e-05 0.33407 0.0161091 1.45541e-07 0.161152 0.482491 7.80433e-05 2.35968e-08 4.20711e-08 1.02916e-08 1.02131e-07 0.000698274 
0.00144213 0.000704399 0.00337946 1.13989e-08 1.84624e-05 0.000269796 0.00111046 0.993033 4.38304e-09 8.8294e-09 2.72009e-05 7.3426e-10 1.86991e-13 4.57422e-14 1.46056e-05 7.36683e-09 
4.68821e-12 0.000144071 1.44622e-08 2.34367e-11 4.36253e-09 0.241169 0.282708 2.30104e-11 1.29915e-11 2.61708e-11 7.62128e-09 0.475979 6.65154e-12 1.62712e-12 1.17018e-07 4.28178e-12 
7.43732e-06 0.0390441 8.80757e-06 1.49256e-10 0.901026 0.0315837 2.28054e-07 1.90649e-07 3.80668e-07 1.66667e-10 0.0283228 7.00909e-07 2.68567e-06 1.03622e-11 1.02832e-10 2.67232e-06 
0.000431975 0.000313138 8.72821e-08 1.02783e-06 8.17938e-07 0.995902 7.30415e-08 1.00913e-06 5.69749e-07 0.0014932 5.37285e-07 1.63612e-07 0.000496194 7.13582e-08 0.00113373 0.000225523 
1.1608e-11 4.65119e-12 1.82149e-08 5.80293e-11 4.61792e-11 0.991357 0.00462744 5.69736e-11 3.21669e-11 6.47988e-11 3.03341e-11 0.00401573 1.64692e-11 4.02875e-12 3.99803e-11 1.06017e-11 
0.44538 5.28183e-06 0.279367 1.254e-06 1.98402e-05 0.215235 0.0598125 5.29016e-06 6.95119e-07 4.00106e-05 4.44666e-05 1.21648e-05 5.47581e-06 8.70602e-08 6.74106e-05 4.07424e-06 
1.75519e-05 7.03285e-06 7.45106e-06 8.77434e-05 6.98254e-05 1.83786e-05 6.23538e-06 8.61471e-05 4.86381e-05 0.999484 4.58667e-05 1.39672e-05 2.49023e-05 6.09168e-06 6.04523e-05 1.60303e-05 
0.0160104 0.0317705 0.185196 1.51649e-10 0.0405793 0.236733 0.00338996 3.87007e-08 8.93302e-05 4.61938e-05 0.480395 1.41862e-07 0.00102699 1.05284e-11 3.9188e-08 0.00476267 
0.00027334 0.000342424 0.0265963 2.81649e-06 2.21915e-08 0.716645 0.254623 0.00124576 1.54578e-08 3.11391e-08 1.45771e-08 1.73164e-05 8.71364e-06 1.93602e-09 8.64756e-05 0.000158448 
2.53686e-06 0.0145617 1.20743e-05 4.11975e-07 0.000109363 0.944062 0.0366597 0.00111175 1.21489e-08 2.44734e-08 6.28133e-06 4.05567e-06 7.34583e-05 1.52159e-09 1.50998e-08 0.00339698 
4.31329e-05 0.000104719 6.78294e-05 1.48888e-05 1.18484e-05 0.000491876 2.5909e-05 1.4618e-05 0.999155 1.66257e-05 7.78295e-06 2.37688e-05 8.09237e-06 1.03367e-06 1.02579e-05 2.72012e-06 
2.2839e-09 9.15133e-10 9.69552e-10 1.14174e-08 9.08587e-09 0.975037 7.31038e-07 1.12097e-08 6.32891e-09 1.27493e-08 5.9683e-09 1.81745e-09 3.24035e-09 7.92666e-10 7.86621e-09 0.0249624 
8.98003e-05 2.31614e-05 2.19077e-09 2.57984e-08 2.05302e-08 0.999372 2.38352e-05 0.00049141 1.43006e-08 2.8808e-08 1.34858e-08 4.10665e-09 7.32181e-09 1.79108e-09 1.77742e-08 4.71324e-09 
5.44244e-05 2.63422e-05 1.04614e-08 1.23193e-07 9.80362e-08 0.994951 0.00236449 1.20952e-07 0.000129569 1.37565e-07 6.43977e-08 0.00244515 1.55748e-05 8.55283e-09 8.48762e-08 1.23601e-05 
6.95846e-12 5.35505e-07 6.5356e-08 3.47859e-11 2.76823e-11 1.56394e-05 2.87128e-05 3.4153e-11 1.91284e-05 4.06312e-09 0.999906 5.29975e-07 2.88344e-05 2.41505e-12 2.39663e-11 8.95619e-07 
2.62432e-06 1.01238e-09 1.07258e-09 1.26307e-08 5.22506e-06 0.999963 8.97584e-10 5.83367e-06 1.37863e-05 1.41041e-08 6.60252e-09 1.54797e-06 6.20315e-06 8.76898e-10 8.70211e-09 2.16876e-06 
0.00362485 0.0203817 0.0443088 1.53554e-06 0.0179641 0.0867769 0.0109559 0.0132684 8.51183e-07 1.71467e-06 0.0175796 0.775215 0.00544793 1.06607e-07 0.00444439 2.83341e-05 
0.0140432 0.08762 0.667844 8.21668e-05 1.33343e-05 0.00403269 7.71715e-05 9.05781e-05 0.00332464 0.000249332 0.0476898 0.0940897 0.0562583 1.66803e-08 0.000146676 0.0244385 
0.000528077 0.00069354 0.00197976 9.54956e-08 0.000350956 0.959703 0.0331205 0.00246612 3.73316e-06 0.000416318 8.39738e-05 6.5518e-05 0.000575811 6.62989e-09 1.22887e-05 1.74466e-08 
4.65799e-06 0.000891006 1.97739e-06 2.32856e-05 1.85305e-05 0.813898 0.00152574 2.2862e-05 1.29077e-05 2.60021e-05 1.21723e-05 0.00100434 6.60866e-06 1.61663e-06 0.0040922 0.178458 
0.0321454 0.0228248 0.0565733 4.10944e-07 6.54878e-06 0.00600707 0.116532 0.734907 3.2769e-07 3.18327e-07 0.00146571 0.0214239 2.06576e-11 5.05332e-12 0.00482378 0.00328907 
6.95846e-12 5.35505e-07 6.5356e-08 3.47859e-11 2.76823e-11 1.56394e-05 2.87128e-05 3.4153e-11 1.91284e-05 4.06312e-09 0.999906 5.29975e-07 2.88344e-05 2.41505e-12 2.39663e-11 8.95619e-07 
5.14945e-06 0.917149 0.00503004 2.57425e-05 2.04857e-05 0.07765 1.82936e-06 2.52742e-05 1.42696e-05 2.87455e-05 1.34566e-05 4.09775e-06 7.30594e-06 1.7872e-06 1.77357e-05 4.70303e-06 
2.288e-09 9.16775e-10 0.00934013 1.14379e-08 0.00328773 0.987372 8.1282e-10 1.12298e-08 6.34027e-09 1.27722e-08 5.97901e-09 1.82071e-09 3.24617e-09 7.94088e-10 7.88033e-09 2.08965e-09 
