0.00241934 0.0658678 0.00996575 2.55053e-10 0.0168307 0.0183993 0.030907 2.50413e-10 1.34385e-07 0.000153905 0.0557377 5.26795e-07 3.73239e-08 0.799717 2.99489e-07 9.19128e-08 
0.0111595 0.085311 0.0165301 1.47446e-09 2.47553e-06 0.0341479 0.12678 8.68723e-05 6.86533e-05 4.75449e-05 0.0450535 0.00241402 0.000184973 0.641093 0.000361295 0.0367586 
0.163137 0.260063 0.00563169 1.31933e-07 0.00272942 0.00128846 0.0167121 5.82172e-06 2.24782e-05 8.95611e-06 0.000879041 0.00368327 1.74087e-05 0.543663 4.90681e-05 0.00210957 
0.303356 0.0357005 0.0362496 0.00139061 0.000123513 0.00561237 0.167707 1.41277e-05 0.00182116 2.83619e-05 0.00205395 0.00244713 0.000176553 0.436406 0.00345872 0.00345445 
0.144857 0.0867551 0.00287346 7.60948e-05 2.08556e-05 0.000389509 0.0508115 3.61694e-06 0.00328203 0.000457369 5.58242e-05 0.00656383 3.40515e-05 0.639964 0.00274921 0.0611059 
0.053059 0.114986 0.178852 0.00178333 0.00256781 0.0206609 0.148251 5.12236e-05 0.0060677 0.00234197 0.0148192 0.0232804 0.000101553 0.403901 0.00163249 0.0276451 
0.0248067 0.31167 0.000368089 5.10952e-11 0.000101232 0.213988 0.010501 4.68803e-05 0.00737262 2.33947e-06 0.0148264 0.000106721 3.65529e-05 0.415473 5.91898e-08 0.000700794 
0.167004 0.243529 0.118723 3.83256e-05 0.000490615 0.0228982 0.0356942 0.000267394 0.00199057 0.00477585 0.090918 0.00547835 0.00857516 0.244067 0.000525648 0.0550247 
0.0638851 0.0998737 0.00966981 0.000129419 2.80696e-05 0.0163436 0.0463709 5.38649e-06 0.0100654 0.00631838 0.000466101 0.0217885 4.41635e-05 0.697058 0.000524728 0.0274285 
0.0143152 0.111631 0.0714144 0.0232861 1.91202e-07 0.0280981 0.163435 1.04843e-05 0.00888401 0.00131369 0.000251464 0.0950736 1.00331e-06 0.438524 0.00218017 0.0415807 
0.00383577 0.284197 0.0104817 0.00301508 6.55126e-09 0.0162827 0.0389924 0.000176229 0.000687039 6.91207e-07 0.00061029 0.00257171 2.09968e-05 0.630767 0.00167064 0.0066907 
0.0494882 0.215117 0.0138291 7.1579e-10 2.65555e-06 0.0354794 0.1155 0.00163589 0.000111486 0.03485 0.00111472 0.00847528 0.000299022 0.515254 0.00116618 0.00767607 
0.000428655 0.00793655 0.0594824 1.17116e-05 0.000296774 0.315876 0.00234329 7.39773e-07 8.2201e-05 1.13887e-06 0.0227639 1.84005e-05 6.7223e-05 0.590456 1.86355e-05 0.000216404 
0.0123765 0.331378 0.106843 2.19517e-05 0.000182407 0.0414139 0.0941539 5.88896e-06 0.0269938 0.0004182 0.0137079 0.00827705 3.42927e-05 0.339616 0.000705025 0.0238714 
0.0201885 0.0614907 0.0841955 1.26596e-06 7.81289e-05 0.000610434 0.367507 6.50382e-06 0.000370828 7.24522e-05 0.010758 0.00202692 6.45428e-06 0.445024 0.0074056 0.00025795 
0.140896 0.0241704 0.0185927 0.000318578 7.73679e-06 0.00228947 0.113184 7.52948e-09 1.65292e-05 0.00442423 0.00144962 0.000580915 3.26253e-05 0.687791 8.23021e-06 0.00623661 
0.00628196 0.0207803 0.0441469 0.00200239 0.000690427 0.28085 0.230907 9.49908e-05 0.021138 0.00243789 0.00154068 0.00333401 5.26536e-07 0.333755 4.25148e-06 0.0520345 
0.0250988 0.194403 0.0631665 1.62524e-05 0.011508 0.170719 0.102594 0.00656681 0.00377116 1.45025e-05 0.0152122 0.0242035 0.000101301 0.362594 0.00196467 0.0180656 
0.0175072 0.0197096 0.158831 1.2682e-08 1.00923e-08 0.0322148 0.00783014 5.07128e-06 0.0014097 8.74983e-05 0.149689 4.10741e-06 8.2899e-06 0.56536 1.91783e-05 0.0473246 
0.00654096 0.16251 0.0212827 1.38665e-06 0.00403843 0.195431 0.0230507 0.000135387 0.000212307 0.000146832 0.0118706 0.0625487 0.00183489 0.318813 0.191018 0.000564771 
0.139279 0.0780893 0.038894 0.000578275 4.37053e-05 0.0228069 0.0724468 0.000117536 0.00354562 0.000235579 0.000895155 0.0123899 0.00025409 0.55576 0.0364703 0.0381937 
0.0087914 0.0223097 0.145893 0.00065423 9.32715e-06 0.00885144 0.130745 5.50255e-06 0.018523 0.00379548 0.000944603 0.00021346 0.00257222 0.65024 0.00195571 0.0044952 
0.021892 0.320057 0.00932065 2.78414e-07 0.00227775 0.0430721 0.0939072 3.685e-06 0.00152052 4.78611e-05 0.000311583 0.0231386 2.19567e-05 0.471485 0.0126923 0.000251748 
0.0243551 0.0221825 0.246012 0.000740334 0.000442009 0.0890263 0.127135 0.0111454 0.00230094 0.00031105 0.0219798 0.000493374 0.000244371 0.446409 0.00222993 0.00499331 
1.47395e-06 0.00177237 6.25715e-07 7.3684e-06 5.86371e-06 0.0524762 0.00623168 0.00941189 4.08446e-06 8.22797e-06 3.85173e-06 1.17292e-06 2.09121e-06 0.930067 5.07658e-06 1.34617e-06 
0.1017 0.1359 0.0124545 1.37199e-07 0.00355395 0.10041 0.0911095 0.000183284 0.00513714 0.000424109 0.00257526 0.0217035 0.000127729 0.511857 0.00443589 0.00842794 
0.0893198 0.189552 0.0198226 4.9711e-09 4.87677e-06 0.0892637 0.028738 2.25082e-06 6.32664e-05 6.2387e-06 0.0159989 0.00716289 6.62927e-06 0.542656 8.50844e-06 0.0173939 
0.03174 0.198795 0.00126705 6.12104e-06 1.04867e-05 0.0239762 0.0890805 0.00010546 0.000508182 0.000312577 0.00060956 0.123206 8.74946e-05 0.476069 0.0433679 0.0108593 
0.0589529 0.118277 0.0763077 0.00113712 0.000147342 0.00998266 0.115985 1.7224e-05 0.00346784 0.000620109 0.0157745 0.0878297 7.05678e-05 0.49943 0.000248007 0.0117526 
0.00194798 0.137614 0.0248478 8.34695e-11 4.51134e-06 0.00016578 0.0418142 6.45418e-09 2.52115e-07 5.94779e-06 1.53935e-05 3.8437e-05 3.56998e-10 0.787304 2.29331e-09 0.00624173 
0.000159982 0.128985 0.030789 7.42644e-11 0.0168315 0.124911 0.221736 4.7361e-08 0.000978273 0.000137114 0.0217154 0.148741 5.23241e-08 0.261932 0.0421158 0.00096873 
0.113151 0.0773107 0.101363 9.55242e-12 7.44978e-06 2.87955e-05 0.0361011 1.92678e-06 0.00080434 0.000185233 0.00894031 0.00265573 9.59613e-07 0.6347 0.0236266 0.0011222 
0.0351591 0.224315 0.0907933 0.00168563 0.00253366 0.0194246 0.0618808 2.56244e-05 0.00164273 0.000765577 0.00943608 0.00929187 7.81837e-05 0.512534 0.00381519 0.0266183 
0.284147 0.0191924 0.00378081 6.14478e-12 0.0571387 0.000495419 0.00176207 6.03299e-12 0.000690958 1.7687e-05 0.00100345 0.000634664 0.000352683 0.629342 6.57117e-05 0.00137733 
0.0380875 0.0347149 0.0221552 9.23171e-07 3.15881e-08 8.20335e-05 0.0183325 1.69995e-08 1.57325e-06 1.61892e-07 0.000634465 1.45414e-07 2.23806e-08 0.458371 3.52388e-06 0.427616 
0.168158 0.222346 0.0137637 0.000121166 0.000351854 0.0554746 0.0870626 0.00113807 0.00148279 0.00191078 0.00854111 0.00437545 0.00013932 0.317483 0.0124499 0.105202 
0.00420987 0.0170554 0.16158 8.30611e-11 0.000401273 0.190792 0.169434 1.16839e-07 0.135679 0.00143023 6.43119e-05 0.00143926 5.33169e-05 0.233264 0.000161902 0.0844346 
0.14113 0.138724 0.164018 9.80936e-10 0.000104118 0.00044122 0.128984 6.31959e-05 0.000218551 0.00484658 0.00846801 0.0674467 1.39254e-05 0.315405 0.00495065 0.0251864 
4.17843e-06 0.256458 6.17641e-07 8.81071e-07 1.38207e-06 1.06485e-06 2.21586e-06 7.6621e-07 1.39502e-10 5.34221e-07 1.52615e-06 1.62249e-06 1.64347e-07 0.74352 1.73388e-10 6.61163e-06 
0.102701 0.265447 0.00374692 0.00181902 3.79936e-11 0.00359064 0.0728565 1.68008e-05 0.00148939 1.03661e-05 0.000360473 0.0242313 9.27506e-06 0.521615 4.0455e-05 0.00206614 
0.000685992 0.0524626 0.0158297 8.18762e-06 0.000984755 0.138446 0.297843 2.66224e-08 0.0656773 0.00541463 9.52226e-08 0.00091859 2.23681e-08 0.420455 6.18273e-08 0.00127357 
0.000160099 0.268107 0.0828531 7.46544e-05 0.000565773 0.0788535 0.25932 3.97508e-05 0.00527511 2.31088e-05 0.00114513 0.00546476 1.80376e-05 0.293029 0.00336616 0.00170535 
0.0341718 0.154811 0.046106 6.54993e-06 0.000224204 0.00912519 0.0224684 5.83429e-07 0.0120416 0.000134662 0.000703803 0.0208197 1.91683e-05 0.665974 0.00418626 0.029207 
0.00150562 0.158637 0.156954 3.36643e-12 0.00124871 0.0124278 0.16721 4.37587e-06 0.00125513 3.88791e-05 0.000648396 0.0337543 2.03035e-06 0.458071 0.0012342 0.00700778 
0.201568 0.108839 0.148255 0.0668538 0.00124547 0.00569041 0.0366137 0.000174701 0.00244172 0.000560251 0.00567443 0.0144351 0.00979866 0.309228 0.00441779 0.0842047 
0.196947 0.176049 0.0521555 1.2742e-08 0.00318124 0.029629 0.0380952 8.25122e-06 0.166561 8.63068e-05 0.0121745 0.0385159 0.00432297 0.251835 0.0162394 0.0142002 
0.03214 0.434267 0.00529172 1.899e-06 0.00137083 0.00358274 0.0178867 2.75315e-06 0.000293242 3.90938e-05 0.0028181 0.000636077 6.15484e-07 0.462025 0.000700376 0.0389433 
0.224062 0.0152605 0.000165839 8.91537e-07 1.15714e-06 0.000398329 0.0357588 2.29822e-06 0.000272421 0.000224914 0.000172479 0.0528988 1.08675e-05 0.666539 0.00129697 0.00293547 
0.0522513 0.218513 0.0423517 0.000110376 0.00280437 0.0390719 0.0455443 5.74156e-05 0.056192 0.00061248 0.00331388 0.0192366 0.000522694 0.504006 0.000413796 0.0149979 
0.0273762 0.271356 0.0296358 8.46201e-06 0.000727262 0.0579798 0.044276 4.69933e-05 0.00375716 5.44831e-05 0.00134692 0.00942903 0.00612895 0.530751 0.000322649 0.016803 
0.0230607 0.402082 0.0189182 3.70764e-07 7.99867e-07 0.00702454 0.0160585 2.16738e-06 0.0108136 0.000169878 0.000360245 0.018908 1.74875e-05 0.466604 1.34154e-05 0.0359658 
0.0173005 0.419266 0.0198645 6.60614e-08 1.90455e-07 0.00432671 0.0140945 3.22499e-06 0.000947427 3.67114e-05 0.00229264 0.00331252 1.24124e-05 0.510476 6.73985e-06 0.00806059 
0.137954 0.15769 0.0767277 1.11632e-05 0.000366059 0.0946499 0.0873283 0.000132993 0.0750883 9.74618e-05 0.00347408 0.0038093 0.00299454 0.290971 0.0119124 0.056793 
0.152592 0.1764 0.0895652 1.13683e-06 1.1371e-06 1.13788e-06 0.00626046 1.13684e-06 0.00500577 1.13666e-06 0.00273105 1.13794e-06 1.13778e-06 0.54468 0.00545989 0.0172974 
0.03214 0.434267 0.00529172 1.899e-06 0.00137083 0.00358274 0.0178867 2.75315e-06 0.000293242 3.90938e-05 0.0028181 0.000636077 6.15484e-07 0.462025 0.000700376 0.0389433 
0.00346425 0.00159972 1.19534e-06 1.38044e-05 4.52701e-05 3.17243e-07 0.202336 1.90621e-10 4.19839e-07 2.16802e-10 1.01491e-10 0.0148035 0.000204137 0.77751 1.33765e-10 2.11371e-05 
0.085424 0.0155809 0.0433029 0.000643794 2.36303e-09 0.000765481 0.019571 5.13396e-11 0.000890345 0.00036848 7.0723e-08 0.000294336 3.06472e-08 0.620716 3.60267e-11 0.212442 
0.131768 0.180938 0.0699483 0.00195421 0.000342306 0.00347162 0.0272623 5.37504e-05 0.00413668 0.000118516 0.008053 0.0185149 0.00121347 0.485123 0.000958139 0.0661436 
0.0315304 0.0773425 0.000808043 6.05689e-07 4.86225e-06 0.00763797 0.047886 1.41944e-05 0.0003023 0.000136592 0.000360044 0.0393496 2.61096e-05 0.775023 0.00203211 0.0175454 
0.110592 0.179052 0.0574529 8.35381e-05 0.00731822 0.107364 0.0515669 6.6024e-05 0.00166525 0.00011911 0.145085 0.0217511 0.0801522 0.194409 0.00402989 0.0392934 
0.0444525 0.117865 0.0617303 0.000166194 0.000134962 0.00645395 0.0648657 8.43644e-07 0.0187671 0.000264139 0.00723188 0.0497501 2.72247e-05 0.602963 0.000827679 0.0244994 
0.00161835 0.0298026 0.00323744 5.10217e-05 1.08091e-05 0.0115954 0.0117309 1.81053e-05 0.000847638 1.56402e-06 0.000661467 0.000486322 1.05965e-05 0.888067 3.79272e-05 0.0518234 
1.71765e-07 0.0844543 0.143453 7.88252e-08 0.000188127 0.0153344 0.157436 1.99169e-05 0.15384 0.00137462 5.19992e-07 0.00114203 6.09572e-08 0.41553 7.28253e-07 0.0272254 
0.319667 0.0637407 0.0237966 0.00242994 3.11471e-05 0.00234574 0.0426111 6.75069e-05 0.00056149 0.000364841 0.00407183 0.0058473 0.0047629 0.492033 0.0166133 0.0210564 
0.224062 0.0152605 0.000165839 8.91537e-07 1.15714e-06 0.000398329 0.0357588 2.29822e-06 0.000272421 0.000224914 0.000172479 0.0528988 1.08675e-05 0.666539 0.00129697 0.00293547 
0.0248942 0.0279882 0.0322712 1.9994e-05 9.25085e-05 9.17942e-05 0.0377007 9.45943e-06 3.87272e-05 0.00383529 0.00110302 0.000997088 3.24536e-06 0.833435 0.00416481 0.0333549 
0.0614034 0.224132 0.00137614 2.73634e-09 6.48684e-05 0.000776406 0.17554 1.96023e-06 1.4249e-09 7.75127e-05 8.20049e-05 0.00727528 7.49145e-10 0.528916 0.000243202 0.000112237 
0.186582 0.224361 0.0144648 2.32727e-05 0.00145584 0.0251603 0.0415873 0.00402157 0.00272904 0.000364871 0.0115565 0.0582366 6.24462e-05 0.384604 0.00132005 0.0434704 
0.005255 0.0147368 0.107946 3.44852e-12 4.54315e-05 8.10964e-09 0.00745672 3.38578e-12 9.95824e-07 1.81747e-08 3.40269e-08 0.00117962 0.000174821 0.853176 2.37592e-12 0.0100279 
0.00726517 5.14265e-05 0.249562 0.00692902 0.000950054 0.142429 0.0387685 4.12457e-08 0.0511911 0.00264117 0.0220467 5.57666e-05 0.000350387 0.457977 2.93291e-06 0.0197802 
0.110717 0.327808 0.0483857 0.000472409 0.000129116 0.0153414 0.0415657 3.79163e-05 0.0148957 0.000271927 0.000677744 0.0378877 0.0166513 0.353786 0.000250781 0.0311214 
0.0723937 0.105738 0.0205351 1.32927e-08 1.46512e-05 0.0703954 0.130794 1.5059e-05 0.00186825 5.85889e-05 1.92933e-05 0.210971 8.50386e-06 0.328663 0.000202429 0.0583233 
0.13883 0.0464444 0.0183304 1.26596e-06 8.72714e-05 0.0027607 0.0266767 3.00731e-05 0.00612439 0.000166659 0.00031748 7.45134e-05 0.00705113 0.718082 0.000104484 0.0349182 
0.1434 0.196117 0.0560729 7.02735e-05 0.00300145 0.034148 0.0610962 0.00612906 0.0642716 0.000305844 0.00589499 0.0236323 0.0194784 0.346595 0.00682067 0.0329654 
0.040784 0.0924847 0.138056 2.17042e-08 0.000720416 0.0165005 0.02154 1.87457e-06 0.00593818 9.3234e-06 8.60597e-05 0.00262732 3.22842e-05 0.530677 9.8798e-05 0.150443 
0.0934804 0.159293 0.0315853 8.0276e-08 2.69916e-06 0.0134414 0.0454486 9.27024e-07 0.000905403 0.00013754 0.000436786 0.0151541 2.04434e-06 0.623446 0.00167928 0.0149869 
0.249234 0.102071 0.00261066 3.74884e-06 2.14028e-06 0.00357256 0.0169193 1.34497e-07 1.67618e-06 1.55461e-05 0.000168258 0.0718039 5.77054e-06 0.549345 0.00288012 0.00136608 
0.0476886 0.0397149 0.0195379 0.00709972 0.000263794 0.0111104 0.154185 0.000131979 0.00727035 0.00299275 0.000752667 0.127165 0.00185366 0.521828 0.000591569 0.0578129 
0.0647335 0.206226 0.0278513 0.00229443 4.41051e-07 0.0104243 0.132281 4.98624e-06 0.0211856 6.46575e-05 0.000705677 0.00110718 0.00129051 0.502944 0.000518648 0.0283679 
0.116405 0.0637919 0.00241575 8.43213e-07 0.000172373 0.00747462 0.0377226 1.81758e-06 0.0123068 0.000186069 0.000451828 0.0394325 1.96692e-05 0.713578 0.002171 0.00386898 
0.010015 0.00437 0.00484431 0.0319645 0.000189567 0.00550422 0.254741 3.19676e-05 0.00585394 0.0528814 0.000104673 0.0647765 7.53531e-05 0.56099 3.89607e-05 0.003618 
0.054086 0.212715 0.00108092 8.90883e-07 1.40194e-05 0.0130545 0.0256506 1.33733e-05 0.000374445 0.000201624 0.00024303 0.0995373 4.15273e-05 0.576104 0.00254076 0.0143414 
0.0129892 0.0407399 0.277485 1.01451e-05 5.31663e-07 0.000236224 0.110195 2.3679e-09 1.70352e-06 0.000281335 7.59005e-07 0.00116611 2.86804e-05 0.551977 6.46662e-07 0.00488837 
0.0198822 0.173398 0.279025 2.97211e-11 7.87629e-07 0.207207 0.023071 1.46691e-05 0.00585435 8.3004e-08 1.66707e-06 6.00895e-08 7.25504e-08 0.280692 1.18787e-07 0.0108533 
0.119487 0.221278 0.0758498 1.97076e-08 2.53087e-06 0.014435 0.172259 5.42376e-07 0.00032342 0.000169101 0.00967843 0.0483906 9.23988e-05 0.312325 0.000484511 0.025225 
0.123085 0.0634772 0.0775371 2.31072e-05 3.98105e-05 0.0352791 0.0885064 2.11208e-05 0.00270046 0.000267977 0.00670335 0.01881 3.8228e-05 0.553353 0.000232632 0.0299255 
0.297089 0.0390101 0.0202405 0.00115127 0.00176429 0.0306325 0.133675 6.07669e-05 0.102122 0.000431601 0.0079104 0.0136481 0.00881558 0.315298 0.0102863 0.0178662 
0.0140749 0.267951 0.0284487 0.00011944 0.00015105 0.0120327 0.00585136 4.75245e-07 0.00100175 7.86288e-06 0.00345859 0.00218833 3.18983e-05 0.66248 1.10781e-06 0.00220103 
0.215473 0.278393 0.0159817 8.60238e-11 0.000118845 0.00142279 0.0100643 3.61552e-05 1.06779e-05 1.02451e-05 0.00127413 0.0178263 0.00186095 0.446337 0.00126187 0.00992886 
0.237013 0.110736 0.0545465 0.000116212 0.000142913 0.0387466 0.0606731 0.00484281 0.0137802 0.00287619 0.00705628 0.00102799 0.000119426 0.428805 0.000680145 0.0388374 
0.172208 0.00866357 0.00676716 6.09944e-08 0.0218674 0.00177121 0.00760928 4.52269e-08 0.000781515 0.000286009 0.000301101 0.000534622 0.0404428 0.735994 0.00110629 0.00166657 
0.0193133 0.0813829 0.128232 0.000499127 0.000909714 0.0137386 0.0707932 5.03865e-05 0.000886276 0.00580718 0.0765449 0.00754595 1.63029e-05 0.565714 1.7491e-06 0.0285647 
0.168656 0.236611 0.0295249 3.86179e-08 6.79628e-05 0.0610915 0.0266854 5.25399e-05 0.000451024 9.71945e-05 0.0438561 0.00686493 1.70381e-05 0.387236 0.0296186 0.00916996 
0.00980664 0.0285165 0.0319841 0.00124984 2.40915e-05 0.00872475 0.0119077 2.25727e-06 0.000352143 0.00013359 0.000421145 0.00346209 5.88228e-05 0.724075 1.65808e-05 0.179265 
0.156052 1.75816e-06 0.0087098 1.61871e-11 1.28816e-11 0.000318658 0.0125105 1.58926e-11 0.00080542 2.40421e-07 8.46244e-08 1.46875e-07 1.3828e-09 0.80375 5.35425e-08 0.0178518 
0.000341988 0.298419 0.00903654 3.88047e-10 1.72393e-07 0.249994 0.100202 6.81966e-08 0.0202466 4.97492e-07 0.00049207 0.000585095 7.41668e-08 0.31406 1.35101e-07 0.00662182 
0.0116386 0.132691 0.0122591 0.000210726 0.000605554 0.0063512 0.0524197 2.37087e-06 0.000140474 5.758e-06 0.000440231 9.29243e-05 1.85853e-05 0.78292 2.64192e-05 0.000177486 
0.0343487 0.111592 0.227753 0.0678036 0.000176066 0.0125393 0.0941635 6.22765e-06 0.00816812 0.000397718 0.0194756 0.000494529 2.02018e-05 0.405759 0.00563097 0.0116714 
0.00130405 0.179267 0.0297374 2.86329e-08 0.000981145 0.108131 0.0234716 5.64651e-06 1.58718e-08 0.0221113 0.0111502 1.75975e-06 1.20106e-05 0.623768 1.97271e-08 5.90367e-05 
0.225619 0.0738269 0.0165771 8.46394e-08 2.05599e-05 0.00174785 0.0195995 3.10575e-05 0.000163843 0.000902074 0.00178674 0.0147315 0.000888487 0.564514 0.00813324 0.0714583 
0.240715 0.0242577 0.0751624 5.8352e-05 0.00083354 0.00286455 0.0167744 1.22184e-08 0.227332 2.24039e-05 0.00220258 0.000243931 0.00692901 0.383759 0.000956632 0.0178885 
0.0902369 0.138824 0.0307863 2.29786e-05 0.00251782 0.00683762 0.0308822 1.19183e-06 0.0037803 0.000932217 8.60256e-05 0.0181436 2.10487e-05 0.598333 8.88329e-05 0.0785065 
0.00753489 0.209726 0.0932527 4.51368e-06 0.00421671 0.0194674 0.311687 7.56696e-08 0.0153778 9.93594e-07 2.79006e-05 0.000540197 7.24731e-07 0.319598 1.41328e-09 0.0185644 
0.0252789 0.101367 0.0271463 7.93223e-05 6.08763e-07 0.000935536 0.029316 5.02916e-07 1.44863e-05 0.000253368 0.00109477 0.0313503 8.2213e-06 0.756806 0.000625768 0.0257226 
0.342039 0.0578882 0.00671295 1.62894e-07 4.47776e-06 0.131688 0.0717459 3.02529e-05 0.00287792 0.00064334 0.0106401 0.00287034 7.46133e-05 0.350932 0.00014791 0.0217044 
0.038297 0.135383 0.218034 0.00304262 9.33973e-05 0.195728 0.0108869 0.000840979 0.000144499 6.97642e-08 0.0128631 0.00407479 0.033836 0.285853 0.0147947 0.0461273 
0.241759 0.035925 0.00902255 0.0311796 4.35603e-08 0.0111112 0.226414 9.71142e-08 0.00247437 0.000136274 0.0348698 3.99453e-06 2.81868e-11 0.399539 8.08091e-08 0.00756548 
0.13816 0.324721 0.010048 1.46133e-07 0.000553169 0.0375631 0.0562677 1.01219e-05 0.000261411 0.000562054 0.00059577 0.00284126 1.23964e-06 0.423969 9.61739e-05 0.00434878 
0.000800085 0.11852 0.165778 1.49873e-05 0.00118995 0.00070334 0.0203225 1.9034e-07 0.0244221 0.00518944 0.0042079 0.00135035 3.05166e-05 0.653703 0.000103694 0.00366405 
0.000771275 0.210009 0.234768 8.23915e-08 4.37154e-08 0.00376561 0.0152145 1.61235e-11 6.3792e-08 1.83381e-11 2.37748e-08 1.77147e-05 4.66079e-12 0.479503 7.37761e-05 0.0558777 
0.170617 0.212228 0.0282132 0.000220897 0.00246283 0.0867051 0.15157 4.97679e-05 0.0429315 0.000241503 0.00587449 0.00574531 0.000353919 0.265366 0.000389716 0.0270308 
0.218406 0.0143963 0.157981 6.72818e-06 2.55701e-08 0.00280192 0.0293817 6.31729e-11 5.06348e-06 1.29292e-08 0.00147147 4.64072e-05 3.31503e-05 0.563424 1.82233e-05 0.0120281 
0.00869765 0.040664 0.0108947 0.000356459 2.37384e-05 0.00572131 0.0292282 3.15435e-05 0.00206621 0.00220485 0.00534184 0.00881695 1.73754e-05 0.751998 4.46523e-05 0.133893 
0.0272484 0.165954 0.041016 0.00023131 0.000425375 0.0241132 0.170584 3.85022e-05 0.00993816 3.56833e-05 0.000493725 0.0321872 0.000101332 0.522275 0.00235201 0.00300601 
0.0316972 0.176611 0.0663993 0.000216815 0.000642796 0.0276047 0.18412 7.34637e-05 0.00920296 0.000348367 0.000748258 0.0295244 0.000436786 0.405891 1.70881e-05 0.0664659 
0.0187959 0.256875 0.0309199 6.31551e-08 4.77679e-08 0.023161 0.0118734 2.33126e-05 0.209493 2.21127e-05 0.000191607 0.000111206 0.000214959 0.378993 3.94949e-05 0.0692865 
0.0203105 0.0802873 0.00430274 4.39666e-07 6.68397e-05 0.0263221 0.0343697 1.91583e-05 0.00344704 0.000262568 0.000425286 0.0487887 0.000145354 0.717379 0.00141945 0.0624535 
0.0116807 0.211004 0.0166384 7.68755e-08 0.00219924 0.143082 0.113337 0.00309052 0.00398429 0.0016911 0.00291529 0.130486 0.00683233 0.212677 0.138719 0.00166217 
0.0149996 0.226279 0.0131734 1.86762e-07 0.00739682 0.00120277 0.0535851 1.23366e-07 0.0058362 0.0125512 0.000870548 0.0179468 7.79714e-07 0.41843 3.7094e-05 0.22769 
0.0108906 0.44233 0.000571243 1.63332e-08 0.000363713 0.0122723 0.022389 3.23079e-05 0.00061727 0.00542328 0.00288869 0.000607967 3.04744e-09 0.501613 1.32036e-08 1.22506e-07 
0.0486021 0.245273 0.177674 0.00181759 0.000544348 0.0230193 0.0670137 0.000428264 0.0360353 0.000487947 0.0164922 0.0315602 0.00706366 0.319927 0.00393075 0.0201299 
0.00905808 0.403078 0.0448814 8.61991e-12 0.000554934 0.0557565 0.0279212 3.25943e-05 0.00814138 0.000114782 0.000297287 0.01216 3.84813e-05 0.415599 0.00429219 0.0180742 
0.182184 0.182522 0.100912 0.00126038 1.09112e-05 0.00179625 0.00723051 2.65631e-06 0.00281691 0.000301171 0.19459 0.000268396 1.49658e-05 0.302574 0.000680377 0.0228357 
0.29829 0.0785807 0.0151233 1.68406e-09 6.51441e-06 0.000743651 0.0278077 0.000123708 0.000154227 0.000495901 0.00387977 0.17804 0.0012294 0.318507 0.0235125 0.0535058 
0.0985331 0.133 0.00474813 5.87738e-08 6.13054e-05 0.0181547 0.0300138 2.0714e-05 0.00319256 0.0307266 0.000240667 0.0458835 1.02341e-05 0.606187 0.0204085 0.00881933 
0.0122267 0.0942942 0.0905464 0.087761 0.000709093 0.0450193 0.182788 0.000988217 0.0330647 0.00094216 0.0013445 0.020864 0.000146088 0.410019 0.000151097 0.0191351 
0.0448537 0.248415 0.212173 0.00245439 0.00227346 0.00852073 0.0575939 6.45204e-05 0.0831636 0.00263177 0.00264997 0.0210652 0.00283007 0.266909 0.00071148 0.0436898 
0.0102598 0.201991 0.0631371 0.000314534 0.000215509 0.0116572 0.0275763 5.22105e-08 0.0274183 5.78696e-06 0.000265005 0.00119868 1.79973e-06 0.645291 1.18251e-05 0.0106559 
0.00497337 0.315532 0.0581159 9.56743e-05 0.000196961 0.037711 0.126486 3.6072e-06 0.00906818 3.1767e-05 0.00168133 0.000696533 2.47444e-05 0.427226 1.82683e-06 0.0181548 
0.116971 0.0639403 0.0451368 5.9898e-06 0.0012137 0.0390558 0.0332579 0.000187496 0.000238333 0.000125509 0.000219927 0.0498925 8.99547e-06 0.537917 6.03779e-05 0.111768 
0.165971 0.176289 0.105391 0.000194482 3.20868e-05 0.0203631 0.0474293 3.47925e-05 0.00133037 0.000488295 0.0083711 0.0113364 0.00839083 0.440046 0.00217228 0.0121595 
0.0155897 0.0522141 0.000496744 7.52207e-08 3.93566e-08 0.025656 0.0815644 6.82467e-08 0.00775348 0.107539 0.000313935 0.153727 3.57739e-05 0.473421 0.0714271 0.010262 
0.0896147 0.185822 0.065924 4.20204e-05 0.000236303 0.077668 0.0313662 0.000192538 0.00273544 0.00627416 0.018458 0.00668298 0.000262837 0.485535 0.0049592 0.0242267 
0.156052 1.75816e-06 0.0087098 1.61871e-11 1.28816e-11 0.000318658 0.0125105 1.58926e-11 0.00080542 2.40421e-07 8.46244e-08 1.46875e-07 1.3828e-09 0.80375 5.35425e-08 0.0178518 
0.00559375 0.0946942 0.0139496 2.54044e-06 3.05361e-08 0.0280184 0.275042 7.08881e-06 0.0327746 0.000229192 0.000223334 0.00105358 2.54485e-05 0.544898 0.000120002 0.0033684 
0.0390521 0.188867 0.0506085 0.0455937 0.00119985 0.0090997 0.0971232 0.000185279 0.00696433 0.000243328 0.000961323 0.033979 0.00197073 0.417685 0.000650309 0.105817 
0.00545281 0.0827379 0.259095 6.1398e-05 0.00301009 0.0443907 0.286781 8.82911e-07 1.29543e-06 1.8735e-07 0.00571082 0.00385428 0.000377472 0.287605 0.000240286 0.0206811 
0.0498042 0.0589617 0.0169397 0.000639984 3.00591e-08 0.00516349 0.0834592 1.98232e-08 0.000361924 0.00124514 1.38662e-05 0.0209582 4.11666e-06 0.737382 0.000205798 0.0248609 
0.110847 0.109681 0.0278495 4.04408e-07 0.0119481 0.167124 0.0664946 3.93416e-05 0.0130776 0.00516569 0.000752955 0.0298042 0.000463817 0.381558 0.000570492 0.074623 
0.0738568 0.203261 0.00403997 7.70147e-08 7.70332e-08 0.0141376 0.093605 0.00036205 0.00148723 3.08785e-05 0.00329045 0.0308901 0.000400888 0.571179 0.00288147 0.000578239 
0.0479338 0.111666 0.203651 5.09723e-05 0.000360692 0.000453396 0.0178806 1.8859e-06 0.00466305 0.104068 0.000375042 0.0589551 7.30347e-06 0.317977 5.39235e-05 0.131902 
0.0462655 0.34785 0.0363888 0.0012477 0.00107246 0.0137053 0.0895531 6.39322e-05 0.00250301 0.0125151 0.00760846 0.0287812 0.00253639 0.373648 0.00397925 0.0322819 
0.249234 0.102071 0.00261066 3.74884e-06 2.14028e-06 0.00357256 0.0169193 1.34497e-07 1.67618e-06 1.55461e-05 0.000168258 0.0718039 5.77054e-06 0.549345 0.00288012 0.00136608 
0.067069 0.242429 0.174405 6.30117e-10 5.01441e-10 0.090094 0.050295 5.31287e-07 1.41957e-06 0.0010623 1.71044e-06 4.88301e-07 2.98903e-07 0.262852 4.3413e-10 0.111789 
0.0155897 0.0522141 0.000496744 7.52207e-08 3.93566e-08 0.025656 0.0815644 6.82467e-08 0.00775348 0.107539 0.000313935 0.153727 3.57739e-05 0.473421 0.0714271 0.010262 
0.03214 0.434267 0.00529172 1.899e-06 0.00137083 0.00358274 0.0178867 2.75315e-06 0.000293242 3.90938e-05 0.0028181 0.000636077 6.15484e-07 0.462025 0.000700376 0.0389433 
0.00128466 0.0318609 0.000864041 2.87609e-10 2.185e-08 0.00344005 0.00140042 3.08055e-06 5.02674e-05 4.37376e-07 0.000130242 4.98789e-05 3.30447e-06 0.949355 3.31182e-05 0.0115241 
0.0527362 0.0532555 0.0525839 2.66531e-05 9.64512e-06 0.0303892 0.0418515 0.000140279 0.039099 0.00528014 0.00654868 0.00976548 0.00193402 0.619057 0.00567476 0.081648 
0.0553137 0.10663 0.0503948 6.1446e-07 9.68513e-05 0.0353369 0.13215 3.02007e-06 0.00236483 0.000876437 0.0172825 0.0576662 1.79818e-05 0.520972 0.0185319 0.00236226 
0.0254268 0.120504 0.0442161 0.000103634 0.000677641 0.0270018 0.0613992 3.40424e-05 0.0034209 0.00280001 0.00197585 0.0106246 2.91254e-05 0.683452 0.001312 0.0170222 
5.47504e-07 0.230498 0.295466 1.27452e-05 1.9214e-05 0.00232937 0.00580746 7.37755e-09 0.00768657 3.13696e-05 2.40076e-05 0.00458269 4.74333e-06 0.346922 1.90593e-06 0.106613 
0.0754197 0.0907469 0.14982 0.0206819 0.00119321 0.0206846 0.0830709 2.30185e-05 0.0580956 0.00100432 0.00186501 0.0189487 0.000728665 0.456706 0.00348289 0.0175287 
0.0176674 0.0539546 0.0696023 0.0001541 4.95826e-08 0.00726437 0.13041 1.91598e-11 0.0732536 0.0092408 1.6354e-05 0.000285655 2.98001e-05 0.635485 3.85143e-05 0.0025974 
0.0155897 0.0522141 0.000496744 7.52207e-08 3.93566e-08 0.025656 0.0815644 6.82467e-08 0.00775348 0.107539 0.000313935 0.153727 3.57739e-05 0.473421 0.0714271 0.010262 
0.0239833 0.140702 0.0181362 5.17726e-05 0.000162969 8.28665e-05 0.0166324 0.000165704 0.00434639 3.86382e-07 7.62208e-08 0.00536669 9.10053e-07 0.535177 3.33203e-08 0.255191 
0.267021 0.176561 0.0395165 1.94468e-05 3.57572e-05 0.00763473 0.0261299 7.98685e-05 0.00219926 0.000451862 0.00465637 0.0092726 0.00145975 0.394075 0.00616287 0.064725 
0.124731 0.132515 0.150319 1.49841e-05 0.00010954 0.00169347 0.0354951 2.24926e-05 0.00140732 0.000924817 0.00128605 0.0199449 0.00363961 0.462826 0.0190588 0.0460117 
0.0317078 0.163462 0.104835 0.00178379 0.000917181 0.0481508 0.0851543 0.000167703 0.0422077 0.00365553 0.00980844 0.0191872 0.00125967 0.452567 0.00053388 0.0346021 
0.139787 0.0507759 0.0497012 3.65451e-06 0.000132622 0.0145114 0.312354 9.0256e-05 0.00101687 0.00119863 0.00798716 0.00487928 0.00282141 0.385705 0.0221652 0.00687062 
0.0196409 0.0743739 0.0119909 5.24753e-07 0.00228092 0.00309384 0.0137284 1.94872e-05 0.00219149 0.00124662 0.0250335 0.000309073 8.0825e-10 0.496677 0.000344792 0.349068 
1.59859e-05 0.147617 0.175246 1.00517e-08 8.52451e-06 0.00294465 0.0204716 4.11039e-07 0.00019034 8.19884e-07 0.000754429 0.0800216 3.97104e-06 0.567183 0.000164237 0.00537796 
0.000428655 0.00793655 0.0594824 1.17116e-05 0.000296774 0.315876 0.00234329 7.39773e-07 8.2201e-05 1.13887e-06 0.0227639 1.84005e-05 6.7223e-05 0.590456 1.86355e-05 0.000216404 
0.0097538 0.200223 0.121872 0.000274055 0.00414421 0.0338388 0.0810618 0.000162007 0.00334745 8.28129e-05 0.00345896 0.0141235 0.000244219 0.443635 0.00479233 0.0789859 
0.28969 0.125207 0.0150817 1.16579e-06 0.00911712 0.0114307 0.0683707 7.31531e-07 0.0753847 1.35664e-07 0.00169312 0.00434805 2.90948e-08 0.310084 0.00266609 0.0869247 
0.284147 0.0191924 0.00378081 6.14478e-12 0.0571387 0.000495419 0.00176207 6.03299e-12 0.000690958 1.7687e-05 0.00100345 0.000634664 0.000352683 0.629342 6.57117e-05 0.00137733 
0.166649 0.0278962 0.000142879 6.02347e-09 4.0915e-09 0.00087373 0.0782676 1.87871e-06 1.70234e-08 4.06876e-05 0.000207273 0.0224839 4.24922e-06 0.699812 0.00332216 0.000298476 
0.048265 0.175019 0.0163252 6.59485e-07 2.41531e-05 0.012365 0.0760655 1.88492e-05 0.000739658 0.00266819 0.00131851 0.116686 6.0026e-05 0.503844 0.000622551 0.0459774 
0.0190672 0.116246 0.203294 1.83662e-08 6.57021e-05 0.00560385 0.0636386 0.0962732 0.00216862 0.000278751 0.0665602 0.0264588 0.000136542 0.366072 0.000461336 0.0336752 
0.0625921 0.14964 0.00974054 0.000854066 0.00134645 0.011108 0.0490773 1.80159e-05 0.000403646 1.52679e-05 0.000125598 0.00882689 0.0358077 0.663651 0.000362278 0.0064303 
0.00345451 0.175938 0.0144149 3.5615e-10 1.19956e-05 0.215128 0.07586 1.13945e-05 0.00273986 0.109936 0.0129383 0.0170114 4.21168e-05 0.328903 5.84896e-05 0.0435515 
0.054616 0.285331 0.086723 0.000293301 0.00202981 0.0255364 0.079207 0.000667783 0.00923864 0.00511384 0.00531463 0.0265627 0.00167297 0.377614 0.00310485 0.0369744 
6.26034e-07 0.0926541 0.410079 5.88178e-11 0.000314409 0.0447215 0.00394747 2.32763e-07 1.19604e-05 4.66666e-05 0.00199641 3.92329e-08 5.62821e-05 0.440676 1.02252e-05 0.00548529 
0.00514129 0.368744 0.0409102 6.05537e-07 0.000294147 0.0160973 0.073934 9.13869e-07 7.58297e-07 4.35142e-07 0.000224718 0.0438128 1.05157e-05 0.443347 2.08566e-06 0.00747889 
0.0506393 0.198701 0.180002 9.09182e-06 0.000236881 0.0156982 0.0375682 0.000378841 0.00652766 0.000877009 0.0273697 0.0129888 0.0107037 0.334385 0.0186665 0.105248 
0.124502 0.0581841 0.00342204 4.50479e-08 3.06084e-08 0.00437836 0.0420539 4.02022e-06 2.98908e-07 0.000178889 0.00187919 0.00802143 1.23339e-08 0.744389 0.0009989 0.0119879 
0.00115758 0.0640275 0.0130224 3.81654e-11 3.03717e-11 0.00908403 0.268972 2.88776e-08 0.114795 0.00104351 1.16036e-07 0.00264793 4.65853e-06 0.485067 7.55006e-05 0.0401026 
0.00470419 0.0272152 0.00275703 0.000163566 4.93704e-07 0.00837916 0.0305197 7.61812e-05 6.16167e-09 1.43164e-06 3.38401e-06 0.0514909 1.21127e-07 0.822004 3.86429e-05 0.0526462 
0.0625352 0.0310772 0.267587 0.000313964 0.000238016 0.00866675 0.179201 2.3266e-05 0.00408813 5.6413e-05 0.00257681 0.00978396 0.000984165 0.411676 0.00175131 0.019441 
0.000510737 0.0441201 0.0156867 8.47742e-11 4.97681e-05 0.00168308 0.173936 8.2273e-08 1.83013e-06 0.000564047 1.32915e-07 1.78506e-07 3.76533e-05 0.763141 5.84066e-11 0.000268845 
0.0239154 0.0688492 0.394603 7.72619e-07 0.000206289 0.00407073 0.0348149 3.13789e-05 0.000161054 1.78393e-05 0.00736038 0.0116212 0.000548501 0.408399 0.00863893 0.0367612 
0.156052 1.75816e-06 0.0087098 1.61871e-11 1.28816e-11 0.000318658 0.0125105 1.58926e-11 0.00080542 2.40421e-07 8.46244e-08 1.46875e-07 1.3828e-09 0.80375 5.35425e-08 0.0178518 
0.0367702 0.0944617 0.000695887 1.94779e-05 0.00125714 0.152297 0.00866272 0.000261843 0.000688005 0.000650423 0.0015954 0.000770899 0.0144363 0.606851 0.0245477 0.0560342 
0.224062 0.0152605 0.000165839 8.91537e-07 1.15714e-06 0.000398329 0.0357588 2.29822e-06 0.000272421 0.000224914 0.000172479 0.0528988 1.08675e-05 0.666539 0.00129697 0.00293547 
0.109432 0.214244 0.0505532 0.000274295 0.00442261 0.0248575 0.0320534 0.0535238 0.00259976 0.000236914 0.00770915 0.00138206 0.000936433 0.327967 0.000233948 0.169575 
0.0947161 0.101458 0.172341 0.00159197 0.000280642 0.0124569 0.0324268 5.67817e-06 0.00962503 0.000500971 0.0442631 0.00612498 0.000226048 0.482549 0.0137933 0.0276403 
0.0586017 0.00460178 0.000866727 0.00420148 3.24131e-06 0.000105222 0.315392 6.82557e-10 0.00395877 4.2592e-05 0.000191077 0.00264738 5.68723e-07 0.608916 4.65138e-06 0.000467196 
0.0166876 0.165921 0.0370072 3.69954e-11 7.13269e-05 0.00394803 0.0498815 8.05399e-06 0.0012448 0.000358636 8.81914e-05 0.0187076 5.66578e-06 0.695269 0.00415794 0.00664326 
0.130258 0.0585466 0.183294 0.000164251 0.000129642 0.0032521 0.0490904 2.99549e-05 0.00601353 0.00119236 0.00532474 0.0158083 0.0140737 0.495714 0.000149129 0.0369595 
0.00428841 0.0236417 0.241175 1.08208e-09 2.28219e-05 0.00190473 0.0494658 9.97938e-08 0.00459376 1.959e-05 0.000151076 0.088337 4.0492e-06 0.562172 1.12199e-05 0.0242136 
0.188538 0.344084 0.0159226 0.000901264 0.000738311 0.00313035 0.0405599 1.86178e-06 5.34544e-05 8.84729e-05 0.00054425 0.000516633 1.65989e-05 0.400869 1.29684e-05 0.00402231 
0.26455 0.165555 0.089158 0.000155554 0.00024088 0.0198503 0.0253685 5.33686e-05 0.00228492 0.000218898 0.000501626 0.0180162 0.00306611 0.297891 5.68458e-05 0.113033 
0.0227713 0.0394715 0.00495934 9.35418e-08 3.82183e-08 0.0276617 0.0560991 6.62703e-08 0.00670413 0.0645249 0.000188406 0.0922365 2.1483e-05 0.633733 0.0428573 0.00877165 
0.188538 0.344084 0.0159226 0.000901264 0.000738311 0.00313035 0.0405599 1.86178e-06 5.34544e-05 8.84729e-05 0.00054425 0.000516633 1.65989e-05 0.400869 1.29684e-05 0.00402231 
0.0967107 0.169607 0.0214632 7.4626e-07 0.00117427 0.0127765 0.0899614 3.46002e-05 0.000246104 0.000146268 0.00276083 0.0249341 1.61985e-05 0.57109 0.00258137 0.00649669 
0.000125906 0.00032352 0.334749 6.60658e-05 6.23288e-05 0.0133619 0.0447051 1.19859e-06 0.011142 0.0673535 7.77543e-05 8.90087e-05 6.68549e-06 0.481326 3.3231e-06 0.0466072 
0.00513238 0.121267 0.215223 2.21828e-10 0.00434238 0.00974483 0.124159 6.03219e-08 4.41603e-05 3.68341e-05 0.00276367 0.00138056 1.48045e-05 0.513764 0.000930286 0.00119681 
0.0282809 0.0125662 0.0225908 9.34272e-09 0.0154727 0.0666727 0.359306 5.96434e-06 0.00926671 0.0175579 0.00544692 0.0070013 9.62383e-06 0.434362 0.00179272 0.0196677 
0.00542928 0.24673 0.195227 8.17554e-08 0.00020229 0.0761914 0.16506 5.13396e-08 0.000164608 2.66578e-07 7.83362e-05 0.04059 3.93251e-06 0.256789 0.000496363 0.0130372 
0.185801 0.156197 0.189636 0.00380763 2.11469e-06 0.0245493 0.0345006 2.11421e-06 0.02602 2.11388e-06 2.11536e-06 0.00931365 2.11595e-06 0.287844 0.00465499 0.0776665 
0.0399624 0.192172 0.0482111 1.90282e-08 7.44159e-05 0.0800544 0.132305 1.41381e-05 0.000291211 0.00047858 0.0093288 0.0298274 0.00019035 0.462226 0.00042823 0.00443661 
0.022378 0.14716 0.0805396 0.11605 6.25691e-05 0.0310601 0.173898 0.00201309 0.00344573 0.00761789 0.00199967 0.0327828 0.00142847 0.33856 0.0296125 0.0113919 
0.0599854 0.0828082 0.0123076 5.28428e-05 0.038964 0.0859891 0.0782321 8.31035e-05 0.107967 0.00127782 0.000753364 0.0186041 0.00532069 0.492386 0.00126483 0.0140037 
0.007402 0.235717 0.280719 1.55272e-07 0.00325193 0.0068292 0.0458659 9.46207e-07 0.0147125 6.58996e-05 0.000516263 0.00123978 3.23138e-05 0.392416 0.000942424 0.0102884 
0.0330429 0.0755196 0.200091 0.00232732 0.000330305 0.0306555 0.0561919 0.000682447 0.0105309 0.00120134 0.0070804 0.00408413 0.000973611 0.465548 0.00226145 0.10948 
0.163137 0.260063 0.00563169 1.31933e-07 0.00272942 0.00128846 0.0167121 5.82172e-06 2.24782e-05 8.95611e-06 0.000879041 0.00368327 1.74087e-05 0.543663 4.90681e-05 0.00210957 
0.0435062 0.152823 0.0819836 0.00555597 0.00772743 0.0803553 0.119195 4.67376e-05 0.0117209 0.000682917 0.00310779 0.0059848 0.013975 0.419231 0.000185171 0.0539187 
0.156052 1.75816e-06 0.0087098 1.61871e-11 1.28816e-11 0.000318658 0.0125105 1.58926e-11 0.00080542 2.40421e-07 8.46244e-08 1.46875e-07 1.3828e-09 0.80375 5.35425e-08 0.0178518 
0.027726 0.131507 0.0112026 3.37005e-09 2.83943e-09 0.0178931 0.0517672 9.72401e-09 0.0148344 6.78827e-08 0.000152376 0.00098673 2.93457e-05 0.700487 1.29624e-08 0.0434132 
0.0154885 0.0863761 0.0868514 6.65532e-06 0.00334561 0.146771 0.0505321 0.000105342 0.00446653 0.000174619 9.59208e-05 0.0721128 0.000105536 0.508651 0.00031767 0.0245988 
0.0663228 0.162681 0.0250482 3.43507e-05 2.09858e-05 0.002967 0.05656 0.00155774 0.00798879 0.0145195 0.00124744 0.0320448 0.00291364 0.311497 0.00601517 0.308581 
0.0994879 0.122488 0.141038 7.29472e-06 0.000241828 0.00245264 0.0610671 3.82537e-06 0.00769946 0.00103097 0.000296707 0.0119305 3.05221e-05 0.526607 0.00261619 0.0230023 
0.0720333 0.0316271 0.190521 9.54443e-07 9.54673e-07 0.035348 0.0279965 9.54456e-07 0.00468015 9.54307e-07 9.54977e-07 9.55382e-07 9.55241e-07 0.622595 9.54792e-07 0.0151911 
0.0413673 0.209704 0.119506 0.000582828 0.00097249 0.132803 0.0459797 0.00194117 0.00469347 0.000447398 0.00838793 0.0155461 0.0365262 0.345324 0.000809362 0.035408 
0.172208 0.00866357 0.00676716 6.09944e-08 0.0218674 0.00177121 0.00760928 4.52269e-08 0.000781515 0.000286009 0.000301101 0.000534622 0.0404428 0.735994 0.00110629 0.00166657 
0.0285893 0.0514472 0.126757 4.30633e-05 0.000675451 0.0337657 0.0728651 1.16553e-05 0.00117984 0.00166375 0.00972451 0.00107662 0.0152273 0.582089 0.0133638 0.0615202 
0.0554484 0.160842 0.0468542 4.71164e-09 2.17251e-08 0.00107452 0.0328467 2.88825e-08 0.000173776 2.3976e-07 0.000315584 0.0100816 6.36251e-06 0.397662 2.0673e-08 0.294694 
0.0199261 0.199941 0.152389 4.65618e-09 3.70534e-09 0.0358393 0.161924 0.00197291 0.0100864 0.0031946 0.0216156 0.00244922 4.6942e-05 0.33984 6.07069e-05 0.0507142 
0.126893 0.036191 0.00771724 2.01376e-07 0.000196068 0.00783569 0.031933 7.09475e-06 9.15728e-08 6.34032e-06 0.000235033 0.00996823 6.35523e-05 0.757545 0.00887273 0.0125364 
0.0175042 0.158415 0.180076 6.3979e-08 0.00148529 0.0276615 0.071396 0.000136429 0.057495 0.000345127 0.00251806 0.00066756 6.92213e-05 0.36073 9.8383e-05 0.121402 
0.0433729 0.0313283 0.00773924 4.98915e-06 2.73092e-06 0.0457112 0.0791232 3.12878e-09 0.0313384 1.47202e-06 2.1641e-06 0.00406009 8.40444e-06 0.755653 1.53224e-06 0.00165265 
0.0722601 0.194177 0.0671014 0.00126748 0.00226391 0.0833769 0.0855298 0.000215726 0.0024905 0.000836812 0.00337841 0.0356526 0.000667337 0.354888 0.000608201 0.0952859 
0.00349734 0.0849316 0.0335476 0.00122375 0.000225493 0.00138828 0.0393169 5.11682e-06 0.00734512 4.95565e-05 0.000443559 0.00565805 2.90519e-05 0.785068 9.68879e-06 0.0372611 
0.030617 0.164085 0.0892179 4.41294e-07 0.000925299 0.122024 0.18708 0.000133033 0.0145153 0.00026992 0.00315919 0.0296342 5.0428e-06 0.335125 0.000222293 0.0229862 
0.101525 0.174649 0.00110113 5.00089e-08 8.58019e-05 0.0166643 0.0370873 2.89783e-05 0.00310156 0.0430163 0.000336894 0.0642365 1.43152e-05 0.519424 0.0285712 0.0101579 
0.0409303 0.342317 0.0031222 1.61258e-05 3.19811e-05 0.00922194 0.0626163 3.76552e-05 9.68533e-09 0.000157412 0.000491172 0.0395119 8.12936e-06 0.473686 0.027622 0.000230193 
0.029437 0.120703 0.0969491 9.14163e-08 1.37512e-07 0.0689879 0.024621 4.28596e-05 0.00227255 0.0282915 0.000347414 0.00504185 2.52148e-05 0.325361 0.000138003 0.297781 
0.0807942 0.119036 0.100122 0.000603992 0.000115721 0.0102721 0.125898 0.00134518 0.00257159 0.000757134 0.00392433 0.00905797 0.00553926 0.437198 0.0109759 0.0917892 
0.00526338 0.276975 0.0330652 3.9007e-12 8.71789e-08 0.0308014 0.185687 1.55004e-06 0.000915482 0.000195855 0.000564099 0.0120523 2.50761e-06 0.433681 0.0136172 0.00717802 
0.248119 0.119656 0.0492951 3.18105e-05 0.000316535 0.0314178 0.111408 1.17142e-05 0.000390606 0.000155328 0.00740671 0.0144749 0.000256195 0.400303 0.00600704 0.0107504 
0.0464087 0.319093 0.0870453 7.33002e-05 0.000652918 0.0198075 0.0989255 1.08931e-05 0.00220457 0.000363082 0.00572661 0.00736057 0.000157819 0.391769 0.00119733 0.0192035 
0.173249 0.0397844 0.0386008 0.00024953 2.87298e-05 0.00579042 0.179818 1.20217e-05 0.00205691 0.126992 0.00161613 0.0201831 0.000151624 0.391062 0.00014513 0.0202601 
0.156052 1.75816e-06 0.0087098 1.61871e-11 1.28816e-11 0.000318658 0.0125105 1.58926e-11 0.00080542 2.40421e-07 8.46244e-08 1.46875e-07 1.3828e-09 0.80375 5.35425e-08 0.0178518 
