0.0234762 0.174978 0.21668 0.00265714 0.00736956 0.075022 0.171962 0.000227525 0.0146565 0.00303855 0.0311868 0.028894 0.000494863 0.200605 1.63305e-05 0.0487357 
0.0033349 0.117976 0.0469393 0.000190451 0.0083934 0.69927 0.0795031 0.00220652 0.00106465 0.00913365 0.00705674 0.002955 5.6699e-05 0.00892033 7.57815e-06 0.0129918 
0.0222557 0.0971569 0.204433 5.12901e-05 0.000837628 0.107936 0.115514 0.000148549 0.00578723 0.0277144 0.00747361 0.0211597 0.000214227 0.373805 1.04567e-08 0.0155132 
0.00119029 0.000713534 0.000712967 1.58072e-05 1.25793e-05 0.993629 0.00177943 5.56108e-05 0.000357346 0.000188896 0.000401495 3.89165e-05 8.35492e-05 0.000562102 1.08907e-05 0.000247748 
0.0174988 0.0163373 0.110957 1.09111e-05 0.00116678 0.0307923 0.272285 1.0707e-06 0.119473 0.268874 0.00882622 0.00494038 3.46891e-05 0.119569 4.22279e-07 0.0292347 
0.000347986 0.00366787 0.00884286 6.26704e-07 8.39224e-05 0.924468 0.0229272 1.38468e-05 0.0045064 0.00437903 0.00161523 0.000507528 3.05122e-05 0.021505 4.31778e-07 0.00710358 
0.0506178 0.0641961 0.212668 4.40829e-05 0.000365909 0.357465 0.00235189 0.0293129 0.00112509 0.00020729 0.00135609 7.61711e-05 0.000120763 0.159452 3.21661e-05 0.120608 
0.0117829 0.261627 0.26299 0.062798 0.0169211 0.0340408 0.0314934 0.263073 0.00133051 0.00130153 0.0128239 0.000234369 0.00023158 0.021134 0.000107396 0.0181105 
0.232938 0.199085 0.0850239 0.00155702 0.00511649 0.0445469 0.0560874 0.0194528 0.0135625 0.00222675 0.00417826 0.0194147 0.00190288 0.206037 0.00152728 0.107343 
0.604591 0.145471 0.0215539 0.000536785 0.00132583 0.00532204 0.0348679 2.35204e-05 0.000362511 0.000436685 0.00116658 0.00624623 5.25837e-05 0.172474 1.09643e-05 0.0055581 
2.47181e-05 0.00321836 0.0276935 9.84354e-05 0.00428625 0.880006 0.0100861 0.000939384 7.26879e-06 5.13586e-05 0.000172298 7.90367e-06 4.13167e-05 0.0712446 1.48241e-08 0.0021221 
0.0574254 0.174012 0.0891412 0.000422083 3.23032e-05 0.0395663 0.0221303 5.13195e-05 0.00112372 0.00023096 0.000921143 0.00404743 9.13171e-05 0.15589 1.39543e-05 0.4549 
0.0129793 0.765928 0.0729785 1.40756e-07 4.13877e-09 0.00538505 0.0165354 4.42602e-12 0.0128844 6.58853e-06 9.82458e-05 0.00017342 6.94402e-06 0.0695427 3.10589e-12 0.0434811 
0.0135719 0.269503 0.634965 0.000224957 6.27447e-05 0.00841517 0.00883962 0.00683913 0.000131191 0.000291306 0.00270479 0.00371104 0.000549653 0.0267998 3.77357e-05 0.0233536 
0.0277756 0.0967405 0.297913 0.00491238 0.0399253 0.432509 0.0503504 1.48517e-05 0.00179769 0.00225329 0.0276531 0.000154759 0.00133186 0.0119842 3.0739e-10 0.0046849 
0.012917 0.0140703 0.0467494 0.000854233 0.00319993 0.247285 0.141456 1.61612e-10 0.118142 1.83809e-10 0.389451 0.000278675 0.000230167 0.0206586 1.13409e-10 0.00470761 
0.0154032 0.0076237 0.0449617 0.000821365 0.14458 0.0309417 0.00480986 0.000527004 9.02244e-05 8.24641e-05 0.109678 0.0882665 0.536752 0.00472314 3.66213e-08 0.0107395 
0.570468 0.0479165 0.00704882 4.76249e-05 0.256459 0.00439572 0.0495227 3.94319e-05 0.000760367 4.30205e-05 0.000170643 0.00712429 0.000100784 0.0508382 1.89152e-05 0.00504577 
0.0574254 0.174012 0.0891412 0.000422083 3.23032e-05 0.0395663 0.0221303 5.13195e-05 0.00112372 0.00023096 0.000921143 0.00404743 9.13171e-05 0.15589 1.39543e-05 0.4549 
0.0134061 0.147547 0.125815 2.29782e-06 0.0118901 0.42918 0.127609 2.48357e-05 0.00257852 0.00414553 0.00710188 0.00843806 0.000250858 0.0502141 8.8589e-08 0.0717962 
0.00373871 0.287574 0.0546173 1.52616e-07 0.159665 0.132926 0.192991 8.35977e-08 9.14837e-07 5.22483e-05 0.0374 0.000680281 0.000225419 0.130108 2.22572e-10 2.14829e-05 
0.00930002 0.139671 0.0972006 0.0152689 0.00108097 0.56263 0.0477634 0.000886287 0.00207365 0.000934798 0.00689392 0.00120097 0.000183975 0.108299 9.8078e-05 0.00651435 
0.0660145 0.0459608 0.101445 6.60658e-07 6.55943e-07 0.654902 0.0698193 8.07745e-08 4.25538e-06 0.00345029 0.00738735 0.00133384 0.000194585 0.0452013 7.68649e-10 0.00428575 
0.000390029 0.0545917 0.0391462 3.29824e-08 0.000222586 0.00274519 0.217209 2.1497e-05 0.541778 2.34208e-06 0.00306798 0.00240992 4.90727e-06 0.137611 7.32375e-09 0.000799746 
0.0304684 0.166745 0.00859684 1.58453e-08 0.000319199 0.0123956 0.00258869 6.86773e-05 0.000117399 0.00120428 0.000143405 0.000210878 0.000136105 0.685933 1.09169e-08 0.0910719 
0.747247 0.089898 0.0115206 1.20029e-12 6.60457e-05 0.0144949 0.037716 2.18998e-05 0.000471409 2.33689e-05 0.00104747 0.000126097 5.63567e-05 0.0920847 8.2696e-13 0.00522658 
0.0905463 0.0968895 0.15164 0.00331617 0.0123391 0.02185 0.145 0.000222485 0.00413359 0.00463945 0.414951 0.00772948 0.00033666 0.0414728 0.000148524 0.0047858 
0.00640732 0.437616 0.151828 0.000118928 0.000280946 0.0263992 0.0411083 0.000178093 0.00354817 0.00979672 0.000707151 0.00143686 0.00358661 0.31459 1.25795e-05 0.00238496 
0.0340764 0.0155214 0.0281204 2.61565e-10 1.82903e-05 0.597597 0.290009 0.000289722 0.00105715 1.30321e-07 0.00726306 0.00144735 0.000206427 0.0104609 1.80209e-10 0.0139321 
0.0574254 0.174012 0.0891412 0.000422083 3.23032e-05 0.0395663 0.0221303 5.13195e-05 0.00112372 0.00023096 0.000921143 0.00404743 9.13171e-05 0.15589 1.39543e-05 0.4549 
0.0618518 0.0723172 0.0188042 0.00544117 0.0140605 0.379712 0.0789977 0.0207707 0.00480746 0.0461661 0.126135 0.00330367 0.0382356 0.0611838 0.00206725 0.0661465 
0.716626 0.104083 0.0154656 0.000432719 0.00100306 0.00385791 0.0249999 2.55119e-05 0.000281229 0.00035765 0.000874369 0.00453082 4.4811e-05 0.123389 1.23862e-05 0.00401619 
0.0715487 0.0675709 0.0145594 0.000121321 0.007036 0.0472131 0.349089 9.96561e-05 0.0128757 0.0951857 0.011474 0.070743 0.000346412 0.166754 2.16251e-05 0.0853613 
0.00157753 0.0122675 0.117412 1.16339e-05 3.24294e-07 0.251206 0.372934 0.0005892 3.8208e-06 6.8398e-05 0.00209103 0.000153903 2.86815e-06 0.216197 2.1496e-10 0.0254845 
0.887884 0.0469569 0.00122019 6.21365e-13 0.000132064 0.000377629 0.00143717 9.77405e-06 2.18289e-05 1.6985e-09 0.000203831 6.88491e-05 6.11422e-06 0.0589484 4.281e-13 0.0027337 
0.0516169 0.194887 0.222289 0.000209887 0.00267091 0.25633 0.0485632 0.00669109 0.0458962 0.0264052 0.0101228 0.0433678 0.00723657 0.00854005 0.000150672 0.0750226 
0.362905 0.0595138 0.0182749 3.23533e-07 0.000255189 0.484191 0.0217877 0.000356866 0.00250548 1.759e-06 0.00265366 0.00852896 8.77535e-08 0.0128501 9.24549e-09 0.0261752 
0.00602432 0.495741 0.172813 0.00197348 0.00142475 0.0611 0.0538956 0.0281887 0.0013198 0.0160432 0.0023936 0.0165054 0.000449704 0.139502 0.000159788 0.00246537 
0.0300075 0.299912 0.223858 1.93204e-06 4.70478e-07 0.00293719 0.356235 5.78016e-07 2.02482e-06 0.000280785 0.00681734 0.0441722 1.24772e-05 0.0321476 1.69933e-10 0.0036151 
0.00582457 0.129282 0.00173197 5.24602e-08 4.40116e-05 0.20308 0.0501783 0.0536604 7.56627e-06 5.858e-08 4.62275e-05 9.20744e-06 1.33507e-06 0.512555 3.61433e-08 0.0435789 
0.00580341 0.0584738 0.0434789 0.000826022 0.000233165 0.639686 0.135042 0.00140001 0.00513207 0.000776039 0.000616367 0.000640087 0.000294115 0.0759846 9.33277e-05 0.0315201 
0.000541138 0.00118225 0.00250519 3.66028e-06 8.63772e-07 0.0401155 0.011183 6.60474e-07 0.933988 2.03511e-07 0.00389932 4.33292e-08 3.22138e-05 0.00618456 4.11851e-10 0.000362995 
0.00660819 0.0947573 0.0161687 6.96532e-05 3.88897e-05 0.697227 0.013139 5.7772e-05 0.133703 0.000106683 0.0143822 0.00183779 0.000986984 0.0192563 2.64294e-05 0.00163439 
0.0124659 0.424757 0.0566684 0.00376047 0.00170648 0.0732169 0.265935 1.15145e-05 0.00748919 0.000797251 0.00043646 0.00243449 7.80691e-05 0.132618 4.63575e-08 0.0176253 
0.00422975 0.00737659 0.18284 0.000445527 4.32646e-06 0.230232 0.489199 1.45137e-05 0.00748987 0.00958298 0.000883713 9.73361e-05 3.7882e-06 0.0665872 4.99935e-07 0.00101271 
0.00374157 0.370019 0.57783 6.88763e-07 9.67533e-05 0.0164064 0.00862024 2.06009e-07 0.00319045 8.30549e-08 0.00327111 0.000582127 7.3816e-05 0.0153313 4.94816e-08 0.000835756 
0.136256 0.234548 0.0404016 0.0012004 0.0187297 0.14123 0.107291 0.000326518 0.000624707 0.014537 0.0142938 0.0118683 0.000341473 0.165704 0.000137516 0.11251 
0.603958 0.200257 0.0192653 0.000115701 0.00508924 0.0146703 0.0155976 5.18877e-05 0.00122785 0.00205697 0.000520817 0.00533117 0.000114874 0.101638 6.82498e-06 0.0300982 
0.175133 0.00793194 0.15478 0.00038133 0.000787986 0.070603 0.104361 1.45899e-05 0.00110607 3.42697e-05 0.292198 0.0190315 0.116475 0.0541817 8.90159e-06 0.00297018 
0.15153 0.0410735 0.0108238 5.08277e-05 0.00676021 0.00745942 0.0127284 0.501438 0.00305257 0.000268238 0.00194671 0.0226897 0.00125512 0.0867796 3.41881e-06 0.15214 
0.011889 0.459985 0.128519 2.67346e-09 0.00242926 0.0199781 0.154787 7.36445e-06 0.0291582 0.000850338 0.00249243 0.00652837 5.74294e-05 0.147628 5.6831e-10 0.0356907 
0.0261577 0.050279 0.0315946 0.00110087 0.000433754 0.013473 0.15853 1.11645e-05 0.00141747 0.0042641 2.21101e-05 0.000392426 6.87182e-05 0.0138531 4.32909e-06 0.698398 
0.044892 0.129282 0.0705588 1.56586e-09 2.61474e-06 0.506379 0.151824 7.69253e-07 0.00572998 0.000777573 0.000180742 0.0224832 1.29318e-05 0.0664812 1.07882e-09 0.00139493 
0.000465864 0.0171035 0.000980567 1.42693e-05 0.000368404 0.000546868 0.000736648 0.000183964 1.17715e-05 0.969506 0.000277351 7.38364e-05 1.09018e-05 0.00865559 4.26227e-06 0.00106046 
0.00961186 0.632203 0.0385806 1.66606e-11 4.70159e-05 0.0123297 0.129227 1.77984e-06 0.000295694 0.000817981 0.000984645 0.000329197 1.73258e-05 0.171138 1.14786e-11 0.00441609 
0.00385012 0.00347992 0.061595 0.268024 0.022331 0.145541 0.0353171 2.70988e-05 0.000109996 0.000709144 0.0137013 2.22622e-05 4.49692e-05 0.103071 4.35532e-07 0.342176 
0.00374157 0.370019 0.57783 6.88763e-07 9.67533e-05 0.0164064 0.00862024 2.06009e-07 0.00319045 8.30549e-08 0.00327111 0.000582127 7.3816e-05 0.0153313 4.94816e-08 0.000835756 
0.0376429 0.0170982 0.000115174 1.59632e-08 6.37006e-09 0.29809 0.00917063 0.345968 5.67567e-05 0.00236452 1.1235e-07 0.00558416 0.282424 5.28774e-07 5.51497e-09 0.00148479 
0.0329023 0.0354361 0.276193 0.000452763 0.000458008 0.0755838 0.0204446 9.56166e-05 0.00281144 0.000472532 0.358307 0.0103243 0.142227 0.0331258 3.74032e-05 0.0111284 
0.00926398 6.50934e-05 0.000457198 1.49683e-09 0.988283 0.000107327 0.00151696 3.0796e-07 0.000164553 2.13548e-06 6.35368e-06 4.15947e-05 5.89518e-05 3.23808e-05 1.11891e-10 4.54994e-09 
0.168087 0.0932489 0.149905 0.000865934 3.44742e-05 0.126863 0.0397515 1.84236e-05 0.0122997 4.95193e-06 0.00725812 0.000302288 0.000214657 0.286499 8.47406e-07 0.114647 
0.138361 0.109176 0.0133039 0.0013969 0.000205757 0.0126733 0.0371823 3.59933e-05 0.00205912 0.0193108 0.000492323 0.0275264 0.000103832 0.635121 2.46845e-05 0.00302699 
0.0191824 0.0160347 0.0321129 0.00151824 0.00367551 0.0257784 0.697333 0.000203159 0.0278522 0.000964761 0.00566687 0.0418913 0.00024338 0.107863 0.000121951 0.0195583 
0.00253262 0.00525182 0.0196931 8.35017e-05 0.00385409 0.791023 0.137172 1.15837e-05 0.00351137 1.06008e-05 0.000398339 0.0340985 5.5357e-06 0.00201999 2.19313e-08 0.000334603 
0.0245598 0.0764191 0.0623586 0.00302069 0.0208658 0.231666 0.0655211 0.322348 0.00281105 0.000592706 0.0018123 0.0519226 0.000175679 0.0215919 9.61736e-06 0.114325 
0.0218534 0.330367 0.0120258 0.0016665 0.00487099 0.158905 0.0011511 0.331927 0.000259347 0.000159101 0.0136067 0.00302708 0.00421497 0.0354462 4.10256e-05 0.0804787 
0.0143501 0.0260664 0.0614908 1.13126e-05 0.00453981 0.575609 0.134835 1.2457e-06 0.00217136 6.7047e-05 0.0058309 0.000125462 4.9204e-05 0.170791 4.10621e-07 0.00406028 
0.00923509 0.131688 0.080211 0.002153 0.00108711 0.169838 0.105663 0.000184733 0.0194264 0.00340318 0.0030158 0.141014 0.00291404 0.311717 2.05103e-07 0.0184499 
0.00597361 0.0163844 2.11872e-06 2.78189e-08 0.000503094 0.0166291 0.0437376 1.51494e-08 0.788651 1.54364e-06 3.42802e-05 0.00179301 4.24697e-08 0.12629 6.36314e-09 8.61865e-08 
0.00423864 0.0080245 0.0757221 9.79641e-09 3.19276e-07 0.00507017 0.0031174 0.10477 0.000444805 1.4415e-05 0.00122638 0.000753248 0.000524348 0.0437846 6.7494e-09 0.752309 
0.0118071 0.0810387 0.0783815 0.192675 1.17361e-07 0.00282973 0.144274 5.80815e-06 0.198725 7.36602e-05 0.0145072 9.38242e-05 4.23596e-05 0.257897 1.01607e-07 0.0176497 
0.204387 0.0283704 0.0295088 0.000467889 3.51856e-08 0.00672268 0.220777 8.59995e-06 2.66901e-05 7.10727e-06 0.00154936 0.000139412 3.11729e-05 0.460661 3.06668e-08 0.0473426 
0.2346 0.00620359 0.00160662 0.000477135 6.93644e-07 0.573647 0.153578 9.9008e-09 0.000677734 0.000444717 0.000222033 0.000389441 4.06643e-06 0.0231724 6.94772e-09 0.00497588 
0.00284362 0.00772257 0.1715 7.42511e-06 5.95134e-06 0.307695 0.0697548 0.0235929 0.0134165 2.17709e-08 1.43086e-06 2.84772e-05 6.19007e-06 0.157154 1.34325e-08 0.246271 
0.104738 0.724889 0.015506 0.000151691 5.11882e-05 0.00978725 0.00789214 2.15296e-05 0.00123693 0.000105771 5.24422e-05 0.00460327 8.5679e-05 0.118504 2.81464e-08 0.0123746 
0.085424 0.0155809 0.0433029 0.000643794 2.36303e-09 0.000765481 0.019571 5.13396e-11 0.000890345 0.00036848 7.0723e-08 0.000294336 3.06472e-08 0.620716 3.60267e-11 0.212442 
4.33802e-05 0.0240478 0.00300661 8.26276e-08 6.41666e-07 0.00113196 0.106691 7.9224e-06 0.0201254 0.00595777 0.000140834 0.0029564 5.52201e-06 0.283716 5.69277e-08 0.552168 
0.0395446 0.0115333 0.0830459 3.30741e-07 0.345762 0.440608 0.00577772 5.30379e-07 1.13654e-06 1.07424e-07 0.0147299 1.52612e-08 0.00254066 0.0512332 1.37928e-10 0.0052228 
0.0694933 0.128207 0.0914473 0.0155328 0.00961077 0.298509 0.0546585 0.186009 0.00108604 0.0108955 0.0101544 0.000175774 0.000887811 0.0543742 0.00010174 0.0688576 
0.00803265 0.099113 0.121451 0.0505142 0.0201609 0.376349 0.0247842 0.123847 0.00238601 0.00903131 0.023844 0.0550524 0.00236408 0.0582367 1.01259e-05 0.0248236 
0.0490028 0.0496776 0.0225072 0.00451844 0.0825307 0.0249407 0.396869 2.79964e-07 0.024539 0.000807829 0.00715056 0.000904724 0.000331636 0.333556 1.47146e-09 0.00266324 
0.0289258 0.159499 0.037061 0.00457747 4.4761e-07 0.385778 0.170316 2.52735e-05 0.00402705 2.46921e-05 0.0031145 0.00923547 1.68399e-07 0.194137 4.54717e-09 0.00327795 
0.132241 0.191481 0.0903978 0.00184907 0.00191003 0.00705745 0.0658275 0.000503228 0.000889671 4.27564e-05 0.0198428 0.040194 0.000266285 0.423805 2.86306e-05 0.0236647 
0.17314 0.167415 0.196452 3.62217e-05 1.35499e-05 2.82602e-05 0.00654008 2.57204e-08 0.00315876 0.00141583 0.000618598 0.00267972 8.40993e-06 0.123119 1.84097e-08 0.325374 
0.00160139 0.07534 0.0651955 0.00415254 0.000107558 0.479241 0.0752767 3.77029e-05 0.00426376 0.00162525 0.00266818 0.00658778 0.00022169 0.0158106 6.87019e-06 0.267864 
0.605174 0.151379 0.169297 0.000269131 0.000379144 0.000574792 0.00685504 2.06991e-05 0.000257374 3.21769e-05 0.00143399 0.000166053 4.69026e-05 0.0519461 7.17987e-08 0.0121685 
0.0532104 0.236481 0.114769 0.000734548 0.000709036 0.0418786 0.0206913 0.000165052 0.00137217 7.48792e-05 0.000131129 0.00122887 0.000281275 0.0993253 6.54804e-05 0.428881 
0.125497 0.310493 0.0948578 2.34391e-05 4.42174e-07 0.075773 0.20378 2.68093e-06 0.0152656 2.09281e-06 0.00334763 0.0133495 4.14646e-05 0.123017 2.3527e-07 0.0345495 
0.0635119 0.0121883 0.0570418 2.54047e-07 0.45417 0.341861 0.0605694 9.78589e-05 3.48584e-06 9.88386e-05 0.00372851 7.77149e-05 0.00112153 0.00433114 2.87641e-09 0.00119841 
0.0215589 4.06237e-07 0.0143455 8.8797e-06 0.000981337 0.00112866 0.782388 5.08004e-05 0.01527 2.13828e-06 0.000632597 0.00750048 5.26196e-05 0.152771 1.86151e-07 0.00330842 
0.0108613 0.421934 0.344061 2.91606e-05 0.00609944 0.088155 0.0168741 0.0525183 0.00023017 0.000852503 0.0405085 0.00362076 0.00216664 0.00587119 8.57283e-06 0.00620983 
0.0258297 0.524172 0.052425 3.65793e-08 2.748e-08 0.0289126 0.0382162 3.35864e-05 0.132719 6.62547e-06 0.00141847 0.000110354 4.71283e-05 0.0218564 2.17676e-08 0.174252 
0.00189236 0.0591526 0.137791 3.06764e-05 0.0124405 0.374655 0.0185175 1.10372e-05 0.000242253 0.00292809 0.00299163 0.00203638 0.000109477 0.258896 7.65386e-06 0.128297 
0.0574254 0.174012 0.0891412 0.000422083 3.23032e-05 0.0395663 0.0221303 5.13195e-05 0.00112372 0.00023096 0.000921143 0.00404743 9.13171e-05 0.15589 1.39543e-05 0.4549 
0.00707095 0.129961 0.459793 0.000136474 0.00143525 0.094193 0.153824 0.0103916 0.0015858 0.00290093 0.00553786 0.00458625 0.000101159 0.0996814 3.41562e-05 0.0287665 
0.0183729 5.62559e-06 0.0189883 6.48739e-09 1.25128e-06 0.00174124 3.60698e-07 6.36936e-09 0.883779 0.000642021 0.0486404 1.31135e-05 5.71944e-07 0.00394714 4.46959e-09 0.0238676 
0.00497337 0.315532 0.0581159 9.56743e-05 0.000196961 0.037711 0.126486 3.6072e-06 0.00906818 3.1767e-05 0.00168133 0.000696533 2.47444e-05 0.427226 1.82683e-06 0.0181548 
0.00249935 0.00581114 0.0141472 0.000380375 0.00538978 0.026707 0.174321 9.14826e-07 0.738286 0.000257008 0.0229554 0.00130234 0.00054106 0.00688174 4.69042e-07 0.000518551 
0.362905 0.0595138 0.0182749 3.23533e-07 0.000255189 0.484191 0.0217877 0.000356866 0.00250548 1.759e-06 0.00265366 0.00852896 8.77535e-08 0.0128501 9.24549e-09 0.0261752 
0.0100761 0.246543 0.0478905 0.000156945 0.00849196 0.143537 0.0180231 0.435655 0.000558534 6.83652e-05 0.000981229 0.0094915 0.0058917 0.00862154 3.63529e-06 0.0640097 
0.0175867 0.101012 0.1972 0.0102036 0.00837024 0.27914 0.124387 0.0188899 0.000669262 0.00529636 0.0227504 0.0436617 0.00850378 0.138077 6.84061e-05 0.0241844 
0.0288833 0.0553114 0.0530146 2.607e-05 6.55546e-05 0.0697175 0.713139 4.63589e-06 0.0527905 0.00156186 0.00131621 0.0189968 0.000164436 0.00441174 3.92311e-06 0.000592492 
0.000173736 0.0303063 3.57823e-05 5.33752e-08 6.16228e-05 0.813987 0.0470734 1.99702e-05 4.80789e-05 3.85937e-05 4.0588e-05 4.59845e-05 9.94528e-07 0.094544 3.67737e-08 0.0136244 
0.000527199 0.00258638 0.00219417 0.000117098 0.00351177 0.856293 0.119571 0.00138897 0.000157501 0.000254381 0.000150294 1.04106e-06 3.48116e-05 0.0132115 2.28823e-08 7.63656e-07 
0.0219888 0.0119743 0.0524363 2.93506e-05 0.000156432 0.135798 0.00347661 1.98121e-06 1.80785e-05 0.0048391 0.0111229 2.61109e-05 0.000101156 0.757761 1.39028e-06 0.000268742 
0.000265497 0.00772276 0.286315 7.1537e-07 9.43066e-06 0.000506813 0.0218713 3.92674e-07 0.000614808 4.0804e-06 0.000740066 4.93901e-06 9.52978e-07 0.679857 2.13455e-09 0.0020864 
1.0778e-05 0.000578631 0.00220723 1.52546e-05 0.000313863 0.10003 0.00631768 0.000758057 0.875499 1.10194e-06 0.000218074 3.56976e-07 7.63391e-05 0.00426607 2.73723e-07 0.00970729 
0.0267184 0.315565 0.218384 5.75642e-12 0.00106703 0.0103813 0.0440549 5.65169e-12 1.70992e-08 2.14803e-08 0.000131206 0.132532 5.44202e-06 0.0823772 3.96598e-12 0.168783 
0.00163778 0.148412 0.0233301 2.29768e-05 3.42907e-05 0.711815 0.0875066 0.000483157 0.0122306 0.000188921 0.00716622 0.00017469 5.34703e-05 0.00440363 6.83492e-06 0.00253289 
0.0154032 0.0076237 0.0449617 0.000821365 0.14458 0.0309417 0.00480986 0.000527004 9.02244e-05 8.24641e-05 0.109678 0.0882665 0.536752 0.00472314 3.66213e-08 0.0107395 
0.0193133 0.0813829 0.128232 0.000499127 0.000909714 0.0137386 0.0707932 5.03865e-05 0.000886276 0.00580718 0.0765449 0.00754595 1.63029e-05 0.565714 1.7491e-06 0.0285647 
0.00447933 0.498967 0.0159432 0.000506951 0.00317547 0.00594315 0.0341359 0.000229064 1.59819e-05 3.89142e-06 0.000370635 0.00451895 0.000179702 0.0112271 9.21097e-07 0.420303 
0.00178589 0.175603 0.0751292 0.00209968 3.14904e-05 0.0293156 0.0110819 6.93744e-06 0.151476 8.46042e-05 0.00354534 0.00440597 3.49045e-06 0.54249 3.67853e-08 0.00294091 
0.000495534 0.0292751 0.268624 0.000111688 0.000214545 0.00275518 0.00421928 5.96108e-05 0.0312633 0.000257711 0.00229247 8.2288e-05 7.43599e-05 0.541595 2.64732e-06 0.118678 
0.604591 0.145471 0.0215539 0.000536785 0.00132583 0.00532204 0.0348679 2.35204e-05 0.000362511 0.000436685 0.00116658 0.00624623 5.25837e-05 0.172474 1.09643e-05 0.0055581 
0.0626016 0.216574 0.0415494 6.70644e-12 0.000244715 0.00191983 0.0112955 8.92684e-09 6.50643e-05 1.94344e-08 0.00034875 0.00176607 7.21305e-05 0.318308 4.62051e-12 0.345255 
0.0372681 0.255297 0.167455 3.78026e-06 0.00675881 0.279961 0.0201292 0.000194562 4.11912e-05 0.00905037 0.0242915 0.00236063 0.00113267 0.00624642 3.75173e-07 0.189809 
0.0208168 0.830683 0.0288921 2.08238e-08 2.23908e-12 0.00469483 0.0127646 6.31059e-06 0.000437318 0.000119682 9.56169e-09 4.14067e-05 8.54518e-09 0.044532 1.93852e-12 0.057012 
0.00779933 0.618214 0.0507615 0.000404485 0.00221432 0.0394238 0.0295188 2.15282e-07 0.000864965 6.53815e-05 0.014363 0.106239 0.000218419 0.122413 2.21646e-09 0.00749936 
0.00167603 0.118163 0.130931 1.01761e-05 0.0229923 0.159667 0.416755 0.000469817 0.00288668 5.1533e-06 0.000152682 0.137639 4.88109e-05 0.000829431 2.59389e-06 0.00777165 
0.00203641 0.113119 0.545302 3.48161e-06 0.000227328 0.0597782 0.110891 0.000146073 0.000481043 0.0034129 0.00335766 0.000361695 9.96312e-06 0.100246 2.54741e-07 0.0606272 
0.0606136 0.0404118 0.020849 0.00667174 0.0109336 0.576357 0.066265 0.0330596 0.034776 0.00133603 0.000809125 0.00153543 0.000339481 0.0167535 0.000119152 0.12917 
0.00964908 0.00926731 0.0152582 1.47558e-05 0.91058 0.00760407 0.0140253 3.22328e-06 0.00387234 1.8844e-05 0.00332835 0.0166555 0.000678716 0.00537749 3.18634e-06 0.00366329 
0.0134959 0.0184455 0.0511247 0.00745035 0.0220935 0.183927 0.517086 0.0769647 0.00414218 0.00159433 0.00340749 0.00485361 9.62335e-05 0.0531111 5.5809e-05 0.0421511 
0.00576809 0.000938781 0.00337548 1.31866e-08 0.984474 0.00150519 0.000510698 4.0445e-07 0.000658344 1.53367e-07 3.41167e-06 5.92167e-05 5.56705e-05 0.00254976 7.31611e-09 0.000100372 
0.0574254 0.174012 0.0891412 0.000422083 3.23032e-05 0.0395663 0.0221303 5.13195e-05 0.00112372 0.00023096 0.000921143 0.00404743 9.13171e-05 0.15589 1.39543e-05 0.4549 
7.54915e-06 0.00771522 0.0798731 1.04485e-05 0.00450192 0.130066 0.7349 2.51698e-08 0.0020712 2.86268e-08 8.93663e-06 0.000165412 1.24661e-06 0.0406679 1.76625e-08 1.13539e-05 
0.208596 0.432308 0.13267 0.000351594 0.00420369 0.0205512 0.0351213 0.000240006 0.00294324 0.000569981 0.0124476 0.0037073 0.000242211 0.0943624 1.07572e-05 0.0516744 
0.197067 0.0597143 0.000962716 3.14302e-10 2.50119e-10 0.119237 0.0225855 5.02116e-05 0.00383364 8.17196e-07 0.474586 0.00745695 0.00352697 0.110977 2.16544e-10 2.18725e-06 
0.00696523 8.70685e-07 0.000340358 2.17248e-09 0.875244 2.20331e-05 1.7468e-05 1.22202e-05 4.37036e-05 1.57484e-05 8.21779e-05 1.77326e-06 0.000127771 0.107505 1.49677e-09 0.00962182 
0.00651712 0.0120014 2.22083e-06 2.91552e-10 0.00137543 0.966325 8.73505e-06 2.86247e-10 2.08498e-06 0.0137563 7.48322e-06 5.70888e-07 8.35806e-07 1.70636e-06 2.00869e-10 1.50213e-06 
0.00354856 0.00316888 0.00933582 0.00223684 0.90119 0.00567938 0.030344 0.000949247 0.00347358 0.000130205 0.000144567 0.00121927 1.42105e-05 0.0278567 1.08937e-05 0.0106978 
0.00732975 0.0491559 0.0274259 0.00013679 0.000703325 0.607687 0.195062 0.000564464 0.0043042 0.000259 0.0444676 0.000403563 0.000173117 0.0567951 0.000112406 0.00541989 
4.67702e-07 0.343153 0.240743 2.05539e-08 1.22847e-07 0.00631032 0.000777603 1.40862e-10 0.0366836 7.54691e-07 0.00019333 2.80459e-06 7.29134e-08 0.316454 9.88474e-11 0.0556816 
0.0348912 0.0246699 0.0153226 7.68981e-09 3.63621e-05 0.753426 0.0729381 5.60678e-07 0.00120715 2.37121e-06 0.0119339 5.0343e-07 1.093e-06 0.0814734 5.29803e-09 0.00409634 
0.0154032 0.0076237 0.0449617 0.000821365 0.14458 0.0309417 0.00480986 0.000527004 9.02244e-05 8.24641e-05 0.109678 0.0882665 0.536752 0.00472314 3.66213e-08 0.0107395 
0.0036063 0.071817 0.18121 0.179597 0.00328864 0.0191893 0.0585879 2.60834e-06 0.00532787 1.70082e-05 0.00106694 0.000152189 3.13133e-05 0.198766 9.2908e-07 0.277339 
0.00672388 0.0566807 0.0547266 1.03685e-08 3.56362e-06 0.779034 0.0102779 0.000105783 8.17313e-07 0.000534528 0.0342665 1.66145e-05 6.08803e-05 0.04777 7.14357e-09 0.00979802 
0.171083 0.243925 0.0254003 6.40099e-07 0.000121624 0.422015 0.014061 1.38541e-05 0.000292824 0.0132105 0.000698618 0.00201423 8.91579e-05 0.0982835 3.33621e-07 0.00878988 
0.00662391 0.0137363 0.00572421 0.000673542 8.57024e-05 0.0242964 0.868093 9.95366e-08 0.00117089 4.52412e-05 0.0334962 0.00423275 0.000117345 0.04089 1.47722e-08 0.000814599 
0.00154312 0.0496161 0.0197524 7.40388e-10 5.74453e-07 0.0155009 0.218778 7.26918e-10 0.0033542 0.636345 0.00256494 0.000967502 1.02802e-05 0.0513962 5.10103e-10 0.000170986 
0.042829 0.106926 0.0354078 6.86404e-09 0.72651 0.00766373 0.0298143 8.7171e-07 0.00143508 1.69592e-05 0.0300476 0.00898195 0.00136732 0.00672585 2.1398e-09 0.00227334 
0.0539671 0.0322128 0.162013 4.79235e-09 0.320352 0.362083 9.11676e-06 4.70517e-09 0.00281003 3.9162e-05 0.033429 0.000776959 3.71018e-06 0.032294 3.30177e-09 8.97379e-06 
0.10652 0.174831 0.244223 0.00185488 0.012788 0.0432195 0.0681252 0.000985581 0.00075587 0.000727265 0.213168 0.0179604 0.000464328 0.107637 0.000344552 0.00639502 
0.00171201 0.0165155 0.682929 6.52896e-05 0.00173512 0.0411421 0.0483498 0.000355529 0.0371551 0.000105902 0.000120547 0.0209756 0.0332965 0.0908293 3.91474e-05 0.0246736 
0.0470661 0.363525 0.235478 2.6734e-05 5.38176e-05 0.0188591 0.0236807 0.000100383 0.000924134 0.000232601 0.00311133 0.0110205 6.63473e-05 0.233011 5.17409e-06 0.0628388 
0.00893433 0.05838 0.0465154 4.69868e-05 0.0060361 0.529573 0.0223539 0.00235881 0.176917 1.63755e-05 0.012339 0.00652954 0.000516085 0.0788627 7.37031e-07 0.0506195 
0.0143077 0.0147088 0.0902764 0.00176801 0.495323 0.241858 0.0226106 6.50875e-07 0.0600748 3.35295e-05 0.00172288 0.0337233 0.00028084 0.020065 6.15258e-07 0.00324592 
0.000541138 0.00118225 0.00250519 3.66028e-06 8.63772e-07 0.0401155 0.011183 6.60474e-07 0.933988 2.03511e-07 0.00389932 4.33292e-08 3.22138e-05 0.00618456 4.11851e-10 0.000362995 
0.0584492 0.486941 0.0283737 0.00408418 0.00211043 0.0870773 0.00571185 0.0801531 0.000978317 0.00110101 0.00410986 0.00169424 0.000390288 0.0325361 0.000141198 0.206148 
0.00366718 0.980963 0.00153614 8.99528e-08 7.15837e-08 0.00181256 0.00114936 8.83163e-08 0.00697089 0.00015077 0.000663053 0.000147499 0.000232343 0.00059641 6.19745e-08 0.00211013 
0.00156905 0.673571 0.157753 3.67644e-08 7.44266e-05 0.00735663 0.0152005 8.36463e-08 0.000235311 2.36648e-06 0.000769694 0.000516805 8.84164e-05 0.134432 6.4145e-09 0.00843112 
0.00923509 0.131688 0.080211 0.002153 0.00108711 0.169838 0.105663 0.000184733 0.0194264 0.00340318 0.0030158 0.141014 0.00291404 0.311717 2.05103e-07 0.0184499 
0.00425397 0.336618 0.026922 0.000273675 0.00059246 0.004776 0.335471 3.48953e-05 1.41608e-05 0.00121264 0.102846 0.0277039 0.000136121 0.156501 1.2549e-05 0.00263129 
0.000732258 0.0499405 0.109571 0.00181573 0.00222984 0.73511 0.0505613 0.000734247 0.00566282 0.000253123 0.00016763 0.0038318 8.74989e-05 0.0376708 4.18003e-05 0.00158928 
0.15153 0.0410735 0.0108238 5.08277e-05 0.00676021 0.00745942 0.0127284 0.501438 0.00305257 0.000268238 0.00194671 0.0226897 0.00125512 0.0867796 3.41881e-06 0.15214 
0.01354 0.0256445 0.016903 0.0288602 0.00136239 0.0403331 0.0442425 0.0550742 0.000795186 1.50325e-05 0.733515 0.00109087 0.0122374 0.0123556 1.52706e-06 0.0140299 
0.000541138 0.00118225 0.00250519 3.66028e-06 8.63772e-07 0.0401155 0.011183 6.60474e-07 0.933988 2.03511e-07 0.00389932 4.33292e-08 3.22138e-05 0.00618456 4.11851e-10 0.000362995 
0.603958 0.200257 0.0192653 0.000115701 0.00508924 0.0146703 0.0155976 5.18877e-05 0.00122785 0.00205697 0.000520817 0.00533117 0.000114874 0.101638 6.82498e-06 0.0300982 
0.0574254 0.174012 0.0891412 0.000422083 3.23032e-05 0.0395663 0.0221303 5.13195e-05 0.00112372 0.00023096 0.000921143 0.00404743 9.13171e-05 0.15589 1.39543e-05 0.4549 
0.000254082 0.0754368 0.0479822 4.0453e-10 0.000616842 0.00515001 0.61332 1.58797e-07 0.20392 0.00132585 3.64571e-05 0.0059828 1.15736e-08 0.0429146 2.78708e-10 0.00305994 
0.019032 0.0206702 0.128237 0.0017662 0.00201785 0.565485 0.0867553 9.06582e-05 0.0867938 0.00230893 0.000253638 0.00010653 0.000248656 0.0647486 4.4686e-05 0.0214414 
0.0276771 0.159006 0.266759 0.000646785 0.000647123 0.0226065 0.124328 0.00141424 0.00872144 0.000354952 0.00581615 0.00815459 0.0107975 0.26434 1.19191e-05 0.0987186 
0.00989365 0.0429675 0.0405237 8.43343e-07 1.62646e-06 0.478857 0.095007 1.7236e-05 0.000783766 0.00633598 0.0179851 0.00149296 0.000205794 0.0114977 3.04626e-07 0.294429 
0.00246903 0.343008 0.0366424 0.000383863 0.000107238 0.412189 0.0462142 0.000169644 0.00449269 5.50019e-06 0.00558027 0.00050935 0.000465986 0.145462 7.99984e-07 0.00229973 
0.00295376 0.000136632 0.0986748 0.0046822 0.00172929 0.0445218 0.0116139 8.48526e-05 0.000765508 1.26384e-05 0.00682066 0.000300016 0.00401781 0.0236272 2.0078e-07 0.800059 
0.0175147 0.377995 0.0735231 0.000173035 0.00238194 0.374798 0.0251286 0.00273515 0.00209946 0.00023054 0.00485047 0.0122485 0.000497897 0.0934068 0.000119015 0.0122985 
0.604591 0.145471 0.0215539 0.000536785 0.00132583 0.00532204 0.0348679 2.35204e-05 0.000362511 0.000436685 0.00116658 0.00624623 5.25837e-05 0.172474 1.09643e-05 0.0055581 
0.082851 0.0573488 0.505918 0.00307493 1.23896e-06 0.00218185 0.042714 6.84802e-07 0.0516274 0.000162231 0.000268244 5.58931e-06 8.68698e-07 0.192397 6.82399e-07 0.0614476 
0.000968056 0.00840542 0.0614787 0.000152462 1.896e-08 0.195806 0.0415133 2.33919e-08 1.50481e-05 6.47135e-07 0.488941 1.79722e-06 0.00014296 0.202552 1.64148e-08 2.22298e-05 
0.00938456 0.00509528 0.0213795 2.47032e-05 0.90071 0.0216062 0.018771 7.27232e-06 0.00484586 4.01785e-05 0.00178115 0.0105703 0.000536879 0.00377593 5.28426e-06 0.00146541 
0.46026 0.0604896 6.50567e-07 1.90147e-11 1.11976e-06 0.127293 0.0957061 3.62194e-07 1.27117e-06 0.00308381 0.00272962 0.209254 1.7814e-08 0.0330582 1.31005e-11 0.00812253 
0.255397 0.170864 0.0313674 0.00193088 0.000406764 0.0541931 0.05376 0.169295 0.00452355 0.000177998 0.0199341 0.00107091 0.00254366 0.125135 3.17417e-05 0.109369 
0.0940309 0.149609 0.32513 0.0133236 0.00798135 0.0796098 0.0559035 0.000310637 0.0141577 0.00520597 0.0116592 0.00889074 0.019625 0.112156 0.000277652 0.102129 
0.00167238 0.019945 0.023978 0.00199376 0.000177297 0.762243 0.0345706 0.000145187 0.014771 0.000547796 0.00681873 0.00213164 8.397e-05 0.129175 2.08131e-05 0.00172623 
0.00265092 0.00112447 0.0221039 2.00011e-07 0.000525746 0.642321 0.00712096 0.000251298 0.00092753 0.258229 0.0012794 4.10253e-05 1.10101e-06 0.0480147 1.37801e-07 0.0154081 
0.0314704 0.101575 0.209238 0.000714093 0.000594957 0.482388 0.0361052 0.00231247 0.00548708 5.58872e-05 0.00313234 0.000985547 0.000159089 0.0803664 3.03456e-05 0.0453853 
0.747247 0.089898 0.0115206 1.20029e-12 6.60457e-05 0.0144949 0.037716 2.18998e-05 0.000471409 2.33689e-05 0.00104747 0.000126097 5.63567e-05 0.0920847 8.2696e-13 0.00522658 
0.067069 0.242429 0.174405 6.30117e-10 5.01441e-10 0.090094 0.050295 5.31287e-07 1.41957e-06 0.0010623 1.71044e-06 4.88301e-07 2.98903e-07 0.262852 4.3413e-10 0.111789 
0.183935 0.126511 0.0772481 0.000119917 0.000188505 0.435989 0.0324847 0.010549 0.0148044 0.000192467 0.0128874 0.0145174 0.0095602 0.0296263 2.99451e-05 0.0513577 
0.0347568 0.343541 0.0983185 1.57454e-05 0.000327732 0.011432 0.0840675 1.21667e-06 0.10444 1.67027e-05 0.000200843 0.0323505 5.46243e-06 0.227066 6.13106e-07 0.0634593 
0.00905316 0.148291 0.0371549 8.96587e-06 0.000485607 0.595888 0.0804351 3.69773e-06 0.000111015 2.91062e-05 0.00245349 0.0421462 0.000211805 0.0558164 2.24595e-06 0.0279095 
0.12369 0.19613 0.0210198 5.93295e-06 3.07846e-05 0.0391383 0.00949008 0.000506248 0.000690477 0.000748867 0.00100304 0.0110997 1.15141e-05 0.280226 3.55313e-06 0.316206 
0.00578274 0.090892 0.0529696 0.000103669 0.00062848 0.76472 0.0278749 0.00110998 0.000344779 0.000430968 0.0091933 0.000582642 0.000839033 0.00951895 6.46603e-05 0.034944 
0.0243818 0.463683 0.143056 0.000235373 9.72541e-05 0.059428 0.0382514 0.000156149 0.00294026 0.000116705 0.00545349 0.0121057 7.23571e-05 0.180099 1.01041e-05 0.0699135 
0.0270703 0.13591 0.0821561 0.000508823 0.620499 0.00863029 0.0511728 1.48742e-05 0.00108955 0.000533656 0.000195883 0.0239789 0.000339667 0.0429585 3.29145e-06 0.00493822 
0.0169713 0.0703435 0.0935392 0.0068436 0.0415805 0.555331 0.0809075 9.21211e-05 0.000681081 0.00365652 0.0436024 0.0281008 0.000642901 0.0133763 1.0485e-05 0.0443205 
0.0239833 0.140702 0.0181362 5.17726e-05 0.000162969 8.28665e-05 0.0166324 0.000165704 0.00434639 3.86382e-07 7.62208e-08 0.00536669 9.10053e-07 0.535177 3.33203e-08 0.255191 
0.00374157 0.370019 0.57783 6.88763e-07 9.67533e-05 0.0164064 0.00862024 2.06009e-07 0.00319045 8.30549e-08 0.00327111 0.000582127 7.3816e-05 0.0153313 4.94816e-08 0.000835756 
7.39694e-07 0.0540934 0.201526 8.6288e-07 3.46638e-07 0.119666 0.103113 0.000116376 0.099217 0.0108166 6.31465e-07 8.98743e-06 3.3118e-07 0.323173 5.66132e-11 0.0882665 
0.0296484 0.176644 0.0346787 0.000174497 6.03287e-05 0.0246292 0.014601 0.000542735 0.000387556 0.411228 0.00140353 0.00234051 0.00029964 0.182058 1.95923e-05 0.121284 
0.000748707 0.00132049 0.00047592 4.65648e-06 4.03736e-05 0.000917519 0.978084 9.22129e-06 0.000164365 7.45592e-05 0.00112642 0.00399979 8.95051e-06 0.0128187 6.36368e-07 0.000205226 
0.00477884 0.00299402 0.552946 0.00583638 2.91766e-06 0.00561318 0.0077287 5.99623e-07 0.303808 0.000358249 1.93433e-05 9.31291e-05 4.34212e-06 0.102698 4.29184e-08 0.0131186 
0.000541138 0.00118225 0.00250519 3.66028e-06 8.63772e-07 0.0401155 0.011183 6.60474e-07 0.933988 2.03511e-07 0.00389932 4.33292e-08 3.22138e-05 0.00618456 4.11851e-10 0.000362995 
0.000541138 0.00118225 0.00250519 3.66028e-06 8.63772e-07 0.0401155 0.011183 6.60474e-07 0.933988 2.03511e-07 0.00389932 4.33292e-08 3.22138e-05 0.00618456 4.11851e-10 0.000362995 
0.00374157 0.370019 0.57783 6.88763e-07 9.67533e-05 0.0164064 0.00862024 2.06009e-07 0.00319045 8.30549e-08 0.00327111 0.000582127 7.3816e-05 0.0153313 4.94816e-08 0.000835756 
0.0924182 0.0744581 0.17968 0.000123468 0.00309363 0.122445 0.323217 3.10845e-05 0.000108574 0.00394369 0.00719015 0.00368066 0.000391901 0.138918 2.15428e-06 0.0502986 
0.00225523 0.0112869 0.0129988 0.0644289 0.0528203 0.114713 0.568749 0.100238 0.00290065 0.000129613 0.00556209 0.00110181 0.00348385 0.00588909 0.000119453 0.0533241 
0.0268849 0.119886 0.0397734 1.4593e-05 4.08725e-05 0.499666 0.0687141 2.70946e-05 0.107198 0.000125668 0.0104357 0.0003084 8.89282e-06 0.118083 2.31256e-06 0.00883168 
0.00760222 0.41068 0.296023 1.06723e-05 0.000200849 0.0753774 0.0306821 1.42514e-05 0.00480741 0.00162242 0.00938655 0.00333233 0.000196348 0.095261 5.55984e-06 0.0647978 
0.00269485 0.00670377 0.243205 0.000360425 5.23455e-05 0.0466692 0.159943 0.000240013 2.88508e-05 6.03568e-06 0.00101132 1.68951e-06 0.141795 0.396553 6.3607e-08 0.000735103 
0.0340191 0.0522579 0.201815 0.0034012 0.0873597 0.104929 0.0578985 1.94636e-05 0.345654 1.94236e-05 0.00180266 0.000103925 0.000417086 0.076143 2.06448e-06 0.0341587 
0.0281189 0.016867 0.105037 0.0392544 0.0415153 0.474168 0.105778 0.158168 0.00849822 0.000228372 0.0012459 0.000115679 7.62667e-05 0.0208018 1.53507e-07 0.000127624 
0.0295061 0.00688862 0.286222 0.00456097 0.00106338 0.485009 0.032829 3.44302e-05 0.016437 0.000391893 0.000602731 0.0132795 6.22605e-05 0.0604824 1.79479e-05 0.0626132 
0.00304719 0.283887 0.41379 0.000211411 0.00064125 0.0123169 0.0387486 0.000107951 0.0834054 5.65988e-05 0.00155302 0.119652 3.06799e-05 0.0404334 1.30138e-05 0.00210509 
0.0120499 0.0065977 0.127327 7.92726e-08 0.0171295 0.539424 0.236509 7.78304e-08 0.0246319 8.85203e-08 0.000296394 0.000186258 2.07973e-05 0.0311346 5.46162e-08 0.00469238 
0.0538479 0.264318 0.220664 0.000245335 0.0166086 0.0261302 0.0565912 0.000236884 0.00137456 0.000723922 0.0460617 0.00547559 0.000280371 0.296389 7.104e-05 0.0109815 
0.0279673 0.00603932 0.000107674 0.00757489 0.00799327 6.44447e-05 0.460695 2.77641e-06 0.00059733 1.00796e-05 0.000197823 0.00229621 4.89551e-06 0.486144 1.2288e-07 0.000304933 
0.000124592 0.00344644 0.0314011 0.00348205 0.000642108 0.652998 0.0410059 9.00069e-07 0.188665 2.12144e-05 5.53027e-05 3.10938e-06 0.000446349 0.0769642 7.50289e-07 0.000743763 
0.0179109 0.0710732 0.775258 0.000221558 0.000308008 0.0626193 0.000599376 6.07518e-05 0.0169275 5.8379e-05 0.00459919 0.0272198 0.00026822 0.0134954 5.16617e-05 0.00932853 
0.0134117 0.0291986 0.224234 2.8122e-08 7.34524e-07 0.0785785 0.194279 1.48769e-08 0.251835 0.000873153 1.07684e-06 0.0770504 4.4176e-08 0.124001 5.97188e-09 0.00653721 
0.00503388 0.212706 0.00843032 6.29968e-12 0.00031793 0.00125431 0.0176536 6.18507e-12 7.13119e-09 7.06868e-05 2.5107e-05 0.00028304 1.0164e-08 0.754225 4.34027e-12 2.99551e-08 
0.0223639 0.0634126 0.253149 0.000422324 0.000941654 0.346406 0.0668659 0.000239731 0.000498862 0.000858344 0.0086639 0.177229 0.000241157 0.00495889 6.56123e-05 0.053683 
0.00423078 0.0699849 0.197992 0.00323984 0.0168797 0.266481 0.159121 0.000320312 0.0148966 0.0128943 0.0933873 0.00601115 0.000193219 0.0987333 5.17379e-05 0.0555823 
0.0376469 0.0142242 0.00633783 1.75506e-08 0.928555 0.0126813 9.8312e-08 8.52214e-08 2.95457e-09 7.76085e-07 9.59874e-08 0.000240914 0.000313083 1.07554e-07 2.15886e-12 9.57176e-08 
0.048398 0.437507 0.0350312 3.23469e-05 0.0268888 0.201393 0.0886723 0.0190571 0.000394165 0.00114083 0.00203996 0.008646 0.000236549 0.0734209 3.47457e-07 0.0571415 
0.204871 0.153472 0.214482 0.000221001 0.00288908 0.0109457 0.0345009 0.000144018 0.00133492 0.000549 0.000421704 0.0157815 0.00674491 0.314908 8.87562e-05 0.0386454 
0.0574254 0.174012 0.0891412 0.000422083 3.23032e-05 0.0395663 0.0221303 5.13195e-05 0.00112372 0.00023096 0.000921143 0.00404743 9.13171e-05 0.15589 1.39543e-05 0.4549 
0.0515008 0.716333 0.0227565 5.08627e-05 0.000441555 0.0381832 0.00297347 0.000263204 0.000433385 0.000154138 0.00175414 3.33104e-05 4.25309e-05 0.107352 1.57495e-05 0.0577127 
4.81726e-06 0.00640633 0.293699 8.5703e-11 3.56889e-07 0.623968 0.0415931 8.56498e-06 0.00220696 9.3209e-05 0.000327618 1.41258e-05 7.82456e-05 0.0305305 5.90465e-11 0.00106903 
1.49601e-05 0.501075 5.16743e-06 1.45612e-10 2.05113e-06 0.473393 6.42491e-06 4.0603e-06 0.00278363 0.0226918 8.47952e-06 1.70831e-06 9.42274e-07 8.16225e-06 1.00322e-10 4.58367e-06 
0.0098761 0.06017 0.0487306 0.000187891 0.00853275 0.440104 0.218854 0.00630195 0.169627 0.00145404 0.000224489 0.0208846 3.82904e-05 0.0100472 2.2214e-05 0.00494525 
0.00253399 0.358575 0.244172 4.94655e-07 6.78986e-08 0.113485 0.0353931 5.0849e-09 0.00605902 0.000118628 1.69381e-07 0.000542536 0.000196314 0.22447 5.93718e-12 0.0144525 
0.0081301 0.101587 0.495617 0.000282876 0.0136864 0.0193137 0.0934075 0.00153229 0.00302604 0.0173803 0.0003818 0.00854149 0.00132947 0.213332 8.61494e-05 0.0223659 
1.06414e-07 9.66335e-05 8.53831e-07 2.63697e-11 3.47586e-07 1.9978e-07 0.264625 2.589e-11 1.18259e-06 0.732537 8.5873e-08 1.11543e-05 1.21911e-08 0.00272708 1.81679e-11 7.80925e-08 
0.229558 0.0730198 0.0336073 2.20165e-05 0.000250575 0.445413 0.00879088 0.0332785 0.031054 0.0001925 0.00127369 0.00021699 0.00307611 0.0706694 2.23109e-06 0.069575 
2.34308e-05 0.000278857 0.000213312 0.00287015 0.000221486 0.995488 0.000258329 1.96043e-06 0.000252142 2.22969e-06 0.000210356 3.81948e-05 7.10199e-06 0.000116843 1.3757e-06 1.57903e-05 
8.59822e-07 0.000367528 0.00274922 1.73524e-06 2.69539e-07 0.41885 0.514848 6.86566e-07 0.00369517 2.01975e-09 8.89098e-05 1.3239e-05 1.34222e-06 0.0593684 1.24617e-09 1.43148e-05 
0.0297509 0.00446772 0.414374 1.12303e-09 8.937e-10 0.155624 0.0626452 5.69067e-08 0.27215 4.8938e-06 1.78193e-05 1.41276e-08 4.72841e-07 0.0231977 7.73732e-10 0.0377679 
0.560188 0.119718 0.00570191 9.88403e-07 0.000241533 0.216335 0.00950818 1.47598e-05 8.40049e-05 0.000169806 0.00220377 0.000614146 2.94985e-05 0.0778909 3.93729e-07 0.00729968 
0.0145136 0.0028396 0.210058 0.0106003 0.000942467 0.0337017 0.0525222 1.24903e-05 0.00695037 3.84585e-06 0.000988672 7.84204e-05 3.09958e-05 0.206785 5.25859e-07 0.459972 
