0.0149511 0.516541 0.236562 3.87265e-05 2.44044e-05 0.00265417 0.000294153 2.69949e-05 0.000268025 7.89493e-05 0.22416 0.000186117 2.40953e-05 0.000264223 4.10487e-06 0.00392118 
0.0351934 0.0276204 0.00742462 7.66662e-08 1.7776e-07 0.0879888 0.534851 2.50868e-11 5.31512e-07 2.85324e-11 0.00160394 0.000115154 8.4769e-06 0.303238 1.76042e-11 0.00195479 
0.00374157 0.370019 0.57783 6.88763e-07 9.67533e-05 0.0164064 0.00862024 2.06009e-07 0.00319045 8.30549e-08 0.00327111 0.000582127 7.3816e-05 0.0153313 4.94816e-08 0.000835756 
0.0338383 0.00931972 0.0183787 1.04303e-06 0.00018567 0.0202217 0.0629477 2.60912e-05 0.676562 5.67871e-05 0.000504642 0.000777001 3.25634e-06 0.175352 1.01291e-06 0.00182471 
0.00289609 0.10646 0.0780877 0.000994256 9.80472e-05 0.633045 0.0194781 0.00106121 0.00663092 0.000276067 0.00270554 0.010086 0.000174864 0.124874 9.58602e-05 0.0130364 
0.00386253 0.50308 0.0253934 9.85538e-10 0.000239864 0.314206 0.00641172 2.56232e-05 0.00117335 2.52578e-06 0.00121256 7.31946e-05 8.9977e-06 0.143256 6.79003e-10 0.00105506 
0.00747315 0.067011 0.0512323 0.00192124 0.00252953 0.132471 0.0114049 0.569659 0.00181669 6.56536e-05 0.00407184 0.0121597 0.00279085 0.128827 2.51541e-05 0.00654051 
0.643779 0.128763 0.0187995 0.000383424 0.000947025 0.00380147 0.03171 1.87827e-05 0.000279003 0.000311923 0.00106449 0.00477875 5.69756e-05 0.160745 7.83224e-06 0.00455311 
0.179724 0.63909 0.0111703 1.36636e-05 0.000276162 0.0487081 0.005244 0.000344849 0.0025246 0.000108526 0.0376317 8.22e-05 5.68461e-05 0.036743 1.10956e-08 0.0382828 
0.0157407 0.105077 0.12809 0.000199058 2.48748e-08 0.118161 0.133865 0.000515347 0.0128558 0.0144001 0.0613817 4.61158e-05 6.45817e-05 0.0306939 2.15357e-08 0.378909 
0.012604 0.0324575 0.112785 0.00147247 0.000227333 0.0037098 0.0280528 2.59854e-05 0.00179938 0.000247945 0.00177731 0.000521599 0.00263127 0.0439032 4.76879e-06 0.75778 
0.00374157 0.370019 0.57783 6.88763e-07 9.67533e-05 0.0164064 0.00862024 2.06009e-07 0.00319045 8.30549e-08 0.00327111 0.000582127 7.3816e-05 0.0153313 4.94816e-08 0.000835756 
0.0238443 0.00959197 0.0385679 0.000334601 4.69868e-06 0.576247 0.217562 9.79637e-06 0.0446629 0.00185074 7.34186e-05 0.000117031 2.40638e-05 0.0823917 7.23128e-08 0.00471761 
0.00373871 0.287574 0.0546173 1.52616e-07 0.159665 0.132926 0.192991 8.35977e-08 9.14837e-07 5.22483e-05 0.0374 0.000680281 0.000225419 0.130108 2.22572e-10 2.14829e-05 
0.000114914 0.0708372 0.0645893 0.000116384 0.00176817 0.110156 0.0614587 0.00170865 0.00513819 0.548333 0.000571626 3.39331e-05 0.000226981 0.00445672 9.60691e-06 0.130481 
0.00127983 0.564954 0.0410532 0.00371536 8.84807e-05 0.00789556 0.15007 5.66632e-05 0.0144741 1.28329e-05 0.000123043 0.00208306 1.16992e-05 0.169203 8.70216e-06 0.0449711 
0.000373782 0.0516477 0.0996434 0.00763927 0.00121776 0.433168 0.236962 1.79083e-05 0.00943184 0.000922844 0.00377156 0.00258205 6.77326e-07 0.137518 1.1878e-07 0.0151024 
0.00131682 0.0189833 0.772076 7.74033e-09 3.90867e-06 0.119003 0.0436159 7.86573e-07 0.000280122 3.96631e-05 3.42038e-05 0.000399033 3.30302e-05 0.0175433 5.33283e-09 0.0266701 
0.00707372 0.138722 0.594347 0.000603997 0.000241504 0.00504441 0.0284327 5.06775e-07 0.0605634 0.0008168 0.00410523 0.000204956 9.15317e-08 0.0670628 7.0366e-08 0.0927812 
0.113047 0.19739 0.0473318 0.00117334 0.000385185 0.0505722 0.0240411 0.00220389 0.0191629 0.00118771 0.000937888 0.00155447 0.000123073 0.419888 4.15527e-05 0.12096 
0.747247 0.089898 0.0115206 1.20029e-12 6.60457e-05 0.0144949 0.037716 2.18998e-05 0.000471409 2.33689e-05 0.00104747 0.000126097 5.63567e-05 0.0920847 8.2696e-13 0.00522658 
0.153883 0.0676126 0.0347837 3.61684e-05 0.000722315 0.0156771 0.0935068 0.00123668 0.00394044 0.000267248 0.000486866 0.00768084 7.10591e-05 0.214054 7.14391e-06 0.406034 
0.0618518 0.0723172 0.0188042 0.00544117 0.0140605 0.379712 0.0789977 0.0207707 0.00480746 0.0461661 0.126135 0.00330367 0.0382356 0.0611838 0.00206725 0.0661465 
0.0455116 0.162524 0.0648739 0.00708984 0.0211289 0.0745747 0.118502 0.00147181 0.00437754 0.00543507 0.00366183 0.0100323 0.00225796 0.118919 0.00037247 0.359268 
0.0455157 0.0679476 0.309101 0.00553861 0.00595095 0.203682 0.126777 0.00202734 0.0140994 0.00253775 0.0359172 0.0147269 0.00472803 0.110435 0.000468298 0.0505471 
0.000994083 0.0411767 0.0357987 6.48788e-10 1.67903e-05 0.0085285 0.0302478 6.36984e-10 0.00016659 8.02839e-06 0.000100224 0.00187043 2.07427e-05 0.869329 4.46993e-10 0.011742 
0.0107595 0.0891604 0.0694201 2.02948e-07 2.00741e-05 0.0834894 0.275066 6.68639e-07 0.00179307 0.00169813 0.000848139 0.000107868 4.12999e-06 0.456115 1.24398e-09 0.0115175 
0.044397 0.155582 0.0797911 0.00460952 0.00844064 0.20793 0.117406 0.000836713 0.147181 0.00554062 0.0114935 0.00581444 0.000881066 0.132361 0.000129124 0.077607 
0.0516169 0.194887 0.222289 0.000209887 0.00267091 0.25633 0.0485632 0.00669109 0.0458962 0.0264052 0.0101228 0.0433678 0.00723657 0.00854005 0.000150672 0.0750226 
0.0264782 0.283352 0.154233 0.0974584 2.68621e-05 0.0199147 0.0995383 0.000975415 0.0215559 0.00172331 0.00459179 0.0013749 0.000272512 0.0737437 3.3826e-07 0.214761 
0.0093705 0.130373 0.325979 8.06851e-07 5.67919e-07 0.127819 0.112385 3.66271e-08 0.0226436 2.97342e-11 0.0505695 2.00071e-07 0.000100794 0.218243 1.83457e-11 0.00251529 
0.0076875 0.0713196 0.114847 0.000466385 0.210335 0.26789 0.0681615 2.82651e-05 0.0942008 0.000114516 0.082344 0.0278547 0.000692278 0.0437406 2.88888e-06 0.0103157 
0.0764826 0.0740608 0.107563 0.00035561 0.00154929 0.0296166 0.170598 5.60091e-05 0.00749089 0.0986916 0.296741 0.0161667 0.000845104 0.0448044 4.18174e-06 0.0749749 
0.0436283 0.0172982 0.0929139 0.00932815 0.000560973 0.67715 0.0701714 5.46721e-05 0.00322845 0.00321269 0.00981061 0.00264406 0.000321704 0.0141175 1.19924e-05 0.0555473 
0.0277756 0.0967405 0.297913 0.00491238 0.0399253 0.432509 0.0503504 1.48517e-05 0.00179769 0.00225329 0.0276531 0.000154759 0.00133186 0.0119842 3.0739e-10 0.0046849 
0.0263705 0.718384 0.0277272 2.79042e-05 0.00122245 0.0516049 0.00593651 2.48725e-05 0.0164828 3.07015e-05 0.000953192 0.00945386 5.25483e-05 0.0979137 8.80305e-06 0.0438064 
0.012917 0.0140703 0.0467494 0.000854233 0.00319993 0.247285 0.141456 1.61612e-10 0.118142 1.83809e-10 0.389451 0.000278675 0.000230167 0.0206586 1.13409e-10 0.00470761 
0.00580341 0.0584738 0.0434789 0.000826022 0.000233165 0.639686 0.135042 0.00140001 0.00513207 0.000776039 0.000616367 0.000640087 0.000294115 0.0759846 9.33277e-05 0.0315201 
0.0118839 0.0839179 0.0367531 0.000212286 0.00729169 0.60939 0.106554 2.22035e-05 0.0114178 0.0119667 0.0636799 0.0135369 0.000478534 0.0242771 5.08708e-06 0.0186139 
0.00242587 0.0251735 0.00239639 1.03274e-05 0.000659608 0.805481 0.132525 3.14655e-05 0.00776578 0.000391293 0.0199337 0.000361482 2.51646e-05 0.000628515 9.56777e-06 0.00218088 
0.0444731 0.160939 0.0721654 1.92177e-05 0.00123701 0.0106121 0.0391968 5.18877e-06 0.00537248 2.14477e-06 2.01205e-05 0.000345785 2.67239e-05 0.48126 1.88568e-07 0.184325 
0.00660819 0.0947573 0.0161687 6.96532e-05 3.88897e-05 0.697227 0.013139 5.7772e-05 0.133703 0.000106683 0.0143822 0.00183779 0.000986984 0.0192563 2.64294e-05 0.00163439 
0.012539 0.0909533 0.126057 0.000230324 0.00279146 0.547394 0.0634508 0.000192345 0.00912755 0.00309107 0.000292421 0.00656293 0.000286804 0.116245 4.14734e-05 0.0207446 
0.603958 0.200257 0.0192653 0.000115701 0.00508924 0.0146703 0.0155976 5.18877e-05 0.00122785 0.00205697 0.000520817 0.00533117 0.000114874 0.101638 6.82498e-06 0.0300982 
0.0220655 0.213114 0.103942 0.00922149 0.00220972 0.103826 0.302724 0.000627852 0.0249901 0.0118945 0.00263402 0.0351199 0.00160026 0.155103 0.0004772 0.0104509 
0.0178571 0.138497 0.53989 0.00014323 0.000159155 0.00791955 0.0275284 7.53628e-05 0.0148445 0.000123516 0.0143587 0.163993 0.000375548 0.0563595 3.89333e-05 0.0178372 
0.00529845 0.133065 0.148311 7.37114e-06 0.000933242 0.0874276 0.0217081 0.00102219 8.85481e-05 0.000120591 0.000610994 0.000970736 9.04443e-05 0.579574 5.50545e-06 0.0207665 
0.000475348 0.0140608 0.00706959 6.40639e-07 9.03533e-05 0.0271981 0.00472117 6.28984e-07 2.7846e-05 0.941029 0.000102593 1.20365e-05 8.44176e-07 0.000123125 4.41379e-07 0.00508757 
0.0216768 0.337991 0.189496 6.48864e-10 5.16361e-10 0.152528 0.00291849 4.23896e-07 1.13232e-06 0.0131216 0.0108527 5.90362e-07 0.000588828 0.24307 4.47046e-10 0.0277553 
0.0381568 0.101893 0.0777303 0.10258 0.0232099 0.198767 0.176124 4.76272e-06 0.00336856 0.000203336 0.00697022 0.0240497 0.000109038 0.168736 7.0393e-09 0.078099 
0.0593987 0.0511686 0.25515 2.0874e-05 4.30787e-05 0.021446 0.0522795 0.00165336 0.00170848 0.000343392 0.00034791 0.000727969 0.000136068 0.394309 5.55352e-07 0.161266 
0.0436683 0.412861 0.0404001 8.47137e-05 0.00107093 0.411132 0.019778 1.0218e-06 0.00165983 0.000548986 0.00600752 0.0149157 0.000233951 0.0332079 3.66569e-08 0.0144295 
0.000162829 0.0659667 0.0303649 1.05002e-06 0.000115592 0.510744 0.0142692 0.000133504 0.0222779 3.63418e-05 0.000153363 9.07794e-05 6.50668e-06 0.036871 7.23432e-07 0.318805 
0.0151269 0.0315321 0.0155734 0.0489972 3.27001e-07 0.0763178 0.0833492 0.137942 0.000966001 3.47241e-05 0.533717 0.000743535 0.000825566 0.0220278 1.0605e-07 0.0328459 
0.000564094 0.136558 0.0854593 8.2187e-07 0.0124848 0.689535 0.0121935 5.1713e-06 0.000726633 1.14287e-06 0.0142118 0.0259772 9.60146e-05 0.0221405 2.24734e-07 4.59204e-05 
0.000541138 0.00118225 0.00250519 3.66028e-06 8.63772e-07 0.0401155 0.011183 6.60474e-07 0.933988 2.03511e-07 0.00389932 4.33292e-08 3.22138e-05 0.00618456 4.11851e-10 0.000362995 
0.0545188 0.100157 0.0741021 1.91931e-06 0.00140852 0.601031 0.101212 2.60919e-05 0.000416815 0.000897098 0.000497582 0.00236001 1.72334e-05 0.0514078 1.05545e-06 0.0119451 
0.0332313 0.32088 0.427506 0.000542999 0.00435201 0.0430405 0.062939 6.84199e-05 0.00380154 0.00987238 0.00216623 0.00120978 0.00119665 0.0717853 4.92687e-05 0.0173587 
0.0329023 0.0354361 0.276193 0.000452763 0.000458008 0.0755838 0.0204446 9.56166e-05 0.00281144 0.000472532 0.358307 0.0103243 0.142227 0.0331258 3.74032e-05 0.0111284 
0.0198156 0.389165 0.233183 0.000282121 0.00421768 0.0187692 0.0263875 0.000364819 0.0143862 0.0155735 0.0194181 0.0385755 0.000278601 0.106684 9.51208e-05 0.112803 
0.138361 0.109176 0.0133039 0.0013969 0.000205757 0.0126733 0.0371823 3.59933e-05 0.00205912 0.0193108 0.000492323 0.0275264 0.000103832 0.635121 2.46845e-05 0.00302699 
0.00374157 0.370019 0.57783 6.88763e-07 9.67533e-05 0.0164064 0.00862024 2.06009e-07 0.00319045 8.30549e-08 0.00327111 0.000582127 7.3816e-05 0.0153313 4.94816e-08 0.000835756 
0.565378 0.101777 0.121819 5.31836e-05 1.15028e-05 9.3563e-05 0.0475299 3.40502e-06 0.000129024 0.023524 0.0227276 0.000166855 0.00076879 0.100992 3.11808e-06 0.0150231 
0.604591 0.145471 0.0215539 0.000536785 0.00132583 0.00532204 0.0348679 2.35204e-05 0.000362511 0.000436685 0.00116658 0.00624623 5.25837e-05 0.172474 1.09643e-05 0.0055581 
0.0133483 0.0890798 0.0573453 0.00195846 0.000150833 0.231649 0.304012 0.000143244 0.029294 0.00213813 0.000340693 0.096887 0.000153498 0.169358 0.000112084 0.00402988 
0.0377637 0.751401 0.0981617 4.38422e-11 1.98904e-07 0.0784433 0.023784 6.11276e-07 1.48271e-07 4.89566e-11 6.73809e-07 0.0101799 0.000259923 4.16726e-06 3.02058e-11 7.17682e-07 
0.0245598 0.0764191 0.0623586 0.00302069 0.0208658 0.231666 0.0655211 0.322348 0.00281105 0.000592706 0.0018123 0.0519226 0.000175679 0.0215919 9.61736e-06 0.114325 
0.0590421 0.0498317 0.046628 0.00109391 9.65163e-05 0.0107146 0.156872 0.000117313 0.0279641 0.000368593 0.00330147 0.119665 0.000401737 0.350716 2.88826e-05 0.173159 
0.00143556 0.00123151 0.0214497 4.5797e-10 6.53553e-05 0.00593518 0.0145678 4.49639e-10 0.879483 5.55205e-06 5.46141e-08 3.49265e-05 1.3707e-07 0.0353841 3.15526e-10 0.0404067 
0.00526659 0.817176 0.0184851 4.48888e-05 3.55222e-06 0.000919515 0.00671937 6.01443e-06 0.000189726 0.000208535 0.00270753 0.000183249 1.33259e-06 0.0236357 5.80019e-09 0.124453 
0.00414755 0.0754478 0.241316 1.775e-05 0.0254745 0.485122 0.140837 7.44518e-05 0.0013987 0.00735794 0.00452705 1.42585e-05 2.42215e-05 0.0103458 1.14268e-05 0.00388319 
4.33802e-05 0.0240478 0.00300661 8.26276e-08 6.41666e-07 0.00113196 0.106691 7.9224e-06 0.0201254 0.00595777 0.000140834 0.0029564 5.52201e-06 0.283716 5.69277e-08 0.552168 
0.0171389 0.00749269 0.0836857 1.11995e-05 0.000112057 0.00457723 0.0471484 6.77698e-08 0.0560817 0.000755559 0.000153834 1.90336e-05 3.75539e-05 0.0398686 4.75563e-08 0.742917 
0.00342714 0.0105082 0.524387 1.50098e-05 0.00017042 0.0151264 0.0203668 9.6472e-06 0.00776294 0.000635412 4.54969e-05 0.000115365 0.018345 0.0260252 3.17605e-07 0.37306 
0.00128536 0.0186389 0.0906153 0.00206216 0.00799945 0.265831 0.00353273 0.563045 0.00761706 0.00685831 7.18746e-05 1.00274e-05 0.00206765 0.0151064 8.00212e-07 0.0152579 
0.00316811 0.0235122 0.0908328 3.67551e-05 0.0182239 0.0163931 0.802886 4.4102e-06 6.4697e-06 1.09796e-05 0.00010166 0.023732 5.2162e-06 0.0202147 2.16953e-06 0.000869066 
0.394598 0.235604 0.0677532 6.70047e-05 0.000150945 0.0627748 0.0339026 5.46641e-05 0.000166888 0.000213213 0.00160199 0.0101557 6.67399e-05 0.0735382 5.8188e-06 0.119346 
0.00239825 0.276686 0.171506 0.0123621 4.35848e-05 0.0130252 0.161916 2.33865e-05 0.00613639 0.000211061 0.00183749 0.00640812 6.25893e-05 0.280861 6.8916e-07 0.0665223 
0.00503831 0.0391021 0.00655634 7.70375e-05 0.00784353 0.0473993 0.0875502 3.50264e-05 0.727362 0.000120299 0.000111351 0.000569808 3.8684e-05 0.0641857 2.69373e-05 0.013983 
0.0289258 0.159499 0.037061 0.00457747 4.4761e-07 0.385778 0.170316 2.52735e-05 0.00402705 2.46921e-05 0.0031145 0.00923547 1.68399e-07 0.194137 4.54717e-09 0.00327795 
0.00506293 0.2675 0.0550015 0.00777278 0.0305203 0.355883 0.122293 0.000586104 0.00472691 0.00011463 0.000650475 0.0898924 5.20181e-05 0.053438 3.20802e-05 0.00647366 
0.00051613 0.0331862 0.109312 8.58324e-05 0.000561787 0.756735 0.0320454 4.34121e-05 1.6304e-05 0.000163149 0.00056489 0.0512008 0.000111028 0.0140316 1.96439e-09 0.00142596 
0.00576809 0.000938781 0.00337548 1.31866e-08 0.984474 0.00150519 0.000510698 4.0445e-07 0.000658344 1.53367e-07 3.41167e-06 5.92167e-05 5.56705e-05 0.00254976 7.31611e-09 0.000100372 
0.17314 0.167415 0.196452 3.62217e-05 1.35499e-05 2.82602e-05 0.00654008 2.57204e-08 0.00315876 0.00141583 0.000618598 0.00267972 8.40993e-06 0.123119 1.84097e-08 0.325374 
0.024248 0.219053 0.0796349 0.00246169 0.00448429 0.0212924 0.0314994 4.9475e-05 0.00916245 0.0008999 0.00742015 0.00393884 5.4246e-05 0.553234 1.55789e-05 0.0425522 
0.0361235 0.0116382 0.0255039 0.0220453 0.000679169 0.625926 0.0765373 0.000888184 0.0159004 1.56004e-05 1.54289e-05 0.000193882 2.779e-06 0.139765 6.61609e-07 0.0447641 
0.0532104 0.236481 0.114769 0.000734548 0.000709036 0.0418786 0.0206913 0.000165052 0.00137217 7.48792e-05 0.000131129 0.00122887 0.000281275 0.0993253 6.54804e-05 0.428881 
0.125497 0.310493 0.0948578 2.34391e-05 4.42174e-07 0.075773 0.20378 2.68093e-06 0.0152656 2.09281e-06 0.00334763 0.0133495 4.14646e-05 0.123017 2.3527e-07 0.0345495 
0.0635119 0.0121883 0.0570418 2.54047e-07 0.45417 0.341861 0.0605694 9.78589e-05 3.48584e-06 9.88386e-05 0.00372851 7.77149e-05 0.00112153 0.00433114 2.87641e-09 0.00119841 
0.0351934 0.0276204 0.00742462 7.66662e-08 1.7776e-07 0.0879888 0.534851 2.50868e-11 5.31512e-07 2.85324e-11 0.00160394 0.000115154 8.4769e-06 0.303238 1.76042e-11 0.00195479 
0.000510737 0.0441201 0.0156867 8.47742e-11 4.97681e-05 0.00168308 0.173936 8.2273e-08 1.83013e-06 0.000564047 1.32915e-07 1.78506e-07 3.76533e-05 0.763141 5.84066e-11 0.000268845 
0.00476499 0.00771731 0.0391228 3.23889e-08 9.33033e-08 0.804541 0.0755293 8.64934e-07 0.00851313 0.000690194 0.0511262 0.000720954 8.64144e-07 0.00716312 2.23149e-08 0.000108878 
0.00108379 0.0218445 0.488217 0.000536331 4.7614e-05 0.00987586 0.339524 0.00101565 0.00116788 2.97198e-05 0.00156429 9.18097e-05 0.0142575 0.118377 2.95443e-06 0.00236378 
0.61574 0.068303 0.00952322 4.432e-05 4.6503e-05 0.00135078 0.0402812 8.2346e-06 0.00201331 0.000213199 6.87399e-05 0.00865691 6.01909e-05 0.210698 3.93112e-09 0.0429917 
0.00566414 1.66646e-09 0.00107852 6.49458e-09 0.99218 0.000285817 0.000169403 6.44767e-07 2.80822e-06 4.2326e-07 0.00010621 1.89118e-05 0.000239005 0.000254219 2.57605e-10 7.49811e-09 
0.114368 0.207225 0.0315321 0.000141879 0.000109825 0.180177 0.0403574 0.000674479 0.0345854 0.000629932 0.00774824 0.0015103 2.99194e-05 0.340926 1.44243e-05 0.0399706 
0.232767 0.362797 0.0908108 3.15972e-05 0.0102553 0.153881 0.0366517 0.000485275 0.0014135 0.0333155 0.00748745 0.0146818 0.000253348 0.0476068 8.21298e-13 0.00756249 
0.0444224 0.0543925 0.0447117 8.74509e-06 6.52836e-06 0.789699 0.0164532 4.12374e-05 0.00176261 0.000381026 0.00501135 0.00028076 3.33857e-05 0.037983 2.99271e-07 0.00481183 
0.604591 0.145471 0.0215539 0.000536785 0.00132583 0.00532204 0.0348679 2.35204e-05 0.000362511 0.000436685 0.00116658 0.00624623 5.25837e-05 0.172474 1.09643e-05 0.0055581 
0.0465338 0.164544 0.179526 0.000711979 0.000212444 0.0143482 0.0263982 0.000536259 0.00576748 0.00146297 0.000564914 0.00076227 0.000102861 0.53314 1.90976e-05 0.0253695 
0.0175867 0.101012 0.1972 0.0102036 0.00837024 0.27914 0.124387 0.0188899 0.000669262 0.00529636 0.0227504 0.0436617 0.00850378 0.138077 6.84061e-05 0.0241844 
0.0288833 0.0553114 0.0530146 2.607e-05 6.55546e-05 0.0697175 0.713139 4.63589e-06 0.0527905 0.00156186 0.00131621 0.0189968 0.000164436 0.00441174 3.92311e-06 0.000592492 
0.000155382 0.00133317 0.000389776 2.3986e-08 0.000239981 0.000650255 0.0704753 1.35213e-08 0.912419 4.8767e-05 1.97449e-05 0.000304427 3.5313e-08 0.0139637 5.96976e-09 7.12499e-08 
0.00116675 0.009837 0.020544 1.40958e-06 7.44702e-07 0.494265 0.0176101 3.68227e-10 0.0165484 4.18802e-10 0.390405 0.000101055 0.000617365 0.0472644 2.58397e-10 0.00163865 
0.000527199 0.00258638 0.00219417 0.000117098 0.00351177 0.856293 0.119571 0.00138897 0.000157501 0.000254381 0.000150294 1.04106e-06 3.48116e-05 0.0132115 2.28823e-08 7.63656e-07 
0.0977448 0.148797 0.00193268 1.8878e-07 1.5023e-07 0.208047 0.065321 0.00946608 0.0701296 0.000115405 0.00123335 2.14833e-05 1.66575e-06 0.31084 1.30063e-07 0.086349 
0.0267184 0.315565 0.218384 5.75642e-12 0.00106703 0.0103813 0.0440549 5.65169e-12 1.70992e-08 2.14803e-08 0.000131206 0.132532 5.44202e-06 0.0823772 3.96598e-12 0.168783 
0.0358749 0.0692634 0.231881 0.384589 0.00166113 0.00371672 0.0140898 0.000229937 0.0016716 0.0016344 0.00172934 0.00909836 0.00106053 0.0757884 7.91791e-05 0.167632 
0.012917 0.0140703 0.0467494 0.000854233 0.00319993 0.247285 0.141456 1.61612e-10 0.118142 1.83809e-10 0.389451 0.000278675 0.000230167 0.0206586 1.13409e-10 0.00470761 
0.00142471 0.124805 0.0230803 0.015994 0.000576572 0.606056 0.15336 0.000148447 0.00391833 9.55229e-05 0.0190417 0.00675521 0.0030788 0.0397001 3.78967e-05 0.00192774 
0.0230833 0.174528 0.0499929 0.000323295 0.0133612 0.370686 0.0739275 0.00467569 0.000642523 0.00953511 0.00416461 0.0581607 0.000198394 0.132423 8.26222e-05 0.0842157 
0.0151344 0.0147418 0.224538 0.00167513 0.0608511 0.244736 0.31055 0.00197826 0.0192702 0.00256152 0.0608608 0.00105657 0.000659981 0.0299019 4.91005e-07 0.0114834 
0.00178589 0.175603 0.0751292 0.00209968 3.14904e-05 0.0293156 0.0110819 6.93744e-06 0.151476 8.46042e-05 0.00354534 0.00440597 3.49045e-06 0.54249 3.67853e-08 0.00294091 
0.604591 0.145471 0.0215539 0.000536785 0.00132583 0.00532204 0.0348679 2.35204e-05 0.000362511 0.000436685 0.00116658 0.00624623 5.25837e-05 0.172474 1.09643e-05 0.0055581 
0.0900712 0.0194762 0.0824687 9.0407e-05 0.00441914 0.0735697 0.0867992 3.68698e-05 0.0329849 0.0015297 0.000302661 0.00176101 1.44597e-05 0.485046 1.04129e-05 0.121419 
0.00576809 0.000938781 0.00337548 1.31866e-08 0.984474 0.00150519 0.000510698 4.0445e-07 0.000658344 1.53367e-07 3.41167e-06 5.92167e-05 5.56705e-05 0.00254976 7.31611e-09 0.000100372 
0.0129793 0.765928 0.0729785 1.40756e-07 4.13877e-09 0.00538505 0.0165354 4.42602e-12 0.0128844 6.58853e-06 9.82458e-05 0.00017342 6.94402e-06 0.0695427 3.10589e-12 0.0434811 
0.0429529 0.182872 0.0482094 0.000412965 0.00456251 0.0666252 0.0555205 0.0114939 0.00334006 0.35054 0.0116586 0.00468566 4.8487e-05 0.212317 2.08262e-05 0.00473983 
0.0246334 0.826702 0.0169456 0.000620687 0.000764247 0.0192912 0.0062338 0.000787762 0.00336564 0.000447755 0.00311844 0.00567849 9.11386e-05 0.0143281 8.11175e-05 0.0769106 
0.000230126 0.000138428 0.0260014 8.81919e-10 2.53593e-05 0.000626572 0.236723 8.65875e-10 0.00218885 0.71491 2.54966e-06 1.25666e-06 5.68118e-05 0.0189411 6.07613e-10 0.000155337 
0.00167603 0.118163 0.130931 1.01761e-05 0.0229923 0.159667 0.416755 0.000469817 0.00288668 5.1533e-06 0.000152682 0.137639 4.88109e-05 0.000829431 2.59389e-06 0.00777165 
0.00703674 0.00238066 4.24746e-07 5.67211e-09 6.59634e-05 0.00614462 0.0625258 1.28694e-06 0.907918 1.49652e-05 0.00012381 0.000512971 6.29917e-07 0.0132577 1.34125e-09 1.65002e-05 
0.104925 0.0385194 0.044987 0.00128318 0.255021 0.0209812 0.0153619 0.425439 0.00552034 0.000244595 0.00374083 0.00992981 0.0243968 0.0316326 7.23998e-05 0.0179441 
0.00018526 0.0146271 0.0563142 0.000128481 0.577105 0.298474 0.0167683 2.77116e-05 0.00367029 0.000206673 0.000396524 0.0131256 0.00103734 0.0172376 2.61409e-05 0.000669564 
0.0134959 0.0184455 0.0511247 0.00745035 0.0220935 0.183927 0.517086 0.0769647 0.00414218 0.00159433 0.00340749 0.00485361 9.62335e-05 0.0531111 5.5809e-05 0.0421511 
0.00576809 0.000938781 0.00337548 1.31866e-08 0.984474 0.00150519 0.000510698 4.0445e-07 0.000658344 1.53367e-07 3.41167e-06 5.92167e-05 5.56705e-05 0.00254976 7.31611e-09 0.000100372 
7.54915e-06 0.00771522 0.0798731 1.04485e-05 0.00450192 0.130066 0.7349 2.51698e-08 0.0020712 2.86268e-08 8.93663e-06 0.000165412 1.24661e-06 0.0406679 1.76625e-08 1.13539e-05 
8.59822e-07 0.000367528 0.00274922 1.73524e-06 2.69539e-07 0.41885 0.514848 6.86566e-07 0.00369517 2.01975e-09 8.89098e-05 1.3239e-05 1.34222e-06 0.0593684 1.24617e-09 1.43148e-05 
0.0395446 0.0115333 0.0830459 3.30741e-07 0.345762 0.440608 0.00577772 5.30379e-07 1.13654e-06 1.07424e-07 0.0147299 1.52612e-08 0.00254066 0.0512332 1.37928e-10 0.0052228 
0.604591 0.145471 0.0215539 0.000536785 0.00132583 0.00532204 0.0348679 2.35204e-05 0.000362511 0.000436685 0.00116658 0.00624623 5.25837e-05 0.172474 1.09643e-05 0.0055581 
0.00354856 0.00316888 0.00933582 0.00223684 0.90119 0.00567938 0.030344 0.000949247 0.00347358 0.000130205 0.000144567 0.00121927 1.42105e-05 0.0278567 1.08937e-05 0.0106978 
0.104738 0.724889 0.015506 0.000151691 5.11882e-05 0.00978725 0.00789214 2.15296e-05 0.00123693 0.000105771 5.24422e-05 0.00460327 8.5679e-05 0.118504 2.81464e-08 0.0123746 
0.0148771 0.0573244 4.59712e-06 7.45117e-08 7.47918e-06 0.843195 0.0191675 4.24772e-06 1.58896e-05 0.000393034 0.000134298 0.0646586 8.81648e-05 7.6114e-05 5.13361e-08 5.39345e-05 
0.085424 0.0155809 0.0433029 0.000643794 2.36303e-09 0.000765481 0.019571 5.13396e-11 0.000890345 0.00036848 7.0723e-08 0.000294336 3.06472e-08 0.620716 3.60267e-11 0.212442 
0.000332552 0.013016 0.0112334 3.57707e-09 0.00031801 0.966661 0.00479222 2.35742e-06 4.02556e-05 0.00028601 5.52002e-06 0.000140426 1.41888e-05 0.0024544 2.46448e-09 0.000703839 
0.0172555 0.890166 0.0129554 2.46909e-05 2.21131e-06 0.000463032 0.00336653 3.68886e-06 9.83068e-05 0.000108037 0.00136449 9.33156e-05 9.59568e-07 0.0118281 7.21252e-07 0.0622691 
0.00246324 0.00509697 0.121585 5.5937e-05 1.36191e-05 0.00881487 2.57093e-05 1.67321e-05 0.818896 6.74704e-06 0.00324294 3.25068e-06 0.00063847 0.0021884 2.09001e-09 0.0369527 
0.00460193 0.0553752 0.0104799 0.000804872 7.33036e-05 0.0115552 0.864428 5.21129e-05 0.000755827 0.00165931 0.00155164 0.00367037 0.000160466 0.04346 4.86019e-07 0.00137182 
0.0136862 0.10395 0.416537 0.00232799 8.39929e-05 0.149475 0.00802391 0.000337869 0.13712 0.00040146 0.036957 0.00605762 0.0735273 0.0462127 3.2202e-05 0.0052696 
0.0470661 0.363525 0.235478 2.6734e-05 5.38176e-05 0.0188591 0.0236807 0.000100383 0.000924134 0.000232601 0.00311133 0.0110205 6.63473e-05 0.233011 5.17409e-06 0.0628388 
0.065742 0.379846 0.176531 1.58719e-05 7.44292e-05 0.0101666 0.0195435 0.000323691 0.000467524 0.000494139 0.0018796 0.0151674 5.19639e-05 0.230833 6.91628e-06 0.0988559 
6.7042e-07 0.0215631 0.000145278 1.46471e-07 1.55359e-08 0.931345 0.0393927 2.57891e-10 4.45902e-07 2.93312e-10 0.00253751 0.000349734 0.000251569 0.00441411 1.80971e-10 1.5487e-07 
0.0184846 0.216679 0.0641103 7.86192e-05 0.000124004 0.0269161 0.182598 0.000184439 0.00483731 0.000243602 0.000178609 0.00206454 0.00634662 0.260895 2.96861e-06 0.216258 
0.255595 0.058174 0.0775584 0.00547223 0.174605 0.0486846 0.0443589 0.133175 0.00792043 0.00731996 0.0208594 0.0132287 0.00544204 0.0905707 0.000618774 0.0564165 
0.10652 0.174831 0.244223 0.00185488 0.012788 0.0432195 0.0681252 0.000985581 0.00075587 0.000727265 0.213168 0.0179604 0.000464328 0.107637 0.000344552 0.00639502 
0.00893433 0.05838 0.0465154 4.69868e-05 0.0060361 0.529573 0.0223539 0.00235881 0.176917 1.63755e-05 0.012339 0.00652954 0.000516085 0.0788627 7.37031e-07 0.0506195 
0.0316972 0.176611 0.0663993 0.000216815 0.000642796 0.0276047 0.18412 7.34637e-05 0.00920296 0.000348367 0.000748258 0.0295244 0.000436786 0.405891 1.70881e-05 0.0664659 
0.000332552 0.013016 0.0112334 3.57707e-09 0.00031801 0.966661 0.00479222 2.35742e-06 4.02556e-05 0.00028601 5.52002e-06 0.000140426 1.41888e-05 0.0024544 2.46448e-09 0.000703839 
0.012917 0.0140703 0.0467494 0.000854233 0.00319993 0.247285 0.141456 1.61612e-10 0.118142 1.83809e-10 0.389451 0.000278675 0.000230167 0.0206586 1.13409e-10 0.00470761 
0.00208691 0.00400048 2.56175e-05 8.16299e-06 3.30231e-06 0.982374 0.00537857 0.000753344 4.0547e-05 1.43723e-05 5.96152e-06 0.00208271 0.000673608 0.00211462 4.08536e-08 0.00043776 
0.00396996 0.0339341 0.0149899 2.6119e-06 5.07412e-06 0.558225 0.293812 6.93032e-05 0.0044684 0.0515512 0.0111319 0.0121115 0.00044159 0.00769582 5.54062e-07 0.0075918 
0.000260145 0.015651 0.0375294 0.418713 0.00318894 0.0298194 0.263996 5.52094e-05 0.042976 0.00208307 0.000322812 0.0019249 0.000106944 0.150284 4.48392e-05 0.0330439 
0.603958 0.200257 0.0192653 0.000115701 0.00508924 0.0146703 0.0155976 5.18877e-05 0.00122785 0.00205697 0.000520817 0.00533117 0.000114874 0.101638 6.82498e-06 0.0300982 
0.00690216 0.0219532 0.0181437 1.39437e-07 0.000215921 0.709606 0.0836871 8.30446e-06 0.000969859 0.000229995 0.0905892 0.000106823 0.000226514 0.0302449 9.60675e-08 0.0371163 
0.000732258 0.0499405 0.109571 0.00181573 0.00222984 0.73511 0.0505613 0.000734247 0.00566282 0.000253123 0.00016763 0.0038318 8.74989e-05 0.0376708 4.18003e-05 0.00158928 
0.000541138 0.00118225 0.00250519 3.66028e-06 8.63772e-07 0.0401155 0.011183 6.60474e-07 0.933988 2.03511e-07 0.00389932 4.33292e-08 3.22138e-05 0.00618456 4.11851e-10 0.000362995 
0.532413 0.177972 0.0625272 1.56094e-05 0.000323261 0.022198 0.0488167 1.61008e-05 5.35098e-05 0.000142707 0.000569855 0.00609314 6.81659e-05 0.0983232 2.97297e-06 0.0504643 
0.00989365 0.0429675 0.0405237 8.43343e-07 1.62646e-06 0.478857 0.095007 1.7236e-05 0.000783766 0.00633598 0.0179851 0.00149296 0.000205794 0.0114977 3.04626e-07 0.294429 
0.0426722 0.203477 0.0221743 0.000247235 6.65434e-06 0.000446899 0.000552998 0.00154615 0.000557933 2.33573e-05 0.000569275 2.9055e-05 0.00210833 0.05512 5.40011e-06 0.670464 
0.133194 0.305242 0.0594262 0.00128049 0.000480288 0.00334421 0.0290769 2.31259e-05 0.00121931 0.000491337 0.00182867 0.0331948 0.0349653 0.358267 1.12275e-05 0.0379558 
0.0238416 0.345246 0.0448664 0.000984316 0.00033935 0.482746 0.0173107 0.00873195 0.00501253 0.00408499 0.00064519 0.00024028 0.000194317 0.0459353 0.000101137 0.0197194 
0.0472535 0.110246 0.450139 0.00647396 0.0135201 0.121801 0.0410002 1.67084e-05 0.00297933 7.52092e-05 0.022292 0.00226899 0.000131303 0.158965 1.15245e-05 0.0228266 
0.000254082 0.0754368 0.0479822 4.0453e-10 0.000616842 0.00515001 0.61332 1.58797e-07 0.20392 0.00132585 3.64571e-05 0.0059828 1.15736e-08 0.0429146 2.78708e-10 0.00305994 
0.00161675 0.0876242 0.0602726 8.42385e-05 0.0251523 0.0944304 0.0867895 0.000160626 0.00781421 0.000464924 0.28807 0.00528567 0.00093098 0.0817259 5.20636e-08 0.259578 
0.604591 0.145471 0.0215539 0.000536785 0.00132583 0.00532204 0.0348679 2.35204e-05 0.000362511 0.000436685 0.00116658 0.00624623 5.25837e-05 0.172474 1.09643e-05 0.0055581 
0.082851 0.0573488 0.505918 0.00307493 1.23896e-06 0.00218185 0.042714 6.84802e-07 0.0516274 0.000162231 0.000268244 5.58931e-06 8.68698e-07 0.192397 6.82399e-07 0.0614476 
0.0517832 0.0205435 0.0195201 4.73076e-10 3.7647e-10 0.427195 0.372004 2.23429e-05 0.00243169 1.05264e-06 0.00488709 0.000121406 0.000124605 0.100054 3.25934e-10 0.00131183 
0.00497337 0.315532 0.0581159 9.56743e-05 0.000196961 0.037711 0.126486 3.6072e-06 0.00906818 3.1767e-05 0.00168133 0.000696533 2.47444e-05 0.427226 1.82683e-06 0.0181548 
0.0138396 0.0913721 0.185526 0.000270269 3.73046e-05 0.522116 0.0706855 0.000164976 0.00761489 0.000134786 2.82614e-06 0.00609148 0.00046427 0.0045068 1.26391e-07 0.0971732 
0.00265092 0.00112447 0.0221039 2.00011e-07 0.000525746 0.642321 0.00712096 0.000251298 0.00092753 0.258229 0.0012794 4.10253e-05 1.10101e-06 0.0480147 1.37801e-07 0.0154081 
0.00497337 0.315532 0.0581159 9.56743e-05 0.000196961 0.037711 0.126486 3.6072e-06 0.00906818 3.1767e-05 0.00168133 0.000696533 2.47444e-05 0.427226 1.82683e-06 0.0181548 
0.020724 0.0411261 0.14767 6.0903e-06 0.000149664 0.660261 0.0322991 0.000163405 0.00172613 0.000160015 0.000404419 0.013973 4.45582e-05 0.0624175 5.12866e-07 0.0188749 
0.00274956 0.360231 0.559336 7.89074e-05 0.00415677 0.0208624 0.0136916 5.26259e-05 0.00100869 8.1979e-05 0.0100727 0.00968473 0.000234842 0.0147213 5.47651e-06 0.00303075 
0.067069 0.242429 0.174405 6.30117e-10 5.01441e-10 0.090094 0.050295 5.31287e-07 1.41957e-06 0.0010623 1.71044e-06 4.88301e-07 2.98903e-07 0.262852 4.3413e-10 0.111789 
0.00780345 0.00377242 0.0319227 0.00250547 1.04397e-05 0.0503705 0.0776168 1.36199e-05 0.674084 1.52956e-05 0.00655563 3.31865e-05 0.000313685 0.143409 2.54424e-06 0.0015712 
0.00121003 0.108084 0.181063 8.70312e-06 0.0399516 0.38348 0.0498069 0.000763492 0.0336044 0.00011016 0.0031833 0.00257452 0.000281988 0.177269 9.39034e-07 0.0186089 
0.00362557 0.54933 0.0107358 1.89016e-09 2.52931e-06 0.002626 0.0151049 1.98332e-11 0.00102031 0.00015674 0.000919842 0.159727 1.07859e-06 0.235684 1.39176e-11 0.0210654 
0.0990371 0.0206542 0.0345258 9.10907e-11 5.79847e-05 0.0763628 0.0152011 0.000409772 0.00179392 0.00566758 0.0284602 9.77469e-05 1.19909e-07 0.633079 6.27585e-11 0.0846526 
0.0136862 0.10395 0.416537 0.00232799 8.39929e-05 0.149475 0.00802391 0.000337869 0.13712 0.00040146 0.036957 0.00605762 0.0735273 0.0462127 3.2202e-05 0.0052696 
0.0574254 0.174012 0.0891412 0.000422083 3.23032e-05 0.0395663 0.0221303 5.13195e-05 0.00112372 0.00023096 0.000921143 0.00404743 9.13171e-05 0.15589 1.39543e-05 0.4549 
0.0239833 0.140702 0.0181362 5.17726e-05 0.000162969 8.28665e-05 0.0166324 0.000165704 0.00434639 3.86382e-07 7.62208e-08 0.00536669 9.10053e-07 0.535177 3.33203e-08 0.255191 
0.0254892 0.48904 0.0197 2.00086e-06 0.0031123 0.00841711 0.0284247 2.25058e-05 0.000114783 6.94732e-05 0.0151738 0.0314689 4.47155e-05 0.0436483 7.28829e-09 0.335272 
0.0281189 0.016867 0.105037 0.0392544 0.0415153 0.474168 0.105778 0.158168 0.00849822 0.000228372 0.0012459 0.000115679 7.62667e-05 0.0208018 1.53507e-07 0.000127624 
0.685056 0.122221 0.0149224 0.000287576 0.000710277 0.00392161 0.0252823 1.88159e-05 0.000209256 0.000233948 0.000916513 0.00956987 4.27328e-05 0.131706 5.87486e-06 0.00489588 
7.5457e-05 0.101977 0.0193903 0.00474372 0.00164011 0.719412 0.0136183 0.000282273 0.0582831 0.00271882 0.000380611 0.000582352 2.1206e-05 0.0768344 2.0167e-06 3.75788e-05 
0.00374157 0.370019 0.57783 6.88763e-07 9.67533e-05 0.0164064 0.00862024 2.06009e-07 0.00319045 8.30549e-08 0.00327111 0.000582127 7.3816e-05 0.0153313 4.94816e-08 0.000835756 
0.00989365 0.0429675 0.0405237 8.43343e-07 1.62646e-06 0.478857 0.095007 1.7236e-05 0.000783766 0.00633598 0.0179851 0.00149296 0.000205794 0.0114977 3.04626e-07 0.294429 
0.308394 0.324275 0.00829472 0.000306884 0.000129544 0.00755108 0.0113325 0.000128824 0.00494311 0.000136767 0.000745962 0.000149818 4.48185e-05 0.274468 4.51912e-06 0.0590943 
0.00416324 0.00554958 6.44179e-08 1.25799e-11 1.04124e-07 0.715429 0.218116 1.60687e-08 3.64712e-07 2.6832e-07 0.00839648 0.0479854 0.000358821 1.39915e-07 8.66714e-12 4.71172e-08 
0.0107053 0.00682822 0.00405538 0.000454982 0.945358 0.00172782 0.00730824 2.12809e-06 0.000221257 5.00851e-06 0.00149378 0.00940048 0.000269341 0.0120814 8.46346e-08 8.865e-05 
0.0013092 0.140535 0.080904 1.08929e-10 8.66851e-11 0.223245 0.218602 1.06948e-10 0.0158077 3.43803e-07 5.89254e-08 0.00206809 1.68526e-08 0.297008 7.50488e-11 0.0205219 
0.00264698 0.0403306 0.554535 0.00435799 0.000197129 0.249322 0.0345018 8.46944e-05 0.0133638 0.000133532 0.00212344 0.00766738 0.0146806 0.0574142 2.1476e-05 0.0186191 
0.00197456 0.0273123 0.047474 4.44563e-06 8.37892e-06 0.655011 0.0660803 4.59461e-05 0.0117708 1.46075e-05 0.027772 0.00302997 4.41163e-05 0.129382 9.41156e-09 0.0300763 
0.0112547 0.00950082 0.881816 0.00936983 3.65004e-10 2.83871e-07 0.0205605 4.18806e-07 0.000972451 5.67828e-07 7.58417e-07 1.3573e-07 1.69717e-07 0.0588967 3.16007e-10 0.00762689 
0.0268849 0.119886 0.0397734 1.4593e-05 4.08725e-05 0.499666 0.0687141 2.70946e-05 0.107198 0.000125668 0.0104357 0.0003084 8.89282e-06 0.118083 2.31256e-06 0.00883168 
0.362905 0.0595138 0.0182749 3.23533e-07 0.000255189 0.484191 0.0217877 0.000356866 0.00250548 1.759e-06 0.00265366 0.00852896 8.77535e-08 0.0128501 9.24549e-09 0.0261752 
0.00304719 0.283887 0.41379 0.000211411 0.00064125 0.0123169 0.0387486 0.000107951 0.0834054 5.65988e-05 0.00155302 0.119652 3.06799e-05 0.0404334 1.30138e-05 0.00210509 
0.000741054 0.215836 0.342233 6.45232e-06 8.98684e-05 0.00386864 0.196127 0.000850048 0.0253579 2.39904e-05 8.54119e-05 0.00431353 0.000276474 0.207872 3.73517e-08 0.00231786 
0.0279673 0.00603932 0.000107674 0.00757489 0.00799327 6.44447e-05 0.460695 2.77641e-06 0.00059733 1.00796e-05 0.000197823 0.00229621 4.89551e-06 0.486144 1.2288e-07 0.000304933 
0.000124592 0.00344644 0.0314011 0.00348205 0.000642108 0.652998 0.0410059 9.00069e-07 0.188665 2.12144e-05 5.53027e-05 3.10938e-06 0.000446349 0.0769642 7.50289e-07 0.000743763 
0.0192291 0.238651 0.345756 0.000105629 0.0172739 0.169169 0.0380315 6.34763e-05 0.000414504 0.00183201 0.00292438 0.0128823 0.00425046 0.0929879 3.43369e-06 0.0564253 
0.0157935 0.41396 0.00462991 0.00024204 0.0492064 0.305522 0.0385788 0.0441107 8.80197e-05 4.5268e-05 0.0123561 0.019184 0.00132082 0.0502665 1.62457e-06 0.0446949 
0.212005 0.30588 0.0418189 0.00705117 0.0117682 0.0659895 0.0397467 4.31568e-06 0.000116704 6.16991e-06 0.170015 0.0849391 0.00140829 0.0439613 1.64854e-06 0.0152872 
0.00503388 0.212706 0.00843032 6.29968e-12 0.00031793 0.00125431 0.0176536 6.18507e-12 7.13119e-09 7.06868e-05 2.5107e-05 0.00028304 1.0164e-08 0.754225 4.34027e-12 2.99551e-08 
0.00137004 0.0144498 0.10809 2.6213e-05 0.0434767 0.00560989 0.00919103 8.07284e-09 0.00847983 5.34211e-05 3.13907e-06 0.000576269 4.57224e-07 0.797791 5.66498e-09 0.0108824 
0.00468802 0.112596 0.110654 6.87482e-09 0.000121439 0.577602 0.123349 5.8936e-06 0.0119096 3.72905e-06 0.000424824 0.0230029 0.000142176 0.0349252 4.73652e-09 0.000574471 
0.0519483 0.391426 0.0543635 0.000920871 0.00266027 0.0920528 0.123519 0.00214296 0.00209876 0.00138669 0.0808663 0.0495983 0.012185 0.115093 0.000751224 0.0189864 
0.000332552 0.013016 0.0112334 3.57707e-09 0.00031801 0.966661 0.00479222 2.35742e-06 4.02556e-05 0.00028601 5.52002e-06 0.000140426 1.41888e-05 0.0024544 2.46448e-09 0.000703839 
0.000510737 0.0441201 0.0156867 8.47742e-11 4.97681e-05 0.00168308 0.173936 8.2273e-08 1.83013e-06 0.000564047 1.32915e-07 1.78506e-07 3.76533e-05 0.763141 5.84066e-11 0.000268845 
6.2333e-06 0.0918399 0.036739 1.41818e-08 0.00037971 0.776818 0.0373057 6.42259e-06 0.0188116 6.55861e-06 0.000834005 5.27963e-05 4.99978e-07 0.0209105 9.77082e-09 0.0162892 
0.0183729 5.62559e-06 0.0189883 6.48739e-09 1.25128e-06 0.00174124 3.60698e-07 6.36936e-09 0.883779 0.000642021 0.0486404 1.31135e-05 5.71944e-07 0.00394714 4.46959e-09 0.0238676 
0.000731628 0.027988 0.0490627 0.000171275 0.000866052 0.491814 0.106952 1.13939e-05 0.00500691 0.000216273 0.000133969 3.60576e-06 5.72356e-06 0.25509 2.40944e-07 0.0619465 
0.0574254 0.174012 0.0891412 0.000422083 3.23032e-05 0.0395663 0.0221303 5.13195e-05 0.00112372 0.00023096 0.000921143 0.00404743 9.13171e-05 0.15589 1.39543e-05 0.4549 
2.53234e-06 0.0865621 0.198394 0.00653869 2.94072e-06 0.11823 0.11285 6.01718e-08 0.0203128 3.76512e-05 0.436787 0.0202782 1.77011e-07 3.51782e-06 2.43407e-08 3.60547e-07 
0.0494391 0.0465662 0.16754 0.0867077 0.000144708 0.129797 0.372747 9.42555e-06 0.0204819 0.000987368 0.00204077 0.000410931 9.77801e-05 0.101657 7.98331e-07 0.0213722 
0.00601501 0.042697 0.129323 5.65225e-09 0.000102862 0.0157811 0.13561 2.38094e-09 0.00070704 4.47487e-05 0.000402011 0.0824245 3.69662e-06 0.580372 4.3806e-10 0.00651656 
0.603958 0.200257 0.0192653 0.000115701 0.00508924 0.0146703 0.0155976 5.18877e-05 0.00122785 0.00205697 0.000520817 0.00533117 0.000114874 0.101638 6.82498e-06 0.0300982 
0.344458 0.0562888 0.343951 3.63562e-05 1.48623e-05 0.00294425 0.0125442 1.65895e-05 3.01893e-05 5.06905e-05 0.00117738 8.6032e-05 4.3994e-05 0.227261 4.06675e-08 0.0110969 
0.0098761 0.06017 0.0487306 0.000187891 0.00853275 0.440104 0.218854 0.00630195 0.169627 0.00145404 0.000224489 0.0208846 3.82904e-05 0.0100472 2.2214e-05 0.00494525 
0.00317732 0.0426738 0.083438 0.0416343 0.00187752 0.386419 0.0230605 4.07346e-07 0.29667 0.00095389 0.0312197 0.0693853 0.000307446 0.01588 2.1306e-08 0.00330269 
3.68849e-07 0.0192095 0.165963 2.81942e-12 2.01953e-08 0.732043 0.0602816 2.49311e-05 1.08309e-07 0.000276744 0.000977575 4.18592e-05 0.000233403 0.0177447 1.94249e-12 0.00320305 
0.00705414 0.483718 0.0423159 1.43358e-07 0.00033984 0.212753 0.0177805 1.20766e-08 0.0111805 2.53073e-07 0.000807918 1.49317e-06 0.000231148 0.213323 9.40568e-12 0.010494 
0.0262448 0.429249 0.0741804 0.00012175 0.000193034 0.293542 0.0293061 0.0031623 0.0265696 0.0010797 0.00383827 0.00254838 0.000394235 0.0512991 9.11323e-05 0.0581802 
0.0113444 0.853249 0.00617512 1.62608e-06 2.56116e-06 0.0427116 0.0227302 5.30589e-05 0.000225961 0.000339344 0.000203161 0.000448894 4.66627e-05 0.0587455 5.83637e-07 0.0037219 
0.0527445 0.130143 0.0516356 4.20918e-05 4.03974e-06 0.0994452 0.11675 0.000450259 0.00332039 0.0401101 0.000312689 0.00854499 0.000104328 0.487457 9.15617e-07 0.00893452 
0.00743454 0.78817 0.0378462 0.000234526 0.0011359 0.00457913 0.0144192 3.76471e-05 0.00429623 0.000454052 0.00148706 0.00392075 1.07156e-05 0.0623199 1.0426e-05 0.0736437 
0.0395446 0.0115333 0.0830459 3.30741e-07 0.345762 0.440608 0.00577772 5.30379e-07 1.13654e-06 1.07424e-07 0.0147299 1.52612e-08 0.00254066 0.0512332 1.37928e-10 0.0052228 
0.00428846 0.00524319 0.0365391 5.69446e-07 0.944775 0.00230525 0.00127173 3.48258e-07 6.35898e-05 2.45414e-09 6.88079e-05 0.00126806 0.000195343 0.00156688 4.00257e-10 0.00241373 
0.609109 0.1808 0.0156171 0.00019842 0.000316399 0.00745967 0.0229884 1.74771e-05 0.000313711 0.000293424 0.00103895 0.00870278 4.35891e-05 0.102056 5.79852e-06 0.0510388 
0.0862972 0.307216 0.00546754 8.13961e-11 4.72948e-05 0.187658 0.227868 0.000149762 0.0571789 0.00476093 0.00194696 0.0197978 2.79366e-05 0.0994605 5.60792e-11 0.00212252 
0.0884004 0.0151072 0.0217061 1.51337e-07 1.21116e-05 0.71085 0.01168 5.38986e-07 0.0201602 1.88814e-06 0.00252943 7.01471e-08 0.00191352 0.0507417 5.14276e-09 0.0768964 
