0.00857665 0.0176608 8.20455e-06 4.9703e-05 2.39194e-08 0.759586 4.33386e-06 8.11816e-07 1.66615e-08 0.00114756 0.000119748 8.18076e-06 1.36536e-06 0.211223 0.0016127 5.49134e-09 
0.0108311 0.77126 0.060985 5.09562e-05 1.77086e-06 1.13898e-05 0.0154056 1.5128e-06 4.23274e-05 1.19857e-05 0.0978047 1.79631e-06 1.10163e-09 0.0435916 2.6743e-09 7.09151e-10 
1.10123e-10 2.57253e-06 0.00161842 5.50516e-10 4.38095e-10 0.997954 1.03986e-05 5.405e-10 3.05163e-10 6.14737e-10 2.84926e-06 0.000410548 1.56241e-10 9.82295e-07 3.79287e-10 1.00576e-10 
0.0155434 0.341878 0.182032 1.89729e-10 1.51136e-07 1.38535e-05 3.3141e-06 4.47252e-07 1.05171e-10 2.11862e-10 9.91782e-11 0.000487261 8.08241e-08 0.445143 0.0148994 3.46625e-11 
0.000181475 0.000126689 0.993183 0.0022108 6.06863e-05 0.000908573 0.000674837 0.000154709 0.000487391 0.000584566 0.000244428 0.000845414 5.12119e-05 0.000210824 7.52997e-05 4.64251e-09 
0.00763145 0.00037335 0.000397393 4.74798e-05 0.983782 0.00409435 0.00217547 0.000101298 8.89668e-06 4.5629e-05 1.65346e-06 1.92806e-05 5.98218e-05 0.00126216 2.39315e-09 7.10187e-11 
0.00241211 9.21959e-05 0.0022683 4.18828e-09 3.33299e-09 0.994343 3.64359e-06 1.8895e-05 0.000854793 4.67687e-09 2.18937e-09 3.03307e-06 1.91982e-06 7.6432e-07 1.79428e-06 7.65178e-10 
0.00783378 0.0108831 0.00476382 3.62823e-07 1.62723e-06 0.96887 0.00308724 4.07183e-06 0.000145701 4.05149e-07 5.42625e-05 0.00108939 3.6351e-05 0.00289487 0.000334852 6.6286e-08 
0.000906802 0.0035286 0.0301094 3.76902e-08 0.41979 0.46048 0.0351457 3.67579e-07 0.000939115 1.02975e-05 3.41551e-06 0.0186786 0.00495471 0.0254437 9.09318e-06 9.14033e-09 
5.53271e-09 0.00674529 0.00555125 2.76585e-08 8.22952e-07 0.950157 0.0364361 2.71553e-08 0.000108977 3.0885e-08 0.000302572 0.000696598 1.03617e-06 5.3653e-07 1.90558e-08 5.05307e-09 
1.10863e-08 0.000570093 2.6032e-08 1.92223e-06 8.32849e-09 0.00190797 0.464063 1.90248e-12 0.0117985 9.09004e-09 0.00245222 0.518636 1.19894e-08 1.11122e-08 0.00057081 3.54015e-13 
1.13046e-07 0.00774726 0.000931678 2.53408e-11 1.33115e-07 0.0493958 0.50671 2.1648e-07 0.00638807 0.415407 1.3379e-09 0.00449687 1.4391e-08 0.00796908 0.000953011 4.62964e-12 
0.0117563 0.01704 0.0224268 1.3574e-07 0.000774312 0.841011 0.0561923 1.3327e-07 0.0348758 1.51575e-07 0.000115287 1.42699e-05 3.60895e-06 0.0157787 1.10795e-05 8.01377e-08 
1.68619e-05 0.000598688 0.255749 2.73027e-07 2.17272e-07 0.0272684 0.0232621 2.6806e-07 1.51345e-07 0.000241796 1.42721e-07 6.32372e-06 1.94369e-06 0.692854 1.88106e-07 4.98806e-08 
0.0182612 0.000371507 0.0202019 5.67373e-08 0.832149 0.0848658 0.0136207 6.85788e-08 0.028113 6.44314e-06 3.59222e-06 0.000421863 1.91517e-05 0.0019649 2.82544e-07 2.82846e-08 
2.67695e-06 0.000372529 0.000153528 1.10572e-09 8.79923e-10 0.986121 0.0102456 2.03729e-05 6.12925e-10 1.23471e-09 0.00308336 1.64179e-07 3.36818e-07 5.10711e-07 7.61805e-10 2.0201e-10 
0.00241211 9.21959e-05 0.0022683 4.18828e-09 3.33299e-09 0.994343 3.64359e-06 1.8895e-05 0.000854793 4.67687e-09 2.18937e-09 3.03307e-06 1.91982e-06 7.6432e-07 1.79428e-06 7.65178e-10 
0.00225539 0.00258884 0.0186803 3.14751e-08 0.000337374 0.944406 0.0219682 0.00279793 1.74473e-08 0.00135983 0.000806874 9.78278e-05 0.00068767 0.00393962 7.37146e-05 5.75034e-09 
2.00256e-06 0.0049097 0.181444 2.79532e-07 0.00164514 0.710798 0.080346 2.13241e-05 2.40693e-05 6.49467e-05 0.00213645 0.00115401 0.00106499 0.0163877 1.14051e-06 3.20234e-09 
6.29033e-06 0.0779306 0.0643651 4.13706e-09 7.24621e-06 0.854855 0.00176765 5.76816e-05 1.39912e-05 4.61968e-09 2.1626e-09 0.000989468 6.81115e-06 1.43897e-07 2.8503e-09 7.55821e-10 
1.10863e-08 0.000570093 2.6032e-08 1.92223e-06 8.32849e-09 0.00190797 0.464063 1.90248e-12 0.0117985 9.09004e-09 0.00245222 0.518636 1.19894e-08 1.11122e-08 0.00057081 3.54015e-13 
0.0164052 0.137589 1.5313e-06 5.60123e-08 1.91821e-07 0.0609762 0.189776 0.00576049 0.00354093 0.385572 0.00288926 2.3007e-07 4.96284e-07 0.196569 0.000919677 1.27861e-10 
1.70699e-06 1.11385e-06 4.62414e-07 8.12622e-10 0.0116506 0.941258 0.0398089 0.00726665 5.00049e-06 2.99539e-06 5.52648e-07 1.09965e-06 1.384e-06 3.94977e-07 1.56819e-06 1.48462e-10 
4.77758e-05 0.000177389 5.47843e-05 1.80283e-07 1.89784e-05 0.982114 0.00140579 0.00034174 0.000132096 2.01314e-07 0.0138806 0.000130638 1.18063e-05 4.54741e-05 0.00163876 3.29369e-08 
1.10863e-08 0.000570093 2.6032e-08 1.92223e-06 8.32849e-09 0.00190797 0.464063 1.90248e-12 0.0117985 9.09004e-09 0.00245222 0.518636 1.19894e-08 1.11122e-08 0.00057081 3.54015e-13 
0.000695069 0.000534106 0.000933931 7.70629e-09 0.000480426 0.846067 0.0369341 3.80977e-05 2.05215e-11 0.00194279 0.00584316 0.105769 0.000761874 1.4061e-08 8.58875e-08 6.76353e-12 
2.13069e-10 4.9774e-06 1.5649e-06 1.06515e-09 1.10277e-06 0.909241 0.0563547 1.04577e-09 5.90436e-10 2.85577e-06 0.0226081 6.1056e-07 3.02299e-10 0.0117854 7.33853e-10 1.94598e-10 
0.00130434 0.00275155 0.0186883 3.86717e-05 0.000159736 0.919499 0.0166515 0.000172894 0.0266828 0.00010901 0.00113482 0.00144139 0.000187949 0.0110838 5.56212e-05 3.85171e-05 
0.000398659 7.05774e-05 7.14016e-05 2.25443e-08 3.19844e-05 0.00997233 0.958038 5.6724e-07 0.000763862 0.000969287 0.00226176 0.0263663 1.69068e-10 0.000957324 9.79948e-05 1.08834e-10 
1.45795e-05 0.543395 0.237847 5.26249e-08 0.000384132 5.3006e-05 0.196384 3.67503e-07 2.91711e-08 5.8764e-08 0.000633572 0.000246407 1.06895e-05 0.0210316 3.62568e-08 9.61431e-09 
0.00013204 0.00827506 0.000788798 1.48443e-05 0.000856036 0.247208 0.715363 0.00180259 0.00867597 0.000762386 0.000201775 0.000489864 6.1849e-05 0.0152401 0.000122957 4.92292e-06 
0.000558788 0.00056135 0.0143755 1.37453e-05 8.4392e-06 0.944002 0.0271437 0.000106469 6.10505e-06 1.74962e-06 0.000429741 3.59227e-06 2.05662e-05 0.0127664 2.12456e-06 2.68346e-08 
6.60688e-10 0.00166969 2.62074e-07 3.30283e-09 4.86683e-07 0.912172 0.0792684 2.41434e-06 1.88441e-06 3.68813e-09 0.0028986 1.02645e-07 6.05151e-07 0.00398568 2.27554e-09 6.03411e-10 
4.79732e-05 0.000178034 5.49916e-05 3.1397e-07 1.91521e-05 0.998012 9.62366e-05 5.27799e-05 8.90493e-05 3.50597e-07 0.000763778 0.000131126 0.000337563 4.5646e-05 0.000170684 5.73608e-08 
0.0389018 0.0820046 0.0652966 0.000205034 0.0710574 0.640827 0.0470857 9.31783e-05 0.00199399 0.000477124 0.00127978 0.016385 0.00122851 0.0329703 0.000133308 6.04993e-05 
0.0017342 0.00196348 0.00514235 9.81547e-08 0.00129471 0.959723 0.0225161 0.00467639 6.92278e-05 1.09605e-07 0.000172761 3.27935e-05 0.00255292 3.6838e-05 8.48396e-05 1.79324e-08 
0.000254456 0.00905051 0.000879573 5.84177e-08 1.02309e-06 0.975356 0.00765772 0.00163917 4.00821e-05 1.54191e-06 0.000189747 6.79033e-05 0.00106229 0.0033546 0.000445262 1.06726e-08 
0.00623936 0.220886 0.0606512 0.000108719 0.00130685 0.390321 0.1319 0.000801545 0.000709334 0.0613859 0.00097973 0.00839026 0.000797205 0.115465 4.5278e-05 1.19356e-05 
3.32643e-09 1.51775e-07 0.0017138 1.64644e-10 1.31036e-06 0.983167 0.0117425 3.8812e-07 9.12659e-11 1.83851e-10 8.60657e-11 0.00337423 4.67274e-11 1.34893e-07 1.13434e-10 3.00797e-11 
0.0878548 0.000436738 0.00660965 5.65262e-09 0.000467032 0.856053 0.0378357 0.00357278 3.13337e-09 2.22494e-07 0.000582337 0.000937817 0.0054813 9.78881e-05 7.04296e-05 1.03271e-09 
0.0129449 0.00848049 0.0370687 5.62228e-07 0.317412 0.549684 0.00943103 8.56313e-05 0.0320525 0.00764119 0.00706953 0.00978451 0.000125547 0.00821368 5.97689e-06 1.36089e-07 
0.0384171 0.00465409 2.38648e-05 1.32681e-08 1.05586e-08 0.706842 0.0357149 1.86286e-06 0.0624803 1.97764e-07 0.137671 0.00048482 0.011568 0.0021395 2.21025e-06 2.42402e-09 
1.94846e-05 0.0876095 0.00221621 3.88514e-08 5.77051e-05 0.0161371 0.0496181 3.78734e-05 2.57496e-06 0.758743 9.42697e-06 1.09615e-06 1.00862e-05 0.0855367 1.00113e-06 7.09796e-09 
2.28208e-10 1.01317e-05 0.233574 0.00109029 1.36188e-05 0.380864 0.34301 1.56923e-06 0.0414259 7.65623e-07 6.56047e-06 2.46994e-06 3.23777e-10 5.54503e-07 7.85993e-10 2.08424e-10 
0.00130874 0.159628 0.0259019 2.97362e-07 9.86714e-08 0.273636 0.09699 0.000451629 0.0278733 0.000490945 0.00168794 0.126668 1.09192e-07 0.272945 0.0124179 1.71135e-08 
0.00241211 9.21959e-05 0.0022683 4.18828e-09 3.33299e-09 0.994343 3.64359e-06 1.8895e-05 0.000854793 4.67687e-09 2.18937e-09 3.03307e-06 1.91982e-06 7.6432e-07 1.79428e-06 7.65178e-10 
9.95654e-05 0.00383565 0.0109236 1.18605e-06 9.43846e-07 0.34811 0.622722 0.000357425 0.00250074 1.32441e-06 0.000150368 0.000343052 0.00122398 0.00888125 0.000849498 2.16685e-07 
0.00815217 6.36033e-06 6.07347e-05 7.51577e-08 1.15856e-05 0.938753 0.0266637 1.44863e-06 4.16615e-08 8.39254e-08 3.92877e-08 8.98709e-06 5.78769e-05 0.0260334 0.000250422 1.37309e-08 
1.52491e-06 0.00083845 0.00207174 0.020086 0.00234926 0.25207 0.712296 6.7394e-05 0.000406327 3.52432e-05 0.000455409 0.00263255 0.000253678 0.00643137 4.55796e-06 1.02573e-06 
0.0108311 0.77126 0.060985 5.09562e-05 1.77086e-06 1.13898e-05 0.0154056 1.5128e-06 4.23274e-05 1.19857e-05 0.0978047 1.79631e-06 1.10163e-09 0.0435916 2.6743e-09 7.09151e-10 
0.000146433 0.00160477 8.81346e-06 5.03383e-05 3.372e-05 0.000930559 0.980217 1.26602e-06 0.000324742 0.00678808 8.41375e-06 0.00350127 2.10245e-07 0.00613047 0.000254169 6.42966e-08 
3.09287e-06 0.00950418 0.128963 3.76764e-05 1.03533e-06 0.00846763 0.787527 2.63787e-06 0.00581602 9.96339e-06 4.16612e-06 0.0410662 8.73131e-07 0.0185961 1.28421e-06 3.45753e-10 
6.51209e-10 7.14978e-06 1.60367e-06 3.25544e-09 7.79786e-07 0.826529 0.173428 3.19622e-09 1.80456e-09 3.63521e-09 1.19139e-05 1.30075e-05 1.01724e-06 6.6902e-06 6.75109e-07 5.94753e-10 
0.000288821 0.0132977 0.00670843 1.13444e-07 0.00702456 0.855064 0.0478617 0.0069972 0.000482322 7.48498e-06 0.000767383 0.00660927 0.00011495 0.0138439 0.0409318 3.45052e-08 
1.78717e-07 8.68674e-05 0.000335589 1.62869e-09 0.0637181 7.57352e-05 0.0276779 1.48141e-09 1.96057e-07 1.37613e-05 4.96033e-05 0.908026 2.3989e-08 1.25955e-10 1.61343e-05 3.49209e-11 
0.0874462 0.000230061 0.0425161 6.59481e-05 1.23055e-05 0.554048 0.0139275 8.20978e-06 0.0190192 0.000166791 0.264467 0.000757001 7.14036e-05 0.0090078 0.00825298 3.80723e-06 
7.12751e-09 0.00976481 2.10592e-06 3.5631e-08 2.83548e-08 0.936775 0.0533727 7.43452e-05 1.9751e-08 3.97875e-08 7.42641e-06 8.25959e-07 1.01124e-08 2.55649e-06 2.45485e-08 6.5096e-09 
1.474e-05 0.000700806 0.0602229 0.00303168 0.44285 0.27001 0.202265 2.69257e-06 0.00503857 0.00119136 0.00746576 9.63441e-05 0.000153735 0.00633629 0.000619444 5.01034e-07 
2.12819e-08 5.97004e-05 7.23663e-06 1.0639e-07 8.46643e-08 0.000171611 0.0572005 1.04455e-07 5.90337e-05 1.18801e-07 0.942467 2.03394e-05 3.01944e-08 1.40413e-05 7.32992e-08 1.94369e-08 
0.000695069 0.000534106 0.000933931 7.70629e-09 0.000480426 0.846067 0.0369341 3.80977e-05 2.05215e-11 0.00194279 0.00584316 0.105769 0.000761874 1.4061e-08 8.58875e-08 6.76353e-12 
3.32309e-09 2.08302e-07 3.50746e-05 1.66124e-08 9.43347e-08 0.00491044 0.398605 1.63101e-08 9.20859e-09 1.85503e-08 1.5077e-07 0.581443 0.0150012 1.95143e-06 2.19625e-06 3.035e-09 
0.0124594 0.136496 0.0068415 3.77677e-09 4.18844e-07 0.74857 0.0479325 1.15805e-06 1.9573e-06 0.0074827 0.0106341 0.00463998 2.60603e-07 0.0249367 3.75279e-06 6.89997e-10 
1.06349e-05 0.000779871 0.000168661 3.12833e-06 2.4895e-06 0.105682 0.878748 1.11485e-05 7.60799e-05 3.49327e-06 1.63529e-06 0.000664896 8.87846e-07 0.00365657 0.0101907 5.71531e-07 
0.000816562 0.000402741 0.0116646 4.61393e-07 0.968388 0.005809 0.00134339 3.26948e-06 1.8895e-08 0.000298678 0.00206472 3.25888e-05 9.42628e-06 0.00916604 6.49225e-09 1.62461e-10 
1.72056e-06 0.00291248 0.133553 8.62386e-06 0.000273847 0.370873 0.293817 0.000131105 0.0960499 4.1321e-07 0.000265581 0.100235 6.62676e-11 8.99755e-07 0.00187715 4.26583e-11 
0.00124571 0.00438101 0.000863262 5.3221e-07 4.23528e-07 0.0388607 0.938939 0.00125459 2.95016e-07 5.94296e-07 2.78206e-07 0.00105059 1.51046e-07 0.00775569 0.00564716 9.72323e-08 
3.09287e-06 0.00950418 0.128963 3.76764e-05 1.03533e-06 0.00846763 0.787527 2.63787e-06 0.00581602 9.96339e-06 4.16612e-06 0.0410662 8.73131e-07 0.0185961 1.28421e-06 3.45753e-10 
0.0033628 0.0154013 0.0198793 1.67891e-05 0.000159896 0.872293 0.0538034 0.0120117 0.000873481 9.24481e-05 0.00224483 0.00391297 0.00190856 0.0133508 0.000686315 2.61605e-06 
1.10863e-08 0.000570093 2.6032e-08 1.92223e-06 8.32849e-09 0.00190797 0.464063 1.90248e-12 0.0117985 9.09004e-09 0.00245222 0.518636 1.19894e-08 1.11122e-08 0.00057081 3.54015e-13 
0.000989348 0.0160184 9.97902e-07 7.91413e-07 0.00167161 0.867872 0.0597528 0.000211998 0.019638 2.13647e-05 0.0161427 0.00232585 0.000841597 0.0142522 0.000259546 6.02279e-07 
0.00241211 9.21959e-05 0.0022683 4.18828e-09 3.33299e-09 0.994343 3.64359e-06 1.8895e-05 0.000854793 4.67687e-09 2.18937e-09 3.03307e-06 1.91982e-06 7.6432e-07 1.79428e-06 7.65178e-10 
0.0878548 0.000436738 0.00660965 5.65262e-09 0.000467032 0.856053 0.0378357 0.00357278 3.13337e-09 2.22494e-07 0.000582337 0.000937817 0.0054813 9.78881e-05 7.04296e-05 1.03271e-09 
6.95347e-07 0.11624 5.70133e-07 2.5282e-10 2.01192e-10 0.663818 0.052232 7.13796e-07 0.000475336 3.42596e-06 0.000991548 0.00195801 7.29806e-05 0.163341 0.00086561 4.6189e-11 
0.0559303 1.24542e-05 0.00297672 1.16757e-08 0.917916 0.00123169 0.0200996 7.76268e-05 0.000608203 3.2288e-06 9.56308e-06 1.90144e-05 0.000441092 0.000674091 5.3285e-07 1.09611e-08 
0.00241211 9.21959e-05 0.0022683 4.18828e-09 3.33299e-09 0.994343 3.64359e-06 1.8895e-05 0.000854793 4.67687e-09 2.18937e-09 3.03307e-06 1.91982e-06 7.6432e-07 1.79428e-06 7.65178e-10 
0.00082941 0.0144788 0.00187095 1.14175e-10 0.00285911 0.933111 0.0357972 3.02777e-07 0.00389714 1.27495e-10 0.00220676 7.56087e-07 6.80804e-08 0.00494798 9.83364e-07 2.08593e-11 
0.000208186 0.00244007 2.44493e-05 1.23724e-07 5.90884e-05 0.889385 0.105675 0.000512475 0.000214864 9.64962e-06 9.159e-05 8.59009e-06 3.51138e-08 0.00133506 3.61041e-05 2.26037e-08 
0.00255457 0.0138925 0.0132597 0.000668633 2.02798e-05 0.261974 0.55032 3.99246e-05 0.00372326 0.000192443 0.00337906 0.0437644 3.60382e-06 0.0788052 0.0274003 2.1999e-06 
3.93458e-05 0.000236016 0.000908917 1.01765e-07 1.55005e-06 0.00598655 0.909057 0.0259767 0.00300457 3.45784e-08 0.000637512 0.0499984 8.82254e-05 0.00384415 0.000221123 5.77413e-11 
0.0878548 0.000436738 0.00660965 5.65262e-09 0.000467032 0.856053 0.0378357 0.00357278 3.13337e-09 2.22494e-07 0.000582337 0.000937817 0.0054813 9.78881e-05 7.04296e-05 1.03271e-09 
0.00357543 1.11581e-05 9.48531e-05 4.86802e-10 0.774717 3.57311e-06 0.210432 2.42475e-08 1.7821e-08 1.85216e-05 0.000318245 0.0103796 2.80763e-05 0.000418127 3.41208e-06 2.17508e-10 
0.00171868 2.94608e-05 4.33496e-05 3.4918e-09 0.998109 6.36385e-06 2.44245e-06 2.64158e-07 6.80212e-08 1.39452e-07 1.28788e-06 6.37899e-05 2.24808e-05 2.42461e-06 2.43102e-08 1.16598e-09 
1.29286e-06 0.00553067 4.8813e-07 9.53249e-11 7.89005e-07 0.531378 0.414602 9.35906e-11 7.403e-08 2.03321e-06 0.0474496 1.46612e-05 0.00101988 2.5083e-07 6.56756e-11 1.74154e-11 
0.0118598 0.0015366 0.00881646 1.72664e-06 0.00111137 0.796234 0.0981407 0.000605714 0.000223436 0.000932458 0.0187079 0.0380428 0.0123852 0.0108663 0.000534203 1.30418e-06 
3.54566e-07 0.00314281 0.00076184 3.83702e-10 1.55335e-06 2.44405e-07 0.993676 3.76721e-10 3.43275e-07 4.40389e-07 2.00575e-10 7.43837e-05 1.08898e-10 0.00234138 2.1925e-07 7.01004e-11 
4.7685e-09 1.37587e-05 2.85447e-05 2.38619e-05 1.89701e-08 0.359152 0.509486 2.34044e-08 4.75836e-05 2.6619e-08 1.2461e-08 0.0123568 6.76545e-09 0.118891 1.64236e-08 4.3551e-09 
3.28662e-09 0.805859 0.12462 3.51837e-05 1.30749e-08 0.00113031 0.0642887 2.30662e-06 0.000121624 9.13614e-06 8.58861e-09 1.36965e-05 4.66299e-09 0.00392042 1.13198e-08 3.0017e-09 
0.00241211 9.21959e-05 0.0022683 4.18828e-09 3.33299e-09 0.994343 3.64359e-06 1.8895e-05 0.000854793 4.67687e-09 2.18937e-09 3.03307e-06 1.91982e-06 7.6432e-07 1.79428e-06 7.65178e-10 
0.00357543 1.11581e-05 9.48531e-05 4.86802e-10 0.774717 3.57311e-06 0.210432 2.42475e-08 1.7821e-08 1.85216e-05 0.000318245 0.0103796 2.80763e-05 0.000418127 3.41208e-06 2.17508e-10 
0.00420629 0.00198753 0.000399671 4.20403e-10 8.66719e-05 0.845778 0.129283 0.00165144 2.07983e-07 4.51062e-05 0.0122617 0.00203268 0.00129125 0.000976394 2.89644e-10 7.68056e-11 
1.95399e-07 0.0133866 4.78213e-07 3.25497e-10 2.59028e-10 0.953797 0.0239844 3.8381e-07 2.34741e-07 3.63468e-10 1.68465e-06 1.8658e-07 1.10947e-07 0.0088286 2.24257e-10 5.94667e-11 
3.09287e-06 0.00950418 0.128963 3.76764e-05 1.03533e-06 0.00846763 0.787527 2.63787e-06 0.00581602 9.96339e-06 4.16612e-06 0.0410662 8.73131e-07 0.0185961 1.28421e-06 3.45753e-10 
0.0100396 1.57095e-05 0.0229866 6.59036e-06 9.36381e-06 0.736643 0.229235 9.91041e-05 4.30414e-05 1.07747e-05 1.22993e-09 3.00002e-07 7.35207e-07 2.97462e-05 0.000880063 4.29857e-10 
0.00028255 0.00104972 0.000324136 1.16725e-07 0.000111559 0.990211 0.000567381 0.000309538 0.000524159 1.30341e-07 0.00450307 0.000772971 6.96007e-05 0.000269053 0.00100532 2.1325e-08 
6.81098e-09 0.00102056 0.00586147 3.40486e-08 0.00288712 0.954486 0.0194442 3.34292e-08 5.47071e-06 3.80206e-08 1.77985e-08 0.00166123 0.00119799 0.0134354 6.71122e-07 6.22052e-09 
1.15312e-05 0.117983 0.0678995 4.23993e-07 3.3741e-07 0.452471 0.000104852 4.16279e-07 0.0448055 4.58167e-06 0.000329181 6.16738e-06 1.05822e-05 0.316373 2.92117e-07 7.74614e-08 
5.45014e-07 0.00159329 0.00222472 3.56495e-10 2.48043e-07 0.950005 0.0418278 1.65608e-06 1.97613e-10 9.56455e-07 0.00286204 9.74885e-05 4.41902e-07 0.00138564 5.00748e-07 6.51298e-11 
0.0174205 0.00273749 7.02197e-07 4.63267e-06 1.11802e-08 0.507449 0.106218 7.57148e-06 6.7533e-05 1.56881e-08 0.280788 0.000320729 0.013341 0.0716458 9.67944e-09 2.56672e-09 
0.00241211 9.21959e-05 0.0022683 4.18828e-09 3.33299e-09 0.994343 3.64359e-06 1.8895e-05 0.000854793 4.67687e-09 2.18937e-09 3.03307e-06 1.91982e-06 7.6432e-07 1.79428e-06 7.65178e-10 
8.50005e-05 0.0810963 5.13881e-05 7.01089e-05 6.37867e-05 0.808656 0.0240907 0.000110568 0.00110246 6.88813e-05 0.00104473 0.020958 0.000492474 0.0586209 0.00347788 1.10651e-05 
0.0164052 0.137589 1.5313e-06 5.60123e-08 1.91821e-07 0.0609762 0.189776 0.00576049 0.00354093 0.385572 0.00288926 2.3007e-07 4.96284e-07 0.196569 0.000919677 1.27861e-10 
2.24259e-08 0.000523878 0.000164707 1.12109e-07 8.9215e-08 0.996349 0.0021176 1.10069e-07 6.21442e-08 1.25187e-07 0.000580232 6.42623e-05 3.18173e-08 0.000200037 7.72391e-08 2.04817e-08 
0.00155724 0.0204225 0.208518 0.00159727 0.00851559 0.366792 0.167692 9.85414e-05 0.00287461 0.000375797 0.0188631 0.00439105 2.37822e-05 0.198253 2.51665e-05 6.81965e-08 
1.39839e-06 0.018744 1.48773e-05 1.33967e-08 1.0661e-08 0.960297 0.0149918 7.65087e-06 3.43088e-06 1.49595e-08 7.00295e-09 1.65982e-07 3.8021e-09 0.0059396 9.22988e-09 2.44751e-09 
1.40868e-07 0.000377462 0.000637319 7.0421e-07 5.60404e-07 0.965102 0.0204677 0.000313581 0.00125485 0.00126241 3.68117e-07 8.6177e-05 2.33912e-05 0.0102248 0.000248226 1.28656e-07 
0.16777 4.67789e-05 0.384453 4.20059e-06 0.000134723 0.373901 0.0506188 0.000130509 0.0128665 1.20696e-05 0.000653495 0.00061702 0.000472042 0.00827494 4.55984e-05 1.22388e-07 
0.00445572 1.63117e-05 0.00199532 1.44945e-07 1.15346e-07 0.888361 0.0470847 1.58696e-05 8.03462e-08 1.61854e-07 7.57682e-08 0.000168428 2.36501e-06 0.0571457 0.000753809 2.64808e-08 
0.141087 0.0921465 0.0641507 0.0672644 0.307949 0.0943084 0.0632887 0.0432072 0.11717 0.000104912 0.000143839 0.00135756 2.37701e-05 0.00602218 0.00177558 3.37987e-08 
2.89213e-11 0.0177017 2.12413e-07 1.4458e-10 2.11713e-06 0.946536 0.00792248 1.41949e-10 8.01437e-11 1.61446e-10 0.0278372 8.28753e-08 2.05575e-08 2.57976e-07 9.96106e-11 2.6414e-11 
6.02142e-05 0.00096757 0.00188591 1.28822e-06 0.011644 0.0259622 0.954675 8.33878e-05 7.14088e-07 1.4385e-06 4.07538e-05 6.78884e-05 3.65608e-07 0.000423321 0.00418596 2.35352e-07 
0.0559303 1.24542e-05 0.00297672 1.16757e-08 0.917916 0.00123169 0.0200996 7.76268e-05 0.000608203 3.2288e-06 9.56308e-06 1.90144e-05 0.000441092 0.000674091 5.3285e-07 1.09611e-08 
2.24259e-08 0.000523878 0.000164707 1.12109e-07 8.9215e-08 0.996349 0.0021176 1.10069e-07 6.21442e-08 1.25187e-07 0.000580232 6.42623e-05 3.18173e-08 0.000200037 7.72391e-08 2.04817e-08 
2.54256e-10 0.0279217 1.86739e-06 7.63899e-07 1.01149e-09 0.693543 0.278523 1.24792e-09 7.04567e-10 1.41932e-09 6.57846e-06 7.28582e-07 3.60733e-10 2.26795e-06 8.84465e-08 2.32214e-10 
0.0127308 0.0443322 0.00422215 6.17019e-07 0.000254911 0.878007 0.00110548 0.050635 2.71398e-08 5.4672e-08 0.00534292 0.000201308 0.000166214 0.00088127 0.00212049 8.94483e-09 
0.99813 0.000476463 0.000151575 3.99075e-06 7.91586e-06 0.000346424 0.000219402 1.94933e-08 1.10058e-08 2.21707e-08 1.03787e-08 8.97609e-05 4.67752e-05 0.000413804 0.000113551 3.62733e-09 
2.11475e-06 3.52218e-06 4.44722e-06 4.01826e-09 0.00388051 0.0051087 0.00409327 3.94516e-09 2.22741e-09 4.52385e-06 0.0419169 6.62818e-07 1.14042e-09 0.944985 2.76845e-09 7.34117e-10 
0.00442186 0.000987333 0.0142525 0.000369631 1.03058e-05 0.272752 0.151396 0.000323296 0.462824 0.000163424 0.0256553 0.00114569 6.212e-05 0.0656022 3.53318e-05 3.86891e-08 
1.78717e-07 8.68674e-05 0.000335589 1.62869e-09 0.0637181 7.57352e-05 0.0276779 1.48141e-09 1.96057e-07 1.37613e-05 4.96033e-05 0.908026 2.3989e-08 1.25955e-10 1.61343e-05 3.49209e-11 
0.0394704 0.0977267 0.00016124 1.64892e-05 1.63093e-06 0.729555 0.0431261 0.000118358 0.035335 0.000514162 0.000778379 0.00567681 0.0038448 0.043586 8.89818e-05 2.82858e-07 
0.00145684 0.095024 0.010243 0.000167143 0.0328263 0.21353 0.400533 3.0729e-05 0.00288777 0.000153574 0.0187266 0.00716201 0.000290149 0.216248 0.000717094 4.34904e-06 
6.81098e-09 0.00102056 0.00586147 3.40486e-08 0.00288712 0.954486 0.0194442 3.34292e-08 5.47071e-06 3.80206e-08 1.77985e-08 0.00166123 0.00119799 0.0134354 6.71122e-07 6.22052e-09 
0.000692837 5.16433e-06 0.0118581 0.00259875 0.00181955 0.00120096 0.00288056 4.29663e-06 0.00499589 7.19477e-05 2.28762e-06 5.23192e-05 0.000106916 0.973707 3.01509e-06 7.99518e-07 
0.0878548 0.000436738 0.00660965 5.65262e-09 0.000467032 0.856053 0.0378357 0.00357278 3.13337e-09 2.22494e-07 0.000582337 0.000937817 0.0054813 9.78881e-05 7.04296e-05 1.03271e-09 
7.10308e-05 0.000989857 9.7776e-07 6.75276e-10 5.13356e-07 0.975787 0.00333892 0.0106338 4.06511e-07 1.87632e-07 2.05528e-07 9.79917e-08 0.00118076 0.00757839 0.000418376 1.2337e-10 
0.000846377 0.111737 0.00438309 0.00081776 0.00185289 0.722044 0.0621351 0.000136075 0.0171151 0.000567156 0.00115068 0.00867048 3.58501e-05 0.0581612 0.0103294 1.72494e-05 
0.000596531 0.00184372 0.00121219 1.46029e-10 0.000287798 0.804743 0.140669 1.43373e-10 1.07426e-07 0.000148911 0.0408619 0.00510371 0.00128123 0.00325252 1.00609e-10 2.66788e-11 
0.111104 2.00287e-06 0.00180057 2.45946e-10 2.93777e-07 0.0214667 0.319182 2.41471e-10 1.63614e-06 0.000891061 1.28565e-10 0.198302 1.06105e-06 6.31778e-06 0.347243 4.49331e-11 
0.000228502 0.00646856 0.0671946 0.00275198 0.0130626 0.0212848 0.774268 3.53498e-07 0.00344113 1.33495e-06 0.00186181 0.0632328 7.45344e-05 0.0461286 1.72114e-07 6.26698e-11 
0.105156 0.0262605 0.00112154 0.000379644 2.65088e-05 0.780414 0.0289045 0.000318592 8.45705e-05 0.000848075 3.49616e-05 8.76005e-05 8.0378e-05 0.0509751 0.00530067 7.15545e-06 
4.37301e-10 3.4422e-07 0.0621743 2.1861e-09 0.0402683 0.896776 5.43629e-06 2.14633e-09 1.61579e-06 2.44112e-09 0.000770386 1.04966e-06 6.20434e-10 2.68218e-06 1.50615e-09 3.9939e-10 
2.99369e-05 0.000823633 0.000706731 9.51118e-08 1.36779e-05 0.489679 0.478989 9.09947e-05 5.27225e-08 5.25946e-05 0.0292314 0.000327704 2.42823e-05 3.02559e-06 2.75436e-05 1.73765e-08 
0.00241211 9.21959e-05 0.0022683 4.18828e-09 3.33299e-09 0.994343 3.64359e-06 1.8895e-05 0.000854793 4.67687e-09 2.18937e-09 3.03307e-06 1.91982e-06 7.6432e-07 1.79428e-06 7.65178e-10 
0.0213045 0.0928097 1.24055e-06 4.46736e-10 4.26965e-07 0.855555 2.17152e-06 1.18468e-06 0.00682275 4.98851e-10 1.72344e-05 2.95836e-06 2.6638e-07 0.0234789 3.84763e-06 8.16165e-11 
1.10863e-08 0.000570093 2.6032e-08 1.92223e-06 8.32849e-09 0.00190797 0.464063 1.90248e-12 0.0117985 9.09004e-09 0.00245222 0.518636 1.19894e-08 1.11122e-08 0.00057081 3.54015e-13 
8.09008e-10 3.30674e-06 1.92359e-06 4.04429e-09 3.21841e-09 0.550123 0.439066 6.7542e-06 4.71011e-06 4.51608e-09 2.1141e-09 0.0107826 1.37851e-06 2.13421e-06 8.36192e-06 7.38872e-10 
1.07818e-05 0.0414051 7.36668e-05 0.000131348 3.60549e-06 0.275353 0.577387 9.19157e-06 2.89569e-05 3.47302e-05 1.45219e-05 0.105529 3.0426e-06 1.25255e-05 4.47371e-06 2.75821e-10 
1.69604e-10 0.0212792 0.0419133 8.47861e-10 0.00559096 0.00224489 0.0400815 8.32436e-10 2.92059e-06 9.107e-07 1.43019e-06 8.93027e-05 2.4063e-10 0.888785 1.01977e-05 1.549e-10 
7.94832e-08 9.20072e-05 5.87979e-05 0.0114662 3.16202e-07 0.000643074 0.131342 1.96189e-05 0.854651 0.00128666 2.07706e-07 0.000242825 1.41117e-05 0.000182817 2.73756e-07 7.25926e-08 
0.031747 0.00234067 0.000716084 4.54731e-09 0.000626434 0.930925 0.00508847 0.00114248 0.00129194 1.25149e-05 2.86319e-05 0.000455679 1.22341e-05 0.0253686 0.00024453 8.30771e-10 
0.000895056 0.0197707 0.000380084 1.00971e-07 2.53952e-07 0.754201 0.116154 8.09026e-05 0.0200939 1.01306e-05 0.0165331 0.0465196 0.000336274 0.0119211 0.0131036 4.40531e-08 
3.22795e-06 0.00539375 3.68776e-06 1.07088e-07 1.3503e-06 0.987731 0.00526615 3.61694e-06 6.00757e-06 1.1958e-07 5.11628e-05 8.78966e-06 8.19949e-07 0.00151838 1.14828e-05 1.95644e-08 
6.60387e-05 4.61018e-05 0.173404 0.00113217 9.25839e-05 0.787353 0.02246 0.000125715 0.00538344 0.000638573 0.00101852 0.00353466 8.16073e-05 0.00455422 9.29363e-05 1.60202e-05 
0.0131949 0.00010982 0.00715655 1.10319e-07 8.77912e-08 0.978866 5.05735e-05 1.08312e-07 1.03785e-05 1.23189e-07 5.7668e-08 0.000478905 1.08104e-05 9.53775e-05 2.62431e-05 2.01548e-08 
5.25644e-07 0.025975 6.0301e-07 2.1715e-10 2.0754e-07 0.884613 0.0585832 5.75853e-07 0.00107362 4.60958e-07 0.0192762 0.00589724 0.000272042 0.0043051 1.87026e-06 3.96723e-11 
1.13359e-09 1.6216e-05 6.01584e-06 5.66692e-09 4.28464e-05 0.985996 1.68338e-05 0.000281537 3.1413e-09 6.32801e-09 2.96527e-06 6.22522e-06 1.60832e-09 0.0136053 2.61629e-05 1.03532e-09 
1.49804e-10 0.0974901 0.198728 7.48883e-10 5.95954e-10 0.00392306 0.518446 7.35258e-10 0.0170088 8.36245e-10 3.91469e-10 0.0812125 2.12539e-10 0.0831915 5.15955e-10 1.36817e-10 
0.0089401 5.43293e-07 6.87193e-07 3.45812e-10 0.0222647 0.772226 0.125665 3.39521e-10 0.0568821 2.97377e-06 1.9344e-06 3.41348e-07 0.000384139 0.0136313 5.95869e-07 6.31782e-11 
0.00235164 0.0170592 0.0102101 3.06944e-10 2.44263e-10 0.911322 0.0153739 0.000114406 0.0299136 3.4275e-10 2.96831e-07 0.0116273 0.000737584 5.72919e-07 0.00128985 5.60771e-11 
3.09287e-06 0.00950418 0.128963 3.76764e-05 1.03533e-06 0.00846763 0.787527 2.63787e-06 0.00581602 9.96339e-06 4.16612e-06 0.0410662 8.73131e-07 0.0185961 1.28421e-06 3.45753e-10 
9.95482e-08 0.00232549 0.000731135 4.97649e-07 3.96025e-07 0.0437899 0.949402 4.88595e-07 2.75858e-07 5.55703e-07 0.00257565 0.00028526 1.41237e-07 0.000887965 3.42864e-07 9.0918e-08 
0.0112268 0.000741742 0.00868452 3.52688e-07 0.0187354 0.780731 0.119429 3.29258e-06 0.00106928 0.000540859 0.0119887 0.0332294 0.0030025 0.0105319 8.51422e-05 7.36221e-11 
0.000695069 0.000534106 0.000933931 7.70629e-09 0.000480426 0.846067 0.0369341 3.80977e-05 2.05215e-11 0.00194279 0.00584316 0.105769 0.000761874 1.4061e-08 8.58875e-08 6.76353e-12 
6.81098e-09 0.00102056 0.00586147 3.40486e-08 0.00288712 0.954486 0.0194442 3.34292e-08 5.47071e-06 3.80206e-08 1.77985e-08 0.00166123 0.00119799 0.0134354 6.71122e-07 6.22052e-09 
0.0213045 0.0928097 1.24055e-06 4.46736e-10 4.26965e-07 0.855555 2.17152e-06 1.18468e-06 0.00682275 4.98851e-10 1.72344e-05 2.95836e-06 2.6638e-07 0.0234789 3.84763e-06 8.16165e-11 
0.00748921 0.000651225 0.0153831 2.49242e-06 0.0119943 0.959945 0.0038868 2.44708e-06 0.000222837 6.41666e-05 1.30288e-06 2.75262e-06 1.03081e-05 0.000341392 1.7172e-06 4.55354e-07 
0.00142472 0.0446085 0.0262405 0.0150283 1.06368e-07 0.685411 0.220502 1.31231e-07 5.71566e-05 3.15101e-05 2.47375e-05 6.59149e-05 3.18155e-06 0.00601028 0.000591859 2.44196e-08 
0.00241211 9.21959e-05 0.0022683 4.18828e-09 3.33299e-09 0.994343 3.64359e-06 1.8895e-05 0.000854793 4.67687e-09 2.18937e-09 3.03307e-06 1.91982e-06 7.6432e-07 1.79428e-06 7.65178e-10 
0.0139842 0.000138474 0.0110924 4.89324e-08 0.679422 0.0143621 0.0947032 6.67931e-10 0.000577418 7.34993e-08 0.13302 0.0514833 8.21247e-05 0.00113466 6.74939e-07 1.24289e-10 
0.000687166 0.0019267 0.0112574 1.3892e-05 4.5684e-06 0.0568706 0.0163746 0.00126505 0.000546876 0.0033578 4.02079e-06 6.02209e-06 7.69498e-07 0.00196844 0.905716 4.95347e-07 
0.0042089 0.015596 0.00928603 1.29829e-07 1.03317e-07 0.913399 0.0416161 1.27467e-07 7.19669e-08 7.53994e-05 0.00239234 0.000120404 3.68465e-08 0.0133055 8.94477e-08 2.37191e-08 
0.0096761 0.00109357 0.00029109 1.22411e-06 0.00517516 0.733859 0.166979 0.000133206 6.51674e-05 2.95599e-05 0.0539776 0.0045608 0.000598715 0.0149044 0.00865452 1.16202e-06 
0.00120877 0.0095555 0.00172028 9.89335e-11 0.000295118 0.153911 0.593685 4.61944e-06 0.00217248 0.128083 0.000318171 0.00842198 7.27794e-05 0.00657571 0.0939759 1.80747e-11 
0.00370643 0.000120052 0.00400286 4.40399e-09 3.50465e-09 0.980468 0.00311681 0.00606714 0.00111514 4.91774e-09 2.30213e-09 0.000965657 0.000217665 0.000140844 7.91957e-05 8.04587e-10 
5.41087e-10 1.264e-05 3.97403e-06 2.70494e-09 2.15256e-09 0.999912 5.10931e-05 2.65573e-09 1.4994e-09 3.02049e-09 1.39998e-05 1.55051e-06 7.67684e-10 4.82647e-06 1.86361e-09 4.94179e-10 
2.24259e-08 0.000523878 0.000164707 1.12109e-07 8.9215e-08 0.996349 0.0021176 1.10069e-07 6.21442e-08 1.25187e-07 0.000580232 6.42623e-05 3.18173e-08 0.000200037 7.72391e-08 2.04817e-08 
1.28393e-07 8.93096e-05 0.00136703 6.41845e-07 5.10775e-07 0.989246 0.00752673 6.30168e-07 3.55789e-07 7.16721e-07 9.91871e-05 1.10483e-05 1.82161e-07 0.00165744 4.4221e-07 1.17262e-07 
0.000579983 0.0347248 0.00366616 4.54314e-07 2.16493e-07 0.761543 0.0378545 6.00087e-07 0.00173031 8.05967e-10 0.102428 0.0545659 0.000111466 0.00158909 0.00120559 1.31864e-10 
1.01274e-06 0.0284926 0.38681 1.23376e-05 3.38665e-07 0.0253569 0.371706 8.63367e-07 0.0174103 3.26222e-06 1.36405e-06 0.123142 2.85792e-07 0.0470621 4.20216e-07 2.59079e-11 
3.09287e-06 0.00950418 0.128963 3.76764e-05 1.03533e-06 0.00846763 0.787527 2.63787e-06 0.00581602 9.96339e-06 4.16612e-06 0.0410662 8.73131e-07 0.0185961 1.28421e-06 3.45753e-10 
0.000208271 0.00292122 0.00352559 1.91326e-07 0.00112767 0.988984 0.000479411 1.87846e-07 0.000592213 2.13646e-07 0.000381713 0.000142062 5.43e-08 0.00105966 0.000577612 3.49544e-08 
5.40162e-05 0.000217957 8.13212e-06 5.94769e-09 4.73312e-09 0.000233587 0.178384 3.09551e-05 0.695342 0.000245743 5.00591e-05 0.125259 1.688e-09 0.000174089 4.09776e-09 1.08661e-09 
8.52171e-10 5.81428e-07 0.0416527 4.26007e-09 0.00566164 0.739342 0.00404288 8.09271e-06 2.36145e-09 4.75704e-09 2.2269e-09 2.40371e-06 1.82494e-06 0.209288 2.93505e-09 7.78294e-10 
0.00134871 0.0723376 0.00626346 3.84335e-10 1.64857e-05 0.871703 0.0479461 1.20788e-06 5.49679e-06 3.30505e-06 2.00906e-10 3.79373e-07 0.000371268 2.36679e-06 6.62249e-07 7.02162e-11 
3.09287e-06 0.00950418 0.128963 3.76764e-05 1.03533e-06 0.00846763 0.787527 2.63787e-06 0.00581602 9.96339e-06 4.16612e-06 0.0410662 8.73131e-07 0.0185961 1.28421e-06 3.45753e-10 
6.27847e-11 1.46668e-06 0.00700954 3.13865e-10 2.49771e-10 0.983236 5.92855e-06 3.08155e-10 1.73982e-10 3.5048e-10 1.62445e-06 1.79912e-07 8.90776e-11 0.00974518 2.16243e-10 5.73417e-11 
0.0559303 1.24542e-05 0.00297672 1.16757e-08 0.917916 0.00123169 0.0200996 7.76268e-05 0.000608203 3.2288e-06 9.56308e-06 1.90144e-05 0.000441092 0.000674091 5.3285e-07 1.09611e-08 
8.67827e-09 0.0050739 0.00011808 4.33834e-08 0.000162323 0.977941 0.0127481 5.64693e-05 0.000159845 7.30841e-05 0.00251166 0.000394574 0.000497042 7.69641e-05 0.000186684 7.92593e-09 
2.79574e-09 6.53097e-05 2.05334e-05 1.39761e-08 1.11221e-08 0.985078 0.000263993 1.37219e-08 7.74726e-09 1.56065e-08 0.0145394 8.01132e-06 3.96654e-09 2.49378e-05 9.62908e-09 2.55337e-09 
0.00504602 0.0470654 0.000354481 1.52671e-09 1.47545e-06 0.834219 0.0451646 1.60738e-06 1.00035e-06 1.70481e-09 6.92382e-07 7.68243e-08 0.000520705 0.0676229 1.5787e-06 2.78922e-10 
9.18671e-09 0.000211632 0.00347622 4.5925e-08 0.000174153 0.798204 0.197147 4.50895e-08 3.25392e-05 5.12825e-08 1.48296e-05 0.000202015 1.30339e-08 0.000462234 7.54035e-05 8.39028e-09 
0.000143621 0.000952622 0.0477086 8.70439e-05 3.5168e-05 0.940453 0.000377251 1.97439e-06 9.5353e-06 0.00740724 4.79512e-05 1.25812e-06 0.000456698 0.00231754 4.62897e-07 1.22748e-07 
1.10863e-08 0.000570093 2.6032e-08 1.92223e-06 8.32849e-09 0.00190797 0.464063 1.90248e-12 0.0117985 9.09004e-09 0.00245222 0.518636 1.19894e-08 1.11122e-08 0.00057081 3.54015e-13 
0.00566434 0.0320085 0.00390244 0.000571999 0.000662186 0.0642957 0.154795 0.00184653 0.00647579 0.000484683 0.0147164 0.0429693 0.000483969 0.0413325 0.629432 0.000358534 
8.45665e-08 0.00655417 0.0210174 8.12831e-11 6.46844e-11 0.927409 0.0256023 3.03337e-07 0.000807822 9.07653e-11 1.27511e-07 8.52163e-05 0.000441757 0.0180815 7.22472e-07 1.485e-11 
0.00159118 0.0442734 1.64811e-05 7.36064e-06 5.68479e-06 0.793529 0.018013 0.000112125 0.137897 4.10257e-06 0.00123447 0.00270604 6.16691e-05 0.000339282 0.00020673 2.17194e-06 
0.0033628 0.0154013 0.0198793 1.67891e-05 0.000159896 0.872293 0.0538034 0.0120117 0.000873481 9.24481e-05 0.00224483 0.00391297 0.00190856 0.0133508 0.000686315 2.61605e-06 
1.16557e-06 5.61606e-06 2.05799e-05 5.79435e-08 4.61109e-08 0.997906 3.66415e-05 5.68893e-08 2.31178e-05 2.06923e-06 1.16661e-05 1.10392e-05 0.00194378 1.11208e-05 2.70015e-05 1.0586e-08 
1.78717e-07 8.68674e-05 0.000335589 1.62869e-09 0.0637181 7.57352e-05 0.0276779 1.48141e-09 1.96057e-07 1.37613e-05 4.96033e-05 0.908026 2.3989e-08 1.25955e-10 1.61343e-05 3.49209e-11 
3.16501e-10 0.00252452 9.13165e-07 1.58221e-09 9.42207e-07 0.318376 0.328807 1.55343e-09 0.201649 1.76679e-09 0.147847 3.56402e-07 1.17497e-06 0.000793166 1.08403e-07 2.89062e-10 
5.53271e-09 0.00674529 0.00555125 2.76585e-08 8.22952e-07 0.950157 0.0364361 2.71553e-08 0.000108977 3.0885e-08 0.000302572 0.000696598 1.03617e-06 5.3653e-07 1.90558e-08 5.05307e-09 
0.0089401 5.43293e-07 6.87193e-07 3.45812e-10 0.0222647 0.772226 0.125665 3.39521e-10 0.0568821 2.97377e-06 1.9344e-06 3.41348e-07 0.000384139 0.0136313 5.95869e-07 6.31782e-11 
0.000953732 0.000768305 0.000612276 4.33568e-07 0.765485 0.231668 0.000404079 4.2568e-07 2.40336e-07 4.84147e-07 2.26642e-07 9.32325e-05 1.2305e-07 1.22134e-05 2.98714e-07 7.92107e-08 
0.0151831 0.00161581 0.0299393 0.000680829 2.4638e-06 0.892849 0.0312173 8.61395e-06 2.21976e-06 1.60499e-07 0.000459223 4.33446e-06 0.000475605 0.0275288 3.26013e-05 1.50729e-07 
0.000455706 0.00470313 0.00102731 6.72256e-10 5.36863e-06 0.905991 0.0836631 6.60025e-10 0.00171363 1.07682e-06 8.113e-05 0.000116587 0.000112266 0.00212962 2.16023e-07 1.22818e-10 
6.81098e-09 0.00102056 0.00586147 3.40486e-08 0.00288712 0.954486 0.0194442 3.34292e-08 5.47071e-06 3.80206e-08 1.77985e-08 0.00166123 0.00119799 0.0134354 6.71122e-07 6.22052e-09 
1.4474e-06 0.000371492 0.00139384 5.14136e-10 4.09145e-10 0.552382 0.427827 0.0176178 2.84997e-10 5.74114e-10 4.32868e-07 0.000200258 0.00020563 1.49185e-07 3.54223e-10 9.39302e-11 
2.12025e-06 0.120401 0.000743942 1.05993e-05 0.0247762 0.0349383 0.000160996 1.04064e-05 5.87541e-06 0.00558699 3.11651e-05 2.11949e-05 3.00816e-06 0.813299 7.30255e-06 1.93644e-06 
8.55313e-07 4.99388e-06 1.57008e-06 1.06868e-09 8.50444e-10 0.790004 0.209956 1.04924e-09 2.45849e-05 1.19335e-09 5.53108e-06 6.12582e-07 3.033e-10 1.90686e-06 7.36283e-10 1.95242e-10 
0.00349517 0.0219361 0.0886605 3.88881e-06 3.09468e-06 0.225806 0.0928525 3.81806e-06 2.15565e-06 4.34246e-06 0.478116 0.0382763 1.10368e-06 0.0206302 0.030209 7.10467e-07 
0.00418191 0.0142822 0.00744727 3.13038e-05 0.000118722 0.836146 0.094294 0.00034778 0.000163742 0.00128659 5.89712e-05 0.00439901 5.28238e-05 0.0267405 0.0104271 2.2539e-05 
1.64309e-06 0.0550448 0.0283315 8.21394e-06 6.53658e-06 0.00548758 0.0423095 0.000657005 0.000508337 0.852708 4.29373e-06 0.00388106 2.33118e-06 0.0110424 5.65913e-06 1.50065e-06 
1.69604e-10 0.0212792 0.0419133 8.47861e-10 0.00559096 0.00224489 0.0400815 8.32436e-10 2.92059e-06 9.107e-07 1.43019e-06 8.93027e-05 2.4063e-10 0.888785 1.01977e-05 1.549e-10 
0.00173051 3.04811e-05 4.45959e-05 1.66665e-07 0.998086 7.48686e-06 2.79165e-06 6.23283e-07 2.22043e-07 4.52056e-07 1.8786e-06 6.78842e-05 2.40747e-05 2.80335e-06 1.57802e-07 3.14848e-08 
7.8807e-06 0.000178969 5.86183e-05 3.93962e-05 3.13512e-05 0.998507 0.000713466 3.86795e-05 2.18382e-05 4.39921e-05 0.000215301 2.78317e-05 1.1181e-05 6.98653e-05 2.71427e-05 7.1975e-06 
9.75659e-07 1.15495e-06 3.56725e-06 5.54186e-10 4.41016e-10 2.31927e-05 0.273231 0.72671 6.45423e-07 6.18836e-10 1.44876e-06 1.51733e-05 3.46039e-06 2.79716e-06 5.99489e-06 1.01247e-10 
0.0139842 0.000138474 0.0110924 4.89324e-08 0.679422 0.0143621 0.0947032 6.67931e-10 0.000577418 7.34993e-08 0.13302 0.0514833 8.21247e-05 0.00113466 6.74939e-07 1.24289e-10 
0.000142524 0.000246205 9.29543e-05 3.73289e-05 4.27663e-06 0.00103212 0.993142 5.27629e-06 2.97896e-06 6.00098e-06 2.80922e-06 4.15489e-05 4.61757e-06 0.00522264 1.52702e-05 9.81814e-07 
0.0368404 0.00253058 0.000993253 3.65899e-05 5.67594e-07 0.00787553 0.00184847 0.00405146 0.776555 0.0169116 3.72839e-07 0.00053043 2.02425e-07 0.12822 0.0236054 1.30306e-07 
3.09287e-06 0.00950418 0.128963 3.76764e-05 1.03533e-06 0.00846763 0.787527 2.63787e-06 0.00581602 9.96339e-06 4.16612e-06 0.0410662 8.73131e-07 0.0185961 1.28421e-06 3.45753e-10 
1.70708e-06 0.0241675 8.85097e-07 6.51388e-10 5.18369e-10 0.743804 0.214013 6.39538e-10 3.97549e-07 0.00497927 0.00587705 4.2523e-07 0.00101025 0.00614606 4.48785e-10 1.19005e-10 
1.78717e-07 8.68674e-05 0.000335589 1.62869e-09 0.0637181 7.57352e-05 0.0276779 1.48141e-09 1.96057e-07 1.37613e-05 4.96033e-05 0.908026 2.3989e-08 1.25955e-10 1.61343e-05 3.49209e-11 
0.00744055 0.000708187 0.000535139 8.65612e-05 0.0159752 0.853633 0.110461 0.00440619 0.00304314 0.000128748 0.00293994 0.000459454 0.000166587 1.19947e-05 3.07142e-06 8.14457e-07 
0.0486918 0.590697 0.0086216 6.4632e-12 1.09559e-07 0.00103534 0.0142001 6.34561e-12 1.00352e-08 3.60932e-08 7.96468e-05 3.24091e-08 1.83431e-12 0.336674 4.45293e-12 1.18079e-12 
0.0205962 9.92858e-05 0.123586 1.4645e-07 0.550661 0.0298474 0.0501266 5.46971e-06 0.00490507 0.00115106 0.218901 4.71624e-05 6.0343e-05 1.22988e-05 9.43937e-07 1.22252e-09 
3.60894e-05 3.06882e-05 0.0524249 3.90145e-08 5.56894e-05 0.431935 0.515395 1.27502e-05 5.55339e-05 1.06657e-05 2.03943e-08 9.00732e-06 2.40399e-05 3.15799e-06 7.12673e-06 7.12777e-09 
0.000579983 0.0347248 0.00366616 4.54314e-07 2.16493e-07 0.761543 0.0378545 6.00087e-07 0.00173031 8.05967e-10 0.102428 0.0545659 0.000111466 0.00158909 0.00120559 1.31864e-10 
2.96903e-05 0.466097 0.0157151 1.01883e-06 2.11438e-05 0.505031 0.00633179 0.000240119 3.50784e-07 0.0010847 0.000471205 5.32619e-06 0.000446676 0.00452508 1.98143e-10 5.25421e-11 
0.0108311 0.77126 0.060985 5.09562e-05 1.77086e-06 1.13898e-05 0.0154056 1.5128e-06 4.23274e-05 1.19857e-05 0.0978047 1.79631e-06 1.10163e-09 0.0435916 2.6743e-09 7.09151e-10 
9.86083e-07 2.5422e-06 0.0176552 2.23044e-10 6.39164e-07 0.901361 0.00799497 4.05147e-06 8.13543e-05 1.59425e-06 1.16593e-10 0.0726778 0.000218633 2.18355e-07 1.18341e-06 4.07491e-11 
1.48933e-05 4.14773e-06 0.0218793 4.45024e-07 0.00223645 0.752747 0.174652 0.000176284 0.000612574 0.00037788 3.11019e-05 0.0447792 3.27008e-05 0.00240466 5.16668e-05 8.13038e-08 
0.062143 0.00322222 6.30825e-05 3.35386e-05 0.000241614 0.471891 0.406401 0.000677539 0.00642997 0.00054345 0.00175534 0.0197442 0.000225434 0.026553 4.72552e-05 2.78987e-05 
