1.15114e-05 0.0365831 1.78343e-10 2.10016e-09 1.67129e-09 0.926776 0.0247421 2.06195e-09 1.28175e-06 2.3686e-07 1.97719e-06 3.34308e-10 0.000537571 0.0113057 1.44694e-09 4.01725e-05 
0.000593156 0.0367246 3.15693e-09 5.70155e-06 1.36111e-05 0.933646 0.000515314 0.00951794 1.41592e-05 1.27113e-06 0.002827 1.12007e-06 0.000459545 0.00746453 0.000295692 0.00792072 
8.47019e-05 0.000126686 5.61822e-10 1.05922e-05 0.00283044 0.970159 0.00166741 0.0157318 3.66739e-09 7.3878e-09 2.55958e-05 6.31995e-06 0.000109846 0.00910512 4.5582e-09 0.00014275 
0.0405645 0.350414 1.11756e-13 1.31604e-12 2.81731e-08 0.0180452 0.000476051 0.00102018 2.02299e-05 1.45579e-05 6.05458e-09 7.16856e-06 1.79319e-09 0.0317034 9.73533e-05 0.557637 
1.51046e-11 0.000519424 6.41212e-12 7.55089e-11 1.50283e-07 0.998239 0.000771326 3.70751e-07 4.85575e-07 4.22431e-08 2.44761e-07 2.31992e-07 0.000468236 2.33811e-07 5.67102e-07 1.37951e-11 
0.0279471 0.0169348 1.38172e-11 1.62711e-10 3.10665e-07 0.68244 0.217005 0.00039368 0.00611424 0.000731645 0.00130373 0.015641 2.10212e-07 0.0305838 1.60425e-06 0.000903141 
1.72434e-05 0.00760708 7.32011e-06 0.879338 6.85982e-05 1.80556e-05 0.0165458 8.46331e-05 4.77832e-05 9.62573e-05 4.50606e-05 1.37217e-05 2.44646e-05 0.0550645 5.93898e-05 0.0409619 
1.36615e-06 6.44238e-07 4.46081e-11 5.25304e-10 5.43858e-07 0.996916 4.06935e-07 1.96036e-06 4.95311e-07 5.86584e-10 2.74596e-10 8.36191e-11 0.0015443 0.000265741 0.00126834 2.88871e-08 
1.04542e-05 0.011295 3.53222e-09 4.15953e-08 4.78233e-06 0.50429 0.0883244 3.17792e-05 2.30572e-08 1.83728e-05 0.134243 0.00632679 8.48057e-06 0.000157799 0.00851947 0.24677 
1.47395e-06 0.00177237 6.25715e-07 7.3684e-06 5.86371e-06 0.0524762 0.00623168 0.00941189 4.08446e-06 8.22797e-06 3.85173e-06 1.17292e-06 2.09121e-06 0.930067 5.07658e-06 1.34617e-06 
0.000552878 0.00790339 3.33993e-08 0.000110933 3.12992e-07 0.90447 0.0765046 3.86154e-07 0.000161077 0.0012837 0.00233554 7.69183e-05 0.000683502 0.00572806 0.000188137 7.18557e-08 
8.11027e-09 4.80627e-10 2.99359e-13 3.52524e-12 1.01837e-07 0.000196816 0.437599 4.15679e-09 0.000446541 0.000109634 2.12966e-05 0.56125 1.63364e-05 0.000186153 1.94545e-09 0.000173785 
1.23121e-10 1.82044e-06 5.22667e-11 6.15491e-10 4.89802e-10 0.067242 0.932742 6.04293e-10 1.39918e-06 4.19317e-06 5.05164e-06 1.5775e-06 1.74681e-10 7.0938e-07 4.24053e-10 1.04587e-06 
6.38533e-07 0.0077052 6.99524e-10 0.0549775 4.04467e-06 0.776804 0.0858434 8.0877e-09 0.00787409 9.19853e-09 4.30608e-09 1.31127e-09 0.00415226 0.0569557 5.67541e-09 0.00568327 
2.2234e-08 0.0024283 9.43868e-09 1.1115e-07 8.84519e-08 0.934712 0.0324495 1.09127e-07 6.16126e-08 1.24116e-07 0.0302609 0.000112429 1.39517e-05 2.2709e-05 7.65784e-08 2.03065e-08 
1.36615e-06 6.44238e-07 4.46081e-11 5.25304e-10 5.43858e-07 0.996916 4.06935e-07 1.96036e-06 4.95311e-07 5.86584e-10 2.74596e-10 8.36191e-11 0.0015443 0.000265741 0.00126834 2.88871e-08 
0.00407658 0.0723085 5.90167e-12 6.94979e-11 0.000202298 0.918702 0.00100471 0.00173655 4.27657e-07 7.76053e-11 3.70593e-07 1.10628e-11 6.90541e-08 2.08632e-06 1.81998e-07 0.00196645 
0.00721555 0.153682 5.41681e-11 6.37882e-10 5.07621e-10 0.697284 0.130893 2.71659e-07 0.00333648 0.000143217 0.000760839 0.000756055 0.000101723 0.00491186 3.27037e-06 0.000910828 
0.00123268 0.297569 4.41011e-11 2.41239e-06 1.54656e-06 0.0171961 0.0518999 3.02346e-06 7.03062e-07 3.20463e-05 9.98385e-07 0.000362794 1.47391e-10 0.034384 0.556568 0.0407464 
1.89608e-07 2.82678e-05 8.04915e-08 9.47865e-07 7.54302e-07 0.99981 7.50529e-05 9.3062e-07 5.25422e-07 1.05844e-06 4.95484e-07 1.50883e-07 2.69012e-07 8.03e-05 6.53047e-07 1.7317e-07 
5.58391e-05 0.000305007 4.55768e-09 5.36711e-08 0.00010682 0.000834158 7.93365e-05 5.26947e-08 2.9751e-08 5.99322e-08 0.000112251 6.75021e-05 1.52323e-08 5.21701e-05 3.69776e-08 0.998387 
5.94773e-06 4.07494e-05 1.58526e-07 2.56346e-06 0.000187762 0.0237053 3.1522e-07 0.975155 1.03481e-06 2.08458e-06 0.000849997 7.1302e-07 2.874e-05 1.58611e-06 1.28616e-06 1.66008e-05 
0.000128564 0.000567787 2.10886e-10 2.48338e-09 1.52192e-05 0.99205 1.05713e-05 8.0707e-05 0.000137111 0.00120463 8.86653e-05 9.48784e-06 1.77618e-05 0.000490062 0.00490791 0.000291549 
1.36615e-06 6.44238e-07 4.46081e-11 5.25304e-10 5.43858e-07 0.996916 4.06935e-07 1.96036e-06 4.95311e-07 5.86584e-10 2.74596e-10 8.36191e-11 0.0015443 0.000265741 0.00126834 2.88871e-08 
1.19306e-07 0.000216429 5.06474e-08 5.96422e-07 0.0002441 0.113994 0.0208044 5.85571e-07 0.00157393 9.38996e-05 0.814351 9.49398e-08 0.000142346 0.0257571 0.000345556 0.022476 
1.84385e-06 1.56169e-07 1.1023e-10 1.29806e-09 1.312e-05 4.51365e-06 0.996052 1.27445e-09 7.19545e-10 3.62518e-06 0.00391183 1.0249e-05 3.68402e-10 3.51556e-07 2.41556e-06 2.3715e-10 
0.0553049 0.0147755 5.6159e-08 8.93362e-07 0.00346579 0.0321185 3.0263e-05 0.882279 1.31071e-05 1.82374e-05 5.57341e-05 1.91336e-05 0.00163995 0.000806821 3.46451e-05 0.00943748 
0.00499356 0.0014358 1.88256e-08 0.000124246 1.76419e-07 0.107904 0.881259 0.000189857 0.00116698 9.33328e-05 1.15885e-07 0.000298466 0.000140083 2.54235e-05 1.52737e-07 0.00236906 
3.41696e-05 1.64829e-05 2.90251e-07 3.41799e-06 2.72001e-06 0.99864 0.00105102 7.16488e-05 8.16094e-05 3.81672e-06 1.78671e-06 2.09316e-05 1.05357e-05 5.09435e-05 2.35488e-06 8.21886e-06 
0.0405645 0.350414 1.11756e-13 1.31604e-12 2.81731e-08 0.0180452 0.000476051 0.00102018 2.02299e-05 1.45579e-05 6.05458e-09 7.16856e-06 1.79319e-09 0.0317034 9.73533e-05 0.557637 
0.0159749 0.000338795 2.23646e-07 0.0010292 2.09583e-06 0.973131 0.00281427 7.00092e-05 1.45988e-06 2.94087e-06 0.00550953 8.54776e-06 3.22312e-05 0.000915403 0.000137002 3.20075e-05 
0.100335 0.157296 9.86129e-11 1.16126e-09 1.40306e-06 0.574421 0.0183557 0.0219509 0.000891328 0.000472106 7.3345e-05 5.33801e-05 0.000230617 0.0412506 0.000105056 0.0845637 
0.0342418 0.147773 2.99949e-05 3.29819e-05 0.000485785 0.248531 0.257134 0.00626842 0.000378159 0.000163896 0.000813602 0.0166517 8.43114e-05 0.0464815 0.174797 0.0661323 
0.0480354 3.80056e-06 3.41206e-10 4.01803e-09 8.95623e-06 0.903569 0.0213646 1.97642e-06 1.98251e-05 1.39134e-05 0.000104601 9.85048e-06 1.14035e-09 0.0268553 8.86129e-06 4.11156e-06 
1.16052e-06 0.0419623 3.43199e-10 4.0415e-09 1.0026e-06 0.758247 0.167212 8.99151e-07 0.000541709 4.51296e-09 0.000617806 2.16424e-06 1.14701e-09 0.0306443 2.78446e-09 0.000769956 
0.000313629 0.0010603 3.37314e-10 7.43042e-05 3.16104e-09 0.962202 0.032167 6.62594e-06 1.51872e-05 4.43558e-09 2.07642e-09 6.32304e-10 0.00415028 8.72784e-06 2.73671e-09 1.92033e-06 
0.000220367 0.00108994 7.05342e-07 0.997123 6.60991e-06 0.000820468 4.93012e-05 0.000225067 4.60424e-06 9.27504e-06 0.000170172 2.74729e-05 0.000103645 4.02991e-05 5.72261e-06 0.000102943 
0.000146092 3.08439e-07 1.40243e-11 1.6515e-10 1.31425e-10 0.938321 0.0311225 7.46033e-07 0.0288892 7.39509e-08 1.78712e-06 7.10067e-08 1.45347e-07 0.00151718 8.87622e-07 3.01721e-11 
0.00102972 0.0043142 1.32773e-11 2.24984e-07 2.16224e-07 0.974599 0.0132281 0.0018694 0.000503193 3.22596e-08 0.00273851 3.08981e-08 0.000299815 0.000672477 0.000744517 5.89577e-07 
7.42956e-05 0.000117371 1.50181e-09 1.76852e-08 3.66058e-05 0.999017 0.000292454 4.16899e-05 9.80332e-09 1.97484e-08 0.00021726 3.68817e-05 7.53389e-06 8.10373e-05 7.79929e-05 3.23101e-09 
9.78235e-05 0.011561 2.79569e-08 3.29219e-07 2.6199e-07 0.95422 0.0179602 9.41986e-05 1.82493e-07 3.67625e-07 1.72095e-07 5.24059e-08 5.25462e-05 0.000104736 0.00117699 0.0147314 
9.404e-05 0.000180027 2.25652e-07 2.65727e-06 2.11463e-06 0.998056 0.000441433 2.70613e-05 0.000556886 2.96726e-06 0.000237734 7.60536e-05 3.55523e-05 0.000213261 1.83077e-06 7.22371e-05 
2.21305e-06 0.024618 1.33795e-06 2.67323e-05 1.66026e-06 0.516728 0.0471309 0.0027807 2.09354e-06 0.00610549 1.44482e-06 0.00750696 0.000319153 0.294189 0.100359 0.000227283 
0.000705829 0.00031109 9.98453e-08 1.17577e-06 9.35671e-07 0.0038914 0.993288 1.15438e-06 6.51757e-07 1.31294e-06 6.1462e-07 1.87162e-07 3.33694e-07 0.00179593 8.10069e-07 2.14808e-07 
0.00893818 0.00603878 2.8662e-10 3.37522e-09 2.68597e-09 0.985001 5.63687e-06 1.12703e-05 1.87284e-06 3.76896e-09 1.41325e-06 5.37276e-10 1.24625e-06 2.81429e-07 2.32541e-09 6.16636e-10 
0.0100979 0.0168398 1.84462e-08 2.17222e-07 1.63036e-05 0.919543 0.000471177 9.00021e-05 0.000268508 5.34148e-06 1.1355e-07 4.75102e-07 6.16494e-08 0.00564575 1.09223e-05 0.0470104 
0.000602142 0.00262767 3.34326e-06 3.93701e-05 0.00010167 0.990959 5.16612e-05 0.0004117 0.000655593 9.90812e-05 0.000430417 5.01214e-05 9.32718e-05 0.00226798 0.000251732 0.00135484 
2.77209e-06 0.13073 3.49186e-11 4.112e-10 2.3891e-06 0.659693 0.00468976 2.14011e-06 2.53033e-06 4.59169e-10 2.1927e-06 6.54557e-11 1.16702e-10 0.185175 2.83303e-10 0.0197004 
0.000533364 0.00134502 6.71851e-09 7.91169e-08 0.000459674 0.993702 0.000127071 0.000411768 0.000486848 8.83464e-08 0.000421886 1.2594e-08 2.2454e-08 0.00237508 5.45089e-08 0.00013733 
1.36615e-06 6.44238e-07 4.46081e-11 5.25304e-10 5.43858e-07 0.996916 4.06935e-07 1.96036e-06 4.95311e-07 5.86584e-10 2.74596e-10 8.36191e-11 0.0015443 0.000265741 0.00126834 2.88871e-08 
1.51046e-11 0.000519424 6.41212e-12 7.55089e-11 1.50283e-07 0.998239 0.000771326 3.70751e-07 4.85575e-07 4.22431e-08 2.44761e-07 2.31992e-07 0.000468236 2.33811e-07 5.67102e-07 1.37951e-11 
0.0142042 0.0495591 1.69811e-10 1.99969e-09 0.000246006 0.929572 0.000488878 0.00211812 4.74177e-06 4.14524e-07 3.06667e-06 3.28354e-07 0.00377444 1.69444e-05 1.68146e-06 1.00809e-05 
0.000179637 0.00081825 6.2502e-09 7.36021e-08 4.69162e-05 0.996552 4.34181e-05 0.000325256 4.07992e-08 8.21883e-08 0.000319378 1.17162e-08 3.34433e-05 0.000176297 5.07094e-08 0.00150471 
0.000405843 0.00352826 4.60189e-09 5.41917e-08 8.05323e-05 0.764895 0.207818 0.000236696 0.0049651 6.05135e-08 0.000994612 0.000333237 4.77842e-05 0.0164295 3.73363e-08 0.000265286 
9.72685e-05 0.0107134 5.85557e-09 6.89549e-08 2.62184e-05 0.278443 0.682958 6.77005e-08 0.000223113 1.6472e-05 6.48999e-06 0.0153847 3.36106e-05 0.0120908 4.75077e-08 6.35276e-06 
0.0737827 0.0839196 2.06124e-07 2.42731e-06 2.58999e-05 0.00659403 0.000477165 0.000155484 9.03311e-05 0.000107431 1.69128e-05 0.000409624 0.000554596 0.00884123 1.89501e-05 0.825003 
0.0138778 0.0926897 5.55298e-06 5.93046e-06 0.00129515 0.584529 0.0967894 0.00215425 0.00155361 5.6345e-05 0.0348727 0.00394176 0.00559223 0.115946 0.0430886 0.00360191 
2.60807e-05 0.0334511 1.8422e-08 2.16937e-07 1.72637e-07 0.965564 8.94304e-05 2.1299e-07 0.000709615 2.42244e-07 1.13401e-07 3.45671e-05 6.15686e-08 0.000123516 1.49463e-07 3.96334e-08 
0.000224497 9.24891e-06 1.63073e-09 1.92034e-08 3.2356e-05 0.959702 1.18283e-06 0.000140499 1.06449e-08 2.14436e-08 0.0344811 3.05684e-09 0.00223519 0.00317199 1.32325e-06 1.01597e-06 
1.06393e-06 8.8e-06 8.55338e-08 1.00724e-06 8.01555e-07 0.964708 0.0234689 9.88918e-07 0.010664 4.23946e-06 1.86067e-05 1.72992e-05 9.15216e-06 0.00105476 4.2588e-05 1.84018e-07 
2.21244e-10 8.24532e-07 9.39217e-11 1.10602e-09 8.80159e-10 0.973415 0.0105858 8.69804e-07 0.000322058 1.23504e-09 0.0156684 1.76059e-10 4.0838e-07 9.59908e-07 1.44858e-06 3.73839e-06 
7.04233e-05 6.2425e-05 2.43566e-07 2.86822e-06 2.2825e-06 0.997342 0.00115269 2.81604e-06 1.58992e-06 0.000523092 1.49932e-06 3.75125e-05 8.14025e-07 0.000797505 1.97611e-06 5.2401e-07 
2.95892e-08 0.000231205 1.25611e-08 1.47919e-07 1.17713e-07 0.994487 0.00150949 1.45228e-07 0.000951222 8.27526e-05 0.000479478 0.000454463 0.000235134 0.000458027 0.00111093 2.70241e-08 
0.000179637 0.00081825 6.2502e-09 7.36021e-08 4.69162e-05 0.996552 4.34181e-05 0.000325256 4.07992e-08 8.21883e-08 0.000319378 1.17162e-08 3.34433e-05 0.000176297 5.07094e-08 0.00150471 
0.0265864 0.196639 1.805e-10 2.12556e-09 1.6915e-09 0.00208558 2.59822e-06 2.08689e-09 1.17825e-09 2.37352e-09 1.11111e-09 1.48909e-06 6.03253e-10 0.15908 1.46444e-09 0.615605 
0.00239129 0.00168653 1.04778e-11 1.45309e-06 8.48103e-08 0.985076 0.00753899 0.000760318 0.000394449 3.84879e-05 0.001326 9.46599e-05 0.000301822 4.12042e-08 0.000389782 2.2542e-11 
0.0100979 0.0168398 1.84462e-08 2.17222e-07 1.63036e-05 0.919543 0.000471177 9.00021e-05 0.000268508 5.34148e-06 1.1355e-07 4.75102e-07 6.16494e-08 0.00564575 1.09223e-05 0.0470104 
1.0666e-05 8.52051e-06 2.8554e-08 3.36251e-07 2.67586e-07 0.978233 0.0216587 3.74873e-05 1.86391e-07 3.75477e-07 1.75771e-07 8.4876e-06 9.54745e-06 1.81092e-05 2.31666e-07 1.36133e-05 
0.00403811 0.146224 3.36833e-10 0.00213545 3.15653e-09 0.806613 0.000316112 0.0271605 2.19874e-09 4.42926e-09 0.0100271 1.863e-06 0.000742663 1.81206e-06 8.84687e-05 0.00265062 
0.00550999 0.0273521 7.98306e-12 9.40082e-11 7.48109e-11 0.959306 5.53826e-07 1.41225e-06 3.28351e-07 3.46522e-07 4.91416e-11 2.99439e-08 2.66803e-11 0.00779449 7.31947e-07 3.37916e-05 
0.106139 0.196072 3.40314e-09 4.00752e-08 2.41395e-05 0.063418 0.0414557 0.000249153 0.000512698 1.16501e-05 5.20143e-06 4.73315e-06 1.54554e-06 0.498363 3.50465e-05 0.0937095 
0.00190513 0.00624606 6.3485e-06 1.52485e-05 0.0132699 0.150267 0.0661043 0.425219 0.000600235 0.298875 0.00121237 0.000984205 0.000446658 0.00831576 0.000425795 0.0261071 
1.36615e-06 6.44238e-07 4.46081e-11 5.25304e-10 5.43858e-07 0.996916 4.06935e-07 1.96036e-06 4.95311e-07 5.86584e-10 2.74596e-10 8.36191e-11 0.0015443 0.000265741 0.00126834 2.88871e-08 
1.42109e-09 2.54583e-07 6.03276e-10 7.10416e-09 8.28612e-06 0.000311706 0.997644 6.97492e-09 3.93799e-09 7.93291e-09 1.24618e-06 0.00193236 3.31808e-07 9.76749e-05 3.538e-06 2.74895e-07 
0.000616013 0.0617115 3.54332e-08 5.36952e-06 0.0619279 0.592276 0.00801113 0.268302 7.35011e-07 1.39768e-06 0.00043009 0.00010342 0.00159067 0.00234151 0.000978111 0.00170411 
0.00585087 7.3401e-05 3.66811e-08 0.000171686 2.54141e-05 0.992382 6.96173e-06 2.28806e-05 2.67931e-05 4.82346e-07 2.32362e-05 6.87597e-08 1.22593e-07 0.000129583 5.97499e-05 0.00122677 
0.000142387 0.000107291 2.49927e-07 2.94313e-06 2.34212e-06 0.989881 6.21975e-05 2.88959e-06 0.00837511 0.000128268 0.00115998 4.68494e-07 5.37774e-05 7.8067e-05 2.02772e-06 5.37695e-07 
9.23222e-09 3.91547e-06 3.91922e-09 0.00012998 3.67278e-08 0.0019669 0.968272 4.5313e-08 2.55834e-08 1.70378e-05 2.41257e-08 0.0257735 1.30985e-08 3.83154e-06 0.00383298 8.43185e-09 
0.000893596 0.00854583 5.46039e-09 6.43014e-08 0.000736881 0.969296 8.24983e-06 0.000315247 0.000106978 0.000231794 6.91898e-05 7.41026e-06 0.000226242 0.00703489 9.80765e-05 0.0124297 
1.36615e-06 6.44238e-07 4.46081e-11 5.25304e-10 5.43858e-07 0.996916 4.06935e-07 1.96036e-06 4.95311e-07 5.86584e-10 2.74596e-10 8.36191e-11 0.0015443 0.000265741 0.00126834 2.88871e-08 
1.36615e-06 6.44238e-07 4.46081e-11 5.25304e-10 5.43858e-07 0.996916 4.06935e-07 1.96036e-06 4.95311e-07 5.86584e-10 2.74596e-10 8.36191e-11 0.0015443 0.000265741 0.00126834 2.88871e-08 
0.000277206 0.0405095 1.25348e-06 1.00324e-05 1.56584e-06 0.796328 0.108779 2.20861e-05 0.00176249 9.15885e-06 0.000478685 0.023032 0.000175399 0.0178378 0.010745 3.14233e-05 
6.24818e-08 1.114e-07 2.65218e-12 3.1232e-11 2.48541e-11 0.000770901 0.966427 3.06638e-11 6.75365e-08 8.02483e-08 1.64893e-09 0.00904708 8.86389e-12 5.09575e-08 0.0227029 0.00105153 
1.31646e-07 4.27471e-05 5.58857e-08 6.58108e-07 5.23717e-07 0.990854 0.00764538 0.0011386 0.00017137 7.34881e-07 6.09951e-05 4.92114e-05 1.44062e-05 3.34101e-06 1.77128e-05 1.20233e-07 
4.73839e-05 1.71836e-08 1.46893e-09 2.5109e-06 4.51176e-05 8.4574e-09 0.0414585 1.09182e-08 0.000138292 2.07906e-06 6.00811e-06 0.00162681 4.48955e-05 8.81271e-05 0.95652 2.05235e-05 
0.000106238 0.00326009 3.60515e-07 0.00210956 3.37846e-06 0.952057 0.0283995 4.16818e-06 0.000432623 4.74067e-06 0.00667077 2.22339e-06 0.00168351 0.00374503 2.92495e-06 0.00151818 
0.00490523 1.66993e-05 1.39536e-06 3.20145e-06 1.73201e-06 0.992068 7.95274e-06 3.00229e-06 0.000125994 1.87034e-06 0.000172446 2.05114e-05 0.00152236 1.45791e-05 9.44359e-05 0.00104032 
2.51812e-07 0.00154384 1.06898e-07 1.25883e-06 0.000401706 0.990693 0.00473237 1.23592e-06 6.97795e-07 1.40568e-06 6.58035e-07 0.000821769 3.57265e-07 0.00180043 8.67289e-07 2.29981e-07 
0.0426145 0.207941 1.69179e-07 3.56144e-07 9.38094e-05 0.0261852 0.0182275 0.000216882 0.0604523 0.000268595 0.00245211 0.00134642 0.000217548 0.460364 0.000188176 0.179431 
1.83107e-05 4.61753e-05 2.3065e-10 2.71613e-09 1.57809e-05 0.979863 0.0165816 1.41363e-05 0.00335949 6.0963e-07 1.44836e-05 1.73377e-07 7.70861e-10 8.1538e-05 1.87132e-09 4.71462e-06 
0.019368 0.0114751 4.81338e-08 5.66821e-07 4.51072e-07 0.764972 0.0448202 2.31332e-05 0.0241138 6.32945e-07 0.00668973 0.000221397 7.04959e-06 0.119228 8.75198e-06 0.00907047 
0.000322941 0.00142358 2.80495e-07 3.30309e-06 4.07747e-05 0.994759 0.000487139 0.000205552 0.000345534 3.358e-05 0.000223988 2.43087e-05 4.54606e-05 0.00122871 0.000124084 0.000731451 
1.51046e-11 0.000519424 6.41212e-12 7.55089e-11 1.50283e-07 0.998239 0.000771326 3.70751e-07 4.85575e-07 4.22431e-08 2.44761e-07 2.31992e-07 0.000468236 2.33811e-07 5.67102e-07 1.37951e-11 
0.000965755 0.274247 2.35606e-08 2.80223e-05 2.20791e-07 0.0268022 0.692362 0.00528485 1.53796e-07 3.09815e-07 1.45033e-07 4.41649e-08 7.87422e-08 0.000177231 1.91153e-07 0.00013184 
1.0011e-09 1.76536e-06 4.24981e-10 5.00456e-09 9.96043e-06 0.999488 0.000463153 2.45726e-05 2.77414e-09 6.71163e-06 2.61607e-09 7.96638e-10 5.54073e-06 1.04582e-07 3.44798e-09 9.14309e-10 
8.9455e-06 3.50642e-06 1.23951e-07 0.000214898 5.93113e-05 0.999527 6.04486e-06 6.68251e-06 8.35331e-06 1.62991e-06 7.63006e-07 2.32348e-07 8.82913e-06 2.7268e-05 7.45316e-05 5.22589e-05 
5.63035e-05 2.5841e-05 4.34498e-09 5.11663e-08 4.07177e-08 0.999656 5.56357e-05 1.00973e-05 2.83626e-08 2.86248e-05 2.67465e-08 8.14477e-09 1.74402e-05 1.56336e-05 0.000133992 9.34784e-09 
5.6011e-05 0.052832 3.49618e-09 4.11709e-08 3.27634e-08 0.946525 0.000172623 0.000165769 2.28219e-08 4.59737e-08 2.15215e-08 6.55368e-09 1.16846e-08 8.28944e-05 2.83654e-08 0.000165486 
1.06393e-06 8.8e-06 8.55338e-08 1.00724e-06 8.01555e-07 0.964708 0.0234689 9.88918e-07 0.010664 4.23946e-06 1.86067e-05 1.72992e-05 9.15216e-06 0.00105476 4.2588e-05 1.84018e-07 
1.42109e-09 2.54583e-07 6.03276e-10 7.10416e-09 8.28612e-06 0.000311706 0.997644 6.97492e-09 3.93799e-09 7.93291e-09 1.24618e-06 0.00193236 3.31808e-07 9.76749e-05 3.538e-06 2.74895e-07 
4.58876e-07 2.16383e-07 7.54047e-11 8.87963e-10 1.83186e-07 0.995548 0.00172852 0.000196411 6.36612e-06 9.9155e-10 0.000761237 1.41348e-10 0.000257811 0.000414844 0.00108584 1.43602e-07 
0.460371 0.361996 1.60109e-13 1.88543e-12 4.03625e-08 0.0233438 0.00217767 0.000277105 8.96981e-05 7.77206e-05 2.42962e-05 0.00159518 3.36568e-05 0.068276 1.23418e-08 0.0817381 
9.44618e-07 0.107182 1.11805e-11 1.31661e-10 6.83337e-07 0.635107 0.0718643 1.29265e-10 4.57901e-07 0.003963 0.0080524 0.00126528 0.000145793 0.170459 0.00195893 3.13823e-07 
0.00181145 0.100005 4.02185e-10 4.73612e-09 2.666e-05 0.858061 0.00212524 0.000223611 3.91275e-06 3.45349e-07 0.00110176 9.0085e-05 0.000108549 0.0364325 1.38901e-06 8.31533e-06 
0.0405645 0.350414 1.11756e-13 1.31604e-12 2.81731e-08 0.0180452 0.000476051 0.00102018 2.02299e-05 1.45579e-05 6.05458e-09 7.16856e-06 1.79319e-09 0.0317034 9.73533e-05 0.557637 
0.00790342 0.0936213 6.48917e-06 1.06639e-05 0.000659896 0.571468 0.00448147 0.000109163 0.00981182 0.00544896 0.000948468 0.000291199 7.98695e-05 0.224635 0.00143478 0.0790896 
0.000179515 0.0160743 2.06436e-08 2.26722e-05 0.0059974 0.929721 5.89478e-06 0.0333333 1.34755e-07 2.71458e-07 5.4353e-05 1.34274e-05 0.00023281 0.00106125 1.67487e-07 0.0133033 
2.0775e-06 0.141899 3.51442e-10 4.13857e-09 1.35064e-06 0.788513 0.0018163 0.000746355 0.000118028 0.000283808 2.16338e-09 3.33823e-08 7.50774e-07 0.0020697 8.03073e-07 0.0645483 
8.9455e-06 3.50642e-06 1.23951e-07 0.000214898 5.93113e-05 0.999527 6.04486e-06 6.68251e-06 8.35331e-06 1.62991e-06 7.63006e-07 2.32348e-07 8.82913e-06 2.7268e-05 7.45316e-05 5.22589e-05 
1.36615e-06 6.44238e-07 4.46081e-11 5.25304e-10 5.43858e-07 0.996916 4.06935e-07 1.96036e-06 4.95311e-07 5.86584e-10 2.74596e-10 8.36191e-11 0.0015443 0.000265741 0.00126834 2.88871e-08 
0.000593156 0.0367246 3.15693e-09 5.70155e-06 1.36111e-05 0.933646 0.000515314 0.00951794 1.41592e-05 1.27113e-06 0.002827 1.12007e-06 0.000459545 0.00746453 0.000295692 0.00792072 
0.00850318 0.075161 3.36746e-05 0.000650146 0.000170272 0.649027 0.155834 0.000803125 5.64941e-05 0.00069439 0.0203774 0.00523112 7.56935e-05 0.0544602 0.0019316 0.0269909 
0.000179637 0.00081825 6.2502e-09 7.36021e-08 4.69162e-05 0.996552 4.34181e-05 0.000325256 4.07992e-08 8.21883e-08 0.000319378 1.17162e-08 3.34433e-05 0.000176297 5.07094e-08 0.00150471 
0.000317811 0.00140145 2.24546e-07 2.64424e-06 3.96588e-05 0.995298 2.62763e-05 0.000201767 0.000339838 3.23807e-05 0.000220196 2.3835e-05 4.45831e-05 0.00120961 0.000121741 0.000719996 
0.00158326 0.00564546 1.18647e-12 1.39718e-11 1.11186e-11 2.92651e-12 0.904971 1.37176e-11 7.74487e-12 0.000202311 0.000503267 0.0550313 3.96531e-12 0.0300473 9.62611e-12 0.0020157 
0.00298718 0.00276266 3.9193e-09 4.61535e-08 3.67285e-08 0.451835 0.000883387 4.53138e-08 0.363374 4.44358e-05 2.41261e-08 0.00694774 1.30987e-08 0.16905 0.00211578 8.43202e-09 
1.39432e-05 0.155058 2.16018e-10 2.54382e-09 2.02435e-09 0.272152 0.00329176 2.49754e-09 1.55252e-06 2.84058e-09 2.39488e-06 4.04932e-10 7.2268e-07 0.00985076 1.75261e-09 0.559629 
0.0100979 0.0168398 1.84462e-08 2.17222e-07 1.63036e-05 0.919543 0.000471177 9.00021e-05 0.000268508 5.34148e-06 1.1355e-07 4.75102e-07 6.16494e-08 0.00564575 1.09223e-05 0.0470104 
0.000455568 0.000217755 6.34161e-07 7.46786e-06 5.94286e-06 0.0466196 0.00275323 7.332e-06 4.1396e-06 8.33904e-06 3.90373e-06 0.947031 2.11944e-06 0.000134708 0.0027468 1.36434e-06 
0.0100979 0.0168398 1.84462e-08 2.17222e-07 1.63036e-05 0.919543 0.000471177 9.00021e-05 0.000268508 5.34148e-06 1.1355e-07 4.75102e-07 6.16494e-08 0.00564575 1.09223e-05 0.0470104 
0.0620917 0.0372227 1.918e-07 2.25864e-06 1.7974e-06 0.890054 0.00863512 0.000173011 0.00134364 2.52212e-06 8.92734e-05 3.59535e-07 6.4102e-07 0.000203206 1.55612e-06 0.000178072 
0.00110644 0.0502457 1.89071e-08 2.44811e-05 1.77182e-07 0.619217 0.144727 0.00119595 0.000929011 2.48622e-07 0.00241632 0.0727447 0.000989524 9.67259e-05 1.99055e-05 0.106287 
9.29995e-05 5.20063e-05 3.2897e-08 3.87394e-07 3.08285e-07 0.998373 0.00113201 3.32332e-05 2.14741e-07 4.32586e-07 2.02505e-07 7.51874e-06 0.000293515 1.80496e-06 2.66902e-07 1.20528e-05 
0.000136678 4.20231e-05 3.98227e-10 4.68951e-09 3.73187e-09 0.999172 8.24142e-05 4.60419e-09 0.000313503 2.30461e-05 9.07255e-06 0.000186846 1.33092e-09 2.52648e-05 3.23091e-09 8.91105e-06 
0.000183379 0.000273873 1.56777e-07 2.47181e-05 0.177553 0.787323 6.12473e-06 0.0339929 1.02339e-06 2.06157e-06 5.62615e-05 1.39469e-05 0.00023786 2.19619e-05 1.27197e-06 0.000308769 
0.322122 0.000607084 1.85886e-08 0.000372347 1.74198e-07 0.00430997 0.00200982 0.000451541 0.000461217 2.44435e-07 0.667838 3.48449e-08 9.94632e-05 0.000314599 0.000437511 0.000975843 
0.0426145 0.207941 1.69179e-07 3.56144e-07 9.38094e-05 0.0261852 0.0182275 0.000216882 0.0604523 0.000268595 0.00245211 0.00134642 0.000217548 0.460364 0.000188176 0.179431 
1.06393e-06 8.8e-06 8.55338e-08 1.00724e-06 8.01555e-07 0.964708 0.0234689 9.88918e-07 0.010664 4.23946e-06 1.86067e-05 1.72992e-05 9.15216e-06 0.00105476 4.2588e-05 1.84018e-07 
4.71005e-10 1.01931e-06 1.99949e-10 2.35459e-09 1.87376e-09 0.894463 0.0412429 2.31175e-09 1.3052e-09 0.0556329 1.23083e-09 1.87779e-07 0.00865871 9.64638e-07 1.62223e-09 4.30172e-10 
0.00854037 0.00207795 1.28875e-07 1.51763e-06 1.20772e-06 0.949584 0.0265629 0.000502271 2.15123e-05 5.4126e-06 5.09185e-05 2.4158e-07 6.66734e-06 0.0122378 0.000278216 0.000128899 
0.0012975 0.000891565 3.98741e-08 4.69556e-07 3.73668e-07 0.95597 0.00846402 0.0185207 0.000120374 4.4087e-05 2.1174e-05 1.46966e-05 0.000141118 0.0143749 4.80365e-05 9.11892e-05 
0.0426145 0.207941 1.69179e-07 3.56144e-07 9.38094e-05 0.0261852 0.0182275 0.000216882 0.0604523 0.000268595 0.00245211 0.00134642 0.000217548 0.460364 0.000188176 0.179431 
0.000616013 0.0617115 3.54332e-08 5.36952e-06 0.0619279 0.592276 0.00801113 0.268302 7.35011e-07 1.39768e-06 0.00043009 0.00010342 0.00159067 0.00234151 0.000978111 0.00170411 
1.51046e-11 0.000519424 6.41212e-12 7.55089e-11 1.50283e-07 0.998239 0.000771326 3.70751e-07 4.85575e-07 4.22431e-08 2.44761e-07 2.31992e-07 0.000468236 2.33811e-07 5.67102e-07 1.37951e-11 
1.52476e-06 8.01906e-06 9.23373e-10 0.000215308 8.65312e-09 0.926221 0.0610288 1.06758e-08 4.40069e-05 1.21421e-08 5.68403e-09 1.73089e-09 0.0124503 2.52903e-05 7.49155e-09 5.56435e-06 
0.000616013 0.0617115 3.54332e-08 5.36952e-06 0.0619279 0.592276 0.00801113 0.268302 7.35011e-07 1.39768e-06 0.00043009 0.00010342 0.00159067 0.00234151 0.000978111 0.00170411 
1.73989e-09 0.000180237 7.38608e-10 8.69782e-09 1.06763e-05 0.999244 0.000291521 2.63354e-05 2.16105e-05 1.88573e-06 1.08944e-05 1.03242e-05 0.00016729 1.04047e-05 2.52391e-05 1.58905e-09 
9.79257e-06 4.61756e-06 2.35837e-09 2.77721e-08 3.91558e-06 0.998886 2.91719e-06 1.40685e-05 3.56196e-06 3.11264e-06 1.45175e-08 4.42083e-09 0.000532022 9.22113e-05 0.000447992 2.11348e-07 
1.42109e-09 2.54583e-07 6.03276e-10 7.10416e-09 8.28612e-06 0.000311706 0.997644 6.97492e-09 3.93799e-09 7.93291e-09 1.24618e-06 0.00193236 3.31808e-07 9.76749e-05 3.538e-06 2.74895e-07 
0.00167831 0.00474368 8.45761e-07 0.918005 7.9258e-06 0.0336746 0.0157029 0.00353589 0.00360796 1.11215e-05 0.00474336 1.5854e-06 0.000779425 0.00245847 0.00342386 0.00762556 
0.149566 6.10218e-06 4.01532e-10 4.72843e-09 0.835616 3.23873e-05 1.39116e-05 0.000422465 2.62107e-09 5.28003e-09 2.22703e-06 7.52682e-10 0.0127947 0.00154615 3.25773e-09 8.6386e-10 
5.81032e-11 0.00100387 2.46657e-11 2.90462e-10 3.81877e-07 0.980682 0.0160427 9.42e-07 7.9621e-07 6.94452e-08 0.000863848 3.80385e-07 0.000395332 0.00100826 9.29899e-07 2.91337e-08 
1.87195e-10 1.4627e-06 7.9467e-11 9.358e-10 7.44702e-10 0.996746 9.5497e-06 9.18776e-10 6.01785e-06 5.23529e-07 3.03339e-06 2.87513e-06 0.00119154 0.00203127 7.02824e-06 3.93395e-07 
0.00879525 0.0598578 6.30705e-08 7.42716e-07 0.000138314 0.568802 0.000128174 0.000549488 3.17503e-05 3.77606e-05 2.99835e-05 1.9944e-05 8.97522e-06 0.0307495 8.62116e-05 0.330764 
0.077121 0.0225737 6.97468e-07 3.28624e-06 7.95782e-05 0.00575106 0.000443413 0.000543655 0.0380086 0.000909262 0.438115 1.60962e-05 0.408179 0.0037075 0.000170153 0.00437727 
0.000727465 6.79043e-06 3.25604e-09 6.05479e-07 0.000151675 0.851707 1.51342e-07 0.144486 2.12543e-08 4.28159e-08 1.39119e-06 6.76879e-05 0.000275931 5.44056e-07 2.6417e-08 0.0025753 
0.000688662 0.000823157 1.2283e-08 1.44644e-07 1.15107e-07 3.02969e-08 0.991146 1.42013e-07 8.01794e-08 0.000581627 0.000627647 0.00362182 4.10512e-08 0.00176741 9.9655e-08 0.000742593 
0.00847366 0.0284658 1.55464e-07 1.83074e-06 1.54192e-05 0.851667 9.82945e-06 7.58467e-05 0.0404521 1.29853e-05 0.00908054 0.000770798 1.6816e-05 0.0606435 4.58456e-05 0.00026784 
1.44889e-07 0.00543315 2.52071e-12 2.96838e-11 2.36221e-11 0.866847 0.0981762 3.7916e-08 0.00998364 1.66065e-08 0.00227088 0.00226185 0.000302036 0.0147249 2.22937e-07 1.11179e-07 
0.00740349 1.4543e-06 4.45299e-11 8.91973e-07 4.17299e-10 0.956081 4.81462e-06 0.0325598 1.10486e-06 5.85555e-10 1.45308e-06 8.34724e-11 0.000357642 0.00316603 0.000420278 2.33767e-06 
1.36615e-06 6.44238e-07 4.46081e-11 5.25304e-10 5.43858e-07 0.996916 4.06935e-07 1.96036e-06 4.95311e-07 5.86584e-10 2.74596e-10 8.36191e-11 0.0015443 0.000265741 0.00126834 2.88871e-08 
0.0405645 0.350414 1.11756e-13 1.31604e-12 2.81731e-08 0.0180452 0.000476051 0.00102018 2.02299e-05 1.45579e-05 6.05458e-09 7.16856e-06 1.79319e-09 0.0317034 9.73533e-05 0.557637 
2.1449e-07 2.14641e-05 9.10543e-08 1.07225e-06 8.53289e-07 0.861763 0.024211 9.50004e-06 5.94372e-07 1.19734e-06 5.60506e-07 1.70684e-07 3.04314e-07 0.113989 7.38746e-07 1.95895e-07 
0.00175117 0.00773381 2.87247e-09 3.3826e-08 0.0002073 0.974147 0.000143991 0.00109931 0.00186758 0.000162458 0.00120771 0.000129234 0.000241933 0.00667512 0.000661885 0.00397118 
1.36615e-06 6.44238e-07 4.46081e-11 5.25304e-10 5.43858e-07 0.996916 4.06935e-07 1.96036e-06 4.95311e-07 5.86584e-10 2.74596e-10 8.36191e-11 0.0015443 0.000265741 0.00126834 2.88871e-08 
1.53384e-09 2.48301e-05 6.5114e-10 7.6678e-09 6.10197e-09 0.99988 1.28603e-05 2.71095e-05 4.25043e-09 8.5623e-09 3.52765e-05 1.22058e-09 8.27168e-06 1.91697e-06 1.00427e-05 1.40087e-09 
5.53186e-08 1.89733e-05 2.34836e-08 0.000345915 2.2007e-07 0.745565 1.94111e-05 2.71511e-07 0.251819 3.08802e-07 2.86727e-05 4.40206e-08 7.84849e-08 0.00220251 1.90528e-07 5.05229e-08 
2.92432e-09 1.92177e-05 1.24142e-09 1.46189e-08 1.16336e-08 0.142682 3.30372e-05 1.43529e-08 0.857173 1.63243e-08 7.64183e-09 2.32707e-09 4.14896e-09 8.01896e-06 1.00719e-08 8.41328e-05 
5.31727e-05 7.95289e-05 3.52691e-10 6.64938e-06 0.00177684 0.00043471 1.74167e-06 0.997462 2.30225e-09 4.63778e-09 1.60681e-05 3.96742e-06 6.89571e-05 6.34389e-06 2.86147e-09 8.96131e-05 
0.000405843 0.00352826 4.60189e-09 5.41917e-08 8.05323e-05 0.764895 0.207818 0.000236696 0.0049651 6.05135e-08 0.000994612 0.000333237 4.77842e-05 0.0164295 3.73363e-08 0.000265286 
0.00260647 0.002994 4.14229e-11 4.87795e-10 3.88183e-10 0.98944 0.00232604 0.000633279 0.000985357 5.447e-10 2.54988e-10 7.76484e-11 0.0010144 5.14792e-07 3.36075e-10 8.91178e-11 
0.0202759 0.000593508 1.76431e-07 0.794384 1.14257e-05 0.181599 0.000733863 2.03985e-06 0.000116872 0.000221639 0.00142674 3.30725e-07 0.000608757 2.31631e-05 1.43143e-06 3.79576e-07 
1.36615e-06 6.44238e-07 4.46081e-11 5.25304e-10 5.43858e-07 0.996916 4.06935e-07 1.96036e-06 4.95311e-07 5.86584e-10 2.74596e-10 8.36191e-11 0.0015443 0.000265741 0.00126834 2.88871e-08 
0.000458712 0.0502121 2.57649e-05 3.51786e-05 3.19996e-05 0.869424 0.0315974 0.000489805 0.000551649 3.45623e-05 0.000522816 0.0148161 0.000642944 0.0293116 0.0017436 0.000101697 
6.92227e-06 0.00288754 8.76305e-10 1.03193e-08 8.21204e-09 2.95632e-05 0.505943 1.01316e-08 0.00456447 0.259953 3.02015e-05 4.95644e-05 2.23851e-06 0.102435 7.10968e-09 0.124099 
0.000380262 0.00124627 6.68404e-10 7.8711e-09 6.26375e-09 0.962839 0.00154763 3.23373e-06 0.00918541 8.78931e-09 3.52128e-05 0.000514963 0.00011999 0.0240968 5.42292e-09 3.07198e-05 
0.000179637 0.00081825 6.2502e-09 7.36021e-08 4.69162e-05 0.996552 4.34181e-05 0.000325256 4.07992e-08 8.21883e-08 0.000319378 1.17162e-08 3.34433e-05 0.000176297 5.07094e-08 0.00150471 
0.000178625 0.0454064 2.9602e-09 9.21503e-06 2.07883e-06 0.89501 6.16239e-05 0.00384517 1.93232e-08 3.89257e-08 0.00383557 1.68084e-08 0.000227202 3.49809e-06 3.87388e-06 0.0514168 
1.36615e-06 6.44238e-07 4.46081e-11 5.25304e-10 5.43858e-07 0.996916 4.06935e-07 1.96036e-06 4.95311e-07 5.86584e-10 2.74596e-10 8.36191e-11 0.0015443 0.000265741 0.00126834 2.88871e-08 
1.36615e-06 6.44238e-07 4.46081e-11 5.25304e-10 5.43858e-07 0.996916 4.06935e-07 1.96036e-06 4.95311e-07 5.86584e-10 2.74596e-10 8.36191e-11 0.0015443 0.000265741 0.00126834 2.88871e-08 
0.00104139 5.65891e-06 1.50635e-10 1.77387e-09 1.97769e-06 0.979049 0.0189768 9.92888e-06 5.50746e-06 0.000894139 1.33536e-05 2.8237e-10 1.66186e-06 4.93844e-08 1.22214e-09 3.5681e-07 
7.72783e-07 0.000433813 3.28058e-07 3.8632e-06 3.0743e-06 0.997153 0.00115332 3.79292e-06 2.14146e-06 4.31387e-06 2.01944e-06 6.14954e-07 1.09641e-06 0.00123402 2.66162e-06 7.05788e-07 
1.77872e-06 1.43981e-05 1.88302e-09 2.21744e-08 1.76462e-08 0.999832 1.84384e-05 1.74385e-05 1.22917e-08 2.47611e-08 0.000100857 3.52977e-09 5.67024e-06 9.23845e-06 1.52774e-08 4.05115e-09 
1.16449e-10 0.0428069 4.94343e-11 5.82137e-10 8.2844e-07 0.865369 0.00301305 2.04361e-06 1.2293e-06 0.0353349 6.19743e-07 5.87279e-07 0.00196822 0.0508779 0.000624776 1.06354e-10 
0.00889595 0.0339378 4.62049e-11 5.44107e-10 7.65547e-07 0.851871 0.0057009 0.000304637 0.000352478 2.3654e-07 0.000784576 8.66122e-11 3.95918e-07 0.0981508 3.74871e-10 2.28689e-07 
8.13405e-08 0.00061636 4.52126e-12 5.32422e-11 4.23697e-11 0.00169347 0.994789 7.23016e-08 0.0017232 2.60957e-07 2.78317e-11 0.000678443 1.51106e-11 0.000472336 1.56976e-05 1.10866e-05 
0.0123083 0.0554973 2.01276e-10 2.37022e-09 5.88707e-06 0.614372 0.00135695 0.250577 2.5153e-05 2.82921e-06 0.00424986 5.43234e-06 6.03981e-05 0.00461214 0.0010601 0.0558668 
0.0892706 0.00165984 4.34954e-07 5.122e-06 4.07604e-06 0.866742 0.000255937 0.0319267 2.83924e-06 5.71952e-06 0.000307536 8.15332e-07 1.45367e-06 0.000179182 0.00117545 0.00846255 
2.26991e-05 2.47928e-05 6.59964e-10 7.77171e-09 6.18466e-09 0.999794 1.93306e-05 4.35004e-05 2.41293e-05 4.34785e-06 5.85049e-05 1.23712e-09 7.28093e-06 9.17792e-07 5.35445e-09 1.41985e-09 
1.36615e-06 6.44238e-07 4.46081e-11 5.25304e-10 5.43858e-07 0.996916 4.06935e-07 1.96036e-06 4.95311e-07 5.86584e-10 2.74596e-10 8.36191e-11 0.0015443 0.000265741 0.00126834 2.88871e-08 
0.0170624 0.000158713 3.07634e-08 3.62269e-07 9.65018e-05 0.237627 0.00289702 3.55678e-07 0.000985767 0.690127 0.0497151 0.000465018 0.000433307 0.000141095 2.49591e-07 0.000290088 
0.0310754 0.0213359 6.68431e-08 7.87141e-07 6.264e-07 0.871431 0.0251353 7.72821e-07 0.00438794 8.78967e-07 0.0447435 1.25299e-07 0.000113932 0.00137243 5.42314e-07 0.000400587 
5.1021e-06 2.34165e-06 3.93732e-10 0.000216069 3.68974e-09 0.783928 0.178981 9.14997e-07 1.05402e-05 0.00674676 3.39561e-06 7.38061e-10 0.00189805 0.0280517 1.21421e-05 0.00014375 
7.28274e-05 0.00016635 8.63065e-09 1.01634e-07 0.00029997 0.96012 0.0194738 3.04106e-06 0.000380162 0.00046659 0.000448186 2.65666e-05 0.000142834 0.00227604 7.59758e-05 0.0160474 
0.00158326 0.00564546 1.18647e-12 1.39718e-11 1.11186e-11 2.92651e-12 0.904971 1.37176e-11 7.74487e-12 0.000202311 0.000503267 0.0550313 3.96531e-12 0.0300473 9.62611e-12 0.0020157 
0.000133454 0.000187122 1.65335e-07 2.85549e-05 1.54939e-06 0.755442 0.0844751 1.91156e-06 1.07926e-06 0.012323 0.000140108 3.09925e-07 4.33449e-05 0.146455 1.34141e-06 0.000765828 
5.08045e-07 0.18987 2.15673e-07 2.53975e-06 2.02111e-06 0.779219 0.00754299 2.49355e-06 4.86489e-05 2.83603e-06 1.32762e-06 1.78464e-05 7.20803e-07 0.0232029 8.56294e-05 4.64001e-07 
0.00162449 0.00861956 3.47826e-07 2.22502e-06 0.0565502 0.500332 0.398012 3.64016e-06 0.00584449 3.97971e-05 0.000569655 3.57371e-05 3.75212e-07 0.0198365 3.69566e-06 0.00852563 
1.44432e-10 1.12857e-06 6.13138e-11 7.22029e-10 5.74584e-10 0.999751 7.3682e-06 7.08893e-10 4.64315e-06 4.03936e-07 2.34045e-06 0.000224053 1.14775e-06 2.23574e-06 5.42273e-06 1.31911e-10 
0.00811005 1.0829e-06 9.79753e-12 1.15375e-10 9.18147e-11 0.981739 2.65731e-06 0.00443607 3.34492e-06 1.28835e-10 1.4234e-06 4.55488e-07 0.000314607 0.0053908 3.18753e-08 4.32131e-07 
0.00298215 0.000378635 1.17475e-07 1.38338e-06 1.10088e-06 0.0479002 0.846221 0.0119238 0.0184696 0.000126929 0.00480785 0.0478867 5.31494e-05 0.0150933 0.000264463 0.00388937 
1.36615e-06 6.44238e-07 4.46081e-11 5.25304e-10 5.43858e-07 0.996916 4.06935e-07 1.96036e-06 4.95311e-07 5.86584e-10 2.74596e-10 8.36191e-11 0.0015443 0.000265741 0.00126834 2.88871e-08 
0.00187279 0.00635409 1.24203e-07 1.46262e-06 1.16394e-06 0.0513151 0.00402255 1.43601e-06 8.10759e-07 1.63324e-06 0.0104753 0.000139927 0.000830619 0.00194974 1.00769e-06 0.923032 
1.90498e-07 0.00414516 8.69471e-12 1.02389e-10 8.148e-11 0.884675 0.0988451 1.00526e-10 0.00335867 5.72809e-08 3.31892e-07 0.00600872 0.000504713 3.17043e-07 0.0024615 9.16775e-08 
0.0100979 0.0168398 1.84462e-08 2.17222e-07 1.63036e-05 0.919543 0.000471177 9.00021e-05 0.000268508 5.34148e-06 1.1355e-07 4.75102e-07 6.16494e-08 0.00564575 1.09223e-05 0.0470104 
3.77228e-05 3.78665e-05 1.72174e-09 2.02752e-08 1.62961e-06 0.954017 1.46979e-05 1.99063e-08 1.13514e-06 2.26404e-08 6.14823e-05 1.03311e-05 0.0165959 0.0292074 1.39689e-08 1.48204e-05 
3.57492e-11 0.0219974 1.51761e-11 1.78713e-10 1.42218e-10 0.888714 0.0762057 4.91469e-07 9.90645e-11 3.79365e-07 2.85874e-06 0.00390771 2.4858e-07 5.32287e-07 0.00208433 0.00708609 
1.31951e-06 0.000527566 8.47934e-11 9.98523e-10 3.92815e-07 0.973507 0.0242367 7.22061e-06 5.53503e-10 0.00171139 5.21965e-10 1.09807e-06 8.80258e-07 1.88471e-06 2.0497e-06 2.5088e-06 
5.11042e-06 5.58179e-06 1.48582e-10 1.7497e-09 1.3924e-09 0.965707 4.35204e-06 9.79357e-06 5.43241e-06 9.78863e-07 0.0342594 2.78522e-10 1.63921e-06 3.52399e-07 1.20549e-09 3.19662e-10 
0.00298774 0.0224181 5.89352e-09 6.94019e-08 0.0106734 0.816151 0.00121428 6.29389e-05 0.0635582 0.000518209 6.91075e-05 8.95197e-05 1.3856e-05 0.0719095 9.8038e-05 0.010236 
0.00405061 0.0913926 3.93006e-12 5.34678e-06 0.00292229 0.450523 0.00022437 0.436043 2.56542e-11 5.16792e-11 0.000429891 1.45291e-07 0.00187834 2.29093e-08 0.000647317 0.0118827 
0.992182 0.00215151 3.50129e-06 4.1231e-05 3.28113e-05 0.00151411 0.000388338 9.88177e-05 0.000244325 0.000327452 5.15417e-05 0.00102023 8.7877e-05 0.00106643 2.84068e-05 0.000761042 
9.0111e-11 0.00587515 3.82535e-11 4.50472e-10 0.000646271 0.0733538 0.00778014 4.42276e-10 2.49706e-10 5.03022e-10 4.94739e-07 7.17072e-11 1.27848e-10 0.912344 3.1036e-10 8.2299e-11 
0.00234767 0.016542 1.33128e-11 1.56771e-10 1.24757e-10 0.895984 0.0529873 0.000150074 0.0228312 0.000158222 0.00307981 0.000754451 0.000100925 0.00490921 7.3702e-07 0.000154019 
3.90051e-05 3.10827e-05 9.78671e-11 1.39613e-08 9.17133e-10 3.62402e-07 0.712171 1.13151e-09 0.139286 1.03359e-06 5.08326e-07 0.143912 6.85737e-08 0.00386484 0.000618957 7.54598e-05 
0.0401213 6.56021e-05 2.43657e-11 2.8693e-10 1.75842e-06 0.368244 1.22141e-06 9.32489e-06 0.08873 1.37805e-06 1.02444e-05 1.09622e-06 2.0522e-06 0.492667 5.61445e-06 0.0101393 
0.00101501 0.0251694 4.71726e-10 6.33257e-06 4.42065e-09 0.906977 0.0282381 7.67901e-06 0.00187799 6.20306e-09 0.0354419 3.45262e-06 9.71191e-05 5.34902e-06 7.43994e-06 0.00115365 
0.0828206 0.295124 2.02507e-07 1.06118e-06 2.43805e-05 0.0959657 0.297498 0.00315733 0.0122158 1.18031e-05 0.0614598 0.0343525 0.00214488 0.0584612 0.0467269 0.0100355 
6.13661e-11 1.49728e-08 2.60509e-11 3.06774e-10 6.10256e-09 0.101166 0.461955 3.01193e-10 1.21789e-07 3.42561e-10 3.82553e-06 0.436875 8.7065e-11 1.64191e-07 1.58007e-07 2.35148e-09 
0.695756 0.00281188 2.60958e-08 3.07303e-07 0.0029369 0.0046947 0.245661 3.01712e-07 0.000217576 0.0021901 1.60638e-07 0.0173241 0.000222892 0.000827491 0.0020268 0.0253296 
2.95088e-06 0.00867475 1.29762e-10 1.52807e-09 1.21602e-09 0.745889 0.211989 1.50027e-09 0.0297036 3.14389e-07 1.81585e-06 0.000770728 0.00296202 1.73419e-06 4.20674e-06 6.69452e-07 
2.16692e-06 0.00488244 1.70319e-10 7.22238e-06 0.0215597 0.867789 0.105706 9.84788e-06 1.11178e-09 2.23964e-09 1.04843e-09 9.48256e-06 2.22054e-06 3.20404e-07 3.12309e-05 3.66425e-10 
6.62635e-05 0.17278 1.79795e-09 2.11726e-08 0.0027846 0.269734 0.055662 5.11662e-05 0.00205136 4.72028e-06 5.2418e-05 0.496021 6.00895e-09 0.000295063 1.45872e-08 0.000497503 
0.00190513 0.00624606 6.3485e-06 1.52485e-05 0.0132699 0.150267 0.0661043 0.425219 0.000600235 0.298875 0.00121237 0.000984205 0.000446658 0.00831576 0.000425795 0.0261071 
1.36615e-06 6.44238e-07 4.46081e-11 5.25304e-10 5.43858e-07 0.996916 4.06935e-07 1.96036e-06 4.95311e-07 5.86584e-10 2.74596e-10 8.36191e-11 0.0015443 0.000265741 0.00126834 2.88871e-08 
1.7407e-05 2.41982e-05 2.0393e-07 2.69868e-06 3.32145e-06 0.000138107 0.0319333 1.51675e-06 4.01478e-05 2.48475e-06 9.08731e-06 0.000655913 1.4608e-05 4.04494e-05 0.967104 1.25818e-05 
4.67907e-05 0.690627 7.35409e-09 8.66015e-08 6.89167e-08 0.000166901 0.000219713 8.5026e-08 4.80051e-08 0.000290209 4.52698e-08 3.17203e-05 2.45782e-08 0.308525 4.77922e-05 4.43167e-05 
9.59105e-11 0.000322055 4.07155e-11 4.79464e-10 6.07254e-07 0.997804 0.000258909 1.49793e-06 1.28367e-06 1.11974e-07 6.47123e-07 6.13268e-07 0.000743786 0.0008648 1.49921e-06 8.75957e-11 
