0.240324 0.0241313 0.432589 3.78509e-05 0.000262891 0.0483469 0.0140797 4.41966e-05 0.0284716 1.48069e-07 0.00497656 0.000152887 0.000221875 0.105656 1.5269e-05 0.10069 
7.35535e-06 0.0838777 0.357169 1.5799e-07 0.0362463 0.072147 0.15014 7.36046e-07 0.0303652 1.12414e-08 0.00129054 2.16496e-06 2.02324e-06 0.266876 6.69378e-07 0.00187573 
0.000302818 0.00178719 0.57054 0.00136709 0.000530453 0.00241899 0.0412731 2.44352e-05 0.0203094 0.000257174 0.000622312 3.77751e-05 0.000413853 0.236908 3.97974e-07 0.123207 
0.0374404 0.140906 0.399144 0.000545407 0.00292545 0.0254839 0.142933 0.000173891 0.00232624 0.000885149 0.0111422 0.00989253 0.00223891 0.163087 0.0501181 0.0107584 
0.0550153 0.067633 0.614122 0.00528701 0.000902229 0.017385 0.0397343 0.000217965 0.0210033 0.00399452 0.00994423 0.00406431 0.00500406 0.0859569 0.00182709 0.0679088 
0.00152485 0.0286444 0.843488 0.00158719 0.00276461 0.0473796 0.0127486 2.44184e-06 0.0341243 5.32333e-05 0.00157787 9.29184e-05 1.04319e-07 0.0172896 0.00139902 0.00732291 
0.00597884 0.442799 0.493908 1.34833e-06 1.58967e-06 0.000184097 0.00129779 4.49032e-06 1.13149e-05 1.14513e-05 0.00020732 0.0132968 1.02218e-05 0.0291428 1.26076e-05 0.0131319 
0.00611234 0.031122 0.765018 2.32406e-05 0.00395368 0.181332 0.00590373 8.24681e-05 0.000116575 6.74436e-05 1.39651e-05 1.87277e-07 0.000234714 0.00425093 3.66911e-05 0.00173252 
0.0585308 0.170973 0.353218 1.82076e-07 5.02196e-07 0.101068 0.0138417 0.000150051 0.000958265 4.6239e-06 0.194368 7.62349e-05 0.0690643 0.0120609 1.94397e-07 0.0256856 
0.00168098 0.0688651 0.370393 3.7593e-05 0.0177332 0.35191 0.0411601 0.000148266 0.00211573 0.00306186 0.0137253 0.0398627 5.78192e-05 0.083229 0.000167945 0.00585151 
0.0139016 0.0378638 0.316081 0.00301434 0.00671093 0.0131764 0.0831602 5.42014e-07 0.0228145 0.00100388 0.000594805 0.00458808 2.07611e-05 0.182283 5.69196e-05 0.314729 
0.0114339 0.42023 0.497814 5.97399e-05 0.000109265 0.0109194 0.0333973 5.02089e-06 0.00163595 1.04948e-06 0.00119461 0.00483952 5.44324e-05 0.0143272 0.000242849 0.00373585 
0.00443138 0.0408573 0.604864 0.000620014 0.000734341 0.0911499 0.0754067 2.63896e-07 0.0056865 1.21604e-06 0.00874944 0.0025866 0.00518418 0.0716322 0.000321671 0.0877739 
0.0930526 0.0852432 0.367928 0.00658245 0.000607016 0.00590721 0.0336309 9.78035e-05 0.189558 9.41039e-05 0.00268655 0.00487912 0.001375 0.159181 0.00250976 0.0466668 
0.00231333 0.10984 0.620561 9.5483e-06 0.000201393 0.000310893 0.0225019 8.72362e-07 0.000987116 7.89365e-05 0.000228171 0.00389593 7.38793e-07 0.223734 0.0100132 0.00532229 
0.0580329 0.35331 0.354779 2.0635e-06 7.08684e-05 0.00206615 0.0103347 7.70746e-05 0.000803479 2.95113e-05 0.00437871 0.0114431 0.00759327 0.13372 0.00187975 0.0614791 
0.0256712 0.131564 0.306881 0.00384437 0.05349 0.198174 0.0152349 8.2356e-05 0.0055492 0.000508984 0.0255401 0.022322 0.000277021 0.117131 0.00510739 0.0886221 
7.73007e-08 0.00298984 0.792061 1.18154e-08 9.79902e-07 0.0720246 0.0677942 0.00013947 0.0183305 2.7168e-07 0.00224009 0.00181008 9.7838e-05 0.0424092 0.000101223 1.28441e-07 
1.06134e-07 0.0503485 0.630336 0.0046974 0.00207312 0.183726 0.109899 1.36977e-10 0.00161366 2.26361e-07 0.00285342 1.21269e-08 0.0011252 0.0130193 2.67212e-08 0.000308603 
0.00660044 0.229951 0.282434 4.07025e-08 1.60365e-05 0.24236 0.0355634 0.000146802 0.16482 0.000404728 2.16893e-05 0.000872126 1.63616e-05 0.0207161 5.07662e-08 0.0160778 
0.000497343 0.0398354 0.574781 0.00104166 2.0441e-05 0.0347504 0.00871753 1.76346e-07 0.0186846 0.000153403 0.000750709 0.0420949 0.000121942 0.245488 0.000307969 0.0327545 
0.0489384 0.0422793 0.748565 3.68325e-06 0.00358479 0.00814054 0.0364063 4.87702e-07 0.00185478 9.26593e-05 3.49249e-05 0.0287276 2.35583e-05 0.0406291 0.00957712 0.0311419 
1.94483e-05 0.102921 0.729431 1.57711e-08 2.49098e-08 0.0529779 0.00392544 8.41709e-09 0.00103378 2.87494e-09 0.000274238 0.00133478 2.94411e-05 0.105727 1.76804e-05 0.00230811 
0.0603949 0.0878954 0.593907 0.00862489 0.000139376 0.00544975 0.0239829 4.50537e-05 0.0279072 0.00173757 0.000403383 0.00291089 0.0177532 0.104039 2.5656e-05 0.0647846 
0.250621 0.0564193 0.381607 4.72693e-08 1.97128e-07 0.0210998 0.00937569 0.101983 0.000131106 1.20683e-05 0.0470352 3.08539e-06 0.099624 0.00742089 0.000698384 0.0239689 
0.00326156 0.108233 0.544455 3.05327e-05 0.000167408 0.00397017 0.00993382 1.14091e-06 0.0115216 8.50134e-06 0.000106167 0.012118 9.74997e-06 0.296802 0.0001335 0.0092469 
0.00800767 0.260615 0.675574 2.62842e-09 1.10929e-06 0.00720318 0.00787065 2.18261e-06 0.000178545 7.05123e-05 0.00200426 0.000529033 4.96104e-05 0.0257472 1.36375e-05 0.0121341 
0.0287988 0.0453055 0.571716 0.00196281 0.00184468 0.0413292 0.0973264 9.85307e-05 0.0206223 0.00724236 0.00331454 0.0105695 4.72869e-05 0.140831 0.00168184 0.0273091 
0.0404384 0.0396694 0.330047 0.00531908 0.00626973 0.0122317 0.0638927 2.6383e-05 0.00395935 2.1145e-05 0.00078474 0.0293285 6.81664e-07 0.247184 0.00290654 0.217921 
0.00356153 0.0360263 0.63733 1.67695e-05 1.26839e-07 0.0239564 0.0884065 5.34498e-05 0.115624 0.000342148 0.0248059 0.000348219 3.68633e-06 0.0660137 5.00915e-06 0.00350642 
0.018586 0.246747 0.440225 0.0138943 0.000524144 0.0151754 0.117866 0.000454322 0.000565034 0.000217129 0.0317171 0.0158863 0.000172499 0.0692563 0.00127767 0.0274358 
0.00954939 0.186024 0.587221 8.3236e-08 0.00161033 0.0488941 0.0288495 1.52528e-05 0.00884964 2.6616e-05 0.0971867 0.00860594 0.00177231 0.0177032 0.00250499 0.00118732 
0.0116668 0.223067 0.41798 0.000119662 0.00585738 0.0709455 0.0459093 9.04545e-05 0.000448635 3.71788e-05 0.0787877 0.0283469 0.0095608 0.0907829 0.000583793 0.0158162 
0.0250854 0.181177 0.386426 0.00599464 0.0615238 0.0449452 0.0691699 2.66116e-06 0.0156534 0.00090983 0.00223658 0.00442892 0.000131446 0.133944 0.000902299 0.0674692 
0.00541177 0.289871 0.3915 1.37602e-05 0.00027895 0.041199 0.0789924 9.27878e-05 0.00150779 6.47646e-05 0.0174214 0.00218087 1.54895e-05 0.158206 0.000577238 0.0126666 
0.00129133 0.01539 0.693394 0.00862551 0.00289812 0.0241725 0.0498504 1.12217e-06 0.00129624 1.03313e-06 2.64976e-05 0.000628021 0.000112491 0.108345 8.04892e-09 0.0939685 
0.0427339 0.229307 0.311356 1.73903e-06 0.000158505 0.0220869 0.154238 9.51493e-05 0.0196282 0.000285457 0.0829457 0.049694 0.0126071 0.04596 0.0252534 0.00364952 
0.000205121 0.0380979 0.773302 2.42892e-08 1.43003e-05 0.000570993 0.00192287 1.12865e-07 0.00211302 3.32905e-07 0.00896111 0.00137034 2.11448e-06 0.124566 1.36521e-05 0.0488601 
0.0310334 0.28543 0.487103 0.000149534 8.35495e-05 0.00622295 0.0243018 0.000162924 0.00211096 5.5676e-05 0.00657575 0.000895347 0.014709 0.113208 0.00393643 0.0240214 
0.00382762 0.0572108 0.48795 0.0110748 0.000570086 0.0839424 0.0960875 2.46623e-05 0.000384629 0.000756965 0.0028663 0.167023 0.0362539 0.0502511 2.9345e-05 0.00174649 
0.0151433 0.255902 0.658484 1.91518e-08 1.84139e-12 1.06179e-08 7.78478e-06 1.4631e-08 3.39466e-08 4.23936e-09 0.0251334 5.97304e-06 1.7011e-06 0.0132675 2.04619e-08 0.0320546 
0.00366521 0.280748 0.359732 0.000224225 0.00425488 0.00799327 0.026652 3.87429e-05 0.0279191 0.00075734 0.0023593 0.00837548 2.4224e-05 0.242565 5.07112e-05 0.0346414 
0.00103742 0.0909265 0.536265 8.81962e-07 0.00200365 0.0033785 0.0247692 1.09466e-05 1.13555e-05 0.0180066 0.000427641 0.000171611 0.000159375 0.303232 7.42599e-05 0.0195257 
0.0461889 0.0734129 0.406595 1.38794e-06 0.00563495 0.00173141 0.00253504 1.87085e-10 1.05627e-10 1.26761e-06 0.129207 0.0066239 1.37722e-05 0.0308666 6.51682e-08 0.297188 
0.0128476 0.130046 0.448513 0.00190782 0.000109279 0.00148467 0.0325687 1.13112e-05 0.000751951 0.00163854 0.034803 0.00589593 0.0117135 0.269717 0.00244674 0.0455449 
0.0160416 0.126094 0.684298 0.00346599 0.000201941 0.0129169 0.105231 2.12031e-07 0.00451218 2.53393e-05 0.00396694 0.00461751 1.11674e-05 0.00976507 0.000152825 0.0286993 
0.251027 0.18816 0.357251 0.00727661 0.00644694 0.02706 0.0552848 0.0208997 0.000732242 0.00896509 0.00577426 0.00157256 0.001696 0.0292905 0.00129297 0.0372705 
0.0352372 0.290842 0.36322 2.11312e-06 1.11256e-05 0.080253 0.0143976 0.179039 1.85453e-09 3.73587e-09 1.96396e-05 2.47734e-06 0.000249439 1.01604e-06 9.15581e-05 0.0366344 
0.0245424 0.144062 0.328045 0.00019256 0.00211909 0.0233574 0.016843 8.03068e-09 0.0388616 0.00012275 0.253023 0.00148833 7.07134e-05 0.155133 0.0010139 0.0111259 
0.00110952 0.0327756 0.478462 6.81487e-06 0.0776765 0.127476 0.118129 7.4223e-05 0.00630103 0.000536902 0.000170281 0.141516 3.92276e-05 0.00929938 0.00247527 0.00395224 
0.00638882 0.17572 0.414838 1.70396e-06 0.00064901 0.00832558 0.16609 6.60957e-05 0.0108703 0.00841302 0.00577934 0.00347952 0.000187519 0.185822 0.0008001 0.0125692 
0.00644443 2.85964e-06 0.572496 2.57197e-06 2.88195e-07 0.00312987 0.032698 1.6259e-07 0.249778 1.70369e-06 0.00407764 2.43619e-06 9.70839e-06 0.124955 0.00453501 0.00186649 
1.40629e-10 3.66716e-05 0.335513 7.03016e-10 5.87482e-06 0.291294 0.00393205 1.72626e-06 3.89697e-10 7.77184e-05 0.0079418 7.13861e-05 1.99522e-10 0.315993 4.84355e-10 0.0451327 
0.0181369 0.197464 0.749934 3.7724e-07 5.87454e-10 2.08906e-07 3.5848e-05 2.88342e-07 6.21907e-05 8.24317e-10 0.00755512 1.95893e-06 0.00417692 0.0219406 4.02782e-07 0.000691035 
0.00286218 0.0513602 0.835477 5.98538e-10 0.000134073 0.0428942 0.0320168 3.3258e-08 0.0079053 0.00171268 0.000202878 0.000937094 0.000351127 0.0171646 8.17529e-08 0.00698134 
0.129131 0.226017 0.355555 7.78493e-07 4.59572e-05 0.0195017 0.0843505 7.02278e-07 0.00558195 0.00802109 0.0152954 0.000213168 0.000160133 0.134441 6.64473e-05 0.0216185 
0.0351044 0.00406864 0.398028 5.50248e-06 0.0643193 0.0432915 0.00622117 4.06827e-05 0.00292641 0.0162796 0.03472 3.27431e-06 0.000120182 0.035322 0.000225479 0.359324 
0.146332 0.0509932 0.242162 0.0024317 0.000705836 0.019569 0.124428 5.64212e-05 0.0140682 0.133048 0.162301 0.00220231 0.00990762 0.0446957 0.00187399 0.0452252 
0.000599034 0.000204698 0.903811 1.66077e-06 1.15176e-07 0.0598941 0.0238232 1.42098e-07 0.00252452 2.21692e-05 7.56561e-08 0.000615431 4.10758e-08 0.00698736 9.97147e-08 0.00151605 
0.0319683 0.189522 0.629191 1.01086e-05 7.83017e-06 0.0038419 0.0432773 6.13104e-06 0.00613535 1.98364e-05 0.00155287 7.97971e-05 9.28396e-06 0.079215 0.00118157 0.013981 
0.000658696 0.11395 0.328596 0.0148571 0.0948933 0.208685 0.184631 0.000484893 0.00494815 3.03018e-06 0.00133876 0.000666363 8.26319e-05 0.0241822 8.24008e-05 0.0219415 
0.00128373 0.107921 0.491996 2.18565e-09 1.85987e-06 0.16238 0.0274666 1.45615e-06 0.164351 0.00150423 0.00033656 0.0081928 4.90815e-06 0.0068214 7.81013e-05 0.0276609 
0.142852 0.132386 0.28612 1.28759e-06 0.00018935 0.0356878 0.114754 2.73254e-05 0.00359788 0.000195359 0.0594003 0.0064462 0.0595679 0.0952992 0.00766459 0.0558118 
0.044507 0.273507 0.460017 0.000112 0.000345241 0.00273022 0.0449665 1.97686e-05 1.05534e-05 0.000102043 0.00387922 0.0219763 0.0871025 0.0494143 0.000275619 0.0110356 
0.00521731 0.340891 0.623938 9.37545e-05 4.50165e-05 0.0010065 0.000582138 1.23559e-05 0.000110584 3.10275e-05 0.00211162 0.000259172 0.00391486 0.0153362 3.02904e-05 0.00642014 
0.0149055 0.0950375 0.392973 0.000880889 0.00075219 0.139253 0.0260281 0.00117601 0.0233798 4.63071e-06 0.0485815 0.000999437 0.0200943 0.176518 0.000295195 0.0591217 
0.00365907 0.176438 0.251464 1.26739e-09 0.000912945 0.099813 0.198663 5.8731e-08 0.00134672 0.000129326 0.00195835 0.079911 0.000102885 0.181365 0.000813935 0.00342264 
0.00660044 0.229951 0.282434 4.07025e-08 1.60365e-05 0.24236 0.0355634 0.000146802 0.16482 0.000404728 2.16893e-05 0.000872126 1.63616e-05 0.0207161 5.07662e-08 0.0160778 
0.0471057 0.0321765 0.523654 3.21218e-06 1.97203e-05 0.0864578 0.0190871 0.0003076 0.00224625 0.000221957 0.135994 0.00050433 0.0337281 0.0772689 0.000765017 0.0404597 
0.0145163 0.0403155 0.773018 0.000170563 1.24872e-05 0.0184113 0.0490542 8.33968e-05 0.00245336 0.000498462 0.0131698 0.00408951 0.000802037 0.0637348 0.00201664 0.0176539 
0.00675438 0.0257141 0.563948 3.91203e-12 3.11316e-12 0.00108216 0.000382242 4.36717e-10 2.58023e-05 2.65244e-10 0.340658 4.19445e-05 3.93522e-05 0.010169 7.43705e-05 0.0511112 
0.0246123 0.262985 0.485302 0.00669013 0.00310771 0.0239279 0.0133434 0.000279967 0.0321723 0.00139402 0.00126843 0.000976803 0.000198848 0.041759 0.000386793 0.101596 
0.0333273 0.25082 0.35425 0.000720185 0.00321008 0.0371608 0.0396461 0.000837544 0.0063999 0.00192056 0.00504775 0.0124846 0.00354401 0.122547 0.000542608 0.127543 
0.0943015 0.209447 0.465248 5.01892e-08 0.00730526 0.0291513 0.0210173 0.0852244 0.00122231 0.000849252 0.000121279 0.00909716 8.32549e-05 0.0604287 0.000430761 0.0160722 
0.00259129 0.0130736 0.734939 1.36358e-08 7.36989e-08 0.134486 0.0416262 1.44727e-05 0.000659638 7.31787e-08 0.00192808 0.000775968 2.25375e-05 0.0339207 4.98143e-08 0.035962 
0.00741875 0.00736244 0.46267 0.00258377 0.02562 0.184785 0.0666421 3.35606e-06 0.0300894 8.31321e-06 0.00104679 0.00096451 0.0010317 0.177852 2.30438e-05 0.0318983 
0.00227515 0.00970687 0.620169 0.0199028 8.31477e-07 0.0494332 0.0850206 8.97855e-06 0.0162076 0.000916396 2.05776e-05 0.000143385 5.19024e-06 0.134983 7.67598e-05 0.0611299 
0.000713059 0.00075466 0.978802 1.08496e-07 0.00322431 0.00907661 0.00179231 8.12235e-09 0.000140113 2.24993e-05 1.51312e-07 0.000289868 1.21687e-08 0.000577191 8.9311e-07 0.00460636 
0.114079 0.0190328 0.707348 0.00226888 0.000656882 0.00267104 0.00129091 0.0351899 6.48242e-05 6.84498e-05 0.0705776 3.88575e-05 0.00719986 0.0147183 0.00190824 0.0228869 
0.0161423 0.242358 0.419643 0.00333393 0.000259614 0.00608431 0.0263817 0.00022833 0.00438667 0.000298301 0.00248596 0.0115069 0.00117188 0.209041 0.000566856 0.0561111 
0.0236864 0.062707 0.479405 4.63853e-05 0.000667371 0.235461 0.133327 0.00013822 0.0026153 0.0175314 0.00397729 0.00145137 0.00234862 0.0329151 0.00261482 0.00110749 
0.012317 0.332041 0.636479 7.96584e-06 2.74346e-08 6.32977e-05 3.65247e-05 4.8718e-07 5.79943e-05 2.36171e-08 0.00368784 1.88371e-05 0.00196492 0.0098394 0.000175122 0.00331027 
0.0510607 0.0467441 0.58819 8.43466e-05 0.000137879 0.0194701 0.160673 1.35985e-06 4.27372e-06 1.16626e-06 0.00376665 0.000953338 2.48104e-05 0.127104 3.10051e-07 0.00178359 
0.138238 0.294526 0.368182 0.00118619 0.000947651 0.0134133 0.0270389 0.00337796 0.00310216 0.00188311 0.00569386 0.0090872 0.00234326 0.0904979 0.00149767 0.0389855 
0.0042119 0.211739 0.710226 2.13095e-09 4.72522e-05 0.000556813 0.00510422 2.69844e-06 8.17212e-05 0.000195166 0.000443789 0.00516304 2.77345e-05 0.0612343 0.000495567 0.000469927 
0.00169715 0.326461 0.550359 2.09088e-07 1.00898e-05 0.00400904 0.00613842 4.59945e-07 0.0663149 0.000145605 0.00110036 0.004827 1.6291e-06 0.026033 0.000149123 0.0127529 
0.0366003 0.0447768 0.329875 0.00127976 0.000430763 0.0223111 0.0857651 4.5545e-05 0.0208106 0.0014807 0.00469963 0.0162648 0.00482306 0.175412 0.00134077 0.254085 
0.0897427 0.017943 0.380781 0.00306281 0.00422685 0.0453729 0.0263693 0.0001328 0.0149005 0.194105 0.0473218 0.000372194 0.0135985 0.112139 0.00401493 0.0459163 
0.00169028 0.251622 0.720535 1.75695e-05 1.44463e-05 0.00532573 0.00244389 1.96565e-05 0.00799955 5.88586e-05 5.02688e-05 2.58222e-05 1.31088e-05 0.00495279 3.80798e-05 0.00519249 
0.0164147 0.419184 0.456973 2.96271e-08 1.95038e-08 6.13356e-05 0.00046911 1.77353e-05 5.25045e-08 1.27653e-11 0.00134508 2.25231e-05 2.63085e-06 0.0957049 3.16508e-08 0.00980482 
0.0197779 0.161312 0.454013 0.000163867 0.00438511 0.0252707 0.0587366 7.32831e-05 0.0638568 0.000774242 0.00156764 0.00931138 0.000244835 0.17516 0.00564812 0.0197051 
0.0675129 0.0604408 0.611981 0.0152318 1.23462e-05 0.00800357 0.00427656 8.38821e-07 0.00176254 0.000238729 2.05858e-05 1.00661e-05 5.18476e-06 0.192467 7.74068e-05 0.0379583 
0.0058711 0.119368 0.564249 0.000130006 0.000285685 0.0116507 0.00308353 6.5411e-06 0.00668551 0.000295099 0.163719 0.000573712 0.00570392 0.102827 8.51648e-06 0.0155425 
0.179499 0.153194 0.461579 0.00161057 1.64044e-05 9.40229e-06 0.0220377 2.21142e-06 0.000147107 0.00223825 0.000815468 8.9738e-05 7.78096e-06 0.120588 9.97286e-05 0.0580654 
7.86203e-10 3.15022e-10 0.791765 4.79234e-06 0.000491804 0.00910404 0.041188 3.85878e-09 0.0226565 1.58787e-05 2.05451e-09 0.0047111 1.60572e-07 0.124145 0.00052341 0.0053938 
0.00707095 0.129961 0.459793 0.000136474 0.00143525 0.094193 0.153824 0.0103916 0.0015858 0.00290093 0.00553786 0.00458625 0.000101159 0.0996814 3.41562e-05 0.0287665 
0.0222672 0.310792 0.504528 0.00234751 8.71179e-05 0.00459865 0.0272533 0.00701524 0.0109782 0.000557417 0.00192056 0.00150642 0.00100719 0.0910205 0.00142363 0.0126978 
0.0121054 0.0338845 0.526913 5.18525e-06 0.000469155 0.0119998 0.0710472 1.81165e-07 0.0033647 0.00113426 0.192208 0.0143016 7.71567e-05 0.122213 0.000375949 0.009902 
0.00750289 0.015686 0.592412 0.0133742 0.000156439 0.039527 0.0352306 1.76434e-06 0.146555 0.00102912 0.0056827 0.00134861 0.00383978 0.0883783 6.27302e-05 0.0492127 
0.25591 0.0583765 0.340896 0.000390367 0.0648927 0.0211348 0.0405418 4.9831e-06 0.00531075 0.00762831 0.00518872 0.0199255 0.000456792 0.137832 0.0062652 0.0352455 
2.77981e-07 0.00208225 0.848578 4.04274e-08 1.17002e-05 0.00111161 0.0126088 0.0001846 2.24098e-08 2.39693e-06 3.90978e-07 6.75186e-05 1.0109e-07 0.134935 2.78532e-08 0.000416935 
0.00898736 0.12716 0.329758 0.00339853 0.000434646 0.0871961 0.0852754 9.13932e-06 0.00226913 0.000755141 0.00105962 0.0745081 0.000537678 0.084649 4.94813e-05 0.193952 
0.0100499 0.0818581 0.493048 0.00122745 7.25419e-05 0.0189756 0.112619 0.000697721 0.00848095 0.00176362 0.00755646 0.00272341 0.000598845 0.165174 0.000699349 0.0944553 
0.025235 0.132152 0.666756 0.00025826 0.00519917 0.0365471 0.0226395 0.00017502 0.00228533 0.0027342 0.00307468 0.00473848 0.00359914 0.0620737 0.00627665 0.026255 
0.0118931 0.0089606 0.394672 0.0138645 0.358153 0.0806515 0.0610292 6.11473e-06 0.00551751 0.00614174 6.9963e-06 3.01501e-05 0.000175925 0.0315245 0.0198442 0.00752875 
0.142364 0.115015 0.291867 0.000822062 0.028477 0.0436099 0.0220949 4.52334e-05 0.00122519 0.000817364 0.138026 0.0131528 0.0141018 0.10994 0.0038439 0.0745977 
0.00585703 0.00843168 0.518007 0.000487302 4.30649e-06 0.044924 0.101699 2.80373e-06 0.0831038 0.00270608 0.000118184 2.37645e-05 3.75567e-05 0.197463 1.52891e-05 0.0371189 
0.00220759 0.0645097 0.625829 5.23199e-05 8.05192e-06 0.00264138 0.00328018 1.95305e-06 0.00029467 1.66939e-07 4.11537e-05 0.01038 5.43317e-06 0.28191 1.69722e-05 0.00882123 
0.00530517 0.249213 0.346377 0.000136997 0.00624048 0.0267071 0.0573938 7.22168e-05 0.00193317 0.00132139 0.000477907 0.00943159 0.0257251 0.261691 0.000260254 0.00771401 
0.00220759 0.0645097 0.625829 5.23199e-05 8.05192e-06 0.00264138 0.00328018 1.95305e-06 0.00029467 1.66939e-07 4.11537e-05 0.01038 5.43317e-06 0.28191 1.69722e-05 0.00882123 
0.00144289 0.107629 0.334645 0.00687307 1.13491e-05 0.0666016 0.103818 2.52583e-05 0.00733573 6.4162e-05 0.00144661 0.0238304 0.0161167 0.30976 0.000117605 0.0202832 
0.0193322 0.0993731 0.514548 0.00122801 0.0012786 0.0125571 0.0109787 1.6804e-05 0.00290248 0.000156474 0.158756 0.00157471 0.0248649 0.115242 0.000462969 0.0367277 
0.0193684 0.0675186 0.473402 1.24262e-05 1.4191e-07 0.0204533 0.0228142 7.51624e-06 0.241522 0.000145072 0.000550173 0.000766714 4.84496e-05 0.151803 2.82442e-05 0.00156071 
0.0156313 0.0053877 0.268892 0.0230996 9.30015e-05 0.213803 0.180673 2.34758e-06 0.000899554 0.00168697 0.0357616 0.000867874 0.0160687 0.234647 0.00124409 0.00124249 
0.0115744 0.0218016 0.60964 0.00943776 0.000316453 0.0138594 0.0469367 1.29579e-06 0.0634412 4.0116e-06 0.0750567 8.61295e-06 4.57795e-08 0.141307 0.000163216 0.00645186 
0.000350178 0.010527 0.907608 7.14008e-05 2.09297e-06 0.00138313 0.0120453 5.52967e-07 2.35464e-06 2.42845e-07 1.42786e-05 1.92168e-05 3.15321e-06 0.0665239 6.05818e-07 0.00144823 
0.000200003 0.00612218 0.763771 0.00031547 1.096e-06 0.0627621 0.01075 0.000167095 0.000890477 3.33517e-05 0.000350451 1.02549e-05 0.0275146 0.0970356 2.73648e-06 0.0300735 
0.00665034 0.0651474 0.439636 4.51221e-07 5.62872e-05 0.0368993 0.0213964 4.29655e-07 0.00168974 6.04087e-05 0.139254 0.00129131 0.00499528 0.226891 1.68354e-06 0.0560297 
0.0353281 0.0901291 0.289413 0.0327673 2.39192e-05 0.0102133 0.0851079 0.0041616 0.00950255 0.000815393 0.00257894 0.033501 0.00402419 0.138806 0.000888888 0.262739 
0.0765236 0.110275 0.454933 0.0005315 0.0317136 0.0213573 0.033026 0.00210644 0.00250695 0.00249117 0.00942895 0.0188207 0.00963254 0.0372199 0.00250677 0.186926 
0.167908 0.110465 0.358611 0.00194094 9.84302e-05 0.159989 0.0690486 0.000802042 0.0339771 0.000259108 0.01004 0.00273001 0.00639465 0.0612906 0.00255379 0.0138921 
0.000153407 0.00279826 0.813082 1.37342e-09 4.63629e-06 0.0816216 0.00180304 1.34843e-09 0.000324574 0.000279617 9.22135e-06 3.22047e-08 0.000778306 0.0622269 7.13015e-08 0.0369181 
0.0909944 0.0272758 0.638079 0.000742499 1.25043e-05 0.000483018 0.0764287 6.58618e-07 0.000140054 0.000115397 0.0392156 0.000512143 5.93165e-05 0.122402 0.000620203 0.00291845 
0.00993793 0.0638813 0.507282 2.47384e-06 0.0834418 0.0358503 0.0392345 0.000254499 0.220709 8.61874e-05 0.000445798 0.00508666 0.00150757 0.00164387 0.000247727 0.0303891 
1.43767e-06 0.495214 0.498493 7.19412e-11 1.40269e-06 7.71531e-07 4.60169e-08 7.06324e-11 0.00133063 1.32559e-06 5.67893e-07 2.53429e-06 4.70645e-05 0.00255657 6.44843e-08 0.00235013 
0.0135015 0.183008 0.548488 0.00167902 0.0043478 0.0526495 0.0191798 5.20987e-05 0.0173645 0.000279135 0.0909472 0.00236362 0.0118534 0.047916 0.000309042 0.00606092 
0.0152728 0.00869846 0.776589 4.43202e-06 7.1604e-05 0.00263986 0.0133229 3.22931e-05 0.000644859 5.61713e-05 0.000343969 3.05566e-05 0.00321445 0.0682641 0.000380022 0.110434 
0.0440129 0.123617 0.488874 6.42664e-06 9.57812e-06 0.00445615 0.00424858 2.87827e-05 0.0502162 0.00729081 0.0445931 0.0245079 0.0107318 0.0427165 0.000344511 0.154346 
0.00540868 0.411267 0.540302 6.25549e-05 2.20905e-05 0.0104017 0.000179903 0.000113757 9.52795e-06 1.06705e-05 7.26588e-05 2.24099e-05 1.87474e-06 0.0191056 4.71682e-05 0.0129727 
0.0463902 0.110518 0.354962 0.0492076 0.00126617 0.0185854 0.109857 0.000961938 0.00743824 0.00170067 0.00349546 0.00150816 0.00686617 0.243446 0.0029339 0.0408629 
0.033198 0.125325 0.58852 0.00370981 0.00266398 0.0330664 0.0517463 8.22731e-05 0.0136565 0.00513073 0.0367248 0.0129339 0.0157807 0.0594341 0.00276885 0.0152587 
0.00232407 0.0215845 0.612942 0.000418012 4.19115e-07 0.00497294 0.000611325 3.45875e-05 0.000192258 8.05193e-06 0.0123657 0.00200536 0.00889487 0.00976708 9.55165e-05 0.323783 
0.00176071 0.0231875 0.304784 2.71344e-07 3.65346e-06 0.193464 0.195372 5.25089e-08 0.195275 0.000221796 0.000426187 2.17975e-06 6.76576e-08 0.0758052 5.47622e-08 0.00969639 
0.00664055 0.00886539 0.603195 0.000123838 0.000336685 0.0314759 0.0289148 0.0437699 0.174761 0.00076102 0.00291523 0.0490601 0.00624477 0.0224733 2.02836e-05 0.0204428 
0.0049404 0.0149984 0.441597 0.000137842 0.0103832 0.0608209 0.092965 4.89132e-05 0.00888815 6.71692e-06 0.0054223 0.000801052 0.00196082 0.338972 1.70865e-05 0.0180396 
0.0110906 0.0323104 0.668482 0.0013609 0.0353657 0.0233403 0.0889797 4.88349e-06 0.116402 0.000239983 0.000330756 0.00230246 1.36534e-05 0.0074046 9.90758e-05 0.0122736 
0.0373727 0.033671 0.465141 0.00971379 0.000156804 0.0268216 0.0615547 0.000159209 0.0638001 0.000518147 0.0536539 3.77744e-05 3.06914e-08 0.214775 8.09651e-05 0.0325435 
0.0439918 0.208229 0.570241 5.10123e-05 0.000336872 0.0251331 0.0171718 5.12977e-05 0.0119795 0.000397458 0.00137809 0.00373047 0.00577792 0.0614528 0.00994871 0.0401289 
0.0109604 0.0569495 0.521202 0.0338025 4.40229e-05 0.00153526 0.00159483 2.14179e-05 0.00304682 0.018648 0.209801 0.000642992 7.95001e-05 0.0411438 3.47108e-05 0.100493 
0.0906674 0.0897125 0.680174 6.93245e-09 6.66718e-05 0.00419604 0.046275 4.95568e-06 7.81397e-05 0.000104086 0.0290176 6.86588e-05 0.00455387 0.0153696 0.0039482 0.035763 
9.15458e-05 0.0323948 0.446612 2.64254e-05 1.13903e-06 0.144732 0.0491948 2.02699e-05 0.000263797 5.24893e-08 4.26716e-05 0.0248669 3.98216e-07 0.267672 0.000258852 0.0338224 
0.154163 0.00557714 0.279771 7.01494e-08 0.0276305 0.0899844 0.0840537 2.60646e-05 0.0985577 0.178412 0.00999403 0.0173464 0.000720705 0.0393402 1.32898e-05 0.0144102 
0.00364396 0.0203137 0.821789 3.39632e-05 0.000122633 0.0798189 0.0128357 7.67005e-05 3.64514e-06 0.00590904 0.0156136 0.00662437 0.000256985 0.0261753 0.000105893 0.00667694 
0.00656768 0.00730077 0.603885 1.75705e-10 1.39825e-10 0.000201256 0.0099986 2.26937e-08 0.000283439 1.96202e-10 0.0035959 1.84799e-05 3.01759e-08 0.362166 4.74495e-07 0.00598266 
0.0089079 0.161322 0.557846 0.0051794 0.00916752 0.00178052 0.112348 8.1746e-06 1.46182e-05 1.39599e-05 0.0010299 0.00111163 1.07512e-05 0.0872241 0.00030569 0.05373 
0.000425243 0.0487468 0.600621 7.35346e-08 0.0005885 0.309043 0.00570938 5.08488e-05 0.000342527 9.93222e-06 0.00112025 0.000136957 0.000101499 0.0284147 7.3415e-06 0.00468218 
0.252019 0.0073635 0.373822 2.29744e-09 4.61396e-05 0.114039 0.0291953 2.56375e-05 0.00118272 0.0315125 0.0306455 0.126782 0.0135307 0.0110819 0.000234409 0.00851977 
0.0506824 0.329272 0.512226 0.000155151 5.72482e-08 0.00613661 0.0202137 4.32799e-08 0.00627631 1.78745e-08 0.00589316 3.14277e-05 0.00766226 0.0546249 0.000223351 0.00660219 
0.00613524 0.0697375 0.427515 0.000595732 2.50138e-05 0.0313722 0.0512462 0.000256345 0.107655 1.4903e-10 0.00033649 0.000118018 5.91202e-05 0.284373 2.17164e-06 0.0205737 
0.0019448 0.0861551 0.387504 0.00826106 0.000577982 0.175524 0.00546342 0.0269997 0.0025757 4.51115e-05 0.159467 0.0126805 0.00254222 0.0280121 0.0577301 0.0445179 
0.00374157 0.370019 0.57783 6.88763e-07 9.67533e-05 0.0164064 0.00862024 2.06009e-07 0.00319045 8.30549e-08 0.00327111 0.000582127 7.3816e-05 0.0153313 4.94816e-08 0.000835756 
0.00764703 0.100881 0.454878 4.34711e-07 9.24948e-12 0.00609807 2.02372e-08 3.32088e-07 7.70576e-07 1.29789e-11 0.430389 6.25709e-05 3.86157e-05 8.54225e-07 4.64463e-07 2.6142e-06 
0.000738218 0.229549 0.464168 2.55621e-11 3.66961e-05 0.0142834 0.0113914 6.3703e-05 0.000792664 0.000127665 0.000604773 0.000268231 0.00761101 0.268915 3.84005e-05 0.00141171 
0.0395304 0.15902 0.370626 0.00333341 0.000422144 0.0180063 0.0577892 2.70189e-05 0.161211 0.000396716 0.00263515 0.00598616 0.00768992 0.151567 0.000867789 0.0208919 
0.0496963 0.0136633 0.407064 7.33233e-05 0.000332402 0.0530467 0.0406679 3.75181e-06 0.0162124 0.000171091 0.000144305 0.0207802 0.000186812 0.393431 0.00162448 0.00290251 
0.00538784 0.0495737 0.803736 2.9752e-06 0.0306756 0.0173074 0.00511981 2.31425e-05 0.0103428 0.0109726 0.000321318 0.00766055 0.000230974 0.0491463 3.44442e-05 0.00946481 
0.0266683 0.0780572 0.615486 0.0048905 2.43667e-08 0.00535877 0.0019114 2.73938e-05 0.00975192 0.0144406 0.0186127 0.00106688 7.18605e-05 0.10634 0.00146217 0.115854 
0.0388533 0.404293 0.470267 1.31504e-05 2.73462e-05 0.000105398 0.000208758 7.46486e-07 9.64362e-05 5.89443e-09 0.00573457 2.97014e-05 0.0032676 0.0709399 0.000291383 0.00587127 
0.291011 0.0437342 0.378741 2.63881e-07 0.0124231 0.0213381 0.0442268 0.00013879 0.00180885 0.00172892 0.00411977 0.0279765 0.0349306 0.102336 0.00177292 0.0337129 
0.0815334 0.120575 0.332323 0.000218322 0.00335625 0.022585 0.054168 9.69516e-05 0.0386011 0.000658955 0.00147699 0.00365135 0.00089336 0.248857 0.00119568 0.0898092 
0.0128975 0.127887 0.475751 0.000724756 3.9288e-05 0.020118 0.026363 0.000322236 0.0143548 0.00114341 0.00897156 0.018591 0.00365344 0.232778 0.000330262 0.0560746 
0.0137542 0.0272615 0.381472 2.29896e-06 0.000296077 0.0251505 0.00723291 0.00234377 0.0091787 0.0079089 0.34797 1.867e-07 0.00229944 0.0657666 0.0002708 0.109092 
0.0018643 0.13786 0.740982 2.17606e-09 2.59714e-06 0.114719 0.00307721 0.000201425 6.75142e-05 2.72761e-05 2.34144e-06 4.45595e-05 0.000318511 0.000810229 2.1195e-07 2.36167e-05 
0.0139009 0.0465674 0.379209 2.17946e-05 0.000297998 0.0585591 0.295891 2.77874e-05 0.00461972 0.00131983 0.0228213 0.08371 8.45893e-08 0.0748089 0.000668403 0.0175768 
0.0136342 0.070581 0.641394 1.47256e-05 0.00112814 0.0373028 0.0179148 3.8344e-05 0.00798031 0.000359845 0.00198862 0.0129546 0.0143853 0.129442 0.000136102 0.0507457 
0.168357 0.167269 0.429602 0.000133626 0.00303115 0.00498581 0.0165422 0.00111685 0.00141248 0.0019611 0.0100842 0.0110314 0.0185101 0.135912 0.00691895 0.0231317 
0.147558 0.20355 0.245171 0.0295236 0.0128584 0.0485932 0.0545984 0.0518187 0.00679393 0.000795057 0.0107971 0.0105939 0.00974446 0.0574501 0.0250405 0.085114 
0.275636 0.136624 0.309263 4.48686e-07 5.16501e-06 0.00488531 0.0452353 0.000226907 0.000112265 0.00106574 0.0110158 0.000558572 0.00699893 0.185073 0.000240543 0.0230595 
0.0227104 0.0523026 0.254647 1.61752e-06 4.55231e-06 0.0322651 0.185724 0.000198949 0.00140404 3.29441e-05 0.102567 0.00638072 0.000983568 0.212818 4.22802e-06 0.127955 
0.00502015 0.175915 0.717957 1.14862e-05 2.0656e-05 0.00545997 0.00149254 0.00166141 0.000850878 2.50906e-05 0.0594205 0.00166997 0.000470982 0.0144671 0.000620455 0.0149367 
0.0129873 0.11937 0.3984 0.0220929 0.0139974 0.317564 0.0171046 7.1756e-06 0.00215858 0.000870156 0.0168883 0.00021261 0.000351165 0.0636093 2.08923e-05 0.0143655 
0.253799 0.0403025 0.393885 2.09031e-08 4.95969e-06 0.00310409 0.254012 2.45715e-06 0.00062528 1.40359e-06 0.00312612 0.00493902 5.73645e-07 0.0401078 0.00351181 0.00257748 
0.189375 0.0371963 0.41329 8.94827e-07 0.00015853 0.0478845 0.0877983 2.8978e-05 0.00482516 2.98892e-05 0.0339618 0.000781476 0.139353 0.0269314 0.00205893 0.0163266 
0.0275248 0.107924 0.385843 1.49182e-06 9.1545e-05 0.0130463 0.168753 0.000238468 0.00586469 0.000155628 0.00122763 0.00101065 0.000210247 0.230228 0.0409173 0.0169629 
0.0181342 0.151219 0.68692 1.4575e-06 0.000164363 0.0117405 0.00646747 1.03489e-05 0.000275587 0.000155829 0.0591573 0.00302228 0.0155126 0.0279999 0.00161927 0.0175998 
0.0111668 0.0127908 0.200098 1.30902e-06 0.00181391 0.17151 0.17392 4.91767e-10 0.197789 8.98717e-06 0.000440012 5.45257e-05 6.63191e-08 0.158728 0.0262148 0.0454641 
0.0423301 0.0985899 0.591162 0.0120115 7.39043e-05 0.0109035 0.0166197 4.6297e-05 0.00764787 0.0102745 0.0319441 0.00143077 0.0087818 0.12349 0.0118581 0.0328356 
0.239845 0.148577 0.371314 0.000412965 0.00126086 0.00530825 0.008715 9.40397e-05 0.00027987 0.00250688 0.0975869 0.00246473 0.00349078 0.0856659 0.000397448 0.0320808 
0.00134241 0.0963303 0.676372 0.00147747 0.000609365 0.114763 0.0465057 4.24709e-07 0.0234039 1.61288e-05 0.000452713 9.93544e-05 3.21245e-05 0.0273605 1.01544e-05 0.0112247 
0.0181164 0.108918 0.645494 3.01459e-06 0.0751286 0.0478964 0.02533 3.76279e-07 0.000296313 9.60364e-05 0.00243698 0.00636953 2.0748e-05 0.0555698 0.00354449 0.0107794 
0.0492446 0.161991 0.271786 0.00241205 0.0026185 0.0221066 0.0415512 2.85416e-05 0.00335165 0.000642737 0.020385 0.0586756 0.0159002 0.155304 9.40497e-05 0.193908 
0.0274064 0.123218 0.388917 0.0275098 0.0188604 0.126005 0.0304603 2.02287e-05 0.0895587 0.000242539 0.0177963 3.00575e-05 0.0395348 0.0871605 0.00020072 0.0230785 
0.0329728 0.1339 0.471492 8.25919e-05 0.000905727 0.00458871 0.0159496 3.78522e-06 0.0172841 0.000381467 0.00828735 0.00609911 0.000638957 0.269781 0.0110411 0.0265913 
0.000923004 0.044804 0.317783 0.00322743 0.0123786 0.0882698 0.0665189 4.27225e-10 0.0418698 0.00133172 0.00399662 5.14224e-05 8.65059e-06 0.186211 8.73049e-06 0.232617 
0.00374157 0.370019 0.57783 6.88763e-07 9.67533e-05 0.0164064 0.00862024 2.06009e-07 0.00319045 8.30549e-08 0.00327111 0.000582127 7.3816e-05 0.0153313 4.94816e-08 0.000835756 
0.0279182 0.0386152 0.359936 4.25378e-06 0.00011084 0.0336438 0.0218357 0.000163222 0.0029109 0.000193423 0.134263 0.00224078 0.306388 0.0710185 0.000321183 0.000436901 
0.00617102 0.0656611 0.72253 0.00336911 0.000475286 0.03373 0.0516321 6.51571e-05 0.00265499 0.000121231 0.0103972 0.0093492 0.00375052 0.067551 0.00652636 0.0160156 
0.0805033 0.0527493 0.698106 2.6751e-08 0.000136122 0.00102671 0.0312955 5.09796e-07 0.00063557 2.01312e-08 0.00173073 0.000306104 2.49499e-05 0.131244 2.20238e-07 0.00224073 
0.0278451 0.0363837 0.601285 0.00435761 9.82627e-06 0.000320122 0.0368547 0.00020524 0.000841488 5.35557e-05 0.00511889 0.000596123 0.000187421 0.196305 0.000297415 0.0893381 
0.012317 0.332041 0.636479 7.96584e-06 2.74346e-08 6.32977e-05 3.65247e-05 4.8718e-07 5.79943e-05 2.36171e-08 0.00368784 1.88371e-05 0.00196492 0.0098394 0.000175122 0.00331027 
0.0501478 0.296444 0.408313 1.12255e-09 8.40263e-05 0.00245831 0.0546533 0.00076132 0.000543926 0.00151756 0.000676898 0.00367819 2.10039e-05 0.126479 0.00176563 0.052456 
0.00462334 0.245858 0.737807 1.32124e-05 2.53348e-08 6.6142e-05 3.21915e-05 7.79199e-07 4.97686e-05 2.18076e-08 0.00102028 1.2745e-05 0.000463517 0.00527601 0.000168384 0.00460918 
0.0101563 0.0791361 0.379535 2.08673e-07 6.42452e-05 0.350145 0.0686208 3.94296e-05 0.0137984 0.00010736 0.00884428 0.0103888 4.68498e-05 0.00958797 0.001267 0.0682623 
0.0274318 0.189915 0.3782 1.83843e-08 4.24077e-07 0.00306441 0.0191828 1.78293e-10 0.0117892 0.00200968 0.00556775 0.000400118 4.29608e-05 0.361346 0.000193723 0.000855904 
0.084763 0.169095 0.419208 1.76052e-06 8.92678e-05 0.00575301 0.0293157 7.08708e-05 0.0168634 0.000360304 0.0362338 0.00558386 0.00159518 0.131818 0.000652078 0.0985966 
0.0223154 0.245544 0.365799 0.000762064 0.0149092 0.106618 0.0318664 0.000280719 0.00070765 0.00906284 0.0128389 0.00624335 6.54115e-05 0.107355 3.85272e-05 0.0755934 
0.0236541 0.00283895 0.589526 1.59191e-06 0.00110175 0.278619 0.0234541 0.000199999 0.000829359 0.00230741 0.000367834 0.00705376 0.00356055 0.0649104 1.09678e-06 0.0015735 
0.126068 0.0384198 0.411257 2.53312e-08 1.5167e-08 0.0029953 0.0391338 0.000148257 0.00253032 6.27821e-05 0.0124255 0.00156432 0.18388 0.149145 0.00201242 0.0303571 
0.123418 0.0331695 0.277834 0.0103344 0.00100645 0.00318911 0.198534 9.63069e-06 0.118448 0.00239805 0.00439924 0.00631987 1.12032e-05 0.126335 0.0633203 0.0312738 
0.0258917 0.312228 0.403199 0.00249719 0.000291118 0.000395261 0.00396885 0.000337376 9.19987e-05 0.00568511 0.000545024 0.00121911 2.78496e-07 0.152695 0.000188655 0.0907666 
0.00748783 0.0617492 0.361402 8.23743e-06 0.00109816 0.0268187 0.0153267 0.000288353 0.0212962 0.000434194 0.291301 0.203087 0.000525897 2.74216e-08 0.00163434 0.00754239 
0.0318049 0.0772539 0.4396 0.00126756 0.00144722 0.0413108 0.0110036 3.42534e-06 0.138534 0.00021071 0.00760811 0.000124847 0.0222605 0.186731 0.000693529 0.0401454 
0.000741054 0.215836 0.342233 6.45232e-06 8.98684e-05 0.00386864 0.196127 0.000850048 0.0253579 2.39904e-05 8.54119e-05 0.00431353 0.000276474 0.207872 3.73517e-08 0.00231786 
0.0208089 0.171081 0.351515 0.000642136 0.00284904 0.0264568 0.0573826 0.00253252 0.00781911 0.000731473 0.00619047 0.0453333 0.00536922 0.268798 0.0108653 0.0216254 
0.00102848 0.0813089 0.282853 2.7465e-06 5.15241e-05 0.0390574 0.226016 6.77649e-08 0.0570156 6.79335e-05 0.00475945 0.0205399 8.39945e-06 0.251533 0.0224061 0.0133516 
0.00765203 0.0206291 0.645407 7.37925e-08 7.01975e-07 0.0150715 0.0488383 0.000109013 0.0116611 0.00137925 0.0377344 7.57602e-05 0.00197604 0.109401 0.0917742 0.00829068 
0.0193038 0.310134 0.445832 0.00182502 0.0147425 0.027084 0.0518097 0.00221956 0.0133496 0.000318711 0.00608386 0.00509884 0.00768505 0.0636821 0.00232127 0.0285104 
0.0136862 0.10395 0.416537 0.00232799 8.39929e-05 0.149475 0.00802391 0.000337869 0.13712 0.00040146 0.036957 0.00605762 0.0735273 0.0462127 3.2202e-05 0.0052696 
0.003698 0.0340609 0.566485 0.00134069 0.00113109 0.0172177 0.059793 8.63295e-05 0.016875 0.00147258 0.00428685 0.0110051 0.0389348 0.181557 0.000448082 0.0616079 
0.00027429 0.0110519 0.582653 0.00137227 0.000166138 0.21357 0.0819181 6.89152e-07 0.0427025 6.49973e-06 0.00365198 0.000201094 0.000177402 0.0377217 1.20078e-05 0.0245207 
0.000462559 0.0178548 0.298203 1.61954e-05 2.7081e-05 0.246726 0.158123 5.80113e-08 0.104429 3.65639e-05 2.09752e-06 0.000576706 5.46536e-05 0.167148 0.000222511 0.00611837 
0.00169028 0.251622 0.720535 1.75695e-05 1.44463e-05 0.00532573 0.00244389 1.96565e-05 0.00799955 5.88586e-05 5.02688e-05 2.58222e-05 1.31088e-05 0.00495279 3.80798e-05 0.00519249 
0.0165288 0.00623618 0.821934 0.000195582 0.000316393 0.0108192 0.0759628 5.75392e-06 0.000330738 0.000122719 0.0230509 0.00140511 5.32147e-06 0.0063165 0.000154402 0.0366154 
0.0226619 0.132354 0.567694 0.000486206 0.00257622 0.0647404 0.0626011 6.63309e-05 0.00837011 0.00218873 0.00597919 0.00699433 0.000288115 0.107271 0.00202779 0.0136997 
0.000349241 0.197083 0.416266 2.65101e-09 0.00219828 0.0500337 0.146088 2.98987e-05 0.0464473 2.88249e-07 0.00061101 0.00429919 0.00839346 0.126539 0.000771707 0.000889619 
0.0239291 0.0803101 0.560622 0.0138306 1.97683e-06 0.0185286 0.0181086 0.0148032 0.0109882 0.00175514 0.00452526 0.000915883 7.90987e-05 0.202781 0.000570875 0.0482501 
0.00128449 0.0195018 0.608779 0.0193712 7.6283e-05 0.00187172 0.0664482 4.41701e-06 0.0945391 0.000548008 0.000861899 0.000292817 0.00490612 0.0438134 2.6594e-05 0.137675 
0.0175777 0.111624 0.518506 0.000171514 0.000614034 0.0526037 0.169643 0.000124368 0.00509415 0.00395977 0.00753891 0.00158486 0.0128131 0.0875124 0.00120001 0.00943254 
0.208649 0.234253 0.248567 4.37395e-05 0.00102577 0.0454705 0.0344956 0.000138375 0.00167451 0.00527642 0.00450264 0.0040189 0.0173001 0.186916 9.78064e-05 0.00757129 
0.0729833 0.226103 0.283784 0.00247959 0.00971511 0.025058 0.0487666 0.00028203 0.00599695 0.000974189 0.0543266 0.0135786 0.00406299 0.228526 0.00232642 0.0210374 
0.0188395 0.018263 0.382744 5.10246e-05 0.0001002 0.00125423 0.134166 1.85161e-05 0.000206137 8.87059e-06 0.22853 0.00576662 0.0414649 0.123047 0.000467996 0.0450716 
0.0325361 0.00688195 0.501873 3.45746e-07 5.03742e-10 0.00243701 0.045052 0.000516146 0.226648 0.00732978 0.000676582 0.000386198 5.66048e-07 0.0430831 0.000272536 0.132307 
0.000490455 0.0569669 0.280348 0.00395628 7.39099e-05 0.269587 0.144223 4.1293e-05 0.0134716 1.82541e-05 0.000252262 4.52447e-05 8.84623e-05 0.228663 3.78865e-06 0.00177055 
0.215557 0.073738 0.323301 7.08991e-12 0.0013151 0.0105671 0.130079 0.000130759 0.122806 0.00849781 0.0799437 0.0160469 0.000325575 0.0111865 0.00119989 0.00530577 
0.00138433 0.274536 0.65162 7.37971e-07 7.52104e-05 0.0120594 0.00345344 4.7855e-06 0.00467998 4.02931e-05 0.00254096 0.0267192 4.92138e-05 0.00850347 1.21033e-05 0.0143204 
0.0147276 0.188562 0.398506 6.07563e-05 0.000826578 0.220931 0.0561125 0.00376965 0.00144095 0.000766705 0.020303 0.0216861 0.00700707 0.0411997 0.000707008 0.023393 
0.00990594 0.0942264 0.289249 0.000433635 0.132679 0.104512 0.148516 6.69127e-07 0.0358458 0.000175413 0.0450301 0.076241 4.98502e-05 0.0353408 5.05834e-05 0.0277438 
0.132356 0.130135 0.319419 9.10905e-06 0.13198 0.0117987 0.0704447 8.8738e-05 0.0103746 0.000100791 0.0701049 0.0296733 0.0235281 0.0560012 0.00595152 0.00803409 
0.00322612 0.00632718 0.43675 0.0143051 1.33529e-05 0.133078 0.0207935 4.4225e-05 0.160208 1.13952e-06 0.0315213 1.40132e-05 6.22115e-06 0.18181 4.22093e-09 0.0119026 
0.0101428 0.00186882 0.887097 3.57507e-07 0.00367477 0.0719594 0.008188 7.88084e-07 0.000157508 2.91879e-05 0.000464789 4.26794e-06 2.36785e-06 0.0135183 0.00172561 0.00116639 
0.0159235 0.349095 0.402911 2.83056e-05 2.78544e-05 0.00699703 0.010985 8.20461e-06 0.00785572 0.000813528 0.0105176 0.00653323 0.00554706 0.0537171 0.000227719 0.128812 
0.0291895 0.0321812 0.225007 0.000321861 0.101537 0.0688127 0.205018 1.44313e-05 0.146309 0.000528244 0.0012614 0.026698 0.00831481 0.139857 0.00598303 0.00896655 
2.48495e-05 0.0384082 0.669275 1.24084e-05 3.73268e-05 0.0141575 0.0178659 5.66958e-09 0.000592567 1.21857e-05 0.000821824 0.0331056 2.8436e-05 0.20296 7.01401e-08 0.0226986 
