7.35535e-06 0.0838777 0.357169 1.5799e-07 0.0362463 0.072147 0.15014 7.36046e-07 0.0303652 1.12414e-08 0.00129054 2.16496e-06 2.02324e-06 0.266876 6.69378e-07 0.00187573 
0.0123519 0.0578203 0.27929 0.00173861 0.00125527 0.132499 0.250704 6.87865e-06 0.00664372 0.00038823 0.000826985 0.00109766 6.4793e-05 0.227524 0.00292572 0.024864 
0.055492 0.265305 0.439845 0.000145231 0.000814225 0.0184689 0.0200931 3.55715e-05 0.0019823 0.00012502 0.0084686 0.00600315 0.0340097 0.13516 0.00133443 0.0127173 
0.104366 0.171321 0.238941 7.47476e-05 0.000128132 0.0124814 0.0764905 2.45662e-05 0.00425461 0.00242978 0.178566 0.011134 0.00278329 0.17271 0.00640192 0.0178941 
0.0288481 0.418404 0.493181 3.61504e-08 3.33158e-12 2.00422e-08 0.000117597 2.7617e-08 6.40769e-08 4.67488e-12 0.0251337 5.97584e-06 0.0138134 0.0182029 3.86234e-08 0.00229385 
0.00232359 0.118979 0.854587 4.60814e-09 3.66712e-09 0.00154426 0.00193279 7.84312e-07 4.48097e-05 1.14976e-05 0.00669014 3.16871e-07 8.32414e-08 0.00654657 1.08845e-05 0.00732827 
0.0342075 0.303948 0.441893 0.00129987 0.000584858 0.103836 0.0129007 0.00192668 0.000481762 2.32882e-05 0.0147332 0.00425921 0.0102954 0.0290296 0.00122242 0.0393576 
0.000147233 7.79882e-06 0.995411 9.72999e-05 7.74304e-05 0.00340027 0.000310314 9.55297e-05 5.39354e-05 0.000108651 5.08622e-05 1.54884e-05 0.000132564 6.75515e-06 6.70364e-05 1.77762e-05 
0.0204852 0.0545389 0.594412 1.45374e-07 0.000782752 0.0242643 0.0778383 0.000272947 0.00427707 0.000872107 0.0281635 0.000139078 0.0397891 0.0512447 0.000110258 0.102809 
0.041564 0.0949338 0.489245 6.16475e-05 7.53555e-05 0.00678706 0.0154928 1.97878e-05 0.0114775 0.000326924 0.00294537 0.00262043 0.000490826 0.314171 0.000286308 0.0195022 
0.0709034 0.193671 0.333903 4.39943e-07 0.000239085 0.0282621 0.147317 0.000363405 0.00543069 0.0028076 0.0115833 0.00159597 0.027494 0.137038 0.000252977 0.0391381 
0.0231333 0.0806037 0.628647 0.000550068 0.0488823 0.0507978 0.0129647 9.78172e-05 0.0105617 0.0138089 0.0361044 0.000282305 0.0133291 0.0673145 0.0022219 0.0107005 
0.042494 1.9448e-06 0.928955 7.58851e-05 5.27357e-10 0.00318297 0.000144957 2.76568e-07 0.00213263 7.39989e-10 0.00744899 2.60856e-08 3.20853e-05 0.0017446 3.86365e-07 0.0137863 
0.050961 0.0230486 0.560645 5.78524e-05 0.000844961 0.189861 0.104295 8.8776e-06 1.11328e-10 8.32081e-05 0.000257946 0.0412523 0.000170644 0.0163043 3.60936e-05 0.0121734 
0.120156 0.0851321 0.591434 4.63153e-05 9.2645e-05 0.0106313 0.0293707 0.0548361 9.54496e-05 0.0065568 0.0129404 0.00220368 0.0307704 0.0233235 0.0168803 0.0155302 
0.103953 0.212075 0.285761 6.07673e-05 0.00248526 0.119468 0.0562 4.27156e-05 0.000550911 0.00166843 0.0143108 0.0729758 0.015341 0.102715 0.00106313 0.0113291 
0.041748 0.255403 0.355795 0.000326525 0.00128409 0.0253092 0.04513 0.00492189 0.00298344 1.74321e-05 0.0524271 0.0838641 0.0596947 0.0510878 0.000305926 0.0197013 
0.00231333 0.10984 0.620561 9.5483e-06 0.000201393 0.000310893 0.0225019 8.72362e-07 0.000987116 7.89365e-05 0.000228171 0.00389593 7.38793e-07 0.223734 0.0100132 0.00532229 
0.0909815 0.218238 0.344292 0.00135422 0.000664479 0.0167096 0.0221651 0.0103058 0.00267217 0.000238341 0.0309014 0.0107919 0.0967121 0.0621922 0.00162239 0.090158 
0.100548 0.109532 0.228888 2.38144e-06 0.00012092 0.11033 0.110971 0.00158818 0.0728557 0.00434953 0.109066 0.00178212 0.00714647 0.0936599 0.000551039 0.0486092 
7.73007e-08 0.00298984 0.792061 1.18154e-08 9.79902e-07 0.0720246 0.0677942 0.00013947 0.0183305 2.7168e-07 0.00224009 0.00181008 9.7838e-05 0.0424092 0.000101223 1.28441e-07 
1.06134e-07 0.0503485 0.630336 0.0046974 0.00207312 0.183726 0.109899 1.36977e-10 0.00161366 2.26361e-07 0.00285342 1.21269e-08 0.0011252 0.0130193 2.67212e-08 0.000308603 
0.0539786 0.198638 0.271569 0.00152846 0.000659163 0.0162415 0.140838 2.03101e-06 0.00698702 0.00220752 0.0424391 0.0110464 0.000410686 0.217815 0.000878653 0.0347614 
0.00131682 0.0189833 0.772076 7.74033e-09 3.90867e-06 0.119003 0.0436159 7.86573e-07 0.000280122 3.96631e-05 3.42038e-05 0.000399033 3.30302e-05 0.0175433 5.33283e-09 0.0266701 
0.00733551 0.333084 0.580208 1.57397e-08 6.72348e-05 0.00118818 0.00823761 6.62014e-06 9.09367e-06 0.000383359 0.00233413 0.000487195 2.2641e-05 0.0651389 0.00102218 0.000475385 
0.0104319 0.0889604 0.68247 7.23274e-06 9.13934e-06 0.0244784 0.0236964 4.13566e-05 0.000458721 0.000156551 0.000850125 0.000634587 0.0068344 0.118504 4.31938e-05 0.0424238 
0.0213672 0.249999 0.466087 0.0336795 0.00344625 0.0610855 0.0399502 0.00017883 0.00666963 0.000241931 0.00846978 0.020775 6.12558e-05 0.0601 0.00041599 0.0274731 
0.0121098 0.0296684 0.620697 1.51237e-06 1.36705e-05 0.155045 0.027329 0.00130984 0.0128077 1.11698e-06 0.0991348 2.50786e-05 0.013047 0.0182925 6.3523e-05 0.0104534 
0.0655657 0.0758378 0.427476 5.75281e-07 0.000302298 0.0451442 0.235307 0.00295332 0.0113217 0.0125303 0.00813708 0.00467135 0.00923035 0.0841353 0.00828838 0.00909888 
0.336388 0.154819 0.375534 3.76302e-05 0.000613015 0.0017826 0.0181177 2.51102e-05 0.000667312 0.00286174 0.00127608 0.00523694 0.000326435 0.0778815 0.000294701 0.024138 
0.0334526 0.0785445 0.446603 0.0257717 0.000606219 0.02489 0.223944 2.13492e-06 0.00399359 0.0037121 7.98722e-05 0.0284532 3.58131e-05 0.118434 0.000282028 0.0111949 
0.00103166 0.00206893 0.711755 0.256667 2.14642e-05 0.00401347 0.00271941 6.85532e-08 0.000351681 9.49562e-05 0.000746297 8.99981e-07 9.06664e-08 0.00970522 6.45011e-06 0.0108174 
0.0620262 0.0788423 0.273803 1.5693e-05 7.88436e-05 0.261845 0.0189786 0.00094504 0.0132865 0.000191032 0.206472 0.0189063 0.0137646 0.0384147 0.000422302 0.0120078 
0.0630127 0.22149 0.429848 0.000197089 0.0136222 0.0127588 0.0349496 8.59762e-05 0.00167459 0.00127607 0.0146319 0.0649378 0.0270669 0.0949153 0.000654396 0.0188783 
0.149026 0.0604312 0.435748 0.000414789 9.78314e-06 7.07547e-06 0.000951175 4.42138e-07 0.202653 0.000194358 0.00011073 0.0342395 5.02224e-05 0.0433263 0.000535899 0.0723025 
0.00464564 0.0339644 0.476619 0.0344807 4.61832e-05 0.015192 0.0544815 0.00551752 0.0684245 0.00185594 0.000315258 0.000642066 0.000101544 0.0885588 3.92608e-05 0.215116 
0.0204242 0.087365 0.527872 0.0198894 0.00207618 0.0296079 0.0254471 0.00107288 0.105097 0.000165599 0.0131044 0.00173877 0.00178575 0.0866916 0.000538263 0.0771242 
0.00218825 0.212305 0.340658 1.41037e-07 0.00190459 0.107372 0.0556712 1.41038e-07 0.0146191 1.41016e-07 0.0225363 0.00487067 0.00742487 0.221867 0.00221522 0.00636698 
0.000109145 0.0202695 0.816234 3.1904e-05 3.34715e-08 0.00434681 0.00147551 4.12954e-08 2.33151e-08 6.32766e-06 0.000933228 7.3484e-06 6.33327e-06 0.156501 2.32797e-05 5.61545e-05 
0.00325028 0.0844744 0.813468 3.32785e-05 1.90657e-05 0.000237074 0.00128607 6.77124e-08 1.50276e-06 1.34013e-05 1.27936e-05 1.22415e-05 1.34437e-05 0.0600812 0.000388137 0.0367087 
0.0109901 0.159332 0.599997 3.51323e-05 0.00822725 0.00868809 0.0582709 3.87434e-05 6.45084e-05 0.000158954 0.000772093 0.00175431 7.38179e-05 0.138874 6.98548e-05 0.0126534 
0.011847 0.252944 0.717959 7.89088e-06 4.1324e-07 3.72057e-05 3.0401e-05 4.48442e-07 4.07213e-05 3.48199e-09 0.00909451 9.91261e-06 0.00248761 0.00332661 0.000135954 0.00207796 
0.0273685 0.259621 0.44493 0.0212171 0.00113962 0.0191631 0.151956 6.38682e-06 0.00725806 4.04295e-05 0.00215894 0.00238345 5.73263e-05 0.0361961 0.000103882 0.0263995 
0.0422956 0.24324 0.540017 0.000628341 0.00201194 0.0099096 0.0201378 0.000473946 0.00550249 0.00138199 0.0101632 0.00504917 0.0025758 0.0957666 0.00186305 0.0189837 
0.0365797 0.118175 0.280457 0.000724481 0.021185 0.0680904 0.0133849 0.000483677 0.000914542 0.000336621 0.255918 0.0399966 0.100577 0.0246831 0.0135792 0.0249147 
0.014961 0.139862 0.556265 5.42701e-05 1.04435e-05 0.124692 0.0272946 0.000129489 0.0111501 6.0003e-05 0.00024756 0.00594886 9.75389e-06 0.104822 4.87111e-05 0.0144455 
0.0983038 0.114121 0.4506 0.00288984 0.000445519 0.142181 0.0281921 0.00205309 0.00966921 0.00386138 0.0185247 9.20582e-05 0.000207628 0.0893459 0.0163804 0.0231322 
0.106167 0.0691355 0.276444 5.07093e-07 0.000133446 0.0198403 0.0462447 2.03487e-06 0.00159296 0.000138407 0.197267 0.161973 0.000347261 0.105003 0.00111979 0.014591 
0.0482233 0.158138 0.378627 0.00386126 0.000560572 0.0051438 0.0130632 5.79856e-05 0.000340504 0.00227139 0.00534262 0.00030187 0.000887603 0.0655692 0.000653798 0.316958 
0.0342075 0.303948 0.441893 0.00129987 0.000584858 0.103836 0.0129007 0.00192668 0.000481762 2.32882e-05 0.0147332 0.00425921 0.0102954 0.0290296 0.00122242 0.0393576 
0.00335584 0.0324342 0.699541 0.019927 0.00332947 0.0859184 0.0393964 3.66792e-06 0.00262801 7.43588e-05 0.0711005 0.00384905 0.000740116 0.0178861 4.53693e-05 0.0197702 
0.0240598 0.143263 0.41221 0.000134254 0.000223381 0.0235867 0.0362836 0.0113737 0.000810569 0.000259638 0.00274798 0.00338999 0.00910082 0.310665 0.00283864 0.0190533 
0.0160416 0.126094 0.684298 0.00346599 0.000201941 0.0129169 0.105231 2.12031e-07 0.00451218 2.53393e-05 0.00396694 0.00461751 1.11674e-05 0.00976507 0.000152825 0.0286993 
0.00715726 0.208013 0.675865 4.27226e-09 2.81096e-05 0.00104815 0.0084572 1.99782e-05 8.18427e-05 0.000106942 0.00923794 0.00102019 0.0460135 0.0379461 0.000789219 0.00421532 
0.0223652 0.0486353 0.360061 0.112095 7.21305e-05 0.000215626 0.0490978 1.70502e-06 0.157471 0.000646063 0.00113834 0.000424542 0.000179196 0.146486 0.000705031 0.100407 
0.0245424 0.144062 0.328045 0.00019256 0.00211909 0.0233574 0.016843 8.03068e-09 0.0388616 0.00012275 0.253023 0.00148833 7.07134e-05 0.155133 0.0010139 0.0111259 
0.0201527 0.31348 0.46506 0.00170626 7.06074e-05 0.00360416 0.00860396 3.45531e-05 0.0014121 0.00202419 0.00699373 0.0221052 0.000760739 0.0179382 0.00229532 0.133759 
0.00379605 0.143179 0.735156 0.0419024 0.000476181 0.00511218 0.00709407 4.72612e-05 0.000377835 0.0048865 0.00548981 0.00106013 6.43599e-06 0.0444082 1.11616e-05 0.00699696 
0.0313558 0.178966 0.4128 0.000850669 0.00178741 0.0366029 0.0794499 0.000461805 0.014012 0.00384151 0.012827 0.0218093 0.0168634 0.159575 0.00202442 0.0267731 
0.00488697 0.405228 0.418364 5.67291e-05 4.69866e-06 0.00333426 0.00319692 1.25592e-05 0.0069387 8.38708e-06 0.00414462 0.024453 0.00544553 0.112506 4.24177e-05 0.0113763 
0.0642551 0.0156249 0.294764 1.44216e-05 1.3693e-05 0.209668 0.290862 0.00306106 0.00665411 0.00831726 0.000540537 0.0021838 2.1899e-07 0.0937246 0.000274684 0.0100421 
0.0152405 0.399059 0.56235 2.76855e-08 0.00109811 0.00532812 0.00244822 0.00690363 6.29522e-06 0.000283066 0.00214285 0.000138262 0.000475142 0.00359975 1.78893e-05 0.000909283 
0.0470519 0.0603774 0.348478 2.76869e-05 0.000241969 0.0632688 0.0608483 3.81502e-05 0.00836397 0.000774416 0.233073 0.0487345 0.00845183 0.083152 0.0115183 0.0256002 
0.0264091 0.0214826 0.47904 1.52189e-05 0.00524063 0.0317768 0.0453229 3.50628e-05 0.00080431 0.000647011 0.0315541 0.00250929 8.14858e-05 0.0308055 0.0100416 0.314234 
0.00464564 0.0339644 0.476619 0.0344807 4.61832e-05 0.015192 0.0544815 0.00551752 0.0684245 0.00185594 0.000315258 0.000642066 0.000101544 0.0885588 3.92608e-05 0.215116 
0.00541177 0.289871 0.3915 1.37602e-05 0.00027895 0.041199 0.0789924 9.27878e-05 0.00150779 6.47646e-05 0.0174214 0.00218087 1.54895e-05 0.158206 0.000577238 0.0126666 
0.0319683 0.189522 0.629191 1.01086e-05 7.83017e-06 0.0038419 0.0432773 6.13104e-06 0.00613535 1.98364e-05 0.00155287 7.97971e-05 9.28396e-06 0.079215 0.00118157 0.013981 
0.033791 0.288151 0.488299 7.32585e-05 0.000149856 0.0316512 0.036343 0.00468771 0.0074345 0.000400493 0.00181716 0.0309707 0.000116546 0.0642936 0.00199885 0.00982207 
2.51776e-05 0.000202125 0.999731 3.23551e-09 1.03249e-06 1.32159e-05 4.96667e-06 3.17664e-09 1.79351e-09 3.61295e-09 1.69132e-09 1.13359e-06 6.79608e-06 9.68172e-06 3.7918e-06 8.28147e-07 
0.160369 0.0694782 0.370733 6.00047e-07 3.26988e-05 0.00671629 0.0213551 2.05915e-05 0.00451748 0.00177812 0.00143988 0.0161192 0.000448984 0.0837301 0.000109648 0.263151 
0.0111569 0.24615 0.679048 4.05193e-11 5.62714e-05 0.00304386 0.00294678 2.14562e-06 0.00197922 0.00013242 0.00487851 0.000832958 9.24328e-06 0.0258742 0.0235387 0.000350741 
0.00504896 0.142158 0.373683 3.34508e-08 6.47474e-06 0.300324 0.000710356 0.000839957 0.000252689 2.24709e-05 0.0119501 0.000130767 0.000332037 0.15903 0.000835341 0.00467529 
0.33279 0.131288 0.338632 0.00291103 0.00130415 0.0078557 0.0169659 5.32362e-06 0.00170558 0.00371787 0.0134237 0.0153696 0.0006955 0.0953346 0.000464719 0.0375367 
0.0743855 0.111026 0.636288 0.000396313 0.0143369 0.0415545 0.0221918 0.00482386 0.00276413 0.000677788 0.0206624 0.010132 0.00484791 0.0326711 0.00173965 0.0215024 
0.112773 0.09212 0.516201 6.38249e-06 0.0133856 0.0570539 0.0862518 2.79526e-06 0.000197211 0.000630756 0.0055751 0.015791 0.000511359 0.023498 0.000387425 0.0756153 
0.0723993 0.283949 0.36983 0.000554794 0.000528025 0.0166229 0.0295135 0.00299912 0.0100582 0.00206007 0.00731048 0.0161982 0.00766109 0.0907955 0.00147068 0.0880493 
0.00230258 0.228759 0.674575 4.94223e-06 0.00300064 0.00533504 0.00359049 1.17579e-05 0.000548423 0.00030225 0.00740835 0.0482216 0.000498018 0.0224578 0.000100782 0.00288288 
0.0246123 0.262985 0.485302 0.00669013 0.00310771 0.0239279 0.0133434 0.000279967 0.0321723 0.00139402 0.00126843 0.000976803 0.000198848 0.041759 0.000386793 0.101596 
0.0715841 0.156631 0.325032 0.00231981 0.0101545 0.0759885 0.121888 0.000993582 0.00828372 2.60566e-05 0.0842378 0.00308887 0.00194581 0.117536 0.000138752 0.0201516 
0.0333273 0.25082 0.35425 0.000720185 0.00321008 0.0371608 0.0396461 0.000837544 0.0063999 0.00192056 0.00504775 0.0124846 0.00354401 0.122547 0.000542608 0.127543 
0.00171213 0.0120187 0.466618 0.00498417 0.000843255 0.0914881 0.0041331 2.67059e-06 0.00451358 4.55399e-05 0.0379067 2.49265e-05 0.00209979 0.181057 0.00475198 0.1878 
0.00424348 0.182828 0.301719 7.44471e-10 4.10567e-05 0.115949 0.0190544 0.000199354 0.132282 0.000174243 0.00196787 0.0053198 0.000427438 0.217298 4.11431e-05 0.0184557 
0.0153081 0.123092 0.571847 0.00593893 6.10638e-05 0.0388538 0.0246508 4.0651e-05 0.00953096 0.000393394 0.0286492 0.0158212 0.00855104 0.0806824 5.58194e-05 0.0765238 
0.00238674 0.0572599 0.507915 0.00132433 0.00196565 0.186159 0.0605654 1.62572e-05 0.017183 0.000169294 0.00892228 0.018037 0.000105854 0.0899573 0.00414259 0.04389 
0.0368194 0.0130953 0.474643 0.000142564 0.0343053 0.246476 0.0269012 0.000227147 0.000650924 1.01195e-05 0.0158353 2.88758e-05 0.0380357 0.0992158 1.87431e-08 0.0136126 
0.0215944 0.35218 0.604076 5.31429e-06 1.11931e-05 0.000398392 0.000592268 0.000494987 0.000314522 5.93204e-05 0.0024687 5.14216e-05 0.00254919 0.00711647 0.000596525 0.00749161 
0.0227048 0.254518 0.704843 3.01783e-08 1.67211e-11 1.67251e-08 3.53027e-05 2.30584e-08 6.11181e-05 2.34631e-11 0.00754078 1.79968e-06 0.00414574 0.00546107 3.2236e-08 0.0006883 
0.000713059 0.00075466 0.978802 1.08496e-07 0.00322431 0.00907661 0.00179231 8.12235e-09 0.000140113 2.24993e-05 1.51312e-07 0.000289868 1.21687e-08 0.000577191 8.9311e-07 0.00460636 
0.0649858 2.63137e-05 0.412025 2.69804e-05 6.65946e-06 0.290083 0.0496832 7.03749e-09 0.0208418 4.3172e-06 0.00574873 1.39772e-06 6.48755e-06 0.0250297 4.50324e-06 0.131526 
0.0612209 0.207267 0.249158 2.46512e-07 9.13316e-08 0.029853 0.0119043 2.04292e-05 0.101331 0.0071486 0.0587589 0.00568222 0.000374169 0.226882 0.00462133 0.0357769 
0.0159957 0.0989078 0.597993 0.0010293 7.73403e-05 0.0808643 0.0559744 1.21082e-05 0.000805179 0.000236196 0.00284497 0.000868083 4.52891e-05 0.137679 0.000262485 0.00640433 
0.0433348 3.43534e-05 0.480605 0.000202758 6.21072e-06 0.0430638 0.1708 0.00024984 4.08439e-05 0.000192702 0.00142045 2.73573e-05 5.10953e-06 0.234659 0.000552225 0.0248056 
0.0897427 0.017943 0.380781 0.00306281 0.00422685 0.0453729 0.0263693 0.0001328 0.0149005 0.194105 0.0473218 0.000372194 0.0135985 0.112139 0.00401493 0.0459163 
0.0465205 0.199367 0.273598 0.00308445 0.00238308 0.0181369 0.0440224 0.00038611 0.00504474 0.0029686 0.0677612 0.0213196 0.0062732 0.218053 0.013177 0.0779033 
0.0127762 0.0424639 0.534487 0.0001192 2.86092e-05 0.147801 0.0217142 1.8613e-05 0.0001266 0.00135563 0.0730299 0.00209972 0.0340078 0.106466 0.00054333 0.0229619 
0.00380452 0.379092 0.584108 1.42802e-08 0.000588292 6.40333e-05 0.00152448 1.21816e-07 0.00219618 2.22075e-05 0.00122663 0.00113827 5.61119e-07 0.0235688 0.000111557 0.00255519 
0.0040205 0.057004 0.301363 0.100005 0.00593581 0.0274511 0.0711702 1.10312e-06 0.0543621 0.0474286 0.00165551 0.00380824 1.39896e-07 0.0917199 4.47292e-05 0.23403 
0.00145704 0.0051143 0.774787 0.00171689 0.00149971 0.0112625 0.0646758 3.45754e-07 0.0574215 0.000356992 7.90541e-07 0.00125567 6.34357e-05 0.0789975 1.54271e-05 0.00137546 
0.00902814 0.146447 0.330613 0.0007908 0.00830948 0.047968 0.0477425 0.000148259 0.0163494 0.0032499 0.00737923 0.0284381 0.00109157 0.300228 0.00274398 0.0494724 
0.00750289 0.015686 0.592412 0.0133742 0.000156439 0.039527 0.0352306 1.76434e-06 0.146555 0.00102912 0.0056827 0.00134861 0.00383978 0.0883783 6.27302e-05 0.0492127 
0.00233929 0.149563 0.354811 0.00377032 0.0177211 0.188832 0.00906994 0.000706249 0.00103367 0.00103591 0.137188 0.0327123 0.00185612 0.032154 0.00933656 0.0578704 
0.00486794 0.33348 0.409565 5.7425e-05 0.00121538 0.0227864 0.0293959 0.00109225 0.0214351 0.000136531 0.0024569 0.0234368 7.23816e-05 0.146426 0.00104735 0.00252824 
0.00898736 0.12716 0.329758 0.00339853 0.000434646 0.0871961 0.0852754 9.13932e-06 0.00226913 0.000755141 0.00105962 0.0745081 0.000537678 0.084649 4.94813e-05 0.193952 
0.0100499 0.0818581 0.493048 0.00122745 7.25419e-05 0.0189756 0.112619 0.000697721 0.00848095 0.00176362 0.00755646 0.00272341 0.000598845 0.165174 0.000699349 0.0944553 
0.0957097 0.163386 0.510021 0.00496035 3.3688e-05 0.00175139 0.042617 8.56318e-05 0.0103881 0.0010158 0.0116985 0.000459665 5.73678e-05 0.101363 0.000407651 0.0560452 
0.00660044 0.229951 0.282434 4.07025e-08 1.60365e-05 0.24236 0.0355634 0.000146802 0.16482 0.000404728 2.16893e-05 0.000872126 1.63616e-05 0.0207161 5.07662e-08 0.0160778 
0.021576 0.0873225 0.295371 0.000294851 0.00138515 0.00293562 0.083124 0.000181382 0.000435533 0.0442743 0.209132 0.0535107 0.00190205 0.172226 0.0020724 0.0242554 
0.255118 0.0533919 0.399182 0.0259217 0.00044207 0.012691 0.0881486 1.77014e-05 0.00496058 0.00470859 0.00883847 0.0501104 0.000177239 0.0921533 0.000448132 0.00369084 
0.122159 0.103176 0.371236 0.00484298 0.000961652 0.0239206 0.0444697 0.000436282 0.011024 0.00113567 0.0130985 0.0144935 0.0126215 0.178836 0.00201848 0.0955699 
0.0781815 0.127089 0.338176 0.00742434 0.000736736 0.0268542 0.0117758 0.129114 0.000982877 0.000543203 0.0139743 0.00218798 0.0173988 0.144398 0.0109535 0.0902103 
0.0322919 0.015747 0.685895 1.69568e-05 0.000178603 0.000171433 0.000808699 4.68335e-06 0.00814995 9.78731e-07 4.32414e-05 0.0350554 1.09946e-06 0.214844 2.53039e-05 0.00676582 
0.0232051 0.0173469 0.531658 1.13589e-06 2.44923e-06 0.0010544 0.0471588 1.08643e-05 0.000780851 0.000107297 0.00769116 5.41744e-05 0.00161556 0.304632 0.000201122 0.0644804 
0.00470981 0.0747513 0.325669 0.0303887 0.000382757 0.0277422 0.043914 2.09449e-07 0.0406056 0.234496 0.000505309 0.00190332 1.45613e-05 0.0106479 2.41131e-05 0.204245 
0.00134314 0.0647105 0.635772 1.59644e-11 0.0043032 0.154489 0.0453573 3.46398e-06 0.00518123 0.000702781 0.000492442 0.0137509 0.000214145 0.0703175 0.00016606 0.00319663 
0.0243208 0.218898 0.552801 0.00282647 0.000224729 0.0259036 0.0152717 4.52688e-05 0.00364644 0.00331997 0.0239417 0.0265313 0.0256823 0.0580896 0.0038333 0.0146637 
0.0173745 0.25978 0.375122 1.12832e-05 0.0495188 0.0779256 0.0935705 1.66012e-07 0.00570388 2.49904e-05 0.000461439 0.00320816 4.30454e-05 0.100743 0.00737413 0.00913859 
0.0275878 0.133877 0.25808 0.0076563 0.000449404 0.0810447 0.0229674 0.00011486 0.00167641 0.0183261 0.154753 0.0313774 0.00488872 0.0362887 0.00227933 0.218633 
0.0547546 0.0515516 0.754312 2.71672e-06 2.60523e-05 0.00485164 0.0106945 0.000424225 0.0150596 0.000233416 0.0045725 0.0281573 1.95812e-05 0.0350963 1.69192e-05 0.0402272 
0.158258 0.197877 0.29697 0.0360245 0.00221912 0.0864186 0.0476315 3.73421e-05 0.00329426 0.00139862 3.20668e-06 0.00374721 0.00299919 0.115662 8.33426e-05 0.0473752 
0.0319485 0.248276 0.492176 2.19305e-05 0.00662672 0.0198402 0.0334232 0.000171305 0.000292336 0.000124325 0.00672297 0.00719029 0.000177957 0.12335 0.00046334 0.029195 
0.0137542 0.0272615 0.381472 2.29896e-06 0.000296077 0.0251505 0.00723291 0.00234377 0.0091787 0.0079089 0.34797 1.867e-07 0.00229944 0.0657666 0.0002708 0.109092 
0.00558127 0.184565 0.395898 2.9459e-06 1.45955e-05 0.00133642 0.0359026 4.32228e-07 0.0010259 0.00157282 0.000530842 0.00111868 6.81172e-06 0.366373 4.03272e-05 0.00602972 
0.10251 0.0376567 0.476581 8.53584e-06 0.000948131 0.0697791 0.0661953 3.26509e-05 0.000712378 0.000418486 0.00605654 0.00251988 0.0713183 0.151556 0.00112318 0.0125833 
0.0235768 0.0632591 0.458354 0.00279868 9.56296e-05 0.0233695 0.101711 4.58655e-05 0.0124359 0.000193734 0.00604192 0.00210931 0.0673703 0.186661 0.00461895 0.0473588 
0.0588259 0.199581 0.585794 9.59684e-06 3.33013e-05 0.000894576 0.00875502 4.9546e-05 0.00273128 0.000818613 0.00021475 0.0185851 0.000110019 0.0524255 0.00038297 0.0707886 
0.00304014 0.272421 0.4242 0.000810152 0.00177361 0.024473 0.0309682 1.21496e-06 0.000404159 5.01269e-05 0.0590859 0.0046469 4.85961e-05 0.133916 0.0113035 0.0328572 
0.0585308 0.170973 0.353218 1.82076e-07 5.02196e-07 0.101068 0.0138417 0.000150051 0.000958265 4.6239e-06 0.194368 7.62349e-05 0.0690643 0.0120609 1.94397e-07 0.0256856 
0.00314061 0.00579397 0.778544 0.0777054 1.80883e-05 0.012137 0.0269143 4.43616e-06 0.00117681 1.44173e-05 0.0257377 0.000620647 7.26046e-06 0.0598182 0.000740413 0.00762696 
0.0339031 0.182139 0.360052 6.04332e-06 1.16449e-05 0.00272393 0.071064 2.26602e-05 0.0016152 0.000173775 0.0113199 0.00381406 2.61111e-05 0.288758 0.00499532 0.0393756 
0.0215936 0.0638913 0.34554 7.76055e-08 0.265253 0.0407525 0.0725091 6.10982e-07 0.00662871 0.000330015 0.0659999 0.00239195 0.000958722 0.0109428 0.00670245 0.0965045 
0.084086 0.0860722 0.391964 8.70003e-11 7.41464e-07 0.298956 0.061134 0.0126032 0.000698153 0.00064004 0.00149451 0.00491329 0.000161185 0.0539656 3.804e-05 0.00327312 
0.0909944 0.0272758 0.638079 0.000742499 1.25043e-05 0.000483018 0.0764287 6.58618e-07 0.000140054 0.000115397 0.0392156 0.000512143 5.93165e-05 0.122402 0.000620203 0.00291845 
0.0136862 0.10395 0.416537 0.00232799 8.39929e-05 0.149475 0.00802391 0.000337869 0.13712 0.00040146 0.036957 0.00605762 0.0735273 0.0462127 3.2202e-05 0.0052696 
0.0427339 0.229307 0.311356 1.73903e-06 0.000158505 0.0220869 0.154238 9.51493e-05 0.0196282 0.000285457 0.0829457 0.049694 0.0126071 0.04596 0.0252534 0.00364952 
0.0078938 0.00259697 0.618169 0.0104689 0.00103625 0.0543177 0.0798893 1.12351e-05 0.00183992 0.000381442 0.0348092 0.000170312 6.91694e-06 0.0867012 5.24364e-05 0.101655 
0.0189823 0.134656 0.346685 7.26574e-06 0.00356788 0.133393 0.180848 0.000209651 0.0082375 7.30804e-05 0.0282451 0.130132 0.000830728 0.00958952 0.000115267 0.00442729 
0.00441297 0.282853 0.698785 8.25349e-09 2.73662e-06 0.000197318 0.000264097 5.79303e-08 0.000226727 2.73076e-05 0.000461938 0.000126042 2.24782e-05 0.00430383 0.000416341 0.00790023 
0.171724 0.0451004 0.46444 0.00320938 0.000151728 0.0280866 0.0196797 4.11063e-05 0.0181145 2.54627e-05 0.00331645 0.000696555 0.000136096 0.146143 1.49999e-05 0.0991206 
0.000241094 0.0143089 0.769816 0.04383 0.00129033 0.023043 0.0900013 2.00718e-08 0.00509284 2.32387e-06 4.51821e-06 3.2287e-07 3.28049e-05 0.0495245 5.77105e-05 0.00275462 
0.000158787 0.0211504 0.662263 4.21074e-10 9.78807e-05 0.160859 0.0547617 3.9734e-08 0.00136908 1.07312e-05 0.000299852 1.22072e-06 3.92365e-05 0.0834716 1.60447e-05 0.0155017 
0.0214202 0.0383814 0.3887 2.4278e-05 0.00145137 0.025588 0.1148 2.08619e-05 0.0540554 0.00071678 0.00222415 0.00243827 0.000294626 0.338147 0.000355035 0.0113824 
0.0170633 0.244277 0.388688 0.00101575 0.000846022 0.0214892 0.0436243 1.55401e-05 0.00178291 0.000311537 0.00910648 0.0422847 0.000978704 0.216084 0.00128704 0.0111452 
0.0135551 0.0900782 0.239312 0.000148971 0.000669795 0.0147178 0.0971857 6.20892e-07 0.211732 9.73617e-05 0.0386511 0.00206193 5.14077e-05 0.133402 0.00661098 0.151724 
0.0302633 0.322403 0.430579 0.00404679 0.000535332 0.0250936 0.0699297 3.5583e-05 0.0170628 0.0116107 0.00524645 0.00216561 0.000135244 0.0250087 0.000337192 0.0555464 
0.0280315 0.156485 0.563005 1.65297e-05 0.00258006 0.0712429 0.00189423 0.000623524 0.00171232 0.000589367 0.0289145 0.0931711 0.00286943 2.0353e-07 2.92818e-05 0.0488348 
0.0804175 0.047067 0.56253 0.00161075 0.00470947 0.104131 0.0281517 1.02339e-05 0.00207544 0.00394698 0.00234454 0.0100807 0.000955441 0.143519 0.000627168 0.00782315 
0.0191042 0.147729 0.471529 0.000193686 0.00296918 0.0825567 0.0829122 0.000150962 0.00179963 0.000487699 0.0127908 0.0172523 0.00509886 0.142369 0.00462482 0.00843198 
0.00759643 0.280697 0.429575 0.00425507 0.00919952 0.0861856 0.0384257 2.06566e-06 0.0595501 0.00011751 0.00063128 0.00336622 0.000333434 0.0625696 0.00689095 0.010605 
0.00389828 0.0421168 0.77136 5.06488e-09 0.00628075 0.152624 0.00824424 6.13505e-07 0.000365583 0.0013469 0.000719658 0.00140706 1.14356e-05 0.0111271 9.29559e-06 0.000487568 
0.0177377 0.292376 0.539827 0.000187482 0.000242934 0.0245181 0.0325575 0.00142081 0.00295194 0.000215085 0.00287408 0.00478813 9.36557e-05 0.0773058 0.00150846 0.00139593 
0.0698893 0.136151 0.528357 5.30151e-05 0.0124108 0.0353404 0.00708305 0.000140343 0.00855242 0.000651119 0.014335 0.0275541 0.0120814 0.128817 0.00196304 0.0166204 
0.0451671 0.292633 0.371708 7.47297e-07 7.74781e-05 0.081386 0.0227346 6.82343e-08 0.0162541 6.40364e-06 0.0271882 0.0522627 6.2169e-05 0.0640885 0.00015195 0.0262798 
0.154163 0.00557714 0.279771 7.01494e-08 0.0276305 0.0899844 0.0840537 2.60646e-05 0.0985577 0.178412 0.00999403 0.0173464 0.000720705 0.0393402 1.32898e-05 0.0144102 
0.0219577 0.390651 0.447294 5.82162e-06 3.73006e-09 0.000274304 0.0155688 1.4818e-05 0.00162237 8.59568e-05 0.0228015 0.00820066 0.0056579 0.0661877 0.00035168 0.019326 
0.0506824 0.329272 0.512226 0.000155151 5.72482e-08 0.00613661 0.0202137 4.32799e-08 0.00627631 1.78745e-08 0.00589316 3.14277e-05 0.00766226 0.0546249 0.000223351 0.00660219 
0.0267356 0.0372353 0.731865 0.004582 0.000799854 0.0129216 0.0280468 7.67283e-05 0.0227418 0.000309817 0.0111557 0.000940899 0.0138774 0.0740057 0.000478507 0.0342272 
0.330482 0.134021 0.436525 2.84527e-06 0.000914344 4.10237e-05 0.0115727 8.51094e-07 0.000419985 0.000263415 0.00555397 0.000356198 0.0140601 0.0497385 0.000341191 0.0157057 
0.0232438 0.284688 0.292599 0.00179395 0.00160697 0.0505824 0.0497021 0.000321672 0.000716462 0.0234494 0.0164144 0.00100727 0.00379262 0.061606 0.000862139 0.187613 
3.21123e-07 0.0198925 0.952792 1.60532e-06 1.2775e-06 0.0161402 0.00115232 1.57611e-06 8.89862e-07 1.79259e-06 8.39159e-07 2.55538e-07 4.55602e-07 0.00224027 1.10601e-06 0.00777231 
0.0123229 0.348696 0.413198 4.63925e-05 0.000167033 0.0113458 0.0655999 2.33716e-06 0.0167295 0.000530357 0.000654026 0.0108538 4.37059e-05 0.0962544 9.97236e-06 0.0235459 
0.0206029 3.08725e-05 0.877386 1.38894e-05 0.0714025 0.000889914 0.0219845 4.83904e-06 1.04136e-05 5.28057e-07 0.00147899 4.87198e-07 0.000508854 0.00394164 6.44451e-06 0.00173748 
0.0485449 0.213061 0.26079 8.90542e-05 0.000699277 0.00915603 0.0412085 6.35029e-06 0.0283474 5.20355e-05 0.104446 0.0173471 5.32257e-05 0.0998013 5.54195e-05 0.176343 
0.00908869 0.0691073 0.669879 9.08795e-08 1.62874e-07 0.0250042 0.123536 7.49559e-06 0.000894047 4.00689e-08 0.0146426 0.041889 0.00191753 0.0320094 0.000654821 0.0113696 
0.16562 0.0780462 0.473342 0.00546626 0.000346769 0.0187824 0.00970817 0.000466266 0.0430404 0.000351094 0.0019807 3.80549e-06 0.01179 0.161587 0.000556733 0.0289121 
0.0695288 0.0917299 0.56224 0.0765645 1.69208e-05 0.081362 0.0308468 2.16575e-06 4.70628e-05 1.56421e-05 0.0319353 0.00326626 0.000173662 0.0398435 2.00118e-06 0.0124251 
0.0417614 0.129417 0.268834 0.00331396 0.0013545 0.0298264 0.177169 0.00117376 0.00598216 0.00463488 0.0151293 0.0559181 0.0327752 0.171105 0.00576154 0.0558438 
0.00541231 0.284594 0.580277 0.000317061 0.000502163 0.0201961 0.00236066 0.0103396 0.00365394 6.79379e-05 0.00933156 0.0184631 0.00201931 0.0486603 0.000244149 0.0135611 
0.049528 0.0545213 0.682287 0.000118097 0.00181966 0.0396232 0.069833 1.83254e-05 0.00134505 0.000113746 0.00369778 0.00929143 0.00229947 0.0715888 0.00028855 0.0136271 
0.000516289 0.0100845 0.888995 3.69088e-07 4.30811e-06 0.0791985 0.0175156 2.41027e-07 0.000412186 0.000669258 9.36704e-05 1.62489e-05 4.41292e-06 0.00181702 1.10195e-05 0.000661799 
0.0443607 0.0538495 0.70167 0.00242229 0.000396227 0.00580086 0.0143148 2.52911e-05 0.0343623 0.000167864 0.0189846 0.000685713 0.000282575 0.111176 0.000489889 0.0110119 
0.0244993 0.249181 0.476566 0.00364173 4.2588e-06 0.00756517 0.00220957 0.000928878 0.00113417 0.000181911 0.0236189 0.00405655 0.0113187 0.0140528 0.00055076 0.18049 
0.044507 0.273507 0.460017 0.000112 0.000345241 0.00273022 0.0449665 1.97686e-05 1.05534e-05 0.000102043 0.00387922 0.0219763 0.0871025 0.0494143 0.000275619 0.0110356 
0.253799 0.0403025 0.393885 2.09031e-08 4.95969e-06 0.00310409 0.254012 2.45715e-06 0.00062528 1.40359e-06 0.00312612 0.00493902 5.73645e-07 0.0401078 0.00351181 0.00257748 
0.0339031 0.182139 0.360052 6.04332e-06 1.16449e-05 0.00272393 0.071064 2.26602e-05 0.0016152 0.000173775 0.0113199 0.00381406 2.61111e-05 0.288758 0.00499532 0.0393756 
0.109676 0.218243 0.256361 0.00203044 0.0136194 0.0812428 0.0328856 0.00011633 0.000109165 0.00186861 0.184997 0.0341534 0.000304819 0.059844 0.00100841 0.0035403 
0.0111668 0.0127908 0.200098 1.30902e-06 0.00181391 0.17151 0.17392 4.91767e-10 0.197789 8.98717e-06 0.000440012 5.45257e-05 6.63191e-08 0.158728 0.0262148 0.0454641 
0.014754 0.0363823 0.450775 0.00937751 3.95084e-05 0.0102073 0.0137648 5.16166e-05 0.0003697 2.57739e-05 0.00415279 0.00465913 0.0046506 0.0339566 0.0020598 0.414774 
0.0371846 0.0213921 0.458661 1.14124e-09 6.61877e-05 0.00333575 0.285009 2.92454e-05 0.00128502 0.00123922 0.0304817 0.000190788 2.05925e-05 0.132683 6.58494e-07 0.0284217 
0.00374157 0.370019 0.57783 6.88763e-07 9.67533e-05 0.0164064 0.00862024 2.06009e-07 0.00319045 8.30549e-08 0.00327111 0.000582127 7.3816e-05 0.0153313 4.94816e-08 0.000835756 
0.0521958 0.024353 0.388684 0.000580194 0.000668347 0.00649201 0.0241925 2.00484e-05 0.000109823 3.18066e-05 0.348447 0.00801409 0.00774688 0.0973424 0.000157673 0.040964 
0.0274064 0.123218 0.388917 0.0275098 0.0188604 0.126005 0.0304603 2.02287e-05 0.0895587 0.000242539 0.0177963 3.00575e-05 0.0395348 0.0871605 0.00020072 0.0230785 
0.00616696 0.18076 0.568866 9.82399e-07 0.00251794 0.00515019 0.151803 6.37294e-05 0.00114094 0.0223645 6.12728e-06 0.0156518 1.85368e-06 0.030352 5.05336e-05 0.0151027 
0.0483594 0.16082 0.364323 7.91005e-05 4.25293e-06 0.0276234 0.00755829 0.000383532 0.000304793 7.13479e-05 0.251901 0.00148344 0.060001 0.057556 0.00946841 0.0100642 
0.0255702 0.11853 0.713084 9.86712e-06 0.00143223 0.00976674 0.00123677 1.72733e-06 0.00164512 0.00705927 0.00399868 0.00114026 0.00245854 0.0262127 0.000434176 0.0874199 
0.0124259 0.0113117 0.530407 7.23061e-10 5.75406e-10 0.00563368 0.000130124 7.09907e-10 2.21538e-07 0.000880959 0.425609 5.04728e-07 0.000178674 0.0014224 3.08069e-07 0.0119994 
0.0279182 0.0386152 0.359936 4.25378e-06 0.00011084 0.0336438 0.0218357 0.000163222 0.0029109 0.000193423 0.134263 0.00224078 0.306388 0.0710185 0.000321183 0.000436901 
0.0124911 0.150153 0.416584 2.32112e-06 0.0115418 0.0416556 0.0654748 1.85647e-06 0.00339985 2.72078e-05 0.0348807 0.0129042 5.8251e-05 0.127548 0.107391 0.0158866 
0.00824382 0.0849474 0.490042 0.00117329 0.000216303 0.0118017 0.0557091 2.72098e-05 0.00404966 0.000108829 0.0871159 0.167631 0.0339864 0.0300387 0.000873396 0.0240355 
0.000191709 0.120926 0.685808 0.0249502 6.9395e-08 0.0112539 0.0673169 1.0224e-05 0.0115512 2.49399e-05 0.00994257 0.0013949 2.09948e-06 0.0649331 4.23179e-06 0.00168993 
0.016329 0.119213 0.698618 7.8819e-12 0.00683941 0.0144908 0.109293 1.63039e-06 0.000235222 0.000314 0.00681016 0.00133163 0.000120273 0.0259356 0.00031321 0.000154753 
0.021762 0.110107 0.29048 0.0014389 0.00164099 0.171806 0.0820979 2.35425e-05 0.013288 0.0121647 0.0512985 0.0413985 0.000469888 0.157226 4.43518e-05 0.0447529 
0.0291606 0.100606 0.376451 0.0184319 0.000244423 0.221259 0.044729 0.00641946 0.0433097 0.000112923 0.000923853 0.00101717 0.00249298 0.0312776 0.000371289 0.123193 
0.0539863 0.135076 0.547206 6.1334e-05 0.000409724 0.0211174 0.0420333 9.84244e-05 0.00249915 0.00565866 0.0262999 0.00714337 0.000742322 0.0708367 0.00144924 0.0853827 
0.006263 0.0413904 0.607965 0.00563196 6.21059e-07 0.00223552 0.00239137 9.43467e-06 1.22849e-05 0.00111112 0.00280189 2.06713e-05 0.0141298 0.141179 1.2133e-05 0.174846 
0.00067024 0.00188953 0.727067 3.78436e-05 2.61413e-06 0.197532 0.00740118 6.26584e-09 3.65548e-07 1.22369e-06 1.71559e-07 4.09959e-06 1.15978e-07 0.0467577 1.4759e-07 0.0186355 
0.0555764 0.201093 0.366295 0.000174995 0.000455965 0.0215643 0.0486237 0.0215311 0.13882 6.17237e-05 0.00233285 0.0076598 0.00820705 0.0554124 0.000180439 0.072012 
0.0132436 0.108368 0.293085 0.000231126 0.000207832 0.0709969 0.225968 8.73172e-06 0.180796 0.00116367 0.00351265 0.0618025 2.9583e-05 0.0400885 2.43853e-06 0.000493996 
0.00407591 0.0722123 0.6998 4.93557e-05 1.15746e-05 0.00068173 0.000724737 4.70069e-07 0.0010005 2.72715e-05 0.00106232 2.64735e-05 0.00114711 0.203082 0.000522266 0.015576 
0.0501478 0.296444 0.408313 1.12255e-09 8.40263e-05 0.00245831 0.0546533 0.00076132 0.000543926 0.00151756 0.000676898 0.00367819 2.10039e-05 0.126479 0.00176563 0.052456 
0.0248813 0.379456 0.573914 3.83711e-06 2.41935e-05 0.0020008 0.00341695 4.16085e-08 6.197e-05 0.000101199 0.00108075 8.27426e-05 1.06693e-05 0.00499223 1.08177e-05 0.00996199 
0.0119955 0.150294 0.400259 0.000104 0.000309667 0.00810377 0.157434 2.09138e-05 0.0135232 0.000356807 0.0034722 0.00188227 0.0245775 0.183255 0.0155935 0.028818 
0.0236541 0.00283895 0.589526 1.59191e-06 0.00110175 0.278619 0.0234541 0.000199999 0.000829359 0.00230741 0.000367834 0.00705376 0.00356055 0.0649104 1.09678e-06 0.0015735 
0.00197605 0.0279708 0.443443 7.97659e-07 5.90993e-05 0.0845119 0.113145 3.39508e-07 0.00802491 1.14321e-07 0.000261754 0.00192047 0.000917224 0.260709 0.000346264 0.0567137 
0.0692071 0.145614 0.327392 0.0139271 1.20933e-06 0.0116601 0.0493873 8.05619e-05 0.0353652 0.00010033 0.0509779 0.0305173 0.00014106 0.234207 0.006078 0.025344 
0.0461586 0.356878 0.386991 7.51237e-05 2.95628e-05 0.00344785 0.00278072 1.90169e-05 0.00248291 0.0169529 0.0092831 0.00102784 0.00572582 0.0869645 0.00040822 0.0807751 
0.123269 0.100553 0.36426 9.88605e-05 4.51743e-05 0.00698636 0.0065417 0.000831413 0.000141081 0.000922417 0.00308266 0.00682064 0.00239329 0.0350649 0.00854851 0.340441 
0.00313491 0.0280687 0.875883 0.000440193 0.000559599 0.0230637 0.00163482 0.00013428 0.00180072 6.3484e-06 0.00169995 0.0397348 0.000206784 0.0227122 1.20695e-05 0.000908129 
0.00873302 0.118455 0.211933 0.0295128 0.003705 0.0549078 0.109743 3.98019e-05 0.189725 0.000896119 0.0419905 0.0304989 0.000861207 0.14957 0.000127674 0.0493009 
0.0796502 0.108235 0.437388 0.000228246 2.82898e-05 0.00137438 0.0608193 9.40945e-07 0.00204386 0.00118074 0.00131409 0.00261649 0.000217888 0.243965 0.0384112 0.0225256 
0.00076286 0.22822 0.57863 2.83335e-12 3.026e-08 0.00130927 0.0157525 2.30693e-05 0.000153693 0.00035886 2.16331e-05 0.000534844 0.0126411 0.160167 7.50094e-06 0.00141786 
0.102137 0.0672038 0.319859 1.10494e-09 0.0667403 0.166214 0.17977 2.4563e-06 7.89422e-06 4.3595e-06 0.0116905 0.0132929 1.43431e-05 0.0320515 3.73372e-06 0.041008 
0.00670982 0.15216 0.305502 0.00419149 0.0162332 0.108416 0.0502068 0.000324449 0.0929763 0.000229259 0.000443923 0.00241816 0.000170377 0.21363 6.77286e-05 0.0463202 
0.0178469 0.22737 0.465174 7.13091e-09 0.00192108 0.00322595 0.181905 1.069e-06 0.000427284 1.11664e-05 0.0122887 0.00188114 3.41936e-05 0.0878292 8.15769e-05 2.56093e-06 
0.0125968 0.030873 0.367417 0.00218931 0.000304214 0.0821045 0.137796 2.16389e-05 0.024386 0.000103923 0.000708634 0.0042801 0.113411 0.208646 0.00038178 0.0147799 
0.0476971 0.0150286 0.631965 0.00142353 4.43131e-07 0.0380853 0.069847 2.43743e-07 0.0425173 8.87572e-07 0.0170328 0.000581192 0.0130513 0.0821232 7.49459e-05 0.0405717 
0.0206073 0.176312 0.399948 0.00294206 0.00962163 0.0617432 0.124226 1.38884e-05 0.0265376 0.000123284 0.0084771 0.0253618 0.000544804 0.0560109 0.00279824 0.0847318 
0.0524103 0.0990526 0.368225 6.68604e-10 0.123266 0.00064971 0.00674226 1.0079e-07 0.000910155 9.56704e-07 0.000610859 0.00865588 9.28256e-05 0.0656712 1.87856e-06 0.27371 
0.000583419 0.245594 0.466474 2.93608e-10 0.000880256 0.284179 4.43713e-05 0.000107322 1.39807e-05 4.20319e-05 0.000407658 5.86506e-05 0.00102186 5.47924e-05 0.000420533 0.00011831 
0.00305024 0.00878189 0.663321 8.46155e-07 1.20519e-06 0.00132461 0.0241587 6.39572e-09 0.00250742 7.81785e-08 0.000595771 0.00974689 8.85345e-09 0.270735 0.00075135 0.0150243 
0.0109395 0.0373746 0.412864 1.78861e-05 2.11882e-05 0.177571 0.0832935 0.000307414 0.00322918 4.67642e-06 0.000686808 0.0130725 0.0286578 0.214621 6.26919e-05 0.0172748 
1.43639e-07 0.22974 0.448366 1.37127e-08 0.00225902 0.0197014 0.0155253 9.58576e-06 0.00136727 3.75116e-07 0.000511301 0.000449368 1.36312e-05 0.230837 5.80598e-08 0.0512197 
0.0172989 0.00846058 0.673298 0.00435258 7.95889e-05 0.0343922 0.0567101 0.00801217 0.0233799 0.00627229 0.00498102 0.000304255 0.00178445 0.148047 0.00163444 0.0109927 
0.0523135 0.192384 0.358792 0.00212077 0.000363472 0.00781953 0.018846 3.08813e-05 0.00115148 0.000523555 0.0431276 0.0111851 0.0217936 0.263551 0.00162302 0.0243754 
0.290365 0.270632 0.328921 3.71124e-05 0.000717252 0.00904023 0.0154477 3.47847e-05 0.000424446 0.00135257 0.0069027 0.00351241 0.00542928 0.0583803 0.000513323 0.0082897 
5.1828e-07 0.241709 0.498032 5.17796e-07 0.00160607 0.0027992 0.0043029 5.17803e-07 0.0203087 5.17722e-07 5.18086e-07 0.0021774 5.18229e-07 0.198637 5.17985e-07 0.0304243 
0.153833 0.13597 0.32826 0.00238163 0.0019021 0.00781764 0.138417 8.12476e-05 0.00208711 0.000719439 0.00681609 0.030414 0.000300003 0.15936 0.000393737 0.031247 
0.0429871 0.0687129 0.487143 0.0222893 0.0112933 0.0715467 0.0790418 0.00173644 0.012932 0.00361736 0.0175329 0.0114523 0.00530456 0.0882688 0.00780554 0.0683361 
0.0240425 0.0281256 0.535516 0.0104848 7.96105e-09 0.00105499 0.0071385 2.57901e-07 0.080781 8.35345e-05 0.00147855 0.00152168 2.8392e-09 0.191796 0.0021872 0.115789 
0.347095 0.116772 0.374185 7.2837e-08 0.00340102 0.0190507 0.0250692 0.0002042 0.000155282 0.000113861 0.0261818 0.000236584 0.010111 0.0565736 0.00194674 0.0189045 
0.0951643 0.257908 0.417463 0.000107171 0.000286086 0.0218043 0.0270894 0.0626601 0.0109198 0.000655751 0.00720165 0.0025326 0.0556039 0.0129213 0.0018186 0.0258644 
0.00768952 0.354455 0.408269 5.76176e-05 0.000205476 0.0130788 0.0278169 7.16445e-06 0.00196731 0.00209688 0.0586153 0.0152375 0.0110477 0.0935601 0.000666107 0.0052294 
0.0176211 0.109898 0.781948 0.000854354 4.73819e-06 0.00611196 0.000946383 0.00604865 0.00383909 0.000735495 0.00166236 2.66013e-05 6.88943e-06 0.00213505 0.000179722 0.067981 
0.00408077 0.00109155 0.840265 1.17438e-08 1.21169e-06 0.0716874 0.0591145 4.82441e-07 0.000252524 0.00300576 0.000630738 0.000298067 2.84618e-06 0.0177538 0.00147973 0.000335262 
0.00131656 0.0462674 0.572841 1.72867e-08 7.19248e-05 0.23003 0.0579752 6.0886e-06 0.00210319 0.00720309 0.0353181 6.4254e-05 6.05659e-06 0.0445719 9.21568e-06 0.00221632 
