0.00339062 0.035 0.0929709 1.03077e-05 0.697534 0.0407379 0.0146246 1.50113e-05 0.00237018 1.14896e-05 0.0300782 0.0297475 0.000921843 0.0518908 6.39112e-05 0.00063228 
0.00337029 0.00081503 0.00172022 7.99414e-09 0.0111502 0.905797 0.0382747 0.000124968 0.00017171 0.000353645 0.0115882 0.0220784 0.00372031 0.00046455 5.55322e-05 0.000315817 
0.0646186 0.557418 0.00969075 8.15037e-07 0.0108107 0.00473899 0.0112738 2.33936e-06 0.000838571 0.000110301 0.00354439 0.0255688 7.36154e-06 0.20359 2.45235e-05 0.107762 
0.0102556 0.498462 0.077594 1.06224e-06 0.000379426 0.0193927 0.111598 2.57707e-05 0.0198092 0.000111248 0.00100811 0.0159881 0.000199172 0.237322 0.000275582 0.0075785 
7.69593e-05 0.00355147 0.000470822 2.56821e-08 1.20223e-05 0.00874782 0.00292579 0.000674712 5.70046e-05 7.02932e-06 0.00260703 0.00374063 0.000826968 0.00432343 0.971865 0.000113482 
0.00298935 0.0248015 3.69994e-07 5.76313e-11 2.17882e-05 0.887053 0.0522816 0.000830387 0.00141884 0.000277997 0.00103386 0.00270951 0.00083249 0.0239502 0.00166892 0.000129853 
0.0475582 0.441768 0.0412679 0.000841065 0.00559714 0.0379662 0.108153 0.00213434 0.0110763 0.00520237 0.0160756 0.0233252 0.00248091 0.128678 0.0788829 0.0489929 
0.288723 0.256266 0.0183638 6.08612e-07 0.0114973 0.0237932 0.0393164 7.13774e-05 0.000255697 0.00213803 0.000349779 0.0191617 0.000115991 0.33138 0.00109179 0.00747604 
0.00283525 0.00791901 0.000412414 6.86766e-11 0.000241108 0.961498 0.0127697 0.013591 2.91188e-07 2.49172e-07 2.0092e-07 2.73697e-06 0.000715408 1.94539e-06 1.26012e-05 4.00259e-08 
0.0258123 0.0163555 0.0366629 4.85618e-08 2.60709e-06 0.0630584 0.0236477 1.53855e-05 0.14177 0.310879 0.0555387 1.62569e-05 8.53666e-05 0.020438 0.000213959 0.305504 
0.00453137 0.283273 0.117614 1.40228e-06 6.65683e-05 0.0583645 0.275247 2.59414e-05 0.00748107 5.50395e-05 0.0011624 0.0272623 3.10424e-05 0.219474 0.00145501 0.00395501 
0.00212214 0.106221 0.0237715 3.49816e-11 0.000337517 0.0934817 0.400905 1.79275e-07 0.00309516 0.135902 0.0230103 0.0417604 0.000281091 0.168733 0.000151739 0.000227825 
0.0575052 0.163022 0.122463 1.1448e-09 4.31421e-05 0.00123419 0.0078624 3.18762e-05 0.000134132 1.94105e-05 3.26252e-05 0.000220039 0.0298879 0.613529 2.92306e-05 0.00398538 
0.0362268 0.0263987 0.00786313 2.04971e-07 0.00271004 7.90242e-05 0.0112374 1.27166e-06 1.84517e-05 0.00235592 4.80115e-05 0.0621597 0.00010349 0.100911 0.000103463 0.749784 
0.00363801 0.536496 0.443204 4.25577e-09 6.02623e-05 0.00173653 0.00172798 3.61806e-06 0.000178752 4.86761e-05 5.86944e-05 0.00118182 3.64493e-05 0.0067372 1.737e-05 0.00487478 
0.717633 0.0490563 0.0383278 4.3862e-07 0.000451511 0.00214895 0.0303323 3.30438e-06 5.79887e-05 0.000583014 0.00236404 0.000888378 0.000252137 0.156984 0.000329517 0.000586505 
0.00337777 0.0284598 0.000394116 2.06854e-12 0.736051 0.00119899 0.181741 2.88341e-09 0.000326053 0.00066279 0.000851962 0.0141603 3.76128e-06 0.0226276 0.00940262 0.000742273 
0.200365 0.0780713 0.129063 5.46218e-05 0.000210431 0.143643 0.131271 7.55172e-05 0.0155994 0.00022848 0.00475331 0.0228524 0.00101916 0.255187 9.92999e-05 0.0175073 
0.0399273 0.130721 0.0924072 7.12697e-08 3.30866e-05 0.0309496 0.210865 8.02138e-05 0.0100664 0.000843343 0.000370989 0.00157575 2.63342e-07 0.475603 0.000526684 0.00602947 
0.047081 0.0589558 0.0576315 3.80473e-09 9.68811e-06 0.0466 0.00169197 1.88456e-05 1.46611e-07 0.000372018 0.000646656 2.21948e-06 2.44644e-05 0.558725 2.69317e-05 0.228214 
0.0248429 0.502297 0.0983736 2.64042e-12 0.000196631 0.00871796 0.0901182 5.33897e-05 0.0015944 0.00042208 0.00770356 0.0425151 0.0189776 0.187937 0.0087884 0.00746159 
0.00488917 0.00138461 0.006115 2.79376e-12 0.979498 0.00163325 0.000265256 5.51929e-06 5.88522e-05 1.37522e-06 0.000187838 0.00428837 0.000419937 0.000674674 7.02694e-08 0.000577961 
0.109796 0.0228623 0.00720396 2.10436e-08 4.03242e-05 8.63607e-05 0.00329509 2.86893e-06 2.81069e-05 1.23943e-05 4.05765e-05 1.78957e-05 1.25046e-05 0.854754 4.63448e-05 0.00180112 
0.000536171 0.00521923 0.00604662 3.3717e-11 1.49439e-05 0.0555299 2.61767e-05 0.896991 8.74026e-05 0.0084604 0.00206872 2.62947e-06 0.0246689 9.31089e-07 1.53958e-05 0.000331607 
0.00845169 0.0691753 0.0143579 3.79185e-07 0.00015939 0.0606785 0.535486 1.51239e-06 0.00281006 1.02424e-05 0.0888183 0.000871801 0.0862912 0.130365 0.0018227 0.000700118 
0.0733254 0.459151 0.0803313 0.000182886 0.00310775 0.0332676 0.0422948 0.0344373 0.00184487 0.0107708 0.0126108 0.0228946 0.00202956 0.114535 0.0104595 0.0987569 
0.0718092 0.284666 0.0995187 9.26278e-07 0.00556735 0.0283272 0.0796929 0.000115587 0.00182923 0.17782 0.126604 0.0256726 0.00318771 0.0615766 0.00745086 0.0261606 
7.69593e-05 0.00355147 0.000470822 2.56821e-08 1.20223e-05 0.00874782 0.00292579 0.000674712 5.70046e-05 7.02932e-06 0.00260703 0.00374063 0.000826968 0.00432343 0.971865 0.000113482 
0.0159507 0.216613 0.177352 8.00363e-08 0.000416673 0.00734405 0.0595827 1.59812e-05 0.0179342 0.000218684 0.000270508 0.032505 4.35248e-05 0.465881 0.00065237 0.00521921 
0.371136 0.00990168 0.0215093 4.23391e-06 6.48317e-05 0.00102678 0.00839295 5.60346e-05 0.000142975 0.000680724 0.00896128 0.00200129 0.538233 0.0337461 0.000516428 0.00362691 
0.0477544 0.0788512 0.012492 3.37514e-08 0.000447791 0.0308421 0.0550504 8.06105e-06 0.000315995 2.13634e-05 0.00300927 0.000354554 9.70366e-05 0.718216 0.000912829 0.0516267 
0.366288 0.239928 0.193033 1.02458e-05 0.00239611 0.0175158 0.0300272 0.000150448 0.00842416 0.00367501 0.00921252 0.0140103 0.00117526 0.10724 0.000199997 0.00671399 
0.36524 0.453495 0.00489425 2.05496e-12 0.000162426 0.0434232 0.000910638 0.00148541 3.74739e-05 5.02565e-06 0.00461826 6.67592e-05 0.000288873 0.0974244 0.000128978 0.0278192 
0.0384763 0.232363 0.55978 1.26404e-06 2.77042e-05 0.0036865 0.0171676 0.0188265 0.00378158 0.000564666 0.00149203 0.00181294 0.00261931 0.0212539 0.000489777 0.0976564 
0.00301754 0.000421312 0.000686382 2.15402e-12 0.991792 0.00300725 0.000424241 1.82246e-06 2.24848e-07 6.23284e-10 6.67902e-05 0.000189209 4.98447e-05 0.00025618 6.96924e-09 8.72393e-05 
0.0985331 0.133 0.00474813 5.87738e-08 6.13054e-05 0.0181547 0.0300138 2.0714e-05 0.00319256 0.0307266 0.000240667 0.0458835 1.02341e-05 0.606187 0.0204085 0.00881933 
0.00109207 0.000270021 0.000313929 2.15526e-12 4.16926e-09 2.06101e-05 0.0101748 3.55628e-06 3.67341e-06 0.987433 9.79304e-05 0.000213846 3.99341e-06 0.000261252 2.91401e-06 0.000108694 
9.87982e-06 0.0394146 0.0852201 2.94098e-06 2.37693e-05 0.48844 0.12225 0.000636818 0.000208776 0.000302475 0.00166615 0.0406614 0.000658478 0.105837 0.113989 0.000679109 
0.644018 0.0755948 0.0906298 5.91571e-11 1.27383e-05 0.0616482 0.0723859 0.00492398 0.0010354 0.000330986 0.011141 0.00301335 0.00793753 0.0162026 0.000441063 0.0106846 
0.0549618 0.271553 0.107072 2.1024e-05 6.92374e-05 0.0412874 0.0549963 0.00026407 0.00576518 0.00193831 0.000293301 0.0180028 0.000191068 0.40652 0.0035037 0.0335608 
1.10485e-07 0.00353886 0.0645261 5.82819e-12 0.000212318 0.00146173 0.0234906 2.77869e-09 0.0061695 6.62471e-09 7.48567e-06 0.873355 4.92237e-06 0.0160531 0.0012632 0.00991722 
7.69593e-05 0.00355147 0.000470822 2.56821e-08 1.20223e-05 0.00874782 0.00292579 0.000674712 5.70046e-05 7.02932e-06 0.00260703 0.00374063 0.000826968 0.00432343 0.971865 0.000113482 
0.00359961 0.0209232 0.0287832 6.65307e-10 8.22175e-06 0.0288837 0.00799845 2.20974e-07 0.000838826 7.78094e-06 0.795817 0.000317693 0.105092 0.00745678 1.32137e-05 0.00026013 
0.143011 0.00469016 0.121523 6.36531e-07 0.065502 0.468216 0.052816 0.00040292 0.000170934 8.45889e-06 0.0223833 0.0283339 5.59569e-06 0.0490575 0.0379176 0.00596175 
0.0473781 0.0993255 0.00263768 2.07311e-07 5.6149e-06 0.732498 0.0633298 0.000713486 9.28114e-05 8.3161e-05 0.00429248 0.00498301 0.000660044 0.0314439 0.00412234 0.00843404 
0.0222179 0.00780578 0.00135685 1.54541e-08 6.07095e-05 0.000766925 0.424705 1.75858e-05 0.0755876 0.00148031 4.61703e-06 0.279996 9.13626e-06 0.162623 3.0143e-05 0.0233381 
0.0116807 0.211004 0.0166384 7.68755e-08 0.00219924 0.143082 0.113337 0.00309052 0.00398429 0.0016911 0.00291529 0.130486 0.00683233 0.212677 0.138719 0.00166217 
0.615155 0.204835 0.0158 8.23271e-06 0.000136644 0.0102832 0.00341531 0.000272097 0.000354881 0.000101591 0.000846335 0.00733514 5.31629e-05 0.079349 4.23323e-05 0.0620124 
0.0637805 0.106431 0.121 4.93097e-06 0.00609999 0.0976142 0.0499033 1.78078e-05 0.00346946 5.48938e-05 0.330499 0.0464223 0.106763 0.0318016 0.0136233 0.0225142 
7.69593e-05 0.00355147 0.000470822 2.56821e-08 1.20223e-05 0.00874782 0.00292579 0.000674712 5.70046e-05 7.02932e-06 0.00260703 0.00374063 0.000826968 0.00432343 0.971865 0.000113482 
0.0324104 0.0988319 0.101095 2.42675e-05 0.000276844 0.0660353 0.00612126 0.00379763 0.00121336 0.000215175 0.185722 0.00582274 0.436954 0.0323794 0.0154976 0.0136031 
0.00637811 0.0284952 0.0874362 2.15632e-09 0.000455247 0.0275847 0.100512 1.89568e-05 0.0666856 0.000496339 0.24236 0.02702 5.68298e-06 0.159247 0.248 0.00530456 
0.000847571 0.0566871 0.0505133 1.28369e-12 0.000141422 0.0140602 0.314324 5.7388e-05 9.19363e-08 0.000411045 0.000176088 0.556033 3.35828e-05 0.00228735 0.00332426 0.0011034 
0.564274 0.0763824 0.230741 2.04218e-06 0.00319906 0.00306949 0.0139664 0.000220011 0.000704691 0.00685013 0.0061772 0.000951063 0.00102062 0.0709763 0.00127045 0.0201942 
0.00320366 0.0933759 0.00610257 4.66293e-06 0.00147705 0.038117 0.678225 7.12295e-05 0.0017351 0.000298234 0.00577284 0.0656085 1.19903e-05 0.104086 0.00062605 0.00128431 
0.0107517 0.0708467 0.0997766 1.72339e-05 4.39188e-05 0.0514972 0.00450089 0.000693055 0.00128696 0.000419684 0.154327 0.00010906 0.573703 0.0275079 0.00160508 0.00291433 
0.0318391 0.000836308 0.00612861 3.68608e-06 0.000719389 0.00154835 0.0540533 1.10364e-05 0.429316 0.000471881 0.0211721 0.000314766 0.409304 0.0409706 0.000203903 0.00310704 
0.0187348 0.0358502 0.184711 2.69994e-08 0.00100026 0.113043 0.532868 2.27244e-06 0.00832574 9.20733e-06 0.0261829 0.00318219 3.21388e-05 0.0673638 1.81104e-05 0.0086771 
0.304409 0.111378 0.145405 2.30199e-08 1.29485e-05 0.0106147 0.0576746 0.00287393 0.0224382 3.63611e-05 0.159176 0.014785 0.150559 0.0151822 0.00527111 0.000183181 
0.0264091 0.0214826 0.47904 1.52189e-05 0.00524063 0.0317768 0.0453229 3.50628e-05 0.00080431 0.000647011 0.0315541 0.00250929 8.14858e-05 0.0308055 0.0100416 0.314234 
0.0071628 0.777206 0.010502 7.36255e-09 1.24247e-05 0.000823849 0.0302701 6.66584e-05 8.95215e-09 6.532e-06 4.23917e-05 0.0203766 2.90581e-05 0.147837 9.85774e-06 0.00565415 
0.0473154 0.23965 0.0484189 5.15348e-06 0.0003743 0.00790241 0.0607696 2.93765e-05 0.00151124 0.00143938 0.0052578 0.02262 0.000754483 0.297346 0.00117683 0.265429 
0.0140182 0.0272032 0.00126393 3.91669e-08 5.35681e-06 0.00239857 0.00363571 5.14638e-06 0.000175518 0.00018401 0.000151368 0.00405966 9.84357e-06 0.922739 5.2612e-05 0.0240983 
0.000536171 0.00521923 0.00604662 3.3717e-11 1.49439e-05 0.0555299 2.61767e-05 0.896991 8.74026e-05 0.0084604 0.00206872 2.62947e-06 0.0246689 9.31089e-07 1.53958e-05 0.000331607 
0.00733784 0.000706799 0.241661 1.79244e-06 4.0186e-05 0.000612674 0.0314065 1.93389e-05 0.135243 0.000783009 0.000126165 7.12155e-05 0.000200155 0.0069911 9.28317e-06 0.57479 
0.955261 0.00931224 0.01199 3.70542e-12 4.38827e-05 1.93265e-06 0.00454754 4.95097e-07 4.22915e-06 5.97844e-05 0.00112133 0.00012011 0.000439189 0.0167017 2.48908e-05 0.00037218 
0.000377986 0.015195 0.000756732 3.35163e-07 1.95325e-05 0.000506879 0.000628475 0.000166968 9.25408e-06 0.973282 0.000229016 6.5291e-05 9.94416e-06 0.00815079 3.07532e-06 0.000599134 
0.0111112 0.177051 0.00617229 6.3773e-09 1.65875e-06 0.13554 0.0659336 8.57988e-05 0.000490447 4.42991e-05 0.000626628 0.00962753 8.81988e-05 0.586014 0.00306876 0.00414424 
0.101793 0.397969 0.11679 3.93477e-08 1.5385e-05 0.0409943 0.0253822 5.27042e-05 0.04135 0.000906996 0.0043732 0.0440984 0.000164189 0.204517 0.000248179 0.0213462 
0.0114323 0.54707 0.0544913 2.37352e-09 0.00311242 0.0290719 0.0809468 0.000381409 0.0401706 0.000537048 0.00518815 0.00275851 1.0267e-05 0.223624 0.000944122 0.000261042 
0.161164 0.244685 0.132983 7.08531e-09 0.000838473 0.00181593 0.225705 6.65642e-07 0.000255745 0.00336154 0.0261479 0.0442665 0.000123853 0.155092 0.00193368 0.00162714 
7.69593e-05 0.00355147 0.000470822 2.56821e-08 1.20223e-05 0.00874782 0.00292579 0.000674712 5.70046e-05 7.02932e-06 0.00260703 0.00374063 0.000826968 0.00432343 0.971865 0.000113482 
0.0101703 0.088739 0.00805831 0.000196237 0.00103604 0.614931 0.0731228 0.000375154 0.025111 0.0517563 0.0127475 0.000599474 0.000395241 0.0869781 0.000258116 0.0255258 
0.224062 0.0152605 0.000165839 8.91537e-07 1.15714e-06 0.000398329 0.0357588 2.29822e-06 0.000272421 0.000224914 0.000172479 0.0528988 1.08675e-05 0.666539 0.00129697 0.00293547 
0.00128373 0.107921 0.491996 2.18565e-09 1.85987e-06 0.16238 0.0274666 1.45615e-06 0.164351 0.00150423 0.00033656 0.0081928 4.90815e-06 0.0068214 7.81013e-05 0.0276609 
7.69593e-05 0.00355147 0.000470822 2.56821e-08 1.20223e-05 0.00874782 0.00292579 0.000674712 5.70046e-05 7.02932e-06 0.00260703 0.00374063 0.000826968 0.00432343 0.971865 0.000113482 
0.0867231 0.035057 0.0157397 1.31046e-07 1.08035e-05 0.0020165 0.138431 6.34351e-06 0.0153929 0.00027991 0.00141951 0.0586361 2.18501e-05 0.537694 0.00125144 0.107319 
0.0362268 0.0263987 0.00786313 2.04971e-07 0.00271004 7.90242e-05 0.0112374 1.27166e-06 1.84517e-05 0.00235592 4.80115e-05 0.0621597 0.00010349 0.100911 0.000103463 0.749784 
1.16201e-05 0.0102273 0.00349657 8.73416e-11 1.5177e-05 0.0548652 0.605491 0.000724782 1.32223e-08 0.00244671 0.0104677 0.279034 8.71819e-05 0.0080565 0.0250447 3.16309e-05 
0.00115076 0.009398 0.0347144 4.51591e-07 5.9198e-05 0.353042 0.19991 7.77604e-07 0.00738136 0.000652156 0.000974713 0.0183499 6.4346e-06 0.37001 0.00409378 0.000256533 
0.51283 0.0540619 0.00288079 7.17029e-08 3.04372e-06 0.000828073 0.0208272 1.28552e-06 0.000607248 6.73628e-05 0.000804123 0.00359843 4.37721e-06 0.386709 0.000616107 0.0161606 
0.00992881 0.0157686 0.0541289 9.86845e-06 0.000723646 0.153515 0.185459 0.000180171 0.13271 0.00109598 0.16294 0.0136458 2.59766e-05 0.206542 0.0620974 0.00122872 
0.00808446 0.342216 0.163526 7.26211e-07 0.00058764 0.265146 0.0139867 0.0254822 0.00782982 0.00821436 0.00487288 0.030085 0.0286713 0.0759055 0.00190118 0.0234906 
0.0571262 0.555909 0.0474353 1.3315e-11 0.00154268 0.0417207 0.166936 5.64364e-09 0.000474145 4.05637e-05 0.00251049 0.00072896 0.000474272 0.119514 9.19255e-05 0.00549609 
0.00637811 0.0284952 0.0874362 2.15632e-09 0.000455247 0.0275847 0.100512 1.89568e-05 0.0666856 0.000496339 0.24236 0.02702 5.68298e-06 0.159247 0.248 0.00530456 
0.083222 0.0422651 0.109476 2.61836e-07 2.09059e-05 0.011234 0.0868825 6.29648e-05 0.000593753 6.65019e-05 0.567666 0.0210793 0.0432005 0.024042 0.00881959 0.0013679 
0.00488917 0.00138461 0.006115 2.79376e-12 0.979498 0.00163325 0.000265256 5.51929e-06 5.88522e-05 1.37522e-06 0.000187838 0.00428837 0.000419937 0.000674674 7.02694e-08 0.000577961 
0.0934804 0.159293 0.0315853 8.0276e-08 2.69916e-06 0.0134414 0.0454486 9.27024e-07 0.000905403 0.00013754 0.000436786 0.0151541 2.04434e-06 0.623446 0.00167928 0.0149869 
0.0132328 0.0846582 0.411199 1.4661e-07 5.79129e-07 0.00467142 0.027254 0.00117494 0.190718 0.00259177 0.00271076 0.000281915 1.39395e-05 0.0907318 0.000121376 0.17064 
8.37006e-06 6.05753e-05 0.0328992 2.75641e-10 6.2737e-06 0.665732 2.88475e-05 1.08795e-05 7.91489e-06 6.77182e-06 5.46107e-06 7.44026e-05 0.00973252 0.269762 0.000342555 0.0213218 
0.000505013 0.0888143 0.0140895 8.02195e-10 0.00241634 0.168845 0.301228 5.37658e-08 0.00778429 0.000144937 0.00107049 0.0242588 6.62596e-05 0.274391 5.53971e-05 0.11633 
0.0139357 0.0439181 0.0245817 0.000510981 0.0677974 0.0168991 0.565676 0.000614266 0.0319584 0.0112914 0.0030751 0.10528 0.00073086 0.0917882 0.00347309 0.0184699 
7.2611e-05 0.00239071 0.0248053 3.50289e-08 6.3984e-06 0.963809 0.00067352 8.44702e-05 0.000645501 5.20394e-06 0.000246368 5.29454e-07 2.40813e-06 0.00641959 1.82996e-05 0.00081954 
0.0314987 0.131358 0.189476 1.99455e-05 0.00170975 0.060901 0.149354 0.000122879 0.000272026 2.6452e-05 0.371814 0.028555 0.00594468 0.0224836 0.00168276 0.00478035 
0.0152418 0.0675696 0.116007 2.04694e-06 0.000157727 0.0727499 0.00284905 7.32067e-05 0.0052797 5.30189e-05 0.000192991 0.0048611 3.02569e-05 0.127172 0.000181285 0.587579 
0.0787303 0.0743308 0.0241856 2.6406e-08 5.6853e-08 0.000294995 0.550251 0.000372475 0.00317411 0.000438477 0.000573948 0.0213063 0.00419993 0.230696 0.00332822 0.0081174 
0.00560735 0.482087 0.0430625 6.46554e-10 0.000646028 0.0002003 0.0121255 4.28998e-08 0.126515 0.000120015 1.16101e-06 0.000485337 7.06727e-07 0.27585 2.59569e-07 0.0532986 
0.0421632 0.0253111 0.00046797 5.93561e-07 1.86778e-06 0.000379664 0.106107 1.00791e-06 0.000122934 0.000698009 0.000126765 0.683987 2.16839e-06 0.116739 0.0154536 0.00843755 
0.00441844 0.558676 0.0350174 1.65425e-10 7.27815e-07 0.000768708 0.00557237 3.77682e-09 3.02436e-05 2.13603e-06 7.96577e-06 0.000736342 1.56445e-09 0.388466 4.15175e-08 0.00630354 
0.0105792 0.352167 0.037265 1.78416e-06 3.656e-05 0.11792 0.0710888 3.52511e-05 0.0240522 0.000476918 0.003036 0.00855485 4.65533e-05 0.340455 0.012472 0.0218135 
0.00337777 0.0284598 0.000394116 2.06854e-12 0.736051 0.00119899 0.181741 2.88341e-09 0.000326053 0.00066279 0.000851962 0.0141603 3.76128e-06 0.0226276 0.00940262 0.000742273 
0.51283 0.0540619 0.00288079 7.17029e-08 3.04372e-06 0.000828073 0.0208272 1.28552e-06 0.000607248 6.73628e-05 0.000804123 0.00359843 4.37721e-06 0.386709 0.000616107 0.0161606 
0.0362268 0.0263987 0.00786313 2.04971e-07 0.00271004 7.90242e-05 0.0112374 1.27166e-06 1.84517e-05 0.00235592 4.80115e-05 0.0621597 0.00010349 0.100911 0.000103463 0.749784 
7.69593e-05 0.00355147 0.000470822 2.56821e-08 1.20223e-05 0.00874782 0.00292579 0.000674712 5.70046e-05 7.02932e-06 0.00260703 0.00374063 0.000826968 0.00432343 0.971865 0.000113482 
0.560907 0.0551982 0.0422525 0.000219938 0.144614 0.00397649 0.0464647 0.00616973 0.000770936 0.00592639 0.00282305 0.0232737 0.000541188 0.0903534 0.00569399 0.0108157 
0.0111112 0.177051 0.00617229 6.3773e-09 1.65875e-06 0.13554 0.0659336 8.57988e-05 0.000490447 4.42991e-05 0.000626628 0.00962753 8.81988e-05 0.586014 0.00306876 0.00414424 
0.00783412 0.0383809 0.151354 7.04414e-07 0.000259196 0.0242681 0.056497 1.03062e-06 0.0824535 8.1878e-05 0.00738341 0.000280689 2.62383e-05 0.624656 2.29685e-05 0.00650059 
2.89889e-05 0.123122 0.276266 5.75344e-12 0.000301193 0.25596 0.114027 9.89047e-09 0.000568951 6.83154e-05 0.000170783 0.0123455 3.82973e-05 0.179137 4.91079e-10 0.0379653 
0.0780794 0.0608274 0.0566813 6.73648e-10 0.00014087 0.339445 0.332899 0.00168928 0.000290107 8.15314e-07 0.0195175 0.0295979 0.000863738 0.0674448 0.0125048 1.79419e-05 
0.00306523 0.00987762 0.0159253 1.46897e-07 0.0211025 0.00278205 0.837731 8.56286e-06 0.00477577 0.00145413 0.0127871 0.0456425 1.46149e-06 0.037576 0.00186272 0.00540822 
0.160384 0.154832 0.274229 1.78286e-05 0.000207527 0.0561171 0.0290436 2.36065e-05 0.0447176 0.199963 0.00237211 0.010051 3.49099e-05 0.035816 0.000514076 0.0316779 
0.000473601 4.70335e-05 0.000197798 1.94289e-10 1.43241e-08 0.000427783 0.0219363 4.36819e-08 0.000119305 6.19226e-07 1.08694e-05 0.976119 2.07746e-09 0.000491478 9.96813e-09 0.000175707 
0.534688 0.0249449 0.0239244 2.58398e-07 0.123934 0.000790296 0.201419 2.63292e-05 0.0113337 0.000210687 0.0044082 0.00310063 0.000536406 0.0488962 0.0153889 0.00639724 
0.0985331 0.133 0.00474813 5.87738e-08 6.13054e-05 0.0181547 0.0300138 2.0714e-05 0.00319256 0.0307266 0.000240667 0.0458835 1.02341e-05 0.606187 0.0204085 0.00881933 
0.0261905 0.0142213 0.00946613 2.69162e-08 0.00124488 0.00876152 0.0262951 1.59663e-05 0.000503741 2.87393e-05 0.592392 0.0226451 0.290727 0.00612075 0.000313549 0.00107376 
0.0261905 0.0142213 0.00946613 2.69162e-08 0.00124488 0.00876152 0.0262951 1.59663e-05 0.000503741 2.87393e-05 0.592392 0.0226451 0.290727 0.00612075 0.000313549 0.00107376 
0.166231 0.0553315 0.0647919 1.57155e-07 0.000556181 0.00951673 0.00890704 1.10945e-05 0.000168245 0.00131084 0.000108914 0.00935014 7.38182e-05 0.409474 2.49503e-05 0.274144 
0.537447 0.139074 0.00992275 1.35866e-11 0.0158897 0.0368673 0.0498234 1.42458e-07 0.0003668 0.000293395 0.00175049 0.00189762 0.000572843 0.201181 0.00237884 0.00253536 
0.000975156 0.019723 0.00194461 9.20494e-09 0.0016717 0.795641 0.0728376 8.3841e-05 0.00866825 9.38202e-05 0.000880445 0.0568401 0.000367131 0.0302411 0.00988792 0.000144686 
0.000475341 0.000308232 2.3843e-05 7.41218e-10 0.0576444 0.43647 0.00559073 1.77574e-05 5.58831e-06 6.37402e-06 0.0794763 2.10032e-06 0.013055 0.352278 7.14994e-06 0.0546394 
0.0227074 0.0685668 0.214893 4.02716e-07 0.00091839 0.172885 0.0991584 0.00455045 0.158546 0.00018419 0.000489091 0.000984536 5.66892e-06 0.251867 0.000341937 0.0039012 
0.000652485 0.441307 0.052503 6.48729e-13 0.000371451 0.0110385 0.156947 7.75624e-10 2.27219e-08 4.30271e-09 0.00186587 0.0020887 4.82616e-06 0.332865 3.26807e-07 0.000356196 
0.00126098 0.0298396 0.00418911 3.81116e-08 0.000633987 0.00368403 0.0541336 9.93143e-06 0.000196819 1.17314e-05 0.000543114 0.882979 1.95745e-05 0.0141864 0.00203044 0.00628187 
0.0541761 0.254185 0.0053692 2.041e-11 0.000586231 0.0385423 0.0921927 0.181831 0.000361625 0.00041881 0.00131209 0.00585535 7.75198e-05 0.0522527 0.00292909 0.309911 
0.0379469 0.146959 0.0156329 1.35192e-08 0.000520803 0.00454088 0.0069189 3.21374e-05 0.00215255 1.75459e-08 0.00104163 0.0154083 5.74507e-05 0.254008 0.00011422 0.514666 
0.0201946 0.0602157 0.0259361 2.05556e-05 0.00318219 0.147382 0.573783 0.000479571 0.00321961 0.0573266 0.00129675 0.00791114 0.000273277 0.0737472 0.000956745 0.0240746 
0.0236263 0.0970542 0.0110828 4.55056e-06 0.00119605 0.130608 0.466855 0.000173578 8.69433e-05 0.00139391 0.064831 0.0767315 0.000975036 0.112969 0.0106169 0.00179465 
0.115769 0.327715 0.0858152 4.97018e-05 0.000181359 0.0646214 0.0522794 0.0159658 0.000284019 0.000484553 0.00147019 0.0256705 0.00215742 0.189583 0.0182013 0.0997516 
0.622072 0.0179141 0.028125 0.000126105 0.0057489 0.00105204 0.0300019 0.00026799 0.00186697 0.00142689 0.0132492 0.00320125 0.226167 0.032849 0.0100666 0.00586422 
0.00631773 0.607356 0.00941631 4.92414e-13 2.77063e-05 0.0301133 0.111953 1.37844e-08 0.000969397 2.73554e-05 0.000338051 0.0739804 1.93792e-05 0.150924 0.00828325 0.00027389 
0.0204409 0.0527026 0.260976 1.80861e-08 1.015e-05 0.00450172 0.369228 4.51148e-07 0.00227448 1.93039e-05 0.00041998 0.0334926 2.26358e-05 0.24471 0.00803761 0.00316382 
0.0510879 0.190427 0.0139474 1.51657e-10 0.000321645 0.0443113 0.494058 3.35879e-05 0.00263123 0.000129048 0.0068988 0.000327187 0.000104705 0.18027 2.33789e-05 0.0154298 
0.0572119 0.120204 0.119748 1.41565e-06 0.000435529 0.193262 0.0289765 0.0163823 0.00523915 0.000109653 0.272754 0.0257901 0.0767576 0.069655 0.00206729 0.011405 
0.841344 0.0626772 0.00548896 6.63077e-07 0.000101001 0.00314224 0.00598523 2.85167e-05 0.000215372 0.000444736 0.00168485 0.0152525 0.000194565 0.052474 0.000155986 0.0108099 
0.00750314 0.0591199 0.127267 3.43978e-07 0.000137119 0.114866 0.107854 0.000672873 0.188714 0.00382402 0.227465 0.00446969 0.000757188 0.00127548 0.139144 0.0169313 
0.00570415 0.032853 0.0294043 1.00973e-07 1.59199e-05 0.745489 0.0712874 0.000623023 0.000714462 0.000190962 1.61156e-06 0.000104502 0.000102414 0.0392841 0.00220162 0.0720237 
7.69593e-05 0.00355147 0.000470822 2.56821e-08 1.20223e-05 0.00874782 0.00292579 0.000674712 5.70046e-05 7.02932e-06 0.00260703 0.00374063 0.000826968 0.00432343 0.971865 0.000113482 
0.00173271 0.000880369 0.000819557 5.05529e-12 0.986002 0.00319504 0.00255199 5.11199e-07 1.15763e-07 2.31987e-05 3.40162e-05 0.000340541 3.48309e-05 0.00090202 9.92408e-06 0.0034735 
0.000866227 0.460361 0.0418679 1.08087e-12 1.16225e-09 0.0131724 0.176633 0.000124436 0.00153603 6.18788e-05 0.00025651 0.00784257 0.0191774 0.264578 0.0065 0.00702269 
0.0130561 0.066502 0.0452513 2.2305e-06 5.72744e-05 0.251362 0.0146904 0.000609421 0.00139091 0.000860735 0.394598 0.00327162 0.158001 0.0213893 0.0263442 0.0026133 
0.00836336 0.291531 0.0500104 3.54474e-08 0.0275788 0.0951301 0.0816728 0.00192411 0.0110897 0.0319029 0.0996315 0.000685976 0.000579979 0.00343866 0.0126591 0.283801 
0.00129638 0.109597 0.00783298 9.9517e-11 3.09621e-06 0.0234673 0.804023 3.35192e-07 5.8716e-05 5.71406e-05 0.000193906 0.0353372 6.70493e-06 0.0158758 0.000388446 0.00186187 
0.000925726 0.501649 0.0519221 1.09572e-07 0.000109175 0.0448481 0.224656 2.01886e-06 2.13901e-05 0.00012872 0.000142182 0.0141645 6.6166e-05 0.11603 3.17852e-05 0.0453024 
0.0333548 0.0475199 0.00417605 1.9139e-08 2.68805e-07 0.00457124 0.0894936 1.05455e-07 0.00712654 0.00209487 0.00136534 0.00979956 2.55272e-05 0.793827 0.000701054 0.00594448 
0.0186738 0.129245 0.0319632 2.04481e-06 9.31548e-05 0.354151 0.340691 0.00181521 0.00288629 0.00828463 0.010166 0.008007 0.00693991 0.0776026 0.00353465 0.00594457 
0.000536171 0.00521923 0.00604662 3.3717e-11 1.49439e-05 0.0555299 2.61767e-05 0.896991 8.74026e-05 0.0084604 0.00206872 2.62947e-06 0.0246689 9.31089e-07 1.53958e-05 0.000331607 
0.0211613 0.334065 0.298664 9.68672e-05 0.000325564 0.0269047 0.0601533 0.000889547 0.00743378 0.000642232 0.00774472 0.018887 0.00226834 0.195067 0.00407334 0.0216234 
0.0216054 0.118632 0.0137748 7.21347e-08 0.0123244 0.586858 0.218113 0.000776783 0.00210047 9.2769e-08 0.00742966 0.000270916 0.000436952 0.0169576 0.000578208 0.000141967 
0.00450078 0.237564 0.0691407 7.33293e-06 4.31304e-05 0.0373531 0.474094 2.3202e-05 0.00161997 0.000298996 0.000832217 0.102734 2.54486e-05 0.0692341 0.0021648 0.000363768 
0.0552862 0.319679 0.0941406 3.40191e-05 0.0144968 0.0944527 0.119216 0.0887352 0.000905927 0.000186911 0.0260466 0.00360657 0.0109027 0.0820564 0.00213986 0.0881142 
0.0362268 0.0263987 0.00786313 2.04971e-07 0.00271004 7.90242e-05 0.0112374 1.27166e-06 1.84517e-05 0.00235592 4.80115e-05 0.0621597 0.00010349 0.100911 0.000103463 0.749784 
0.340355 0.0742817 0.143245 1.9167e-06 0.000404349 0.0783653 0.0218433 0.00128808 0.000867116 0.000880514 0.190737 0.0151169 0.0270052 0.0548028 0.0281726 0.0226338 
0.00187622 0.0101498 0.00362233 3.39767e-06 0.00453557 0.91191 0.0385412 0.0159268 0.000407177 0.000112658 0.00246083 4.59755e-05 0.00192859 0.00469544 2.78615e-05 0.00375657 
0.0144758 0.0683332 0.0278649 3.65615e-07 0.00188022 0.00318676 0.021306 1.04697e-05 0.00491483 0.000706895 0.00141184 0.049578 3.96303e-05 0.760907 0.00146102 0.0439235 
0.0101827 0.0491531 0.0997891 1.82188e-06 0.000929277 0.502912 0.151942 3.87933e-06 0.0122798 0.000195129 0.0104378 0.00319824 0.000524753 0.109202 1.55919e-05 0.0492328 
0.00660044 0.229951 0.282434 4.07025e-08 1.60365e-05 0.24236 0.0355634 0.000146802 0.16482 0.000404728 2.16893e-05 0.000872126 1.63616e-05 0.0207161 5.07662e-08 0.0160778 
0.416487 0.197759 0.00103841 1.72714e-07 7.06426e-05 0.00197642 0.019594 1.09005e-05 0.00134773 7.10416e-05 0.000236536 0.00875702 5.20932e-06 0.342586 0.00114834 0.00891181 
0.0980376 0.0479923 0.0273992 3.94583e-08 4.09198e-05 0.59161 0.186528 6.56461e-05 0.00249125 0.000103408 0.0110832 0.00097186 0.00021179 0.029986 0.000922578 0.00255635 
0.0202435 0.295004 0.000385456 2.19443e-12 8.47602e-09 0.0080102 0.00823477 2.49519e-06 0.00269165 3.18616e-10 0.00129794 0.00027553 2.69821e-06 0.663589 2.67548e-05 0.000235503 
0.0179568 0.122504 0.047342 1.58869e-06 0.00172367 0.126267 0.0936454 8.66624e-06 0.000772946 0.000376662 0.00625467 0.0734574 0.00670534 0.443785 0.00198227 0.0572169 
0.0378261 0.0550148 0.0295461 0.000107835 0.000684826 0.0545897 0.691016 0.000193548 0.00200659 0.00235115 0.00763617 0.0265437 0.00338981 0.07243 0.00854139 0.00812284 
0.00795116 0.606261 0.378778 1.05052e-11 1.01698e-05 0.000217365 0.00118499 2.62464e-09 4.50591e-06 8.13901e-09 0.000935921 0.000644899 7.47246e-06 0.0035851 2.44316e-06 0.000416263 
0.109265 0.058857 0.0890339 5.27664e-10 0.000883566 0.0251957 0.0483269 0.0253651 0.000886479 0.000422143 0.592669 0.0214647 0.00714794 0.0119909 0.00565571 0.00283553 
0.00583597 0.0849107 0.01468 4.5342e-07 0.000753017 0.0112388 0.335127 4.63319e-05 0.000216969 0.00033875 0.0211163 0.400422 5.47296e-05 0.0854014 0.0190278 0.0208297 
0.0975839 0.0248249 0.0804188 5.11448e-09 0.000100901 0.00195866 0.0365357 0.727497 0.000146971 0.000335711 0.00431241 0.00746988 1.82737e-06 9.79847e-08 0.0163419 0.00247144 
0.51092 0.0626776 0.0564201 0.000122287 0.152491 0.00387847 0.0429528 0.0172333 0.00099058 0.00167135 0.0023954 0.0369119 0.000460585 0.0801556 0.0167541 0.0139649 
0.912095 0.00562213 0.0113406 6.44305e-10 0.000194893 9.19861e-05 0.00977923 4.7699e-07 4.13266e-05 0.00449219 0.00145664 0.00327778 0.000708628 0.0471599 0.000123293 0.00361634 
0.00674176 0.655544 0.0763723 2.4771e-10 9.69597e-07 0.00269624 0.0514961 2.04767e-06 5.58455e-07 3.24886e-07 0.160244 0.000203941 2.54065e-05 0.0449744 1.31111e-05 0.0016841 
0.00214869 0.0753936 0.0824215 2.321e-06 0.0208463 0.350679 0.318536 0.00209613 0.0198916 0.00361946 0.00248272 0.0114331 4.81703e-05 0.105958 0.00212626 0.00231753 
0.0362268 0.0263987 0.00786313 2.04971e-07 0.00271004 7.90242e-05 0.0112374 1.27166e-06 1.84517e-05 0.00235592 4.80115e-05 0.0621597 0.00010349 0.100911 0.000103463 0.749784 
0.00679459 0.253786 0.00373503 2.70363e-10 1.16015e-08 0.0296103 0.0167893 0.000301632 0.000613716 7.57673e-07 0.00104292 0.00084637 3.24898e-05 0.677271 0.00296745 0.00620836 
0.401687 0.0757323 0.384259 3.97582e-05 9.22134e-05 0.00998136 0.00239617 0.000106586 0.00353179 0.000278212 0.0321268 0.0220852 0.000510514 0.05703 0.000748567 0.00939499 
0.006242 0.446116 0.0955214 1.30969e-11 0.00134298 0.0331529 0.105167 3.24933e-06 0.0441072 9.39236e-05 5.65047e-05 0.00122047 6.51202e-06 0.234439 5.23918e-05 0.0324776 
0.00740087 0.102985 8.82115e-05 3.28435e-11 2.76599e-08 0.0247736 0.013492 3.25364e-05 0.00122397 5.57044e-06 0.000443425 0.000686437 1.48184e-05 0.840476 0.000115377 0.00826255 
7.69593e-05 0.00355147 0.000470822 2.56821e-08 1.20223e-05 0.00874782 0.00292579 0.000674712 5.70046e-05 7.02932e-06 0.00260703 0.00374063 0.000826968 0.00432343 0.971865 0.000113482 
0.000532372 0.10226 0.38021 1.30716e-06 0.000529844 0.0628127 0.0269113 1.54187e-06 0.000186767 1.72221e-05 0.000384498 3.45121e-05 3.80804e-06 0.422513 1.1767e-05 0.00358979 
0.000476955 0.0479629 0.00235823 8.35984e-11 0.000133599 0.932097 0.00896692 0.00102503 1.98609e-07 1.69975e-07 0.000348502 1.86661e-06 0.000127303 0.00649243 8.59399e-06 2.73042e-08 
0.0268155 0.013506 0.0453977 6.49851e-12 1.74288e-05 0.00129265 0.0377831 8.30414e-06 0.000358149 0.000273974 0.822517 0.0152807 0.00907628 0.0204596 0.00517941 0.00203464 
0.044053 0.513343 0.0348442 4.67853e-09 0.0976924 0.0750919 0.00887735 0.0018671 0.00851181 6.82476e-05 9.46589e-07 4.90893e-05 0.000419262 0.036499 4.20805e-05 0.17864 
0.087556 0.0933639 0.378943 0.000867282 0.00273061 0.0337789 0.0781267 0.00415444 0.00713586 0.00532793 0.145859 0.0180612 0.0107038 0.104696 0.0119029 0.0167928 
0.0437176 0.339814 0.053561 8.88314e-06 0.195127 0.17599 0.0845617 0.000160912 0.000177728 0.000444206 0.0670593 0.00715849 0.000458279 0.0298707 0.000701226 0.00118913 
0.107076 0.0223039 0.0568284 1.52249e-06 8.52313e-06 0.0513778 0.0630768 8.70804e-06 0.000174435 0.000592402 0.0029568 0.0411478 7.22267e-06 0.594931 0.00275047 0.0567589 
0.0632956 0.265704 0.0565799 0.000222601 0.000463898 0.0502991 0.0196804 0.000942503 0.000318742 0.000675703 0.0140323 0.00203109 0.459117 0.0452972 0.000246265 0.0210939 
0.000222277 0.0191086 0.0582594 1.13631e-09 0.566873 0.182514 0.061907 8.64159e-05 0.0389663 0.000188825 0.00398559 0.0337589 0.00116503 0.0329645 1.38969e-08 4.86019e-07 
0.370266 0.0414701 0.00681299 1.22425e-06 1.96653e-06 0.000210759 0.0114452 3.57555e-06 0.000972848 0.00107323 0.000642768 0.00621241 4.80619e-05 0.486665 2.8952e-05 0.0741445 
0.154634 0.0632928 0.0533272 7.36931e-08 2.67672e-05 0.02715 0.154101 0.000221237 0.000242994 0.00343145 0.451845 0.00397587 0.0249453 0.0296106 0.0249609 0.00823525 
0.000536171 0.00521923 0.00604662 3.3717e-11 1.49439e-05 0.0555299 2.61767e-05 0.896991 8.74026e-05 0.0084604 0.00206872 2.62947e-06 0.0246689 9.31089e-07 1.53958e-05 0.000331607 
0.62033 0.203306 0.00208551 8.06244e-13 0.000153536 0.00225995 0.00317679 1.42114e-05 7.43541e-05 4.1186e-06 0.000306821 0.000849467 3.41905e-09 0.161539 1.09427e-05 0.0058894 
0.000191527 0.0474673 0.0159141 9.02075e-10 0.00221504 0.057943 0.0981357 1.22885e-05 0.00891688 7.34087e-05 0.00101937 0.751743 0.000111352 0.0126079 0.00346583 0.000182901 
0.0629257 0.0377668 0.0237207 3.52044e-05 0.0106249 0.212313 0.0775551 0.000272776 0.000701734 0.00475621 0.486347 0.00755818 0.00861901 0.0402631 0.0238705 0.00267028 
0.0173005 0.419266 0.0198645 6.60614e-08 1.90455e-07 0.00432671 0.0140945 3.22499e-06 0.000947427 3.67114e-05 0.00229264 0.00331252 1.24124e-05 0.510476 6.73985e-06 0.00806059 
0.00336883 0.073905 0.134993 2.22839e-09 1.43561e-07 0.159268 0.160401 1.36063e-07 0.0203592 8.1368e-05 0.00877102 0.00127864 8.55847e-06 0.395778 0.000150189 0.0416369 
0.00187797 0.00118827 0.00137709 3.67308e-09 9.51149e-05 0.00625495 0.241734 0.000173932 0.0540711 0.000456983 0.114945 0.514887 6.58123e-07 0.0611415 0.000945842 0.000850132 
0.132483 0.173201 0.0777024 9.20235e-08 0.000898989 0.0537418 0.0506793 0.000212622 0.0377115 0.000567907 0.00674313 0.0126572 0.00177337 0.407653 0.0145167 0.0294574 
0.0111672 0.150254 0.0141892 2.27999e-09 0.000983103 0.486863 0.18695 0.117274 4.55073e-05 1.19686e-05 1.85578e-06 0.0229224 7.87095e-06 5.79101e-06 5.43898e-06 0.00931839 
0.0515834 0.415411 0.0439717 6.43474e-06 0.000251782 0.0139971 0.133893 3.26517e-05 0.0358986 2.86085e-05 0.00382949 0.0246254 0.0187285 0.249814 0.00446039 0.00346875 
0.500858 0.0140686 0.119977 1.27483e-06 0.00113375 0.00625898 0.00572105 4.79646e-05 3.07531e-05 8.91303e-06 0.00135936 3.78017e-05 0.000805368 0.32834 1.01941e-05 0.0213416 
0.51283 0.0540619 0.00288079 7.17029e-08 3.04372e-06 0.000828073 0.0208272 1.28552e-06 0.000607248 6.73628e-05 0.000804123 0.00359843 4.37721e-06 0.386709 0.000616107 0.0161606 
0.075697 0.0559643 0.00300406 4.31264e-06 0.00695689 0.581946 0.109251 0.0735968 0.00121524 0.0102262 0.0370026 0.000463315 0.000671053 0.0310952 0.000272973 0.0126328 
0.00833161 0.0475754 0.148183 6.50751e-08 1.53861e-05 0.0993564 0.0565038 0.000911905 0.00326805 0.000224178 0.0125194 0.00581023 0.000818302 0.381888 0.212466 0.0221288 
0.0354027 0.0502081 0.238954 5.04476e-07 0.000370322 0.179032 0.0893234 0.000964435 0.0017553 0.00063844 0.193438 0.000134212 0.0118843 0.109525 0.0751493 0.0132196 
0.00553256 0.764914 0.105758 1.0651e-08 1.96016e-05 0.000692671 0.0196752 0.00021552 0.0125424 1.89708e-07 0.000175277 0.00701153 1.79694e-06 0.0832302 3.48449e-06 0.000227319 
0.0104658 0.246544 0.00600927 1.14581e-11 0.0432446 0.168013 0.325384 9.05956e-05 0.0122217 0.0145427 0.000881754 0.0803699 0.000167874 0.0599208 0.0130024 0.0191417 
0.0507039 0.122597 0.00740601 3.95772e-07 3.38075e-05 0.176328 0.0595931 0.0188745 0.000338559 0.0332877 0.518216 0.000338478 0.000100295 0.011524 0.000402089 0.000255276 
0.0711428 0.325665 0.143029 1.76704e-05 0.000855639 0.0112876 0.0442176 0.00102498 0.00339082 0.000134106 0.00311021 0.0120186 0.000696687 0.284437 0.00099964 0.097972 
0.00103418 0.119707 0.0043529 1.97511e-10 0.0015741 0.541381 0.133418 0.00016666 0.0083487 0.0395735 0.00365816 0.0201049 0.000477361 0.0808928 0.0448177 0.000493243 
0.0101221 0.176434 0.00288064 3.35325e-11 5.33516e-05 0.076342 0.0662882 2.56157e-05 0.000736566 4.11102e-08 3.72456e-05 0.0227471 4.21452e-08 0.592747 0.051586 3.63874e-07 
0.0208383 0.0147161 0.0664332 4.81566e-08 0.798301 0.0415733 0.0177832 0.000157921 0.000238097 2.06595e-07 9.01906e-05 0.0170765 0.000289203 0.0063518 8.17287e-06 0.0161427 
7.69593e-05 0.00355147 0.000470822 2.56821e-08 1.20223e-05 0.00874782 0.00292579 0.000674712 5.70046e-05 7.02932e-06 0.00260703 0.00374063 0.000826968 0.00432343 0.971865 0.000113482 
0.187018 0.167939 0.169222 2.48442e-05 0.152628 0.0215449 0.0296345 0.000112703 0.00146054 0.000591351 0.0310417 0.0166876 0.00300126 0.180625 0.0136553 0.0248131 
7.69593e-05 0.00355147 0.000470822 2.56821e-08 1.20223e-05 0.00874782 0.00292579 0.000674712 5.70046e-05 7.02932e-06 0.00260703 0.00374063 0.000826968 0.00432343 0.971865 0.000113482 
0.0604934 0.0966122 0.0955038 1.68357e-05 0.00101928 0.516148 0.0992113 0.000508998 0.0371343 0.0108885 0.0350177 0.00133328 0.000837517 0.0118343 0.000169815 0.0332712 
0.00158479 0.364325 0.0102577 1.10265e-08 0.000395456 0.142732 0.040905 7.93889e-06 0.00148901 0.000210152 0.0010671 0.23766 0.000308209 0.193131 0.0052327 0.000694091 
0.0194904 0.0720704 0.122966 0.000384846 0.000718671 0.00425719 0.0504927 0.000642971 0.00649016 0.00690329 0.277989 0.31501 0.00106033 0.0612014 0.000772062 0.0595503 
0.0415117 0.0507954 0.00954942 1.40477e-08 0.00139818 0.0131629 0.737973 5.98683e-05 0.00094949 0.0689623 0.0176927 0.00144037 0.000149929 0.0543124 0.00192424 0.000118529 
0.0395414 0.140691 0.105056 1.64616e-10 0.000424864 0.00788446 0.420288 2.00498e-07 0.00127325 4.37823e-06 9.28247e-07 0.261127 0.000395592 0.0068061 0.0144233 0.0020844 
0.0292556 0.195373 0.0257596 1.23819e-06 7.00362e-05 0.308184 0.0154817 0.000586692 0.0214761 0.00060261 0.00445976 0.000449718 0.000113429 0.151976 0.00142752 0.244783 
0.00754385 0.0360049 0.0511846 3.11284e-05 0.00161542 0.079794 0.485344 3.62976e-05 0.00999702 0.000854908 0.0047771 0.0346162 0.000160523 0.0548783 0.230147 0.00301456 
7.69593e-05 0.00355147 0.000470822 2.56821e-08 1.20223e-05 0.00874782 0.00292579 0.000674712 5.70046e-05 7.02932e-06 0.00260703 0.00374063 0.000826968 0.00432343 0.971865 0.000113482 
0.00211512 0.0290807 0.00738029 1.35653e-06 0.000431711 0.461631 0.00384204 0.000784545 0.00207405 1.09623e-05 0.0589003 0.00498595 0.420156 0.00805886 7.73288e-05 0.000469775 
0.083933 0.1257 0.118536 1.28218e-07 1.28249e-07 0.155159 0.35397 0.000577115 0.00889024 0.0021667 0.0106354 0.00323438 0.0039397 0.114303 1.28265e-07 0.018956 
0.0715743 0.00894455 0.083824 2.08607e-08 7.16359e-05 0.193568 0.0042521 1.30345e-06 0.013626 0.00665744 0.191784 8.03781e-05 0.00230841 0.00487661 6.7711e-06 0.418425 
0.0132572 0.27287 0.258549 3.84032e-11 0.000892607 0.0103821 0.0183953 5.40996e-08 0.000646568 8.72053e-05 6.18758e-05 0.0298641 2.11463e-05 0.0906864 5.47829e-05 0.304232 
0.00488917 0.00138461 0.006115 2.79376e-12 0.979498 0.00163325 0.000265256 5.51929e-06 5.88522e-05 1.37522e-06 0.000187838 0.00428837 0.000419937 0.000674674 7.02694e-08 0.000577961 
0.311105 0.156058 0.0688903 4.80221e-05 0.0280436 0.163718 0.0731038 7.30826e-05 0.00615499 0.000148609 0.00988217 0.0296804 0.00623175 0.108266 0.00199804 0.0365977 
0.565207 0.0776408 0.00889833 2.41667e-07 5.30982e-06 0.0025669 0.0316865 5.50187e-05 0.000721736 0.000823088 0.00145829 0.0534977 0.00242211 0.208648 0.0226093 0.0237596 
0.136007 0.0243852 0.0423671 3.64591e-11 0.00641334 0.00281715 0.0406125 4.54751e-06 0.00130597 0.000327229 0.554938 0.0200307 0.00832567 0.155427 0.0035328 0.00350538 
0.00467165 0.00887772 0.000256339 3.40455e-08 5.28136e-05 0.939303 0.0111395 0.00060747 0.00541292 7.86723e-06 0.000498024 0.00225015 0.00963267 0.0118591 0.00542048 1.0646e-05 
0.00733893 0.0105236 0.0641049 1.06825e-06 0.00146403 0.00107421 0.0206306 2.89303e-06 0.0027505 8.49875e-05 0.000264766 0.000120697 7.49789e-05 0.099511 0.000178745 0.791874 
0.00356187 0.131364 0.323599 4.01553e-08 0.0016106 0.0832124 0.185449 1.65233e-05 0.00492047 0.000166602 0.223579 0.0268213 0.00025797 0.00681905 0.000370929 0.00825098 
0.0330979 0.123645 0.115266 5.9115e-07 0.000205386 0.209683 0.0712014 0.000295521 0.00386215 0.000569617 0.211884 0.0685761 0.128753 0.0234493 0.000557832 0.00895276 
