0.0318391 0.000836308 0.00612861 3.68608e-06 0.000719389 0.00154835 0.0540533 1.10364e-05 0.429316 0.000471881 0.0211721 0.000314766 0.409304 0.0409706 0.000203903 0.00310704 
0.305755 0.346785 0.124554 2.41287e-12 5.2655e-09 0.00790783 0.0149407 6.01179e-07 0.00130759 0.00041994 0.00520934 0.00217194 0.000148408 0.186221 1.26094e-08 0.0045778 
0.0651412 0.0445126 0.445923 7.95179e-06 0.00057941 0.027946 0.137901 0.0855206 0.0106275 0.000561821 0.000251639 0.00969692 0.000765887 0.152097 0.00102891 0.0174388 
0.00613739 0.21292 0.0514835 2.43998e-12 1.85468e-07 0.0854674 0.0568861 2.31618e-05 0.0603362 0.000188196 0.00307127 0.00195219 0.000116916 0.4746 0.00039887 0.046419 
0.00214983 0.0130753 0.0100834 7.51552e-06 3.18119e-05 0.824989 0.0609469 0.000164799 0.0427521 8.22421e-05 0.00594454 0.00130395 0.00131145 0.00459957 0.00318837 0.029369 
0.153045 0.213299 0.0854667 4.7223e-05 0.00853681 0.0380026 0.0417767 0.000872603 0.01006 0.00029825 0.0104713 0.0150314 9.10622e-05 0.24137 0.00224075 0.179391 
0.0323372 0.0868115 0.0176031 5.99004e-07 0.000244828 0.392622 0.112612 4.23754e-05 0.00115912 0.00242306 0.0063949 0.0244574 4.23186e-06 0.310138 0.0114466 0.00170314 
0.00852212 0.00491495 0.0109631 5.62717e-10 0.159628 0.00397059 0.51517 4.60881e-05 0.00340586 0.000704621 0.00609007 0.0466653 3.99683e-07 0.187572 0.00013807 0.0522086 
0.163037 0.160096 0.00393476 0.000105672 0.000185524 0.0122287 0.0488392 0.000109836 0.000635664 0.000373853 0.00126873 0.035252 0.00074967 0.518215 0.0427117 0.0122557 
0.00967468 0.0463899 0.00857662 2.2342e-07 4.9228e-05 0.0133182 0.0231722 6.35943e-05 0.00150737 8.52147e-05 0.00119494 0.00384101 0.00490974 0.866535 0.0148461 0.00583569 
0.0362268 0.0263987 0.00786313 2.04971e-07 0.00271004 7.90242e-05 0.0112374 1.27166e-06 1.84517e-05 0.00235592 4.80115e-05 0.0621597 0.00010349 0.100911 0.000103463 0.749784 
0.101199 0.43667 0.239383 3.84045e-08 0.000174504 0.0116353 0.059452 0.0160124 0.00208101 0.00138029 0.0113242 0.00655857 0.0191653 0.0559677 0.00772543 0.0312719 
0.776071 0.114556 0.00237137 9.52647e-07 5.00842e-05 0.00251723 0.00483852 2.2342e-05 0.000938366 2.12997e-05 0.00168889 0.0132529 0.000181523 0.0742503 5.9283e-05 0.00918029 
0.0703145 0.114788 0.0146222 7.60887e-07 8.19391e-06 0.0957336 0.0780037 0.00286185 0.000678302 8.20568e-05 0.426105 0.00775248 0.000185024 0.183947 0.00114828 0.00376949 
0.100548 0.109532 0.228888 2.38144e-06 0.00012092 0.11033 0.110971 0.00158818 0.0728557 0.00434953 0.109066 0.00178212 0.00714647 0.0936599 0.000551039 0.0486092 
0.482253 0.0484867 0.00466784 5.91702e-10 3.05974e-06 2.36277e-05 0.00330551 1.16884e-06 0.00014896 1.41019e-05 0.000509563 1.50575e-05 1.74721e-05 0.433349 9.68222e-06 0.0271962 
0.000653956 0.0771828 0.0716358 0.000137969 0.0876945 0.604947 0.045114 0.000455429 0.0135989 0.0261685 0.0360662 0.00170508 0.00174407 0.0115584 0.00113932 0.0201984 
0.0389153 0.110138 0.0424531 2.79509e-07 0.000359566 0.0648593 0.118627 2.27921e-06 0.280004 0.000169442 0.00056874 0.05783 3.55226e-05 0.280647 2.37305e-05 0.00536606 
0.00250736 0.510735 0.0194545 8.98516e-10 1.15491e-05 0.0282662 0.116451 2.74653e-05 0.00107468 7.2616e-05 0.000184646 0.0722839 4.46963e-05 0.204898 0.0435722 0.000415328 
0.635667 0.0431632 0.0275488 1.06878e-05 9.26666e-05 0.0132584 0.0270513 0.000127779 0.00342941 8.32007e-05 0.0220394 0.000898572 0.000252712 0.20971 5.8421e-05 0.0166089 
0.00435212 0.173373 0.049204 3.4347e-11 0.000231407 0.108486 0.161618 1.39984e-05 0.00407127 0.000522945 0.00482787 0.00575472 0.000132746 0.479416 0.00415479 0.0038415 
7.69593e-05 0.00355147 0.000470822 2.56821e-08 1.20223e-05 0.00874782 0.00292579 0.000674712 5.70046e-05 7.02932e-06 0.00260703 0.00374063 0.000826968 0.00432343 0.971865 0.000113482 
0.0118783 0.169457 0.022476 0.000103184 0.000324956 0.219299 0.464136 0.000393569 0.010641 0.000141005 0.00376043 0.0396143 0.000429535 0.0535485 0.000303547 0.00349436 
0.0357749 0.035103 0.0138364 7.35088e-08 0.0291803 0.807718 0.0235417 0.000165945 4.30663e-05 1.76788e-05 0.00423989 0.00242556 0.00230732 0.0289461 0.00345617 0.0132439 
0.371136 0.00990168 0.0215093 4.23391e-06 6.48317e-05 0.00102678 0.00839295 5.60346e-05 0.000142975 0.000680724 0.00896128 0.00200129 0.538233 0.0337461 0.000516428 0.00362691 
0.0194667 0.00260414 0.00140743 7.75882e-08 8.62199e-05 0.0134822 0.240875 4.76537e-07 0.0276602 0.000192561 8.93253e-05 0.57148 2.30636e-05 0.101569 0.000350517 0.0207127 
0.776071 0.114556 0.00237137 9.52647e-07 5.00842e-05 0.00251723 0.00483852 2.2342e-05 0.000938366 2.12997e-05 0.00168889 0.0132529 0.000181523 0.0742503 5.9283e-05 0.00918029 
0.539668 0.152763 0.0250162 5.98322e-07 5.26014e-05 0.00323339 0.0215432 1.61829e-05 0.000126584 7.28005e-06 0.00273215 0.0168227 8.90311e-05 0.210856 0.000268876 0.0268039 
0.0235401 0.210838 0.059339 5.10526e-09 0.00230078 0.0178578 0.0188278 4.90537e-05 0.00437674 1.12851e-05 0.185702 0.0433986 0.427371 0.00618357 5.64765e-05 0.000147501 
0.0760847 0.0590138 0.0546833 4.52629e-10 0.000871995 0.209556 0.133017 0.001423 0.00817765 6.8555e-05 0.336529 0.0122856 0.0145673 0.0868807 0.00137289 0.00546841 
0.0260258 0.731838 0.0120481 1.85235e-12 1.93698e-08 0.0139902 0.00119789 0.000170075 0.000423594 2.43136e-06 0.000162606 3.23542e-05 1.23309e-09 0.0926442 1.62358e-05 0.121449 
0.00784843 0.299709 0.0626835 3.02428e-08 0.0254719 0.45703 0.0180377 9.00967e-05 0.000158321 2.86614e-05 0.0174281 0.017445 0.0012652 0.0586398 0.000501005 0.0336628 
0.0879033 0.355646 0.00134909 3.10332e-06 5.39795e-05 0.0950841 0.00593834 0.00532971 0.00595941 0.000339996 0.12108 0.000223477 0.119808 0.19105 0.000167969 0.0100625 
0.0640525 0.427386 0.0296671 4.97615e-09 3.58638e-05 0.0747768 0.0131246 3.80963e-05 0.0277644 0.00478223 0.000721265 0.0174535 9.56958e-06 0.047162 0.000129057 0.292897 
0.00732543 0.137641 0.264999 1.52283e-06 0.139757 0.310765 0.0634028 9.8429e-05 0.000310649 6.65379e-06 0.000316993 0.00252775 0.000180721 0.0627285 0.00032841 0.00960983 
0.244227 0.275684 0.134944 1.4368e-05 0.00218898 0.111509 0.0195352 0.000216774 0.00171888 0.029626 0.0161787 0.0842646 0.00736052 0.0594269 0.00130549 0.0118001 
0.00454919 0.528947 0.212257 4.09509e-10 0.00016416 0.0181706 0.030068 1.75239e-06 0.013836 5.58212e-06 0.000225515 0.00442244 1.2288e-06 0.187074 0.000119388 0.00015793 
0.00173271 0.000880369 0.000819557 5.05529e-12 0.986002 0.00319504 0.00255199 5.11199e-07 1.15763e-07 2.31987e-05 3.40162e-05 0.000340541 3.48309e-05 0.00090202 9.92408e-06 0.0034735 
0.000983426 0.026307 0.000425039 1.60942e-09 3.27799e-07 0.66321 0.247485 4.32118e-05 7.19106e-05 8.77249e-08 0.00389311 0.000665536 9.8585e-06 0.0332556 0.0236503 9.7584e-08 
0.107316 0.43104 0.280539 8.52344e-11 4.9367e-05 0.00685469 0.00960838 0.000121382 6.95369e-05 5.62007e-05 0.0377003 0.0302793 0.0452432 0.0424824 0.00376799 0.00487157 
0.0204104 0.133735 0.0475043 2.42636e-07 3.37663e-05 0.00275117 0.0510516 0.000270802 7.07539e-05 0.00132204 0.00519291 0.00219384 0.00188704 0.594511 0.0109796 0.128085 
1.10485e-07 0.00353886 0.0645261 5.82819e-12 0.000212318 0.00146173 0.0234906 2.77869e-09 0.0061695 6.62471e-09 7.48567e-06 0.873355 4.92237e-06 0.0160531 0.0012632 0.00991722 
0.018185 0.126521 0.0267811 3.03528e-08 0.000188343 0.203283 0.481001 1.35908e-05 0.0567888 6.91517e-05 0.000374479 0.00474947 0.000109426 0.0722282 0.00310103 0.00660686 
0.00167929 0.00331485 0.00027837 8.96454e-09 1.02e-05 0.000154479 0.353834 2.06538e-06 2.50274e-08 2.95151e-08 0.00431632 0.61517 1.92256e-05 0.0151598 0.00605839 2.84468e-06 
0.00488917 0.00138461 0.006115 2.79376e-12 0.979498 0.00163325 0.000265256 5.51929e-06 5.88522e-05 1.37522e-06 0.000187838 0.00428837 0.000419937 0.000674674 7.02694e-08 0.000577961 
0.223736 0.0784663 0.00569412 3.10368e-08 1.86152e-05 0.000159061 0.00567061 1.10752e-05 0.000528696 0.000276689 0.000222599 0.00371494 2.30575e-05 0.627612 0.000148728 0.053718 
0.00275489 0.0221196 0.000354814 1.73577e-11 0.564626 0.000949505 0.363353 5.19795e-09 0.00024055 0.00102827 0.000654667 0.0162589 2.47376e-06 0.0185816 0.00804211 0.00103367 
0.00337777 0.0284598 0.000394116 2.06854e-12 0.736051 0.00119899 0.181741 2.88341e-09 0.000326053 0.00066279 0.000851962 0.0141603 3.76128e-06 0.0226276 0.00940262 0.000742273 
0.906163 0.00797266 0.0250204 2.60367e-12 4.37138e-05 0.00100268 0.00307727 6.73873e-05 6.19259e-06 0.00188546 0.00797082 0.000801481 0.029715 0.0124752 0.0013009 0.00249768 
0.0764624 0.0331678 0.0874244 4.26093e-11 2.41091e-05 0.0182803 0.0434131 0.0337282 2.07972e-05 0.000204787 0.661932 0.00680379 0.01557 0.0137715 0.00784858 0.00134876 
0.00336187 0.0281 0.0222831 3.04962e-06 0.000539278 0.348661 0.4395 9.34368e-05 0.000198678 0.00134555 0.000718321 0.0613998 0.000100215 0.0550983 0.0333405 0.00525616 
0.0172683 0.00733273 0.09362 4.22854e-07 1.64217e-05 0.0499012 0.238444 1.4418e-05 0.00114277 0.000155669 0.471589 1.87623e-05 0.0713346 0.0385314 6.2962e-07 0.0106292 
0.0268155 0.013506 0.0453977 6.49851e-12 1.74288e-05 0.00129265 0.0377831 8.30414e-06 0.000358149 0.000273974 0.822517 0.0152807 0.00907628 0.0204596 0.00517941 0.00203464 
0.00473837 0.237713 0.0618955 1.0948e-07 0.000381571 0.00200192 0.0750953 2.18857e-05 0.00209855 0.000553637 0.000307838 0.000964041 1.59169e-05 0.605474 0.000541222 0.008197 
0.903529 0.00712451 0.013004 7.61392e-08 0.000113174 0.000656669 0.009173 9.25375e-06 9.52724e-05 0.00331489 0.00225614 0.00604715 0.0060925 0.0427444 0.000532807 0.0053073 
0.0122694 0.539441 0.0290128 2.46847e-08 0.000216989 0.00625621 0.0360842 8.28348e-08 0.050223 2.67388e-05 0.000183668 0.0658038 1.05525e-05 0.255535 0.000525158 0.00441131 
0.0539187 0.151607 0.000385894 1.62138e-05 1.66442e-05 0.0177708 0.0312234 0.000481474 0.00217028 0.000686318 0.000768341 0.0238221 0.000277324 0.630411 0.0436228 0.0428216 
0.0168641 0.254072 0.0243835 8.849e-08 3.98061e-05 0.280427 0.305945 3.8524e-05 0.00629346 0.000403061 0.00172133 0.00298367 3.72835e-05 0.0897868 0.00815213 0.00885252 
0.0088995 0.0773327 0.00669022 1.42593e-11 7.15186e-08 0.738041 0.0573622 1.24019e-07 0.00297572 0.00116784 0.00383154 0.0139297 0.000847973 0.0623025 0.0264067 0.000212391 
0.0103477 0.844423 0.000913952 4.54266e-10 0.000906757 0.0178875 0.0255833 1.64669e-05 4.45609e-08 3.88038e-09 0.000129677 0.000115402 3.76389e-05 0.0939562 0.000854 0.00482844 
0.235266 0.0142498 0.0276858 5.73641e-06 8.29785e-05 0.000559366 0.00938707 5.45195e-05 0.000319984 0.00110971 0.013898 0.00271647 0.646181 0.0431071 0.000340583 0.00503606 
4.21267e-07 0.106405 2.54703e-07 1.38731e-11 3.15757e-07 0.495497 0.27833 0.00153373 3.98358e-07 3.40827e-07 0.00841089 0.047187 3.49636e-07 2.66167e-06 0.0620843 0.000547542 
7.69593e-05 0.00355147 0.000470822 2.56821e-08 1.20223e-05 0.00874782 0.00292579 0.000674712 5.70046e-05 7.02932e-06 0.00260703 0.00374063 0.000826968 0.00432343 0.971865 0.000113482 
0.000110115 0.130908 0.0268411 1.13994e-09 0.00674815 0.564733 0.0606022 0.00185434 3.31397e-05 8.76818e-06 0.000928782 0.0998736 0.000350605 0.0969172 0.010084 6.92551e-06 
9.6638e-05 0.000699382 5.84284e-05 3.18246e-09 7.24341e-05 0.992864 0.000333063 0.000125611 9.13827e-05 7.81853e-05 6.30517e-05 0.000859028 8.02059e-05 0.000610584 0.00395503 1.25593e-05 
0.0108558 0.0517828 0.029744 1.88087e-07 0.000689064 0.572076 0.0510911 0.000565596 2.32915e-07 0.000126902 0.000669524 0.00198256 0.0052348 0.0324439 0.000585798 0.242151 
0.0362268 0.0263987 0.00786313 2.04971e-07 0.00271004 7.90242e-05 0.0112374 1.27166e-06 1.84517e-05 0.00235592 4.80115e-05 0.0621597 0.00010349 0.100911 0.000103463 0.749784 
0.00707033 0.74411 0.0341692 3.55073e-10 0.000395383 0.0482277 0.0241427 1.87486e-08 0.00278733 7.21987e-07 0.000223414 0.00483291 2.76253e-06 0.123682 7.9227e-07 0.0103547 
7.69593e-05 0.00355147 0.000470822 2.56821e-08 1.20223e-05 0.00874782 0.00292579 0.000674712 5.70046e-05 7.02932e-06 0.00260703 0.00374063 0.000826968 0.00432343 0.971865 0.000113482 
0.829848 0.0127534 3.80248e-06 2.81356e-11 4.23195e-07 0.000660403 5.56501e-06 5.52752e-08 2.6827e-07 0.0730394 0.0782341 8.81859e-07 0.00545186 7.68448e-07 3.89648e-07 6.29171e-07 
0.00128373 0.107921 0.491996 2.18565e-09 1.85987e-06 0.16238 0.0274666 1.45615e-06 0.164351 0.00150423 0.00033656 0.0081928 4.90815e-06 0.0068214 7.81013e-05 0.0276609 
0.034242 0.0442702 0.0188778 5.44634e-05 0.00196303 0.0162652 0.505347 0.000281184 0.0057233 0.000830777 0.00538918 0.212355 0.000165399 0.0860014 0.0608334 0.00740095 
0.000593281 0.489921 0.172227 1.44182e-11 5.58062e-05 0.000696453 0.0237202 4.61443e-09 0.0445834 1.19164e-05 2.79418e-06 0.00623276 2.27922e-06 0.185692 7.74189e-06 0.0762538 
0.00357767 0.262974 0.0353191 6.05084e-11 0.000150511 0.168117 0.171554 8.90109e-05 0.000785963 0.0324983 0.00431737 0.0883605 0.000128084 0.214084 0.00890437 0.00913929 
0.0102889 0.0927941 0.0164559 7.29103e-08 0.0145309 0.00951185 0.347066 2.25787e-07 0.00891812 0.000600218 6.45243e-05 0.43056 2.45445e-05 0.0640379 5.26223e-05 0.00509411 
0.00424348 0.182828 0.301719 7.44471e-10 4.10567e-05 0.115949 0.0190544 0.000199354 0.132282 0.000174243 0.00196787 0.0053198 0.000427438 0.217298 4.11431e-05 0.0184557 
0.00248753 0.0618408 0.0233863 9.81827e-09 1.99005e-07 0.333173 0.0322535 0.000152462 0.0110117 0.00339942 0.00404626 0.00061847 6.22991e-06 0.511023 2.28953e-05 0.0165783 
0.0362268 0.0263987 0.00786313 2.04971e-07 0.00271004 7.90242e-05 0.0112374 1.27166e-06 1.84517e-05 0.00235592 4.80115e-05 0.0621597 0.00010349 0.100911 0.000103463 0.749784 
0.0211496 0.165237 0.510882 7.2754e-06 0.00141981 0.122399 0.0316806 0.00613154 0.00276275 0.00112683 0.00753885 0.0180478 0.00399753 0.0640226 0.000641938 0.0429549 
0.000118552 3.05778e-07 1.97883e-07 1.41264e-09 0.00955075 0.00104908 0.805617 6.30755e-09 0.0572051 1.2901e-05 0.000141962 0.12369 0.000328492 0.00132344 0.000320774 0.000641728 
0.00255852 0.00572625 0.0250886 1.5707e-06 4.25669e-06 0.702832 0.140562 0.000258588 0.00096872 0.0015312 0.00353176 0.00378638 0.00100077 0.100887 2.60967e-05 0.011237 
7.69593e-05 0.00355147 0.000470822 2.56821e-08 1.20223e-05 0.00874782 0.00292579 0.000674712 5.70046e-05 7.02932e-06 0.00260703 0.00374063 0.000826968 0.00432343 0.971865 0.000113482 
0.24093 0.0347465 0.0109915 1.99488e-11 1.4118e-08 0.00012251 0.0337939 3.28865e-07 1.39302e-05 4.96839e-08 7.99936e-05 0.000135408 1.26573e-05 0.674228 0.000324721 0.00462111 
0.00772209 0.00590391 0.0724499 3.86644e-06 0.00592592 0.732027 0.132478 6.52829e-06 0.00555488 2.21656e-05 0.00256376 0.000296283 0.0168675 0.0109389 0.000156143 0.0070832 
0.270963 0.360533 0.00801357 1.74694e-08 0.00406931 0.0165568 0.0103865 0.215399 6.53874e-05 3.51247e-05 0.00383013 0.00468729 0.00239982 0.0846887 0.000130072 0.0182423 
0.00166471 0.00540099 0.00600894 1.05349e-07 0.0115908 0.203179 0.616116 0.000474573 0.000708706 0.00271034 0.0306901 0.0397354 3.53224e-05 0.00125903 0.000463601 0.0799623 
0.0222179 0.00780578 0.00135685 1.54541e-08 6.07095e-05 0.000766925 0.424705 1.75858e-05 0.0755876 0.00148031 4.61703e-06 0.279996 9.13626e-06 0.162623 3.0143e-05 0.0233381 
0.0357129 0.386824 0.393158 6.26974e-08 0.00078881 0.0228969 0.0270634 0.00114577 4.4295e-06 0.0249398 0.0120149 0.00740763 1.72454e-05 0.0754161 0.00319084 0.00941844 
0.0362268 0.0263987 0.00786313 2.04971e-07 0.00271004 7.90242e-05 0.0112374 1.27166e-06 1.84517e-05 0.00235592 4.80115e-05 0.0621597 0.00010349 0.100911 0.000103463 0.749784 
0.000536171 0.00521923 0.00604662 3.3717e-11 1.49439e-05 0.0555299 2.61767e-05 0.896991 8.74026e-05 0.0084604 0.00206872 2.62947e-06 0.0246689 9.31089e-07 1.53958e-05 0.000331607 
0.0399663 0.0531482 0.029669 1.12054e-07 0.00124606 0.0163415 0.0138677 4.10047e-06 0.656812 1.42791e-05 0.00271327 5.73235e-05 0.00252181 0.0665523 1.17052e-05 0.117075 
0.0352528 0.13426 0.0586827 1.18455e-07 0.000136317 0.115023 0.557236 1.80441e-05 0.00475775 0.000170103 0.0143094 0.0147682 0.000333145 0.0486341 0.0015709 0.0148478 
0.132126 0.202102 0.0390576 4.17563e-05 0.00331849 0.301117 0.0829286 0.000137343 0.000620798 0.000318952 0.00935848 0.12227 0.00374076 0.0298848 0.0723302 0.000648406 
0.0203119 2.47712e-06 0.0111494 2.47445e-06 0.00767509 0.258821 0.020315 0.00198206 0.0158471 0.592053 0.016343 2.47688e-06 0.00446021 0.0361688 2.47535e-06 0.0148633 
0.0437176 0.339814 0.053561 8.88314e-06 0.195127 0.17599 0.0845617 0.000160912 0.000177728 0.000444206 0.0670593 0.00715849 0.000458279 0.0298707 0.000701226 0.00118913 
0.00135091 0.0685697 0.0497662 5.35639e-07 0.0786886 0.535157 0.177723 0.000187441 0.00655375 9.13783e-05 0.00823782 0.0451417 0.000118397 0.017826 0.000105471 0.010482 
0.00807414 0.0834611 0.0647784 1.60501e-05 0.00174744 0.134008 0.00827339 0.00212663 0.00105011 3.86146e-05 0.0400989 0.000241475 0.623368 0.0260363 0.000387139 0.00629415 
0.00738701 9.32025e-06 0.000164555 4.53699e-13 0.991961 8.22215e-07 0.00016629 1.73207e-07 4.65104e-06 6.99254e-07 1.58749e-05 0.000132183 6.91335e-05 8.83179e-05 1.04317e-10 1.01025e-08 
0.011052 0.152894 0.000855322 1.14223e-08 1.09676e-05 0.0793803 0.00285871 2.37401e-05 0.0324158 1.34355e-05 0.00255702 4.6554e-05 0.000188608 0.0272717 2.86478e-05 0.690404 
0.49427 0.134951 0.0190504 7.92185e-08 0.0034452 0.00635761 0.0519701 6.31776e-06 0.000469969 0.00158072 0.00742972 0.0529004 8.92478e-05 0.205986 0.000182977 0.0213102 
4.19588e-05 0.00783606 0.0282858 2.92329e-10 0.318375 0.565246 0.0283205 3.29774e-06 0.000528332 2.27621e-07 0.000478042 0.000412374 0.000219554 0.0194711 0.00034449 0.0304367 
0.559767 0.263645 0.0203415 6.71387e-06 0.0114383 0.0162658 0.00405928 0.000312091 0.000860557 0.00337699 0.00108636 0.00213283 0.000121224 0.0490353 8.42578e-06 0.0675425 
0.0198116 0.0173451 0.0269193 3.04304e-09 0.000261809 0.0289721 0.45889 5.61549e-06 0.155241 0.000529412 0.00229698 0.222833 1.17125e-06 0.0637683 0.00285265 0.000272278 
0.00603884 0.0170948 0.0117768 8.28671e-07 0.000131293 0.854419 0.0282538 0.000388607 0.00488569 0.000161958 0.0121944 0.000248273 0.000208587 0.0609793 0.00253127 0.00068632 
0.776071 0.114556 0.00237137 9.52647e-07 5.00842e-05 0.00251723 0.00483852 2.2342e-05 0.000938366 2.12997e-05 0.00168889 0.0132529 0.000181523 0.0742503 5.9283e-05 0.00918029 
0.559767 0.263645 0.0203415 6.71387e-06 0.0114383 0.0162658 0.00405928 0.000312091 0.000860557 0.00337699 0.00108636 0.00213283 0.000121224 0.0490353 8.42578e-06 0.0675425 
0.0354081 0.159084 0.00701179 9.11948e-07 0.00078711 0.279902 9.56333e-05 0.000193539 0.00190564 0.000447358 0.000152377 1.11335e-05 3.24525e-06 0.187946 0.00028322 0.326768 
0.0171144 0.182467 0.111614 5.62933e-05 0.000251057 0.0179571 0.395241 0.0729551 0.000285266 0.00444891 0.00132383 0.0006765 0.000228088 0.178775 0.000392439 0.0162154 
0.00637811 0.0284952 0.0874362 2.15632e-09 0.000455247 0.0275847 0.100512 1.89568e-05 0.0666856 0.000496339 0.24236 0.02702 5.68298e-06 0.159247 0.248 0.00530456 
0.00180849 0.170999 0.0216458 1.69315e-12 0.00148915 0.116111 0.207987 0.000165126 8.86791e-09 0.000196946 0.00209664 0.0455648 0.000794517 0.17764 0.253225 0.000275788 
0.166231 0.0553315 0.0647919 1.57155e-07 0.000556181 0.00951673 0.00890704 1.10945e-05 0.000168245 0.00131084 0.000108914 0.00935014 7.38182e-05 0.409474 2.49503e-05 0.274144 
0.0933763 0.0385004 0.133342 4.52401e-08 0.699205 0.00642995 0.0131137 2.14376e-05 7.03606e-05 5.10016e-05 0.000575831 0.00396282 0.000515314 0.00440053 5.28014e-05 0.00638299 
0.0517076 0.298339 0.0513522 9.37443e-06 1.32083e-05 0.00709762 0.100677 0.000264456 0.00106187 4.31058e-05 0.000626785 0.00320669 2.08347e-05 0.369522 0.00554862 0.110509 
0.843067 0.00901771 0.0333583 3.78568e-05 0.000606245 0.00557544 0.0241941 6.34944e-05 0.00768892 0.000171355 0.0200381 0.0190843 0.00246268 0.0243039 0.000644241 0.00968613 
0.00173252 0.0158941 0.0334193 1.88834e-09 2.95697e-05 0.14387 0.126625 1.29605e-06 0.000687121 0.00233551 0.662283 0.00365188 0.000107612 0.00677096 4.96051e-07 0.00259117 
0.286542 0.124035 0.0195992 1.71607e-07 5.2576e-06 0.00196523 0.00981381 2.44085e-06 6.10763e-05 4.75703e-05 7.749e-05 0.00146687 2.17374e-05 0.490886 2.42004e-06 0.0654734 
0.041454 0.0487975 0.0120767 5.54484e-06 0.00119253 0.00534637 0.156619 5.96262e-05 0.000442638 0.383555 0.00183106 0.0461449 0.00117296 0.286105 0.00920976 0.00598721 
0.00271106 0.00285954 0.00405773 2.83679e-09 5.2334e-05 0.000600322 0.000368163 5.26755e-06 8.69239e-05 1.85245e-06 0.973198 0.000153167 0.015685 2.63097e-05 1.1135e-06 0.000192815 
0.0655129 0.0664644 0.0575006 5.64361e-08 0.000187628 0.0118061 0.120097 5.22834e-05 0.000153672 7.047e-05 0.00094705 0.00338073 0.00578884 0.649614 0.0133701 0.00505438 
0.00044848 0.0434637 0.0110614 2.20889e-08 2.57977e-06 0.756041 0.0687469 0.000113985 5.79253e-05 0.000407575 0.00062145 0.00260486 0.000154778 0.114002 0.00155063 0.000723234 
0.0190672 0.116246 0.203294 1.83662e-08 6.57021e-05 0.00560385 0.0636386 0.0962732 0.00216862 0.000278751 0.0665602 0.0264588 0.000136542 0.366072 0.000461336 0.0336752 
0.0610559 0.115888 0.00822667 2.04419e-07 2.04468e-07 0.00421514 0.18125 2.04422e-07 0.00482699 0.00560048 0.00546125 0.283256 0.000429843 0.248313 0.00171795 0.0797588 
0.016183 0.0663946 0.012543 1.33516e-07 0.000955844 0.127088 0.543649 0.0101855 0.000618075 0.00350263 0.00232227 0.0389633 3.50513e-05 0.147568 0.00399122 0.0260001 
0.0335274 0.218439 0.088991 0.000126988 0.002214 0.189659 0.189584 0.000153544 0.00386964 0.00692557 0.0036561 0.0981558 0.000257906 0.127854 0.000382942 0.0362025 
0.0109948 0.0788235 0.0225993 3.99126e-11 3.81462e-08 0.605109 0.119083 1.05843e-07 0.0937557 1.40396e-06 1.53977e-06 0.0245545 9.04604e-05 0.0432674 0.00171913 4.24393e-07 
0.274457 0.0562147 0.143924 2.67038e-06 6.97292e-06 0.00352218 0.000773018 8.7247e-05 0.000959438 0.00092301 0.0935649 0.000369504 0.0052234 0.316243 3.36338e-05 0.103695 
0.0575313 0.0577631 0.138794 1.64807e-05 0.00120192 0.378104 0.14705 0.000235919 0.0064207 0.00109452 0.143777 0.00857932 0.0019313 0.0364783 2.96855e-05 0.0209931 
0.0989422 0.0607547 0.00852505 1.81933e-06 0.0030634 0.322025 0.105611 9.08286e-05 0.00620876 0.000107493 0.0061492 0.00267189 0.0255968 0.346515 0.004085 0.00965266 
0.063286 0.107622 0.124538 4.75226e-05 0.00386472 0.0138361 0.0778557 0.000216565 0.161465 0.000966648 0.0036972 0.0190551 0.0384334 0.352806 0.0041016 0.0282083 
0.0126663 0.478239 0.0154556 9.19338e-12 0.00167462 0.00905616 0.034587 5.06531e-09 0.000217033 7.35387e-09 0.00127658 0.0011373 2.49308e-05 0.433978 0.00293344 0.00875452 
0.0663733 0.0771899 0.381365 8.96741e-05 0.00017184 0.0361196 0.0814168 0.00090466 0.0110176 0.0950891 0.169869 0.00144516 0.0300264 0.0432984 0.00156429 0.00405952 
0.0153268 0.215482 0.440303 4.49999e-05 0.000778401 0.11957 0.0611288 0.000141678 0.0131786 0.000500163 0.00121124 0.00174025 0.000287406 0.120376 0.0017747 0.00815563 
0.912095 0.00562213 0.0113406 6.44305e-10 0.000194893 9.19861e-05 0.00977923 4.7699e-07 4.13266e-05 0.00449219 0.00145664 0.00327778 0.000708628 0.0471599 0.000123293 0.00361634 
0.131964 0.133692 0.107271 9.06779e-06 0.00169715 0.0613817 0.0617694 3.4819e-05 0.00307381 0.000976588 0.0741955 0.0980825 0.0316706 0.274439 0.00289441 0.0168488 
0.27486 0.0885777 0.0161305 4.2352e-09 8.08747e-06 0.000310331 0.0298075 0.000172993 0.000409685 0.000451819 0.00442311 0.164763 0.000348337 0.295348 0.0218607 0.102529 
0.13816 0.324721 0.010048 1.46133e-07 0.000553169 0.0375631 0.0562677 1.01219e-05 0.000261411 0.000562054 0.00059577 0.00284126 1.23964e-06 0.423969 9.61739e-05 0.00434878 
0.0362268 0.0263987 0.00786313 2.04971e-07 0.00271004 7.90242e-05 0.0112374 1.27166e-06 1.84517e-05 0.00235592 4.80115e-05 0.0621597 0.00010349 0.100911 0.000103463 0.749784 
0.0224731 0.514991 0.102875 3.82737e-07 0.00279803 0.00770865 0.106194 0.000398897 0.00511067 7.5143e-05 0.00602185 0.00193698 0.00127623 0.204376 0.00209088 0.0216733 
0.00943734 0.0292016 0.013426 2.17464e-06 0.000302388 0.628671 0.00476823 0.000333656 0.0028787 4.71014e-06 0.0486339 0.00249573 0.251199 0.00789467 8.40327e-05 0.000666556 
0.753125 0.0398012 0.0674544 3.21644e-06 0.000114469 0.00126992 0.00964183 0.000266692 0.000298062 0.00195541 0.0065067 0.00710066 0.0114516 0.0746455 0.000984497 0.0253812 
0.00240401 0.0758802 0.00312993 8.72568e-10 3.90295e-07 0.415805 0.308005 2.23452e-07 0.115556 3.43462e-05 0.0101728 0.00219328 8.00368e-05 0.0662238 3.80937e-05 0.000477136 
7.69593e-05 0.00355147 0.000470822 2.56821e-08 1.20223e-05 0.00874782 0.00292579 0.000674712 5.70046e-05 7.02932e-06 0.00260703 0.00374063 0.000826968 0.00432343 0.971865 0.000113482 
0.0274622 0.0521553 0.045024 5.36265e-08 5.12026e-06 0.000202717 0.0279948 1.27445e-07 5.18518e-05 0.000123972 0.00175911 0.00170831 3.94915e-06 0.841542 0.000150336 0.00181606 
0.0085237 0.12315 0.164565 1.66076e-06 0.000352627 0.0296043 0.0423977 0.000290115 0.008058 0.000516099 0.146226 0.00092079 0.329787 0.139898 9.89645e-05 0.0056086 
0.534688 0.0249449 0.0239244 2.58398e-07 0.123934 0.000790296 0.201419 2.63292e-05 0.0113337 0.000210687 0.0044082 0.00310063 0.000536406 0.0488962 0.0153889 0.00639724 
0.0766962 0.19415 0.0867137 7.21242e-06 0.00529515 0.397092 0.0195907 0.0181538 0.00461146 0.0321834 0.0625218 0.00372236 0.00289931 0.0536354 0.000843197 0.0418849 
0.00342652 0.707632 0.256333 8.94718e-10 1.53618e-07 6.57541e-07 9.95474e-07 6.06171e-08 1.73305e-06 4.47996e-07 1.64099e-06 4.07979e-06 1.10227e-07 0.0325961 3.66869e-07 1.84896e-06 
0.0103477 0.844423 0.000913952 4.54266e-10 0.000906757 0.0178875 0.0255833 1.64669e-05 4.45609e-08 3.88038e-09 0.000129677 0.000115402 3.76389e-05 0.0939562 0.000854 0.00482844 
0.190294 0.0340597 0.127074 5.93151e-07 0.000531452 0.0166609 0.0515876 0.0554731 0.413245 0.0113378 0.00387182 0.000381357 0.000110361 0.0909795 0.00200647 0.00238661 
0.015275 0.0214446 0.843501 1.62925e-05 0.000250174 0.016972 0.00706095 0.00180704 0.00105353 0.000106117 0.0533075 0.00259581 0.0218112 0.0104037 0.000567914 0.00382689 
0.00727806 0.145337 0.057118 5.95689e-08 0.000298456 0.0250158 0.273113 0.000244479 0.00058512 2.15924e-05 0.0606751 0.165744 0.000522759 0.101708 0.146814 0.0155239 
0.00202573 0.0434379 0.153802 6.65475e-06 1.24062e-05 0.000744167 0.000534067 8.54163e-06 0.000698423 3.85286e-05 0.00253517 0.772561 8.29962e-05 0.0146252 0.000425402 0.00846104 
0.358699 0.126674 0.0019897 1.62817e-09 2.01319e-05 0.000419728 0.00418693 8.97617e-07 0.000194656 3.06618e-05 5.64447e-05 0.00428981 3.80496e-06 0.499967 7.60086e-05 0.00339163 
0.00468326 0.0805142 0.0959131 1.35471e-05 0.00653171 0.147536 0.0172711 0.0481032 0.00240117 0.000637045 0.241622 0.00766451 0.0398209 0.0173882 0.276903 0.0129977 
0.436995 0.0592498 0.00225451 2.32554e-07 5.10777e-06 0.00049037 0.0056795 1.01963e-06 0.00364565 0.000187758 0.000177826 0.00575425 3.11462e-06 0.48129 0.00015772 0.00410896 
0.00488917 0.00138461 0.006115 2.79376e-12 0.979498 0.00163325 0.000265256 5.51929e-06 5.88522e-05 1.37522e-06 0.000187838 0.00428837 0.000419937 0.000674674 7.02694e-08 0.000577961 
0.0823853 0.240421 0.0247041 3.51895e-12 1.91221e-08 0.020668 0.0972127 1.85608e-05 0.000545788 8.23041e-06 0.00344544 0.0123132 3.48522e-05 0.481844 0.00471278 0.0316862 
0.00462842 0.298309 0.0741489 4.5826e-08 0.000273647 0.08885 0.200507 0.000115423 0.0041084 5.10557e-05 0.000872395 0.045974 0.010316 0.239757 0.0136857 0.0184041 
0.00367028 0.0874672 0.168713 2.34961e-06 2.40035e-05 0.00122275 0.00291524 6.38506e-06 0.00227992 7.00621e-05 0.00316136 0.696203 9.26888e-05 0.0231167 0.000165103 0.0108895 
0.00338036 0.0947469 0.0564887 1.75991e-09 0.00565855 0.357406 0.225566 0.00143393 0.00718664 0.0587908 0.0248783 0.0221816 0.000235063 0.114117 0.000495204 0.0274354 
0.00738701 9.32025e-06 0.000164555 4.53699e-13 0.991961 8.22215e-07 0.00016629 1.73207e-07 4.65104e-06 6.99254e-07 1.58749e-05 0.000132183 6.91335e-05 8.83179e-05 1.04317e-10 1.01025e-08 
0.51283 0.0540619 0.00288079 7.17029e-08 3.04372e-06 0.000828073 0.0208272 1.28552e-06 0.000607248 6.73628e-05 0.000804123 0.00359843 4.37721e-06 0.386709 0.000616107 0.0161606 
7.69593e-05 0.00355147 0.000470822 2.56821e-08 1.20223e-05 0.00874782 0.00292579 0.000674712 5.70046e-05 7.02932e-06 0.00260703 0.00374063 0.000826968 0.00432343 0.971865 0.000113482 
0.690349 0.0380869 0.0912618 1.80953e-12 0.000163266 0.0106326 0.00611197 0.000234399 5.03293e-06 0.000637618 0.0668505 0.00211322 0.0849433 0.000872684 0.00535809 0.00237997 
0.0974406 0.34806 0.0208449 2.34554e-06 0.00759625 0.0129964 0.0511433 3.33248e-05 0.00607014 0.00246347 0.0618878 0.0208209 0.00101631 0.245606 0.00398877 0.12003 
0.00993931 0.143237 0.0413731 1.39325e-08 0.00948448 0.52819 0.0493823 0.000707646 0.0779789 9.34609e-05 0.0049361 0.0347134 0.0050002 0.0307059 0.0601855 0.00407231 
0.0030907 0.0924571 0.0323731 3.57471e-07 9.4019e-05 0.16213 0.470278 4.09657e-05 0.0106475 0.000134801 0.0508903 0.048926 0.000190295 0.0491408 0.00591203 0.0736944 
0.000377986 0.015195 0.000756732 3.35163e-07 1.95325e-05 0.000506879 0.000628475 0.000166968 9.25408e-06 0.973282 0.000229016 6.5291e-05 9.94416e-06 0.00815079 3.07532e-06 0.000599134 
0.154015 0.0336591 0.0448022 4.88177e-05 0.00116296 0.0751356 0.0352897 0.062914 0.00213119 0.000309912 0.0176294 0.0155024 0.508026 0.0367638 0.000301734 0.0123075 
0.416487 0.197759 0.00103841 1.72714e-07 7.06426e-05 0.00197642 0.019594 1.09005e-05 0.00134773 7.10416e-05 0.000236536 0.00875702 5.20932e-06 0.342586 0.00114834 0.00891181 
0.110688 0.445024 4.15192e-06 1.1607e-10 1.4381e-06 0.189981 0.136308 7.86673e-07 0.00036765 0.00517983 0.00016777 0.00446029 0.000393589 0.0554134 2.16923e-07 0.0520091 
0.103656 0.00255594 0.00804826 1.57885e-07 0.0122604 0.00174197 0.143056 2.286e-06 9.41748e-05 0.00498724 0.700317 0.000474637 0.000192441 0.022182 3.27309e-05 0.000397796 
0.0229344 0.0332425 0.0134351 2.90857e-09 0.870674 0.00254368 0.010757 4.74214e-07 0.000448973 7.50505e-06 0.0100505 0.0315755 0.000635062 0.00301312 1.23618e-07 0.000682308 
0.0191791 0.010385 0.0487618 3.06214e-12 0.753508 0.0522942 0.0240106 6.18937e-06 0.0433472 6.10482e-05 0.00935968 0.0106581 0.00137572 0.0202267 1.13138e-05 0.00681486 
0.0553137 0.10663 0.0503948 6.1446e-07 9.68513e-05 0.0353369 0.13215 3.02007e-06 0.00236483 0.000876437 0.0172825 0.0576662 1.79818e-05 0.520972 0.0185319 0.00236226 
1.15301e-07 0.0972012 0.0202382 1.15193e-07 0.000184468 0.0527613 0.416898 1.15195e-07 0.000610956 0.00218847 0.0057169 0.350694 1.1529e-07 0.0500139 0.00289252 0.000599693 
0.329133 0.243172 0.128943 0.000946469 0.000953419 0.0371593 0.0416273 0.00122366 0.0033715 0.00181194 0.00456062 0.0181012 0.00435292 0.159559 0.00126599 0.0238178 
0.0279336 0.181887 0.542908 5.21734e-05 0.00936484 0.0745348 0.0312217 0.000956296 0.0413261 0.000512363 0.0143025 0.0301822 0.00361762 0.0298143 0.000588716 0.0107984 
0.355428 0.238079 0.0560102 2.97088e-10 3.44089e-05 0.232758 0.0126962 1.32493e-06 0.00077132 0.00211922 0.00326979 0.0393412 0.00058455 0.0546464 2.74737e-08 0.00426086 
0.00586524 0.00258988 0.00347016 2.94575e-07 0.000627092 0.00747339 0.152705 0.000161432 0.158161 0.00152991 4.97748e-05 0.000675628 0.0168503 0.425703 0.218465 0.00567221 
0.029025 0.152696 0.156251 1.79364e-05 0.00147692 0.0384937 0.060904 0.000932602 0.000172465 0.00138913 0.40141 0.00040563 0.0852976 0.0330595 0.031744 0.00672427 
0.000247665 0.0417377 0.231841 3.16672e-07 1.09814e-05 0.00221329 0.0406395 6.97423e-07 0.000604195 0.00112163 0.000141634 0.00181877 1.07247e-06 0.677442 5.74086e-05 0.00212188 
0.00209605 0.0691097 0.0087606 1.33329e-10 6.34551e-05 0.0220735 0.355553 5.9016e-06 0.234136 2.36982e-07 0.000216102 0.00128566 9.33852e-06 0.306338 1.17654e-05 0.00034149 
0.230894 0.45135 0.0220744 2.94107e-12 2.8827e-05 0.00450129 0.00705252 1.56474e-05 0.00043857 1.21103e-07 0.000629343 0.00283227 3.45678e-05 0.258414 9.18325e-05 0.0216426 
0.534688 0.0249449 0.0239244 2.58398e-07 0.123934 0.000790296 0.201419 2.63292e-05 0.0113337 0.000210687 0.0044082 0.00310063 0.000536406 0.0488962 0.0153889 0.00639724 
0.00126727 0.167741 0.0274713 1.09322e-08 3.08181e-05 0.00244048 0.0558334 2.70591e-07 0.000169599 5.12623e-06 0.00711801 0.00552477 8.65217e-06 0.727462 1.89322e-05 0.00490841 
0.00632535 0.584153 0.199509 1.76961e-07 0.00683133 0.00793478 0.0048597 2.17481e-06 0.00085988 0.000260541 0.0183513 0.000600299 1.28949e-06 0.160447 0.00030133 0.00956329 
0.0219892 0.0302316 0.131118 9.73549e-07 4.47098e-05 0.0495721 0.0579019 1.28199e-05 0.0169334 0.00415359 0.497221 0.00848274 0.000505118 0.164691 0.000140404 0.0170019 
0.00738701 9.32025e-06 0.000164555 4.53699e-13 0.991961 8.22215e-07 0.00016629 1.73207e-07 4.65104e-06 6.99254e-07 1.58749e-05 0.000132183 6.91335e-05 8.83179e-05 1.04317e-10 1.01025e-08 
0.0418752 0.403958 0.0536382 5.74993e-06 2.01693e-05 0.0877556 0.103518 0.000248188 0.00962378 0.000497595 0.00298225 0.023868 0.00576928 0.112568 0.0989375 0.0547338 
0.00738701 9.32025e-06 0.000164555 4.53699e-13 0.991961 8.22215e-07 0.00016629 1.73207e-07 4.65104e-06 6.99254e-07 1.58749e-05 0.000132183 6.91335e-05 8.83179e-05 1.04317e-10 1.01025e-08 
0.00836849 0.523346 0.00329105 2.3633e-12 0.00155873 0.0205563 0.0107669 2.5872e-09 0.00259311 6.56179e-09 0.00180095 0.000157642 4.77976e-06 0.427206 2.18191e-05 0.000328453 
0.0846213 0.0305586 0.0510581 1.10919e-10 0.00312689 0.00208421 0.000403739 1.12744e-05 2.36012e-07 4.75435e-07 1.33311e-07 8.25549e-06 8.44903e-06 0.687738 2.58981e-08 0.14038 
0.0239166 0.221841 0.579397 4.51922e-05 0.000111297 0.00427857 0.012747 6.59676e-05 0.00052209 0.00025097 0.0191118 0.0273802 0.0219246 0.063103 0.00370604 0.0215988 
0.0207023 0.286927 0.17435 4.02215e-07 0.000168691 0.0555877 0.0980017 6.39613e-06 0.0532067 0.000307282 0.0023613 0.00353092 1.49719e-05 0.300559 0.00112938 0.0031467 
0.00534778 0.105927 0.0196599 4.31616e-07 0.00335958 0.027165 0.712084 2.23908e-05 7.01552e-05 1.31297e-06 4.57758e-05 0.0716187 3.17397e-05 0.0438193 0.000929894 0.00991655 
0.0647486 0.282758 0.0283942 2.82667e-12 0.000690246 0.000418674 0.00648227 4.35949e-09 4.03243e-05 2.34298e-05 0.000457805 0.000230132 9.40486e-09 0.46879 1.53057e-09 0.146966 
0.00750725 0.379735 0.109507 1.07927e-05 1.33061e-05 0.0101361 0.00608377 0.00268578 6.78023e-05 0.000148094 0.396832 0.000133312 0.0120965 0.0112886 0.0237643 0.0399905 
0.0361135 0.295209 0.1874 9.29607e-07 3.53076e-06 0.0127746 0.0227519 0.000188528 0.00776814 9.22182e-05 0.019741 0.0060075 0.00106011 0.124532 0.000336789 0.28602 
0.00454533 0.247047 0.0524117 8.57775e-08 0.000614455 0.5053 0.0258591 0.000203138 0.0122294 1.72364e-05 0.0186986 0.000704325 6.85294e-05 0.11461 0.0010506 0.016641 
0.122739 0.0146039 0.0495889 1.09911e-09 1.01632e-05 0.00572034 0.0137291 1.12282e-06 0.000662073 0.721964 0.0277533 0.000499658 0.000358468 0.0134531 0.00021976 0.0286971 
0.00130389 0.0143959 0.00109075 5.45511e-09 6.11639e-06 0.000442335 0.456145 2.96684e-05 1.63119e-08 1.98616e-05 0.00437357 0.503816 3.82716e-05 0.0123546 0.00596977 1.43057e-05 
0.96308 0.00831671 0.0115271 1.41385e-08 4.97516e-05 0.00213596 0.00464906 1.13341e-07 7.30307e-05 0.00019504 0.000755399 0.000193531 0.000121273 0.00832862 0.000148387 0.000426345 
0.0831474 0.313685 0.0885143 9.67099e-08 0.032846 0.119636 0.0354393 0.00464727 0.00104189 7.94677e-06 0.00078338 5.38528e-06 8.43811e-05 0.273796 0.000140603 0.0462245 
0.00586835 0.405433 0.0119344 2.21604e-08 3.31454e-05 0.0746259 0.155072 1.5556e-05 9.89129e-08 7.29686e-08 0.00080087 0.0537036 2.98242e-06 0.290621 0.000374203 0.00151482 
0.00243143 0.137628 0.0250139 5.39938e-08 0.000275911 0.56398 0.121724 3.05025e-05 0.00153956 0.0110911 0.000292253 0.0781442 0.000220675 0.0130167 0.00959762 0.0350139 
0.300008 0.058576 0.0114515 6.46416e-07 0.00310798 0.0136751 0.177902 0.000323163 0.00111637 0.00121818 0.00445261 0.00606253 4.93422e-05 0.263307 0.00723494 0.151514 
0.578038 0.0585362 0.0131164 3.78065e-10 1.32073e-05 0.00342306 0.0475498 3.54677e-05 0.0157474 0.000805509 0.0125113 0.0289179 0.00557896 0.194886 0.0163947 0.0244453 
0.0208593 0.0188537 0.0353449 1.39684e-08 0.0001114 0.0121871 0.606985 3.21062e-05 0.00178094 0.000246726 0.0186866 0.000130308 0.000181668 0.282309 0.000539513 0.00175194 
0.0362268 0.0263987 0.00786313 2.04971e-07 0.00271004 7.90242e-05 0.0112374 1.27166e-06 1.84517e-05 0.00235592 4.80115e-05 0.0621597 0.00010349 0.100911 0.000103463 0.749784 
0.000274753 0.0300619 0.00436131 1.00121e-05 0.00901572 0.824969 0.068602 3.54076e-05 4.56529e-05 9.43243e-05 0.000637376 0.0141114 0.000130766 0.0348143 0.0126802 0.000155956 
0.314722 0.242282 0.0920871 0.000267869 0.0045598 0.0035456 0.0395574 0.000286868 0.000328697 0.00113825 0.0139888 0.0190369 0.0473455 0.181149 0.00893392 0.0307705 
0.050845 0.0355708 0.143077 1.46729e-08 0.31716 0.225995 0.103968 0.000771896 0.0245963 0.00084324 0.0277874 0.019549 0.0108645 0.0317167 0.00276358 0.00449177 
0.0667701 0.17122 0.0810534 0.000113032 0.000313955 0.0203303 0.0369247 0.000653858 0.104626 0.00373022 0.21672 0.00840733 0.00296873 0.266916 0.00312395 0.0161281 
0.369426 0.17356 0.00171967 1.46826e-10 7.80931e-05 0.008803 0.000256577 4.14883e-05 0.000849009 4.28702e-05 0.00310523 1.67189e-05 2.44982e-05 0.166624 2.13296e-05 0.275431 
0.00686854 0.0115117 0.0851801 2.83249e-06 0.0273607 0.672968 0.0716109 7.53717e-06 0.0244056 0.0510046 0.00220084 0.00347801 7.87205e-06 0.0106344 0.0317238 0.00103435 
0.0258123 0.0163555 0.0366629 4.85618e-08 2.60709e-06 0.0630584 0.0236477 1.53855e-05 0.14177 0.310879 0.0555387 1.62569e-05 8.53666e-05 0.020438 0.000213959 0.305504 
0.00290413 0.627727 0.114555 5.07037e-11 6.17724e-07 0.00404296 0.033055 2.99873e-06 2.91671e-07 2.06892e-07 0.162508 0.00030562 3.79296e-05 0.0523155 1.95101e-05 0.00252532 
0.0427648 0.0118595 0.0190754 2.46972e-05 0.00155282 0.0753269 0.632223 0.000787895 0.060016 0.0118235 0.0188503 0.0198525 0.00385335 0.101656 0.000269503 6.3492e-05 
0.0942617 0.0988078 0.229056 3.91535e-05 7.47962e-05 0.0713545 0.0508857 0.000604685 0.0528654 0.000223927 0.0157024 0.0001131 9.74153e-05 0.077237 0.000252427 0.308424 
0.09437 0.16346 0.0451525 7.85377e-10 0.000144126 0.152243 0.0184602 0.000703803 0.00247711 0.000113688 0.00216054 0.00109062 0.00903545 0.14424 0.00668348 0.359666 
0.0212527 0.0313961 0.0270799 2.45794e-08 0.000403353 0.00432564 0.0292918 2.37671e-05 0.000297977 5.11922e-05 0.320829 0.0527833 0.460612 0.0376352 0.00021717 0.0138003 
7.69593e-05 0.00355147 0.000470822 2.56821e-08 1.20223e-05 0.00874782 0.00292579 0.000674712 5.70046e-05 7.02932e-06 0.00260703 0.00374063 0.000826968 0.00432343 0.971865 0.000113482 
0.0318391 0.000836308 0.00612861 3.68608e-06 0.000719389 0.00154835 0.0540533 1.10364e-05 0.429316 0.000471881 0.0211721 0.000314766 0.409304 0.0409706 0.000203903 0.00310704 
0.0362268 0.0263987 0.00786313 2.04971e-07 0.00271004 7.90242e-05 0.0112374 1.27166e-06 1.84517e-05 0.00235592 4.80115e-05 0.0621597 0.00010349 0.100911 0.000103463 0.749784 
0.0362268 0.0263987 0.00786313 2.04971e-07 0.00271004 7.90242e-05 0.0112374 1.27166e-06 1.84517e-05 0.00235592 4.80115e-05 0.0621597 0.00010349 0.100911 0.000103463 0.749784 
0.00798145 1.26984e-05 0.00016658 4.96188e-13 0.990796 1.11884e-06 0.000298663 2.35493e-07 3.25249e-05 9.77784e-07 1.81837e-05 0.0005052 7.18011e-05 0.000114307 3.07322e-09 6.20719e-07 
0.0853218 0.529726 0.104159 6.09398e-12 0.0229646 0.00465951 0.000722878 3.67988e-06 0.000285293 8.85918e-06 0.00268585 0.000202275 0.000101021 0.12814 1.93994e-05 0.121 
0.000578362 0.0041596 0.0182934 1.24853e-08 7.57849e-05 0.740537 0.077641 0.000136376 0.0304106 4.46084e-07 0.0968159 0.000844432 0.00051909 0.0249004 9.68262e-05 0.00499086 
0.61466 0.0552626 0.00145122 1.27792e-07 5.66897e-06 0.0010252 0.0214033 2.38717e-06 4.67763e-05 6.78537e-05 0.00125268 0.00508713 7.85207e-06 0.288726 0.0010492 0.00995203 
0.00336039 0.400045 0.067902 1.35958e-11 1.60254e-08 0.0389088 0.127316 2.50935e-06 0.000585717 2.7257e-05 0.000900963 0.0444891 1.02101e-05 0.309127 0.00218621 0.00513922 
