0.00316757 0.127327 0.00437423 1.21651e-07 5.04895e-07 0.562508 0.218815 0.00224304 0.0184072 0.00190757 0.00418787 0.000825998 0.00069363 0.0551128 9.13659e-06 0.000420192 
6.45995e-05 0.023328 0.29533 0.000168571 6.50017e-06 0.477139 0.0144885 2.64569e-07 0.00100168 0.000303213 0.0295381 1.82986e-06 1.16548e-05 0.15508 8.65509e-08 0.00353787 
1.15114e-05 0.0365831 1.78343e-10 2.10016e-09 1.67129e-09 0.926776 0.0247421 2.06195e-09 1.28175e-06 2.3686e-07 1.97719e-06 3.34308e-10 0.000537571 0.0113057 1.44694e-09 4.01725e-05 
0.0506178 0.0641961 0.212668 4.40829e-05 0.000365909 0.357465 0.00235189 0.0293129 0.00112509 0.00020729 0.00135609 7.61711e-05 0.000120763 0.159452 3.21661e-05 0.120608 
0.00785797 0.0477547 0.0973587 2.04034e-05 0.046069 0.432921 0.0746459 0.206089 0.00068369 0.00341728 0.00795411 0.00748482 0.00103171 0.0458964 0.000665885 0.0201493 
8.47019e-05 0.000126686 5.61822e-10 1.05922e-05 0.00283044 0.970159 0.00166741 0.0157318 3.66739e-09 7.3878e-09 2.55958e-05 6.31995e-06 0.000109846 0.00910512 4.5582e-09 0.00014275 
1.57766e-07 0.070552 0.090779 3.24722e-05 8.82486e-05 0.74712 0.0365981 1.83478e-08 0.00270731 0.000679712 1.44442e-05 0.0136883 1.21311e-05 0.013504 0.000263953 0.0239605 
0.0397814 0.358296 0.000716182 8.19674e-09 0.0142424 0.407543 0.00962559 0.0991874 0.000345634 0.00035011 0.00346523 0.00600233 0.00146574 0.0362203 5.49746e-06 0.0227533 
3.23195e-06 4.29964e-05 0.045168 0.00601692 2.49831e-05 0.894862 0.0502308 1.06347e-07 6.00427e-08 1.20953e-07 0.00095973 1.42462e-05 3.07414e-08 0.00223226 2.77879e-05 0.000416908 
0.110024 0.16608 0.0739683 1.80673e-07 3.81987e-05 0.408099 0.0630056 0.0558408 0.00097236 5.43049e-05 0.0382147 0.00445875 0.00581622 0.066333 0.0061855 0.000908163 
0.0182458 0.020848 0.0807635 7.33032e-05 0.000797293 0.737441 0.0153318 0.000327312 0.0018316 0.000572247 0.0644096 0.0121295 0.0275165 0.0131537 0.0014359 0.00512237 
0.000918138 0.238946 0.17952 6.13017e-05 0.00111855 0.558818 0.0165396 5.21671e-06 0.00268938 5.36775e-07 0.000127203 0.000175588 3.9569e-05 0.000854206 9.03076e-06 0.000178629 
0.219087 0.115687 0.0825769 1.47444e-08 6.24431e-06 0.302597 0.0410051 8.83585e-05 4.64433e-05 0.00310881 0.170059 0.000267885 0.00556362 0.0345572 0.00017515 0.0251735 
0.213274 0.101558 0.0567138 1.95259e-07 3.89085e-06 0.215791 0.191167 7.03089e-05 1.8289e-05 6.71396e-05 0.00248137 0.0170033 0.00473657 0.137833 0.0314918 0.0277902 
0.00104501 0.0436353 0.1536 0.0118163 0.112102 0.334687 0.140286 1.17348e-08 0.1025 2.38537e-07 8.30857e-11 0.0434602 3.78191e-05 0.0337383 4.70181e-06 0.0230881 
0.217024 0.0243363 0.100711 0.00121347 0.000237759 0.366672 0.093552 2.49788e-05 0.0016957 8.4921e-06 0.141217 0.00920823 4.57968e-05 0.0399664 0.00157113 0.00251652 
0.00215299 0.0225568 0.038951 0.000174599 0.000738857 0.916383 0.0025628 0.00039256 0.00533719 0.000174647 0.00401173 0.000176331 0.000640783 0.000356539 1.33276e-05 0.00537678 
0.105471 0.102871 0.00588717 4.30613e-05 0.00776794 0.433943 0.0757244 0.000247736 0.00893174 0.000125227 0.00582526 0.00451955 0.00071339 0.2081 0.0207314 0.0190977 
6.14382e-05 0.0295187 0.0205478 2.04682e-06 0.0156843 0.872694 0.00636914 1.05246e-05 0.0346716 0.000365615 1.06995e-06 0.00164228 5.80905e-07 0.0148413 0.000172115 0.00341787 
0.00337029 0.00081503 0.00172022 7.99414e-09 0.0111502 0.905797 0.0382747 0.000124968 0.00017171 0.000353645 0.0115882 0.0220784 0.00372031 0.00046455 5.55322e-05 0.000315817 
0.0231214 0.046243 6.60515e-06 6.59807e-06 6.59966e-06 0.659103 0.184953 0.016502 6.60147e-06 6.59713e-06 6.60176e-06 0.0231225 0.0145345 6.60527e-06 6.60048e-06 0.032368 
0.010992 0.100217 0.0465217 4.72857e-06 0.00193216 0.711051 0.065359 0.000384936 0.00285859 0.00263046 0.000647372 0.0102848 0.000105552 0.0449934 9.28929e-06 0.00200774 
0.0260727 0.299064 0.00106144 1.07513e-10 8.25348e-06 0.546353 0.000772951 0.00149229 0.00341997 5.21808e-08 0.0169318 0.000301269 0.000133745 0.098746 0.00126773 0.00437475 
0.0742259 0.0244826 0.073032 1.01565e-06 0.0147561 0.506692 0.0705199 0.00117974 0.103497 3.74808e-06 0.0347893 0.0154636 0.000209275 0.0638106 0.00297502 0.0143627 
0.00345338 0.103746 0.0071054 5.98178e-05 0.00298059 0.534667 0.136895 2.33146e-05 0.00204228 0.000909637 0.00671382 0.00305432 0.000239843 0.0427657 0.000177439 0.155166 
0.0006128 0.0387254 0.0773322 1.25238e-05 0.000403411 0.551555 0.064385 7.55186e-06 0.0197079 2.27212e-05 0.188283 0.000921242 7.09861e-06 0.0524437 0.000109804 0.00547028 
0.00261267 0.051186 0.0476607 3.71578e-08 0.000140222 0.811534 0.0359614 0.00114485 0.0273662 6.61202e-06 0.000619986 0.00101291 0.000334377 0.0187502 1.61399e-05 0.00165378 
0.0230557 0.0856207 0.0408579 7.34781e-05 0.000157221 0.443918 0.0211101 0.000105497 0.0406961 0.000642493 0.00139074 0.00395627 0.000250459 0.253017 0.000367483 0.084781 
0.0618518 0.0723172 0.0188042 0.00544117 0.0140605 0.379712 0.0789977 0.0207707 0.00480746 0.0461661 0.126135 0.00330367 0.0382356 0.0611838 0.00206725 0.0661465 
0.00152482 0.00744297 0.346014 8.99379e-07 0.000288771 0.579445 0.021281 8.83016e-07 0.000597206 9.5929e-05 0.00242004 1.84913e-05 6.54462e-05 0.0376484 1.17926e-05 0.00314483 
3.55451e-08 1.42425e-08 0.0465139 1.77693e-07 0.000550801 0.95194 0.00025283 7.38812e-05 3.76218e-05 1.98422e-07 9.28866e-08 2.82856e-08 5.12815e-05 0.000579109 1.22424e-07 3.24636e-08 
0.00580341 0.0584738 0.0434789 0.000826022 0.000233165 0.639686 0.135042 0.00140001 0.00513207 0.000776039 0.000616367 0.000640087 0.000294115 0.0759846 9.33277e-05 0.0315201 
0.0140555 0.108054 0.0929488 0.0205334 0.00237679 0.402917 0.0881966 2.19921e-05 0.0383544 0.00423184 0.0134469 0.0293758 0.00103173 0.0841253 2.45041e-05 0.100305 
0.00157973 0.0295393 0.00488746 0.0014442 0.0226092 0.702951 0.130305 3.95984e-07 0.000157985 1.74792e-05 0.000421106 0.00282961 0.000110081 0.0831239 0.00213514 0.0178881 
0.00625417 0.197956 0.0103905 5.65394e-06 0.000842127 0.272768 0.228313 1.99196e-05 0.000297656 0.000169069 0.00180945 0.186849 0.00332137 0.0767473 0.0139633 0.000293189 
1.77559e-07 0.0250592 1.07354e-07 5.84734e-12 1.33088e-07 0.723783 0.087878 2.30793e-07 0.00194785 7.19711e-05 0.000718379 0.0304637 0.000825405 0.0500363 0.0792155 2.30759e-08 
0.0484746 0.0918469 0.0303041 0.00475112 0.00210013 0.417933 0.0881581 7.17965e-05 0.0710464 0.000242294 0.030955 0.00748947 0.000385022 0.0876464 0.00027688 0.118319 
0.00267521 0.000730996 0.0690211 2.50944e-05 0.0176554 0.86162 0.0371453 6.67556e-06 0.00371101 7.36294e-05 0.000346341 5.49683e-07 0.000358857 0.00531455 2.27658e-07 0.00131477 
0.0140018 0.290477 0.0218412 0.00231292 0.00090579 0.395477 0.159406 0.00451489 0.0136794 0.000227895 0.00967543 0.00164344 0.000144925 0.0581051 0.00052537 0.0270612 
0.00080435 0.0282139 0.131539 0.00104496 0.000300925 0.587876 0.0282772 1.90526e-05 0.0114134 0.0143485 0.000325634 0.000667686 2.50061e-06 0.18125 7.67937e-05 0.0138405 
0.0340755 0.0244888 0.0299289 5.82806e-06 1.50669e-06 0.813826 0.0284159 0.00012691 0.000279269 1.14238e-06 0.0044974 3.94276e-06 1.45302e-05 0.011081 7.39266e-06 0.053246 
0.0190683 0.139881 0.0945928 1.34779e-07 4.99628e-06 0.482282 0.0819921 1.12537e-06 0.00108434 0.000294257 0.00465849 9.06989e-07 6.69891e-05 0.0584237 5.39867e-09 0.117649 
0.00745721 0.12259 0.159792 0.000402622 0.00236444 0.37199 0.0410144 0.000354029 0.00417424 0.000200198 0.0037886 0.0470342 0.000160139 0.114001 0.0136534 0.111023 
4.4929e-06 1.80025e-06 1.9073e-06 2.24603e-05 1.78737e-05 0.9983 1.59612e-06 2.20517e-05 1.24502e-05 2.50805e-05 1.17408e-05 3.57529e-06 6.37443e-06 1.55933e-06 0.00156292 4.10339e-06 
0.000324805 0.0217484 0.014167 6.71617e-09 5.34467e-09 0.85711 0.0461388 6.59399e-09 2.28477e-06 0.000621182 8.75567e-07 0.00225014 1.55234e-06 0.0413095 1.67106e-05 0.0163089 
0.00323697 0.00894974 0.0406264 1.21062e-08 0.00310043 0.715296 0.0852444 0.000933874 0.00188625 1.35185e-08 0.13048 0.00625324 8.04435e-07 0.00258995 6.61687e-07 0.00140134 
0.0578234 0.106134 0.037694 8.04536e-09 0.00157596 0.44455 0.0957906 0.000143497 0.000515947 0.000109486 2.05067e-06 3.47771e-10 1.45304e-05 0.17413 0.00057279 0.0809436 
0.0266054 0.000734698 0.00129309 3.36878e-05 0.00668023 0.959867 0.000816067 0.000124363 1.45637e-05 1.77009e-05 0.00056902 4.19228e-05 2.45508e-05 0.00272657 1.8588e-05 0.000432989 
0.0671872 0.173849 0.0217249 2.78132e-08 2.8132e-05 0.343294 0.212934 1.45081e-05 0.00112359 0.00012528 0.0795349 0.00977357 2.03191e-05 0.0873795 0.000432163 0.00257867 
0.00755728 0.00700604 0.00400494 2.55427e-09 1.82614e-06 0.822951 0.0571457 0.000300824 0.00327691 3.24567e-05 1.95686e-06 0.00603619 7.4156e-05 0.00365153 0.0878874 7.18784e-05 
0.00669905 0.0227232 0.027184 0.00145973 0.000312218 0.553773 0.322107 5.10306e-07 0.00863529 0.000488133 0.00207917 0.0227437 0.000170545 0.0235633 0.00125767 0.00680406 
0.000290292 0.150538 0.214651 4.99327e-07 0.00022028 0.522941 0.0342538 1.42753e-07 0.0246063 0.000112798 0.00245151 0.000134478 0.000261865 0.0463383 0.000105161 0.00309477 
0.00151884 0.0106598 0.00493558 1.37011e-09 8.04263e-08 0.934362 0.00285019 0.0265369 0.000190324 3.17393e-05 0.0101178 3.80103e-05 0.00105489 0.00748494 0.000218416 5.1995e-07 
0.00915221 0.0767444 0.0017299 4.85837e-06 0.00106077 0.652372 0.078693 5.85605e-06 1.77312e-05 1.20523e-05 1.86265e-05 0.000768935 0.000118695 0.177818 0.000247912 0.00123492 
0.0590114 0.321727 0.00789759 4.96682e-09 2.53883e-06 0.460728 0.0511877 5.02288e-06 0.000943873 0.00239672 0.00438197 0.00367355 0.000172719 0.0848965 0.000447226 0.00252824 
7.80635e-05 0.000981672 0.00481983 8.62612e-05 0.000105953 0.939596 0.0180843 6.20273e-06 0.0022055 7.59355e-05 0.000363315 0.0262529 2.70026e-05 0.00687442 0.000204894 0.000238175 
0.00612875 4.25843e-06 0.000982839 2.76567e-07 2.2009e-07 0.967726 0.00900872 0.000742594 6.4403e-06 9.8074e-05 2.46896e-05 1.01895e-06 0.000180805 0.00109165 0.0125263 0.00147757 
0.00825644 0.152489 0.0522009 1.65491e-10 0.0235182 0.460062 0.160655 0.00243003 0.0194377 0.000755456 0.0239195 0.0373596 0.000404677 0.0321088 6.36397e-05 0.0263394 
8.56002e-10 0.0100266 0.177494 4.27922e-09 0.0555134 0.681165 0.0735808 4.20137e-09 2.37206e-09 5.25069e-06 2.2369e-09 2.93744e-06 2.58841e-06 0.00220425 2.94824e-09 4.95747e-06 
0.000740963 0.242727 0.187327 6.32116e-07 0.000767521 0.553349 0.0119895 1.80911e-07 0.00198655 5.98966e-08 7.15362e-05 0.000167293 2.87738e-05 0.000696854 2.00416e-07 0.000147268 
1.57766e-07 0.070552 0.090779 3.24722e-05 8.82486e-05 0.74712 0.0365981 1.83478e-08 0.00270731 0.000679712 1.44442e-05 0.0136883 1.21311e-05 0.013504 0.000263953 0.0239605 
0.0320301 0.0910325 0.143586 0.00494123 2.31783e-05 0.307298 0.0916086 0.000741981 0.0708922 0.000830063 0.0133821 0.0103397 0.000330069 0.137338 9.92907e-05 0.0955272 
0.00342778 0.205371 0.11618 0.000784473 8.99955e-05 0.33052 0.0595861 0.000817359 0.00356245 0.000305575 0.0370248 0.000380203 0.000895766 0.172723 0.0587078 0.00962255 
0.000419206 0.0609519 0.0170215 2.40647e-09 0.000404571 0.762531 0.0364817 8.09444e-05 0.0183284 0.000629667 0.00021645 0.0477473 4.21703e-05 0.0536447 0.000311739 0.00118903 
0.131067 0.153052 0.0178398 0.000109094 5.79663e-05 0.518178 0.0188887 0.0106147 0.00170093 4.14753e-07 0.0250717 0.0162786 0.00290831 0.044332 0.000298051 0.0596033 
0.104844 0.128422 0.0748712 3.89362e-05 1.37874e-05 0.234864 0.0041064 0.213829 0.000663819 0.000308809 0.00239769 0.000489924 0.0029506 0.0223745 0.000261924 0.209563 
9.99057e-05 2.90059e-09 4.51773e-05 3.61884e-08 2.87984e-08 0.999555 2.57169e-09 3.553e-08 0.000124393 4.041e-08 1.8917e-08 5.76056e-09 1.02706e-08 2.53755e-07 2.5182e-06 0.000172565 
1.57766e-07 0.070552 0.090779 3.24722e-05 8.82486e-05 0.74712 0.0365981 1.83478e-08 0.00270731 0.000679712 1.44442e-05 0.0136883 1.21311e-05 0.013504 0.000263953 0.0239605 
1.0014e-05 0.0766797 0.0223641 1.30427e-08 1.03793e-08 0.763401 0.019181 1.00285e-06 0.026131 8.01522e-06 3.19729e-06 2.07618e-09 9.14926e-05 0.0921239 8.98602e-09 5.72311e-06 
0.00261546 0.0627182 0.0357758 1.81143e-05 0.0952195 0.639441 0.00957242 0.00103298 9.4557e-05 0.00480541 0.00392418 0.0164981 0.000207726 0.0537909 1.38365e-05 0.0742719 
4.31774e-05 2.8285e-05 0.00847966 4.7425e-09 6.76078e-07 0.910937 0.00412896 7.72756e-07 0.00178482 3.71054e-06 3.9733e-07 0.00362867 1.00432e-06 0.0221422 3.26743e-09 0.0488203 
0.00337029 0.00081503 0.00172022 7.99414e-09 0.0111502 0.905797 0.0382747 0.000124968 0.00017171 0.000353645 0.0115882 0.0220784 0.00372031 0.00046455 5.55322e-05 0.000315817 
0.0238928 0.14865 0.0661697 0.000231797 0.000231852 0.640675 0.0369921 0.00183834 0.0167647 2.29469e-06 0.0362839 0.00482658 0.00206954 2.29752e-06 2.29586e-06 0.0213664 
0.00135091 0.0685697 0.0497662 5.35639e-07 0.0786886 0.535157 0.177723 0.000187441 0.00655375 9.13783e-05 0.00823782 0.0451417 0.000118397 0.017826 0.000105471 0.010482 
0.0258227 0.0737194 0.0113239 3.89743e-06 0.0051378 0.607196 0.155899 7.5178e-07 1.6839e-05 3.73434e-05 0.0315306 0.0261592 1.41609e-05 0.0612904 0.00160893 0.000238562 
0.0264047 0.0789132 0.211598 4.95674e-06 0.00660559 0.255231 0.141808 0.00127351 0.106812 0.00197301 0.00133607 0.00924142 0.000996184 0.149867 0.000234527 0.00770071 
0.000184669 7.05392e-08 7.83949e-05 8.80063e-07 7.00347e-07 0.957157 0.0423161 0.000193527 4.87838e-07 9.82729e-07 4.60042e-07 1.40091e-07 2.49769e-07 6.54547e-05 6.06334e-07 1.60783e-07 
2.21817e-05 9.43373e-06 0.00229538 9.20224e-10 0.453559 0.544035 4.86865e-05 9.03482e-10 5.101e-10 1.02757e-09 1.43353e-05 4.3214e-06 2.5597e-06 5.50077e-06 6.34004e-10 3.16083e-06 
2.84192e-05 7.61104e-06 6.15498e-10 7.24808e-09 4.62014e-06 0.999674 9.27652e-07 7.11622e-09 4.01777e-09 7.77067e-05 0.000186036 1.15377e-09 2.07784e-05 5.03206e-10 4.99369e-09 1.32419e-09 
0.00418825 0.139239 0.00885351 1.7185e-08 0.00199515 0.670385 0.120126 3.49095e-05 0.000471558 3.74044e-05 0.00116707 0.00768594 0.000448713 0.0328138 0.0110531 0.00149999 
0.00606103 0.0424116 0.0781402 0.000265018 0.000638477 0.281741 0.148709 0.000149301 0.00580049 0.000159966 0.175717 0.000910777 0.00453972 0.246553 0.000419886 0.00778477 
0.000419206 0.0609519 0.0170215 2.40647e-09 0.000404571 0.762531 0.0364817 8.09444e-05 0.0183284 0.000629667 0.00021645 0.0477473 4.21703e-05 0.0536447 0.000311739 0.00118903 
0.00686979 0.2477 0.197806 2.00008e-06 0.000404328 0.275914 0.0979121 0.0059394 0.00104878 7.4395e-05 0.0624252 0.034996 0.0014233 0.0608725 0.000699186 0.00591325 
0.0364137 0.1139 0.0394719 3.58511e-05 9.28494e-06 0.370677 0.0357715 0.0983211 0.00688477 0.00129078 0.00959194 0.00010586 0.00355511 0.0742644 8.92553e-06 0.209698 
0.017517 0.0426643 0.0179567 0.000609065 0.00489397 0.813925 0.0495032 0.000201644 0.0134945 3.34264e-05 0.00648098 0.000464889 0.000304448 0.00690433 0.0184636 0.0065833 
0.0644269 0.137121 0.0023555 8.88141e-06 1.62957e-05 0.672817 0.0191726 0.00503614 0.00019533 0.000145823 0.000128082 0.00850399 4.27581e-05 0.0881903 0.000112194 0.0017267 
0.00943734 0.0292016 0.013426 2.17464e-06 0.000302388 0.628671 0.00476823 0.000333656 0.0028787 4.71014e-06 0.0486339 0.00249573 0.251199 0.00789467 8.40327e-05 0.000666556 
0.000129843 0.0046721 0.0039929 4.18296e-07 3.43361e-07 0.901808 0.00709277 0.000258839 6.04845e-08 1.81493e-07 0.0019839 2.08939e-06 0.0010215 0.00205896 0.0767227 0.000255755 
0.000452303 0.122427 0.0844595 9.01192e-06 0.0110017 0.510038 0.113581 0.000121481 0.10061 6.12036e-06 0.00417299 0.0436466 0.000134062 0.00762686 2.57609e-05 0.00168861 
3.26068e-10 3.1536e-05 0.00015116 1.63004e-09 0.00010197 0.86598 1.50119e-06 0.000498138 9.03567e-10 1.8202e-09 8.52083e-10 2.59474e-10 8.78586e-05 0.00102529 1.12304e-09 0.132122 
0.0201291 0.205168 0.0171306 0.000526311 4.71545e-06 0.515084 0.0339988 0.000191856 0.00990208 3.66743e-05 0.0025466 0.00178532 4.9776e-05 0.105917 0.000258554 0.087271 
0.0416863 0.18544 0.0221158 0.00580487 0.00233917 0.466052 0.201507 2.26912e-05 0.00065818 0.000718446 0.005437 0.00868901 1.90163e-05 0.0422895 0.00449352 0.0127282 
0.0182276 0.31834 0.022205 3.07035e-07 1.09582e-06 0.456812 0.0977597 1.34447e-06 0.000155543 9.73086e-05 0.00218043 0.000363112 2.25163e-07 0.0399194 2.06201e-06 0.043935 
0.0174227 0.134921 0.0457085 0.0874265 0.00204929 0.351151 0.228305 0.00980594 0.0655225 0.000253005 0.00716653 7.61043e-05 7.90288e-05 0.0448449 0.000348634 0.00491926 
0.00501356 0.0877426 0.014371 8.24353e-06 0.00188495 0.551878 0.0842749 7.61811e-07 0.000926271 0.000229949 0.000131123 0.000116861 0.000212208 0.128287 3.11353e-06 0.12492 
0.0340764 0.0155214 0.0281204 2.61565e-10 1.82903e-05 0.597597 0.290009 0.000289722 0.00105715 1.30321e-07 0.00726306 0.00144735 0.000206427 0.0104609 1.80209e-10 0.0139321 
0.0090853 4.63992e-05 0.102225 0.159277 3.06678e-07 0.613438 0.0360462 3.78364e-07 0.000227008 3.45354e-05 0.000646802 6.6982e-05 1.15819e-05 8.07383e-05 9.31387e-06 0.0788045 
0.193271 0.183617 0.0294692 8.413e-05 0.000380265 0.331835 0.0481937 0.000112232 0.0457731 0.00345946 0.00537289 0.00802304 0.00151147 0.102165 0.0186772 0.0280554 
0.0021691 0.164148 0.00140874 0.00401821 2.33557e-05 0.38017 0.266599 1.90823e-05 0.00836076 0.130935 0.00101464 0.00276336 2.10859e-06 0.00758566 0.000107028 0.0306749 
0.198767 0.0475041 0.201568 0.00172201 0.0011606 0.270889 0.136206 0.00103586 0.0151545 0.00133611 0.0219838 0.0103099 0.0010182 0.073369 0.0081619 0.00981448 
0.0521012 0.0243308 0.0085425 5.30122e-07 7.7965e-05 0.630201 0.111613 9.33782e-06 0.0133678 0.000328899 0.00221517 0.00163456 0.000466406 0.077857 0.0056218 0.0716324 
0.000121829 0.0264839 0.0497988 6.88412e-11 2.02753e-07 0.713521 0.0613769 0.000514068 0.00153912 1.95486e-05 1.07993e-07 0.000288535 0.000116201 0.146219 6.11884e-07 3.55941e-07 
0.406859 0.0897582 4.93775e-06 1.28924e-08 5.43278e-06 0.476775 1.28565e-06 3.68917e-06 1.16412e-06 1.33396e-06 0.0036533 4.36897e-07 2.08126e-06 2.70053e-05 1.48917e-06 0.0229065 
0.0834518 0.00433988 0.000865731 1.31244e-06 0.000247678 0.892925 0.00788061 7.95689e-05 0.000113166 0.000567357 0.00693775 1.4937e-05 0.000423744 0.00174153 9.63403e-05 0.000313569 
0.0106176 0.158296 0.0994088 0.000946714 0.000104734 0.286051 0.283157 4.94292e-07 0.0154139 0.00232193 0.0115333 0.0047464 0.00382087 0.0873347 0.000465604 0.0357813 
0.160606 3.27748e-05 3.27746e-05 3.27394e-05 3.27473e-05 0.838935 3.27749e-05 3.27399e-05 3.27563e-05 3.27348e-05 3.27578e-05 3.27716e-05 3.27668e-05 3.27752e-05 3.27514e-05 3.27707e-05 
0.0532705 0.242296 0.0243477 9.14417e-10 4.59497e-05 0.314309 0.134287 1.51651e-06 0.00999332 9.05055e-05 0.00626039 0.00253957 5.10719e-05 0.0530038 0.000240122 0.159264 
0.0759746 0.0635246 0.10394 3.41904e-08 3.1543e-06 0.19258 0.0620986 0.0341954 0.000148416 0.0391602 0.135999 0.0154197 0.00537032 0.0676306 0.0851646 0.118791 
0.0210191 0.072924 0.103065 2.73072e-09 6.90633e-05 0.380669 0.215703 8.2702e-05 0.000254229 0.00396845 0.000369038 0.000433636 7.93547e-05 0.200704 1.88138e-09 0.000659141 
0.000638156 0.0241072 0.0270458 4.51416e-07 0.000293589 0.80096 0.076073 1.38221e-06 0.00677307 1.1837e-06 3.32655e-06 0.000181905 3.75548e-06 0.0211111 2.94673e-06 0.0428028 
0.0431246 0.0506781 0.0842274 7.17154e-06 5.34293e-06 0.732992 0.0139927 3.49079e-05 0.00175117 0.000311769 0.0315035 0.000307171 0.000153717 0.0334992 1.62112e-06 0.0074097 
0.0135891 0.00441932 0.0140643 7.91681e-10 0.00507936 0.927995 0.0187648 2.04144e-06 8.57348e-05 2.96081e-08 0.000170233 0.00662553 0.000149289 0.00844167 2.84457e-06 0.000610291 
0.0179082 0.0999375 1.22093e-06 1.11887e-10 8.9039e-11 0.64104 0.15826 5.26201e-06 6.20216e-11 2.12274e-05 0.0543316 0.000381076 0.00102307 0.00905369 7.70866e-11 0.0180378 
0.0120135 0.089724 0.0896999 2.74976e-05 5.43755e-07 0.603153 0.036301 0.00043856 0.036578 0.000782858 0.00569553 0.00717979 4.97329e-05 0.0447 8.39248e-05 0.0735724 
0.00259353 0.0208009 0.026565 8.97906e-08 0.00010455 0.939829 0.00374701 0.00109474 1.18954e-05 1.01855e-09 0.00216541 9.01759e-07 0.00190979 2.85528e-07 1.77683e-07 0.00117707 
0.0160835 0.0570678 0.0765063 0.000210333 0.000877558 0.707961 0.0713768 0.00120142 0.0108465 0.000621338 0.0109089 0.00273801 0.000560656 0.0412287 9.23669e-05 0.00171897 
0.0174961 0.189224 0.0830068 2.4832e-05 0.0052296 0.521901 0.0594644 0.000455119 0.0294851 1.20604e-05 0.00310139 0.00340496 0.000225094 0.0192524 8.34473e-05 0.0676328 
1.03079e-06 3.44975e-06 0.0291933 3.245e-09 1.69296e-05 0.731575 9.40262e-06 3.18596e-09 0.0225243 1.07546e-05 5.50267e-06 0.00397195 0.000690058 0.210759 0.00123745 1.99281e-06 
3.7644e-08 0.0163167 0.022316 0.00359305 1.49756e-07 0.776909 0.0368829 1.24286e-05 0.0599893 3.67373e-06 0.000170431 6.02321e-05 0.000134222 0.0179517 1.29653e-07 0.0656602 
3.91936e-10 1.57044e-10 0.0895617 1.95932e-09 0.120773 0.787358 1.39237e-10 1.92367e-09 1.08609e-09 2.18789e-09 0.00230755 3.11889e-10 5.56071e-10 1.36028e-10 1.3499e-09 3.57958e-10 
0.000464756 0.0423525 0.220497 3.33761e-06 0.000587481 0.563367 0.0110112 0.000275541 0.000163669 7.93264e-06 0.0600038 2.39864e-06 5.00106e-06 0.100747 2.21881e-06 0.000510236 
0.00154435 0.0494728 0.0392514 7.01292e-07 0.00311988 0.803674 0.0609771 6.7069e-05 0.000682006 0.000148439 0.00163064 3.71387e-06 1.39267e-05 0.0312876 0.000154456 0.00797213 
0.0674025 0.0301723 0.0123662 7.33574e-07 0.0172353 0.674324 0.106669 2.09976e-07 0.00505591 6.95514e-08 0.0771775 0.000140167 0.00142169 0.00557627 2.32599e-07 0.00245764 
0.00338036 0.0947469 0.0564887 1.75991e-09 0.00565855 0.357406 0.225566 0.00143393 0.00718664 0.0587908 0.0248783 0.0221816 0.000235063 0.114117 0.000495204 0.0274354 
0.00463438 0.0354932 4.08928e-07 1.47259e-10 1.40742e-07 0.921485 0.00937777 3.90512e-07 0.000992578 1.64438e-10 0.0164807 9.75175e-07 0.000500592 0.011032 1.26831e-06 4.30484e-07 
0.0211309 0.0751051 0.125134 9.56137e-06 8.96849e-06 0.745273 0.0116898 0.00272988 0.000328573 0.000222891 0.0066055 0.00082264 0.00104622 0.00687622 0.00289585 0.000121139 
0.0545777 0.152866 0.116283 7.84312e-09 0.000365525 0.532909 0.0466159 0.00749203 0.000278566 3.82915e-05 0.0539474 0.000315914 0.0234143 0.00957942 0.00100528 0.000311878 
0.0314704 0.101575 0.209238 0.000714093 0.000594957 0.482388 0.0361052 0.00231247 0.00548708 5.58872e-05 0.00313234 0.000985547 0.000159089 0.0803664 3.03456e-05 0.0453853 
4.88831e-05 0.0837374 0.0509279 1.56277e-08 0.000756536 0.739526 0.019694 0.00737906 0.000301776 2.64851e-06 0.00199945 0.000916461 0.000335517 0.0672104 0.015574 0.0115903 
0.0310264 0.0697794 0.0387644 0.00018774 0.00375153 0.577956 0.177487 0.00072673 0.000149292 1.76049e-05 0.00511057 0.0255514 0.0023051 0.0582767 0.00499394 0.0039163 
0.0148771 0.0573244 4.59712e-06 7.45117e-08 7.47918e-06 0.843195 0.0191675 4.24772e-06 1.58896e-05 0.000393034 0.000134298 0.0646586 8.81648e-05 7.6114e-05 5.13361e-08 5.39345e-05 
8.85021e-07 0.00932012 0.00331223 4.0603e-09 4.87673e-06 0.963385 0.0213679 9.25287e-07 2.72625e-06 1.90718e-06 8.41172e-07 0.00173289 2.23682e-06 8.72489e-06 1.60205e-06 0.000857179 
0.0112317 0.0230511 0.00978677 5.23748e-07 0.00057328 0.870446 0.0702012 0.00515837 2.53662e-06 6.90337e-06 0.00101104 6.24299e-07 0.000112759 0.00625799 2.51628e-06 0.00215639 
0.0269349 0.227427 2.18952e-06 4.20525e-10 1.29645e-06 0.707126 0.0261719 0.00275127 0.00463512 1.06346e-07 0.0042336 6.69401e-11 0.000711972 2.84031e-06 2.89728e-10 2.36036e-06 
0.0644781 0.0460622 0.0556041 1.76365e-05 3.95763e-05 0.54037 0.00289478 0.000116499 0.0962546 0.0075143 8.52926e-05 0.000200868 5.7415e-05 0.0716653 7.87066e-05 0.11456 
0.0113817 0.0534511 0.0141313 2.90574e-06 0.0515252 0.556579 0.105312 2.37496e-10 0.0992725 0.00204325 6.09183e-07 0.000546956 0.000118175 0.0963098 0.000271072 0.00905428 
0.00713001 0.0578541 0.246574 1.69311e-07 0.000849459 0.326401 0.0820288 0.00237244 0.00804189 9.84751e-05 0.169507 0.0023847 0.0358389 0.035034 0.0201697 0.00571521 
0.0265749 0.00433156 0.138672 2.14472e-08 1.10242e-05 0.558453 0.0966239 3.28438e-06 0.102412 6.96957e-05 0.0167193 3.85479e-05 2.34283e-05 0.054483 0.000683431 0.000899907 
0.00154257 0.141487 0.0668985 0.00340034 0.00514235 0.335666 0.309194 2.36714e-05 0.00375207 0.00014713 0.0275672 0.0454249 0.00020276 0.055763 0.00292458 0.000863908 
0.000740963 0.242727 0.187327 6.32116e-07 0.000767521 0.553349 0.0119895 1.80911e-07 0.00198655 5.98966e-08 7.15362e-05 0.000167293 2.87738e-05 0.000696854 2.00416e-07 0.000147268 
0.000862433 0.0954191 0.00912268 1.20295e-07 0.000163981 0.582719 0.0342883 3.74742e-06 0.000410685 5.85183e-05 0.000986616 0.00065386 8.03218e-06 0.260041 2.13318e-05 0.0152404 
0.0160301 0.0992924 0.0314281 0.0063279 0.000347485 0.738361 0.0250754 0.0020557 0.000271788 6.65725e-05 0.0149669 0.000357807 0.0098199 0.0401556 3.98713e-05 0.0154037 
0.116611 0.0756835 0.0551716 7.74109e-07 0.000432296 0.535716 0.188791 0.000580173 6.05364e-05 1.38234e-06 0.0138675 0.00200359 7.02904e-05 0.0060691 1.39227e-07 0.00494075 
0.0169713 0.0703435 0.0935392 0.0068436 0.0415805 0.555331 0.0809075 9.21211e-05 0.000681081 0.00365652 0.0436024 0.0281008 0.000642901 0.0133763 1.0485e-05 0.0443205 
4.67925e-05 0.0449933 0.0103443 0.000107744 0.0046991 0.859349 0.0538995 1.66333e-05 0.00121522 0.000168951 0.00132723 2.25823e-05 6.08879e-06 0.0233568 4.80379e-05 0.000398273 
0.0308314 0.0488633 0.184749 3.56054e-06 7.10385e-06 0.338548 0.00312115 2.72543e-06 0.0165908 2.80048e-08 0.245228 2.58298e-07 0.060201 0.0685663 4.3184e-05 0.0032442 
0.0310075 0.00595822 0.0415614 0.000326343 0.000156733 0.757365 0.0780289 0.00755681 0.000862656 0.0044221 0.00260164 0.000960151 0.000894982 0.0640992 0.000412275 0.0037861 
0.00167887 0.101781 0.0142359 2.74183e-10 7.75331e-05 0.433798 0.197867 1.04832e-05 0.000128887 0.00249998 0.133009 0.0280191 0.00507303 0.0143769 0.0215739 0.0458709 
0.00251048 0.028053 0.01336 7.21985e-07 5.40907e-05 0.849778 0.0609886 4.4889e-05 0.0202498 6.82037e-08 0.0161016 0.00280845 0.000128817 0.00556216 0.000229271 0.000130316 
0.00292192 0.0106192 0.0154711 1.88785e-06 0.000474015 0.821061 0.0904077 5.74735e-05 8.97784e-05 0.000102212 0.000192967 0.00599543 0.000553194 0.0509069 0.000745045 0.000399905 
0.0397814 0.358296 0.000716182 8.19674e-09 0.0142424 0.407543 0.00962559 0.0991874 0.000345634 0.00035011 0.00346523 0.00600233 0.00146574 0.0362203 5.49746e-06 0.0227533 
0.0116147 0.0290241 0.0033435 9.81601e-07 0.000119174 0.413152 0.123559 0.000159345 0.008093 3.75562e-05 0.00739454 0.00252828 0.0151556 0.373996 0.00187499 0.0099471 
0.00197456 0.0273123 0.047474 4.44563e-06 8.37892e-06 0.655011 0.0660803 4.59461e-05 0.0117708 1.46075e-05 0.027772 0.00302997 4.41163e-05 0.129382 9.41156e-09 0.0300763 
3.54895e-06 0.0679362 0.0670685 7.10192e-09 0.17964 0.424956 0.0113232 0.000567455 1.18737e-05 7.9304e-09 0.000841405 1.2693e-07 1.77518e-05 0.243284 2.71676e-06 0.00434767 
0.0910346 0.259201 0.00507967 2.82267e-08 0.000304181 0.27841 0.121559 0.000299973 0.000873288 4.78895e-05 0.000447736 0.0109683 0.000232392 0.211308 0.000282238 0.0199522 
0.00350493 0.00597069 0.0139887 4.08535e-06 0.000434153 0.750896 0.0241917 7.24006e-05 0.0600297 0.0212363 5.08434e-05 0.000126328 0.000100955 0.0062498 0.0156657 0.097478 
0.00928983 0.0140935 0.000503554 3.61786e-09 0.0252283 0.470686 0.281706 0.0017736 0.00448615 0.00189247 0.00275257 0.0487174 0.000132808 0.0289207 0.109385 0.000432267 
0.00467165 0.00887772 0.000256339 3.40455e-08 5.28136e-05 0.939303 0.0111395 0.00060747 0.00541292 7.86723e-06 0.000498024 0.00225015 0.00963267 0.0118591 0.00542048 1.0646e-05 
0.0295061 0.00688862 0.286222 0.00456097 0.00106338 0.485009 0.032829 3.44302e-05 0.016437 0.000391893 0.000602731 0.0132795 6.22605e-05 0.0604824 1.79479e-05 0.0626132 
0.0121903 0.0179388 0.00502831 1.51369e-06 1.39953e-05 0.695961 0.156709 2.36455e-05 0.0059567 0.000378598 0.000698151 0.000310247 0.000227806 0.0990279 1.04288e-06 0.00553299 
0.00132797 0.0264678 0.131776 0.0128142 0.00506631 0.630982 0.0838332 0.000301946 0.00421979 0.000864888 0.00502358 0.00803378 0.000598417 0.0199306 0.00955582 0.0592037 
0.0097351 0.11039 0.0402287 0.000358252 0.0179136 0.583255 0.0575359 0.00865372 0.000461661 0.000105963 0.00709461 0.0550105 0.00161664 0.0806672 0.000953801 0.0260194 
8.9155e-09 0.239317 0.217297 0.000670505 7.25604e-10 0.267881 0.241697 8.95214e-10 2.29504e-06 1.96817e-05 4.03465e-06 0.00616627 0.000263678 0.0266766 1.68502e-06 2.60432e-06 
0.104243 0.0568879 0.0130556 1.17188e-10 4.71269e-06 0.775546 0.00364787 4.63893e-06 0.000610072 0.00136853 0.0011937 7.60359e-05 4.09355e-05 0.041018 4.6242e-07 0.0023032 
0.0120499 0.0065977 0.127327 7.92726e-08 0.0171295 0.539424 0.236509 7.78304e-08 0.0246319 8.85203e-08 0.000296394 0.000186258 2.07973e-05 0.0311346 5.46162e-08 0.00469238 
0.0456315 0.292853 0.0411441 1.71455e-06 3.71663e-05 0.362471 0.0607718 0.000271382 0.000382463 0.000149958 0.000189932 0.00464541 7.36881e-05 0.187715 0.000764282 0.00289821 
0.0143747 0.0303601 0.0129276 8.79872e-10 0.0068518 0.357978 0.165924 0.285035 0.00692426 6.37029e-08 0.00716415 0.000694713 0.00751802 0.0803684 4.04624e-05 0.0238381 
0.0223639 0.0634126 0.253149 0.000422324 0.000941654 0.346406 0.0668659 0.000239731 0.000498862 0.000858344 0.0086639 0.177229 0.000241157 0.00495889 6.56123e-05 0.053683 
4.43644e-05 0.204185 0.0139454 7.56123e-06 3.30613e-09 0.751921 0.00791442 0.00960536 4.21494e-05 3.89148e-05 2.17172e-09 2.94667e-06 3.44924e-05 1.82777e-05 4.25312e-06 0.0122357 
0.0718416 0.0938215 0.176425 1.48296e-05 0.00897141 0.302905 0.0450629 5.23264e-06 0.0204018 0.0100867 0.0160459 0.000380631 0.000138718 0.238754 0.00340677 0.0117379 
0.0074749 0.133609 0.0303428 0.000428994 0.005737 0.345333 0.06822 0.000364029 0.00192928 8.12076e-05 0.275049 0.0116577 0.0052796 0.0967689 0.000713329 0.0170118 
0.00314723 0.0490631 0.0028849 7.8377e-07 0.0215977 0.596674 0.0244554 5.80459e-09 0.000753787 9.6048e-06 0.0076289 0.00128593 0.000170205 0.0102847 2.46512e-07 0.282044 
0.00104159 0.00962061 0.103092 3.07206e-06 0.000404633 0.388433 0.239746 8.02107e-06 0.00040319 5.21124e-05 0.0238953 0.0216763 7.5352e-06 0.201378 0.00317873 0.00705966 
3.37996e-06 2.59039e-05 0.02847 8.60618e-08 6.84873e-08 0.95858 0.00231718 5.42963e-07 4.77059e-08 7.96071e-06 0.00113435 0.00023125 0.00067012 0.00263991 1.03543e-05 0.00590863 
0.000731628 0.027988 0.0490627 0.000171275 0.000866052 0.491814 0.106952 1.13939e-05 0.00500691 0.000216273 0.000133969 3.60576e-06 5.72356e-06 0.25509 2.40944e-07 0.0619465 
0.0315698 0.205804 0.130205 4.20887e-05 0.000366811 0.303764 0.0509664 6.07368e-05 0.00386651 0.000692285 0.000878576 0.00759871 0.0289138 0.21871 0.0060127 0.0105481 
0.00333618 0.0294569 0.068265 2.79748e-08 5.8978e-05 0.847294 0.0283801 3.38621e-06 0.00341821 0.000848477 0.00341909 0.00402352 9.26815e-05 0.00595032 2.42288e-05 0.00542942 
0.00565297 0.153248 0.0422996 4.1142e-05 0.000601813 0.468971 0.0823407 0.000167294 0.0144579 1.17408e-05 0.00318694 0.000100636 0.000164624 0.0427765 4.26136e-05 0.185937 
0.0191926 0.098431 0.114304 9.0936e-05 7.73616e-05 0.41561 0.0695847 0.000524822 0.00187775 2.90595e-07 0.0123893 0.0952408 0.000107582 0.0803686 0.00347744 0.0887234 
0.00118938 0.0403451 0.0448495 0.000453696 0.000400023 0.589653 0.215113 0.0744777 0.0012204 1.13766e-06 0.00286383 0.000699588 0.000243228 0.0206351 2.06987e-05 0.00783391 
0.0098761 0.06017 0.0487306 0.000187891 0.00853275 0.440104 0.218854 0.00630195 0.169627 0.00145404 0.000224489 0.0208846 3.82904e-05 0.0100472 2.2214e-05 0.00494525 
0.00337029 0.00081503 0.00172022 7.99414e-09 0.0111502 0.905797 0.0382747 0.000124968 0.00017171 0.000353645 0.0115882 0.0220784 0.00372031 0.00046455 5.55322e-05 0.000315817 
0.229558 0.0730198 0.0336073 2.20165e-05 0.000250575 0.445413 0.00879088 0.0332785 0.031054 0.0001925 0.00127369 0.00021699 0.00307611 0.0706694 2.23109e-06 0.069575 
0.0191495 0.263366 0.0774304 0.000182685 0.000307921 0.465152 0.0351988 9.75404e-05 0.00530905 0.000119662 0.0101571 0.00801312 9.13425e-05 0.0987882 5.39757e-05 0.0165828 
0.000352762 0.0378837 1.35393e-05 0.00100421 1.7113e-06 0.852407 0.108283 6.37243e-09 3.20915e-05 7.24768e-09 3.39283e-09 1.73088e-06 1.84206e-09 1.3356e-05 4.47175e-09 7.47888e-06 
0.0231564 0.165357 0.0859493 1.92814e-10 0.00346099 0.676742 0.027542 0.000491194 0.00237513 0.000109662 0.00358288 7.43807e-05 0.000109691 0.0103228 3.62645e-08 0.000726631 
0.0635028 0.0174345 0.149296 0.0378857 0.0173985 0.489745 0.139821 1.23491e-09 0.0499116 3.07562e-07 0.00263254 0.000156488 0.000144481 0.0206819 2.4423e-07 0.0113893 
1.3041e-06 0.00836244 7.88463e-07 2.83621e-10 9.7763e-07 0.906646 0.0292994 1.69525e-06 0.000652009 2.51322e-05 0.000241052 0.0113469 0.000276551 0.0166874 0.0264579 1.69521e-07 
0.0114405 0.025505 0.0467249 2.37421e-07 0.0198202 0.491147 0.0568711 1.04563e-06 0.0772217 6.9981e-05 0.0934526 0.0465553 0.000671467 0.0197032 2.32444e-05 0.110793 
0.00337029 0.00081503 0.00172022 7.99414e-09 0.0111502 0.905797 0.0382747 0.000124968 0.00017171 0.000353645 0.0115882 0.0220784 0.00372031 0.00046455 5.55322e-05 0.000315817 
0.0151338 0.0684831 0.110812 6.58195e-07 0.000928848 0.441657 0.0476329 0.000642472 0.00194118 0.000532801 0.201469 0.054043 0.00337516 0.036208 0.0144275 0.00271243 
0.00259685 0.0157227 0.162171 0.0135556 0.0321073 0.574026 0.0230546 3.04079e-07 0.0759149 4.55855e-08 0.0540651 3.95642e-05 0.00236759 0.0394457 1.05276e-09 0.004933 
0.116826 0.139677 0.0951768 0.00384988 0.000781224 0.210791 0.150382 0.000231194 0.0380665 0.00185163 0.0261667 0.0186261 0.0179665 0.124776 0.0144895 0.0403429 
0.0113379 0.0481534 0.163273 3.82717e-05 0.000135141 0.571129 0.0881152 5.28805e-06 0.0137646 0.00105193 0.00257708 0.0104684 0.000115736 0.0675393 0.00113288 0.0211626 
0.00678548 0.0407265 0.0757889 0.000279526 2.27054e-06 0.421434 0.0994867 0.00040866 0.0238309 0.065169 0.00362638 0.00811682 0.000283035 0.142804 0.00358531 0.107673 
0.00149293 0.104567 0.0803156 5.52952e-07 0.00227139 0.603475 0.0310973 0.000640115 0.00330358 2.52209e-05 0.0370005 0.0458194 0.00046645 0.0367336 0.0317796 0.0210114 
0.0126226 0.0802152 0.0676673 9.34453e-05 0.000274712 0.570857 0.0853784 0.0168226 0.00716865 2.1916e-06 0.00384918 0.000295756 5.84503e-05 0.0562239 0.000185269 0.0982849 
0.00729335 0.0743698 0.0110447 2.62979e-06 0.0100173 0.684975 0.0556432 8.1311e-06 0.00290595 1.164e-05 0.00462447 0.00902036 6.00619e-05 0.135551 0.00243842 0.00203448 
0.00453182 0.0171145 0.00293628 2.01415e-08 0.00965762 0.932846 0.012018 0.00253472 0.00017415 2.24912e-08 0.0107922 0.000409186 0.00111893 0.00459161 2.08788e-06 0.00127326 
0.0415406 0.0192566 6.71377e-07 6.00964e-10 0.00210472 0.872061 0.00277215 1.1221e-06 0.0163657 2.90553e-06 3.14146e-10 3.33522e-07 0.000125525 0.0455411 0.000227252 1.65853e-08 
3.4625e-06 0.00455367 0.0249133 1.39596e-05 4.17634e-05 0.944123 0.0263107 3.5655e-06 2.30566e-05 3.117e-09 1.45915e-09 2.44429e-06 7.92212e-10 3.29468e-06 3.86554e-07 7.49705e-06 
0.00238398 0.25121 0.00180593 5.01036e-09 3.55225e-05 0.698752 0.0019423 0.000198858 9.27259e-05 0.000399718 0.000247267 0.00248663 3.44053e-05 0.0351286 7.94428e-06 0.00527447 
0.107535 0.116098 0.0133352 6.33813e-05 1.82268e-05 0.434228 0.0673961 0.000607099 0.00269407 0.00298784 0.000414262 0.000556924 5.72337e-05 0.155532 1.8863e-07 0.0984765 
0.0553301 0.169534 0.151639 3.88282e-06 0.000401976 0.33902 0.0694959 0.0026269 0.015144 0.000720645 0.00916879 0.0140433 0.00824173 0.0950493 0.000409475 0.0691702 
0.000164252 0.0153333 0.167475 5.70546e-08 0.000126362 0.588856 0.0614939 1.81044e-06 0.056073 6.37104e-08 0.00865432 0.00245998 6.36039e-07 0.0851866 2.70678e-06 0.0141725 
0.00169286 0.171454 0.0623322 0.000470968 0.00296903 0.319735 0.19632 0.000147009 0.00171805 0.00632802 0.00208731 0.00258081 0.0381443 0.151509 0.000205665 0.0423059 
0.00241211 9.21959e-05 0.0022683 4.18828e-09 3.33299e-09 0.994343 3.64359e-06 1.8895e-05 0.000854793 4.67687e-09 2.18937e-09 3.03307e-06 1.91982e-06 7.6432e-07 1.79428e-06 7.65178e-10 
0.00543267 0.0131092 0.00509087 1.4526e-05 0.00220632 0.469801 0.110484 5.11669e-09 2.9243e-07 0.000627622 0.00677148 0.00015502 1.34112e-06 0.386248 6.49159e-07 5.72712e-05 
0.00414573 0.0623671 0.0575987 2.3647e-05 0.00548173 0.63163 0.0594432 1.94814e-05 0.0168519 3.01285e-05 0.00414335 0.0226967 2.23052e-05 0.0576205 0.000803302 0.0771223 
0.00192941 0.133928 0.0592348 0.00877498 0.00024526 0.445473 0.0587173 2.70869e-07 0.0646637 0.000261184 0.000587477 0.0179256 2.984e-05 0.195147 0.000990317 0.0120921 
0.00194884 0.0138861 0.0151809 2.37333e-07 3.94714e-06 0.765043 0.0340212 0.146887 0.001919 0.00175207 0.00613151 0.00115702 0.00707784 0.00361787 0.000283733 0.00108976 
0.00336666 0.00214408 1.6099e-06 7.1737e-09 3.82362e-05 0.983411 0.00771897 3.26204e-05 0.00141077 5.89217e-06 0.00108671 5.33154e-07 0.000156632 0.000624399 4.94244e-09 1.42879e-06 
0.00104584 0.0083285 0.0106365 1.97137e-07 4.42549e-05 0.968481 0.00150241 0.000446485 2.74114e-05 1.82087e-08 0.000874964 0.000300334 0.00783675 6.58762e-07 4.19118e-07 0.000474645 
0.00234113 0.00246255 0.00996937 9.33005e-10 1.12142e-08 0.784104 0.0825554 0.0262049 0.00431946 0.00047973 0.00766398 0.036443 0.000200474 0.0417043 6.31032e-07 0.00155168 
0.000441143 0.140013 0.0968046 0.00151256 0.000921053 0.47577 0.115075 0.000118929 0.00592963 5.24757e-06 0.00131677 0.00832074 7.77373e-05 0.134503 0.000580203 0.0186103 
5.04657e-06 0.00352805 0.0202915 0.00620502 4.80798e-05 0.787394 0.0739693 1.49528e-05 0.0069192 0.000440415 1.10222e-05 4.03701e-06 7.96369e-06 0.0140101 3.26641e-08 0.0871516 
0.0191579 0.00358665 0.182938 7.9193e-05 0.0022781 0.394394 0.146247 0.00315511 2.28791e-05 5.67978e-07 7.5109e-08 0.00167745 0.00417462 0.0435557 0.197495 0.00123748 
0.239377 0.0301834 0.182777 7.30483e-07 0.000339308 0.35727 0.059526 7.7596e-06 0.0197182 0.00155288 0.00698448 5.26701e-05 0.000113888 0.0633884 4.56462e-05 0.038663 
0.000740963 0.242727 0.187327 6.32116e-07 0.000767521 0.553349 0.0119895 1.80911e-07 0.00198655 5.98966e-08 7.15362e-05 0.000167293 2.87738e-05 0.000696854 2.00416e-07 0.000147268 
0.0336147 0.0371626 0.00216223 7.53755e-06 0.0164368 0.816761 0.0716916 2.16194e-06 0.0100651 7.21124e-07 0.00412116 9.69372e-05 0.000845715 0.00372964 2.39234e-06 0.00330018 
0.00388759 0.0233036 0.212467 0.000336334 0.0388633 0.611698 0.049648 1.6434e-07 0.0388841 0.000226265 0.00418049 0.000774586 0.000360429 0.00542263 5.19353e-07 0.00994731 
0.00563903 0.00459571 0.0186303 9.93646e-08 0.00773259 0.817781 0.105904 5.36704e-05 0.00275735 2.00975e-05 0.00742242 0.00476095 4.07955e-05 0.00368718 1.16067e-05 0.0209635 
0.00679367 0.101367 0.124017 1.61922e-05 0.00862165 0.574761 0.0185936 0.000506426 0.00271103 3.46151e-05 0.0362641 0.0150914 0.000167803 0.0373237 0.00316969 0.0705605 
0.0010731 0.0253063 0.0925682 1.07304e-06 0.0491893 0.570598 0.119183 1.69898e-05 0.011847 3.86982e-05 1.51975e-05 0.0349821 0.000402159 0.086321 9.60748e-06 0.00844897 
0.00175431 0.0226699 0.125062 8.97326e-05 0.000554444 0.737428 0.0722341 7.83354e-05 0.00325525 0.000837143 8.30068e-06 0.00147113 0.00135523 0.0305893 5.21418e-06 0.00260771 
0.00314723 0.0490631 0.0028849 7.8377e-07 0.0215977 0.596674 0.0244554 5.80459e-09 0.000753787 9.6048e-06 0.0076289 0.00128593 0.000170205 0.0102847 2.46512e-07 0.282044 
0.00279426 0.00933939 0.0729945 4.84177e-10 6.87964e-05 0.811228 0.0763849 3.95347e-05 0.000818519 0.00028803 0.000444992 0.00198887 0.000880891 0.0223724 0.000121839 0.000234634 
0.00292911 9.9504e-07 0.121477 2.8387e-06 0.0305432 0.714464 0.000216291 2.98592e-07 0.0240294 8.49903e-07 0.0909519 3.90801e-05 6.30929e-05 0.0145229 1.27495e-08 0.000759184 
0.00186659 0.0683191 0.00865206 3.17029e-08 0.000111229 0.704341 0.0991353 0.000112599 5.58051e-05 3.87221e-05 0.0156124 0.00779499 0.000396905 0.0570287 0.0365009 3.31908e-05 
1.5032e-05 0.100717 1.88516e-05 4.29383e-09 3.41699e-09 0.899173 1.41281e-05 4.21571e-09 1.14272e-05 4.79473e-09 2.24454e-09 6.83501e-10 3.53523e-06 1.24908e-05 2.9583e-09 3.43602e-05 
