1.77559e-07 0.0250592 1.07354e-07 5.84734e-12 1.33088e-07 0.723783 0.087878 2.30793e-07 0.00194785 7.19711e-05 0.000718379 0.0304637 0.000825405 0.0500363 0.0792155 2.30759e-08 
0.0135891 0.00441932 0.0140643 7.91681e-10 0.00507936 0.927995 0.0187648 2.04144e-06 8.57348e-05 2.96081e-08 0.000170233 0.00662553 0.000149289 0.00844167 2.84457e-06 0.000610291 
0.0118672 0.1517 0.0281498 3.42987e-05 2.19743e-05 0.624935 0.00313872 0.0781838 0.00298048 0.000612982 0.00347819 3.60675e-05 0.000176777 0.0334127 7.61805e-05 0.0611962 
0.196785 0.0116311 0.0974141 0.000917524 0.00388987 0.558392 0.094394 0.000423007 0.000928365 1.04022e-06 0.00841166 0.019074 0.00169568 2.85394e-06 0.000210092 0.0058295 
0.00711787 0.0265379 0.0562815 6.43122e-05 0.000740703 0.677703 0.130709 0.000377028 0.00701086 0.0131456 2.88315e-05 0.00362923 1.61573e-05 0.0620668 5.74692e-05 0.0145143 
1.39897e-09 0.0141316 5.93884e-10 6.99356e-09 5.56541e-09 0.795225 0.170662 6.86633e-09 2.52024e-05 7.8094e-09 2.70565e-05 1.20242e-05 1.98483e-09 4.85535e-10 4.81833e-09 0.0199166 
0.00224977 0.0279749 0.299713 4.69331e-06 0.00130047 0.59637 0.0309917 6.68468e-06 0.0118343 0.000450102 0.00185678 0.000851102 0.000427306 0.0122656 6.06221e-05 0.0136426 
0.060562 0.0703653 0.140653 3.809e-09 3.16543e-06 0.525832 0.0111872 2.07555e-07 0.0249726 0.072841 0.0333035 0.000201981 1.31539e-07 0.0505704 2.62427e-09 0.00950744 
0.0049037 0.1063 0.0404804 8.1823e-07 0.00434445 0.459337 0.198684 6.14392e-06 0.0506812 0.0025565 9.13785e-05 0.047788 1.73268e-05 0.0826263 0.00150156 0.000681602 
0.0238502 0.0142876 0.00380587 0.000375225 0.0128502 0.668071 0.179401 7.82177e-05 9.15106e-05 3.18595e-05 4.05371e-05 0.000281589 8.57658e-09 0.0631353 2.61347e-06 0.0336974 
1.11706e-05 1.11723e-05 0.0648095 1.11602e-05 1.11629e-05 0.580879 0.214519 1.11604e-05 1.1166e-05 1.11586e-05 1.11664e-05 1.11712e-05 1.11695e-05 0.0871555 1.11643e-05 0.0525142 
0.116329 0.0293948 0.0183153 1.71312e-08 0.00458357 0.743759 0.0355345 3.49372e-05 9.29186e-06 0.00042453 0.0128351 0.00833057 0.000800682 0.011488 0.0176853 0.000476157 
0.00574853 0.0148127 0.00515016 9.71473e-05 1.91067e-07 0.89505 0.027705 0.0330342 0.0155471 5.26886e-07 2.3006e-10 0.000547509 0.00202509 1.60588e-06 0.000139904 0.000139999 
0.0111805 0.0335972 0.147613 0.000906681 0.00334384 0.549055 0.142349 4.69676e-06 0.00107478 0.000443004 0.00625193 0.00830353 0.000413493 0.093938 6.85833e-07 0.00152495 
0.00420554 0.128595 0.113022 8.80568e-05 0.0140365 0.371961 0.145805 4.27269e-05 0.0152696 0.00013085 0.00767616 0.168341 3.99391e-05 0.0212867 0.00759251 0.00190763 
0.0037644 0.0140843 0.0324998 0.00154303 0.00132635 0.821804 0.0818109 0.000212501 0.0170557 0.00149026 0.000289327 0.000132199 4.87447e-05 0.0189163 1.4423e-05 0.0050081 
0.00256433 0.187772 0.00125546 0.00174237 3.50213e-08 0.472596 0.157123 8.59923e-05 0.000851744 0.000215065 0.00152934 0.00552193 2.63336e-05 0.15908 4.61559e-05 0.00958989 
0.0295072 0.167566 0.0413379 0.00136079 0.00227443 0.435613 0.0535072 0.0409336 0.0054265 6.6148e-05 0.0125022 0.00125649 0.000367341 0.121339 0.000193194 0.0867493 
0.00263921 0.270201 0.0269233 0.00362013 0.000250971 0.414187 0.0955838 4.84051e-06 0.000374074 2.48309e-05 0.000526438 0.000123281 0.000232722 0.184014 0.000591266 0.000703075 
0.0256256 0.0254551 0.0189775 0.0015898 0.000460949 0.674069 0.123323 1.70489e-06 0.00151327 0.000577648 0.00113972 0.023198 0.000126017 0.0894609 0.00112269 0.013359 
0.01821 0.336783 0.100586 0.000252892 0.00019789 0.359831 0.0797264 0.0263183 0.00120643 3.43795e-06 0.0117888 0.00739459 0.000687398 0.0338445 0.000128254 0.0230409 
0.113893 0.121157 0.0284426 6.31667e-05 0.000860729 0.369027 0.169399 4.70367e-05 0.0693119 1.68807e-05 0.0103396 0.0204496 0.000316104 0.0855428 0.00159732 0.00953677 
0.0121351 0.0645747 0.0957529 6.68591e-10 5.84358e-05 0.709223 0.0582564 3.01636e-06 0.000252334 0.000358419 0.00366161 5.97631e-07 3.63779e-05 0.053842 4.55865e-07 0.00184517 
0.0132133 0.0680488 0.0839665 2.38824e-07 0.0606713 0.378987 0.15689 5.91346e-05 0.00276585 3.02627e-05 0.0954105 0.026259 0.0604066 0.0292092 0.0235513 0.000530826 
0.00768568 0.0632795 0.0514673 3.42563e-09 1.85481e-07 0.739624 0.051785 0.000103946 0.00217011 3.82525e-09 3.42786e-05 8.06746e-06 2.29524e-05 0.0718311 0.00123606 0.0107513 
0.06905 0.232222 0.1089 4.41896e-08 0.00605234 0.299105 0.0218125 0.00200385 0.000611119 3.53979e-06 0.109237 0.00084049 0.00097714 0.0963827 0.000713104 0.0520894 
0.020966 0.0352731 0.0603135 0.00106721 0.00190376 0.690486 0.0924838 5.55291e-06 0.000755444 3.38596e-05 0.020965 0.00450154 0.000180907 0.0685827 0.000393461 0.00208855 
2.75589e-08 1.82278e-05 0.0174455 1.05127e-05 0.000139799 0.977004 0.00193957 1.87333e-05 2.95192e-06 0.000203258 0.000242342 2.61473e-06 7.22753e-06 9.72391e-08 1.9752e-05 0.00294584 
0.00267513 0.0456237 0.0904823 9.37647e-06 0.00206752 0.736311 0.0751316 0.000128036 0.0110577 7.61754e-05 0.000711107 0.0125844 0.000335957 0.0205626 0.000461468 0.0017817 
0.0578746 0.12806 0.0499628 0.000460312 0.00233225 0.482456 0.044666 0.00118577 0.00494132 1.74409e-06 1.97507e-05 0.00263398 0.000376304 0.150903 0.00340914 0.0707175 
0.00996402 0.0780161 0.139638 0.00186241 0.00138676 0.213491 0.1798 4.50859e-07 0.0808737 0.0270026 0.10499 0.000197275 0.000142395 0.145602 0.00566985 0.0113633 
0.0031923 0.0562276 0.152019 0.000225658 0.0371867 0.230085 0.150452 8.62303e-06 0.0195794 0.000128906 0.225104 0.0212346 0.00045233 0.0314244 1.76055e-05 0.0726623 
0.105502 0.123196 0.00325853 0.00527386 0.000341533 0.241377 0.0304066 0.109711 0.00696715 0.000200861 0.0105792 0.0888825 0.000125967 0.116438 3.94958e-07 0.157738 
0.0186113 0.16245 0.179389 0.00206693 0.0128477 0.220908 0.159881 9.58688e-05 0.0105203 0.0134214 0.0131999 0.00668692 0.000255645 0.108866 0.00189983 0.0889005 
0.143011 0.00469016 0.121523 6.36531e-07 0.065502 0.468216 0.052816 0.00040292 0.000170934 8.45889e-06 0.0223833 0.0283339 5.59569e-06 0.0490575 0.0379176 0.00596175 
0.0206623 0.0355777 0.11919 4.68342e-05 1.39829e-06 0.531311 0.0676273 2.66105e-05 0.0140758 5.34555e-05 9.86585e-05 0.00249153 0.0011754 0.195545 0.00153371 0.0105833 
0.000552878 0.00790339 3.33993e-08 0.000110933 3.12992e-07 0.90447 0.0765046 3.86154e-07 0.000161077 0.0012837 0.00233554 7.69183e-05 0.000683502 0.00572806 0.000188137 7.18557e-08 
0.0179748 0.0703262 0.0850326 1.62087e-07 0.0439567 0.343305 0.200885 0.000191678 0.0256421 2.82316e-05 0.00216276 0.0245055 0.000169941 0.150325 0.000184342 0.0353112 
0.0407702 0.0684456 0.0581913 1.09202e-07 0.000160888 0.712162 0.103038 4.76632e-06 1.60026e-05 0.000280196 0.00464402 0.00498384 0.000317064 0.00512327 0.000304158 0.00155792 
0.000425378 0.0572508 0.16271 7.15503e-06 0.000270001 0.766823 0.000389192 1.74723e-05 9.14615e-05 0.000118892 0.00111489 3.41693e-05 5.58877e-05 0.0105201 4.92958e-06 0.000165905 
0.0686305 0.187775 0.057158 6.97928e-10 0.000471519 0.358753 0.0287375 6.88673e-05 0.0411505 0.0102189 0.158553 0.0333316 0.000519357 0.0261403 0.00375589 0.0247364 
0.00336666 0.00214408 1.6099e-06 7.1737e-09 3.82362e-05 0.983411 0.00771897 3.26204e-05 0.00141077 5.89217e-06 0.00108671 5.33154e-07 0.000156632 0.000624399 4.94244e-09 1.42879e-06 
0.00276602 0.010025 0.0023152 5.22356e-10 0.00019304 0.871734 0.0252323 4.61588e-05 0.00115934 0.0473281 0.0332116 0.000319773 0.00045743 0.00521073 5.70036e-07 9.23158e-07 
0.000554995 0.0250157 9.6222e-05 2.25157e-10 5.12597e-06 0.871291 0.0207979 0.000397309 0.00108907 1.5035e-05 0.0034782 0.0115088 0.000617701 0.0156471 0.049485 6.80056e-07 
0.0152629 0.0960799 0.0482829 2.22123e-05 0.037989 0.441691 0.229093 0.00735457 0.00207565 0.000202282 0.0111907 0.0508111 0.000469179 0.0309298 0.0262621 0.00228425 
0.0127539 0.0382717 0.0417053 3.37733e-08 0.000536565 0.560361 0.196565 5.84021e-05 0.0224373 0.0292782 0.0278247 0.000688006 0.000596782 0.0666254 0.000119086 0.00217908 
0.0266422 0.109614 0.122868 0.000570884 2.25317e-05 0.360693 0.0657735 0.00201393 0.00105313 0.0474043 0.0967056 0.00171252 0.00842666 0.0882362 0.0428657 0.0253978 
0.0660145 0.0459608 0.101445 6.60658e-07 6.55943e-07 0.654902 0.0698193 8.07745e-08 4.25538e-06 0.00345029 0.00738735 0.00133384 0.000194585 0.0452013 7.68649e-10 0.00428575 
4.80138e-05 0.000955254 0.000230657 6.71104e-07 5.34059e-07 0.656574 0.314987 6.58895e-07 0.0249336 7.49393e-07 7.65909e-06 6.14682e-06 1.90465e-07 0.00168284 4.62369e-07 0.000571597 
0.032434 0.114654 0.0374745 5.06927e-06 0.00924811 0.482834 0.0933868 5.02378e-06 0.0813613 0.000177432 0.00146803 0.000122126 0.000271546 0.113212 0.00462835 0.0287174 
0.000850164 0.0657564 1.4749e-06 3.21325e-10 2.55708e-10 0.868769 0.0115937 3.15479e-10 2.92683e-05 3.5881e-10 7.26627e-07 0.0397616 0.000380872 0.00472528 2.21382e-10 0.00813106 
0.000675272 0.0057575 0.000843176 4.54537e-06 3.08595e-06 0.906353 0.0664091 0.000109206 3.07721e-05 2.42798e-05 9.13393e-06 0.00641587 2.31179e-06 0.00886425 0.00304555 0.00145294 
0.0256653 0.0139207 0.0492594 0.00477924 0.0187009 0.709939 0.0732719 0.000129203 0.0207802 0.000233269 0.00432391 0.000618365 0.000380721 0.0738075 0.000433363 0.00375671 
0.0492912 0.160401 0.170734 9.24707e-05 4.03462e-05 0.376089 0.00159049 0.00340351 8.10951e-05 6.98993e-06 0.000160699 3.77799e-05 4.25778e-05 0.219205 0.00012579 0.0186975 
0.00725085 0.117476 0.0443419 2.38325e-09 0.000373375 0.380508 0.373393 0.000134635 0.00316049 0.000260029 0.00617843 0.0295565 0.00013176 0.0354853 0.000272166 0.00147736 
7.9478e-05 0.0963416 0.170792 1.76738e-08 5.3196e-05 0.579967 0.0065623 5.90475e-06 0.00048171 3.68422e-06 0.000512958 0.00151757 0.00021546 0.13836 0.00328055 0.00182608 
0.00144061 0.0287146 0.0138686 0.000737861 0.0067636 0.554651 0.29468 8.23201e-05 0.0278991 1.62921e-05 0.0303 3.33148e-05 1.78852e-05 0.00945256 1.71587e-05 0.0313253 
0.04548 0.190031 0.0239467 3.56829e-05 0.00337902 0.475019 0.0305759 0.0144186 0.000704723 0.00106387 0.00737242 0.00961421 0.00154397 0.142646 0.00478227 0.0493872 
6.36486e-07 0.0241091 0.0417249 3.45321e-07 2.74803e-07 0.652451 0.0366577 0.00120245 2.1755e-05 0.180011 0.000636369 0.0588976 9.80049e-08 0.00245339 0.000191819 0.00164146 
0.000124829 0.00117258 0.000118871 1.44186e-08 0.000170098 0.95511 0.00298212 1.2431e-05 0.0362495 1.01009e-05 0.00023119 9.34892e-05 3.88834e-05 0.00358643 5.25148e-08 9.96939e-05 
0.000740963 0.242727 0.187327 6.32116e-07 0.000767521 0.553349 0.0119895 1.80911e-07 0.00198655 5.98966e-08 7.15362e-05 0.000167293 2.87738e-05 0.000696854 2.00416e-07 0.000147268 
0.00225539 0.00258884 0.0186803 3.14751e-08 0.000337374 0.944406 0.0219682 0.00279793 1.74473e-08 0.00135983 0.000806874 9.78278e-05 0.00068767 0.00393962 7.37146e-05 5.75034e-09 
0.00883436 0.0264183 0.00346962 0.000149113 6.06467e-05 0.661703 0.0642418 3.08251e-07 0.198309 3.50588e-07 0.000123321 2.37362e-05 8.91052e-08 0.0247793 2.1631e-07 0.0118867 
0.0169738 0.0754723 0.118355 0.00287467 0.000283725 0.392155 0.160762 0.000102305 0.0184955 0.000189808 0.00375653 0.00247712 0.000717226 0.192746 1.11738e-05 0.0146281 
0.00636306 0.0320514 0.337484 3.25412e-08 1.44318e-06 0.388474 0.0449221 0.000411739 0.0421842 2.05685e-05 0.00203321 0.000379161 0.000143289 0.144406 1.02296e-05 0.00111534 
0.000202571 0.00702902 0.0916476 1.12347e-05 8.81239e-05 0.547025 0.271851 0.000115188 7.32346e-05 0.000153993 0.0132586 0.0188821 1.83062e-06 0.0105376 0.0102249 0.0288977 
0.0069625 0.133672 0.0167673 0.000104634 0.00252693 0.544281 0.0817342 0.0106358 0.0148857 2.19784e-05 0.000885797 0.000381467 1.53354e-05 0.0230933 0.000443841 0.163588 
0.0590114 0.321727 0.00789759 4.96682e-09 2.53883e-06 0.460728 0.0511877 5.02288e-06 0.000943873 0.00239672 0.00438197 0.00367355 0.000172719 0.0848965 0.000447226 0.00252824 
0.00954834 0.329427 0.032337 0.000189857 0.0113278 0.426113 0.0563533 0.0379282 0.00423212 4.02712e-06 0.00841444 0.00214766 0.000114401 0.0373947 5.6828e-05 0.0444105 
3.23169e-07 0.112233 0.0259796 1.45341e-07 2.38997e-05 0.380734 0.317303 2.89175e-05 0.0012464 2.52798e-06 0.00867118 0.102772 0.000177456 0.05008 0.000343237 0.000404159 
0.0148993 0.168702 0.082205 0.000180014 0.0336095 0.410951 0.110471 7.01956e-05 0.00715952 9.94558e-05 0.0203989 0.0957527 0.000285335 0.0364245 0.000274706 0.0185176 
0.00255852 0.00572625 0.0250886 1.5707e-06 4.25669e-06 0.702832 0.140562 0.000258588 0.00096872 0.0015312 0.00353176 0.00378638 0.00100077 0.100887 2.60967e-05 0.011237 
0.0410039 0.00289924 0.000220382 2.22791e-06 0.000151261 0.712303 0.00198804 0.00450491 0.000384281 0.000252791 0.00172485 5.16157e-05 5.01373e-05 0.000462667 1.53496e-06 0.233999 
0.00160139 0.07534 0.0651955 0.00415254 0.000107558 0.479241 0.0752767 3.77029e-05 0.00426376 0.00162525 0.00266818 0.00658778 0.00022169 0.0158106 6.87019e-06 0.267864 
0.00172015 0.0214749 0.0311767 1.4762e-06 0.0506873 0.807776 0.0435694 0.000112664 0.00967814 2.67593e-05 0.0166032 0.00302154 0.000149117 0.010841 0.000666229 0.00249518 
0.000419206 0.0609519 0.0170215 2.40647e-09 0.000404571 0.762531 0.0364817 8.09444e-05 0.0183284 0.000629667 0.00021645 0.0477473 4.21703e-05 0.0536447 0.000311739 0.00118903 
0.00189236 0.0591526 0.137791 3.06764e-05 0.0124405 0.374655 0.0185175 1.10372e-05 0.000242253 0.00292809 0.00299163 0.00203638 0.000109477 0.258896 7.65386e-06 0.128297 
0.00288839 0.145191 0.0242243 2.24924e-05 0.00620487 0.400012 0.260399 0.000106984 0.0106091 0.000112943 0.00211547 0.0149982 0.00023711 0.129158 0.00216532 0.00155525 
0.00210127 0.0450344 0.0282254 0.000259288 0.00116703 0.656435 0.146192 0.000125131 0.0215894 1.77385e-05 0.00461564 0.0201531 0.000277315 0.0699428 0.00360799 0.000255875 
0.0185691 0.0238555 0.000218926 1.19414e-05 2.954e-05 0.892364 0.0181799 3.31126e-06 0.000626499 3.19709e-06 0.000687932 2.61873e-06 6.27227e-05 0.0339473 5.42256e-05 0.0113834 
9.74126e-05 0.00894777 7.19813e-05 1.60875e-06 2.47888e-06 0.796213 0.00442498 0.00286882 0.0103814 0.000104685 0.000329959 0.000119566 0.00416456 0.146575 3.87595e-05 0.0256584 
0.00372335 0.108332 0.0262866 0.00708565 0.000225243 0.656809 0.0595228 2.25568e-06 0.0012152 7.56056e-05 0.0999279 0.00447435 1.9839e-05 0.0321017 1.04304e-05 0.000187274 
0.00844273 0.131049 0.0683511 1.67618e-10 0.00394835 0.388829 0.113825 6.61761e-05 0.00205809 3.02107e-07 1.10799e-06 0.000669581 8.79791e-05 0.00858722 6.29948e-08 0.274084 
9.6929e-08 9.10702e-05 0.000694746 4.84556e-07 3.85605e-07 0.981374 4.83096e-05 4.7574e-07 2.686e-07 5.41082e-07 3.09023e-05 7.71327e-08 1.37521e-07 0.0177573 3.33843e-07 4.57897e-07 
0.0444224 0.0543925 0.0447117 8.74509e-06 6.52836e-06 0.789699 0.0164532 4.12374e-05 0.00176261 0.000381026 0.00501135 0.00028076 3.33857e-05 0.037983 2.99271e-07 0.00481183 
0.000173736 0.0303063 3.57823e-05 5.33752e-08 6.16228e-05 0.813987 0.0470734 1.99702e-05 4.80789e-05 3.85937e-05 4.0588e-05 4.59845e-05 9.94528e-07 0.094544 3.67737e-08 0.0136244 
2.21817e-05 9.43373e-06 0.00229538 9.20224e-10 0.453559 0.544035 4.86865e-05 9.03482e-10 5.101e-10 1.02757e-09 1.43353e-05 4.3214e-06 2.5597e-06 5.50077e-06 6.34004e-10 3.16083e-06 
0.0012914 0.00624607 0.078482 1.1308e-09 2.06757e-06 0.66429 0.200601 0.000353854 0.00540508 0.00095082 0.00123858 0.0273142 0.000278287 0.0123882 7.79081e-10 0.00115867 
0.000810685 0.00735429 0.00414537 0.0262166 0.000352993 0.570818 0.313988 0.00062958 0.00820819 0.000457072 0.000270226 0.000581307 1.88919e-05 0.0258853 0.0373797 0.0028833 
0.0692407 0.0238809 0.062256 3.78451e-06 0.0106328 0.448846 0.0964522 2.69115e-05 0.000782752 0.00542391 0.109832 0.00735554 0.00296845 0.0973211 0.000374338 0.0646029 
0.00116675 0.009837 0.020544 1.40958e-06 7.44702e-07 0.494265 0.0176101 3.68227e-10 0.0165484 4.18802e-10 0.390405 0.000101055 0.000617365 0.0472644 2.58397e-10 0.00163865 
0.0255612 0.0675275 0.0924304 0.000491773 0.0397764 0.376393 0.210725 0.000120079 0.000404666 0.0196927 0.0107023 0.0984559 0.000651319 0.010621 0.0238257 0.0226208 
0.00300525 0.218918 0.0101257 1.3194e-11 0.000180481 0.494882 0.0915506 5.20763e-07 0.000871757 3.24144e-07 2.61403e-07 3.5614e-06 3.32521e-07 0.179731 1.6397e-05 0.000713395 
0.000931521 3.55221e-05 0.0453712 4.36482e-06 5.23776e-05 0.934714 3.62026e-05 4.28541e-06 2.15812e-05 3.2752e-05 4.49466e-05 3.92126e-05 2.76729e-05 0.0185632 5.85777e-05 6.27229e-05 
0.000402374 0.0072909 1.16411e-05 1.52224e-08 0.000156578 0.957173 0.0108553 0.000645427 0.000353407 2.48711e-05 9.65635e-05 0.00322888 0.000595832 0.00617199 0.0129896 3.88159e-06 
0.00222047 2.12219e-05 0.0454206 7.06465e-05 0.0126409 0.885183 0.0536925 2.03546e-07 1.14921e-07 0.000103567 5.10598e-05 0.000183889 1.52076e-05 0.000161939 1.42835e-07 0.000234078 
5.59526e-07 5.90202e-05 0.0156702 2.81211e-07 0.000279666 0.569829 0.147821 0.000141533 0.00195589 0.000588246 0.000889661 0.0384835 7.98101e-08 0.16751 8.48696e-05 0.0566874 
0.000961752 0.0184675 0.0904723 2.2355e-09 0.00163064 0.727656 0.0930655 1.43242e-06 0.0272995 2.49629e-09 6.64283e-05 0.00921 1.3249e-05 0.0300986 6.78024e-07 0.00105654 
0.000124829 0.00117258 0.000118871 1.44186e-08 0.000170098 0.95511 0.00298212 1.2431e-05 0.0362495 1.01009e-05 0.00023119 9.34892e-05 3.88834e-05 0.00358643 5.25148e-08 9.96939e-05 
0.0308473 0.145577 0.098575 2.13568e-10 3.49148e-05 0.346338 0.102725 9.26275e-05 0.0214383 2.11473e-05 0.00309931 0.0368886 8.05152e-05 0.151844 0.0418405 0.020598 
0.406859 0.0897582 4.93775e-06 1.28924e-08 5.43278e-06 0.476775 1.28565e-06 3.68917e-06 1.16412e-06 1.33396e-06 0.0036533 4.36897e-07 2.08126e-06 2.70053e-05 1.48917e-06 0.0229065 
0.00445079 0.190366 0.0320492 0.000299915 0.000394574 0.445395 0.102247 2.75005e-06 0.0013778 6.94934e-05 0.195341 0.0024973 1.35409e-05 0.0252855 1.56112e-05 0.000193935 
9.68308e-07 0.00861487 0.140545 0.0203718 7.61848e-07 0.783038 0.0123191 6.94686e-05 1.51943e-06 2.12316e-05 4.44897e-07 5.30536e-06 2.86782e-07 0.0160462 4.11787e-07 0.0189648 
0.00203796 0.00143282 3.40511e-12 4.00984e-11 3.191e-11 0.990878 0.00129668 0.00435441 1.24496e-07 2.24329e-08 3.01858e-07 6.38297e-12 3.75663e-08 2.78388e-12 2.76265e-11 7.32579e-12 
0.000546554 0.00136237 0.233905 1.70429e-05 0.000315988 0.602855 0.0939105 3.596e-05 0.00904624 2.98962e-05 0.000328844 0.00958666 8.67283e-07 0.025462 1.04808e-08 0.0225968 
4.79732e-05 0.000178034 5.49916e-05 3.1397e-07 1.91521e-05 0.998012 9.62366e-05 5.27799e-05 8.90493e-05 3.50597e-07 0.000763778 0.000131126 0.000337563 4.5646e-05 0.000170684 5.73608e-08 
0.000452303 0.122427 0.0844595 9.01192e-06 0.0110017 0.510038 0.113581 0.000121481 0.10061 6.12036e-06 0.00417299 0.0436466 0.000134062 0.00762686 2.57609e-05 0.00168861 
0.160973 0.0760253 0.00839964 2.34149e-08 0.266552 0.394204 0.000987939 0.0013099 0.000348765 0.00184932 0.00961616 0.000609423 0.0171413 0.0203963 0.0192923 0.0222944 
0.00522752 0.0848819 0.0745086 2.35556e-08 0.00367182 0.686623 0.0901377 0.000191573 0.004742 3.10438e-07 0.00109939 2.29819e-07 4.29901e-07 0.016753 0.000274083 0.0318884 
0.00552437 0.00308476 0.0320359 8.057e-09 7.93397e-08 0.650538 0.301757 8.57698e-07 4.26901e-06 0.000117131 0.000669724 0.00018268 0.00161576 0.00429476 3.83195e-06 0.000171219 
0.00128909 0.0839634 0.0108464 1.14609e-06 9.8382e-05 0.630691 0.145734 0.0144186 0.000402902 6.61075e-06 0.000975448 3.81806e-05 4.78285e-05 0.0861885 3.65627e-06 0.0252951 
0.0388783 0.340026 0.00755614 2.09943e-07 2.88494e-06 0.552592 0.00513227 0.000547754 0.0178666 1.80595e-05 9.4647e-05 1.48995e-06 1.87766e-05 0.0173455 4.69726e-06 0.019915 
0.131974 0.0754503 0.04014 0.00033811 0.00267692 0.670398 0.0165272 0.000184943 0.00109211 0.0253064 0.00184227 0.00842566 2.72873e-05 0.016576 3.09202e-06 0.00903785 
0.00425763 0.0100863 0.00571877 6.41892e-06 0.0041083 0.918135 0.0346711 3.20182e-07 0.00233658 0.000853097 0.01008 0.000803695 0.000140824 0.00188931 0.000116919 0.00679528 
0.0668169 0.0247737 0.161295 0.000256459 0.00017218 0.488392 0.0315959 0.00339758 0.00354101 9.63442e-05 0.00180719 0.0123193 0.0316954 0.151045 0.00151989 0.0212759 
0.0416863 0.18544 0.0221158 0.00580487 0.00233917 0.466052 0.201507 2.26912e-05 0.00065818 0.000718446 0.005437 0.00868901 1.90163e-05 0.0422895 0.00449352 0.0127282 
0.100335 0.157296 9.86129e-11 1.16126e-09 1.40306e-06 0.574421 0.0183557 0.0219509 0.000891328 0.000472106 7.3345e-05 5.33801e-05 0.000230617 0.0412506 0.000105056 0.0845637 
0.000878746 0.0411492 0.124196 5.13299e-05 1.53521e-05 0.771015 0.0371176 3.30295e-08 0.000296468 6.43574e-05 0.000228246 0.000627729 2.21883e-06 0.0213344 2.65595e-05 0.00299678 
0.00434229 0.0356512 0.00598954 7.74049e-10 0.000302958 0.884085 0.00505501 0.000878828 0.00077761 6.37354e-08 0.00360101 6.11866e-05 0.00147011 0.0456234 0.000115734 0.0120459 
0.000697118 0.00573191 0.038672 0.00201435 9.62968e-05 0.742675 0.087249 4.70062e-07 0.00643495 0.000393765 0.000197144 0.0255246 3.31471e-06 0.0539846 0.0223042 0.0140217 
0.0157492 0.196607 0.218516 2.65359e-06 0.0143045 0.23859 0.177547 1.85783e-07 0.000608902 0.000826483 0.00650965 0.0386104 8.31611e-05 0.0847972 0.000176871 0.00707069 
1.16052e-06 0.0419623 3.43199e-10 4.0415e-09 1.0026e-06 0.758247 0.167212 8.99151e-07 0.000541709 4.51296e-09 0.000617806 2.16424e-06 1.14701e-09 0.0306443 2.78446e-09 0.000769956 
0.00155702 0.0124814 0.0223403 7.09134e-08 6.29863e-05 0.946279 0.00224859 0.00392147 9.57044e-06 1.64028e-09 0.0013002 0.000487319 0.00239931 0.000122968 1.43456e-07 0.00678967 
7.23833e-06 0.325228 0.104764 1.31207e-09 9.42802e-05 0.501802 0.02773 1.86688e-07 0.000462141 1.17436e-07 0.00237893 6.82319e-07 0.0013713 0.0261708 9.03974e-10 0.00999102 
0.00957625 0.0686388 0.236556 2.75532e-07 0.00247224 0.381655 0.18018 0.00640867 0.0196313 0.00773203 4.60999e-05 0.023307 0.0108367 0.0101067 0.000666641 0.0421863 
0.0155267 0.0540484 0.18844 0.00059105 0.00134794 0.637293 0.0234323 4.9841e-05 0.0163182 9.29928e-07 0.00169036 0.00249793 0.000139256 0.0431089 0.000321582 0.0151943 
0.0391784 0.0491069 0.0611118 1.66392e-07 0.000782709 0.598627 0.0576036 0.000106616 0.0322077 4.71489e-06 0.0199846 0.000386481 0.000135098 0.130966 3.9215e-06 0.00979356 
0.000492581 0.108956 0.0143422 0.000853152 0.0608237 0.443997 0.0796014 0.0784621 0.00209455 0.13624 0.000393434 0.00280412 0.000915988 0.0676685 1.50281e-05 0.00233941 
0.0186738 0.129245 0.0319632 2.04481e-06 9.31548e-05 0.354151 0.340691 0.00181521 0.00288629 0.00828463 0.010166 0.008007 0.00693991 0.0776026 0.00353465 0.00594457 
0.00158114 0.0165086 0.181828 1.67286e-08 2.47198e-06 0.478653 0.0800143 0.000514083 0.000956391 0.000515831 0.0025594 0.00642829 0.000564187 0.207682 0.00849879 0.0136936 
0.00603474 0.0482676 0.0180686 1.92354e-08 5.17583e-05 0.683794 0.140094 5.02924e-06 5.5225e-05 2.14793e-08 1.0055e-08 0.000293642 0.000860146 0.100331 1.32525e-08 0.00214505 
0.00109136 0.0277227 2.37541e-07 2.30345e-10 2.94631e-07 0.578656 0.231776 3.21727e-05 0.0029157 0.000440021 0.000787411 0.0118441 0.000287776 0.131178 0.0132185 5.01089e-05 
0.00051613 0.0331862 0.109312 8.58324e-05 0.000561787 0.756735 0.0320454 4.34121e-05 1.6304e-05 0.000163149 0.00056489 0.0512008 0.000111028 0.0140316 1.96439e-09 0.00142596 
0.0309375 0.109823 0.147132 2.19745e-06 0.0269077 0.430594 0.0890006 4.58079e-05 0.000126341 0.00323074 0.0166614 0.000756997 0.000198147 0.0219013 1.82836e-05 0.122664 
0.00323226 0.0590635 0.00884048 1.02895e-06 3.40431e-07 0.696025 0.0717776 5.90251e-07 0.000325635 5.39103e-05 0.0331182 0.00814167 0.000407112 0.0898097 0.0225225 0.00668096 
0.0535683 0.0619334 0.0549509 0.000183985 3.16913e-05 0.504454 0.170834 0.000657277 0.00332388 0.00253708 0.00166529 0.0275543 0.000486781 0.0868425 0.0176308 0.0133458 
0.00294911 0.146329 0.0482336 1.00105e-10 3.28006e-06 0.29638 0.110307 0.000486861 0.00101167 7.75411e-08 0.170534 0.00737351 0.00123756 0.0854881 0.118354 0.0113111 
0.170953 0.0903867 0.0717318 0.000447474 0.00557795 0.362954 0.0739916 2.71823e-05 0.00426712 0.000151926 0.00974535 0.000931595 9.48816e-05 0.198524 0.000546975 0.00966787 
0.00160635 0.143134 0.0145792 1.16119e-07 1.45544e-07 0.354245 0.184321 1.2377e-05 0.00895277 0.0508818 0.00398843 0.00814059 0.00044424 0.2283 0.000277641 0.00111647 
0.0108017 0.0836499 0.0533693 0.000258402 0.00537583 0.724003 0.0489189 1.90748e-05 0.000486784 0.00054622 0.000284987 0.0487255 1.35782e-05 0.0223067 5.3615e-05 0.00118664 
4.85497e-05 0.0266143 0.000412693 5.89581e-06 0.00273024 0.93041 0.000439641 0.000308453 0.00139513 0.000104832 0.00280215 8.35085e-05 0.00024667 0.0282988 8.22695e-05 0.00601639 
0.000592616 4.71776e-06 0.00027647 0.000102569 0.000147824 0.745566 0.218873 3.8686e-07 0.0112153 0.000105211 0.00209301 0.0158802 0.000103628 0.00459781 0.000142329 0.000298744 
0.00806963 0.0138992 0.0108642 3.36776e-08 1.46224e-06 0.821374 0.116957 2.66955e-05 0.00514947 0.000107598 0.00190644 0.000242796 0.000290779 0.0203001 4.62476e-06 0.000805327 
0.0310299 0.0282592 0.0302724 3.69119e-05 0.00115462 0.812912 0.0224547 0.000237228 0.000373992 0.00275571 0.00175312 0.00317788 0.000184349 0.0633533 0.000221193 0.00182396 
0.0477472 0.267151 0.0241952 4.11452e-07 8.70506e-05 0.420322 0.151774 0.000321238 0.000663902 0.0117277 2.2399e-06 0.00189155 0.00113461 0.00798532 0.00331586 0.0616804 
0.00016022 0.0047702 0.0540145 1.64058e-06 0.000848392 0.847733 0.0362404 1.61073e-06 0.0246511 6.16286e-05 0.000193961 0.000161277 9.32431e-05 0.0304708 3.7997e-05 0.000560032 
0.0046834 0.0394272 0.00603253 4.24208e-07 4.51816e-05 0.847176 0.0318841 4.97777e-05 0.000114416 5.74659e-05 0.00413733 0.0111104 0.016019 0.0305454 0.00492589 0.00379192 
0.00142127 0.107202 0.0710572 5.39704e-05 0.0513964 0.529155 0.111693 0.00119896 0.00124423 7.29201e-05 0.0153883 0.0192309 0.000307325 0.0819829 0.00565952 0.00293596 
0.00621602 0.0529587 0.0433873 9.25494e-05 0.00891277 0.548694 0.18131 0.00106253 0.0212053 0.000318833 0.0070277 0.0373443 0.000157241 0.0806329 0.00599991 0.00468029 
0.0217108 0.00992847 0.0539363 6.38282e-07 0.289936 0.616825 0.00105529 3.93892e-06 6.51337e-05 7.12742e-07 3.33654e-07 2.78671e-06 0.000304493 0.00238749 1.47278e-06 0.0038412 
0.000672511 0.0005885 0.0191757 2.71405e-06 2.15982e-06 0.707632 0.00246917 0.000473649 1.50446e-06 3.03066e-06 0.220377 4.32029e-07 7.70271e-07 5.34754e-05 1.86989e-06 0.0485448 
6.29579e-07 0.0324872 0.0372656 3.15285e-05 9.97373e-05 0.734137 0.0735469 4.34804e-07 0.0102606 0.0415524 0.0225755 0.000326644 0.00286446 0.0119868 0.0012163 0.0316485 
0.191571 0.125398 0.0243141 4.9658e-05 0.00131072 0.478372 0.0138208 1.28504e-05 0.00302995 0.000859452 0.0291929 0.00047705 0.000686399 0.127098 0.000118471 0.00368885 
0.000722063 0.0441233 0.0109531 2.77672e-06 0.000515735 0.682563 0.0195167 1.08165e-05 0.000653255 6.25435e-06 5.44098e-05 0.00350669 0.000758956 0.0788558 4.14627e-05 0.157716 
0.00259353 0.0208009 0.026565 8.97906e-08 0.00010455 0.939829 0.00374701 0.00109474 1.18954e-05 1.01855e-09 0.00216541 9.01759e-07 0.00190979 2.85528e-07 1.77683e-07 0.00117707 
0.0215834 0.0988166 0.00752363 0.000592882 0.00513087 0.300247 0.0798161 0.00108193 0.0529232 0.00103608 0.144458 0.0193647 3.40546e-05 0.0506526 0.00143833 0.215301 
0.0174961 0.189224 0.0830068 2.4832e-05 0.0052296 0.521901 0.0594644 0.000455119 0.0294851 1.20604e-05 0.00310139 0.00340496 0.000225094 0.0192524 8.34473e-05 0.0676328 
0.00870632 0.0895682 0.00425188 2.02983e-07 0.00493033 0.602066 0.169435 5.56241e-05 4.77614e-05 0.00631011 0.0181936 0.0619204 0.000325777 0.0192508 0.0108756 0.00406234 
0.0171732 0.0492059 0.00755136 5.07741e-06 0.00622616 0.721675 0.137648 0.000628553 0.000577165 8.11438e-05 0.00474087 0.00576327 0.000407418 0.0334129 0.00366995 0.0112343 
0.10938 0.105896 0.00564548 1.40973e-05 0.000256905 0.760327 0.000856438 6.36255e-05 0.00280926 1.10115e-05 0.00055977 2.58768e-05 0.000201315 0.011163 3.91872e-05 0.00275093 
0.000110115 0.130908 0.0268411 1.13994e-09 0.00674815 0.564733 0.0606022 0.00185434 3.31397e-05 8.76818e-06 0.000928782 0.0998736 0.000350605 0.0969172 0.010084 6.92551e-06 
0.000247494 0.0174325 0.00124183 7.57002e-07 0.00016018 0.805602 0.097133 0.00176757 0.00104819 3.29118e-05 0.000331071 0.0036552 0.000347936 0.0589221 0.0112783 0.000798768 
0.0704447 0.0449469 0.0210581 4.04453e-06 0.000408596 0.798729 0.0263219 4.04459e-06 4.04662e-06 4.04396e-06 0.00809764 4.04851e-06 0.0121478 4.04895e-06 4.04601e-06 0.017817 
0.0614448 0.0281954 0.00171888 0.00307718 0.000147012 0.467916 0.300814 0.000486207 0.00233328 0.000718313 0.00841108 0.00229659 0.0486703 0.0704368 0.00052791 0.00280589 
0.00122551 0.00122569 0.00122568 0.00122436 0.00122466 0.981623 0.00122569 0.00122438 0.001225 0.00122419 0.00122505 0.00122557 0.00122539 0.0012257 0.00122481 0.00122553 
0.0413709 0.0993743 0.141683 0.00418216 0.0010077 0.341035 0.15709 0.000693747 0.0177595 0.00027409 0.0254718 0.0132109 0.00895095 0.130145 0.00460043 0.01315 
0.000740963 0.242727 0.187327 6.32116e-07 0.000767521 0.553349 0.0119895 1.80911e-07 0.00198655 5.98966e-08 7.15362e-05 0.000167293 2.87738e-05 0.000696854 2.00416e-07 0.000147268 
0.000503731 0.00413046 0.185329 2.87326e-05 0.000245223 0.711278 0.0030026 0.00349231 0.00030213 2.10156e-09 0.00165996 0.000504735 0.0811251 0.00320476 1.66042e-05 0.00517613 
6.36266e-07 0.194733 0.226985 9.33063e-07 2.98589e-05 0.292478 0.0119006 5.00465e-07 0.00596139 0.000536077 8.7237e-07 0.0101215 6.43124e-05 0.156395 0.000332294 0.10046 
0.00259384 0.0188281 0.0446516 7.8798e-09 0.00017979 0.77571 0.105315 9.64128e-05 0.0260393 2.26112e-06 4.27061e-05 0.00931048 8.50613e-05 0.00656997 0.000872052 0.00970302 
0.00939284 0.00435529 0.0736303 2.80609e-05 4.75757e-06 0.803159 0.0770666 0.000656716 0.002215 2.07287e-07 2.2336e-06 0.000990487 1.30529e-06 0.0256485 0.00011297 0.00273593 
0.187103 4.08921e-05 7.67936e-05 1.16419e-07 9.26455e-08 0.403275 2.73996e-05 1.14301e-07 0.000224148 0.00014185 2.21753e-05 0.00222297 3.30408e-08 0.207067 0.000116667 0.199682 
0.102591 0.131691 0.0321968 1.36965e-07 0.00187151 0.338676 0.136075 0.00194137 0.00736656 5.78294e-05 0.0115714 0.0757413 5.63087e-06 0.151334 0.00109194 0.00778856 
3.47875e-06 0.00219475 0.0263807 4.54347e-09 0.000143064 0.971207 1.76244e-06 1.32072e-05 2.51855e-09 1.3248e-06 9.52841e-07 1.34585e-07 5.03849e-05 1.60663e-06 3.1303e-09 1.74895e-06 
0.00508924 0.0253496 0.142575 0.106617 1.01422e-05 0.513633 0.117705 4.98167e-08 0.0109099 0.000154486 0.00245967 0.000271416 0.000103413 0.0621444 0.000833028 0.012144 
0.00119063 0.0315532 0.0309204 0.00017713 1.47915e-05 0.787007 0.00877164 4.98865e-05 3.30716e-06 8.71225e-06 0.0023068 0.00257323 7.43126e-05 0.11723 0.0177042 0.000415272 
0.075697 0.0559643 0.00300406 4.31264e-06 0.00695689 0.581946 0.109251 0.0735968 0.00121524 0.0102262 0.0370026 0.000463315 0.000671053 0.0310952 0.000272973 0.0126328 
0.073443 0.138119 0.0273642 1.94443e-05 0.00306423 0.563436 0.0901877 5.99349e-05 0.0252888 3.8554e-05 0.00261637 0.00538622 9.64778e-07 0.0646836 2.51602e-05 0.00626604 
0.0644781 0.0460622 0.0556041 1.76365e-05 3.95763e-05 0.54037 0.00289478 0.000116499 0.0962546 0.0075143 8.52926e-05 0.000200868 5.7415e-05 0.0716653 7.87066e-05 0.11456 
0.00164974 0.0219034 0.00019433 6.97017e-11 8.25266e-06 0.897847 0.0418987 0.000214078 0.00305128 7.30885e-06 0.00114871 0.00574431 0.000340292 0.0178205 0.00792667 0.000245178 
0.037276 0.120644 0.106313 0.00150542 7.56362e-05 0.382104 0.0830745 9.41457e-06 0.00334155 0.020737 0.00959042 0.00632037 0.000193022 0.17499 0.0472808 0.006545 
0.0604934 0.0966122 0.0955038 1.68357e-05 0.00101928 0.516148 0.0992113 0.000508998 0.0371343 0.0108885 0.0350177 0.00133328 0.000837517 0.0118343 0.000169815 0.0332712 
0.017698 0.141838 0.0908249 7.8854e-06 1.14907e-05 0.309562 0.1135 0.00247759 0.0014811 0.000615501 0.0314329 0.0130191 0.000168467 0.262051 0.000755778 0.0145567 
0.00154257 0.141487 0.0668985 0.00340034 0.00514235 0.335666 0.309194 2.36714e-05 0.00375207 0.00014713 0.0275672 0.0454249 0.00020276 0.055763 0.00292458 0.000863908 
1.21927e-07 0.0430224 0.230293 4.00998e-12 0.00095651 0.660437 0.0332911 1.58348e-06 7.17995e-08 2.32888e-08 0.0017996 3.00051e-05 9.30007e-05 0.0288568 1.60267e-08 0.00121835 
0.0060175 0.0487587 0.0189175 0.000140589 0.0212421 0.695343 0.0351333 0.00078248 0.0779319 0.00710716 0.00773537 0.000863987 0.000295628 0.0558627 1.20121e-05 0.0238562 
0.0149733 0.0115389 0.0102312 2.17894e-06 5.52513e-05 0.381649 0.275159 8.0726e-06 0.0499361 1.40973e-05 3.48039e-05 0.134415 0.000488579 0.09397 0.000419379 0.0271052 
0.00182969 0.0144063 0.0216765 2.20392e-05 0.000154072 0.571509 0.248157 0.0114289 0.000269851 0.0191038 0.00127184 0.0693784 0.00197701 0.0372613 0.000152822 0.00140183 
0.00082941 0.0144788 0.00187095 1.14175e-10 0.00285911 0.933111 0.0357972 3.02777e-07 0.00389714 1.27495e-10 0.00220676 7.56087e-07 6.80804e-08 0.00494798 9.83364e-07 2.08593e-11 
0.0308314 0.0488633 0.184749 3.56054e-06 7.10385e-06 0.338548 0.00312115 2.72543e-06 0.0165908 2.80048e-08 0.245228 2.58298e-07 0.060201 0.0685663 4.3184e-05 0.0032442 
0.00167887 0.101781 0.0142359 2.74183e-10 7.75331e-05 0.433798 0.197867 1.04832e-05 0.000128887 0.00249998 0.133009 0.0280191 0.00507303 0.0143769 0.0215739 0.0458709 
0.00429418 8.84568e-08 1.11209e-06 4.73631e-11 6.82247e-07 0.970461 0.0020481 2.13954e-07 0.000682886 2.12083e-08 0.0213215 2.03639e-08 0.000195956 3.2228e-08 0.000993036 9.47514e-07 
8.3125e-10 3.33072e-10 6.25656e-05 1.41328e-05 3.3069e-09 0.999862 2.65804e-06 4.07988e-09 2.30347e-09 2.92382e-05 1.10805e-05 6.6148e-10 1.17936e-09 1.69064e-05 2.86299e-09 1.51913e-06 
0.0269626 0.104156 0.0237823 4.40134e-05 0.00058719 0.613543 0.126661 0.000442981 0.000279427 9.81459e-06 5.50927e-05 0.0021611 0.000139652 0.097422 0.00280203 0.000952049 
0.0149723 0.117875 0.0237261 0.000152538 0.000838042 0.413177 0.174276 0.000127848 0.000574113 0.000190746 0.00464318 0.116089 0.000129762 0.106999 0.0195574 0.0066719 
0.0104483 0.176225 0.152022 1.15267e-06 0.0035862 0.473828 0.0199059 4.79565e-07 0.0175873 1.79009e-05 0.00972436 0.0304613 0.000112561 0.0256721 0.000888239 0.0795194 
0.00339926 0.0218357 0.0674163 6.64252e-09 0.000342764 0.836824 0.0352973 0.000139652 0.000138402 2.25423e-05 0.0121153 0.00961796 1.8852e-09 0.0122015 4.16144e-05 0.000607429 
8.64066e-05 0.0299072 0.196979 5.29766e-06 0.00921348 0.480587 0.0741095 5.88655e-06 0.128956 0.000442413 1.17164e-05 0.020099 1.05587e-05 0.0562793 0.00137989 0.00192754 
0.280596 0.0677285 0.00580018 7.65967e-09 0.000420214 0.331801 0.00227265 7.95663e-05 0.000123579 3.60509e-07 0.00264476 0.00115979 0.0174033 0.289288 3.79037e-05 0.000644674 
5.05734e-07 2.02642e-07 0.00136172 2.5282e-06 2.01192e-06 0.94756 0.0506219 2.48221e-06 0.000191367 2.82314e-06 0.000220437 4.02446e-07 1.26139e-05 1.92093e-05 1.74185e-06 4.61891e-07 
2.94779e-06 0.0290118 8.31389e-06 7.89295e-11 0.0210503 0.947583 0.0011555 3.87546e-07 5.63181e-05 6.87558e-07 1.27083e-06 1.84706e-07 0.00111863 7.24206e-06 5.65603e-07 3.05562e-06 
8.6729e-12 1.5294e-08 2.08831e-06 2.60573e-08 0.00035388 0.998641 0.000412663 0.000362113 1.03106e-06 1.4045e-07 3.4225e-07 1.06982e-07 0.000225655 2.5917e-07 9.56175e-08 2.41598e-07 
0.0120869 0.019277 0.00566445 7.39215e-08 4.9346e-07 0.952206 0.00418614 6.24641e-10 1.93575e-06 7.10434e-10 0.0034118 1.77143e-07 0.00095152 0.00204645 4.36919e-07 0.00016672 
2.36578e-06 9.47939e-07 1.00431e-06 1.18267e-05 9.41159e-06 0.994356 8.40451e-07 1.16115e-05 6.5558e-06 1.32064e-05 0.00557022 1.8826e-06 3.35652e-06 8.21082e-07 8.14821e-06 2.16068e-06 
0.0166428 0.132334 0.0863471 0.0554532 0.00782307 0.341896 0.128586 8.82861e-06 0.0517533 0.00127344 0.000411645 0.0067976 0.000158394 0.115553 7.85823e-05 0.0548834 
0.0295061 0.00688862 0.286222 0.00456097 0.00106338 0.485009 0.032829 3.44302e-05 0.016437 0.000391893 0.000602731 0.0132795 6.22605e-05 0.0604824 1.79479e-05 0.0626132 
9.53562e-06 0.0188275 0.309054 6.12459e-08 1.48532e-08 0.42817 0.00520888 6.59126e-06 0.109493 6.38974e-07 9.75674e-09 3.11811e-05 0.00107775 0.124544 1.28594e-08 0.00357728 
0.000126785 0.0910278 0.115324 0.0449731 0.000991933 0.478012 0.148114 1.48963e-06 0.00120465 6.10833e-05 0.0189352 0.0368588 0.000125337 0.0640563 4.08024e-05 0.000146045 
0.0317909 0.260659 0.0357249 2.36042e-05 0.0327659 0.456913 0.0765269 0.000821494 0.0020424 0.00168203 0.039451 0.0330598 0.000929115 0.0082612 0.000204194 0.0191449 
2.26628e-06 0.00669861 3.03967e-05 3.97481e-09 3.16312e-09 0.819841 0.00609621 3.9025e-09 0.0990535 4.4385e-09 1.50903e-06 2.37743e-06 0.000165029 0.014003 1.5633e-06 0.0541048 
0.00983293 0.323045 0.0234216 1.89068e-05 2.92217e-06 0.394263 0.0329393 0.000520291 0.0110914 0.0012218 0.00223553 0.000127923 4.4534e-05 0.197939 3.67423e-05 0.00325947 
0.090431 0.0197564 0.00580663 1.01572e-06 0.0298977 0.275419 0.179847 1.25934e-06 0.183637 0.000273084 0.00676404 0.0380861 1.76301e-05 0.16707 0.000218801 0.00277323 
0.00491845 0.227959 0.156086 0.0539726 8.92261e-05 0.277302 0.128159 0.000187291 0.000467964 0.00127668 0.0021307 0.000853091 0.000234688 0.075301 3.66211e-06 0.0710584 
0.00412979 0.0407865 0.00658398 5.1591e-07 0.000761714 0.606619 0.119879 8.02434e-07 0.0158167 1.69348e-06 0.001747 0.137247 0.000394201 0.0541246 0.00101491 0.010893 
4.88181e-05 0.00967318 0.0267853 2.87443e-08 0.000627624 0.839513 0.0588237 1.96e-06 9.87914e-05 5.74455e-06 0.000352855 0.0022042 0.000264117 0.060511 1.1411e-05 0.00107832 
0.000547086 0.0387728 0.0842582 0.096373 6.41909e-05 0.460738 0.141796 0.000902381 0.138279 7.12146e-05 3.25319e-05 0.0100269 7.6565e-06 0.0269373 7.3752e-07 0.00119245 
1.34096e-09 3.88953e-05 0.0353076 4.72831e-06 2.35724e-05 0.956689 6.0444e-07 6.58162e-09 3.71594e-09 7.4856e-09 3.50421e-09 9.02983e-07 1.63571e-06 0.00785455 2.64874e-06 7.56365e-05 
0.00876995 0.0261976 0.000250743 1.54602e-05 3.86608e-05 0.873832 0.0254476 4.28752e-06 0.00087417 4.26688e-06 0.000960922 3.40692e-06 8.72707e-05 0.0475148 7.50443e-05 0.0159235 
0.00640216 0.078943 0.0352806 2.97772e-06 4.31131e-05 0.596643 0.0435145 6.58901e-06 0.16698 0.00409203 0.0136221 0.00192975 2.76335e-05 0.0418839 4.61362e-05 0.0105826 
0.00211512 0.0290807 0.00738029 1.35653e-06 0.000431711 0.461631 0.00384204 0.000784545 0.00207405 1.09623e-05 0.0589003 0.00498595 0.420156 0.00805886 7.73288e-05 0.000469775 
0.0152093 0.0472008 0.0107574 2.29554e-10 7.68327e-07 0.76077 0.125201 0.00155787 0.000442127 3.00145e-07 0.0103655 0.0118964 3.52443e-07 0.0156001 2.52226e-07 0.00099735 
0.00117207 0.180972 0.0879521 0.0148192 5.33292e-07 0.512541 0.0652157 4.10277e-08 0.000425935 0.00316835 0.057929 0.000625337 0.000154184 0.0716204 0.000299587 0.0031049 
0.0158121 0.0646159 0.029576 7.04707e-07 0.00474422 0.503872 0.348462 2.01579e-07 0.0114823 4.47606e-05 0.0156392 0.00203072 0.000147273 0.00186235 2.23374e-07 0.00170972 
0.00213539 0.0238211 0.00542474 3.64443e-10 0.121016 0.670862 0.0997164 3.68664e-07 2.12937e-06 0.00216472 0.00797086 0.0668619 2.33938e-05 9.1682e-07 2.56678e-07 2.20356e-07 
0.000564065 0.000176018 0.0440577 8.88933e-05 0.00783654 0.793818 0.092233 5.62186e-06 0.00183545 0.000312791 0.0369133 0.0203882 0.000834961 0.000590738 0.000144672 0.000200199 
0.0202218 0.262401 0.00144197 5.88666e-07 0.0021487 0.558355 0.0171256 0.000451149 0.000162388 1.44731e-05 0.00172873 0.0340807 0.000303219 0.0863645 0.00737113 0.0078292 
0.000110115 0.130908 0.0268411 1.13994e-09 0.00674815 0.564733 0.0606022 0.00185434 3.31397e-05 8.76818e-06 0.000928782 0.0998736 0.000350605 0.0969172 0.010084 6.92551e-06 
0.0356069 0.00760152 0.133855 2.80056e-08 0.219489 0.29457 0.136514 3.16305e-06 0.000494732 1.67922e-06 0.145212 0.0120548 0.00164273 0.00251018 0.000720059 0.00972355 
0.020685 0.0618203 0.0428473 2.20003e-07 0.000396874 0.42577 0.141746 0.000155562 0.00344475 0.000254836 0.0016347 0.0886092 0.000546994 0.207699 0.00209167 0.00229685 
0.000345131 0.00477903 9.82993e-06 1.57048e-08 1.24977e-08 0.80558 0.0425754 1.30448e-06 0.144939 1.75368e-08 1.2655e-05 2.49992e-09 2.07083e-06 1.55698e-05 1.08201e-08 0.00173912 
