0.0019259 0.00709905 0.0996601 4.5571e-06 0.160767 0.0141808 0.543296 1.09445e-05 0.0187396 0.000139434 0.00629104 0.0148899 0.000397345 0.110278 8.60633e-05 0.0222338 
0.0238559 0.0267412 0.0118424 2.06868e-10 0.00339507 0.0160444 0.815619 4.66485e-05 0.000761802 7.22715e-05 0.000811524 0.0211784 1.01654e-05 0.0784088 0.0004342 0.000778129 
0.00902264 0.0369763 0.00914076 0.000108648 2.38791e-07 0.0150717 0.676788 7.24282e-07 0.00714845 5.62913e-05 7.29364e-05 0.0452137 2.50029e-06 0.193714 0.000148951 0.00653357 
0.0410835 0.032264 0.00585437 0.000666162 0.00106141 0.00399634 0.620718 3.31024e-07 0.00171823 0.000267726 2.62627e-05 0.143829 1.22573e-05 0.117876 0.00492798 0.025699 
0.0199465 0.140878 0.0205996 2.96986e-07 2.36339e-07 0.0291863 0.652935 3.58081e-05 3.00705e-05 0.0130749 0.0189239 1.14033e-05 0.000304528 0.0972396 0.000814255 0.00601959 
0.0144852 0.0129759 0.0385171 0.00185617 0.000122308 0.0130836 0.833064 0.00150651 0.025215 0.000462864 0.0148054 0.00375344 3.23841e-05 0.0254485 0.000735671 0.0139361 
0.0150583 0.128244 0.0137322 0.000638027 5.78529e-05 0.0477766 0.29229 3.30211e-06 0.0356951 0.000254906 0.00294919 0.0971676 0.000257205 0.29162 3.52035e-05 0.0742212 
0.0359657 0.043256 0.00897793 2.19933e-05 5.74266e-06 0.00464952 0.54987 1.03092e-05 0.00769927 0.00111633 7.74337e-05 0.29292 1.97925e-05 0.0496084 0.000487005 0.00531433 
0.000252821 0.00185382 0.000205894 7.97399e-10 0.000468929 0.000309854 0.422149 8.77562e-12 1.06383e-06 0.000117912 3.1719e-05 0.33015 1.12095e-09 0.0168026 0.226797 0.000859817 
0.00209605 0.0691097 0.0087606 1.33329e-10 6.34551e-05 0.0220735 0.355553 5.9016e-06 0.234136 2.36982e-07 0.000216102 0.00128566 9.33852e-06 0.306338 1.17654e-05 0.00034149 
0.00913305 0.0535162 0.0867443 0.0743631 4.75544e-05 0.0939807 0.320404 4.40522e-10 0.0260862 0.0017706 0.00254405 0.0680798 0.000876817 0.169352 0.000457109 0.092645 
0.0105266 0.0201703 0.00124307 2.86884e-10 0.00443853 0.0260728 0.637219 4.70147e-08 0.103604 0.000565922 7.77031e-05 0.170258 2.00851e-08 0.00640337 0.0194037 1.70651e-05 
0.0378936 0.0270238 0.00123311 4.54934e-10 1.12684e-06 0.00403426 0.580719 1.52779e-07 0.2788 0.00155821 5.75321e-05 0.0526129 4.28077e-08 0.0109232 0.00514225 6.86916e-07 
0.025133 0.0822985 0.0526164 0.0143921 0.00884625 0.036373 0.471428 1.4724e-05 0.0191071 0.000435875 0.00674503 0.0977256 0.00153853 0.0833972 0.0873693 0.0125794 
0.0976774 0.144737 0.0712216 0.000632927 0.000334829 0.0308008 0.446648 3.2876e-07 3.44609e-05 0.0134355 0.00591486 0.00481939 0.000243075 0.139299 0.00206353 0.0421383 
0.0242026 0.0615846 0.00744229 0.00181345 0.00415772 0.0144167 0.685764 6.41197e-06 0.00134497 8.28861e-05 0.0145849 0.0116269 0.000335507 0.0495948 0.120636 0.0024061 
0.00555878 0.0497341 0.0230757 0.000707232 0.00261423 0.00657049 0.464847 2.93008e-05 0.00916597 0.00019438 0.00776228 0.314415 7.53923e-05 0.104755 0.00471599 0.0057791 
0.0723014 0.0816333 0.075735 3.42864e-08 2.04557e-05 0.00877538 0.401772 0.000381422 0.00163262 0.0148355 5.72378e-05 0.0266636 1.82092e-05 0.258492 0.00432204 0.0533593 
0.00823126 0.00996834 0.00704457 8.11793e-10 0.000211584 0.0286205 0.791813 0.00104459 4.14105e-06 0.0158208 0.01151 0.0751409 0.000251223 0.0136565 0.0366166 6.62966e-05 
4.46943e-05 1.79887e-05 2.35914e-05 9.09361e-10 7.23662e-10 0.487096 0.487979 8.92817e-10 1.10902e-05 3.26983e-05 2.86169e-05 0.00445169 0.00279065 0.0175167 6.26519e-10 7.4929e-06 
0.00221288 0.00364451 0.00583636 0.00014696 0.0405059 0.00130309 0.866841 2.8808e-06 8.02614e-05 0.000188997 1.73961e-05 0.0657677 1.61379e-05 0.0120659 0.000811246 0.000558846 
0.00113118 0.0253722 0.0397872 0.00284695 0.00560521 0.0440688 0.770434 2.48363e-06 0.0019946 2.488e-05 0.00712569 0.0114863 0.000122261 0.066516 0.000498093 0.022984 
0.00845169 0.0691753 0.0143579 3.79185e-07 0.00015939 0.0606785 0.535486 1.51239e-06 0.00281006 1.02424e-05 0.0888183 0.000871801 0.0862912 0.130365 0.0018227 0.000700118 
0.0391237 0.00899968 0.00859052 2.30975e-09 0.00101648 0.0405637 0.663741 1.95497e-05 0.0667103 0.00479247 0.000947547 0.0743674 0.000247454 0.083129 0.00256679 0.00518491 
0.00124292 0.000428831 0.00556344 7.71182e-06 2.36143e-08 0.0644594 0.837003 1.18559e-06 8.38944e-07 1.61894e-07 0.000120922 0.0602926 6.70787e-05 0.0295692 0.000987088 0.000255756 
0.0108543 0.071163 0.0416123 6.02422e-07 0.00349549 0.0259286 0.448929 0.000241575 0.0123566 0.00120527 0.00982556 0.0246638 6.02925e-07 0.316074 6.02641e-07 0.0336478 
0.0197962 0.14384 0.0712519 7.88729e-05 2.99862e-05 0.0184754 0.364506 0.000261718 0.0142728 0.124429 0.000397283 0.0195553 1.51771e-05 0.158171 0.00383245 0.0610867 
0.00297703 0.0351905 0.0414465 5.63005e-09 0.0214508 0.0538633 0.460095 2.79406e-05 0.00249119 0.000626688 0.00257061 0.373995 4.26842e-05 0.00387236 0.000858542 0.000491787 
0.0396228 0.185577 0.0379314 0.0155263 1.55709e-05 0.00799414 0.25388 5.41968e-05 0.000669404 0.000433313 0.000947197 0.167494 4.27928e-06 0.233629 0.0181522 0.0380696 
0.00116438 0.000416965 0.000518616 0.000586149 0.0125474 0.000520415 0.881284 4.46056e-07 0.000113994 0.0117581 1.43986e-07 0.0149811 0.0187229 0.0468276 0.00365651 0.00690171 
0.0082433 0.0530137 0.0763055 0.0192637 0.00105197 0.0888395 0.411267 2.65418e-05 0.00146001 0.00481685 0.0113408 0.0947165 0.000294106 0.220943 0.00665656 0.00176181 
0.00180287 0.02684 0.00467272 3.38806e-06 8.45122e-05 0.0020764 0.798914 4.02873e-07 2.29487e-07 7.41183e-05 6.36456e-06 0.015711 8.5544e-07 0.141766 0.00599531 0.00205203 
0.0606946 0.0617683 0.00739773 2.03084e-06 2.1181e-09 0.0221139 0.635806 1.37318e-07 0.000157032 0.000288337 0.000398659 0.000608042 6.63343e-05 0.208555 0.000763007 0.00138098 
0.000939452 0.361307 0.0417171 1.36446e-08 2.89158e-06 0.0344806 0.456215 1.81383e-05 0.000461949 7.15347e-06 0.0059605 0.0390734 9.63248e-05 0.056169 0.000567217 0.00298433 
0.0599891 0.0588695 0.0704583 0.00451619 0.0825111 0.00836808 0.404549 3.87133e-07 0.00180546 0.00103366 0.00811794 0.000904159 0.00033131 0.295811 0.000300921 0.00243353 
0.00257597 0.00914001 0.00328507 1.52026e-06 8.67944e-05 0.00381119 0.949827 9.92064e-07 0.00072216 8.77167e-05 0.000231808 0.00196799 4.24416e-05 0.027607 1.02861e-06 0.000611068 
0.0262107 0.0291536 0.0141302 9.02549e-05 0.00201904 0.018653 0.576533 0.0194659 0.00796765 0.0244738 0.00376993 0.0654887 0.000278515 0.118351 0.089153 0.00426089 
0.108065 0.209042 0.0458601 1.22342e-10 9.7359e-11 0.176964 0.248218 1.20117e-10 4.47662e-07 6.0124e-07 2.80626e-05 0.00951389 0.0276412 0.174666 6.99691e-07 2.10125e-07 
0.0179578 0.0485093 0.0130005 8.02474e-07 2.04002e-06 0.103687 0.696359 1.3957e-05 1.6392e-06 0.000424008 4.7643e-05 0.0392139 1.5484e-05 0.0535 0.0256109 0.00165585 
1.27514e-05 1.27532e-05 0.21044 1.27395e-05 1.27425e-05 0.153028 0.582838 1.27397e-05 0.0458986 0.00765534 1.27466e-05 1.2752e-05 1.27501e-05 1.27534e-05 1.27441e-05 1.27517e-05 
0.022078 0.195645 0.0243749 1.12194e-06 3.00053e-06 0.142771 0.279718 3.0235e-05 4.26334e-06 1.23988e-05 0.000112405 0.00334728 0.000280978 0.147473 0.00827584 0.175873 
0.000458812 0.0267014 0.0129353 1.16619e-10 0.000117345 0.00301814 0.941041 2.90991e-09 5.46724e-06 3.51036e-08 0.000213531 1.03591e-05 2.47736e-06 0.0154628 5.69678e-08 3.30017e-05 
0.00113375 2.35579e-05 0.00195586 7.24334e-05 0.000192431 0.00142799 0.980334 2.57766e-08 0.00244761 6.14432e-06 2.78633e-05 0.011183 6.74225e-06 5.61063e-05 8.99178e-06 0.00112391 
0.0198344 0.129845 0.0841293 3.2273e-07 0.00109787 0.128985 0.355646 0.001614 0.0442049 3.22684e-07 0.0151125 0.029333 0.00239052 0.176015 0.00164684 0.0101437 
0.00415111 0.0170568 0.0290113 0.190387 0.000302101 0.0028956 0.565587 8.80528e-08 0.00013749 0.000526012 3.71856e-06 0.136026 3.80991e-06 0.050539 0.00180984 0.00156383 
0.0260863 0.0499508 0.0620401 0.00782615 0.00225784 0.0195679 0.483918 0.000709206 0.015334 0.00269606 0.00424181 0.213971 0.00114585 0.0806436 0.00681155 0.0227998 
0.000939452 0.361307 0.0417171 1.36446e-08 2.89158e-06 0.0344806 0.456215 1.81383e-05 0.000461949 7.15347e-06 0.0059605 0.0390734 9.63248e-05 0.056169 0.000567217 0.00298433 
0.0118769 0.0339093 0.00500328 0.000980238 7.60643e-05 0.0277192 0.741027 0.000937524 0.0086741 0.0094878 3.21219e-05 0.0288396 1.01345e-05 0.121717 0.00419513 0.00551483 
0.0388751 0.0278187 0.0355536 0.00207512 0.000621393 0.00631068 0.284807 1.12915e-05 0.00379382 0.280936 0.00179022 0.0129406 0.00413712 0.0700901 0.0205422 0.209697 
0.0123826 0.0281786 0.0327846 0.0408314 0.00099255 0.00210133 0.777684 2.25406e-06 0.0152237 9.86979e-05 0.000115678 0.0207536 1.53727e-08 0.0640117 2.45743e-05 0.00481527 
0.0370577 0.0295225 0.011106 0.000613757 1.93479e-05 0.00402662 0.611586 1.44657e-06 0.00366404 0.00145238 0.0133967 0.0965565 6.23823e-05 0.155348 8.0183e-05 0.0355062 
0.00101997 0.00808154 0.00300274 3.44401e-08 1.43555e-06 0.0177592 0.759582 1.46411e-07 6.65894e-08 0.000428999 5.79857e-06 0.135937 4.42585e-07 0.0561041 0.0179214 0.000155823 
0.0078907 0.0167962 0.0110036 4.50636e-08 0.00369868 0.0245635 0.787178 1.50023e-05 0.00759773 0.00289048 0.00260216 0.0633365 5.45771e-05 0.0575544 0.00141864 0.0134002 
3.44169e-09 9.94912e-07 3.41837e-05 1.72053e-08 1.36918e-08 0.0286731 0.879284 1.68922e-08 0.000791389 6.12774e-06 8.99382e-09 0.0558685 1.9004e-07 0.0353172 1.18538e-08 2.40723e-05 
0.0178389 0.0342367 0.0270434 3.31106e-06 0.000384969 0.0571718 0.643807 6.57542e-07 0.000137546 5.80974e-05 0.00116076 0.0514889 4.05831e-06 0.153052 0.000330881 0.0132814 
0.040155 0.0332055 0.00965503 0.000838574 0.00119619 0.00145729 0.755949 0.000105549 0.000641452 0.000993964 0.00220154 0.0381233 0.000982698 0.0375602 0.0630209 0.0139141 
0.244724 0.050235 0.0373538 0.000104226 2.01493e-05 0.0180774 0.389791 6.44427e-06 0.00201667 0.000509499 0.00269807 0.0286431 0.000277287 0.192457 0.0176638 0.0154231 
9.38692e-05 0.0797809 0.243418 1.67315e-06 0.00108245 0.0916108 0.447272 1.76058e-06 0.00111871 6.72423e-05 0.00711238 0.00471358 5.56297e-07 0.123143 1.2795e-05 0.000570707 
0.00685521 0.00403446 0.0948268 1.18693e-05 0.00236453 0.12223 0.319032 1.86579e-10 0.139681 3.46797e-08 3.99322e-05 0.0653325 0.000179379 0.068956 0.170569 0.0058872 
0.00553014 0.00500848 0.133195 9.68161e-05 2.2245e-05 0.00529623 0.656407 2.01644e-08 0.053463 5.56819e-06 5.14589e-05 0.116044 5.45625e-08 0.0213487 2.49942e-05 0.00350622 
3.12972e-06 0.00899293 0.00581334 0.00016347 3.76929e-06 0.0466696 0.88447 2.0555e-06 1.16052e-06 2.33782e-06 6.79912e-05 0.00198342 5.94177e-07 0.0467183 0.00510676 1.00917e-06 
0.0235283 0.122687 0.017198 1.51679e-07 0.000526431 0.0523519 0.50933 1.35142e-05 0.0167212 0.00205351 0.000569429 0.00343289 9.48125e-05 0.0195677 0.146666 0.0852587 
0.00320366 0.0933759 0.00610257 4.66293e-06 0.00147705 0.038117 0.678225 7.12295e-05 0.0017351 0.000298234 0.00577284 0.0656085 1.19903e-05 0.104086 0.00062605 0.00128431 
0.0549661 0.0415445 0.063628 0.00608648 0.000371368 0.0309557 0.650227 0.000340878 0.00463606 0.000185779 0.0136434 0.1304 2.20732e-06 0.0005522 0.000279528 0.00218018 
0.002016 0.00507969 0.0622533 1.32065e-05 8.20819e-05 0.00735785 0.882783 1.54463e-06 0.000140055 0.000107318 0.000767959 0.00920899 1.66014e-05 0.0254244 0.00471827 2.9746e-05 
0.00552809 0.000874973 0.0279767 1.79928e-09 1.22775e-05 0.0189593 0.851389 1.98059e-08 0.0141548 0.000606387 0.000393688 0.000364328 8.71611e-06 0.0476174 2.88926e-06 0.0321112 
0.00412181 0.0736467 0.0175367 1.24799e-08 6.30888e-07 0.0550368 0.551519 2.43975e-09 0.00445471 1.9318e-05 2.50854e-05 0.10397 3.41781e-09 0.169193 0.0187564 0.00172001 
0.0360959 0.0150473 0.00278212 3.95838e-05 9.8529e-05 0.011442 0.745485 3.32479e-06 0.000397126 0.000303193 0.014193 0.0574453 0.00844773 0.0906837 0.0111782 0.00635792 
0.00621701 0.0814065 0.0214634 0.00357492 2.35429e-06 0.00697384 0.700783 2.0162e-08 0.000869414 0.000241719 0.000607772 0.0188132 7.63274e-09 0.157541 3.45043e-05 0.00147152 
0.0189816 0.0279635 0.00304022 0.0012912 0.0163864 0.150906 0.75559 6.18294e-06 0.0186966 2.7387e-06 0.000189859 0.000588789 1.03855e-08 0.00549865 2.52117e-08 0.000857943 
0.0319199 0.0465826 0.00722585 0.0184453 0.000243347 0.00224673 0.837405 2.49494e-06 2.04991e-05 0.00129197 0.000166415 0.00396322 2.05758e-06 0.0463004 0.00122427 0.00295984 
0.00784755 0.0878459 0.0229567 3.26144e-06 1.01616e-05 0.00708281 0.519138 2.26207e-05 0.00106443 0.00040623 5.02614e-05 0.254072 0.0113881 0.0628081 0.0180302 0.00727385 
0.00134459 0.030308 0.014198 3.38062e-05 0.00125176 0.00705463 0.44334 6.03735e-05 0.00387544 2.24848e-05 0.000311832 0.414556 1.83509e-05 0.0534143 0.0285366 0.00167364 
0.000939452 0.361307 0.0417171 1.36446e-08 2.89158e-06 0.0344806 0.456215 1.81383e-05 0.000461949 7.15347e-06 0.0059605 0.0390734 9.63248e-05 0.056169 0.000567217 0.00298433 
4.93821e-06 0.0198982 0.000254673 8.5397e-09 4.78395e-07 0.0195363 0.712489 1.61252e-09 4.09256e-05 2.71802e-05 4.10881e-05 0.238728 2.338e-09 0.00721746 0.00175981 1.65257e-06 
0.0133483 0.0890798 0.0573453 0.00195846 0.000150833 0.231649 0.304012 0.000143244 0.029294 0.00213813 0.000340693 0.096887 0.000153498 0.169358 0.000112084 0.00402988 
0.00194674 0.0313794 0.0171737 0.00448593 0.00716103 0.00764509 0.809469 1.29581e-05 0.0086951 0.000984105 3.90847e-05 0.0417118 1.05819e-06 0.0518383 0.0119327 0.00552439 
0.00192855 0.00263706 0.00488542 5.53058e-08 9.91034e-05 0.00395191 0.87616 1.11196e-08 2.02549e-07 1.80238e-07 7.9884e-05 0.106456 3.02898e-06 0.00379599 2.54532e-06 3.98838e-08 
0.0287434 0.0167213 0.173393 0.0591096 0.000105264 0.0252929 0.368562 0.00304811 0.0413837 0.000753601 0.0042658 0.00297072 0.000570918 0.217009 0.0473662 0.010704 
0.0329451 0.0456914 0.00372727 2.91897e-06 0.000685861 0.00293568 0.366606 1.63442e-06 0.00124166 0.00147627 0.00190897 0.362347 3.59939e-05 0.088634 0.0868836 0.00487636 
0.00143368 0.0247886 0.113212 1.81093e-06 0.000242877 0.194741 0.240903 2.67865e-05 0.16941 0.000119854 0.00298574 0.00331645 0.0288781 0.193588 8.65526e-05 0.0262658 
0.0110759 0.0145011 0.05162 0.00277812 0.0016353 0.0593686 0.75483 0.000693412 0.0315958 0.00344172 0.00125023 0.0157809 0.000175977 0.0373014 0.00146852 0.0124831 
8.31165e-06 0.000218074 0.00510296 0.00413829 0.000170528 0.00306128 0.95757 3.13216e-10 0.000131054 3.56236e-10 2.24044e-07 0.00739716 1.10469e-05 0.0218113 2.97754e-07 0.000379816 
0.00306638 2.68954e-06 0.0152863 2.03241e-06 2.01629e-09 0.0244097 0.891776 2.4876e-09 0.0368884 1.24696e-05 7.63644e-05 0.00367165 0.000141209 0.0137754 0.00019868 0.0106924 
0.0232901 0.0725605 0.0186023 1.01654e-07 0.00042582 0.014858 0.761297 2.51383e-06 0.0034929 0.012353 0.0450674 0.011236 0.000128103 0.0307382 0.000540516 0.0054072 
0.191556 0.114267 0.120265 0.000178139 0.000857698 0.0493313 0.31861 2.27627e-05 0.0004824 0.0011274 0.0244438 0.0122446 0.0567198 0.0501567 0.0046766 0.0550602 
0.00660435 0.00597324 0.011245 5.06373e-07 0.000720343 0.00218809 0.375345 1.39795e-06 0.000898772 7.20641e-05 0.00028927 0.298898 7.7149e-08 0.0441725 0.252184 0.00140751 
1.10196e-06 0.0320769 0.000314978 3.64434e-09 0.0272878 0.0157729 0.595594 3.57804e-09 1.01526e-06 0.000939574 8.8996e-07 7.94749e-07 1.03429e-09 0.320066 2.51083e-09 0.00794403 
0.00231512 0.135552 0.118622 1.0725e-10 8.53488e-11 0.00183753 0.639974 1.79734e-08 0.00763154 1.19762e-10 0.000815454 0.00696323 4.33439e-05 0.0837366 7.38918e-11 0.00250901 
0.00298682 0.0113831 0.00210782 1.10199e-05 5.16521e-05 0.00324485 0.916653 2.85919e-06 0.000231191 0.000276325 0.000914089 0.0384603 2.02761e-05 0.0219383 0.00141963 0.000298987 
0.0198116 0.0173451 0.0269193 3.04304e-09 0.000261809 0.0289721 0.45889 5.61549e-06 0.155241 0.000529412 0.00229698 0.222833 1.17125e-06 0.0637683 0.00285265 0.000272278 
0.0457153 0.0210518 0.0171381 1.88799e-06 0.00131252 0.238914 0.344361 7.21571e-06 0.063035 0.000310686 0.014166 0.089809 1.85145e-05 0.158068 9.78369e-05 0.00599312 
0.0249491 7.062e-08 1.15573e-07 1.4587e-11 1.16082e-11 0.00257164 0.954181 2.43612e-08 8.0859e-12 3.09648e-08 2.57738e-07 0.00415083 9.54295e-06 6.80559e-08 0.0122725 0.00186492 
0.00111976 0.00320606 0.0121614 2.2475e-10 0.0236165 6.01743e-05 0.739517 2.20661e-10 0.00877222 0.000697365 7.84421e-05 0.0329964 6.37859e-11 0.0939048 0.00242698 0.0814429 
5.25467e-05 5.74371e-05 0.00389547 0.194344 8.06921e-05 0.00435 0.739927 2.33469e-08 0.00276281 5.78608e-05 6.42683e-05 0.00058451 3.26758e-06 0.0450103 0.000137946 0.00867261 
0.00198413 0.00534102 0.00666581 0.000206744 0.00261702 0.00488259 0.883411 9.88743e-07 0.0173894 0.00121343 7.98957e-05 0.0299618 9.47571e-06 0.0329095 0.00299298 0.0103341 
0.0409414 0.0229032 0.0802869 0.000385714 0.0779337 0.0305839 0.394096 0.00254871 0.00209633 0.000864951 0.0267324 0.0110629 0.00147148 0.300501 0.00383429 0.00375716 
0.0297578 0.0723413 0.00409375 4.58678e-07 5.68291e-05 0.00819369 0.571753 2.13242e-06 1.516e-09 0.000488818 0.241403 0.0510485 3.7549e-05 0.0186895 0.0020946 3.87351e-05 
0.00148954 0.106772 0.0604658 1.33102e-06 4.08922e-07 0.0558916 0.502294 0.000386851 6.00975e-10 0.087079 9.58322e-05 0.0183824 1.07184e-05 0.160223 3.3967e-05 0.00687382 
0.0103103 0.0204744 0.0529322 0.0148032 5.74597e-06 0.189324 0.538179 8.07141e-05 0.0327522 0.000364885 0.00115385 0.000391072 1.16431e-08 0.117466 0.0037747 0.017987 
0.0122481 0.036579 0.0164014 1.68266e-05 7.28382e-05 0.0977687 0.503645 0.000494905 0.00130523 0.00207882 0.00338596 0.301314 0.000299522 0.0125855 0.00704575 0.00475809 
0.00969122 0.0493226 0.0535326 0.00136042 0.00235582 0.00952849 0.510105 0.00295607 0.00149268 0.000435291 0.0216798 0.188071 0.00115636 0.08599 0.00976773 0.0525551 
4.5575e-06 2.30074e-07 0.128616 4.29063e-11 3.41445e-11 8.26901e-08 0.638548 4.21257e-11 0.102544 1.6003e-06 4.1271e-07 0.00217054 8.23188e-07 0.102293 5.11434e-07 0.0258202 
0.101118 0.237456 0.0276129 0.00132883 0.000117569 0.0733228 0.413539 0.00078101 0.00437547 0.00330875 0.00366106 0.00784798 0.00110279 0.0895776 0.0071393 0.0277111 
0.0018524 0.0105053 0.00128685 1.53113e-06 0.00456476 0.000705366 0.397879 1.04202e-06 0.00298514 0.000304017 0.000270491 0.145075 4.1515e-06 0.0647883 0.364102 0.0056751 
0.00488891 0.0263585 0.0575207 1.19191e-08 9.68854e-05 0.022961 0.56087 2.56194e-05 0.000570321 0.000134464 0.000897782 0.000460814 1.45448e-05 0.320617 0.00308573 0.00149822 
0.0249491 7.062e-08 1.15573e-07 1.4587e-11 1.16082e-11 0.00257164 0.954181 2.43612e-08 8.0859e-12 3.09648e-08 2.57738e-07 0.00415083 9.54295e-06 6.80559e-08 0.0122725 0.00186492 
2.70804e-05 0.0479049 7.54937e-06 4.55201e-10 3.62245e-10 0.112134 0.587327 0.000483746 2.14504e-06 5.08303e-10 3.33368e-07 8.03588e-06 6.84835e-07 0.226576 3.16755e-08 0.0255287 
0.00027224 0.0119469 0.00548551 2.71735e-06 4.26841e-05 0.00140199 0.749849 3.2794e-08 0.000517266 1.17705e-05 4.50488e-06 0.195578 1.40903e-07 0.0325229 0.000156361 0.00220776 
0.0241268 0.116508 0.170298 0.00750325 0.00155362 0.0802621 0.318952 0.0136927 0.0359721 0.00166196 0.0745606 0.00968619 0.000594981 0.124879 0.0055817 0.0141678 
0.00318554 0.021293 0.0383105 0.00132657 0.0162335 0.00723314 0.579472 2.55357e-05 0.0204596 0.000903649 0.000381291 0.248528 1.76949e-10 0.0414305 0.000546563 0.02067 
0.00258231 0.0205427 0.00265547 0.000865709 0.00562402 0.00400488 0.534189 1.94928e-05 0.000913594 0.000338626 0.0013383 0.153322 0.000139943 0.0299309 0.240308 0.00322523 
0.0155643 0.0524059 0.0097028 0.000753354 0.000175081 0.0214313 0.822661 1.25081e-06 0.00213377 0.00343413 0.000665576 0.0511219 0.000147645 0.0122878 0.00200623 0.00550742 
0.00823789 0.0897169 0.132533 2.52291e-06 0.000284354 0.0219251 0.455444 0.0077673 0.00265881 0.00048051 0.00109513 0.026836 4.45933e-06 0.246548 0.000724183 0.00574172 
0.00077466 0.0148841 0.00693039 2.05146e-08 9.55481e-05 0.00172853 0.901565 6.63575e-09 0.000639373 5.51053e-05 0.000608252 0.000591576 4.59546e-07 0.0676991 0.00230504 0.00212301 
0.000355292 0.000362537 0.0208125 0.0171447 6.27568e-08 0.000245434 0.544586 1.7205e-08 0.00133225 1.20211e-07 0.000135468 0.000536706 2.36083e-05 0.337999 1.75279e-05 0.0764482 
0.0139118 0.0380868 0.010527 0.0339251 1.00295e-07 0.000138022 0.487459 6.30021e-05 0.00080514 0.00260845 0.000611647 0.0232518 1.1488e-07 0.292087 0.00509338 0.0914317 
0.0154712 0.0964901 0.0336368 0.037466 0.00102293 0.247357 0.385866 5.32627e-07 0.01387 0.0005297 0.00508637 0.0116096 0.00108303 0.146796 0.000388131 0.00332725 
0.00306523 0.00987762 0.0159253 1.46897e-07 0.0211025 0.00278205 0.837731 8.56286e-06 0.00477577 0.00145413 0.0127871 0.0456425 1.46149e-06 0.037576 0.00186272 0.00540822 
0.008838 0.230952 0.0742686 2.29416e-13 4.19924e-09 0.00125301 0.390797 2.36527e-09 0.00382381 0.000203793 0.00450291 0.0108694 8.98588e-10 0.265179 0.00891961 0.000392753 
0.014392 0.0322634 0.0220374 8.49983e-08 0.0424103 0.00521372 0.703443 2.02076e-05 0.118701 0.00376357 0.000723598 0.0488427 0.000109686 0.00569315 1.19034e-05 0.00237504 
0.00257597 0.00914001 0.00328507 1.52026e-06 8.67944e-05 0.00381119 0.949827 9.92064e-07 0.00072216 8.77167e-05 0.000231808 0.00196799 4.24416e-05 0.027607 1.02861e-06 0.000611068 
0.0206011 0.107917 0.0104619 1.07192e-06 0.000410447 0.167887 0.572429 0.000179417 0.0109478 9.10553e-05 0.00613399 0.0319067 0.00424991 0.0522903 0.0129694 0.00152409 
0.0113562 0.00701572 0.0442565 4.63357e-08 5.31706e-05 0.000497138 0.720994 0.000105309 0.0164283 0.000690068 2.15038e-08 0.00137662 0.0658468 0.0948829 0.00244286 0.0340539 
0.0243859 0.0418499 0.106919 0.00570797 0.00146124 0.0560544 0.384556 2.52967e-09 0.187672 0.00664181 0.00253396 0.000514436 4.13876e-06 0.112667 1.77516e-09 0.0690326 
0.0150231 0.0732558 0.0223935 0.00172423 0.0310316 0.0443496 0.527401 0.000229681 0.00697354 0.00881426 0.00619889 0.159765 0.000407179 0.0830006 0.00695536 0.0124766 
0.00651625 0.025107 0.000594015 6.71564e-08 0.2218 0.000273349 0.357464 1.83038e-05 0.196233 0.00226692 0.00010105 0.0253933 8.93004e-07 0.151278 0.000151255 0.0128023 
1.43181e-07 5.80066e-05 0.00549573 2.43828e-06 4.32282e-10 0.000665256 0.915094 5.33328e-10 3.26506e-06 0.000106664 2.83956e-10 0.0749596 1.59852e-08 0.00237303 3.84105e-05 0.0012037 
0.0316576 0.0361937 0.0450202 0.000208395 0.00104112 0.203972 0.3881 1.24868e-05 0.00623638 0.000267724 0.00717808 0.162151 0.000130479 0.0765014 0.000409828 0.0409199 
0.0199976 0.0528509 0.0381132 0.000256002 0.000313289 0.0377652 0.394717 6.98948e-05 0.00367639 0.042323 0.00525212 0.292524 3.81209e-05 0.079121 0.00602558 0.0269563 
0.0135808 0.104637 0.0386313 0.000283435 0.0282578 0.062029 0.451371 0.000109829 0.0417086 0.00145554 0.00263827 0.184986 6.50997e-05 0.048147 0.00507478 0.0170248 
0.0353503 0.107673 0.0354341 9.88563e-05 0.08282 0.178849 0.324435 0.00653313 0.00641674 0.00645606 0.0102436 0.0735893 0.00110438 0.0646083 0.012218 0.0541699 
0.0156626 0.0645209 0.0120642 6.86948e-05 0.0115635 0.0802063 0.5963 0.00226092 0.0369371 7.41598e-05 7.22468e-06 0.106316 1.73492e-07 0.0646252 0.00663804 0.00275564 
0.00164086 0.0173849 0.00613879 9.49176e-05 0.00064034 0.000888413 0.843311 7.08124e-09 0.00108333 0.000325254 4.93777e-05 0.0978109 6.25893e-06 0.0275836 0.000560358 0.00248146 
0.0195916 0.0576738 0.102531 0.00428066 0.00135173 0.0353399 0.437593 4.37333e-05 0.0102054 0.00341842 0.0227628 0.118603 0.000806559 0.167249 0.000617778 0.0179319 
0.00257597 0.00914001 0.00328507 1.52026e-06 8.67944e-05 0.00381119 0.949827 9.92064e-07 0.00072216 8.77167e-05 0.000231808 0.00196799 4.24416e-05 0.027607 1.02861e-06 0.000611068 
0.00510739 5.94107e-05 0.000363294 6.52346e-09 1.65284e-05 0.000108209 0.890312 1.42344e-08 0.0115666 0.000338392 4.92111e-05 0.0809101 1.96458e-05 0.00978827 1.94303e-05 0.00134181 
7.85305e-05 0.0148289 0.00162932 0.278517 4.4685e-11 1.17614e-11 0.434425 5.51301e-11 0.00700175 2.23958e-07 2.14681e-08 1.78454e-07 2.60253e-09 0.243721 1.18209e-06 0.0197972 
3.86014e-06 0.00424426 0.0007699 2.01726e-05 0.000300322 0.477562 0.508269 0.00115412 3.08365e-08 2.60246e-05 0.00237938 0.00137335 0.00057945 0.000791969 0.00252066 5.42963e-06 
0.00295166 0.0452506 0.00533571 1.25928e-07 2.71827e-05 0.002367 0.865679 2.4277e-05 6.39985e-05 0.00228278 0.00229696 0.0412038 2.24216e-06 0.0202966 0.000135237 0.0120828 
0.000980234 0.0300615 0.0245148 4.20651e-07 2.2568e-05 0.0434485 0.66639 2.25075e-07 0.0458896 0.000532772 0.00345986 0.165652 6.53555e-07 0.0185465 3.48737e-06 0.000496666 
0.00473984 0.0150363 0.00092531 2.20442e-05 1.75647e-06 0.000108031 0.8107 2.91261e-07 0.00427667 0.00058406 0.000379349 0.0690469 2.81905e-06 0.0639254 0.030172 7.92437e-05 
0.0138744 0.0843923 0.0263938 5.12785e-05 0.000906628 0.0180689 0.448135 8.5435e-05 0.00154003 9.15458e-05 0.0129333 0.226445 0.000175866 0.13807 0.0135955 0.0152412 
0.03082 0.123008 0.189872 0.00124671 0.0036263 0.0986684 0.203016 0.000508922 0.0274785 0.00102038 0.113128 0.00754883 0.00330923 0.0635701 0.00784093 0.125338 
4.5575e-06 2.30074e-07 0.128616 4.29063e-11 3.41445e-11 8.26901e-08 0.638548 4.21257e-11 0.102544 1.6003e-06 4.1271e-07 0.00217054 8.23188e-07 0.102293 5.11434e-07 0.0258202 
0.0238364 0.0126087 0.00525066 2.95701e-06 0.00965636 0.00642677 0.313176 0.000135823 0.00724767 0.04595 0.000249721 0.30857 5.56381e-06 0.0867741 0.000209628 0.1799 
0.00388183 0.0107342 0.220902 2.21666e-05 0.00223797 0.0407189 0.614578 8.04559e-06 0.00290831 0.000380764 0.0109253 0.00107364 0.0014546 0.0856918 0.00105376 0.00342918 
0.00450078 0.237564 0.0691407 7.33293e-06 4.31304e-05 0.0373531 0.474094 2.3202e-05 0.00161997 0.000298996 0.000832217 0.102734 2.54486e-05 0.0692341 0.0021648 0.000363768 
0.0107611 0.0549041 0.116119 0.0155744 0.000213121 0.0249588 0.365828 0.000158209 0.044893 0.0130694 0.00342157 0.00320067 9.41019e-08 0.311787 0.0131987 0.0219132 
0.00146722 0.00146513 0.0163135 3.24353e-07 1.04906e-05 0.205468 0.705408 3.18452e-07 0.00585117 0.00304808 0.0488724 0.00482048 9.20542e-08 0.00608356 3.87197e-05 0.00115171 
0.00460193 0.0553752 0.0104799 0.000804872 7.33036e-05 0.0115552 0.864428 5.21129e-05 0.000755827 0.00165931 0.00155164 0.00367037 0.000160466 0.04346 4.86019e-07 0.00137182 
0.0440285 0.0326485 0.0240687 0.00214639 0.00308509 0.0136234 0.697317 0.000295161 0.00595471 0.000371853 0.0034064 0.041826 5.71319e-05 0.114151 0.0114797 0.0055399 
0.00244428 0.0115508 0.00576505 6.00086e-08 0.0872141 0.0970566 0.745379 0.00115737 0.0128826 0.00142069 0.000144154 0.00428313 4.6294e-06 0.0275466 0.00121813 0.00193309 
8.55659e-05 0.00808002 0.0185944 0.00197443 1.47382e-05 0.306094 0.619917 2.08334e-05 1.91324e-07 0.00019636 0.000459795 0.0149696 3.29351e-05 0.0281563 0.000806093 0.000597396 
0.0749421 0.0203849 0.0330068 1.34007e-06 0.000164943 0.0173675 0.583102 0.000112581 0.00195482 0.000600476 0.00758638 0.0898689 0.0315766 0.0781907 0.0556073 0.00553264 
0.0297184 0.0473553 0.000143217 4.81491e-05 0.00229455 0.0600594 0.506609 2.76313e-06 0.017602 4.25572e-05 2.71366e-05 0.0011707 1.76286e-06 0.319125 3.87008e-06 0.0157959 
0.00077466 0.0148841 0.00693039 2.05146e-08 9.55481e-05 0.00172853 0.901565 6.63575e-09 0.000639373 5.51053e-05 0.000608252 0.000591576 4.59546e-07 0.0676991 0.00230504 0.00212301 
0.0304293 0.0252127 0.0137869 0.00104658 0.00388637 0.0110256 0.597766 0.0203913 0.00521825 0.00550548 0.0062668 0.0802757 0.000182799 0.0716713 0.120109 0.00722591 
0.000746822 0.0277749 0.00074458 2.02729e-08 0.00980108 0.239416 0.520834 1.02774e-06 0.00444479 0.128432 0.00101711 0.0397664 0.000559418 0.0209812 0.00292503 0.00255528 
0.000232027 0.107336 0.113594 4.451e-08 0.00056481 0.112894 0.476149 5.37693e-05 0.000500655 0.000275044 1.10584e-06 0.00273425 2.80215e-06 0.137556 0.00182894 0.0462772 
0.017302 0.258877 0.202809 1.12238e-06 1.12265e-06 0.0349394 0.454835 1.1224e-06 0.00045031 1.12222e-06 0.0176324 0.0128089 1.12332e-06 1.12361e-06 1.12279e-06 0.00033816 
0.0378936 0.0270238 0.00123311 4.54934e-10 1.12684e-06 0.00403426 0.580719 1.52779e-07 0.2788 0.00155821 5.75321e-05 0.0526129 4.28077e-08 0.0109232 0.00514225 6.86916e-07 
2.46334e-08 0.0106112 0.00251322 8.78076e-11 0.000125832 0.0525242 0.863331 8.62101e-11 3.87365e-07 9.80509e-11 1.61732e-05 0.0214259 2.49205e-11 0.0362532 0.0131928 6.28239e-06 
0.00907296 0.0680771 0.0707449 0.122598 0.00016583 0.0909967 0.510612 0.00204566 0.0147832 0.000919227 0.000586174 0.000598618 0.000210438 0.0715946 0.00226525 0.0347297 
0.00274857 0.000443038 0.00107367 0.0246703 4.95367e-05 3.379e-05 0.728991 6.57401e-11 0.0671392 1.06159e-05 2.06885e-08 0.0359776 2.32467e-08 0.00155847 0.135134 0.00217017 
0.136795 0.00444458 0.0410847 0.0169502 3.74533e-08 0.339604 0.355316 1.65941e-07 0.000164367 0.0002413 0.0016935 0.00859749 2.24068e-07 0.0635629 8.88991e-06 0.0315371 
0.0881073 0.0211094 0.0135759 0.00044713 0.00449477 0.0151044 0.666027 8.72212e-05 0.00877194 0.00134068 0.000885786 0.0898055 8.28337e-05 0.0781764 0.00628418 0.00569992 
0.00526496 0.0271818 0.0131657 0.00110773 0.000213317 0.104529 0.569102 2.38614e-05 0.00294129 8.66621e-05 0.00212156 0.150019 0.000176312 0.0566476 0.0666144 0.000805261 
0.000173032 0.00188842 0.0022552 0.0168898 0.000467451 0.0255522 0.830492 9.91191e-06 0.0794002 2.21399e-05 0.000491191 0.0156586 8.11264e-05 0.0258158 0.000218126 0.000585104 
0.000254082 0.0754368 0.0479822 4.0453e-10 0.000616842 0.00515001 0.61332 1.58797e-07 0.20392 0.00132585 3.64571e-05 0.0059828 1.15736e-08 0.0429146 2.78708e-10 0.00305994 
0.00282481 0.0271382 0.00203566 8.53726e-11 0.162945 0.00905324 0.549344 4.79411e-08 0.0387825 0.00393956 1.53566e-05 0.190726 3.18681e-08 0.00436302 0.000246005 0.00858641 
4.93821e-06 0.0198982 0.000254673 8.5397e-09 4.78395e-07 0.0195363 0.712489 1.61252e-09 4.09256e-05 2.71802e-05 4.10881e-05 0.238728 2.338e-09 0.00721746 0.00175981 1.65257e-06 
0.0180657 0.0195324 0.0161942 0.00179398 0.00413815 0.0153638 0.619925 2.42242e-06 0.011149 0.000978342 0.000160118 0.0690709 0.00328298 0.125418 0.00932819 0.0855974 
0.0171144 0.182467 0.111614 5.62933e-05 0.000251057 0.0179571 0.395241 0.0729551 0.000285266 0.00444891 0.00132383 0.0006765 0.000228088 0.178775 0.000392439 0.0162154 
2.98619e-07 1.19653e-07 0.00777102 0.000747902 0.00154555 0.0261719 0.887733 1.46566e-06 0.033763 1.66697e-06 7.80351e-07 2.3763e-07 4.23674e-07 0.00448774 1.0285e-06 0.0377735 
0.0107853 0.0111063 0.00736193 0.000151817 0.00308667 0.00563313 0.535977 4.39698e-05 0.00331761 0.00627347 0.00293565 0.364596 1.69783e-05 0.029479 0.0121015 0.00713353 
0.00257597 0.00914001 0.00328507 1.52026e-06 8.67944e-05 0.00381119 0.949827 9.92064e-07 0.00072216 8.77167e-05 0.000231808 0.00196799 4.24416e-05 0.027607 1.02861e-06 0.000611068 
0.0386168 0.0330352 0.0199851 2.27869e-05 0.000515147 0.00639853 0.400304 0.00334139 0.0124102 9.95009e-05 0.00276175 0.163032 0.000365555 0.109744 0.202625 0.0067432 
0.00279353 0.0128711 0.00607571 6.3066e-08 1.07569e-05 0.00049712 0.632794 2.49655e-05 3.16286e-05 6.57762e-05 0.0111035 0.263376 2.48755e-05 0.0256299 0.0446651 3.59137e-05 
0.00295166 0.0452506 0.00533571 1.25928e-07 2.71827e-05 0.002367 0.865679 2.4277e-05 6.39985e-05 0.00228278 0.00229696 0.0412038 2.24216e-06 0.0202966 0.000135237 0.0120828 
0.112735 0.0442412 0.0162866 0.0114463 0.00287918 0.0878642 0.591706 0.000465126 0.00379403 0.0012667 0.0381109 0.0104211 0.000158745 0.0581721 8.75693e-05 0.0203656 
0.0823295 0.146531 0.0785449 3.45276e-07 0.0192748 0.0957032 0.432219 1.74317e-07 0.00482418 6.72864e-06 0.00349509 0.00498119 3.91733e-05 0.0633614 0.0351475 0.0335417 
0.00738114 0.0375352 0.00179628 2.40444e-07 2.46082e-05 0.0242649 0.722784 0.000150015 3.94695e-06 0.00018496 0.0964811 0.0703098 0.000407221 0.0288967 0.00157693 0.00820318 
0.00179017 0.0103024 0.00233621 2.60211e-06 6.58801e-05 0.038654 0.474336 2.21994e-05 0.00508392 0.286209 0.00126175 0.0777701 3.73254e-06 0.037037 0.0623119 0.0028136 
0.00257597 0.00914001 0.00328507 1.52026e-06 8.67944e-05 0.00381119 0.949827 9.92064e-07 0.00072216 8.77167e-05 0.000231808 0.00196799 4.24416e-05 0.027607 1.02861e-06 0.000611068 
0.0229843 0.0360678 0.0591926 0.000738648 0.00214879 0.115899 0.327458 0.000250594 0.00287123 0.000399866 0.0180555 0.0295177 0.00117071 0.0456226 0.303434 0.0341884 
0.0215534 0.00988793 0.028965 1.44717e-08 2.96373e-05 0.013564 0.833956 0.000162915 0.000336527 0.00660814 1.96165e-07 3.005e-05 2.17528e-06 0.0625323 9.97054e-09 0.0223721 
0.0272483 0.0565292 0.00827193 1.07947e-05 4.51125e-05 0.00935065 0.330611 0.157462 0.000385715 0.000207149 0.00792254 0.287279 3.78032e-07 0.0530045 0.0138391 0.0478321 
0.0412687 0.0425635 0.00657586 0.000301435 5.82841e-08 0.0509612 0.519544 0.000201237 0.00208853 3.64963e-07 0.000248118 0.00195174 2.1851e-08 0.0947554 0.00133521 0.238204 
0.00418096 0.0681884 0.0228022 5.79422e-06 0.00204711 0.0671274 0.722405 0.0074563 0.0027874 0.00022279 0.00123431 0.000966542 7.21847e-05 0.0870401 0.000131809 0.0133317 
0.0253767 0.0519363 0.0159618 0.000196533 8.33767e-07 0.00472312 0.728576 1.70945e-06 9.83007e-06 0.000710268 0.000431989 0.0329155 6.36703e-07 0.133244 0.000332279 0.00558264 
0.0171812 0.270785 0.0225686 0.0341115 6.94204e-05 0.0806815 0.318748 4.08077e-05 0.00312017 8.19683e-05 0.0137015 0.0271085 2.37524e-05 0.190003 0.013072 0.0087032 
0.0027298 0.000757055 0.0150149 0.00278253 2.83915e-08 0.000183804 0.915867 7.30124e-09 0.00135774 0.000101506 1.72917e-11 0.0295417 2.5354e-06 0.0294014 0.000203048 0.00205681 
0.0202427 0.0259401 0.0303931 0.0022086 0.00199379 0.0564793 0.555627 1.44907e-05 0.00335012 0.000484082 0.0154944 0.243835 0.000744585 0.0352776 0.000412872 0.00750167 
0.00205656 0.0587722 0.0151851 0.00357657 2.38899e-06 0.00601996 0.772304 3.16722e-08 0.000488082 0.000142135 0.000608359 0.01512 1.19823e-08 0.124217 3.53795e-05 0.00147258 
0.00314153 0.110177 0.0555909 0.0774099 8.67846e-07 0.000247365 0.524156 3.83244e-11 0.0125974 6.43622e-05 0.000170899 0.047307 2.15717e-06 0.155555 0.0077798 0.00580016 
0.0415117 0.0507954 0.00954942 1.40477e-08 0.00139818 0.0131629 0.737973 5.98683e-05 0.00094949 0.0689623 0.0176927 0.00144037 0.000149929 0.0543124 0.00192424 0.000118529 
2.87695e-10 0.000254444 0.00689649 1.43821e-09 6.86658e-05 0.0488006 0.91205 7.36526e-07 4.23034e-06 3.24463e-05 0.0243863 2.79985e-07 1.56543e-08 0.00581335 9.90877e-10 0.00169282 
0.0341755 0.0158387 0.164597 9.33285e-11 3.77213e-08 0.0271934 0.504275 3.71912e-05 0.00131757 0.000628129 0.0153588 0.00239419 9.85656e-07 0.228809 0.00290465 0.00246962 
0.000748707 0.00132049 0.00047592 4.65648e-06 4.03736e-05 0.000917519 0.978084 9.22129e-06 0.000164365 7.45592e-05 0.00112642 0.00399979 8.95051e-06 0.0128187 6.36368e-07 0.000205226 
0.0243356 0.256605 0.111015 3.48152e-05 0.000569541 0.060803 0.285386 0.000259339 0.0124931 0.000730471 0.00666851 0.102705 0.00252008 0.111837 0.0136266 0.0104105 
0.00168136 0.0353495 0.0293502 8.25404e-06 0.00156539 0.119113 0.631449 5.57042e-05 0.077573 0.00128755 0.00204916 0.0158261 7.10624e-06 0.0792363 0.00370198 0.00174647 
0.0331272 0.0890844 0.0539441 0.00108418 0.00193683 0.0376024 0.429916 6.13636e-05 0.0104444 0.00455245 0.00768815 0.164586 0.00182498 0.110848 0.0039964 0.0493026 
0.0927685 0.013837 0.0261652 1.02178e-07 0.000869992 0.0667035 0.38967 3.3668e-05 0.118877 0.000671785 0.00494916 0.00133392 4.88019e-05 0.27664 0.00547265 0.00195911 
1.43181e-07 5.80066e-05 0.00549573 2.43828e-06 4.32282e-10 0.000665256 0.915094 5.33328e-10 3.26506e-06 0.000106664 2.83956e-10 0.0749596 1.59852e-08 0.00237303 3.84105e-05 0.0012037 
0.0151528 0.0661191 0.0225033 0.000390028 0.005195 0.0185696 0.405973 0.00474829 0.00521231 5.30347e-05 0.00716178 0.366855 9.37571e-05 0.0734172 0.00234837 0.00620754 
0.0197848 0.108011 0.00696629 4.14483e-05 0.000767503 0.0858408 0.447093 1.57272e-05 0.0028794 0.000436076 0.0102934 0.0554908 1.19926e-05 0.0876545 0.0376285 0.137086 
0.0410835 0.032264 0.00585437 0.000666162 0.00106141 0.00399634 0.620718 3.31024e-07 0.00171823 0.000267726 2.62627e-05 0.143829 1.22573e-05 0.117876 0.00492798 0.025699 
0.00195706 0.00672445 0.00351026 1.43174e-05 0.0335983 0.000532649 0.890564 2.46075e-08 0.000350793 0.00272006 2.6382e-05 0.00781506 3.26578e-07 0.0513811 2.21036e-05 0.000783334 
0.0170838 0.0403825 0.00607339 6.06811e-09 2.76193e-06 0.0480586 0.476985 3.7633e-07 0.0627645 0.00591436 8.17899e-07 0.000881272 8.31013e-08 0.339623 0.000331688 0.0018979 
0.0355753 0.0073332 0.224069 0.000620133 0.00306751 0.000483427 0.471307 3.44451e-05 0.00110047 1.01242e-06 0.0166409 0.000625462 3.51104e-05 0.184462 0.0452036 0.00944213 
0.0513176 0.0559302 0.125944 0.000903352 0.000881124 0.100116 0.309864 3.5627e-05 0.00391022 0.00965398 0.00432616 0.0235657 0.00592208 0.255847 0.000863461 0.0509196 
0.00347986 0.068421 0.0426896 1.51557e-09 0.258094 0.00372116 0.303038 2.62746e-07 0.000216454 0.000249203 0.00196809 0.221924 2.8095e-05 0.0693302 0.00294259 0.0238977 
0.0176438 0.0816741 0.0405907 0.000132663 0.00204308 0.0257875 0.462691 4.70925e-05 0.00450561 0.000401726 0.0410101 0.134937 0.00135757 0.0653195 0.113255 0.0086034 
0.0087137 0.0563141 0.021084 1.8185e-05 0.000903936 0.0396064 0.534472 3.97646e-06 0.00669874 2.49851e-05 0.0139711 0.0311858 0.000427861 0.0680782 0.208294 0.0102035 
1.25591e-06 0.00119538 0.00460199 2.59729e-05 2.0562e-06 0.0547831 0.877474 3.96185e-07 5.78865e-05 0.000136215 0.00582117 0.0331786 8.24234e-11 0.0226596 2.00089e-10 6.27551e-05 
0.0176374 0.0727862 0.140139 0.000990671 0.000195941 0.0202726 0.614818 6.20534e-06 0.000427008 0.00357682 0.0104106 0.00651204 0.0904226 0.0188303 0.000702048 0.00227264 
0.0108543 0.071163 0.0416123 6.02422e-07 0.00349549 0.0259286 0.448929 0.000241575 0.0123566 0.00120527 0.00982556 0.0246638 6.02925e-07 0.316074 6.02641e-07 0.0336478 
0.00138828 0.0210563 0.00539035 2.14437e-08 7.43355e-05 0.0176373 0.868054 1.53827e-06 0.0028878 4.28887e-05 0.00281359 0.000967071 5.76037e-06 0.075179 0.0017929 0.00270853 
0.00189233 0.00094625 0.000521046 0.0138713 0.0185801 0.000731046 0.849324 1.44956e-08 0.000885952 0.00194898 7.32062e-05 0.0397617 2.39372e-07 0.00209662 0.0176983 0.0516692 
0.0055291 0.0333995 0.0385302 0.00199491 0.00225158 0.0234926 0.772894 2.11307e-06 0.00471909 0.000401262 0.000168244 0.0262122 0.000108988 0.0777471 0.000308845 0.0122404 
0.0707117 0.0545749 0.00195964 5.14979e-08 3.50061e-08 0.00367329 0.79001 9.88609e-09 8.63708e-08 0.00255184 0.000206823 0.00605573 2.27806e-06 0.0696377 2.39724e-06 0.000613087 
0.0110553 0.0145696 0.0230792 9.0207e-06 1.60359e-08 0.0348725 0.83417 1.54502e-09 0.00965837 0.000324176 0.00608649 0.0625564 2.31902e-05 0.00352738 6.00617e-05 7.8718e-06 
0.00865805 0.00961238 0.00117058 0.00221669 1.80738e-05 0.00428349 0.743131 9.15057e-07 0.00329866 0.000299248 2.42961e-05 0.117885 8.22681e-07 0.0800419 3.00748e-06 0.029356 
0.000510545 3.9465e-07 0.00296437 1.48319e-06 0.00933169 0.0436098 0.788963 1.33324e-07 0.00964934 1.06191e-09 0.000306489 0.0451537 1.56126e-07 0.0346938 0.0647801 3.52464e-05 
0.0104739 0.0552892 0.0140338 1.9772e-05 0.0178068 0.0418251 0.722486 5.52715e-06 0.00523851 0.00170446 0.000361411 0.0136232 8.02358e-05 0.113179 0.000713611 0.00315969 
0.0552468 0.00362057 0.00197365 1.97739e-07 6.22018e-06 0.0141961 0.397587 9.76493e-08 0.0328122 4.75644e-06 8.25219e-05 0.330915 1.08546e-05 0.136517 0.000460062 0.0265672 
3.93458e-05 0.000236016 0.000908917 1.01765e-07 1.55005e-06 0.00598655 0.909057 0.0259767 0.00300457 3.45784e-08 0.000637512 0.0499984 8.82254e-05 0.00384415 0.000221123 5.77413e-11 
0.0229561 0.0648758 0.0370922 2.38111e-06 0.000525304 0.0385824 0.53661 1.25928e-06 0.000106842 0.000709061 0.0218837 0.0894104 4.07617e-06 0.160675 0.000482016 0.0260836 
0.00617066 0.0968134 0.0534591 0.00749592 0.00106625 0.301561 0.388037 0.000724533 0.0132297 0.00473014 0.000220893 0.00272493 7.78326e-07 0.117968 0.00399954 0.00179829 
0.00478082 0.0137728 0.0109492 0.000751288 1.83422e-06 0.151808 0.734766 7.05375e-06 0.0285637 4.62241e-05 1.69565e-05 0.0145668 2.19905e-08 0.0393385 3.08445e-06 0.000627952 
