0.0635844 0.112084 0.033821 0.000105187 0.00474344 0.0211367 0.389399 0.000112864 0.00036458 0.000254787 0.00970511 0.0120014 8.49941e-05 0.345004 0.00194267 0.00565643 
0.00197435 0.374 0.0153204 2.63802e-13 8.90781e-05 0.00529534 0.42642 2.59002e-13 0.00125072 2.31747e-05 0.000409872 0.00136659 3.95007e-06 0.173524 6.05975e-05 0.000262096 
0.000155793 0.0200434 0.00733258 0.000181183 0.000931104 0.043217 0.890489 2.03552e-06 0.0107776 7.96925e-07 0.00126579 0.0136978 1.02759e-05 0.0115841 0.000203242 0.000108355 
2.1607e-05 6.55898e-08 6.41101e-07 8.18313e-07 6.51206e-07 1.58132e-06 0.996701 8.03426e-07 0.000111227 7.3132e-06 5.63248e-06 0.00202522 3.53563e-06 0.00106243 5.43937e-05 2.6859e-06 
0.0111349 0.00011896 0.000194683 4.82321e-08 3.83827e-08 0.00115455 0.978868 4.10592e-05 2.67361e-08 5.02634e-05 0.000434168 0.00171538 3.86245e-05 0.000114641 0.00525255 0.000881896 
0.0198799 0.00264704 0.000223482 0.00287906 0.0112792 0.00146541 0.658764 2.70833e-06 0.00669526 0.0601574 0.00044481 0.135211 2.51706e-06 0.0470649 0.0333121 0.0199712 
0.00303802 0.0666297 0.0301056 2.50115e-06 0.00481236 0.0486312 0.588246 1.71678e-05 0.00417806 0.00050554 0.0244979 0.16163 0.0010723 0.0551799 0.00379364 0.00766015 
0.0707117 0.0545749 0.00195964 5.14979e-08 3.50061e-08 0.00367329 0.79001 9.88609e-09 8.63708e-08 0.00255184 0.000206823 0.00605573 2.27806e-06 0.0696377 2.39724e-06 0.000613087 
0.102811 0.276169 0.0182453 1.6917e-08 0.0174774 0.011969 0.302447 0.000998455 0.016068 0.0149673 0.00343509 0.0289869 0.000827777 0.125197 0.0158372 0.0645634 
0.00209605 0.0691097 0.0087606 1.33329e-10 6.34551e-05 0.0220735 0.355553 5.9016e-06 0.234136 2.36982e-07 0.000216102 0.00128566 9.33852e-06 0.306338 1.17654e-05 0.00034149 
0.0114076 0.0144272 0.0414102 7.01979e-09 0.000142306 0.0145379 0.731055 1.5732e-05 0.00126031 0.000874656 0.00299378 0.000420356 0.000140092 0.180112 0.000320554 0.000882221 
0.071138 0.0586491 0.00928815 3.89095e-10 3.09638e-10 0.126481 0.71918 4.97003e-07 6.257e-07 1.47769e-06 2.80076e-05 0.00898892 4.97038e-07 7.02374e-07 2.68073e-10 0.00624305 
7.03703e-07 2.10406e-11 0.071531 0.00993666 2.1099e-08 0.00250807 0.660901 7.75774e-08 2.37203e-06 2.93131e-10 0.00489681 0.00521674 7.45018e-11 0.139345 1.80859e-10 0.105661 
0.0378936 0.0270238 0.00123311 4.54934e-10 1.12684e-06 0.00403426 0.580719 1.52779e-07 0.2788 0.00155821 5.75321e-05 0.0526129 4.28077e-08 0.0109232 0.00514225 6.86916e-07 
0.0247001 0.0727398 0.0363334 1.91022e-05 0.00592029 0.0303914 0.560106 1.05951e-05 0.00305001 0.00237231 0.00413482 0.0900429 9.29845e-05 0.141416 0.000151823 0.0285186 
0.0391237 0.00899968 0.00859052 2.30975e-09 0.00101648 0.0405637 0.663741 1.95497e-05 0.0667103 0.00479247 0.000947547 0.0743674 0.000247454 0.083129 0.00256679 0.00518491 
0.0366028 0.0699105 0.0412923 0.0289328 5.73544e-05 0.128998 0.522613 2.11205e-05 0.0115513 0.000543131 0.00336641 0.0262971 7.32142e-05 0.128058 0.000532024 0.00115099 
0.112697 0.0266391 0.0311676 5.19617e-09 5.48247e-05 0.0100956 0.604485 0.000155652 0.00212465 0.000759786 0.00783376 0.119993 0.00259008 0.0340431 0.0396847 0.00767706 
0.0272635 0.0262102 0.0103689 4.86614e-08 8.39052e-05 0.00246953 0.429349 0.0220569 0.000216021 0.000210178 0.00843123 0.405921 3.02596e-08 0.0531728 0.00447865 0.00976822 
0.00116438 0.000416965 0.000518616 0.000586149 0.0125474 0.000520415 0.881284 4.46056e-07 0.000113994 0.0117581 1.43986e-07 0.0149811 0.0187229 0.0468276 0.00365651 0.00690171 
0.000692116 0.0530296 0.0891455 0.0617364 3.19831e-05 0.0827738 0.34578 4.92194e-07 0.00784119 0.00233955 0.00174125 0.060703 3.187e-05 0.199806 0.012277 0.0820695 
0.00182524 0.0309395 0.00888479 0.00201134 6.59088e-05 0.32567 0.569353 1.91043e-06 0.00179671 0.00155588 0.0036077 0.0120636 1.2355e-05 0.0340218 5.99026e-06 0.00818491 
0.000939452 0.361307 0.0417171 1.36446e-08 2.89158e-06 0.0344806 0.456215 1.81383e-05 0.000461949 7.15347e-06 0.0059605 0.0390734 9.63248e-05 0.056169 0.000567217 0.00298433 
0.0636135 0.0191197 0.000515841 1.22034e-08 8.29112e-09 0.00116421 0.66474 1.67587e-07 8.56591e-05 0.000945103 0.000327009 0.0846184 5.07094e-06 0.161536 0.00125216 0.0020769 
0.00065425 0.00126902 0.00100074 6.0693e-06 0.000489543 0.0764749 0.900322 6.9128e-07 9.00675e-07 0.000650345 0.000367177 0.00900343 1.97155e-06 0.00687857 0.00239075 0.000489209 
0.0122983 0.00690425 0.0425493 0.0264557 0.000286318 0.0255086 0.683207 2.89974e-05 0.0137336 1.35005e-05 0.0211632 0.00107924 0.000721506 0.162226 0.000125923 0.00369838 
0.0039709 0.117601 0.0937707 6.97427e-08 0.00839625 0.0125191 0.341442 0.000221396 0.0249743 4.35906e-05 0.00857856 0.102165 0.000270652 0.139427 0.126968 0.0196514 
0.0300075 0.299912 0.223858 1.93204e-06 4.70478e-07 0.00293719 0.356235 5.78016e-07 2.02482e-06 0.000280785 0.00681734 0.0441722 1.24772e-05 0.0321476 1.69933e-10 0.0036151 
0.110631 0.0203384 0.0331135 2.62993e-06 9.97956e-08 0.12225 0.582017 4.28468e-06 0.0194503 1.19787e-07 0.000533615 0.00399636 2.01059e-05 0.104256 2.95407e-06 0.00338339 
0.0140601 0.0404726 0.0295065 0.00155865 0.00190128 0.0228207 0.680808 0.000891329 0.0148012 0.00131075 0.00928912 0.0841974 0.000742526 0.0778589 0.00535202 0.0144286 
0.0209689 0.0121997 0.0074752 3.34018e-05 0.00150972 0.0155121 0.819019 9.46772e-06 0.00078118 0.000142162 0.00488237 0.0819427 4.41841e-05 0.0189166 0.00265229 0.0139112 
0.00389993 0.00838967 0.018916 0.00424954 0.00419694 0.00356284 0.907192 7.92562e-10 0.00553714 2.77819e-05 0.00153687 0.00288059 1.33373e-05 0.0289315 0.00503758 0.00562792 
0.0378936 0.0270238 0.00123311 4.54934e-10 1.12684e-06 0.00403426 0.580719 1.52779e-07 0.2788 0.00155821 5.75321e-05 0.0526129 4.28077e-08 0.0109232 0.00514225 6.86916e-07 
0.0199094 0.0375641 0.161037 0.00308865 0.000190892 0.142339 0.380196 0.00336207 0.0213618 0.0245621 0.00209223 0.00145899 1.72015e-05 0.129516 0.000120002 0.0731856 
0.00662464 0.0696831 0.035909 7.272e-05 0.0146908 0.177365 0.563719 0.000968448 0.000512131 0.00108685 0.00275876 0.00848603 4.56086e-05 0.0313842 0.00578462 0.080909 
0.011287 0.193621 0.011975 7.83002e-08 0.0275623 0.211027 0.321624 6.2168e-05 0.00608844 0.0827068 0.0212582 0.0671681 8.75796e-05 0.0246773 0.00605953 0.0147963 
0.0170098 0.079196 0.133374 0.000391581 0.0201871 0.0267283 0.325264 1.02811e-05 0.0782777 7.14268e-05 0.000294651 0.00538101 0.0061064 0.302936 2.95477e-05 0.00474244 
0.00199335 0.0120462 0.0301639 2.92536e-08 0.000213783 0.0399302 0.588513 1.30051e-05 1.05246e-05 0.000322017 0.00153609 0.126623 7.89602e-05 0.0462008 0.152236 0.000118876 
0.0235055 0.0187743 0.210753 5.17706e-08 0.0994463 0.198009 0.22522 7.60474e-07 0.0206719 1.1151e-05 0.000372537 7.28592e-07 0.0118132 0.170318 3.56683e-08 0.0211029 
0.000154534 0.0452092 0.0111722 3.99707e-07 3.34611e-05 0.0274622 0.788166 0.00209806 0.00533683 9.02394e-05 0.000223872 0.0168961 1.0933e-10 0.0668807 0.000238308 0.0360377 
0.0187348 0.0358502 0.184711 2.69994e-08 0.00100026 0.113043 0.532868 2.27244e-06 0.00832574 9.20733e-06 0.0261829 0.00318219 3.21388e-05 0.0673638 1.81104e-05 0.0086771 
0.140422 0.0922987 0.0414774 0.00971865 4.54372e-05 0.00457881 0.572297 2.75536e-05 0.0121058 1.04343e-06 0.00187851 0.00363653 5.77013e-05 0.0779194 0.0021314 0.0414036 
0.0246608 0.222774 0.20953 0.0696647 0.000636564 0.0747883 0.224357 3.17602e-09 0.00618274 0.0115642 0.067819 0.0197952 0.000345685 0.057346 0.00104979 0.00948722 
0.0023263 0.0942459 0.196517 0.000917273 0.0300511 0.113697 0.20455 5.89998e-08 0.0152047 0.000447715 0.000176795 0.00074111 1.27797e-05 0.156615 1.39614e-05 0.184483 
0.0162877 0.075946 0.0964729 0.000675638 0.00790246 0.0182598 0.635586 4.2524e-06 0.0183009 0.00528109 0.00734914 0.0121798 0.0715215 0.0305037 0.000611453 0.0031181 
0.0133483 0.0890798 0.0573453 0.00195846 0.000150833 0.231649 0.304012 0.000143244 0.029294 0.00213813 0.000340693 0.096887 0.000153498 0.169358 0.000112084 0.00402988 
0.0329451 0.0456914 0.00372727 2.91897e-06 0.000685861 0.00293568 0.366606 1.63442e-06 0.00124166 0.00147627 0.00190897 0.362347 3.59939e-05 0.088634 0.0868836 0.00487636 
0.0171209 0.0346947 0.0321262 0.0100121 0.00457735 0.0149979 0.684042 6.43307e-05 0.0147904 0.00537932 0.00298472 0.0606245 0.00077416 0.0982643 0.00607717 0.0134698 
0.034242 0.0442702 0.0188778 5.44634e-05 0.00196303 0.0162652 0.505347 0.000281184 0.0057233 0.000830777 0.00538918 0.212355 0.000165399 0.0860014 0.0608334 0.00740095 
0.0932831 0.0804722 0.068811 0.0038776 0.00319204 0.178805 0.245284 2.63079e-05 0.00856442 0.00182279 0.0033052 0.0222248 0.00106134 0.17208 0.00295686 0.114233 
0.00224692 0.00543194 0.00584018 4.83674e-07 0.00042842 0.204619 0.714302 1.32967e-05 0.0149673 5.40098e-07 0.000797452 1.06444e-05 8.27553e-05 0.00754388 0.000206527 0.0435084 
0.0249491 7.062e-08 1.15573e-07 1.4587e-11 1.16082e-11 0.00257164 0.954181 2.43612e-08 8.0859e-12 3.09648e-08 2.57738e-07 0.00415083 9.54295e-06 6.80559e-08 0.0122725 0.00186492 
0.0695469 0.0793797 0.0391752 0.0128523 0.000653312 0.106002 0.258513 8.54946e-05 0.0170864 0.0637001 0.00358752 0.0260853 0.000606801 0.253454 0.00332366 0.065948 
0.000946006 0.00854029 0.00276753 4.59944e-06 0.00656132 0.0115184 0.775589 4.97135e-06 0.00160411 0.00097568 0.00104649 0.151768 4.50772e-05 0.0198321 0.016954 0.00184253 
0.0734262 0.0216849 0.0266367 9.74477e-07 1.87423e-05 0.00351694 0.625178 1.30611e-05 0.0019077 0.000633345 0.0212478 0.167787 5.40428e-05 0.032321 0.0121628 0.0134108 
0.0235606 0.00835812 0.00850904 0.000213443 0.00025745 0.00373681 0.687076 1.43655e-06 0.00626779 0.0245003 0.00201402 0.0905841 1.02403e-05 0.119295 0.0190338 0.00658194 
0.00203497 0.0173506 0.025437 5.55478e-07 0.00534889 0.00769776 0.643049 8.24401e-09 0.00158305 3.19616e-05 0.00627174 0.168501 0.000115139 0.106579 0.0159919 7.23126e-06 
0.000679313 0.00489318 0.00214296 6.04563e-06 0.00160627 0.0318754 0.93684 5.93565e-06 0.00146572 1.41116e-05 0.00303018 4.04896e-05 0.0006969 0.0162016 8.82591e-05 0.00041365 
0.00966745 0.0697752 0.0422094 0.00153175 0.00535759 0.0977312 0.511405 1.4522e-05 0.00480273 0.00129717 0.018142 0.0241959 0.00116717 0.163013 0.0216403 0.0280491 
4.5575e-06 2.30074e-07 0.128616 4.29063e-11 3.41445e-11 8.26901e-08 0.638548 4.21257e-11 0.102544 1.6003e-06 4.1271e-07 0.00217054 8.23188e-07 0.102293 5.11434e-07 0.0258202 
5.46771e-05 2.62231e-05 3.62216e-05 0.00460461 3.29522e-08 0.000156128 0.824046 0.000300886 0.00014463 0.00179872 2.16456e-08 6.59144e-09 5.99468e-05 0.0116903 0.157042 3.93459e-05 
0.0171144 0.182467 0.111614 5.62933e-05 0.000251057 0.0179571 0.395241 0.0729551 0.000285266 0.00444891 0.00132383 0.0006765 0.000228088 0.178775 0.000392439 0.0162154 
0.0605636 0.0575772 0.00629271 4.46349e-06 7.38248e-05 0.0026074 0.413707 3.10492e-07 0.00447013 0.000659643 0.00222253 0.379992 2.34077e-05 0.059222 0.00063837 0.0119455 
0.0168124 0.0110959 0.0376331 0.000406535 3.79961e-06 0.0169969 0.784213 6.6128e-07 0.0320481 0.00379137 0.00472167 0.054006 8.40223e-05 0.0345411 0.00057531 0.00307051 
0.00148954 0.106772 0.0604658 1.33102e-06 4.08922e-07 0.0558916 0.502294 0.000386851 6.00975e-10 0.087079 9.58322e-05 0.0183824 1.07184e-05 0.160223 3.3967e-05 0.00687382 
7.03703e-07 2.10406e-11 0.071531 0.00993666 2.1099e-08 0.00250807 0.660901 7.75774e-08 2.37203e-06 2.93131e-10 0.00489681 0.00521674 7.45018e-11 0.139345 1.80859e-10 0.105661 
0.0249185 0.0490479 0.0195707 4.43715e-07 0.00026222 0.0753203 0.429499 2.33354e-07 9.01785e-05 0.0122044 0.0158909 0.343225 0.000440755 0.0110327 0.000141887 0.0183546 
0.0530619 0.0604552 0.00757337 2.50473e-10 0.00115008 0.0089328 0.706247 0.00017905 0.000798377 0.103374 0.00552456 0.00163066 0.00011576 0.04881 0.00206451 8.22836e-05 
0.0138061 0.00110193 0.0113787 1.81002e-05 0.000325187 0.0491336 0.767853 2.77841e-05 0.0293644 0.00204668 0.000715872 0.00742013 8.9157e-05 0.104655 0.000214413 0.0118504 
0.017491 0.0188985 0.00106729 6.01248e-05 0.000707242 0.0130125 0.538154 6.90728e-06 0.000751325 0.000135977 0.000893888 0.119442 0.000106429 0.0535569 0.234548 0.00116832 
0.00331343 0.0172838 0.00582874 3.96071e-08 0.0902971 0.0880612 0.74876 0.000699587 0.00778636 0.000895101 0.000312163 0.00312554 9.11541e-06 0.0314456 0.000736288 0.00144629 
0.00184064 0.030867 0.00723588 6.35896e-06 1.10902e-05 0.0749252 0.632702 7.58048e-05 0.000978512 6.70886e-05 0.00932602 0.103991 0.000112527 0.128474 0.00852757 0.000859488 
0.114225 0.0989655 0.187025 1.95598e-07 4.67034e-05 0.232775 0.241002 0.00116701 0.00863568 0.031569 0.0051491 0.0224995 0.00854736 0.0330236 0.00431921 0.0110497 
0.0173869 0.0445623 0.101933 0.000664863 0.0132878 0.0669703 0.428941 3.16244e-07 0.00888056 0.000175874 0.05496 0.010369 0.000311704 0.197193 0.0424722 0.0118908 
0.0299261 0.0145872 0.0125506 2.61754e-07 5.12869e-05 0.0203546 0.461649 0.0029166 0.00108815 0.001982 0.00751989 0.391008 0.000179405 0.0457616 0.00810277 0.002323 
0.0270527 0.00930059 0.0165872 0.00399904 0.000543273 0.0048374 0.850483 4.7981e-05 0.000758212 0.000916249 0.00356824 0.0104464 0.00350843 0.0591079 0.00452453 0.00431929 
0.0015491 0.00667039 0.00552715 2.07516e-10 0.000394835 0.00379799 0.915131 1.4776e-05 0.00555726 0.000297913 0.00106924 0.0462996 2.21505e-08 0.0127243 2.4968e-06 0.000964028 
0.00257597 0.00914001 0.00328507 1.52026e-06 8.67944e-05 0.00381119 0.949827 9.92064e-07 0.00072216 8.77167e-05 0.000231808 0.00196799 4.24416e-05 0.027607 1.02861e-06 0.000611068 
0.0258244 0.0736623 0.0319475 7.25321e-05 0.000106391 0.000365634 0.43481 7.38089e-05 0.000709041 0.000139669 0.00671073 0.0795274 6.87774e-07 0.298132 0.00332245 0.0445956 
0.0286991 0.0547821 0.0320204 0.000410769 6.216e-05 0.0460912 0.316737 6.1807e-05 0.00118429 0.00989639 0.00337852 0.0001144 9.35632e-06 0.276791 0.0176357 0.212126 
7.51293e-05 0.00140068 0.000561342 0.000416191 0.00908324 0.0508298 0.89096 0.00311743 0.00242564 0.000187392 3.62426e-05 0.000568996 3.33871e-05 0.0402239 2.15434e-06 7.82649e-05 
0.00792403 0.101927 0.220012 0.00154762 0.00259977 0.0777042 0.276245 0.000896284 0.00076022 3.5883e-05 0.0901224 0.0156168 0.000695953 0.159797 0.0337929 0.0103225 
0.00920705 0.126868 0.0876324 1.59029e-05 0.00259213 0.203343 0.348695 9.80855e-05 0.0171442 0.000522736 0.0201484 0.00643979 0.000118817 0.118453 0.000145934 0.0585759 
7.63836e-06 0.0542479 0.173422 7.63123e-06 0.0954208 0.161175 0.444625 7.63133e-06 0.015278 7.63014e-06 0.0183328 7.63873e-06 7.63761e-06 0.00535531 7.63402e-06 0.0320894 
0.000431865 0.102732 0.00384267 1.22742e-06 1.08926e-06 0.114154 0.672112 3.30312e-05 0.00800174 0.0311285 0.0015486 0.00168012 0.000140157 0.0475032 0.0126245 0.0040646 
0.00200927 0.051345 0.0875665 0.026027 5.32296e-05 0.155646 0.509652 0.0172173 0.00156902 0.00136282 0.00200174 0.0503197 0.000426121 0.0469091 0.0023913 0.0455043 
0.0249491 7.062e-08 1.15573e-07 1.4587e-11 1.16082e-11 0.00257164 0.954181 2.43612e-08 8.0859e-12 3.09648e-08 2.57738e-07 0.00415083 9.54295e-06 6.80559e-08 0.0122725 0.00186492 
0.000413077 9.29665e-07 1.22022e-06 2.17125e-06 0.000951926 4.95165e-07 0.711115 1.08156e-11 0.00216439 2.00519e-07 5.75845e-12 0.0137012 3.12642e-12 0.0053889 0.26626 3.38314e-07 
0.0358705 0.0186757 0.11958 0.00229247 0.0273346 0.187696 0.339904 1.63634e-06 1.63716e-06 1.63608e-06 0.006878 0.0029499 0.00376831 0.16463 1.63691e-06 0.0904124 
0.0237759 0.013544 0.0365288 0.000109531 0.000756387 0.160707 0.567993 7.3975e-05 0.00576079 0.000237269 0.0001473 0.000413696 0.0166931 0.0963135 0.0753493 0.00159624 
0.0236225 0.0403497 0.0602086 0.0215018 0.000441231 0.135234 0.529175 2.91724e-05 0.00038385 2.01035e-05 0.00475981 0.0959598 0.000146515 0.0544012 0.0327829 0.000983483 
0.0947436 0.0863011 0.16076 0.000227858 0.00338428 0.0863113 0.237776 0.000145661 0.0041862 0.000310491 0.00590992 0.0557951 0.00153679 0.145787 0.0951019 0.0217226 
0.00855894 0.021478 0.0127667 5.9652e-06 0.00348199 0.0214317 0.639187 0.0249075 0.0053105 0.00430129 0.0116973 0.169879 4.88868e-05 0.0531912 0.000752363 0.0230023 
0.00544458 0.037351 0.0224002 1.33156e-07 0.000860341 0.00789926 0.480445 0.000526014 0.00423873 3.70064e-05 0.00857856 0.0544145 0.000270651 0.120445 0.250642 0.00644718 
0.00579793 0.0811735 0.00606744 7.78526e-07 0.00595041 0.114365 0.681091 1.32574e-05 0.00733176 0.00110776 0.00214247 0.0363778 0.000127614 0.0551283 0.00253695 0.00078811 
0.00257597 0.00914001 0.00328507 1.52026e-06 8.67944e-05 0.00381119 0.949827 9.92064e-07 0.00072216 8.77167e-05 0.000231808 0.00196799 4.24416e-05 0.027607 1.02861e-06 0.000611068 
0.018443 0.0417758 0.0181265 0.0030136 0.000610156 0.0128045 0.427858 7.0426e-06 0.00252307 0.00157743 0.00986824 0.382049 0.000117324 0.0651589 0.00559585 0.0104717 
0.00341358 0.061233 0.0167908 8.95352e-06 0.000789696 0.0598171 0.536342 2.45696e-05 0.0690104 0.00214256 0.0954106 0.0878339 0.000413448 0.0526921 0.00195806 0.0121192 
0.00256496 0.00653017 0.00219149 0.00675002 0.000906413 0.00114721 0.797225 1.92709e-07 0.0586053 0.0068768 2.22613e-06 0.0354222 5.26949e-06 0.0337871 0.0399707 0.00801478 
0.00194864 0.0057663 0.00199072 3.13931e-07 1.72904e-05 0.0225658 0.524174 2.42244e-06 6.58462e-06 0.0019743 0.179887 0.247646 0.000531995 0.0130191 0.000463664 6.6828e-06 
0.00227773 0.0095409 0.00477684 0.00392538 5.12333e-07 0.0352174 0.503139 8.8542e-06 0.0769398 0.000274267 0.00133844 0.0462739 3.43945e-05 0.309716 1.63436e-05 0.00652081 
0.0027011 0.114445 0.120735 0.000380446 0.000413652 0.0395 0.370673 3.94072e-09 0.00666633 3.67628e-05 9.67004e-07 0.28306 5.19452e-06 0.0546053 0.000806168 0.0059706 
0.0235512 0.0166506 0.00506383 4.4945e-05 4.42243e-05 0.00179294 0.550299 1.49542e-05 0.00316207 0.040946 0.00126458 0.0885052 6.20854e-06 0.163631 0.101023 0.00400042 
0.00536077 0.00802085 0.0394447 0.000227726 2.45788e-05 0.127464 0.549047 2.79369e-06 0.000582729 5.63685e-05 0.00302312 0.0147651 7.66789e-06 0.245473 0.00258801 0.00391101 
6.46352e-05 0.0231003 0.0412138 5.85932e-07 4.01196e-05 0.07059 0.621299 4.74646e-06 0.000737661 5.14485e-05 5.50347e-05 0.000147472 1.01282e-06 0.214046 0.000139039 0.0285096 
0.0636091 0.0922769 0.0290213 3.53296e-07 0.000138353 0.024958 0.456634 9.35819e-08 0.000246505 0.000138483 0.0113581 0.0359295 5.25293e-09 0.268165 0.00012578 0.0173986 
0.0125845 0.00992314 0.00421109 0.000695124 0.000971131 0.00594506 0.582937 4.32044e-05 0.00264073 0.0152755 0.00450844 0.0844142 6.09786e-05 0.0563516 0.21666 0.00277747 
0.0249491 7.062e-08 1.15573e-07 1.4587e-11 1.16082e-11 0.00257164 0.954181 2.43612e-08 8.0859e-12 3.09648e-08 2.57738e-07 0.00415083 9.54295e-06 6.80559e-08 0.0122725 0.00186492 
0.000226739 0.00577716 0.00328077 1.5059e-09 2.07378e-06 0.00051405 0.695458 1.4785e-09 8.34753e-10 2.57514e-07 0.000544912 1.14932e-06 4.27387e-10 0.291335 1.15254e-05 0.00284781 
0.0015172 0.116991 0.0219077 6.05539e-08 0.000169335 0.106073 0.45102 9.43206e-07 0.0133407 0.00245874 0.0133176 0.222372 0.000143305 0.0238182 0.00695312 0.0199159 
0.0440285 0.0326485 0.0240687 0.00214639 0.00308509 0.0136234 0.697317 0.000295161 0.00595471 0.000371853 0.0034064 0.041826 5.71319e-05 0.114151 0.0114797 0.0055399 
0.03169 0.0484614 0.0160034 0.00877139 2.68866e-05 0.0984021 0.703662 1.63837e-06 0.00814998 0.0173158 0.0383921 0.012929 6.48336e-05 0.0132299 0.00204774 0.000851567 
9.95654e-05 0.00383565 0.0109236 1.18605e-06 9.43846e-07 0.34811 0.622722 0.000357425 0.00250074 1.32441e-06 0.000150368 0.000343052 0.00122398 0.00888125 0.000849498 2.16685e-07 
0.000198885 0.0977255 0.0160045 0.00530956 0.00136924 0.0449932 0.641803 1.83638e-07 0.00287275 3.04233e-05 0.0568428 0.0648901 4.03825e-05 0.0645972 3.33896e-05 0.00328923 
0.00844825 0.269609 0.00394035 0.00974651 0.000472001 0.286138 0.319813 2.36776e-08 4.87631e-07 0.00243685 0.0603915 0.0357791 3.42273e-08 4.79306e-06 0.00322071 9.11587e-08 
0.00824794 0.0296912 0.0646626 1.04497e-05 0.0416393 0.0508107 0.673262 0.00121145 0.0114256 0.00115374 0.000190365 0.0645368 0.00760008 0.0355487 0.00312943 0.00687967 
1.45496e-09 1.11775e-12 5.3953e-06 1.39453e-11 1.39906e-08 4.15132e-06 0.998215 1.36916e-11 1.08068e-09 1.55721e-11 1.00045e-10 2.21984e-12 3.95779e-12 0.00177574 9.60784e-12 2.54774e-12 
0.00735986 0.0961147 0.0976683 9.42152e-06 0.00544914 0.0535365 0.493043 1.56732e-05 0.0127884 0.00466701 0.00660365 0.0155543 1.14302e-05 0.150361 0.00215454 0.0546633 
0.0027298 0.000757055 0.0150149 0.00278253 2.83915e-08 0.000183804 0.915867 7.30124e-09 0.00135774 0.000101506 1.72917e-11 0.0295417 2.5354e-06 0.0294014 0.000203048 0.00205681 
0.0126679 0.0325522 0.0165913 0.00419398 0.0149962 0.0158729 0.597751 6.08983e-05 0.0143454 0.000347454 0.00874761 0.110549 0.00845226 0.0385473 0.120829 0.00349602 
0.00201238 0.00851714 0.0338523 1.38399e-09 1.76137e-05 0.00780756 0.708225 1.98003e-08 0.0414515 1.49275e-05 0.00107668 0.000314343 8.63211e-08 0.17958 1.55978e-06 0.0171291 
0.0496154 0.0512937 0.1255 0.000863584 9.34775e-05 0.0372146 0.223203 0.000168465 0.136048 0.0984998 0.0374753 0.0442885 0.086669 0.093342 0.00270562 0.013019 
3.09287e-06 0.00950418 0.128963 3.76764e-05 1.03533e-06 0.00846763 0.787527 2.63787e-06 0.00581602 9.96339e-06 4.16612e-06 0.0410662 8.73131e-07 0.0185961 1.28421e-06 3.45753e-10 
0.00143945 0.0266793 0.0111505 0.00846103 0.000206921 0.0891145 0.720472 0.00188196 0.00377914 4.22236e-05 6.31842e-07 0.00123753 0.000158754 0.129115 7.62021e-05 0.00618502 
0.0226478 0.0367554 0.0198392 0.0651231 0.00156193 0.027625 0.375899 8.85694e-07 0.0263365 6.71018e-05 0.000194163 0.0664469 1.09081e-05 0.290331 0.000163594 0.066997 
0.00530318 0.0498824 0.0019579 9.43039e-09 4.22792e-05 0.0325007 0.674439 5.4588e-05 9.40399e-08 1.05598e-06 0.157202 0.0559947 0.000847668 0.0123612 0.00117593 0.00823804 
0.00414751 0.0274438 0.0128176 0.000129282 0.00268113 0.0202513 0.513873 0.000120507 0.00140673 0.000498146 0.00667981 0.0673328 0.00268034 0.0741657 0.262334 0.00343779 
0.0620017 0.0168734 0.0103366 0.000337106 0.000108725 0.00241346 0.556962 6.92833e-05 0.00426162 0.032185 0.00687893 0.0892401 0.00386803 0.0949415 0.115857 0.00366567 
0.0310127 0.0873339 0.0137621 0.000183522 0.0082346 0.015442 0.58618 2.44735e-09 7.63221e-05 4.8696e-05 0.00058149 0.203242 1.19348e-05 0.0372155 0.00543608 0.0112397 
0.0151923 0.0752239 0.0174726 6.03766e-05 5.38859e-05 0.00386456 0.374335 5.01256e-07 0.0114271 0.00508106 0.000348532 0.326354 3.89173e-06 0.136088 0.000975196 0.0335198 
0.00257597 0.00914001 0.00328507 1.52026e-06 8.67944e-05 0.00381119 0.949827 9.92064e-07 0.00072216 8.77167e-05 0.000231808 0.00196799 4.24416e-05 0.027607 1.02861e-06 0.000611068 
0.0361654 0.023862 0.0448722 3.9144e-06 0.00109669 0.0189175 0.703149 1.87872e-07 3.52661e-05 0.00108715 0.00366712 0.137116 5.33602e-05 0.0241695 0.0042241 0.00158046 
0.00367569 0.0668128 0.000855777 5.20271e-10 4.14027e-10 0.0986944 0.691807 4.27532e-07 0.0786118 1.62436e-06 1.59176e-06 0.00124308 0.000137561 0.0519733 9.49489e-07 0.00618419 
0.0229843 0.0360678 0.0591926 0.000738648 0.00214879 0.115899 0.327458 0.000250594 0.00287123 0.000399866 0.0180555 0.0295177 0.00117071 0.0456226 0.303434 0.0341884 
2.82046e-05 0.107856 0.00989642 6.65457e-09 0.00117574 0.0280132 0.625588 9.20734e-06 7.92326e-07 1.00581e-05 0.000360335 0.00220743 8.38746e-05 0.204508 0.0202625 9.0079e-07 
0.0166439 0.0304237 0.00331271 3.49002e-07 0.000936426 0.0081276 0.506042 1.10289e-05 0.000730319 1.22613e-05 0.00107867 0.00960147 5.65671e-05 0.0156226 0.406598 0.000802807 
0.0682885 0.137769 0.168246 6.61575e-05 0.0001076 0.0559217 0.235442 2.54828e-05 0.00158225 0.00537049 0.140574 0.00773522 0.00413938 0.159174 0.000158637 0.0153985 
0.0069977 0.0298596 0.0340421 0.000207251 0.0179192 0.0244179 0.410151 0.0006683 0.0141446 0.00338976 0.00443376 0.361579 0.000124339 0.0741465 0.00778008 0.0101387 
0.00156772 0.00541296 0.0019631 3.21992e-05 6.83239e-05 0.00233049 0.970098 3.78229e-06 0.000476673 7.202e-05 0.000163305 0.00118678 3.35544e-05 0.0162092 2.78289e-06 0.00037934 
0.0027298 0.000757055 0.0150149 0.00278253 2.83915e-08 0.000183804 0.915867 7.30124e-09 0.00135774 0.000101506 1.72917e-11 0.0295417 2.5354e-06 0.0294014 0.000203048 0.00205681 
0.0250371 0.08928 0.0785036 0.000879805 8.09674e-07 0.0269065 0.684883 5.63774e-05 0.0219539 1.0892e-05 0.00189182 0.0254871 9.148e-06 0.0450098 2.94259e-05 6.11701e-05 
0.00170333 0.00716616 0.000362892 5.79289e-07 1.59819e-10 0.0532742 0.918928 7.68626e-05 0.00716245 0.00018662 0.000415217 0.00133608 6.77599e-06 0.00871686 8.66902e-09 0.000664055 
0.0978692 0.000379832 0.000960162 1.33985e-11 1.06624e-11 0.00233368 0.880154 3.70575e-06 7.42705e-12 9.60466e-06 0.000775835 0.00407067 1.43341e-05 0.000407245 0.011241 0.0017809 
0.00845169 0.0691753 0.0143579 3.79185e-07 0.00015939 0.0606785 0.535486 1.51239e-06 0.00281006 1.02424e-05 0.0888183 0.000871801 0.0862912 0.130365 0.0018227 0.000700118 
0.0844373 0.146983 0.221094 8.71932e-07 2.01997e-05 0.0477863 0.307851 0.00583826 0.0521403 0.00566248 0.0278939 0.00356304 0.00689042 0.0800766 0.000864072 0.00889791 
0.00205656 0.0587722 0.0151851 0.00357657 2.38899e-06 0.00601996 0.772304 3.16722e-08 0.000488082 0.000142135 0.000608359 0.01512 1.19823e-08 0.124217 3.53795e-05 0.00147258 
0.0170719 0.0187163 0.0517916 0.000350958 0.0038935 0.0913868 0.620789 0.00114798 0.0110048 0.0168603 0.00211124 0.0134007 0.00379756 0.133908 0.000878724 0.0128907 
0.00409394 0.0105183 0.144915 6.32894e-08 0.00474271 0.0178624 0.605075 4.62046e-07 0.000711677 8.43715e-06 0.00119887 0.00927485 8.73164e-06 0.187981 0.00114761 0.0124608 
0.114354 0.0205009 0.00475985 1.57094e-08 9.80048e-05 0.0836109 0.714122 3.19184e-07 1.48362e-06 0.0150321 0.0114655 0.0276806 0.000307248 4.22613e-06 2.15307e-06 0.00806133 
0.0441286 0.0320585 0.0197431 0.00133804 0.00226166 0.021044 0.639628 0.00248245 0.00699116 0.005426 0.00420616 0.0908588 0.0030807 0.077039 0.0418297 0.00788424 
0.000459589 0.0115474 0.0187136 1.31594e-11 0.00435205 0.0434131 0.852818 1.79812e-08 4.11356e-07 3.71224e-08 2.91537e-06 0.000208372 2.96338e-07 0.0665363 9.0664e-12 0.00194789 
0.00168136 0.0353495 0.0293502 8.25404e-06 0.00156539 0.119113 0.631449 5.57042e-05 0.077573 0.00128755 0.00204916 0.0158261 7.10624e-06 0.0792363 0.00370198 0.00174647 
0.122533 0.104465 0.0328805 0.000265489 9.05303e-05 0.0648633 0.327188 0.0648388 0.000133098 0.114527 0.00553964 0.0522772 0.00034631 0.017703 0.000390783 0.0919586 
0.00077466 0.0148841 0.00693039 2.05146e-08 9.55481e-05 0.00172853 0.901565 6.63575e-09 0.000639373 5.51053e-05 0.000608252 0.000591576 4.59546e-07 0.0676991 0.00230504 0.00212301 
8.59822e-07 0.000367528 0.00274922 1.73524e-06 2.69539e-07 0.41885 0.514848 6.86566e-07 0.00369517 2.01975e-09 8.89098e-05 1.3239e-05 1.34222e-06 0.0593684 1.24617e-09 1.43148e-05 
0.018088 8.6208e-07 3.9889e-08 3.07272e-08 0.000183688 0.0233132 0.771441 5.79109e-09 8.60197e-13 0.000242979 0.000428199 0.14981 8.41236e-09 1.17947e-06 0.0364911 2.24256e-08 
0.000113549 0.0247056 0.00475263 5.09362e-08 0.10129 0.00117787 0.666772 1.69333e-09 0.095726 0.0039362 1.88887e-05 0.0829175 2.21535e-07 0.00779753 0.00328331 0.00750872 
0.0410835 0.032264 0.00585437 0.000666162 0.00106141 0.00399634 0.620718 3.31024e-07 0.00171823 0.000267726 2.62627e-05 0.143829 1.22573e-05 0.117876 0.00492798 0.025699 
0.0232074 0.272146 0.106111 3.30254e-06 0.00023185 0.0283361 0.272678 0.000192316 0.00064442 0.000529506 0.0037938 0.0838394 0.000157381 0.130145 0.000497167 0.0774879 
0.00485989 0.0478508 0.0840661 1.34456e-10 4.77357e-08 0.0291063 0.406245 5.25795e-06 0.00057538 0.000200663 0.0228517 0.000864905 6.13588e-05 0.188221 2.0606e-06 0.21509 
0.0553153 0.0237437 0.0175068 0.000637994 2.12755e-05 0.00490386 0.786791 0.0105226 0.00130117 0.000543665 0.00418957 0.0435369 0.00109622 0.026417 0.0136604 0.00981303 
0.0211652 0.00141001 0.000997355 5.02344e-06 0.00140157 0.00326459 0.905614 1.47838e-08 0.000430308 0.000270607 0.0123568 0.033918 8.57073e-05 0.0188086 0.000200559 7.12293e-05 
0.0433182 0.0598931 0.0388714 0.00050367 0.00277341 0.00373101 0.43787 3.35672e-05 0.00720576 0.00668332 0.00391269 0.164473 0.000971094 0.124984 0.0792665 0.0255097 
0.0295665 0.00559963 0.024801 2.90458e-11 1.7763e-05 0.00141364 0.746853 0.000561859 0.000409917 0.000362486 0.0211004 0.135059 0.0027743 0.00810676 0.0132193 0.0101536 
1.824e-07 0.000283105 0.0919234 1.55064e-09 3.49474e-06 0.181066 0.475969 6.78532e-08 8.90001e-08 1.73154e-09 5.75503e-05 0.0116934 6.06099e-08 0.238554 1.06834e-09 0.000450417 
0.0136481 0.0413243 0.0300905 5.692e-05 0.00298374 0.0364551 0.566627 0.000701763 0.00210323 0.148937 0.00476003 0.0890472 0.000172011 0.056362 0.00217967 0.00455218 
0.000154534 0.0452092 0.0111722 3.99707e-07 3.34611e-05 0.0274622 0.788166 0.00209806 0.00533683 9.02394e-05 0.000223872 0.0168961 1.0933e-10 0.0668807 0.000238308 0.0360377 
0.000989401 0.171045 0.0152167 4.29741e-11 9.18723e-07 0.0366382 0.7309 6.8496e-09 0.00111496 7.8395e-08 0.000614884 0.00015503 8.46275e-08 0.0422719 0.000928437 0.000124654 
0.0457153 0.0210518 0.0171381 1.88799e-06 0.00131252 0.238914 0.344361 7.21571e-06 0.063035 0.000310686 0.014166 0.089809 1.85145e-05 0.158068 9.78369e-05 0.00599312 
0.290186 0.014999 0.0131942 6.6129e-09 0.0144811 0.0310976 0.415306 3.93939e-05 0.00223941 0.00312717 0.00426394 0.0199142 6.78695e-05 0.116977 0.000174895 0.0739319 
0.0249491 7.062e-08 1.15573e-07 1.4587e-11 1.16082e-11 0.00257164 0.954181 2.43612e-08 8.0859e-12 3.09648e-08 2.57738e-07 0.00415083 9.54295e-06 6.80559e-08 0.0122725 0.00186492 
0.0178389 0.0342367 0.0270434 3.31106e-06 0.000384969 0.0571718 0.643807 6.57542e-07 0.000137546 5.80974e-05 0.00116076 0.0514889 4.05831e-06 0.153052 0.000330881 0.0132814 
0.0313977 0.090038 0.0209178 0.00111411 0.00162806 0.00282316 0.436027 0.000515856 0.00399979 0.00668138 0.00276954 0.0319944 1.00857e-05 0.026722 0.00215135 0.34121 
0.0229561 0.0648758 0.0370922 2.38111e-06 0.000525304 0.0385824 0.53661 1.25928e-06 0.000106842 0.000709061 0.0218837 0.0894104 4.07617e-06 0.160675 0.000482016 0.0260836 
0.00409614 0.0112737 0.00167059 1.20706e-05 0.000101459 0.00610747 0.673265 1.76649e-09 5.71256e-12 1.17679e-06 0.11381 0.172463 0.000504054 0.0105031 0.00617687 1.49888e-05 
0.0249491 7.062e-08 1.15573e-07 1.4587e-11 1.16082e-11 0.00257164 0.954181 2.43612e-08 8.0859e-12 3.09648e-08 2.57738e-07 0.00415083 9.54295e-06 6.80559e-08 0.0122725 0.00186492 
0.0478441 0.0845094 0.0813725 0.00173516 0.00120516 0.0536681 0.532837 0.000152556 0.00416006 0.00470644 0.00375706 0.0523291 0.0246457 0.0922621 0.00416385 0.0106519 
0.0101135 0.0952871 0.00851583 2.81547e-06 0.00271642 0.0180053 0.51286 2.11092e-07 0.00288392 0.000202835 0.00135784 0.255466 0.000552283 0.0781586 0.000203441 0.013674 
0.00083804 0.134232 0.0191676 0.000780275 4.03425e-05 0.112549 0.426418 0.000126254 0.00104079 0.00971462 0.00307379 0.0357929 0.0213097 0.225355 0.00671744 0.00284363 
0.00264916 0.00419277 0.00614135 1.8174e-11 4.94112e-05 0.00437797 0.934633 6.04252e-08 3.62302e-08 5.75067e-08 1.49102e-06 0.000155585 5.15793e-12 0.0451009 0.00181628 0.000881814 
0.0414736 0.0105339 0.0171875 0.000397968 0.000853391 0.0327299 0.356682 0.00592317 0.0135815 0.0173714 6.6263e-05 0.291697 3.00291e-05 0.184649 0.0175014 0.00932167 
0.0451312 0.223098 0.00882665 4.31491e-06 9.07781e-06 0.019593 0.326636 0.000197681 0.00499674 0.0172961 0.000126476 0.0371147 4.29408e-05 0.0575234 0.000545428 0.258858 
0.0138097 0.0226851 0.0196249 0.000232635 0.000889252 0.0169911 0.614566 1.85594e-05 0.00190799 0.00103784 0.0106429 0.20761 0.000455464 0.0570667 0.0255139 0.00694735 
0.00552809 0.000874973 0.0279767 1.79928e-09 1.22775e-05 0.0189593 0.851389 1.98059e-08 0.0141548 0.000606387 0.000393688 0.000364328 8.71611e-06 0.0476174 2.88926e-06 0.0321112 
0.00450953 0.0144253 0.195144 1.16403e-06 0.0027858 0.201683 0.306961 9.66309e-06 0.000679704 3.40591e-06 6.95704e-05 0.0366552 5.40038e-05 0.136583 2.04472e-05 0.100415 
0.035489 0.0484622 0.00994582 2.04002e-07 0.120982 0.00228714 0.35539 0.00132624 2.04107e-07 2.03973e-07 0.00634823 0.0464564 2.04173e-07 0.0184009 0.352583 0.00232805 
0.000458812 0.0267014 0.0129353 1.16619e-10 0.000117345 0.00301814 0.941041 2.90991e-09 5.46724e-06 3.51036e-08 0.000213531 1.03591e-05 2.47736e-06 0.0154628 5.69678e-08 3.30017e-05 
0.000198957 0.00416016 0.00178914 2.10083e-07 0.00136546 0.000163065 0.869729 1.93044e-08 0.00215849 1.43549e-05 2.04383e-05 0.0847044 7.11129e-09 0.00323107 0.0318496 0.000616 
0.0249491 7.062e-08 1.15573e-07 1.4587e-11 1.16082e-11 0.00257164 0.954181 2.43612e-08 8.0859e-12 3.09648e-08 2.57738e-07 0.00415083 9.54295e-06 6.80559e-08 0.0122725 0.00186492 
0.00897228 0.140722 0.0162698 1.43351e-06 2.31877e-05 0.0194544 0.761383 3.09523e-10 0.000489482 7.30678e-06 0.0010217 0.0343663 1.19732e-05 0.0168004 2.50266e-07 0.000476572 
0.0203439 0.189694 0.0606261 8.51837e-05 1.12785e-07 0.107338 0.207288 4.62085e-08 0.00111496 0.160585 0.164402 0.0256094 0.00197343 0.0515785 0.000300556 0.00906051 
0.0333336 0.095887 0.0248837 0.00786038 0.00257408 0.0439941 0.50601 1.22859e-05 0.00273619 0.00239555 0.0291228 0.125481 0.000784844 0.10751 0.0101097 0.00730501 
0.000989401 0.171045 0.0152167 4.29741e-11 9.18723e-07 0.0366382 0.7309 6.8496e-09 0.00111496 7.8395e-08 0.000614884 0.00015503 8.46275e-08 0.0422719 0.000928437 0.000124654 
0.0518699 0.017314 0.0124147 0.00116562 0.000670402 0.00170041 0.74733 0.000169447 0.00103062 0.00141 0.00253164 0.044501 0.00157766 0.0260664 0.0781179 0.0121301 
1.43181e-07 5.80066e-05 0.00549573 2.43828e-06 4.32282e-10 0.000665256 0.915094 5.33328e-10 3.26506e-06 0.000106664 2.83956e-10 0.0749596 1.59852e-08 0.00237303 3.84105e-05 0.0012037 
0.0415117 0.0507954 0.00954942 1.40477e-08 0.00139818 0.0131629 0.737973 5.98683e-05 0.00094949 0.0689623 0.0176927 0.00144037 0.000149929 0.0543124 0.00192424 0.000118529 
0.0165453 0.0851922 0.0688882 2.22426e-07 0.000802143 0.298681 0.423975 7.54804e-05 0.00897538 0.0146135 0.00837027 0.00134511 0.000130028 0.0702894 3.86457e-05 0.00207788 
0.0334402 0.00151362 0.0103501 4.76179e-10 0.00560474 0.074805 0.271587 2.26396e-08 0.0195983 2.94092e-05 0.00015862 0.197297 1.35144e-10 0.141209 0.243634 0.000773458 
0.0249491 7.062e-08 1.15573e-07 1.4587e-11 1.16082e-11 0.00257164 0.954181 2.43612e-08 8.0859e-12 3.09648e-08 2.57738e-07 0.00415083 9.54295e-06 6.80559e-08 0.0122725 0.00186492 
0.0114323 0.0105525 0.00279676 7.74208e-08 4.21324e-09 0.000718049 0.577963 2.92441e-07 3.29889e-11 6.0094e-08 3.66127e-05 0.0218475 1.50543e-09 0.374377 5.69077e-05 0.000218877 
0.000254082 0.0754368 0.0479822 4.0453e-10 0.000616842 0.00515001 0.61332 1.58797e-07 0.20392 0.00132585 3.64571e-05 0.0059828 1.15736e-08 0.0429146 2.78708e-10 0.00305994 
0.0249491 7.062e-08 1.15573e-07 1.4587e-11 1.16082e-11 0.00257164 0.954181 2.43612e-08 8.0859e-12 3.09648e-08 2.57738e-07 0.00415083 9.54295e-06 6.80559e-08 0.0122725 0.00186492 
0.00060842 0.0143727 0.00664503 4.17797e-08 9.1796e-05 0.00172873 0.89562 1.31693e-08 0.000639639 5.52572e-05 8.21432e-06 0.000591677 4.63624e-07 0.0745395 0.00297568 0.00212325 
0.0165332 0.00855475 0.0343175 0.0101866 0.000168629 0.0734209 0.651283 3.60744e-07 0.00515041 0.00022568 0.0105193 0.0157125 0.000181871 0.117803 0.0482944 0.00764763 
0.0733966 0.0763585 0.201608 9.70061e-06 0.000927084 0.161854 0.243857 0.00028024 0.00446299 0.00312249 0.0257887 0.0938763 0.000207442 0.0898646 2.234e-05 0.0243639 
0.00429086 0.119728 0.0446665 0.00054614 0.000458839 0.0497948 0.645784 0.000160045 0.015181 0.0123668 0.000834266 0.0290754 8.10795e-05 0.074562 2.2558e-05 0.00244731 
0.00921962 0.0238939 0.0727688 0.00223764 0.000824681 0.228958 0.483773 0.000460195 0.0124983 0.00264173 0.00229141 9.60277e-05 1.05016e-05 0.0518072 5.16541e-05 0.108467 
0.0152523 0.00293919 0.00261941 1.0262e-07 3.72718e-05 0.000374232 0.647783 0.00849493 0.00143268 4.82101e-05 0.010277 0.269297 2.74257e-07 0.0109704 0.0152749 0.0151998 
0.00552289 0.100078 0.0141997 2.84167e-06 2.99823e-06 0.0075332 0.515035 7.88459e-05 0.00032385 0.000161374 0.00262099 0.22862 0.0345908 0.0730336 0.0167692 0.00142768 
0.00734584 0.0235857 0.160318 8.09119e-05 0.00117939 0.0739454 0.532994 0.000215902 0.0101011 0.000183852 0.00115328 0.00343889 0.00326288 0.177595 0.00167089 0.00292876 
8.58928e-06 0.00683404 0.00735478 1.98919e-08 7.22978e-06 0.0331571 0.893996 1.953e-08 3.27627e-05 0.000318116 1.37801e-06 0.0549415 5.6455e-09 0.00333634 9.25862e-07 1.12233e-05 
0.0114415 0.036145 0.0355888 0.0323844 0.00990324 0.00715792 0.421556 1.78523e-05 0.00624058 0.000259333 0.00115888 0.0103575 0.0102331 0.414812 0.0015044 0.00123998 
0.00236489 0.0357881 0.0200992 0.00367615 0.0229474 0.0356715 0.457051 0.00227003 0.000789365 0.00261776 0.00114698 0.331488 0.00614468 0.0512659 0.00013889 0.0265405 
0.000121152 1.08675e-06 0.000659089 3.31091e-06 6.62584e-06 0.00955548 0.957921 9.11567e-10 0.00050735 5.94189e-05 1.04439e-09 2.84603e-07 1.07662e-07 0.0284781 6.39677e-10 0.00268728 
0.0185516 0.0818461 0.0622384 5.10678e-06 0.000982171 0.126767 0.309165 8.1881e-05 0.0860691 0.00351791 0.0166286 0.0294341 2.36879e-05 0.0598193 8.66571e-05 0.204784 
0.0121383 0.0315674 0.0669269 0.00131691 0.00451384 0.0246226 0.724748 0.0026238 0.0175717 0.0100524 0.00101216 0.0360682 0.000164713 0.0473252 0.000160876 0.0191868 
0.0108166 0.00758485 0.00338782 0.00121656 0.00158448 0.00030437 0.591916 1.88344e-05 0.015896 0.00437011 0.000502447 0.297477 0.00517893 0.0287781 0.0226764 0.00829182 
0.0215589 4.06237e-07 0.0143455 8.8797e-06 0.000981337 0.00112866 0.782388 5.08004e-05 0.01527 2.13828e-06 0.000632597 0.00750048 5.26196e-05 0.152771 1.86151e-07 0.00330842 
0.00818436 0.00578903 0.00614217 0.00951142 0.0011386 0.0192619 0.848333 4.1189e-06 0.00899411 8.17155e-05 0.000135288 0.0166914 7.55434e-05 0.0730398 6.07928e-07 0.002617 
0.0330497 0.0464564 0.0288144 0.0116024 0.00342115 0.0245067 0.585061 0.00046174 0.0100327 0.00103967 0.00395569 0.0535942 0.000315518 0.148589 0.0141982 0.0349022 
0.00122928 0.0407211 0.0354162 0.00355838 0.000560123 0.0685121 0.755621 4.93191e-07 0.016693 8.97879e-06 0.0188815 0.000558222 3.20114e-05 0.00705851 2.90158e-06 0.0511465 
0.00520972 0.032689 0.0590951 0.000112381 0.000354188 0.262151 0.421205 4.12208e-06 0.000543118 1.85837e-05 0.000751918 0.000877505 1.19681e-06 0.196354 2.60459e-05 0.0206066 
0.0228009 0.109642 0.0534837 7.60198e-07 4.35875e-05 0.0909305 0.359297 1.14313e-07 0.0867655 2.0209e-05 0.0004119 0.00537521 1.02698e-05 0.208486 8.13199e-06 0.0627242 
0.000458812 0.0267014 0.0129353 1.16619e-10 0.000117345 0.00301814 0.941041 2.90991e-09 5.46724e-06 3.51036e-08 0.000213531 1.03591e-05 2.47736e-06 0.0154628 5.69678e-08 3.30017e-05 
1.10963e-05 0.101002 0.0288654 0.00555404 1.10886e-05 1.10961e-05 0.59375 0.0343779 0.0244128 0.0110954 1.10921e-05 0.021095 0.00333964 0.138736 0.0377169 1.10965e-05 
0.0304696 0.00733591 0.0463554 6.05728e-08 0.000254796 0.0143286 0.585562 1.32245e-08 8.58012e-08 0.000111461 0.0028486 0.00138778 1.67967e-06 0.310077 1.01359e-06 0.00126527 
0.0934911 0.234955 0.050436 8.74435e-06 3.66924e-05 0.134107 0.245107 1.18221e-05 0.00309171 2.42123e-06 0.00793681 0.000405036 2.27644e-05 0.223138 0.00246076 0.00478865 
0.0116377 0.0506473 0.034497 0.000783775 0.00729972 0.0183637 0.703131 0.000340949 0.00940092 0.00112664 0.0108423 0.0515625 0.000155259 0.0871629 0.00140557 0.0116427 
0.035489 0.0484622 0.00994582 2.04002e-07 0.120982 0.00228714 0.35539 0.00132624 2.04107e-07 2.03973e-07 0.00634823 0.0464564 2.04173e-07 0.0184009 0.352583 0.00232805 
0.0518699 0.017314 0.0124147 0.00116562 0.000670402 0.00170041 0.74733 0.000169447 0.00103062 0.00141 0.00253164 0.044501 0.00157766 0.0260664 0.0781179 0.0121301 
0.0215774 0.116686 0.0099881 1.40342e-05 0.000683096 0.0395368 0.478965 7.28244e-06 0.000295274 0.00234182 0.00156092 0.196525 5.8783e-05 0.117708 0.00264134 0.0114115 
0.0249491 7.062e-08 1.15573e-07 1.4587e-11 1.16082e-11 0.00257164 0.954181 2.43612e-08 8.0859e-12 3.09648e-08 2.57738e-07 0.00415083 9.54295e-06 6.80559e-08 0.0122725 0.00186492 
