0.000105374 0.374415 0.248086 8.09326e-06 5.22557e-05 0.0173658 0.0305491 3.04224e-07 0.0196456 0.0119583 0.00343141 0.0176703 2.4593e-05 0.269338 0.0012663 0.00608321 
0.318823 0.247837 0.0565171 0.000954894 0.000957993 0.0384282 0.0671947 3.71941e-05 0.0397036 0.00206419 0.0254275 0.0143989 0.00199188 0.141646 0.00575062 0.0382669 
0.112942 0.161675 0.0350211 0.000355528 3.78756e-05 0.00849913 0.0607928 5.4638e-06 0.000255115 1.56606e-05 0.00038919 0.00827653 4.18563e-05 0.5839 0.00289799 0.0248948 
0.0123519 0.0578203 0.27929 0.00173861 0.00125527 0.132499 0.250704 6.87865e-06 0.00664372 0.00038823 0.000826985 0.00109766 6.4793e-05 0.227524 0.00292572 0.024864 
0.0199225 0.0895399 0.0187836 0.00150214 0.00146534 0.021515 0.484719 1.44464e-05 0.0134691 0.000301373 0.0023915 0.0496445 0.000149311 0.19376 0.000234319 0.102587 
0.00277568 0.0186928 0.000138574 3.74482e-06 0.000265702 0.000649858 0.0886041 2.35064e-06 3.21212e-05 1.79258e-05 7.32423e-05 0.0328324 1.05811e-05 0.0263061 0.829438 0.000156482 
0.13343 0.13467 0.0653051 1.90154e-05 0.0957752 0.0385254 0.0285415 3.01831e-06 0.00158613 8.30013e-05 0.00652542 0.0354318 0.000835564 0.449722 0.000230318 0.00931571 
0.110253 0.206682 0.160798 0.00267835 0.0017411 0.0957018 0.0527641 9.17326e-05 0.256903 0.00123427 0.00161722 0.00623558 0.000427458 0.0933415 0.00036715 0.00916306 
0.0283736 0.0299486 0.308168 0.000654538 0.00755603 0.00593858 0.0227486 1.57973e-05 0.0339122 0.000719684 0.0240563 0.0117189 0.0101871 0.0438433 0.00145971 0.470699 
0.00188201 0.0415282 0.139447 0.00159379 9.42908e-05 0.0219644 0.00596805 1.1334e-07 0.0164122 0.000167392 0.000815332 0.00336802 8.47012e-05 0.0161798 4.24303e-07 0.750494 
0.0124763 0.0613253 0.0179895 0.613959 0.00127842 0.00395252 0.113257 2.3528e-07 0.000159418 0.000376291 1.57454e-05 0.0710073 6.38128e-06 0.0981663 0.00568255 0.000347738 
0.046621 0.19795 0.207795 7.74029e-05 0.035474 0.226077 0.0331033 7.02586e-08 0.00128622 9.14182e-05 0.207666 5.10869e-05 3.62405e-05 0.0422535 0.000739964 0.000778379 
0.144857 0.0867551 0.00287346 7.60948e-05 2.08556e-05 0.000389509 0.0508115 3.61694e-06 0.00328203 0.000457369 5.58242e-05 0.00656383 3.40515e-05 0.639964 0.00274921 0.0611059 
0.548519 0.155136 0.00720967 0.000144215 0.000336889 0.00849946 0.0229571 1.39913e-05 0.0004604 0.000219489 0.0010845 0.0115897 0.000142778 0.237823 6.68756e-05 0.00579686 
0.214718 0.440046 0.0708328 0.00014676 0.00136272 0.00864803 0.061275 1.86198e-05 0.000579798 0.00025374 0.0458334 0.00366916 0.000104558 0.146566 2.77782e-05 0.00591757 
0.175683 0.119681 0.230782 0.000564644 0.119305 0.0593045 0.0793067 8.86724e-05 0.00363008 0.00324499 0.0160587 0.0103083 0.00450531 0.158755 0.00302089 0.0157618 
0.0256712 0.131564 0.306881 0.00384437 0.05349 0.198174 0.0152349 8.2356e-05 0.0055492 0.000508984 0.0255401 0.022322 0.000277021 0.117131 0.00510739 0.0886221 
0.000532106 0.077403 0.92179 1.96639e-06 2.57108e-06 1.50729e-05 1.1941e-05 1.47337e-07 2.32087e-06 1.47995e-06 4.60417e-05 2.07151e-06 2.97502e-06 0.000112388 4.42079e-05 3.12931e-05 
0.0438386 0.0335502 0.0163096 0.000173389 0.0120049 0.0109624 0.646011 7.10528e-05 0.00658575 0.0012321 0.00232797 0.126155 0.000551128 0.0621162 0.0147616 0.0233499 
0.0421743 0.36098 0.330641 0.000222362 0.00153429 0.0254664 0.037767 0.000113034 0.00732332 0.0128289 0.0483381 0.00521451 0.00964268 0.0967197 0.00222538 0.0188091 
0.0551084 0.0502496 0.0882921 0.000105407 0.603785 0.023357 0.0997603 8.76604e-06 0.00417955 0.000227681 0.000169346 0.00142961 0.0266296 0.0345522 9.96378e-05 0.0120455 
0.0161324 0.256983 0.193818 0.0282183 0.000384643 0.0934624 0.128873 4.99271e-12 0.0326942 0.000123138 0.000994131 0.00876415 9.68675e-05 0.229034 0.000610638 0.00981142 
0.00113118 0.0253722 0.0397872 0.00284695 0.00560521 0.0440688 0.770434 2.48363e-06 0.0019946 2.488e-05 0.00712569 0.0114863 0.000122261 0.066516 0.000498093 0.022984 
0.0194942 0.564427 0.190519 2.6871e-05 7.32499e-05 0.00695834 0.038767 2.87005e-07 0.000153484 0.000144157 0.000905233 0.0566708 5.96032e-06 0.109148 0.00970765 0.00299831 
0.0999436 0.0968792 0.007307 1.14889e-05 6.69538e-05 0.00879453 0.239725 1.65797e-06 0.000882913 1.90879e-05 0.000509685 0.00224016 4.59555e-06 0.540602 2.04647e-05 0.0029911 
0.070304 0.102083 0.197826 0.000257877 0.00189927 0.0818239 0.0397784 0.000236263 0.0104448 0.00678123 0.362356 0.0148976 0.00513127 0.0511135 0.0242457 0.0308203 
0.0487198 0.23782 0.309991 0.000126322 3.68928e-05 0.000661482 0.0283086 3.51522e-05 0.00200036 0.000933217 0.000824385 0.0756379 0.00568197 0.192665 0.00924197 0.0873165 
0.149543 0.0493749 0.233441 5.8007e-05 0.0261658 0.287591 0.145705 1.48053e-07 8.18158e-05 7.33476e-05 0.00717354 0.00166248 0.0072615 0.0885497 5.09081e-06 0.00331469 
0.0136522 0.0858083 0.320483 0.000473831 0.000894111 0.202582 0.0424032 8.36189e-05 0.0111999 0.00189029 0.187329 0.0821893 0.000627269 0.0291523 0.000202778 0.0210279 
0.0501476 0.0319226 0.249661 0.0389659 3.70398e-05 0.00515646 0.038818 5.19259e-06 0.41115 0.000672872 0.00196055 0.0183626 0.00234506 0.126463 0.000141134 0.0241917 
0.0364419 0.0202999 0.736028 2.62922e-05 0.00161697 0.0440707 0.0579522 6.34438e-07 0.00489619 2.10757e-06 0.000534299 0.00695861 2.67419e-05 0.0825065 0.000338251 0.00830068 
0.0599517 0.0327421 0.055113 0.0251699 0.580512 0.00667845 0.0538151 1.21197e-05 0.000477919 0.00021642 0.0133925 0.131734 0.000103501 0.0127235 0.000152294 0.0272055 
0.00314216 0.0216445 0.00303745 1.81321e-06 6.78887e-06 0.00166227 0.284372 8.52841e-07 0.000230833 0.00017656 5.06891e-05 0.16441 3.21111e-05 0.0411353 0.478867 0.00122976 
0.00501367 0.006032 0.00156907 4.19429e-12 2.90848e-05 0.000265193 0.043676 4.11798e-12 3.34291e-09 4.68358e-12 0.00760316 0.935717 3.34422e-05 2.2641e-07 8.96407e-09 6.15705e-05 
0.0565949 0.201336 0.557397 8.39307e-05 0.000160626 0.0391147 0.0335952 3.48185e-05 0.00184253 0.000110935 0.0147895 0.010373 0.00419141 0.0594193 0.00106588 0.0198903 
0.00257597 0.00914001 0.00328507 1.52026e-06 8.67944e-05 0.00381119 0.949827 9.92064e-07 0.00072216 8.77167e-05 0.000231808 0.00196799 4.24416e-05 0.027607 1.02861e-06 0.000611068 
0.00257122 0.0239241 0.00502955 1.69287e-05 0.000733948 0.00396341 0.0898853 4.9249e-08 0.000782984 6.8174e-06 0.00717481 0.849333 7.96811e-05 0.0153267 0.000135807 0.00103553 
0.00406767 0.00435145 0.000639015 2.12828e-07 0.00227546 0.000165013 0.295644 1.81784e-08 0.0139418 3.98913e-08 3.52433e-05 0.00971867 3.77571e-08 0.00982222 0.65909 0.000249225 
0.00996402 0.0780161 0.139638 0.00186241 0.00138676 0.213491 0.1798 4.50859e-07 0.0808737 0.0270026 0.10499 0.000197275 0.000142395 0.145602 0.00566985 0.0113633 
0.0124763 0.0613253 0.0179895 0.613959 0.00127842 0.00395252 0.113257 2.3528e-07 0.000159418 0.000376291 1.57454e-05 0.0710073 6.38128e-06 0.0981663 0.00568255 0.000347738 
0.0219279 0.172579 0.2138 0.0322716 0.00386515 0.0351693 0.171416 1.63734e-07 0.144797 0.00266861 1.63823e-07 0.0123249 1.63868e-07 0.15819 0.00343978 0.0275497 
0.00407591 0.0722123 0.6998 4.93557e-05 1.15746e-05 0.00068173 0.000724737 4.70069e-07 0.0010005 2.72715e-05 0.00106232 2.64735e-05 0.00114711 0.203082 0.000522266 0.015576 
0.00613865 0.0414573 0.236725 3.22623e-09 0.00267237 0.00294532 0.358985 1.71195e-09 0.0382111 3.11945e-08 0.00332838 0.274267 3.58119e-06 0.0347295 5.22531e-06 0.000532408 
0.28442 0.0200726 0.435467 0.000121437 1.83682e-05 0.000152194 0.0125474 1.25542e-05 0.00041458 6.3354e-05 0.000615124 0.0179697 0.0774402 0.120419 0.00492702 0.0253386 
0.0955718 0.26285 0.0486769 0.00037092 0.000653577 0.0146784 0.0682955 6.16849e-05 0.00162232 0.000400147 0.0193785 0.0241062 0.00168569 0.445891 0.000967219 0.0147899 
0.00277568 0.0186928 0.000138574 3.74482e-06 0.000265702 0.000649858 0.0886041 2.35064e-06 3.21212e-05 1.79258e-05 7.32423e-05 0.0328324 1.05811e-05 0.0263061 0.829438 0.000156482 
0.284147 0.0191924 0.00378081 6.14478e-12 0.0571387 0.000495419 0.00176207 6.03299e-12 0.000690958 1.7687e-05 0.00100345 0.000634664 0.000352683 0.629342 6.57117e-05 0.00137733 
0.164671 0.0579004 0.160481 2.4038e-07 0.000472686 0.0411488 0.21923 2.82721e-08 0.0033129 0.000212636 3.61874e-05 0.00928032 7.66212e-05 0.287531 0.00138879 0.0542577 
0.0678792 0.0531354 0.00478862 1.96361e-05 0.00103751 0.0109369 0.422444 9.5538e-06 0.00340019 0.00150403 0.00481608 0.0898471 0.000725218 0.0773743 0.256248 0.00583385 
0.00660438 0.411265 0.0258789 0.000288609 8.4068e-06 0.00164372 0.0281208 1.38739e-06 0.00150631 4.06374e-05 0.000898141 0.0393455 3.76333e-05 0.218362 0.00025283 0.265746 
0.0517803 0.348347 0.224098 0.00111154 0.00169112 0.0184994 0.0478148 0.000194114 0.00990304 0.00232621 0.00697649 0.0138572 0.00286485 0.220775 0.00183333 0.0479275 
0.364948 0.0878695 0.0775487 1.06892e-12 2.53497e-08 4.19006e-05 0.000696878 1.04947e-12 1.05932e-06 1.27728e-08 0.000401929 3.13922e-05 4.02268e-08 0.449123 2.20941e-08 0.0193373 
0.052074 0.136042 0.444052 0.000412744 0.000179529 0.0344728 0.0122439 1.53933e-05 0.00122813 0.000314093 0.029624 0.0616655 0.00515178 0.136475 0.000163497 0.0858858 
0.0688192 0.0907849 0.232746 0.00982117 0.000588878 0.0100076 0.153843 1.73209e-05 0.00515045 0.000650539 0.0209409 0.00328653 0.00636834 0.369036 0.0057705 0.0221684 
0.0353576 0.129213 0.211501 0.00109643 0.000727155 0.0324655 0.0867346 0.000172741 0.00478201 0.00247291 0.00365942 0.00643222 0.000662793 0.384724 0.0006219 0.0993766 
0.00512454 0.158668 0.226519 4.71138e-05 0.000817431 0.273153 0.175217 5.55505e-06 0.00446084 0.00166593 0.00864669 0.019825 6.92575e-05 0.101169 0.000358838 0.024253 
0.0124763 0.0613253 0.0179895 0.613959 0.00127842 0.00395252 0.113257 2.3528e-07 0.000159418 0.000376291 1.57454e-05 0.0710073 6.38128e-06 0.0981663 0.00568255 0.000347738 
0.377558 0.167625 0.139465 0.00030987 0.000321851 0.00606914 0.0115409 5.07656e-05 0.00504565 0.000666132 0.00103198 0.00106183 6.01006e-05 0.270984 0.000379699 0.0178311 
7.30973e-11 1.25906e-06 5.14945e-07 2.95576e-12 2.8456e-09 1.86559e-05 0.000545319 2.90199e-12 4.52895e-05 1.0277e-09 0.999023 0.000330805 2.57057e-05 5.5076e-09 5.21058e-09 9.46283e-06 
0.0152903 0.437361 0.23376 0.000185825 0.00158773 0.0565913 0.0307513 0.000156934 0.024334 0.000495393 0.00575215 0.071071 0.0144108 0.092128 0.0073754 0.00874821 
0.0106167 0.0932686 0.00183647 3.36209e-07 0.00298042 0.0124421 0.00145426 7.96517e-11 5.96786e-07 9.05917e-11 0.000606546 1.05033e-07 0.000260404 0.833728 1.66847e-07 0.042805 
0.0508256 0.285469 0.32271 0.00234107 0.0226188 0.0459286 0.0897233 2.67851e-05 0.0506188 0.000215711 0.00447997 0.0151954 0.000494639 0.0543336 0.000405502 0.0546128 
0.00893711 0.040424 0.0407761 2.65131e-06 0.000594693 0.442281 0.314161 2.13765e-08 0.000987271 0.000560143 0.0106732 0.0666088 0.000219988 0.0662821 0.00201467 0.00547798 
0.00136566 0.0150734 0.00107145 0.00282692 0.000295876 0.0207932 0.0551342 6.05975e-11 0.871529 0.0010884 0.00101581 0.00231523 1.10745e-05 0.0255687 0.00020453 0.00170669 
0.000235908 0.07364 0.0213954 1.54963e-06 0.00255807 0.0283449 0.0849119 4.16599e-10 1.55597e-06 4.73819e-10 0.746132 0.0208255 0.000279861 0.0212838 0.000183595 0.000205675 
0.00126898 0.0392068 0.0255054 0.000301671 3.24856e-06 0.00301245 0.0631374 6.1517e-09 0.00365426 5.22922e-05 0.000294413 0.00244002 1.67109e-06 0.658118 0.00049576 0.202507 
0.0134382 0.0302937 0.618385 9.1173e-07 5.66198e-06 0.0372721 0.00595952 1.54104e-09 5.37965e-05 1.33117e-05 0.026164 5.2814e-05 6.87041e-09 0.264659 0.00107886 0.00262307 
0.0921615 0.00837036 0.238611 0.000972316 0.0387358 0.125443 0.261473 2.71779e-05 0.0447902 0.0047244 0.0381248 0.00133054 0.0149095 0.112018 0.000166785 0.0181412 
0.0102051 0.0903419 0.0922462 1.11839e-06 0.00175346 0.0833514 0.0123674 2.37559e-08 0.00246824 9.69794e-07 0.192676 0.000275071 4.53314e-05 0.510931 0.000145576 0.00319089 
0.312262 0.00576051 0.0084214 4.5361e-10 0.0171729 0.0880266 0.148005 4.45357e-10 0.0162823 0.000446494 0.0423993 0.00130291 0.00122196 0.357198 2.03415e-05 0.00148017 
0.001782 0.019329 0.152609 5.00709e-05 4.65761e-05 0.680766 0.0761658 4.97715e-06 0.000920338 7.32832e-06 0.00110059 0.000359409 9.46755e-05 0.0590967 0.00189932 0.00576726 
0.00831053 0.172499 0.368737 6.00951e-05 5.08794e-05 0.0766121 0.0250631 1.19618e-05 0.000762622 0.00160755 0.0101918 0.00190034 0.0106297 0.172202 0.00251806 0.148844 
0.0124763 0.0613253 0.0179895 0.613959 0.00127842 0.00395252 0.113257 2.3528e-07 0.000159418 0.000376291 1.57454e-05 0.0710073 6.38128e-06 0.0981663 0.00568255 0.000347738 
0.00165714 0.00329198 0.173721 2.91689e-05 0.000463267 0.00504296 0.00374185 8.91659e-07 0.00823334 3.76058e-05 0.797377 1.05179e-05 2.28327e-05 0.00413924 7.59011e-05 0.00215544 
0.0151939 0.0421049 0.037664 0.00130518 0.00220947 0.0121806 0.759151 2.91812e-05 0.0236789 0.00563235 0.00189241 0.0153684 9.90754e-05 0.06464 0.00222466 0.0166256 
0.0820752 0.183803 0.0167025 9.31198e-05 0.0274786 0.04841 0.0886465 5.84873e-07 0.00276799 8.83572e-05 0.00687044 0.0357525 0.000423051 0.50296 0.00040946 0.00351831 
7.30973e-11 1.25906e-06 5.14945e-07 2.95576e-12 2.8456e-09 1.86559e-05 0.000545319 2.90199e-12 4.52895e-05 1.0277e-09 0.999023 0.000330805 2.57057e-05 5.5076e-09 5.21058e-09 9.46283e-06 
0.0650339 0.504331 0.0704482 0.000318919 0.00118412 0.027557 0.0689803 0.000172279 0.0121443 0.00139761 0.0425673 0.112876 0.000813847 0.0491518 0.0179253 0.0250991 
0.0191828 0.142646 0.0952927 9.53548e-05 0.000896404 0.093449 0.180976 6.70854e-05 0.0149466 0.000612924 0.196631 0.0235641 0.00874521 0.18518 0.000350794 0.0373634 
0.000174291 0.149251 0.0259537 1.51103e-07 0.00345374 0.517544 0.138494 6.11309e-10 0.0551301 2.24775e-06 0.00138004 0.000908461 5.0458e-08 0.107673 2.46895e-05 1.05272e-05 
0.000685831 0.0332229 0.00714677 2.89439e-12 1.52833e-05 0.00103868 0.0159513 2.84173e-12 5.64978e-08 3.23204e-12 6.26938e-09 0.0208646 5.88577e-05 0.172062 3.29986e-09 0.748954 
0.00274857 0.000443038 0.00107367 0.0246703 4.95367e-05 3.379e-05 0.728991 6.57401e-11 0.0671392 1.06159e-05 2.06885e-08 0.0359776 2.32467e-08 0.00155847 0.135134 0.00217017 
0.0128236 0.373742 0.0500992 7.13756e-08 1.13938e-05 0.00261599 0.164196 6.94534e-09 1.47677e-05 3.51041e-06 3.17472e-05 0.0876374 0.000185457 0.304591 3.46076e-05 0.00401306 
0.00054628 0.000351213 0.00761479 0.00666243 0.00210707 0.00440093 0.935868 3.54241e-09 0.000433355 5.1674e-06 0.00135788 0.0118996 1.81754e-05 0.0275506 0.000425642 0.000759298 
0.00501367 0.006032 0.00156907 4.19429e-12 2.90848e-05 0.000265193 0.043676 4.11798e-12 3.34291e-09 4.68358e-12 0.00760316 0.935717 3.34422e-05 2.2641e-07 8.96407e-09 6.15705e-05 
0.0364614 0.157512 0.1083 9.25112e-05 0.00128434 0.0218454 0.0267446 2.54017e-05 0.000185139 0.000240226 0.00282625 0.0268596 0.000628713 0.131784 0.000179959 0.485031 
0.148308 0.12249 0.0779531 0.00367642 0.0021499 0.0475942 0.119076 2.34631e-05 0.0123124 0.000177177 0.0021651 0.0108036 0.000165942 0.438852 0.00565338 0.00859969 
0.0506856 0.288305 0.018166 0.000145871 0.00021626 0.00970017 0.0103942 4.84326e-05 0.000873174 7.63245e-05 0.000636854 0.0133544 9.27514e-05 0.50554 9.57482e-05 0.101669 
0.000189369 0.0872273 0.0432437 0.075561 3.23101e-05 0.549781 0.10882 1.41727e-06 0.000232739 1.48606e-05 0.00442977 0.00307591 1.15389e-05 0.127312 4.44192e-05 2.26645e-05 
0.040981 0.0177303 0.0137521 6.40834e-05 0.00013423 0.000378829 0.00500692 1.29178e-06 3.2425e-05 0.735124 0.000373718 0.0216366 1.79457e-05 0.121592 0.000149276 0.0430252 
0.132104 0.133358 0.061571 0.00598182 0.000566498 0.0313443 0.0797499 8.68312e-06 0.0164539 0.00360351 0.0200989 0.0178223 9.79341e-05 0.445318 0.0022638 0.0496564 
0.00992257 0.0310809 0.0105458 1.85039e-05 1.26756e-05 0.85656 0.0451429 4.21555e-06 1.0258e-05 0.00140183 3.40466e-05 0.00521299 0.000189705 0.0321376 0.000822843 0.00690288 
1.57766e-07 0.070552 0.090779 3.24722e-05 8.82486e-05 0.74712 0.0365981 1.83478e-08 0.00270731 0.000679712 1.44442e-05 0.0136883 1.21311e-05 0.013504 0.000263953 0.0239605 
0.408594 0.116094 0.180107 0.00614199 5.4941e-05 0.0111737 0.0622887 1.09448e-05 0.00555443 0.000847356 0.00396536 0.00359412 2.19184e-05 0.189409 8.18663e-05 0.0120613 
0.000418479 0.187157 0.368105 0.00096341 0.0507529 0.0143589 0.109964 3.21054e-06 0.0149538 2.04918e-05 0.0296389 0.0239408 0.000121201 0.174994 7.41693e-06 0.0245998 
0.00204309 0.502718 0.292012 5.58753e-05 0.000154152 0.0166809 0.016675 2.16982e-06 0.00238367 1.31024e-05 0.000419597 0.00109101 0.000210656 0.0518378 0.000554115 0.113148 
0.0063912 0.0507031 0.00545909 1.62052e-05 0.0018694 0.00537974 0.132078 1.42646e-07 0.00105839 1.90295e-05 0.0198587 0.75886 0.000232382 0.0172175 0.000385984 0.000472038 
0.0301882 0.055797 0.0266078 0.00391402 0.0017387 0.5244 0.258073 1.03777e-05 0.00676856 0.000735643 0.0144767 0.00441051 0.00116243 0.0631542 0.000661303 0.00790178 
0.34749 0.0281638 0.0306265 5.84059e-05 3.19417e-06 6.16167e-06 0.0495772 1.72556e-07 7.27931e-05 7.37438e-06 0.000161594 4.29092e-05 5.22814e-06 0.473067 5.8899e-05 0.0706585 
0.0342716 0.0214934 0.0507518 0.000930549 0.000937507 0.00413144 0.116529 7.93644e-08 0.320769 0.0003356 0.000255044 0.00881418 0.00184331 0.427506 0.00451553 0.00691653 
0.0157367 0.0278258 0.181341 1.14458e-06 9.7373e-05 0.00789961 0.123475 6.20206e-07 0.161426 0.000593963 0.000224731 0.216473 1.84397e-05 0.196566 2.85689e-05 0.0682916 
0.00227185 0.0152956 0.000113501 3.11044e-06 0.000218029 0.000532086 0.0808982 1.96393e-06 2.63808e-05 1.48117e-05 6.00749e-05 0.0268655 8.69722e-06 0.0215249 0.851967 0.000197993 
0.136163 0.102465 0.0280118 0.000641176 0.00804269 0.000727715 0.0149085 5.79584e-07 0.000216652 0.000163286 0.00106896 0.00107571 2.11531e-05 0.702569 0.00307058 0.000854412 
0.0135405 0.00537546 0.677551 2.20814e-06 1.92422e-06 0.00960485 0.153643 2.03127e-07 0.0222455 0.000182701 0.000651111 0.000363075 7.35905e-05 0.0254659 0.000572763 0.090726 
0.00902814 0.146447 0.330613 0.0007908 0.00830948 0.047968 0.0477425 0.000148259 0.0163494 0.0032499 0.00737923 0.0284381 0.00109157 0.300228 0.00274398 0.0494724 
0.25591 0.0583765 0.340896 0.000390367 0.0648927 0.0211348 0.0405418 4.9831e-06 0.00531075 0.00762831 0.00518872 0.0199255 0.000456792 0.137832 0.0062652 0.0352455 
0.00941788 0.0666715 0.621023 0.00017364 0.00134311 0.0589855 0.0322909 8.21551e-07 0.0010102 0.0144099 0.00214015 0.000176756 8.20504e-05 0.186328 5.81991e-06 0.00594057 
0.00108036 0.0166109 0.00592493 1.23401e-05 1.61955e-05 0.018511 0.131422 1.22795e-05 0.00156842 0.00425578 0.000216458 0.0238895 0.000272531 0.0596463 0.000678844 0.735882 
5.24955e-07 0.12527 0.0666727 2.13633e-07 2.30121e-07 0.716238 0.00468206 8.1581e-10 0.000208441 1.00313e-06 0.0027579 0.00089536 1.17798e-07 2.78625e-06 5.78484e-07 0.0832698 
0.0791573 0.142769 0.238819 0.00117419 0.001218 0.0361621 0.0547599 0.000186894 0.0112336 0.00188605 0.00597712 0.0110326 0.00453286 0.298829 0.0045471 0.107715 
1.33428e-07 1.98854e-06 0.00737204 1.85751e-10 6.13447e-07 0.00328636 2.44319e-06 1.82372e-10 1.0969e-06 2.07421e-10 4.14387e-07 0.00051599 7.92794e-09 3.68693e-06 7.65948e-09 0.988815 
0.00821724 0.0647605 0.00701882 2.08341e-05 0.00239373 0.00656844 0.13703 1.83317e-07 0.00136079 2.44652e-05 0.025472 0.723755 0.000298775 0.0221368 0.000335126 0.000606903 
0.0421202 0.0700245 0.221776 5.85856e-07 5.11486e-07 0.000261542 0.0370929 4.25923e-08 0.00351826 0.431457 0.000283015 0.0109024 3.59163e-05 0.0432514 0.0116834 0.127592 
0.0289252 0.319013 0.131848 0.00965205 6.74533e-05 0.0921683 0.0997467 5.03531e-06 0.00578201 1.56585e-05 0.000713886 0.000385688 0.00010917 0.292521 2.02477e-05 0.0190274 
0.204054 0.0477686 0.165297 0.000869769 0.00220872 0.0022362 0.109858 4.01593e-05 0.00280434 0.000186108 0.060197 0.00265804 0.0193353 0.332471 0.0370979 0.0129175 
0.00317515 0.0292157 0.0631158 2.4787e-05 8.38021e-05 0.0195137 0.577061 4.03574e-06 0.000735262 0.000227677 0.00334604 0.000503796 1.34377e-05 0.286346 0.00588925 0.0107452 
0.0175745 0.0651561 0.0446046 0.000240158 0.0896217 0.0981727 0.130348 7.02732e-05 0.00114573 0.000327174 0.000466018 0.000330759 8.35705e-05 0.4742 0.000749645 0.0769088 
0.00173427 0.109756 0.0631894 0.0103527 4.44476e-05 0.421099 0.252818 2.1427e-06 0.00348021 7.89074e-05 0.0192593 0.0237559 0.000151736 0.0904119 0.000121884 0.00374473 
0.0128736 0.056803 0.00219893 4.62408e-05 0.000776553 0.0159849 0.176743 1.20891e-07 1.35972e-06 5.51356e-06 2.6836e-07 0.208413 4.68319e-05 0.241452 0.0629771 0.221678 
0.196192 0.0887663 0.126863 0.000372009 0.000770207 0.0343104 0.28239 6.63764e-05 0.0100081 0.00223209 0.0202169 0.057937 0.015026 0.159715 0.0022727 0.00286235 
0.479078 0.110102 0.0134533 9.39728e-05 0.00174077 0.0392615 0.0379263 6.52882e-05 0.00345053 0.000363575 0.00106761 0.00526491 0.000962846 0.091826 0.000203301 0.21514 
0.0133472 0.00280747 0.000872803 0.000317208 0.241193 0.0040207 0.13152 7.76472e-06 0.443615 0.00167174 3.68683e-05 0.00396878 0.0200748 0.135663 0.00019971 0.000683123 
0.0484601 0.0873189 0.0371488 0.000270269 0.00124628 0.0516803 0.557109 4.58714e-05 0.00552664 0.00350199 0.00503674 0.0831315 0.000839287 0.0711678 0.042499 0.00501694 
0.0602943 0.00456215 0.00657231 1.41996e-05 0.000155697 7.38016e-05 0.00531542 1.07355e-08 1.30472e-07 0.724459 0.000255482 0.0213611 1.38349e-05 0.123371 0.00022091 0.0533301 
0.0120869 0.019277 0.00566445 7.39215e-08 4.9346e-07 0.952206 0.00418614 6.24641e-10 1.93575e-06 7.10434e-10 0.0034118 1.77143e-07 0.00095152 0.00204645 4.36919e-07 0.00016672 
0.0459692 0.115884 0.0558435 0.00047409 0.00222706 0.0136872 0.267597 7.85223e-07 0.00141381 0.000181829 0.00164159 0.0341312 1.51522e-05 0.440046 0.00124724 0.0196407 
0.269204 3.10091e-07 0.0782854 5.75278e-11 0.000382796 0.000334111 0.00147985 5.64812e-11 0.000119638 2.50828e-08 0.000525903 3.07408e-08 7.88166e-08 0.647539 0.000481544 0.00164748 
0.0257225 0.514039 0.0304915 4.34841e-05 0.000978137 0.0464233 0.0572991 6.78338e-06 0.000997084 0.000439292 0.00447889 0.0216741 0.000143936 0.291143 0.000246338 0.00587331 
0.00981104 0.305803 0.523619 2.84544e-05 4.81009e-05 0.000233451 0.00147779 3.38931e-06 1.25824e-05 1.24519e-05 0.00919106 0.000259234 5.51746e-06 0.080799 0.00021682 0.0684797 
0.00382735 0.0564717 0.0409525 0.0056638 0.000336678 0.0162496 0.683093 2.53563e-05 0.00224711 0.000178717 0.00113989 0.0493393 0.000100121 0.124968 0.0075021 0.00790541 
0.0107548 0.0385345 0.160426 0.224295 0.000137724 0.0244018 0.0150886 1.89961e-05 0.0246351 0.000187082 0.00226557 0.0082329 4.70091e-05 0.0821769 9.89212e-05 0.4087 
0.0599517 0.0327421 0.055113 0.0251699 0.580512 0.00667845 0.0538151 1.21197e-05 0.000477919 0.00021642 0.0133925 0.131734 0.000103501 0.0127235 0.000152294 0.0272055 
0.0270874 0.118719 0.648904 4.05666e-06 4.8899e-05 0.00236338 0.0112709 3.2255e-06 0.00488889 0.000163111 0.00911572 0.00084727 0.00681674 0.145347 0.000219369 0.0242008 
0.00191293 0.00364588 0.00304253 0.0177299 0.00282323 0.0275409 0.846241 2.34565e-07 0.00580565 0.00364302 5.15429e-05 0.00678115 0.0179014 0.0599 0.00111259 0.001868 
0.0641952 0.523199 0.126707 4.95729e-08 0.000125408 0.0266958 0.00834843 2.53936e-08 0.0177532 0.00807651 6.75718e-06 0.000578585 8.83171e-05 0.159645 3.80271e-05 0.0645425 
0.00257597 0.00914001 0.00328507 1.52026e-06 8.67944e-05 0.00381119 0.949827 9.92064e-07 0.00072216 8.77167e-05 0.000231808 0.00196799 4.24416e-05 0.027607 1.02861e-06 0.000611068 
0.000697118 0.00573191 0.038672 0.00201435 9.62968e-05 0.742675 0.087249 4.70062e-07 0.00643495 0.000393765 0.000197144 0.0255246 3.31471e-06 0.0539846 0.0223042 0.0140217 
0.0102338 0.0337039 0.0310694 1.17482e-05 0.00079783 0.036131 0.030681 3.0175e-09 0.683104 3.87333e-05 0.00863414 0.0111366 2.13909e-06 0.152069 2.86727e-07 0.00238653 
7.30973e-11 1.25906e-06 5.14945e-07 2.95576e-12 2.8456e-09 1.86559e-05 0.000545319 2.90199e-12 4.52895e-05 1.0277e-09 0.999023 0.000330805 2.57057e-05 5.5076e-09 5.21058e-09 9.46283e-06 
0.0339769 0.178911 0.242434 0.00233687 0.000839861 0.00768333 0.0447462 9.03773e-05 0.0767537 0.000807721 0.00159643 0.0166412 0.00280743 0.196967 0.000260341 0.193148 
0.323342 0.0548252 0.021679 1.19712e-05 0.00684004 0.360116 0.00925494 5.39298e-06 0.0062429 0.00496288 0.000276487 0.0174239 0.000233619 0.18659 0.000280312 0.00791442 
0.00277568 0.0186928 0.000138574 3.74482e-06 0.000265702 0.000649858 0.0886041 2.35064e-06 3.21212e-05 1.79258e-05 7.32423e-05 0.0328324 1.05811e-05 0.0263061 0.829438 0.000156482 
0.011519 0.0943192 0.0300556 0.0116688 5.59299e-05 0.0216126 0.724318 1.05982e-06 0.00077168 0.000119782 0.00155791 0.0271982 6.41915e-05 0.0760581 5.09833e-05 0.000628573 
0.303909 0.0496397 0.00524592 0.000814599 0.000858139 0.0297133 0.118063 5.03485e-07 0.0256051 0.000845835 2.62943e-05 0.0162734 3.71114e-05 0.426534 0.00133615 0.0210972 
0.001079 0.71131 0.0191022 5.42439e-07 0.00900371 0.00925602 0.0838949 1.79359e-07 2.68009e-05 2.27727e-06 0.00254555 0.0214693 6.2293e-06 0.140615 0.000739795 0.000948935 
0.000237805 0.0250114 0.920732 0.00101257 0.000314428 0.0414371 0.00097364 9.01955e-06 0.000145696 1.20653e-05 0.00171759 3.51358e-05 2.84376e-05 0.00367638 0.00202376 0.00263252 
0.102999 0.195196 0.0680387 0.00255559 0.000398272 0.0157334 0.0903976 0.000167607 0.00713272 0.00317673 0.00191429 0.0202683 0.00131262 0.421333 0.00727905 0.0620972 
0.0831673 0.159032 0.0366859 8.44239e-07 2.44511e-07 0.00292328 0.0172202 1.02867e-07 0.00010017 1.95016e-05 0.0150639 8.04872e-05 1.28428e-06 0.626919 1.49116e-05 0.0587713 
0.0148531 0.61503 0.0413856 0.0003151 0.00300568 0.00892111 0.0339196 1.17636e-06 0.00151133 0.00634916 0.0104271 0.0244917 3.90302e-05 0.215302 9.66757e-05 0.0243525 
0.0501759 0.0245914 0.0555124 4.23e-05 0.00153677 0.0455202 0.616906 6.37123e-06 0.000517403 0.00161032 0.00361713 0.0687877 0.0257203 0.0844264 0.0171623 0.00386699 
0.00257597 0.00914001 0.00328507 1.52026e-06 8.67944e-05 0.00381119 0.949827 9.92064e-07 0.00072216 8.77167e-05 0.000231808 0.00196799 4.24416e-05 0.027607 1.02861e-06 0.000611068 
0.0984907 0.14216 0.0876336 0.000866552 0.00225286 0.00804182 0.0283594 7.97273e-06 6.36788e-05 0.000167074 0.531508 0.00755669 0.053751 0.0339987 0.00260978 0.00253261 
0.0195812 0.0394045 0.0397474 0.00567411 0.00274322 0.0448638 0.565141 5.22731e-05 0.0108284 0.00382863 0.00751109 0.16283 0.000303274 0.0744444 0.00473469 0.0183121 
0.0494926 0.393689 0.130239 0.0290593 7.79368e-08 0.00023031 0.0507949 6.50995e-09 8.56614e-05 6.71151e-08 1.24667e-07 0.0029363 2.82476e-06 0.330725 0.00608355 0.00666083 
0.00379441 0.42008 0.207793 1.05716e-07 4.40048e-05 0.0808302 0.0863575 2.81205e-11 0.0150968 9.78829e-06 0.000199933 0.0117732 8.51107e-09 0.158619 1.00596e-09 0.0154025 
0.316294 0.185771 0.0685108 0.000198836 0.000194733 0.00746191 0.0768279 7.58091e-08 0.0671298 0.00140846 0.0516873 0.00217582 0.000571487 0.187456 0.000386352 0.0339254 
0.000385953 0.0402223 0.00252725 1.69678e-09 0.000119854 0.000283728 0.27217 8.50193e-10 0.000200795 8.00774e-07 0.000150217 0.662626 1.56855e-05 0.0152836 1.7469e-06 0.00601201 
0.00314216 0.0216445 0.00303745 1.81321e-06 6.78887e-06 0.00166227 0.284372 8.52841e-07 0.000230833 0.00017656 5.06891e-05 0.16441 3.21111e-05 0.0411353 0.478867 0.00122976 
0.297662 0.112656 0.0153351 6.96779e-06 0.00868206 0.0623917 0.0508382 5.32804e-06 0.00117275 0.0859049 0.22313 0.00458822 0.0630782 0.0685084 0.000734172 0.00530583 
0.00606236 0.0341018 0.0140703 3.62412e-06 8.24727e-06 0.00353063 0.668935 2.73885e-06 0.00147825 0.000930724 0.000721682 0.0293624 1.9577e-05 0.222569 0.0152774 0.00292715 
0.486639 0.165877 0.0111233 7.97151e-05 0.000219771 0.00670826 0.0218313 1.95562e-05 0.000292113 0.000366671 0.000363773 0.0179126 4.29261e-05 0.22388 0.000268709 0.0643749 
7.30973e-11 1.25906e-06 5.14945e-07 2.95576e-12 2.8456e-09 1.86559e-05 0.000545319 2.90199e-12 4.52895e-05 1.0277e-09 0.999023 0.000330805 2.57057e-05 5.5076e-09 5.21058e-09 9.46283e-06 
0.162387 0.102717 0.157315 0.00119128 0.000853083 0.0248151 0.138787 8.57253e-06 0.000700845 0.00099567 0.344511 0.0244451 0.0198031 0.0182612 0.000669976 0.00254007 
0.00950287 0.0952086 0.000983274 9.6553e-07 0.000406659 0.200788 0.524543 3.1387e-08 2.22148e-05 3.13135e-07 0.00573004 0.0107083 5.49251e-06 0.151281 0.000782339 3.61705e-05 
0.00900685 0.0249829 0.0120542 0.00119157 0.00106896 0.0165123 0.0649758 4.87256e-07 0.385525 0.00146178 0.00197783 0.407521 3.27937e-05 0.0491026 0.00134075 0.0232455 
0.0201577 0.0778771 0.0356158 0.00180356 0.0011547 0.071002 0.593481 4.07446e-05 0.00920924 0.00368134 0.00182537 0.114062 0.000166382 0.0575399 0.00510067 0.00728255 
0.0606302 0.163117 0.0671805 0.00136673 0.000559329 0.0101767 0.0993825 7.46255e-05 0.0265134 0.00552599 0.0141718 0.0385909 0.00501648 0.415048 0.00476393 0.0878819 
0.0367225 0.144697 0.0702799 0.00380077 0.00233327 0.163902 0.156905 1.7845e-05 0.0160801 0.000131696 0.160417 0.0247231 0.0465758 0.159044 6.06336e-05 0.01431 
0.0492541 0.0241576 0.0381041 3.29994e-05 5.93993e-05 0.275247 0.186607 5.868e-06 0.0129604 0.000266784 0.0158314 0.165223 0.000297264 0.228474 0.00023153 0.00324704 
0.109754 0.0210213 0.29341 1.20852e-05 0.00225366 0.0152716 0.189348 3.98065e-06 0.0139556 6.10029e-05 0.0203796 0.00227249 0.00156174 0.320966 6.42595e-05 0.00966491 
0.00466856 0.063068 0.0332017 0.00471753 0.00216372 0.147764 0.09853 1.47444e-05 0.467196 2.8387e-05 0.00463364 0.00484032 1.53301e-05 0.163161 8.3895e-05 0.00591299 
0.0606569 0.0562711 0.148491 0.000258989 0.000385505 0.0105004 0.0064326 2.19134e-08 0.00211366 2.11378e-05 0.00520074 0.000302402 9.66468e-07 0.688564 7.42365e-05 0.020726 
0.186158 0.0382053 0.226871 0.00017189 0.0876377 0.008913 0.123271 5.63413e-05 0.00144167 0.000442904 0.0613236 0.0103253 0.0983589 0.135348 0.002053 0.0194229 
0.00236527 0.00871409 0.0586782 0.00418321 0.00394913 0.296712 0.522566 0.000105467 0.0095704 0.00383622 0.00178891 0.0258086 0.000793871 0.0282382 0.0260794 0.00661157 
0.0864905 0.0722213 0.144974 0.000633062 0.00136385 0.00719071 0.0821899 6.78742e-05 0.0168822 0.000688569 0.0116539 0.00767432 0.00306872 0.506329 0.0208414 0.0377308 
0.042983 0.255804 0.334146 0.000853148 0.00145467 0.143272 0.0373311 9.75254e-05 0.000856895 0.00245886 0.0142521 0.0231301 0.00959526 0.104142 0.000678227 0.0289455 
0.0733741 0.537087 0.173829 0.000179522 0.00125267 0.0184513 0.0272439 2.22715e-05 0.00306007 0.000422848 0.00435366 0.0140824 0.000156493 0.122638 0.0010488 0.0227981 
0.0063912 0.0507031 0.00545909 1.62052e-05 0.0018694 0.00537974 0.132078 1.42646e-07 0.00105839 1.90295e-05 0.0198587 0.75886 0.000232382 0.0172175 0.000385984 0.000472038 
0.183782 0.103753 0.0404582 0.000114536 0.00070831 0.182543 0.197441 5.44413e-07 0.129361 3.10321e-05 0.0192956 0.0165858 0.000108299 0.111119 0.00297797 0.0117214 
0.00456627 0.64647 0.0381468 4.38084e-05 0.0032473 0.0135523 0.0129544 4.96755e-07 0.000667296 2.45174e-05 0.0021895 0.0102963 3.05588e-05 0.262204 3.6901e-06 0.00560295 
0.0136746 0.00520964 0.425698 1.76097e-05 5.56314e-06 0.112671 0.018453 9.1626e-09 0.000450705 4.3737e-06 0.118188 1.04815e-05 6.53788e-05 0.302965 3.9561e-08 0.0025859 
0.0252483 0.019792 0.0159468 0.0126934 0.0176521 0.0162008 0.329623 5.7692e-06 0.0491083 0.00335865 0.000160749 0.0150023 7.34594e-05 0.420377 0.000807411 0.0739503 
0.084889 0.20794 0.204766 6.06277e-05 0.000118527 0.0555807 0.0707123 6.92488e-06 0.00545511 0.000424506 0.00331432 0.0363723 6.4608e-05 0.255999 0.00085696 0.0734389 
0.0106573 0.0540498 0.0101257 2.05539e-06 0.0048819 0.00469927 0.027558 1.05573e-06 0.000224867 8.36225e-05 0.000635078 0.855376 1.04875e-05 0.0303139 0.000279103 0.00110146 
0.00321106 0.0901571 0.33215 7.5107e-06 0.000119685 0.333578 0.138364 3.01327e-09 0.00302506 0.00179925 0.00261825 0.0450105 0.000231837 0.048792 0.000598865 0.000336277 
0.244521 0.128765 0.0626322 0.00216414 0.0607001 0.0162811 0.0527795 0.000128834 0.00758846 0.00343546 0.00519579 0.0142105 0.0104248 0.282979 0.00544791 0.102746 
0.496444 0.158266 0.0301675 0.000242225 0.00044729 0.0222206 0.027233 5.46274e-05 0.0127467 0.0594972 0.005529 0.00714952 0.000208965 0.137219 0.00011331 0.0424607 
0.0328941 0.315827 0.0616847 4.89535e-05 0.00159557 0.0103406 0.024488 2.61901e-06 0.000438484 0.118083 0.0022768 0.0203666 0.000126579 0.34824 0.0100521 0.0535355 
0.0178389 0.0342367 0.0270434 3.31106e-06 0.000384969 0.0571718 0.643807 6.57542e-07 0.000137546 5.80974e-05 0.00116076 0.0514889 4.05831e-06 0.153052 0.000330881 0.0132814 
0.00992605 0.00476525 0.0329007 3.14249e-08 0.599839 0.0411654 0.168095 6.12178e-10 0.030043 2.23675e-06 0.0785172 0.0155106 0.000406452 0.0185951 3.13476e-07 0.000234182 
7.30973e-11 1.25906e-06 5.14945e-07 2.95576e-12 2.8456e-09 1.86559e-05 0.000545319 2.90199e-12 4.52895e-05 1.0277e-09 0.999023 0.000330805 2.57057e-05 5.5076e-09 5.21058e-09 9.46283e-06 
0.0220097 0.581666 0.104143 2.07794e-05 0.000248275 0.00448059 0.0399481 1.03381e-07 1.03433e-07 0.000382554 0.00252399 0.0590572 0.000714023 0.169097 0.000393091 0.015315 
0.00341286 0.030018 0.0994207 0.000264269 0.000207518 0.0129173 0.0150343 4.04619e-05 0.00291453 0.00118748 0.00157088 0.00862134 0.000865007 0.0514003 5.52702e-05 0.77207 
0.0409716 0.0234155 0.080665 0.00214697 0.00179851 0.0447854 0.496252 3.77463e-05 0.0034448 0.00108234 0.000228757 0.0116876 0.000101701 0.274022 0.000610615 0.0187495 
0.0577005 0.147228 0.182014 0.00128191 0.0109022 0.233601 0.0930343 1.29632e-07 0.0724847 0.000100415 0.141563 0.00118414 0.000490003 0.0495695 3.77313e-05 0.0088085 
0.174402 0.0481285 0.475838 0.0166953 0.000164588 0.0398955 0.0530917 4.69757e-05 0.0155995 0.0021632 0.0156698 0.00829624 0.00442516 0.127013 0.000947653 0.0176216 
0.0124763 0.0613253 0.0179895 0.613959 0.00127842 0.00395252 0.113257 2.3528e-07 0.000159418 0.000376291 1.57454e-05 0.0710073 6.38128e-06 0.0981663 0.00568255 0.000347738 
0.019709 0.739511 0.0264277 5.99881e-06 6.06746e-06 0.01674 0.00602311 5.92224e-06 0.000528454 0.000447547 1.58995e-05 0.0022257 1.02207e-05 0.103891 8.47288e-06 0.0844446 
0.000729188 0.0296429 0.00357988 4.35824e-07 1.18619e-07 0.00183529 0.487539 1.01529e-10 0.00371387 0.420587 1.8188e-05 0.0119395 1.90291e-07 0.0229214 6.24704e-08 0.0174933 
0.00865002 0.640695 0.0687227 5.66458e-07 0.00257294 0.02321 0.0184258 1.39554e-09 7.26855e-05 8.8132e-07 0.014519 0.00104977 1.87438e-06 0.218598 1.89457e-05 0.00346135 
0.00994838 0.652884 0.116586 1.54703e-05 6.51538e-05 0.0287348 0.00830393 7.36012e-06 0.000706419 1.12412e-05 0.00032281 0.000351693 1.03945e-05 0.166175 9.76898e-05 0.0157806 
0.037276 0.120644 0.106313 0.00150542 7.56362e-05 0.382104 0.0830745 9.41457e-06 0.00334155 0.020737 0.00959042 0.00632037 0.000193022 0.17499 0.0472808 0.006545 
0.000625509 0.0684832 0.886617 4.27649e-06 3.37873e-05 0.0196415 0.00214991 2.28954e-06 0.00520683 3.21744e-05 0.000469138 6.93443e-06 1.27678e-05 0.0097816 0.00677703 0.000156455 
0.014818 0.0286685 0.0859567 0.00215571 0.00279404 0.700891 0.0687468 7.06459e-05 0.00356056 0.00446102 0.00725092 0.0130656 0.00010819 0.0345057 0.000193499 0.0327531 
0.0523617 0.0740718 0.184263 0.109958 4.5576e-05 0.0166937 0.0319839 2.36458e-06 0.00593526 2.81016e-05 0.0108441 0.000790602 0.000134146 0.171504 4.50648e-05 0.341338 
0.253128 0.268964 0.025597 0.000214563 0.0109112 0.0407517 0.0640548 6.76443e-05 0.00298743 0.00015784 0.00423208 0.0125983 0.000203848 0.278814 0.000923128 0.0363944 
0.00213296 0.114366 0.0384004 0.000109665 8.84057e-05 0.0319633 0.210986 1.86468e-06 0.0076089 6.01251e-06 0.234758 0.242925 1.74538e-05 0.11591 0.000353641 0.000371785 
0.0317078 0.163462 0.104835 0.00178379 0.000917181 0.0481508 0.0851543 0.000167703 0.0422077 0.00365553 0.00980844 0.0191872 0.00125967 0.452567 0.00053388 0.0346021 
0.0602943 0.00456215 0.00657231 1.41996e-05 0.000155697 7.38016e-05 0.00531542 1.07355e-08 1.30472e-07 0.724459 0.000255482 0.0213611 1.38349e-05 0.123371 0.00022091 0.0533301 
0.00228268 0.0153157 0.000115044 3.70509e-06 0.00022539 0.000537149 0.0725232 2.4359e-06 2.7515e-05 1.67088e-05 6.1933e-05 0.0269004 9.16661e-06 0.0215482 0.860301 0.000129847 
0.0404424 0.189182 0.0487614 0.000606573 0.000909498 0.0152106 0.0427821 5.19721e-05 0.00796157 0.00678264 0.00321848 0.0216288 0.0072405 0.236665 0.00254257 0.376013 
0.000923004 0.044804 0.317783 0.00322743 0.0123786 0.0882698 0.0665189 4.27225e-10 0.0418698 0.00133172 0.00399662 5.14224e-05 8.65059e-06 0.186211 8.73049e-06 0.232617 
0.0200746 0.0920739 0.510648 0.0060146 0.000387825 0.0358092 0.0272091 9.89627e-06 0.00330925 0.000151896 0.198125 0.00359435 0.00226695 0.0862007 0.000133029 0.0139913 
0.00419699 0.17419 0.756135 3.56712e-05 1.07837e-06 0.000625821 0.0127291 1.33235e-08 2.97586e-06 4.59316e-05 1.45586e-05 0.000755869 4.71963e-05 0.0457424 1.79263e-06 0.00547574 
0.0176674 0.0539546 0.0696023 0.0001541 4.95826e-08 0.00726437 0.13041 1.91598e-11 0.0732536 0.0092408 1.6354e-05 0.000285655 2.98001e-05 0.635485 3.85143e-05 0.0025974 
0.00320531 0.00465031 0.0134554 5.49046e-05 2.77299e-06 0.000365682 0.0423402 8.52614e-07 0.000954003 7.87406e-05 2.21235e-05 0.906416 2.57033e-06 0.0236628 4.40955e-05 0.00474463 
0.00633576 0.0407144 0.073514 0.000168178 0.00285663 0.8011 0.0165451 5.86721e-06 0.0205579 9.15355e-05 0.00114346 0.000514325 2.57883e-05 0.0208008 0.0126477 0.00297826 
0.00297918 0.0339974 0.166032 1.20295e-05 0.000398799 0.0145987 0.00455261 1.18153e-05 0.721663 7.58112e-05 0.00338068 0.00907887 0.00121759 0.0390692 0.000205111 0.00272681 
0.00108058 0.103332 0.00707614 1.39256e-09 0.000323212 0.00056715 0.0567756 6.63524e-10 1.025e-08 2.23106e-06 0.000383475 0.774123 4.38982e-05 0.0394608 1.21324e-07 0.0168323 
0.0257225 0.514039 0.0304915 4.34841e-05 0.000978137 0.0464233 0.0572991 6.78338e-06 0.000997084 0.000439292 0.00447889 0.0216741 0.000143936 0.291143 0.000246338 0.00587331 
0.0599517 0.0327421 0.055113 0.0251699 0.580512 0.00667845 0.0538151 1.21197e-05 0.000477919 0.00021642 0.0133925 0.131734 0.000103501 0.0127235 0.000152294 0.0272055 
0.0101253 0.0895796 0.585666 0.000654111 5.03758e-05 0.00501213 0.0221761 1.732e-06 0.0118684 2.06546e-05 0.00461162 0.000536586 0.0136508 0.176819 0.000358371 0.078869 
0.0172428 0.00986706 0.040874 0.00030254 0.000346523 0.195301 0.197309 8.96439e-07 0.177899 0.00609199 0.00170569 0.0105744 0.00165308 0.329524 0.00805861 0.00324952 
0.0292483 0.265561 0.011908 0.000199448 0.00211244 0.0852055 0.145382 1.24926e-06 0.00303029 7.73642e-05 0.00805989 0.0623901 0.000220198 0.382481 0.000248182 0.00387517 
0.0248813 0.379456 0.573914 3.83711e-06 2.41935e-05 0.0020008 0.00341695 4.16085e-08 6.197e-05 0.000101199 0.00108075 8.27426e-05 1.06693e-05 0.00499223 1.08177e-05 0.00996199 
0.0206171 0.0279899 0.385605 0.000315031 0.00146785 0.0183012 0.0679853 5.95219e-05 0.186752 6.41629e-05 0.0916444 0.00842078 0.00131233 0.169017 0.00177117 0.0186777 
0.050641 0.0132288 0.0178147 1.30746e-05 0.00858541 0.0308819 0.173699 2.95049e-07 0.00322535 0.000162604 0.000990463 0.259532 1.47344e-05 0.425931 0.00824782 0.00703167 
0.0124763 0.0613253 0.0179895 0.613959 0.00127842 0.00395252 0.113257 2.3528e-07 0.000159418 0.000376291 1.57454e-05 0.0710073 6.38128e-06 0.0981663 0.00568255 0.000347738 
0.337939 0.130946 0.111314 0.000568258 0.00154084 0.00778859 0.0386348 6.44525e-05 0.175713 0.000838745 0.00599087 0.0114126 0.0134417 0.121936 0.00137938 0.0404915 
0.12343 0.395574 0.0949861 0.000112073 0.000204877 0.0155082 0.0423961 7.8965e-05 0.002192 0.0746277 0.0132645 0.00486292 0.00344478 0.197296 0.00151107 0.0305109 
0.116434 0.142718 0.075844 0.000100605 0.000644153 0.0541103 0.0888195 6.92208e-05 0.0118307 0.02116 0.00959647 0.0161626 0.0115716 0.423745 0.00558671 0.0216078 
0.0672553 0.0733107 0.210815 0.000503021 0.0770806 0.0316656 0.0228814 0.000285267 0.0124987 0.00833387 0.432821 0.00629957 0.00343689 0.0277504 0.000379001 0.0246839 
0.00873302 0.118455 0.211933 0.0295128 0.003705 0.0549078 0.109743 3.98019e-05 0.189725 0.000896119 0.0419905 0.0304989 0.000861207 0.14957 0.000127674 0.0493009 
