0.0177756 0.0277257 0.0396762 0.0847872 0.000689422 0.0129013 0.678785 8.60402e-08 0.00191924 3.36148e-05 0.0111663 0.0368648 1.36081e-05 0.0712576 0.00578391 0.0106206 
0.0159844 0.0533407 0.459466 8.58833e-05 1.39333e-05 0.016737 0.374477 1.07489e-07 0.00278476 6.29269e-05 0.000276616 0.000678027 0.000428761 0.0701075 0.00257857 0.00297733 
0.183999 0.0303822 0.0402845 3.12325e-13 3.38037e-05 1.3682e-06 0.00331501 3.06643e-13 1.96054e-05 3.50955e-05 0.000596321 0.0108922 0.000544924 0.656926 4.59175e-06 0.0729653 
0.0110633 0.0361167 0.290625 0.307094 0.00412284 0.00278757 0.0357755 2.7569e-05 0.0158482 0.00698959 0.00229731 0.00581354 7.93511e-05 0.115097 0.000448217 0.165814 
0.00332821 0.0391703 0.0821193 9.21113e-06 0.000182459 0.181684 0.040312 4.81207e-07 0.00951345 3.12226e-05 0.00450088 0.00859121 8.37887e-06 0.60728 0.00905421 0.0142149 
0.00124651 0.00501798 0.000131296 2.46721e-05 0.00214929 0.000132765 0.108269 3.79645e-06 0.000657431 1.78256e-05 0.000113228 0.0112897 1.53437e-05 0.00761342 0.863088 0.000229069 
0.011902 0.115659 0.632849 0.00589161 0.0231674 0.0585744 0.00938567 3.40752e-07 0.0409942 0.00153961 0.00581361 0.000233168 0.000275596 0.0649958 0.000948773 0.0277695 
0.0221493 0.203264 0.0910359 0.0116733 0.000428546 0.0313418 0.116823 8.76485e-06 0.0180746 0.000195925 0.00396962 0.0299282 0.000115447 0.423046 0.0185493 0.0293963 
0.0684097 0.0823399 0.0471366 0.0156152 0.0167534 0.103442 0.366348 0.000562965 0.0271982 0.00273719 0.00306028 0.105337 0.0072893 0.117084 0.0175424 0.0191443 
0.00833505 0.0823779 0.577912 0.00939094 0.000581834 0.181658 0.0439673 2.68514e-06 0.0079693 3.18857e-05 0.00295674 0.00995918 0.000334993 0.050549 0.000535168 0.0234377 
0.00458749 0.037243 0.00286684 0.0006146 0.00133754 0.00264184 0.155873 1.9262e-06 0.00825513 7.57066e-05 5.99323e-05 0.0319817 8.66064e-06 0.0435051 0.709895 0.00105266 
0.0984907 0.14216 0.0876336 0.000866552 0.00225286 0.00804182 0.0283594 7.97273e-06 6.36788e-05 0.000167074 0.531508 0.00755669 0.053751 0.0339987 0.00260978 0.00253261 
0.0379889 0.0127763 0.0739816 0.00120263 0.00544017 0.05426 0.0777801 4.96855e-05 0.0165212 0.00485045 0.0143658 0.0263129 0.000268564 0.170967 0.000350911 0.502884 
0.00608289 0.0196535 0.000113398 3.07569e-06 0.000217658 0.000873599 0.101745 1.93865e-06 2.63252e-05 1.46898e-05 5.99612e-05 0.0268632 8.67354e-06 0.0496783 0.793468 0.00118962 
0.00136566 0.0150734 0.00107145 0.00282692 0.000295876 0.0207932 0.0551342 6.05975e-11 0.871529 0.0010884 0.00101581 0.00231523 1.10745e-05 0.0255687 0.00020453 0.00170669 
7.30973e-11 1.25906e-06 5.14945e-07 2.95576e-12 2.8456e-09 1.86559e-05 0.000545319 2.90199e-12 4.52895e-05 1.0277e-09 0.999023 0.000330805 2.57057e-05 5.5076e-09 5.21058e-09 9.46283e-06 
0.0567154 0.0204296 0.0319868 5.26889e-11 2.26004e-06 0.760528 0.0420795 5.17304e-11 0.0165791 0.01459 1.65808e-06 0.000551344 0.000305259 0.0562303 9.07884e-08 4.34143e-07 
0.0231333 0.0806037 0.628647 0.000550068 0.0488823 0.0507978 0.0129647 9.78172e-05 0.0105617 0.0138089 0.0361044 0.000282305 0.0133291 0.0673145 0.0022219 0.0107005 
0.0922011 0.0399951 0.00843819 3.26962e-06 0.000276144 0.0198959 0.185146 1.69272e-07 0.371905 0.000101339 0.0260357 0.0485127 2.90994e-06 0.207324 0.000135776 2.68324e-05 
0.0169212 0.113985 0.0298923 9.69071e-05 4.41348e-05 0.107068 0.393036 2.46994e-08 3.40093e-05 9.42847e-05 0.148727 0.15295 0.000231992 0.0259334 0.00861767 0.00236801 
0.0359399 0.0718574 0.209994 0.000655075 0.000903258 0.0497648 0.0648357 5.25794e-07 0.0229254 0.018278 0.0129127 0.00118833 5.13246e-05 0.138534 0.00133391 0.370826 
0.0124763 0.0613253 0.0179895 0.613959 0.00127842 0.00395252 0.113257 2.3528e-07 0.000159418 0.000376291 1.57454e-05 0.0710073 6.38128e-06 0.0981663 0.00568255 0.000347738 
0.0179828 0.00691137 0.00736946 8.54675e-06 0.00051936 0.00218722 0.00673133 6.34083e-09 0.907787 1.38628e-05 0.0240376 0.00263122 7.97192e-06 0.0237915 3.80976e-07 2.03355e-05 
0.0984907 0.14216 0.0876336 0.000866552 0.00225286 0.00804182 0.0283594 7.97273e-06 6.36788e-05 0.000167074 0.531508 0.00755669 0.053751 0.0339987 0.00260978 0.00253261 
0.214718 0.440046 0.0708328 0.00014676 0.00136272 0.00864803 0.061275 1.86198e-05 0.000579798 0.00025374 0.0458334 0.00366916 0.000104558 0.146566 2.77782e-05 0.00591757 
0.000484676 0.00675832 0.0204693 1.22806e-09 0.00389459 0.000661053 0.801856 1.20571e-09 0.00201156 0.000355954 8.68929e-05 0.101568 1.40647e-07 0.0378849 0.000941413 0.0230263 
0.00255891 0.0148212 0.643526 0.00262411 1.66813e-05 0.0227187 0.0467839 1.19228e-05 0.00995456 4.17102e-05 0.0462107 0.000241224 0.0484559 0.1526 0.00090281 0.00853169 
0.00112799 0.0695693 0.218957 0.0103715 0.00471685 0.470315 0.0490301 2.92009e-06 0.0247722 4.94387e-05 0.0160824 0.0027442 0.000255923 0.125958 1.34337e-05 0.00603383 
0.0656465 0.354137 0.336897 0.00107611 0.00221314 0.0195557 0.0253059 9.51601e-05 0.00151077 0.000302712 0.0295593 0.0713447 0.0102855 0.0245071 0.000780472 0.056783 
0.0056419 0.0180708 0.0370066 0.00210793 0.000215973 0.00907729 0.122346 1.36733e-06 0.761773 3.64844e-05 5.801e-06 0.00167779 1.9868e-05 0.0256794 8.36047e-05 0.016256 
0.0410337 0.0405778 0.207674 0.000367148 0.000640296 0.0718626 0.124371 4.43234e-05 0.107541 0.0221742 0.0643654 0.0137992 7.97728e-05 0.0886591 0.00206031 0.214749 
0.00412504 0.048005 0.00829934 8.40292e-08 1.45803e-05 0.0216223 0.0352368 7.64174e-08 0.00327239 1.39677e-05 0.750886 0.0255683 0.0979108 0.00451594 3.68156e-05 0.000492038 
0.00569866 0.349751 0.10891 0.00421521 0.00017006 0.0247026 0.105861 1.89072e-06 0.00173136 0.00082234 0.0354304 0.00394002 5.82793e-05 0.335493 0.000120138 0.0230936 
0.0114941 0.0399007 0.0595872 0.000596433 0.00123522 0.0417475 0.027215 0.000111767 0.0516523 0.000174754 0.00126626 0.00210776 0.462532 0.292071 0.000209106 0.00809877 
0.30671 0.126247 0.0590611 0.000647724 0.000254374 0.0179978 0.040622 0.000184763 0.000726968 0.000195716 0.212512 0.00360599 0.00294427 0.151407 0.041349 0.0355336 
0.0194942 0.564427 0.190519 2.6871e-05 7.32499e-05 0.00695834 0.038767 2.87005e-07 0.000153484 0.000144157 0.000905233 0.0566708 5.96032e-06 0.109148 0.00970765 0.00299831 
0.0198408 0.165465 0.146196 1.20109e-05 0.00141241 0.00094881 0.0322242 1.04352e-05 0.335347 0.000260864 0.0124714 0.000669425 0.000666937 0.0906062 1.93453e-05 0.193849 
0.00578377 0.102093 0.0192863 1.5458e-11 0.0105339 0.0168831 0.765919 1.51767e-11 4.78613e-07 1.31682e-05 0.000461874 0.00331466 2.16534e-05 0.0748007 3.32608e-07 0.000887529 
0.244845 0.0796394 0.527114 6.11052e-05 3.819e-05 0.00283945 0.0328188 1.38164e-06 6.43701e-05 0.00307282 0.00149807 0.00310982 0.000215242 0.0284207 6.53696e-05 0.0761962 
0.0152977 0.10716 0.66262 0.00204552 0.000771633 0.117734 0.0318306 2.44336e-05 0.00447315 0.000100865 0.00943154 0.00472618 0.00393534 0.0323592 0.00224221 0.00524726 
0.012172 0.183365 0.0360455 0.00855915 4.76504e-07 0.0536301 0.529274 2.52616e-07 0.0709859 1.84732e-06 6.92005e-05 0.0181099 0.000195016 0.0745844 0.000988916 0.012019 
0.00257597 0.00914001 0.00328507 1.52026e-06 8.67944e-05 0.00381119 0.949827 9.92064e-07 0.00072216 8.77167e-05 0.000231808 0.00196799 4.24416e-05 0.027607 1.02861e-06 0.000611068 
0.024708 0.0291898 0.109717 0.153641 0.0014694 0.0817672 0.144742 3.16494e-06 0.0357573 1.47183e-05 0.00155286 0.000321222 0.000447714 0.320545 0.0445612 0.0515619 
0.00739134 0.0372044 0.129648 0.000417749 0.0171428 0.347121 0.263217 0.000302498 0.00219006 0.00634147 0.0982669 0.00902392 0.0012916 0.0662268 0.00399571 0.0102184 
0.00325028 0.0844744 0.813468 3.32785e-05 1.90657e-05 0.000237074 0.00128607 6.77124e-08 1.50276e-06 1.34013e-05 1.27936e-05 1.22415e-05 1.34437e-05 0.0600812 0.000388137 0.0367087 
0.0706005 0.362045 0.060234 0.00072586 0.00126399 0.0286191 0.128902 2.14297e-05 0.00353603 0.00017218 0.010853 0.0182567 0.000355089 0.282629 0.00293769 0.0288485 
0.0203246 0.00267311 0.00681635 1.18554e-05 1.21849e-05 0.000258508 0.639154 1.99087e-07 0.000898872 0.000704535 1.6672e-05 0.219868 5.12687e-06 0.0960108 4.20444e-05 0.0132032 
0.00388018 0.415811 0.331737 2.0364e-06 0.0168796 0.0183964 0.0365788 8.47274e-07 0.0494591 7.40077e-05 0.00202138 0.00635218 6.55818e-06 0.0958111 0.000135005 0.022855 
0.00323409 0.0182164 0.0314158 7.25006e-05 0.0577287 0.670396 0.0603242 7.06697e-07 0.0498777 1.07534e-05 0.0300226 0.0550385 0.000474255 0.0199499 0.000170316 0.00306777 
0.0236321 0.593079 0.109931 2.12722e-12 3.16574e-08 0.0292101 0.217932 2.08852e-12 2.9326e-07 1.94805e-08 0.0191657 1.03549e-07 1.8716e-08 0.00593489 0.000777253 0.00033742 
0.725887 0.0486999 0.00817271 1.35203e-05 1.72523e-05 0.0149894 0.014231 1.30712e-05 0.0506834 0.000164407 0.00646509 0.00349782 0.0676864 0.0315245 0.0239075 0.00404749 
0.000214848 0.0726588 0.00940609 2.24849e-05 0.000761121 0.00750759 0.790742 2.64693e-08 2.59437e-05 5.40702e-05 0.042424 0.0607002 0.000258054 0.0147568 3.01295e-07 0.000467974 
0.0196274 0.619798 0.0995693 2.54539e-12 0.000340283 0.00409891 0.0347142 2.49908e-12 4.55992e-05 0.000893838 0.000888339 0.013465 5.63428e-07 0.176765 0.0292803 0.000513375 
7.30973e-11 1.25906e-06 5.14945e-07 2.95576e-12 2.8456e-09 1.86559e-05 0.000545319 2.90199e-12 4.52895e-05 1.0277e-09 0.999023 0.000330805 2.57057e-05 5.5076e-09 5.21058e-09 9.46283e-06 
0.00194761 0.258327 0.0212308 2.90507e-07 0.513877 0.0672614 0.006638 2.85223e-07 0.00106922 4.67954e-06 1.45091e-05 0.000222519 1.36239e-05 0.123468 0.00028919 0.00563559 
0.019736 0.0655931 0.0569757 0.000168202 0.0010615 0.0080952 0.0100541 4.06446e-06 0.00347244 2.62911e-05 0.765027 0.00208382 4.60858e-05 0.0548076 0.000114296 0.0127342 
0.00203394 0.000588639 0.299113 0.000150347 1.03579e-05 0.00962917 0.00657573 6.75586e-08 0.00061306 0.00212303 3.63191e-05 1.10728e-05 2.06596e-06 0.0217123 5.37836e-06 0.657396 
0.00628887 0.0501461 0.0104003 0.00287142 3.10183e-06 0.624319 0.0278259 2.36664e-06 0.0803259 8.62349e-05 0.0378318 0.000552158 2.69651e-06 0.155129 1.1969e-05 0.00420292 
0.0124763 0.0613253 0.0179895 0.613959 0.00127842 0.00395252 0.113257 2.3528e-07 0.000159418 0.000376291 1.57454e-05 0.0710073 6.38128e-06 0.0981663 0.00568255 0.000347738 
0.0970811 0.318907 0.142979 0.000387504 0.0119169 0.0163428 0.0480091 0.000380284 0.0134343 0.00296422 0.00938755 0.0195423 0.004531 0.216437 0.000876597 0.0968244 
0.0536556 0.00414134 0.0381219 6.36884e-08 0.00331303 0.068527 0.00792549 6.36708e-08 0.344072 0.0754225 0.0508034 0.00715097 4.34239e-05 0.19527 2.57039e-05 0.151527 
0.178387 0.135166 0.191207 0.000233454 0.000173541 0.00414249 0.0214466 2.34268e-05 0.00442174 0.000228766 0.00226489 0.00767531 0.00203682 0.278899 0.0082474 0.165446 
0.032434 0.114654 0.0374745 5.06927e-06 0.00924811 0.482834 0.0933868 5.02378e-06 0.0813613 0.000177432 0.00146803 0.000122126 0.000271546 0.113212 0.00462835 0.0287174 
0.0201527 0.31348 0.46506 0.00170626 7.06074e-05 0.00360416 0.00860396 3.45531e-05 0.0014121 0.00202419 0.00699373 0.0221052 0.000760739 0.0179382 0.00229532 0.133759 
0.0424931 0.0282422 0.00894994 0.00160698 1.92527e-05 0.00112771 0.647242 1.37683e-06 8.545e-05 0.00118327 0.00241317 0.0768758 2.44151e-05 0.116904 5.70226e-06 0.0728257 
0.00644443 2.85964e-06 0.572496 2.57197e-06 2.88195e-07 0.00312987 0.032698 1.6259e-07 0.249778 1.70369e-06 0.00407764 2.43619e-06 9.70839e-06 0.124955 0.00453501 0.00186649 
0.0298672 0.139198 0.0995495 0.0429601 3.99031e-06 0.0070389 0.0838592 1.88414e-06 0.00161366 0.00195257 0.000798996 0.0539519 2.37067e-06 0.466519 3.43424e-05 0.0726482 
0.0246608 0.222774 0.20953 0.0696647 0.000636564 0.0747883 0.224357 3.17602e-09 0.00618274 0.0115642 0.067819 0.0197952 0.000345685 0.057346 0.00104979 0.00948722 
0.266787 0.045173 0.0396288 0.00609113 0.000162082 0.303229 0.0487233 5.83708e-05 0.0080748 0.00825169 0.0238635 0.010103 9.81446e-05 0.153388 0.000616028 0.0857517 
4.93821e-06 0.0198982 0.000254673 8.5397e-09 4.78395e-07 0.0195363 0.712489 1.61252e-09 4.09256e-05 2.71802e-05 4.10881e-05 0.238728 2.338e-09 0.00721746 0.00175981 1.65257e-06 
0.066332 0.191131 0.0737713 0.00159154 0.00342781 0.00887394 0.0240969 3.76584e-05 0.00177579 0.00592584 0.00438467 0.0119952 0.00986137 0.53039 0.00162875 0.0647766 
0.0240072 0.0151071 0.120538 0.0610845 4.44802e-06 0.00783604 0.155806 7.48753e-07 0.0633436 0.0080401 0.000560561 0.000160181 7.10084e-05 0.525379 0.000232475 0.0178285 
0.369335 0.0946866 0.118977 0.00159396 0.000538836 0.0211655 0.0502154 2.2428e-05 0.0224505 0.000816572 0.00129573 0.0262264 8.8203e-05 0.268434 0.00433438 0.0198191 
0.00384083 0.0350498 0.00280965 0.000181361 0.000604711 0.00490919 0.688318 7.61522e-05 0.00126002 0.000154201 0.00025114 0.0176504 8.86192e-05 0.0538002 0.18899 0.00201613 
0.0461286 0.15878 0.576335 4.08297e-07 6.9099e-05 0.000755234 0.0156597 5.09675e-08 0.00021703 6.07454e-06 4.83322e-05 0.00947704 1.12235e-05 0.160051 0.000123039 0.0323375 
0.292633 0.0281933 0.0716191 0.000123764 0.000585002 0.0109679 0.0559232 1.69093e-06 0.000779953 5.16029e-05 0.00329278 0.0168703 0.00340011 0.502014 5.68842e-05 0.0134871 
0.449358 0.0781327 0.189729 5.13512e-06 5.76728e-05 0.0148675 0.0178943 2.05784e-08 0.000154046 0.00039133 0.0944206 0.00514136 0.000270818 0.104432 0.00027724 0.0448676 
0.062624 0.221697 0.526332 0.000188504 0.0254821 0.0446519 0.00981121 0.000115775 0.0023086 0.000584894 0.0232247 0.0117017 0.00671028 0.0433397 0.000316363 0.0209112 
0.00867205 0.0171744 0.179391 0.199499 0.00395854 0.152103 0.0556997 2.31828e-08 0.234793 2.6367e-08 0.00754627 6.25489e-05 2.0944e-05 0.0701111 0.00100778 0.0699621 
0.0128496 0.0166052 0.176211 0.00139548 0.00375591 0.676016 0.00736254 0.000344574 0.00675837 0.000481899 0.00130311 0.042145 0.0139743 0.0385122 0.00134454 0.00093963 
0.01334 0.0520137 0.00850587 0.000861845 0.000973277 0.0561779 0.651626 0.000198063 0.0119924 0.000294568 0.000687059 0.114913 0.000278004 0.055154 0.000688936 0.0322954 
0.0583492 0.186332 0.172258 3.17596e-08 0.0396511 0.00135449 0.0127857 3.11818e-08 0.00237481 1.3267e-05 0.0146909 0.00352767 5.60091e-05 0.504153 5.16771e-05 0.00440216 
0.0799882 0.146329 0.104401 0.000724084 0.00125772 0.0111537 0.0850251 5.48931e-05 0.00384606 0.0015925 0.00687569 0.0150813 0.00263082 0.481698 0.00640599 0.0529364 
0.0103646 0.116368 0.485164 0.00504083 0.0293353 0.114889 0.0185683 1.01472e-08 0.180068 0.000162348 0.000225557 0.000301504 8.19092e-05 0.0300489 0.000100904 0.00928139 
0.0189842 0.0754924 0.325168 0.00015994 5.14896e-05 0.0427697 0.144186 8.50182e-06 0.00119829 0.000298964 0.0088172 0.0065156 0.000119204 0.371899 0.0013544 0.00297644 
0.0101479 0.417909 0.175558 0.000435966 0.0107705 0.0318605 0.0857694 8.57252e-06 0.00146521 0.00411096 0.00964801 0.0333758 4.83797e-05 0.193439 0.0143335 0.0111199 
0.00277568 0.0186928 0.000138574 3.74482e-06 0.000265702 0.000649858 0.0886041 2.35064e-06 3.21212e-05 1.79258e-05 7.32423e-05 0.0328324 1.05811e-05 0.0263061 0.829438 0.000156482 
0.00257597 0.00914001 0.00328507 1.52026e-06 8.67944e-05 0.00381119 0.949827 9.92064e-07 0.00072216 8.77167e-05 0.000231808 0.00196799 4.24416e-05 0.027607 1.02861e-06 0.000611068 
0.0236489 0.074522 0.0309092 0.000182947 0.00464887 0.750114 0.0594094 7.84661e-06 0.0051433 4.27999e-05 0.0136134 0.0120402 0.00295078 0.0214818 0.00036535 0.000918913 
0.0237904 0.185607 0.0461238 0.0010113 0.00528332 0.141453 0.204746 0.00011704 0.0717055 0.00584183 0.00405567 0.0247967 0.00013818 0.231933 0.00376259 0.0496351 
0.0148993 0.168702 0.082205 0.000180014 0.0336095 0.410951 0.110471 7.01956e-05 0.00715952 9.94558e-05 0.0203989 0.0957527 0.000285335 0.0364245 0.000274706 0.0185176 
0.057715 0.0436766 0.191754 8.11211e-05 4.32887e-05 0.0158451 0.0248957 2.931e-05 0.00476714 0.00423418 0.00625684 0.00319464 0.000134238 0.300839 0.00118813 0.345346 
0.0286089 0.232833 0.0860205 0.00080503 0.00141663 0.138653 0.140241 1.92198e-06 0.082686 5.90868e-05 0.000903985 0.00299955 0.0232728 0.19094 3.66347e-05 0.0705223 
0.0652759 0.11759 0.0234897 0.000633496 0.00176202 0.01542 0.172839 0.000175754 0.0239809 0.000920911 0.00328821 0.0780495 0.000192809 0.140072 0.00278538 0.353525 
0.00192052 0.0806465 0.0394678 5.81475e-05 0.00436663 0.0726541 0.321298 3.52636e-05 0.0106414 0.000437381 0.00515836 0.41262 5.99054e-05 0.033271 0.0113187 0.00604645 
0.0269708 0.00153702 0.000551886 2.84563e-05 1.89885e-08 0.000189071 0.463355 1.25065e-08 0.00195234 0.000338649 0.0011616 0.466882 1.27515e-05 0.0291359 5.95776e-05 0.00782496 
0.00434595 0.0170095 0.0552025 6.16187e-06 4.48913e-05 0.000516886 0.0324836 4.56951e-06 0.00127219 0.0002787 0.000774326 0.859572 6.91389e-05 0.0171108 0.000155199 0.0111535 
0.0637315 0.0277745 0.0364798 0.000337912 6.12075e-05 0.00990604 0.0335876 1.05435e-05 0.0876523 0.00112965 0.000138424 0.027629 0.00642957 0.298392 0.000266716 0.406473 
0.0149101 0.341397 0.0935625 0.000743254 0.000112133 0.083008 0.0410826 1.11756e-06 0.00164043 2.83756e-05 0.00166605 0.00284919 0.000553597 0.0916772 1.16014e-05 0.326757 
0.0630204 0.101637 0.5592 0.0636519 1.35008e-05 0.05431 0.0145912 1.7167e-06 3.82152e-05 0.000187184 0.0666897 0.00501807 0.000200034 0.0533016 3.48594e-05 0.0181045 
0.063645 0.278979 0.0840366 0.00143007 0.00778932 0.0248304 0.0833887 0.000113764 0.0827847 0.00301833 0.0250102 0.0174157 0.0043594 0.301262 0.00435379 0.0175827 
0.0313172 0.156963 0.580382 0.00664965 0.000666376 0.00860113 0.0424281 5.12132e-05 0.00751627 0.00164887 0.0019371 0.0130367 0.000112552 0.0873816 5.88023e-05 0.0612497 
0.0508086 0.410973 0.258417 0.000153627 0.000291181 0.00622386 0.0118912 8.17823e-06 0.00298025 0.00895217 0.00139963 0.00749258 0.00376642 0.186092 0.000957087 0.0495929 
0.0490929 0.185606 0.0684811 0.000749591 0.000659352 0.0282611 0.0718196 1.80067e-05 0.0110534 0.000157026 0.00256181 0.0314234 0.000717034 0.510555 0.00676527 0.0320789 
0.000720388 0.0688878 0.00471743 1.09899e-09 0.000215484 0.000378104 0.0432261 5.44243e-10 8.08842e-09 1.86357e-06 0.000255661 0.844039 2.92665e-05 0.0263072 8.10073e-08 0.0112215 
0.00687159 0.0847889 0.0390379 4.18958e-06 0.00853911 0.0278777 0.667932 2.73672e-09 0.00138708 1.57705e-05 0.0127207 0.0151509 2.56898e-05 0.129231 0.00375801 0.00266049 
0.000931521 3.55221e-05 0.0453712 4.36482e-06 5.23776e-05 0.934714 3.62026e-05 4.28541e-06 2.15812e-05 3.2752e-05 4.49466e-05 3.92126e-05 2.76729e-05 0.0185632 5.85777e-05 6.27229e-05 
0.0063912 0.0507031 0.00545909 1.62052e-05 0.0018694 0.00537974 0.132078 1.42646e-07 0.00105839 1.90295e-05 0.0198587 0.75886 0.000232382 0.0172175 0.000385984 0.000472038 
0.0126892 0.0532431 0.0514948 0.00233361 0.00671111 0.0618995 0.534734 8.08382e-05 0.0330313 0.000835167 0.00643771 0.104411 0.000263365 0.103363 0.0107379 0.0177347 
0.0758685 0.0385223 0.239606 4.21486e-05 0.00496111 0.026925 0.0124407 1.03434e-06 2.50125e-05 0.000285784 0.521506 0.00188552 0.000696713 0.0540502 4.04591e-06 0.0231806 
0.0193322 0.0993731 0.514548 0.00122801 0.0012786 0.0125571 0.0109787 1.6804e-05 0.00290248 0.000156474 0.158756 0.00157471 0.0248649 0.115242 0.000462969 0.0367277 
0.479078 0.110102 0.0134533 9.39728e-05 0.00174077 0.0392615 0.0379263 6.52882e-05 0.00345053 0.000363575 0.00106761 0.00526491 0.000962846 0.091826 0.000203301 0.21514 
0.000516289 0.0100845 0.888995 3.69088e-07 4.30811e-06 0.0791985 0.0175156 2.41027e-07 0.000412186 0.000669258 9.36704e-05 1.62489e-05 4.41292e-06 0.00181702 1.10195e-05 0.000661799 
0.00168831 0.815592 0.0176968 1.72291e-12 4.44056e-07 0.00153962 0.0784979 1.69156e-12 0.00267277 0.00043211 0.000485928 0.00105379 1.13375e-06 0.0752855 3.63773e-05 0.00501766 
0.348012 0.0367651 0.0557178 0.000844538 0.00102177 0.048401 0.365685 0.000165681 0.00139745 0.0137022 0.0064108 0.0242334 0.0123137 0.053953 0.0134329 0.017944 
0.0011137 0.0518998 0.392677 0.000155923 4.88671e-06 0.00591844 0.161967 5.94993e-07 0.0703477 0.0001493 4.8189e-06 0.107854 0.00173161 0.059209 4.86296e-05 0.146917 
0.0190752 0.473104 0.160264 0.000625551 0.00153344 0.00720479 0.0335113 3.23646e-05 0.00316214 0.000189388 0.00605157 0.0109986 0.00365457 0.258231 0.0123852 0.009976 
0.298692 0.361773 0.0829462 0.000343575 0.0011677 0.00912773 0.030063 0.000155151 0.00983072 0.019396 0.00375779 0.00168621 0.00227815 0.117749 0.00133984 0.0596934 
0.00311376 0.044958 0.00456719 6.07639e-07 0.000807523 0.0051811 0.0750028 3.03546e-07 0.00011333 1.71999e-05 0.00460069 0.843921 3.62995e-05 0.0168257 0.000564055 0.000290285 
0.00283464 0.0306825 0.309961 0.301153 0.000717435 0.00764752 0.0307636 2.38179e-06 0.0237577 0.00128761 0.0016868 0.000427384 8.92459e-06 0.130654 0.00115563 0.15726 
0.00513067 0.0206515 0.209554 0.0147429 4.58131e-07 0.250749 0.00105483 1.08284e-08 0.000884634 2.16747e-07 0.00018155 0.00181766 3.44975e-06 0.341859 0.0172385 0.136133 
7.30973e-11 1.25906e-06 5.14945e-07 2.95576e-12 2.8456e-09 1.86559e-05 0.000545319 2.90199e-12 4.52895e-05 1.0277e-09 0.999023 0.000330805 2.57057e-05 5.5076e-09 5.21058e-09 9.46283e-06 
0.0717997 0.329143 0.226927 2.59387e-05 0.000214542 0.00696311 0.0152575 2.28342e-05 0.000226015 0.000129298 0.00858796 0.00926401 0.00256006 0.290695 0.00264351 0.0355411 
0.11651 0.222544 0.028571 0.000465236 0.00156897 0.0194228 0.0145188 1.56776e-06 0.00188821 0.000456348 0.00023559 0.00475048 7.57817e-05 0.580445 0.000516703 0.00802918 
0.0135015 0.183008 0.548488 0.00167902 0.0043478 0.0526495 0.0191798 5.20987e-05 0.0173645 0.000279135 0.0909472 0.00236362 0.0118534 0.047916 0.000309042 0.00606092 
0.011835 0.0263121 0.105526 2.43658e-05 0.0110013 0.53195 0.0433796 1.1162e-05 0.0118837 0.000470952 0.129008 0.000137376 0.000313036 0.0631267 0.0455621 0.0194592 
0.0224894 0.747194 0.0391232 9.40087e-05 1.91519e-05 0.00129839 0.00796076 4.76462e-06 0.00283386 4.57009e-05 0.000435798 0.0207923 7.05863e-06 0.0689079 2.93925e-05 0.0887642 
0.136163 0.102465 0.0280118 0.000641176 0.00804269 0.000727715 0.0149085 5.79584e-07 0.000216652 0.000163286 0.00106896 0.00107571 2.11531e-05 0.702569 0.00307058 0.000854412 
0.543203 0.0488594 0.166423 6.44077e-05 6.39045e-05 0.00941705 0.0114137 3.14424e-06 4.21926e-05 0.000625288 0.124496 0.00346364 0.00372248 0.0757863 0.000838323 0.0115781 
0.00277568 0.0186928 0.000138574 3.74482e-06 0.000265702 0.000649858 0.0886041 2.35064e-06 3.21212e-05 1.79258e-05 7.32423e-05 0.0328324 1.05811e-05 0.0263061 0.829438 0.000156482 
0.0124763 0.0613253 0.0179895 0.613959 0.00127842 0.00395252 0.113257 2.3528e-07 0.000159418 0.000376291 1.57454e-05 0.0710073 6.38128e-06 0.0981663 0.00568255 0.000347738 
0.236276 0.171027 0.122138 4.87189e-05 3.63868e-06 0.0189915 0.0820115 1.67693e-06 0.0774276 0.00167935 0.157009 0.00106647 0.00794534 0.0923278 0.00805415 0.0239923 
0.001079 0.71131 0.0191022 5.42439e-07 0.00900371 0.00925602 0.0838949 1.79359e-07 2.68009e-05 2.27727e-06 0.00254555 0.0214693 6.2293e-06 0.140615 0.000739795 0.000948935 
0.171073 0.120481 0.00845906 0.000166953 3.87687e-05 0.0170456 0.0522621 3.11297e-05 0.000882176 0.000745034 0.000648693 0.0282461 0.000180621 0.53719 0.00521402 0.0573359 
0.0076184 0.0423118 0.235463 0.000130176 0.000473249 0.0987688 0.0656776 1.8012e-05 0.0188008 0.000431824 0.358268 0.158546 0.0006311 0.0115197 8.45228e-05 0.00125664 
0.00131314 0.046123 0.110465 1.52788e-06 0.0173336 0.0516614 3.52629e-05 1.0895e-07 0.00102607 0.000736799 0.764341 0.00392694 4.90014e-06 0.00213656 4.95046e-05 0.00084547 
0.152468 0.126867 0.00245992 6.84187e-09 0.00621846 0.000247216 0.00767184 1.92892e-09 3.75306e-05 7.02761e-05 0.000102886 0.000264988 2.24306e-05 0.702552 0.000265267 0.000751804 
6.29579e-07 0.0324872 0.0372656 3.15285e-05 9.97373e-05 0.734137 0.0735469 4.34804e-07 0.0102606 0.0415524 0.0225755 0.000326644 0.00286446 0.0119868 0.0012163 0.0316485 
0.0101284 0.180564 0.273064 0.0111802 3.27215e-05 0.000619305 0.000863968 4.50035e-08 0.00242776 1.72293e-06 0.000919097 1.66111e-05 2.41597e-05 0.0486516 2.13226e-05 0.471485 
0.000119229 7.04487e-06 1.33704e-05 2.083e-12 1.32417e-08 5.17359e-07 0.0112878 2.0451e-12 2.06791e-09 5.16155e-10 0.00216181 0.986409 2.41034e-08 9.59837e-11 1.19223e-06 1.05151e-09 
0.0120869 0.019277 0.00566445 7.39215e-08 4.9346e-07 0.952206 0.00418614 6.24641e-10 1.93575e-06 7.10434e-10 0.0034118 1.77143e-07 0.00095152 0.00204645 4.36919e-07 0.00016672 
0.0124763 0.0613253 0.0179895 0.613959 0.00127842 0.00395252 0.113257 2.3528e-07 0.000159418 0.000376291 1.57454e-05 0.0710073 6.38128e-06 0.0981663 0.00568255 0.000347738 
0.000363536 0.0410359 0.0685962 0.00544141 6.8087e-05 0.400522 0.0953665 5.73325e-05 0.016794 0.0017494 0.00275426 0.0365086 6.36458e-05 0.0141768 0.00037379 0.316128 
0.00596634 0.206836 0.0706204 3.11214e-05 0.417839 0.0378224 0.0769783 2.23171e-07 0.00179027 7.84133e-05 0.0438738 0.0589652 0.000194356 0.0643765 0.000237702 0.0143907 
0.0191042 0.147729 0.471529 0.000193686 0.00296918 0.0825567 0.0829122 0.000150962 0.00179963 0.000487699 0.0127908 0.0172523 0.00509886 0.142369 0.00462482 0.00843198 
0.0124763 0.0613253 0.0179895 0.613959 0.00127842 0.00395252 0.113257 2.3528e-07 0.000159418 0.000376291 1.57454e-05 0.0710073 6.38128e-06 0.0981663 0.00568255 0.000347738 
0.0242018 0.186352 0.0074722 3.95562e-05 1.91964e-05 0.015268 0.107223 1.83298e-05 0.00264354 0.000172255 0.000110015 0.0878313 0.00781141 0.558848 0.000278337 0.00171103 
0.172208 0.00866357 0.00676716 6.09944e-08 0.0218674 0.00177121 0.00760928 4.52269e-08 0.000781515 0.000286009 0.000301101 0.000534622 0.0404428 0.735994 0.00110629 0.00166657 
0.0381344 0.058334 0.0535099 0.0161874 0.000357691 0.000243755 0.00304362 3.2578e-07 0.00318382 9.89828e-05 0.000308939 4.488e-05 7.98316e-05 0.792472 1.13612e-06 0.0339991 
0.0617113 0.217811 0.193742 0.00318791 0.000821702 0.0132839 0.0655774 0.000107908 0.00474727 0.00106605 0.0143521 0.0136965 0.00177647 0.370084 0.0021788 0.0358549 
0.172208 0.00866357 0.00676716 6.09944e-08 0.0218674 0.00177121 0.00760928 4.52269e-08 0.000781515 0.000286009 0.000301101 0.000534622 0.0404428 0.735994 0.00110629 0.00166657 
8.08528e-08 0.000309648 1.3932e-07 0.673307 3.34027e-08 0.0163297 0.263955 6.33914e-12 0.000168216 3.17303e-08 0.000211278 0.000521032 3.75725e-06 0.0388556 0.00553997 0.000798987 
0.494369 0.034661 0.141896 0.00119668 0.00170059 0.00525538 0.0117193 5.04009e-06 0.000716251 0.0132147 0.000535194 0.000110498 0.000220257 0.229943 2.30747e-05 0.0644349 
0.26246 0.136519 0.0668992 3.59591e-07 5.45445e-06 0.0211449 0.200798 6.41056e-09 0.228297 0.00388585 0.0254649 0.000474188 0.00144617 0.02887 0.00091844 0.0228164 
0.00358748 0.110828 0.0310981 8.60845e-06 0.00591331 0.578698 0.10741 9.27216e-10 0.0766321 0.000801014 0.00800363 0.0224283 0.00060734 0.0500163 0.000211456 0.00375631 
0.0606302 0.163117 0.0671805 0.00136673 0.000559329 0.0101767 0.0993825 7.46255e-05 0.0265134 0.00552599 0.0141718 0.0385909 0.00501648 0.415048 0.00476393 0.0878819 
0.109754 0.0210213 0.29341 1.20852e-05 0.00225366 0.0152716 0.189348 3.98065e-06 0.0139556 6.10029e-05 0.0203796 0.00227249 0.00156174 0.320966 6.42595e-05 0.00966491 
0.00616272 0.124601 0.762359 0.00108411 2.74243e-05 0.0010714 0.00637426 3.96166e-06 0.000492841 0.00268418 0.00337883 0.00017329 0.0226127 0.026746 0.000975392 0.0412525 
0.00804258 0.110259 0.182049 0.00100187 0.000131327 0.0555416 0.0038945 8.32749e-05 0.00332381 0.000481705 0.533007 0.0297479 0.000382226 0.0561175 9.88759e-05 0.0158368 
0.00766414 0.115798 0.617325 0.000131834 0.000704159 0.114189 0.00544804 2.81732e-05 0.00549912 0.000279949 0.000928261 0.000702344 0.0151298 0.0464647 7.28148e-05 0.069634 
0.00466856 0.063068 0.0332017 0.00471753 0.00216372 0.147764 0.09853 1.47444e-05 0.467196 2.8387e-05 0.00463364 0.00484032 1.53301e-05 0.163161 8.3895e-05 0.00591299 
0.00565241 0.40464 0.276631 7.50481e-05 0.00153662 0.111722 0.0647439 4.29556e-05 0.00341376 0.00589084 0.0171443 0.0130253 7.13363e-05 0.0890815 0.000107237 0.00622201 
0.0984907 0.14216 0.0876336 0.000866552 0.00225286 0.00804182 0.0283594 7.97273e-06 6.36788e-05 0.000167074 0.531508 0.00755669 0.053751 0.0339987 0.00260978 0.00253261 
0.0285851 0.00419173 0.102957 0.000382893 1.47408e-05 0.00145896 0.349984 1.54843e-08 0.000522023 0.00138909 0.0023175 6.14804e-05 5.01915e-06 0.506563 0.000101283 0.00146605 
0.0184012 0.0804105 0.0481871 0.000146943 0.000863451 0.0508928 0.47093 3.86698e-05 0.00504182 0.00532278 0.00162885 0.225561 0.000412813 0.0601272 0.000954442 0.0310805 
0.0395304 0.15902 0.370626 0.00333341 0.000422144 0.0180063 0.0577892 2.70189e-05 0.161211 0.000396716 0.00263515 0.00598616 0.00768992 0.151567 0.000867789 0.0208919 
0.041724 0.318504 0.0127255 2.85012e-05 0.000310352 0.104158 0.0746588 2.32842e-06 0.00724571 0.000108214 0.000872681 0.0185839 6.79293e-05 0.413919 1.59121e-05 0.0070756 
0.0682064 0.0595568 0.118341 0.00103241 0.129994 0.0217612 0.221179 6.80079e-06 0.00250283 2.93377e-05 0.0127746 0.176303 0.000317782 0.178974 0.000188076 0.00883254 
0.0831673 0.159032 0.0366859 8.44239e-07 2.44511e-07 0.00292328 0.0172202 1.02867e-07 0.00010017 1.95016e-05 0.0150639 8.04872e-05 1.28428e-06 0.626919 1.49116e-05 0.0587713 
0.00456627 0.64647 0.0381468 4.38084e-05 0.0032473 0.0135523 0.0129544 4.96755e-07 0.000667296 2.45174e-05 0.0021895 0.0102963 3.05588e-05 0.262204 3.6901e-06 0.00560295 
0.00173482 0.00412248 0.0468862 0.0157051 0.00112343 0.488257 0.0516359 3.4436e-08 0.124725 0.000232388 0.125399 5.05039e-05 0.00145371 0.13607 1.88676e-05 0.00258642 
0.00779022 0.0422759 0.601327 0.00489783 0.000260336 0.0139 0.0303593 2.85368e-06 0.00126914 0.000959311 0.000186376 0.024367 0.0834394 0.0650335 0.000106081 0.123825 
7.30973e-11 1.25906e-06 5.14945e-07 2.95576e-12 2.8456e-09 1.86559e-05 0.000545319 2.90199e-12 4.52895e-05 1.0277e-09 0.999023 0.000330805 2.57057e-05 5.5076e-09 5.21058e-09 9.46283e-06 
0.0380187 0.0829943 0.567102 0.00907576 0.00102283 0.0328663 0.0575069 0.000104321 0.0243613 0.000652681 0.0121247 0.00230074 0.000339316 0.0883093 0.0181433 0.0650781 
0.011722 0.0120561 0.0185227 1.91007e-06 1.75261e-06 0.495249 0.0129866 7.37739e-10 0.00285332 2.35376e-05 0.433367 0.000453378 0.00014458 0.0100479 0.000765521 0.00180414 
0.00467787 0.00131717 0.165488 0.00043012 0.000284233 0.734156 0.0512775 6.21855e-06 0.0145997 1.56822e-05 0.00662647 0.000423159 0.00579711 0.0103157 0.000126033 0.00445954 
0.00857379 0.568911 0.0261133 1.55408e-08 2.52526e-05 0.0158692 0.0742825 7.84631e-09 0.000236549 0.000377694 0.0105017 0.0823284 0.000104907 0.171616 6.25221e-08 0.0410601 
0.0409033 0.540374 0.0863472 1.19785e-08 8.86888e-05 0.00449238 0.025727 2.75242e-09 0.000271273 0.000551285 0.0132816 0.119436 0.11998 0.0445868 1.45734e-06 0.00395928 
0.0124763 0.0613253 0.0179895 0.613959 0.00127842 0.00395252 0.113257 2.3528e-07 0.000159418 0.000376291 1.57454e-05 0.0710073 6.38128e-06 0.0981663 0.00568255 0.000347738 
0.0124763 0.0613253 0.0179895 0.613959 0.00127842 0.00395252 0.113257 2.3528e-07 0.000159418 0.000376291 1.57454e-05 0.0710073 6.38128e-06 0.0981663 0.00568255 0.000347738 
7.18843e-05 0.017449 0.00267383 0.0691917 2.01774e-05 0.00281815 0.888496 1.1835e-09 0.000309588 9.10982e-05 8.79143e-06 0.00424765 3.68836e-05 0.0134196 4.38222e-08 0.00116586 
0.00410018 0.0353692 0.000218709 3.09736e-06 1.16257e-05 0.00125122 0.0988227 1.43708e-06 6.80808e-05 3.70785e-05 8.68675e-05 0.055526 2.26716e-05 0.0541467 0.75004 0.000294354 
0.00297918 0.0339974 0.166032 1.20295e-05 0.000398799 0.0145987 0.00455261 1.18153e-05 0.721663 7.58112e-05 0.00338068 0.00907887 0.00121759 0.0390692 0.000205111 0.00272681 
0.00128319 0.0541228 0.0310607 0.0653268 4.84244e-07 0.00693211 0.293076 1.18497e-10 0.0363968 2.25438e-06 6.51725e-09 8.41377e-05 2.55565e-05 0.49067 0.000505254 0.0205136 
0.00627233 0.0475779 0.208521 0.0140579 0.0010009 0.0331835 0.0611374 2.78412e-11 0.0115924 8.22904e-06 0.00671033 0.000153122 0.000732057 0.505147 1.21774e-07 0.103905 
0.019709 0.739511 0.0264277 5.99881e-06 6.06746e-06 0.01674 0.00602311 5.92224e-06 0.000528454 0.000447547 1.58995e-05 0.0022257 1.02207e-05 0.103891 8.47288e-06 0.0844446 
0.134419 0.204501 0.0580826 0.000781619 0.00014353 0.00502553 0.0309985 6.74319e-08 0.000262036 4.01218e-05 0.000254673 0.0218706 3.90596e-05 0.528517 0.00012665 0.0149381 
0.0964584 0.198646 0.0263262 3.80625e-06 9.24404e-06 0.00958942 0.0937013 3.09113e-06 0.00266171 0.000394979 0.00117873 0.0260735 4.58341e-06 0.494971 0.000632055 0.0493455 
0.0062533 0.0118535 0.273026 0.010432 0.000393023 0.434538 0.0322983 8.09406e-06 0.0140931 0.000384169 0.148655 0.00893875 0.0008208 0.055427 8.7998e-05 0.00279064 
0.280305 0.0978824 0.161224 0.000783138 0.000775262 0.0420961 0.0913023 5.17016e-05 0.0223891 0.00108396 0.00193602 0.00989741 0.00188836 0.195067 0.00713306 0.0861853 
0.0158359 0.112522 0.0536382 5.88276e-08 0.00450254 0.113533 0.239613 3.82441e-08 0.0129103 0.000517571 0.00105422 0.00296084 5.5406e-05 0.420889 0.000141677 0.0218261 
0.293203 0.0731228 0.0185147 0.00480572 0.000380227 0.0139493 0.0733012 3.09976e-05 0.000193676 0.000217453 0.0146616 0.0154159 0.00795267 0.460464 0.00915478 0.014632 
0.0578691 0.131128 0.0305121 0.00240698 0.00373803 0.00420592 0.039483 8.65856e-05 0.000620358 0.00043813 0.00491984 0.0282097 0.00492878 0.16859 0.00126132 0.521602 
0.0063912 0.0507031 0.00545909 1.62052e-05 0.0018694 0.00537974 0.132078 1.42646e-07 0.00105839 1.90295e-05 0.0198587 0.75886 0.000232382 0.0172175 0.000385984 0.000472038 
0.0492446 0.161991 0.271786 0.00241205 0.0026185 0.0221066 0.0415512 2.85416e-05 0.00335165 0.000642737 0.020385 0.0586756 0.0159002 0.155304 9.40497e-05 0.193908 
0.0347943 0.0220081 0.0557677 2.59738e-06 0.0269825 0.127287 0.593504 1.294e-06 0.00481826 0.00460024 0.00992333 0.0742034 0.0001721 0.0353789 0.00562338 0.00493306 
0.0731726 0.290354 0.355633 0.000928225 0.0050356 0.0359796 0.0202 0.000356141 0.00471276 0.000565629 0.00939613 0.00154189 0.00704309 0.15731 0.000997558 0.0367741 
0.0415821 0.403695 0.101409 2.87524e-05 0.000847521 0.00803718 0.0382044 3.77152e-06 0.00380734 0.00444474 0.00305044 0.0309687 5.72457e-06 0.329992 1.55574e-05 0.0339078 
0.0124763 0.0613253 0.0179895 0.613959 0.00127842 0.00395252 0.113257 2.3528e-07 0.000159418 0.000376291 1.57454e-05 0.0710073 6.38128e-06 0.0981663 0.00568255 0.000347738 
0.0102318 0.00833048 0.0037088 1.257e-05 0.000271244 0.0271056 0.149406 1.9974e-08 0.703178 3.23155e-05 8.44897e-05 0.00688965 1.69232e-06 0.0890039 5.1785e-05 0.00169098 
0.000347368 0.681236 0.0880287 6.33829e-09 7.30787e-08 0.000578315 0.0323948 3.38375e-09 0.00111735 4.7998e-06 1.36844e-05 0.00306364 1.01201e-06 0.190114 1.00823e-05 0.00309048 
0.00824382 0.0849474 0.490042 0.00117329 0.000216303 0.0118017 0.0557091 2.72098e-05 0.00404966 0.000108829 0.0871159 0.167631 0.0339864 0.0300387 0.000873396 0.0240355 
0.0254377 0.035429 0.0187169 0.000529062 0.00743357 0.0426503 0.170972 5.40866e-07 0.432271 0.00536429 0.00017923 0.0359111 3.88597e-05 0.210482 0.000452266 0.0141322 
0.0267522 0.0588085 0.105567 2.3791e-07 0.000150638 0.109995 0.307517 1.764e-07 0.00249611 0.000275552 0.070903 0.00337015 0.0968177 0.202792 0.000500896 0.0140539 
0.00314723 0.0490631 0.0028849 7.8377e-07 0.0215977 0.596674 0.0244554 5.80459e-09 0.000753787 9.6048e-06 0.0076289 0.00128593 0.000170205 0.0102847 2.46512e-07 0.282044 
0.0173416 0.117036 0.0499665 1.3219e-05 0.00105681 0.344719 0.0599124 1.61354e-07 0.0884293 0.00277811 0.160028 0.00478395 1.5638e-05 0.0304223 0.00109864 0.122399 
0.0120869 0.019277 0.00566445 7.39215e-08 4.9346e-07 0.952206 0.00418614 6.24641e-10 1.93575e-06 7.10434e-10 0.0034118 1.77143e-07 0.00095152 0.00204645 4.36919e-07 0.00016672 
0.310727 0.00272371 0.00128587 4.05594e-08 0.00102326 0.0245134 0.544331 7.8631e-09 1.28521e-06 0.00323602 4.30877e-05 0.0397471 0.000272323 0.0559699 0.0159907 0.000135338 
0.0137438 0.127024 0.132088 0.00565225 0.00811947 0.0299575 0.398858 1.26937e-05 0.0225882 0.00371168 0.00972076 0.133526 9.62189e-05 0.0418658 2.28324e-05 0.0730134 
0.0365626 0.0718045 0.0292672 0.001318 0.0110364 0.0147514 0.100386 8.93597e-05 0.037855 0.00187722 0.00231603 0.01143 0.0029408 0.639399 0.00870958 0.0302562 
0.0201274 0.00568854 0.215125 0.00533983 0.0532695 0.434408 0.0439929 7.37535e-06 0.000487653 7.69224e-05 0.0883592 0.00257847 0.000845693 0.0462651 2.69135e-05 0.0834016 
0.0103646 0.116368 0.485164 0.00504083 0.0293353 0.114889 0.0185683 1.01472e-08 0.180068 0.000162348 0.000225557 0.000301504 8.19092e-05 0.0300489 0.000100904 0.00928139 
0.0063912 0.0507031 0.00545909 1.62052e-05 0.0018694 0.00537974 0.132078 1.42646e-07 0.00105839 1.90295e-05 0.0198587 0.75886 0.000232382 0.0172175 0.000385984 0.000472038 
0.0672553 0.0733107 0.210815 0.000503021 0.0770806 0.0316656 0.0228814 0.000285267 0.0124987 0.00833387 0.432821 0.00629957 0.00343689 0.0277504 0.000379001 0.0246839 
0.391489 0.0992373 0.0873483 2.02871e-05 0.0120693 0.0449444 0.108752 8.70914e-06 0.00163952 0.00178821 0.010471 0.0165373 0.00337734 0.0708203 0.00201458 0.149482 
0.00120933 0.0373071 0.000272833 5.43608e-05 0.000645563 0.00068538 0.316432 1.9284e-06 0.0051273 2.85613e-05 0.000399388 0.00411848 9.37243e-06 0.0160538 0.61575 0.00190502 
0.108353 0.281975 0.0460513 4.2216e-05 0.00195143 0.0109186 0.0465255 3.11077e-07 0.0502168 0.000383621 0.000742155 0.0111928 2.60125e-05 0.399366 9.93361e-05 0.0421549 
0.00337766 0.0761257 0.0975228 2.03121e-05 5.27023e-08 0.0033677 0.0720379 8.02741e-12 3.47238e-07 0.000964806 4.08048e-05 3.78307e-05 5.38662e-06 0.74371 2.34303e-05 0.00276524 
0.0124567 0.0179769 0.0406941 0.00020146 0.293987 0.00377968 0.054198 1.99141e-05 0.000207094 0.00019747 0.000262618 0.0128672 0.0205275 0.517417 0.000745926 0.0244612 
0.0420589 0.0492961 0.202631 0.410141 0.00970995 0.00299254 0.0340362 0.00019 0.00325448 0.00328306 0.00202947 0.00384959 0.000940289 0.0768179 0.000319642 0.158449 
0.0206073 0.176312 0.399948 0.00294206 0.00962163 0.0617432 0.124226 1.38884e-05 0.0265376 0.000123284 0.0084771 0.0253618 0.000544804 0.0560109 0.00279824 0.0847318 
0.0195262 0.103823 0.0622668 0.00472996 7.74872e-05 0.0911745 0.261107 9.46729e-06 0.0534108 0.00249593 0.026815 0.0326795 0.000178092 0.278871 6.40221e-05 0.0627711 
0.237775 0.044544 0.0751707 4.02839e-07 2.55345e-05 0.136141 0.349179 4.03476e-08 0.00613961 7.75359e-06 0.0452672 0.0361147 0.003018 0.044774 0.0187359 0.00310748 
0.0119111 0.0478376 0.210687 0.00303539 0.00105952 0.237995 0.171405 4.20752e-05 0.00014695 0.148845 0.0615315 0.0250145 0.000501035 0.0369307 0.0176241 0.0254332 
0.130595 0.0398604 0.164073 0.0108766 0.000103381 0.482247 0.0239521 9.2725e-05 0.0055301 0.00998475 0.0020287 0.002589 0.0022133 0.0862703 0.000607429 0.0389761 
0.0465531 0.235751 0.527244 0.0001778 7.19175e-05 0.000902835 0.0021921 4.29953e-05 0.00036692 0.000911019 0.00206156 0.0173214 6.45446e-05 0.0247141 0.000288243 0.141337 
0.00117207 0.180972 0.0879521 0.0148192 5.33292e-07 0.512541 0.0652157 4.10277e-08 0.000425935 0.00316835 0.057929 0.000625337 0.000154184 0.0716204 0.000299587 0.0031049 
0.0158121 0.0646159 0.029576 7.04707e-07 0.00474422 0.503872 0.348462 2.01579e-07 0.0114823 4.47606e-05 0.0156392 0.00203072 0.000147273 0.00186235 2.23374e-07 0.00170972 
0.172208 0.00866357 0.00676716 6.09944e-08 0.0218674 0.00177121 0.00760928 4.52269e-08 0.000781515 0.000286009 0.000301101 0.000534622 0.0404428 0.735994 0.00110629 0.00166657 
0.170195 0.161949 0.11073 0.00170205 0.0194534 0.0521127 0.170459 2.16643e-05 0.0318553 0.00583435 0.00648531 0.0109744 0.00372946 0.161669 0.000161733 0.0926672 
0.0268293 0.336391 0.027612 0.00121078 0.00544885 0.0118569 0.187282 2.88218e-07 2.88363e-07 0.00141234 0.00666176 0.0253593 2.88455e-07 0.287173 0.0118502 0.070911 
0.0447032 0.258786 0.130365 0.000748737 0.0127748 0.00623369 0.0467183 2.16561e-05 0.0165234 0.00196358 0.00377404 0.0144315 0.00418953 0.328687 0.000279313 0.129799 
0.0020047 0.0455149 0.0568892 5.68687e-06 0.000341895 0.0810245 0.650229 2.544e-08 0.0150948 2.07594e-06 0.0410312 0.0010381 2.46375e-05 0.00690445 3.20143e-06 0.0998914 
