0.0318391 0.000836308 0.00612861 3.68608e-06 0.000719389 0.00154835 0.0540533 1.10364e-05 0.429316 0.000471881 0.0211721 0.000314766 0.409304 0.0409706 0.000203903 0.00310704 
0.0183888 0.0428885 0.0624943 1.71896e-05 0.00021528 0.135039 0.151458 7.58148e-07 0.318137 2.45984e-08 0.00577609 2.76763e-05 0.000958113 0.22859 2.26859e-06 0.0360071 
0.0318391 0.000836308 0.00612861 3.68608e-06 0.000719389 0.00154835 0.0540533 1.10364e-05 0.429316 0.000471881 0.0211721 0.000314766 0.409304 0.0409706 0.000203903 0.00310704 
4.31718e-06 0.103044 3.02114e-08 0.00987793 4.22501e-11 4.67176e-08 0.214431 7.82414e-08 0.370146 0.00292244 0.000135005 4.15814e-07 6.04225e-09 0.176313 2.7544e-06 0.123122 
0.000541138 0.00118225 0.00250519 3.66028e-06 8.63772e-07 0.0401155 0.011183 6.60474e-07 0.933988 2.03511e-07 0.00389932 4.33292e-08 3.22138e-05 0.00618456 4.11851e-10 0.000362995 
0.0143301 0.097652 0.00526342 2.42263e-09 3.94391e-05 0.0132653 0.230103 4.60678e-06 0.353806 1.33861e-06 0.000134806 0.000775513 6.16695e-06 0.282947 0.00146318 0.000207495 
0.0922011 0.0399951 0.00843819 3.26962e-06 0.000276144 0.0198959 0.185146 1.69272e-07 0.371905 0.000101339 0.0260357 0.0485127 2.90994e-06 0.207324 0.000135776 2.68324e-05 
0.00223795 0.00518921 0.272231 0.00929091 1.63659e-08 0.0244968 0.0326251 1.69037e-05 0.278944 0.0225536 0.00512129 0.000898582 0.00381834 0.0749673 0.00548921 0.26212 
0.0179828 0.00691137 0.00736946 8.54675e-06 0.00051936 0.00218722 0.00673133 6.34083e-09 0.907787 1.38628e-05 0.0240376 0.00263122 7.97192e-06 0.0237915 3.80976e-07 2.03355e-05 
0.000390029 0.0545917 0.0391462 3.29824e-08 0.000222586 0.00274519 0.217209 2.1497e-05 0.541778 2.34208e-06 0.00306798 0.00240992 4.90727e-06 0.137611 7.32375e-09 0.000799746 
0.00136566 0.0150734 0.00107145 0.00282692 0.000295876 0.0207932 0.0551342 6.05975e-11 0.871529 0.0010884 0.00101581 0.00231523 1.10745e-05 0.0255687 0.00020453 0.00170669 
0.00384198 0.00158888 0.302518 0.0213481 0.000191092 0.00221404 0.000528031 3.58187e-05 0.633465 3.32328e-08 0.000580667 8.15732e-07 0.0151365 0.0139422 1.97096e-05 0.00458928 
0.0056419 0.0180708 0.0370066 0.00210793 0.000215973 0.00907729 0.122346 1.36733e-06 0.761773 3.64844e-05 5.801e-06 0.00167779 1.9868e-05 0.0256794 8.36047e-05 0.016256 
0.00136566 0.0150734 0.00107145 0.00282692 0.000295876 0.0207932 0.0551342 6.05975e-11 0.871529 0.0010884 0.00101581 0.00231523 1.10745e-05 0.0255687 0.00020453 0.00170669 
0.00649157 0.0065954 0.0287111 8.39888e-08 4.02489e-05 0.03875 0.00207522 1.04529e-06 0.77156 0.000413082 0.0153078 0.00133036 7.70897e-06 0.0914589 1.9722e-06 0.0372559 
0.00645125 0.0142857 0.375175 0.00168767 3.24197e-05 0.0310332 0.00381963 0.0160661 0.451784 0.00160177 0.00231432 6.66161e-05 0.0112414 0.0606691 0.000439762 0.0233317 
0.010678 0.00224603 0.000698287 0.000282803 0.222448 0.00321669 0.129391 6.24016e-06 0.4759 0.00133764 2.95164e-05 0.00317522 0.0160615 0.133278 0.000159845 0.00109122 
0.000572039 0.00493298 0.00104817 0.000242073 3.7693e-06 0.000442833 0.203911 4.65037e-06 0.540431 9.43046e-05 1.09995e-05 0.000566769 2.37264e-06 0.234381 0.000473217 0.012883 
0.0892611 5.55132e-06 0.232542 9.05592e-11 7.20663e-11 0.0951327 0.0632059 7.02493e-07 0.384664 1.00123e-06 1.31133e-06 0.00158759 0.000552822 0.127336 6.24547e-08 0.00570948 
0.0198408 0.165465 0.146196 1.20109e-05 0.00141241 0.00094881 0.0322242 1.04352e-05 0.335347 0.000260864 0.0124714 0.000669425 0.000666937 0.0906062 1.93453e-05 0.193849 
2.20402e-05 0.00214424 0.416629 1.4983e-06 7.77564e-05 0.00326309 0.000346767 1.99099e-07 0.502705 6.66189e-10 0.000327616 3.62238e-06 0.000415427 0.0730917 2.8041e-07 0.000971752 
0.0501476 0.0319226 0.249661 0.0389659 3.70398e-05 0.00515646 0.038818 5.19259e-06 0.41115 0.000672872 0.00196055 0.0183626 0.00234506 0.126463 0.000141134 0.0241917 
0.00122292 0.00149582 2.22743e-07 2.83791e-09 0.000747622 0.00199331 0.0051803 1.50749e-09 0.974286 1.85883e-06 4.965e-05 0.000243904 4.44039e-09 0.0147782 6.09169e-10 9.04531e-09 
0.000600069 0.0357222 0.0429126 2.07401e-05 0.00643307 0.0154792 0.00428079 2.49165e-05 0.87766 5.06407e-05 0.000185743 0.00525487 2.46565e-05 0.00958645 2.77422e-05 0.00173592 
5.32191e-05 0.000388032 0.000543203 1.48861e-05 1.18462e-05 0.000193061 4.07011e-05 6.35617e-05 0.998319 8.63852e-05 9.9157e-05 1.45244e-05 1.1926e-05 0.00010421 1.46038e-05 4.13419e-05 
0.00106853 0.0238527 0.13433 2.29188e-06 0.000185849 0.243379 0.0581839 0.0013813 0.392682 0.000123656 0.000313046 0.000258517 0.000100221 0.132007 0.000104478 0.0120276 
0.0717344 0.0292724 0.0164709 3.30927e-05 5.35732e-07 0.0122301 0.0375211 1.23282e-08 0.673047 0.000134133 0.0102612 1.7973e-06 1.38749e-05 0.074124 5.39993e-09 0.0751557 
0.0047976 0.151637 0.0278777 5.50229e-05 3.23201e-05 0.142894 0.0752176 3.16234e-06 0.356647 0.00353603 0.00267304 0.0050566 6.71115e-05 0.213612 0.00134649 0.0145473 
2.26084e-07 0.00628425 0.0278472 3.48847e-05 1.26174e-05 0.103463 0.0382901 3.48311e-05 0.788819 2.67191e-05 0.000428288 1.10086e-07 1.44424e-05 0.0236075 3.32842e-08 0.011137 
0.135941 0.0790173 0.0513189 0.000102126 0.00413084 0.000432616 0.00644824 6.42189e-07 0.36086 0.0004115 0.000427829 0.000152724 0.000320399 0.344531 0.000718016 0.0151862 
0.0318391 0.000836308 0.00612861 3.68608e-06 0.000719389 0.00154835 0.0540533 1.10364e-05 0.429316 0.000471881 0.0211721 0.000314766 0.409304 0.0409706 0.000203903 0.00310704 
0.0583042 0.00566744 0.0495442 0.00143786 0.00172272 0.000162826 0.04093 2.57928e-06 0.801884 4.09855e-05 8.82714e-05 0.00134244 1.95441e-07 0.00467369 7.5949e-05 0.0341227 
9.71807e-05 0.00576408 9.54664e-05 1.35321e-05 2.75874e-06 0.0121585 0.000546898 2.50712e-05 0.981029 2.41026e-05 0.000164962 5.92668e-05 9.83867e-07 1.38907e-05 2.38841e-06 1.4915e-06 
0.000541138 0.00118225 0.00250519 3.66028e-06 8.63772e-07 0.0401155 0.011183 6.60474e-07 0.933988 2.03511e-07 0.00389932 4.33292e-08 3.22138e-05 0.00618456 4.11851e-10 0.000362995 
0.000512059 0.000383966 0.000834102 0.0013711 1.68276e-05 0.0651796 0.0389974 5.52662e-05 0.850979 0.000279855 0.00023259 0.00020246 5.29392e-05 0.00105911 0.000332191 0.0395112 
0.00826874 0.0120895 0.0173554 6.22219e-07 0.00484739 0.012579 0.244261 1.00327e-06 0.551192 0.000461787 0.00415483 0.00229318 0.000813158 0.134186 3.58737e-05 0.00746065 
0.000433423 0.00154177 0.10919 0.000629566 1.66592e-06 0.0609091 0.00140256 1.76926e-07 0.818063 2.01226e-07 2.61413e-05 2.86853e-08 1.14361e-05 0.00631801 2.02318e-05 0.00145259 
0.00136566 0.0150734 0.00107145 0.00282692 0.000295876 0.0207932 0.0551342 6.05975e-11 0.871529 0.0010884 0.00101581 0.00231523 1.10745e-05 0.0255687 0.00020453 0.00170669 
0.010678 0.00224603 0.000698287 0.000282803 0.222448 0.00321669 0.129391 6.24016e-06 0.4759 0.00133764 2.95164e-05 0.00317522 0.0160615 0.133278 0.000159845 0.00109122 
0.0318391 0.000836308 0.00612861 3.68608e-06 0.000719389 0.00154835 0.0540533 1.10364e-05 0.429316 0.000471881 0.0211721 0.000314766 0.409304 0.0409706 0.000203903 0.00310704 
0.142794 0.056253 0.0329794 5.20613e-09 0.0060547 0.0283884 0.0517052 3.63765e-06 0.458061 1.81616e-05 0.0018566 0.00606817 1.8289e-05 0.0786126 0.0900838 0.0471031 
0.000436211 1.74502e-07 0.0373372 1.67343e-09 1.3317e-09 0.109492 0.193028 1.64298e-09 0.591467 1.86864e-09 8.74763e-10 2.6638e-10 6.17888e-07 0.0682368 1.15294e-09 2.1404e-06 
0.0655108 0.00029533 0.0496793 0.0136678 0.000619451 0.0414478 0.0346257 2.18091e-05 0.336569 0.000247323 0.0516978 0.000306596 0.325081 0.0719822 0.00032402 0.00792415 
0.00837604 0.00662962 0.00296422 2.89323e-09 0.000288114 0.0213391 0.0938477 1.53951e-09 0.816554 4.32506e-05 0.000114476 0.0210806 4.51943e-09 0.0287364 6.23823e-10 2.69088e-05 
0.386946 0.000164067 1.44622e-07 8.33061e-09 7.14308e-10 0.00202238 0.0182364 8.81277e-10 0.566279 1.00232e-09 1.09263e-07 0.00360594 1.22609e-07 0.0049011 2.18732e-06 0.017842 
0.00110232 0.000905911 0.049096 0.00309915 0.000753652 0.0214265 0.037369 2.05042e-08 0.802509 7.31727e-08 0.000620875 2.28624e-05 0.00140328 0.0453859 0.000168816 0.0361368 
1.19929e-08 1.48088e-06 0.0496178 0.00210619 5.78699e-07 0.0036906 0.0195757 5.88629e-08 0.901385 6.69477e-08 3.134e-08 5.42445e-05 2.06385e-07 0.0234259 9.69981e-05 4.52367e-05 
0.0862717 0.0765241 0.120464 0.00355796 9.06187e-06 0.00143518 0.0473038 1.53495e-05 0.380883 0.000272445 0.000249997 0.0343849 0.0152744 0.10368 0.000227774 0.129447 
0.00136566 0.0150734 0.00107145 0.00282692 0.000295876 0.0207932 0.0551342 6.05975e-11 0.871529 0.0010884 0.00101581 0.00231523 1.10745e-05 0.0255687 0.00020453 0.00170669 
0.0179959 0.0274179 0.0256548 0.000854662 4.74261e-05 0.0224351 0.0232084 1.89756e-05 0.727692 5.33672e-05 3.28725e-05 7.69172e-05 2.9174e-05 0.132895 0.000235734 0.0213527 
0.147407 0.0258231 0.022869 1.22575e-07 0.000156279 0.0339036 0.0928205 9.01019e-05 0.474944 0.125738 0.0144602 0.00292045 0.000128624 0.0500214 3.45706e-05 0.0086827 
0.0179956 0.0725687 0.0337826 2.71093e-05 0.00385461 0.0249005 0.112696 5.32775e-07 0.407818 0.000208605 0.00275037 0.034533 1.38879e-05 0.208282 3.47993e-06 0.0805655 
0.000541138 0.00118225 0.00250519 3.66028e-06 8.63772e-07 0.0401155 0.011183 6.60474e-07 0.933988 2.03511e-07 0.00389932 4.33292e-08 3.22138e-05 0.00618456 4.11851e-10 0.000362995 
0.0104161 0.00543377 0.0956729 0.00240845 1.82507e-06 0.141938 0.250759 6.49669e-06 0.289904 0.00168449 0.00128576 0.000998708 4.50577e-05 0.0937416 7.2287e-06 0.105696 
0.00615067 0.0526565 0.0541305 2.73455e-05 0.00330837 0.0269538 0.112331 3.25841e-06 0.59641 1.29795e-07 0.000433485 0.00434657 1.90941e-05 0.139293 8.47747e-06 0.00392764 
0.0253608 0.0357806 0.0615309 2.61775e-06 2.7093e-06 0.153143 0.0255044 0.000310619 0.379487 0.000208689 0.00541325 3.79628e-07 1.58027e-06 0.0248742 0.000434217 0.287945 
0.0266996 0.102805 0.0119462 3.91273e-08 3.97497e-05 0.0133342 0.0542062 0.000223746 0.508381 2.62042e-05 9.40321e-05 0.000178386 4.47078e-05 0.273807 0.000219682 0.00799455 
0.00861641 0.0144105 0.0613614 2.53174e-05 0.00014366 0.00383158 0.0610981 8.03428e-06 0.602633 6.83217e-05 1.80239e-05 0.00281249 9.79557e-06 0.229278 1.16204e-05 0.0156737 
1.00679e-07 0.00264088 0.0359189 0.000226502 0.00015922 0.11309 0.000927736 4.94144e-07 0.843736 0.000129547 0.00060264 8.01165e-08 4.29071e-05 0.00194694 3.46757e-07 0.000578374 
0.0172731 0.00229722 0.246036 0.242121 0.000186653 0.00610451 0.0239498 1.66609e-08 0.330349 3.13129e-06 0.00449142 0.000123632 0.00154043 0.05228 1.16915e-08 0.0732442 
0.017507 0.0396204 0.0257479 2.16319e-12 2.30675e-07 0.0218509 0.0264989 2.12383e-12 0.670339 0.00120413 3.48291e-08 0.000534063 1.49398e-05 0.188974 0.000263536 0.00744494 
0.0536556 0.00414134 0.0381219 6.36884e-08 0.00331303 0.068527 0.00792549 6.36708e-08 0.344072 0.0754225 0.0508034 0.00715097 4.34239e-05 0.19527 2.57039e-05 0.151527 
1.3461e-08 1.85109e-05 1.96767e-05 6.72927e-08 5.3551e-08 0.282844 1.45369e-05 6.60685e-08 0.717082 7.51429e-08 3.51764e-08 1.07118e-08 1.90982e-08 9.99495e-06 4.63625e-08 1.08587e-05 
0.000541138 0.00118225 0.00250519 3.66028e-06 8.63772e-07 0.0401155 0.011183 6.60474e-07 0.933988 2.03511e-07 0.00389932 4.33292e-08 3.22138e-05 0.00618456 4.11851e-10 0.000362995 
0.103487 0.170006 0.0488631 9.65134e-07 0.000355408 0.0297119 0.095023 8.86547e-07 0.376583 0.00103579 0.0116685 0.00336358 0.000327896 0.154509 0.000329144 0.00473429 
0.0316113 0.0215136 0.225307 8.23626e-05 0.00164277 0.0466282 0.025239 5.43614e-06 0.450449 0.00012165 0.00542863 0.00584509 0.000575547 0.157382 0.00609857 0.0220693 
0.0231348 0.172982 0.101671 0.000119527 0.000407102 0.0426827 0.189355 6.62137e-05 0.247401 3.53064e-05 0.00298123 0.00831815 0.00882467 0.162104 0.000185139 0.0397328 
0.0318391 0.000836308 0.00612861 3.68608e-06 0.000719389 0.00154835 0.0540533 1.10364e-05 0.429316 0.000471881 0.0211721 0.000314766 0.409304 0.0409706 0.000203903 0.00310704 
0.000494283 0.0718191 0.0465064 2.56791e-05 3.31919e-07 0.0565606 0.0342434 0.00324859 0.289119 0.271969 0.0253123 0.00139215 9.24823e-05 0.0212598 0.00047895 0.177478 
0.000924957 0.0100894 3.18339e-06 4.12913e-08 0.000406672 0.0232345 0.123022 2.22642e-08 0.809738 0.00190126 0.00932113 0.0068621 6.36679e-08 0.0144742 1.27358e-06 2.16975e-05 
0.0253608 0.0357806 0.0615309 2.61775e-06 2.7093e-06 0.153143 0.0255044 0.000310619 0.379487 0.000208689 0.00541325 3.79628e-07 1.58027e-06 0.0248742 0.000434217 0.287945 
0.160001 0.00539641 0.178523 0.000280684 4.70445e-05 2.01223e-05 0.000590433 7.53017e-06 0.526556 0.000343275 8.62369e-05 0.0188066 4.65423e-05 0.022547 0.000627531 0.0861198 
0.0160611 0.0126749 0.022733 9.69261e-05 0.0967406 0.0190541 0.187669 8.1621e-05 0.325471 0.0015713 0.0447395 0.0172085 0.00762268 0.194477 0.0495948 0.00420364 
0.00745976 0.0845656 0.110691 5.02655e-06 3.11559e-05 0.135959 0.0580107 5.99036e-05 0.430584 8.6413e-06 0.00238159 0.00277805 6.10371e-05 0.123542 0.000901497 0.0429611 
0.0179828 0.00691137 0.00736946 8.54675e-06 0.00051936 0.00218722 0.00673133 6.34083e-09 0.907787 1.38628e-05 0.0240376 0.00263122 7.97192e-06 0.0237915 3.80976e-07 2.03355e-05 
0.0215998 0.0591602 0.0203646 6.94222e-09 0.00126839 0.000969139 0.1065 2.1033e-05 0.600517 0.000100714 0.000226698 0.0440536 5.31107e-06 0.143654 0.000190365 0.00136826 
0.00143556 0.00123151 0.0214497 4.5797e-10 6.53553e-05 0.00593518 0.0145678 4.49639e-10 0.879483 5.55205e-06 5.46141e-08 3.49265e-05 1.3707e-07 0.0353841 3.15526e-10 0.0404067 
0.0328221 0.0160389 0.0647704 0.00138071 2.15195e-05 0.0269669 0.0308208 1.30185e-05 0.214898 9.1602e-05 0.0388653 0.000742746 0.187462 0.190253 0.000927703 0.193925 
0.00867205 0.0171744 0.179391 0.199499 0.00395854 0.152103 0.0556997 2.31828e-08 0.234793 2.6367e-08 0.00754627 6.25489e-05 2.0944e-05 0.0701111 0.00100778 0.0699621 
0.00292489 0.0127144 0.066508 0.000223224 3.24552e-06 0.0635654 0.0742679 0.000155106 0.668014 7.64419e-05 0.000138312 0.00047004 8.77716e-06 0.0885137 0.000397387 0.0220192 
0.386946 0.000164067 1.44622e-07 8.33061e-09 7.14308e-10 0.00202238 0.0182364 8.81277e-10 0.566279 1.00232e-09 1.09263e-07 0.00360594 1.22609e-07 0.0049011 2.18732e-06 0.017842 
0.0441468 0.0189954 0.0398859 0.00130427 0.0100671 0.110932 0.134401 4.1154e-06 0.439427 5.79081e-05 0.00860091 0.000677165 0.0018354 0.134085 0.0167682 0.0388128 
0.000855751 0.0904309 2.59325e-07 7.89315e-09 0.0284072 0.00509214 0.080903 7.74955e-09 0.73435 0.00105159 9.79996e-07 0.0130676 1.20733e-05 0.0438681 0.00195704 2.94895e-06 
0.00136566 0.0150734 0.00107145 0.00282692 0.000295876 0.0207932 0.0551342 6.05975e-11 0.871529 0.0010884 0.00101581 0.00231523 1.10745e-05 0.0255687 0.00020453 0.00170669 
0.00984748 0.0224222 0.0491103 0.00391227 0.00197376 0.00676633 0.0864153 1.3313e-11 0.569091 0.00033371 0.000276318 0.000628653 0.00389186 0.168697 0.000559539 0.0760744 
0.000462456 1.10738e-07 0.0748862 0.0112112 4.28903e-07 1.34944e-05 0.00125114 6.87868e-06 0.892857 6.34291e-10 2.59252e-05 3.50206e-09 0.000265968 0.0160508 3.91352e-10 0.00296848 
0.00241298 0.00760969 0.00853082 6.69318e-05 1.11038e-10 4.00711e-05 0.224297 1.15742e-06 0.69621 1.55809e-10 2.49167e-08 0.0293201 2.79798e-08 0.028887 0.000196873 0.00242775 
0.00173175 0.00216185 0.405056 8.08398e-05 4.70499e-05 0.006459 0.00273382 0.023966 0.482558 2.04676e-08 0.00232031 2.09932e-06 0.00608888 0.0561187 8.91867e-06 0.0106668 
0.00286298 0.0408712 0.0118566 0.00765781 0.000478109 0.0800172 0.0958843 1.95302e-08 0.613844 0.00892079 0.00028312 0.00192075 1.32269e-05 0.124757 0.00142011 0.00921252 
0.104966 0.0132686 0.167437 3.74978e-08 2.67796e-05 0.00379884 0.0298536 1.56953e-05 0.518665 0.00216855 1.71448e-05 0.00483041 0.000259766 0.0296999 0.000213124 0.12478 
0.00136566 0.0150734 0.00107145 0.00282692 0.000295876 0.0207932 0.0551342 6.05975e-11 0.871529 0.0010884 0.00101581 0.00231523 1.10745e-05 0.0255687 0.00020453 0.00170669 
0.00428161 0.0220248 0.0321759 0.00354064 0.0115956 0.285734 0.169701 4.96293e-07 0.365126 0.00135266 0.00539379 0.0482522 4.85876e-05 0.0485267 0.000355416 0.0018908 
0.0759376 0.0277071 0.000735203 8.06693e-06 1.19462e-05 0.000882504 0.0449333 8.06222e-06 0.639093 0.00147786 3.57432e-05 0.0124032 2.35159e-05 0.183665 0.0033845 0.00969291 
0.0183729 5.62559e-06 0.0189883 6.48739e-09 1.25128e-06 0.00174124 3.60698e-07 6.36936e-09 0.883779 0.000642021 0.0486404 1.31135e-05 5.71944e-07 0.00394714 4.46959e-09 0.0238676 
0.0255257 0.00130138 0.106621 0.000744261 1.16757e-05 0.0325643 0.0238606 1.38904e-05 0.57734 4.99599e-05 0.00239154 0.0245203 0.000291856 0.200931 0.000107095 0.00372583 
0.0399663 0.0531482 0.029669 1.12054e-07 0.00124606 0.0163415 0.0138677 4.10047e-06 0.656812 1.42791e-05 0.00271327 5.73235e-05 0.00252181 0.0665523 1.17052e-05 0.117075 
1.41542e-06 3.16468e-06 0.0676326 1.69149e-09 4.0418e-06 0.343491 0.109846 8.182e-07 0.375522 3.3191e-07 0.0014421 4.16886e-06 0.000112627 0.100263 0.000183597 0.00149356 
0.00120955 6.03253e-10 0.415128 0.00456214 5.98938e-09 0.0160768 0.00399792 7.3894e-09 0.526221 0.0166247 3.93429e-09 7.91062e-07 1.22046e-07 0.00645049 5.18539e-09 0.0097284 
0.0435215 0.0279783 0.246642 0.00484868 0.0013091 0.0019909 0.0354443 1.14672e-06 0.479152 1.44183e-05 0.000127145 0.0110458 8.44643e-05 0.124242 4.24715e-06 0.0235943 
0.00136566 0.0150734 0.00107145 0.00282692 0.000295876 0.0207932 0.0551342 6.05975e-11 0.871529 0.0010884 0.00101581 0.00231523 1.10745e-05 0.0255687 0.00020453 0.00170669 
0.00290253 0.000602291 0.00207494 1.22968e-10 0.000238037 0.00916614 0.0409227 1.20731e-10 0.886667 1.43867e-06 9.62474e-05 0.000517899 3.79513e-07 0.0492215 1.30754e-07 0.00758901 
0.000476442 0.0236025 0.0200674 2.70765e-12 2.15472e-12 0.020937 0.000654894 2.1004e-08 0.934179 2.99359e-08 3.92076e-08 7.71969e-05 4.96102e-06 4.42698e-08 1.86735e-09 1.65721e-08 
5.25234e-06 0.0493843 0.248474 5.24744e-06 5.2487e-06 0.00683323 0.0724983 5.24751e-06 0.48407 5.24669e-06 0.00105532 0.00368207 5.25182e-06 0.133961 5.24935e-06 5.25245e-06 
0.386946 0.000164067 1.44622e-07 8.33061e-09 7.14308e-10 0.00202238 0.0182364 8.81277e-10 0.566279 1.00232e-09 1.09263e-07 0.00360594 1.22609e-07 0.0049011 2.18732e-06 0.017842 
0.00136566 0.0150734 0.00107145 0.00282692 0.000295876 0.0207932 0.0551342 6.05975e-11 0.871529 0.0010884 0.00101581 0.00231523 1.10745e-05 0.0255687 0.00020453 0.00170669 
0.000155382 0.00133317 0.000389776 2.3986e-08 0.000239981 0.000650255 0.0704753 1.35213e-08 0.912419 4.8767e-05 1.97449e-05 0.000304427 3.5313e-08 0.0139637 5.96976e-09 7.12499e-08 
1.0778e-05 0.000578631 0.00220723 1.52546e-05 0.000313863 0.10003 0.00631768 0.000758057 0.875499 1.10194e-06 0.000218074 3.56976e-07 7.63391e-05 0.00426607 2.73723e-07 0.00970729 
0.0387614 0.0231341 0.116363 0.000220469 0.00485648 0.0123183 0.128606 2.30421e-05 0.358098 0.000344129 0.0835591 0.0172691 7.17926e-06 0.0840543 0.107067 0.0253188 
0.000453842 0.0095809 0.00477882 1.22757e-06 0.00283405 0.0806866 0.109597 3.66873e-05 0.74307 4.11131e-06 0.000508867 0.000151831 4.19539e-05 0.0477402 1.58347e-05 0.000498244 
0.00136566 0.0150734 0.00107145 0.00282692 0.000295876 0.0207932 0.0551342 6.05975e-11 0.871529 0.0010884 0.00101581 0.00231523 1.10745e-05 0.0255687 0.00020453 0.00170669 
0.000644203 0.00106829 4.10278e-07 5.21518e-09 0.000359508 0.00224778 0.0114238 2.76485e-09 0.96828 3.10351e-06 1.99203e-07 0.00112299 8.1755e-09 0.0148494 1.11373e-09 1.66587e-08 
0.0353921 0.0134374 0.000941575 4.5292e-09 0.0199843 0.0131918 0.166539 1.30661e-08 0.599205 0.00456227 2.49513e-06 0.00673966 7.87728e-05 0.135632 0.000105346 0.00418735 
0.0665574 0.156243 0.278249 1.88331e-07 4.85101e-06 0.00953977 0.0111887 4.05342e-06 0.292219 0.0012317 0.00384386 0.0105038 0.00097793 0.153231 0.00173458 0.0144715 
0.00134334 0.0750635 0.161091 8.64384e-08 0.0112472 0.0187645 0.0719556 2.49802e-07 0.422552 0.000243885 0.00224113 0.215335 6.07099e-06 0.014339 7.1749e-05 0.00574518 
0.0576202 0.00479177 0.00642687 5.17438e-08 3.9105e-05 0.0105746 0.057311 9.87461e-06 0.394399 9.00788e-05 0.0227252 0.000134145 0.371733 0.0127774 0.0604031 0.000964708 
0.00136566 0.0150734 0.00107145 0.00282692 0.000295876 0.0207932 0.0551342 6.05975e-11 0.871529 0.0010884 0.00101581 0.00231523 1.10745e-05 0.0255687 0.00020453 0.00170669 
0.00136566 0.0150734 0.00107145 0.00282692 0.000295876 0.0207932 0.0551342 6.05975e-11 0.871529 0.0010884 0.00101581 0.00231523 1.10745e-05 0.0255687 0.00020453 0.00170669 
0.0037981 0.00701596 0.0193403 3.24398e-08 0.000845616 0.0193979 0.0152287 4.05212e-08 0.897785 1.65514e-08 0.00374858 2.38836e-05 0.00134528 0.0299035 4.088e-06 0.00156269 
0.0150114 0.0821452 0.0160935 3.26766e-07 0.0180842 0.0143151 0.324743 1.38706e-06 0.427129 0.000362608 0.000350601 0.00153747 0.000270762 0.0870892 5.63678e-05 0.0128096 
0.0110279 0.0750094 0.159765 1.75752e-11 1.87417e-06 0.0142375 0.0664189 1.72555e-11 0.522947 0.000229801 0.000481342 0.000588179 6.38514e-08 0.140458 0.0018263 0.00700876 
0.00441076 0.000329738 0.0878206 7.31104e-05 2.32762e-06 0.0290758 0.00219585 0.000261563 0.838961 0.00057596 3.08974e-05 6.89966e-06 0.000560413 0.031141 0.00113474 0.00341942 
0.00703674 0.00238066 4.24746e-07 5.67211e-09 6.59634e-05 0.00614462 0.0625258 1.28694e-06 0.907918 1.49652e-05 0.00012381 0.000512971 6.29917e-07 0.0132577 1.34125e-09 1.65002e-05 
0.0665031 0.0086459 0.0060328 1.45974e-05 0.000667028 0.00522461 0.186011 0.000104203 0.372167 0.0011426 0.0169393 0.0609405 0.141008 0.121319 0.000187509 0.0130926 
0.0484536 0.0518969 0.182731 0.000271693 0.000845907 0.0254243 0.0454403 0.00030072 0.295292 0.0283537 0.0901745 0.00821426 0.0735071 0.0875962 0.000395283 0.0611022 
0.00666705 0.0763903 0.294655 1.62887e-05 0.000194674 0.0282365 0.0350876 6.27429e-06 0.336863 9.48583e-05 0.00310774 8.05208e-05 0.000981966 0.146858 4.24304e-05 0.0707177 
0.0318391 0.000836308 0.00612861 3.68608e-06 0.000719389 0.00154835 0.0540533 1.10364e-05 0.429316 0.000471881 0.0211721 0.000314766 0.409304 0.0409706 0.000203903 0.00310704 
0.0326034 0.0383966 0.239297 0.00246793 0.0633986 0.121504 0.0518952 0.00166106 0.250749 0.000831565 0.00130812 7.54586e-05 0.00131616 0.102151 2.57887e-05 0.092319 
3.30356e-05 0.0618324 0.0062069 6.04783e-11 3.05386e-06 0.0067137 0.0739087 6.93625e-05 0.776885 1.87684e-07 8.98512e-08 0.0632279 1.88942e-08 0.00490836 4.67286e-08 0.00621155 
1.41542e-06 3.16468e-06 0.0676326 1.69149e-09 4.0418e-06 0.343491 0.109846 8.182e-07 0.375522 3.3191e-07 0.0014421 4.16886e-06 0.000112627 0.100263 0.000183597 0.00149356 
0.0183729 5.62559e-06 0.0189883 6.48739e-09 1.25128e-06 0.00174124 3.60698e-07 6.36936e-09 0.883779 0.000642021 0.0486404 1.31135e-05 5.71944e-07 0.00394714 4.46959e-09 0.0238676 
0.00136566 0.0150734 0.00107145 0.00282692 0.000295876 0.0207932 0.0551342 6.05975e-11 0.871529 0.0010884 0.00101581 0.00231523 1.10745e-05 0.0255687 0.00020453 0.00170669 
0.000936305 0.00214424 0.000252107 5.50217e-08 0.00109081 0.0120157 0.0533195 7.49213e-07 0.901258 9.55212e-05 0.000385093 9.02326e-05 4.92559e-09 0.0282782 3.75303e-07 0.000132645 
5.17162e-05 2.91338e-06 0.0205166 1.03492e-05 0.0114662 0.00371259 0.00321848 1.34195e-06 0.94766 0.00647956 0.00200801 1.26818e-05 0.000139909 0.00419953 2.95422e-08 0.000520225 
0.0210037 0.314437 0.0554225 0.000344325 0.00537156 0.0256762 0.0332779 0.000207475 0.339795 0.00658041 0.00132601 0.00541851 8.47234e-06 0.183692 3.02754e-05 0.00740891 
0.000603662 0.0491763 0.114721 7.97918e-07 1.57497e-06 0.002174 0.0100519 3.99715e-08 0.738504 2.36083e-06 0.000115845 0.00185158 2.83578e-05 0.0634472 0.000103521 0.019218 
0.00367399 0.00593477 0.0341181 1.78507e-09 0.000370675 0.0131404 0.367972 0.000112363 0.507503 9.08192e-05 0.00191653 0.0544765 3.3475e-06 0.00842912 5.59003e-05 0.00220232 
0.0432848 0.142106 0.0462957 1.07372e-06 0.00639114 0.0665353 0.132562 0.000443587 0.26208 0.00933888 0.00179283 0.0294991 0.000249374 0.230606 0.00190848 0.0269047 
0.0281022 3.79798e-07 0.0991333 0.00121356 1.67339e-06 1.1371e-06 0.00373386 1.25404e-07 0.459121 6.12121e-10 3.25236e-05 1.27717e-07 6.23322e-08 0.00467301 9.73169e-07 0.403986 
0.0305263 0.00462978 0.316527 0.000295927 2.9953e-06 1.27271e-06 0.000188192 1.64209e-07 0.491107 2.19072e-06 7.4871e-06 1.32218e-06 6.09935e-06 0.0122367 0.000138412 0.14433 
0.00199382 0.0484946 0.0354413 0.000746263 6.03161e-05 0.00365109 0.0106879 0.00348142 0.882244 2.71512e-05 6.1804e-07 7.30316e-05 1.74072e-10 0.00647998 6.57123e-05 0.00655296 
0.0330808 0.00228622 0.113 1.0555e-06 6.10739e-06 0.001567 0.171504 0.000200582 0.541483 9.07378e-05 0.000751067 0.0222091 0.0673929 0.00415691 0.0393864 0.00288384 
8.8017e-06 6.00593e-10 0.0300128 0.0894129 0.0055711 0.020084 0.000109477 1.74849e-06 0.852231 8.36726e-09 7.86671e-07 4.3014e-08 0.000692406 0.00184113 3.32177e-05 9.24668e-07 
0.00729504 0.00313536 0.0906858 0.00965264 0.000190498 0.0417752 0.0150166 0.000326694 0.806017 2.79175e-09 0.000627127 5.59162e-06 0.00106088 0.0184745 7.07623e-09 0.00573707 
0.00775581 0.0267111 0.156504 1.55732e-10 5.9598e-05 0.00103569 0.042084 6.2127e-08 0.590404 2.99118e-06 0.0003235 0.0486668 2.47735e-05 0.102542 0.000430469 0.023456 
0.00136566 0.0150734 0.00107145 0.00282692 0.000295876 0.0207932 0.0551342 6.05975e-11 0.871529 0.0010884 0.00101581 0.00231523 1.10745e-05 0.0255687 0.00020453 0.00170669 
0.00021728 0.000965207 0.113419 0.00511557 2.13772e-05 0.0188162 0.0699439 1.12439e-06 0.711888 0.000177679 0.0172593 6.93108e-06 1.27964e-05 0.0609692 0.000119297 0.00106751 
0.0363901 0.161654 0.0174773 0.00122734 3.67277e-05 0.0794317 0.0835916 0.000410133 0.291127 9.24136e-05 0.0172112 0.00584531 3.60997e-05 0.285149 0.0005981 0.0197219 
0.000999621 0.000352215 0.0181144 0.000701722 0.000168538 0.00602944 0.0258406 6.64858e-07 0.916556 8.71016e-08 4.64061e-06 3.53465e-05 1.2092e-06 0.0308188 4.07169e-05 0.000336246 
0.00332652 0.000474809 0.0309921 1.10169e-07 3.28874e-05 0.101923 0.000266705 0.00053651 0.862353 1.2302e-07 2.43401e-05 1.73145e-05 9.91897e-06 2.57531e-06 7.59025e-08 3.9724e-05 
0.0191467 0.0376658 0.0134237 1.47534e-06 0.0250113 0.00250514 0.231739 3.06481e-07 0.310304 0.00414615 0.0093067 0.0288964 2.80163e-06 0.300601 4.00922e-06 0.0172462 
0.0282579 9.97049e-08 0.0566023 0.00099385 3.37845e-11 8.89233e-12 3.10775e-08 4.16816e-11 0.877729 4.74064e-11 2.21922e-11 6.75791e-12 3.25437e-08 2.64974e-07 2.92493e-11 0.0364161 
0.000541138 0.00118225 0.00250519 3.66028e-06 8.63772e-07 0.0401155 0.011183 6.60474e-07 0.933988 2.03511e-07 0.00389932 4.33292e-08 3.22138e-05 0.00618456 4.11851e-10 0.000362995 
0.00463991 0.00928754 0.0438448 3.52729e-05 0.00104322 0.237772 0.019289 4.01657e-08 0.546985 4.56824e-08 0.135827 6.17566e-06 3.49828e-06 9.38497e-06 9.99132e-07 0.00125521 
0.13709 0.00322597 0.0991575 3.26062e-06 0.000527186 0.000742342 0.0554855 5.7958e-08 0.551634 1.00948e-07 0.0158312 0.0202881 0.00653538 0.0855902 0.00354146 0.0203482 
0.135166 0.0297508 0.0545107 0.000212527 0.0104618 0.00972656 0.11519 2.03998e-05 0.435868 0.000412823 0.00203352 0.000939107 0.0029492 0.191744 0.00618091 0.00483366 
0.010678 0.00224603 0.000698287 0.000282803 0.222448 0.00321669 0.129391 6.24016e-06 0.4759 0.00133764 2.95164e-05 0.00317522 0.0160615 0.133278 0.000159845 0.00109122 
0.190294 0.0340597 0.127074 5.93151e-07 0.000531452 0.0166609 0.0515876 0.0554731 0.413245 0.0113378 0.00387182 0.000381357 0.000110361 0.0909795 0.00200647 0.00238661 
0.000151106 0.00352365 0.000654329 1.09883e-07 0.000364188 0.00553639 0.0570077 1.53291e-10 0.841932 2.57927e-05 0.000244089 0.0206062 0.000111583 0.0697246 3.25545e-05 8.58564e-05 
0.16442 0.00931868 0.255577 0.000414928 9.80995e-06 7.08635e-06 0.00095126 4.48266e-07 0.33333 0.000194595 3.69402e-05 0.03419 5.8641e-05 0.0413582 0.00051247 0.15962 
0.00723782 0.0328721 0.00813018 0.00923981 0.000763272 0.0688746 0.259178 2.8168e-08 0.454099 0.000745133 0.00967983 0.0302573 1.51646e-05 0.111352 0.00411607 0.00343943 
2.20402e-05 0.00214424 0.416629 1.4983e-06 7.77564e-05 0.00326309 0.000346767 1.99099e-07 0.502705 6.66189e-10 0.000327616 3.62238e-06 0.000415427 0.0730917 2.8041e-07 0.000971752 
0.00270951 0.000382061 0.14967 0.00912681 1.5315e-06 0.00272476 0.00371863 5.30935e-08 0.685064 2.60089e-05 2.82682e-08 5.67042e-07 4.5e-06 0.0578881 1.28341e-05 0.0886702 
0.000541138 0.00118225 0.00250519 3.66028e-06 8.63772e-07 0.0401155 0.011183 6.60474e-07 0.933988 2.03511e-07 0.00389932 4.33292e-08 3.22138e-05 0.00618456 4.11851e-10 0.000362995 
0.000541138 0.00118225 0.00250519 3.66028e-06 8.63772e-07 0.0401155 0.011183 6.60474e-07 0.933988 2.03511e-07 0.00389932 4.33292e-08 3.22138e-05 0.00618456 4.11851e-10 0.000362995 
0.00984775 0.159057 0.177136 0.0220407 0.0292906 0.206356 0.0101624 0.00653106 0.217886 7.27472e-06 6.7171e-05 7.98017e-05 0.00138654 0.154867 4.91852e-05 0.00523434 
0.00161719 0.0130891 0.0101622 2.18871e-07 1.74176e-07 0.0118309 0.176 3.56321e-06 0.746603 0.000249514 0.00043723 0.000949654 5.9838e-06 0.0354403 1.25939e-05 0.00359904 
0.0126176 0.00234575 0.00286512 7.56285e-06 0.000118912 0.0134167 0.00665045 1.33958e-06 0.553849 2.432e-05 0.0142165 9.19679e-05 0.341787 0.00462407 0.0472205 0.000162472 
0.0665574 0.156243 0.278249 1.88331e-07 4.85101e-06 0.00953977 0.0111887 4.05342e-06 0.292219 0.0012317 0.00384386 0.0105038 0.00097793 0.153231 0.00173458 0.0144715 
0.329135 0.0170175 0.0508839 6.33295e-08 1.05021e-05 0.0111269 0.00998247 1.36165e-05 0.467733 7.1305e-07 0.00508164 5.96981e-07 1.79734e-08 0.0130528 0.00128121 0.0946799 
0.0199016 0.0258812 0.0131534 5.53798e-09 0.000261806 0.167389 0.00508429 3.04371e-05 0.427967 0.00015452 0.0792823 0.000227136 0.24613 0.0133549 6.81033e-05 0.00111498 
0.000696335 0.0988719 0.0833405 2.59025e-07 0.000272897 0.0239017 0.0942598 0.00014444 0.652131 2.89242e-07 0.00195192 0.00710503 0.000441657 0.0339941 0.00037827 0.00250947 
4.16282e-08 6.77092e-07 0.0187294 4.41856e-06 2.38975e-06 0.0087635 0.0189221 1.88067e-05 0.858964 2.32379e-07 9.88032e-06 6.66092e-05 9.7589e-07 0.0876439 8.47623e-05 0.00678855 
0.00660137 0.0254677 0.0222316 1.76307e-08 1.69372e-06 0.0492861 0.00193289 7.03172e-07 0.859061 9.97235e-07 0.000379601 5.63242e-06 8.86481e-06 0.0211214 7.30699e-08 0.0139004 
0.0576202 0.00479177 0.00642687 5.17438e-08 3.9105e-05 0.0105746 0.057311 9.87461e-06 0.394399 9.00788e-05 0.0227252 0.000134145 0.371733 0.0127774 0.0604031 0.000964708 
0.00136566 0.0150734 0.00107145 0.00282692 0.000295876 0.0207932 0.0551342 6.05975e-11 0.871529 0.0010884 0.00101581 0.00231523 1.10745e-05 0.0255687 0.00020453 0.00170669 
0.0440752 0.040267 0.000457037 1.47962e-11 0.0310808 0.0101188 0.332751 6.41743e-06 0.372294 0.000840508 1.3581e-05 0.00200684 4.74696e-05 0.160327 0.0001758 0.00553918 
0.0168566 0.0516172 0.00659579 2.08026e-06 7.46227e-07 0.335466 0.127242 2.28907e-09 0.390705 2.60347e-09 1.72106e-06 3.31142e-07 6.61694e-10 0.0487041 1.60631e-09 0.0228083 
0.0212781 0.100739 0.0408275 6.76818e-10 2.4729e-06 0.178631 0.0452209 6.64505e-10 0.329873 0.00497949 0.00193729 0.00105636 7.53061e-05 0.271871 4.98585e-07 0.00350792 
0.0281022 3.79798e-07 0.0991333 0.00121356 1.67339e-06 1.1371e-06 0.00373386 1.25404e-07 0.459121 6.12121e-10 3.25236e-05 1.27717e-07 6.23322e-08 0.00467301 9.73169e-07 0.403986 
0.325491 0.0182332 0.00468862 9.16407e-06 3.9361e-06 0.0431329 0.0677943 3.27428e-07 0.406867 4.02319e-05 0.000422146 0.00440918 2.5668e-05 0.0974788 0.00011156 0.0312917 
0.00412735 0.0105996 0.0643726 0.00159839 0.0516595 0.0788498 0.0303725 0.000124466 0.718625 0.000421001 0.000246672 0.0166175 0.00022682 0.0194355 7.7574e-05 0.00264592 
0.00780345 0.00377242 0.0319227 0.00250547 1.04397e-05 0.0503705 0.0776168 1.36199e-05 0.674084 1.52956e-05 0.00655563 3.31865e-05 0.000313685 0.143409 2.54424e-06 0.0015712 
0.0191467 0.0376658 0.0134237 1.47534e-06 0.0250113 0.00250514 0.231739 3.06481e-07 0.310304 0.00414615 0.0093067 0.0288964 2.80163e-06 0.300601 4.00922e-06 0.0172462 
0.00149628 0.044355 0.292198 0.00557708 0.00011093 0.0423135 0.0227314 2.99934e-06 0.520561 2.98781e-06 0.00757753 8.98734e-05 5.42592e-05 0.061252 4.96528e-08 0.00167729 
0.00341371 0.00772818 0.0383765 7.00397e-10 0.000122845 0.0021241 0.230395 6.87654e-10 0.366714 0.000163045 1.63012e-05 0.000692228 5.37487e-05 0.347668 1.91984e-06 0.00252942 
0.00297918 0.0339974 0.166032 1.20295e-05 0.000398799 0.0145987 0.00455261 1.18153e-05 0.721663 7.58112e-05 0.00338068 0.00907887 0.00121759 0.0390692 0.000205111 0.00272681 
2.20402e-05 0.00214424 0.416629 1.4983e-06 7.77564e-05 0.00326309 0.000346767 1.99099e-07 0.502705 6.66189e-10 0.000327616 3.62238e-06 0.000415427 0.0730917 2.8041e-07 0.000971752 
0.00136566 0.0150734 0.00107145 0.00282692 0.000295876 0.0207932 0.0551342 6.05975e-11 0.871529 0.0010884 0.00101581 0.00231523 1.10745e-05 0.0255687 0.00020453 0.00170669 
0.295869 0.018327 0.15216 1.28056e-08 1.90697e-05 1.38932e-05 0.0160721 1.25727e-08 0.30138 1.29376e-05 6.69398e-09 5.43521e-06 3.99869e-07 0.210761 0.000210686 0.00516923 
0.00602572 0.261021 0.160993 0.00444565 0.000882286 0.00257338 0.034106 5.94838e-06 0.305402 0.00690513 0.000140582 0.000136012 1.55041e-05 0.0781551 2.17856e-05 0.139171 
0.00394396 0.000217818 0.0435969 0.0489645 0.000103573 0.0209473 0.067766 0.00213438 0.677215 0.000275193 0.0136364 9.76919e-05 0.000112055 0.101787 0.000219832 0.0189828 
0.0318391 0.000836308 0.00612861 3.68608e-06 0.000719389 0.00154835 0.0540533 1.10364e-05 0.429316 0.000471881 0.0211721 0.000314766 0.409304 0.0409706 0.000203903 0.00310704 
0.0671439 0.00679835 0.00785262 3.19928e-05 0.000172155 0.0120889 0.0520221 2.33055e-07 0.408309 0.0165249 0.0413885 0.00239235 0.249036 0.0619964 0.0694995 0.0047433 
0.0233668 0.0146863 0.0407471 0.0224871 0.00766976 0.0970213 0.141158 8.5497e-05 0.410119 1.45318e-05 0.097039 0.00686862 0.000352866 0.13575 0.000595444 0.0020376 
0.0133472 0.00280747 0.000872803 0.000317208 0.241193 0.0040207 0.13152 7.76472e-06 0.443615 0.00167174 3.68683e-05 0.00396878 0.0200748 0.135663 0.00019971 0.000683123 
0.00136566 0.0150734 0.00107145 0.00282692 0.000295876 0.0207932 0.0551342 6.05975e-11 0.871529 0.0010884 0.00101581 0.00231523 1.10745e-05 0.0255687 0.00020453 0.00170669 
0.000541138 0.00118225 0.00250519 3.66028e-06 8.63772e-07 0.0401155 0.011183 6.60474e-07 0.933988 2.03511e-07 0.00389932 4.33292e-08 3.22138e-05 0.00618456 4.11851e-10 0.000362995 
0.00466546 0.0267878 0.0216155 0.000383154 0.00581213 0.112032 0.330566 2.38455e-05 0.337319 0.000275919 0.0213981 0.0639463 0.00035168 0.0613188 0.000249831 0.0132546 
0.0673391 0.0860378 0.0164864 1.74831e-06 0.000305578 0.0264508 0.0709489 5.28787e-05 0.331965 0.00030011 0.0223818 0.0008012 0.193962 0.174845 0.00403828 0.00408311 
0.00297918 0.0339974 0.166032 1.20295e-05 0.000398799 0.0145987 0.00455261 1.18153e-05 0.721663 7.58112e-05 0.00338068 0.00907887 0.00121759 0.0390692 0.000205111 0.00272681 
0.0365495 0.0802794 0.0182094 1.61604e-05 0.00168557 0.119704 0.19124 1.24433e-05 0.359045 0.000494364 0.047637 0.017902 5.70401e-05 0.0794726 2.79332e-05 0.0476666 
0.0254377 0.035429 0.0187169 0.000529062 0.00743357 0.0426503 0.170972 5.40866e-07 0.432271 0.00536429 0.00017923 0.0359111 3.88597e-05 0.210482 0.000452266 0.0141322 
0.00136566 0.0150734 0.00107145 0.00282692 0.000295876 0.0207932 0.0551342 6.05975e-11 0.871529 0.0010884 0.00101581 0.00231523 1.10745e-05 0.0255687 0.00020453 0.00170669 
0.0257289 0.00146754 0.0039064 0.00288161 0.000587508 0.0210995 0.18582 2.20237e-05 0.706879 2.80087e-06 0.0017019 0.00086629 8.06429e-05 0.0462259 0.000931778 0.00179849 
0.0340191 0.0522579 0.201815 0.0034012 0.0873597 0.104929 0.0578985 1.94636e-05 0.345654 1.94236e-05 0.00180266 0.000103925 0.000417086 0.076143 2.06448e-06 0.0341587 
0.00015382 0.000599811 0.000520882 6.89983e-06 4.51576e-07 0.002669 0.479127 7.33233e-05 0.492972 0.000114795 2.40578e-05 4.03336e-05 1.82438e-05 0.0231819 0.000433122 6.43594e-05 
0.00136566 0.0150734 0.00107145 0.00282692 0.000295876 0.0207932 0.0551342 6.05975e-11 0.871529 0.0010884 0.00101581 0.00231523 1.10745e-05 0.0255687 0.00020453 0.00170669 
3.24196e-05 0.219167 0.0183576 6.61724e-07 5.26594e-07 7.69349e-05 0.00760608 6.49685e-07 0.754392 1.21076e-05 2.87083e-05 6.05434e-05 1.87803e-07 0.000206225 4.24566e-05 1.57496e-05 
0.203259 0.077434 0.0474256 0.000507625 0.0106236 0.055061 0.0319988 0.000195499 0.31779 0.000607723 0.00643231 0.0131042 7.16871e-05 0.16827 0.00118681 0.0660315 
0.0135574 0.0179999 0.00671873 6.41713e-09 6.45949e-05 0.072794 0.00178239 5.67088e-05 0.413913 0.000205374 0.128353 3.64718e-05 0.338056 0.00600787 9.21665e-05 0.000362789 
0.00302985 0.0277091 0.0335705 6.9478e-06 0.00212601 0.0242191 0.221647 6.62867e-06 0.552048 0.00014552 0.000736989 0.0164949 1.11174e-05 0.111815 2.205e-05 0.00641048 
0.0114031 0.0119117 0.188907 0.00451606 2.18305e-07 0.000176227 0.151149 1.22126e-07 0.419674 7.15783e-05 0.00012058 0.000684003 0.000172787 0.0496059 6.10919e-06 0.161603 
0.0134117 0.0291986 0.224234 2.8122e-08 7.34524e-07 0.0785785 0.194279 1.48769e-08 0.251835 0.000873153 1.07684e-06 0.0770504 4.4176e-08 0.124001 5.97188e-09 0.00653721 
0.000815312 0.212985 0.0431401 6.23182e-07 8.62491e-05 0.00251828 0.10175 2.73375e-07 0.371414 6.13077e-05 6.84268e-05 0.00515276 1.24035e-06 0.261312 2.85104e-06 0.000690943 
0.0144489 0.038591 0.115218 0.00458981 5.86994e-05 0.0135113 0.0569607 1.64163e-09 0.57242 0.000435013 0.0170842 0.00772359 0.000483212 0.0906923 0.0102927 0.0574898 
0.000582693 0.0289734 0.0562469 4.75638e-09 0.000723713 0.00460733 0.0287515 2.58055e-09 0.789833 9.25352e-07 2.37969e-05 0.0045879 7.28874e-09 0.0843167 3.11312e-06 0.00134884 
0.0254846 0.0656135 0.0978204 0.000320392 0.00111873 0.130751 0.0410455 1.63274e-05 0.53292 0.00180538 0.0184964 0.00605743 0.0204526 0.0560425 0.000239546 0.00181564 
0.000614624 0.0247564 0.0172561 1.35105e-09 0.104241 0.00518105 0.170056 1.06353e-07 0.579009 0.00221802 0.000127153 0.0797359 2.1615e-05 0.0161101 2.36879e-05 0.000648759 
0.00868706 0.0350359 0.020551 5.78954e-06 0.00276897 0.116781 0.027278 5.68421e-06 0.74584 6.46492e-06 3.0264e-06 9.21592e-07 1.64312e-06 0.0285385 3.9888e-06 0.0144918 
9.05324e-06 0.000213361 0.0170648 9.06103e-06 0.00690327 0.0178769 0.000453238 3.21609e-06 0.928641 2.88978e-06 0.00129979 9.00804e-07 6.16315e-06 0.027434 2.21021e-06 8.03006e-05 
0.386946 0.000164067 1.44622e-07 8.33061e-09 7.14308e-10 0.00202238 0.0182364 8.81277e-10 0.566279 1.00232e-09 1.09263e-07 0.00360594 1.22609e-07 0.0049011 2.18732e-06 0.017842 
0.00502677 0.0162359 0.0814849 9.3179e-06 0.00249265 0.098578 0.00868219 0.248685 0.474405 7.07226e-05 0.00168476 0.000212475 4.90302e-05 0.033519 0.0190825 0.00978159 
0.0281022 3.79798e-07 0.0991333 0.00121356 1.67339e-06 1.1371e-06 0.00373386 1.25404e-07 0.459121 6.12121e-10 3.25236e-05 1.27717e-07 6.23322e-08 0.00467301 9.73169e-07 0.403986 
0.010678 0.00224603 0.000698287 0.000282803 0.222448 0.00321669 0.129391 6.24016e-06 0.4759 0.00133764 2.95164e-05 0.00317522 0.0160615 0.133278 0.000159845 0.00109122 
0.00122292 0.00149582 2.22743e-07 2.83791e-09 0.000747622 0.00199331 0.0051803 1.50749e-09 0.974286 1.85883e-06 4.965e-05 0.000243904 4.44039e-09 0.0147782 6.09169e-10 9.04531e-09 
0.12846 0.0731801 0.0448663 5.55343e-05 6.74051e-05 0.0667128 0.121994 4.6855e-05 0.441963 0.000719114 0.00595383 0.00360331 4.28107e-05 0.108937 2.32069e-05 0.00337417 
0.0179828 0.00691137 0.00736946 8.54675e-06 0.00051936 0.00218722 0.00673133 6.34083e-09 0.907787 1.38628e-05 0.0240376 0.00263122 7.97192e-06 0.0237915 3.80976e-07 2.03355e-05 
0.0183729 5.62559e-06 0.0189883 6.48739e-09 1.25128e-06 0.00174124 3.60698e-07 6.36936e-09 0.883779 0.000642021 0.0486404 1.31135e-05 5.71944e-07 0.00394714 4.46959e-09 0.0238676 
0.00152046 0.00130964 0.0458132 0.00094412 0.0004045 0.00795 0.0116938 1.44046e-08 0.889107 2.28504e-06 0.000363903 1.5457e-05 0.000476194 0.0237829 5.6178e-05 0.0165607 
0.00387633 2.72539e-06 0.0188019 8.07123e-05 1.44826e-07 0.00976742 0.268864 1.78679e-07 0.567121 2.0322e-07 0.000127244 0.00131894 3.76452e-05 0.128922 2.06426e-05 0.00105927 
