0.000141642 0.00058789 0.000132861 1.41696e-05 0.000267862 0.00512336 0.0743398 0.000381392 0.744778 9.935e-06 0.000338117 0.051621 6.36219e-06 0.0654554 9.82618e-06 0.056792 
0.188461 0.0763203 0.245152 2.68128e-06 6.76506e-07 0.0148996 0.0333752 1.17088e-05 0.257156 4.30969e-07 0.000307199 0.00273582 2.9952e-05 0.0806848 3.82027e-05 0.100825 
4.31718e-06 0.103044 3.02114e-08 0.00987793 4.22501e-11 4.67176e-08 0.214431 7.82414e-08 0.370146 0.00292244 0.000135005 4.15814e-07 6.04225e-09 0.176313 2.7544e-06 0.123122 
0.00734175 0.0398361 0.00571545 0.00453365 0.00209804 0.0272943 0.193557 8.47391e-08 0.494926 0.00367683 0.00143734 0.12546 2.45881e-05 0.0739045 0.00100538 0.0191891 
0.0160812 0.127838 0.153906 0.00017927 0.00156679 0.00341443 0.027019 1.24371e-05 0.400194 1.64542e-05 0.00175091 0.0078165 5.6887e-05 0.0526169 9.05122e-05 0.207441 
0.00223795 0.00518921 0.272231 0.00929091 1.63659e-08 0.0244968 0.0326251 1.69037e-05 0.278944 0.0225536 0.00512129 0.000898582 0.00381834 0.0749673 0.00548921 0.26212 
0.0179828 0.00691137 0.00736946 8.54675e-06 0.00051936 0.00218722 0.00673133 6.34083e-09 0.907787 1.38628e-05 0.0240376 0.00263122 7.97192e-06 0.0237915 3.80976e-07 2.03355e-05 
0.0136655 0.0652074 0.035813 4.03169e-07 0.000167922 0.210484 0.0289731 6.59249e-07 0.362074 0.000275749 0.104449 7.49973e-05 1.652e-07 0.100398 7.01681e-07 0.0784141 
0.000390029 0.0545917 0.0391462 3.29824e-08 0.000222586 0.00274519 0.217209 2.1497e-05 0.541778 2.34208e-06 0.00306798 0.00240992 4.90727e-06 0.137611 7.32375e-09 0.000799746 
0.00136566 0.0150734 0.00107145 0.00282692 0.000295876 0.0207932 0.0551342 6.05975e-11 0.871529 0.0010884 0.00101581 0.00231523 1.10745e-05 0.0255687 0.00020453 0.00170669 
0.0501476 0.0319226 0.249661 0.0389659 3.70398e-05 0.00515646 0.038818 5.19259e-06 0.41115 0.000672872 0.00196055 0.0183626 0.00234506 0.126463 0.000141134 0.0241917 
0.00645125 0.0142857 0.375175 0.00168767 3.24197e-05 0.0310332 0.00381963 0.0160661 0.451784 0.00160177 0.00231432 6.66161e-05 0.0112414 0.0606691 0.000439762 0.0233317 
0.000572039 0.00493298 0.00104817 0.000242073 3.7693e-06 0.000442833 0.203911 4.65037e-06 0.540431 9.43046e-05 1.09995e-05 0.000566769 2.37264e-06 0.234381 0.000473217 0.012883 
7.00178e-05 0.000656901 0.274914 0.00565321 0.000671862 0.0363392 0.125722 7.08239e-10 0.319628 0.00565014 0.00598482 0.00450964 6.39794e-08 0.178147 0.000342083 0.0417119 
0.0198408 0.165465 0.146196 1.20109e-05 0.00141241 0.00094881 0.0322242 1.04352e-05 0.335347 0.000260864 0.0124714 0.000669425 0.000666937 0.0906062 1.93453e-05 0.193849 
0.00122292 0.00149582 2.22743e-07 2.83791e-09 0.000747622 0.00199331 0.0051803 1.50749e-09 0.974286 1.85883e-06 4.965e-05 0.000243904 4.44039e-09 0.0147782 6.09169e-10 9.04531e-09 
0.000600069 0.0357222 0.0429126 2.07401e-05 0.00643307 0.0154792 0.00428079 2.49165e-05 0.87766 5.06407e-05 0.000185743 0.00525487 2.46565e-05 0.00958645 2.77422e-05 0.00173592 
0.0717344 0.0292724 0.0164709 3.30927e-05 5.35732e-07 0.0122301 0.0375211 1.23282e-08 0.673047 0.000134133 0.0102612 1.7973e-06 1.38749e-05 0.074124 5.39993e-09 0.0751557 
0.0047976 0.151637 0.0278777 5.50229e-05 3.23201e-05 0.142894 0.0752176 3.16234e-06 0.356647 0.00353603 0.00267304 0.0050566 6.71115e-05 0.213612 0.00134649 0.0145473 
0.135941 0.0790173 0.0513189 0.000102126 0.00413084 0.000432616 0.00644824 6.42189e-07 0.36086 0.0004115 0.000427829 0.000152724 0.000320399 0.344531 0.000718016 0.0151862 
0.0318391 0.000836308 0.00612861 3.68608e-06 0.000719389 0.00154835 0.0540533 1.10364e-05 0.429316 0.000471881 0.0211721 0.000314766 0.409304 0.0409706 0.000203903 0.00310704 
0.0583042 0.00566744 0.0495442 0.00143786 0.00172272 0.000162826 0.04093 2.57928e-06 0.801884 4.09855e-05 8.82714e-05 0.00134244 1.95441e-07 0.00467369 7.5949e-05 0.0341227 
0.000541138 0.00118225 0.00250519 3.66028e-06 8.63772e-07 0.0401155 0.011183 6.60474e-07 0.933988 2.03511e-07 0.00389932 4.33292e-08 3.22138e-05 0.00618456 4.11851e-10 0.000362995 
0.000512059 0.000383966 0.000834102 0.0013711 1.68276e-05 0.0651796 0.0389974 5.52662e-05 0.850979 0.000279855 0.00023259 0.00020246 5.29392e-05 0.00105911 0.000332191 0.0395112 
0.00826874 0.0120895 0.0173554 6.22219e-07 0.00484739 0.012579 0.244261 1.00327e-06 0.551192 0.000461787 0.00415483 0.00229318 0.000813158 0.134186 3.58737e-05 0.00746065 
0.0120104 0.0230145 1.20797e-06 1.25884e-10 1.00177e-10 0.184617 0.248025 1.11358e-07 0.409157 8.98251e-06 4.0147e-07 2.11408e-06 6.79167e-08 0.123159 1.47449e-06 2.04458e-06 
0.00136566 0.0150734 0.00107145 0.00282692 0.000295876 0.0207932 0.0551342 6.05975e-11 0.871529 0.0010884 0.00101581 0.00231523 1.10745e-05 0.0255687 0.00020453 0.00170669 
0.000433423 0.00154177 0.10919 0.000629566 1.66592e-06 0.0609091 0.00140256 1.76926e-07 0.818063 2.01226e-07 2.61413e-05 2.86853e-08 1.14361e-05 0.00631801 2.02318e-05 0.00145259 
0.00136566 0.0150734 0.00107145 0.00282692 0.000295876 0.0207932 0.0551342 6.05975e-11 0.871529 0.0010884 0.00101581 0.00231523 1.10745e-05 0.0255687 0.00020453 0.00170669 
0.010678 0.00224603 0.000698287 0.000282803 0.222448 0.00321669 0.129391 6.24016e-06 0.4759 0.00133764 2.95164e-05 0.00317522 0.0160615 0.133278 0.000159845 0.00109122 
0.142794 0.056253 0.0329794 5.20613e-09 0.0060547 0.0283884 0.0517052 3.63765e-06 0.458061 1.81616e-05 0.0018566 0.00606817 1.8289e-05 0.0786126 0.0900838 0.0471031 
0.00837604 0.00662962 0.00296422 2.89323e-09 0.000288114 0.0213391 0.0938477 1.53951e-09 0.816554 4.32506e-05 0.000114476 0.0210806 4.51943e-09 0.0287364 6.23823e-10 2.69088e-05 
1.19929e-08 1.48088e-06 0.0496178 0.00210619 5.78699e-07 0.0036906 0.0195757 5.88629e-08 0.901385 6.69477e-08 3.134e-08 5.42445e-05 2.06385e-07 0.0234259 9.69981e-05 4.52367e-05 
0.00485575 0.0768917 0.145811 1.0336e-07 0.0042593 0.00885071 0.305801 5.61283e-08 0.421248 5.96178e-05 0.00060452 8.79581e-06 7.42201e-06 0.0244272 8.99946e-06 0.00716622 
0.0318391 0.000836308 0.00612861 3.68608e-06 0.000719389 0.00154835 0.0540533 1.10364e-05 0.429316 0.000471881 0.0211721 0.000314766 0.409304 0.0409706 0.000203903 0.00310704 
0.0862717 0.0765241 0.120464 0.00355796 9.06187e-06 0.00143518 0.0473038 1.53495e-05 0.380883 0.000272445 0.000249997 0.0343849 0.0152744 0.10368 0.000227774 0.129447 
0.00136566 0.0150734 0.00107145 0.00282692 0.000295876 0.0207932 0.0551342 6.05975e-11 0.871529 0.0010884 0.00101581 0.00231523 1.10745e-05 0.0255687 0.00020453 0.00170669 
0.0126508 0.0708238 0.0443261 0.000409234 0.000866395 0.0539707 0.125452 1.82225e-05 0.492842 0.00208215 0.00163093 0.00640463 0.000144295 0.173157 0.000760511 0.0144625 
0.0179959 0.0274179 0.0256548 0.000854662 4.74261e-05 0.0224351 0.0232084 1.89756e-05 0.727692 5.33672e-05 3.28725e-05 7.69172e-05 2.9174e-05 0.132895 0.000235734 0.0213527 
0.147407 0.0258231 0.022869 1.22575e-07 0.000156279 0.0339036 0.0928205 9.01019e-05 0.474944 0.125738 0.0144602 0.00292045 0.000128624 0.0500214 3.45706e-05 0.0086827 
0.0253608 0.0357806 0.0615309 2.61775e-06 2.7093e-06 0.153143 0.0255044 0.000310619 0.379487 0.000208689 0.00541325 3.79628e-07 1.58027e-06 0.0248742 0.000434217 0.287945 
0.0266996 0.102805 0.0119462 3.91273e-08 3.97497e-05 0.0133342 0.0542062 0.000223746 0.508381 2.62042e-05 9.40321e-05 0.000178386 4.47078e-05 0.273807 0.000219682 0.00799455 
0.00136566 0.0150734 0.00107145 0.00282692 0.000295876 0.0207932 0.0551342 6.05975e-11 0.871529 0.0010884 0.00101581 0.00231523 1.10745e-05 0.0255687 0.00020453 0.00170669 
0.00136566 0.0150734 0.00107145 0.00282692 0.000295876 0.0207932 0.0551342 6.05975e-11 0.871529 0.0010884 0.00101581 0.00231523 1.10745e-05 0.0255687 0.00020453 0.00170669 
7.33599e-07 0.0138118 0.0714313 3.66732e-06 3.68699e-05 0.00299874 0.0331956 3.6006e-06 0.827968 4.34506e-05 1.23408e-05 0.00270131 0.000122935 0.0214531 7.98454e-05 0.0261366 
0.103487 0.170006 0.0488631 9.65134e-07 0.000355408 0.0297119 0.095023 8.86547e-07 0.376583 0.00103579 0.0116685 0.00336358 0.000327896 0.154509 0.000329144 0.00473429 
0.0139561 0.0296886 0.192486 0.00349631 7.08715e-05 0.00627093 0.0416417 5.72051e-06 0.534851 0.00301515 0.00262125 0.0145476 0.000173058 0.0783088 0.000176303 0.0786908 
0.0316113 0.0215136 0.225307 8.23626e-05 0.00164277 0.0466282 0.025239 5.43614e-06 0.450449 0.00012165 0.00542863 0.00584509 0.000575547 0.157382 0.00609857 0.0220693 
0.0231348 0.172982 0.101671 0.000119527 0.000407102 0.0426827 0.189355 6.62137e-05 0.247401 3.53064e-05 0.00298123 0.00831815 0.00882467 0.162104 0.000185139 0.0397328 
0.0318391 0.000836308 0.00612861 3.68608e-06 0.000719389 0.00154835 0.0540533 1.10364e-05 0.429316 0.000471881 0.0211721 0.000314766 0.409304 0.0409706 0.000203903 0.00310704 
0.000494283 0.0718191 0.0465064 2.56791e-05 3.31919e-07 0.0565606 0.0342434 0.00324859 0.289119 0.271969 0.0253123 0.00139215 9.24823e-05 0.0212598 0.00047895 0.177478 
0.000924957 0.0100894 3.18339e-06 4.12913e-08 0.000406672 0.0232345 0.123022 2.22642e-08 0.809738 0.00190126 0.00932113 0.0068621 6.36679e-08 0.0144742 1.27358e-06 2.16975e-05 
0.0253608 0.0357806 0.0615309 2.61775e-06 2.7093e-06 0.153143 0.0255044 0.000310619 0.379487 0.000208689 0.00541325 3.79628e-07 1.58027e-06 0.0248742 0.000434217 0.287945 
0.160001 0.00539641 0.178523 0.000280684 4.70445e-05 2.01223e-05 0.000590433 7.53017e-06 0.526556 0.000343275 8.62369e-05 0.0188066 4.65423e-05 0.022547 0.000627531 0.0861198 
0.00745976 0.0845656 0.110691 5.02655e-06 3.11559e-05 0.135959 0.0580107 5.99036e-05 0.430584 8.6413e-06 0.00238159 0.00277805 6.10371e-05 0.123542 0.000901497 0.0429611 
0.0179828 0.00691137 0.00736946 8.54675e-06 0.00051936 0.00218722 0.00673133 6.34083e-09 0.907787 1.38628e-05 0.0240376 0.00263122 7.97192e-06 0.0237915 3.80976e-07 2.03355e-05 
0.0602223 0.0599063 0.00515832 7.41579e-07 0.00215843 0.0271861 0.19144 1.29634e-05 0.327683 5.27015e-05 0.00135286 0.00111334 3.60965e-06 0.323324 3.21744e-07 0.00038468 
0.0828397 1.88724e-06 0.262515 1.8852e-06 1.88566e-06 0.0954814 1.88724e-06 1.88523e-06 0.286324 1.88493e-06 0.139962 1.88706e-06 0.00434149 0.0905904 1.88589e-06 0.0379307 
0.00314365 0.0515921 0.00480134 0.00129075 0.00398435 0.0224944 0.15206 2.53172e-08 0.353124 0.000694474 0.00514539 0.32112 0.000182007 0.0516414 8.64434e-05 0.0286397 
0.00727199 0.0151666 0.0395173 0.000300612 0.00306949 0.0579148 0.133265 0.000265754 0.644112 0.00036014 0.00111463 0.00852985 0.000238718 0.0799171 5.1484e-05 0.0089044 
0.0318391 0.000836308 0.00612861 3.68608e-06 0.000719389 0.00154835 0.0540533 1.10364e-05 0.429316 0.000471881 0.0211721 0.000314766 0.409304 0.0409706 0.000203903 0.00310704 
0.00143556 0.00123151 0.0214497 4.5797e-10 6.53553e-05 0.00593518 0.0145678 4.49639e-10 0.879483 5.55205e-06 5.46141e-08 3.49265e-05 1.3707e-07 0.0353841 3.15526e-10 0.0404067 
0.00597361 0.0163844 2.11872e-06 2.78189e-08 0.000503094 0.0166291 0.0437376 1.51494e-08 0.788651 1.54364e-06 3.42802e-05 0.00179301 4.24697e-08 0.12629 6.36314e-09 8.61865e-08 
0.000127931 0.0129435 0.0339088 0.000136907 0.000786722 0.238886 0.09971 0.000997951 0.420163 0.0097731 0.00228452 0.000159533 5.73398e-07 0.14377 5.75373e-07 0.036351 
0.0119271 0.0135724 0.102663 0.00416382 0.00120178 0.00533647 0.0150812 9.65546e-11 0.738766 1.26411e-05 0.00135118 0.000483005 4.97922e-05 0.0880514 0.00720334 0.0101372 
0.0595622 0.0043018 0.00755575 0.000212077 0.000447732 0.00539818 0.0735569 6.89814e-06 0.468507 0.000685284 0.0131759 0.000577928 0.287999 0.075196 0.000163935 0.00265347 
0.00104602 0.000122387 5.51193e-05 3.39356e-06 2.70057e-06 0.00454707 0.000447117 3.33182e-06 0.969315 3.78944e-06 5.38755e-05 5.40195e-07 0.000137864 0.00878405 5.62931e-05 0.0154212 
0.0441468 0.0189954 0.0398859 0.00130427 0.0100671 0.110932 0.134401 4.1154e-06 0.439427 5.79081e-05 0.00860091 0.000677165 0.0018354 0.134085 0.0167682 0.0388128 
0.010678 0.00224603 0.000698287 0.000282803 0.222448 0.00321669 0.129391 6.24016e-06 0.4759 0.00133764 2.95164e-05 0.00317522 0.0160615 0.133278 0.000159845 0.00109122 
0.0717344 0.0292724 0.0164709 3.30927e-05 5.35732e-07 0.0122301 0.0375211 1.23282e-08 0.673047 0.000134133 0.0102612 1.7973e-06 1.38749e-05 0.074124 5.39993e-09 0.0751557 
2.10327e-05 1.26416e-06 0.0268478 0.00564127 4.42447e-06 0.0191745 0.00203368 1.27438e-05 0.906203 3.54615e-07 1.84941e-05 1.19332e-07 1.80979e-06 0.0397488 2.18794e-07 0.000290747 
0.00136566 0.0150734 0.00107145 0.00282692 0.000295876 0.0207932 0.0551342 6.05975e-11 0.871529 0.0010884 0.00101581 0.00231523 1.10745e-05 0.0255687 0.00020453 0.00170669 
0.00503831 0.0391021 0.00655634 7.70375e-05 0.00784353 0.0473993 0.0875502 3.50264e-05 0.727362 0.000120299 0.000111351 0.000569808 3.8684e-05 0.0641857 2.69373e-05 0.013983 
0.0163701 0.0325894 0.034662 0.000139942 0.000658054 0.0397903 0.289723 0.000351064 0.382134 0.000632208 0.00574402 0.0495451 5.89154e-06 0.141395 0.000243567 0.00601601 
0.00136566 0.0150734 0.00107145 0.00282692 0.000295876 0.0207932 0.0551342 6.05975e-11 0.871529 0.0010884 0.00101581 0.00231523 1.10745e-05 0.0255687 0.00020453 0.00170669 
0.00356309 0.0181411 0.253987 0.0782725 0.0006388 0.0439708 0.010423 0.000139738 0.560353 1.68744e-07 4.09725e-10 1.31584e-08 0.00029067 0.0141626 5.40018e-10 0.0160573 
0.0679638 0.013954 0.0416294 0.000115995 0.000377641 0.0427696 0.0679181 1.54972e-07 0.609911 2.46175e-05 0.0031624 0.00751834 0.00640714 0.117882 0.00273791 0.0176277 
0.0121109 0.00276184 0.209606 0.00511122 2.85298e-05 0.0202634 0.00894425 2.34338e-05 0.625701 4.05851e-06 0.0598011 2.22726e-06 0.000124865 0.0347848 3.94545e-09 0.0207326 
2.23678e-05 2.23711e-05 2.23709e-05 2.23469e-05 2.23523e-05 0.0335737 0.357961 2.23472e-05 0.608175 2.23437e-05 2.23594e-05 2.23689e-05 2.23656e-05 2.23713e-05 2.23551e-05 2.23683e-05 
0.104966 0.0132686 0.167437 3.74978e-08 2.67796e-05 0.00379884 0.0298536 1.56953e-05 0.518665 0.00216855 1.71448e-05 0.00483041 0.000259766 0.0296999 0.000213124 0.12478 
0.00460515 0.033693 0.0153168 5.90518e-05 7.75605e-05 0.124221 0.0731088 6.16137e-07 0.696718 0.000411781 0.000164826 0.000695486 1.55801e-06 0.0289696 3.57282e-05 0.021921 
1.41542e-06 3.16468e-06 0.0676326 1.69149e-09 4.0418e-06 0.343491 0.109846 8.182e-07 0.375522 3.3191e-07 0.0014421 4.16886e-06 0.000112627 0.100263 0.000183597 0.00149356 
0.0759376 0.0277071 0.000735203 8.06693e-06 1.19462e-05 0.000882504 0.0449333 8.06222e-06 0.639093 0.00147786 3.57432e-05 0.0124032 2.35159e-05 0.183665 0.0033845 0.00969291 
0.17631 0.00651443 0.00503279 5.37874e-08 1.70634e-07 0.00209547 0.0400748 8.39576e-08 0.525338 6.042e-05 0.058839 0.00903549 0.0146758 0.0506537 0.110172 0.00119818 
0.0183729 5.62559e-06 0.0189883 6.48739e-09 1.25128e-06 0.00174124 3.60698e-07 6.36936e-09 0.883779 0.000642021 0.0486404 1.31135e-05 5.71944e-07 0.00394714 4.46959e-09 0.0238676 
0.0035159 0.000527015 0.25753 0.0192904 1.7174e-06 0.0417707 0.037167 1.22161e-06 0.484026 0.000416579 0.0033038 0.000164526 2.00501e-05 0.0722773 7.35125e-06 0.0799808 
0.00249935 0.00581114 0.0141472 0.000380375 0.00538978 0.026707 0.174321 9.14826e-07 0.738286 0.000257008 0.0229554 0.00130234 0.00054106 0.00688174 4.69042e-07 0.000518551 
0.0435215 0.0279783 0.246642 0.00484868 0.0013091 0.0019909 0.0354443 1.14672e-06 0.479152 1.44183e-05 0.000127145 0.0110458 8.44643e-05 0.124242 4.24715e-06 0.0235943 
0.000476442 0.0236025 0.0200674 2.70765e-12 2.15472e-12 0.020937 0.000654894 2.1004e-08 0.934179 2.99359e-08 3.92076e-08 7.71969e-05 4.96102e-06 4.42698e-08 1.86735e-09 1.65721e-08 
0.386946 0.000164067 1.44622e-07 8.33061e-09 7.14308e-10 0.00202238 0.0182364 8.81277e-10 0.566279 1.00232e-09 1.09263e-07 0.00360594 1.22609e-07 0.0049011 2.18732e-06 0.017842 
0.000155382 0.00133317 0.000389776 2.3986e-08 0.000239981 0.000650255 0.0704753 1.35213e-08 0.912419 4.8767e-05 1.97449e-05 0.000304427 3.5313e-08 0.0139637 5.96976e-09 7.12499e-08 
0.186627 0.172393 0.128957 0.0012819 0.00183309 0.0560003 0.0189632 0.00218617 0.208495 0.000181599 0.00105252 0.000725061 0.0339306 0.170995 0.000583851 0.0157945 
0.0665574 0.156243 0.278249 1.88331e-07 4.85101e-06 0.00953977 0.0111887 4.05342e-06 0.292219 0.0012317 0.00384386 0.0105038 0.00097793 0.153231 0.00173458 0.0144715 
5.25234e-06 0.0493843 0.248474 5.24744e-06 5.2487e-06 0.00683323 0.0724983 5.24751e-06 0.48407 5.24669e-06 0.00105532 0.00368207 5.25182e-06 0.133961 5.24935e-06 5.25245e-06 
0.00136566 0.0150734 0.00107145 0.00282692 0.000295876 0.0207932 0.0551342 6.05975e-11 0.871529 0.0010884 0.00101581 0.00231523 1.10745e-05 0.0255687 0.00020453 0.00170669 
0.00136566 0.0150734 0.00107145 0.00282692 0.000295876 0.0207932 0.0551342 6.05975e-11 0.871529 0.0010884 0.00101581 0.00231523 1.10745e-05 0.0255687 0.00020453 0.00170669 
0.0037981 0.00701596 0.0193403 3.24398e-08 0.000845616 0.0193979 0.0152287 4.05212e-08 0.897785 1.65514e-08 0.00374858 2.38836e-05 0.00134528 0.0299035 4.088e-06 0.00156269 
0.0179828 0.00691137 0.00736946 8.54675e-06 0.00051936 0.00218722 0.00673133 6.34083e-09 0.907787 1.38628e-05 0.0240376 0.00263122 7.97192e-06 0.0237915 3.80976e-07 2.03355e-05 
0.0136655 0.0652074 0.035813 4.03169e-07 0.000167922 0.210484 0.0289731 6.59249e-07 0.362074 0.000275749 0.104449 7.49973e-05 1.652e-07 0.100398 7.01681e-07 0.0784141 
0.0147335 0.00713706 0.0163837 0.000909679 1.26855e-05 0.113978 0.247249 3.84948e-05 0.5165 0.000187446 0.0734767 0.00301959 3.55993e-05 0.00577274 0.000221264 0.00034448 
0.00666705 0.0763903 0.294655 1.62887e-05 0.000194674 0.0282365 0.0350876 6.27429e-06 0.336863 9.48583e-05 0.00310774 8.05208e-05 0.000981966 0.146858 4.24304e-05 0.0707177 
0.000201037 0.0186387 0.0133352 4.40591e-08 0.00015466 0.0089766 0.218049 3.24541e-05 0.696287 9.54884e-06 7.41008e-06 0.0191028 1.56501e-06 0.0228487 0.000450145 0.00190513 
0.0318391 0.000836308 0.00612861 3.68608e-06 0.000719389 0.00154835 0.0540533 1.10364e-05 0.429316 0.000471881 0.0211721 0.000314766 0.409304 0.0409706 0.000203903 0.00310704 
0.0183729 5.62559e-06 0.0189883 6.48739e-09 1.25128e-06 0.00174124 3.60698e-07 6.36936e-09 0.883779 0.000642021 0.0486404 1.31135e-05 5.71944e-07 0.00394714 4.46959e-09 0.0238676 
0.00290253 0.000602291 0.00207494 1.22968e-10 0.000238037 0.00916614 0.0409227 1.20731e-10 0.886667 1.43867e-06 9.62474e-05 0.000517899 3.79513e-07 0.0492215 1.30754e-07 0.00758901 
0.00101541 0.00239625 0.0210648 4.73473e-07 2.50464e-07 0.110067 0.154921 5.09337e-07 0.550649 1.48129e-09 0.00302718 1.02088e-07 0.000107371 0.155761 1.21115e-06 0.000988067 
0.07123 0.0361934 0.0280389 2.5871e-06 0.00285482 0.0226782 0.243398 4.83682e-05 0.420857 0.000763658 0.000450243 0.00225931 0.00113514 0.160497 0.000312363 0.00928184 
0.000936305 0.00214424 0.000252107 5.50217e-08 0.00109081 0.0120157 0.0533195 7.49213e-07 0.901258 9.55212e-05 0.000385093 9.02326e-05 4.92559e-09 0.0282782 3.75303e-07 0.000132645 
5.17162e-05 2.91338e-06 0.0205166 1.03492e-05 0.0114662 0.00371259 0.00321848 1.34195e-06 0.94766 0.00647956 0.00200801 1.26818e-05 0.000139909 0.00419953 2.95422e-08 0.000520225 
0.0102338 0.0337039 0.0310694 1.17482e-05 0.00079783 0.036131 0.030681 3.0175e-09 0.683104 3.87333e-05 0.00863414 0.0111366 2.13909e-06 0.152069 2.86727e-07 0.00238653 
0.0330808 0.00228622 0.113 1.0555e-06 6.10739e-06 0.001567 0.171504 0.000200582 0.541483 9.07378e-05 0.000751067 0.0222091 0.0673929 0.00415691 0.0393864 0.00288384 
0.00729504 0.00313536 0.0906858 0.00965264 0.000190498 0.0417752 0.0150166 0.000326694 0.806017 2.79175e-09 0.000627127 5.59162e-06 0.00106088 0.0184745 7.07623e-09 0.00573707 
0.00246324 0.00509697 0.121585 5.5937e-05 1.36191e-05 0.00881487 2.57093e-05 1.67321e-05 0.818896 6.74704e-06 0.00324294 3.25068e-06 0.00063847 0.0021884 2.09001e-09 0.0369527 
0.0280351 0.0413373 0.193374 9.97439e-09 0.000504613 0.00656663 0.0292842 0.000253315 0.26451 6.46794e-05 0.00227265 0.00735569 0.0648975 0.166013 3.4152e-05 0.195497 
0.00278821 0.123523 0.105364 0.00016839 0.00018515 0.0584991 0.0996292 0.000347653 0.523203 0.000295025 0.00449123 0.00126283 4.46009e-05 0.0372471 0.000202272 0.042749 
0.162629 0.0291893 0.0192828 3.94553e-09 4.59929e-06 0.305761 0.0124668 1.89747e-06 0.323122 2.70332e-06 3.53712e-06 3.57665e-05 2.99059e-07 0.128123 1.70921e-07 0.0193773 
0.000999621 0.000352215 0.0181144 0.000701722 0.000168538 0.00602944 0.0258406 6.64858e-07 0.916556 8.71016e-08 4.64061e-06 3.53465e-05 1.2092e-06 0.0308188 4.07169e-05 0.000336246 
0.13709 0.00322597 0.0991575 3.26062e-06 0.000527186 0.000742342 0.0554855 5.7958e-08 0.551634 1.00948e-07 0.0158312 0.0202881 0.00653538 0.0855902 0.00354146 0.0203482 
5.84788e-06 0.00257682 0.0822079 8.84044e-05 2.95546e-05 0.268452 0.0408251 0.000134086 0.553785 2.49389e-08 2.32103e-05 0.000151624 5.80592e-05 0.0459777 0.000773864 0.00491083 
0.00719172 0.0391415 0.0663714 0.000540917 0.00208163 0.028134 0.139185 0.000231411 0.570765 0.0296244 0.028496 0.0484934 0.00031266 0.0165161 0.00909015 0.0138255 
0.000151106 0.00352365 0.000654329 1.09883e-07 0.000364188 0.00553639 0.0570077 1.53291e-10 0.841932 2.57927e-05 0.000244089 0.0206062 0.000111583 0.0697246 3.25545e-05 8.58564e-05 
0.16442 0.00931868 0.255577 0.000414928 9.80995e-06 7.08635e-06 0.00095126 4.48266e-07 0.33333 0.000194595 3.69402e-05 0.03419 5.8641e-05 0.0413582 0.00051247 0.15962 
0.00723782 0.0328721 0.00813018 0.00923981 0.000763272 0.0688746 0.259178 2.8168e-08 0.454099 0.000745133 0.00967983 0.0302573 1.51646e-05 0.111352 0.00411607 0.00343943 
0.00136566 0.0150734 0.00107145 0.00282692 0.000295876 0.0207932 0.0551342 6.05975e-11 0.871529 0.0010884 0.00101581 0.00231523 1.10745e-05 0.0255687 0.00020453 0.00170669 
0.000541138 0.00118225 0.00250519 3.66028e-06 8.63772e-07 0.0401155 0.011183 6.60474e-07 0.933988 2.03511e-07 0.00389932 4.33292e-08 3.22138e-05 0.00618456 4.11851e-10 0.000362995 
0.000541138 0.00118225 0.00250519 3.66028e-06 8.63772e-07 0.0401155 0.011183 6.60474e-07 0.933988 2.03511e-07 0.00389932 4.33292e-08 3.22138e-05 0.00618456 4.11851e-10 0.000362995 
0.00466856 0.063068 0.0332017 0.00471753 0.00216372 0.147764 0.09853 1.47444e-05 0.467196 2.8387e-05 0.00463364 0.00484032 1.53301e-05 0.163161 8.3895e-05 0.00591299 
0.00161719 0.0130891 0.0101622 2.18871e-07 1.74176e-07 0.0118309 0.176 3.56321e-06 0.746603 0.000249514 0.00043723 0.000949654 5.9838e-06 0.0354403 1.25939e-05 0.00359904 
0.0665574 0.156243 0.278249 1.88331e-07 4.85101e-06 0.00953977 0.0111887 4.05342e-06 0.292219 0.0012317 0.00384386 0.0105038 0.00097793 0.153231 0.00173458 0.0144715 
0.0318391 0.000836308 0.00612861 3.68608e-06 0.000719389 0.00154835 0.0540533 1.10364e-05 0.429316 0.000471881 0.0211721 0.000314766 0.409304 0.0409706 0.000203903 0.00310704 
0.0199016 0.0258812 0.0131534 5.53798e-09 0.000261806 0.167389 0.00508429 3.04371e-05 0.427967 0.00015452 0.0792823 0.000227136 0.24613 0.0133549 6.81033e-05 0.00111498 
0.000696335 0.0988719 0.0833405 2.59025e-07 0.000272897 0.0239017 0.0942598 0.00014444 0.652131 2.89242e-07 0.00195192 0.00710503 0.000441657 0.0339941 0.00037827 0.00250947 
0.00660137 0.0254677 0.0222316 1.76307e-08 1.69372e-06 0.0492861 0.00193289 7.03172e-07 0.859061 9.97235e-07 0.000379601 5.63242e-06 8.86481e-06 0.0211214 7.30699e-08 0.0139004 
0.0576202 0.00479177 0.00642687 5.17438e-08 3.9105e-05 0.0105746 0.057311 9.87461e-06 0.394399 9.00788e-05 0.0227252 0.000134145 0.371733 0.0127774 0.0604031 0.000964708 
0.0281022 3.79798e-07 0.0991333 0.00121356 1.67339e-06 1.1371e-06 0.00373386 1.25404e-07 0.459121 6.12121e-10 3.25236e-05 1.27717e-07 6.23322e-08 0.00467301 9.73169e-07 0.403986 
0.325491 0.0182332 0.00468862 9.16407e-06 3.9361e-06 0.0431329 0.0677943 3.27428e-07 0.406867 4.02319e-05 0.000422146 0.00440918 2.5668e-05 0.0974788 0.00011156 0.0312917 
0.00028932 0.120456 0.0594853 0.0834634 1.41566e-07 0.068578 0.118677 4.37711e-05 0.46581 1.98646e-07 9.29915e-08 0.000880205 5.04877e-08 0.0823042 1.22563e-07 1.32637e-05 
0.00758469 0.0120587 0.108298 0.000579622 9.70625e-07 0.038973 0.237632 7.14002e-07 0.504857 3.39979e-06 0.0257803 1.53588e-06 0.000116265 0.0640632 6.37374e-06 4.35976e-05 
0.0333141 0.0703175 0.0405198 4.48084e-08 0.000637486 0.321493 0.108057 1.9978e-05 0.323017 0.0105897 0.0186714 0.00662595 0.000332112 0.0437797 0.00148175 0.0211432 
0.00780345 0.00377242 0.0319227 0.00250547 1.04397e-05 0.0503705 0.0776168 1.36199e-05 0.674084 1.52956e-05 0.00655563 3.31865e-05 0.000313685 0.143409 2.54424e-06 0.0015712 
0.028782 0.0620133 0.192512 0.000180035 0.0371201 0.114287 0.029567 0.101738 0.269846 0.00890802 0.000323219 0.00668474 0.00038682 0.0995377 6.64832e-06 0.0481074 
0.00297918 0.0339974 0.166032 1.20295e-05 0.000398799 0.0145987 0.00455261 1.18153e-05 0.721663 7.58112e-05 0.00338068 0.00907887 0.00121759 0.0390692 0.000205111 0.00272681 
2.20402e-05 0.00214424 0.416629 1.4983e-06 7.77564e-05 0.00326309 0.000346767 1.99099e-07 0.502705 6.66189e-10 0.000327616 3.62238e-06 0.000415427 0.0730917 2.8041e-07 0.000971752 
0.0275539 0.148556 0.215055 0.000262307 0.00949246 0.0263564 0.0530019 1.12112e-05 0.368544 0.00132452 0.00272766 0.000243956 8.27587e-05 0.0875557 7.45761e-05 0.0591582 
0.295869 0.018327 0.15216 1.28056e-08 1.90697e-05 1.38932e-05 0.0160721 1.25727e-08 0.30138 1.29376e-05 6.69398e-09 5.43521e-06 3.99869e-07 0.210761 0.000210686 0.00516923 
0.0702735 0.000480936 0.1201 4.05095e-09 0.00254558 0.0308402 0.0422374 9.01002e-07 0.594029 1.76864e-06 0.00434477 0.0161624 0.0020611 0.0338338 6.35521e-05 0.0830254 
0.0233668 0.0146863 0.0407471 0.0224871 0.00766976 0.0970213 0.141158 8.5497e-05 0.410119 1.45318e-05 0.097039 0.00686862 0.000352866 0.13575 0.000595444 0.0020376 
0.00195917 0.0697507 0.122445 5.08127e-07 1.93409e-06 0.000172197 0.014294 7.92409e-08 0.659311 8.91415e-08 3.56031e-05 0.000237354 2.9003e-05 0.110488 4.76695e-06 0.0212714 
0.00136566 0.0150734 0.00107145 0.00282692 0.000295876 0.0207932 0.0551342 6.05975e-11 0.871529 0.0010884 0.00101581 0.00231523 1.10745e-05 0.0255687 0.00020453 0.00170669 
0.0761622 0.0477009 0.0240471 6.69938e-06 0.00227131 0.0649327 0.0708732 3.7928e-05 0.570899 1.51432e-07 0.0140891 0.000100165 0.000453769 0.104231 5.30988e-10 0.0241945 
0.000541138 0.00118225 0.00250519 3.66028e-06 8.63772e-07 0.0401155 0.011183 6.60474e-07 0.933988 2.03511e-07 0.00389932 4.33292e-08 3.22138e-05 0.00618456 4.11851e-10 0.000362995 
0.146968 0.0229084 0.0869794 0.0168683 6.97084e-05 0.006472 0.0439064 1.35122e-05 0.325094 0.00129336 0.0254965 0.000426495 0.172327 0.0952279 0.0436419 0.0123077 
0.0102318 0.00833048 0.0037088 1.257e-05 0.000271244 0.0271056 0.149406 1.9974e-08 0.703178 3.23155e-05 8.44897e-05 0.00688965 1.69232e-06 0.0890039 5.1785e-05 0.00169098 
0.00466546 0.0267878 0.0216155 0.000383154 0.00581213 0.112032 0.330566 2.38455e-05 0.337319 0.000275919 0.0213981 0.0639463 0.00035168 0.0613188 0.000249831 0.0132546 
0.00629228 4.34319e-08 0.0365516 0.326329 0.00141919 0.00170196 0.0325123 5.59695e-09 0.398913 6.36568e-09 2.43825e-07 0.000145781 5.79681e-05 0.183273 7.80379e-05 0.0127254 
0.0673391 0.0860378 0.0164864 1.74831e-06 0.000305578 0.0264508 0.0709489 5.28787e-05 0.331965 0.00030011 0.0223818 0.0008012 0.193962 0.174845 0.00403828 0.00408311 
0.0212781 0.100739 0.0408275 6.76818e-10 2.4729e-06 0.178631 0.0452209 6.64505e-10 0.329873 0.00497949 0.00193729 0.00105636 7.53061e-05 0.271871 4.98585e-07 0.00350792 
0.00297918 0.0339974 0.166032 1.20295e-05 0.000398799 0.0145987 0.00455261 1.18153e-05 0.721663 7.58112e-05 0.00338068 0.00907887 0.00121759 0.0390692 0.000205111 0.00272681 
0.0254377 0.035429 0.0187169 0.000529062 0.00743357 0.0426503 0.170972 5.40866e-07 0.432271 0.00536429 0.00017923 0.0359111 3.88597e-05 0.210482 0.000452266 0.0141322 
0.0257289 0.00146754 0.0039064 0.00288161 0.000587508 0.0210995 0.18582 2.20237e-05 0.706879 2.80087e-06 0.0017019 0.00086629 8.06429e-05 0.0462259 0.000931778 0.00179849 
0.000644203 0.00106829 4.10278e-07 5.21518e-09 0.000359508 0.00224778 0.0114238 2.76485e-09 0.96828 3.10351e-06 1.99203e-07 0.00112299 8.1755e-09 0.0148494 1.11373e-09 1.66587e-08 
0.00565905 0.0198322 0.0297715 0.00195074 7.1706e-08 0.0397356 0.0735837 1.48564e-05 0.629616 9.65202e-07 0.00410019 0.00346352 1.23011e-06 0.180611 4.51342e-05 0.0116147 
0.0340191 0.0522579 0.201815 0.0034012 0.0873597 0.104929 0.0578985 1.94636e-05 0.345654 1.94236e-05 0.00180266 0.000103925 0.000417086 0.076143 2.06448e-06 0.0341587 
0.00136566 0.0150734 0.00107145 0.00282692 0.000295876 0.0207932 0.0551342 6.05975e-11 0.871529 0.0010884 0.00101581 0.00231523 1.10745e-05 0.0255687 0.00020453 0.00170669 
0.000163022 0.0209668 0.0201102 2.57371e-08 0.0158363 0.0371004 0.023801 1.42742e-08 0.75791 0.000271078 0.000457615 2.13251e-06 3.85567e-08 0.115837 3.45299e-06 0.00754092 
0.182904 0.0256474 0.00422282 2.18932e-05 9.7673e-06 0.0821754 0.0906839 7.93551e-07 0.402825 0.000101007 0.000468746 0.00310388 2.54198e-05 0.177985 3.63794e-06 0.0298223 
3.24196e-05 0.219167 0.0183576 6.61724e-07 5.26594e-07 7.69349e-05 0.00760608 6.49685e-07 0.754392 1.21076e-05 2.87083e-05 6.05434e-05 1.87803e-07 0.000206225 4.24566e-05 1.57496e-05 
0.203259 0.077434 0.0474256 0.000507625 0.0106236 0.055061 0.0319988 0.000195499 0.31779 0.000607723 0.00643231 0.0131042 7.16871e-05 0.16827 0.00118681 0.0660315 
0.0135574 0.0179999 0.00671873 6.41713e-09 6.45949e-05 0.072794 0.00178239 5.67088e-05 0.413913 0.000205374 0.128353 3.64718e-05 0.338056 0.00600787 9.21665e-05 0.000362789 
0.0263572 0.0434295 0.0191974 1.79418e-05 0.00347386 0.00659382 0.249071 0.00511987 0.361522 0.0377327 0.00014908 0.0673086 2.43399e-06 0.168358 0.00425763 0.00740961 
0.00136566 0.0150734 0.00107145 0.00282692 0.000295876 0.0207932 0.0551342 6.05975e-11 0.871529 0.0010884 0.00101581 0.00231523 1.10745e-05 0.0255687 0.00020453 0.00170669 
0.00122292 0.00149582 2.22743e-07 2.83791e-09 0.000747622 0.00199331 0.0051803 1.50749e-09 0.974286 1.85883e-06 4.965e-05 0.000243904 4.44039e-09 0.0147782 6.09169e-10 9.04531e-09 
0.0318391 0.000836308 0.00612861 3.68608e-06 0.000719389 0.00154835 0.0540533 1.10364e-05 0.429316 0.000471881 0.0211721 0.000314766 0.409304 0.0409706 0.000203903 0.00310704 
0.000546097 0.00757292 0.000300674 3.73159e-10 2.96956e-10 0.0101034 1.23202e-07 0.00271423 0.978544 2.17176e-07 2.84108e-07 3.78256e-08 2.40345e-08 3.20606e-07 3.06383e-06 0.000215003 
0.000815312 0.212985 0.0431401 6.23182e-07 8.62491e-05 0.00251828 0.10175 2.73375e-07 0.371414 6.13077e-05 6.84268e-05 0.00515276 1.24035e-06 0.261312 2.85104e-06 0.000690943 
0.0144489 0.038591 0.115218 0.00458981 5.86994e-05 0.0135113 0.0569607 1.64163e-09 0.57242 0.000435013 0.0170842 0.00772359 0.000483212 0.0906923 0.0102927 0.0574898 
0.000582693 0.0289734 0.0562469 4.75638e-09 0.000723713 0.00460733 0.0287515 2.58055e-09 0.789833 9.25352e-07 2.37969e-05 0.0045879 7.28874e-09 0.0843167 3.11312e-06 0.00134884 
0.00868706 0.0350359 0.020551 5.78954e-06 0.00276897 0.116781 0.027278 5.68421e-06 0.74584 6.46492e-06 3.0264e-06 9.21592e-07 1.64312e-06 0.0285385 3.9888e-06 0.0144918 
0.386946 0.000164067 1.44622e-07 8.33061e-09 7.14308e-10 0.00202238 0.0182364 8.81277e-10 0.566279 1.00232e-09 1.09263e-07 0.00360594 1.22609e-07 0.0049011 2.18732e-06 0.017842 
0.00161372 0.00444593 0.105474 0.00501294 6.82389e-05 0.00867211 0.0017229 1.68512e-06 0.84016 3.86808e-05 6.51166e-05 4.91028e-07 3.59603e-06 0.0228193 1.15586e-06 0.00990084 
0.0318391 0.000836308 0.00612861 3.68608e-06 0.000719389 0.00154835 0.0540533 1.10364e-05 0.429316 0.000471881 0.0211721 0.000314766 0.409304 0.0409706 0.000203903 0.00310704 
0.010678 0.00224603 0.000698287 0.000282803 0.222448 0.00321669 0.129391 6.24016e-06 0.4759 0.00133764 2.95164e-05 0.00317522 0.0160615 0.133278 0.000159845 0.00109122 
0.00122292 0.00149582 2.22743e-07 2.83791e-09 0.000747622 0.00199331 0.0051803 1.50749e-09 0.974286 1.85883e-06 4.965e-05 0.000243904 4.44039e-09 0.0147782 6.09169e-10 9.04531e-09 
0.000541138 0.00118225 0.00250519 3.66028e-06 8.63772e-07 0.0401155 0.011183 6.60474e-07 0.933988 2.03511e-07 0.00389932 4.33292e-08 3.22138e-05 0.00618456 4.11851e-10 0.000362995 
0.0231479 0.0061049 0.0725943 0.00243392 2.82961e-06 0.0163827 0.022816 3.31469e-05 0.70732 5.98444e-05 0.013066 0.0516643 0.0128509 0.0554972 4.32635e-05 0.0159829 
0.12846 0.0731801 0.0448663 5.55343e-05 6.74051e-05 0.0667128 0.121994 4.6855e-05 0.441963 0.000719114 0.00595383 0.00360331 4.28107e-05 0.108937 2.32069e-05 0.00337417 
0.00152046 0.00130964 0.0458132 0.00094412 0.0004045 0.00795 0.0116938 1.44046e-08 0.889107 2.28504e-06 0.000363903 1.5457e-05 0.000476194 0.0237829 5.6178e-05 0.0165607 
0.00391575 0.0201201 0.316314 6.86674e-05 7.35399e-07 0.0514086 0.0990559 1.0392e-05 0.445725 0.0410319 0.000641654 0.00340246 0.000214204 0.0129555 6.27941e-06 0.00512941 
0.0415067 0.00287796 0.13192 2.10556e-06 0.000318964 0.0712615 0.0947267 1.7776e-06 0.290157 0.215754 0.0514947 0.00945899 0.000462993 0.0326653 1.40831e-05 0.0573771 
0.0318391 0.000836308 0.00612861 3.68608e-06 0.000719389 0.00154835 0.0540533 1.10364e-05 0.429316 0.000471881 0.0211721 0.000314766 0.409304 0.0409706 0.000203903 0.00310704 
0.005637 0.00244879 0.00786436 2.57916e-08 5.46616e-05 0.0049225 0.0955173 2.67632e-06 0.8724 1.29369e-05 0.000101016 0.000412424 5.94183e-07 0.010612 7.38225e-09 1.35621e-05 
0.00136566 0.0150734 0.00107145 0.00282692 0.000295876 0.0207932 0.0551342 6.05975e-11 0.871529 0.0010884 0.00101581 0.00231523 1.10745e-05 0.0255687 0.00020453 0.00170669 
0.00589836 0.0369235 0.22942 1.07636e-05 3.95336e-06 0.00603255 0.0668211 5.90805e-07 0.454026 7.61976e-05 0.00592148 0.0104401 2.70741e-05 0.146721 8.76239e-05 0.0375895 
0.00136566 0.0150734 0.00107145 0.00282692 0.000295876 0.0207932 0.0551342 6.05975e-11 0.871529 0.0010884 0.00101581 0.00231523 1.10745e-05 0.0255687 0.00020453 0.00170669 
0.00136566 0.0150734 0.00107145 0.00282692 0.000295876 0.0207932 0.0551342 6.05975e-11 0.871529 0.0010884 0.00101581 0.00231523 1.10745e-05 0.0255687 0.00020453 0.00170669 
0.0111831 0.0148026 0.026922 9.52767e-09 0.000428221 0.00201078 0.201812 3.70977e-07 0.599596 5.12168e-05 0.00257267 0.00528738 1.20203e-06 0.13513 1.83186e-05 0.00018432 
0.00305581 0.00350865 0.115786 0.00177067 1.11817e-06 0.00122606 0.0192124 2.92869e-05 0.717119 5.76285e-05 5.91564e-05 0.0121346 6.34119e-05 0.0490965 1.78935e-06 0.0768779 
0.000340483 0.0259946 0.157662 0.00103705 1.37848e-08 0.000312032 0.0286453 2.14984e-07 0.649916 1.04169e-07 4.45303e-08 0.00629554 1.35129e-08 0.127045 0.000163511 0.00258837 
0.0501476 0.0319226 0.249661 0.0389659 3.70398e-05 0.00515646 0.038818 5.19259e-06 0.41115 0.000672872 0.00196055 0.0183626 0.00234506 0.126463 0.000141134 0.0241917 
0.000305733 0.000834438 0.0860885 2.4714e-05 0.0112478 0.0407047 0.0247267 4.82718e-05 0.802046 0.000168003 0.000134322 0.0276263 0.000172347 0.00467512 4.42524e-05 0.00115245 
0.0136655 0.0652074 0.035813 4.03169e-07 0.000167922 0.210484 0.0289731 6.59249e-07 0.362074 0.000275749 0.104449 7.49973e-05 1.652e-07 0.100398 7.01681e-07 0.0784141 
0.00310291 0.0176095 0.112073 0.00229915 0.000510283 0.0216599 0.0368172 0.000299238 0.689189 0.00592974 0.00101178 0.000205362 0.000515447 0.0715236 0.000262404 0.0369907 
0.000933173 0.00904809 0.00998185 0.000131843 0.000811909 0.0503993 0.267302 6.1924e-07 0.625948 0.000510884 8.65406e-05 5.25079e-05 2.03812e-07 0.0337499 0.000110887 0.000931893 
0.00557659 0.0176981 0.0350892 1.46945e-06 2.53161e-07 0.00677207 0.135058 4.16097e-05 0.648506 6.27103e-05 0.000407332 0.00349681 0.0856722 0.0567863 6.28437e-05 0.00476892 
0.00136566 0.0150734 0.00107145 0.00282692 0.000295876 0.0207932 0.0551342 6.05975e-11 0.871529 0.0010884 0.00101581 0.00231523 1.10745e-05 0.0255687 0.00020453 0.00170669 
0.214779 0.0465422 0.0525842 0.00197214 0.000565456 0.0104897 0.0670439 4.05832e-05 0.264152 0.00196898 0.00196037 0.00972807 0.000905742 0.225479 0.0250603 0.0767276 
0.00362699 0.0189499 0.0396193 0.000817595 0.0442324 0.0733118 0.30896 1.30538e-07 0.454165 0.000476092 0.00059531 0.00255753 4.46273e-05 0.0479888 5.09213e-05 0.00460305 
0.00483729 0.0186019 0.0665645 0.00160524 0.0569745 0.0807648 0.0450002 7.92572e-05 0.676851 0.000320112 0.000987624 0.0169808 0.000398541 0.0221204 4.79068e-05 0.00786592 
0.00122292 0.00149582 2.22743e-07 2.83791e-09 0.000747622 0.00199331 0.0051803 1.50749e-09 0.974286 1.85883e-06 4.965e-05 0.000243904 4.44039e-09 0.0147782 6.09169e-10 9.04531e-09 
0.386946 0.000164067 1.44622e-07 8.33061e-09 7.14308e-10 0.00202238 0.0182364 8.81277e-10 0.566279 1.00232e-09 1.09263e-07 0.00360594 1.22609e-07 0.0049011 2.18732e-06 0.017842 
0.00297918 0.0339974 0.166032 1.20295e-05 0.000398799 0.0145987 0.00455261 1.18153e-05 0.721663 7.58112e-05 0.00338068 0.00907887 0.00121759 0.0390692 0.000205111 0.00272681 
0.000541138 0.00118225 0.00250519 3.66028e-06 8.63772e-07 0.0401155 0.011183 6.60474e-07 0.933988 2.03511e-07 0.00389932 4.33292e-08 3.22138e-05 0.00618456 4.11851e-10 0.000362995 
0.000397488 0.106988 0.0631617 0.116594 1.02295e-07 0.0958923 0.166069 5.22416e-05 0.390061 1.4354e-07 6.7195e-08 0.00121841 3.6482e-08 0.0595479 8.8563e-08 1.73955e-05 
0.000541138 0.00118225 0.00250519 3.66028e-06 8.63772e-07 0.0401155 0.011183 6.60474e-07 0.933988 2.03511e-07 0.00389932 4.33292e-08 3.22138e-05 0.00618456 4.11851e-10 0.000362995 
0.00144254 0.000865193 0.000210202 2.50514e-06 6.80187e-05 0.000150305 0.307061 3.05786e-06 0.349344 0.00336175 0.000649808 0.0235556 5.10734e-05 4.24801e-05 0.000213771 0.312979 
0.0046458 0.0545347 0.0521836 1.53292e-05 8.57707e-06 0.198127 0.00191398 6.09226e-06 0.582678 0.00103105 3.23528e-05 4.13029e-07 3.45633e-06 0.104815 1.23488e-06 4.05845e-06 
0.0186722 0.126363 0.106382 0.00737373 0.00965709 0.101715 0.0997571 0.00030754 0.212069 0.0858246 0.0155591 0.0193874 0.000156726 0.0187833 0.0381815 0.13981 
0.0584539 0.0393378 0.28424 0.027077 4.56014e-05 0.00873936 0.0433632 7.11451e-06 0.324357 0.000603666 0.00517127 0.0131458 0.0023106 0.16252 0.000106137 0.030521 
0.0179828 0.00691137 0.00736946 8.54675e-06 0.00051936 0.00218722 0.00673133 6.34083e-09 0.907787 1.38628e-05 0.0240376 0.00263122 7.97192e-06 0.0237915 3.80976e-07 2.03355e-05 
0.00703674 0.00238066 4.24746e-07 5.67211e-09 6.59634e-05 0.00614462 0.0625258 1.28694e-06 0.907918 1.49652e-05 0.00012381 0.000512971 6.29917e-07 0.0132577 1.34125e-09 1.65002e-05 
0.000780144 3.18941e-08 3.37907e-08 3.97919e-07 3.1666e-07 0.000208452 0.000209284 3.90679e-07 0.998085 4.44338e-07 0.000624228 6.33416e-08 1.12933e-07 9.11932e-05 2.74153e-07 7.26978e-08 
6.73352e-05 0.00713228 0.00178842 3.82835e-07 0.000535599 0.0415095 0.116452 7.40377e-05 0.829577 1.78357e-05 0.00107219 0.000972786 2.46975e-05 0.000476045 0.000239573 6.06266e-05 
0.000541138 0.00118225 0.00250519 3.66028e-06 8.63772e-07 0.0401155 0.011183 6.60474e-07 0.933988 2.03511e-07 0.00389932 4.33292e-08 3.22138e-05 0.00618456 4.11851e-10 0.000362995 
0.00724651 0.00501215 0.015791 5.95719e-05 0.000333083 0.0507109 0.151293 1.8497e-06 0.540805 0.0013634 0.00113806 0.0122762 9.26549e-05 0.199107 1.59262e-07 0.0147704 
0.0958696 0.0275694 0.0073122 1.01579e-05 7.04847e-05 0.00958335 0.0514744 8.776e-07 0.263464 0.000341166 0.0482374 0.0100651 0.253193 0.12926 0.100454 0.00309406 
0.0327483 0.00718023 0.243179 0.00652342 1.82109e-06 0.00270166 0.00658261 5.54786e-06 0.640013 0.000462688 0.00322662 0.000136985 2.68911e-05 0.0311397 0.000314067 0.025758 
0.0582865 0.0616488 0.0273704 2.12556e-06 0.00036683 0.0136344 0.0711028 1.37416e-05 0.283575 0.000482421 0.0500888 0.000510893 0.219241 0.207379 0.000212452 0.00608536 
0.000541138 0.00118225 0.00250519 3.66028e-06 8.63772e-07 0.0401155 0.011183 6.60474e-07 0.933988 2.03511e-07 0.00389932 4.33292e-08 3.22138e-05 0.00618456 4.11851e-10 0.000362995 
2.2159e-05 0.0304201 0.160087 2.29123e-06 1.82334e-06 0.000227431 0.229364 0.00473534 0.296175 0.000109428 1.13455e-05 0.000160871 6.5027e-07 0.278612 1.57858e-06 6.94735e-05 
0.06343 0.219793 0.159243 0.00125417 2.30852e-06 0.117493 0.00851143 0.00234591 0.288355 7.26152e-05 0.00546824 0.000123902 1.15376e-10 0.0681586 0.000223789 0.0655242 
