0.00221974 0.499075 0.174314 1.68361e-07 1.9026e-05 0.0956316 0.107248 0.000187975 0.00787679 2.29097e-10 0.000881554 0.00805001 3.46475e-05 0.102281 0.000277264 0.00190312 
0.0183888 0.0428885 0.0624943 1.71896e-05 0.00021528 0.135039 0.151458 7.58148e-07 0.318137 2.45984e-08 0.00577609 2.76763e-05 0.000958113 0.22859 2.26859e-06 0.0360071 
0.00932694 0.0568523 0.00993931 0.000364266 0.00211645 0.0576477 0.346413 0.000369662 0.00470786 0.000104386 0.000537529 0.0860531 0.000243855 0.0428512 0.379245 0.00322727 
0.188461 0.0763203 0.245152 2.68128e-06 6.76506e-07 0.0148996 0.0333752 1.17088e-05 0.257156 4.30969e-07 0.000307199 0.00273582 2.9952e-05 0.0806848 3.82027e-05 0.100825 
0.000155793 0.0200434 0.00733258 0.000181183 0.000931104 0.043217 0.890489 2.03552e-06 0.0107776 7.96925e-07 0.00126579 0.0136978 1.02759e-05 0.0115841 0.000203242 0.000108355 
0.00827689 0.0157725 0.102715 3.27592e-08 0.00221426 0.303673 0.189821 0.000451385 0.0364051 3.62677e-09 0.27006 0.0180795 0.0019396 0.0408746 0.00817585 0.00154147 
6.29584e-06 6.29675e-06 6.29671e-06 6.28996e-06 6.29147e-06 0.051002 0.77766 6.29004e-06 6.2932e-06 6.28906e-06 6.29348e-06 6.29614e-06 0.000635818 6.29682e-06 6.29225e-06 0.170627 
0.00444307 0.0161293 0.00551348 0.00326283 0.00418635 0.00526002 0.00344329 3.41037e-08 0.000253047 4.77953e-09 0.934962 0.00228061 0.0179465 0.00215123 3.24624e-07 0.000167908 
0.0916717 0.0608722 0.0706555 5.37816e-05 0.00241646 0.647859 0.00701762 0.0257572 0.0164339 2.63661e-06 0.0403593 0.000150182 0.00134135 0.0297154 0.00111894 0.00457506 
0.217024 0.0243363 0.100711 0.00121347 0.000237759 0.366672 0.093552 2.49788e-05 0.0016957 8.4921e-06 0.141217 0.00920823 4.57968e-05 0.0399664 0.00157113 0.00251652 
0.041748 0.255403 0.355795 0.000326525 0.00128409 0.0253092 0.04513 0.00492189 0.00298344 1.74321e-05 0.0524271 0.0838641 0.0596947 0.0510878 0.000305926 0.0197013 
0.00627647 0.273902 0.122851 0.000663095 0.00479363 0.401264 0.0684891 0.0438666 0.00126901 2.02269e-05 0.00373744 0.00485855 0.000325091 0.0457489 0.000142553 0.0217918 
0.0162542 0.533159 0.255227 0.000137355 0.000481452 0.0293573 0.0282085 0.000315186 0.0609687 5.5524e-05 0.006119 0.00199598 0.024845 0.0264708 0.000218017 0.0161875 
0.111302 0.0168527 0.231611 0.000227818 0.000183428 0.00614254 0.00595825 6.21538e-06 0.00200462 1.31619e-07 0.507507 0.000110954 0.0290458 0.0733774 8.56598e-05 0.0155847 
0.000740963 0.242727 0.187327 6.32116e-07 0.000767521 0.553349 0.0119895 1.80911e-07 0.00198655 5.98966e-08 7.15362e-05 0.000167293 2.87738e-05 0.000696854 2.00416e-07 0.000147268 
0.0314579 0.311772 0.118981 0.000131404 0.00118816 0.310486 0.0338641 0.0858644 0.0131606 3.1805e-06 0.00271825 0.0131186 0.000471652 0.0722359 0.000575992 0.00397109 
0.0183112 0.553343 0.264436 0.000226787 0.000653782 0.0109442 0.0231972 9.3088e-05 0.00342015 8.68781e-05 0.0135513 0.00906944 0.00566539 0.0794214 0.00593365 0.0116465 
0.614119 0.254374 0.00458788 8.48174e-05 6.77281e-05 0.00860252 0.00482429 0.000167048 0.000337797 8.39385e-06 0.00186171 6.77975e-05 8.80734e-06 0.0950786 8.12613e-05 0.0157275 
0.396485 0.195473 0.0763298 2.83026e-07 5.09429e-07 0.000544432 0.00613112 2.48818e-05 0.000410768 9.11918e-08 0.00362251 0.00025436 0.054947 0.248188 3.97592e-05 0.0175491 
0.00275883 0.0167776 0.0117712 3.69933e-05 1.77506e-05 0.00352864 0.0115281 0.949605 7.39435e-05 1.36431e-05 0.0002692 0.00139659 1.46944e-05 0.00152957 0.000172993 0.000504839 
0.0886684 0.00924175 0.0165517 8.50943e-07 7.14663e-05 0.0275661 0.233931 7.43151e-07 0.168576 1.71343e-07 0.140261 0.000147944 0.261161 0.0527225 0.000873583 0.000226818 
0.000306318 0.0536966 0.135896 0.000618 0.031465 0.657145 0.0490673 0.000322224 0.00708419 0.000113464 0.0020289 0.0252154 0.000157619 0.0192488 0.00278706 0.0148483 
0.0487638 0.0372665 0.0213483 0.000912349 0.00391886 0.242353 0.179261 0.00849121 0.0316038 7.14696e-05 0.281135 0.00378451 0.0457567 0.0758642 0.000748074 0.0187205 
0.102391 0.105847 0.0466938 0.00493662 0.00143772 0.0655641 0.0929639 0.000135071 0.00305839 0.000126256 0.332727 0.0379229 0.0107507 0.174042 0.00156812 0.019835 
2.16823e-05 2.16854e-05 0.0889313 0.00868646 2.16672e-05 0.119273 0.672272 2.16623e-05 2.16732e-05 2.16589e-05 0.0195284 0.0910916 2.16802e-05 2.16857e-05 2.16699e-05 2.16827e-05 
0.000133956 0.0144995 0.055357 0.00719971 0.000530416 0.0168592 0.000712672 2.11547e-06 0.00658698 1.9001e-06 7.63531e-06 4.0651e-06 3.86916e-05 0.0756801 7.73974e-06 0.822378 
0.0146744 0.0624298 0.0132808 3.89321e-06 5.42636e-05 0.288497 0.0462052 6.34001e-06 0.101097 1.19575e-08 6.82926e-06 0.00242987 0.00037614 0.470427 1.45575e-05 0.000497206 
0.00147577 0.00527553 0.00805704 8.64993e-08 7.18226e-05 0.922642 0.0381337 0.00338822 0.000115365 8.16947e-08 0.000189774 0.0118361 0.000107087 0.00582009 0.00122944 0.00165805 
0.0625173 0.0625264 0.062526 0.062459 0.062474 0.0625167 0.0625266 0.0624598 0.0624912 0.06245 0.0624939 0.0625204 0.0625112 0.0625271 0.0624818 0.0625186 
0.0251878 0.158545 7.47491e-07 7.4669e-07 0.00545288 0.44372 0.0168943 0.00395826 0.00829329 7.46584e-07 0.00762125 7.47424e-07 7.47315e-07 0.323222 7.46963e-07 0.00710108 
0.00567845 0.268771 0.0252673 0.00161882 1.08205e-05 0.403492 0.0890125 8.38782e-05 6.07227e-07 2.60557e-07 0.0336544 2.34592e-06 1.41437e-05 0.153561 6.03602e-06 0.0188264 
0.00357046 0.0243966 0.656979 0.00272134 0.000150766 0.0600213 0.00354748 9.39713e-05 0.00541246 1.03706e-07 0.0458181 0.00368709 0.0490839 0.121674 6.97511e-06 0.0228363 
0.281938 3.20394e-05 0.288385 3.20049e-05 0.0896671 0.160204 0.179454 3.20053e-05 3.20214e-05 3.20003e-05 3.20228e-05 3.20363e-05 3.20316e-05 3.20398e-05 3.20165e-05 3.20354e-05 
0.00365946 0.478324 0.196643 0.000405513 0.000115218 0.221556 0.0165042 0.000109902 0.00143031 1.62613e-05 0.00267837 0.00208819 2.53734e-05 0.0623813 2.76324e-05 0.0140358 
0.0626297 0.223286 0.274765 0.0030565 0.000559156 0.0153973 0.160142 0.000269599 0.000874071 7.46812e-05 0.0391389 0.0218547 0.0163864 0.151183 0.0206993 0.00968457 
0.0122983 0.00690425 0.0425493 0.0264557 0.000286318 0.0255086 0.683207 2.89974e-05 0.0137336 1.35005e-05 0.0211632 0.00107924 0.000721506 0.162226 0.000125923 0.00369838 
0.396485 0.195473 0.0763298 2.83026e-07 5.09429e-07 0.000544432 0.00613112 2.48818e-05 0.000410768 9.11918e-08 0.00362251 0.00025436 0.054947 0.248188 3.97592e-05 0.0175491 
0.0505238 0.0827383 0.37896 0.000391793 0.0013795 0.189812 0.0643712 0.00127052 0.0187717 0.000182572 0.0283348 0.0496945 0.00229631 0.11857 0.00233699 0.0103657 
0.0209253 0.298211 0.0017647 2.99186e-05 7.22295e-05 0.571899 0.0342442 0.00176455 8.58682e-05 2.15201e-05 0.00594258 0.0024572 0.000499244 0.0484479 9.12003e-05 0.013544 
0.017173 0.19254 0.0642937 4.58219e-05 0.000101855 0.307628 0.0125707 0.0291324 0.000364009 1.38743e-05 0.00101566 3.88204e-05 0.000849108 0.160772 0.000124241 0.213337 
0.00748284 0.0656961 0.0726547 0.000220251 0.000419233 0.0740772 0.0505454 0.000118975 0.00195368 2.10847e-05 0.0492305 0.000916174 0.623991 0.0453745 0.00048095 0.0068174 
0.923726 0.00116683 0.0131929 5.24133e-05 1.24847e-05 0.00126773 0.0163133 8.61827e-05 7.30824e-05 1.04112e-05 0.0274636 0.0105146 0.00288668 0.000542519 0.000677873 0.00201317 
0.0530455 0.187267 0.17707 0.00250126 0.000876641 0.01617 0.20636 7.04475e-06 0.00526762 5.40857e-08 0.00189783 2.68441e-07 5.48522e-08 0.341857 0.00185394 0.00582551 
1.53088e-05 0.251116 1.53109e-05 1.52945e-05 1.52982e-05 0.0949287 0.0444174 1.52947e-05 0.0795879 1.52923e-05 1.5303e-05 1.53095e-05 1.53073e-05 0.529782 1.53001e-05 1.53091e-05 
0.172321 4.92278e-05 0.275724 4.91747e-05 4.91865e-05 0.551315 4.9228e-05 4.91754e-05 4.92001e-05 4.91677e-05 4.92022e-05 4.92231e-05 4.92158e-05 4.92284e-05 4.91927e-05 4.92217e-05 
0.0625173 0.0625264 0.062526 0.062459 0.062474 0.0625167 0.0625266 0.0624598 0.0624912 0.06245 0.0624939 0.0625204 0.0625112 0.0625271 0.0624818 0.0625186 
0.0466044 0.197083 0.246913 0.00835653 0.00225829 0.104252 0.0835496 0.000482855 0.028564 2.09655e-05 0.0712186 0.0290854 0.0381627 0.132051 0.00075203 0.0106462 
0.00666686 0.176942 0.508373 0.000161891 0.0010081 0.0282666 0.0159249 0.00251196 0.0094857 6.80298e-05 0.173105 0.0639204 0.000232084 0.00425953 0.0019297 0.00714415 
0.00473037 0.148859 0.419091 0.022029 2.03325e-05 0.0126459 0.000307246 0.25338 4.91878e-05 3.80921e-06 0.0112723 0.00012295 0.000187589 0.00621805 0.000140302 0.120943 
0.923726 0.00116683 0.0131929 5.24133e-05 1.24847e-05 0.00126773 0.0163133 8.61827e-05 7.30824e-05 1.04112e-05 0.0274636 0.0105146 0.00288668 0.000542519 0.000677873 0.00201317 
0.0134381 0.0216313 0.0399175 5.23583e-05 0.000335418 0.0771363 0.0351033 0.000277787 0.00137526 3.93485e-05 0.703367 0.000391737 0.0239399 0.0194611 0.0617382 0.00179496 
0.923726 0.00116683 0.0131929 5.24133e-05 1.24847e-05 0.00126773 0.0163133 8.61827e-05 7.30824e-05 1.04112e-05 0.0274636 0.0105146 0.00288668 0.000542519 0.000677873 0.00201317 
0.00996982 0.00653896 0.351417 0.00717778 0.00113188 0.0600911 0.0840743 4.22311e-06 0.251374 2.45941e-08 0.0146802 0.0108192 0.000125293 0.190387 8.12963e-08 0.0122085 
0.152592 0.1764 0.0895652 1.13683e-06 1.1371e-06 1.13788e-06 0.00626046 1.13684e-06 0.00500577 1.13666e-06 0.00273105 1.13794e-06 1.13778e-06 0.54468 0.00545989 0.0172974 
0.0112732 0.478623 0.185594 0.000444273 0.00114276 0.0578649 0.110402 0.000553496 0.000737384 0.000136331 0.00467378 0.0253525 0.00017838 0.09229 0.00102784 0.0297068 
0.000740963 0.242727 0.187327 6.32116e-07 0.000767521 0.553349 0.0119895 1.80911e-07 0.00198655 5.98966e-08 7.15362e-05 0.000167293 2.87738e-05 0.000696854 2.00416e-07 0.000147268 
0.00179518 0.038187 0.0649774 0.00516449 0.0546834 0.0603351 0.150082 0.00106107 0.000759554 6.65255e-06 0.0355045 4.1956e-05 0.577565 0.00887655 0.000887978 7.18549e-05 
0.00420749 0.0139446 0.00042569 4.52247e-05 0.000865186 0.00428079 0.160222 3.44537e-05 0.000313938 3.13161e-05 4.99647e-05 0.0341749 0.0134964 0.0563081 0.710952 0.000648045 
0.0582182 0.768038 0.0596498 0.00640956 1.11485e-07 0.0113143 0.0158147 9.55865e-05 3.56413e-08 2.92306e-08 0.00127552 0.00116069 5.51074e-08 0.0238929 6.93402e-08 0.0541304 
0.923726 0.00116683 0.0131929 5.24133e-05 1.24847e-05 0.00126773 0.0163133 8.61827e-05 7.30824e-05 1.04112e-05 0.0274636 0.0105146 0.00288668 0.000542519 0.000677873 0.00201317 
0.000631675 0.890896 0.080006 1.04842e-09 3.94063e-08 0.00994278 0.00721719 2.20523e-05 0.0044484 1.41494e-11 0.000277675 0.00396159 1.72229e-08 0.00146221 5.46324e-08 0.00113467 
0.00716023 0.00693489 0.0153268 0.000102546 0.000111789 0.0026866 0.000441005 0.454168 0.000322934 3.46702e-05 0.0134574 0.000165616 0.490768 0.00413969 0.000161742 0.00401844 
0.0834822 0.0548714 0.0753217 0.000817952 0.000267079 0.325648 0.128181 0.013092 0.044566 0.000175949 0.00903748 0.00291317 0.000202966 0.252798 0.000841778 0.00778281 
0.104244 0.119664 0.0133197 1.3914e-06 0.197151 0.264149 0.0176041 0.00042292 1.25388e-06 3.57482e-07 5.06078e-05 0.00242708 9.48328e-05 0.153693 0.000215228 0.126961 
0.0116837 0.0835187 0.0175375 0.000119885 0.47413 0.00652022 0.0676625 0.000361282 0.000146975 2.27418e-06 0.290188 0.0212172 0.000746736 0.0134168 0.000356388 0.0123922 
0.00444307 0.0161293 0.00551348 0.00326283 0.00418635 0.00526002 0.00344329 3.41037e-08 0.000253047 4.77953e-09 0.934962 0.00228061 0.0179465 0.00215123 3.24624e-07 0.000167908 
0.0840404 0.314123 0.0285885 5.50999e-05 2.27617e-06 0.0576598 0.268885 2.58738e-06 0.00171219 1.70416e-06 0.000682649 0.0263777 5.91878e-05 0.210983 0.00151249 0.0053154 
0.000710512 0.00838579 0.400024 0.0439857 0.000719599 0.0126597 0.144494 0.000158952 0.000726564 2.87545e-09 0.00186214 0.000306846 0.15276 0.0418861 0.000662588 0.190658 
0.211465 0.0581172 0.0515444 0.0216515 0.00154647 0.0279791 0.0984657 0.00248832 0.00203143 0.000393906 0.00161012 0.0319306 0.050226 0.402785 0.000993861 0.0367721 
0.140409 0.0757521 0.0121096 0.000236104 0.00457368 0.234338 0.0479185 0.330846 0.000828557 0.000137996 0.0155465 0.0285594 0.0056052 0.0691441 0.00899449 0.0250013 
0.923726 0.00116683 0.0131929 5.24133e-05 1.24847e-05 0.00126773 0.0163133 8.61827e-05 7.30824e-05 1.04112e-05 0.0274636 0.0105146 0.00288668 0.000542519 0.000677873 0.00201317 
0.0306076 0.235855 0.142813 0.00233307 0.000193911 0.0332025 0.00523312 0.000506256 0.000771945 8.91131e-05 0.0271593 0.00066628 0.000536215 0.0225733 0.000715429 0.496744 
0.819198 0.0408947 0.0200656 7.5966e-07 1.65375e-06 0.0153331 0.000953315 1.09503e-05 0.000983381 2.05816e-07 0.00291835 0.000208354 0.00100223 0.00380501 6.83483e-05 0.0945555 
0.152592 0.1764 0.0895652 1.13683e-06 1.1371e-06 1.13788e-06 0.00626046 1.13684e-06 0.00500577 1.13666e-06 0.00273105 1.13794e-06 1.13778e-06 0.54468 0.00545989 0.0172974 
0.00220759 0.0645097 0.625829 5.23199e-05 8.05192e-06 0.00264138 0.00328018 1.95305e-06 0.00029467 1.66939e-07 4.11537e-05 0.01038 5.43317e-06 0.28191 1.69722e-05 0.00882123 
0.0121029 0.0233553 0.158036 0.000608415 0.000557343 0.0610941 0.045717 0.000285577 0.00288986 4.14516e-05 0.570104 0.000186369 0.00865698 0.063705 0.000301459 0.0523582 
0.000682677 0.0305965 0.0451253 9.31098e-05 0.00351781 0.541616 0.150035 0.0116426 0.000387018 8.18209e-05 0.00413457 0.188209 0.000148089 0.0219258 0.000437038 0.00136754 
0.0344237 0.0580427 0.330094 0.001219 0.00258274 0.244419 0.100077 8.18983e-05 0.0359851 5.03879e-07 0.00269671 0.0150469 3.8617e-05 0.0742029 0.00179269 0.099296 
0.00173175 0.00216185 0.405056 8.08398e-05 4.70499e-05 0.006459 0.00273382 0.023966 0.482558 2.04676e-08 0.00232031 2.09932e-06 0.00608888 0.0561187 8.91867e-06 0.0106668 
0.0131776 0.0606252 0.0685705 0.00108722 0.00525146 0.0819137 0.023559 0.00422037 0.000740486 3.72557e-05 0.675757 0.0126794 0.0183064 0.0167042 0.00755449 0.009816 
2.23678e-05 2.23711e-05 2.23709e-05 2.23469e-05 2.23523e-05 0.0335737 0.357961 2.23472e-05 0.608175 2.23437e-05 2.23594e-05 2.23689e-05 2.23656e-05 2.23713e-05 2.23551e-05 2.23683e-05 
0.819198 0.0408947 0.0200656 7.5966e-07 1.65375e-06 0.0153331 0.000953315 1.09503e-05 0.000983381 2.05816e-07 0.00291835 0.000208354 0.00100223 0.00380501 6.83483e-05 0.0945555 
0.000288117 0.396947 0.101049 5.49698e-07 5.78755e-07 9.48284e-06 0.000709689 2.93397e-07 1.40064e-06 1.00251e-07 5.35795e-06 0.000314909 1.67875e-07 0.500306 3.37573e-07 0.000367158 
0.000135778 0.230428 0.244243 7.47481e-07 0.000239361 0.0449146 0.00503288 6.12569e-06 0.0700874 3.43874e-07 0.00288073 1.56907e-05 2.77149e-05 0.387958 1.36569e-06 0.0140279 
0.00218825 0.212305 0.340658 1.41037e-07 0.00190459 0.107372 0.0556712 1.41038e-07 0.0146191 1.41016e-07 0.0225363 0.00487067 0.00742487 0.221867 0.00221522 0.00636698 
0.061735 0.0410775 0.103275 0.00303784 0.00151754 0.228058 0.179335 0.00027258 0.0076719 2.86619e-05 0.128271 0.00375076 0.0225232 0.193421 0.0187975 0.00722699 
0.0675523 0.439972 0.425807 2.92154e-05 0.00053997 0.0018115 0.005364 5.13342e-05 6.61714e-05 1.82564e-05 0.0231269 0.0034711 0.00410181 0.0167444 0.00185393 0.00948987 
0.125546 0.259948 0.350779 1.53441e-05 0.0065357 0.0417834 0.07036 8.78602e-05 0.00266469 8.60089e-06 0.00478133 0.00337012 0.00667565 0.102026 6.68588e-05 0.0253513 
0.0228978 0.0323326 0.387042 0.00109682 0.000287799 0.408245 0.0506634 0.000141517 0.00191706 9.264e-05 0.00647803 0.0198146 0.0139911 0.0358913 9.56793e-05 0.0190128 
0.0127107 0.125127 0.0611284 0.00419225 0.00859789 0.559515 0.0430111 0.0192851 0.0271127 0.000151186 0.00935716 0.00515358 0.00272193 0.0712571 0.000972222 0.0497065 
0.00142654 0.445386 0.198071 6.267e-08 0.000155868 0.0474273 0.0517977 0.000165784 0.0475958 4.0757e-08 0.00430106 0.00301136 1.83149e-05 0.158286 0.000116982 0.0422397 
0.00989675 0.0610913 0.386795 0.000356284 0.00121759 0.0838541 0.00491804 0.00170547 0.00303245 1.48325e-06 0.271613 0.000626806 0.0455898 0.0556466 0.0315821 0.0420727 
0.000244592 0.002074 0.00242668 0.00029908 3.70679e-05 0.739894 0.193462 0.00044937 0.00113871 1.51062e-05 0.00100822 0.00269028 0.00282757 0.0102786 0.0430513 0.000103889 
0.00824587 0.0970901 0.00742369 8.94297e-05 6.87974e-06 0.734043 0.0963181 0.000197139 0.00033027 3.61614e-08 0.00404636 3.46407e-05 4.44263e-05 0.0274977 6.76334e-06 0.024626 
0.032347 0.0567303 0.0329953 7.05195e-05 0.000808765 0.0190368 0.018452 0.00771047 0.000766021 2.33383e-05 0.0367727 0.00811958 0.755582 0.0272718 0.000407439 0.00290587 
0.000740963 0.242727 0.187327 6.32116e-07 0.000767521 0.553349 0.0119895 1.80911e-07 0.00198655 5.98966e-08 7.15362e-05 0.000167293 2.87738e-05 0.000696854 2.00416e-07 0.000147268 
0.000352139 0.0426453 0.0386155 0.000168876 0.014667 0.686023 0.0541254 0.000946507 0.0394705 4.26979e-08 0.00742739 0.000218799 0.000195918 0.0189894 7.5104e-05 0.0960794 
0.00635339 0.000131491 0.00731506 3.60736e-07 0.898888 0.0610028 0.0142842 1.04844e-07 3.0852e-05 1.88445e-08 0.000622202 0.00035309 0.000116225 0.0102437 2.15792e-08 0.000658147 
0.00204241 0.129759 0.41564 0.000131576 0.00583382 0.0476759 0.0496844 0.000125279 0.12975 6.43867e-05 0.000935168 0.0142461 7.54724e-05 0.152474 0.000112248 0.0514495 
0.0251923 0.0378383 0.11409 0.000263811 0.000320973 0.458556 0.177274 0.000282716 0.0209968 8.34887e-05 0.0284985 0.00298111 0.0188143 0.0756907 0.00462645 0.0344898 
0.000161623 0.000262115 4.59971e-06 3.99626e-06 0.00165353 1.4178e-05 0.042426 4.56854e-06 5.53211e-05 1.01666e-06 2.13764e-05 0.00171308 1.79599e-05 0.000180234 0.953455 2.56824e-05 
0.00666686 0.176942 0.508373 0.000161891 0.0010081 0.0282666 0.0159249 0.00251196 0.0094857 6.80298e-05 0.173105 0.0639204 0.000232084 0.00425953 0.0019297 0.00714415 
0.00142006 0.00268876 0.0100612 0.000490403 0.92092 0.00656368 0.0099079 4.17528e-06 0.00490152 3.88313e-06 0.000196704 0.00110531 4.64293e-05 0.00507413 0.0364099 0.000205474 
0.0136201 0.040274 0.364833 0.000136292 0.0043716 0.0177169 0.0112773 5.09014e-05 0.000187472 2.07939e-06 0.496411 0.000677852 0.00775172 0.0395486 0.000250644 0.00288995 
0.00234864 0.359397 0.0155029 0.00710392 9.4346e-09 0.0202079 0.04875 0.000310597 0.000527131 6.25024e-09 0.000511805 0.00251514 2.44245e-05 0.533874 0.00161026 0.00731643 
0.000674639 0.0443795 0.805338 7.59442e-06 0.000265963 0.00539662 0.00715207 1.3956e-06 0.0147945 2.52779e-07 0.00252774 0.00851311 4.52796e-05 0.104357 1.55268e-05 0.00653126 
0.00222405 0.0098499 0.414515 0.00593693 0.300071 0.154353 0.0330589 2.505e-05 0.000783273 9.3033e-08 0.0290686 0.000329819 0.000950026 0.016859 2.49991e-05 0.0319495 
0.302547 0.249855 0.0816146 0.00141877 0.000206355 0.00741658 0.0168706 0.000156865 0.000430999 0.00015235 0.00873017 0.00189727 0.0052316 0.153044 0.000295759 0.170133 
0.0293919 0.181472 0.0329915 0.000754916 8.70981e-05 0.218085 0.0136937 0.283234 0.000223275 1.51742e-07 0.0022321 2.5476e-05 8.23527e-05 0.116495 1.14327e-05 0.121219 
0.0472575 0.372003 0.472911 8.24077e-05 7.74182e-05 0.00570025 0.00723306 0.00033122 0.000107215 6.04726e-05 0.00945672 0.00198146 0.0268065 0.0247975 0.00367653 0.0275184 
0.00437944 0.00679624 0.0360165 0.00331941 7.54421e-07 0.00822957 0.825431 7.5425e-07 7.54629e-07 7.54132e-07 7.54662e-07 7.54982e-07 0.00128404 0.104501 0.00807407 0.00196365 
0.0190032 0.428706 0.162821 1.40527e-07 0.0018696 0.0216473 0.0510669 0.000801158 0.0153397 1.40507e-07 0.0069742 0.243689 0.00229265 0.0361973 0.00299446 0.00659719 
0.923726 0.00116683 0.0131929 5.24133e-05 1.24847e-05 0.00126773 0.0163133 8.61827e-05 7.30824e-05 1.04112e-05 0.0274636 0.0105146 0.00288668 0.000542519 0.000677873 0.00201317 
0.00531372 0.0102031 0.124084 0.000346403 0.606961 0.0750562 0.0628754 1.06647e-07 0.0275368 3.36268e-08 0.00211013 0.000296901 0.000299939 0.0658582 1.74577e-07 0.0190578 
0.0595807 0.0586363 0.719685 9.60265e-05 0.000303675 0.00300566 0.0126355 3.75458e-05 0.00046169 9.46025e-06 0.00751435 0.000141965 0.00311342 0.0726118 0.0014975 0.0606694 
0.396485 0.195473 0.0763298 2.83026e-07 5.09429e-07 0.000544432 0.00613112 2.48818e-05 0.000410768 9.11918e-08 0.00362251 0.00025436 0.054947 0.248188 3.97592e-05 0.0175491 
0.0576242 0.0456639 0.144948 1.63552e-07 0.00265033 0.00189912 0.0165859 0.000294561 0.00281471 1.63528e-07 0.00148931 0.544132 0.000393016 0.146375 0.00356688 0.0315631 
0.0366042 0.0197747 0.650856 0.002066 0.0118812 0.0609351 0.00575872 7.01299e-05 0.000644705 2.35728e-05 0.00217799 4.50448e-05 0.000240974 0.202987 0.00136504 0.00456984 
0.000740963 0.242727 0.187327 6.32116e-07 0.000767521 0.553349 0.0119895 1.80911e-07 0.00198655 5.98966e-08 7.15362e-05 0.000167293 2.87738e-05 0.000696854 2.00416e-07 0.000147268 
0.0404625 0.0530056 0.615766 0.000253182 0.0010844 0.0539841 0.00705217 7.71032e-05 0.0012425 5.90615e-05 0.114784 0.00033365 0.0465226 0.0546361 0.000575925 0.0101609 
0.363245 5.64995e-06 0.284195 5.64385e-06 5.64521e-06 5.64907e-06 5.64996e-06 5.64393e-06 0.0734136 5.64305e-06 5.64701e-06 5.6494e-06 5.64857e-06 5.65001e-06 5.64591e-06 0.279079 
0.00144056 0.0698688 0.373823 8.70383e-05 0.0010709 0.150909 0.212643 0.000203722 0.0475303 1.03934e-05 0.000658269 0.00527444 2.38106e-05 0.131381 0.000176599 0.00489992 
0.0908616 0.33602 0.106894 0.000359851 0.0168596 0.227496 0.13192 0.00139786 0.000258573 3.44729e-05 0.00841711 0.00931183 0.0256931 0.0224532 0.00206637 0.0199572 
0.000999621 0.000352215 0.0181144 0.000701722 0.000168538 0.00602944 0.0258406 6.64858e-07 0.916556 8.71016e-08 4.64061e-06 3.53465e-05 1.2092e-06 0.0308188 4.07169e-05 0.000336246 
0.0124313 0.0456773 0.0325467 0.0201105 0.0161182 0.0034056 0.362545 0.000152511 0.0103716 1.15799e-05 0.000276876 0.000216183 4.74352e-05 0.101513 0.000206403 0.394369 
0.000740963 0.242727 0.187327 6.32116e-07 0.000767521 0.553349 0.0119895 1.80911e-07 0.00198655 5.98966e-08 7.15362e-05 0.000167293 2.87738e-05 0.000696854 2.00416e-07 0.000147268 
0.261573 0.100462 0.0544793 0.00168112 0.00804157 0.133415 0.0321594 0.162328 5.30416e-05 2.79282e-05 0.0197582 0.00132716 0.110037 0.0906316 0.0026789 0.0213455 
0.0649486 0.197498 0.0309845 0.000470457 0.00484185 0.024595 0.0710146 0.000115645 0.00197729 1.33935e-05 0.00526878 0.0114628 0.000277194 0.583183 0.00176884 0.00158009 
0.022586 0.0348745 0.01842 0.357925 0.00152676 0.00664451 0.327299 0.00227655 0.0559056 0.000269424 0.00150773 0.00754115 0.000368771 0.10869 0.00125662 0.0529083 
9.15458e-05 0.0323948 0.446612 2.64254e-05 1.13903e-06 0.144732 0.0491948 2.02699e-05 0.000263797 5.24893e-08 4.26716e-05 0.0248669 3.98216e-07 0.267672 0.000258852 0.0338224 
0.0158002 0.280798 0.442999 0.00178347 0.000459701 0.0538601 0.0443606 0.000123408 0.00162444 5.42333e-05 0.0140581 0.045372 0.00032466 0.062589 0.000233443 0.0355599 
0.819198 0.0408947 0.0200656 7.5966e-07 1.65375e-06 0.0153331 0.000953315 1.09503e-05 0.000983381 2.05816e-07 0.00291835 0.000208354 0.00100223 0.00380501 6.83483e-05 0.0945555 
0.00444307 0.0161293 0.00551348 0.00326283 0.00418635 0.00526002 0.00344329 3.41037e-08 0.000253047 4.77953e-09 0.934962 0.00228061 0.0179465 0.00215123 3.24624e-07 0.000167908 
0.697963 0.0577961 0.0760513 1.83977e-05 1.00571e-05 0.0350339 0.0347536 5.74675e-05 0.00387191 3.10694e-07 0.0689407 0.000229195 4.74723e-05 0.0224178 8.32939e-05 0.00272531 
0.017302 0.258877 0.202809 1.12238e-06 1.12265e-06 0.0349394 0.454835 1.1224e-06 0.00045031 1.12222e-06 0.0176324 0.0128089 1.12332e-06 1.12361e-06 1.12279e-06 0.00033816 
0.0236225 0.0403497 0.0602086 0.0215018 0.000441231 0.135234 0.529175 2.91724e-05 0.00038385 2.01035e-05 0.00475981 0.0959598 0.000146515 0.0544012 0.0327829 0.000983483 
1.07446e-05 0.0194108 0.24519 5.90784e-05 0.0018218 0.687249 0.0302654 6.56735e-05 4.78231e-06 6.07698e-10 0.00786853 0.000681078 0.00025397 0.00581757 0.000561409 0.000739531 
0.0019448 0.0861551 0.387504 0.00826106 0.000577982 0.175524 0.00546342 0.0269997 0.0025757 4.51115e-05 0.159467 0.0126805 0.00254222 0.0280121 0.0577301 0.0445179 
0.00444307 0.0161293 0.00551348 0.00326283 0.00418635 0.00526002 0.00344329 3.41037e-08 0.000253047 4.77953e-09 0.934962 0.00228061 0.0179465 0.00215123 3.24624e-07 0.000167908 
0.0191926 0.098431 0.114304 9.0936e-05 7.73616e-05 0.41561 0.0695847 0.000524822 0.00187775 2.90595e-07 0.0123893 0.0952408 0.000107582 0.0803686 0.00347744 0.0887234 
0.0229133 0.114957 0.0111263 3.85014e-05 0.00746103 0.212782 0.0700139 0.00956541 0.00261629 2.15115e-05 0.472161 0.00153734 0.00920286 0.0573205 0.00339252 0.00489049 
0.0337875 0.24309 0.0370024 0.00163046 8.21419e-05 0.166777 0.212876 0.00220401 0.00393141 7.20023e-05 0.001679 0.0214179 0.0161169 0.23922 0.00165155 0.0184618 
0.000503731 0.00413046 0.185329 2.87326e-05 0.000245223 0.711278 0.0030026 0.00349231 0.00030213 2.10156e-09 0.00165996 0.000504735 0.0811251 0.00320476 1.66042e-05 0.00517613 
0.011062 0.0445585 0.192684 0.000814188 1.61429e-05 0.0944395 0.189059 2.28456e-06 0.00213738 1.2596e-07 0.00299791 0.00315147 1.56758e-05 0.454619 4.62744e-06 0.004438 
0.000145553 0.0932704 0.285947 8.52675e-05 0.00484881 0.00408943 0.0555432 5.77143e-06 0.00727934 2.03951e-06 0.00238178 0.00479475 1.50602e-05 0.4827 0.000363949 0.0585269 
0.152592 0.1764 0.0895652 1.13683e-06 1.1371e-06 1.13788e-06 0.00626046 1.13684e-06 0.00500577 1.13666e-06 0.00273105 1.13794e-06 1.13778e-06 0.54468 0.00545989 0.0172974 
0.00686152 0.011033 0.0674306 3.02298e-06 0.0195842 0.029479 0.0865946 0.000153956 0.00127698 7.13843e-07 0.514773 0.00122386 0.169548 0.0486851 0.0415526 0.00179984 
0.0212879 0.249974 0.291022 0.000895259 0.00231473 0.00936445 0.095329 4.23722e-05 0.00024523 4.05669e-05 0.00688285 0.00156141 8.61708e-05 0.293986 0.000878363 0.0260905 
0.000115486 0.000220342 3.29042e-06 1.58726e-06 0.000200579 0.000148038 0.052396 3.28452e-06 3.56483e-05 1.48987e-06 2.30959e-05 0.00117551 1.28481e-05 0.000142178 0.945502 1.83695e-05 
0.0408576 0.0236415 0.115199 9.24716e-05 0.000208789 0.493948 0.202869 3.19558e-07 0.0106359 2.95328e-07 0.00441773 0.000539587 8.19535e-07 0.106016 1.40107e-06 0.00157139 
0.00942509 0.0163974 0.0606645 0.00367969 1.92768e-06 0.703185 0.130183 5.07847e-05 0.00457022 6.43081e-07 0.00892184 0.000572731 1.14079e-05 0.0587089 5.20044e-06 0.00362208 
0.00965131 0.202138 0.694372 0.00292779 5.15071e-05 0.00195164 0.000305161 7.90328e-05 0.000188221 4.74062e-05 0.00762282 0.000620233 0.00893285 0.00172959 6.88528e-05 0.0693132 
0.923726 0.00116683 0.0131929 5.24133e-05 1.24847e-05 0.00126773 0.0163133 8.61827e-05 7.30824e-05 1.04112e-05 0.0274636 0.0105146 0.00288668 0.000542519 0.000677873 0.00201317 
0.000740963 0.242727 0.187327 6.32116e-07 0.000767521 0.553349 0.0119895 1.80911e-07 0.00198655 5.98966e-08 7.15362e-05 0.000167293 2.87738e-05 0.000696854 2.00416e-07 0.000147268 
0.255368 0.117474 0.0618112 0.00205406 0.00546695 0.135628 0.0253031 0.134368 6.47159e-05 3.40542e-05 0.0241462 0.00162168 0.108399 0.0989009 0.00327332 0.0260877 
0.0704447 0.0449469 0.0210581 4.04453e-06 0.000408596 0.798729 0.0263219 4.04459e-06 4.04662e-06 4.04396e-06 0.00809764 4.04851e-06 0.0121478 4.04895e-06 4.04601e-06 0.017817 
0.00444307 0.0161293 0.00551348 0.00326283 0.00418635 0.00526002 0.00344329 3.41037e-08 0.000253047 4.77953e-09 0.934962 0.00228061 0.0179465 0.00215123 3.24624e-07 0.000167908 
0.0049601 0.111049 0.0256145 2.84297e-06 2.66129e-05 0.0309643 0.0139825 1.38635e-05 0.0110346 2.36136e-07 2.24005e-05 3.13541e-05 4.0088e-06 0.289718 7.28675e-05 0.512504 
0.0271388 0.118477 0.052355 0.00165319 0.000283783 0.0180413 0.0221262 0.000104495 0.0022335 7.43886e-05 0.00204776 0.00268021 0.000289948 0.700395 0.000978258 0.0511207 
0.000522011 0.0266645 0.722231 0.000148249 0.000160576 0.0753248 0.0147121 3.53641e-06 0.00209488 6.87569e-07 0.00161141 0.0139256 1.16813e-05 0.0953706 0.00246569 0.0447528 
0.00341371 0.0570897 0.201233 0.0283893 0.000314285 0.493554 0.0290316 0.0241658 0.000204689 7.87456e-06 0.000430601 1.6268e-05 7.30592e-05 0.0370309 0.00091812 0.124127 
0.0149868 0.0567371 0.392677 0.000337514 2.9952e-05 0.000462164 0.106999 8.52033e-05 0.0101174 1.1466e-06 0.00405153 0.00502402 0.00572022 0.379384 6.46197e-05 0.023322 
0.00389434 0.483293 0.162444 0.00027976 0.00531035 0.0481402 0.0652354 0.000562991 0.00594468 4.97711e-05 0.0351777 0.0301084 0.000557857 0.138377 0.00165603 0.0189677 
3.16297e-05 0.0126853 3.1634e-05 3.16001e-05 3.16077e-05 0.90463 3.16344e-05 3.16006e-05 3.16164e-05 3.15956e-05 3.16178e-05 3.16312e-05 0.0316582 0.050647 3.16117e-05 3.16303e-05 
0.0311719 0.0502846 0.00423118 6.89694e-07 0.0287122 0.716662 0.137815 1.97287e-07 0.00842366 6.52007e-08 0.0102003 0.000233369 0.000717193 0.00929305 2.18617e-07 0.00225498 
0.00489142 0.3877 0.307862 0.000593739 1.3399e-06 0.0180732 0.0664494 0.00392461 2.23975e-06 1.09103e-07 0.00321039 0.00619795 0.00464908 0.174532 0.00216423 0.0197481 
0.00097663 0.124884 0.0100536 7.03084e-07 1.27162e-05 0.358544 0.428726 2.44687e-05 0.00155354 9.89365e-08 0.00203381 0.0672219 1.93099e-05 1.45377e-05 0.00505358 0.000880751 
0.00961708 0.0329151 0.0543786 0.457912 0.00168883 0.129079 0.0735335 0.00632027 0.0204937 0.00103848 0.00899633 0.0020643 0.0129059 0.118952 0.00607069 0.0640335 
0.200129 0.356701 0.14906 3.25103e-06 3.25181e-06 0.0107416 0.0113942 3.25108e-06 0.0110625 3.25057e-06 0.260882 3.25423e-06 3.25375e-06 3.25458e-06 3.25222e-06 3.25414e-06 
0.0625173 0.0625264 0.062526 0.062459 0.062474 0.0625167 0.0625266 0.0624598 0.0624912 0.06245 0.0624939 0.0625204 0.0625112 0.0625271 0.0624818 0.0625186 
0.0352957 0.134309 0.063672 0.000563499 0.000325914 0.0141474 0.00189965 0.00013909 0.0054178 8.87847e-06 0.00732525 4.83209e-05 5.73208e-05 0.721138 3.22282e-05 0.0156197 
0.923726 0.00116683 0.0131929 5.24133e-05 1.24847e-05 0.00126773 0.0163133 8.61827e-05 7.30824e-05 1.04112e-05 0.0274636 0.0105146 0.00288668 0.000542519 0.000677873 0.00201317 
4.42385e-06 0.0646018 4.42446e-06 4.41972e-06 4.42078e-06 4.4238e-06 0.837123 4.41978e-06 0.00177323 4.41909e-06 4.42219e-06 0.096449 4.42342e-06 4.42454e-06 4.42133e-06 4.42394e-06 
6.10417e-06 0.00261444 0.00756556 1.17703e-06 0.000335851 0.917942 0.0627008 6.56885e-05 4.96383e-07 2.48898e-07 0.000899648 0.00260479 6.75661e-05 0.000688434 0.00192196 0.00258499 
0.0379652 0.107127 0.57243 0.000399837 3.48571e-07 0.110841 0.00531806 4.16867e-05 0.00100761 1.03329e-08 0.000413528 0.00176273 6.46548e-06 0.102599 0.00155219 0.0585342 
0.000942557 0.184018 0.0110843 2.37048e-05 0.00589896 0.00972959 0.13313 6.7712e-06 0.00063506 3.12434e-10 0.604777 0.0197798 0.000232402 0.028451 0.000100369 0.00119069 
0.0101444 0.00145143 0.00717889 4.26294e-06 4.25273e-05 0.917844 0.0577194 3.37465e-08 6.50383e-07 4.07453e-10 0.00351241 0.00174006 0.000360656 6.19455e-07 7.49997e-07 3.55986e-07 
0.0168159 0.374105 0.0937846 0.00643823 0.000612956 0.115704 0.0442358 0.00946158 0.000435097 2.74125e-05 0.0477219 0.000814426 0.000680922 0.182811 0.00019469 0.106156 
0.297012 0.414735 0.110176 0.000207565 0.00027457 0.0069787 0.0216982 0.000108606 0.00053619 0.000106815 0.00156813 0.0291258 0.000902597 0.098404 0.000404398 0.0177621 
0.0307984 0.108596 0.297795 0.000540202 8.92601e-05 0.0328473 0.0286661 0.00378977 0.0103756 4.48406e-05 0.00191546 0.0403504 0.00406263 0.322717 0.00223496 0.115177 
0.0555508 0.243884 0.210989 0.00313839 0.00276973 0.0265081 0.0592846 0.000963092 0.0161705 0.000844976 0.00923123 0.0274725 0.004722 0.25316 0.00552317 0.0797874 
0.000752646 0.0115908 0.00232374 5.66515e-10 1.18712e-06 0.00110758 0.0577182 1.36191e-05 0.000161375 1.32655e-11 4.56087e-08 0.904576 1.93852e-06 0.00108532 0.020323 0.000344881 
0.00444307 0.0161293 0.00551348 0.00326283 0.00418635 0.00526002 0.00344329 3.41037e-08 0.000253047 4.77953e-09 0.934962 0.00228061 0.0179465 0.00215123 3.24624e-07 0.000167908 
0.00161607 0.0091359 0.0247708 0.000141933 9.98004e-06 0.0142765 0.0160735 0.000103499 4.97813e-05 4.96635e-07 0.7399 8.04911e-06 0.000116181 0.0277108 0.165495 0.000590927 
0.035489 0.0484622 0.00994582 2.04002e-07 0.120982 0.00228714 0.35539 0.00132624 2.04107e-07 2.03973e-07 0.00634823 0.0464564 2.04173e-07 0.0184009 0.352583 0.00232805 
0.005721 0.0105262 0.103384 8.09161e-06 0.00359977 0.703877 0.00879895 4.03788e-06 0.00316006 1.1429e-06 0.000140266 0.0133669 9.04999e-05 0.145728 0.000439283 0.0011553 
0.0118119 0.0225747 0.533383 0.0285585 0.00618093 0.0124429 0.0361337 1.3695e-06 0.000580049 4.0665e-07 0.20478 0.00987033 0.00037504 0.129607 4.44972e-05 0.00365588 
0.697963 0.0577961 0.0760513 1.83977e-05 1.00571e-05 0.0350339 0.0347536 5.74675e-05 0.00387191 3.10694e-07 0.0689407 0.000229195 4.74723e-05 0.0224178 8.32939e-05 0.00272531 
0.0781068 0.362931 0.27381 0.000278929 0.00104172 0.107735 0.0333963 0.000573096 0.00122459 6.51023e-05 0.0171032 0.0031228 0.0710857 0.0198338 0.00354701 0.0261442 
0.00444307 0.0161293 0.00551348 0.00326283 0.00418635 0.00526002 0.00344329 3.41037e-08 0.000253047 4.77953e-09 0.934962 0.00228061 0.0179465 0.00215123 3.24624e-07 0.000167908 
0.196197 0.107063 0.00481524 0.000206991 0.000253699 0.00268022 0.0250256 0.000221831 0.00024842 6.85217e-05 0.000100949 0.00284384 0.00059888 0.537458 0.117706 0.00451188 
0.0257289 0.00146754 0.0039064 0.00288161 0.000587508 0.0210995 0.18582 2.20237e-05 0.706879 2.80087e-06 0.0017019 0.00086629 8.06429e-05 0.0462259 0.000931778 0.00179849 
0.0748136 0.1956 0.031937 0.000254113 0.22537 0.00664546 0.0070149 0.000120602 0.000508562 2.48817e-05 0.00235484 0.00595976 2.53209e-05 0.163111 3.03292e-05 0.286229 
0.185801 0.156197 0.189636 0.00380763 2.11469e-06 0.0245493 0.0345006 2.11421e-06 0.02602 2.11388e-06 2.11536e-06 0.00931365 2.11595e-06 0.287844 0.00465499 0.0776665 
0.000733051 0.131011 0.0204137 0.000289494 0.00676805 0.00967364 0.109861 7.32808e-06 0.000304311 3.71805e-10 0.687735 0.0134221 0.000117926 0.0188703 0.000100406 0.000693156 
0.0555764 0.201093 0.366295 0.000174995 0.000455965 0.0215643 0.0486237 0.0215311 0.13882 6.17237e-05 0.00233285 0.0076598 0.00820705 0.0554124 0.000180439 0.072012 
0.00555709 0.00585527 0.00141275 0.000662977 0.00930107 0.0131433 0.292797 0.00435043 0.000364356 3.83042e-05 7.24051e-05 0.0476561 0.000140766 0.02485 0.59143 0.00236775 
0.0190032 0.428706 0.162821 1.40527e-07 0.0018696 0.0216473 0.0510669 0.000801158 0.0153397 1.40507e-07 0.0069742 0.243689 0.00229265 0.0361973 0.00299446 0.00659719 
0.0355753 0.0073332 0.224069 0.000620133 0.00306751 0.000483427 0.471307 3.44451e-05 0.00110047 1.01242e-06 0.0166409 0.000625462 3.51104e-05 0.184462 0.0452036 0.00944213 
0.923726 0.00116683 0.0131929 5.24133e-05 1.24847e-05 0.00126773 0.0163133 8.61827e-05 7.30824e-05 1.04112e-05 0.0274636 0.0105146 0.00288668 0.000542519 0.000677873 0.00201317 
0.00444307 0.0161293 0.00551348 0.00326283 0.00418635 0.00526002 0.00344329 3.41037e-08 0.000253047 4.77953e-09 0.934962 0.00228061 0.0179465 0.00215123 3.24624e-07 0.000167908 
0.00561808 0.00303039 0.00407949 0.000335251 0.00203267 0.512062 0.114027 0.000228416 0.000284809 8.58815e-05 0.000441547 0.000209018 0.00627929 0.307269 0.000679147 0.0433379 
0.00635339 0.000131491 0.00731506 3.60736e-07 0.898888 0.0610028 0.0142842 1.04844e-07 3.0852e-05 1.88445e-08 0.000622202 0.00035309 0.000116225 0.0102437 2.15792e-08 0.000658147 
0.00264205 0.0124488 0.00371217 3.06169e-05 0.00300881 0.00185251 0.301917 0.000215852 0.0035833 2.88906e-05 0.00153206 0.0324003 9.596e-05 0.0318651 0.602649 0.00201811 
0.0349624 0.493396 0.0292948 7.36445e-05 0.000214458 0.0246275 0.0594192 0.000138915 0.000304048 2.46113e-05 0.00719258 0.0347698 0.000344949 0.243006 0.000304918 0.0719266 
0.029111 0.546785 0.341601 2.17583e-08 1.48779e-07 7.04489e-05 0.00142919 4.23735e-06 0.000216093 5.4624e-09 0.025323 0.00102114 0.0103226 0.0343967 2.59922e-05 0.00969311 
0.653501 0.0111608 0.0536745 0.000790075 4.30725e-05 0.00215167 0.0126721 0.000168694 0.00174937 3.60987e-05 0.00119723 0.000215837 0.079613 0.152137 0.000636385 0.0302532 
0.093773 0.123898 0.109612 0.00506617 0.00241673 0.0268622 0.0214576 0.0513035 0.00287361 0.00148006 0.0391413 0.0138314 0.00700723 0.131659 0.00212533 0.367493 
0.00911483 0.0735894 0.0266381 0.00266961 0.00349897 0.00564161 0.00450699 1.50443e-06 0.000762475 5.39794e-07 0.835216 0.00550422 0.0171736 0.0151479 3.62503e-06 0.000530159 
0.0019448 0.0861551 0.387504 0.00826106 0.000577982 0.175524 0.00546342 0.0269997 0.0025757 4.51115e-05 0.159467 0.0126805 0.00254222 0.0280121 0.0577301 0.0445179 
0.0625173 0.0625264 0.062526 0.062459 0.062474 0.0625167 0.0625266 0.0624598 0.0624912 0.06245 0.0624939 0.0625204 0.0625112 0.0625271 0.0624818 0.0625186 
0.923726 0.00116683 0.0131929 5.24133e-05 1.24847e-05 0.00126773 0.0163133 8.61827e-05 7.30824e-05 1.04112e-05 0.0274636 0.0105146 0.00288668 0.000542519 0.000677873 0.00201317 
0.00188391 0.00268408 0.00489749 0.000657683 0.000261244 0.00167707 0.000908856 0.688073 3.86173e-05 1.71727e-05 0.00391012 0.00014883 0.290165 0.00290174 6.91609e-05 0.00170533 
0.340626 0.326886 0.115288 0.000102848 0.0324699 0.00780303 0.0611674 2.23981e-05 3.92325e-05 1.81189e-05 0.0226838 0.011181 0.0201113 0.0514258 2.53461e-05 0.0101491 
0.0870897 0.0692975 0.114888 0.0077368 0.0898317 0.139943 0.022966 0.272645 0.007084 1.62291e-07 0.000330325 6.30737e-05 0.00169307 0.147818 9.00131e-07 0.0386131 
0.0372579 0.0281875 0.149154 3.98895e-08 0.000148859 0.00377827 0.00259451 7.4159e-07 0.000602642 3.30976e-11 0.687505 8.3254e-06 0.00156537 0.0838101 1.0189e-06 0.00538578 
0.555789 0.216576 0.04352 0.000342441 4.96159e-05 0.0187523 0.0165709 0.000131698 0.000238564 1.285e-05 0.00226686 0.000298957 6.66087e-05 0.104406 4.3334e-05 0.0409349 
0.00669561 0.0940982 0.0500978 0.00572973 0.000633616 0.0999952 0.0972398 0.000100081 0.00227203 5.02477e-08 0.00918369 0.000223365 5.53111e-06 0.614319 0.000648989 0.0187572 
0.593467 0.102082 0.0228591 2.31181e-05 4.06541e-05 0.00119804 0.0179861 2.80923e-05 0.000179762 1.10314e-05 0.000277413 3.88288e-05 0.000121445 0.2221 0.000141258 0.0394463 
0.0209534 0.130425 0.0995817 0.00708305 0.00394059 0.0765633 0.0990882 2.44814e-05 0.123157 2.20565e-05 0.0142046 0.0111795 0.014175 0.321118 0.00237105 0.0761134 
0.152592 0.1764 0.0895652 1.13683e-06 1.1371e-06 1.13788e-06 0.00626046 1.13684e-06 0.00500577 1.13666e-06 0.00273105 1.13794e-06 1.13778e-06 0.54468 0.00545989 0.0172974 
0.00694347 0.0053473 0.366429 0.00488129 8.59502e-07 0.0607811 0.210645 3.0623e-06 0.0433818 4.73857e-07 0.133233 0.0105646 0.000310903 0.137624 0.00030622 0.0195482 
0.000332772 0.127932 0.0710259 0.0109407 0.000740026 0.539745 0.0727514 0.000227664 0.00252324 3.2578e-05 0.00374622 0.0109695 0.000780715 0.1028 0.0535344 0.00191815 
0.00444307 0.0161293 0.00551348 0.00326283 0.00418635 0.00526002 0.00344329 3.41037e-08 0.000253047 4.77953e-09 0.934962 0.00228061 0.0179465 0.00215123 3.24624e-07 0.000167908 
0.00222597 0.0909431 0.0193401 0.0337583 3.69831e-06 0.186073 0.151708 0.000199172 1.12645e-06 1.06267e-06 0.000471131 0.000507089 5.36327e-05 0.491634 0.000427604 0.0226519 
0.00724314 0.0723435 0.00222164 1.03459e-05 0.000239522 0.663757 0.0464012 0.000159822 0.00441522 7.38215e-06 6.23214e-05 0.000797189 0.000470442 0.114721 0.000637135 0.0865124 
0.000161623 0.000262115 4.59971e-06 3.99626e-06 0.00165353 1.4178e-05 0.042426 4.56854e-06 5.53211e-05 1.01666e-06 2.13764e-05 0.00171308 1.79599e-05 0.000180234 0.953455 2.56824e-05 
0.00565297 0.153248 0.0422996 4.1142e-05 0.000601813 0.468971 0.0823407 0.000167294 0.0144579 1.17408e-05 0.00318694 0.000100636 0.000164624 0.0427765 4.26136e-05 0.185937 
0.000733051 0.131011 0.0204137 0.000289494 0.00676805 0.00967364 0.109861 7.32808e-06 0.000304311 3.71805e-10 0.687735 0.0134221 0.000117926 0.0188703 0.000100406 0.000693156 
5.1828e-07 0.241709 0.498032 5.17796e-07 0.00160607 0.0027992 0.0043029 5.17803e-07 0.0203087 5.17722e-07 5.18086e-07 0.0021774 5.18229e-07 0.198637 5.17985e-07 0.0304243 
0.0191926 0.098431 0.114304 9.0936e-05 7.73616e-05 0.41561 0.0695847 0.000524822 0.00187775 2.90595e-07 0.0123893 0.0952408 0.000107582 0.0803686 0.00347744 0.0887234 
