0.240324 0.0241313 0.432589 3.78509e-05 0.000262891 0.0483469 0.0140797 4.41966e-05 0.0284716 1.48069e-07 0.00497656 0.000152887 0.000221875 0.105656 1.5269e-05 0.10069 
4.02492e-06 0.245158 0.227846 4.02116e-06 4.02213e-06 4.02488e-06 4.02552e-06 4.02122e-06 4.02324e-06 4.02059e-06 4.02341e-06 4.02512e-06 4.02453e-06 0.497964 0.000406286 0.0285816 
0.000155793 0.0200434 0.00733258 0.000181183 0.000931104 0.043217 0.890489 2.03552e-06 0.0107776 7.96925e-07 0.00126579 0.0136978 1.02759e-05 0.0115841 0.000203242 0.000108355 
0.00767146 0.0737046 0.0102027 2.85717e-05 2.47677e-05 0.116387 0.449738 4.3831e-05 0.00160237 3.72387e-07 0.116781 0.0527699 0.00082268 0.119634 0.000686592 0.0499023 
0.196785 0.0116311 0.0974141 0.000917524 0.00388987 0.558392 0.094394 0.000423007 0.000928365 1.04022e-06 0.00841166 0.019074 0.00169568 2.85394e-06 0.000210092 0.0058295 
0.0532919 0.124858 0.0121937 2.37579e-06 2.53379e-07 0.00280588 0.080916 1.57205e-06 0.00145846 1.37476e-09 0.000262302 0.0019359 1.34789e-06 0.703325 3.62925e-05 0.0189104 
0.00827689 0.0157725 0.102715 3.27592e-08 0.00221426 0.303673 0.189821 0.000451385 0.0364051 3.62677e-09 0.27006 0.0180795 0.0019396 0.0408746 0.00817585 0.00154147 
0.0445893 0.519372 0.348408 9.4207e-05 0.000121168 0.00191769 0.00116216 1.61698e-05 0.000111307 3.75384e-06 0.00122625 2.63729e-05 0.00410255 0.0678381 0.000122601 0.0108883 
0.152592 0.1764 0.0895652 1.13683e-06 1.1371e-06 1.13788e-06 0.00626046 1.13684e-06 0.00500577 1.13666e-06 0.00273105 1.13794e-06 1.13778e-06 0.54468 0.00545989 0.0172974 
0.0814953 0.119557 0.059775 0.010819 0.00113805 0.045701 0.0629819 5.13669e-05 0.000856781 2.92995e-05 0.243566 0.0206678 0.00610085 0.325027 0.00129513 0.020939 
0.0486871 4.2339e-06 0.132524 4.22934e-06 4.23035e-06 0.470318 0.0304885 4.22939e-06 0.0435891 4.22873e-06 0.000850571 4.23349e-06 0.00339053 0.181641 4.23088e-06 0.0884818 
0.0020189 0.00934259 0.00812299 0.0650718 0.0321844 0.21583 0.551654 2.75376e-05 6.66289e-05 5.51384e-06 0.00133362 0.00217364 7.96478e-05 0.110853 0.000224558 0.00101087 
0.00539652 0.0172599 0.683335 0.000108214 0.000202829 0.133733 0.0845364 3.59753e-06 0.00395029 1.71677e-07 0.0166068 5.03376e-06 0.00196841 0.0382841 1.68016e-05 0.0145923 
0.000268165 0.00028737 7.90705e-06 2.20264e-06 0.000404088 1.41758e-05 0.0246565 4.56578e-06 4.48332e-05 1.34833e-06 2.49047e-05 0.00394084 1.79573e-05 0.000154569 0.97014 3.04262e-05 
0.000147205 0.159409 0.676954 1.868e-05 0.000153191 0.0053568 0.0236661 3.50445e-06 0.00621454 2.9903e-07 0.000348883 0.0695783 9.14654e-05 0.0407069 0.00249176 0.01486 
0.00974857 0.358233 0.0248479 5.59414e-08 7.83926e-05 0.00998363 0.127494 0.000145506 5.59703e-08 5.59334e-08 0.000459031 0.140702 5.59882e-08 0.322506 0.000145556 0.00565554 
0.0371481 0.0546715 0.0670304 0.00452272 0.00588498 0.232192 0.0679509 0.000503837 0.00270869 3.71918e-05 0.00641872 0.0241976 0.00178377 0.461934 3.94248e-05 0.0329761 
0.0372579 0.0281875 0.149154 3.98895e-08 0.000148859 0.00377827 0.00259451 7.4159e-07 0.000602642 3.30976e-11 0.687505 8.3254e-06 0.00156537 0.0838101 1.0189e-06 0.00538578 
0.0781068 0.362931 0.27381 0.000278929 0.00104172 0.107735 0.0333963 0.000573096 0.00122459 6.51023e-05 0.0171032 0.0031228 0.0710857 0.0198338 0.00354701 0.0261442 
0.0314579 0.311772 0.118981 0.000131404 0.00118816 0.310486 0.0338641 0.0858644 0.0131606 3.1805e-06 0.00271825 0.0131186 0.000471652 0.0722359 0.000575992 0.00397109 
0.0625173 0.0625264 0.062526 0.062459 0.062474 0.0625167 0.0625266 0.0624598 0.0624912 0.06245 0.0624939 0.0625204 0.0625112 0.0625271 0.0624818 0.0625186 
0.0183112 0.553343 0.264436 0.000226787 0.000653782 0.0109442 0.0231972 9.3088e-05 0.00342015 8.68781e-05 0.0135513 0.00906944 0.00566539 0.0794214 0.00593365 0.0116465 
0.0155025 0.0501614 0.364671 3.35622e-05 0.000194885 0.192693 0.0824314 0.00705239 0.00402231 6.29722e-08 0.0592358 0.0122498 0.0112921 0.196424 3.88304e-05 0.00399742 
0.0630007 0.316537 0.0874275 0.00183325 0.000138608 0.0249381 0.0369239 9.04573e-05 0.000175585 8.4554e-07 0.350569 0.000158365 0.000637288 0.11738 2.26703e-05 0.000166449 
0.000740963 0.242727 0.187327 6.32116e-07 0.000767521 0.553349 0.0119895 1.80911e-07 0.00198655 5.98966e-08 7.15362e-05 0.000167293 2.87738e-05 0.000696854 2.00416e-07 0.000147268 
0.102391 0.105847 0.0466938 0.00493662 0.00143772 0.0655641 0.0929639 0.000135071 0.00305839 0.000126256 0.332727 0.0379229 0.0107507 0.174042 0.00156812 0.019835 
0.131092 0.617204 0.119939 7.82049e-06 0.000454302 0.0172714 0.00557916 0.000169398 0.000847665 7.65351e-06 0.026565 0.00303378 0.000163687 0.0475283 9.77299e-05 0.0300389 
0.154547 0.120334 0.0921878 0.000107686 5.86614e-05 0.015174 0.0202641 6.03928e-05 0.000124076 5.16387e-05 0.533882 0.00224013 0.0255372 0.0176629 0.00569913 0.0120698 
0.00444307 0.0161293 0.00551348 0.00326283 0.00418635 0.00526002 0.00344329 3.41037e-08 0.000253047 4.77953e-09 0.934962 0.00228061 0.0179465 0.00215123 3.24624e-07 0.000167908 
0.0675574 0.160029 0.28939 0.00718944 0.0015154 0.027714 0.0478274 0.0126605 0.0182343 0.000875155 0.013359 0.010132 0.00379261 0.226301 0.00286729 0.110555 
0.101993 0.0226097 0.0655866 5.77598e-06 0.000297873 0.0263071 0.0031745 1.9369e-06 0.00361765 7.58724e-07 0.755757 0.000289326 0.00678942 0.00911267 7.58894e-06 0.00444932 
0.000111158 0.0028422 0.0395607 3.89744e-06 1.10459e-06 0.138066 0.521328 2.86283e-05 1.3284e-05 1.03736e-08 0.00409107 0.000531346 3.36753e-05 0.268393 0.00034497 0.0246507 
0.0223844 0.197029 0.168415 0.0097756 1.48128e-06 0.203669 1.48253e-06 1.48095e-06 1.48169e-06 1.48072e-06 0.174107 1.48238e-06 0.00207651 0.222531 1.48147e-06 1.48234e-06 
0.000740963 0.242727 0.187327 6.32116e-07 0.000767521 0.553349 0.0119895 1.80911e-07 0.00198655 5.98966e-08 7.15362e-05 0.000167293 2.87738e-05 0.000696854 2.00416e-07 0.000147268 
0.923726 0.00116683 0.0131929 5.24133e-05 1.24847e-05 0.00126773 0.0163133 8.61827e-05 7.30824e-05 1.04112e-05 0.0274636 0.0105146 0.00288668 0.000542519 0.000677873 0.00201317 
0.00623285 0.124949 0.0286915 4.03678e-05 0.000922123 0.365635 0.242757 0.000155263 0.141576 3.09767e-07 0.000132428 0.0131021 1.27851e-05 0.0746024 0.000162091 0.00102871 
0.00357046 0.0243966 0.656979 0.00272134 0.000150766 0.0600213 0.00354748 9.39713e-05 0.00541246 1.03706e-07 0.0458181 0.00368709 0.0490839 0.121674 6.97511e-06 0.0228363 
0.281938 3.20394e-05 0.288385 3.20049e-05 0.0896671 0.160204 0.179454 3.20053e-05 3.20214e-05 3.20003e-05 3.20228e-05 3.20363e-05 3.20316e-05 3.20398e-05 3.20165e-05 3.20354e-05 
0.00512286 0.227164 0.0893317 0.000747605 0.0115875 0.29934 0.12262 0.000561944 0.00358556 2.107e-06 0.109342 0.00281771 0.000248349 0.120613 0.000139535 0.00677631 
0.923726 0.00116683 0.0131929 5.24133e-05 1.24847e-05 0.00126773 0.0163133 8.61827e-05 7.30824e-05 1.04112e-05 0.0274636 0.0105146 0.00288668 0.000542519 0.000677873 0.00201317 
0.0647489 0.0650831 0.0132288 2.01518e-07 3.35027e-08 0.0433236 0.129645 2.96002e-08 0.0010831 2.89664e-09 0.000290452 0.00186908 1.49343e-06 0.677876 0.00159688 0.00125373 
0.00104584 0.0083285 0.0106365 1.97137e-07 4.42549e-05 0.968481 0.00150241 0.000446485 2.74114e-05 1.82087e-08 0.000874964 0.000300334 0.00783675 6.58762e-07 4.19118e-07 0.000474645 
0.162706 0.0751287 0.180515 3.19994e-05 0.000311967 0.0813444 0.0743275 3.72737e-05 0.000824582 1.58806e-05 0.197946 0.0244287 0.0178781 0.176419 0.00369821 0.00438684 
0.00444307 0.0161293 0.00551348 0.00326283 0.00418635 0.00526002 0.00344329 3.41037e-08 0.000253047 4.77953e-09 0.934962 0.00228061 0.0179465 0.00215123 3.24624e-07 0.000167908 
0.0454414 0.0549029 3.04997e-06 3.0467e-06 3.04743e-06 0.66937 0.136033 3.04674e-06 0.0390211 3.04627e-06 3.04841e-06 0.0347696 0.00915081 3.05003e-06 3.04781e-06 0.0112866 
0.0331998 0.056443 0.0162381 9.52999e-09 7.11933e-08 0.0717807 0.00558826 1.06488e-07 0.184554 1.88327e-10 0.0111869 1.96845e-08 0.000319822 0.0534818 0.000231373 0.566976 
0.0353898 0.288215 0.205949 0.000301437 0.00912611 0.0167645 0.0373176 0.000239513 0.00397791 0.000125918 0.00400636 0.0188902 0.00264495 0.343906 0.00375494 0.0293906 
1.53088e-05 0.251116 1.53109e-05 1.52945e-05 1.52982e-05 0.0949287 0.0444174 1.52947e-05 0.0795879 1.52923e-05 1.5303e-05 1.53095e-05 1.53073e-05 0.529782 1.53001e-05 1.53091e-05 
0.035489 0.0484622 0.00994582 2.04002e-07 0.120982 0.00228714 0.35539 0.00132624 2.04107e-07 2.03973e-07 0.00634823 0.0464564 2.04173e-07 0.0184009 0.352583 0.00232805 
0.0797397 0.0356443 0.0155674 5.51866e-05 0.000840986 0.53059 0.0998183 0.121523 0.00847923 4.69614e-05 0.00944833 0.0118147 0.00132686 0.0610169 0.0174399 0.00664795 
0.00615837 0.0216639 0.0507449 1.85939e-05 0.000647995 0.794018 0.0736528 1.38193e-05 0.00748248 9.56228e-06 0.00641349 0.0028822 4.12831e-05 0.0347993 0.000110272 0.00134353 
0.00470837 0.668128 0.175548 1.08127e-07 4.44545e-05 0.0318559 0.018487 4.19474e-05 0.0035619 9.04874e-12 0.00996922 0.0282694 0.000331082 0.0171482 5.05899e-08 0.0419061 
0.0378407 0.0915094 0.11475 0.00131273 0.000236352 0.0618101 0.0320584 1.81185e-05 0.0161064 7.34597e-07 0.0183542 0.00882965 0.00206476 0.602601 1.17464e-05 0.0124957 
0.00444307 0.0161293 0.00551348 0.00326283 0.00418635 0.00526002 0.00344329 3.41037e-08 0.000253047 4.77953e-09 0.934962 0.00228061 0.0179465 0.00215123 3.24624e-07 0.000167908 
0.000540694 0.00737149 0.00715042 9.06811e-05 0.000322812 0.0557139 0.097643 0.0004335 0.00198512 6.96458e-05 0.0015439 0.00846091 0.0015609 0.0200052 0.795099 0.00200899 
2.34097e-06 0.0168597 0.0330146 0.00234113 2.33935e-06 0.0358188 0.781536 2.33882e-06 0.00842633 2.33845e-06 2.3401e-06 0.0379279 2.34074e-06 0.0840565 2.33964e-06 2.34102e-06 
0.669489 0.133196 0.0781327 0.00257359 0.00546253 0.0754004 0.00923709 0.000785314 0.00447905 0.000326206 0.00374201 0.0018581 0.000965692 0.00966815 0.000744278 0.00393983 
0.191292 0.185344 0.0785416 0.000913962 0.00361322 0.0984534 0.0581018 0.0588567 0.000413279 0.000157925 0.0433216 0.0083436 0.0502627 0.157943 0.0106127 0.053828 
0.00666686 0.176942 0.508373 0.000161891 0.0010081 0.0282666 0.0159249 0.00251196 0.0094857 6.80298e-05 0.173105 0.0639204 0.000232084 0.00425953 0.0019297 0.00714415 
0.000723677 0.0215568 0.000771087 0.00027126 0.0257919 0.816255 0.0815347 0.0113967 0.000772897 1.40999e-05 0.00183773 0.0297784 0.000351019 0.00617631 2.0728e-05 0.00274773 
0.923726 0.00116683 0.0131929 5.24133e-05 1.24847e-05 0.00126773 0.0163133 8.61827e-05 7.30824e-05 1.04112e-05 0.0274636 0.0105146 0.00288668 0.000542519 0.000677873 0.00201317 
0.000161623 0.000262115 4.59971e-06 3.99626e-06 0.00165353 1.4178e-05 0.042426 4.56854e-06 5.53211e-05 1.01666e-06 2.13764e-05 0.00171308 1.79599e-05 0.000180234 0.953455 2.56824e-05 
0.923726 0.00116683 0.0131929 5.24133e-05 1.24847e-05 0.00126773 0.0163133 8.61827e-05 7.30824e-05 1.04112e-05 0.0274636 0.0105146 0.00288668 0.000542519 0.000677873 0.00201317 
0.140422 0.0922987 0.0414774 0.00971865 4.54372e-05 0.00457881 0.572297 2.75536e-05 0.0121058 1.04343e-06 0.00187851 0.00363653 5.77013e-05 0.0779194 0.0021314 0.0414036 
0.250161 0.176968 0.0417669 0.000254884 6.27513e-06 0.0137283 0.0396325 1.2394e-06 0.000922823 8.40716e-07 0.00107267 4.19849e-06 0.000599851 0.459497 2.69143e-06 0.0153808 
0.0142807 0.142073 0.200399 4.31179e-05 4.34888e-05 0.487591 0.0494295 0.000557007 0.0142049 3.77201e-08 0.00496897 8.47728e-05 0.000521917 0.0292758 0.000140697 0.0563864 
0.000161623 0.000262115 4.59971e-06 3.99626e-06 0.00165353 1.4178e-05 0.042426 4.56854e-06 5.53211e-05 1.01666e-06 2.13764e-05 0.00171308 1.79599e-05 0.000180234 0.953455 2.56824e-05 
0.0372505 0.17941 0.500257 0.000965028 0.00328518 0.0264412 0.0607313 0.000125326 0.00199546 0.00010562 0.0815996 0.0424155 0.00641951 0.045691 0.00194073 0.0113665 
0.00420749 0.0139446 0.00042569 4.52247e-05 0.000865186 0.00428079 0.160222 3.44537e-05 0.000313938 3.13161e-05 4.99647e-05 0.0341749 0.0134964 0.0563081 0.710952 0.000648045 
0.000658696 0.11395 0.328596 0.0148571 0.0948933 0.208685 0.184631 0.000484893 0.00494815 3.03018e-06 0.00133876 0.000666363 8.26319e-05 0.0241822 8.24008e-05 0.0219415 
0.000631675 0.890896 0.080006 1.04842e-09 3.94063e-08 0.00994278 0.00721719 2.20523e-05 0.0044484 1.41494e-11 0.000277675 0.00396159 1.72229e-08 0.00146221 5.46324e-08 0.00113467 
0.00368094 0.00652356 0.0129503 5.85659e-05 2.05342e-05 0.00522472 0.0112616 0.955756 0.000131745 1.63424e-05 0.000132513 0.00186004 2.37365e-05 0.00168568 0.000215545 0.000458239 
0.0828397 1.88724e-06 0.262515 1.8852e-06 1.88566e-06 0.0954814 1.88724e-06 1.88523e-06 0.286324 1.88493e-06 0.139962 1.88706e-06 0.00434149 0.0905904 1.88589e-06 0.0379307 
0.000740963 0.242727 0.187327 6.32116e-07 0.000767521 0.553349 0.0119895 1.80911e-07 0.00198655 5.98966e-08 7.15362e-05 0.000167293 2.87738e-05 0.000696854 2.00416e-07 0.000147268 
0.0165744 0.150463 0.499056 0.000386603 0.0038953 0.0198784 0.0548465 0.00011475 0.00295182 7.84644e-05 0.00775635 0.0204509 0.0180676 0.152384 0.000641728 0.0524545 
0.000740963 0.242727 0.187327 6.32116e-07 0.000767521 0.553349 0.0119895 1.80911e-07 0.00198655 5.98966e-08 7.15362e-05 0.000167293 2.87738e-05 0.000696854 2.00416e-07 0.000147268 
0.152592 0.1764 0.0895652 1.13683e-06 1.1371e-06 1.13788e-06 0.00626046 1.13684e-06 0.00500577 1.13666e-06 0.00273105 1.13794e-06 1.13778e-06 0.54468 0.00545989 0.0172974 
0.0162542 0.533159 0.255227 0.000137355 0.000481452 0.0293573 0.0282085 0.000315186 0.0609687 5.5524e-05 0.006119 0.00199598 0.024845 0.0264708 0.000218017 0.0161875 
0.00483031 0.0351642 0.016195 0.000318657 0.00068395 0.213365 0.0276386 0.0576502 0.000561213 3.04266e-05 0.0306148 0.00125862 0.393299 0.0220375 0.191347 0.005005 
0.140409 0.0757521 0.0121096 0.000236104 0.00457368 0.234338 0.0479185 0.330846 0.000828557 0.000137996 0.0155465 0.0285594 0.0056052 0.0691441 0.00899449 0.0250013 
0.000161623 0.000262115 4.59971e-06 3.99626e-06 0.00165353 1.4178e-05 0.042426 4.56854e-06 5.53211e-05 1.01666e-06 2.13764e-05 0.00171308 1.79599e-05 0.000180234 0.953455 2.56824e-05 
0.0215732 0.181473 0.0487985 5.37126e-07 2.42986e-08 0.0867557 0.109683 9.64738e-05 0.122592 1.61082e-08 1.2608e-05 0.000125619 7.01156e-06 0.421916 1.33726e-07 0.00696624 
5.1828e-07 0.241709 0.498032 5.17796e-07 0.00160607 0.0027992 0.0043029 5.17803e-07 0.0203087 5.17722e-07 5.18086e-07 0.0021774 5.18229e-07 0.198637 5.17985e-07 0.0304243 
0.00454963 0.0472033 0.14717 0.0642158 0.000383898 0.258869 0.156038 0.000344356 0.0022095 2.13517e-08 0.000457404 0.000705669 0.000374003 0.305077 9.43689e-05 0.0123084 
0.923726 0.00116683 0.0131929 5.24133e-05 1.24847e-05 0.00126773 0.0163133 8.61827e-05 7.30824e-05 1.04112e-05 0.0274636 0.0105146 0.00288668 0.000542519 0.000677873 0.00201317 
0.136833 0.0698891 0.112241 0.00235476 0.000285933 0.117151 0.0193525 0.000176286 0.00282066 0.00015711 0.0155083 0.0149326 0.00679275 0.483119 0.00701926 0.0113656 
0.00173175 0.00216185 0.405056 8.08398e-05 4.70499e-05 0.006459 0.00273382 0.023966 0.482558 2.04676e-08 0.00232031 2.09932e-06 0.00608888 0.0561187 8.91867e-06 0.0106668 
0.00522301 0.0356898 0.88666 1.90016e-05 8.33431e-05 0.00863531 0.0425851 3.64931e-05 0.000481129 1.69759e-05 0.000236306 0.00203278 2.87314e-05 0.0173647 0.000394832 0.000512045 
0.923726 0.00116683 0.0131929 5.24133e-05 1.24847e-05 0.00126773 0.0163133 8.61827e-05 7.30824e-05 1.04112e-05 0.0274636 0.0105146 0.00288668 0.000542519 0.000677873 0.00201317 
0.000367782 0.159478 0.426838 0.00226885 0.0134957 0.00443607 0.000621937 4.55264e-07 0.0209563 4.95534e-08 2.58997e-06 0.00428622 2.92336e-06 0.355092 8.50195e-07 0.012153 
0.00359572 0.00606582 0.012516 5.40785e-05 2.01664e-05 0.0048152 0.0110214 0.957931 0.00011546 1.59414e-05 0.000116092 0.00172734 2.18021e-05 0.00135832 0.00021187 0.000414114 
0.00280826 0.242711 0.0471546 1.97136e-06 0.000316522 0.00223601 0.0711502 3.87244e-07 1.81694e-06 1.04384e-07 0.000510606 0.00207591 2.21821e-05 0.615667 1.48765e-06 0.0153415 
0.0323779 0.31462 0.282997 0.000252632 0.00214236 0.0423321 0.109404 0.000213516 0.0056423 0.000136637 0.0135279 0.0222538 0.00120928 0.129481 0.00369869 0.039711 
9.92398e-07 0.0675929 0.0310674 9.91472e-07 0.34343 0.430301 0.0321595 0.00644565 0.0061513 9.9133e-07 0.0566457 0.000894195 0.0108171 9.92554e-07 9.91834e-07 0.0144903 
0.0108513 0.639577 0.223523 6.81493e-06 2.62896e-06 0.000308585 0.0059489 3.24728e-06 0.000555998 1.25034e-06 0.00466004 0.000877587 0.00292525 0.0891317 0.00157208 0.0200542 
0.923726 0.00116683 0.0131929 5.24133e-05 1.24847e-05 0.00126773 0.0163133 8.61827e-05 7.30824e-05 1.04112e-05 0.0274636 0.0105146 0.00288668 0.000542519 0.000677873 0.00201317 
0.00218825 0.212305 0.340658 1.41037e-07 0.00190459 0.107372 0.0556712 1.41038e-07 0.0146191 1.41016e-07 0.0225363 0.00487067 0.00742487 0.221867 0.00221522 0.00636698 
0.00973262 0.119582 0.0447474 3.24641e-05 0.000222906 0.569552 0.105572 0.000622956 0.0117829 3.21024e-05 0.000313167 0.0103105 0.000241412 0.0976759 0.0121493 0.0174293 
0.0187994 0.0121792 0.012825 0.00392446 0.00102789 0.0048725 0.00142705 5.29864e-06 0.000218397 5.26865e-07 0.826567 0.000230935 0.115471 0.00194755 2.73498e-05 0.000476481 
0.0386313 0.00536209 0.00851819 0.00012342 0.000508669 0.163008 0.197277 0.00029871 0.441097 7.6403e-05 0.0158499 0.000287683 0.000662007 0.0712592 0.00230823 0.0547322 
0.0421577 0.282658 0.0812059 0.00115421 0.00687145 0.092752 0.0482354 0.286447 0.000556511 0.000197449 0.0297193 0.0279976 0.00166761 0.0797538 0.00206547 0.0165603 
0.00444307 0.0161293 0.00551348 0.00326283 0.00418635 0.00526002 0.00344329 3.41037e-08 0.000253047 4.77953e-09 0.934962 0.00228061 0.0179465 0.00215123 3.24624e-07 0.000167908 
0.00142654 0.445386 0.198071 6.267e-08 0.000155868 0.0474273 0.0517977 0.000165784 0.0475958 4.0757e-08 0.00430106 0.00301136 1.83149e-05 0.158286 0.000116982 0.0422397 
0.0645721 0.480567 0.0284755 0.00912325 0.00855468 0.0278994 0.0375792 0.00250526 0.00105339 6.89862e-06 0.134351 0.143704 0.000363567 0.0565741 9.95645e-05 0.00457117 
0.0121221 0.00806193 0.0324296 0.000250726 0.0181798 0.00570217 0.00337975 0.000275401 5.29413e-05 5.12228e-05 0.0284763 0.0168674 0.862827 0.0059214 5.99543e-05 0.00534231 
0.923726 0.00116683 0.0131929 5.24133e-05 1.24847e-05 0.00126773 0.0163133 8.61827e-05 7.30824e-05 1.04112e-05 0.0274636 0.0105146 0.00288668 0.000542519 0.000677873 0.00201317 
0.00349532 0.161837 0.116109 0.000234967 0.000339056 0.510646 0.0503869 0.00430512 0.00219916 2.12184e-05 0.100259 0.000736753 0.00183838 0.0399927 2.52747e-05 0.0075744 
0.000740963 0.242727 0.187327 6.32116e-07 0.000767521 0.553349 0.0119895 1.80911e-07 0.00198655 5.98966e-08 7.15362e-05 0.000167293 2.87738e-05 0.000696854 2.00416e-07 0.000147268 
0.10321 0.0533425 0.15962 7.86052e-07 1.54852e-05 0.175552 0.152636 0.000762106 0.00208878 6.53619e-07 0.276932 3.1921e-05 0.00487128 0.0652041 0.000465999 0.00526615 
0.0262084 0.0172897 4.05413e-06 1.7785e-07 4.23252e-05 0.0840911 0.000185231 0.000939907 0.00131839 3.53789e-08 0.00984034 1.58333e-07 0.856654 0.00231193 0.000778831 0.000335662 
0.0446865 0.234284 0.0753885 0.0486728 0.00326787 0.278679 0.119866 0.00121185 0.00765585 2.71804e-05 0.0222791 0.0290702 0.00888428 0.0942251 0.0122763 0.0195241 
0.0406365 0.28587 4.67096e-06 4.66595e-06 0.00233821 0.496454 0.0420438 0.0224016 4.66836e-06 4.66529e-06 4.66856e-06 4.67054e-06 0.0163492 4.67105e-06 0.0177417 0.0761324 
0.00204241 0.129759 0.41564 0.000131576 0.00583382 0.0476759 0.0496844 0.000125279 0.12975 6.43867e-05 0.000935168 0.0142461 7.54724e-05 0.152474 0.000112248 0.0514495 
0.00220759 0.0645097 0.625829 5.23199e-05 8.05192e-06 0.00264138 0.00328018 1.95305e-06 0.00029467 1.66939e-07 4.11537e-05 0.01038 5.43317e-06 0.28191 1.69722e-05 0.00882123 
0.0372579 0.0281875 0.149154 3.98895e-08 0.000148859 0.00377827 0.00259451 7.4159e-07 0.000602642 3.30976e-11 0.687505 8.3254e-06 0.00156537 0.0838101 1.0189e-06 0.00538578 
0.819198 0.0408947 0.0200656 7.5966e-07 1.65375e-06 0.0153331 0.000953315 1.09503e-05 0.000983381 2.05816e-07 0.00291835 0.000208354 0.00100223 0.00380501 6.83483e-05 0.0945555 
0.00381353 0.0659582 0.0137266 0.00459781 0.00215404 0.288213 0.542181 1.67508e-05 0.0255612 8.2244e-07 0.00246396 0.00620061 1.93577e-05 0.0430428 6.88723e-06 0.00204378 
0.00228357 0.0682163 0.615081 0.000187566 1.067e-05 0.00295066 0.00383042 3.75902e-06 0.000326406 2.77183e-07 7.47175e-05 0.0140196 6.83738e-06 0.284032 1.96571e-05 0.00895599 
0.189567 0.0333559 0.511384 1.57943e-07 1.6737e-06 0.0108792 0.0725085 1.20663e-07 0.00911855 3.52177e-11 0.00604838 0.000952116 0.0682885 0.0770829 0.000126446 0.0206869 
0.923726 0.00116683 0.0131929 5.24133e-05 1.24847e-05 0.00126773 0.0163133 8.61827e-05 7.30824e-05 1.04112e-05 0.0274636 0.0105146 0.00288668 0.000542519 0.000677873 0.00201317 
0.0407041 0.100361 0.0308849 7.01018e-06 7.01186e-06 0.66238 0.0807113 0.0049142 0.0189443 7.00918e-06 0.0196465 7.01707e-06 0.0112327 7.01783e-06 7.01274e-06 0.0301797 
0.000582747 0.000582832 0.000582828 0.000582203 0.000582343 0.874695 0.11715 0.000582211 0.000582503 0.00058212 0.000582529 0.000582776 0.00058269 0.000582839 0.000582416 0.000582759 
0.156157 0.14831 0.255243 0.000225616 0.0160428 0.00887072 0.00959421 0.000461162 0.00598122 2.78399e-05 0.00773801 0.00169106 0.0502108 0.33106 0.00206279 0.00632362 
0.00823284 0.0975183 0.709742 0.0346172 0.000219512 0.0870987 0.0188725 0.000461633 0.0231019 8.03091e-05 0.00267228 0.00973731 0.000221638 0.00361463 0.000958153 0.00285111 
2.72339e-05 0.152559 0.119873 2.72084e-05 2.7215e-05 0.217896 2.72379e-05 2.72088e-05 2.72225e-05 2.72045e-05 2.72237e-05 2.72352e-05 2.72312e-05 0.253342 2.72184e-05 0.256031 
0.0691932 0.35976 0.0993875 0.00171626 0.00116388 0.108001 0.116907 0.000162884 0.0117969 0.000154223 0.0122227 0.0235565 0.00413198 0.145192 0.00373609 0.0429183 
4.64234e-06 0.0204339 4.64298e-06 4.63801e-06 0.0116024 0.921967 0.00464767 0.0231951 4.6404e-06 4.63735e-06 4.6406e-06 4.64257e-06 0.018108 4.64307e-06 4.6397e-06 4.64244e-06 
0.000452303 0.122427 0.0844595 9.01192e-06 0.0110017 0.510038 0.113581 0.000121481 0.10061 6.12036e-06 0.00417299 0.0436466 0.000134062 0.00762686 2.57609e-05 0.00168861 
0.00716023 0.00693489 0.0153268 0.000102546 0.000111789 0.0026866 0.000441005 0.454168 0.000322934 3.46702e-05 0.0134574 0.000165616 0.490768 0.00413969 0.000161742 0.00401844 
0.000161623 0.000262115 4.59971e-06 3.99626e-06 0.00165353 1.4178e-05 0.042426 4.56854e-06 5.53211e-05 1.01666e-06 2.13764e-05 0.00171308 1.79599e-05 0.000180234 0.953455 2.56824e-05 
0.000350178 0.010527 0.907608 7.14008e-05 2.09297e-06 0.00138313 0.0120453 5.52967e-07 2.35464e-06 2.42845e-07 1.42786e-05 1.92168e-05 3.15321e-06 0.0665239 6.05818e-07 0.00144823 
0.000638271 0.021384 0.0726448 4.21258e-05 0.0163774 0.824208 0.0349584 0.000812848 0.000197765 9.21092e-09 0.00842282 7.0957e-06 0.000258862 0.0160775 2.55091e-05 0.00394513 
0.0358705 0.0186757 0.11958 0.00229247 0.0273346 0.187696 0.339904 1.63634e-06 1.63716e-06 1.63608e-06 0.006878 0.0029499 0.00376831 0.16463 1.63691e-06 0.0904124 
0.0236225 0.0403497 0.0602086 0.0215018 0.000441231 0.135234 0.529175 2.91724e-05 0.00038385 2.01035e-05 0.00475981 0.0959598 0.000146515 0.0544012 0.0327829 0.000983483 
0.00463879 0.0471954 0.731345 0.0195848 0.000888025 0.0150245 0.0312645 0.00180197 0.000603923 4.41123e-05 0.00406642 0.00317901 9.99246e-05 0.11992 9.64405e-05 0.0202472 
0.000161623 0.000262115 4.59971e-06 3.99626e-06 0.00165353 1.4178e-05 0.042426 4.56854e-06 5.53211e-05 1.01666e-06 2.13764e-05 0.00171308 1.79599e-05 0.000180234 0.953455 2.56824e-05 
5.47269e-06 5.47349e-06 0.305972 0.0114874 0.0196935 0.0290104 0.435696 5.46766e-06 0.10832 5.4668e-06 5.47064e-06 5.47296e-06 5.47215e-06 0.0897717 5.46958e-06 5.4728e-06 
0.923726 0.00116683 0.0131929 5.24133e-05 1.24847e-05 0.00126773 0.0163133 8.61827e-05 7.30824e-05 1.04112e-05 0.0274636 0.0105146 0.00288668 0.000542519 0.000677873 0.00201317 
0.110467 0.0962188 0.057691 0.00057073 0.0128 0.01788 0.0271205 0.000815512 0.013482 0.00033806 0.0142328 0.000939651 0.562125 0.057568 0.000748003 0.0270019 
0.0283002 0.192594 0.265944 0.00168708 0.0027177 0.0810549 0.0808239 7.62848e-05 0.0971322 3.05778e-05 0.0350659 0.00220982 0.00157533 0.129119 0.0189013 0.062768 
0.248618 0.143553 0.103437 0.00590405 0.00084757 0.0175157 0.0210464 0.0144197 0.00434119 0.000520014 0.00522842 0.0107753 0.0063244 0.274083 0.00446906 0.138918 
0.000161623 0.000262115 4.59971e-06 3.99626e-06 0.00165353 1.4178e-05 0.042426 4.56854e-06 5.53211e-05 1.01666e-06 2.13764e-05 0.00171308 1.79599e-05 0.000180234 0.953455 2.56824e-05 
0.0157772 0.195081 0.0812043 0.00128176 0.00919612 0.0232198 0.107621 0.000199599 0.002734 3.30453e-05 0.00522784 0.0337017 7.05389e-05 0.505651 4.82994e-05 0.0189529 
0.000740963 0.242727 0.187327 6.32116e-07 0.000767521 0.553349 0.0119895 1.80911e-07 0.00198655 5.98966e-08 7.15362e-05 0.000167293 2.87738e-05 0.000696854 2.00416e-07 0.000147268 
0.923726 0.00116683 0.0131929 5.24133e-05 1.24847e-05 0.00126773 0.0163133 8.61827e-05 7.30824e-05 1.04112e-05 0.0274636 0.0105146 0.00288668 0.000542519 0.000677873 0.00201317 
0.0155267 0.0540484 0.18844 0.00059105 0.00134794 0.637293 0.0234323 4.9841e-05 0.0163182 9.29928e-07 0.00169036 0.00249793 0.000139256 0.0431089 0.000321582 0.0151943 
0.396485 0.195473 0.0763298 2.83026e-07 5.09429e-07 0.000544432 0.00613112 2.48818e-05 0.000410768 9.11918e-08 0.00362251 0.00025436 0.054947 0.248188 3.97592e-05 0.0175491 
0.0187994 0.0121792 0.012825 0.00392446 0.00102789 0.0048725 0.00142705 5.29864e-06 0.000218397 5.26865e-07 0.826567 0.000230935 0.115471 0.00194755 2.73498e-05 0.000476481 
0.000740963 0.242727 0.187327 6.32116e-07 0.000767521 0.553349 0.0119895 1.80911e-07 0.00198655 5.98966e-08 7.15362e-05 0.000167293 2.87738e-05 0.000696854 2.00416e-07 0.000147268 
0.0625173 0.0625264 0.062526 0.062459 0.062474 0.0625167 0.0625266 0.0624598 0.0624912 0.06245 0.0624939 0.0625204 0.0625112 0.0625271 0.0624818 0.0625186 
0.00444307 0.0161293 0.00551348 0.00326283 0.00418635 0.00526002 0.00344329 3.41037e-08 0.000253047 4.77953e-09 0.934962 0.00228061 0.0179465 0.00215123 3.24624e-07 0.000167908 
0.0366042 0.0197747 0.650856 0.002066 0.0118812 0.0609351 0.00575872 7.01299e-05 0.000644705 2.35728e-05 0.00217799 4.50448e-05 0.000240974 0.202987 0.00136504 0.00456984 
0.00318964 0.00416923 0.00828843 0.000577921 0.000282777 0.00333661 0.00242514 0.459166 6.63874e-05 2.8235e-05 0.00678002 0.000605209 0.503477 0.00531509 0.000276639 0.00201595 
0.0576242 0.0456639 0.144948 1.63552e-07 0.00265033 0.00189912 0.0165859 0.000294561 0.00281471 1.63528e-07 0.00148931 0.544132 0.000393016 0.146375 0.00356688 0.0315631 
0.218809 0.047406 0.0529732 1.81394e-05 0.229088 0.069096 0.0530929 1.49628e-05 0.00111419 1.42937e-05 0.00425326 0.0165998 0.000178346 0.293883 3.33465e-05 0.0134262 
0.00437944 0.00679624 0.0360165 0.00331941 7.54421e-07 0.00822957 0.825431 7.5425e-07 7.54629e-07 7.54132e-07 7.54662e-07 7.54982e-07 0.00128404 0.104501 0.00807407 0.00196365 
0.408582 0.286418 0.0117634 2.80292e-06 0.000533793 0.0144932 0.00994987 0.000103566 1.15035e-07 3.70083e-08 0.204936 0.0454671 0.000154859 0.0134835 2.39345e-07 0.00411043 
5.84788e-06 0.00257682 0.0822079 8.84044e-05 2.95546e-05 0.268452 0.0408251 0.000134086 0.553785 2.49389e-08 2.32103e-05 0.000151624 5.80592e-05 0.0459777 0.000773864 0.00491083 
0.0143159 0.156992 0.0927439 0.000453356 8.65916e-05 0.137648 0.154156 0.205066 0.00401162 2.52638e-06 0.00234503 0.00606043 9.75913e-06 0.221431 0.00173706 0.00294123 
0.00444307 0.0161293 0.00551348 0.00326283 0.00418635 0.00526002 0.00344329 3.41037e-08 0.000253047 4.77953e-09 0.934962 0.00228061 0.0179465 0.00215123 3.24624e-07 0.000167908 
0.00340971 0.00477235 0.00854754 0.000715352 0.000301027 0.00231847 0.000486106 0.437486 7.06673e-05 3.03538e-05 0.00716137 9.49282e-05 0.527125 0.00450855 8.46044e-05 0.00288878 
2.20402e-05 0.00214424 0.416629 1.4983e-06 7.77564e-05 0.00326309 0.000346767 1.99099e-07 0.502705 6.66189e-10 0.000327616 3.62238e-06 0.000415427 0.0730917 2.8041e-07 0.000971752 
0.152592 0.1764 0.0895652 1.13683e-06 1.1371e-06 1.13788e-06 0.00626046 1.13684e-06 0.00500577 1.13666e-06 0.00273105 1.13794e-06 1.13778e-06 0.54468 0.00545989 0.0172974 
0.0141511 0.106999 0.218328 0.0036927 0.000428649 0.149063 0.0211381 0.0310406 0.00296326 8.99532e-05 0.367159 0.00213904 0.00225032 0.0111521 0.045142 0.0242623 
0.0625173 0.0625264 0.062526 0.062459 0.062474 0.0625167 0.0625266 0.0624598 0.0624912 0.06245 0.0624939 0.0625204 0.0625112 0.0625271 0.0624818 0.0625186 
0.0191926 0.098431 0.114304 9.0936e-05 7.73616e-05 0.41561 0.0695847 0.000524822 0.00187775 2.90595e-07 0.0123893 0.0952408 0.000107582 0.0803686 0.00347744 0.0887234 
0.000503731 0.00413046 0.185329 2.87326e-05 0.000245223 0.711278 0.0030026 0.00349231 0.00030213 2.10156e-09 0.00165996 0.000504735 0.0811251 0.00320476 1.66042e-05 0.00517613 
0.00141969 0.0430282 0.717211 0.00157252 0.000649036 0.0290032 0.0687246 2.63503e-05 0.00596303 4.50565e-06 0.000533576 0.00839085 5.39859e-05 0.060676 0.0345224 0.0282211 
0.0649781 0.0585243 0.433135 0.015795 5.83945e-06 0.00208905 0.0112945 0.000131757 0.00106435 2.84895e-06 0.000558157 0.0058185 6.4256e-05 0.106976 0.000258365 0.299304 
0.0248431 0.391213 0.158024 0.00028961 0.00666141 0.216915 0.0166256 0.0313818 0.011685 0.000181434 0.0244353 0.0491025 0.00128164 0.0197146 0.00113777 0.0465077 
0.923726 0.00116683 0.0131929 5.24133e-05 1.24847e-05 0.00126773 0.0163133 8.61827e-05 7.30824e-05 1.04112e-05 0.0274636 0.0105146 0.00288668 0.000542519 0.000677873 0.00201317 
0.00570099 0.615173 0.142104 0.000199719 0.00124992 0.0907586 0.0650918 0.000409567 0.000993535 7.58194e-06 0.00652842 0.00458259 7.39503e-05 0.0638619 0.000123196 0.00314091 
0.00931707 0.0458508 0.034815 0.0107441 0.0021171 0.792735 0.0189484 0.000245528 0.00100223 2.14235e-05 0.00110689 0.0221653 0.00025734 0.0401258 0.00457052 0.0159779 
0.0636847 0.154951 0.0573687 0.00047698 8.34801e-05 0.379538 0.0491394 0.000587561 0.061304 4.48897e-05 0.00356392 0.000685248 8.52682e-05 0.116654 0.000118895 0.111713 
0.00339786 0.0185775 0.113087 0.000393267 0.0110244 0.428188 0.201862 0.000454645 0.157333 1.83155e-08 4.45755e-06 0.0363292 7.40657e-06 0.0247069 8.17371e-08 0.00463462 
0.00891513 0.146347 0.0389013 0.00887656 0.000602397 0.0962357 0.34941 6.45106e-05 0.00272717 3.63941e-05 0.000316156 0.0541702 4.73241e-05 0.270682 0.00642643 0.0162402 
0.00683208 0.557151 0.0390827 2.24225e-05 1.37983e-05 0.0453769 0.129837 0.000558175 0.0014503 9.90638e-06 0.0142168 0.0113887 2.91282e-05 0.146959 0.000593929 0.0464787 
0.0674025 0.0301723 0.0123662 7.33574e-07 0.0172353 0.674324 0.106669 2.09976e-07 0.00505591 6.95514e-08 0.0771775 0.000140167 0.00142169 0.00557627 2.32599e-07 0.00245764 
0.923726 0.00116683 0.0131929 5.24133e-05 1.24847e-05 0.00126773 0.0163133 8.61827e-05 7.30824e-05 1.04112e-05 0.0274636 0.0105146 0.00288668 0.000542519 0.000677873 0.00201317 
0.147558 0.20355 0.245171 0.0295236 0.0128584 0.0485932 0.0545984 0.0518187 0.00679393 0.000795057 0.0107971 0.0105939 0.00974446 0.0574501 0.0250405 0.085114 
0.00218825 0.212305 0.340658 1.41037e-07 0.00190459 0.107372 0.0556712 1.41038e-07 0.0146191 1.41016e-07 0.0225363 0.00487067 0.00742487 0.221867 0.00221522 0.00636698 
0.0297249 0.202003 0.208805 0.000891801 3.63857e-05 0.102797 0.0630908 0.0399226 0.0391599 3.40009e-05 0.115077 0.00280517 0.00028434 0.136805 0.000205974 0.0583573 
0.000522011 0.0266645 0.722231 0.000148249 0.000160576 0.0753248 0.0147121 3.53641e-06 0.00209488 6.87569e-07 0.00161141 0.0139256 1.16813e-05 0.0953706 0.00246569 0.0447528 
0.0247551 0.105388 0.0226749 7.57468e-05 0.0830655 0.5038 0.084395 0.000203013 0.00104537 3.37922e-05 0.00475632 0.00452176 0.0164604 0.116728 0.0100243 0.0220739 
0.923726 0.00116683 0.0131929 5.24133e-05 1.24847e-05 0.00126773 0.0163133 8.61827e-05 7.30824e-05 1.04112e-05 0.0274636 0.0105146 0.00288668 0.000542519 0.000677873 0.00201317 
0.0372579 0.0281875 0.149154 3.98895e-08 0.000148859 0.00377827 0.00259451 7.4159e-07 0.000602642 3.30976e-11 0.687505 8.3254e-06 0.00156537 0.0838101 1.0189e-06 0.00538578 
0.0319497 0.112649 0.442894 0.00867076 0.0489762 0.154699 0.0570508 0.000525165 0.00500724 9.41711e-05 0.0219723 0.00496512 0.00189878 0.098145 0.000743263 0.00975932 
0.00489142 0.3877 0.307862 0.000593739 1.3399e-06 0.0180732 0.0664494 0.00392461 2.23975e-06 1.09103e-07 0.00321039 0.00619795 0.00464908 0.174532 0.00216423 0.0197481 
0.486389 0.145691 0.0926803 0.000177216 0.000440963 0.0496391 0.00476834 0.000475642 0.00143821 9.70055e-05 0.020067 0.00387483 0.000141985 0.090489 0.0249297 0.0787006 
0.0235617 0.0433583 0.014624 1.24891e-05 0.0227598 0.825597 0.0134651 0.00251064 0.00913565 1.2735e-06 0.000521948 0.00152943 7.47533e-05 0.0369136 1.49286e-06 0.005933 
0.00097663 0.124884 0.0100536 7.03084e-07 1.27162e-05 0.358544 0.428726 2.44687e-05 0.00155354 9.89365e-08 0.00203381 0.0672219 1.93099e-05 1.45377e-05 0.00505358 0.000880751 
0.305602 0.120198 0.0879694 0.000357509 7.29922e-05 0.053586 0.022602 0.000573165 0.000388438 4.98272e-05 0.014308 0.00853053 0.0211316 0.287474 0.0256206 0.0515354 
0.0720333 0.0316271 0.190521 9.54443e-07 9.54673e-07 0.035348 0.0279965 9.54456e-07 0.00468015 9.54307e-07 9.54977e-07 9.55382e-07 9.55241e-07 0.622595 9.54792e-07 0.0151911 
0.0229709 0.436086 0.0329954 0.000203764 0.000127628 0.00127993 0.00246886 0.000398223 0.0044626 4.40356e-05 0.000205481 0.00448912 0.00251299 0.0345507 0.000285543 0.456919 
0.0493172 0.280324 0.0923771 0.000763148 0.0157978 0.0724476 0.0964937 0.000154038 0.00838402 1.84302e-05 0.00167915 0.0023872 0.000140226 0.332863 0.00251579 0.0443378 
0.0942173 0.0334052 0.160404 0.00107321 9.5893e-07 0.0383448 0.00864996 0.0469441 0.00102229 5.39838e-08 0.473461 0.00209509 0.000140636 0.124069 7.12115e-05 0.0161004 
0.00198712 0.0266661 0.0271031 0.000221707 0.0124879 0.466286 0.043589 0.000170197 0.0283976 0.000141675 0.000678692 0.0890954 0.0321851 0.258439 0.00726673 0.0052847 
0.0925724 0.289468 0.210109 0.00019063 1.88788e-06 0.0266392 0.220504 0.0858807 1.8884e-06 1.88716e-06 1.88848e-06 0.00737011 1.889e-06 1.88949e-06 0.0084984 0.0587568 
0.0247898 0.109062 0.0286646 2.09053e-06 0.00282175 0.78345 0.0256327 1.11485e-05 0.00174081 1.58816e-06 0.00187736 7.79379e-05 7.13938e-05 0.0195327 0.001484 0.000779301 
0.0126682 0.0708447 0.0242806 0.000288543 0.00023383 0.2133 0.0237912 0.000276135 0.00129353 1.37237e-05 0.0169597 0.000245708 0.584087 0.0493603 0.000514419 0.00184266 
0.00841816 0.278667 0.036575 0.00168673 0.0145332 0.214398 0.157631 0.000339902 0.0502317 1.89375e-05 0.000124023 0.00780305 6.00559e-05 0.224985 0.00222567 0.00230193 
0.0233668 0.0146863 0.0407471 0.0224871 0.00766976 0.0970213 0.141158 8.5497e-05 0.410119 1.45318e-05 0.097039 0.00686862 0.000352866 0.13575 0.000595444 0.0020376 
0.0229076 0.0155215 3.69469e-06 3.69073e-06 0.00258783 0.332845 3.69472e-06 0.457292 3.69263e-06 3.6902e-06 3.69279e-06 3.69436e-06 0.165486 3.69475e-06 0.00332656 3.69425e-06 
0.0742543 0.251451 0.037882 5.91955e-05 0.00873602 0.0543497 0.0737303 3.46538e-05 0.00418678 3.21124e-05 0.00267731 0.0285122 0.000493798 0.435909 0.000754668 0.0269378 
0.378803 0.0117786 0.218799 0.000509004 0.000695935 0.00722408 0.203476 7.47573e-05 0.000784538 1.4829e-07 0.0205135 0.000215383 0.000175895 0.0894797 0.0468201 0.0206511 
0.0308314 0.0488633 0.184749 3.56054e-06 7.10385e-06 0.338548 0.00312115 2.72543e-06 0.0165908 2.80048e-08 0.245228 2.58298e-07 0.060201 0.0685663 4.3184e-05 0.0032442 
0.00571234 0.0691102 0.017477 0.0271667 0.0181798 0.759632 0.0370187 0.000328302 0.00243526 6.73086e-09 0.00582181 0.000623635 2.77818e-05 0.0461418 0.000557642 0.00976697 
0.0348104 0.1238 0.808014 2.62745e-05 4.42806e-09 7.03844e-05 2.50094e-05 1.48024e-06 0.000192829 3.81142e-09 0.0108762 2.33445e-05 0.00653381 0.00765332 0.000582657 0.00738993 
0.0720333 0.0316271 0.190521 9.54443e-07 9.54673e-07 0.035348 0.0279965 9.54456e-07 0.00468015 9.54307e-07 9.54977e-07 9.55382e-07 9.55241e-07 0.622595 9.54792e-07 0.0151911 
0.923726 0.00116683 0.0131929 5.24133e-05 1.24847e-05 0.00126773 0.0163133 8.61827e-05 7.30824e-05 1.04112e-05 0.0274636 0.0105146 0.00288668 0.000542519 0.000677873 0.00201317 
0.00444307 0.0161293 0.00551348 0.00326283 0.00418635 0.00526002 0.00344329 3.41037e-08 0.000253047 4.77953e-09 0.934962 0.00228061 0.0179465 0.00215123 3.24624e-07 0.000167908 
0.125314 0.64021 0.0074071 4.47451e-05 3.06325e-05 0.0275729 0.0116049 0.0014744 0.000905864 1.71663e-05 0.00218295 0.0036423 0.000265122 0.144677 0.0112777 0.0233728 
0.0805033 0.0527493 0.698106 2.6751e-08 0.000136122 0.00102671 0.0312955 5.09796e-07 0.00063557 2.01312e-08 0.00173073 0.000306104 2.49499e-05 0.131244 2.20238e-07 0.00224073 
0.0255162 0.229507 0.644016 0.000559034 0.000550339 0.00258532 0.00379151 0.000106756 0.000318916 8.41984e-05 0.020214 0.0166197 0.0303831 0.00495618 0.00133791 0.0194543 
0.923726 0.00116683 0.0131929 5.24133e-05 1.24847e-05 0.00126773 0.0163133 8.61827e-05 7.30824e-05 1.04112e-05 0.0274636 0.0105146 0.00288668 0.000542519 0.000677873 0.00201317 
0.196197 0.107063 0.00481524 0.000206991 0.000253699 0.00268022 0.0250256 0.000221831 0.00024842 6.85217e-05 0.000100949 0.00284384 0.00059888 0.537458 0.117706 0.00451188 
0.135079 0.119322 0.0752322 0.000290075 0.000378402 0.0567401 0.0132814 0.00955226 0.000718953 0.000266666 0.00700409 0.000763096 0.00325371 0.467147 0.000274481 0.110697 
0.000476216 0.225751 0.0230776 4.9274e-05 0.000762745 0.532545 0.0569273 0.0484378 0.00254134 2.60081e-05 0.00427111 0.0165056 0.000262237 0.0717288 0.000620428 0.0160179 
0.00605466 0.31778 0.574549 0.00104996 0.00465722 0.00575328 0.00788369 5.8421e-08 3.2324e-05 2.07417e-08 0.0477104 0.000114423 3.50757e-05 0.0200874 0.000454969 0.0138373 
0.0101298 0.0786639 0.0344825 3.49063e-05 0.00369472 0.510311 0.102436 4.84611e-05 0.163513 1.28343e-05 0.00218573 0.000267178 0.000311529 0.0530699 0.000163018 0.0406754 
0.0748136 0.1956 0.031937 0.000254113 0.22537 0.00664546 0.0070149 0.000120602 0.000508562 2.48817e-05 0.00235484 0.00595976 2.53209e-05 0.163111 3.03292e-05 0.286229 
0.0443522 0.0537834 0.223358 0.0351188 0.00025562 0.230743 0.0639599 0.00249055 0.0719975 0.000106503 0.0016094 0.00128581 0.000883451 0.0399906 0.000662938 0.229402 
0.0555764 0.201093 0.366295 0.000174995 0.000455965 0.0215643 0.0486237 0.0215311 0.13882 6.17237e-05 0.00233285 0.0076598 0.00820705 0.0554124 0.000180439 0.072012 
0.101118 0.25753 0.0103685 1.17246e-06 0.00950945 0.238293 0.008946 0.218114 0.000560924 5.79162e-07 0.0071299 0.00117791 0.0932711 0.0418723 9.68858e-05 0.0120111 
0.00444307 0.0161293 0.00551348 0.00326283 0.00418635 0.00526002 0.00344329 3.41037e-08 0.000253047 4.77953e-09 0.934962 0.00228061 0.0179465 0.00215123 3.24624e-07 0.000167908 
0.0031304 0.0086604 0.043684 0.00041836 0.0057145 0.810529 0.0558064 9.14795e-05 0.000777344 1.94645e-07 0.00201922 0.00323838 0.000740187 0.0233394 8.16962e-05 0.0417687 
0.00179518 0.038187 0.0649774 0.00516449 0.0546834 0.0603351 0.150082 0.00106107 0.000759554 6.65255e-06 0.0355045 4.1956e-05 0.577565 0.00887655 0.000887978 7.18549e-05 
0.000503731 0.00413046 0.185329 2.87326e-05 0.000245223 0.711278 0.0030026 0.00349231 0.00030213 2.10156e-09 0.00165996 0.000504735 0.0811251 0.00320476 1.66042e-05 0.00517613 
0.00389968 0.00980472 0.661358 0.000601371 5.46418e-05 0.00161545 0.135772 0.000124553 0.00312422 2.0924e-05 0.00579365 0.00924051 0.00341424 0.158952 0.000635955 0.00558822 
0.00853748 0.559783 0.109271 4.54382e-05 0.000179783 0.00110225 0.0324039 0.000359894 8.42162e-06 5.36965e-06 0.000425245 0.00138637 8.95425e-06 0.264821 0.000109292 0.0215523 
0.00101046 0.0407666 0.593151 0.000124644 6.34441e-05 0.00319225 0.039577 2.62443e-08 0.00264027 2.15232e-08 0.00136044 3.03754e-05 0.0120663 0.183513 7.90917e-05 0.122425 
