0.351913 0.00184355 0.0049074 0.0137659 0.00825852 8.19568e-07 3.50814e-08 1.22134e-06 0.0118285 0.0117908 6.32608e-10 5.32146e-05 0.000133353 0.00791088 3.19766e-07 6.30616e-05 3.57047e-05 0.00617976 0.000759772 0.0243294 0.0316046 1.9863e-05 0.3256 0.000602491 0.125446 7.70389e-10 0.00214692 0.00287311 0.013236 0.0198359 0.0348601 
7.6202e-07 5.58607e-07 0.00981239 0.0155896 1.50405e-05 3.69372e-08 6.22415e-10 0.000199747 0.0603011 0.0270625 5.28027e-10 0.0230334 0.105261 0.00372688 0.00209687 0.000161365 0.000146682 0.668541 5.33438e-07 0.0174594 0.000298016 0.000449834 0.0045964 0.00449752 0.0181443 6.43029e-10 0.018477 0.00115503 0.00140024 0.0162203 0.00135341 
1.48126e-06 4.23681e-07 8.89679e-05 0.000449718 0.963987 5.09427e-05 9.91271e-09 6.11069e-06 0.000149327 0.00401607 5.06665e-12 0.000137526 0.000510164 0.000358304 1.23454e-06 0.000191677 6.87245e-07 0.000102784 7.57332e-06 0.000739559 5.0861e-06 0.000136654 0.0077653 2.21189e-06 0.0203822 1.12766e-06 0.000105798 5.43811e-05 9.24447e-05 0.000341845 0.000313691 
0.102422 0.000457734 0.00219989 0.024619 0.00246941 0.00958315 3.29657e-05 2.21762e-05 0.128781 0.0222741 1.55176e-07 0.0246881 0.0397348 0.0254306 0.00209857 0.000305398 3.30482e-05 0.507006 3.30666e-05 0.0031024 1.33498e-05 0.000156751 0.0169706 0.00234753 0.013974 3.89893e-05 0.0620264 0.000639257 0.00121515 0.00138547 0.00593786 
1.49994e-05 8.12064e-07 0.042488 0.257166 0.000326735 1.06549e-07 6.16201e-07 4.01346e-08 0.0309654 0.00226559 7.11086e-11 0.0787861 0.0811821 0.1975 0.00932938 6.28716e-05 1.11162e-06 0.10327 5.47046e-07 0.124765 0.00139428 2.6735e-07 0.00585739 0.00269872 0.00155364 8.65959e-11 0.054995 7.77411e-05 0.0020739 0.00123924 0.00198435 
5.1445e-05 1.52408e-06 0.078593 0.11476 0.00336837 0.000371815 1.24911e-08 4.43375e-06 0.00602593 0.00130518 1.05968e-08 0.0264084 0.0350543 0.0276446 0.000422838 8.94143e-05 0.000143498 0.271021 9.5854e-06 0.00112542 0.000167642 0.000720084 0.262247 0.0071062 0.000391294 1.29048e-08 0.0721488 0.0743578 0.0105048 0.00162099 0.00433445 
8.22175e-06 0.00104302 8.92617e-08 0.198427 6.37051e-05 0.00132851 4.59528e-08 1.12697e-07 0.308758 0.0549943 4.01857e-12 0.0474621 0.00143523 0.2133 0.00378048 0.00169297 6.57444e-08 0.0122965 5.66528e-08 0.0599899 2.07704e-06 0.00320697 0.00455283 8.46893e-07 0.0374351 4.8938e-12 0.0261899 0.000878786 0.0215154 0.00105086 0.000588385 
4.76868e-06 0.000432155 0.0099517 0.0278243 6.11131e-05 0.00445914 7.1347e-07 2.39574e-07 0.0109482 0.0833057 6.882e-10 7.36139e-05 0.0586792 0.0554218 4.70892e-07 0.00225141 1.55301e-06 0.00320561 7.95187e-10 0.0170116 0.621172 3.87529e-07 0.00281541 4.527e-05 0.0702106 8.38088e-10 0.00906486 0.00389823 0.0185316 0.000164473 0.000463407 
5.44006e-05 2.38451e-07 0.370374 0.298027 2.60758e-05 0.0515095 6.24821e-06 4.5356e-07 0.0093649 0.0173866 6.1553e-08 0.00992268 0.00793457 0.0224017 0.00035943 2.04916e-05 0.00165265 0.00963223 0.000187876 0.031086 4.90386e-05 0.00310297 0.017291 0.0540984 0.0752129 4.28307e-07 0.00436232 0.000683143 0.0106185 0.00382176 0.000812639 
0.185438 3.19087e-05 0.0314489 0.00231896 0.000138736 0.000148663 6.73281e-06 5.39781e-05 0.0002149 0.00656274 1.91938e-07 0.00225507 0.00210569 0.00603477 0.0848199 4.03862e-05 6.82445e-05 0.00246124 0.000179934 0.0241052 0.11398 0.0027653 0.000403049 0.000430513 0.0702843 1.19087e-06 0.00169714 0.000420656 0.237648 0.00731219 0.216623 
0.000177451 6.13808e-08 0.0789854 0.0178098 0.000121241 0.000114147 7.48107e-09 2.77603e-07 0.00327777 0.000256914 4.27268e-09 0.00947196 0.000989294 0.0148962 3.49595e-05 0.00122883 0.000287961 0.000538906 0.00175049 0.00725284 5.28887e-05 0.0010128 0.781944 0.00196408 0.0192005 3.90684e-07 0.00115514 6.64645e-05 1.49889e-05 0.0573142 7.97381e-05 
0.00245864 0.000931808 0.0431036 0.0457189 0.000762438 0.000767194 0.000200322 0.00391636 0.14785 0.00391567 0.000176844 0.0427107 0.0208029 0.207339 0.00105301 0.0106207 0.00426212 0.0355878 0.00143445 0.00540532 0.00143279 0.0527681 0.0790561 0.00390686 0.0218904 0.000291436 0.00704115 0.00103353 0.02862 0.212942 0.0119998 
1.194e-07 0.000257958 0.0208248 0.00723375 9.03265e-08 0.00872945 5.17226e-07 1.10425e-07 0.00908415 0.0142956 2.76752e-09 0.00439587 0.0387968 0.0119117 0.000592011 0.00829955 1.91239e-07 0.00702971 7.2492e-07 0.0106826 7.43127e-07 3.47134e-08 0.172672 0.0380438 0.227062 2.32442e-06 6.25205e-05 5.34212e-05 0.419314 5.19633e-07 0.000652009 
3.33585e-07 0.00509911 0.000615819 0.0558255 0.00169779 3.74968e-07 5.08108e-08 1.1697e-07 1.90829e-07 0.0486057 8.4014e-09 0.0017713 0.00379787 0.00621772 1.36151e-07 0.308876 8.87985e-06 0.000682993 0.00142323 0.00622315 9.51124e-06 6.17194e-07 0.00231736 0.00172813 0.314131 4.18111e-08 4.43669e-05 0.162648 0.0216619 0.0534931 0.00311902 
0.00826511 3.48307e-05 0.043759 0.0321369 0.00012129 0.000735548 9.57011e-05 0.000202849 0.0577137 0.00303511 9.0972e-06 0.220524 0.0406711 0.0779633 0.000200119 0.00174018 0.00032537 0.0695728 0.000309057 0.00805296 0.00498904 0.00223488 0.0483825 0.000495169 0.0168325 0.000153888 0.352266 0.000369657 0.00190848 0.00575545 0.00114488 
1.08396e-05 2.6094e-05 0.110066 0.0661311 6.03256e-06 0.00789491 0.00100604 2.01235e-05 0.0179023 0.0013139 1.95021e-06 0.110128 0.0156974 0.0175466 0.00157516 0.00106414 4.45089e-06 0.0663209 0.000136869 0.00289108 0.00127347 0.00949502 0.017075 0.0063782 0.00584024 0.00556153 0.529024 0.000227645 0.00465237 0.000540643 0.000187837 
0.165893 0.0902778 0.0478774 0.0250821 0.000229364 0.0216974 3.24548e-11 0.000355026 0.21214 0.0398558 2.7533e-11 0.0165914 0.00074201 0.135756 0.000338868 0.000559359 1.81249e-07 0.00139703 6.45071e-07 0.0222138 2.58345e-06 0.021456 0.00279252 0.0430728 0.129311 3.35297e-11 0.0091221 0.000999989 0.0121072 1.78546e-05 0.000110356 
9.93632e-05 4.29717e-06 0.403524 0.0634518 3.84712e-06 0.000288417 3.75034e-07 0.000168597 0.00450385 0.00297458 3.18161e-07 0.00279281 0.00446753 0.00207367 1.14557e-05 0.000888479 0.000303822 1.73155e-05 3.64417e-05 0.0209505 4.05892e-05 0.0108148 0.316699 0.000263062 0.000519315 3.87455e-07 8.50793e-06 4.45376e-06 0.10977 0.0163452 0.0389735 
0.000417587 4.31624e-05 0.0998286 0.0579782 6.37312e-05 1.8116e-08 1.22126e-09 3.12836e-07 0.0381248 0.00535027 3.94875e-12 0.0315795 0.0145505 0.00931827 3.88485e-05 0.000147926 0.000141045 0.00730066 0.000183858 0.003914 9.68223e-05 0.000104425 0.583054 0.00119723 0.0128012 4.80878e-12 0.00793214 0.00078524 0.000517197 0.124206 0.000324121 
0.000625699 4.51024e-07 0.021022 0.0186293 0.000126119 3.21914e-07 1.34042e-08 6.97092e-09 0.00624025 0.00830221 6.8471e-10 0.00613784 0.0105738 0.00126206 5.1759e-05 8.68266e-05 0.00106336 0.00231612 0.00028581 0.00226231 7.09677e-05 1.38597e-05 0.832811 0.000191327 0.0613562 8.33838e-10 0.00247872 0.000308023 0.000482961 0.0231 0.000200896 
4.68031e-06 3.59733e-08 0.0368139 0.0330908 0.000219201 5.68223e-08 1.76669e-05 6.40357e-09 0.20189 9.31182e-05 4.0351e-11 0.0639109 0.0781121 0.193691 0.000758945 7.35645e-09 0.000164578 0.0419416 2.09384e-06 0.00590931 6.01908e-06 0.325108 0.00311716 0.00100372 0.000496158 4.28771e-08 0.0033277 5.99748e-05 0.00855983 0.000689757 0.00101145 
2.81668e-05 7.91073e-08 0.451011 0.100121 7.52648e-07 0.107476 8.11752e-08 3.5529e-08 0.0135556 0.00148796 1.8029e-08 0.0169315 0.0290081 0.0218445 0.00172256 9.25753e-05 1.88765e-05 0.00594159 0.000109473 0.0106018 2.25135e-07 0.0107239 0.0626643 0.0041724 0.125622 1.15258e-06 0.00466958 1.10011e-05 0.00638583 0.0208529 0.00494487 
2.36219e-07 2.44926e-07 8.34844e-05 0.00040534 0.968664 4.18849e-05 2.48285e-09 4.2523e-06 0.0001205 0.0040415 5.09721e-12 0.000127076 0.000231696 0.000327585 2.30412e-08 0.000150011 1.73463e-08 5.66869e-05 7.76985e-08 0.000687772 5.06857e-06 7.95981e-05 0.00339818 5.80798e-09 0.0208095 7.10162e-09 0.000104876 4.48066e-05 8.14605e-05 0.000280527 0.000253371 
8.22175e-06 0.00104302 8.92617e-08 0.198427 6.37051e-05 0.00132851 4.59528e-08 1.12697e-07 0.308758 0.0549943 4.01857e-12 0.0474621 0.00143523 0.2133 0.00378048 0.00169297 6.57444e-08 0.0122965 5.66528e-08 0.0599899 2.07704e-06 0.00320697 0.00455283 8.46893e-07 0.0374351 4.8938e-12 0.0261899 0.000878786 0.0215154 0.00105086 0.000588385 
1.12436e-05 0.001931 0.0134723 0.0164287 0.000256106 0.000346998 3.27029e-05 2.17732e-06 0.526386 0.000250466 1.28123e-07 0.193369 0.091735 0.0144222 0.00146521 0.000129642 7.51742e-05 0.0292526 6.78632e-05 0.00550089 0.00763812 0.0516446 0.00673434 0.00828287 0.00519688 0.000223708 0.00266901 0.000501507 0.003984 0.0171944 0.000794924 
6.4283e-06 5.12153e-06 0.0182887 0.14747 0.000261234 0.174191 0.0323624 1.54405e-06 0.0168644 0.0397315 2.05321e-08 0.0140417 0.000454971 0.177293 0.000551101 0.00460698 3.08514e-05 0.0162119 0.000113458 0.00620075 0.000589396 0.0151424 0.00794267 0.0263393 0.101409 2.50039e-08 0.00217961 0.00424964 0.182759 0.0100213 0.000681137 
0.00145655 0.000238621 0.0509443 0.270426 0.000313323 0.00216409 0.000524386 0.00296121 0.0411612 0.0086002 0.00015365 0.0371032 0.216608 0.0742907 0.00240228 0.0076534 0.000291388 0.0961509 0.00116312 0.0168558 0.000818328 0.013883 0.0220297 0.010291 0.0472349 0.000696245 0.0126132 0.000674872 0.00746123 0.0431278 0.00970719 
0.000625699 4.51024e-07 0.021022 0.0186293 0.000126119 3.21914e-07 1.34042e-08 6.97092e-09 0.00624025 0.00830221 6.8471e-10 0.00613784 0.0105738 0.00126206 5.1759e-05 8.68266e-05 0.00106336 0.00231612 0.00028581 0.00226231 7.09677e-05 1.38597e-05 0.832811 0.000191327 0.0613562 8.33838e-10 0.00247872 0.000308023 0.000482961 0.0231 0.000200896 
2.66809e-05 0.000406366 0.0210731 0.0225874 1.22436e-05 7.79465e-05 0.000143811 3.45186e-05 0.0287506 0.117596 2.37258e-06 0.00726563 0.00225101 0.0101162 0.00358279 3.33466e-05 0.000219069 0.000793686 0.0024877 0.126309 0.440935 0.0205699 0.0987158 0.0109041 0.00110805 2.73374e-06 0.00920659 0.0284772 0.0262944 0.0199768 4.06308e-05 
7.45012e-07 0.0177685 0.0545416 0.00129955 9.511e-06 0.175768 8.74426e-05 5.80397e-06 0.00156948 0.00736152 6.15241e-08 0.0588514 0.0115213 0.00538533 0.000359047 0.0366493 0.000596107 0.00257188 0.000622078 0.0528736 0.00143878 0.00246079 0.000293428 0.00252945 0.389838 3.30643e-07 0.0137467 0.146255 0.0145777 0.000882518 0.000135218 
0.16977 3.30201e-05 0.0333379 0.0310402 0.00371482 1.63177e-06 6.64e-06 0.000187508 0.0344749 0.00432103 1.04255e-09 0.0107446 0.00907573 0.0167489 0.00081413 6.09307e-05 9.58752e-05 0.0243299 6.72497e-05 0.00144325 4.35436e-05 0.0002243 0.398939 0.00161062 0.0129648 9.34701e-07 0.00498768 0.00258288 0.0814339 0.124036 0.0329077 
0.0284018 0.000606928 0.0862444 0.205242 0.000283427 0.00406318 0.000336624 1.71259e-06 0.0872333 0.00726463 5.97136e-08 0.119525 0.0259742 0.0245844 0.000217705 0.017371 6.43237e-05 0.0110498 9.28874e-05 0.00732806 0.155373 0.00145027 0.0179813 0.0776313 0.036583 7.59976e-08 0.0442037 0.0019354 0.000967526 0.0379379 5.07347e-05 
0.00218005 0.000695542 0.0793163 0.103806 0.00014129 0.0109917 0.000165943 0.000340851 0.0310659 0.0103323 2.83651e-05 0.0683684 0.278251 0.038672 0.00386676 0.00575109 0.000454213 0.0397728 0.00158759 0.010089 0.00253543 0.0499174 0.0292737 0.0166484 0.0316397 3.81202e-05 0.0047629 0.00706823 0.00677009 0.162492 0.00297644 
4.23145e-05 1.86546e-06 0.0833412 0.0804848 1.60611e-05 0.000460849 2.92781e-07 5.84637e-06 0.0121302 0.00210181 3.33616e-08 0.318745 0.10912 0.228953 0.0307096 0.00133222 1.1549e-05 0.00367231 3.74244e-05 0.0215221 0.000141784 0.051176 0.00349358 0.0159684 0.00864407 6.45018e-08 0.00294481 0.00382206 0.0183353 0.00228416 0.000501513 
0.00626148 0.0884688 0.469555 0.0378631 3.79928e-05 0.00195714 7.19764e-07 0.00014195 0.0023107 0.00899953 7.08236e-08 0.0372558 0.0355674 0.0286402 0.000513698 0.000118852 5.47693e-05 0.00455734 1.58553e-05 0.0209476 1.69795e-07 0.127452 0.000357324 0.0884219 0.0167259 1.70332e-06 0.00278506 0.000691393 0.005539 0.0146434 0.000114091 
0.000417587 4.31624e-05 0.0998286 0.0579782 6.37312e-05 1.8116e-08 1.22126e-09 3.12836e-07 0.0381248 0.00535027 3.94875e-12 0.0315795 0.0145505 0.00931827 3.88485e-05 0.000147926 0.000141045 0.00730066 0.000183858 0.003914 9.68223e-05 0.000104425 0.583054 0.00119723 0.0128012 4.80878e-12 0.00793214 0.00078524 0.000517197 0.124206 0.000324121 
0.000417587 4.31624e-05 0.0998286 0.0579782 6.37312e-05 1.8116e-08 1.22126e-09 3.12836e-07 0.0381248 0.00535027 3.94875e-12 0.0315795 0.0145505 0.00931827 3.88485e-05 0.000147926 0.000141045 0.00730066 0.000183858 0.003914 9.68223e-05 0.000104425 0.583054 0.00119723 0.0128012 4.80878e-12 0.00793214 0.00078524 0.000517197 0.124206 0.000324121 
0.059273 0.000202745 0.0328011 0.219036 3.18751e-05 0.0232809 2.10832e-06 9.31193e-06 0.0232836 0.0213673 9.4028e-07 0.0741229 0.111036 0.065156 0.00099403 5.60651e-05 0.00103606 0.0241702 0.000192382 0.00178751 0.0144686 0.00102333 0.00930475 0.0484192 0.00198882 8.54142e-06 0.0329186 5.39817e-05 0.0357796 0.0430417 0.155152 
0.00033594 3.29395e-05 0.28833 0.114309 0.000162855 0.00368058 0.000213305 1.59552e-05 0.0365334 0.0160638 8.71863e-06 0.00943399 0.0865508 0.160051 0.00105484 0.00174517 0.000235501 0.0561185 0.00576122 0.0858173 0.00221059 0.0268902 0.0163303 0.00494963 0.00933379 0.000182398 0.00801666 0.000327768 0.00708685 0.0377695 0.0204473 
6.76958e-05 0.00915527 0.0205565 0.0845965 1.94639e-06 0.00118704 0.00019358 0.00119998 0.0194261 0.019382 1.35261e-09 0.0807911 0.125607 0.0211868 0.0843747 1.15088e-05 1.21458e-05 0.00269389 9.89265e-05 0.0070866 2.7625e-05 0.383476 0.000941834 0.00483884 0.00595463 8.47171e-06 0.000557061 0.000716412 0.124594 0.001124 0.000131704 
3.12906e-06 2.9018e-05 0.0489748 0.00312384 8.84201e-07 0.00144282 1.70408e-08 8.68224e-07 0.00185659 0.00219541 1.44566e-08 0.659757 0.070015 0.0738143 0.0458564 4.76161e-05 1.32972e-07 0.000264725 0.000405619 0.053201 0.00363223 0.0157571 0.000546182 0.000120162 0.000476838 1.76052e-08 0.00133865 8.02847e-06 0.015254 0.000837847 0.00103934 
0.000417587 4.31624e-05 0.0998286 0.0579782 6.37312e-05 1.8116e-08 1.22126e-09 3.12836e-07 0.0381248 0.00535027 3.94875e-12 0.0315795 0.0145505 0.00931827 3.88485e-05 0.000147926 0.000141045 0.00730066 0.000183858 0.003914 9.68223e-05 0.000104425 0.583054 0.00119723 0.0128012 4.80878e-12 0.00793214 0.00078524 0.000517197 0.124206 0.000324121 
1.24841e-05 0.000124224 0.00533513 0.00210511 0.000185425 0.000484429 2.42729e-05 2.07738e-08 0.0518852 0.000220329 1.78612e-09 0.012742 0.000731882 0.0445625 0.016474 9.12493e-05 4.11056e-05 0.00145238 6.32635e-07 0.00317858 2.05334e-07 0.847873 0.000174265 5.40153e-05 0.00583632 2.17513e-09 0.0011537 1.95768e-05 0.00363272 0.000504786 0.00110026 
0.00387613 0.000615225 0.18428 0.132096 0.0076692 0.00371465 0.000523983 0.0086199 0.0170307 0.0292513 0.000360471 0.0141832 0.0208223 0.0710029 0.00197842 0.00778585 0.00388334 0.0145555 0.00394148 0.0252861 0.00091624 0.0470499 0.00225582 0.0205465 0.259669 0.0010526 0.00708247 0.00338082 0.0694019 0.0199505 0.0172181 
0.0911175 0.000205912 0.0205955 0.0941076 0.000213751 0.000470658 1.17478e-05 1.28436e-05 0.0428264 0.00706866 4.92703e-06 0.016467 0.00268484 0.0670842 0.00114344 0.00715369 3.08751e-05 0.020298 0.000314129 0.00415352 0.000207364 0.0176312 0.0161802 0.42854 0.0994455 2.95917e-05 0.00143913 0.0121193 0.0342262 0.00666354 0.00755308 
4.65681e-05 0.00224741 0.171181 0.0166982 0.000122596 0.000322197 4.57624e-05 2.69974e-05 0.0256963 0.000114078 7.08016e-06 0.0223825 0.00410735 0.135742 6.64332e-05 1.19685e-05 0.00587718 0.00318445 1.7986e-05 0.00160955 2.45601e-05 0.539455 0.0023841 0.00218761 0.00511754 0.00108477 0.00304369 0.000690556 0.0423653 0.0136796 0.000458909 
2.81668e-05 7.91073e-08 0.451011 0.100121 7.52648e-07 0.107476 8.11752e-08 3.5529e-08 0.0135556 0.00148796 1.8029e-08 0.0169315 0.0290081 0.0218445 0.00172256 9.25753e-05 1.88765e-05 0.00594159 0.000109473 0.0106018 2.25135e-07 0.0107239 0.0626643 0.0041724 0.125622 1.15258e-06 0.00466958 1.10011e-05 0.00638583 0.0208529 0.00494487 
0.000309769 5.82584e-05 0.00409142 0.0123204 0.000415352 0.000114555 7.26167e-05 0.000107315 0.173437 0.00029636 6.46306e-07 0.0172451 0.130404 0.0307527 0.0074959 0.000460761 0.000244429 0.0467576 4.0892e-06 0.00880618 0.000897505 0.473694 0.00780706 0.0100629 0.00402425 0.00233261 0.00265183 5.79223e-05 0.0278924 0.00249575 0.0346895 
0.00223054 0.000378879 0.0160574 0.0602309 0.000778766 0.0038588 0.00511956 0.00172355 0.0354905 0.00870285 0.000196583 0.0724296 0.0318508 0.0501204 0.00809428 0.00188556 0.00132498 0.489122 0.000696279 0.0244459 0.00357526 0.0120274 0.00913483 0.00295577 0.0289606 0.000268097 0.0746075 0.00265866 0.0212259 0.0096176 0.0202309 
4.76868e-06 0.000432155 0.0099517 0.0278243 6.11131e-05 0.00445914 7.1347e-07 2.39574e-07 0.0109482 0.0833057 6.882e-10 7.36139e-05 0.0586792 0.0554218 4.70892e-07 0.00225141 1.55301e-06 0.00320561 7.95187e-10 0.0170116 0.621172 3.87529e-07 0.00281541 4.527e-05 0.0702106 8.38088e-10 0.00906486 0.00389823 0.0185316 0.000164473 0.000463407 
7.48748e-05 0.0045884 0.116569 0.0678688 0.00118638 0.00428764 0.00195871 0.000184692 0.00871129 0.0431535 2.93946e-05 0.122344 0.105984 0.00912117 0.000121527 9.51033e-05 0.000223076 0.0499517 0.00106806 0.00234969 0.000179504 0.044461 0.202249 0.0144948 0.047013 4.18903e-05 0.0152846 0.000264883 0.0920462 0.0377162 0.00637753 
0.00221228 0.00402846 0.0254109 0.0472442 0.000808405 0.00254439 0.000595485 0.000738333 0.260372 0.00708987 0.000362215 0.0734295 0.0233861 0.23489 0.000751664 0.00691072 0.00109687 0.0168999 0.000481233 0.00880712 0.00153951 0.0375873 0.0897289 0.00350925 0.0151801 0.000408484 0.0736664 0.00241209 0.0133016 0.036244 0.00836319 
8.76431e-05 0.0133498 0.0163945 0.0107973 0.000815283 0.000614014 8.32429e-07 0.000557735 0.760807 0.000220917 9.91351e-08 0.0229279 0.0113105 0.0198653 4.0247e-05 4.83085e-05 1.47344e-05 0.070247 1.59761e-06 0.000637493 0.0150104 0.0233419 0.0117452 0.00449818 0.000622243 2.16536e-07 0.00893581 0.000162207 0.00330873 0.0011149 0.00252217 
0.0331559 0.000701407 0.0387731 0.0284544 0.000215338 0.000610984 8.6192e-06 3.40434e-05 0.239504 0.00187243 2.24202e-08 0.029141 0.00919781 0.0231166 0.00832141 0.00208465 0.000119155 0.0479698 0.00508364 0.136693 0.000489424 0.000245225 0.0152311 0.00115838 0.0166866 2.73032e-08 0.0625151 0.000286432 0.0701868 0.000454363 0.227689 
0.0254596 0.00106728 0.249583 0.210632 2.9601e-05 0.0104033 5.31556e-08 7.11659e-08 1.61546e-07 0.0217607 4.81439e-11 0.0335291 0.000951198 0.00851019 3.50009e-06 1.23492e-05 0.000117779 0.0241879 0.000284959 0.0137947 4.07305e-07 0.00334036 0.0435666 0.0868908 0.0206809 5.54438e-09 0.010096 0.00154413 0.00109996 0.227396 0.00505763 
2.37114e-05 0.000331904 0.0342941 0.100043 4.41335e-06 0.0296224 0.000671834 1.67588e-06 0.0484011 0.00106397 3.3379e-07 0.0614563 0.00413068 0.0399991 0.000265033 0.000995101 4.81842e-06 0.572378 2.07213e-05 0.00052301 0.00102361 0.00145161 0.00138473 0.00576418 0.00289216 4.06489e-07 0.0829364 0.000447288 0.00438816 0.000442563 0.00503816 
0.00335646 6.588e-05 0.172501 0.0516655 0.0348385 0.00160716 0.00335664 9.89844e-05 0.0535293 0.0385297 7.84442e-06 0.382399 0.0154175 0.0175884 0.00381607 0.0104098 0.000532997 0.013959 0.000747085 0.0169373 0.00159118 0.00379652 0.00121213 0.0199766 0.118465 0.00023342 0.0112553 0.00349705 0.00557568 0.00992363 0.00310857 
9.37883e-06 0.000438493 0.201269 0.0107671 4.89643e-06 0.0152378 0.000391242 3.38914e-07 0.0129696 0.00432088 4.02101e-10 0.369309 0.00953422 0.0436294 0.0156252 1.48058e-07 1.3612e-05 0.0148347 4.64611e-10 0.0380671 2.90883e-05 0.136198 5.09291e-05 0.00301089 0.00473589 4.89677e-10 0.00891883 1.52672e-05 0.108963 0.00119014 0.000466561 
0.000417587 4.31624e-05 0.0998286 0.0579782 6.37312e-05 1.8116e-08 1.22126e-09 3.12836e-07 0.0381248 0.00535027 3.94875e-12 0.0315795 0.0145505 0.00931827 3.88485e-05 0.000147926 0.000141045 0.00730066 0.000183858 0.003914 9.68223e-05 0.000104425 0.583054 0.00119723 0.0128012 4.80878e-12 0.00793214 0.00078524 0.000517197 0.124206 0.000324121 
1.11802e-05 0.000233879 0.0161302 0.0199112 0.00802626 0.0119359 0.000709874 1.67791e-06 0.0435083 0.0217264 7.40325e-07 0.0218846 0.22563 0.0510557 9.10558e-05 0.0202513 0.00368696 0.0116139 9.07154e-06 0.363105 0.0306211 0.000714813 0.00172937 0.048112 0.085713 2.66556e-06 0.0104957 0.00149293 0.000508367 0.000539778 0.00054784 
0.00923816 0.000982281 0.02636 0.0248047 0.00144654 0.00338676 0.00490125 0.00636201 0.121617 0.00675982 0.00040472 0.0259201 0.0451257 0.0867008 0.00248427 0.00507197 0.00883673 0.414555 0.000548892 0.0132558 0.00715083 0.0118561 0.0200896 0.00920754 0.0206743 0.00398418 0.0312493 0.00471824 0.0333012 0.0226312 0.0263741 
0.000306409 0.00022517 0.000481616 0.000538848 0.00141876 0.000487938 0.000170942 0.00095173 0.321922 0.00131477 1.63378e-07 0.00414056 0.00551735 0.615716 0.000910626 0.00108171 0.000308165 0.0089262 0.00115317 0.00185349 0.000262541 0.0093626 0.00647343 0.00111225 0.00319576 1.98962e-07 0.00136387 0.00147673 0.00868445 0.000162961 0.000479372 
0.000288755 0.0040523 0.000753788 0.0190832 4.46544e-05 0.00143971 0.000375971 1.49948e-05 0.00978985 0.0385402 8.73653e-06 0.000509948 0.000284248 0.00527176 0.0046756 0.000355854 0.00150465 0.687998 0.0100509 0.000630675 2.26278e-05 0.0024768 0.00233255 0.00325087 0.000689183 6.09148e-05 0.0283058 1.88393e-05 0.175617 0.0011059 0.000446367 
2.09108e-06 0.00247138 0.128348 0.0284476 1.60167e-07 0.00221161 2.21595e-07 1.17885e-07 0.0230986 0.023041 4.8055e-08 0.0691901 0.0107252 0.0050305 0.000607645 0.00252703 0.00308154 0.0254556 5.79827e-05 0.524266 0.0879605 0.0204634 0.00487547 0.00291901 0.0152184 1.48258e-07 0.00591122 0.00825285 0.005341 1.00728e-05 0.000485451 
0.000156899 0.000270634 0.590345 0.0888139 3.41787e-07 0.000283984 5.99183e-09 5.08286e-06 0.0170164 0.0144403 5.08318e-09 0.00820446 0.0619266 0.010682 0.000111939 0.00014269 0.00025469 0.0176985 2.77703e-06 0.0581456 0.000172113 0.000853289 0.00544317 0.00410982 0.00825174 6.19028e-09 0.0198838 0.00141473 0.0590471 0.0315443 0.000778424 
4.76868e-06 0.000432155 0.0099517 0.0278243 6.11131e-05 0.00445914 7.1347e-07 2.39574e-07 0.0109482 0.0833057 6.882e-10 7.36139e-05 0.0586792 0.0554218 4.70892e-07 0.00225141 1.55301e-06 0.00320561 7.95187e-10 0.0170116 0.621172 3.87529e-07 0.00281541 4.527e-05 0.0702106 8.38088e-10 0.00906486 0.00389823 0.0185316 0.000164473 0.000463407 
9.7926e-05 0.00027823 0.0189303 0.0979044 0.00035011 0.00450738 0.000219263 0.0174115 0.0504984 0.00705876 2.26416e-05 0.0245374 0.0852295 0.451745 0.00248386 0.00057277 0.00228404 0.0146592 0.00147084 0.0300367 0.00227096 0.0309744 0.0138368 0.00464223 0.0244102 5.67249e-05 0.0231354 0.00131099 0.0548386 0.0293712 0.00485482 
4.16127e-05 0.00297571 0.00559992 0.0322443 5.9046e-07 2.78015e-06 2.57355e-07 1.1749e-06 3.89869e-06 0.0283627 4.90597e-09 4.61005e-06 7.47518e-06 0.166726 0.417089 0.000471112 0.00142987 1.55898e-06 6.81916e-07 0.115981 4.12465e-06 1.72968e-06 0.00185524 0.000488306 0.00804005 4.59598e-08 0.00485073 0.000577632 0.20182 0.0112891 0.000128925 
6.9654e-05 3.01927e-06 0.0493304 0.322158 2.58076e-07 0.000201104 8.62767e-06 5.11842e-07 0.00312077 0.00189021 2.02453e-07 0.0238099 0.005531 0.110688 2.41084e-05 7.6782e-06 1.79399e-05 0.00638721 2.23394e-06 0.00256766 8.26214e-06 9.08701e-05 0.196032 0.043709 0.0112554 1.61109e-05 0.00978971 0.000161346 0.000306983 0.211951 0.000860663 
2.02352e-05 0.00342751 0.217949 0.21563 1.86604e-06 0.000201281 3.07382e-07 8.81571e-08 0.00463547 0.0018642 3.52188e-08 0.0211648 0.00398722 0.0191687 0.00146606 0.00251934 5.41852e-05 0.00313258 0.000207315 0.0430333 3.33499e-05 0.0172539 0.271931 0.00158736 0.0716645 4.55127e-08 0.000253685 0.0190108 0.00347299 0.0748266 0.00150126 
1.49994e-05 8.12064e-07 0.042488 0.257166 0.000326735 1.06549e-07 6.16201e-07 4.01346e-08 0.0309654 0.00226559 7.11086e-11 0.0787861 0.0811821 0.1975 0.00932938 6.28716e-05 1.11162e-06 0.10327 5.47046e-07 0.124765 0.00139428 2.6735e-07 0.00585739 0.00269872 0.00155364 8.65959e-11 0.054995 7.77411e-05 0.0020739 0.00123924 0.00198435 
8.97638e-06 0.00290911 0.0182015 0.0218348 2.54886e-05 3.01689e-05 6.30838e-06 1.26263e-05 0.192124 0.000496045 6.21135e-07 0.100081 0.136911 0.0746661 0.0046792 0.0069798 0.00570771 0.0200088 0.000548024 0.00995876 0.00303018 0.312888 0.00924153 0.00212285 0.0307091 0.000174894 0.00178189 0.000956424 0.0247334 0.0146744 0.00449667 
0.0021593 0.00178322 0.0725788 0.0514677 0.000283315 0.00198579 0.000248097 0.000398492 0.19342 0.00821961 7.47897e-05 0.0191329 0.0248293 0.104421 0.00533089 0.00702358 0.00134463 0.309548 0.00016297 0.0153457 0.00551012 0.0187672 0.0101672 0.00613465 0.0468567 0.00052011 0.0291961 0.00317627 0.0256307 0.0131049 0.0211779 
2.36219e-07 2.44926e-07 8.34844e-05 0.00040534 0.968664 4.18849e-05 2.48285e-09 4.2523e-06 0.0001205 0.0040415 5.09721e-12 0.000127076 0.000231696 0.000327585 2.30412e-08 0.000150011 1.73463e-08 5.66869e-05 7.76985e-08 0.000687772 5.06857e-06 7.95981e-05 0.00339818 5.80798e-09 0.0208095 7.10162e-09 0.000104876 4.48066e-05 8.14605e-05 0.000280527 0.000253371 
0.0477423 0.00747693 0.0303973 0.0246767 1.07613e-05 0.00332165 2.51298e-05 0.000137398 0.399896 0.00284332 3.60379e-08 0.050681 0.00296399 0.024756 0.0010153 0.000890839 5.86318e-06 0.00175224 1.74236e-05 0.0110137 0.00080582 0.0108545 0.0100969 4.0892e-05 0.0711394 4.38868e-08 0.00625762 0.000929487 0.00419768 0.285879 0.000174077 
1.45061e-05 5.30797e-05 0.00489155 0.00192368 0.000181601 6.8073e-05 3.21793e-05 2.64345e-07 0.0427831 0.00018211 1.8805e-08 0.0105504 0.000635084 0.0435496 0.00813033 7.85582e-05 4.66393e-05 0.000925057 3.0636e-06 0.00276524 1.1824e-06 0.872426 0.000151089 4.39893e-05 0.00511087 2.29007e-08 0.000898978 2.15937e-05 0.00332156 0.000292561 0.000918083 
1.194e-07 0.000257958 0.0208248 0.00723375 9.03265e-08 0.00872945 5.17226e-07 1.10425e-07 0.00908415 0.0142956 2.76752e-09 0.00439587 0.0387968 0.0119117 0.000592011 0.00829955 1.91239e-07 0.00702971 7.2492e-07 0.0106826 7.43127e-07 3.47134e-08 0.172672 0.0380438 0.227062 2.32442e-06 6.25205e-05 5.34212e-05 0.419314 5.19633e-07 0.000652009 
0.00564063 0.00166924 0.0328364 0.0533157 0.00192911 0.00580609 0.00117122 0.00147239 0.155222 0.0116908 0.00113231 0.0359962 0.0327495 0.0977335 0.00265821 0.00713711 0.00162515 0.351055 0.00136331 0.0148063 0.00374575 0.0108595 0.0204394 0.00742847 0.0243226 0.00122393 0.0529033 0.00253833 0.0230991 0.0152517 0.021178 
1.9015e-05 0.0148872 0.0145842 0.00232217 0.00959139 0.00398316 1.0389e-06 2.36213e-07 0.0317964 0.00131548 5.8999e-08 0.00291193 0.0011576 0.076243 1.47451e-05 0.00946966 0.000296635 0.00909992 7.88939e-05 0.0033934 0.000399592 0.00116779 0.0019514 0.00202946 0.438773 1.95202e-05 0.000186324 0.0402889 0.332379 0.000704647 0.000933856 
0.000417587 4.31624e-05 0.0998286 0.0579782 6.37312e-05 1.8116e-08 1.22126e-09 3.12836e-07 0.0381248 0.00535027 3.94875e-12 0.0315795 0.0145505 0.00931827 3.88485e-05 0.000147926 0.000141045 0.00730066 0.000183858 0.003914 9.68223e-05 0.000104425 0.583054 0.00119723 0.0128012 4.80878e-12 0.00793214 0.00078524 0.000517197 0.124206 0.000324121 
0.102422 0.000457734 0.00219989 0.024619 0.00246941 0.00958315 3.29657e-05 2.21762e-05 0.128781 0.0222741 1.55176e-07 0.0246881 0.0397348 0.0254306 0.00209857 0.000305398 3.30482e-05 0.507006 3.30666e-05 0.0031024 1.33498e-05 0.000156751 0.0169706 0.00234753 0.013974 3.89893e-05 0.0620264 0.000639257 0.00121515 0.00138547 0.00593786 
2.36219e-07 2.44926e-07 8.34844e-05 0.00040534 0.968664 4.18849e-05 2.48285e-09 4.2523e-06 0.0001205 0.0040415 5.09721e-12 0.000127076 0.000231696 0.000327585 2.30412e-08 0.000150011 1.73463e-08 5.66869e-05 7.76985e-08 0.000687772 5.06857e-06 7.95981e-05 0.00339818 5.80798e-09 0.0208095 7.10162e-09 0.000104876 4.48066e-05 8.14605e-05 0.000280527 0.000253371 
0.0103276 0.000123078 0.0144915 0.0342572 0.000191142 0.00808989 0.440509 0.0881861 0.0111095 0.00672306 2.45815e-05 0.0108813 0.0633449 0.024163 0.00017706 8.7909e-05 4.60826e-05 0.0182192 0.000142366 0.000375417 0.000121685 0.0166805 0.0817928 0.00346359 0.0160006 5.44046e-05 0.00134639 0.000383437 0.10841 0.0106736 0.029603 
4.34969e-07 8.29627e-05 0.0732765 0.0845376 1.23801e-05 0.000892171 3.94005e-08 7.47386e-07 0.00506471 0.0969236 3.34255e-08 0.0112196 0.262438 0.0181082 0.0592992 0.000763246 2.31631e-06 0.00850424 3.35454e-05 0.199583 0.00139388 0.00531559 0.0104663 8.69656e-06 0.072163 4.07054e-08 0.0161945 0.0221862 0.0488042 0.00270253 2.2364e-05 
0.000417587 4.31624e-05 0.0998286 0.0579782 6.37312e-05 1.8116e-08 1.22126e-09 3.12836e-07 0.0381248 0.00535027 3.94875e-12 0.0315795 0.0145505 0.00931827 3.88485e-05 0.000147926 0.000141045 0.00730066 0.000183858 0.003914 9.68223e-05 0.000104425 0.583054 0.00119723 0.0128012 4.80878e-12 0.00793214 0.00078524 0.000517197 0.124206 0.000324121 
1.48126e-06 4.23681e-07 8.89679e-05 0.000449718 0.963987 5.09427e-05 9.91271e-09 6.11069e-06 0.000149327 0.00401607 5.06665e-12 0.000137526 0.000510164 0.000358304 1.23454e-06 0.000191677 6.87245e-07 0.000102784 7.57332e-06 0.000739559 5.0861e-06 0.000136654 0.0077653 2.21189e-06 0.0203822 1.12766e-06 0.000105798 5.43811e-05 9.24447e-05 0.000341845 0.000313691 
0.000417587 4.31624e-05 0.0998286 0.0579782 6.37312e-05 1.8116e-08 1.22126e-09 3.12836e-07 0.0381248 0.00535027 3.94875e-12 0.0315795 0.0145505 0.00931827 3.88485e-05 0.000147926 0.000141045 0.00730066 0.000183858 0.003914 9.68223e-05 0.000104425 0.583054 0.00119723 0.0128012 4.80878e-12 0.00793214 0.00078524 0.000517197 0.124206 0.000324121 
4.53326e-06 0.000130719 0.00843145 0.0426143 3.58796e-07 0.00169323 1.52374e-08 3.25428e-07 0.0603177 0.449865 1.29267e-08 0.01369 4.47268e-06 0.0542024 2.28862e-06 0.00038515 0.00382167 0.000259979 4.19356e-07 0.259665 0.00373238 0.000566883 0.000272168 0.0012073 0.0523513 1.57421e-08 0.0163467 0.000146385 0.0280874 0.000569352 0.00163156 
7.6202e-07 5.58607e-07 0.00981239 0.0155896 1.50405e-05 3.69372e-08 6.22415e-10 0.000199747 0.0603011 0.0270625 5.28027e-10 0.0230334 0.105261 0.00372688 0.00209687 0.000161365 0.000146682 0.668541 5.33438e-07 0.0174594 0.000298016 0.000449834 0.0045964 0.00449752 0.0181443 6.43029e-10 0.018477 0.00115503 0.00140024 0.0162203 0.00135341 
1.12436e-05 0.001931 0.0134723 0.0164287 0.000256106 0.000346998 3.27029e-05 2.17732e-06 0.526386 0.000250466 1.28123e-07 0.193369 0.091735 0.0144222 0.00146521 0.000129642 7.51742e-05 0.0292526 6.78632e-05 0.00550089 0.00763812 0.0516446 0.00673434 0.00828287 0.00519688 0.000223708 0.00266901 0.000501507 0.003984 0.0171944 0.000794924 
2.36219e-07 2.44926e-07 8.34844e-05 0.00040534 0.968664 4.18849e-05 2.48285e-09 4.2523e-06 0.0001205 0.0040415 5.09721e-12 0.000127076 0.000231696 0.000327585 2.30412e-08 0.000150011 1.73463e-08 5.66869e-05 7.76985e-08 0.000687772 5.06857e-06 7.95981e-05 0.00339818 5.80798e-09 0.0208095 7.10162e-09 0.000104876 4.48066e-05 8.14605e-05 0.000280527 0.000253371 
0.000151525 1.70642e-07 0.00651896 1.39952e-06 1.68637e-05 3.14991e-07 5.86453e-08 1.24559e-07 0.00594722 3.50565e-08 4.51879e-11 0.157549 3.23466e-06 0.00368437 1.71829e-06 1.95326e-07 4.77341e-07 2.4057e-07 5.22127e-11 0.00232941 0.000583303 0.598143 3.39493e-07 0.00535092 1.98503e-08 5.50296e-11 6.08523e-07 0.000501731 0.209101 0.0101127 1.98998e-07 
3.49468e-08 0.00201362 0.267391 0.0304246 1.87005e-05 7.70968e-05 3.83681e-05 4.18239e-06 0.0459708 0.0243825 4.6924e-10 0.00334685 0.006192 0.276084 0.063091 1.26002e-07 0.00139473 0.00160674 6.53126e-05 0.0512436 0.000131519 0.0173923 1.00161e-07 0.0457664 0.00478761 5.71439e-10 0.00189645 0.000289746 0.154443 1.06618e-07 0.00194823 
0.00807799 1.24902e-05 0.0186256 0.0180407 1.99773e-05 0.310712 2.04959e-08 1.23683e-06 0.00123173 0.073323 1.73878e-08 0.00748694 9.95724e-05 0.00566029 0.00302876 0.00235431 0.000136086 0.00193168 0.00174498 0.133474 6.65721e-07 0.00234529 0.000216832 0.0443215 0.280791 2.11748e-08 0.0555354 0.00708775 0.00207861 0.0214239 0.000237727 
1.08908e-05 0.000393856 0.0455667 0.0247837 0.000739457 0.0683329 0.000105995 2.67484e-05 0.0659328 0.0139206 5.26384e-06 0.00440762 0.00546433 0.098942 1.29118e-05 0.00151216 1.29934e-05 0.00693258 5.93197e-05 0.00495322 0.0115197 0.189863 0.000222804 0.243958 0.125759 5.89359e-06 0.049929 0.0204048 0.00544565 0.00705293 0.00372287 
2.36219e-07 2.44926e-07 8.34844e-05 0.00040534 0.968664 4.18849e-05 2.48285e-09 4.2523e-06 0.0001205 0.0040415 5.09721e-12 0.000127076 0.000231696 0.000327585 2.30412e-08 0.000150011 1.73463e-08 5.66869e-05 7.76985e-08 0.000687772 5.06857e-06 7.95981e-05 0.00339818 5.80798e-09 0.0208095 7.10162e-09 0.000104876 4.48066e-05 8.14605e-05 0.000280527 0.000253371 
0.00250444 0.0151276 0.0303224 0.0254401 0.00360934 0.0577798 0.000941538 0.0018938 0.00799794 0.034687 0.000406182 0.00535978 0.00548285 0.0269395 0.000610273 0.0562655 0.0018279 0.00692097 0.00534488 0.0233666 0.00501623 0.0044765 0.0179093 0.0167771 0.439117 0.000427202 0.0063263 0.150104 0.0194447 0.022891 0.0046817 
5.9035e-06 0.00343739 0.0873717 0.123307 3.42403e-05 0.00962679 6.86189e-05 6.57512e-06 0.0332309 0.0562878 2.39539e-06 2.47789e-05 0.0101275 0.0354373 0.0046455 0.00404984 0.0189039 0.0170668 2.25854e-05 0.0656498 0.00775913 6.82257e-05 0.000464395 0.00759881 0.0183413 2.9171e-06 0.468071 3.7043e-05 0.00791754 0.0199993 0.000432291 
1.49134e-06 1.00426e-06 0.00289034 0.0133474 2.57294e-06 0.000909689 5.69071e-08 1.51469e-05 0.000556504 0.000159097 4.82772e-08 0.914804 0.036549 0.00157837 0.019048 1.13278e-05 0.000463471 1.73745e-06 0.00262173 0.000481468 3.33719e-05 0.000158172 8.57044e-08 0.00133336 0.000336087 5.87919e-08 0.00291141 1.21086e-05 0.00123865 0.000218462 0.000315905 
0.0911175 0.000205912 0.0205955 0.0941076 0.000213751 0.000470658 1.17478e-05 1.28436e-05 0.0428264 0.00706866 4.92703e-06 0.016467 0.00268484 0.0670842 0.00114344 0.00715369 3.08751e-05 0.020298 0.000314129 0.00415352 0.000207364 0.0176312 0.0161802 0.42854 0.0994455 2.95917e-05 0.00143913 0.0121193 0.0342262 0.00666354 0.00755308 
0.000117679 0.00163839 0.00235034 0.249584 1.71207e-05 0.000509492 7.14906e-06 1.68049e-05 0.279385 0.00379216 1.14927e-06 0.112416 0.106431 0.0206037 0.000778281 5.54957e-06 3.22317e-05 0.151329 3.08072e-05 0.00684327 6.55417e-06 0.000287097 0.00341694 0.00521834 0.0204482 8.4104e-06 0.0076855 0.000645375 0.000628571 0.0210945 0.00467227 
0.000417587 4.31624e-05 0.0998286 0.0579782 6.37312e-05 1.8116e-08 1.22126e-09 3.12836e-07 0.0381248 0.00535027 3.94875e-12 0.0315795 0.0145505 0.00931827 3.88485e-05 0.000147926 0.000141045 0.00730066 0.000183858 0.003914 9.68223e-05 0.000104425 0.583054 0.00119723 0.0128012 4.80878e-12 0.00793214 0.00078524 0.000517197 0.124206 0.000324121 
0.00276125 0.000163398 0.459049 0.0606949 7.3375e-05 0.000574419 0.0148205 0.00546348 0.0603602 0.00109045 6.15452e-06 0.0175713 0.0434036 0.054924 0.00137356 0.000379405 0.00105199 0.0234129 4.59838e-05 0.00812594 1.18606e-05 0.0923551 0.0631401 0.012989 0.0118832 0.000303876 0.00330071 0.000176514 0.0411894 0.00901272 0.0102915 
2.36219e-07 2.44926e-07 8.34844e-05 0.00040534 0.968664 4.18849e-05 2.48285e-09 4.2523e-06 0.0001205 0.0040415 5.09721e-12 0.000127076 0.000231696 0.000327585 2.30412e-08 0.000150011 1.73463e-08 5.66869e-05 7.76985e-08 0.000687772 5.06857e-06 7.95981e-05 0.00339818 5.80798e-09 0.0208095 7.10162e-09 0.000104876 4.48066e-05 8.14605e-05 0.000280527 0.000253371 
0.0143226 1.43968e-06 0.71341 0.0566197 3.46894e-07 0.000258956 5.01097e-11 1.41127e-07 1.66624e-07 0.0166498 4.25106e-11 4.90697e-07 0.00225606 0.0101289 3.11395e-05 2.81279e-08 2.14392e-07 0.00112312 0.000879041 0.0163044 9.27781e-08 0.000936755 2.16427e-07 0.124838 0.00231163 5.17693e-11 0.00364481 1.96412e-07 0.0362811 1.22098e-06 2.77518e-08 
1.2462e-06 2.36489e-05 0.233128 0.61255 2.838e-05 0.000234631 6.23335e-09 6.56942e-06 0.00335171 6.76891e-05 5.28807e-09 0.00431053 0.0508827 0.00912553 5.74668e-05 1.06996e-05 4.91431e-07 0.0301583 4.32322e-07 0.000251887 1.32746e-05 0.00463676 0.00142044 0.000260031 0.000963635 6.4398e-09 0.00607781 7.16927e-06 0.0102422 0.0304623 0.00172633 
6.28424e-06 2.65499e-06 0.0168137 0.0568412 4.26107e-07 0.00125001 2.8283e-06 2.47914e-06 0.00277109 0.000919785 2.53933e-08 0.120607 0.0422439 0.0208451 0.000476725 1.06177e-05 0.000329374 0.484333 0.0041908 0.00326719 0.0133344 0.000975558 0.000160703 0.184186 0.00309739 5.34845e-07 0.0190904 0.00149283 0.0224349 0.000309374 4.58844e-06 
0.00549682 0.00019685 0.0126148 0.0169909 0.000526997 0.000749487 0.000255928 0.0261008 0.440645 0.00461368 0.000194716 0.0320998 0.0525824 0.2324 0.0125054 0.0152454 0.00256895 0.0335199 0.000462367 0.00350821 0.000494315 0.0341382 0.0124134 0.0052621 0.0100524 0.000761517 0.00879607 0.000508462 0.0146652 0.00832297 0.0113064 
0.00148648 0.0712238 0.0116529 0.0754463 0.00101896 0.0241067 0.000165041 0.0337094 0.0196556 0.0207587 0.000118162 0.0239985 0.0174492 0.0328353 0.000251805 0.0291676 0.000842982 0.036894 0.00131963 0.0145692 0.00138678 0.043929 0.0108846 0.0152352 0.387998 0.000331489 0.0027572 0.0317521 0.0549253 0.0111087 0.0230215 
4.76868e-06 0.000432155 0.0099517 0.0278243 6.11131e-05 0.00445914 7.1347e-07 2.39574e-07 0.0109482 0.0833057 6.882e-10 7.36139e-05 0.0586792 0.0554218 4.70892e-07 0.00225141 1.55301e-06 0.00320561 7.95187e-10 0.0170116 0.621172 3.87529e-07 0.00281541 4.527e-05 0.0702106 8.38088e-10 0.00906486 0.00389823 0.0185316 0.000164473 0.000463407 
0.00182125 3.50365e-05 0.0111482 0.301849 8.32974e-08 0.00174595 5.84735e-08 1.19845e-06 0.115917 0.00272777 1.39043e-09 0.0151769 0.0167799 0.135602 0.00494974 0.000622975 0.000598216 0.00475531 5.47915e-08 0.127759 4.93337e-08 0.00484279 0.00067655 0.00126495 0.0998708 1.69326e-09 0.108683 0.000636665 0.0422977 0.000190116 4.67356e-05 
0.0361747 0.00223944 0.0576209 0.0712248 0.0118043 0.00315252 5.05902e-11 0.000128929 0.0254111 0.0267118 4.29183e-11 0.0991306 0.17292 0.064821 0.00161547 0.000327282 3.02183e-05 0.0451106 0.000286012 0.029711 0.00319903 0.0949945 0.00349633 0.102485 0.0291359 8.61942e-06 0.00842854 0.0313245 0.0269198 0.0476117 0.0039757 
2.75436e-05 1.30918e-07 0.0186504 0.14792 2.13822e-05 0.00270312 9.39435e-11 5.82162e-05 0.0967681 0.00347487 7.96971e-11 0.00926046 0.019491 0.215443 0.00113145 0.00600561 0.000786256 0.0475119 8.08457e-08 0.00867408 0.0324652 0.000177541 0.00283 0.00551112 0.0131286 1.64643e-07 0.27381 1.33128e-05 0.0926797 0.000419343 0.00103732 
0.0319446 0.0431902 0.00237567 0.120607 2.02318e-05 0.00464625 2.5953e-08 1.01019e-05 0.431619 0.0158127 2.20172e-08 0.00861942 0.00102085 0.160445 0.00225939 0.0213319 3.41767e-05 0.00482657 1.56175e-05 0.00688155 0.000403241 0.00178918 0.000660203 0.00138609 0.0575898 5.67353e-07 0.0163722 0.000582317 0.0375576 9.25334e-07 0.027997 
0.156875 0.00355832 0.128085 0.0714696 0.000294886 0.00182695 1.40663e-05 1.98332e-05 0.0195809 0.00290931 4.47314e-07 0.00901157 0.029672 0.00241249 0.00139709 0.000160391 0.000129724 0.00953852 0.000139094 0.00299943 2.9935e-06 0.011143 0.495808 0.00587871 0.00874049 0.000175653 0.00467056 0.000188624 0.00254932 0.0282592 0.0024889 
0.00176469 0.000288444 0.171626 0.158712 0.000467918 0.00290449 0.000227018 0.00074032 0.0337605 0.00815214 0.000169728 0.0566452 0.186992 0.116667 0.00513071 0.0141224 0.0010962 0.0217677 0.00224527 0.0361313 0.000784881 0.0451229 0.0187657 0.0321582 0.0186812 0.000466247 0.00954776 0.00299624 0.0115371 0.0332538 0.00707528 
0.000195702 0.000119574 0.0622697 0.00187883 3.57788e-05 0.00372462 0.000976532 0.000152075 0.0124221 0.0358229 5.96921e-07 0.0275602 0.0156605 0.00647498 0.000191475 0.00669028 0.000279328 0.0190686 0.0437913 0.0455387 0.48012 0.00425871 0.00318305 0.00972826 0.165525 0.00481821 0.00340311 0.0191554 0.0202469 0.00345461 0.00325286 
