2.76151e-05 0.00155089 0.0274456 0.0823533 0.00341798 0.00754315 1.46963e-05 1.64847e-07 0.0252343 0.0739486 0.000144567 0.0746366 0.00219461 0.0125737 0.00556567 0.016331 6.28773e-05 0.00150932 3.88393e-07 0.35981 0.00186325 0.00353427 1.42748e-07 0.0301717 0.141581 0.0345207 0.015929 0.0109477 0.0648508 0.00141353 0.000822973 
9.65863e-07 1.82889e-07 7.00104e-05 7.33555e-06 2.73026e-06 1.44426e-05 2.68373e-07 0.000117101 4.64234e-05 0.0550039 2.73735e-05 0.000227793 1.56385e-05 0.000163468 3.10229e-05 0.0248124 8.26194e-05 3.73926e-05 2.63068e-07 0.856052 0.00320074 0.0138046 3.37133e-05 0.00239181 0.0397007 2.77261e-07 5.47791e-06 0.00258816 0.00147845 3.20344e-05 5.01511e-05 
0.00010224 0.00201421 0.0874853 0.0361631 4.6784e-05 0.0254119 1.96907e-05 4.92225e-05 0.0057205 0.0703433 2.73564e-05 0.0307706 0.0420918 0.0772484 0.000269801 0.0315059 0.000136706 0.00350326 0.00311355 0.253773 0.00317593 0.0155207 0.00330974 0.00899512 0.242019 2.82315e-07 0.00804707 0.00491634 0.0319409 0.0109735 0.00130486 
0.00194443 0.0294358 0.0186652 0.00124326 0.000266068 0.00115543 2.19756e-05 1.22987e-08 0.0530645 0.00132692 0.000238532 0.0114618 0.0102288 0.0153613 8.53364e-05 0.00490236 0.000437226 0.0142636 2.61046e-06 0.312141 9.73595e-05 0.0019577 0.0186756 0.000605121 0.18097 1.84793e-08 3.85994e-05 0.280176 0.0164286 0.0104528 0.0143522 
6.57705e-08 0.000194907 4.09408e-08 0.00877339 2.01453e-07 0.172332 0.000208161 2.87273e-07 0.00190602 0.116502 0.000617192 0.00317268 5.09799e-05 0.00408478 2.22769e-07 4.1745e-08 0.000101127 0.0292224 4.09543e-07 0.531109 2.83585e-07 9.66184e-08 0.000585742 0.000210989 0.0780181 4.31638e-07 0.00980041 0.0015147 0.0394561 4.40318e-06 0.00213255 
4.17823e-06 1.98568e-11 0.0718779 0.191463 1.7708e-08 0.00125757 1.10789e-07 9.59751e-06 0.0294263 0.00746144 0.000657441 0.0198135 0.000123299 0.122903 0.000457735 0.00112726 3.71837e-05 0.0556354 0.000365561 0.405299 5.7139e-05 0.00038197 3.75901e-09 0.0050418 0.000938929 0.00134117 0.0153248 5.92055e-06 0.0398284 0.02485 0.00430954 
2.13806e-08 7.3548e-08 0.13643 0.0912407 1.10086e-05 0.000887855 4.71251e-11 1.22255e-08 0.0143252 0.0025875 1.07329e-05 0.0203885 0.00374669 0.0105615 0.000225759 0.0219612 8.05697e-08 0.000287745 3.9911e-08 0.678119 0.000223765 2.93154e-08 1.05009e-06 0.000597535 0.00527373 4.86859e-11 0.00144373 0.000143246 0.000331661 0.0112009 8.49432e-09 
6.05646e-05 0.000481042 0.0536294 0.0810676 0.00393388 0.0828072 4.55116e-09 1.03414e-05 0.0162879 0.119564 0.000325869 0.00832666 0.00104896 0.0441849 0.00741924 0.0205345 0.00187052 0.0068348 0.00209782 0.287657 0.000397494 0.00108682 0.00538697 0.00577604 0.177099 3.44457e-07 0.000816302 0.0038291 0.00113184 0.057028 0.00930572 
0.0183358 0.0268071 0.00749492 0.00426575 0.000324722 0.00593583 1.01984e-07 3.67012e-07 0.000436753 0.0593563 1.1383e-05 0.000270137 0.000238296 0.000280704 3.55619e-06 0.245724 1.25716e-05 0.000599569 0.000846597 0.331034 1.59655e-09 0.000406851 0.00194342 0.0555981 0.0734264 2.43007e-09 0.00160295 0.086186 0.068911 0.00639709 0.00354962 
0.000138416 0.00146881 0.00877057 0.0270177 0.00414387 0.00547131 8.2191e-05 0.000137271 0.00961587 0.0424766 0.000654042 0.00889207 0.0171529 0.0423967 0.00132121 0.0327706 6.11661e-05 0.00503821 0.000991887 0.386859 0.00734758 0.00143737 0.0273491 0.00825825 0.166326 0.000611361 0.00371482 0.00127405 0.174409 0.0112776 0.00253497 
4.22456e-06 0.000499389 0.00935852 0.0768475 8.5781e-07 0.0313782 0.000334784 4.38757e-05 0.00742103 0.0115891 0.000112109 0.00137638 0.00201303 0.14026 0.0205693 8.87897e-06 1.15542e-05 8.33265e-05 0.00169475 0.346593 3.3117e-07 0.00891153 0.0301965 0.0268218 0.210035 5.04066e-07 0.0021119 0.0250974 0.0267763 5.66688e-05 0.0197922 
0.000266843 9.31695e-05 0.0374314 0.0240659 4.86363e-06 0.00254687 4.2573e-05 6.57295e-08 0.00668568 0.0608514 0.000108278 0.0130179 0.00572316 0.0553247 0.000252047 0.0464794 0.000200418 0.0111969 0.00270351 0.545743 0.000237055 0.0611266 0.00414103 0.00519554 0.0405264 4.6562e-06 0.00943112 0.000700768 0.0545278 0.0065553 0.00481544 
1.38719e-05 0.00455747 0.232966 0.0217893 0.00766305 0.000827131 2.02004e-11 9.19088e-05 0.0260576 0.0401 1.26105e-05 0.0412058 0.0184264 0.00639749 0.000100404 0.0771237 7.79514e-05 0.000831711 0.000230988 0.311311 0.00189312 0.00196118 0.0150076 0.0549571 0.0761949 1.63305e-09 0.00255315 0.00538699 0.000394791 0.0518533 1.3243e-05 
3.60703e-06 3.2648e-06 0.0614179 0.0265187 0.00149053 9.11746e-06 5.16131e-05 1.54382e-07 0.00133048 0.149751 1.48251e-05 0.00525111 8.20564e-07 0.0182279 6.53599e-07 7.43717e-05 3.31021e-07 0.00141224 0.000117624 0.681342 1.78078e-05 0.000151295 0.000561368 5.23907e-05 0.0330433 3.14564e-09 0.000126854 0.000324833 0.0126819 0.0058531 0.000169644 
1.36463e-06 0.0107137 0.110467 0.01799 8.06999e-06 0.00012526 2.31369e-07 2.54836e-09 0.0624441 0.0139449 1.90425e-07 0.00704651 0.271779 0.0728003 0.0199658 0.00459639 1.64664e-06 0.0220635 3.22904e-07 0.284283 0.00256991 0.0134642 0.00281206 0.000551145 0.061497 9.36922e-11 0.00209511 0.0009906 0.0165042 0.00128064 3.48399e-06 
0.000109179 0.000597593 0.000685832 0.0199782 8.71421e-08 0.0288728 1.35277e-05 0.000188931 0.00225623 0.0523992 0.00593652 0.000228459 7.21496e-05 0.010055 0.0289561 0.000900118 6.24948e-06 0.02434 0.000322472 0.295966 0.00300578 0.000155989 0.00104528 0.0397882 0.239542 1.5518e-05 0.000149371 0.0825157 0.154195 0.00643206 0.00127147 
5.65622e-06 7.48097e-07 0.0361278 0.0441792 9.42102e-06 2.09006e-06 8.21944e-05 3.46034e-08 0.00221189 0.249498 2.27552e-05 0.00874014 1.85791e-07 0.0303639 1.49548e-07 0.000122457 7.55885e-08 0.00234533 0.000189945 0.547319 2.58655e-05 0.0002491 0.000930595 8.52777e-05 0.0550517 1.55134e-10 0.000209022 0.000536037 0.0211164 0.000295407 0.000279041 
1.29133e-05 5.20273e-08 0.175507 0.0742653 5.60043e-09 8.47959e-08 1.5068e-11 1.22087e-08 0.00945818 0.0392 6.50298e-05 0.00798007 0.00194615 0.223869 7.61303e-08 0.000322397 1.20431e-08 0.00516937 0.00140813 0.378574 1.32944e-05 0.00572669 0.000220827 0.000212299 0.0633905 1.55671e-11 0.000852874 0.000214648 0.0115897 5.62075e-07 8.8547e-09 
0.000375651 0.00417922 0.126611 0.0393666 0.000665606 0.00121932 0.000155428 1.82943e-05 0.0722925 0.0259331 0.000159529 0.124388 0.0471532 0.090454 0.0298067 0.00650434 0.000180597 0.015296 0.00177102 0.148982 0.0325136 0.0398185 0.00273252 0.00821484 0.0252897 0.000167623 0.0291086 0.00191326 0.0810511 0.040249 0.00342942 
1.23484e-06 0.00214116 0.0115746 0.0276512 1.37554e-06 0.001814 2.81297e-05 4.90325e-05 0.00302708 0.00278855 1.94966e-06 0.10859 0.193099 0.00620533 0.00167868 0.0084203 5.15e-05 0.000866996 2.82052e-07 0.523893 0.000216213 0.0280435 8.28135e-05 0.000424636 0.0366321 2.97269e-07 0.0291057 7.99429e-05 0.00227001 0.00219036 0.00907141 
2.7228e-06 1.56306e-07 4.62147e-08 5.41623e-08 1.39971e-08 0.00737361 3.08772e-09 1.98104e-10 0.000416159 0.00120079 2.96242e-07 1.70986e-05 3.2076e-06 2.21702e-05 6.02348e-06 0.0370461 1.57427e-10 0.000529232 2.82421e-10 0.869 2.33074e-07 4.97443e-05 7.91493e-11 0.00018064 0.0784421 4.62544e-06 1.58536e-06 0.00565616 3.55742e-11 4.69461e-05 7.47439e-11 
1.38812e-06 0.00185851 0.00304078 0.0145564 1.06071e-09 0.0889358 2.19983e-09 1.51257e-09 0.0103959 0.0209578 1.39372e-06 0.00312862 0.00639246 0.00831645 1.44455e-05 0.0298125 0.000974809 0.000157185 0.00224086 0.515556 0.00246854 0.00271562 0.000168006 4.03435e-05 0.254428 2.27269e-09 0.00335658 0.0281183 0.00106179 0.0012509 5.08435e-05 
8.93348e-11 3.86729e-10 5.56091e-11 6.06243e-07 2.7363e-10 1.62947e-08 5.67489e-10 3.51567e-07 0.0334123 1.71767e-06 3.37483e-07 8.19485e-11 1.84998e-06 6.61337e-07 3.02583e-10 0.000587336 3.10077e-10 5.17191e-07 4.45575e-07 0.456241 1.34854e-06 0.00310035 1.04466e-06 8.29394e-06 0.278987 5.86285e-10 1.00202e-10 2.093e-06 0.143829 0.0837991 2.35112e-05 
6.2689e-11 0.109589 2.69295e-07 0.0895741 1.92014e-10 0.298282 5.97736e-07 2.73813e-10 0.0350953 0.00317062 3.37835e-10 0.0574333 2.03345e-05 2.23105e-11 1.76875e-05 4.42098e-05 2.17591e-10 0.000740446 3.90354e-10 0.349927 2.70298e-10 9.20915e-11 8.6435e-07 2.40648e-06 0.0558335 2.92145e-06 0.000264308 1.38546e-10 4.17991e-07 6.9565e-11 9.71211e-07 
0.0304948 0.0001264 0.162144 0.0445764 1.02664e-05 0.00411878 2.34235e-07 2.31151e-06 0.00274743 0.192724 0.000174316 0.0202642 0.0106302 0.0143107 0.000417533 0.00416176 0.000166619 0.00176448 1.55091e-06 0.306681 1.95088e-06 0.00564815 0.0090149 0.0484414 0.0761155 5.66855e-10 0.00507682 0.00315999 0.0462004 0.0105223 0.000301312 
5.37888e-08 0.000220815 0.0168298 0.0217908 8.2558e-08 0.0168164 3.09724e-07 2.56915e-07 0.00202725 0.0350769 1.7237e-07 0.00115636 0.0797502 2.38828e-05 0.0515516 0.0253388 2.55894e-05 0.00629979 1.17568e-05 0.66669 3.64906e-05 0.0055441 0.000935877 0.00629567 0.0432106 4.73986e-07 0.00171144 6.14631e-05 0.0113971 0.00704221 0.000153715 
7.17325e-05 0.000193423 0.148987 0.0391187 2.93589e-06 0.0102566 1.74932e-09 4.03739e-06 0.0245598 0.0114086 0.000468689 0.0438415 0.0111669 0.08288 0.000249204 0.051371 0.000197043 0.002799 8.24148e-05 0.225141 0.000772558 0.0363286 0.0380617 0.0140372 0.109847 1.68935e-07 0.0017383 0.00360144 0.0121318 0.129072 0.00161009 
6.65429e-06 0.000844571 0.0742154 0.0703722 0.000122976 0.00133338 1.84875e-05 9.18577e-05 0.0178883 0.00514081 0.00105514 0.0267137 0.017405 0.209852 0.000215933 0.00011035 1.02773e-05 0.000314544 0.000405536 0.229384 0.000260038 0.0765335 0.000613109 0.0182819 0.092607 3.15859e-07 0.000767907 0.0148646 0.134321 0.00355922 0.00268986 
0.000111053 0.000394674 0.0157301 0.0745041 4.28973e-07 0.000669625 1.67035e-07 3.54214e-05 0.0359875 0.00144232 0.00488183 0.00338216 1.65387e-05 0.135726 0.00186762 0.000216473 0.000222898 0.0159197 0.000112675 0.530043 0.000219852 0.000195391 3.91533e-05 0.000871561 0.00324926 0.00825473 0.00337925 1.73974e-05 0.153161 0.00133012 0.00801877 
4.31845e-05 9.14459e-06 0.0160218 0.0761547 7.10941e-09 0.0772121 2.80178e-05 9.74628e-07 0.0615073 0.083529 0.00976315 0.0547097 0.0829644 0.0296133 0.00978169 8.6752e-05 0.00745109 0.0266668 0.00312937 0.157751 0.000823837 0.0227023 0.00111486 0.00412523 0.0856222 1.52704e-06 0.0704729 0.000731177 0.10694 0.00477782 0.00626426 
0.000163853 6.38751e-05 0.0122959 0.0103921 9.02656e-05 0.000785128 3.6524e-06 3.16866e-08 0.00183043 0.177032 5.50821e-07 0.0077578 0.00228018 0.0040112 0.00079895 0.0508344 0.00140011 0.00278668 0.00653625 0.317812 0.000162059 0.000616366 0.0320114 0.00553578 0.248963 4.02321e-09 0.00594069 0.0667348 0.0288153 0.014102 0.000242474 
2.7228e-06 1.56306e-07 4.62147e-08 5.41623e-08 1.39971e-08 0.00737361 3.08772e-09 1.98104e-10 0.000416159 0.00120079 2.96242e-07 1.70986e-05 3.2076e-06 2.21702e-05 6.02348e-06 0.0370461 1.57427e-10 0.000529232 2.82421e-10 0.869 2.33074e-07 4.97443e-05 7.91493e-11 0.00018064 0.0784421 4.62544e-06 1.58536e-06 0.00565616 3.55742e-11 4.69461e-05 7.47439e-11 
0.0135292 0.000986759 0.00549785 9.82532e-05 0.13109 0.000429801 0.000120788 1.76986e-07 0.00097335 0.0309943 0.00280349 0.0011767 0.00083433 0.021518 0.005854 0.000174089 7.84055e-05 0.000728926 4.38544e-05 0.41871 0.000873353 0.0137538 0.0238889 0.0183005 0.130139 2.65929e-07 4.7542e-05 0.00015449 0.142375 0.00599669 0.0288286 
3.15785e-09 6.72557e-06 2.16641e-05 0.0130832 9.67241e-09 0.001081 2.00599e-08 1.37929e-08 0.00011579 0.0265374 1.70179e-08 2.89676e-09 0.00375057 1.12386e-09 1.06959e-08 0.00441719 1.09608e-08 4.57108e-05 1.96635e-08 0.934426 6.20862e-05 5.3001e-06 0.00451689 0.00527336 0.00620183 2.07243e-08 6.57403e-07 3.98401e-06 0.000450298 3.50422e-09 2.12999e-07 
6.03065e-07 0.0174689 0.115201 0.106881 6.02627e-07 0.0744576 6.01925e-07 0.000422246 0.019905 0.0877407 6.0213e-07 0.0108561 0.0177293 0.0535048 0.00994277 0.0105556 0.00494139 0.0112166 0.0108357 0.193454 6.0236e-07 0.00156831 0.00337687 6.02802e-07 0.163526 6.0188e-07 0.00597068 0.0222442 0.033232 0.0173682 0.00759749 
5.93865e-05 1.75451e-06 0.00104616 0.141085 5.15002e-07 0.0465717 3.26079e-06 1.85098e-06 0.00163014 0.151997 0.00465084 0.00976168 0.0066335 0.0086472 0.02885 3.05077e-05 0.000260419 3.60507e-06 1.28854e-08 0.217824 0.000169365 3.03989e-09 0.000880568 0.0114386 0.0755201 1.35806e-08 0.0834082 0.123293 0.0786189 0.00127628 0.00633624 
1.91823e-07 6.59821e-07 0.296772 0.0115565 1.89067e-05 8.26175e-07 1.37045e-10 0.000159207 0.0483916 8.18752e-05 0.000202919 0.034825 0.000434272 0.0491283 6.62976e-07 0.000999791 7.22872e-07 2.11816e-07 1.34336e-10 0.470779 5.47402e-06 0.000757242 0.000443612 2.06922e-06 0.00437439 1.41584e-10 0.000486559 1.31844e-06 0.00410036 0.0764504 2.63091e-05 
0.00017904 0.00246732 0.0713414 0.0288697 1.5659e-05 0.00993587 0.140432 5.56436e-06 0.00857778 0.0245138 0.000468246 0.0201108 0.0391038 0.0222901 0.0104608 0.0371067 0.000134076 0.0041982 0.000100831 0.316112 0.00231623 0.0156175 0.0152948 0.00535845 0.138187 4.58818e-08 0.0121612 0.0022094 0.0213405 0.0420772 0.00901392 
0.00413376 0.000489883 0.049913 0.101935 0.000428459 0.00259959 0.000186133 1.88316e-05 0.1234 0.0134188 0.000359837 0.0435117 0.038279 0.133524 0.00479609 0.0106412 0.000506762 0.121819 0.000500723 0.15612 0.000836623 0.0217572 0.0342036 0.0178301 0.0156154 1.06107e-05 0.0214728 0.00129269 0.0250613 0.0508643 0.00447345 
8.91436e-06 0.000412408 5.1791e-05 0.01086 0.00282214 0.00521403 0.000140108 8.65638e-06 0.0100235 0.00542341 0.0104601 0.0111533 0.000119885 0.022197 0.00102654 0.00199628 0.00501208 0.0231357 1.36118e-07 0.501353 0.000628555 0.00452073 0.00174816 0.0623465 0.0534818 0.00190171 0.0311534 0.000349205 0.175186 0.0254701 0.0317947 
8.14971e-06 0.000529998 0.0455068 0.0240976 8.02784e-05 0.000424049 0.00576293 0.000143327 0.0168239 0.0238834 0.0052659 0.0134438 0.00365745 0.0711349 0.00360189 0.00111527 1.37787e-05 0.00130777 0.000201186 0.498065 3.05269e-05 0.032233 0.0113491 0.0062301 0.0365026 7.8613e-05 0.0027275 0.0014724 0.172921 0.0133341 0.00805345 
9.07277e-05 0.000767848 0.00299104 2.21607e-11 0.000258227 4.56597e-07 2.57248e-10 4.79936e-08 0.0421205 0.013239 0.000448861 0.00170651 4.64415e-07 0.136965 4.97589e-07 0.177938 0.00044445 1.58856e-06 0.0172929 0.195228 0.00133586 0.0306497 0.0391428 0.0165617 0.162595 2.65768e-10 0.0416247 0.11112 0.00454497 0.00169177 0.00123939 
3.65753e-06 0.000197368 0.0247426 0.0107912 3.44711e-07 0.00545728 1.693e-09 3.29216e-07 0.001133 0.0120932 3.73826e-08 0.00655373 0.00197551 0.0013013 0.000553122 0.100311 4.93081e-05 0.00341178 0.000383888 0.529782 0.000250476 0.000101541 0.00149452 0.000644107 0.267879 8.82351e-10 0.00247747 0.00364655 1.51296e-05 0.0247338 1.61553e-05 
2.7228e-06 1.56306e-07 4.62147e-08 5.41623e-08 1.39971e-08 0.00737361 3.08772e-09 1.98104e-10 0.000416159 0.00120079 2.96242e-07 1.70986e-05 3.2076e-06 2.21702e-05 6.02348e-06 0.0370461 1.57427e-10 0.000529232 2.82421e-10 0.869 2.33074e-07 4.97443e-05 7.91493e-11 0.00018064 0.0784421 4.62544e-06 1.58536e-06 0.00565616 3.55742e-11 4.69461e-05 7.47439e-11 
1.70861e-05 0.00226777 0.00633094 0.00365549 0.000108894 0.00588308 2.02726e-05 1.72887e-05 0.0345771 0.049704 2.07698e-05 0.00602063 0.00195578 0.181729 0.000283308 0.0015938 5.88649e-07 1.16092e-06 1.71192e-06 0.392138 0.000147404 0.122404 0.00113467 0.000355403 0.0795975 8.09157e-08 0.00241501 0.00647619 0.0519416 0.0355847 0.0136166 
3.24367e-06 0.0293345 0.0095607 0.0226744 1.33424e-05 0.0437876 0.000258979 6.41992e-08 0.0611998 0.0526198 0.0381682 0.0122936 0.000375175 0.0430738 0.00169083 0.00133961 0.00143744 0.0137642 9.15239e-08 0.240948 0.00600856 0.00459056 0.0129663 0.0289793 0.174297 8.90627e-06 0.0249222 0.00106986 0.165987 0.00768258 0.000944432 
1.40137e-05 1.36861e-09 0.196929 0.28133 1.46408e-05 0.00315004 2.0083e-09 1.05668e-05 0.000890466 0.0235806 5.50808e-05 0.00374268 0.000355526 0.0330497 1.32338e-06 0.000179294 1.88002e-07 0.0295474 0.000439956 0.337933 0.0032811 0.00202128 0.000155067 0.00998169 0.0578045 2.82922e-06 0.00035138 0.00153981 0.0131823 0.000456064 6.33003e-08 
0.00273683 0.000593382 0.052042 0.177479 0.000166223 0.00337633 4.55419e-05 3.81867e-06 0.18206 0.0284306 6.72383e-05 0.0562096 0.0510119 0.0621754 0.020935 0.0231466 0.000406899 0.0167846 0.0011478 0.219265 0.00368271 0.000773778 0.00239779 0.0219566 0.0310109 5.0097e-06 0.0120059 0.00124228 0.00218483 0.0206103 0.00604641 
2.97284e-05 0.00380677 0.000741582 0.0207151 2.62786e-09 0.0015632 5.70175e-05 5.38796e-06 0.0303976 0.0326423 0.0042231 0.00613369 0.029645 0.126227 0.000108971 0.000227821 0.000109708 0.00227901 1.56675e-05 0.297549 0.00190183 0.0171134 0.000144135 0.0466234 0.092491 0.000139881 0.0150883 0.000666362 0.211063 0.0555254 0.00276651 
3.85085e-05 0.000448933 0.108691 0.00989488 9.85335e-06 0.00177242 1.8642e-10 1.34554e-07 0.0485234 0.072801 1.51405e-05 0.0368606 0.045383 0.00546834 0.0225479 0.000217316 0.000644778 0.00275933 0.000747387 0.208829 0.00594832 0.0012403 0.000396707 0.000407089 0.0582355 1.92594e-10 0.203745 0.00109556 0.148853 0.0139552 0.000471157 
8.14493e-05 0.000359631 0.0570046 0.0113776 7.56029e-08 0.0067154 2.27988e-07 3.41398e-08 0.00702111 0.138773 0.00538501 0.00416464 0.0010666 0.0190525 0.000164936 0.0524344 0.00270534 0.0012116 0.000623157 0.310704 0.000141682 0.00055208 0.0375976 0.00461977 0.107056 2.86787e-08 0.0111524 0.00241118 0.2006 0.0100082 0.00701536 
3.3344e-05 7.96072e-06 0.0298027 0.0330159 4.46586e-08 0.000297318 1.03808e-06 1.85284e-06 0.253254 0.00849009 0.00577881 0.0276766 0.00103835 0.105668 0.00220381 0.00106057 5.62843e-05 0.00170611 8.36305e-05 0.381496 0.000779091 0.00524733 0.000623167 5.23093e-07 0.00275509 9.35634e-08 0.0298001 0.00108416 0.0992387 0.00752205 0.00127705 
0.000288572 0.000794733 0.0100742 0.0139704 8.84222e-05 0.00162325 0.00189521 6.78312e-06 0.0530978 0.0126792 0.00190083 0.0423923 0.0157924 0.03074 0.0164213 0.0048103 0.00407363 0.00367772 0.0350222 0.429863 0.00248376 0.0251544 0.0217041 0.00894767 0.0670299 1.07439e-06 0.00762419 0.000333142 0.145428 0.0383182 0.00376315 
1.89538e-05 1.26254e-06 0.135848 0.0246383 0.000118747 0.000489503 9.85292e-08 9.25216e-11 0.00137062 0.0171879 0.0101118 0.00325209 0.000807314 0.236027 0.000194654 0.00263859 2.12929e-05 0.0185577 1.31901e-10 0.236828 1.25135e-06 0.112152 0.00206569 0.140867 0.0257127 1.39017e-10 0.00664216 1.64712e-08 0.018837 0.00490588 0.00070543 
3.99042e-06 0.000429141 0.0164253 0.0521366 1.28964e-05 0.00667203 1.15361e-05 1.47608e-10 0.000677392 0.204402 1.82121e-10 0.0105108 0.0342645 0.00135605 0.000186294 0.117002 4.82831e-06 0.000155483 5.03943e-05 0.341574 0.00409259 0.00105152 0.000910701 7.54195e-11 0.184698 1.61835e-09 0.00533937 0.0082284 0.00315583 0.00664915 1.32416e-07 
2.24166e-05 0.00026138 0.153631 0.0238714 1.07689e-08 0.000188922 0.00168842 5.37704e-05 0.0278405 0.0166596 0.000255409 0.0239298 0.00571333 0.100411 0.00203207 0.0567987 0.000107587 0.00329021 0.000141093 0.296912 0.00503558 0.0601887 0.0132894 0.00164337 0.0831961 2.51262e-11 0.000294777 0.000900972 0.0165439 0.104467 0.000631987 
0.0134694 0.0047556 0.0289776 0.0101259 0.00266292 0.100092 0.000218457 8.00486e-07 0.022497 0.0365206 2.06822e-05 0.00701518 0.0225862 0.0119046 0.00124467 0.000678832 0.0528456 0.0686382 0.000128532 0.305584 0.000909469 0.00416982 0.0463221 0.0121647 0.0739687 4.07459e-05 0.0343088 0.000502655 0.0419729 0.0398421 0.0558313 
5.14248e-06 0.00538279 0.034664 0.0255022 0.000334715 0.00464861 8.84767e-06 1.14938e-05 0.134247 0.045861 0.00183132 0.0249301 0.00111785 0.0821935 0.00849653 0.00140083 2.33389e-05 0.0585274 0.00229517 0.166136 0.0027384 0.0368276 0.00274841 0.027336 0.0718732 8.3496e-08 0.0237548 0.00219153 0.152007 0.00385143 0.0790538 
0.0489483 1.80753e-06 0.0809487 0.0572219 0.0727588 8.71065e-07 2.60806e-10 8.03002e-05 1.34396e-07 0.115799 3.73105e-08 0.00730173 0.00014266 0.00638693 7.98258e-06 0.000307494 0.000689895 0.00259789 0.00165317 0.486654 0.00522598 2.68484e-07 0.000497371 0.0540738 0.0285345 2.69444e-10 0.00195735 0.000182823 0.00698694 0.0209814 5.77433e-05 
8.80416e-08 0.00748329 0.165845 2.09872e-06 6.2526e-08 2.26816e-06 5.33997e-06 7.05233e-10 4.27266e-07 0.0512413 8.70127e-10 0.0735669 1.74122e-05 5.7463e-11 9.4292e-07 9.26019e-07 6.10617e-07 1.82633e-06 1.0054e-09 0.359241 9.38777e-06 0.0202002 8.57518e-05 3.60335e-10 0.322283 1.05964e-09 6.73748e-07 9.10743e-06 1.49328e-06 4.50778e-07 2.66082e-10 
6.39603e-06 5.76397e-05 0.0208703 0.0748138 3.82211e-07 0.0121325 1.90293e-07 4.92278e-08 0.0621842 0.0492007 0.00090276 0.0603758 0.105205 0.0549246 0.00653321 0.000311444 0.0628797 0.0615636 1.86312e-06 0.160913 0.00262847 0.0056977 0.00127627 0.00269403 0.0904297 8.73442e-07 0.0298423 0.000352733 0.133945 5.15597e-07 0.000255171 
7.65413e-10 2.84992e-05 0.203105 0.0415288 4.69123e-06 1.3823e-09 2.6747e-05 3.34317e-09 4.13972e-10 7.4038e-05 0.0530123 4.98581e-06 0.0286797 0.19379 2.59251e-09 4.85813e-10 0.000139215 0.134283 4.76611e-09 0.272131 1.38644e-05 1.12441e-09 9.88558e-06 1.70818e-09 8.04536e-06 5.02324e-09 0.0282556 1.6916e-09 0.00908318 4.67237e-06 0.0358169 
0.000682126 0.00214343 0.0273884 0.00336291 1.4928e-05 0.000280114 9.54707e-07 5.9379e-08 0.00188677 0.0984024 6.30306e-05 0.00430698 0.0126144 0.00446067 0.000150279 0.0634683 0.00299546 0.000940616 0.0686952 0.272164 0.00344236 0.000721605 0.0127726 0.000114111 0.271153 2.75598e-09 0.00181263 0.00754166 0.0899865 0.00808535 0.0403489 
7.91535e-05 3.71752e-11 0.165798 0.146603 0.00236044 0.000413687 4.43237e-07 1.86636e-08 0.014025 0.00640766 0.000831232 0.0683183 0.0306805 0.066653 0.00036653 0.00116285 4.52193e-05 0.010022 0.000343532 0.194567 0.00212007 0.0137049 0.150279 0.00256225 0.0125505 1.45567e-09 0.00405634 1.90237e-05 0.0288309 0.0772001 7.76637e-08 
2.53597e-06 0.000294634 0.0418782 0.0441713 0.000162027 7.94703e-07 1.38246e-05 1.83711e-11 0.145168 0.0117455 9.17212e-08 0.0632314 0.00255379 0.1423 0.000659537 0.000938983 5.09965e-05 0.0932335 0.000139403 0.398655 2.31858e-07 0.00013289 0.00854715 9.72473e-05 0.022623 2.76033e-11 0.00747397 0.000374032 0.0122299 0.000916624 0.00240578 
5.60394e-07 4.9947e-06 0.00344238 0.00484193 4.03449e-06 5.33847e-06 0.00805531 0.00515763 0.0205091 0.0120384 0.00192558 0.00889314 0.165058 0.0124592 0.0406756 0.00062777 9.00479e-07 0.0117417 0.000348843 0.224782 7.31045e-07 1.95239e-05 0.00397594 0.00273891 0.0822549 9.68671e-07 0.00373464 0.0843574 0.208897 0.0933511 9.63834e-05 
0.000921821 0.000338942 0.0192455 0.0725461 1.79202e-05 0.0331561 3.06565e-05 2.01102e-07 0.00306918 0.00220335 0.000234507 0.0331346 0.00217014 0.056392 0.000475471 0.0110808 0.102578 0.000381601 5.31425e-06 0.310115 0.00899465 0.00107912 0.0413473 0.00287355 0.11013 1.16651e-09 0.000355408 0.00245545 0.032671 0.0338356 0.11816 
3.87057e-08 1.67557e-07 0.00650309 2.11809e-08 3.24807e-05 6.99004e-08 2.45874e-07 1.69059e-07 5.48789e-05 0.01088 2.08587e-07 5.08633e-05 0.00648976 0.0041662 1.31099e-07 2.45668e-08 5.51435e-05 0.00224461 0.000116855 0.813663 1.83893e-05 0.000251498 6.75448e-08 0.00413906 0.00736341 2.54017e-07 3.09345e-05 8.55416e-08 0.136612 0.00716059 0.000165567 
8.51837e-08 0.0297797 0.0304544 0.00343604 0.00372231 0.149514 1.45701e-06 3.25515e-07 0.00601605 0.0304297 0.000197327 0.00232042 1.2967e-07 0.00526217 2.14584e-06 2.31772e-05 3.2656e-10 0.00146214 0.0287263 0.370241 2.8576e-07 2.95497e-06 0.000453052 2.36143e-06 0.298067 0.000139842 0.000176608 0.0160065 0.0205561 0.00300552 5.14453e-07 
1.30146e-05 0.00388704 8.72982e-07 0.00216287 1.92329e-07 7.40334e-05 1.06511e-07 0.000316985 0.0247256 0.00186226 0.000444268 0.0166354 0.00575903 0.00532775 0.000265369 0.00130842 5.00145e-05 0.00150988 8.89738e-07 0.654544 0.00789668 0.195041 3.05158e-07 0.00637568 0.00025487 2.03507e-09 0.00819678 0.00784856 0.0538609 0.00163704 2.24353e-07 
6.13252e-05 7.87609e-06 0.126185 0.100017 1.77443e-06 5.09718e-05 6.08754e-08 1.31937e-06 0.0260325 0.0150151 9.79333e-06 0.0135331 0.00317139 0.134659 5.1613e-05 0.0118852 9.80222e-05 0.00655796 7.70529e-06 0.41119 0.000224061 0.00310787 0.00288245 0.00166214 0.100773 6.28916e-08 0.00329975 0.00208218 0.00170914 0.0356833 4.03161e-05 
3.60807e-08 7.02187e-07 0.203622 0.0732047 1.3797e-10 0.00323543 6.01185e-07 1.96746e-10 2.85063e-07 2.60355e-06 2.42748e-10 1.46278e-06 1.90116e-05 1.6031e-11 7.97955e-06 1.23227e-06 1.56348e-10 8.13915e-06 2.24669e-07 0.337836 1.9422e-10 1.18977e-05 7.86068e-11 0.305526 0.0765191 2.95618e-10 3.43616e-07 1.99201e-07 2.47666e-08 1.75953e-06 7.42316e-11 
4.10796e-05 0.000419133 0.0411642 0.052982 9.41292e-05 0.00172123 1.80046e-07 9.10076e-09 0.0164195 0.0201946 0.00023788 0.00270434 0.000390028 0.172325 0.00148523 0.00331046 1.24386e-05 0.0216338 1.4248e-05 0.375499 4.87041e-05 0.00108601 0.00382455 0.0558578 0.0383101 4.49455e-10 0.00579633 0.00820538 0.157123 0.0141259 0.00497302 
2.05435e-05 9.36976e-05 0.00307341 0.0536946 0.000710062 0.0348258 0.000199234 1.72167e-05 0.00105114 0.0156103 0.000225342 0.00789828 0.00300765 0.0689002 0.00351184 0.000335447 1.99112e-05 0.0998415 0.00155727 0.589645 0.000574585 0.00505347 0.00124877 0.0354956 0.0283768 0.000285002 0.0122497 0.00253241 0.0262937 0.00219417 0.00145712 
1.92228e-05 3.20895e-06 0.0915588 0.0643207 9.40666e-05 0.000816916 3.06977e-07 0.00040622 0.0696215 0.0626379 0.00193004 0.0198033 0.0357106 0.0713104 0.000950938 0.00852213 5.50298e-05 0.0160941 0.000290841 0.257664 0.000891351 0.0334666 0.000982921 0.000288438 0.0126828 3.17144e-07 0.0659458 0.000123485 0.160633 0.0196485 0.00352656 
1.37966e-06 0.102776 0.000908327 0.00828023 0.00600835 0.000165386 1.95526e-06 1.65781e-07 0.00730111 0.00314008 0.000448287 0.00175241 0.0352742 4.66964e-05 0.000871351 0.126114 1.34713e-06 0.00106745 0.000313518 0.479292 0.000127555 5.90821e-09 0.00152 0.00103322 0.219604 7.46313e-10 0.00145089 0.000810585 0.000293881 0.00113714 0.000259318 
0.00020317 5.39119e-07 0.00191326 0.000727866 3.81453e-07 2.24907e-07 0.000534728 5.43953e-07 1.31351e-05 0.000309665 0.000723899 0.0261238 0.00298897 2.49031e-05 4.21815e-07 0.00396146 2.78786e-05 1.56703e-07 7.75471e-07 0.779072 5.3697e-07 1.82947e-07 2.17328e-07 0.000131651 0.0988731 8.17308e-07 0.000393317 0.0296147 0.0542503 1.38197e-07 0.00010701 
0.00010655 0.000206068 0.0452696 0.0165197 8.5463e-05 0.00616556 9.59909e-05 2.75213e-05 0.0257529 0.0544637 0.000243012 0.00789826 0.000653165 0.00709011 0.000245273 0.0101941 6.29335e-05 0.00502378 9.08838e-05 0.354098 0.000118058 0.00868078 3.52091e-07 0.0347078 0.13715 0.0553478 0.00237448 0.0222823 0.198916 0.00247188 0.00365765 
3.73929e-05 8.20636e-05 0.00980154 0.0963357 1.1364e-05 0.0112204 7.88679e-06 1.94118e-06 0.0770277 0.0404097 4.68028e-05 0.0130048 0.0185476 0.121276 0.00378227 0.0038179 0.000147266 0.00323324 9.01488e-05 0.235229 0.000740942 0.0740778 0.000589922 0.216971 0.0214023 3.93706e-07 0.0287534 2.15924e-05 0.0168429 0.00188707 0.00460265 
2.09256e-05 0.0190602 0.0167907 0.0357237 3.14066e-06 0.0135134 8.30895e-07 3.51915e-08 0.0226381 0.198018 0.00068807 0.00844221 0.00204011 0.138142 0.000166517 0.123614 0.000269867 0.00135487 1.34743e-07 0.208562 0.00678382 0.0221075 0.00044478 0.000445703 0.0653025 5.17002e-07 0.0170404 0.00397514 0.0636343 0.0174524 0.0137648 
2.11847e-05 8.65675e-07 0.194675 0.119837 0.0384198 0.00129341 7.22889e-07 2.96053e-06 0.0857842 0.00733391 0.000234554 0.0172525 0.00142779 0.143489 0.00101007 0.00134998 0.000655773 0.0558109 0.000103367 0.237117 0.00111369 0.0217482 5.09665e-05 0.0067668 0.00234821 0.00185086 0.0144996 2.4288e-05 0.017381 0.0247769 0.00361978 
1.02256e-07 0.00311845 0.00406833 0.0402368 0.000100491 0.0183802 2.49425e-10 1.715e-10 0.00227487 0.0110612 1.08053e-07 0.0771371 0.000214763 0.00320777 6.27098e-08 0.00477062 0.00675103 2.13701e-07 2.34781e-05 0.65466 7.30081e-06 1.08189e-07 1.47966e-07 5.90382e-05 0.117173 2.57686e-10 0.00258906 0.0537602 9.84918e-05 0.000305011 2.16922e-06 
9.68995e-06 0.00183731 0.0570885 0.0148587 1.91882e-08 0.00143107 2.71565e-07 1.40734e-08 0.00179306 0.0291106 2.7908e-06 0.00827622 0.000278922 0.0031008 0.00170521 0.0719156 0.000145525 0.000196032 0.00234824 0.727072 0.000214949 0.000313335 0.00404432 0.00079401 0.0609023 1.32028e-08 0.000385871 0.00220733 0.000125324 0.00983884 2.51326e-06 
0.00049762 0.01009 0.159627 0.0278851 0.000901029 0.00671206 3.10231e-07 3.10449e-07 0.0286313 0.126899 3.10336e-07 3.10827e-07 0.032789 0.0273275 0.0157144 0.0128077 3.10546e-07 0.0117792 3.10245e-07 0.250818 0.00298068 0.0082667 0.0106275 0.00705281 0.110364 3.10208e-07 0.0203269 0.00739462 0.0604899 0.0600168 3.10746e-07 
1.34946e-06 7.55248e-08 6.00547e-05 0.13676 5.34374e-08 0.154916 1.10826e-07 1.94475e-06 0.0194371 0.036741 0.00839469 1.7147e-05 6.11923e-05 0.011263 0.0598906 0.000615586 8.23146e-07 9.16928e-05 0.00986681 0.272983 9.20667e-05 2.5629e-08 3.71085e-06 0.00598166 0.0567275 1.14496e-07 0.00076888 0.00133018 0.214071 0.00382175 0.00610055 
0.000395105 0.00498107 0.0954413 0.0908 6.50158e-06 0.0102169 0.0311762 1.06916e-06 0.0459896 0.0107765 0.006284 0.0633987 0.0344246 0.0597829 0.00264999 0.000626806 0.0131105 0.0126434 0.0142296 0.167126 0.00948067 0.000664991 0.028216 0.025413 0.0310803 5.58761e-07 0.0167204 0.00265368 0.139469 0.0578362 0.0244043 
1.84195e-05 2.03938e-06 0.000333606 0.000131762 1.44296e-06 5.66746e-05 0.000137415 0.00259445 0.000182807 5.62573e-07 2.53877e-06 0.000183827 0.14914 1.6766e-07 1.51051e-05 1.92856e-05 9.50827e-05 5.92774e-07 2.93345e-06 0.663956 0.00179771 0.00506321 0.012594 0.000114542 6.19925e-05 3.09171e-06 5.28406e-07 1.04115e-06 0.116762 0.000357924 0.0463693 
0.000433704 0.00158182 0.0945378 0.0359314 0.000765525 0.0123053 0.000186131 2.45283e-05 0.0807211 0.0550092 0.00112175 0.0924797 0.0423122 0.100272 0.0150038 0.0180954 0.000449358 0.0204967 0.00120866 0.1133 0.00402362 0.0683444 0.0184727 0.0111616 0.0601251 5.2996e-06 0.0090135 0.00557831 0.106751 0.0227944 0.00749427 
2.30791e-05 5.7732e-05 0.0451973 0.0495801 0.000347113 0.00294529 0.00181389 0.000129796 0.0219519 0.0145701 7.02282e-05 0.0505963 0.0998724 0.098229 0.0177912 0.0346967 0.000495576 0.0179027 0.00106825 0.322008 0.000574959 0.034637 0.00754644 0.00945397 0.0186134 0.000257937 0.0112818 0.000227635 0.118775 0.0170481 0.00223641 
2.09061e-08 0.000514015 0.0171787 0.00168675 3.03966e-07 0.0057124 9.42811e-11 3.83597e-07 0.00183305 0.00148971 1.26799e-06 0.000184761 0.00328444 2.26725e-05 4.51478e-05 0.206536 1.63792e-05 1.01916e-05 0.000131489 0.515275 0.000286087 0.000344335 0.00126831 0.00975752 0.220521 5.74204e-07 8.49495e-06 0.002763 0.000335741 0.00954074 0.00125119 
6.2689e-11 0.109589 2.69295e-07 0.0895741 1.92014e-10 0.298282 5.97736e-07 2.73813e-10 0.0350953 0.00317062 3.37835e-10 0.0574333 2.03345e-05 2.23105e-11 1.76875e-05 4.42098e-05 2.17591e-10 0.000740446 3.90354e-10 0.349927 2.70298e-10 9.20915e-11 8.6435e-07 2.40648e-06 0.0558335 2.92145e-06 0.000264308 1.38546e-10 4.17991e-07 6.9565e-11 9.71211e-07 
7.45862e-05 7.51674e-07 0.000827804 0.0148536 1.77562e-07 0.00256943 2.21557e-08 1.374e-07 7.97495e-07 0.0104775 6.74694e-08 0.0570205 0.321858 0.000397117 7.51934e-07 0.00575692 8.19098e-07 8.6689e-05 2.4872e-06 0.498301 6.1266e-06 0.000168719 2.68524e-05 0.0281574 0.0585381 2.28895e-08 0.000564993 0.000290979 7.11559e-06 1.05586e-05 9.07321e-08 
0.000191114 0.0080543 0.0637793 0.0599623 0.00169407 0.00513577 0.00199809 2.90007e-05 0.0164543 0.0443493 0.000766121 0.0158512 0.0114489 0.0502505 0.00283782 0.0331455 0.00115167 0.0046122 0.00338627 0.531035 0.00301372 0.0158843 0.0092096 0.00483921 0.0506585 0.0010708 0.00452823 0.0157123 0.0178913 0.0161468 0.00491209 
2.09061e-08 0.000514015 0.0171787 0.00168675 3.03966e-07 0.0057124 9.42811e-11 3.83597e-07 0.00183305 0.00148971 1.26799e-06 0.000184761 0.00328444 2.26725e-05 4.51478e-05 0.206536 1.63792e-05 1.01916e-05 0.000131489 0.515275 0.000286087 0.000344335 0.00126831 0.00975752 0.220521 5.74204e-07 8.49495e-06 0.002763 0.000335741 0.00954074 0.00125119 
5.33101e-05 1.27731e-05 0.211754 0.0031551 4.10464e-08 0.000186911 3.15042e-10 3.0154e-08 0.0011332 0.00452078 9.26548e-06 0.0388871 0.0392873 0.0490439 0.00163184 0.0309523 0.000168604 0.00133902 7.73315e-07 0.365965 1.49788e-06 0.00075194 0.00438059 0.00221274 0.19421 3.25476e-10 0.000457186 0.00313839 0.0251958 0.0214961 5.48827e-05 
7.08878e-07 1.0705e-05 0.165643 0.00719279 7.13808e-08 0.0020221 4.40294e-09 5.37285e-08 0.000607327 0.0402028 2.39356e-08 0.00386665 0.0193072 0.000125191 0.00363744 0.161375 8.28163e-06 0.033361 3.09544e-06 0.392073 0.000634378 7.07259e-05 0.0634377 0.000575884 0.0675461 2.30792e-07 0.00023332 9.54105e-05 0.00759805 0.0302096 0.000162028 
6.09799e-06 0.00104259 0.126944 0.00613496 3.79185e-06 0.0109919 1.21629e-09 7.50131e-08 0.0013685 0.0620525 2.55492e-06 0.0587888 3.99631e-07 0.0469572 0.044008 0.0081913 0.00128527 0.0087768 4.73632e-05 0.332597 1.48202e-07 0.0107081 8.82527e-05 0.00643768 0.041898 1.25657e-09 0.000276998 0.00933849 0.217074 4.3884e-06 0.00497486 
7.50505e-06 0.000128697 0.0501413 0.0033786 7.8137e-06 7.8837e-05 4.94114e-07 2.28774e-06 0.00063007 0.00348433 1.1953e-06 0.00198293 0.0987759 0.00345603 0.000260806 0.00792916 1.31378e-05 0.000120144 4.84348e-07 0.516271 0.276621 0.00187116 0.0231834 0.000183415 0.00418447 5.10479e-07 0.000251141 0.000189048 0.000367802 0.00646651 1.06364e-05 
1.20956e-09 5.23619e-09 0.0843364 2.13077e-05 3.70485e-09 1.29597e-06 2.50377e-05 5.28313e-09 3.19726e-06 0.153319 4.78206e-06 9.63963e-06 4.36462e-06 2.00869e-05 4.09688e-09 7.67718e-10 6.25853e-07 0.00522741 7.53176e-09 0.437326 5.21531e-09 2.66593e-05 2.11079e-09 0.14219 0.023747 7.9381e-09 0.010932 2.6732e-09 0.142802 1.34223e-09 4.38305e-06 
7.78872e-06 9.04789e-06 0.22371 0.0541717 0.0237442 0.00115694 8.16107e-07 0.000291701 0.0245302 0.0177096 6.6102e-06 0.0455355 0.0315636 0.00680558 0.000488026 0.115475 5.57228e-05 0.0047448 0.000950627 0.234694 0.000524009 0.016814 0.0106069 0.013405 0.147514 3.31614e-08 0.000454115 0.0020545 0.00102164 0.0218797 7.48539e-05 
6.03065e-07 0.0174689 0.115201 0.106881 6.02627e-07 0.0744576 6.01925e-07 0.000422246 0.019905 0.0877407 6.0213e-07 0.0108561 0.0177293 0.0535048 0.00994277 0.0105556 0.00494139 0.0112166 0.0108357 0.193454 6.0236e-07 0.00156831 0.00337687 6.02802e-07 0.163526 6.0188e-07 0.00597068 0.0222442 0.033232 0.0173682 0.00759749 
1.65393e-05 0.000561305 0.174181 0.0304126 0.000759728 0.000326323 0.0046037 1.24453e-05 0.00736405 0.0336855 0.000163181 0.040106 0.000586536 0.025457 0.0779735 0.0846923 2.98618e-05 0.000160292 0.000190725 0.395696 0.000899649 1.58396e-05 0.00369968 1.12642e-05 0.0309312 0.000519383 0.00330748 0.00254108 0.0685719 0.00550674 0.00701752 
7.20791e-06 9.13241e-05 0.0210732 0.0949485 8.16727e-10 0.00451716 1.0288e-05 1.16466e-09 0.321699 0.012253 5.43377e-08 0.00297437 0.0235019 0.0289202 9.03148e-10 0.000329205 7.10759e-07 0.0259205 5.19724e-06 0.353247 4.11647e-06 3.14403e-06 0.000804111 0.027778 6.17562e-06 1.74994e-09 0.00632921 1.27334e-06 1.35126e-06 0.0754218 0.000152815 
2.7527e-05 3.19512e-08 0.000319624 4.03896e-09 2.2607e-08 0.000109305 4.68854e-08 0.000102314 0.00689371 2.62305e-05 5.50289e-06 0.000193182 0.00367975 0.00231223 0.00497512 8.44833e-06 2.56183e-08 0.000223424 4.59588e-08 0.888095 0.00531033 0.083828 3.11485e-05 6.57155e-06 3.19629e-05 4.84383e-08 0.000157215 0.00177041 0.00187581 1.01614e-05 6.78029e-06 
2.27608e-05 0.000751606 0.0761213 0.123113 1.96344e-05 0.00270669 1.13789e-07 2.52266e-10 0.0140582 0.0414832 1.07449e-05 0.00579073 0.168001 0.109373 0.00172755 0.00131288 0.00119864 0.0424258 0.0633974 0.186333 0.00353722 0.00223146 0.00291671 0.000249124 0.0251265 3.79038e-10 0.0849208 0.00748726 0.0234989 0.00130268 0.0108815 
4.6992e-09 4.10759e-07 0.155865 0.0143786 2.60152e-08 0.0125551 0.00111329 1.28162e-10 0.0148445 0.0342387 0.000417417 1.05815e-06 0.00466029 0.00133025 0.000346923 0.000149829 0.00224887 0.0165194 0.00111685 0.413277 0.000373643 0.000118585 1.74242e-07 0.000343437 0.268757 1.92568e-10 0.0138182 0.00361049 0.0102053 0.0026634 0.0270467 
0.000153261 7.13357e-05 0.010915 0.00644038 1.23947e-05 0.000548109 3.58872e-06 1.02745e-05 0.00158501 0.00358254 6.15493e-06 0.0470399 0.0122673 0.00205939 0.000258731 0.00576358 5.35309e-05 0.000662452 0.000169312 0.77341 0.00231275 0.000571242 0.0029374 0.00133682 0.0866279 3.70758e-06 0.000255759 0.00435421 0.0269705 0.00954832 6.94381e-05 
2.70194e-06 0.000406569 0.070589 0.177737 1.596e-07 0.000702893 1.9332e-08 1.51559e-07 0.00443884 0.061605 0.146349 0.00125003 0.00536209 0.00236477 0.000924144 0.000206492 8.73881e-07 0.000321726 1.89499e-08 0.22888 0.000328681 0.000114859 0.00294074 0.0103712 0.0150635 1.99722e-08 0.121208 8.68978e-05 0.134299 0.0020916 0.0123544 
4.96476e-05 9.79655e-09 0.0374409 0.0868374 2.17675e-05 7.30349e-06 1.43755e-08 9.88438e-09 0.00459508 0.0452633 1.18238e-06 0.0113308 0.0185521 0.0349766 2.08817e-05 0.003185 0.000140712 5.7001e-06 0.00157507 0.290068 0.000348539 0.00272669 0.230937 2.33828e-06 0.0678411 1.48516e-08 0.000442891 0.000135017 0.108437 0.0550579 3.72935e-09 
5.72735e-09 3.15028e-07 0.0349298 0.0507125 6.25262e-06 0.0614628 8.95518e-11 6.15744e-11 0.000101387 0.0436226 1.46491e-07 0.00436269 0.0657885 0.000369176 0.000741869 1.12295e-07 3.36142e-08 0.0583895 2.05349e-08 0.293972 6.55825e-08 0.00272809 1.54275e-08 0.200146 0.175319 9.25177e-11 0.000735203 0.00119065 0.00018858 0.0052251 7.19705e-06 
2.7228e-06 1.56306e-07 4.62147e-08 5.41623e-08 1.39971e-08 0.00737361 3.08772e-09 1.98104e-10 0.000416159 0.00120079 2.96242e-07 1.70986e-05 3.2076e-06 2.21702e-05 6.02348e-06 0.0370461 1.57427e-10 0.000529232 2.82421e-10 0.869 2.33074e-07 4.97443e-05 7.91493e-11 0.00018064 0.0784421 4.62544e-06 1.58536e-06 0.00565616 3.55742e-11 4.69461e-05 7.47439e-11 
1.13988e-05 0.000990088 0.0113288 0.014367 5.58107e-05 0.0108619 0.00967355 1.68933e-05 0.0118437 0.02141 0.000387548 0.0153263 0.0246317 0.013848 0.00611672 0.00175291 3.5188e-05 0.0174929 0.000520672 0.616353 0.00027089 0.0277662 0.000679134 0.0310744 0.0326428 5.00779e-05 0.0100128 0.000330329 0.108543 0.00669014 0.00491625 
1.11515e-05 0.0121871 0.0439932 0.0801921 0.000116336 0.00337177 0.000291878 1.57799e-05 0.0249541 0.0869131 0.00402305 0.144469 0.0901955 0.1063 0.00654903 0.00435201 0.00256925 0.0128282 0.00026842 0.195295 0.00123704 0.0325646 0.00686802 0.00656839 0.0736362 3.85096e-05 0.0151159 0.00130728 0.029435 0.013457 0.000876227 
9.39142e-08 8.64845e-07 0.0263631 0.115374 0.0161819 1.39767e-06 4.76516e-10 9.1421e-05 0.0105844 0.125258 6.21919e-08 0.00175944 0.0233272 3.71382e-06 0.000394145 0.0039883 6.84746e-05 0.0343746 9.7855e-07 0.310357 6.84491e-05 0.0741867 0.00546357 0.0326956 0.219084 4.92298e-10 1.07162e-06 0.00036816 6.11009e-07 8.32415e-11 2.1535e-06 
5.73576e-06 0.0214356 0.00111224 0.0982432 0.00139296 0.0115895 2.8278e-05 3.0893e-05 0.0299088 0.00117402 0.000111271 0.0186385 0.240999 0.0172272 0.0122949 0.00838785 0.000190716 0.150568 9.59817e-07 0.267984 0.000235369 0.00185358 0.000156906 9.68446e-05 0.0838817 1.0116e-06 0.0126276 2.35026e-05 0.0174452 0.000330319 0.00202503 
0.00168023 0.000649746 0.121107 0.182129 0.00076212 0.00546476 0.000382848 1.7806e-05 0.0275483 0.0282524 0.000578441 0.0256598 0.0450451 0.155766 0.0133014 0.0107871 0.000767067 0.017182 0.000157384 0.200511 0.00136684 0.00767304 0.0192787 0.00922927 0.040077 0.000583156 0.0100276 0.00184049 0.0276343 0.0362087 0.00833144 
0.015437 0.00188312 0.00956996 0.00827751 0.000606171 0.00518612 0.0491401 0.00539386 0.0200093 0.0780268 4.87727e-05 0.00614948 0.00166823 0.0237289 0.000229182 0.00299119 0.0122778 0.00660215 0.034123 0.210694 0.0035447 0.136054 0.020709 0.0181699 0.167893 1.65931e-09 0.000347091 0.0101336 0.13662 0.00171863 0.0127666 
