4.10796e-05 0.000419133 0.0411642 0.052982 9.41292e-05 0.00172123 1.80046e-07 9.10076e-09 0.0164195 0.0201946 0.00023788 0.00270434 0.000390028 0.172325 0.00148523 0.00331046 1.24386e-05 0.0216338 1.4248e-05 0.375499 4.87041e-05 0.00108601 0.00382455 0.0558578 0.0383101 4.49455e-10 0.00579633 0.00820538 0.157123 0.0141259 0.00497302 
2.76151e-05 0.00155089 0.0274456 0.0823533 0.00341798 0.00754315 1.46963e-05 1.64847e-07 0.0252343 0.0739486 0.000144567 0.0746366 0.00219461 0.0125737 0.00556567 0.016331 6.28773e-05 0.00150932 3.88393e-07 0.35981 0.00186325 0.00353427 1.42748e-07 0.0301717 0.141581 0.0345207 0.015929 0.0109477 0.0648508 0.00141353 0.000822973 
9.65863e-07 1.82889e-07 7.00104e-05 7.33555e-06 2.73026e-06 1.44426e-05 2.68373e-07 0.000117101 4.64234e-05 0.0550039 2.73735e-05 0.000227793 1.56385e-05 0.000163468 3.10229e-05 0.0248124 8.26194e-05 3.73926e-05 2.63068e-07 0.856052 0.00320074 0.0138046 3.37133e-05 0.00239181 0.0397007 2.77261e-07 5.47791e-06 0.00258816 0.00147845 3.20344e-05 5.01511e-05 
0.00194443 0.0294358 0.0186652 0.00124326 0.000266068 0.00115543 2.19756e-05 1.22987e-08 0.0530645 0.00132692 0.000238532 0.0114618 0.0102288 0.0153613 8.53364e-05 0.00490236 0.000437226 0.0142636 2.61046e-06 0.312141 9.73595e-05 0.0019577 0.0186756 0.000605121 0.18097 1.84793e-08 3.85994e-05 0.280176 0.0164286 0.0104528 0.0143522 
6.57705e-08 0.000194907 4.09408e-08 0.00877339 2.01453e-07 0.172332 0.000208161 2.87273e-07 0.00190602 0.116502 0.000617192 0.00317268 5.09799e-05 0.00408478 2.22769e-07 4.1745e-08 0.000101127 0.0292224 4.09543e-07 0.531109 2.83585e-07 9.66184e-08 0.000585742 0.000210989 0.0780181 4.31638e-07 0.00980041 0.0015147 0.0394561 4.40318e-06 0.00213255 
2.13806e-08 7.3548e-08 0.13643 0.0912407 1.10086e-05 0.000887855 4.71251e-11 1.22255e-08 0.0143252 0.0025875 1.07329e-05 0.0203885 0.00374669 0.0105615 0.000225759 0.0219612 8.05697e-08 0.000287745 3.9911e-08 0.678119 0.000223765 2.93154e-08 1.05009e-06 0.000597535 0.00527373 4.86859e-11 0.00144373 0.000143246 0.000331661 0.0112009 8.49432e-09 
1.22235e-06 2.36718e-07 0.0658187 0.0807892 9.53292e-06 0.047389 0.000435263 4.65685e-08 0.0229378 0.02116 0.00032149 0.0594935 0.00646268 0.168775 0.00124261 0.000430303 9.76706e-07 0.00858207 2.37023e-05 0.237322 8.3391e-06 0.00243808 0.00167316 0.0110068 0.102302 1.26898e-09 0.00440732 0.00578349 0.124367 0.0254242 0.00139393 
0.0183358 0.0268071 0.00749492 0.00426575 0.000324722 0.00593583 1.01984e-07 3.67012e-07 0.000436753 0.0593563 1.1383e-05 0.000270137 0.000238296 0.000280704 3.55619e-06 0.245724 1.25716e-05 0.000599569 0.000846597 0.331034 1.59655e-09 0.000406851 0.00194342 0.0555981 0.0734264 2.43007e-09 0.00160295 0.086186 0.068911 0.00639709 0.00354962 
0.000138416 0.00146881 0.00877057 0.0270177 0.00414387 0.00547131 8.2191e-05 0.000137271 0.00961587 0.0424766 0.000654042 0.00889207 0.0171529 0.0423967 0.00132121 0.0327706 6.11661e-05 0.00503821 0.000991887 0.386859 0.00734758 0.00143737 0.0273491 0.00825825 0.166326 0.000611361 0.00371482 0.00127405 0.174409 0.0112776 0.00253497 
4.22456e-06 0.000499389 0.00935852 0.0768475 8.5781e-07 0.0313782 0.000334784 4.38757e-05 0.00742103 0.0115891 0.000112109 0.00137638 0.00201303 0.14026 0.0205693 8.87897e-06 1.15542e-05 8.33265e-05 0.00169475 0.346593 3.3117e-07 0.00891153 0.0301965 0.0268218 0.210035 5.04066e-07 0.0021119 0.0250974 0.0267763 5.66688e-05 0.0197922 
1.38719e-05 0.00455747 0.232966 0.0217893 0.00766305 0.000827131 2.02004e-11 9.19088e-05 0.0260576 0.0401 1.26105e-05 0.0412058 0.0184264 0.00639749 0.000100404 0.0771237 7.79514e-05 0.000831711 0.000230988 0.311311 0.00189312 0.00196118 0.0150076 0.0549571 0.0761949 1.63305e-09 0.00255315 0.00538699 0.000394791 0.0518533 1.3243e-05 
0.000109179 0.000597593 0.000685832 0.0199782 8.71421e-08 0.0288728 1.35277e-05 0.000188931 0.00225623 0.0523992 0.00593652 0.000228459 7.21496e-05 0.010055 0.0289561 0.000900118 6.24948e-06 0.02434 0.000322472 0.295966 0.00300578 0.000155989 0.00104528 0.0397882 0.239542 1.5518e-05 0.000149371 0.0825157 0.154195 0.00643206 0.00127147 
5.65622e-06 7.48097e-07 0.0361278 0.0441792 9.42102e-06 2.09006e-06 8.21944e-05 3.46034e-08 0.00221189 0.249498 2.27552e-05 0.00874014 1.85791e-07 0.0303639 1.49548e-07 0.000122457 7.55885e-08 0.00234533 0.000189945 0.547319 2.58655e-05 0.0002491 0.000930595 8.52777e-05 0.0550517 1.55134e-10 0.000209022 0.000536037 0.0211164 0.000295407 0.000279041 
1.29133e-05 5.20273e-08 0.175507 0.0742653 5.60043e-09 8.47959e-08 1.5068e-11 1.22087e-08 0.00945818 0.0392 6.50298e-05 0.00798007 0.00194615 0.223869 7.61303e-08 0.000322397 1.20431e-08 0.00516937 0.00140813 0.378574 1.32944e-05 0.00572669 0.000220827 0.000212299 0.0633905 1.55671e-11 0.000852874 0.000214648 0.0115897 5.62075e-07 8.8547e-09 
0.000375651 0.00417922 0.126611 0.0393666 0.000665606 0.00121932 0.000155428 1.82943e-05 0.0722925 0.0259331 0.000159529 0.124388 0.0471532 0.090454 0.0298067 0.00650434 0.000180597 0.015296 0.00177102 0.148982 0.0325136 0.0398185 0.00273252 0.00821484 0.0252897 0.000167623 0.0291086 0.00191326 0.0810511 0.040249 0.00342942 
3.31866e-06 0.00121471 0.125387 0.0166343 7.96731e-07 4.60413e-07 1.48847e-06 1.12276e-07 0.0769721 0.00551589 5.25041e-06 0.022698 0.0351104 0.0128314 0.000867137 0.00160733 0.000326186 0.00241072 0.00245285 0.299533 5.92983e-05 0.00949337 0.00491073 0.0181999 0.222335 7.23745e-10 0.000173867 0.0512866 0.0550879 0.0346004 0.000281409 
0.00426708 0.000525608 0.0395398 0.100894 7.05262e-05 0.054764 0.0133932 8.00861e-07 0.0203046 0.0639518 0.000388832 0.0108667 0.0208147 0.12195 0.00147143 0.0264458 0.000159864 0.0614551 0.000973057 0.243595 0.0139921 0.0068948 0.00484398 0.0012635 0.072644 0.00153577 0.0342267 0.0011166 0.0154671 0.0326846 0.0294995 
2.7228e-06 1.56306e-07 4.62147e-08 5.41623e-08 1.39971e-08 0.00737361 3.08772e-09 1.98104e-10 0.000416159 0.00120079 2.96242e-07 1.70986e-05 3.2076e-06 2.21702e-05 6.02348e-06 0.0370461 1.57427e-10 0.000529232 2.82421e-10 0.869 2.33074e-07 4.97443e-05 7.91493e-11 0.00018064 0.0784421 4.62544e-06 1.58536e-06 0.00565616 3.55742e-11 4.69461e-05 7.47439e-11 
5.65622e-06 7.48097e-07 0.0361278 0.0441792 9.42102e-06 2.09006e-06 8.21944e-05 3.46034e-08 0.00221189 0.249498 2.27552e-05 0.00874014 1.85791e-07 0.0303639 1.49548e-07 0.000122457 7.55885e-08 0.00234533 0.000189945 0.547319 2.58655e-05 0.0002491 0.000930595 8.52777e-05 0.0550517 1.55134e-10 0.000209022 0.000536037 0.0211164 0.000295407 0.000279041 
0.0304948 0.0001264 0.162144 0.0445764 1.02664e-05 0.00411878 2.34235e-07 2.31151e-06 0.00274743 0.192724 0.000174316 0.0202642 0.0106302 0.0143107 0.000417533 0.00416176 0.000166619 0.00176448 1.55091e-06 0.306681 1.95088e-06 0.00564815 0.0090149 0.0484414 0.0761155 5.66855e-10 0.00507682 0.00315999 0.0462004 0.0105223 0.000301312 
5.37888e-08 0.000220815 0.0168298 0.0217908 8.2558e-08 0.0168164 3.09724e-07 2.56915e-07 0.00202725 0.0350769 1.7237e-07 0.00115636 0.0797502 2.38828e-05 0.0515516 0.0253388 2.55894e-05 0.00629979 1.17568e-05 0.66669 3.64906e-05 0.0055441 0.000935877 0.00629567 0.0432106 4.73986e-07 0.00171144 6.14631e-05 0.0113971 0.00704221 0.000153715 
7.17325e-05 0.000193423 0.148987 0.0391187 2.93589e-06 0.0102566 1.74932e-09 4.03739e-06 0.0245598 0.0114086 0.000468689 0.0438415 0.0111669 0.08288 0.000249204 0.051371 0.000197043 0.002799 8.24148e-05 0.225141 0.000772558 0.0363286 0.0380617 0.0140372 0.109847 1.68935e-07 0.0017383 0.00360144 0.0121318 0.129072 0.00161009 
3.36272e-06 5.96831e-05 0.00036883 0.0262345 9.65785e-05 0.00120297 3.62894e-06 2.4952e-06 0.0018168 0.0824559 3.59004e-05 0.00198424 0.00522203 0.00423638 0.000311539 0.000104028 8.60793e-05 0.00154083 3.55722e-06 0.75567 0.00185054 0.00594559 0.000547764 0.00106882 0.0900821 3.74913e-06 0.00270942 0.0149472 0.00109846 0.000269494 3.72393e-05 
0.000775682 0.0123389 0.0767556 0.116304 0.000175999 0.00812023 0.000677527 1.19309e-05 0.0266541 0.0407881 0.00204252 0.0172991 0.0171559 0.0756428 0.00376479 0.0269159 0.00108871 0.0067209 0.000695003 0.32857 0.00421986 0.00857945 0.0123898 0.00444443 0.0881855 1.39923e-05 0.00704803 0.00791242 0.055961 0.0460144 0.00273418 
0.000163853 6.38751e-05 0.0122959 0.0103921 9.02656e-05 0.000785128 3.6524e-06 3.16866e-08 0.00183043 0.177032 5.50821e-07 0.0077578 0.00228018 0.0040112 0.00079895 0.0508344 0.00140011 0.00278668 0.00653625 0.317812 0.000162059 0.000616366 0.0320114 0.00553578 0.248963 4.02321e-09 0.00594069 0.0667348 0.0288153 0.014102 0.000242474 
1.37563e-06 2.98641e-05 3.27964e-10 0.0103248 1.61377e-09 0.0529602 0.000452014 2.30125e-09 0.202628 0.000376348 0.00653153 0.0078946 2.53621e-05 0.000119936 2.78724e-05 1.94185e-05 0.00137877 0.0227981 3.28071e-09 0.473428 3.54815e-05 0.0222575 0.0240168 9.78125e-05 0.0659049 3.45771e-09 0.000514944 0.0874227 0.0191606 0.000125002 0.00146864 
2.7228e-06 1.56306e-07 4.62147e-08 5.41623e-08 1.39971e-08 0.00737361 3.08772e-09 1.98104e-10 0.000416159 0.00120079 2.96242e-07 1.70986e-05 3.2076e-06 2.21702e-05 6.02348e-06 0.0370461 1.57427e-10 0.000529232 2.82421e-10 0.869 2.33074e-07 4.97443e-05 7.91493e-11 0.00018064 0.0784421 4.62544e-06 1.58536e-06 0.00565616 3.55742e-11 4.69461e-05 7.47439e-11 
0.0135292 0.000986759 0.00549785 9.82532e-05 0.13109 0.000429801 0.000120788 1.76986e-07 0.00097335 0.0309943 0.00280349 0.0011767 0.00083433 0.021518 0.005854 0.000174089 7.84055e-05 0.000728926 4.38544e-05 0.41871 0.000873353 0.0137538 0.0238889 0.0183005 0.130139 2.65929e-07 4.7542e-05 0.00015449 0.142375 0.00599669 0.0288286 
1.00364e-05 0.000645562 0.00468758 0.00385353 0.000654599 0.00310764 1.33789e-06 5.94433e-08 0.00688938 0.0865278 0.000344042 0.00502034 0.000368159 0.0177012 8.47269e-05 0.00692038 0.00177038 0.0165759 2.27368e-06 0.506958 0.00515523 0.000337646 0.000399797 0.0132242 0.274031 1.06537e-06 0.0147324 0.00187285 0.0175676 0.00121381 0.00934081 
5.93865e-05 1.75451e-06 0.00104616 0.141085 5.15002e-07 0.0465717 3.26079e-06 1.85098e-06 0.00163014 0.151997 0.00465084 0.00976168 0.0066335 0.0086472 0.02885 3.05077e-05 0.000260419 3.60507e-06 1.28854e-08 0.217824 0.000169365 3.03989e-09 0.000880568 0.0114386 0.0755201 1.35806e-08 0.0834082 0.123293 0.0786189 0.00127628 0.00633624 
3.05425e-05 1.40829e-05 0.0404261 0.0222717 2.86045e-05 0.0122028 0.000698113 7.64593e-06 0.00205628 0.149397 0.000302409 0.0213981 0.000368546 0.076716 0.00597889 0.0521376 0.000275987 0.00113326 6.15514e-05 0.286143 5.43378e-05 0.00973789 0.000551899 0.101225 0.147579 1.41831e-07 0.00839524 0.00127274 0.0105069 0.0486188 0.000410016 
2.03956e-05 1.3589e-06 0.204501 0.020972 0.00115644 1.09562e-06 2.29203e-09 2.72803e-05 0.00143773 0.0182682 1.94444e-09 1.66496e-05 0.00834866 0.0262895 2.64951e-06 4.38554e-07 3.61419e-06 4.61995e-06 9.33928e-05 0.346238 1.55573e-09 0.00258122 3.05379e-07 0.225583 0.0768881 1.40675e-06 2.06157e-06 0.00104553 0.0665119 3.44894e-06 6.61203e-07 
8.14971e-06 0.000529998 0.0455068 0.0240976 8.02784e-05 0.000424049 0.00576293 0.000143327 0.0168239 0.0238834 0.0052659 0.0134438 0.00365745 0.0711349 0.00360189 0.00111527 1.37787e-05 0.00130777 0.000201186 0.498065 3.05269e-05 0.032233 0.0113491 0.0062301 0.0365026 7.8613e-05 0.0027275 0.0014724 0.172921 0.0133341 0.00805345 
3.65753e-06 0.000197368 0.0247426 0.0107912 3.44711e-07 0.00545728 1.693e-09 3.29216e-07 0.001133 0.0120932 3.73826e-08 0.00655373 0.00197551 0.0013013 0.000553122 0.100311 4.93081e-05 0.00341178 0.000383888 0.529782 0.000250476 0.000101541 0.00149452 0.000644107 0.267879 8.82351e-10 0.00247747 0.00364655 1.51296e-05 0.0247338 1.61553e-05 
1.35552e-05 1.08923e-07 0.0295773 0.145932 7.70683e-08 3.63195e-05 1.59834e-07 0.030094 0.0399152 4.70136e-05 1.35596e-07 0.0198938 0.000149623 0.0122655 0.000470423 4.40981e-06 3.08136e-05 0.000995533 1.56675e-07 0.241674 1.08489e-07 0.139933 3.0082e-05 5.82263e-05 1.0094e-08 1.65128e-07 0.107816 5.56078e-08 0.230455 8.80729e-06 0.000598629 
1.70861e-05 0.00226777 0.00633094 0.00365549 0.000108894 0.00588308 2.02726e-05 1.72887e-05 0.0345771 0.049704 2.07698e-05 0.00602063 0.00195578 0.181729 0.000283308 0.0015938 5.88649e-07 1.16092e-06 1.71192e-06 0.392138 0.000147404 0.122404 0.00113467 0.000355403 0.0795975 8.09157e-08 0.00241501 0.00647619 0.0519416 0.0355847 0.0136166 
1.40137e-05 1.36861e-09 0.196929 0.28133 1.46408e-05 0.00315004 2.0083e-09 1.05668e-05 0.000890466 0.0235806 5.50808e-05 0.00374268 0.000355526 0.0330497 1.32338e-06 0.000179294 1.88002e-07 0.0295474 0.000439956 0.337933 0.0032811 0.00202128 0.000155067 0.00998169 0.0578045 2.82922e-06 0.00035138 0.00153981 0.0131823 0.000456064 6.33003e-08 
0.00273683 0.000593382 0.052042 0.177479 0.000166223 0.00337633 4.55419e-05 3.81867e-06 0.18206 0.0284306 6.72383e-05 0.0562096 0.0510119 0.0621754 0.020935 0.0231466 0.000406899 0.0167846 0.0011478 0.219265 0.00368271 0.000773778 0.00239779 0.0219566 0.0310109 5.0097e-06 0.0120059 0.00124228 0.00218483 0.0206103 0.00604641 
3.85085e-05 0.000448933 0.108691 0.00989488 9.85335e-06 0.00177242 1.8642e-10 1.34554e-07 0.0485234 0.072801 1.51405e-05 0.0368606 0.045383 0.00546834 0.0225479 0.000217316 0.000644778 0.00275933 0.000747387 0.208829 0.00594832 0.0012403 0.000396707 0.000407089 0.0582355 1.92594e-10 0.203745 0.00109556 0.148853 0.0139552 0.000471157 
3.3344e-05 7.96072e-06 0.0298027 0.0330159 4.46586e-08 0.000297318 1.03808e-06 1.85284e-06 0.253254 0.00849009 0.00577881 0.0276766 0.00103835 0.105668 0.00220381 0.00106057 5.62843e-05 0.00170611 8.36305e-05 0.381496 0.000779091 0.00524733 0.000623167 5.23093e-07 0.00275509 9.35634e-08 0.0298001 0.00108416 0.0992387 0.00752205 0.00127705 
2.15106e-06 1.86584e-05 0.00386912 0.00166936 1.84661e-05 8.51702e-06 0.000441405 6.09869e-06 0.0147148 0.000195699 1.6783e-05 0.225065 0.090373 0.00799759 0.0251549 3.59479e-05 0.00125825 0.0150201 5.88366e-05 0.404556 1.95427e-05 0.0137935 0.00177371 0.0020629 0.157104 1.54784e-07 0.000675928 0.000115612 0.0184198 0.015346 0.000209031 
1.93251e-07 0.00492362 0.0861765 0.0868003 0.000688716 0.196852 0.000126436 8.37192e-10 0.00217899 0.0109604 9.95177e-07 0.0112382 0.0406867 0.203305 5.95867e-05 0.00226879 3.35891e-05 0.000979646 1.06017e-06 0.215949 0.00055247 0.000119585 0.000391707 0.0251674 0.0519891 1.25791e-09 0.0322648 0.000392075 0.0103615 0.014901 0.000629993 
1.68506e-05 0.00188284 0.00337243 0.0168013 4.13625e-05 0.0273447 9.23202e-05 5.04211e-06 0.0460745 0.0105078 0.0832971 0.0026914 0.0140427 0.0226807 0.0105494 0.00185289 2.57104e-05 0.0895592 7.44657e-06 0.189688 0.00174486 0.136575 0.000802456 0.0449777 0.0350148 5.68223e-08 0.130684 0.000248525 0.125619 0.00296994 0.000829054 
1.89538e-05 1.26254e-06 0.135848 0.0246383 0.000118747 0.000489503 9.85292e-08 9.25216e-11 0.00137062 0.0171879 0.0101118 0.00325209 0.000807314 0.236027 0.000194654 0.00263859 2.12929e-05 0.0185577 1.31901e-10 0.236828 1.25135e-06 0.112152 0.00206569 0.140867 0.0257127 1.39017e-10 0.00664216 1.64712e-08 0.018837 0.00490588 0.00070543 
3.99042e-06 0.000429141 0.0164253 0.0521366 1.28964e-05 0.00667203 1.15361e-05 1.47608e-10 0.000677392 0.204402 1.82121e-10 0.0105108 0.0342645 0.00135605 0.000186294 0.117002 4.82831e-06 0.000155483 5.03943e-05 0.341574 0.00409259 0.00105152 0.000910701 7.54195e-11 0.184698 1.61835e-09 0.00533937 0.0082284 0.00315583 0.00664915 1.32416e-07 
2.24166e-05 0.00026138 0.153631 0.0238714 1.07689e-08 0.000188922 0.00168842 5.37704e-05 0.0278405 0.0166596 0.000255409 0.0239298 0.00571333 0.100411 0.00203207 0.0567987 0.000107587 0.00329021 0.000141093 0.296912 0.00503558 0.0601887 0.0132894 0.00164337 0.0831961 2.51262e-11 0.000294777 0.000900972 0.0165439 0.104467 0.000631987 
9.08374e-11 0.000239961 0.00428205 0.115132 2.78232e-10 0.00680038 1.27412e-06 4.16862e-07 0.243825 2.36427e-07 1.52415e-06 0.102271 0.0732762 0.0138558 5.85662e-07 2.30744e-05 1.62401e-06 0.00369299 0.00255299 0.358546 0.00143034 0.00934502 0.00300785 0.00234404 1.21447e-05 5.96146e-10 0.0327771 1.63373e-05 0.0265565 6.61816e-07 6.96372e-06 
5.14248e-06 0.00538279 0.034664 0.0255022 0.000334715 0.00464861 8.84767e-06 1.14938e-05 0.134247 0.045861 0.00183132 0.0249301 0.00111785 0.0821935 0.00849653 0.00140083 2.33389e-05 0.0585274 0.00229517 0.166136 0.0027384 0.0368276 0.00274841 0.027336 0.0718732 8.3496e-08 0.0237548 0.00219153 0.152007 0.00385143 0.0790538 
3.00913e-07 1.30265e-06 0.000274898 1.41162e-05 5.50683e-05 5.43433e-07 1.91152e-06 0.000252738 9.5548e-07 3.59343e-07 1.62164e-06 0.0481509 0.032154 0.0657735 0.0001996 1.90991e-07 1.04446e-06 0.00023023 0.000211791 0.574511 0.0695668 4.42048e-07 1.62235e-05 0.00157079 1.71729e-05 1.97483e-06 3.37519e-07 6.65033e-07 0.206989 3.33919e-07 4.95892e-07 
0.000682126 0.00214343 0.0273884 0.00336291 1.4928e-05 0.000280114 9.54707e-07 5.9379e-08 0.00188677 0.0984024 6.30306e-05 0.00430698 0.0126144 0.00446067 0.000150279 0.0634683 0.00299546 0.000940616 0.0686952 0.272164 0.00344236 0.000721605 0.0127726 0.000114111 0.271153 2.75598e-09 0.00181263 0.00754166 0.0899865 0.00808535 0.0403489 
7.91535e-05 3.71752e-11 0.165798 0.146603 0.00236044 0.000413687 4.43237e-07 1.86636e-08 0.014025 0.00640766 0.000831232 0.0683183 0.0306805 0.066653 0.00036653 0.00116285 4.52193e-05 0.010022 0.000343532 0.194567 0.00212007 0.0137049 0.150279 0.00256225 0.0125505 1.45567e-09 0.00405634 1.90237e-05 0.0288309 0.0772001 7.76637e-08 
2.53597e-06 0.000294634 0.0418782 0.0441713 0.000162027 7.94703e-07 1.38246e-05 1.83711e-11 0.145168 0.0117455 9.17212e-08 0.0632314 0.00255379 0.1423 0.000659537 0.000938983 5.09965e-05 0.0932335 0.000139403 0.398655 2.31858e-07 0.00013289 0.00854715 9.72473e-05 0.022623 2.76033e-11 0.00747397 0.000374032 0.0122299 0.000916624 0.00240578 
5.60394e-07 4.9947e-06 0.00344238 0.00484193 4.03449e-06 5.33847e-06 0.00805531 0.00515763 0.0205091 0.0120384 0.00192558 0.00889314 0.165058 0.0124592 0.0406756 0.00062777 9.00479e-07 0.0117417 0.000348843 0.224782 7.31045e-07 1.95239e-05 0.00397594 0.00273891 0.0822549 9.68671e-07 0.00373464 0.0843574 0.208897 0.0933511 9.63834e-05 
0.000921821 0.000338942 0.0192455 0.0725461 1.79202e-05 0.0331561 3.06565e-05 2.01102e-07 0.00306918 0.00220335 0.000234507 0.0331346 0.00217014 0.056392 0.000475471 0.0110808 0.102578 0.000381601 5.31425e-06 0.310115 0.00899465 0.00107912 0.0413473 0.00287355 0.11013 1.16651e-09 0.000355408 0.00245545 0.032671 0.0338356 0.11816 
4.11457e-06 3.69811e-06 0.040088 0.111586 2.71217e-06 0.000493134 1.27933e-05 7.58185e-08 0.0245792 0.0366769 0.000106315 0.0283205 0.0822158 0.0257894 0.0102483 0.0572314 9.77501e-05 0.0138304 0.0002062 0.428369 5.20197e-05 0.0187205 0.0104085 0.000194276 0.035333 2.38152e-07 0.00420975 0.00174765 0.0112981 0.0558849 0.00228904 
2.7228e-06 1.56306e-07 4.62147e-08 5.41623e-08 1.39971e-08 0.00737361 3.08772e-09 1.98104e-10 0.000416159 0.00120079 2.96242e-07 1.70986e-05 3.2076e-06 2.21702e-05 6.02348e-06 0.0370461 1.57427e-10 0.000529232 2.82421e-10 0.869 2.33074e-07 4.97443e-05 7.91493e-11 0.00018064 0.0784421 4.62544e-06 1.58536e-06 0.00565616 3.55742e-11 4.69461e-05 7.47439e-11 
0.000621413 0.00145952 0.124236 0.0375701 0.00651907 0.00235243 0.0152454 1.67778e-05 0.0158462 0.0577197 3.10475e-05 0.0500299 0.0169816 0.0725347 0.000704066 0.0197208 0.000390871 0.00469329 0.00786237 0.21215 0.00205228 0.00472504 0.0534745 0.00839343 0.0971683 0.0113285 0.0136624 0.0056101 0.13162 0.0236101 0.00167047 
0.000265796 0.0013134 0.00420611 0.0203056 0.000107405 0.00968304 0.0125878 1.86309e-06 0.000649782 0.00223454 0.00119071 0.0105582 0.0313035 0.0208567 0.000227311 0.000192028 0.102138 0.0385299 0.000336247 0.496846 0.000641032 0.00198641 0.0176825 0.00890817 0.0137436 5.12127e-07 0.11085 0.0429561 0.00886963 0.0402843 0.000543492 
0.00020317 5.39119e-07 0.00191326 0.000727866 3.81453e-07 2.24907e-07 0.000534728 5.43953e-07 1.31351e-05 0.000309665 0.000723899 0.0261238 0.00298897 2.49031e-05 4.21815e-07 0.00396146 2.78786e-05 1.56703e-07 7.75471e-07 0.779072 5.3697e-07 1.82947e-07 2.17328e-07 0.000131651 0.0988731 8.17308e-07 0.000393317 0.0296147 0.0542503 1.38197e-07 0.00010701 
0.00010655 0.000206068 0.0452696 0.0165197 8.5463e-05 0.00616556 9.59909e-05 2.75213e-05 0.0257529 0.0544637 0.000243012 0.00789826 0.000653165 0.00709011 0.000245273 0.0101941 6.29335e-05 0.00502378 9.08838e-05 0.354098 0.000118058 0.00868078 3.52091e-07 0.0347078 0.13715 0.0553478 0.00237448 0.0222823 0.198916 0.00247188 0.00365765 
4.17823e-06 1.98568e-11 0.0718779 0.191463 1.7708e-08 0.00125757 1.10789e-07 9.59751e-06 0.0294263 0.00746144 0.000657441 0.0198135 0.000123299 0.122903 0.000457735 0.00112726 3.71837e-05 0.0556354 0.000365561 0.405299 5.7139e-05 0.00038197 3.75901e-09 0.0050418 0.000938929 0.00134117 0.0153248 5.92055e-06 0.0398284 0.02485 0.00430954 
8.14493e-05 0.000359631 0.0570046 0.0113776 7.56029e-08 0.0067154 2.27988e-07 3.41398e-08 0.00702111 0.138773 0.00538501 0.00416464 0.0010666 0.0190525 0.000164936 0.0524344 0.00270534 0.0012116 0.000623157 0.310704 0.000141682 0.00055208 0.0375976 0.00461977 0.107056 2.86787e-08 0.0111524 0.00241118 0.2006 0.0100082 0.00701536 
1.02256e-07 0.00311845 0.00406833 0.0402368 0.000100491 0.0183802 2.49425e-10 1.715e-10 0.00227487 0.0110612 1.08053e-07 0.0771371 0.000214763 0.00320777 6.27098e-08 0.00477062 0.00675103 2.13701e-07 2.34781e-05 0.65466 7.30081e-06 1.08189e-07 1.47966e-07 5.90382e-05 0.117173 2.57686e-10 0.00258906 0.0537602 9.84918e-05 0.000305011 2.16922e-06 
9.68995e-06 0.00183731 0.0570885 0.0148587 1.91882e-08 0.00143107 2.71565e-07 1.40734e-08 0.00179306 0.0291106 2.7908e-06 0.00827622 0.000278922 0.0031008 0.00170521 0.0719156 0.000145525 0.000196032 0.00234824 0.727072 0.000214949 0.000313335 0.00404432 0.00079401 0.0609023 1.32028e-08 0.000385871 0.00220733 0.000125324 0.00983884 2.51326e-06 
1.23974e-11 0.00204434 0.00802592 0.100787 9.67366e-08 0.00749692 2.37311e-07 5.41494e-11 0.0524866 0.0888293 6.68104e-11 0.0160962 0.00301433 0.006818 0.0235213 0.140076 0.000242591 8.90425e-07 0.0044299 0.461597 1.07239e-05 0.00235313 0.000968625 0.0165794 0.0151454 3.37627e-08 0.0181833 0.000545866 0.025397 0.00502419 0.000325403 
0.000395105 0.00498107 0.0954413 0.0908 6.50158e-06 0.0102169 0.0311762 1.06916e-06 0.0459896 0.0107765 0.006284 0.0633987 0.0344246 0.0597829 0.00264999 0.000626806 0.0131105 0.0126434 0.0142296 0.167126 0.00948067 0.000664991 0.028216 0.025413 0.0310803 5.58761e-07 0.0167204 0.00265368 0.139469 0.0578362 0.0244043 
7.61682e-08 1.38657e-05 0.000325377 0.00109422 3.54884e-05 9.14775e-06 1.58577e-09 2.58092e-07 0.000233375 0.0179502 8.32979e-07 8.03337e-05 0.00174406 9.56609e-06 2.23378e-05 0.183123 4.52092e-05 3.65273e-08 0.0477344 0.390334 0.00106232 6.89349e-06 0.00328831 0.000107753 0.347634 1.63829e-09 1.66121e-06 0.00438806 0.000752372 2.81045e-06 7.9063e-08 
1.98812e-05 8.88758e-06 0.18238 0.0116708 3.12041e-06 0.00352677 4.76563e-07 6.80728e-07 0.0350863 0.0924612 0.000735812 0.0582642 0.00313631 0.0529497 0.000629425 0.0545273 0.000600855 0.0319404 0.000106159 0.187608 0.00188981 0.00089717 0.0196182 0.000955834 0.155946 6.97707e-09 0.016577 0.00176845 0.0115243 0.0114562 0.0637104 
2.30791e-05 5.7732e-05 0.0451973 0.0495801 0.000347113 0.00294529 0.00181389 0.000129796 0.0219519 0.0145701 7.02282e-05 0.0505963 0.0998724 0.098229 0.0177912 0.0346967 0.000495576 0.0179027 0.00106825 0.322008 0.000574959 0.034637 0.00754644 0.00945397 0.0186134 0.000257937 0.0112818 0.000227635 0.118775 0.0170481 0.00223641 
2.09061e-08 0.000514015 0.0171787 0.00168675 3.03966e-07 0.0057124 9.42811e-11 3.83597e-07 0.00183305 0.00148971 1.26799e-06 0.000184761 0.00328444 2.26725e-05 4.51478e-05 0.206536 1.63792e-05 1.01916e-05 0.000131489 0.515275 0.000286087 0.000344335 0.00126831 0.00975752 0.220521 5.74204e-07 8.49495e-06 0.002763 0.000335741 0.00954074 0.00125119 
7.45862e-05 7.51674e-07 0.000827804 0.0148536 1.77562e-07 0.00256943 2.21557e-08 1.374e-07 7.97495e-07 0.0104775 6.74694e-08 0.0570205 0.321858 0.000397117 7.51934e-07 0.00575692 8.19098e-07 8.6689e-05 2.4872e-06 0.498301 6.1266e-06 0.000168719 2.68524e-05 0.0281574 0.0585381 2.28895e-08 0.000564993 0.000290979 7.11559e-06 1.05586e-05 9.07321e-08 
0.00134717 0.0140666 0.260203 0.0330599 3.64444e-05 0.00256133 5.2346e-05 2.12629e-05 0.0199118 0.0338258 8.82527e-05 0.0501169 0.0123844 0.0229898 0.000412968 0.0740396 0.000554783 0.00211146 0.00246533 0.314281 0.000429117 0.00715821 0.00976345 0.0383793 0.0503466 0.00141111 0.00207527 0.00486395 0.0113832 0.0292361 0.000423439 
0.0577816 0.000771412 0.0124843 0.00220358 0.000874574 0.00339155 0.000540388 1.04614e-05 0.126522 0.00420107 4.91315e-05 0.00815017 0.00351421 0.0184073 4.74307e-05 0.00384438 0.000188689 0.00830439 0.000257826 0.461704 0.00759039 0.0701137 0.0204149 0.0224346 0.0509807 2.22469e-06 0.0044008 0.00632726 0.00294527 0.0971324 0.00440869 
5.33101e-05 1.27731e-05 0.211754 0.0031551 4.10464e-08 0.000186911 3.15042e-10 3.0154e-08 0.0011332 0.00452078 9.26548e-06 0.0388871 0.0392873 0.0490439 0.00163184 0.0309523 0.000168604 0.00133902 7.73315e-07 0.365965 1.49788e-06 0.00075194 0.00438059 0.00221274 0.19421 3.25476e-10 0.000457186 0.00313839 0.0251958 0.0214961 5.48827e-05 
7.08878e-07 1.0705e-05 0.165643 0.00719279 7.13808e-08 0.0020221 4.40294e-09 5.37285e-08 0.000607327 0.0402028 2.39356e-08 0.00386665 0.0193072 0.000125191 0.00363744 0.161375 8.28163e-06 0.033361 3.09544e-06 0.392073 0.000634378 7.07259e-05 0.0634377 0.000575884 0.0675461 2.30792e-07 0.00023332 9.54105e-05 0.00759805 0.0302096 0.000162028 
6.09799e-06 0.00104259 0.126944 0.00613496 3.79185e-06 0.0109919 1.21629e-09 7.50131e-08 0.0013685 0.0620525 2.55492e-06 0.0587888 3.99631e-07 0.0469572 0.044008 0.0081913 0.00128527 0.0087768 4.73632e-05 0.332597 1.48202e-07 0.0107081 8.82527e-05 0.00643768 0.041898 1.25657e-09 0.000276998 0.00933849 0.217074 4.3884e-06 0.00497486 
1.94389e-06 0.00041796 6.05543e-05 0.00644946 9.0665e-05 0.00153848 1.80997e-05 8.83201e-07 0.00685911 0.0423915 1.03878e-05 0.0299197 0.020247 0.00463429 0.000204288 0.000141395 0.000171698 0.00303981 3.66439e-05 0.774748 0.00346959 0.000406605 0.00167034 0.00130576 0.00459546 1.32704e-06 0.00344746 0.00192227 0.0910995 0.000457377 0.000642173 
3.9687e-06 0.0030458 0.0447879 0.0392376 3.4494e-05 0.0156387 4.37089e-06 1.15366e-06 0.00542457 0.0506128 0.0001084 0.0141956 0.0292694 0.00467984 0.000216202 0.0146895 0.000261527 0.0104848 0.000415995 0.262041 0.00167272 0.00121044 0.000552273 0.230937 0.227463 6.0519e-05 0.0112447 0.00359942 0.00826957 0.0188026 0.00103412 
1.20956e-09 5.23619e-09 0.0843364 2.13077e-05 3.70485e-09 1.29597e-06 2.50377e-05 5.28313e-09 3.19726e-06 0.153319 4.78206e-06 9.63963e-06 4.36462e-06 2.00869e-05 4.09688e-09 7.67718e-10 6.25853e-07 0.00522741 7.53176e-09 0.437326 5.21531e-09 2.66593e-05 2.11079e-09 0.14219 0.023747 7.9381e-09 0.010932 2.6732e-09 0.142802 1.34223e-09 4.38305e-06 
6.03065e-07 0.0174689 0.115201 0.106881 6.02627e-07 0.0744576 6.01925e-07 0.000422246 0.019905 0.0877407 6.0213e-07 0.0108561 0.0177293 0.0535048 0.00994277 0.0105556 0.00494139 0.0112166 0.0108357 0.193454 6.0236e-07 0.00156831 0.00337687 6.02802e-07 0.163526 6.0188e-07 0.00597068 0.0222442 0.033232 0.0173682 0.00759749 
1.65393e-05 0.000561305 0.174181 0.0304126 0.000759728 0.000326323 0.0046037 1.24453e-05 0.00736405 0.0336855 0.000163181 0.040106 0.000586536 0.025457 0.0779735 0.0846923 2.98618e-05 0.000160292 0.000190725 0.395696 0.000899649 1.58396e-05 0.00369968 1.12642e-05 0.0309312 0.000519383 0.00330748 0.00254108 0.0685719 0.00550674 0.00701752 
7.20791e-06 9.13241e-05 0.0210732 0.0949485 8.16727e-10 0.00451716 1.0288e-05 1.16466e-09 0.321699 0.012253 5.43377e-08 0.00297437 0.0235019 0.0289202 9.03148e-10 0.000329205 7.10759e-07 0.0259205 5.19724e-06 0.353247 4.11647e-06 3.14403e-06 0.000804111 0.027778 6.17562e-06 1.74994e-09 0.00632921 1.27334e-06 1.35126e-06 0.0754218 0.000152815 
5.65069e-08 1.07083e-06 0.0165299 0.06069 1.48586e-06 0.170569 1.82545e-08 3.15936e-08 0.00473956 0.158171 0.000483233 0.00392155 0.00175326 0.0680984 0.00311199 0.0546615 8.91445e-08 0.00538303 2.55641e-10 0.224 5.53024e-08 4.2817e-05 0.000223751 0.000380989 0.198355 3.19492e-07 0.00436772 0.00067876 0.0234688 0.000310847 5.63844e-05 
8.61822e-06 0.182195 0.0318338 0.0170822 3.82488e-09 0.00298943 7.93254e-09 7.64154e-06 0.00397087 0.035259 4.79074e-05 0.0114774 0.0145585 0.00965287 0.000115109 0.0183585 0.000380017 0.000321222 0.000137662 0.281313 4.52694e-05 0.00300576 0.00294989 0.00014002 0.147996 5.66642e-08 0.000424171 0.229537 0.00266947 0.00335701 0.000165988 
4.6992e-09 4.10759e-07 0.155865 0.0143786 2.60152e-08 0.0125551 0.00111329 1.28162e-10 0.0148445 0.0342387 0.000417417 1.05815e-06 0.00466029 0.00133025 0.000346923 0.000149829 0.00224887 0.0165194 0.00111685 0.413277 0.000373643 0.000118585 1.74242e-07 0.000343437 0.268757 1.92568e-10 0.0138182 0.00361049 0.0102053 0.0026634 0.0270467 
0.000153261 7.13357e-05 0.010915 0.00644038 1.23947e-05 0.000548109 3.58872e-06 1.02745e-05 0.00158501 0.00358254 6.15493e-06 0.0470399 0.0122673 0.00205939 0.000258731 0.00576358 5.35309e-05 0.000662452 0.000169312 0.77341 0.00231275 0.000571242 0.0029374 0.00133682 0.0866279 3.70758e-06 0.000255759 0.00435421 0.0269705 0.00954832 6.94381e-05 
2.70194e-06 0.000406569 0.070589 0.177737 1.596e-07 0.000702893 1.9332e-08 1.51559e-07 0.00443884 0.061605 0.146349 0.00125003 0.00536209 0.00236477 0.000924144 0.000206492 8.73881e-07 0.000321726 1.89499e-08 0.22888 0.000328681 0.000114859 0.00294074 0.0103712 0.0150635 1.99722e-08 0.121208 8.68978e-05 0.134299 0.0020916 0.0123544 
8.03624e-05 3.06126e-07 0.184136 0.0617116 2.75372e-08 0.00189789 9.229e-11 2.01898e-08 0.0560148 0.00989582 0.000202357 0.0496152 0.00890361 0.155165 0.00113048 0.0214857 0.000183376 0.0194768 0.000125401 0.200493 0.000366616 0.00335819 0.0280347 0.00247086 0.081624 9.53467e-11 0.00355804 0.00362882 0.0236448 0.072707 0.0100893 
5.72735e-09 3.15028e-07 0.0349298 0.0507125 6.25262e-06 0.0614628 8.95518e-11 6.15744e-11 0.000101387 0.0436226 1.46491e-07 0.00436269 0.0657885 0.000369176 0.000741869 1.12295e-07 3.36142e-08 0.0583895 2.05349e-08 0.293972 6.55825e-08 0.00272809 1.54275e-08 0.200146 0.175319 9.25177e-11 0.000735203 0.00119065 0.00018858 0.0052251 7.19705e-06 
2.7228e-06 1.56306e-07 4.62147e-08 5.41623e-08 1.39971e-08 0.00737361 3.08772e-09 1.98104e-10 0.000416159 0.00120079 2.96242e-07 1.70986e-05 3.2076e-06 2.21702e-05 6.02348e-06 0.0370461 1.57427e-10 0.000529232 2.82421e-10 0.869 2.33074e-07 4.97443e-05 7.91493e-11 0.00018064 0.0784421 4.62544e-06 1.58536e-06 0.00565616 3.55742e-11 4.69461e-05 7.47439e-11 
1.11515e-05 0.0121871 0.0439932 0.0801921 0.000116336 0.00337177 0.000291878 1.57799e-05 0.0249541 0.0869131 0.00402305 0.144469 0.0901955 0.1063 0.00654903 0.00435201 0.00256925 0.0128282 0.00026842 0.195295 0.00123704 0.0325646 0.00686802 0.00656839 0.0736362 3.85096e-05 0.0151159 0.00130728 0.029435 0.013457 0.000876227 
9.39142e-08 8.64845e-07 0.0263631 0.115374 0.0161819 1.39767e-06 4.76516e-10 9.1421e-05 0.0105844 0.125258 6.21919e-08 0.00175944 0.0233272 3.71382e-06 0.000394145 0.0039883 6.84746e-05 0.0343746 9.7855e-07 0.310357 6.84491e-05 0.0741867 0.00546357 0.0326956 0.219084 4.92298e-10 1.07162e-06 0.00036816 6.11009e-07 8.32415e-11 2.1535e-06 
5.73576e-06 0.0214356 0.00111224 0.0982432 0.00139296 0.0115895 2.8278e-05 3.0893e-05 0.0299088 0.00117402 0.000111271 0.0186385 0.240999 0.0172272 0.0122949 0.00838785 0.000190716 0.150568 9.59817e-07 0.267984 0.000235369 0.00185358 0.000156906 9.68446e-05 0.0838817 1.0116e-06 0.0126276 2.35026e-05 0.0174452 0.000330319 0.00202503 
3.26362e-07 8.91283e-08 0.106616 3.94904e-06 1.81133e-06 9.94342e-07 8.80678e-06 8.90369e-10 6.06489e-07 0.169493 2.52777e-06 0.00746409 2.45842e-06 1.15359e-06 6.90448e-10 1.29384e-10 0.0109602 1.12349e-05 1.26933e-09 0.395986 2.64561e-07 3.47402e-06 3.55733e-10 0.0012254 1.1907e-05 1.33781e-09 1.75145e-05 0.0291402 0.279046 1.19912e-06 3.35933e-10 
0.00168023 0.000649746 0.121107 0.182129 0.00076212 0.00546476 0.000382848 1.7806e-05 0.0275483 0.0282524 0.000578441 0.0256598 0.0450451 0.155766 0.0133014 0.0107871 0.000767067 0.017182 0.000157384 0.200511 0.00136684 0.00767304 0.0192787 0.00922927 0.040077 0.000583156 0.0100276 0.00184049 0.0276343 0.0362087 0.00833144 
3.83519e-07 8.44014e-10 1.72975e-07 0.316185 5.9718e-10 1.53172e-06 2.91705e-07 3.34538e-06 0.0357762 0.0501004 0.000232038 0.0448268 0.00644026 0.0124793 0.000520845 0.0228374 0.00532352 0.00305708 9.98648e-07 0.32377 0.0162304 0.000977368 0.000346406 0.0337889 0.00247503 1.27953e-09 0.0234705 3.20441e-07 0.0847275 0.0163855 4.25078e-05 
1.43135e-08 4.15374e-09 0.187427 0.030263 3.61556e-07 2.44389e-06 0.0226986 4.19098e-09 0.000276652 0.00229039 5.17089e-09 0.206377 0.196265 0.00489253 1.04356e-06 2.17986e-08 9.78655e-07 3.19072e-06 5.97476e-09 0.342477 7.5266e-07 1.40955e-09 1.35016e-06 0.00176976 3.84933e-10 6.2971e-09 0.00321593 2.52041e-05 3.93883e-06 0.00199736 1.08001e-05 
0.015437 0.00188312 0.00956996 0.00827751 0.000606171 0.00518612 0.0491401 0.00539386 0.0200093 0.0780268 4.87727e-05 0.00614948 0.00166823 0.0237289 0.000229182 0.00299119 0.0122778 0.00660215 0.034123 0.210694 0.0035447 0.136054 0.020709 0.0181699 0.167893 1.65931e-09 0.000347091 0.0101336 0.13662 0.00171863 0.0127666 
1.03542e-07 0.00311872 0.00095966 0.00926571 1.86378e-07 0.0116489 3.22449e-10 2.21711e-10 0.000122725 0.0127286 0.000305493 0.040716 1.35929e-07 0.000370002 1.71929e-10 0.00712367 0.00675318 1.99766e-07 2.34988e-05 0.559147 4.98966e-08 7.4568e-11 8.85812e-11 0.000137085 0.2943 3.33129e-10 0.000398029 0.0511163 0.00173225 3.08081e-05 2.17265e-06 
4.17823e-06 1.98568e-11 0.0718779 0.191463 1.7708e-08 0.00125757 1.10789e-07 9.59751e-06 0.0294263 0.00746144 0.000657441 0.0198135 0.000123299 0.122903 0.000457735 0.00112726 3.71837e-05 0.0556354 0.000365561 0.405299 5.7139e-05 0.00038197 3.75901e-09 0.0050418 0.000938929 0.00134117 0.0153248 5.92055e-06 0.0398284 0.02485 0.00430954 
1.7596e-06 0.00615316 0.0723312 0.109642 1.75833e-06 0.0279715 1.75628e-06 1.75752e-06 0.0982035 0.110673 1.75688e-06 0.0638773 0.0325519 0.0227059 0.0444822 0.0522686 1.75806e-06 1.75944e-06 0.0112424 0.114898 1.75755e-06 0.022697 0.00897337 1.75884e-06 1.75998e-06 1.75615e-06 0.0673917 0.00404712 0.097667 0.0322012 1.7592e-06 
8.77049e-08 3.87621e-10 0.0739241 0.0377325 4.29115e-08 2.21779e-06 5.68798e-10 9.33802e-08 0.00469741 0.0168705 0.000113221 0.00156246 0.000809432 0.172133 2.64859e-07 0.000203409 3.50628e-07 0.00130319 5.76717e-07 0.386055 5.3345e-08 0.00481514 2.2307e-07 0.00122646 0.0208299 5.87636e-10 0.000695951 0.000237628 0.276648 9.9362e-11 0.000139312 
1.29133e-05 5.20273e-08 0.175507 0.0742653 5.60043e-09 8.47959e-08 1.5068e-11 1.22087e-08 0.00945818 0.0392 6.50298e-05 0.00798007 0.00194615 0.223869 7.61303e-08 0.000322397 1.20431e-08 0.00516937 0.00140813 0.378574 1.32944e-05 0.00572669 0.000220827 0.000212299 0.0633905 1.55671e-11 0.000852874 0.000214648 0.0115897 5.62075e-07 8.8547e-09 
2.71127e-05 0.00020796 0.00419101 0.0226593 1.46403e-06 0.000108182 2.29595e-05 0.00141553 0.00126226 0.0149242 0.000311779 0.0010701 0.00962795 0.0483489 0.00143546 0.00766665 0.00320199 0.0529503 0.000476169 0.720792 2.60187e-07 3.97424e-06 1.49685e-05 0.0379548 0.00242628 3.96023e-07 0.024682 0.000934242 0.0342067 0.00719597 0.00187897 
0.000218524 1.83086e-05 0.0450932 0.0709807 0.114787 0.00259921 2.24226e-05 0.000559349 0.0119683 0.0991644 0.00242699 0.00659735 0.0260363 0.0102116 0.00769606 0.0563045 0.0016692 0.00525534 7.61762e-06 0.224062 3.01513e-05 0.00624638 0.0315391 0.0035483 0.152654 3.45288e-09 0.00467066 0.00363316 0.0591753 0.0495176 0.00330718 
7.96068e-06 0.0304991 0.0703299 0.0733609 9.36618e-05 0.00704708 2.21429e-08 6.53789e-06 0.0536285 0.190518 1.95313e-05 0.0407296 0.055303 0.00944598 0.000310836 0.0231141 0.000190663 0.0122859 0.000304212 0.202259 0.0122297 0.0184655 0.00288141 0.01818 0.142108 3.23218e-10 0.00268225 0.00370929 0.0122265 0.0177518 0.000310556 
1.11802e-05 0.000233879 0.0161302 0.0199112 0.00802626 0.0119359 0.000709874 1.67791e-06 0.0435083 0.0217264 7.40325e-07 0.0218846 0.22563 0.0510557 9.10558e-05 0.0202513 0.00368696 0.0116139 9.07154e-06 0.363105 0.0306211 0.000714813 0.00172937 0.048112 0.085713 2.66556e-06 0.0104957 0.00149293 0.000508367 0.000539778 0.00054784 
0.000117045 0.000104713 0.0663988 0.0867724 0.0034923 0.00359441 1.20894e-05 7.80643e-06 0.0169848 0.109106 0.000351732 0.109623 0.0111602 0.0905465 0.00604439 0.0098627 0.000108894 0.0266447 0.00175867 0.166766 0.00296349 0.0681777 0.0281549 0.0541358 0.0821125 1.22814e-08 0.00345268 0.00104468 0.0190175 0.0273504 0.00413337 
9.01161e-05 0.000764032 0.0528778 0.0652773 4.45393e-05 0.00343842 0.00345194 2.24123e-05 0.00635296 0.0760386 0.000290119 0.0117874 0.158537 0.0530332 0.00112435 0.0277459 0.000599963 0.00178498 0.0287635 0.252537 0.00088885 0.00265029 0.00279946 0.000434392 0.0630871 2.66623e-08 0.00817983 0.000683271 0.16142 0.0117198 0.00357524 
0.141958 0.000924099 0.0384154 0.00823475 5.60741e-06 0.00293199 0.000527226 6.70959e-07 0.00173028 0.0149393 6.66556e-05 0.00613081 0.00757589 0.00295807 0.0013934 0.0191947 0.00195203 0.00555596 0.000590371 0.242883 0.000320298 0.00105765 0.0129027 0.00944961 0.133883 1.51642e-05 0.155605 0.00979366 0.00603902 0.142933 0.0300326 
4.74733e-06 0.000318628 2.72714e-05 0.0443266 0.00387207 0.0188246 0.000340959 1.08614e-05 0.011154 0.0179896 0.0112299 0.0113035 0.000617306 0.0136769 0.0023276 0.00179164 0.00288019 0.0192315 1.47702e-07 0.419882 0.00484273 0.00511024 0.00091708 0.0516941 0.0578328 0.00153611 0.0337591 0.000403006 0.167982 0.0745371 0.0215756 
9.61882e-06 0.00126532 0.109354 0.117873 0.0002008 0.0106855 8.51721e-07 2.43837e-05 0.0019723 0.0445266 3.37993e-05 0.00775827 5.01437e-06 0.0560626 0.00235649 0.0111446 0.000177684 0.00102545 2.67387e-07 0.323288 0.000588377 0.0104405 4.47481e-05 3.39071e-07 0.122195 5.85027e-10 0.000246622 0.00119948 0.137943 0.0349654 0.00461163 
1.24113e-05 0.17213 3.43025e-05 6.42394e-05 0.000261693 0.0163324 3.10638e-06 6.306e-07 0.00649825 0.00250313 0.000667936 0.0483338 0.0659043 0.0163319 0.00288895 0.14499 4.27013e-05 0.000425749 8.07897e-08 0.333731 0.0001785 0.00289345 0.00147858 0.000348271 0.156887 1.15677e-07 0.00482213 0.00347599 0.00856966 0.00481 0.00538007 
2.09108e-06 0.00247138 0.128348 0.0284476 1.60167e-07 0.00221161 2.21595e-07 1.17885e-07 0.0230986 0.023041 4.8055e-08 0.0691901 0.0107252 0.0050305 0.000607645 0.00252703 0.00308154 0.0254556 5.79827e-05 0.524266 0.0879605 0.0204634 0.00487547 0.00291901 0.0152184 1.48258e-07 0.00591122 0.00825285 0.005341 1.00728e-05 0.000485451 
0.000604252 0.000174947 0.0288345 0.0450933 0.000196823 0.0143142 0.000126154 2.04187e-06 0.0224585 0.0285674 2.18473e-05 0.0131506 0.00854663 0.105111 0.000851055 0.0334838 0.000810896 0.000286015 0.00124308 0.409841 0.00123873 0.00157554 0.0620393 0.00239812 0.159126 1.72442e-06 0.00354877 0.00144982 0.0393352 0.0153159 0.000253067 
8.82934e-05 0.000342756 0.0983124 0.0149309 1.26869e-06 0.00194744 4.75777e-09 3.27137e-09 0.00299053 0.189546 0.000253386 0.00238379 0.00426299 0.00616681 6.93013e-05 0.00056414 5.20335e-06 0.00265889 0.000186996 0.331069 0.00765551 0.0034551 0.0193508 0.00249225 0.0478145 4.91535e-09 0.000383543 0.00627036 0.0691139 0.184659 0.00302565 
0.033246 0.000377618 0.0427542 0.0108637 0.00032552 0.00731226 3.17395e-08 1.73973e-05 0.00633707 0.0777114 0.00017539 0.0111389 0.00209887 0.0532993 0.000366828 0.159124 0.000202251 0.00913631 1.14099e-05 0.440635 0.0029948 0.00131517 0.00156944 0.00857442 0.0755908 1.76829e-05 0.0423734 0.000472458 0.00802063 0.00357272 0.000364304 
5.0848e-06 0.0182767 0.0392939 0.144938 0.000897408 0.0808518 3.71668e-06 4.76147e-06 0.00676181 0.0116957 0.000662936 0.00693454 9.81212e-05 0.00954635 0.00063972 0.00911513 0.000203822 0.011625 0.00615209 0.328005 1.85744e-05 0.000484755 1.34834e-05 0.0296769 0.122578 6.46561e-07 0.0146786 0.00591626 0.126027 0.02009 0.00480488 
