4.23937e-05 1.03516e-08 0.567613 0.08238 4.87045e-06 6.47514e-05 2.10278e-08 1.12048e-06 0.0120025 0.00247947 3.91424e-08 0.0462935 0.00695365 0.0630246 4.23226e-05 3.09631e-06 0.000175962 0.00304438 2.13805e-07 0.00445265 7.99763e-12 0.026079 0.0272784 0.000202516 8.53739e-05 1.2173e-11 0.000538081 1.35108e-05 4.44571e-05 0.15707 0.000110039 
0.00612409 0.00371733 0.295008 0.0269801 0.000154592 0.00048021 8.91583e-07 3.71941e-08 0.044515 0.0059331 0.000436267 0.0157146 0.0246203 0.130577 0.000150267 0.021538 0.00665279 0.0122075 1.73986e-05 0.00585689 0.178123 0.00216073 0.0447696 0.000530912 0.0315927 1.00055e-08 0.0048525 0.00934701 0.0474517 0.059153 0.0213339 
0.00476192 0.00623853 0.239841 0.0758757 2.87947e-05 0.0339895 0.013576 0.00901103 0.0121691 0.17064 0.0042946 0.0101252 0.010809 0.0199277 0.00090866 0.008145 0.00185815 0.00675457 0.00636873 0.0424239 0.000853171 0.0135266 0.0354041 0.018456 0.131439 1.57204e-05 0.0327463 0.0109484 0.0408608 0.0363605 0.00164162 
1.01629e-05 0.0881061 0.356667 0.067279 0.000839696 0.0100333 0.000111162 1.18037e-07 0.00843102 0.00501111 0.0057316 0.00587437 0.00297009 0.137456 0.000300564 0.0102618 0.00015992 0.0298075 0.00774359 0.00477753 0.00017301 7.28993e-05 0.000569284 0.00949346 0.0344089 1.39135e-07 0.160836 0.00304011 0.0266658 0.0185537 0.00461453 
1.28993e-05 0.0001322 0.521145 0.097983 2.43988e-09 0.000147099 5.40822e-09 7.98067e-07 0.0109109 0.00281655 9.28376e-06 0.00603376 0.00187726 0.246503 1.92455e-05 0.0152911 5.68229e-05 0.00109069 1.60119e-05 0.00076837 0.000695847 0.0216732 0.000348342 0.0326276 0.00758239 1.36182e-11 0.000710663 0.00361341 0.00698413 0.0207951 0.000154973 
2.6385e-05 4.60439e-05 0.362983 0.0123356 2.48359e-06 4.4299e-05 5.60767e-08 2.7708e-05 0.0110402 0.0274053 5.46093e-05 0.0298076 0.0121135 0.0739844 0.00049801 0.000236075 0.00145872 0.00043756 2.30883e-06 0.00488026 1.30337e-05 0.270463 0.00116737 0.00120982 0.00952045 2.62945e-09 0.00812983 0.00019274 0.158231 0.0133593 0.000328674 
9.86171e-05 4.69556e-08 0.386114 0.032668 7.72742e-09 0.0104698 1.39974e-11 2.35077e-08 0.0371432 0.00880229 3.0442e-05 0.0107678 1.45501e-07 0.232614 0.001253 1.65334e-08 5.82338e-08 0.0079232 0.000342609 0.0192587 1.00716e-07 0.144852 0.00889787 0.000709511 0.0164699 1.4461e-11 0.0139814 8.74848e-10 0.0437033 0.0119536 0.0119459 
1.23916e-05 5.97786e-05 0.23957 0.0406935 8.41153e-05 0.0116057 1.4169e-06 9.94373e-06 0.0870102 0.0101218 2.50964e-05 0.0244357 0.209129 0.0246336 0.000248665 0.00312443 1.08969e-05 0.00546283 0.00100869 0.00307506 0.000206062 0.00880594 0.0357609 0.0199752 0.0203966 2.26489e-10 0.0667792 0.00519722 0.00348518 0.174195 0.00487625 
2.34754e-05 1.85435e-06 0.887125 0.00585435 0.00079078 0.000180105 0.00620021 8.28761e-06 0.00637723 0.000107593 4.439e-05 0.0438588 0.00237156 0.000666321 0.000199982 0.00743402 1.94651e-05 0.000237279 0.000128009 0.00117808 1.42543e-05 0.00559537 0.000331621 0.000912555 0.00810112 5.87466e-05 3.50923e-05 0.0120926 0.000965909 0.0089155 0.000170238 
1.71344e-06 1.71839e-10 0.225006 1.79046e-06 3.20371e-08 1.51677e-06 2.52157e-10 2.82844e-08 0.0129671 0.0208854 0.00129798 0.0114276 1.32045e-07 0.104887 3.59183e-05 2.51946e-11 0.00104019 0.00534894 0.000940682 0.206258 1.12405e-06 5.83126e-11 0.0169197 8.85871e-11 0.126425 2.60509e-10 0.0705915 0.109429 0.0417781 0.0432092 0.00154591 
2.8753e-05 0.000138407 0.643013 0.044384 2.15129e-05 0.000887734 0.000725687 7.35336e-07 0.00401431 0.019914 0.000384605 0.00855815 0.0216399 0.0552807 0.000872527 0.0133902 8.9117e-05 0.00263431 2.89255e-06 0.0657784 0.000330559 0.0179028 0.0096353 0.00957796 0.0221198 2.2294e-10 0.00564335 0.00166642 0.0214949 0.0293026 0.000567562 
2.00907e-08 0.000739266 0.193783 0.0800242 1.50472e-05 0.0162347 0.00013417 2.1397e-06 0.0619614 0.019782 6.72457e-05 0.0687129 0.0109213 0.0355416 0.0023579 0.000781734 4.01367e-05 0.186306 5.5614e-07 0.0325131 8.31072e-05 0.020826 0.0619254 0.113364 0.0129695 9.53047e-10 0.00188018 0.00156144 0.00144506 0.0720625 0.00396419 
0.0115388 0.000133545 0.334003 0.0788144 0.0535358 0.00181776 2.2585e-07 4.15685e-05 0.0277611 0.00271889 0.000171824 0.00356719 0.0182609 0.12477 3.68459e-05 0.00707883 5.36068e-05 0.00747485 0.000276401 0.0126652 4.3777e-05 0.00426792 0.0953118 0.00499102 0.0387145 6.26241e-11 0.00175037 0.00635645 0.00710544 0.1454 0.0113373 
1.85821e-05 1.96025e-05 0.411856 0.115087 2.58936e-05 0.000887516 1.67605e-07 6.91253e-05 0.0172126 0.0117675 3.58774e-05 0.00568867 0.00220669 0.220462 0.000701564 0.002066 1.38102e-06 0.000731516 0.000291179 0.015981 2.67859e-06 0.0211142 3.06713e-06 0.104561 0.0197904 1.40758e-08 0.000814902 0.00660385 0.0267817 0.0142576 0.00096018 
3.53762e-06 2.40472e-08 0.789566 0.0210231 1.05338e-09 1.53836e-08 2.33494e-09 6.24068e-07 6.13639e-09 0.00154484 3.06969e-05 0.00830466 0.0105883 0.0650645 6.55365e-06 0.00085579 2.2071e-06 0.00199941 5.26132e-12 0.00211082 8.27726e-05 2.02253e-05 0.00353869 1.64099e-08 0.0138903 1.69661e-10 5.44831e-05 0.0121103 0.00053394 0.0685843 8.43121e-05 
2.83412e-05 1.21424e-08 0.667522 0.000263422 1.26542e-05 0.000132329 0.0001849 6.91487e-05 0.0104249 0.000427589 0.000216022 0.164697 3.41654e-09 0.0574574 0.000824917 4.35909e-05 0.000136488 0.000241255 6.75805e-05 0.00354245 0.000787077 0.0340499 0.0012851 6.25969e-09 0.000767255 1.84079e-08 0.00197671 0.000355488 0.0279476 0.0248793 0.0016598 
3.85676e-05 0.000169935 0.742791 0.0307699 4.82802e-05 0.000126739 1.25813e-05 1.29741e-05 0.00108612 0.00022845 5.82164e-05 0.0200004 0.00388231 0.037301 0.00039866 0.000638581 0.000144526 7.68782e-05 1.31004e-07 0.000807457 0.000145856 0.103709 0.000274093 0.00301006 0.000274401 1.51219e-08 0.000407352 0.00045852 0.0243056 0.0284232 0.000398808 
2.05328e-05 1.92913e-09 0.598994 0.0583147 7.44267e-08 0.000309435 3.68571e-05 9.0106e-08 0.0257374 5.39118e-05 3.37508e-08 0.026131 0.0938523 0.0143851 0.0363873 7.85053e-08 2.3486e-05 0.0117927 2.95499e-05 0.0192826 1.92144e-09 0.0834983 0.0117458 0.000100274 0.000473003 2.92457e-09 0.000566367 2.71314e-06 0.0155249 0.000297819 0.00243997 
1.62176e-05 1.31145e-05 0.293254 0.152642 0.000300237 0.0286333 1.30585e-07 9.50193e-06 0.0035777 0.00576311 3.34247e-05 0.0251317 0.00251813 0.0560414 0.024211 0.000894356 6.35992e-05 0.0288304 0.0106202 0.00746373 2.99881e-07 0.243625 0.0101004 0.0034718 0.000137229 3.24684e-09 0.00588064 8.33966e-05 0.00420194 0.0920722 0.000410207 
3.6531e-07 9.55707e-08 0.291702 0.0786509 1.36105e-10 0.00336859 2.82273e-10 1.59513e-06 0.00545744 0.138593 0.000129118 0.262062 0.00420372 0.121755 1.34235e-06 0.000214586 1.93518e-07 0.00123561 1.03466e-09 0.000520299 1.91595e-10 0.00764506 0.0092723 0.00230222 0.0450263 2.91621e-10 0.00138397 0.00161055 0.0155557 0.00920559 0.000103537 
0.034946 0.000678239 0.200609 0.0951073 0.000943395 0.00453417 3.72344e-06 5.22777e-05 0.093288 0.00713232 0.000113872 0.061289 0.0179725 0.0997535 0.000364998 0.0021776 0.000187766 0.0119617 0.000197172 0.00834324 0.00375331 0.0504612 0.0114143 0.0647694 0.018621 3.38784e-07 0.00304949 0.000552504 0.00733111 0.181891 0.0185001 
1.8758e-05 1.21399e-05 0.618699 0.0602665 1.71088e-06 0.000154271 1.26913e-09 8.83689e-06 0.00161749 0.000867733 7.13079e-05 0.0275671 0.00248923 0.0930585 9.38781e-05 0.00250055 9.6852e-05 0.00336534 9.24141e-08 0.0044609 8.44927e-09 0.0242466 0.0301589 0.000812809 0.00790953 2.11309e-12 0.000668719 0.00271961 0.00185905 0.114385 0.00188907 
4.5588e-05 0.000491352 0.650658 0.0231319 6.65187e-06 4.51814e-05 1.85533e-05 3.56406e-05 0.0152561 0.00415769 4.8508e-05 0.014408 0.00255817 0.0495277 0.000105799 0.0125678 8.78957e-06 0.00245133 4.09012e-07 0.022565 0.000422957 0.0369583 0.00166228 0.00188659 0.0300774 1.24579e-09 0.000421602 0.0129885 0.0303118 0.0868836 0.000299202 
0.00132877 0.000139034 0.350585 0.0468576 0.000725421 0.00048378 6.86319e-06 1.03878e-05 0.0149857 0.00350627 0.00111583 0.0300756 0.0208729 0.277336 0.000385202 0.0118543 0.00018659 0.016167 4.09503e-05 0.0333912 7.71634e-05 0.0402747 0.0491383 0.00433806 0.0154996 6.36911e-10 0.00975739 0.0232553 0.012467 0.0323404 0.00279691 
0.000159316 6.23618e-06 0.396654 0.0939011 6.13071e-05 0.000240576 3.57318e-06 3.78139e-06 0.0244662 0.00651132 0.000262193 0.00600812 0.0258362 0.0607205 0.000892348 0.00920376 0.000556069 0.0049029 2.97845e-05 0.0136227 0.000110557 0.00139991 0.214949 0.000580663 0.0363982 4.20917e-10 0.00348205 0.00589462 0.0225222 0.0688737 0.00174765 
1.14169e-05 4.76151e-08 0.476155 0.0387793 9.24349e-07 0.000944757 4.63011e-09 1.52333e-05 0.00121897 0.00131892 2.72687e-05 0.0133792 0.00367489 0.0370055 3.22235e-05 0.000964622 6.68664e-05 0.00231663 1.91533e-05 0.0089606 2.99065e-05 0.0196443 0.00916429 0.000451252 0.008951 2.2386e-10 0.000679071 0.00514963 0.00144434 0.368637 0.000957429 
3.293e-05 1.22279e-09 0.55143 0.0141247 0.0872478 5.23002e-08 1.46067e-06 7.94279e-08 0.000783353 0.00067311 0.000101922 0.00625434 0.00165566 0.0103126 5.70994e-06 0.0902821 4.71461e-08 2.36243e-08 5.06417e-08 0.00245924 3.27116e-05 0.00211394 7.53152e-07 0.00410604 0.0813539 5.48562e-08 2.01518e-05 0.0526085 0.0336399 0.0606078 0.00015118 
0.000790921 0.00191283 0.49377 0.0258735 0.00135144 0.000685591 0.00187018 1.03441e-06 0.00899351 0.0401098 0.000622107 0.0211002 0.00356959 0.0850734 0.000186545 0.0363547 0.000616019 0.00829213 0.00334412 0.0387922 0.000127916 0.0539256 0.0149714 0.0569431 0.0289374 4.96114e-06 0.00155753 0.0103534 0.0157558 0.0420116 0.00210176 
3.66212e-05 0.000265717 0.23917 0.0242482 2.78219e-05 0.000360267 0.0095745 5.31173e-05 0.0374952 0.00297328 3.71374e-05 0.0808289 0.0979786 0.10253 0.00620912 0.0299506 0.000223554 0.00348256 1.70341e-05 0.0340744 0.00202582 0.230378 0.00358837 0.00383333 0.0408005 2.37958e-08 0.02154 0.00146355 0.00765475 0.0125265 0.00665256 
2.23592e-06 3.45981e-05 0.292502 0.0849487 1.2326e-05 0.0854516 5.3115e-10 6.17562e-08 0.00903493 0.00155758 2.65982e-05 0.00267383 3.24128e-05 0.268621 0.00903098 0.00297309 0.00102638 0.000216121 4.62933e-05 0.00226701 9.85625e-06 0.0101236 9.01021e-05 0.000411796 0.0274946 5.48741e-10 0.117863 0.00198734 0.0204158 0.015487 0.0456588 
3.54661e-05 3.81252e-05 0.48553 0.0496885 3.38739e-06 0.000222657 6.86019e-12 8.19183e-07 0.0191815 0.00218691 3.38872e-06 0.0855028 0.00941782 0.0618018 0.000704875 0.000268398 0.00313384 0.040361 1.60632e-08 0.0306064 0.0274875 0.000752381 0.0610152 0.00630378 0.0018748 7.0874e-12 0.00769715 0.000436517 0.0104368 0.0952579 5.07115e-05 
0.0067291 0.00434139 0.580492 0.0511453 0.000238506 0.00256846 7.11494e-09 1.03913e-06 0.0200263 0.00763042 7.27361e-05 0.0104502 0.0453624 0.030203 0.00199812 0.0201742 0.000496123 0.00188352 0.000281511 0.0239181 0.000705498 0.0114626 0.0552606 0.00197857 0.0287402 1.06792e-10 0.00107072 0.0198363 0.0229386 0.042037 0.00795744 
2.97709e-05 1.39268e-07 0.311352 0.0220425 1.55276e-08 0.00321739 2.05644e-11 5.13383e-09 0.149012 0.013353 0.000830639 0.00918641 0.000240946 0.253918 0.000847986 0.0304157 3.04553e-08 0.00133435 0.00029074 0.0293408 7.90991e-05 0.0137199 1.2111e-07 2.28663e-07 0.0753502 2.12455e-11 0.00410616 0.00582045 0.0746549 3.23443e-07 0.000855538 
3.12186e-06 5.47126e-05 0.322901 0.180186 3.06773e-11 0.000111133 6.36227e-11 1.10217e-07 0.0162755 0.0143428 1.78277e-05 0.00921631 0.00333743 0.188597 7.37041e-05 0.00373098 3.47636e-11 0.000963379 0.000303973 0.0235619 8.29831e-06 0.0146756 7.02021e-06 0.170139 0.0323261 1.35415e-08 0.00208919 0.000710042 0.00220036 0.013906 0.00026167 
1.30973e-05 5.04585e-05 0.802198 0.0256247 2.82392e-06 0.00122859 3.19513e-08 5.49754e-06 0.00247524 0.000907902 2.96039e-05 0.00249167 0.00371162 0.0111166 6.30381e-06 0.0146299 3.07022e-05 0.00124839 4.01628e-05 0.00140112 0.000363904 0.000170875 0.0197428 0.000177103 0.0126402 9.94357e-11 0.00128065 0.00917146 0.00132276 0.0870959 0.000822203 
3.67994e-05 3.41128e-05 0.566478 0.0171441 6.30289e-07 1.14202e-05 1.2523e-11 3.48289e-07 0.00412579 0.000195202 1.22132e-05 0.00869094 0.000582741 0.0117884 2.15516e-08 0.00233143 6.1679e-05 0.000247729 1.3099e-10 0.00543743 0.000190715 0.000499187 0.00347772 0.000700972 0.00290712 1.29377e-11 0.000206745 0.000366256 0.00205591 0.37226 0.000156093 
0.000166602 0.000437781 0.339783 0.0607419 8.00645e-05 0.000947018 0.0016777 8.10401e-05 0.0227073 0.0252134 0.000446673 0.00291754 0.0206599 0.0982787 0.00236635 0.00103688 6.20269e-05 0.0726302 0.000369305 0.0156319 0.000105637 0.00272294 0.00317737 0.00114947 0.162953 1.63306e-06 0.0445667 0.000403203 0.023875 0.0903748 0.00443506 
4.48324e-06 0.000409158 0.407981 0.0666975 2.73166e-06 0.000414764 1.97147e-05 4.39248e-06 0.0365797 0.00768693 3.53323e-05 0.328213 0.00185129 0.00588051 0.0015584 0.00730179 0.0003994 0.00039814 0.00392009 0.0415383 9.54222e-05 0.0031026 0.00562177 0.00218496 0.00224606 8.99012e-07 0.00190254 0.000140816 0.000681256 0.0731157 1.12211e-05 
0.00408521 0.000143363 0.384708 0.0597356 0.000263369 0.00197011 7.42686e-09 7.86062e-07 0.00262604 0.00757058 0.000202204 0.00734304 0.00343371 0.0105879 0.000329463 0.0970218 0.000432613 0.00107864 0.039014 0.135981 0.000383945 0.011022 0.0185844 0.0278046 0.0593639 4.5817e-08 0.00553068 0.0191368 0.0153011 0.0851034 0.00124135 
9.3738e-05 6.95963e-06 0.598406 0.0575811 1.02647e-06 0.00103635 2.34627e-12 1.35603e-06 0.0329058 0.00326257 0.000188204 0.0402647 0.0141444 0.0250183 0.00334719 0.00361505 8.19492e-05 0.00181534 6.87378e-05 0.0417132 0.000270757 0.011342 0.113392 0.00102226 0.011909 2.15411e-10 0.00254389 0.000402669 0.00575398 0.0293201 0.000491395 
2.18546e-05 8.51672e-05 0.67599 0.0299794 3.10068e-09 2.84875e-05 1.74547e-12 8.58289e-07 0.00389566 0.000487856 1.56853e-06 0.00980988 0.00137043 0.0137099 1.37489e-08 0.00527276 2.2557e-05 2.98632e-05 7.35784e-11 0.00691715 1.13525e-07 9.6141e-05 0.00641532 0.00127112 0.00502697 1.80328e-12 0.000172026 0.000757248 0.00156067 0.237062 1.55414e-05 
7.17048e-05 1.27576e-07 0.366447 0.0663644 6.00101e-05 0.00687979 3.72122e-11 3.01412e-08 0.0305185 0.0311162 0.00123992 0.00651435 0.00890668 0.0317411 0.000615772 0.000145575 0.00102728 0.117912 0.00185093 0.0246492 2.5258e-11 0.00371467 0.000177977 0.0475539 0.0118471 5.99871e-07 0.118217 0.00105725 0.047986 0.0269974 0.0463877 
9.4193e-11 9.16763e-05 0.359639 0.0677799 5.34265e-05 0.0180766 8.60866e-05 6.02775e-06 0.00830426 0.158971 7.75717e-07 2.30413e-06 4.95357e-05 0.0313648 3.19038e-10 0.000276902 0.00297954 7.39948e-06 5.86525e-10 0.0275622 0.00101251 0.00320277 5.08988e-07 0.0142085 0.145227 6.18168e-10 0.0104349 0.0498057 0.0457606 0.0541267 0.000969053 
2.97709e-05 1.39268e-07 0.311352 0.0220425 1.55276e-08 0.00321739 2.05644e-11 5.13383e-09 0.149012 0.013353 0.000830639 0.00918641 0.000240946 0.253918 0.000847986 0.0304157 3.04553e-08 0.00133435 0.00029074 0.0293408 7.90991e-05 0.0137199 1.2111e-07 2.28663e-07 0.0753502 2.12455e-11 0.00410616 0.00582045 0.0746549 3.23443e-07 0.000855538 
0.000212941 0.000121308 0.585876 0.0270441 0.00919791 0.000157118 2.49113e-11 0.000372566 0.0114638 0.00832995 2.75817e-05 0.00389425 0.00157311 0.0702441 0.000916492 0.000385136 1.1705e-05 0.000215389 0.000261441 0.00367806 2.6453e-05 0.105412 1.76032e-08 0.00838771 0.00189218 2.57364e-11 0.000289022 0.0235893 0.131994 0.00351466 0.000911919 
2.07032e-05 0.00101678 0.412903 0.208452 1.41316e-06 0.00151803 1.42897e-08 1.77515e-07 0.00360702 0.00295319 1.55515e-05 0.00161957 0.0355424 0.153627 1.51548e-06 0.00177076 0.000205289 2.84063e-06 4.95595e-07 0.00307829 4.3067e-06 0.00495929 0.000995739 0.000775959 0.0790114 5.1726e-11 0.00133585 0.0151591 0.0389649 0.0304194 0.00203847 
0.00626148 0.0884688 0.469555 0.0378631 3.79928e-05 0.00195714 7.19764e-07 0.00014195 0.0023107 0.00899953 7.08236e-08 0.0372558 0.0355674 0.0286402 0.000513698 0.000118852 5.47693e-05 0.00455734 1.58553e-05 0.0209476 1.69795e-07 0.127452 0.000357324 0.0884219 0.0167259 1.70332e-06 0.00278506 0.000691393 0.005539 0.0146434 0.000114091 
0.00308426 8.12821e-05 0.259431 0.0980649 0.000289201 0.000731147 4.33943e-09 1.02643e-08 0.0317373 0.00459873 0.000115318 0.0152158 0.185086 0.0948824 0.00297722 0.0360026 5.86456e-05 0.00762557 4.26431e-06 0.00312236 8.19532e-06 0.0139063 0.0260588 0.00104048 0.0395777 6.04977e-11 0.000321378 0.0122075 0.00202336 0.157793 0.00395472 
6.82344e-06 0.000466691 0.299704 0.259746 3.10864e-07 5.6044e-05 1.92236e-07 1.28732e-07 0.019788 8.22384e-05 2.09834e-06 0.043238 0.0349623 0.11253 0.00522372 0.0034925 0.00434587 0.042173 1.01939e-07 0.0117971 4.11116e-05 0.0109631 0.0241869 0.00214223 0.000507875 3.71108e-10 0.0613998 0.000231077 0.00319999 0.0596665 4.67088e-05 
0.00234566 8.57102e-05 0.252584 0.0672814 0.00424074 0.016723 0.000370063 3.97957e-06 0.0223823 0.0140614 0.00102946 0.0398953 0.0071447 0.247374 0.00135123 0.0246458 0.00125215 0.00640894 0.000189568 0.0218888 0.00157595 0.0557784 0.00155468 0.019831 0.0416286 0.00102177 0.00641499 0.00828902 0.016062 0.104311 0.0122739 
0.0126397 0.0065859 0.255826 0.0491974 5.15747e-06 0.0608112 7.57887e-07 1.96269e-05 0.00552976 0.00956589 0.189521 0.00386521 0.000628025 0.0332304 9.72181e-05 0.000932795 0.00043185 0.0149314 0.013868 0.0117622 0.0155146 0.00594947 0.00509112 0.0169319 0.0269653 2.868e-05 0.00943799 0.00255876 0.124653 0.0208465 0.102573 
1.14169e-05 4.76151e-08 0.476155 0.0387793 9.24349e-07 0.000944757 4.63011e-09 1.52333e-05 0.00121897 0.00131892 2.72687e-05 0.0133792 0.00367489 0.0370055 3.22235e-05 0.000964622 6.68664e-05 0.00231663 1.91533e-05 0.0089606 2.99065e-05 0.0196443 0.00916429 0.000451252 0.008951 2.2386e-10 0.000679071 0.00514963 0.00144434 0.368637 0.000957429 
2.74007e-05 4.61873e-05 0.225128 0.0120104 9.05732e-06 0.000811956 3.73267e-08 4.58794e-07 0.066861 0.0140794 0.00179155 0.0147953 0.00328154 0.195767 0.02224 0.00650911 0.000317384 0.0469801 2.82408e-06 0.0374203 0.000852288 0.0231847 0.000273079 0.00305716 0.0474561 1.36361e-11 0.0117073 0.00137702 0.187401 0.00223865 0.0743741 
1.24599e-05 0.000247587 0.260949 0.234977 1.42711e-06 0.0157835 2.76456e-05 4.11349e-06 0.0382236 0.00712824 0.00137905 0.0224565 0.00330799 0.232713 0.00621935 0.0268829 9.57022e-05 0.0193806 0.000223732 0.0116423 1.57854e-05 0.0027914 0.00867029 0.00068258 0.0246688 0.000471726 0.0207217 0.00314862 0.0117092 0.0440232 0.00144215 
1.93405e-05 3.86837e-05 0.422583 0.102822 2.29743e-05 0.000848948 1.21299e-06 5.96932e-05 0.0145645 0.0123543 3.78025e-05 0.00504781 0.00201696 0.223512 0.00063934 0.00676735 1.75131e-06 0.00088897 0.000246383 0.0141488 6.68199e-06 0.0178659 6.30772e-06 0.0901397 0.0294212 1.19191e-08 0.00076273 0.0129166 0.0261109 0.0152427 0.000906678 
3.52781e-06 1.40869e-08 0.232791 0.107563 2.55206e-06 0.00155175 4.90767e-06 3.27454e-07 0.0548453 0.0114115 5.54149e-05 0.117607 0.00879655 0.0800092 0.00349692 0.0456119 2.13526e-05 0.00533441 4.82837e-05 0.137989 6.74712e-05 0.0123269 0.0162804 0.00235644 0.0745014 0.0437685 0.0217136 0.000771444 0.0196281 0.000595866 0.000845253 
3.37721e-05 1.16378e-05 0.317156 0.0236784 8.88393e-06 0.000425206 6.41821e-06 6.22036e-05 0.018624 0.00120428 4.59391e-05 0.26917 0.0567716 0.0134859 0.00124722 0.00942185 0.000201498 0.000490708 6.86999e-06 0.0275036 0.000357682 0.159759 0.0235621 0.00700862 0.00389098 3.58934e-08 0.000833166 0.000275312 0.00364718 0.0609007 0.000209206 
0.00796907 0.000194823 0.298953 0.0244824 0.00527591 0.00434838 1.54806e-06 0.000114344 0.118267 0.0608327 9.22158e-05 0.0318103 0.0132645 0.0358642 0.00239641 0.0273708 0.000381616 0.0103368 0.000298268 0.0774824 0.00532177 0.00654019 0.00548083 0.0243509 0.0146549 1.22767e-05 0.00390465 0.00116304 0.201664 0.0116531 0.00551785 
0.00135174 0.00194942 0.411194 0.0735454 0.0542455 0.000203931 3.34739e-06 8.64999e-05 0.117972 0.00291321 6.34384e-06 0.0379066 0.0463573 0.0175579 0.000105953 0.000385137 0.00032315 0.0402991 5.33481e-05 0.0632296 0.00239303 0.0101126 0.0238161 0.00395409 0.0505218 2.25691e-06 0.0200702 0.000601297 0.00157132 0.00560771 0.0116599 
1.72923e-05 2.57253e-05 0.784345 0.0110987 3.62009e-07 4.93788e-05 1.37349e-09 2.86914e-06 8.53929e-05 0.00104469 2.22904e-05 0.00519019 0.00187507 0.0110113 8.75791e-06 0.0301829 2.42282e-05 0.000138864 1.59175e-12 0.00349607 0.000686192 2.96905e-09 0.00168503 0.00010675 0.0226178 7.84543e-11 2.00094e-05 0.0155274 0.000581818 0.109973 0.000182811 
1.72923e-05 2.57253e-05 0.784345 0.0110987 3.62009e-07 4.93788e-05 1.37349e-09 2.86914e-06 8.53929e-05 0.00104469 2.22904e-05 0.00519019 0.00187507 0.0110113 8.75791e-06 0.0301829 2.42282e-05 0.000138864 1.59175e-12 0.00349607 0.000686192 2.96905e-09 0.00168503 0.00010675 0.0226178 7.84543e-11 2.00094e-05 0.0155274 0.000581818 0.109973 0.000182811 
1.17307e-06 3.81747e-08 0.563817 0.0969846 1.56699e-06 8.29387e-05 5.26221e-07 1.33368e-09 0.0283858 0.00276538 0.00493564 0.0203086 0.0608308 0.131282 4.01095e-05 2.34645e-05 7.63508e-05 0.0164786 3.86767e-10 0.0095726 1.30298e-07 0.00320352 0.0138315 0.000181447 0.0108628 8.83806e-11 0.00380528 0.000238433 0.0108064 0.0147075 0.00677527 
1.17799e-05 2.15926e-08 0.788599 0.00841289 9.44205e-10 1.38138e-08 2.09319e-09 2.06881e-06 3.38832e-09 0.00253636 3.94611e-05 0.00100463 0.000638112 0.0240435 5.72183e-09 0.002852 7.33895e-06 0.000309046 1.14855e-12 0.00108184 0.000275786 2.70963e-13 0.000185177 1.47352e-08 0.0463002 1.0026e-10 5.70788e-09 0.040366 0.00177962 0.0812738 0.000280964 
2.81668e-05 7.91073e-08 0.451011 0.100121 7.52648e-07 0.107476 8.11752e-08 3.5529e-08 0.0135556 0.00148796 1.8029e-08 0.0169315 0.0290081 0.0218445 0.00172256 9.25753e-05 1.88765e-05 0.00594159 0.000109473 0.0106018 2.25135e-07 0.0107239 0.0626643 0.0041724 0.125622 1.15258e-06 0.00466958 1.10011e-05 0.00638583 0.0208529 0.00494487 
0.00281097 0.000169102 0.351032 0.0576839 0.0055985 0.00899934 8.09737e-08 6.95022e-06 0.0316881 0.00274278 0.000168718 0.00627269 0.00880341 0.0273228 6.03564e-05 0.00843396 0.000330941 0.00695093 0.000621419 0.0143443 0.000206045 0.00115454 0.276103 0.00314221 0.0279302 9.15448e-10 0.00178627 0.00713169 0.000904035 0.140051 0.00754934 
2.94302e-05 0.000173012 0.685405 0.0992509 9.02348e-07 0.000421608 1.86921e-07 7.91163e-08 0.000578084 0.0021121 0.000260094 0.00675864 0.00252934 0.0968332 0.000144228 0.0060067 0.000156152 0.00566567 3.35877e-05 0.0118095 0.00291538 0.000196801 0.00985085 0.000414443 0.0181003 1.17426e-10 0.00259272 0.00683925 0.00800362 0.032741 0.000177456 
3.67994e-05 3.41128e-05 0.566478 0.0171441 6.30289e-07 1.14202e-05 1.2523e-11 3.48289e-07 0.00412579 0.000195202 1.22132e-05 0.00869094 0.000582741 0.0117884 2.15516e-08 0.00233143 6.1679e-05 0.000247729 1.3099e-10 0.00543743 0.000190715 0.000499187 0.00347772 0.000700972 0.00290712 1.29377e-11 0.000206745 0.000366256 0.00205591 0.37226 0.000156093 
2.13684e-05 0.000834394 0.484087 0.0248919 5.69786e-09 0.00048377 1.26318e-08 2.8027e-09 1.01116e-08 0.041298 0.000276287 0.00316645 6.09737e-08 0.28342 0.000286724 1.37283e-06 0.000124541 1.52363e-07 1.9968e-12 0.00974861 8.42061e-08 2.79827e-08 0.000288358 8.89567e-08 0.0546516 2.10453e-12 0.000844266 2.59643e-06 0.0861217 0.00852438 0.000926609 
1.72923e-05 2.57253e-05 0.784345 0.0110987 3.62009e-07 4.93788e-05 1.37349e-09 2.86914e-06 8.53929e-05 0.00104469 2.22904e-05 0.00519019 0.00187507 0.0110113 8.75791e-06 0.0301829 2.42282e-05 0.000138864 1.59175e-12 0.00349607 0.000686192 2.96905e-09 0.00168503 0.00010675 0.0226178 7.84543e-11 2.00094e-05 0.0155274 0.000581818 0.109973 0.000182811 
4.18412e-05 0.000160124 0.323216 0.0878428 0.0101955 0.00128592 8.02346e-07 2.3447e-06 0.0187618 0.00562769 0.000166978 0.0188126 0.036965 0.27359 0.00218248 0.0288317 0.00446327 0.00201399 0.000228372 0.0225239 0.000436642 0.0038378 0.0103258 0.00403129 0.0424707 1.15802e-06 0.0153352 0.00165107 0.00442727 0.0757543 0.00481609 
8.4087e-05 0.000252747 0.298349 0.0830328 0.000136882 0.00590451 4.77849e-06 5.56819e-06 0.0440825 0.0126902 0.000221951 0.0320197 0.144008 0.0833926 0.000903563 0.00843853 0.000177702 0.00774465 0.000171401 0.138383 0.00130102 0.0239976 0.00450705 0.0169709 0.0380767 0.00118186 0.00837197 0.00526279 0.010489 0.0275932 0.00224406 
5.06322e-06 0.0127653 0.862823 0.0182389 1.45171e-08 0.000343806 1.40277e-06 3.84824e-08 0.00306744 0.00367433 2.84128e-05 1.94764e-05 0.029926 0.0132299 0.00422424 0.00049325 1.18469e-05 0.00143524 3.54838e-05 0.0137001 8.21038e-07 0.00177328 9.77999e-05 0.000244089 0.00654739 3.11047e-08 0.000794901 0.000380759 0.0239856 0.00151822 0.000633849 
2.4935e-06 0.00445653 0.400756 0.102422 1.29797e-05 0.0219689 4.74057e-07 1.14651e-08 0.00472445 0.00846106 2.32259e-05 0.00210516 0.00300733 0.0273919 2.97513e-05 4.34106e-05 0.000271016 6.92972e-05 1.30838e-06 0.0607844 0.000161949 7.86272e-05 0.039941 5.10264e-06 0.0453007 1.72268e-08 0.00174117 0.000680813 0.239459 0.00493858 0.0311619 
0.00022855 4.51626e-07 0.342246 0.0245174 5.99985e-08 2.79607e-07 1.4172e-06 9.17477e-05 0.0211005 0.0010995 9.90628e-07 0.0835968 0.0111596 0.00802546 0.00089581 0.0165157 2.58167e-07 0.0402346 2.93915e-07 0.0596767 6.31347e-05 0.0312565 0.0871989 0.000719895 0.0240246 5.7209e-08 1.41067e-07 3.21992e-07 0.0239606 1.3152e-06 0.223382 
0.000902118 0.0016689 0.340631 0.120168 1.14364e-05 0.00430079 3.81175e-11 2.6209e-11 0.0369031 0.0161978 7.56628e-08 0.0243551 0.00559471 0.08137 0.00349949 0.0579157 3.81566e-05 0.016492 0.000861652 0.0608547 4.1304e-07 0.00502435 0.0691027 0.00440873 0.0447955 2.15813e-08 0.0139922 0.00011127 0.0203275 0.0677519 0.00272014 
3.6577e-08 5.40679e-07 0.815133 0.172506 2.11345e-11 2.49233e-07 4.38316e-11 1.81129e-08 3.44828e-07 8.47063e-07 7.6976e-07 1.33559e-07 2.33658e-07 6.17869e-06 2.33708e-11 1.24159e-06 2.39497e-11 9.81172e-08 4.33949e-09 1.7123e-06 2.9751e-11 1.01363e-11 5.81597e-07 0.00959217 2.88353e-06 4.52833e-11 4.06327e-07 0.0027417 1.77838e-06 8.02209e-06 6.95914e-07 
2.54613e-05 3.8739e-05 0.35442 0.0772381 3.24912e-05 0.00113687 1.61479e-06 8.31741e-05 0.0200557 0.0165993 3.85417e-05 0.00706701 0.0027728 0.274863 0.000906086 0.0083348 2.44539e-06 0.00123165 0.000348839 0.0182029 9.42821e-06 0.0253353 2.45956e-06 0.0925772 0.0340435 1.21302e-08 0.000947324 0.0137556 0.0340344 0.0148139 0.00108154 
3.64792e-05 4.05985e-06 0.307551 0.0306157 0.206131 0.000309723 1.23724e-09 8.50704e-10 0.15247 0.00285498 1.59304e-06 0.00853188 0.00304921 0.109993 0.000627437 6.63144e-05 7.74664e-06 0.0194236 1.21278e-09 0.0470271 0.00334015 0.084217 3.67018e-05 3.49901e-06 0.00235029 7.94826e-07 0.00526081 3.04929e-05 0.000803646 0.0145531 0.000703207 
0.000181847 1.04001e-08 0.489563 0.0341704 6.49313e-09 0.00161681 4.48727e-12 1.56123e-07 0.0395123 0.0190857 0.000481569 0.0410061 0.00296915 0.113117 0.00419805 3.30888e-08 3.50127e-07 0.0134659 0.00013091 0.0479277 0.0219491 0.0071703 1.15259e-07 3.20037e-08 0.00888281 4.63589e-12 0.0269384 0.000891063 0.123816 3.67643e-08 0.00292482 
0.00333161 2.62019e-05 0.440134 0.0680578 0.00187289 0.00239122 7.6209e-06 7.06709e-05 0.101882 0.00187959 0.000182704 0.00817884 0.00868239 0.044741 0.000934299 0.0112656 0.000526714 0.00936916 9.00453e-05 0.0232394 0.000265221 0.0039648 0.00720678 0.077759 0.0118891 0.000200606 0.00429211 0.00467993 0.0793388 0.05789 0.0256493 
0.00011083 0.000314557 0.364869 7.97798e-07 2.53564e-05 0.0228888 3.48181e-10 9.66386e-07 5.25673e-07 0.149806 1.74314e-07 0.00117759 0.0008319 0.0261927 0.000267437 0.00791016 1.17755e-07 0.00144189 3.77664e-05 0.0694678 2.69416e-07 0.0491146 2.98669e-06 0.00323129 0.00238686 3.59712e-10 1.84591e-07 4.44174e-05 0.291382 0.000412487 0.00808027 
8.28808e-06 1.51249e-05 0.388175 0.308132 5.73338e-09 0.00627198 3.62211e-11 4.73043e-08 0.00346311 0.00101272 2.29022e-05 0.0019274 0.0047383 0.034146 0.000980587 7.73452e-05 9.88072e-05 0.00328428 1.86806e-05 0.00311115 2.45853e-11 0.00125508 0.0832753 0.00227811 0.0228666 3.74207e-11 0.00143205 0.00251346 0.000404308 0.130306 0.000185029 
0.00664713 0.000494808 0.345128 0.0405811 0.000607998 0.000513974 4.60682e-10 4.80095e-10 0.0259377 0.00228308 5.02136e-06 0.0134373 0.037433 0.0429331 0.000120756 0.0499606 0.000256874 0.00345595 1.13022e-05 0.00861757 0.000646785 0.00423708 0.261044 0.00242013 0.0271212 2.21511e-13 0.00086899 0.0247412 0.00197023 0.0919588 0.00656651 
0.000138506 0.00107852 0.360018 0.0403856 3.36479e-05 0.0729833 0.000754486 6.23152e-06 0.0485445 0.00988564 0.000162542 0.0219039 0.000495023 0.0703739 0.000424361 0.0305422 9.69128e-05 0.00840555 1.4752e-06 0.00341603 0.000111514 0.0215507 0.000327345 0.00197069 0.0685064 2.53966e-07 0.0079074 0.00632223 0.200186 0.00591154 0.0175561 
0.00270944 0.000143699 0.332089 0.0398959 0.00449993 0.00029171 7.97771e-07 1.14528e-12 0.158996 0.00222783 2.28791e-06 0.0211947 0.035628 0.108193 4.40513e-05 0.00614479 0.000213962 0.0394942 0.000523726 0.00404291 2.64154e-05 0.00223736 0.134376 0.00333362 0.0105775 1.20897e-09 0.00337821 0.0108752 0.00334452 0.0665574 0.00895788 
8.23243e-07 1.68399e-07 0.853775 0.0125027 7.40262e-09 1.0772e-07 1.64048e-08 1.03572e-07 0.00338613 0.00554808 0.000267706 0.0147879 0.0007703 0.0388788 0.000252838 0.000857341 6.78284e-07 0.000480152 9.31481e-11 0.00631286 0.000165018 1.90747e-05 0.00244504 0.000402336 0.0167756 1.21203e-09 0.000783703 0.0116924 0.00489841 0.0248292 0.00016733 
2.18546e-05 8.51672e-05 0.67599 0.0299794 3.10068e-09 2.84875e-05 1.74547e-12 8.58289e-07 0.00389566 0.000487856 1.56853e-06 0.00980988 0.00137043 0.0137099 1.37489e-08 0.00527276 2.2557e-05 2.98632e-05 7.35784e-11 0.00691715 1.13525e-07 9.6141e-05 0.00641532 0.00127112 0.00502697 1.80328e-12 0.000172026 0.000757248 0.00156067 0.237062 1.55414e-05 
0.00990481 0.00135426 0.204271 0.18421 0.000280158 0.0112911 0.000691671 1.4524e-05 0.0395087 0.0113577 0.00219589 0.0201296 0.00957371 0.140797 0.0086126 0.00870064 0.000935918 0.0186374 0.00260028 0.0216328 0.00148879 0.00812788 0.0183711 0.00591113 0.0418025 6.9949e-05 0.0171808 0.0114515 0.0177985 0.066074 0.115024 
1.72923e-05 2.57253e-05 0.784345 0.0110987 3.62009e-07 4.93788e-05 1.37349e-09 2.86914e-06 8.53929e-05 0.00104469 2.22904e-05 0.00519019 0.00187507 0.0110113 8.75791e-06 0.0301829 2.42282e-05 0.000138864 1.59175e-12 0.00349607 0.000686192 2.96905e-09 0.00168503 0.00010675 0.0226178 7.84543e-11 2.00094e-05 0.0155274 0.000581818 0.109973 0.000182811 
3.64792e-05 4.05985e-06 0.307551 0.0306157 0.206131 0.000309723 1.23724e-09 8.50704e-10 0.15247 0.00285498 1.59304e-06 0.00853188 0.00304921 0.109993 0.000627437 6.63144e-05 7.74664e-06 0.0194236 1.21278e-09 0.0470271 0.00334015 0.084217 3.67018e-05 3.49901e-06 0.00235029 7.94826e-07 0.00526081 3.04929e-05 0.000803646 0.0145531 0.000703207 
0.0057567 0.00263627 0.294712 0.0921875 0.00407366 0.0134893 1.9192e-05 0.000184683 0.0976491 0.00867573 0.000133363 0.0140301 0.011762 0.0743981 0.00177339 0.00522673 0.000602167 0.00975206 9.85093e-05 0.0204294 0.000398774 0.0682641 0.0258946 0.0239711 0.0577965 1.7462e-08 0.00417869 0.00518297 0.0250676 0.102416 0.0292396 
1.35517e-05 8.08347e-05 0.565657 0.0768953 0.00104199 0.00688285 8.96157e-10 6.30661e-12 0.0110481 0.000784802 6.66869e-06 0.00645545 0.000619143 0.107317 9.70394e-05 0.000895797 0.000257836 0.0137737 0.0509868 0.00683556 3.81204e-08 0.000157843 0.0197546 0.00848045 0.00352195 2.69168e-09 0.00429927 0.0140024 0.0021293 0.0943893 0.00361486 
1.72923e-05 2.57253e-05 0.784345 0.0110987 3.62009e-07 4.93788e-05 1.37349e-09 2.86914e-06 8.53929e-05 0.00104469 2.22904e-05 0.00519019 0.00187507 0.0110113 8.75791e-06 0.0301829 2.42282e-05 0.000138864 1.59175e-12 0.00349607 0.000686192 2.96905e-09 0.00168503 0.00010675 0.0226178 7.84543e-11 2.00094e-05 0.0155274 0.000581818 0.109973 0.000182811 
0.00492227 0.0884945 0.298374 0.0744299 9.96304e-05 0.000712739 2.56348e-09 6.69122e-06 0.0313311 0.00693566 0.000119187 0.0459029 0.00105919 0.0302712 0.000344676 0.0176361 0.0024357 0.00162883 0.030753 0.0251231 0.00204456 0.00318399 0.0233676 0.0233391 0.0252212 4.67731e-10 0.00148244 0.0619712 0.00703097 0.189559 0.00221892 
0.00311735 0.00326997 0.332867 0.0268559 0.000866058 1.20322e-07 1.20129e-07 0.00104598 0.0155045 0.0104584 0.00127392 0.0245055 0.0187983 0.171211 0.000408987 0.00308165 0.00155136 1.20346e-07 1.20135e-07 1.2035e-07 0.00175527 0.15509 0.00170874 0.00711011 0.00343101 1.2012e-07 1.20351e-07 0.00108287 0.186025 0.0196897 0.00928952 
3.67994e-05 3.41128e-05 0.566478 0.0171441 6.30289e-07 1.14202e-05 1.2523e-11 3.48289e-07 0.00412579 0.000195202 1.22132e-05 0.00869094 0.000582741 0.0117884 2.15516e-08 0.00233143 6.1679e-05 0.000247729 1.3099e-10 0.00543743 0.000190715 0.000499187 0.00347772 0.000700972 0.00290712 1.29377e-11 0.000206745 0.000366256 0.00205591 0.37226 0.000156093 
0.0008182 0.000134444 0.645424 0.0331623 0.00521909 0.000393845 8.77746e-09 6.42298e-05 0.00705663 0.00220953 0.000192435 0.00624794 0.00168909 0.0389483 0.000600837 0.00530837 0.000807708 5.21417e-05 7.85736e-05 0.00610009 0.000108328 0.00818976 0.054146 0.00227661 0.00723122 1.5275e-06 0.000275618 0.0473316 0.0375296 0.0846102 0.00379191 
0.000158219 2.10697e-05 0.390616 0.0815442 0.00631335 0.00218643 1.042e-05 0.000655573 0.00363167 0.00519904 0.00767496 0.0204297 0.00430565 0.0984519 0.000109516 0.012721 0.000233408 0.00164255 2.03685e-05 0.0152805 0.000712816 0.0192455 0.0234919 0.00221413 0.0286455 1.58528e-09 0.00066835 0.0101213 0.0605798 0.200492 0.00262432 
0.00385692 1.75406e-06 0.380527 0.00942493 0.000139767 0.00309726 1.86917e-08 1.68454e-10 0.105062 0.00949611 5.80974e-06 0.00313539 0.0343009 0.088775 6.77235e-05 0.0051404 1.95642e-05 0.00489426 5.5182e-08 0.0294373 0.000161669 0.00432338 0.028803 0.00269796 0.10235 2.53108e-10 0.00563311 0.0276832 0.0604704 0.0526414 0.037854 
0.000112221 0.000196934 0.741505 0.0172081 0.00108089 0.000138737 7.73173e-10 3.85767e-05 0.000855833 0.00330264 2.02225e-05 0.00500909 0.00307467 0.0531963 8.02784e-05 0.0262814 4.28609e-05 0.000135348 2.88643e-08 0.00501995 0.000299302 0.0112813 0.000731109 0.00175796 0.0134344 1.51973e-12 9.6262e-05 0.0771478 0.0186899 0.0189124 0.000350316 
1.72923e-05 2.57253e-05 0.784345 0.0110987 3.62009e-07 4.93788e-05 1.37349e-09 2.86914e-06 8.53929e-05 0.00104469 2.22904e-05 0.00519019 0.00187507 0.0110113 8.75791e-06 0.0301829 2.42282e-05 0.000138864 1.59175e-12 0.00349607 0.000686192 2.96905e-09 0.00168503 0.00010675 0.0226178 7.84543e-11 2.00094e-05 0.0155274 0.000581818 0.109973 0.000182811 
1.14169e-05 4.76151e-08 0.476155 0.0387793 9.24349e-07 0.000944757 4.63011e-09 1.52333e-05 0.00121897 0.00131892 2.72687e-05 0.0133792 0.00367489 0.0370055 3.22235e-05 0.000964622 6.68664e-05 0.00231663 1.91533e-05 0.0089606 2.99065e-05 0.0196443 0.00916429 0.000451252 0.008951 2.2386e-10 0.000679071 0.00514963 0.00144434 0.368637 0.000957429 
0.00387293 0.005842 0.163536 0.116079 0.0060166 0.00156204 0.000819612 2.38292e-05 0.0709925 0.00344707 0.000124744 0.110859 0.114842 0.0701297 0.0220892 0.0242362 0.000273959 0.039546 0.000725576 0.0521456 0.00767914 0.0360282 0.0135544 0.0215595 0.0391219 1.57717e-06 0.00770358 0.0102625 0.00771982 0.0479269 0.00127831 
0.00436829 7.48196e-07 0.431635 0.121397 2.12287e-05 0.0473325 2.2459e-10 7.47053e-06 0.00067683 0.0286047 3.8123e-06 0.0136295 0.00258373 0.0504986 2.65973e-06 0.00294058 7.13012e-06 0.0230638 0.00118413 0.0483025 2.9384e-06 0.00197962 0.00175974 0.0776111 0.0676149 1.47744e-08 0.0022951 0.0332874 0.0220321 0.0170173 0.000139064 
6.8509e-06 2.45937e-09 0.402403 0.0198528 7.50274e-05 5.79419e-12 6.9183e-09 1.40136e-11 0.0307451 0.00767167 1.27937e-05 0.033512 0.016672 0.142271 1.59731e-05 0.000638147 0.00190704 0.00330304 6.84603e-05 0.0684737 3.49748e-08 0.11164 0.00900224 0.000661255 0.0023555 2.1056e-11 0.00191026 0.000185842 0.00671483 0.139476 0.000425176 
0.0026932 0.000643144 0.342001 0.00464676 0.00367654 0.00101472 8.09444e-06 1.26762e-05 0.00311317 0.0353622 0.000854069 0.00413109 0.00833865 0.0161332 3.71509e-05 0.00401354 0.000139476 0.00305483 1.41391e-05 0.0770188 0.0145846 0.0163588 0.0282331 0.000353891 0.0714042 7.64447e-05 0.00155009 0.0190518 0.319197 0.00566265 0.0166209 
2.97709e-05 1.39268e-07 0.311352 0.0220425 1.55276e-08 0.00321739 2.05644e-11 5.13383e-09 0.149012 0.013353 0.000830639 0.00918641 0.000240946 0.253918 0.000847986 0.0304157 3.04553e-08 0.00133435 0.00029074 0.0293408 7.90991e-05 0.0137199 1.2111e-07 2.28663e-07 0.0753502 2.12455e-11 0.00410616 0.00582045 0.0746549 3.23443e-07 0.000855538 
1.53016e-05 4.81336e-05 0.355283 0.0466844 2.97348e-05 0.000236032 2.15442e-06 1.9973e-05 0.0214238 0.00409288 0.000288566 0.017098 0.129747 0.247129 0.000307536 0.0135025 0.000223131 0.00200601 7.59897e-06 0.0804166 0.000126637 0.0140749 0.000970696 0.000966976 0.011134 2.4524e-07 0.00199971 0.000879933 0.0159068 0.0230704 0.0123087 
3.53762e-06 2.40472e-08 0.789566 0.0210231 1.05338e-09 1.53836e-08 2.33494e-09 6.24068e-07 6.13639e-09 0.00154484 3.06969e-05 0.00830466 0.0105883 0.0650645 6.55365e-06 0.00085579 2.2071e-06 0.00199941 5.26132e-12 0.00211082 8.27726e-05 2.02253e-05 0.00353869 1.64099e-08 0.0138903 1.69661e-10 5.44831e-05 0.0121103 0.00053394 0.0685843 8.43121e-05 
5.34688e-05 0.00581456 0.679291 0.0103921 0.00911273 0.00350046 5.92777e-10 0.00017432 0.00448332 0.00409803 0.00318791 0.00533288 0.00136565 0.0158636 0.000184495 0.00209911 0.000378777 0.000612688 0.000156714 0.0052864 8.12025e-05 0.0116925 0.00258048 0.00599033 0.0290186 6.12409e-10 0.000104795 0.052745 0.099034 0.0431656 0.00419922 
1.14169e-05 4.76151e-08 0.476155 0.0387793 9.24349e-07 0.000944757 4.63011e-09 1.52333e-05 0.00121897 0.00131892 2.72687e-05 0.0133792 0.00367489 0.0370055 3.22235e-05 0.000964622 6.68664e-05 0.00231663 1.91533e-05 0.0089606 2.99065e-05 0.0196443 0.00916429 0.000451252 0.008951 2.2386e-10 0.000679071 0.00514963 0.00144434 0.368637 0.000957429 
7.69341e-05 1.06251e-05 0.479976 0.0243085 2.92475e-07 0.0631169 5.57716e-06 1.31542e-06 0.00978956 0.0314354 8.57222e-06 0.0893573 0.0608887 0.0535487 0.0156142 0.00134626 3.36643e-05 0.0082879 0.000623353 0.0731896 5.53792e-05 0.0348623 0.00156261 0.00249872 0.0156568 3.52347e-07 0.00212991 0.000958772 0.0266476 0.00274813 0.00125968 
1.31766e-05 2.13519e-05 0.40397 0.0266241 0.0348995 4.42799e-05 9.79795e-07 7.87621e-06 0.00409305 0.000272387 0.000194289 0.0069883 0.00427453 0.0797782 7.81372e-05 0.0370415 4.9696e-05 5.26824e-05 0.000365632 0.00151982 1.30923e-05 0.00537559 2.18665e-05 0.00319974 0.0370239 4.02692e-08 4.69163e-05 0.0227038 0.0219908 0.309188 0.000146706 
5.98857e-06 2.60366e-05 0.459273 0.0395485 1.15953e-06 0.0010713 1.70604e-07 6.0185e-08 0.0078438 0.0566301 5.83872e-06 0.0192801 0.00615343 0.0765537 0.000169854 0.000274503 1.48337e-07 0.0405831 0.00024369 0.138065 0.00275644 0.000754472 0.00251052 0.0296418 0.0737824 4.95613e-08 0.000194369 0.00294175 0.0214244 0.0101894 0.0100745 
5.00327e-07 0.000271781 0.883166 0.00173457 4.42411e-07 1.33855e-08 1.96904e-05 7.55567e-07 0.000433075 0.00214534 1.1271e-06 0.0252081 0.00247485 0.033282 5.74515e-05 3.13939e-07 8.77868e-07 0.000147866 4.61528e-08 0.0346871 1.23002e-06 3.60429e-05 0.000336142 2.52668e-06 2.20569e-07 4.86428e-08 4.32062e-05 9.62998e-05 0.0117933 3.46329e-06 0.00405551 
3.293e-05 1.22279e-09 0.55143 0.0141247 0.0872478 5.23002e-08 1.46067e-06 7.94279e-08 0.000783353 0.00067311 0.000101922 0.00625434 0.00165566 0.0103126 5.70994e-06 0.0902821 4.71461e-08 2.36243e-08 5.06417e-08 0.00245924 3.27116e-05 0.00211394 7.53152e-07 0.00410604 0.0813539 5.48562e-08 2.01518e-05 0.0526085 0.0336399 0.0606078 0.00015118 
1.14169e-05 4.76151e-08 0.476155 0.0387793 9.24349e-07 0.000944757 4.63011e-09 1.52333e-05 0.00121897 0.00131892 2.72687e-05 0.0133792 0.00367489 0.0370055 3.22235e-05 0.000964622 6.68664e-05 0.00231663 1.91533e-05 0.0089606 2.99065e-05 0.0196443 0.00916429 0.000451252 0.008951 2.2386e-10 0.000679071 0.00514963 0.00144434 0.368637 0.000957429 
