0.107276 0.814251 6.34451e-07 1.30904e-06 0.000122183 0.0783483 
0.00120279 0.994126 0.000306492 4.82839e-05 0.00259822 0.00171808 
0.000855604 0.569841 2.27232e-05 9.68122e-07 0.189787 0.239493 
0.0703062 0.481361 0.000967112 2.76602e-05 0.0485597 0.398778 
0.0208214 0.431434 0.0402801 1.6554e-05 0.320888 0.186561 
8.84397e-06 0.996954 0.000707161 6.73453e-12 0.00232051 9.15605e-06 
0.0225603 0.52866 0.000305782 4.22996e-10 0.241415 0.207059 
0.0158464 0.508444 0.00023733 0.00629637 0.0437624 0.425413 
0.0648086 0.58431 1.11702e-05 1.11666e-05 0.168723 0.182135 
0.0475322 0.643815 0.00109649 0.000403078 0.074495 0.232659 
0.000216848 0.919896 1.51546e-05 0.000938258 0.00175043 0.0771828 
0.0194761 0.674761 0.000808001 1.4332e-05 0.00911698 0.295824 
0.000176585 0.940689 0.00335908 0.000726812 0.0414807 0.0135675 
0.00106032 0.672263 0.00120293 0.097975 0.078364 0.149135 
0.00528008 0.531094 3.79876e-05 0.000203132 0.0535733 0.409811 
0.0508457 0.559386 0.00030876 0.000314721 0.100371 0.288774 
0.0533476 0.462967 0.0140453 0.0225912 0.0504468 0.396602 
0.0101937 0.619051 0.000410424 1.47462e-06 0.194868 0.175475 
0.020713 0.397434 0.000261779 0.00327031 0.318945 0.259375 
0.0404885 0.620213 0.00906329 3.5355e-06 0.243217 0.087015 
2.32125e-06 0.753929 5.54997e-07 1.42959e-09 0.135574 0.110494 
0.00040638 0.703918 6.69321e-05 0.000362152 0.0198132 0.275434 
0.118871 0.360297 0.00197134 0.000211946 0.16424 0.354409 
0.00742551 0.587993 2.5422e-05 2.71912e-05 0.0640848 0.340444 
8.84397e-06 0.996954 0.000707161 6.73453e-12 0.00232051 9.15605e-06 
0.0139821 0.776876 0.000481844 0.000110598 0.133963 0.0745866 
0.314116 0.481533 0.00376682 5.20581e-07 0.0077368 0.192846 
0.000388771 0.600562 5.02513e-06 7.26155e-08 0.328453 0.0705909 
0.0486418 0.744407 2.42877e-05 3.00315e-10 0.176919 0.0300076 
0.0123282 0.604233 0.00243521 1.87818e-07 0.0490079 0.331995 
0.0439809 0.601934 8.17904e-05 0.000507913 0.0381961 0.315299 
0.000499644 0.911533 0.0771896 0.00189271 5.41901e-06 0.00887984 
8.84397e-06 0.996954 0.000707161 6.73453e-12 0.00232051 9.15605e-06 
0.0579103 0.661506 0.000123664 8.36367e-06 0.152621 0.12783 
0.13845 0.423734 3.58023e-05 0.000182596 0.0946352 0.342962 
0.00189257 0.500882 0.000645278 0.0110115 0.00969733 0.475871 
0.103921 0.637018 1.1634e-06 0.000238155 0.0190882 0.239734 
8.84397e-06 0.996954 0.000707161 6.73453e-12 0.00232051 9.15605e-06 
0.000488875 0.513622 0.000590989 0.000568351 0.426875 0.0578551 
0.000216848 0.919896 1.51546e-05 0.000938258 0.00175043 0.0771828 
0.000581496 0.507348 2.44567e-10 0.019392 0.0107791 0.461899 
0.1384 0.452378 0.00025764 0.000356541 0.0781513 0.330456 
0.00905035 0.712218 0.000250018 0.0292548 0.0257345 0.223492 
1.08803e-07 0.693838 3.20328e-11 2.20801e-07 0.289737 0.0164256 
0.00853367 0.590615 0.0455251 6.33207e-06 0.0854855 0.269834 
0.021532 0.663281 6.89096e-05 2.81647e-05 0.174344 0.140746 
0.424172 0.537393 5.86081e-05 9.54144e-09 0.0356596 0.00271637 
0.000398198 0.917935 2.99393e-05 0.000147445 0.0642253 0.0172641 
0.0264289 0.573716 0.00834645 0.00121569 0.0110221 0.379271 
0.0348508 0.913808 6.57044e-06 3.59156e-06 0.00139712 0.0499334 
0.25396 0.345244 3.31398e-06 1.68586e-09 0.158016 0.242777 
0.000176585 0.940689 0.00335908 0.000726812 0.0414807 0.0135675 
0.00283175 0.601935 1.32553e-05 0.000190893 0.023212 0.371817 
0.0194761 0.674761 0.000808001 1.4332e-05 0.00911698 0.295824 
0.00819257 0.390242 0.00248281 2.13114e-05 0.232345 0.366716 
0.0207221 0.550131 0.0542136 0.000430811 0.0144131 0.360089 
0.0122127 0.572635 0.00627981 8.02833e-05 0.183956 0.224836 
0.000176585 0.940689 0.00335908 0.000726812 0.0414807 0.0135675 
0.00633251 0.470629 0.466691 0.00534629 0.00260813 0.0483927 
0.00439733 0.686252 0.0829955 3.44784e-07 0.103063 0.123292 
0.00936998 0.513176 0.0899695 4.74633e-06 0.018053 0.369427 
0.0218359 0.600595 0.0803854 0.000529464 0.0152277 0.281426 
0.00365946 0.854446 9.10153e-06 0.000803309 0.0860894 0.0549929 
4.53421e-05 0.875221 8.67827e-09 4.54123e-08 0.00139259 0.123341 
0.0208214 0.431434 0.0402801 1.6554e-05 0.320888 0.186561 
0.00247361 0.68877 0.0882648 0.000509955 0.0333098 0.186672 
0.0344135 0.717773 0.0015092 0.000184261 0.0617047 0.184415 
0.134186 0.455031 0.0206034 0.00018255 0.0268204 0.363177 
0.0176962 0.469454 1.13106e-06 4.414e-05 0.23083 0.281974 
0.0237162 0.727927 8.18692e-05 2.47945e-05 0.229994 0.0182562 
0.000216848 0.919896 1.51546e-05 0.000938258 0.00175043 0.0771828 
0.000176585 0.940689 0.00335908 0.000726812 0.0414807 0.0135675 
0.00125565 0.809355 0.000411655 0.000619261 0.0398457 0.148513 
0.0117247 0.452088 0.022625 0.000317334 0.101862 0.411383 
0.0625774 0.741917 6.98711e-07 0.0130792 0.0124302 0.169995 
0.00469896 0.614794 7.51474e-06 3.15638e-06 0.00020058 0.380296 
0.0536633 0.469853 3.82743e-05 0.00060874 0.0656885 0.410148 
0.0166598 0.491264 0.0288018 0.0011875 0.013545 0.448542 
0.00654855 0.773024 0.000191988 0.000946509 0.124513 0.0947756 
1.15893e-05 0.998627 0.000989142 4.50027e-05 0.000184085 0.000143057 
0.00191271 0.780758 0.000252965 2.18815e-05 0.168398 0.048657 
0.0271662 0.824249 0.00381526 3.32594e-08 0.118957 0.0258128 
0.012395 0.708596 0.000184359 0.0622559 0.0165773 0.199991 
0.0779923 0.683528 4.70548e-07 8.79033e-07 0.0517642 0.186714 
0.054737 0.648058 0.000237473 0.000248961 0.10467 0.192048 
0.0031297 0.546503 0.000183494 0.00043865 0.242153 0.207593 
0.0410539 0.846219 0.0310103 5.28242e-06 0.0515079 0.0302035 
8.28087e-05 0.531696 0.000116525 0.000210865 0.0462056 0.421688 
0.000606398 0.984735 0.00405302 6.77396e-10 1.51329e-06 0.0106044 
0.00179712 0.562841 9.23825e-05 5.5766e-05 0.0175435 0.417671 
0.0037493 0.882601 0.0378484 0.0228097 0.0122392 0.040752 
0.00352911 0.604223 0.00664128 0.0059354 0.0233809 0.35629 
0.0135181 0.798668 0.000888201 0.000669117 0.071893 0.114363 
0.0542053 0.492904 0.00243144 0.000245684 0.1044 0.345813 
8.91963e-05 0.560628 0.000260812 0.000122441 0.216777 0.222123 
1.94245e-06 0.791858 0.000181781 0.000239973 0.205474 0.00224436 
0.0336225 0.622887 0.000292255 1.0663e-05 0.0397044 0.303483 
0.00162726 0.554096 6.77974e-05 2.24743e-05 0.0113882 0.432799 
0.0111038 0.54387 0.000576945 0.000874393 0.0711311 0.372443 
0.00654855 0.773024 0.000191988 0.000946509 0.124513 0.0947756 
8.84397e-06 0.996954 0.000707161 6.73453e-12 0.00232051 9.15605e-06 
0.000642 0.876345 0.00718281 0.00100905 0.0959476 0.0188731 
0.0781286 0.592389 0.000655206 0.00666107 0.0242399 0.297926 
0.000176585 0.940689 0.00335908 0.000726812 0.0414807 0.0135675 
0.00271027 0.940931 0.00105818 0.00346624 0.00606813 0.0457662 
0.000747015 0.997382 2.01167e-08 4.15061e-08 0.000527094 0.00134334 
0.00342935 0.8998 0.000104402 7.49579e-08 0.0214089 0.0752571 
0.108686 0.522051 0.0760495 0.000739389 0.0389282 0.253546 
0.000176585 0.940689 0.00335908 0.000726812 0.0414807 0.0135675 
0.129965 0.624728 2.33045e-05 1.984e-05 0.117227 0.128036 
0.0136175 0.599992 0.000131281 0.000265801 0.066436 0.319558 
6.35484e-05 0.719326 6.38472e-05 1.07465e-05 0.0829433 0.197592 
0.000607129 0.955252 0.00105008 0.000763823 0.0212181 0.0211084 
0.0546051 0.519154 0.000285678 0.00256086 0.134487 0.288908 
0.00297253 0.626132 0.101279 0.00023732 0.0179785 0.251401 
0.012724 0.430445 0.0431026 1.725e-10 0.194569 0.31916 
2.17714e-06 0.767236 0.00566187 0.0115355 0.0964586 0.119106 
0.0502914 0.675737 0.00856833 0.0252165 0.00553022 0.234656 
0.00476085 0.682271 7.12768e-05 0.00887769 0.0672438 0.236775 
0.0279698 0.608018 0.0176798 0.0219115 0.0181333 0.306288 
0.00601015 0.676277 0.00166793 0.000184376 0.0703564 0.245504 
0.000210813 0.488324 0.000727112 8.37646e-05 0.0256883 0.484966 
1.1847e-06 0.961431 3.64882e-05 0.000107674 0.0383768 4.70484e-05 
0.000141751 0.973356 2.62283e-05 1.82614e-05 0.00295111 0.0235064 
0.0031297 0.546503 0.000183494 0.00043865 0.242153 0.207593 
0.0471888 0.747882 0.000100982 7.046e-05 0.0036042 0.201154 
5.82914e-05 0.961067 0.00633616 0.00406463 0.00990425 0.0185698 
4.72403e-07 0.908924 9.87204e-07 1.28673e-05 0.0107794 0.080282 
0.00646494 0.758992 0.000269388 0.0173028 0.120542 0.0964291 
0.309337 0.415622 0.0012442 2.57674e-05 0.215809 0.0579615 
0.000499644 0.911533 0.0771896 0.00189271 5.41901e-06 0.00887984 
0.000860551 0.977933 0.00103442 0.000459384 0.0113478 0.0083651 
0.000176585 0.940689 0.00335908 0.000726812 0.0414807 0.0135675 
4.60956e-07 0.992077 0.000405969 1.88102e-06 0.00136871 0.00614563 
0.117252 0.581894 6.33646e-06 3.75397e-05 0.171983 0.128827 
0.000176585 0.940689 0.00335908 0.000726812 0.0414807 0.0135675 
0.0326048 0.802816 0.000458334 0.000398377 0.0640242 0.0996979 
9.56339e-05 0.913052 1.03512e-06 0.000426809 0.0476432 0.0387816 
0.000176585 0.940689 0.00335908 0.000726812 0.0414807 0.0135675 
0.00472521 0.513262 0.000366679 0.0025483 0.0541209 0.424977 
0.0136818 0.401194 0.0022698 0.0912405 0.114469 0.377146 
8.84397e-06 0.996954 0.000707161 6.73453e-12 0.00232051 9.15605e-06 
0.0053978 0.626932 0.115817 7.2135e-05 0.00923459 0.242546 
0.000869739 0.844667 0.00624417 0.0118423 0.0758192 0.0605581 
0.0566994 0.540683 7.47609e-08 2.47277e-10 0.122612 0.280006 
0.000176585 0.940689 0.00335908 0.000726812 0.0414807 0.0135675 
0.0097712 0.708007 0.00131255 8.67929e-05 0.0390735 0.241749 
0.0115767 0.694538 0.00100803 0.000198714 0.0180276 0.274651 
7.39547e-05 0.724222 0.000198451 8.66108e-05 0.179632 0.0957869 
0.0159647 0.481559 0.000159691 0.000102314 0.0881245 0.41409 
0.153236 0.518433 0.000168079 0.0121407 0.0809392 0.235083 
0.012395 0.708596 0.000184359 0.0622559 0.0165773 0.199991 
0.000176585 0.940689 0.00335908 0.000726812 0.0414807 0.0135675 
0.000457662 0.828894 0.000248819 1.35498e-05 0.0982348 0.0721509 
8.92522e-07 0.667046 0.00153261 1.63056e-10 0.0988219 0.232599 
8.84397e-06 0.996954 0.000707161 6.73453e-12 0.00232051 9.15605e-06 
1.5899e-05 0.334417 3.78567e-07 0.000101164 0.333355 0.332111 
0.050466 0.880422 0.000575781 0.000138441 0.00169703 0.0667007 
0.00277392 0.65111 0.185057 4.42665e-08 0.142799 0.0182602 
0.017803 0.525846 0.00464225 2.07476e-05 0.0146488 0.43704 
0.0217451 0.964318 5.53876e-08 1.14279e-07 0.000179453 0.0137576 
0.293082 0.598471 0.000157279 8.18582e-07 0.0408002 0.0674889 
0.107037 0.436925 0.000406316 0.00149952 0.143613 0.310519 
0.000120815 0.751463 0.00012935 7.27958e-06 0.156921 0.0913584 
0.00957459 0.595182 0.0891247 1.19371e-05 0.0302277 0.275879 
0.00324559 0.693713 0.00484367 2.09414e-05 0.268511 0.0296663 
0.00972273 0.820876 0.000171971 0.000541546 0.0024702 0.166217 
0.00260879 0.773494 0.00206904 0.000316284 0.133647 0.087865 
0.0249497 0.49929 0.0243996 1.68448e-05 0.0970608 0.354283 
2.18958e-07 0.806258 3.1125e-11 3.27581e-07 0.116009 0.0777333 
0.000176585 0.940689 0.00335908 0.000726812 0.0414807 0.0135675 
8.84397e-06 0.996954 0.000707161 6.73453e-12 0.00232051 9.15605e-06 
0.023383 0.555216 0.00273746 0.003141 0.108703 0.306819 
0.000786374 0.897937 0.00148034 2.97816e-05 0.0125822 0.0871846 
0.0380563 0.684545 0.00522364 2.13593e-05 0.149784 0.12237 
2.19245e-09 0.993232 0.00223396 2.11586e-06 2.67461e-06 0.00452955 
0.0410539 0.846219 0.0310103 5.28242e-06 0.0515079 0.0302035 
0.121124 0.405579 0.0195868 0.00145821 0.0729569 0.379295 
0.0037493 0.882601 0.0378484 0.0228097 0.0122392 0.040752 
0.00330214 0.963522 5.23651e-07 0.00169278 0.0314801 2.37306e-06 
0.0140512 0.538112 0.00141581 8.3193e-05 0.0991072 0.347231 
1.779e-07 0.997802 0.000471377 1.22143e-06 1.23446e-07 0.00172559 
0.000499644 0.911533 0.0771896 0.00189271 5.41901e-06 0.00887984 
0.00263676 0.775682 0.000255546 4.27871e-06 0.129566 0.0918554 
0.00162726 0.554096 6.77974e-05 2.24743e-05 0.0113882 0.432799 
0.0444856 0.625701 0.000228845 0.00137038 0.0826003 0.245614 
0.0011334 0.649003 6.03974e-05 3.76841e-05 0.178725 0.17104 
0.00105867 0.573122 0.00117268 0.0132068 0.0661893 0.345251 
0.0145051 0.618173 0.00141188 0.000444106 0.265248 0.100218 
0.00253332 0.47199 0.000318389 0.000429979 0.166498 0.35823 
0.0688224 0.55658 0.00666467 0.0399766 0.00831574 0.319641 
0.000652919 0.84979 7.28583e-05 1.69545e-06 0.0603819 0.0891006 
0.000751785 0.850563 0.00142853 0.00584099 0.0619307 0.0794848 
0.0630804 0.460835 0.0126926 0.00552819 0.0283425 0.429521 
3.03864e-06 0.999798 1.26998e-05 1.12743e-05 0.000102536 7.26275e-05 
0.00304664 0.701926 0.000603252 0.000878028 0.00736526 0.286181 
0.00751005 0.551178 0.0971766 0.000397081 0.00989238 0.333846 
0.00627586 0.763275 3.80345e-06 2.02313e-05 0.166344 0.0640814 
0.0761594 0.668704 0.0285379 0.000228956 0.0220807 0.204289 
1.48855e-05 0.776135 0.000304752 9.10521e-07 5.87125e-05 0.223486 
0.00598479 0.919811 2.66692e-05 0.00416201 0.00796111 0.0620549 
0.00244524 0.724105 0.000441138 1.57956e-06 0.209764 0.0632437 
0.000764789 0.930932 0.00116121 3.23621e-05 1.67742e-05 0.0670932 
0.00265927 0.67931 0.00171525 2.92773e-07 0.201833 0.114482 
0.000176585 0.940689 0.00335908 0.000726812 0.0414807 0.0135675 
4.95252e-07 0.999284 0.000689884 8.11319e-11 2.51833e-05 4.84789e-07 
0.0053978 0.626932 0.115817 7.2135e-05 0.00923459 0.242546 
0.000499644 0.911533 0.0771896 0.00189271 5.41901e-06 0.00887984 
0.00272345 0.818558 0.0199197 2.75311e-05 0.0537288 0.105043 
0.000176585 0.940689 0.00335908 0.000726812 0.0414807 0.0135675 
0.000424087 0.953721 0.000383513 0.000127313 0.0345327 0.0108114 
0.0518112 0.755315 0.000924083 1.91947e-05 0.0295064 0.162424 
0.0203562 0.661013 0.0154419 7.01364e-06 0.0757975 0.227384 
0.0410539 0.846219 0.0310103 5.28242e-06 0.0515079 0.0302035 
0.000137031 0.434761 0.00010863 2.7851e-05 0.292944 0.272022 
0.0190947 0.53141 0.000366742 1.22919e-06 0.0646558 0.384472 
0.0105259 0.921588 6.05068e-05 1.17819e-05 0.0309092 0.0369049 
0.158617 0.295337 1.36048e-05 4.24629e-06 0.255184 0.290844 
0.0010659 0.564847 0.000589951 0.00025568 0.0379126 0.395329 
0.00016466 0.958915 2.76789e-05 7.04e-10 0.018889 0.0220038 
0.025441 0.715186 0.000815596 0.0006828 0.00847843 0.249397 
0.0235306 0.469642 0.000119495 1.17524e-05 0.114407 0.392289 
0.000606398 0.984735 0.00405302 6.77396e-10 1.51329e-06 0.0106044 
0.0464411 0.647759 0.0013022 8.27858e-08 0.0361301 0.268368 
0.0323987 0.79227 0.000469861 0.000308289 0.00849254 0.166061 
0.00146419 0.869492 0.0240449 1.70742e-07 0.0585938 0.0464054 
0.146201 0.701277 0.000753537 1.14227e-05 0.0581716 0.0935849 
8.52278e-10 0.994672 2.87231e-06 6.18762e-06 0.00119249 0.00412636 
0.0325244 0.360893 0.000736856 0.00185937 0.279212 0.324774 
0.00258048 0.617896 0.000241624 0.00215556 0.201667 0.175459 
0.0808105 0.661684 5.6945e-06 1.59088e-06 0.221159 0.0363389 
0.000259199 0.489023 1.62357e-05 3.6557e-06 0.113171 0.397527 
0.00575953 0.923162 0.00279182 0.000161021 0.00830083 0.0598249 
0.000176585 0.940689 0.00335908 0.000726812 0.0414807 0.0135675 
0.00616693 0.511835 0.00111554 0.019373 0.0437534 0.417757 
0.000176585 0.940689 0.00335908 0.000726812 0.0414807 0.0135675 
0.0529169 0.740645 7.00644e-05 0.00615029 0.0628218 0.137396 
0.107143 0.428538 0.0967018 0.000747896 0.0339556 0.332913 
0.00495143 0.698123 0.224883 0.00383928 0.0166413 0.0515621 
0.00292167 0.57128 0.00300075 0.000503087 0.202298 0.219997 
0.000712005 0.644497 0.000170974 2.85606e-05 0.0132195 0.341372 
0.058238 0.589208 0.000234805 2.76658e-06 0.113184 0.239132 
0.0198125 0.682882 0.00314037 0.00518239 0.0727355 0.216248 
0.000176585 0.940689 0.00335908 0.000726812 0.0414807 0.0135675 
0.147105 0.370362 0.000561307 1.27873e-08 0.156154 0.325818 
0.0410539 0.846219 0.0310103 5.28242e-06 0.0515079 0.0302035 
0.00868468 0.605711 7.62398e-05 0.00127244 0.00663815 0.377618 
0.0155193 0.814369 9.18991e-05 6.54403e-09 0.01193 0.15809 
0.00365946 0.854446 9.10153e-06 0.000803309 0.0860894 0.0549929 
0.195607 0.690009 1.70909e-05 0.000897669 0.0350994 0.0783701 
0.0108403 0.930916 0.00120116 0.0240299 0.0167629 0.0162497 
0.000216033 0.819555 2.07098e-06 2.88039e-07 0.132524 0.0477025 
0.0714533 0.322878 2.87149e-07 1.99388e-05 0.32165 0.283998 
0.0146121 0.749236 0.00275996 0.000143832 0.10339 0.129858 
0.00136041 0.674242 2.48221e-06 1.28267e-06 0.186593 0.1378 
0.0248444 0.746627 0.000257605 0.00141355 0.018349 0.208509 
1.61574e-06 0.666017 0.128594 1.61497e-06 0.0662529 0.139133 
0.248536 0.484486 0.00076601 2.96245e-07 0.015744 0.250468 
0.00566934 0.594069 0.235376 0.000165865 0.0117087 0.153012 
0.0141721 0.595828 0.000110061 0.0589121 0.0922323 0.238745 
0.00503812 0.62711 0.105111 0.00401618 0.067242 0.191483 
0.122929 0.374459 0.00155019 5.00564e-05 0.134781 0.36623 
0.0756888 0.445651 4.6309e-05 0.00046008 0.0778454 0.400309 
0.000216848 0.919896 1.51546e-05 0.000938258 0.00175043 0.0771828 
0.00365946 0.854446 9.10153e-06 0.000803309 0.0860894 0.0549929 
0.000816208 0.549821 0.00024394 4.49152e-05 0.146433 0.30264 
0.183375 0.495332 0.000177869 0.00109027 0.0559925 0.264033 
0.00657721 0.874259 0.000922771 4.28816e-06 0.0871389 0.0310975 
0.107287 0.872424 1.81761e-06 0.0128385 0.00743238 1.6276e-05 
0.0740841 0.394346 2.74234e-06 3.7247e-07 0.233054 0.298512 
0.010906 0.742705 4.31272e-06 3.75756e-05 0.0269749 0.219372 
0.00853765 0.511956 6.78877e-05 0.0455315 0.281318 0.152588 
0.00342725 0.59352 6.63386e-05 4.8686e-05 0.197097 0.20584 
0.00016466 0.958915 2.76789e-05 7.04e-10 0.018889 0.0220038 
0.0237397 0.596185 2.29474e-06 1.40877e-08 0.0283835 0.35169 
0.044317 0.509005 0.00850025 0.246299 0.0766889 0.11519 
0.0218359 0.600595 0.0803854 0.000529464 0.0152277 0.281426 
0.0951448 0.770309 0.000169444 0.000114712 0.00106329 0.133199 
0.0147057 0.732493 9.08264e-05 8.45381e-05 0.0973401 0.155286 
0.0391071 0.6867 0.013294 0.000623762 0.124301 0.135974 
0.00145232 0.503647 3.75812e-05 3.68932e-05 0.104735 0.390092 
0.000176585 0.940689 0.00335908 0.000726812 0.0414807 0.0135675 
0.00760979 0.706559 0.00431645 0.00072271 0.00070806 0.280084 
0.00381776 0.70297 0.00058476 0.00023027 0.173449 0.118948 
0.000149359 0.691296 1.44077e-07 1.49325e-09 0.156615 0.15194 
0.00160663 0.961323 0.0336465 2.57068e-05 1.45451e-05 0.00338396 
0.060759 0.849207 2.57778e-05 4.81084e-05 0.0003259 0.089634 
0.00802939 0.479197 0.000146 0.000546859 0.153978 0.358103 
0.00272345 0.818558 0.0199197 2.75311e-05 0.0537288 0.105043 
0.000921603 0.474654 6.90067e-07 8.88669e-07 0.142835 0.381588 
5.24927e-05 0.63839 0.000128191 0.000243398 0.312427 0.0487596 
0.0404651 0.802124 0.0116466 4.41212e-07 0.000122405 0.145641 
0.0340033 0.467521 0.000595299 0.160308 0.092925 0.244647 
0.000176585 0.940689 0.00335908 0.000726812 0.0414807 0.0135675 
0.000344136 0.946888 1.14743e-07 1.32984e-06 0.00520992 0.0475568 
0.00016466 0.958915 2.76789e-05 7.04e-10 0.018889 0.0220038 
7.60861e-08 0.999999 1.59001e-07 3.28061e-07 2.85152e-08 1.42289e-08 
0.00533174 0.95254 3.1049e-05 1.21756e-05 0.00546711 0.0366174 
0.0133163 0.489435 8.29051e-07 3.40566e-06 0.251172 0.246073 
0.00558075 0.673279 0.000323141 0.0001391 0.183769 0.136909 
0.000176585 0.940689 0.00335908 0.000726812 0.0414807 0.0135675 
1.17119e-05 0.999907 2.44749e-05 5.0498e-05 4.38932e-06 2.19024e-06 
0.00105393 0.510668 6.8223e-05 6.75111e-05 0.411506 0.0766367 
0.0533578 0.850631 3.20979e-05 7.30858e-06 0.0729215 0.0230498 
0.0973421 0.575575 0.000291183 1.65208e-09 0.143417 0.183375 
0.0031297 0.546503 0.000183494 0.00043865 0.242153 0.207593 
0.0311983 0.847 0.000588509 0.00283292 0.021061 0.0973194 
5.51142e-05 0.877142 0.000174 6.44506e-06 0.0882555 0.0343669 
0.0194822 0.426226 0.132973 5.11543e-06 0.0276524 0.393661 
0.00495143 0.698123 0.224883 0.00383928 0.0166413 0.0515621 
0.117138 0.669418 0.00267714 5.70007e-06 0.138165 0.0725968 
0.00784816 0.744725 0.000879587 1.73766e-05 0.0811587 0.165371 
0.0482544 0.858475 0.000394965 4.78343e-05 0.00177325 0.0910541 
0.0244288 0.482952 0.00218288 4.64196e-07 0.0556429 0.434793 
0.00569309 0.915422 6.41954e-07 3.21399e-06 0.0134132 0.0654677 
8.84397e-06 0.996954 0.000707161 6.73453e-12 0.00232051 9.15605e-06 
0.000176585 0.940689 0.00335908 0.000726812 0.0414807 0.0135675 
0.000337416 0.946707 0.000923031 0.00270398 0.0114163 0.0379124 
1.11862e-06 0.795646 0.000260781 2.29831e-10 0.115154 0.0889382 
0.000176585 0.940689 0.00335908 0.000726812 0.0414807 0.0135675 
0.0137242 0.38345 0.000201412 2.88087e-05 0.351342 0.251254 
0.000925022 0.826369 0.0147258 0.00312735 0.00217794 0.152675 
0.00143589 0.779684 0.000768682 5.93904e-05 0.173867 0.0441852 
0.182629 0.450365 0.000307694 0.0107361 0.0211715 0.33479 
0.0224111 0.448326 0.0638002 0.000164984 0.0692126 0.396085 
0.000176585 0.940689 0.00335908 0.000726812 0.0414807 0.0135675 
0.0595493 0.724197 0.000765148 0.00413372 0.0158113 0.195543 
0.0483858 0.544754 0.15745 0.00332038 0.0522861 0.193803 
0.000176585 0.940689 0.00335908 0.000726812 0.0414807 0.0135675 
0.0149201 0.755601 0.000206397 3.40278e-07 0.11132 0.117952 
0.000458161 0.743262 3.30814e-05 0.000223301 0.0358829 0.220141 
0.00171779 0.600964 0.000135842 0.0817361 0.0825912 0.232855 
0.000176585 0.940689 0.00335908 0.000726812 0.0414807 0.0135675 
0.0194244 0.426479 0.00285018 0.00385431 0.192185 0.355206 
0.289761 0.616026 5.06065e-09 1.04414e-08 0.00030285 0.0939095 
0.00117109 0.542119 0.000297726 5.92001e-06 0.341956 0.114451 
0.0324333 0.490026 0.0206728 8.73629e-05 0.0360037 0.420777 
0.0118961 0.390728 0.0009795 0.0108702 0.233069 0.352457 
0.000176585 0.940689 0.00335908 0.000726812 0.0414807 0.0135675 
0.0279847 0.545336 2.55897e-05 0.00233824 0.175088 0.249228 
0.00707705 0.464004 0.00297779 1.39561e-06 0.152709 0.373231 
0.184597 0.528631 0.000221602 0.000176901 0.210116 0.0762569 
0.00021358 0.834892 0.000194725 9.504e-06 0.0264223 0.138268 
0.0200341 0.545178 0.00101603 2.02101e-07 0.315051 0.11872 
0.300278 0.383487 0.000389912 1.55599e-05 0.00641425 0.309416 
9.07597e-10 0.984547 0.000421639 0.000948149 0.00801037 0.00607254 
0.00454833 0.926885 4.72898e-11 9.75713e-11 0.0574485 0.0111185 
0.000360146 0.811839 6.12741e-05 7.21884e-06 0.0111359 0.176597 
3.25088e-05 0.451921 0.000268514 1.35724e-06 0.288195 0.259582 
0.000141751 0.973356 2.62283e-05 1.82614e-05 0.00295111 0.0235064 
0.00601592 0.544431 4.30713e-05 6.7316e-07 0.425004 0.0245049 
0.00425672 0.990827 0.000150698 1.21332e-05 0.000919303 0.0038341 
0.0012503 0.67285 0.000183221 0.000393419 0.109882 0.215441 
0.0139241 0.778139 0.0156494 6.70977e-05 0.100034 0.0921863 
0.0194761 0.674761 0.000808001 1.4332e-05 0.00911698 0.295824 
0.107335 0.394222 0.0292076 6.55388e-05 0.119352 0.349817 
0.0573406 0.428099 0.00877655 0.00941289 0.101598 0.394773 
0.0762146 0.52428 0.00442678 4.56875e-05 0.238576 0.156457 
0.00287967 0.910247 4.12813e-07 5.99592e-05 0.043232 0.0435806 
0.000176585 0.940689 0.00335908 0.000726812 0.0414807 0.0135675 
0.0547275 0.533046 0.00254023 0.00169571 0.205647 0.202344 
0.0326362 0.833623 0.000220995 8.25723e-05 0.0512472 0.0821901 
0.153802 0.652153 0.00114668 0.000139685 0.00941808 0.18334 
0.000767893 0.605326 0.000489893 0.000117868 0.0220871 0.371211 
0.00110151 0.899563 0.000139175 2.81041e-05 0.0887737 0.0103942 
0.000176585 0.940689 0.00335908 0.000726812 0.0414807 0.0135675 
0.0469315 0.663758 0.00124767 0.0352445 0.0176696 0.235149 
0.0381783 0.637536 0.0107593 0.00237951 0.0245236 0.286623 
0.0137862 0.553568 0.00635076 0.000233268 0.0385373 0.387524 
0.0414727 0.674384 0.00299457 1.32944e-05 0.0305669 0.250569 
0.000176585 0.940689 0.00335908 0.000726812 0.0414807 0.0135675 
0.0274359 0.633152 0.00201798 0.000303656 0.0318489 0.305242 
4.53421e-05 0.875221 8.67827e-09 4.54123e-08 0.00139259 0.123341 
0.0295048 0.719736 0.0108002 0.0011176 0.0769505 0.16189 
0.0685107 0.759908 0.0331936 6.5509e-11 0.00290658 0.135481 
0.00157113 0.570076 6.21631e-09 1.28259e-08 0.0964326 0.33192 
0.000176585 0.940689 0.00335908 0.000726812 0.0414807 0.0135675 
0.0216451 0.514907 0.00346179 0.0877786 0.0919335 0.280274 
0.0402601 0.682692 0.000292169 4.09549e-05 0.0562619 0.220452 
0.00201166 0.70721 0.000927452 0.00487194 0.0511722 0.233806 
0.00319898 0.673793 1.64268e-05 0.000403319 0.202309 0.120279 
0.0500356 0.466459 0.00114215 0.00190948 0.156814 0.323639 
0.00277392 0.65111 0.185057 4.42665e-08 0.142799 0.0182602 
0.0159935 0.728906 6.71571e-06 5.525e-07 0.0247719 0.230322 
0.00693228 0.937632 0.000291141 1.0154e-05 0.00830712 0.0468269 
0.108686 0.522051 0.0760495 0.000739389 0.0389282 0.253546 
8.84397e-06 0.996954 0.000707161 6.73453e-12 0.00232051 9.15605e-06 
0.0110283 0.568258 0.000463437 2.10528e-07 0.124695 0.295555 
0.0206055 0.581078 0.0579874 0.000208727 0.0299793 0.310141 
0.120661 0.487498 0.000462523 2.21554e-05 0.0992723 0.292084 
0.0216464 0.53444 0.000264554 0.0009685 0.0174757 0.425205 
0.00210811 0.970512 0.00843767 0.00066998 0.0002202 0.0180515 
0.000176585 0.940689 0.00335908 0.000726812 0.0414807 0.0135675 
1.91494e-06 0.952117 1.91464e-06 0.00727521 0.0402193 0.000384947 
0.00549623 0.547922 0.00619117 6.91559e-06 0.106783 0.3336 
0.0190335 0.945673 0.000608581 3.28397e-05 0.0184313 0.0162206 
0.000936437 0.576287 0.00023711 4.27538e-08 0.291574 0.130966 
0.00445224 0.661485 0.000641672 1.54116e-06 0.0997113 0.233709 
0.03144 0.696083 0.000287274 2.00446e-06 0.150647 0.121541 
2.57482e-08 0.999976 5.38073e-08 1.11019e-07 9.64979e-09 2.40852e-05 
0.00709128 0.780805 0.000788667 0.0253011 0.0708256 0.115188 
1.6787e-05 0.995909 0.000276092 0.000119029 0.00358915 8.96663e-05 
0.0299502 0.523347 0.000198138 5.23213e-05 0.200012 0.24644 
0.000582039 0.76543 0.00667474 8.75158e-07 0.0372791 0.190033 
4.52354e-11 0.950587 3.03524e-07 1.95042e-10 0.0446222 0.00479046 
0.0491344 0.566304 0.0444795 9.90309e-05 0.0258106 0.314173 
0.00137427 0.873357 0.000856427 5.58864e-07 0.0829932 0.041419 
0.0539037 0.812464 7.7916e-05 0.000343275 0.0884457 0.044765 
0.0486418 0.744407 2.42877e-05 3.00315e-10 0.176919 0.0300076 
7.95278e-05 0.872069 0.000293413 0.000118667 0.108935 0.018504 
0.00391005 0.880959 1.16648e-07 4.49389e-08 0.0183553 0.0967751 
6.87695e-06 0.548106 0.0226973 6.87368e-06 0.139622 0.289561 
0.0164769 0.800651 0.000830767 0.001483 0.0688946 0.111664 
5.24143e-06 0.922368 0.00108708 2.9967e-08 0.0319169 0.0446227 
0.000176585 0.940689 0.00335908 0.000726812 0.0414807 0.0135675 
0.00277392 0.65111 0.185057 4.42665e-08 0.142799 0.0182602 
0.00333456 0.383701 0.000399399 0.00343551 0.296038 0.313092 
0.0122339 0.50932 0.000261727 3.78413e-06 0.253772 0.224408 
0.000216848 0.919896 1.51546e-05 0.000938258 0.00175043 0.0771828 
0.000176585 0.940689 0.00335908 0.000726812 0.0414807 0.0135675 
0.00110661 0.763819 0.000337446 4.53256e-05 0.162953 0.0717391 
0.0108238 0.571897 0.00111685 0.274183 0.0201422 0.121837 
0.0194939 0.841399 7.86132e-05 0.00254665 0.0291721 0.10731 
0.00176288 0.426901 1.46097e-05 5.60746e-05 0.350767 0.220498 
8.84397e-06 0.996954 0.000707161 6.73453e-12 0.00232051 9.15605e-06 
0.0450682 0.470332 0.000210354 0.000534678 0.107647 0.376208 
0.0104442 0.769664 5.52341e-05 6.73293e-08 0.131348 0.0884886 
0.00214668 0.523181 0.000519321 0.0221802 0.128748 0.323225 
0.00347464 0.454188 0.0038294 5.24823e-05 0.183578 0.354877 
0.0410539 0.846219 0.0310103 5.28242e-06 0.0515079 0.0302035 
0.00801674 0.660446 0.00066301 0.000108623 0.121082 0.209683 
0.0441202 0.586271 1.47909e-07 0.00111932 0.25228 0.116209 
0.00352911 0.604223 0.00664128 0.0059354 0.0233809 0.35629 
6.57509e-05 0.798871 0.000240715 8.06978e-05 0.0753235 0.125419 
0.0111478 0.525881 0.0011102 0.00442825 0.00701865 0.450414 
1.87822e-09 0.999481 0.000146608 2.1764e-05 4.69385e-05 0.000303869 
0.0340833 0.656867 0.00101309 4.74486e-05 0.0829376 0.225051 
8.84397e-06 0.996954 0.000707161 6.73453e-12 0.00232051 9.15605e-06 
0.00438461 0.71593 0.000377603 7.19531e-07 0.000441499 0.278865 
0.0564861 0.392127 0.226765 0.00121451 0.0446674 0.27874 
0.0217448 0.4811 0.00777288 0.000583626 0.289346 0.199452 
0.151292 0.745253 3.68857e-05 3.6874e-05 3.68949e-05 0.103345 
0.00920657 0.572297 0.000476833 3.8014e-05 0.0825611 0.33542 
0.0958456 0.440292 0.00325716 2.60452e-05 0.0802282 0.380351 
0.106351 0.494617 7.13605e-06 0.014988 0.119923 0.264114 
0.000141751 0.973356 2.62283e-05 1.82614e-05 0.00295111 0.0235064 
0.00547575 0.495291 0.00890427 0.0171015 0.226203 0.247025 
0.0309978 0.585585 0.0117337 0.000323603 0.0819174 0.289442 
0.000554418 0.488901 0.455698 9.51056e-08 0.00220977 0.0526364 
9.04254e-06 0.998396 1.88966e-05 3.89887e-05 0.000950209 0.000586415 
0.0111169 0.382989 5.14284e-05 7.86929e-05 0.257464 0.3483 
0.145525 0.544894 0.0190768 0.00296314 0.0141117 0.273429 
0.249456 0.484854 9.62453e-05 1.19348e-10 0.252947 0.0126465 
0.000499644 0.911533 0.0771896 0.00189271 5.41901e-06 0.00887984 
0.0846078 0.767379 0.000931632 2.1696e-05 0.0209243 0.126136 
0.012395 0.708596 0.000184359 0.0622559 0.0165773 0.199991 
0.00183466 0.863068 6.48749e-05 0.000181397 0.0197488 0.115102 
0.0120629 0.710294 0.0171511 3.5872e-08 0.0310124 0.229479 
0.0037493 0.882601 0.0378484 0.0228097 0.0122392 0.040752 
0.0228684 0.674807 0.00762724 8.4626e-06 0.0423455 0.252344 
0.114301 0.740011 3.1591e-06 0.00203656 0.00125989 0.142389 
0.0166532 0.545516 0.0481676 9.07352e-05 0.0470302 0.342542 
0.021532 0.663281 6.89096e-05 2.81647e-05 0.174344 0.140746 
3.87906e-07 0.994349 0.00425495 0.00122753 1.49311e-05 0.000153162 
0.000176585 0.940689 0.00335908 0.000726812 0.0414807 0.0135675 
0.00726217 0.658219 4.25115e-05 2.56251e-05 0.133746 0.200704 
0.000176585 0.940689 0.00335908 0.000726812 0.0414807 0.0135675 
0.000176585 0.940689 0.00335908 0.000726812 0.0414807 0.0135675 
0.00162726 0.554096 6.77974e-05 2.24743e-05 0.0113882 0.432799 
0.000868787 0.583072 0.000611401 0.0621985 0.18383 0.16942 
0.0138179 0.440387 0.0915956 0.000445311 0.0186379 0.435116 
0.185976 0.539142 0.0734082 1.22204e-06 0.0463118 0.155161 
0.0728445 0.657937 0.00798901 2.06586e-05 0.0594025 0.201806 
0.06153 0.526922 0.000452487 1.58212e-06 0.0104194 0.400675 
0.0195917 0.796515 0.00763711 0.0389439 0.00497928 0.132333 
0.00649449 0.518476 0.10669 1.20439e-05 0.00087881 0.367449 
2.32801e-07 0.893215 0.00134349 0.00191119 0.0607411 0.0427886 
0.00054815 0.904257 3.31641e-05 0.000412473 0.0047647 0.0899844 
0.0222211 0.625545 5.71529e-05 3.8501e-05 0.166622 0.185516 
3.00095e-08 0.924052 0.000584996 0.000324498 0.0576096 0.0174291 
0.000176585 0.940689 0.00335908 0.000726812 0.0414807 0.0135675 
0.000176585 0.940689 0.00335908 0.000726812 0.0414807 0.0135675 
0.000176585 0.940689 0.00335908 0.000726812 0.0414807 0.0135675 
0.0442033 0.545499 1.26799e-05 0.000256165 0.142461 0.267567 
0.000176585 0.940689 0.00335908 0.000726812 0.0414807 0.0135675 
0.167919 0.389954 1.63804e-05 0.000468406 0.152578 0.289064 
0.00926182 0.758133 0.000182866 1.93208e-08 0.022562 0.20986 
0.0479339 0.660653 0.000442196 0.00203682 0.0270094 0.261924 
8.57795e-05 0.999785 6.3384e-06 1.30778e-05 3.28341e-05 7.6609e-05 
0.012395 0.708596 0.000184359 0.0622559 0.0165773 0.199991 
0.0217881 0.545638 5.35773e-09 2.06256e-05 0.175145 0.257408 
0.0218359 0.600595 0.0803854 0.000529464 0.0152277 0.281426 
0.0110283 0.568258 0.000463437 2.10528e-07 0.124695 0.295555 
0.0194761 0.674761 0.000808001 1.4332e-05 0.00911698 0.295824 
0.0165745 0.723307 0.0027632 0.000391439 0.00477736 0.252186 
0.0202119 0.537282 0.000226076 0.000601422 0.238664 0.203015 
0.0136771 0.862595 0.000125375 2.94163e-06 0.0483823 0.0752178 
0.00263676 0.775682 0.000255546 4.27871e-06 0.129566 0.0918554 
0.0343285 0.531485 1.64842e-06 5.65131e-06 0.0954942 0.338685 
0.0256094 0.805553 0.000948922 0.000180821 0.0219436 0.145764 
0.107094 0.452385 8.78249e-05 1.12911e-05 0.366778 0.0736438 
0.000159007 0.758454 0.000586739 5.7467e-05 0.203787 0.036956 
0.000176585 0.940689 0.00335908 0.000726812 0.0414807 0.0135675 
0.00216162 0.995582 7.40411e-07 1.52766e-06 0.00065078 0.00160353 
0.0112979 0.495554 0.000935923 0.140114 0.039161 0.312937 
0.000176585 0.940689 0.00335908 0.000726812 0.0414807 0.0135675 
0.000176585 0.940689 0.00335908 0.000726812 0.0414807 0.0135675 
0.000141751 0.973356 2.62283e-05 1.82614e-05 0.00295111 0.0235064 
8.84397e-06 0.996954 0.000707161 6.73453e-12 0.00232051 9.15605e-06 
0.00277392 0.65111 0.185057 4.42665e-08 0.142799 0.0182602 
0.16288 0.693761 3.72965e-07 0.00807795 0.0834269 0.0518541 
0.000176585 0.940689 0.00335908 0.000726812 0.0414807 0.0135675 
0.0236631 0.591684 0.0571757 4.39535e-06 0.155887 0.171586 
7.01902e-07 0.619515 2.93356e-06 2.60427e-06 0.274771 0.105708 
0.0410539 0.846219 0.0310103 5.28242e-06 0.0515079 0.0302035 
0.00604514 0.746016 0.000167581 9.89848e-05 0.065149 0.182523 
0.000606398 0.984735 0.00405302 6.77396e-10 1.51329e-06 0.0106044 
0.000606398 0.984735 0.00405302 6.77396e-10 1.51329e-06 0.0106044 
0.00042877 0.863286 0.0027367 0.00048227 0.0435101 0.0895559 
0.000176585 0.940689 0.00335908 0.000726812 0.0414807 0.0135675 
0.000201983 0.844092 0.00015276 0.0119015 0.0689149 0.0747368 
0.0532739 0.410024 0.000723565 0.00343659 0.179924 0.352618 
0.0427802 0.752378 0.00797445 1.65486e-05 0.0116152 0.185236 
0.222812 0.289692 0.0189386 0.168118 0.0455787 0.254862 
0.0253022 0.785686 0.000310177 0.0298676 0.0581824 0.100652 
0.0031297 0.546503 0.000183494 0.00043865 0.242153 0.207593 
0.00440706 0.559372 0.0789973 0.000471464 0.00434825 0.352404 
0.0188791 0.600203 0.0921965 0.00215198 0.00660699 0.279962 
0.00930988 0.588816 0.158258 0.000430357 0.113163 0.130022 
0.190304 0.513172 0.00375016 3.24753e-05 0.024245 0.268496 
0.0412808 0.535478 0.000350907 0.0150781 0.0530677 0.354745 
0.012395 0.708596 0.000184359 0.0622559 0.0165773 0.199991 
0.000176585 0.940689 0.00335908 0.000726812 0.0414807 0.0135675 
0.00205191 0.586419 7.19069e-05 3.95092e-09 0.219611 0.191845 
0.00495143 0.698123 0.224883 0.00383928 0.0166413 0.0515621 
0.00504922 0.696258 0.000147748 0.0072601 0.0190262 0.272259 
0.00228442 0.569498 0.000159244 0.000226668 0.0537324 0.374099 
0.00169767 0.864647 0.000164504 0.00399708 0.0454102 0.0840837 
0.00768611 0.737323 0.00186845 2.6789e-06 0.135724 0.117395 
0.0109516 0.745949 3.80661e-05 0.0321508 0.101165 0.109745 
0.00439733 0.686252 0.0829955 3.44784e-07 0.103063 0.123292 
0.00016466 0.958915 2.76789e-05 7.04e-10 0.018889 0.0220038 
0.166339 0.489407 0.174706 0.000107933 0.0550164 0.114423 
8.84397e-06 0.996954 0.000707161 6.73453e-12 0.00232051 9.15605e-06 
0.0452488 0.72176 0.000164027 0.0474919 0.0451122 0.140223 
0.000176585 0.940689 0.00335908 0.000726812 0.0414807 0.0135675 
0.0151018 0.354363 8.2121e-05 0.000144941 0.286482 0.343826 
0.0194761 0.674761 0.000808001 1.4332e-05 0.00911698 0.295824 
0.0449229 0.719671 2.82744e-05 0.00204923 0.0787194 0.154609 
0.000176585 0.940689 0.00335908 0.000726812 0.0414807 0.0135675 
0.00543242 0.81042 0.00097694 1.65828e-06 0.055188 0.127981 
0.001893 0.54386 7.62735e-11 0.434852 0.00499892 0.0143961 
3.87906e-07 0.994349 0.00425495 0.00122753 1.49311e-05 0.000153162 
0.00365946 0.854446 9.10153e-06 0.000803309 0.0860894 0.0549929 
0.000176585 0.940689 0.00335908 0.000726812 0.0414807 0.0135675 
0.084683 0.381878 0.00103396 0.00714625 0.263547 0.261712 
0.0329439 0.463805 8.51622e-06 0.00227947 0.12477 0.376194 
0.0220656 0.458052 0.00254408 5.19581e-06 0.0964729 0.42086 
4.57194e-07 0.755408 0.0111956 5.84922e-07 0.127815 0.10558 
0.000376878 0.522532 2.01892e-07 4.16557e-07 0.000112279 0.476978 
0.0246202 0.769104 0.0566477 0.00187187 0.0645366 0.0832199 
0.0158211 0.842886 0.00041073 0.026703 0.0225113 0.091668 
0.00495143 0.698123 0.224883 0.00383928 0.0166413 0.0515621 
0.0535424 0.802803 0.000527592 0.00198095 0.0527709 0.088375 
0.00349667 0.497051 0.00439408 3.37583e-05 0.327861 0.167163 
7.80852e-05 0.687235 7.80729e-05 7.8048e-05 0.101598 0.210932 
0.000176585 0.940689 0.00335908 0.000726812 0.0414807 0.0135675 
0.0328176 0.700074 8.35849e-07 0.00723029 0.175205 0.084672 
1.19767e-06 0.998802 2.50284e-06 5.164e-06 0.000583966 0.00060496 
8.84397e-06 0.996954 0.000707161 6.73453e-12 0.00232051 9.15605e-06 
0.259794 0.686272 1.30987e-05 2.45281e-05 0.000190649 0.0537051 
0.0905292 0.850859 0.000624971 0.00396566 0.00240977 0.0516118 
0.000702387 0.677845 0.0034947 0.000253553 0.279563 0.0381416 
0.00439733 0.686252 0.0829955 3.44784e-07 0.103063 0.123292 
0.00597502 0.975604 2.97226e-06 6.13256e-06 0.0155744 0.00283705 
0.000947092 0.924776 6.10711e-07 1.26006e-06 0.0607748 0.0135003 
0.00457166 0.913824 0.000358403 0.00862224 0.0464872 0.0261364 
0.00592957 0.911213 0.000245897 3.104e-06 0.0450763 0.037532 
0.000176585 0.940689 0.00335908 0.000726812 0.0414807 0.0135675 
0.292991 0.369654 0.0845293 4.62961e-05 0.0449497 0.207829 
0.000448372 0.772859 0.000652 0.00794159 0.0726139 0.145485 
0.0162367 0.638672 0.00454597 0.000151962 0.290536 0.0498577 
0.006715 0.515006 0.0799631 4.32621e-06 0.134375 0.263936 
3.84524e-07 0.944909 5.77243e-07 2.72448e-10 2.36813e-11 0.0550898 
0.00469896 0.614794 7.51474e-06 3.15638e-06 0.00020058 0.380296 
0.0255176 0.618356 0.0051177 0.000279522 0.0899826 0.260746 
1.95776e-06 0.982497 0.000203311 1.16548e-06 0.000623398 0.0166727 
0.00439733 0.686252 0.0829955 3.44784e-07 0.103063 0.123292 
0.000632672 0.955355 0.0120203 0.000444866 0.00173994 0.0298077 
0.0157356 0.41354 0.261006 0.000274057 0.0224889 0.286956 
0.0187796 0.850059 7.83906e-06 6.10952e-07 0.0829289 0.048224 
0.000364063 0.678801 9.60908e-05 3.26754e-06 0.216587 0.104148 
0.000244616 0.905615 3.50783e-06 0.000392002 0.010646 0.083099 
0.0410207 0.835904 0.00700898 0.00215317 0.0120242 0.101889 
3.87906e-07 0.994349 0.00425495 0.00122753 1.49311e-05 0.000153162 
0.0699027 0.679243 0.000707468 4.36917e-07 0.105616 0.14453 
0.0588098 0.523543 0.00166617 0.00210125 0.23155 0.18233 
0.159905 0.437421 1.75791e-05 0.00274857 0.189364 0.210544 
0.00684905 0.766498 0.009039 4.40788e-05 0.0852137 0.132357 
2.22842e-06 0.888927 1.13312e-06 4.20167e-07 0.051369 0.0597 
0.0283503 0.618298 1.14912e-07 3.85057e-07 0.304062 0.0492896 
0.000176585 0.940689 0.00335908 0.000726812 0.0414807 0.0135675 
0.011938 0.534352 0.00011998 0.0247201 0.127404 0.301466 
0.044317 0.509005 0.00850025 0.246299 0.0766889 0.11519 
0.00439733 0.686252 0.0829955 3.44784e-07 0.103063 0.123292 
0.00495143 0.698123 0.224883 0.00383928 0.0166413 0.0515621 
0.00647419 0.658992 6.37431e-06 8.4331e-07 0.101467 0.233059 
0.000901175 0.955594 2.29536e-06 3.35566e-06 0.0386764 0.00482281 
0.022012 0.711231 3.40705e-06 2.51069e-10 0.143924 0.122829 
0.000176585 0.940689 0.00335908 0.000726812 0.0414807 0.0135675 
0.000270018 0.802299 0.0011277 1.41629e-07 0.19521 0.00109329 
0.00184823 0.524185 3.75537e-05 1.45919e-07 0.165501 0.308427 
0.00600238 0.61459 6.92136e-05 0.00232956 0.00887395 0.368135 
0.000595995 0.536643 0.000461749 2.13994e-05 0.220027 0.242251 
0.00853722 0.590962 0.000433497 6.02404e-05 0.134845 0.265162 
0.000333108 0.867836 0.00105627 4.26037e-07 0.0418504 0.0889238 
0.00194195 0.681503 4.63194e-05 0.000250695 0.175628 0.14063 
0.00956617 0.688286 0.000937288 0.0009299 0.0447101 0.25557 
0.0575808 0.479481 2.67182e-05 4.49585e-06 0.28036 0.182547 
0.0908015 0.738033 0.000400441 0.00508351 0.156361 0.0093206 
0.0311411 0.506356 0.000249618 6.92699e-05 0.204592 0.257592 
0.00456158 0.743406 0.000406516 2.34438e-05 0.0803988 0.171204 
0.00324246 0.671201 0.00225469 0.000261817 0.0437551 0.279285 
0.00409204 0.68849 0.00102231 7.07641e-05 0.148223 0.158101 
1.25028e-06 0.976492 0.000364371 0.000477324 0.0110694 0.0115954 
7.79223e-06 0.915421 3.46519e-06 4.14735e-06 0.0554187 0.0291446 
0.0475254 0.638866 0.000398058 0.00248689 0.120906 0.189818 
0.00905227 0.481299 0.000194183 2.68472e-05 0.184667 0.324761 
0.000349517 0.840686 0.00105308 0.000266812 0.067917 0.0897273 
0.000176585 0.940689 0.00335908 0.000726812 0.0414807 0.0135675 
0.000176585 0.940689 0.00335908 0.000726812 0.0414807 0.0135675 
0.0164363 0.548651 0.000646368 1.39407e-05 0.24808 0.186173 
0.0232574 0.560896 0.00223949 0.00102718 0.252472 0.160108 
0.0136499 0.630831 0.0198935 0.000998001 0.158731 0.175896 
0.02537 0.726042 0.000273061 1.54563e-06 0.196344 0.0519695 
0.000176585 0.940689 0.00335908 0.000726812 0.0414807 0.0135675 
