0.0204763 4.80144e-06 1.06949e-05 2.20664e-05 0.00307077 0.976415 
0.740159 3.91001e-05 0.00031039 4.21503e-05 0.0176576 0.241791 
0.998044 2.02453e-06 4.50953e-06 9.30434e-06 0.00113304 0.000807516 
0.200651 3.40508e-11 1.21429e-07 4.2268e-07 0.347949 0.4514 
0.031729 0.00656151 0.0268802 0.0164654 0.22041 0.697954 
0.258781 0.0116968 0.0194448 0.0747065 0.286566 0.348805 
0.161749 1.56165e-10 2.38857e-07 7.17701e-10 0.00166698 0.836584 
0.210261 0.00767448 0.0160776 0.0121504 0.250862 0.502974 
0.394335 0.0162104 0.0206432 0.0385976 0.0316337 0.49858 
0.999278 5.21479e-06 1.45793e-05 7.97882e-05 3.20525e-05 0.000590241 
0.0479779 0.0069364 0.0975832 0.0120373 0.0644624 0.771003 
3.18912e-06 6.50289e-10 1.44848e-09 2.9886e-09 1.11727e-06 0.999996 
0.0299954 3.46831e-07 8.87066e-06 4.25727e-07 0.034875 0.93512 
0.153947 0.00748228 0.0159726 0.0114056 0.126547 0.684645 
1.67231e-06 1.56893e-06 3.4947e-06 7.21049e-06 0.00181817 0.998168 
0.206847 0.00640584 0.0103719 0.215424 0.0115095 0.549442 
0.119984 0.00937972 0.0184599 0.0109954 0.0385697 0.802611 
0.009156 2.19688e-07 4.89341e-07 1.00964e-06 0.000114174 0.990728 
0.0299954 3.46831e-07 8.87066e-06 4.25727e-07 0.034875 0.93512 
0.00245522 1.575e-07 5.84209e-05 4.36166e-07 0.0536038 0.943882 
0.739064 0.000139124 0.00030136 0.000148831 0.0290145 0.231332 
0.062858 2.08932e-09 4.65383e-09 9.60208e-09 0.076908 0.860234 
0.998044 2.02453e-06 4.50953e-06 9.30434e-06 0.00113304 0.000807516 
0.0231683 0.00574576 0.00957429 0.0123675 0.870864 0.0782798 
0.0299954 3.46831e-07 8.87066e-06 4.25727e-07 0.034875 0.93512 
0.0334403 4.90846e-05 0.0437749 0.0341692 0.263795 0.624772 
0.739064 0.000139124 0.00030136 0.000148831 0.0290145 0.231332 
0.0306969 0.000102624 0.000126516 0.000132122 0.0476839 0.921258 
0.320038 0.0516682 0.076807 0.0899574 0.24101 0.220519 
0.161749 1.56165e-10 2.38857e-07 7.17701e-10 0.00166698 0.836584 
0.161749 1.56165e-10 2.38857e-07 7.17701e-10 0.00166698 0.836584 
1.20317e-08 1.1288e-08 2.51433e-08 5.18773e-08 0.00763233 0.992368 
0.739064 0.000139124 0.00030136 0.000148831 0.0290145 0.231332 
0.320582 0.0233208 0.109721 0.310748 0.0589683 0.176659 
0.0430994 0.00826324 0.0189545 0.0426062 0.0177905 0.869286 
0.0274566 0.0212842 0.0368344 0.0533333 0.0572612 0.80383 
0.0852072 0.000744348 0.066785 0.169696 0.0268009 0.650766 
0.0299954 3.46831e-07 8.87066e-06 4.25727e-07 0.034875 0.93512 
0.0762597 6.11672e-08 0.00016957 0.000590209 0.769657 0.153324 
0.0148748 1.92303e-07 3.0011e-06 2.36419e-07 0.0667092 0.918413 
0.578638 0.00804908 0.0188315 0.247607 0.0398823 0.106992 
7.10991e-05 2.45226e-09 5.46227e-09 1.12701e-08 1.96018e-06 0.999927 
0.155559 3.17354e-05 0.00880625 0.608625 0.121664 0.105314 
0.997113 1.46309e-10 3.25894e-10 6.72406e-10 1.16898e-06 0.0028862 
0.00284463 4.27063e-10 4.77555e-07 1.96269e-09 1.57566e-06 0.997153 
0.0250301 0.0220516 0.105789 0.0410204 0.0385987 0.76751 
0.00245522 1.575e-07 5.84209e-05 4.36166e-07 0.0536038 0.943882 
0.995514 2.59871e-10 1.0518e-07 1.19431e-09 0.00090012 0.00358572 
0.0249565 0.0129193 0.590365 0.329563 0.0141292 0.028067 
0.125416 0.0589254 0.0604725 0.111967 0.179793 0.463426 
0.0114037 0.00245889 0.0976664 0.0123771 0.0288982 0.847196 
0.200651 3.40508e-11 1.21429e-07 4.2268e-07 0.347949 0.4514 
0.200651 3.40508e-11 1.21429e-07 4.2268e-07 0.347949 0.4514 
0.144098 0.00376209 0.0115103 0.00411489 0.033582 0.802932 
0.739064 0.000139124 0.00030136 0.000148831 0.0290145 0.231332 
0.237597 0.00390231 0.0154246 0.00689358 0.0351437 0.701039 
0.0406371 0.00786104 0.0415042 0.0220422 0.02996 0.857995 
0.00116465 5.78094e-08 1.28767e-07 2.6568e-07 0.823325 0.17551 
0.161749 1.56165e-10 2.38857e-07 7.17701e-10 0.00166698 0.836584 
