0.0212845 0.337823 0.00135888 5.32247e-06 0.301956 0.337572 
0.000176585 0.940689 0.00335908 0.000726812 0.0414807 0.0135675 
0.00438756 0.713182 6.88014e-06 0.0189478 0.011391 0.252084 
0.00592392 0.889346 3.002e-05 1.37662e-05 0.0332547 0.0714311 
8.84397e-06 0.996954 0.000707161 6.73453e-12 0.00232051 9.15605e-06 
0.00620423 0.536294 0.000795692 0.306933 0.0196529 0.13012 
0.000141751 0.973356 2.62283e-05 1.82614e-05 0.00295111 0.0235064 
8.84397e-06 0.996954 0.000707161 6.73453e-12 0.00232051 9.15605e-06 
0.0304384 0.707559 4.12134e-05 1.48256e-05 0.12772 0.134227 
0.000176585 0.940689 0.00335908 0.000726812 0.0414807 0.0135675 
0.035034 0.526478 0.000157624 7.69262e-05 0.0148473 0.423406 
0.103798 0.612288 0.000769037 0.00194688 0.16999 0.111209 
0.129133 0.315319 4.82942e-05 1.42351e-06 0.299903 0.255594 
0.000176585 0.940689 0.00335908 0.000726812 0.0414807 0.0135675 
0.000216848 0.919896 1.51546e-05 0.000938258 0.00175043 0.0771828 
9.23972e-06 0.999734 1.93087e-05 3.98389e-05 3.46282e-06 0.000194129 
0.0286261 0.816496 0.00136668 5.8818e-06 0.0504365 0.103069 
0.00365946 0.854446 9.10153e-06 0.000803309 0.0860894 0.0549929 
0.00140556 0.890857 0.00833945 0.00328687 0.0928184 0.00329252 
0.0212941 0.454472 0.258331 5.6478e-06 0.0656634 0.200234 
0.0207221 0.550131 0.0542136 0.000430811 0.0144131 0.360089 
0.000271006 0.802997 0.000417687 0.00314741 0.0443314 0.148835 
0.0207668 0.542538 0.000675182 0.000762922 0.294387 0.140871 
0.00254872 0.728647 0.00109737 0.0299731 0.0830484 0.154685 
0.0161511 0.766092 0.0114313 5.37706e-05 0.119237 0.087034 
0.0752311 0.451669 0.00715546 1.20792e-05 0.0668543 0.399078 
0.00485682 0.570708 7.46182e-06 1.59483e-07 0.0373867 0.387041 
0.0813253 0.468668 0.00377683 0.146233 0.0574419 0.242555 
0.0111858 0.677528 0.000647603 3.69821e-07 0.050413 0.260225 
0.00641939 0.635421 0.000559213 0.000108583 0.0678844 0.289607 
0.0312006 0.663049 2.5983e-05 5.34282e-06 0.0807074 0.225012 
0.000486359 0.869867 4.24052e-06 0.0410164 0.00621237 0.0824139 
1.91157e-06 0.693173 3.80992e-08 1.53294e-05 0.0245312 0.282279 
0.0116443 0.694047 6.95078e-05 0.0045984 0.0740249 0.215616 
0.00227256 0.851502 3.26402e-05 1.11853e-05 0.0343108 0.11187 
0.00162726 0.554096 6.77974e-05 2.24743e-05 0.0113882 0.432799 
0.0695387 0.472952 0.00230191 4.7547e-07 0.0559946 0.399213 
0.0169354 0.755113 0.000508317 5.70715e-05 0.0688511 0.158535 
0.00746298 0.702503 0.000330725 0.000785982 0.0852531 0.203664 
0.0632194 0.478416 0.00064966 2.18344e-09 0.162079 0.295636 
0.0342996 0.802344 0.000517444 0.000929869 0.043024 0.118885 
0.000176585 0.940689 0.00335908 0.000726812 0.0414807 0.0135675 
0.00325851 0.874751 5.61965e-08 1.80015e-05 0.0264592 0.0955131 
8.84397e-06 0.996954 0.000707161 6.73453e-12 0.00232051 9.15605e-06 
0.000786374 0.897937 0.00148034 2.97816e-05 0.0125822 0.0871846 
0.000176585 0.940689 0.00335908 0.000726812 0.0414807 0.0135675 
0.0161765 0.863416 3.17419e-07 8.98903e-05 0.000111544 0.120206 
0.00588107 0.803228 0.000155042 4.51182e-07 0.113108 0.0776275 
0.00582001 0.71401 6.6702e-05 9.14856e-05 0.159073 0.120939 
0.0486418 0.744407 2.42877e-05 3.00315e-10 0.176919 0.0300076 
0.000176585 0.940689 0.00335908 0.000726812 0.0414807 0.0135675 
0.0449338 0.386704 0.00260741 0.000385314 0.231129 0.33424 
0.00867191 0.773903 2.07535e-05 9.0283e-06 0.0279416 0.189454 
0.0822765 0.703321 7.93032e-05 3.13035e-07 0.115317 0.0990067 
0.0510668 0.713947 0.0407282 0.000609675 0.0323966 0.161252 
0.000231868 0.889891 0.00240496 0.000428708 0.0998275 0.00721568 
0.0158873 0.700592 0.000664352 0.0189623 0.00218562 0.261709 
1.29298e-05 0.866062 1.20929e-05 9.54317e-08 0.0288001 0.105113 
6.07214e-05 0.528533 3.09575e-05 0.00328508 0.206214 0.261876 
0.0548054 0.869897 0.00038127 1.46457e-06 0.0283163 0.0465983 
0.0504905 0.471237 0.0121545 1.09241e-06 0.0336316 0.432485 
0.0232995 0.887858 0.000801869 9.21665e-05 0.0369849 0.050964 
0.00823575 0.545018 0.0350427 0.000777276 0.0207329 0.390194 
0.0110637 0.709012 3.51937e-06 2.00364e-06 0.186979 0.0929405 
0.0186922 0.675184 0.00129957 3.21514e-06 0.178386 0.126435 
0.00472521 0.513262 0.000366679 0.0025483 0.0541209 0.424977 
0.109123 0.550406 1.01261e-05 1.56733e-07 0.100865 0.239595 
0.000520964 0.683089 0.000416865 1.47043e-05 0.0360716 0.279886 
0.0332709 0.672968 0.0228154 0.000673596 0.0610604 0.209211 
0.0794097 0.67256 5.18081e-07 1.79863e-09 0.222366 0.0256638 
3.41825e-05 0.892076 1.4012e-05 1.06874e-06 0.0607544 0.0471201 
8.52278e-10 0.994672 2.87231e-06 6.18762e-06 0.00119249 0.00412636 
1.71209e-05 0.72595 1.71182e-05 1.71128e-05 0.102752 0.171246 
0.031857 0.570155 0.000135152 0.000399285 0.13513 0.262324 
0.0685651 0.721972 8.11434e-07 3.99092e-06 0.0348108 0.174647 
0.00761626 0.47044 2.85391e-05 0.000111245 0.316672 0.205132 
0.000176585 0.940689 0.00335908 0.000726812 0.0414807 0.0135675 
9.24092e-05 0.954261 0.00117475 1.65539e-05 0.00708751 0.0373682 
0.012395 0.708596 0.000184359 0.0622559 0.0165773 0.199991 
0.00408679 0.770141 0.00169761 0.00417538 0.147286 0.0726133 
0.000888542 0.862813 0.00012793 0.00381722 0.0645825 0.0677705 
0.00201334 0.391254 0.000104453 2.52353e-05 0.36832 0.238283 
0.0208214 0.431434 0.0402801 1.6554e-05 0.320888 0.186561 
1.62127e-07 0.999997 6.27301e-11 1.29429e-10 3.05776e-06 5.61367e-12 
8.75366e-05 0.93938 0.00206635 7.23426e-05 0.020948 0.0374458 
0.00495143 0.698123 0.224883 0.00383928 0.0166413 0.0515621 
0.00151056 0.938958 0.00107047 0.000197108 0.00210067 0.0561632 
0.0128931 0.526925 0.00151907 2.5552e-05 0.231836 0.226801 
0.0238678 0.594159 4.71202e-05 0.000786004 0.0973454 0.283795 
0.0281909 0.46965 0.000483989 0.0542772 0.25448 0.192917 
0.0156232 0.510582 0.0134097 0.00119438 0.110714 0.348477 
0.00257894 0.519466 0.000310208 0.000120469 0.234596 0.242928 
0.000176585 0.940689 0.00335908 0.000726812 0.0414807 0.0135675 
0.0715977 0.360967 0.000480483 0.000163177 0.222861 0.34393 
0.00463392 0.802319 8.10779e-05 0.00297296 0.00233164 0.187662 
0.00263897 0.519874 0.000122405 0.00368064 0.032263 0.441421 
0.00495143 0.698123 0.224883 0.00383928 0.0166413 0.0515621 
0.00125919 0.723057 1.36022e-07 0.000134558 0.0841398 0.191409 
0.059703 0.518994 0.000140281 0.000105814 0.0885993 0.332457 
0.0019285 0.746919 9.98612e-05 0.000326547 0.003283 0.247443 
2.85019e-06 0.928541 1.69773e-06 0.00305849 0.0579054 0.0104904 
0.0391098 0.352527 0.0013333 0.000279615 0.33247 0.27428 
0.0647646 0.440935 0.00714548 0.000106359 0.0668665 0.420182 
0.00452371 0.759782 8.72787e-05 5.11311e-06 0.0188413 0.216761 
0.022012 0.711231 3.40705e-06 2.51069e-10 0.143924 0.122829 
0.0349197 0.727768 0.0014958 0.000102103 0.155527 0.080188 
0.00365946 0.854446 9.10153e-06 0.000803309 0.0860894 0.0549929 
8.0771e-05 0.965377 0.000650606 6.71004e-05 0.000788003 0.0330363 
0.19698 0.415142 0.000429354 0.00133037 0.0572973 0.328821 
0.0237162 0.727927 8.18692e-05 2.47945e-05 0.229994 0.0182562 
0.0485413 0.586719 0.00194013 0.00210572 0.09088 0.269814 
0.000594236 0.418988 9.92968e-06 0.00180355 0.383671 0.194933 
0.113036 0.330548 0.000102502 4.69965e-05 0.245926 0.310341 
0.0476313 0.726552 0.000955605 0.0729926 0.107245 0.0446238 
0.00957459 0.595182 0.0891247 1.19371e-05 0.0302277 0.275879 
0.0203562 0.661013 0.0154419 7.01364e-06 0.0757975 0.227384 
0.00627586 0.763275 3.80345e-06 2.02313e-05 0.166344 0.0640814 
0.0161941 0.454785 0.078221 4.03827e-05 0.069454 0.381306 
0.000176585 0.940689 0.00335908 0.000726812 0.0414807 0.0135675 
0.000753989 0.910628 0.000993033 5.63796e-10 0.00235977 0.0852653 
0.0470361 0.632042 3.38291e-07 3.46305e-07 0.0208307 0.30009 
0.0201373 0.608916 0.00117427 0.000661189 0.117657 0.251454 
0.0665439 0.841897 5.5867e-07 7.42216e-05 0.00894198 0.0825428 
0.17226 0.478715 5.17006e-10 1.06672e-09 0.00721257 0.341813 
0.0105634 0.720584 0.000321634 0.000144301 0.0759456 0.192441 
0.00140556 0.890857 0.00833945 0.00328687 0.0928184 0.00329252 
0.0116559 0.815582 5.87963e-06 2.98994e-07 0.0184156 0.15434 
0.000923653 0.638458 5.77076e-06 4.95719e-06 0.0146609 0.345947 
0.000176585 0.940689 0.00335908 0.000726812 0.0414807 0.0135675 
0.00503812 0.62711 0.105111 0.00401618 0.067242 0.191483 
0.00993927 0.427058 0.392604 4.49725e-06 0.0589858 0.111408 
0.00323229 0.636758 0.000400688 1.10239e-06 0.0949138 0.264694 
0.000176585 0.940689 0.00335908 0.000726812 0.0414807 0.0135675 
0.044317 0.509005 0.00850025 0.246299 0.0766889 0.11519 
0.000762275 0.642145 9.37998e-05 1.16702e-07 0.156785 0.200214 
0.0176099 0.712379 0.066242 5.42411e-05 0.0320155 0.1717 
0.0444252 0.47899 0.00189685 1.14757e-09 0.0256661 0.449021 
0.0390074 0.511274 0.00111856 0.0546489 0.125783 0.268168 
0.0367275 0.617185 0.000311476 0.000242876 0.307983 0.0375501 
8.84397e-06 0.996954 0.000707161 6.73453e-12 0.00232051 9.15605e-06 
0.0012503 0.67285 0.000183221 0.000393419 0.109882 0.215441 
0.000499644 0.911533 0.0771896 0.00189271 5.41901e-06 0.00887984 
8.84397e-06 0.996954 0.000707161 6.73453e-12 0.00232051 9.15605e-06 
0.00451129 0.65335 1.06877e-06 1.35582e-05 0.265614 0.0765101 
2.38227e-06 0.355364 2.48905e-10 0.339123 0.169252 0.136259 
0.274852 0.379666 0.0228966 2.45605e-05 0.0376378 0.284924 
0.00336778 0.677053 0.000226205 1.36987e-07 0.186274 0.133079 
0.0104722 0.871523 0.000347121 0.00034141 0.000838252 0.116478 
0.003597 0.690292 0.000325246 0.000681918 0.230559 0.0745452 
3.49482e-05 0.667111 0.000518102 8.2547e-07 0.295882 0.036453 
0.00321487 0.778604 0.00853778 0.00220229 0.0148361 0.192605 
0.0167647 0.551038 0.0016726 0.133732 0.0402732 0.25652 
0.00566934 0.594069 0.235376 0.000165865 0.0117087 0.153012 
0.000744263 0.907786 2.06408e-09 0.000688552 0.0358861 0.0548948 
0.00102646 0.962631 0.000183162 1.75908e-06 0.00523449 0.0309233 
0.0348074 0.841233 0.000152584 1.84901e-05 0.0101945 0.113594 
0.0722088 0.555215 0.0150735 3.71781e-05 0.0623747 0.295091 
0.00990572 0.583724 0.0247684 0.00211033 0.272066 0.107426 
0.000149039 0.634687 3.6496e-05 0.00039629 0.0083945 0.356337 
0.000176585 0.940689 0.00335908 0.000726812 0.0414807 0.0135675 
2.23699e-07 0.867788 1.92517e-07 2.72319e-06 0.0745535 0.0576551 
0.00016466 0.958915 2.76789e-05 7.04e-10 0.018889 0.0220038 
0.293631 0.493339 0.00025891 0.00274954 0.112996 0.0970256 
0.000176585 0.940689 0.00335908 0.000726812 0.0414807 0.0135675 
0.00351195 0.399974 0.00774974 0.000198953 0.360933 0.227633 
0.00495143 0.698123 0.224883 0.00383928 0.0166413 0.0515621 
0.0195127 0.488947 0.000133339 0.0189848 0.234949 0.237474 
0.0129068 0.713807 2.66783e-05 0.000279242 0.00637473 0.266606 
0.000176585 0.940689 0.00335908 0.000726812 0.0414807 0.0135675 
0.0860242 0.723374 0.00030787 0.000335783 0.0413049 0.148653 
0.00594282 0.923963 0.000222467 0.00017882 0.0500298 0.0196629 
0.00329237 0.634493 4.33985e-05 0.00204939 0.0993531 0.260769 
0.0139593 0.743959 0.00348708 0.00101735 0.0363206 0.201257 
0.0214796 0.444227 0.000142567 0.00183664 0.238463 0.293852 
0.000520742 0.654644 3.94933e-05 0.000733489 0.23579 0.108272 
0.0133214 0.517651 2.38727e-10 4.92556e-10 0.427391 0.041636 
8.98796e-08 0.789362 3.75605e-07 0.00052078 0.135434 0.0746831 
0.0197882 0.91456 0.000597221 5.58421e-07 0.0202845 0.0447695 
0.0110283 0.568258 0.000463437 2.10528e-07 0.124695 0.295555 
0.0511469 0.556834 0.000427565 0.000138818 0.245969 0.145483 
0.00277392 0.65111 0.185057 4.42665e-08 0.142799 0.0182602 
0.0461684 0.505663 6.86446e-05 0.0151691 0.0474194 0.385511 
0.000176585 0.940689 0.00335908 0.000726812 0.0414807 0.0135675 
0.000141751 0.973356 2.62283e-05 1.82614e-05 0.00295111 0.0235064 
0.0423245 0.711448 0.000382182 0.00533419 0.0259969 0.214514 
7.39547e-05 0.724222 0.000198451 8.66108e-05 0.179632 0.0957869 
3.90224e-11 0.991447 0.00743161 0.000977009 1.46246e-11 0.000144599 
0.00288523 0.798473 2.94933e-05 0.000388617 0.127265 0.0709586 
0.000383584 0.896498 0.00185415 0.000313579 0.069563 0.0313872 
0.020596 0.789691 0.0215814 4.41769e-07 0.0341159 0.134015 
0.0470458 0.448772 8.54156e-06 4.36365e-08 0.0961125 0.408061 
0.000176585 0.940689 0.00335908 0.000726812 0.0414807 0.0135675 
0.00668616 0.800471 0.000594345 0.00118584 0.0148133 0.17625 
0.000700937 0.881058 0.00142699 0.00316304 0.0771068 0.0365442 
0.0886951 0.428969 0.000691303 0.000153914 0.190339 0.291152 
0.000176585 0.940689 0.00335908 0.000726812 0.0414807 0.0135675 
0.0176099 0.712379 0.066242 5.42411e-05 0.0320155 0.1717 
0.00162726 0.554096 6.77974e-05 2.24743e-05 0.0113882 0.432799 
0.00290312 0.72213 0.000387794 0.000743627 0.185459 0.0883764 
0.0251518 0.683058 6.27018e-05 0.0544472 0.0441686 0.193111 
0.000141751 0.973356 2.62283e-05 1.82614e-05 0.00295111 0.0235064 
0.00768611 0.737323 0.00186845 2.6789e-06 0.135724 0.117395 
0.00719021 0.629262 0.000268327 0.0254142 0.116135 0.22173 
0.00168604 0.883649 0.000750774 0.000112442 0.0636211 0.0501811 
0.0203284 0.530843 0.0227571 3.66233e-07 0.0705551 0.355516 
0.018533 0.493419 0.00043812 0.0493728 0.1492 0.289037 
0.0168035 0.642348 0.00227138 0.000195237 0.188924 0.149458 
0.277362 0.382545 0.00079825 5.55759e-05 0.0294818 0.309757 
0.0031297 0.546503 0.000183494 0.00043865 0.242153 0.207593 
0.00365946 0.854446 9.10153e-06 0.000803309 0.0860894 0.0549929 
1.25551e-05 0.492687 7.99723e-08 5.07232e-10 0.148235 0.359065 
0.00329796 0.667427 0.000642796 9.91313e-05 0.054605 0.273929 
0.0050142 0.360396 0.000474176 0.0410511 0.256062 0.337002 
0.0139185 0.57126 0.0193854 2.50629e-06 0.0293751 0.366058 
8.84397e-06 0.996954 0.000707161 6.73453e-12 0.00232051 9.15605e-06 
0.000176585 0.940689 0.00335908 0.000726812 0.0414807 0.0135675 
0.000588762 0.917793 0.000525656 0.000180358 0.0709377 0.00997419 
0.0278346 0.652603 0.0337986 0.0095323 0.0477294 0.228502 
0.0492214 0.773929 0.0172119 8.61135e-06 0.0954218 0.0642075 
0.00500824 0.409557 2.23618e-05 7.21731e-08 0.240331 0.345081 
0.00589229 0.675918 1.49197e-05 9.61065e-05 0.0883188 0.22976 
0.00476541 0.49095 9.08592e-05 0.00937992 0.170759 0.324055 
0.0351579 0.583165 0.000101424 9.11389e-08 0.249408 0.132167 
0.00195277 0.682753 0.000253278 0.000936555 0.15023 0.163875 
0.00553845 0.476152 0.000183112 6.03915e-05 0.166872 0.351194 
9.25717e-06 0.867735 0.000310502 0.000190449 0.000312075 0.131443 
0.0229961 0.533264 0.00402005 0.0171534 0.133551 0.289015 
0.105765 0.709745 0.000559341 0.000496334 0.0343265 0.149107 
0.0010999 0.776727 0.000554537 6.42579e-07 0.0406271 0.180991 
0.00495143 0.698123 0.224883 0.00383928 0.0166413 0.0515621 
0.000176585 0.940689 0.00335908 0.000726812 0.0414807 0.0135675 
4.3528e-08 0.649223 1.81923e-07 1.61502e-07 0.293763 0.0570136 
4.50341e-05 0.860206 0.0946017 0.0450577 4.50382e-05 4.50394e-05 
0.0305773 0.434671 0.00118167 4.83454e-06 0.377135 0.156431 
0.00564367 0.443905 0.000307757 0.000100026 0.361118 0.188925 
0.0101033 0.450088 0.00348209 1.86187e-06 0.284874 0.251451 
0.00308479 0.85861 0.00196986 2.07217e-05 0.0542273 0.0820868 
5.2927e-06 0.465416 3.10088e-06 3.29773e-10 0.0868562 0.447719 
6.80324e-06 0.472188 1.88816e-07 4.95726e-07 0.113954 0.41385 
0.00656771 0.770091 0.0352552 1.53373e-05 0.0139866 0.174084 
0.127802 0.648732 0.0125157 0.000133857 0.122437 0.0883795 
0.00727151 0.694049 0.000253546 0.00202489 0.0169709 0.27943 
0.0241108 0.568409 0.30359 8.29482e-09 0.00152737 0.102363 
0.00100816 0.599345 0.000477029 0.000991145 0.278931 0.119248 
0.050405 0.486701 0.000614474 0.00316823 0.142784 0.316328 
0.00134464 0.832396 8.31416e-05 2.84969e-06 0.0642658 0.101908 
0.000141751 0.973356 2.62283e-05 1.82614e-05 0.00295111 0.0235064 
0.0136818 0.401194 0.0022698 0.0912405 0.114469 0.377146 
0.000606398 0.984735 0.00405302 6.77396e-10 1.51329e-06 0.0106044 
0.021532 0.663281 6.89096e-05 2.81647e-05 0.174344 0.140746 
0.0026298 0.668905 0.000244719 0.00981049 0.240524 0.0778867 
0.00864315 0.470937 0.013699 0.000313493 0.103908 0.402499 
0.00140556 0.890857 0.00833945 0.00328687 0.0928184 0.00329252 
0.000389319 0.691781 0.00100485 0.0118942 0.0974492 0.197481 
0.000176585 0.940689 0.00335908 0.000726812 0.0414807 0.0135675 
0.153695 0.561126 0.00139531 5.74088e-05 0.09328 0.190446 
0.000400265 0.675305 3.83034e-08 3.08276e-05 0.32287 0.00139318 
0.000197664 0.850019 0.00310182 5.22318e-05 0.139866 0.00676394 
0.000176585 0.940689 0.00335908 0.000726812 0.0414807 0.0135675 
5.39283e-06 0.900854 0.0159325 0.00027311 0.0346595 0.0482752 
0.00016466 0.958915 2.76789e-05 7.04e-10 0.018889 0.0220038 
0.000176585 0.940689 0.00335908 0.000726812 0.0414807 0.0135675 
0.0104605 0.856813 0.00370994 3.32534e-09 0.0124887 0.116527 
0.044317 0.509005 0.00850025 0.246299 0.0766889 0.11519 
0.0426977 0.537832 4.55653e-05 3.59271e-05 0.284761 0.134628 
0.0153342 0.40288 0.108455 0.00151581 0.0848736 0.386941 
0.00551903 0.632864 1.32894e-07 0.000168635 0.074435 0.287013 
0.0121108 0.743204 0.0749147 7.75167e-06 0.000251778 0.169511 
0.0529092 0.518284 0.00155864 0.000734241 0.141883 0.28463 
0.00311059 0.829983 2.41021e-05 2.12522e-05 0.109019 0.0578422 
0.0184393 0.799034 0.00347624 0.0278047 0.0085799 0.142666 
0.0249715 0.632404 0.0331868 0.0136301 0.0706609 0.225147 
0.00246475 0.689228 0.00529202 0.000214666 0.0049285 0.297872 
0.00464513 0.703945 0.00153519 0.051453 0.115038 0.123384 
0.000753989 0.910628 0.000993033 5.63796e-10 0.00235977 0.0852653 
0.0576161 0.703095 0.00149592 3.87303e-07 0.105871 0.131921 
0.0108238 0.571897 0.00111685 0.274183 0.0201422 0.121837 
0.00323926 0.430073 1.73017e-05 0.00190829 0.196221 0.368541 
0.00488395 0.699733 8.7927e-08 0.000526287 0.00748552 0.287371 
0.000176585 0.940689 0.00335908 0.000726812 0.0414807 0.0135675 
0.0246644 0.497622 0.000647886 0.000897031 0.000583042 0.475586 
0.000269831 0.998651 0.000269788 0.000269702 0.000269855 0.000269862 
0.134999 0.491491 0.000286843 0.000147701 0.0884796 0.284596 
0.00765415 0.450077 0.000281428 0.000995674 0.263964 0.277028 
0.00173484 0.960763 0.000717776 0.00330653 0.00141946 0.0320585 
0.0255484 0.726177 0.000432166 0.0967123 0.0905525 0.0605778 
0.00447449 0.359356 0.000436533 0.000442033 0.295996 0.339295 
0.000130235 0.518903 0.000107893 0.00067803 0.292522 0.187658 
0.0505311 0.657117 0.00895122 0.00136161 0.0914629 0.190577 
0.0107618 0.564404 0.00486228 0.00136299 0.11323 0.305379 
0.0103901 0.536465 0.000583938 0.000968114 0.0332401 0.418353 
0.00162726 0.554096 6.77974e-05 2.24743e-05 0.0113882 0.432799 
0.0538201 0.599919 0.000257137 0.0134575 0.207129 0.125417 
0.163968 0.622212 8.70456e-06 0.00585478 0.0510214 0.156935 
0.00637084 0.424985 0.00123994 0.00290244 0.157974 0.406528 
0.0741468 0.58391 7.47859e-05 0.0696276 0.0768984 0.195343 
0.00148997 0.809885 0.000123613 5.09912e-07 0.00439544 0.184106 
0.00768611 0.737323 0.00186845 2.6789e-06 0.135724 0.117395 
0.000305843 0.986372 9.98314e-08 2.05978e-07 0.00716422 0.00615739 
2.24298e-11 0.985322 5.16068e-08 1.36371e-06 2.31086e-06 0.0146738 
0.000907343 0.595246 0.000108278 4.17833e-05 0.245749 0.157947 
0.0605906 0.537014 0.000655441 1.58686e-08 0.0262008 0.375539 
0.000753989 0.910628 0.000993033 5.63796e-10 0.00235977 0.0852653 
0.153802 0.652153 0.00114668 0.000139685 0.00941808 0.18334 
0.0313725 0.514738 5.78983e-05 0.00126574 0.141606 0.31096 
0.0726285 0.538999 0.146392 0.0224712 0.00574903 0.213761 
0.0299141 0.82086 0.00104241 0.0547362 0.00944027 0.0840071 
0.0155193 0.814369 9.18991e-05 6.54403e-09 0.01193 0.15809 
0.058604 0.617851 2.41617e-06 2.53581e-08 0.101944 0.221598 
0.000661766 0.541145 8.88622e-05 0.0229137 0.289706 0.145485 
0.0705449 0.546234 0.0143852 0.00708374 0.0433507 0.318402 
0.0268622 0.875457 0.00349507 6.51849e-06 0.0216574 0.0725223 
0.0449949 0.853839 8.95525e-05 6.87608e-07 0.03073 0.0703461 
1.6692e-08 0.896045 3.48821e-08 7.1971e-08 0.000280264 0.103675 
0.00936202 0.648893 0.00217565 7.72482e-05 0.0439648 0.295528 
0.0402607 0.619454 0.010066 3.24502e-06 0.176957 0.153259 
0.19211 0.430168 0.014001 3.09783e-07 0.0795899 0.284131 
0.00186854 0.832872 0.000778479 0.105012 0.0564286 0.00304004 
0.15294 0.529669 0.00050436 0.0316065 0.113216 0.172064 
0.00977049 0.50676 0.0749342 1.15942e-06 0.116413 0.292121 
0.00296063 0.829174 0.00053613 8.13842e-07 0.0149555 0.152373 
0.0218359 0.600595 0.0803854 0.000529464 0.0152277 0.281426 
0.0636405 0.618507 1.00527e-05 3.21337e-05 0.032952 0.284858 
0.00365946 0.854446 9.10153e-06 0.000803309 0.0860894 0.0549929 
0.044317 0.509005 0.00850025 0.246299 0.0766889 0.11519 
0.00145654 0.596137 0.293624 0.000270504 0.041091 0.0674211 
0.0622111 0.414326 0.158805 0.00142855 0.0421485 0.321081 
0.060653 0.551964 0.000897492 9.9035e-08 1.32087e-05 0.386472 
0.0265627 0.868511 3.74102e-05 0.00865429 0.034236 0.0619981 
3.62846e-05 0.999647 2.65809e-05 4.65787e-05 5.05305e-05 0.000192528 
0.000176585 0.940689 0.00335908 0.000726812 0.0414807 0.0135675 
0.000606398 0.984735 0.00405302 6.77396e-10 1.51329e-06 0.0106044 
0.00247936 0.710353 0.000187216 0.00502406 0.13005 0.151906 
0.0011287 0.510125 0.0220385 1.02467e-06 0.113394 0.353313 
0.000658405 0.74018 0.00365385 1.16914e-10 0.243572 0.011936 
0.00116505 0.437452 4.42414e-05 8.21096e-05 0.138724 0.422532 
0.0410539 0.846219 0.0310103 5.28242e-06 0.0515079 0.0302035 
0.000499644 0.911533 0.0771896 0.00189271 5.41901e-06 0.00887984 
0.00439733 0.686252 0.0829955 3.44784e-07 0.103063 0.123292 
0.10655 0.530128 0.0238377 3.96729e-06 0.0862938 0.253187 
0.00439733 0.686252 0.0829955 3.44784e-07 0.103063 0.123292 
0.0120687 0.505029 0.00246605 0.000473195 0.113363 0.3666 
0.000753989 0.910628 0.000993033 5.63796e-10 0.00235977 0.0852653 
6.7587e-05 0.99988 8.57417e-08 1.76908e-07 2.27985e-05 2.91967e-05 
0.00530521 0.839268 0.000551478 0.00694107 0.00374672 0.144187 
0.0232899 0.764323 0.000124696 0.0109232 0.050324 0.151015 
0.000499644 0.911533 0.0771896 0.00189271 5.41901e-06 0.00887984 
0.000176585 0.940689 0.00335908 0.000726812 0.0414807 0.0135675 
0.0115477 0.898868 0.000975758 0.000188977 0.0126916 0.0757281 
0.00549623 0.547922 0.00619117 6.91559e-06 0.106783 0.3336 
0.00633251 0.470629 0.466691 0.00534629 0.00260813 0.0483927 
0.195522 0.615617 0.00362077 0.0441511 0.00624785 0.134842 
0.00273629 0.459363 0.261973 2.50274e-06 0.0599838 0.215941 
0.000141751 0.973356 2.62283e-05 1.82614e-05 0.00295111 0.0235064 
0.0876216 0.419633 0.00606296 0.000149102 0.174815 0.311719 
0.000814761 0.841328 9.03596e-05 0.0269019 0.0958695 0.0349956 
0.00703557 0.72376 0.000109415 7.45803e-07 0.168703 0.100392 
0.0025991 0.996337 2.48001e-07 5.11691e-07 0.00106303 2.21934e-08 
0.00514458 0.885119 2.0396e-06 1.20195e-06 0.0402345 0.069499 
0.2093 0.563386 0.00266012 4.92029e-06 0.102773 0.121876 
0.00593243 0.490209 0.0910994 0.00195788 0.120226 0.290576 
0.000176585 0.940689 0.00335908 0.000726812 0.0414807 0.0135675 
0.000176585 0.940689 0.00335908 0.000726812 0.0414807 0.0135675 
0.00407346 0.834609 0.000982834 7.07585e-07 0.0099992 0.150335 
0.00533174 0.95254 3.1049e-05 1.21756e-05 0.00546711 0.0366174 
0.00768611 0.737323 0.00186845 2.6789e-06 0.135724 0.117395 
8.84397e-06 0.996954 0.000707161 6.73453e-12 0.00232051 9.15605e-06 
0.133158 0.487054 0.00114699 0.005467 0.022791 0.350383 
4.03806e-08 0.954445 0.000658367 0.00122871 0.0209855 0.022682 
0.0581454 0.536597 0.000878879 3.34075e-05 0.223448 0.180897 
0.00172909 0.758458 0.000129977 0.000999618 0.100035 0.138648 
0.116278 0.609721 6.17518e-05 1.62534e-05 0.00128001 0.272643 
0.0658766 0.647155 0.0161144 0.000148693 0.0144332 0.256272 
0.089361 0.76445 0.000103175 1.16976e-05 0.0254965 0.120578 
0.0223719 0.380473 8.56718e-05 8.33864e-06 0.21854 0.378521 
0.000884147 0.848071 0.000108449 9.51813e-05 0.0849405 0.0659003 
0.11169 0.80451 0.000168868 3.78303e-07 0.0151563 0.0684748 
0.00297021 0.622082 0.000530917 0.000847717 0.127195 0.246375 
0.00656771 0.770091 0.0352552 1.53373e-05 0.0139866 0.174084 
0.00391005 0.880959 1.16648e-07 4.49389e-08 0.0183553 0.0967751 
0.0628113 0.832007 8.91353e-06 0.00720757 0.0408446 0.0571201 
0.0110637 0.709012 3.51937e-06 2.00364e-06 0.186979 0.0929405 
0.00289512 0.868625 5.34871e-06 0.0459704 0.00387115 0.0786334 
0.00423725 0.582196 0.0769514 1.89308e-05 0.163215 0.173381 
0.00851982 0.872558 0.000103158 5.84669e-06 0.0260189 0.0927946 
0.000176585 0.940689 0.00335908 0.000726812 0.0414807 0.0135675 
0.00510213 0.789664 1.12218e-06 1.2654e-09 0.0434756 0.161757 
0.0010525 0.467552 0.000912855 0.00139998 0.229753 0.29933 
0.000176585 0.940689 0.00335908 0.000726812 0.0414807 0.0135675 
0.0172224 0.563333 0.0119694 0.0298678 0.179061 0.198547 
0.00143589 0.779684 0.000768682 5.93904e-05 0.173867 0.0441852 
0.000786374 0.897937 0.00148034 2.97816e-05 0.0125822 0.0871846 
0.00184125 0.732987 0.0173818 1.80081e-06 0.0758654 0.171923 
0.00205191 0.911299 0.000514402 0.00240017 0.0100822 0.0736519 
0.000606398 0.984735 0.00405302 6.77396e-10 1.51329e-06 0.0106044 
6.29232e-06 0.928038 0.000934908 8.87172e-05 0.0427687 0.0281632 
0.0671816 0.629544 0.000174032 0.000104918 0.0360839 0.266912 
0.00221203 0.979064 9.88532e-05 7.83481e-06 0.00738899 0.0112282 
0.0213151 0.712519 0.000279421 0.000398536 0.143279 0.122209 
0.00610646 0.727495 0.00784281 0.000960721 0.0578054 0.19979 
0.00692831 0.537959 3.72817e-05 8.90606e-05 0.221749 0.233237 
0.00892631 0.781474 0.00826061 2.4026e-08 0.189295 0.0120434 
0.0304974 0.494794 0.00222354 0.000139001 0.071328 0.401018 
0.00211839 0.790448 5.94169e-07 0.00110822 0.0805978 0.125726 
0.00734791 0.949666 0.000191935 9.29124e-06 0.00634668 0.0364384 
0.0269966 0.488713 0.0895747 0.0349266 0.00177684 0.358012 
0.0004985 0.997508 0.000498421 0.000498263 0.000498546 0.000498558 
0.00121912 0.873296 1.28617e-05 0.00112235 0.015257 0.109093 
0.00117109 0.542119 0.000297726 5.92001e-06 0.341956 0.114451 
0.0664432 0.513912 0.00227052 1.31112e-05 0.162766 0.254595 
0.00162726 0.554096 6.77974e-05 2.24743e-05 0.0113882 0.432799 
0.00244057 0.830834 2.79702e-06 5.66969e-05 0.0025176 0.164149 
0.000704032 0.547988 0.301151 1.77298e-07 0.125755 0.0244017 
0.212387 0.642109 0.00342512 0.026617 0.00828444 0.107178 
0.000176585 0.940689 0.00335908 0.000726812 0.0414807 0.0135675 
0.00122477 0.90099 7.26076e-06 4.60418e-06 0.019929 0.0778446 
0.0535424 0.802803 0.000527592 0.00198095 0.0527709 0.088375 
0.0330692 0.457228 3.42382e-10 7.06424e-10 0.0798514 0.429851 
0.000176585 0.940689 0.00335908 0.000726812 0.0414807 0.0135675 
0.0458045 0.7175 0.000230726 4.39105e-05 0.211077 0.0253435 
0.000802949 0.851284 0.00105464 4.12879e-05 0.0325623 0.114255 
0.00208872 0.571511 0.00121432 0.000177171 0.0326252 0.392383 
0.000176585 0.940689 0.00335908 0.000726812 0.0414807 0.0135675 
0.153028 0.447947 0.000495208 0.00385797 0.200684 0.193987 
0.000446952 0.70506 0.013016 0.0797953 0.189744 0.0119376 
0.133286 0.367876 8.12612e-06 0.300225 0.067248 0.131356 
0.0236296 0.821531 0.000295569 0.000133419 0.0468577 0.107552 
0.00499873 0.876019 0.000121982 0.000619149 0.0128516 0.10539 
0.0105062 0.801778 1.81843e-05 0.0124738 0.133833 0.0413908 
0.00399279 0.739283 0.00510232 0.000324635 0.113698 0.137599 
0.0194544 0.470878 0.00150889 0.0335057 0.0537463 0.420907 
3.07339e-06 0.900765 0.000194688 0.0107381 0.0879996 0.000299548 
0.00081843 0.68854 6.34941e-06 4.17722e-07 0.0200813 0.290553 
0.000176585 0.940689 0.00335908 0.000726812 0.0414807 0.0135675 
0.00575234 0.68687 0.0167676 5.71972e-05 0.015219 0.275334 
0.000176585 0.940689 0.00335908 0.000726812 0.0414807 0.0135675 
0.0214221 0.847427 0.000510213 3.45631e-07 0.00740073 0.123239 
0.018774 0.689826 0.000282313 9.38441e-06 0.0468592 0.244249 
0.310602 0.34678 0.00444824 9.75125e-07 0.076834 0.261335 
0.0425314 0.593251 0.00063393 0.0125496 0.120732 0.230302 
0.0548156 0.365142 0.121889 0.00041862 0.0992656 0.358469 
0.00529367 0.989263 1.27834e-05 4.18526e-05 0.000437688 0.00495116 
0.000907568 0.483149 0.00417946 1.36629e-05 0.0504872 0.461264 
0.000176585 0.940689 0.00335908 0.000726812 0.0414807 0.0135675 
0.000176585 0.940689 0.00335908 0.000726812 0.0414807 0.0135675 
0.000149359 0.691296 1.44077e-07 1.49325e-09 0.156615 0.15194 
0.0199182 0.507659 0.00931528 0.00385088 0.113051 0.346206 
0.0519391 0.435567 0.0139377 0.00821182 0.148046 0.342298 
0.0140838 0.447943 0.330993 1.58602e-05 0.0627897 0.144174 
0.00365946 0.854446 9.10153e-06 0.000803309 0.0860894 0.0549929 
0.00319898 0.673793 1.64268e-05 0.000403319 0.202309 0.120279 
0.125249 0.54141 0.10278 2.44522e-07 0.0736054 0.156956 
0.0159768 0.796863 0.0356516 4.11636e-05 0.0760186 0.0754485 
0.00972127 0.611693 0.00151245 7.91677e-05 0.100798 0.276196 
0.00469896 0.614794 7.51474e-06 3.15638e-06 0.00020058 0.380296 
0.0410539 0.846219 0.0310103 5.28242e-06 0.0515079 0.0302035 
0.0639175 0.535372 0.0855752 8.74216e-05 0.203079 0.111969 
0.0746931 0.555347 2.87936e-06 6.16884e-06 0.242751 0.1272 
0.187045 0.551672 2.63672e-06 7.22855e-07 0.00395107 0.257328 
1.93366e-07 0.995923 4.29834e-11 0.000809362 0.00323794 2.9458e-05 
0.000176585 0.940689 0.00335908 0.000726812 0.0414807 0.0135675 
4.09403e-07 0.653011 0.00207459 0.000101906 0.0014661 0.343346 
0.00872347 0.503675 0.0289737 0.0122442 0.108574 0.33781 
0.000499644 0.911533 0.0771896 0.00189271 5.41901e-06 0.00887984 
0.310083 0.49826 0.00404698 1.419e-06 0.00520092 0.182407 
1.0316e-05 0.991242 5.54919e-08 4.7892e-05 0.0086752 2.42058e-05 
0.00656771 0.770091 0.0352552 1.53373e-05 0.0139866 0.174084 
0.0663924 0.443893 0.0011938 0.0141402 0.190227 0.284154 
0.00147422 0.543662 0.178698 5.97977e-05 0.169559 0.106547 
0.0658548 0.728919 6.75505e-05 4.97036e-05 0.0084498 0.196659 
0.314116 0.481533 0.00376682 5.20581e-07 0.0077368 0.192846 
0.0281352 0.489378 1.99761e-05 3.64618e-05 0.117179 0.365251 
0.00640908 0.563576 0.0103354 0.000302911 0.00340799 0.415969 
0.000572286 0.880811 0.00179608 6.64603e-05 0.0111502 0.105604 
0.0109738 0.889145 0.000850799 0.000393542 0.0359019 0.0627345 
0.022946 0.520334 0.00477798 0.000348744 0.146048 0.305545 
0.0136818 0.401194 0.0022698 0.0912405 0.114469 0.377146 
0.0152456 0.812811 0.00044736 0.00074958 0.0185314 0.152215 
0.000176585 0.940689 0.00335908 0.000726812 0.0414807 0.0135675 
0.0107618 0.564404 0.00486228 0.00136299 0.11323 0.305379 
0.000176585 0.940689 0.00335908 0.000726812 0.0414807 0.0135675 
1.39919e-06 0.882928 5.8465e-06 5.19179e-06 0.0980154 0.0190441 
0.000176585 0.940689 0.00335908 0.000726812 0.0414807 0.0135675 
7.46169e-05 0.983038 0.000313268 6.98551e-05 0.0132015 0.00330224 
0.000499644 0.911533 0.0771896 0.00189271 5.41901e-06 0.00887984 
5.24143e-06 0.922368 0.00108708 2.9967e-08 0.0319169 0.0446227 
0.0987258 0.363188 0.000181258 1.32993e-05 0.245044 0.292848 
0.00912859 0.486305 0.000569418 8.12693e-07 0.0790887 0.424908 
9.53381e-07 0.863413 3.27229e-07 8.99447e-05 0.121557 0.0149385 
0.176497 0.392403 8.7695e-05 0.0003436 0.0987667 0.331903 
0.0127628 0.544957 6.72742e-05 0.0249125 0.0416093 0.375691 
0.0102711 0.590424 0.000413694 0.0145725 0.00204361 0.382275 
0.000176585 0.940689 0.00335908 0.000726812 0.0414807 0.0135675 
0.00277392 0.65111 0.185057 4.42665e-08 0.142799 0.0182602 
0.0162753 0.833689 0.00239057 2.86303e-08 0.0777273 0.0699182 
0.00745414 0.559872 3.09137e-05 2.16064e-08 0.271466 0.161177 
0.000784971 0.502521 0.000677516 0.00240164 0.457242 0.0363728 
0.00442011 0.617373 0.021478 0.0102707 0.0410306 0.305428 
0.00798878 0.462611 0.000199592 2.25281e-07 0.125326 0.403874 
0.0548054 0.869897 0.00038127 1.46457e-06 0.0283163 0.0465983 
0.00637792 0.516089 0.190808 0.000792838 0.0310364 0.254895 
0.00038884 0.976056 0.000169228 2.54932e-05 0.00207246 0.0212879 
0.0015719 0.808999 0.000114084 0.00101293 0.0786284 0.109674 
1.56195e-06 0.999549 3.26409e-06 6.73466e-06 5.85381e-07 0.000438443 
3.61795e-10 0.9607 7.56062e-10 1.55995e-09 1.35592e-10 0.0393005 
0.00583965 0.660723 0.000443242 3.7401e-06 0.184279 0.148711 
0.000176585 0.940689 0.00335908 0.000726812 0.0414807 0.0135675 
0.0425615 0.420821 5.26548e-05 6.34813e-09 0.256478 0.280086 
0.0387005 0.789829 0.0337187 0.000518384 0.0449848 0.0922488 
0.00495143 0.698123 0.224883 0.00383928 0.0166413 0.0515621 
0.00633177 0.511571 9.93899e-06 0.000976944 0.314014 0.167096 
5.82914e-05 0.961067 0.00633616 0.00406463 0.00990425 0.0185698 
0.00186258 0.763769 0.000168964 0.015468 0.0128139 0.205918 
0.00396327 0.490876 1.63573e-06 0.00134099 0.0428566 0.460961 
0.0409004 0.503665 1.85335e-06 8.08694e-07 0.133573 0.321859 
0.00495143 0.698123 0.224883 0.00383928 0.0166413 0.0515621 
0.000176585 0.940689 0.00335908 0.000726812 0.0414807 0.0135675 
0.000753989 0.910628 0.000993033 5.63796e-10 0.00235977 0.0852653 
0.000176585 0.940689 0.00335908 0.000726812 0.0414807 0.0135675 
0.0410539 0.846219 0.0310103 5.28242e-06 0.0515079 0.0302035 
0.137014 0.634409 0.0663835 2.39802e-11 0.000956745 0.161237 
4.95252e-07 0.999284 0.000689884 8.11319e-11 2.51833e-05 4.84789e-07 
0.0136556 0.693071 3.58791e-05 0.000232837 0.0130706 0.279934 
0.00495143 0.698123 0.224883 0.00383928 0.0166413 0.0515621 
0.0177771 0.466969 0.331311 0.00142363 0.0318192 0.1507 
0.00289044 0.820738 0.0079651 0.0719617 0.0261508 0.0702937 
0.00129239 0.695306 0.00235587 0.000126837 0.10449 0.196428 
0.00661222 0.706365 0.00236007 4.94149e-05 0.0507091 0.233904 
0.0584248 0.76306 4.99165e-05 7.59409e-07 0.0894092 0.0890548 
0.000753989 0.910628 0.000993033 5.63796e-10 0.00235977 0.0852653 
0.0574868 0.630619 0.000672595 0.00570425 0.0838505 0.221667 
0.00537034 0.475167 6.49785e-07 6.61661e-09 0.0532177 0.466244 
0.0207302 0.610514 0.00801763 0.000250252 0.165219 0.195269 
0.000153703 0.999232 0.000153679 0.00015363 0.000153717 0.000153721 
0.0377435 0.342352 0.297618 0.0136273 0.0461049 0.262554 
0.0458262 0.641677 0.0021098 0.00105304 0.0888731 0.220461 
0.161233 0.475937 0.000249829 6.22267e-07 0.0173004 0.345279 
0.0784327 0.476224 0.000752468 0.0014631 0.0571548 0.385973 
0.0337185 0.871681 8.32279e-06 1.58637e-06 0.0672866 0.0273038 
0.00303894 0.592008 0.00024046 0.000106171 0.37395 0.0306563 
0.0196385 0.391731 0.260774 0.000144409 0.036271 0.291441 
0.0884702 0.770237 0.000263746 0.000347002 0.00325444 0.137428 
0.0165836 0.787598 1.46804e-06 0.0212713 0.0575707 0.116975 
8.84397e-06 0.996954 0.000707161 6.73453e-12 0.00232051 9.15605e-06 
0.00351359 0.838794 5.04969e-07 2.06012e-06 0.0363239 0.121366 
0.0168328 0.911576 0.00303349 8.73781e-06 0.0277609 0.0407878 
0.0308247 0.474216 0.126931 6.61205e-05 0.167811 0.200151 
0.00495143 0.698123 0.224883 0.00383928 0.0166413 0.0515621 
0.012395 0.708596 0.000184359 0.0622559 0.0165773 0.199991 
0.0133854 0.771498 0.00463536 5.5841e-06 0.0960155 0.11446 
3.87906e-07 0.994349 0.00425495 0.00122753 1.49311e-05 0.000153162 
0.00381017 0.57092 1.65644e-05 0.0146283 0.0783269 0.332298 
0.0284084 0.518492 1.31647e-06 0.0121198 0.0222504 0.418728 
0.00495143 0.698123 0.224883 0.00383928 0.0166413 0.0515621 
0.0223031 0.503427 0.0690004 2.4152e-07 0.00309345 0.402176 
0.0258875 0.524829 0.00294786 2.03968e-05 0.0373712 0.408944 
0.00639814 0.573461 0.00449972 0.370604 0.0169425 0.0280943 
0.00709371 0.643656 0.00614349 0.00224337 0.0738137 0.26705 
0.000464914 0.625553 0.00735335 0.0702486 0.227937 0.0684432 
0.0957167 0.68643 2.30564e-05 0.00100218 0.0303253 0.186503 
0.00128048 0.55196 1.02072e-07 7.63407e-07 0.156785 0.289974 
0.0221962 0.414199 0.245113 0.000724424 0.0609921 0.256776 
0.000325083 0.885708 0.0110775 8.37477e-06 0.00011145 0.102769 
8.84397e-06 0.996954 0.000707161 6.73453e-12 0.00232051 9.15605e-06 
0.018226 0.719256 0.00065606 2.57216e-06 0.0244484 0.237411 
0.0559252 0.856797 0.000208493 3.39991e-05 0.00263689 0.0843988 
0.0222211 0.625545 5.71529e-05 3.8501e-05 0.166622 0.185516 
0.129868 0.619581 2.87088e-05 5.58527e-05 0.121116 0.129351 
2.55846e-05 0.873925 1.61131e-05 0.000121813 0.0359071 0.0900042 
0.0184021 0.740215 4.17283e-05 7.15149e-05 0.0446358 0.196633 
0.000176585 0.940689 0.00335908 0.000726812 0.0414807 0.0135675 
0.00511434 0.787496 0.00025791 0.0092182 0.016798 0.181115 
2.53038e-09 0.980259 3.39948e-06 1.09103e-08 0.00300976 0.0167279 
0.0207221 0.550131 0.0542136 0.000430811 0.0144131 0.360089 
0.00142346 0.687578 0.00340918 0.00027824 0.0744138 0.232897 
0.0100664 0.457206 0.000638359 0.000620568 0.354372 0.177096 
0.000176585 0.940689 0.00335908 0.000726812 0.0414807 0.0135675 
0.00080258 0.674466 0.000811124 0.000124531 0.0602267 0.263569 
0.02062 0.419943 0.018621 2.91391e-05 0.237367 0.30342 
0.0324742 0.427358 0.000151665 0.000163572 0.198625 0.341228 
0.171238 0.471854 0.00306932 0.00237225 0.00827959 0.343187 
1.01799e-05 0.851216 7.63022e-07 1.69779e-05 5.23325e-06 0.148751 
0.00010871 0.958566 0.00770101 1.35091e-05 0.00222221 0.0313883 
0.00277392 0.65111 0.185057 4.42665e-08 0.142799 0.0182602 
0.0224356 0.484737 0.00199799 3.53777e-07 0.407113 0.0837153 
0.0129704 0.885367 0.000300733 0.000188234 0.0355667 0.0656074 
0.0756888 0.445651 4.6309e-05 0.00046008 0.0778454 0.400309 
0.0725877 0.528457 0.000505222 9.0394e-06 0.0419414 0.356499 
0.0014699 0.61932 0.00126274 2.77427e-05 0.0854637 0.292456 
0.00428409 0.414876 0.00131579 0.00116821 0.16413 0.414225 
0.0419326 0.591838 0.0112368 3.38295e-05 0.113466 0.241493 
0.0218772 0.502717 0.00017372 0.00353398 0.0609441 0.410754 
0.0190682 0.742751 0.00212673 0.00208026 0.0341294 0.199845 
0.0216948 0.785255 2.09799e-05 1.16758e-09 0.079365 0.113664 
0.00162726 0.554096 6.77974e-05 2.24743e-05 0.0113882 0.432799 
6.08008e-05 0.904311 0.000366302 3.82366e-06 0.0152165 0.0800415 
8.84397e-06 0.996954 0.000707161 6.73453e-12 0.00232051 9.15605e-06 
0.0153079 0.596935 0.0793725 0.000293257 0.0113212 0.29677 
0.000159007 0.758454 0.000586739 5.7467e-05 0.203787 0.036956 
0.00495143 0.698123 0.224883 0.00383928 0.0166413 0.0515621 
0.00316929 0.89905 0.0153065 1.58161e-05 0.0214165 0.0610415 
0.124026 0.802638 2.68193e-05 5.01003e-05 0.0120544 0.0612049 
1.24883e-06 0.518396 1.24864e-06 1.24824e-06 0.343337 0.138263 
0.00515209 0.603044 0.0669668 0.000257374 0.0284259 0.296154 
0.0328176 0.700074 8.35849e-07 0.00723029 0.175205 0.084672 
0.0159782 0.479922 0.00156474 0.0259154 0.12679 0.34983 
0.0320027 0.628691 0.0126518 7.00671e-05 0.0379671 0.288617 
0.0726716 0.654512 0.000271679 8.53051e-06 0.0977458 0.17479 
0.0171006 0.947868 9.93418e-06 0.000474601 0.0174617 0.0170852 
0.000878532 0.902256 0.000298783 0.000189006 0.0592822 0.0370957 
0.047765 0.677934 0.00367428 0.000860573 0.0930866 0.17668 
0.000786374 0.897937 0.00148034 2.97816e-05 0.0125822 0.0871846 
0.0281122 0.599461 1.08374e-06 0.00391994 0.00112615 0.36738 
0.000176585 0.940689 0.00335908 0.000726812 0.0414807 0.0135675 
0.0350255 0.826322 0.00022619 4.72509e-06 0.0328433 0.105579 
0.000176585 0.940689 0.00335908 0.000726812 0.0414807 0.0135675 
0.16288 0.693761 3.72965e-07 0.00807795 0.0834269 0.0518541 
0.000176585 0.940689 0.00335908 0.000726812 0.0414807 0.0135675 
0.000176585 0.940689 0.00335908 0.000726812 0.0414807 0.0135675 
0.248518 0.531665 7.8962e-07 0.000776492 0.0157931 0.203246 
0.000176585 0.940689 0.00335908 0.000726812 0.0414807 0.0135675 
0.00234263 0.617902 1.03328e-06 0.0191705 0.310162 0.0504221 
0.074262 0.722454 8.82155e-05 6.05789e-05 0.131172 0.071963 
0.0151207 0.501612 0.000990529 1.68114e-05 0.0849699 0.39729 
0.00547154 0.418866 0.377599 3.58007e-06 0.0274438 0.170616 
0.0268573 0.835356 3.24356e-07 6.69231e-07 0.0887883 0.0489978 
0.0410539 0.846219 0.0310103 5.28242e-06 0.0515079 0.0302035 
0.000176585 0.940689 0.00335908 0.000726812 0.0414807 0.0135675 
0.0652306 0.528534 0.000125326 0.00126069 0.125172 0.279677 
0.00192395 0.682607 7.4713e-05 2.12859e-05 0.0361293 0.279244 
0.116581 0.461034 0.0106391 6.78806e-05 0.103975 0.307703 
0.00880895 0.748142 0.000171322 2.26353e-06 0.0414241 0.201451 
0.00732502 0.818908 0.0128692 0.0034726 0.0163913 0.141034 
0.0482374 0.684793 2.20349e-05 4.31839e-06 3.00687e-05 0.266913 
0.000176585 0.940689 0.00335908 0.000726812 0.0414807 0.0135675 
0.120472 0.528171 0.00121871 0.00573591 0.150946 0.193456 
0.0177362 0.54155 0.000160593 2.88427e-05 0.0840453 0.356479 
0.069409 0.833622 0.0069255 0.00242534 0.0185929 0.0690251 
