0.101822 0.00643797 8.80751e-05 0.000121684 0.0473304 0.8442 
0.0245613 0.355919 0.000567496 0.023834 0.111863 0.483255 
0.697116 0.000178772 3.40175e-05 4.14095e-05 0.0697259 0.232904 
0.000268279 0.0870231 7.79096e-08 0.000151019 0.77397 0.138588 
0.0325846 0.0827522 6.25521e-05 0.00337322 0.605381 0.275847 
0.0364213 0.0518662 0.000143819 0.00519086 0.0249223 0.881455 
0.0154359 0.0452396 0.000170268 0.000645707 0.182849 0.75566 
0.0136818 0.401194 0.0022698 0.0912405 0.114469 0.377146 
0.000307465 0.00734899 7.47127e-06 0.00371504 0.00464741 0.983974 
0.000216848 0.919896 1.51546e-05 0.000938258 0.00175043 0.0771828 
0.00414369 0.00534203 5.59861e-08 2.24433e-05 0.308365 0.682127 
0.0158652 0.737945 1.2462e-05 2.57684e-05 0.0413345 0.204818 
0.0524835 0.0154817 8.14687e-05 0.000164152 0.0473298 0.884459 
0.0582573 0.011728 5.94678e-07 5.48149e-06 0.454716 0.475293 
0.0660819 0.015591 0.000176878 0.000614408 0.0371628 0.880373 
0.82982 0.0715108 3.80083e-07 0.000457864 0.0297114 0.0684992 
0.104231 0.62425 0.000314558 0.0449465 0.0625894 0.163668 
0.00469159 0.0510446 0.000110639 0.000764827 0.00205651 0.941332 
0.00782163 0.335067 0.00173489 0.0992445 0.00403529 0.552097 
0.021013 0.676084 0.000770865 0.008627 0.0366021 0.256903 
0.0666528 0.00634138 1.38621e-08 2.30865e-08 0.919506 0.0074998 
0.881897 0.055305 1.13328e-06 2.33826e-06 0.00845511 0.0543392 
0.0338763 0.0160173 0.000719485 0.000966788 0.208831 0.739589 
0.607685 0.0882828 0.000219674 0.0513709 0.106629 0.145812 
0.0550701 0.00916965 0.000308279 0.000525846 0.130507 0.804419 
0.623278 0.01426 8.15333e-06 0.000415594 0.000371493 0.361667 
0.621626 0.000442606 9.62169e-09 0.000738096 0.000281243 0.376912 
0.0182314 0.342965 2.38517e-05 3.27229e-05 0.257474 0.381273 
0.0011894 0.0132593 2.07964e-06 0.000164778 0.915034 0.0703505 
0.00111506 0.563102 4.20724e-07 0.00146669 0.105667 0.328649 
0.019818 0.097604 7.5406e-05 0.000183566 0.145137 0.737182 
0.00192568 0.014945 1.78456e-05 2.3772e-05 0.0682284 0.914859 
0.0468662 0.127903 2.63791e-08 0.00173407 0.586943 0.236554 
0.0352241 0.0289063 3.87891e-05 9.30931e-05 0.193909 0.741829 
0.579999 0.123664 0.000271369 0.0293195 0.00614653 0.2606 
0.0109765 0.0109637 0.000155608 0.000219954 0.162095 0.815589 
0.496785 0.136448 0.00305624 0.00686457 0.0552743 0.301571 
0.0137716 0.0640419 2.62365e-05 7.41637e-05 0.0189542 0.903132 
0.00817219 0.194474 1.72038e-06 8.00246e-06 0.363523 0.433821 
0.697116 0.000178772 3.40175e-05 4.14095e-05 0.0697259 0.232904 
0.00905985 0.588961 1.96123e-08 9.60194e-05 0.32494 0.0769425 
0.0269538 0.214619 0.000270784 0.00190999 0.474361 0.281885 
0.0106563 0.0697005 0.00030842 0.0227353 0.736061 0.160539 
0.0490623 0.00715679 8.583e-05 0.00019931 0.0469333 0.896562 
0.0153365 0.263653 0.00014241 0.0146046 0.382607 0.323656 
0.997065 0.000125699 5.99529e-09 1.23822e-05 0.00272895 6.78159e-05 
0.123125 0.139017 1.30236e-06 0.000506897 0.183825 0.553525 
0.0155929 0.0308238 0.000398007 0.00168861 0.833195 0.118302 
0.0225035 0.0397214 0.00109067 0.00119195 0.773471 0.162022 
0.022513 0.0156684 2.54211e-09 6.60809e-06 0.0703807 0.891431 
0.109425 0.471548 0.000330261 0.000370425 0.0130108 0.405315 
0.00642248 0.0153439 1.18051e-05 3.20832e-05 0.0317929 0.946397 
0.0637301 0.397556 0.00230037 0.0942389 0.0607563 0.381419 
0.00292628 0.0965364 0.000668126 0.00227849 0.781874 0.115716 
0.000563642 0.00265019 1.80329e-06 0.00742055 0.245469 0.743894 
0.0158873 0.700592 0.000664352 0.0189623 0.00218562 0.261709 
0.189846 0.0101092 0.000442698 0.00401511 0.012809 0.782778 
0.00702413 0.0345068 0.000343473 0.000796502 0.0180069 0.939322 
0.0017755 0.966325 1.15907e-06 2.39147e-06 0.00423524 0.0276603 
0.12542 0.106392 1.19555e-05 0.000255635 0.00911726 0.758802 
0.374465 0.001146 2.13933e-05 3.59055e-05 0.0327468 0.591585 
0.208183 0.0785544 0.0350263 0.234176 0.136323 0.307737 
0.00021924 0.96727 2.28352e-06 4.71151e-06 0.000201942 0.0323013 
0.697116 0.000178772 3.40175e-05 4.14095e-05 0.0697259 0.232904 
0.00500755 0.00643387 3.93045e-07 3.30335e-05 0.265049 0.723477 
0.0430562 0.00594383 4.47964e-05 0.000432824 0.0509486 0.899574 
0.674266 0.0632997 3.4295e-05 0.00185628 0.0558827 0.204661 
0.0226967 0.367948 0.00177473 0.00202758 0.283164 0.322389 
0.123577 0.000171172 1.71746e-06 3.01354e-05 0.0412043 0.835015 
0.000581496 0.507348 2.44567e-10 0.019392 0.0107791 0.461899 
0.00578076 0.00898849 1.45283e-05 6.72803e-05 0.0967618 0.888387 
0.00291848 0.139571 1.23266e-06 1.26236e-05 0.452995 0.404501 
0.00938334 0.438271 0.000248808 0.00362815 0.0598107 0.488658 
0.697116 0.000178772 3.40175e-05 4.14095e-05 0.0697259 0.232904 
0.0735104 0.0452016 1.25168e-08 9.53222e-07 0.5829 0.298387 
0.0205453 0.213638 0.00204318 0.00219167 0.0748301 0.686752 
0.00980541 0.0022812 7.38508e-11 0.000277396 0.0472848 0.940351 
0.0313443 0.470735 1.20294e-05 2.10841e-05 0.216333 0.281555 
0.0491506 0.0295886 1.27177e-05 0.00154715 0.0542015 0.865499 
0.0608976 0.0109208 7.86159e-08 5.9262e-05 0.0210874 0.907035 
0.220922 0.286247 3.76102e-07 0.0118991 0.190361 0.290571 
0.00181371 0.446962 1.12489e-07 1.44616e-05 0.384019 0.167191 
0.0041011 0.00446136 0.000409638 0.00708773 0.918038 0.0659021 
0.00466667 0.153881 5.42711e-05 0.000134566 0.282408 0.558855 
0.0134385 0.0258755 2.77085e-05 4.99064e-05 0.272997 0.687612 
0.697116 0.000178772 3.40175e-05 4.14095e-05 0.0697259 0.232904 
0.18499 0.53427 0.000216943 0.000985715 0.0409718 0.238566 
0.0969047 0.0280445 4.28908e-06 0.369279 0.0542728 0.451495 
0.0281909 0.46965 0.000483989 0.0542772 0.25448 0.192917 
0.0123361 0.0609099 4.05893e-05 0.000147882 0.0854907 0.841075 
0.0635783 0.877788 7.14036e-05 0.000441294 0.0460272 0.0120943 
0.0722464 0.0550499 0.000420855 0.00274744 0.0618677 0.807668 
0.0266692 0.0414209 0.000296683 0.000593981 0.0194514 0.911568 
0.0226819 0.709197 0.000924327 0.034377 0.0702448 0.162575 
0.00352452 0.124171 3.3178e-05 0.000686179 0.210987 0.660598 
0.168357 0.0217308 0.000195275 0.00033614 0.0727945 0.736587 
0.024383 0.042011 0.000296423 0.000799875 0.0804399 0.85207 
0.697116 0.000178772 3.40175e-05 4.14095e-05 0.0697259 0.232904 
0.0466935 0.0282306 1.07499e-05 1.9186e-05 0.0927705 0.832275 
0.000511282 0.00662819 7.47362e-07 1.06988e-05 0.0681491 0.9247 
0.0790684 0.0141115 7.19966e-05 0.00331103 0.0966609 0.806776 
0.0025796 0.00262879 9.26591e-08 1.30143e-06 0.911917 0.0828728 
0.0141956 0.0160608 1.96336e-05 0.000163079 0.352989 0.616571 
0.629213 0.0245774 2.56861e-05 0.000978749 0.0744614 0.270744 
0.160017 0.0143525 0.000155388 0.000478554 0.00749657 0.8175 
0.0349693 0.00685093 7.19606e-12 0.000166356 0.00887848 0.949135 
0.00123304 0.250531 0.000931154 0.00622235 0.0512981 0.689785 
0.37409 2.68102e-05 1.5067e-07 1.98171e-05 0.0385623 0.587301 
0.0249492 0.0314259 7.20553e-05 0.000208286 0.793547 0.149798 
0.012133 0.278893 0.00106232 0.00233801 0.158522 0.547051 
0.0211128 0.0291642 3.67623e-08 8.03595e-08 0.002343 0.94738 
0.0211044 0.0346675 1.47677e-05 6.55722e-05 0.124931 0.819217 
0.0126515 0.0246857 0.000954483 0.00147185 0.111474 0.848762 
0.232428 0.00587859 0.000190402 0.000380675 0.0141945 0.746928 
0.0595121 0.501128 2.13011e-05 6.90388e-05 0.102485 0.336784 
0.0168228 0.0140941 2.90251e-06 0.219611 0.00419099 0.745278 
0.105261 0.0166789 0.000500629 0.00893811 0.325809 0.542812 
0.00365946 0.854446 9.10153e-06 0.000803309 0.0860894 0.0549929 
0.0108349 0.711964 0.00101119 0.00131205 0.150678 0.1242 
0.0364811 0.0605307 9.46268e-05 0.324759 0.367981 0.210154 
0.0258135 0.592737 0.00189367 0.0154536 0.177499 0.186603 
0.0777067 0.263272 0.000254199 0.001907 0.0981088 0.558752 
0.0942459 0.041704 0.000169795 0.00110192 0.047849 0.814929 
0.0598017 0.0223342 0.00190161 0.00214747 0.0820172 0.831798 
0.00367864 0.00468274 2.25298e-05 8.65568e-05 0.0243107 0.967219 
0.0202598 0.0273141 0.00103376 0.00110141 0.849871 0.10042 
0.00125565 0.809355 0.000411655 0.000619261 0.0398457 0.148513 
0.000594236 0.418988 9.92968e-06 0.00180355 0.383671 0.194933 
0.0697909 0.0208137 3.10462e-05 0.000445368 0.111435 0.797484 
0.0477815 0.104838 1.97822e-05 0.00239003 0.0322893 0.812681 
0.136846 0.0172527 0.00011526 0.000148294 0.0914092 0.754228 
0.00017037 0.505941 5.45298e-05 0.000859643 0.461257 0.0317174 
0.0858176 0.0781387 0.000401819 0.00106406 0.612708 0.22187 
0.497883 0.0199705 0.000196686 0.00262483 0.013326 0.465999 
0.0864667 0.154325 0.000121648 0.000411713 0.316303 0.442371 
0.00361007 0.79695 8.78602e-05 0.00366666 0.182939 0.0127466 
0.00017455 0.999342 4.2459e-06 8.7604e-06 0.000103959 0.00036679 
0.758745 0.0186857 4.08058e-06 0.000161828 0.00212618 0.220277 
0.0149763 0.460509 0.000281723 0.000733522 0.245148 0.278352 
0.0193548 0.563699 3.45699e-05 0.00136947 0.0226997 0.392843 
0.0397342 0.00351602 2.65244e-07 6.13379e-06 0.312112 0.644631 
0.000253843 0.083166 5.26118e-09 1.61741e-05 0.789106 0.127458 
0.0726975 0.237173 0.00225162 0.054446 0.248768 0.384663 
0.012662 0.0490192 0.000186564 0.00145725 0.0953852 0.84129 
0.0456128 0.0269115 0.000199905 0.00640189 0.838482 0.0823919 
0.00881344 0.173942 0.000270955 0.00232476 0.641824 0.172825 
0.0356789 0.851539 8.782e-08 7.42538e-06 0.0949024 0.0178719 
0.0459916 0.0182866 5.04511e-05 0.000626014 0.00818556 0.92686 
0.00691558 0.845821 0.00233815 0.00260754 0.0228173 0.1195 
5.23129e-07 0.97191 7.33649e-11 3.1803e-07 0.0271901 0.000899068 
0.0127138 0.0805845 0.000119659 0.000209612 0.36632 0.540052 
0.025883 0.00722464 3.12526e-06 0.00753177 0.075566 0.883791 
0.0810787 0.00952812 0.000120676 0.00432901 0.0443244 0.860619 
0.697116 0.000178772 3.40175e-05 4.14095e-05 0.0697259 0.232904 
0.106602 0.00266752 2.24486e-05 3.2436e-05 0.0282582 0.862418 
0.00857777 0.307744 3.73212e-05 6.9622e-05 0.00026341 0.683308 
0.00238764 0.0467952 7.03233e-06 0.00051635 0.0471766 0.903117 
0.019217 0.462938 0.00126184 0.00204528 0.106841 0.407698 
0.0182657 0.313778 2.00373e-10 4.13422e-10 0.523284 0.144673 
0.0506444 0.117371 0.0174758 0.0895989 0.108449 0.61646 
0.478182 0.0315529 2.19612e-07 4.70055e-07 0.0218943 0.46837 
0.0297803 0.67608 0.000607241 0.2131 0.0434567 0.0369755 
0.00311418 0.0936958 5.28686e-05 0.000775465 0.110953 0.791408 
0.910864 6.77538e-06 2.44411e-10 0.000880338 2.01253e-06 0.0882466 
0.0234365 0.0359601 0.00507172 0.00728372 0.135069 0.793179 
0.0116143 0.88058 1.40186e-05 0.00103248 0.0445221 0.0622369 
0.00247683 0.0237995 1.37399e-05 0.0166215 0.0548105 0.902278 
0.0200928 0.0631506 0.00172411 0.00180938 0.0577902 0.855433 
9.76373e-06 0.321649 1.32728e-07 1.92132e-05 3.31624e-06 0.678318 
0.0160911 0.972962 4.52324e-05 7.12678e-05 0.000251074 0.0105798 
0.113793 0.112718 1.35532e-06 1.40738e-06 0.0693471 0.70414 
0.0385008 0.0733609 7.88414e-06 0.000434132 0.000482482 0.887214 
0.0130074 0.248929 0.000668202 0.000953352 0.0310006 0.705442 
0.128841 0.0448921 0.0119487 0.013738 0.653059 0.147521 
0.00443664 0.00317981 7.4939e-06 1.32243e-05 0.0675515 0.924811 
0.00028417 0.933684 3.31196e-05 6.3875e-05 0.0517091 0.014226 
0.000264355 0.00571506 2.04138e-13 1.93789e-09 0.271429 0.722592 
0.0349531 0.40479 9.98097e-05 0.00594294 0.261313 0.292901 
0.0302366 0.153536 0.00117082 0.00661876 0.00710582 0.801332 
0.00791029 0.00391177 2.47794e-06 5.11263e-06 0.00334184 0.984829 
0.0236347 0.489468 0.000113641 0.000125644 0.0080819 0.478576 
0.160017 0.0143525 0.000155388 0.000478554 0.00749657 0.8175 
0.479721 0.0761693 0.000273308 0.00171277 0.0901804 0.351943 
0.397111 0.00586465 0.000129013 0.000394406 0.083481 0.51302 
0.784 0.0236763 1.04502e-05 3.48814e-05 0.0279903 0.164288 
0.00638222 0.343567 0.0009245 0.00258218 0.0422929 0.604251 
0.390043 0.202151 2.20329e-10 9.09236e-06 2.69487e-06 0.407794 
0.00508667 0.0115134 0.00135306 0.00207616 0.110897 0.869074 
0.0134178 0.0369841 0.000171095 0.000250866 0.104123 0.845054 
0.0161788 0.724952 6.49943e-05 0.000477224 0.0913999 0.166927 
0.0532238 0.0226403 0.000287756 0.00459528 0.175856 0.743397 
0.013607 0.48129 1.08704e-05 7.70551e-05 0.116209 0.388806 
0.0367686 0.527217 6.89026e-05 0.00074875 0.202209 0.232988 
0.00192963 0.0301704 1.99957e-05 0.00048346 0.0691685 0.898228 
0.00906229 0.183577 1.66634e-07 1.16878e-05 0.472251 0.335098 
0.00201817 0.966054 5.58402e-05 0.000140576 0.0171487 0.0145827 
0.0167892 0.0138163 2.37923e-05 0.0002739 0.151836 0.817261 
0.00763125 0.0638499 6.92845e-11 5.58592e-07 0.428398 0.50012 
0.00294676 0.93253 2.39686e-05 0.00179313 0.0108178 0.0518883 
0.0469778 0.0854892 0.000777537 0.00946589 0.00427462 0.853015 
0.0159962 0.0670141 0.000321337 0.00439133 0.693508 0.218769 
0.00759874 0.0314061 2.78625e-05 0.0002006 0.0889065 0.87186 
0.00125676 0.229371 7.4555e-08 7.68678e-05 0.0406297 0.728665 
0.115839 0.0282154 0.00920342 0.0218571 0.0302669 0.794618 
0.00412304 0.002049 7.65469e-12 1.57936e-11 0.887277 0.106551 
0.0449026 0.00472012 1.74202e-06 5.44232e-05 0.12505 0.825271 
0.24569 0.0492537 1.07996e-08 1.85605e-06 0.0131638 0.691891 
0.0422141 0.069892 0.000372021 0.00226076 0.186674 0.698587 
0.00359884 0.861862 6.01094e-07 4.35133e-06 2.14848e-06 0.134532 
0.0242994 0.342458 0.0024892 0.111878 0.0293739 0.489502 
0.0449932 0.578455 0.0198406 0.0894237 0.0271188 0.240168 
0.57428 0.0226463 1.33944e-05 0.0218966 0.0394583 0.341706 
0.00326578 0.531013 0.000131153 0.00155914 0.188506 0.275524 
0.00365946 0.854446 9.10153e-06 0.000803309 0.0860894 0.0549929 
0.00325964 0.101138 0.000524263 0.00119802 0.325996 0.567884 
0.407728 0.17032 1.32251e-10 4.15786e-07 0.0144164 0.407536 
0.0912756 0.00179434 1.05171e-06 3.91089e-06 0.00435624 0.902569 
0.000543554 0.312348 9.04537e-05 0.0025197 0.193607 0.490891 
0.00654855 0.773024 0.000191988 0.000946509 0.124513 0.0947756 
0.0192605 0.505786 0.000137665 0.0183576 0.11526 0.341198 
0.0132147 0.349416 0.00547764 0.346079 0.119752 0.166061 
0.00612127 0.0135547 5.39586e-05 0.000226844 0.882375 0.0976679 
0.0412335 0.0184507 5.20816e-07 8.43836e-07 0.228815 0.711499 
0.023383 0.555216 0.00273746 0.003141 0.108703 0.306819 
0.00338674 0.0116657 7.27188e-06 0.000140355 0.084208 0.900592 
0.057997 0.192405 0.00108011 0.00853005 0.57352 0.166468 
0.000515644 0.987236 6.41454e-08 3.34917e-07 1.97638e-07 0.0122475 
0.415203 0.0169641 1.18725e-05 3.26304e-05 0.240762 0.327027 
0.00372223 0.00526967 4.05841e-07 9.48403e-05 0.0724899 0.918423 
0.367491 0.357611 0.00107671 0.0116767 0.130073 0.132071 
0.00241862 0.739743 0.000143093 0.15478 0.00682904 0.096087 
0.0792044 0.00670596 0.000205771 0.00630947 0.00898301 0.898591 
0.00196814 0.0317972 7.00663e-12 3.89002e-08 0.868902 0.0973331 
0.00365946 0.854446 9.10153e-06 0.000803309 0.0860894 0.0549929 
0.0117918 0.604949 0.000666595 0.0194805 0.143061 0.220051 
0.00116687 0.897339 1.82471e-05 0.000118694 0.0512029 0.0501545 
0.0349693 0.523844 4.76966e-05 0.00790464 0.146041 0.287194 
0.0872807 0.00883786 0.000268218 0.000295624 0.10467 0.798648 
0.0255758 0.011659 0.00019773 0.00384924 0.0446542 0.914064 
0.00222647 0.879761 1.29197e-05 0.00038057 0.0210954 0.096524 
0.000173829 0.767441 1.81072e-06 2.03113e-06 0.163318 0.0690639 
0.0603088 0.13439 0.00214772 0.00215367 0.162047 0.638952 
0.802792 0.0136832 3.43826e-05 0.00211778 0.0318886 0.149484 
0.00123591 0.00360302 3.60529e-06 0.00588869 0.0598485 0.92942 
0.002366 0.0189729 0.000446554 0.881254 0.0375172 0.0594437 
0.151029 0.0140017 0.00108635 0.00291874 0.0340566 0.796908 
0.0296221 0.0681094 0.000271934 0.00296395 0.0278091 0.871224 
0.0617101 0.0471447 0.000119471 0.0053773 0.00641894 0.879229 
0.151957 0.0487336 0.00075673 0.0233631 0.0312209 0.743968 
7.53589e-05 0.000278371 2.77456e-05 4.06317e-05 0.000521659 0.999056 
0.0792044 0.00670596 0.000205771 0.00630947 0.00898301 0.898591 
0.0617029 0.030056 0.000621313 0.728618 0.0461157 0.132886 
6.05139e-05 0.0646669 7.27545e-07 2.01343e-06 2.12351e-05 0.935249 
0.0199221 0.0202092 0.00315081 0.00593606 0.0285619 0.92222 
0.0546201 0.0297391 7.5898e-07 0.271819 0.47014 0.173682 
0.702164 0.00863953 0.000327729 0.00262705 0.0290488 0.257193 
0.0164298 0.0496251 0.00056788 0.873296 0.0142546 0.0458263 
0.0857327 0.699477 6.51358e-07 5.88672e-06 0.0301246 0.184659 
0.0869664 0.0146519 0.000481447 0.565267 0.173586 0.159047 
0.0125327 0.0114635 7.3209e-09 1.81648e-05 3.80307e-06 0.975982 
0.00987148 0.0461221 0.00248588 0.812145 0.0355914 0.0937841 
0.0450485 0.01058 3.3172e-05 0.000251209 0.0994115 0.844676 
0.697116 0.000178772 3.40175e-05 4.14095e-05 0.0697259 0.232904 
0.120082 0.00276493 9.4786e-07 0.000175222 0.106044 0.770932 
0.252476 0.0438637 0.00090147 0.0017985 0.187004 0.513957 
0.415203 0.0169641 1.18725e-05 3.26304e-05 0.240762 0.327027 
0.0568963 0.269739 0.0003779 0.00262657 0.115841 0.554519 
0.830913 0.000435436 3.16824e-08 9.69842e-07 0.0024106 0.16624 
0.0539688 0.786317 0.000383384 0.00466301 0.0155927 0.139075 
0.0562929 0.526583 0.00119227 0.0236771 0.134228 0.258027 
0.00723657 0.852839 2.26128e-05 0.000180837 0.00344198 0.136279 
0.261168 0.0352165 0.00271661 0.00667037 0.0580019 0.636227 
0.0275716 0.295063 4.30102e-05 0.00458033 0.22729 0.445451 
0.00589153 0.502819 0.00101847 0.0529143 0.109901 0.327456 
0.523181 0.0723917 0.0045021 0.00493933 0.0636635 0.331322 
0.00645081 0.342405 1.68434e-06 0.0030054 0.524716 0.123422 
0.0123551 0.237486 2.55265e-06 0.000224619 0.370385 0.379547 
0.00551962 0.759909 6.44889e-05 0.000973411 0.00724508 0.226289 
0.0145026 0.366588 0.000902335 0.0298676 0.0134236 0.574716 
0.0100903 0.331155 0.000209267 0.000781307 0.245675 0.412089 
0.0527863 0.000303159 2.47666e-07 2.90619e-06 0.00718953 0.939718 
2.13444e-06 0.00471897 8.87748e-07 2.06064e-05 0.845234 0.150023 
0.00423176 0.0237807 9.85828e-05 0.000124639 0.0671543 0.90461 
0.18372 0.391851 9.02861e-06 0.0729515 0.086823 0.264645 
0.0250193 0.0163928 5.2424e-05 0.000228513 0.0929432 0.865364 
0.0159057 0.0653098 0.000115196 0.000145155 0.684391 0.234133 
0.0362736 0.704565 0.000106308 0.000267872 0.0669478 0.191839 
0.364039 0.000307446 6.33754e-09 5.62225e-07 0.049399 0.586254 
0.067741 0.0147333 3.7971e-05 9.89254e-05 0.207539 0.70985 
0.0305233 0.00784236 1.7979e-05 3.15999e-05 0.00723571 0.954349 
0.286927 0.0461755 0.0167392 0.0806936 0.0410195 0.528446 
0.033105 0.038437 0.000149346 0.000330536 0.0972182 0.83076 
0.0325244 0.360893 0.000736856 0.00185937 0.279212 0.324774 
0.043582 0.322344 0.000383538 0.00606153 0.111021 0.516608 
0.000868642 0.722247 0.00050759 0.00181098 0.0068151 0.267751 
0.0135844 0.0209165 4.5027e-09 2.1595e-06 0.00863399 0.956863 
0.00554326 0.0430234 3.91608e-07 4.85469e-07 0.0326939 0.918739 
0.20192 0.0135028 2.69482e-08 6.24041e-07 0.0229357 0.761641 
0.00165872 0.0616077 1.15576e-05 0.000804822 0.00723977 0.928677 
0.0413813 0.0670835 9.77088e-06 0.00400043 0.0333745 0.85415 
0.000830701 0.157637 1.08795e-05 0.00488125 0.150181 0.686458 
0.00837389 0.135877 0.000316921 0.00501707 0.0969218 0.753493 
0.0529169 0.740645 7.00644e-05 0.00615029 0.0628218 0.137396 
0.0031886 0.472007 0.000186359 0.00022532 0.1025 0.421892 
0.151786 0.225714 2.97643e-06 0.0502222 0.266686 0.305589 
0.0047557 1.11623e-07 5.31261e-12 1.09613e-11 0.0129171 0.982327 
0.0126298 0.097812 1.70392e-06 1.37749e-05 0.657024 0.232519 
0.000406279 0.455926 3.67286e-06 3.90356e-05 0.40599 0.137635 
0.0340432 0.0135024 1.07875e-05 6.87356e-05 0.0373221 0.915053 
0.00026699 0.00173199 1.37872e-08 3.80791e-07 0.139875 0.858125 
0.00422104 0.0401686 9.98923e-07 0.00255667 0.00542476 0.947628 
0.0260868 0.42779 0.000523587 0.32639 0.00581739 0.213393 
7.99366e-06 0.795269 1.01485e-08 0.0021952 0.174435 0.0280932 
0.00173891 0.0660337 6.77652e-08 3.37825e-06 0.0323116 0.899912 
0.697116 0.000178772 3.40175e-05 4.14095e-05 0.0697259 0.232904 
0.697116 0.000178772 3.40175e-05 4.14095e-05 0.0697259 0.232904 
1.33133e-06 0.0475208 5.93409e-08 1.52803e-07 0.00698649 0.945491 
0.017835 0.0135368 0.000393673 0.000974098 0.031683 0.935577 
0.00946327 0.356706 0.00117126 0.00365994 0.310246 0.318754 
0.0774164 0.0477878 0.000348201 0.000757838 0.298347 0.575343 
0.00464192 0.0827958 0.000121749 0.0111124 0.800875 0.100454 
0.000216848 0.919896 1.51546e-05 0.000938258 0.00175043 0.0771828 
0.00143045 0.00212094 1.02247e-11 2.10963e-11 0.99509 0.00135897 
0.0216951 0.0277788 0.00119137 0.030846 0.770586 0.147903 
0.127308 0.69905 0.000340222 0.0080233 0.114918 0.0503605 
0.0904265 0.021913 9.23886e-05 0.00131154 0.248477 0.63778 
0.0293555 0.17487 1.51723e-07 2.79744e-06 0.0488566 0.746915 
0.0629406 0.0251467 0.000342703 0.00040566 0.711228 0.199937 
0.0149273 0.12884 0.000284839 0.00254134 0.423078 0.430329 
0.0776729 0.0094882 1.603e-05 2.62414e-05 0.136837 0.77596 
0.000800831 0.989432 0.000422868 0.00108725 0.00210645 0.00615014 
0.0128266 0.0327602 0.000116322 0.000832721 0.0180176 0.935447 
0.0175067 0.183698 6.64159e-05 0.000251391 0.205549 0.592929 
0.00309312 0.0434688 3.26365e-05 0.000618782 0.426442 0.526344 
0.018832 0.0152275 0.000137214 0.000363247 0.807789 0.157651 
0.0458902 0.0209459 0.0174329 0.0174465 0.0699117 0.828373 
0.26718 0.090994 0.00758971 0.329479 0.0561177 0.248639 
0.0129287 0.0691969 0.000102188 0.786898 0.0473362 0.0835381 
0.0408092 0.0697891 0.000799354 0.568536 0.00670896 0.313357 
0.0681185 0.0407379 6.9746e-05 0.0179349 0.132611 0.740528 
0.523845 0.0142497 0.000157213 0.00279296 0.0199547 0.439 
0.0888275 0.0201872 9.43639e-06 0.000645199 0.687607 0.202724 
0.0607091 0.0423207 0.0021045 0.0111175 0.596011 0.287737 
0.00522412 0.842865 0.000210014 0.00170889 0.0234782 0.126514 
0.277576 0.0203069 0.000134877 0.00131112 0.0390185 0.661653 
0.020164 0.0101484 3.95095e-05 0.000676633 0.0536442 0.915327 
0.00242424 0.0900842 0.000178219 0.000503339 0.0584819 0.848328 
0.0489675 0.578977 1.19298e-05 2.17242e-05 0.0849945 0.287027 
0.0650062 0.328265 1.22895e-05 0.011089 0.181939 0.413688 
0.0397737 0.0496378 6.6183e-06 0.0390497 0.0373995 0.834133 
0.0987286 0.0511914 0.000151381 0.00484034 0.020251 0.824837 
0.285613 0.375575 0.000513265 0.00519082 0.0750213 0.258087 
0.114668 0.523081 0.000178827 0.000990179 0.0313297 0.329752 
0.237972 0.264847 0.000556755 0.0849298 0.0739148 0.337779 
0.0473225 0.0550931 0.00230812 0.00380862 0.0508219 0.840646 
0.00571015 0.00283896 1.36071e-05 1.47065e-05 0.0892768 0.902146 
0.00457319 0.051881 0.000166784 0.0009848 0.346453 0.595942 
0.044317 0.509005 0.00850025 0.246299 0.0766889 0.11519 
0.0047557 1.11623e-07 5.31261e-12 1.09613e-11 0.0129171 0.982327 
0.00138903 0.00911336 7.71174e-06 0.000507261 0.509497 0.479486 
0.00273612 0.00382426 2.99726e-06 4.38683e-05 0.0809402 0.912453 
0.0181957 0.00169827 2.08599e-07 9.12781e-06 0.898361 0.0817356 
0.0012173 8.93953e-05 1.28102e-05 1.62743e-05 0.00916212 0.989502 
0.0674411 0.0143821 1.93733e-05 0.000458826 0.0701491 0.847549 
0.0416203 0.00531966 3.21648e-05 0.000330973 0.0566982 0.895999 
0.040314 0.00201876 2.39972e-05 5.45196e-05 0.030086 0.927503 
0.0492674 0.0186582 1.77446e-06 7.19735e-05 0.0201749 0.911826 
0.00056907 0.997176 8.37818e-05 0.000156615 9.65256e-05 0.00191778 
0.00106143 0.270096 0.000680078 0.00215752 0.648445 0.0775597 
0.0062616 0.0201499 3.04274e-11 6.27798e-11 0.0940055 0.879583 
0.127404 0.567111 1.49209e-07 2.00036e-06 0.155225 0.150258 
0.00114174 0.0288411 6.89089e-07 2.96897e-06 0.846507 0.123506 
0.00100405 0.000473739 1.16871e-12 5.30733e-09 0.988746 0.00977668 
0.697116 0.000178772 3.40175e-05 4.14095e-05 0.0697259 0.232904 
0.104332 0.00557269 2.25204e-05 0.000175159 0.165064 0.724834 
0.697116 0.000178772 3.40175e-05 4.14095e-05 0.0697259 0.232904 
0.00712642 0.889582 5.11729e-07 1.05583e-06 0.00395761 0.099332 
0.211033 0.0710795 0.000196631 0.000246103 0.264956 0.452489 
0.0199882 0.805458 0.00130747 0.00151219 0.108572 0.0631621 
0.14245 0.0393915 0.00411278 0.0388561 0.10719 0.668 
0.00938683 0.0269192 1.80412e-05 0.000347352 0.0759629 0.887366 
0.00389337 0.00673437 4.02388e-07 3.16014e-06 0.801708 0.187661 
0.00142315 0.00874252 0.000414571 0.9186 0.0216224 0.0491978 
0.00271758 0.539622 0.000356007 0.000387886 0.142624 0.314292 
0.00137063 0.0495003 0.000141198 0.00500997 0.0691593 0.874819 
0.783384 0.0646 1.87214e-07 3.00293e-07 0.00693428 0.145082 
0.00820544 0.0407782 9.88263e-08 1.5053e-05 0.67752 0.273481 
0.00780675 0.0244894 9.03441e-05 0.000187334 0.0436221 0.923804 
0.173958 0.010966 0.000277869 0.00131306 0.0282729 0.785212 
0.0351892 0.0373516 1.99038e-05 0.00214685 0.103148 0.822144 
0.538261 0.0033647 8.12398e-06 0.000133282 0.0655341 0.392699 
0.00758166 0.287827 0.000305099 0.00196157 0.531221 0.171104 
0.00247449 0.812099 1.9471e-05 0.00120931 0.101907 0.0822909 
0.000770293 0.000305189 1.21146e-08 1.29271e-06 0.990762 0.0081616 
0.00890749 0.818293 0.000231904 0.00145344 0.00320188 0.167912 
0.000754649 0.862952 0.000379221 0.000890177 0.00422359 0.130801 
0.000650986 0.000544133 4.13311e-12 1.83846e-06 0.0242352 0.974568 
0.0047557 1.11623e-07 5.31261e-12 1.09613e-11 0.0129171 0.982327 
0.0138864 0.0372474 0.00277807 0.00745844 0.446491 0.492139 
0.160504 0.00479515 0.000208025 0.00071594 0.0747265 0.759051 
0.00867193 0.090588 4.45752e-05 0.00022412 0.0758254 0.824646 
0.0279454 0.0253688 0.000639613 0.000691625 0.100057 0.845298 
0.00137975 0.0188796 1.39976e-05 0.00327122 0.0796739 0.896782 
0.00929629 0.0111515 2.85864e-05 0.000410156 0.0549754 0.924138 
0.292837 0.0116329 0.000577893 0.000602226 0.0396639 0.654686 
0.0383667 0.103588 0.000280877 0.00593046 0.607818 0.244015 
0.0422494 0.527756 0.00106823 0.00115486 0.101045 0.326726 
0.0227255 0.00617036 5.35517e-05 0.00101982 0.0119232 0.958108 
0.00910345 0.00930904 0.000139969 0.65174 0.052499 0.277209 
0.000397961 0.00730374 6.03678e-06 3.66848e-05 0.172932 0.819323 
0.532871 0.0207484 0.000102574 0.00744931 0.0369316 0.401897 
0.00787172 0.0200509 5.29083e-09 4.17686e-05 0.227881 0.744155 
0.0141305 0.00970734 1.24242e-05 0.000455153 0.0289214 0.946773 
0.00353666 0.492928 0.000316858 0.000934079 0.104093 0.398192 
0.00324516 0.0125512 2.33065e-06 1.30177e-05 0.000435573 0.983753 
0.0400847 0.605693 1.39175e-05 0.0442944 0.132447 0.177467 
0.0130687 0.123428 7.9873e-05 0.332133 0.0373771 0.493914 
0.683139 0.0265701 1.25429e-05 0.00075505 0.0594204 0.230103 
0.151253 0.0100307 5.04279e-06 0.018889 0.671722 0.148101 
0.000141176 0.938275 2.2853e-06 1.07384e-05 0.00303763 0.0585336 
0.0638703 0.0202271 6.87159e-08 0.000379446 0.0720741 0.843449 
0.0209216 0.793791 0.000112241 0.00238535 0.101249 0.0815411 
0.0562891 0.584429 0.000352814 0.00297304 0.132613 0.223343 
0.000357976 0.100092 1.18762e-07 2.45036e-07 0.862511 0.0370384 
0.00545102 0.654547 0.00170906 0.0311952 0.0822982 0.2248 
0.0084401 0.0856406 1.14719e-05 0.0499503 0.261087 0.594871 
0.0287961 0.0413377 0.00012376 0.00063546 0.319383 0.609724 
0.0997636 0.534723 0.00101216 0.00153209 0.213771 0.149198 
0.000308268 0.806775 0.000184591 0.00212928 0.0595292 0.131074 
0.118548 0.0334129 0.000188329 0.000368824 0.0256863 0.821796 
0.179856 0.0421889 3.42638e-05 0.00111835 0.547197 0.229606 
0.0539391 0.21364 0.00374864 0.00953559 0.0545883 0.664548 
0.697116 0.000178772 3.40175e-05 4.14095e-05 0.0697259 0.232904 
0.142609 0.0684169 4.58463e-05 7.41721e-05 0.170238 0.618615 
0.161071 0.0213902 0.000164102 0.000331865 0.0275377 0.789505 
0.00364286 0.0118252 0.000347834 0.00567028 0.92439 0.0541239 
0.00352452 0.124171 3.3178e-05 0.000686179 0.210987 0.660598 
0.0274802 0.580282 0.00146905 0.0446906 0.0623275 0.283751 
0.0596234 0.0183139 5.5739e-07 0.000958608 0.901601 0.019503 
0.697116 0.000178772 3.40175e-05 4.14095e-05 0.0697259 0.232904 
0.126475 0.0419686 2.87831e-07 0.041371 0.000109829 0.790075 
0.0842777 0.740327 2.06723e-06 0.00108053 0.00470697 0.169606 
0.10599 0.246821 0.000320344 0.000532725 0.0733767 0.572959 
0.044317 0.509005 0.00850025 0.246299 0.0766889 0.11519 
0.0215632 0.0091005 0.000159808 0.000208643 0.773977 0.194991 
0.00955325 0.00341001 5.58307e-13 5.7522e-05 0.0223444 0.964635 
0.833227 0.0188273 1.34343e-06 3.23531e-05 0.0113605 0.136551 
0.00827197 0.0401156 3.79535e-05 0.000915492 0.0851427 0.865516 
0.0192774 0.00248802 3.22503e-06 3.39456e-06 0.0329123 0.945316 
0.107234 0.146029 1.94676e-05 0.496679 0.138949 0.11109 
0.00202347 0.686663 0.000360268 0.0868034 0.216286 0.00786401 
0.0105613 0.307333 1.03033e-10 1.57133e-05 0.0349925 0.647097 
0.00130401 0.900938 0.000280657 0.000742605 0.0228338 0.0739007 
7.17087e-05 0.00374976 4.08473e-06 0.893602 0.0140552 0.088517 
0.0267455 0.160161 7.91188e-05 0.00040354 0.106467 0.706144 
0.000855915 0.00137127 7.26402e-06 1.26925e-05 0.0898796 0.907873 
0.00132299 0.0536973 2.14428e-05 0.000391124 0.0294997 0.915067 
0.161071 0.0213902 0.000164102 0.000331865 0.0275377 0.789505 
0.170666 0.0501969 4.68695e-06 0.000278278 0.302153 0.476701 
0.0533082 0.0281967 9.30528e-05 0.000493327 0.695091 0.222818 
0.0303036 0.459582 0.000302452 0.00325773 0.448557 0.0579963 
0.0207668 0.542538 0.000675182 0.000762922 0.294387 0.140871 
0.0352699 0.020227 4.56908e-05 0.000190122 0.155857 0.78841 
0.697116 0.000178772 3.40175e-05 4.14095e-05 0.0697259 0.232904 
0.000853635 0.880925 4.02845e-06 0.00164386 0.0924027 0.0241712 
0.697116 0.000178772 3.40175e-05 4.14095e-05 0.0697259 0.232904 
0.63243 0.364514 5.10501e-09 1.0533e-08 0.00303464 2.19566e-05 
0.0550378 0.078791 2.15752e-07 0.837099 0.0152897 0.0137819 
0.00348835 0.00431889 8.16823e-08 1.80099e-05 0.00588985 0.986285 
0.0105613 0.307333 1.03033e-10 1.57133e-05 0.0349925 0.647097 
0.0185469 0.000200077 1.11414e-06 1.3862e-06 0.915976 0.0652747 
0.052424 0.0221054 0.000147912 0.0046752 0.128567 0.792081 
0.0266083 0.0620917 3.64054e-06 0.000705715 0.0868656 0.823725 
0.0757396 0.0814561 3.32855e-05 4.36843e-05 0.47813 0.364598 
0.0448364 0.00859866 1.03013e-08 7.07058e-07 0.830186 0.116378 
0.0673189 0.374553 2.74529e-10 5.66424e-10 0.312924 0.245203 
0.00154814 0.00522314 4.07495e-07 7.97938e-07 0.935131 0.0580966 
0.0414563 0.0692937 6.64553e-05 0.000469977 0.12933 0.759384 
1.56344e-05 0.00870607 8.87582e-11 1.83149e-06 0.686866 0.30441 
0.0697909 0.0208137 3.10462e-05 0.000445368 0.111435 0.797484 
0.742064 0.00796018 0.000173255 0.000222948 0.0312002 0.218379 
0.045671 0.0142501 6.65482e-06 0.000423915 0.00419371 0.935455 
0.00178102 0.0068111 0.000346524 0.928771 0.0306662 0.0316242 
0.0157751 0.0132961 2.32543e-05 0.000565379 0.120527 0.849813 
0.0365369 0.00798663 3.71249e-05 0.00103796 0.0501878 0.904214 
0.141861 0.0127855 0.000336661 0.00160596 0.0338739 0.809537 
0.0170152 0.0204727 0.000125599 0.00674998 0.593483 0.362154 
0.0680004 0.037328 7.12382e-05 0.000330892 0.00096016 0.893309 
1.91494e-06 0.952117 1.91464e-06 0.00727521 0.0402193 0.000384947 
0.0428714 0.458574 0.000427909 0.000488732 0.291474 0.206164 
0.0307497 0.180242 0.00473074 0.517766 0.0386969 0.227814 
0.0174032 0.0129858 0.000326364 0.000484159 0.0482923 0.920508 
0.379009 0.000620567 6.4292e-07 8.90004e-07 0.00327388 0.617095 
0.223714 0.127833 4.3577e-07 5.81474e-06 0.0556569 0.59279 
0.0642476 0.44884 0.00172912 0.00308728 0.0456862 0.436409 
0.0109704 0.249905 5.70964e-07 1.57498e-05 0.0345299 0.704579 
0.0109967 0.404853 1.92123e-06 5.22205e-06 0.0920065 0.492137 
0.0291179 0.0500774 0.000183751 0.00104733 0.0628054 0.856768 
0.132371 0.00157348 0.000135926 0.00829715 0.00925398 0.848369 
0.0179279 0.164116 0.000324049 0.0121942 0.49892 0.306518 
0.697116 0.000178772 3.40175e-05 4.14095e-05 0.0697259 0.232904 
0.0281348 0.0196434 2.67822e-05 0.0138345 0.105073 0.833288 
0.118755 0.00846608 5.63439e-05 0.000405569 0.0937937 0.778523 
0.24109 0.141694 0.000426531 0.022222 0.185535 0.409032 
0.00385999 0.0441296 3.4193e-06 0.000281922 0.0535052 0.89822 
0.127152 0.0243501 2.24622e-05 0.000204734 0.0379414 0.810329 
0.0770273 0.0368053 0.000148257 0.000299488 0.0335328 0.852187 
0.119455 0.00147661 1.13416e-06 1.46185e-06 0.684265 0.1948 
0.481771 0.00178058 2.54425e-05 0.000256027 0.00522716 0.510939 
0.00572177 0.0675378 4.15284e-10 7.29857e-09 0.790844 0.135897 
0.08206 0.180796 0.00122407 0.0419242 0.121387 0.572608 
0.0193884 0.0245242 0.000802476 0.00310019 0.0498707 0.902314 
0.00196574 0.296704 5.30911e-06 3.02895e-05 0.0460196 0.655275 
0.0375284 0.00918191 7.23584e-06 0.0027346 0.0123922 0.938156 
0.293578 0.0825043 0.000741888 0.0816106 0.0981472 0.443418 
0.118606 0.0748472 4.79841e-05 0.00159573 0.0411629 0.76374 
0.110445 0.0250872 5.3141e-07 0.000584894 0.139105 0.724777 
0.00656598 0.586211 9.05139e-11 1.86754e-10 0.0211747 0.386049 
0.0166922 0.611173 0.00180792 0.0385952 0.0626492 0.269082 
0.697116 0.000178772 3.40175e-05 4.14095e-05 0.0697259 0.232904 
0.0213848 0.0143374 8.71402e-07 2.62281e-05 0.0516763 0.912574 
0.00698575 0.0369822 1.42876e-08 0.00133313 0.724357 0.230342 
0.00242332 0.938784 4.05366e-07 4.92157e-05 0.0200466 0.0386966 
0.0946028 0.264841 2.99413e-07 0.00173452 0.0106371 0.628184 
0.0255686 0.237897 0.000106175 0.00351754 0.16007 0.57284 
0.0122223 0.22662 0.000105265 0.000846205 0.424331 0.335875 
0.0091421 0.151676 0.000329017 0.00036343 0.65661 0.18188 
0.00778904 0.082363 0.000571164 0.00287519 0.137552 0.76885 
0.00996933 0.000293713 5.09115e-09 2.4675e-08 0.00702242 0.982715 
0.0379493 0.248835 0.00127384 0.0294286 0.168724 0.513789 
0.0173922 0.0997813 1.32934e-05 0.000325992 0.538595 0.343893 
0.168293 0.193343 0.000115873 0.0123945 0.0574153 0.568438 
0.0259396 0.0227966 0.000176785 0.00061951 0.0340758 0.916392 
0.290776 0.0412222 5.71329e-05 0.00111261 0.357277 0.309555 
0.195286 0.00875046 0.000479684 0.00251465 0.0400775 0.752891 
0.0130091 0.47206 0.000587768 0.00133506 0.330175 0.182833 
0.00224628 0.295533 6.98712e-06 0.0169746 0.358457 0.326782 
0.396433 0.0502898 2.65411e-05 3.77016e-05 0.0935974 0.459616 
0.0250754 0.561278 5.23845e-05 0.000271545 0.186518 0.226804 
0.0156886 0.309427 0.0030821 0.113171 0.0198573 0.538774 
0.0475461 0.492919 2.51911e-05 0.0451072 0.373168 0.0412338 
0.00945795 0.0114529 1.48417e-06 1.4961e-06 0.813886 0.1652 
0.140493 0.0019558 6.42079e-06 0.000139848 0.226871 0.630534 
0.00185523 0.0113335 1.17605e-05 0.000117403 0.091018 0.895664 
0.00786185 0.043292 0.00748002 0.00985087 0.0632675 0.868248 
0.11202 0.0873918 0.000689148 0.00277213 0.0730597 0.724067 
0.106274 0.645881 1.34586e-05 0.000452593 0.0896069 0.157772 
0.00910345 0.00930904 0.000139969 0.65174 0.052499 0.277209 
0.000872574 0.0165591 4.53838e-06 2.06553e-05 0.18849 0.794053 
0.042697 0.0929285 0.00051583 0.0292759 0.0493128 0.78527 
0.0606523 0.352278 4.0252e-07 0.00315913 0.545019 0.0388912 
0.0280059 0.0432763 1.33855e-05 4.73045e-05 0.0872881 0.841369 
0.00538074 0.0373537 0.000151461 0.000167686 0.349865 0.607082 
0.21012 0.00780167 9.45055e-05 0.00193262 0.0501531 0.729898 
0.904321 0.0936232 1.17407e-06 0.000682464 9.47861e-05 0.00127725 
0.0134879 0.181176 0.000727663 0.0026734 0.0813727 0.720562 
0.0112014 0.0700858 7.11565e-05 0.00208463 0.813882 0.102675 
0.516139 0.151634 2.7859e-07 5.62012e-07 0.321832 0.0103946 
0.0357699 0.0164644 0.000149281 0.000266323 0.0627795 0.884571 
0.0191141 0.0819539 2.07302e-05 0.0069806 0.0572748 0.834656 
0.0223471 0.137906 2.33576e-05 7.96568e-05 0.062501 0.777143 
0.0508046 0.34242 1.96142e-06 0.000154798 0.108679 0.49794 
0.00505087 0.0220493 0.000103722 0.000120503 0.140454 0.832222 
0.00744327 0.68076 3.3145e-09 2.26027e-06 0.0491262 0.262668 
0.00351359 0.838794 5.04969e-07 2.06012e-06 0.0363239 0.121366 
0.0536201 0.078632 0.00139897 0.00145454 0.66208 0.202815 
0.000483946 0.0861403 4.43602e-08 9.15266e-08 0.781289 0.132087 
0.00910345 0.00930904 0.000139969 0.65174 0.052499 0.277209 
0.0351484 0.270762 0.000599795 0.00432871 0.17134 0.517821 
0.697116 0.000178772 3.40175e-05 4.14095e-05 0.0697259 0.232904 
0.697116 0.000178772 3.40175e-05 4.14095e-05 0.0697259 0.232904 
0.000615592 0.000883297 6.01073e-07 0.00585319 0.139726 0.852921 
5.65959e-05 0.190158 2.04364e-09 0.180403 6.43105e-07 0.629382 
0.0665341 0.153126 4.33524e-05 9.71617e-05 0.0685131 0.711687 
0.697116 0.000178772 3.40175e-05 4.14095e-05 0.0697259 0.232904 
3.01935e-06 0.999461 1.48534e-06 4.02175e-06 0.00012948 0.000400525 
0.697116 0.000178772 3.40175e-05 4.14095e-05 0.0697259 0.232904 
0.0328176 0.700074 8.35849e-07 0.00723029 0.175205 0.084672 
0.12247 0.0990606 1.4961e-11 7.84087e-07 0.000995749 0.777472 
0.00183953 0.286533 2.78262e-07 0.000107114 0.173051 0.53847 
0.0537381 0.0640467 0.00574668 0.0124562 0.0515059 0.812506 
0.00242587 0.130074 6.89374e-05 0.000158501 0.39516 0.472113 
0.120349 0.0293224 0.00279446 0.00356065 0.685449 0.158525 
0.00639814 0.573461 0.00449972 0.370604 0.0169425 0.0280943 
0.0196435 0.0921112 0.00457945 0.00808114 0.0480889 0.827496 
0.677575 0.0316716 0.000178702 0.0010002 0.0288998 0.260674 
0.0077317 0.273085 0.000118151 0.000132117 0.0538818 0.665051 
0.048997 0.00930811 4.59278e-05 0.000149903 0.0406821 0.900817 
0.0128804 0.00502266 1.43049e-05 8.69016e-05 0.0489843 0.933011 
0.0146671 0.0383773 8.71294e-05 0.00109475 0.244278 0.701496 
0.0125971 0.357717 0.000405431 0.00282427 0.0999201 0.526536 
0.115268 0.0429325 0.000992051 0.0105974 0.201691 0.628519 
0.000704505 0.51694 3.66603e-05 0.00411252 0.288062 0.190144 
0.0184021 0.740215 4.17283e-05 7.15149e-05 0.0446358 0.196633 
0.107243 0.485604 7.11291e-08 1.46758e-07 0.0522656 0.354888 
0.0167223 0.089237 3.59736e-06 0.0943982 0.249837 0.549802 
1.03312e-05 0.277196 7.57209e-06 1.92979e-05 0.513891 0.208876 
0.0747848 0.592063 0.00234751 0.0516431 0.0292207 0.249941 
0.697116 0.000178772 3.40175e-05 4.14095e-05 0.0697259 0.232904 
0.0129616 0.00346425 6.36934e-05 0.000199591 0.00406056 0.97925 
0.111784 0.0255902 0.00296448 0.00431213 0.11327 0.742078 
0.00642432 0.182897 0.000211571 0.000449131 0.465011 0.345007 
0.00527596 0.991238 1.28801e-07 2.65749e-07 0.000808491 0.00267756 
0.0891241 0.0149127 6.7076e-05 0.00516163 0.0921276 0.798607 
0.697116 0.000178772 3.40175e-05 4.14095e-05 0.0697259 0.232904 
0.0200266 0.0460564 0.000143506 0.00182364 0.727751 0.204198 
0.0145388 0.00714587 4.52657e-05 0.000581008 0.0142558 0.963433 
2.4081e-05 0.624179 4.29558e-09 2.53098e-05 0.000118339 0.375653 
0.0218248 0.270619 0.00112841 0.00180006 0.166652 0.537976 
0.00307092 0.350606 8.49696e-05 0.000198872 0.00398829 0.642051 
0.0181204 0.00848424 8.52782e-05 0.000192836 0.251037 0.72208 
0.168549 0.000913474 9.19195e-08 0.000219344 0.0296487 0.80067 
0.00426109 0.0174227 9.01059e-07 1.14497e-05 0.144261 0.834043 
0.0108895 0.84088 1.71811e-06 4.53972e-05 0.0224876 0.125696 
0.495473 0.059727 0.00019243 0.00358556 0.0440415 0.396981 
0.0669782 0.0443839 0.000270494 0.000401614 0.242023 0.645943 
0.00129213 0.68044 0.000204781 0.000628486 0.0909614 0.226473 
0.00227332 0.00522949 1.17202e-07 1.29229e-07 0.970187 0.0223099 
0.0136818 0.401194 0.0022698 0.0912405 0.114469 0.377146 
0.00552917 0.343602 1.34065e-09 6.45454e-05 0.0985626 0.552242 
0.000719457 0.245535 5.09562e-07 0.00149325 0.0703554 0.681896 
0.0289643 0.105729 5.107e-05 0.000125625 0.653406 0.211724 
0.286572 0.00270135 7.01018e-06 2.24956e-05 0.0487178 0.661979 
0.0328218 0.483993 0.00021573 0.000657808 0.194464 0.287848 
0.68645 0.00979027 0.000370669 0.00242043 0.0480334 0.252935 
0.0246941 0.0475398 0.000245653 0.00225248 0.725356 0.199912 
0.490036 0.00635667 8.03764e-09 0.00114177 0.000594592 0.501871 
0.00138148 0.00988137 0.00070156 0.494566 0.313926 0.179544 
0.0012503 0.67285 0.000183221 0.000393419 0.109882 0.215441 
0.697116 0.000178772 3.40175e-05 4.14095e-05 0.0697259 0.232904 
0.0328176 0.700074 8.35849e-07 0.00723029 0.175205 0.084672 
0.0230432 0.469009 0.000415172 0.000591615 0.0987046 0.408237 
0.00799087 0.534879 7.24025e-06 1.05312e-05 0.130721 0.326392 
0.0302473 0.0418964 0.000131879 0.0588315 0.0455606 0.823332 
0.00563997 0.012487 1.83352e-05 0.000134584 0.00166771 0.980052 
0.143831 0.0593184 0.00359911 0.00566672 0.0642893 0.723296 
0.0653563 0.0196702 0.000198344 0.000437183 0.00284422 0.911494 
0.359896 2.14316e-08 1.76741e-11 1.49548e-07 9.60441e-08 0.640103 
