0.0129655 0.0146197 3.60533e-05 0.00022084 0.0853422 0.886816 
0.00117547 0.000842635 1.60721e-09 3.69086e-06 0.00963681 0.988341 
0.0352699 0.020227 4.56908e-05 0.000190122 0.155857 0.78841 
0.129219 0.0104479 0.000173576 0.000357313 0.0218803 0.837922 
0.797746 0.114868 5.27847e-05 7.83737e-05 0.020813 0.0664419 
0.0700888 0.0657742 0.000179891 0.000558898 0.0102447 0.853154 
0.0101019 0.943643 7.66095e-06 1.3673e-05 0.00647343 0.0397602 
0.0542895 0.116359 0.000424353 0.00338477 0.191352 0.63419 
0.967539 0.00993438 1.59191e-05 2.80289e-05 0.00427686 0.0182059 
0.040314 0.00201876 2.39972e-05 5.45196e-05 0.030086 0.927503 
0.0918147 0.00753779 6.33875e-05 0.000316834 0.100979 0.799289 
0.0262906 0.00515798 4.2135e-05 5.31048e-05 0.0105848 0.957871 
0.00919329 0.703125 9.80454e-05 0.000566999 0.137087 0.149929 
0.0471387 0.0251549 7.77027e-08 0.00106599 0.289424 0.637216 
0.00112207 0.0018837 2.11696e-05 0.00054779 0.0870805 0.909345 
0.0440096 0.052982 0.00401768 0.00621121 0.0313918 0.861388 
0.0437272 0.459019 6.79755e-06 8.37359e-05 0.0511164 0.446047 
0.287119 0.00603984 0.000188386 0.000594167 0.0416715 0.664387 
0.010392 0.0126433 2.57155e-07 9.02454e-06 0.108136 0.86882 
0.0834322 0.0506619 0.0106095 0.0337397 0.0991995 0.722357 
0.721444 0.00378635 6.00853e-06 7.80614e-05 0.121443 0.153243 
0.326846 0.0451193 0.000123088 0.013433 0.349977 0.264501 
0.528096 0.00115342 4.37841e-05 0.000104834 0.0030531 0.467549 
0.00891875 0.224449 6.58414e-05 0.00527373 0.120532 0.640761 
0.697116 0.000178772 3.40175e-05 4.14095e-05 0.0697259 0.232904 
0.0041011 0.00446136 0.000409638 0.00708773 0.918038 0.0659021 
0.215749 0.00919611 7.58526e-05 0.000138158 0.136252 0.638588 
0.0436284 0.44212 4.51377e-06 0.000130293 0.0341622 0.479955 
0.697116 0.000178772 3.40175e-05 4.14095e-05 0.0697259 0.232904 
0.0189894 0.0287273 7.40045e-07 0.180599 0.00191296 0.76977 
0.000486359 0.869867 4.24052e-06 0.0410164 0.00621237 0.0824139 
0.00318845 0.0440771 0.000298951 0.000481729 0.0178368 0.934117 
2.55808e-06 0.0121489 3.15662e-12 6.51294e-12 0.420623 0.567225 
0.120095 0.0341624 0.000214545 0.000247787 0.138875 0.706405 
0.055172 0.210916 0.000260467 0.00156305 0.121206 0.610882 
0.00905985 0.588961 1.96123e-08 9.60194e-05 0.32494 0.0769425 
0.154725 0.00316219 4.22704e-05 0.000580939 0.0401847 0.801305 
0.052424 0.0221054 0.000147912 0.0046752 0.128567 0.792081 
0.0945369 0.0312372 0.000434064 0.0149723 0.0559068 0.802913 
0.00949579 0.278469 1.32889e-05 0.0160475 0.0154883 0.680486 
0.00714716 0.00175879 6.75987e-09 2.37094e-05 0.0399515 0.951119 
0.00365946 0.854446 9.10153e-06 0.000803309 0.0860894 0.0549929 
0.0488744 0.18219 0.000902313 0.260141 0.0237351 0.484157 
0.107034 0.0434748 0.000191078 0.00110751 0.0183415 0.829851 
0.0274162 0.0298928 0.00102505 0.0492224 0.753142 0.139302 
0.0832062 0.429003 5.26661e-07 1.08664e-06 0.27493 0.212859 
0.232909 0.0903154 0.000847204 0.0155973 0.0915846 0.568746 
0.0209782 0.0108002 5.52379e-05 0.00010323 0.039603 0.92846 
0.0170253 0.839544 0.000614583 0.0246099 0.00477218 0.113434 
0.00424308 0.0484755 4.9719e-05 0.00118298 0.0193613 0.926687 
0.0159433 0.0117157 7.8793e-05 0.00122859 0.0406828 0.930351 
0.0141523 0.0329103 4.42998e-07 7.58078e-07 0.162825 0.790111 
0.036417 0.0148193 7.1839e-05 0.000123531 0.04499 0.903578 
0.00100405 0.000473739 1.16871e-12 5.30733e-09 0.988746 0.00977668 
0.00892697 0.0228068 3.3273e-05 0.00621991 0.020683 0.94133 
0.0148378 0.046035 4.64969e-11 0.0075827 0.401181 0.530364 
0.0534912 0.0404445 0.000201131 0.00121343 0.135201 0.769449 
0.154691 0.0139561 0.00110724 0.00269284 0.0495524 0.778 
0.0169878 0.243658 0.000628296 0.00068822 0.010657 0.727381 
0.0269538 0.214619 0.000270784 0.00190999 0.474361 0.281885 
0.0162563 0.439753 0.000122036 0.000125855 0.283403 0.26034 
0.492679 0.000696792 8.86653e-05 0.00435492 0.027913 0.474268 
0.00044264 0.0138658 3.4569e-08 2.34783e-06 0.0478654 0.937824 
0.161071 0.0213902 0.000164102 0.000331865 0.0275377 0.789505 
0.00508805 0.00881373 2.82415e-05 0.000149789 0.0617171 0.924203 
0.0774439 0.00391083 3.80259e-05 0.000452341 0.0450254 0.873129 
0.0647021 0.0228241 3.37898e-05 0.000139557 0.0178963 0.894404 
0.0105613 0.307333 1.03033e-10 1.57133e-05 0.0349925 0.647097 
0.761257 0.00932159 2.09335e-08 4.97701e-06 0.0341202 0.195296 
0.0293897 0.0766619 0.00102482 0.00574169 0.69006 0.197122 
0.0283167 0.00579311 2.32585e-11 6.79072e-08 0.00884336 0.957047 
0.0678319 0.110563 0.000468624 0.000565087 0.435332 0.385239 
0.0141717 0.00470394 5.44138e-05 8.44673e-05 0.175582 0.805403 
0.0211128 0.0291642 3.67623e-08 8.03595e-08 0.002343 0.94738 
0.000880553 0.0335136 8.31412e-06 0.000714404 0.0357574 0.929126 
0.0570623 0.00357577 8.55472e-09 0.0132693 0.188821 0.737271 
0.00288201 0.45134 7.94735e-05 0.0117806 0.408087 0.12583 
0.00875245 0.024233 0.0003472 0.0698881 0.816668 0.0801113 
0.023105 0.307631 7.87476e-05 0.000121706 0.253481 0.415583 
0.0684449 0.0039069 7.52467e-05 0.000478634 0.0200464 0.907048 
3.31266e-06 0.964787 1.47761e-06 0.00700154 6.36158e-06 0.0281999 
0.697116 0.000178772 3.40175e-05 4.14095e-05 0.0697259 0.232904 
0.00223513 0.572117 1.32755e-06 0.000585828 0.246843 0.178219 
0.0047557 1.11623e-07 5.31261e-12 1.09613e-11 0.0129171 0.982327 
0.697116 0.000178772 3.40175e-05 4.14095e-05 0.0697259 0.232904 
0.0165705 0.0162324 0.000531213 0.0704487 0.0917162 0.804501 
0.0222729 0.564969 3.64408e-05 0.00743432 0.225342 0.179944 
0.00605131 0.0235063 0.000264866 0.000827261 0.0014016 0.967949 
0.340781 0.226683 0.00013757 0.00382282 0.0426011 0.385975 
0.00673833 0.833259 4.95116e-06 4.21493e-05 0.0580008 0.101955 
0.697116 0.000178772 3.40175e-05 4.14095e-05 0.0697259 0.232904 
0.000747015 0.997382 2.01167e-08 4.15061e-08 0.000527094 0.00134334 
0.886303 0.0923014 7.82104e-07 0.000694777 0.00928961 0.0114109 
0.139392 0.149151 2.11768e-06 2.87622e-06 0.32748 0.383973 
0.0228332 0.147581 0.000968205 0.0360091 0.0365846 0.756024 
0.189356 0.45222 0.00289061 0.0333711 0.0484084 0.273754 
0.011632 0.135847 9.13587e-05 0.0154487 0.00574434 0.831237 
0.349533 0.40507 0.00106701 0.0182089 0.0514195 0.174702 
0.00162958 0.000654697 1.10298e-07 2.70107e-05 0.954806 0.0428825 
0.21881 0.319456 1.32008e-05 5.85691e-05 0.0789573 0.382705 
0.180785 0.0542891 9.19289e-05 0.00148459 0.186143 0.577207 
0.0488282 0.000670932 3.55689e-05 0.000300893 0.884284 0.0658808 
0.0807317 0.0360447 0.00119257 0.00449108 0.090211 0.787329 
0.0807487 0.00648224 1.84636e-05 0.0122345 0.0594038 0.841112 
0.0108349 0.711964 0.00101119 0.00131205 0.150678 0.1242 
0.048762 0.060372 3.76981e-05 0.00791375 0.0020003 0.880914 
0.034127 0.00893767 8.76684e-06 4.74186e-05 0.559885 0.396994 
0.697116 0.000178772 3.40175e-05 4.14095e-05 0.0697259 0.232904 
0.0117918 0.604949 0.000666595 0.0194805 0.143061 0.220051 
0.20598 0.0134869 0.000142424 0.000644626 0.047125 0.732621 
0.0181793 0.194396 0.000106035 0.00380504 0.328939 0.454574 
0.0385244 0.00228952 0.000140284 0.000306519 0.934896 0.0238435 
0.403844 0.00508387 5.23271e-06 0.00233557 0.0292091 0.559522 
0.00240664 0.0237552 6.59917e-05 0.00957188 0.137309 0.826891 
0.369275 0.00823076 8.93296e-06 0.00638476 0.00130886 0.614792 
0.0279638 0.196235 2.79904e-09 0.027824 0.0454559 0.702521 
0.00116505 0.437452 4.42414e-05 8.21096e-05 0.138724 0.422532 
0.0551663 0.022758 0.000136493 0.00037178 0.401906 0.519661 
0.000456679 0.201111 1.89113e-10 3.9019e-10 0.721431 0.0770022 
0.0124897 0.279254 0.00333564 0.0128025 0.262691 0.429428 
0.00414273 0.0434612 0.000240369 0.000573641 0.00168293 0.949899 
0.000253843 0.083166 5.26118e-09 1.61741e-05 0.789106 0.127458 
0.0227255 0.00617036 5.35517e-05 0.00101982 0.0119232 0.958108 
0.0185107 0.410961 4.03789e-05 0.0138117 0.240666 0.31601 
0.000329647 0.00236734 2.99313e-13 6.42327e-09 0.0011012 0.996202 
0.0580804 0.179408 0.000310211 0.0704402 0.515437 0.176324 
0.0245609 0.0117657 1.51691e-05 0.00111754 0.865227 0.097314 
0.018879 0.000728014 2.29169e-05 4.37536e-05 0.00360499 0.976721 
0.00365946 0.854446 9.10153e-06 0.000803309 0.0860894 0.0549929 
0.00159746 0.00182265 8.38002e-06 0.000251158 0.951722 0.0445988 
0.556213 0.0310923 0.000179508 0.000482362 0.0797165 0.332317 
0.0255267 0.183568 0.00453093 0.0138889 0.0402994 0.732187 
0.0125801 0.0490554 0.000147291 0.000196464 0.808458 0.129563 
0.000136242 0.0304633 4.26206e-06 9.86968e-05 0.675545 0.293752 
0.0163058 0.260737 0.000855644 0.0415982 0.231915 0.448589 
0.00467579 0.00707153 1.63256e-08 8.85674e-06 0.228867 0.759377 
0.0031297 0.546503 0.000183494 0.00043865 0.242153 0.207593 
0.168549 0.000913474 9.19195e-08 0.000219344 0.0296487 0.80067 
0.0207668 0.542538 0.000675182 0.000762922 0.294387 0.140871 
0.212387 0.642109 0.00342512 0.026617 0.00828444 0.107178 
0.000987806 0.00210265 7.29492e-10 1.50513e-09 0.751204 0.245705 
0.00138633 5.33987e-05 4.21688e-09 8.26112e-06 0.0166202 0.981932 
0.0201587 0.0331221 0.0017186 0.00470009 0.82255 0.11775 
0.00103889 0.0551905 0.000165567 0.000242784 0.0796727 0.86369 
0.0433567 0.0389551 6.02909e-07 0.000482775 0.487996 0.429209 
0.0445546 0.0854249 0.00148889 0.375415 0.00558453 0.487532 
0.00271027 0.940931 0.00105818 0.00346624 0.00606813 0.0457662 
0.589055 0.0928113 0.000144758 0.0337481 0.0877505 0.196491 
0.0234242 0.00580023 9.1427e-08 2.46266e-05 0.0150103 0.955741 
0.697116 0.000178772 3.40175e-05 4.14095e-05 0.0697259 0.232904 
0.00220003 0.182635 2.62791e-07 0.00216279 0.0374777 0.775525 
0.00173017 0.039957 3.44647e-09 1.66982e-08 0.0348308 0.923482 
0.0617029 0.030056 0.000621313 0.728618 0.0461157 0.132886 
0.0392885 0.0210182 0.000587538 0.0012989 0.144134 0.793673 
0.0405533 0.0310512 1.83816e-06 0.00259129 0.00293981 0.922863 
0.002053 0.102522 7.39635e-07 2.02942e-05 0.0451069 0.850297 
0.1316 0.0144077 3.14855e-05 0.0373364 0.497354 0.31927 
0.0944901 0.00541094 1.43393e-08 2.60705e-08 0.00859256 0.891506 
0.0817287 0.00109728 3.32552e-10 6.86141e-10 0.0246928 0.892481 
0.479721 0.0761693 0.000273308 0.00171277 0.0901804 0.351943 
0.0409986 0.0238492 6.50479e-05 0.000393072 0.0661275 0.868567 
0.0136818 0.401194 0.0022698 0.0912405 0.114469 0.377146 
0.0171755 0.0545242 0.000119906 0.000304563 0.680297 0.247578 
0.000947884 0.0258277 4.38775e-08 3.56094e-05 0.193413 0.779776 
0.232326 0.00587434 0.0001243 0.000169164 0.0834447 0.678062 
0.183956 0.651541 7.86421e-05 0.0047646 0.119663 0.0399963 
0.000216848 0.919896 1.51546e-05 0.000938258 0.00175043 0.0771828 
0.0774439 0.00391083 3.80259e-05 0.000452341 0.0450254 0.873129 
0.0868727 0.146234 0.0100245 0.626302 0.0189633 0.111604 
0.0896064 0.0942172 0.000234637 0.00107378 0.431273 0.383595 
0.0324108 0.0198035 0.00107941 0.00143114 0.059727 0.885548 
0.00860215 0.306146 4.79922e-08 5.03748e-05 0.164489 0.520713 
0.0422904 0.0177622 0.000423644 0.0785426 0.10194 0.759041 
0.375869 0.0191753 7.83196e-05 0.000516168 0.049495 0.554867 
0.697116 0.000178772 3.40175e-05 4.14095e-05 0.0697259 0.232904 
0.00881344 0.173942 0.000270955 0.00232476 0.641824 0.172825 
0.0041036 0.21882 1.23741e-06 9.83146e-05 0.205432 0.571545 
0.000312082 0.574427 5.16617e-05 0.000164054 0.295446 0.1296 
0.469513 0.00143772 1.89386e-07 2.29974e-07 0.00345685 0.525592 
0.0276898 0.0108574 0.000374796 0.119261 0.684067 0.15775 
0.271466 0.0315382 0.000930647 0.00182607 0.0137884 0.680451 
0.0189083 0.0773245 0.0012168 0.00195363 0.79946 0.101137 
0.0151119 0.159246 0.000233786 0.00322412 0.0772516 0.744933 
0.00412304 0.002049 7.65469e-12 1.57936e-11 0.887277 0.106551 
0.0459116 0.0568912 0.000458502 0.00120092 0.106106 0.789431 
0.0757396 0.0814561 3.32855e-05 4.36843e-05 0.47813 0.364598 
0.0136818 0.401194 0.0022698 0.0912405 0.114469 0.377146 
3.90661e-06 7.15305e-07 3.40442e-11 7.09444e-09 0.00136591 0.998629 
0.0303778 0.0672231 7.94485e-06 2.35447e-05 0.0199901 0.882377 
0.0235392 0.00495251 1.22485e-05 0.0114701 0.00879372 0.951232 
0.0144839 0.0391427 1.6779e-05 6.22969e-05 0.00262857 0.943666 
0.0439975 0.0539482 0.000539541 0.0103944 0.0739506 0.81717 
0.0246725 0.0674595 0.000699464 0.001779 0.690563 0.214827 
0.0128901 0.108207 0.000467226 0.000620934 0.611016 0.266799 
0.0792044 0.00670596 0.000205771 0.00630947 0.00898301 0.898591 
0.0142227 0.369021 0.00036705 0.239513 0.10274 0.274136 
0.0331149 0.0129379 0.000123886 0.000152849 0.0851908 0.86848 
0.0298995 0.028032 0.000230132 0.000233307 0.258695 0.68291 
0.00910345 0.00930904 0.000139969 0.65174 0.052499 0.277209 
0.154522 0.351216 3.1434e-05 0.0740271 0.138089 0.282115 
0.156203 0.178596 1.71356e-07 0.132352 0.252436 0.280413 
0.042505 0.243135 0.000489268 0.0768861 0.0169242 0.62006 
0.00385596 0.00778079 0.000327011 0.000741048 0.0257485 0.961547 
0.15888 0.0139883 0.000136772 0.00187427 0.00448312 0.820638 
0.0105613 0.307333 1.03033e-10 1.57133e-05 0.0349925 0.647097 
0.166378 0.0117419 2.08819e-05 0.00139827 0.0132407 0.80722 
0.0471925 0.359071 0.00168209 0.0191686 0.104211 0.468674 
0.00109668 0.00424553 2.97148e-06 0.000135472 0.110441 0.884078 
0.00699135 0.145666 8.43967e-05 0.000988673 0.252375 0.593894 
0.023383 0.555216 0.00273746 0.003141 0.108703 0.306819 
0.0277289 0.38687 0.00179345 0.00437339 0.0337341 0.545501 
0.00716186 0.0406663 6.17998e-05 6.74289e-05 0.679587 0.272456 
0.0305319 0.234496 9.47349e-06 4.9162e-05 0.173609 0.561304 
0.000880553 0.0335136 8.31412e-06 0.000714404 0.0357574 0.929126 
0.0137503 0.0491075 0.000197179 0.000461689 0.035584 0.900899 
0.012664 0.00290943 8.28623e-08 7.35414e-05 0.896122 0.0882307 
0.00899168 0.58337 0.00020002 0.000782068 0.251417 0.155239 
0.0225911 0.636586 0.00324787 0.00930906 0.170216 0.15805 
0.0165182 0.305917 7.49199e-06 0.000817711 0.159322 0.517417 
0.0135621 0.567241 0.000962418 0.246878 0.00759327 0.163764 
0.009269 0.283734 0.00407808 0.0221256 0.0192637 0.66153 
0.133087 0.0329947 0.00051233 0.0266767 0.0599213 0.746808 
0.227943 0.00143766 0.000135381 0.000494744 0.268852 0.501137 
0.00240664 0.0237552 6.59917e-05 0.00957188 0.137309 0.826891 
0.00365946 0.854446 9.10153e-06 0.000803309 0.0860894 0.0549929 
0.0126634 0.0383248 0.000115445 0.000129539 0.757215 0.191551 
0.0588476 0.0360813 0.000259972 0.00249943 0.105305 0.797007 
0.0249925 0.0927689 0.00238045 0.00910562 0.0456962 0.825056 
0.00263171 0.230097 8.7029e-08 0.000277885 0.662526 0.104468 
0.00443356 0.677107 9.91801e-05 0.000307389 0.205007 0.113046 
0.00222647 0.879761 1.29197e-05 0.00038057 0.0210954 0.096524 
0.0157608 0.554437 0.000678935 0.0194219 0.242001 0.1677 
0.0436919 0.185511 0.00129067 0.00163844 0.0118828 0.755985 
0.0499581 0.0105126 0.000103093 0.716105 0.0527274 0.170594 
0.0529129 0.556865 0.000518655 0.00106516 0.0725228 0.316116 
0.00450816 0.00514981 0.000285539 0.00508791 0.919261 0.0657076 
0.0123775 0.682279 0.00057378 0.00464231 0.201208 0.0989187 
0.00670489 0.0132274 4.5813e-05 0.000132815 0.0226635 0.957226 
0.00116505 0.437452 4.42414e-05 8.21096e-05 0.138724 0.422532 
0.0179068 0.142046 0.00333508 0.112121 0.0413566 0.683234 
0.00171184 0.365357 0.00029179 0.0012406 0.0641626 0.567236 
0.0184681 0.781517 6.33906e-05 0.0267718 0.00849496 0.164685 
0.0045374 0.0172145 7.20742e-05 0.000183704 0.135285 0.842707 
0.0316176 0.0382125 0.000497524 0.00125559 0.0935632 0.834854 
0.706729 0.0010651 6.06135e-10 0.000456064 0.17485 0.1169 
0.00223077 0.0864914 7.43535e-12 4.67379e-05 0.531718 0.379513 
0.105761 0.89423 1.26201e-09 2.60385e-09 7.4711e-07 8.23316e-06 
0.697116 0.000178772 3.40175e-05 4.14095e-05 0.0697259 0.232904 
0.0199524 0.117324 0.000108293 0.00816531 0.423251 0.431199 
0.0166258 0.088367 9.24589e-06 0.000159337 0.149482 0.745357 
0.0198892 0.0229091 0.00297927 0.03655 0.0416617 0.876011 
0.0255267 0.0588809 2.25418e-05 0.000186079 0.658339 0.257044 
0.00249556 0.73301 0.000379073 0.000425462 0.10768 0.15601 
0.00316724 0.602051 0.000762107 0.00132674 0.213516 0.179177 
0.0193503 0.35264 0.00235362 0.124518 0.119865 0.381273 
0.0085684 0.0390971 6.69248e-05 0.000138294 0.371185 0.580944 
0.00693016 0.342532 0.000490444 0.000983485 0.0878446 0.561219 
0.0204484 0.44126 6.80571e-05 0.00481422 0.203968 0.329441 
0.0623553 0.0308547 0.000810575 0.00190043 0.143373 0.760706 
0.0204864 0.107319 0.000149061 0.0155907 0.0366514 0.819804 
0.028372 0.173447 0.00028579 0.00479776 0.0284082 0.764689 
0.00146906 0.701203 1.26061e-05 3.57615e-05 0.00712839 0.290151 
0.00109106 0.0656986 0.00105538 0.528961 0.0987962 0.304398 
0.0430438 0.392427 0.000236611 0.000424768 0.224916 0.338952 
0.0438356 0.0333325 0.00620529 0.00975049 0.805064 0.101812 
0.0681176 0.0371003 0.000507356 0.012126 0.056638 0.825511 
0.697116 0.000178772 3.40175e-05 4.14095e-05 0.0697259 0.232904 
0.00237827 0.694942 1.31567e-10 2.71458e-10 0.255162 0.0475179 
0.043582 0.322344 0.000383538 0.00606153 0.111021 0.516608 
0.0347366 0.655158 0.000387873 0.00485466 0.0029913 0.301871 
0.000277118 5.7675e-05 5.56151e-09 4.01501e-06 0.999188 0.000473382 
0.0564944 0.00201573 3.76256e-09 0.000368428 0.0836423 0.857479 
0.0540104 0.0768594 0.000793924 0.00634249 0.0927373 0.769256 
0.000608664 0.0476568 1.67102e-05 0.00173689 0.145378 0.804603 
0.0113208 0.767777 0.00342778 0.00456728 0.0293066 0.183601 
0.0137872 0.533451 0.000202391 0.000549101 0.188608 0.263402 
0.44259 0.280108 0.000205282 0.000261252 0.0741576 0.202677 
0.0552986 0.184576 0.00199985 0.0303996 0.0362384 0.691488 
0.0111935 0.020919 0.000275667 0.00299114 0.02502 0.939601 
0.0169585 0.059458 0.00171347 0.0179104 0.077705 0.826255 
0.000406279 0.455926 3.67286e-06 3.90356e-05 0.40599 0.137635 
0.0792044 0.00670596 0.000205771 0.00630947 0.00898301 0.898591 
0.0020994 0.000297149 6.47917e-10 2.39896e-07 0.617705 0.379898 
0.007732 0.984502 5.19547e-06 2.52808e-05 0.000722012 0.00701366 
0.102075 0.0101139 0.000140528 0.00215085 0.0297099 0.85581 
0.0566784 0.367886 0.000596437 0.00168918 0.143266 0.429884 
0.00367864 0.00468274 2.25298e-05 8.65568e-05 0.0243107 0.967219 
0.00442484 0.657296 4.95272e-08 0.0556885 0.101235 0.181355 
0.0144449 0.0597496 8.79147e-05 0.00981953 0.00928526 0.906613 
0.0451108 0.0857832 0.0004298 0.00531263 0.472978 0.390386 
0.00427382 0.279769 3.15609e-05 0.000300858 0.323442 0.392182 
0.0292504 0.0298432 0.000723878 0.00119197 0.147242 0.791748 
0.0100721 0.31501 0.000354294 0.00102535 0.479537 0.194002 
0.715263 0.00140792 1.11693e-05 0.0035737 0.0433899 0.236355 
0.0138342 0.236784 0.000158784 0.00706496 0.540848 0.201311 
0.000216848 0.919896 1.51546e-05 0.000938258 0.00175043 0.0771828 
0.718254 0.0828467 1.08386e-07 3.50586e-05 0.00954074 0.189324 
0.895781 0.000571552 3.29505e-07 7.55343e-05 0.0111241 0.0924479 
0.000900771 0.011771 1.85645e-05 0.000220163 0.114237 0.872852 
0.697116 0.000178772 3.40175e-05 4.14095e-05 0.0697259 0.232904 
0.0117423 0.112444 2.69595e-08 0.000892902 0.728974 0.145947 
0.0757319 0.187175 6.88206e-08 7.39233e-05 0.31706 0.419959 
0.0306575 0.0701738 0.00344082 0.00575113 0.0526467 0.83733 
0.101267 0.580122 1.25272e-06 0.00108343 0.0391505 0.278376 
0.945219 0.00139795 4.96605e-10 1.10071e-07 0.00821985 0.0451633 
0.00385596 0.00778079 0.000327011 0.000741048 0.0257485 0.961547 
0.16171 0.000402591 1.1661e-08 0.000122729 0.000426208 0.837338 
0.00339969 0.00627853 6.9186e-05 0.000435884 0.0892322 0.900585 
0.00181083 0.0328944 2.57287e-05 2.92323e-05 0.0187378 0.946502 
0.000788256 5.41056e-07 5.42262e-08 1.49835e-06 0.0351029 0.964107 
0.00444032 0.0225418 5.23879e-06 4.5795e-05 0.892158 0.0808092 
5.32379e-06 0.00407081 1.35545e-06 3.74529e-05 0.0540594 0.941826 
0.516139 0.151634 2.7859e-07 5.62012e-07 0.321832 0.0103946 
0.308835 0.260585 0.000617616 0.018405 0.217141 0.194416 
0.00656237 0.647917 0.000255536 0.0205881 0.039775 0.284902 
0.00365946 0.854446 9.10153e-06 0.000803309 0.0860894 0.0549929 
0.0047557 1.11623e-07 5.31261e-12 1.09613e-11 0.0129171 0.982327 
0.000327546 0.00735099 4.07299e-07 2.18833e-05 0.00104094 0.991258 
0.0269538 0.214619 0.000270784 0.00190999 0.474361 0.281885 
0.00522412 0.842865 0.000210014 0.00170889 0.0234782 0.126514 
0.013643 0.00299597 1.01082e-05 5.89988e-05 0.158489 0.824803 
0.026724 0.0633081 1.75465e-05 0.00338342 0.123324 0.783243 
0.00965505 0.682637 0.00281188 0.0756775 0.149604 0.0796149 
0.0537381 0.0640467 0.00574668 0.0124562 0.0515059 0.812506 
0.0022754 0.0166135 8.0336e-06 9.49195e-05 0.110786 0.870222 
0.0441015 0.0568882 1.68472e-05 6.5298e-05 0.533817 0.365111 
0.697116 0.000178772 3.40175e-05 4.14095e-05 0.0697259 0.232904 
0.00814123 0.00133174 2.79874e-05 6.52795e-05 0.053616 0.936818 
0.0171136 0.0102392 0.000583041 0.00084034 0.0180001 0.953224 
0.00675397 0.474037 8.85375e-05 0.00752729 0.352798 0.158795 
0.131855 0.0252691 0.000168248 0.000285146 0.0444693 0.797953 
0.0522964 0.0291743 2.09621e-05 0.000874685 0.685871 0.231762 
0.00364286 0.0118252 0.000347834 0.00567028 0.92439 0.0541239 
0.0170343 0.0386675 1.30531e-05 0.000725235 0.340971 0.602589 
0.0047557 1.11623e-07 5.31261e-12 1.09613e-11 0.0129171 0.982327 
0.0175789 0.158115 2.17627e-06 6.75208e-06 0.0226734 0.801624 
0.00111564 0.00241362 2.58995e-09 3.25153e-06 0.184738 0.81173 
0.180224 0.00792526 0.000173546 0.000453456 0.0171505 0.794073 
0.0451349 0.691598 0.000503709 0.00148582 0.123716 0.137562 
0.000770293 0.000305189 1.21146e-08 1.29271e-06 0.990762 0.0081616 
0.00123061 0.880214 7.89626e-08 1.62921e-07 0.0744395 0.0441151 
0.0873251 0.223995 0.000689281 0.00242361 0.051536 0.634031 
0.662526 0.217634 2.98383e-05 0.000877155 0.045753 0.0731802 
0.0806486 0.0171809 0.000102638 0.000161743 0.0928111 0.809095 
0.0400199 0.0145388 0.000147486 0.00464476 0.0267083 0.913941 
0.0174727 0.00129171 1.3443e-09 0.000118292 0.0913053 0.889812 
0.0347268 0.615849 0.000206533 0.000229642 0.0241332 0.324855 
0.0397232 0.189582 0.00262016 0.00533791 0.0684901 0.694246 
0.0619387 0.0093398 0.000134799 0.00035419 0.0882822 0.83995 
0.0344266 0.122808 0.000307319 0.00123116 0.144214 0.697013 
0.314174 0.00723204 0.00023008 0.00252439 0.0468132 0.629026 
0.059746 0.0668623 1.99906e-05 2.62375e-05 0.310722 0.562624 
0.464893 0.00690023 0.000142024 0.000198803 0.0109796 0.516887 
0.040314 0.00201876 2.39972e-05 5.45196e-05 0.030086 0.927503 
0.00415837 0.0127088 0.000406735 0.00132572 0.880426 0.100974 
0.000563642 0.00265019 1.80329e-06 0.00742055 0.245469 0.743894 
0.000574943 0.000722544 2.76145e-09 2.62725e-08 0.0048914 0.993811 
0.00670974 0.0046049 8.94325e-07 0.00370436 0.200524 0.784456 
0.00137063 0.0495003 0.000141198 0.00500997 0.0691593 0.874819 
0.252259 0.0147562 6.84639e-06 0.000221724 0.0206079 0.712148 
0.102976 0.145641 3.29598e-05 0.000319386 0.157184 0.593847 
0.00347612 0.0015937 8.21603e-12 1.69518e-11 0.90757 0.0873602 
0.00770747 0.737533 0.000286047 0.00276743 0.126131 0.125575 
0.358629 0.0514304 4.19582e-05 0.000754871 0.300776 0.288367 
0.00123028 0.498333 0.000126148 0.000239067 0.083193 0.416878 
0.0630745 0.00541718 2.67714e-08 1.499e-07 0.266997 0.664511 
0.697116 0.000178772 3.40175e-05 4.14095e-05 0.0697259 0.232904 
0.0855757 0.0312283 1.13977e-07 0.000649846 0.0981452 0.784401 
0.0304788 0.595124 9.86572e-07 6.56682e-05 0.0310328 0.343297 
0.0047557 1.11623e-07 5.31261e-12 1.09613e-11 0.0129171 0.982327 
0.0114303 0.364391 5.7516e-05 0.0255203 0.151003 0.447598 
0.157944 0.00301596 1.00242e-05 0.000132761 0.0813794 0.757518 
0.0117858 0.0141619 5.46685e-05 0.000400532 0.101575 0.872022 
0.245954 0.752975 4.63664e-05 0.000119214 0.000230967 0.000674349 
0.104255 0.00958016 0.000108206 0.000481985 0.0782036 0.807371 
0.00529933 0.658295 0.000784436 0.0080582 0.0941635 0.2334 
0.00996933 0.000293713 5.09115e-09 2.4675e-08 0.00702242 0.982715 
0.697116 0.000178772 3.40175e-05 4.14095e-05 0.0697259 0.232904 
0.00240664 0.0237552 6.59917e-05 0.00957188 0.137309 0.826891 
0.0386015 0.0314566 0.000336735 0.00049279 0.106854 0.822258 
0.00203613 0.109042 3.59491e-06 7.55908e-05 0.326999 0.561844 
0.697116 0.000178772 3.40175e-05 4.14095e-05 0.0697259 0.232904 
0.0241778 0.0191163 0.00021282 0.000575969 0.635181 0.320736 
0.0047557 1.11623e-07 5.31261e-12 1.09613e-11 0.0129171 0.982327 
0.00501655 0.00160701 1.06707e-11 2.20164e-11 0.00150279 0.991874 
0.0669914 0.13798 0.000189417 0.0012144 0.444922 0.348703 
0.138294 0.0185756 4.34326e-09 3.63142e-05 0.261699 0.581395 
0.0390553 0.632861 0.000644064 0.000893624 0.0139265 0.312619 
0.0355743 0.0607301 0.000269325 0.00140344 0.255406 0.646617 
0.0384333 0.122781 0.000591128 0.00327273 0.0422791 0.792643 
0.0564917 0.0434924 1.7117e-05 0.000367607 0.0848069 0.814824 
0.925022 0.0245078 1.14972e-05 0.000111782 0.0121584 0.0381887 
0.0400847 0.605693 1.39175e-05 0.0442944 0.132447 0.177467 
0.00642432 0.182897 0.000211571 0.000449131 0.465011 0.345007 
0.126173 0.138145 0.000930429 0.00305014 0.0600378 0.671664 
0.000442638 0.0011894 5.86773e-10 2.88781e-09 0.0483633 0.950005 
0.0283232 0.170154 2.49759e-05 0.000646024 0.354809 0.446043 
0.04284 0.039378 3.68414e-05 0.000588686 0.220457 0.696699 
0.337259 0.315711 9.00618e-06 3.21892e-05 0.000188073 0.346801 
0.00427897 0.799156 6.87809e-06 2.20191e-05 0.0116022 0.184934 
0.098253 0.0149732 0.00406228 0.0323302 0.0864239 0.763958 
0.0176222 0.0718149 0.00478186 0.654173 0.0167025 0.234905 
0.0369126 0.25703 0.00119034 0.0398666 0.157868 0.507133 
0.0478375 0.0759449 0.00104785 0.00109571 0.47933 0.394744 
0.0105602 0.465387 0.000384723 0.00339287 0.0335341 0.486741 
0.570798 0.155412 8.32268e-06 2.87762e-05 0.0484147 0.225338 
0.100764 0.0638286 1.63845e-07 0.000753608 0.185502 0.649151 
0.00103448 0.0645226 2.54778e-06 0.0268371 0.218102 0.689501 
0.000386382 0.996432 0.000171824 0.000205649 0.000742495 0.00206156 
0.0589616 0.39588 0.000145027 0.000275618 0.144651 0.400087 
0.149611 0.0207442 9.79729e-05 0.00250126 0.0507466 0.776299 
0.00454833 0.926885 4.72898e-11 9.75713e-11 0.0574485 0.0111185 
0.00515118 0.0040867 1.48521e-11 1.31086e-05 0.972322 0.018427 
0.0971378 0.0350805 0.00762845 0.0138202 0.0942507 0.752082 
0.0531776 0.0350479 0.000133591 0.0014562 0.582141 0.328044 
0.000220303 0.0049823 2.62393e-09 7.25003e-08 0.182981 0.811816 
0.0265261 0.00790963 0.000364902 0.000391101 0.855506 0.109302 
0.153142 0.0122071 4.35245e-06 3.48654e-05 0.0921459 0.742466 
0.0140179 0.0150749 3.40623e-05 0.00126175 0.00649635 0.963115 
0.0133358 0.316721 0.00172265 0.0044253 0.0758129 0.587982 
0.035306 0.00520047 6.49915e-05 0.000121972 0.0913697 0.867937 
0.153028 0.447947 0.000495208 0.00385797 0.200684 0.193987 
0.0149632 0.0977822 0.000146509 0.000489496 0.210239 0.676379 
0.164305 0.0259026 6.25456e-05 0.00029677 0.212639 0.596794 
0.697116 0.000178772 3.40175e-05 4.14095e-05 0.0697259 0.232904 
0.00276435 0.00492627 1.84096e-07 4.42161e-05 0.126958 0.865307 
0.0020994 0.000297149 6.47917e-10 2.39896e-07 0.617705 0.379898 
0.697116 0.000178772 3.40175e-05 4.14095e-05 0.0697259 0.232904 
0.0418572 0.288573 0.00244182 0.166432 0.204802 0.295894 
0.0155389 0.0543655 4.18628e-05 0.00228019 0.11455 0.813223 
0.0252763 0.0421215 6.63278e-05 6.67463e-05 0.0505508 0.881918 
0.445382 0.13942 0.000875091 0.00109625 0.0766765 0.33655 
0.0717892 0.0168108 2.82583e-05 0.000652883 0.0403022 0.870417 
0.0036473 0.00209209 2.59538e-09 5.35495e-09 0.891154 0.103106 
0.000839899 0.636749 4.88504e-07 0.00914301 0.149673 0.203595 
0.237944 0.218481 0.000121891 0.000348303 0.0513237 0.491781 
0.0493157 0.134393 0.000351555 0.00115917 0.0343592 0.780421 
0.00650498 0.00509698 0.000611581 0.0121499 0.871981 0.103655 
0.127404 0.567111 1.49209e-07 2.00036e-06 0.155225 0.150258 
0.0553871 0.430854 0.000593125 0.0100109 0.0829101 0.420244 
0.000216848 0.919896 1.51546e-05 0.000938258 0.00175043 0.0771828 
0.0190912 0.111201 0.000222343 0.00746636 0.675197 0.186822 
0.0746931 0.555347 2.87936e-06 6.16884e-06 0.242751 0.1272 
0.0262549 0.00353215 2.72098e-05 0.000367165 0.120842 0.848977 
0.0327493 0.579269 0.00246385 0.110896 0.0379044 0.236717 
0.00987566 0.636901 0.00061538 0.0612339 0.0882669 0.203107 
0.591813 0.0153369 0.000582141 0.00463765 0.0311357 0.356494 
6.56803e-05 0.465826 6.93474e-06 3.7697e-05 0.097954 0.43611 
0.0203085 0.0104605 1.65965e-05 0.000415211 0.0379048 0.930894 
0.016055 0.0686425 0.0010709 0.00154309 0.122223 0.790465 
0.269488 0.111562 0.0236291 0.15068 0.111053 0.333588 
0.000443147 0.0440148 0.000110355 0.000131582 0.000418046 0.954882 
0.0433567 0.0389551 6.02909e-07 0.000482775 0.487996 0.429209 
0.00039077 0.826771 8.16809e-05 0.0300032 0.0361699 0.106584 
0.0730291 0.0462529 0.000399671 0.00145555 0.0568869 0.821976 
0.0115067 0.0240593 1.02984e-05 2.27069e-05 0.0529507 0.91145 
0.262087 0.0937629 0.000115713 0.0042997 0.135744 0.503991 
0.0231561 0.0353586 0.000649465 0.000742443 0.113965 0.826128 
0.0077314 0.00846545 0.000133775 0.673106 0.0563672 0.254196 
0.0951983 0.0275562 3.62186e-08 1.36564e-07 0.117837 0.759408 
0.0444276 0.0385399 0.000110174 0.00103849 0.0647686 0.851115 
0.0453268 0.00376969 1.07503e-06 0.000181596 0.169494 0.781226 
0.00320682 0.0504135 0.00012644 0.0020198 0.0195663 0.924667 
0.0070748 0.111736 9.58909e-05 0.000329452 0.201959 0.678804 
0.0296022 0.00923089 5.03534e-05 9.87828e-05 0.0640549 0.896963 
0.697116 0.000178772 3.40175e-05 4.14095e-05 0.0697259 0.232904 
0.0663924 0.443893 0.0011938 0.0141402 0.190227 0.284154 
0.0107878 0.217011 2.93556e-05 6.78467e-05 0.149015 0.623088 
0.0184059 0.736316 0.00183181 0.0243499 0.0108291 0.208268 
0.0774439 0.00391083 3.80259e-05 0.000452341 0.0450254 0.873129 
0.09144 0.0886862 0.000116545 0.103664 0.00430375 0.711789 
0.0277417 0.131832 0.000244145 0.00154794 0.09621 0.742424 
0.449596 0.0246303 0.00845086 0.0356039 0.0921647 0.389554 
0.697116 0.000178772 3.40175e-05 4.14095e-05 0.0697259 0.232904 
0.00588459 0.228425 0.00115474 0.0822245 0.0834442 0.598867 
0.00179177 0.751665 5.84923e-06 3.63464e-05 0.0767426 0.169758 
0.0128266 0.0327602 0.000116322 0.000832721 0.0180176 0.935447 
0.0211909 0.0909034 0.000114282 0.00029775 0.0973244 0.790169 
0.0123427 0.000891505 1.06052e-10 1.67866e-07 0.00211944 0.984646 
0.00491053 0.0215484 7.16477e-05 0.000232199 0.074313 0.898924 
0.0389863 0.0727057 0.000194204 0.00872688 0.133414 0.745972 
0.0598668 0.00654455 3.51257e-05 4.41989e-05 0.258184 0.675325 
0.0995803 0.0363575 0.000172886 0.00439955 0.0798701 0.77962 
0.348054 0.00281675 8.75009e-06 0.0397709 0.219241 0.390109 
0.697116 0.000178772 3.40175e-05 4.14095e-05 0.0697259 0.232904 
0.00246884 0.818477 2.8127e-07 9.43741e-05 0.0333641 0.145595 
0.0669871 0.00854208 9.37819e-06 7.71593e-05 0.156492 0.767892 
0.00192547 0.00057397 3.48581e-12 5.46674e-08 0.997441 5.95313e-05 
0.083213 0.28733 6.3034e-05 0.0024818 0.205223 0.421689 
0.556107 0.034574 0.0024037 0.0045221 0.077354 0.32504 
0.0385335 0.0574995 0.00411781 0.00603772 0.0468957 0.846916 
0.384311 0.0964017 8.14328e-06 2.01293e-05 0.245864 0.273395 
0.833227 0.0188273 1.34343e-06 3.23531e-05 0.0113605 0.136551 
0.319766 0.00451966 3.37625e-05 0.00290184 0.00409964 0.668679 
0.0214462 0.669604 0.000805645 0.00117168 0.132633 0.17434 
0.100641 0.725346 1.08355e-05 0.00123466 0.0018116 0.170956 
0.123532 0.00249319 2.08526e-08 1.89548e-05 0.0150925 0.858863 
0.0956799 0.0213737 9.86195e-05 0.000353635 0.0708455 0.811649 
0.000770293 0.000305189 1.21146e-08 1.29271e-06 0.990762 0.0081616 
0.0256406 0.0177484 0.000105463 0.000127987 0.157814 0.798563 
0.00952376 0.0690853 4.51441e-05 0.000838042 0.819381 0.101127 
0.00766211 8.61833e-07 3.53855e-11 7.30095e-11 0.883645 0.108692 
0.000216848 0.919896 1.51546e-05 0.000938258 0.00175043 0.0771828 
0.0466699 0.0208661 0.00015392 0.000165615 0.0351442 0.897 
0.0368513 0.00179987 4.91092e-09 6.23598e-09 0.0413859 0.919963 
0.0257003 0.0522445 0.00182655 0.00183742 0.251002 0.66739 
0.0165345 0.00481017 2.64034e-06 0.0001446 0.0445125 0.933996 
0.0168997 0.0539436 1.60956e-05 0.014454 0.0164215 0.898265 
0.0368763 0.000446988 8.42831e-07 1.13651e-05 0.0124197 0.950245 
0.0219467 0.00532166 1.42419e-07 7.01818e-05 0.0199717 0.95269 
0.00270382 0.0880148 0.000280744 0.00189089 0.0391856 0.867924 
0.229955 0.00523458 4.47338e-06 0.0388362 0.0271375 0.698832 
0.000941637 0.00501559 0.000161709 0.000360784 0.930637 0.0628835 
0.0220402 0.0525495 3.15817e-08 1.07915e-05 0.0727799 0.85262 
0.0539169 0.139079 0.00128823 0.575567 0.00835578 0.221793 
0.00204924 0.121177 3.94982e-05 0.000474336 0.693775 0.182484 
0.127472 0.0230814 0.00183203 0.0321731 0.0232519 0.79219 
0.0134202 0.00716747 6.95969e-06 0.0845865 0.78438 0.110438 
0.0159433 0.0117157 7.8793e-05 0.00122859 0.0406828 0.930351 
0.0047557 1.11623e-07 5.31261e-12 1.09613e-11 0.0129171 0.982327 
0.0191141 0.0819539 2.07302e-05 0.0069806 0.0572748 0.834656 
0.0147005 0.132699 5.58752e-05 0.00014562 0.0211004 0.831298 
0.025186 0.0150889 1.43553e-05 2.21419e-05 0.191659 0.76803 
0.0223471 0.137906 2.33576e-05 7.96568e-05 0.062501 0.777143 
0.00121619 0.927771 1.93666e-06 3.14654e-05 0.000815993 0.0701632 
0.185723 0.00177218 6.38158e-05 0.000178617 0.794487 0.0177754 
0.0998145 0.305145 0.00802839 0.0114868 0.0256358 0.54989 
0.0116753 0.571976 0.000294023 0.0108846 0.208217 0.196953 
0.00218288 0.0455363 1.62871e-05 7.0855e-05 0.647192 0.305002 
0.00100405 0.000473739 1.16871e-12 5.30733e-09 0.988746 0.00977668 
0.697116 0.000178772 3.40175e-05 4.14095e-05 0.0697259 0.232904 
0.0114555 0.934746 4.08131e-05 0.000164263 0.0480601 0.00553363 
0.115619 0.0420681 0.000458705 0.00427763 0.0470031 0.790574 
0.0402621 0.0776513 0.000505484 0.0305561 0.0160194 0.835006 
0.0355743 0.0607301 0.000269325 0.00140344 0.255406 0.646617 
0.00414621 0.0451121 1.89375e-05 0.000335905 0.749233 0.201154 
0.171368 0.0489321 2.69082e-05 0.000140557 0.676724 0.102808 
0.0117625 0.525478 7.25045e-10 1.49596e-09 0.108542 0.354218 
0.697116 0.000178772 3.40175e-05 4.14095e-05 0.0697259 0.232904 
0.0461422 0.0237728 0.000762519 0.0931956 0.284425 0.551702 
0.0612207 0.270812 0.000465094 0.00403338 0.122743 0.540726 
0.00364286 0.0118252 0.000347834 0.00567028 0.92439 0.0541239 
0.00186896 0.800427 0.000878429 0.00196708 0.0442363 0.150622 
0.0606921 0.33729 0.00125703 0.139125 0.0177101 0.443926 
0.059746 0.0668623 1.99906e-05 2.62375e-05 0.310722 0.562624 
0.0174511 0.75776 0.00790178 0.0765056 0.0555309 0.0848506 
0.0399895 0.0394762 0.00154073 0.00172062 0.631475 0.285798 
0.0164685 0.61449 2.28737e-05 0.000156749 0.177857 0.191005 
0.0284084 0.518492 1.31647e-06 0.0121198 0.0222504 0.418728 
0.0015799 0.126958 1.58074e-07 8.18484e-06 0.0161023 0.855351 
0.00103312 0.2985 2.43743e-05 0.0047185 0.0830215 0.612703 
0.0183374 0.0513641 6.2226e-11 1.29672e-08 0.00303328 0.927265 
0.0907686 0.0721608 0.00467658 0.0136625 0.0537799 0.764952 
0.469752 0.00430786 2.95663e-08 1.36652e-07 0.0200604 0.50588 
0.143315 0.00288551 6.45062e-05 0.000385012 0.012265 0.841085 
0.112004 0.0133548 3.73173e-06 0.000334274 0.509959 0.364344 
0.00466394 0.023942 1.92625e-05 2.9998e-05 0.257443 0.713902 
0.011341 0.0380436 0.000495976 0.00265121 0.0250598 0.922408 
0.0757396 0.0814561 3.32855e-05 4.36843e-05 0.47813 0.364598 
0.0288017 0.00265096 4.52882e-09 6.71636e-07 0.058043 0.910504 
0.00235833 0.0402324 4.75869e-06 8.06982e-06 0.495663 0.461734 
0.0288096 0.000133505 5.13191e-05 0.000140493 0.0909769 0.879888 
0.0328176 0.700074 8.35849e-07 0.00723029 0.175205 0.084672 
0.00365946 0.854446 9.10153e-06 0.000803309 0.0860894 0.0549929 
0.0469586 0.698529 1.827e-05 0.000102469 0.0358852 0.218506 
0.0492512 0.00379489 2.63041e-05 2.78662e-05 0.0929056 0.853994 
0.0125971 0.357717 0.000405431 0.00282427 0.0999201 0.526536 
0.107243 0.485604 7.11291e-08 1.46758e-07 0.0522656 0.354888 
0.4581 0.120663 2.21918e-05 0.000752665 0.0477491 0.372713 
0.00569309 0.915422 6.41954e-07 3.21399e-06 0.0134132 0.0654677 
0.0743129 0.0133821 0.000220828 0.000262104 0.0052397 0.906582 
0.03377 0.594627 0.0017169 0.00222793 0.0933392 0.274319 
0.0431565 0.01828 0.000343162 0.000526308 0.0330893 0.904605 
0.0511493 0.0216337 0.00020651 0.0360167 0.0352582 0.855736 
0.093033 0.00203719 0.000659502 0.00302916 0.114288 0.786953 
0.00894355 0.0751844 0.000292098 0.0497601 0.124548 0.741272 
0.0448364 0.00859866 1.03013e-08 7.07058e-07 0.830186 0.116378 
0.0136818 0.401194 0.0022698 0.0912405 0.114469 0.377146 
0.0169667 0.809202 0.00106602 0.00256536 0.0150623 0.155137 
0.177805 0.177934 0.000333604 0.00741914 0.10858 0.527928 
0.177896 0.00766573 0.00012593 0.000145944 0.0947864 0.71938 
2.13444e-06 0.00471897 8.87748e-07 2.06064e-05 0.845234 0.150023 
0.068735 0.0359538 0.00533505 0.100268 0.68877 0.100938 
0.239111 0.00206141 6.8948e-05 0.000677126 0.0232912 0.734791 
0.0359352 0.728295 0.00166399 0.00648902 0.0245565 0.20306 
0.0102762 0.00765848 1.0726e-06 1.24211e-06 0.409619 0.572444 
0.00224209 0.0209897 1.78168e-08 7.17259e-06 0.268627 0.708134 
0.0162862 0.109519 0.000103277 0.00154155 0.412913 0.459637 
0.00399801 0.0771432 0.000225085 0.000883118 0.00532217 0.912428 
0.402859 0.261997 3.90012e-06 0.00142933 0.0157941 0.317917 
0.00847583 0.0291637 3.5703e-06 0.00668878 0.895803 0.0598652 
0.00998548 0.750369 7.33833e-07 0.00030514 0.0175116 0.221828 
0.847594 0.00036984 1.64001e-10 2.98167e-05 0.102773 0.0492335 
0.0246179 0.467953 3.70977e-05 5.90289e-05 0.192747 0.314586 
0.4038 0.0129251 0.00176349 0.0111358 0.101968 0.468407 
0.00416837 0.0703659 0.000770191 0.00688786 0.82606 0.0917475 
0.697116 0.000178772 3.40175e-05 4.14095e-05 0.0697259 0.232904 
0.00563997 0.012487 1.83352e-05 0.000134584 0.00166771 0.980052 
0.0179227 0.0711286 4.26776e-05 0.00203206 0.688504 0.22037 
0.00718382 0.847463 0.00371264 0.00989839 0.0106126 0.121129 
0.0537381 0.0640467 0.00574668 0.0124562 0.0515059 0.812506 
0.0269886 0.0645021 0.00014646 0.000229012 0.749782 0.158352 
0.00447875 0.01122 1.49885e-08 1.58298e-07 0.0677098 0.916591 
0.173606 0.00994291 0.000127859 0.00173827 0.00164213 0.812943 
0.0451782 0.0240993 2.51166e-05 0.00041923 0.0195271 0.910751 
0.0168624 0.0333432 1.95187e-05 7.09452e-05 0.155265 0.794439 
0.00654855 0.773024 0.000191988 0.000946509 0.124513 0.0947756 
0.0424216 0.488048 0.00013093 0.00302762 0.0330915 0.43328 
0.161071 0.0213902 0.000164102 0.000331865 0.0275377 0.789505 
0.0109012 0.0129707 0.000276159 0.00306439 0.181033 0.791754 
0.697116 0.000178772 3.40175e-05 4.14095e-05 0.0697259 0.232904 
0.00371857 0.0299129 6.39622e-07 1.35106e-06 0.147404 0.818963 
0.0430785 0.0471846 3.5209e-06 7.89801e-05 0.288742 0.620912 
0.304788 0.483447 0.000711648 0.0212488 0.0233127 0.166492 
0.00382027 0.805352 1.39624e-05 0.000464833 0.107194 0.0831552 
0.200608 0.405305 2.35652e-08 1.49356e-05 0.225516 0.168555 
0.000419416 0.0801638 0.000148873 0.0569243 0.160936 0.701408 
0.0617029 0.030056 0.000621313 0.728618 0.0461157 0.132886 
0.00086998 0.00121461 2.88196e-08 1.42579e-05 0.325612 0.672289 
0.227271 0.0153947 0.000130493 0.000540232 0.00278776 0.753876 
0.00300526 0.707254 6.91362e-06 5.09757e-05 0.136662 0.153022 
0.239111 0.00206141 6.8948e-05 0.000677126 0.0232912 0.734791 
0.00393866 0.0101555 1.76793e-06 1.40259e-05 0.968332 0.0175586 
0.000341187 0.0848215 0.00023385 0.000532143 0.480945 0.433127 
0.000126368 0.127951 2.08882e-06 0.158452 0.0742625 0.639206 
0.149873 0.00211296 1.7298e-05 0.000236851 0.0593909 0.788369 
0.0989027 0.0049989 0.00150652 0.00944229 0.0425388 0.842611 
0.120472 0.528171 0.00121871 0.00573591 0.150946 0.193456 
0.578611 0.03815 0.000174925 0.0038724 0.0729463 0.306246 
0.0117928 0.0268511 0.00119155 0.00246018 0.0590648 0.89864 
0.0242819 0.0162661 5.68927e-05 0.00128202 0.473736 0.484377 
0.0453268 0.00376969 1.07503e-06 0.000181596 0.169494 0.781226 
0.0123858 0.138128 0.000156557 0.000288058 0.0360905 0.812951 
0.00220488 0.463491 0.000149799 0.0402533 0.16449 0.329411 
0.00764811 0.0167984 0.000132975 0.000315029 0.881308 0.0937972 
0.528096 0.00115342 4.37841e-05 0.000104834 0.0030531 0.467549 
0.1531 0.194115 0.00335141 0.00609824 0.0122493 0.631086 
0.10664 0.0247296 1.23426e-05 0.000498495 0.00669511 0.861425 
0.00411138 0.00275431 0.000670063 0.0123487 0.899873 0.0802426 
