0.00315226 0.163056 0.665897 6.08303e-05 0.10681 0.0610236 
0.0215704 0.314742 0.000249764 1.15934e-08 0.455944 0.207494 
0.00277392 0.65111 0.185057 4.42665e-08 0.142799 0.0182602 
0.000444708 0.00417516 0.000201684 3.42101e-06 0.952915 0.0422598 
0.059081 0.058753 0.000151981 9.37714e-05 0.166718 0.715203 
0.0133136 0.0850592 1.0103e-05 5.58507e-07 0.235366 0.666251 
0.968578 0.00757244 0.00168202 3.42183e-06 0.0119747 0.0101895 
0.0113701 0.0006057 5.9106e-05 3.64044e-07 0.176324 0.81164 
0.0218086 0.00814122 0.0417344 5.68366e-05 0.0156972 0.912562 
0.00065051 0.000763467 0.988519 1.11521e-07 0.000357614 0.00970932 
0.498893 0.00429598 2.2803e-06 2.98204e-07 0.27063 0.226178 
0.00016466 0.958915 2.76789e-05 7.04e-10 0.018889 0.0220038 
0.0550274 0.0234811 0.000468428 0.000103943 0.355083 0.565836 
0.0317159 0.261474 0.00418067 0.00306293 0.208787 0.490779 
0.0019167 0.0941074 3.17668e-09 1.41062e-09 0.870333 0.033643 
0.0744648 0.087033 0.0256059 0.000223305 0.0423732 0.7703 
0.00245028 0.000807056 1.26671e-05 9.7018e-06 6.28089e-05 0.996657 
0.0504012 0.0246651 0.00194153 0.000378389 0.123379 0.799235 
0.0273109 0.750383 0.000431618 0.000104831 0.0484475 0.173322 
0.0515705 0.0316607 0.000120581 1.4088e-06 0.032466 0.884181 
0.00786993 0.449786 0.00139513 0.000180077 0.0473224 0.493447 
0.1542 0.0197953 0.0324489 9.24898e-05 0.12642 0.667043 
0.0305805 0.0279295 0.00046992 2.73461e-05 0.0452137 0.895779 
0.0438072 0.164689 0.0104497 0.00193922 0.186981 0.592134 
0.0191039 0.105386 0.56313 0.00019961 0.0716748 0.240506 
0.0239958 0.0360334 0.00177872 2.05725e-06 0.770463 0.167727 
0.0641943 0.010407 0.00792266 0.0011348 0.0137857 0.902556 
0.676959 0.0156167 0.0580173 1.65531e-06 0.00926425 0.240141 
0.00157977 0.0352868 9.24515e-05 6.43805e-05 0.931637 0.03134 
7.35722e-08 0.00636874 2.92582e-08 6.42137e-12 0.0254413 0.96819 
0.112852 0.227039 0.0044297 5.87995e-09 0.136867 0.518811 
0.00296552 0.0316199 0.000586359 0.000278844 0.793499 0.17105 
0.00065051 0.000763467 0.988519 1.11521e-07 0.000357614 0.00970932 
0.123957 0.460657 0.000955306 0.000275595 0.154023 0.260132 
0.0128654 0.670595 0.00101323 0.000207952 0.0809301 0.234389 
0.899995 0.00281444 0.00116152 7.27247e-10 0.0676861 0.0283428 
0.020599 0.0203985 0.00014566 3.57152e-09 0.0423403 0.916517 
0.036162 0.050936 0.00294236 0.000396346 0.1149 0.794664 
0.00930595 0.361889 0.00386517 0.000588504 0.0572705 0.56708 
0.0664847 0.00907361 0.000105169 6.91311e-05 0.0604684 0.863799 
0.0692384 0.0136077 0.00636797 0.000317976 0.118594 0.791874 
0.0987315 0.0173656 0.0231482 0.00633872 0.0427372 0.811679 
0.0233285 0.0473068 0.000124693 5.69412e-05 0.816057 0.113126 
0.00065051 0.000763467 0.988519 1.11521e-07 0.000357614 0.00970932 
0.0484194 0.0861063 0.00491622 5.70213e-05 0.0989514 0.76155 
0.245363 0.248062 0.0197562 0.000278548 0.106069 0.380472 
0.00439733 0.686252 0.0829955 3.44784e-07 0.103063 0.123292 
0.0659751 0.0445926 5.63197e-05 2.53646e-05 0.21066 0.678691 
0.498893 0.00429598 2.2803e-06 2.98204e-07 0.27063 0.226178 
0.0885342 0.245431 0.0100715 2.2863e-05 0.0816972 0.574244 
0.00065051 0.000763467 0.988519 1.11521e-07 0.000357614 0.00970932 
0.012724 0.430445 0.0431026 1.725e-10 0.194569 0.31916 
0.000938289 0.0452532 2.38883e-09 7.70002e-13 0.210974 0.742834 
0.00065051 0.000763467 0.988519 1.11521e-07 0.000357614 0.00970932 
0.188635 0.0396399 0.00026147 2.23768e-05 0.0443241 0.727117 
0.414148 0.00277896 0.00378117 4.88257e-10 0.0187934 0.560499 
0.0467891 0.144721 0.00692986 0.00178059 0.0743666 0.725413 
0.498893 0.00429598 2.2803e-06 2.98204e-07 0.27063 0.226178 
0.00065051 0.000763467 0.988519 1.11521e-07 0.000357614 0.00970932 
0.00065051 0.000763467 0.988519 1.11521e-07 0.000357614 0.00970932 
0.0188699 0.0577289 0.000484442 2.05409e-09 0.85951 0.0634068 
0.397874 0.025832 0.16384 0.000354441 0.116667 0.295432 
0.00065051 0.000763467 0.988519 1.11521e-07 0.000357614 0.00970932 
0.143352 0.0601481 0.000476813 0.000308899 0.102329 0.693386 
0.00439733 0.686252 0.0829955 3.44784e-07 0.103063 0.123292 
0.0410539 0.846219 0.0310103 5.28242e-06 0.0515079 0.0302035 
4.98981e-05 0.812593 0.000163892 1.63493e-06 0.152875 0.0343174 
0.029714 0.313914 0.000178221 5.99302e-07 0.0463269 0.609867 
0.0121822 0.0629835 2.7862e-06 3.4248e-10 0.00811186 0.91672 
0.00065051 0.000763467 0.988519 1.11521e-07 0.000357614 0.00970932 
0.00273188 0.0244786 0.0014891 2.32999e-05 0.897662 0.073615 
0.0570747 0.1305 0.00102991 0.000105178 0.0177446 0.793545 
0.00514911 0.126455 0.000369642 0.000111978 0.24806 0.619854 
0.0254656 0.163422 0.000317773 0.00019315 0.276572 0.534029 
0.0948587 0.000193993 1.16691e-05 1.25279e-06 0.0167401 0.888194 
0.00482155 0.0137189 1.5913e-05 1.12697e-05 0.118237 0.863196 
0.00690057 0.0701969 0.00906035 4.30274e-05 0.0488144 0.864985 
0.00368023 0.00443473 3.29202e-05 8.96204e-07 0.938977 0.0528739 
0.0846032 0.0925403 0.00148582 0.000423572 0.666246 0.154701 
0.00065051 0.000763467 0.988519 1.11521e-07 0.000357614 0.00970932 
0.0277183 0.0538323 0.00562087 0.000130039 0.0581967 0.854502 
0.0470066 0.0713217 0.000306032 1.62038e-10 0.798451 0.082915 
0.00879152 0.0347621 3.10499e-05 4.84956e-07 0.0408334 0.915581 
0.372947 0.056503 1.05408e-07 1.54706e-08 0.0427515 0.527799 
0.000367941 0.0150218 1.18266e-05 1.45642e-10 0.0232624 0.961336 
0.0412939 0.234541 0.0526981 0.000470818 0.0112956 0.659701 
0.0138856 0.935778 0.000265956 6.3506e-07 0.0134836 0.0365865 
0.0665344 0.0424671 0.000372998 0.000262097 0.316158 0.574205 
0.026784 0.108114 0.00143773 0.000113155 0.7378 0.125752 
0.00270328 0.00329003 0.000223666 6.44917e-07 0.945831 0.0479509 
0.0372698 0.0489011 0.00266897 0.000181462 0.0670601 0.843919 
0.584049 0.00565222 0.00541154 2.07354e-07 0.0270928 0.377794 
0.0220473 0.247387 0.220809 0.00139564 0.0878058 0.420555 
0.0436745 0.0352718 0.00569194 0.00481663 0.718638 0.191908 
0.00065051 0.000763467 0.988519 1.11521e-07 0.000357614 0.00970932 
0.679782 0.00265152 0.00435231 1.12417e-07 0.0231207 0.290093 
0.013776 0.25525 0.0439437 2.72519e-06 0.00167903 0.685348 
0.0160791 0.0546215 0.0047686 0.000557916 0.770889 0.153084 
0.0708801 0.120425 0.00219332 0.000301035 0.118061 0.68814 
0.619633 0.101772 0.00891865 2.87272e-06 0.0476362 0.222037 
0.714123 0.0118498 0.0462526 1.64215e-05 0.025473 0.202285 
0.0128851 0.100196 0.000502008 4.48553e-06 0.0646367 0.821776 
0.00065051 0.000763467 0.988519 1.11521e-07 0.000357614 0.00970932 
0.108686 0.522051 0.0760495 0.000739389 0.0389282 0.253546 
7.9452e-05 0.8919 5.32485e-05 1.2903e-05 0.0459748 0.0619797 
0.00822624 0.0080509 0.000167386 2.77937e-05 0.0223667 0.961161 
0.209757 0.0535761 0.0453903 0.00138972 0.0702984 0.619588 
0.0433504 0.704454 0.0321109 0.00130489 0.0456386 0.173141 
0.0892157 0.399242 2.61581e-06 2.61498e-06 0.0120384 0.499499 
0.0219394 0.00149144 4.2687e-05 1.30708e-06 0.889538 0.0869871 
0.0935343 0.00448417 0.000639877 7.60274e-05 0.0752069 0.826059 
0.0053583 0.0151777 3.59297e-07 2.34631e-09 0.000377462 0.979086 
0.0296118 0.258462 0.00211236 0.000760352 0.475478 0.233575 
0.00957459 0.595182 0.0891247 1.19371e-05 0.0302277 0.275879 
0.00755528 0.000290402 1.12138e-05 3.60418e-10 0.910403 0.0817402 
0.00346894 0.0920887 0.000270601 3.17586e-05 0.771291 0.132849 
0.00065051 0.000763467 0.988519 1.11521e-07 0.000357614 0.00970932 
0.0118955 0.00943634 0.000218335 1.32704e-06 0.868732 0.109716 
0.0108589 0.0320949 0.000619358 1.74566e-05 0.0550013 0.901408 
0.709578 0.129002 0.00257794 4.63378e-07 0.0152952 0.143547 
0.0117984 0.380473 0.143516 0.0104982 0.0601217 0.393593 
0.415643 0.0577202 0.00046862 3.41888e-06 0.0410418 0.485123 
0.00065051 0.000763467 0.988519 1.11521e-07 0.000357614 0.00970932 
0.0410037 0.0148252 0.0140989 1.56104e-06 0.00716091 0.92291 
0.702494 0.00399625 0.0062636 1.5294e-10 0.0335317 0.253714 
0.00219162 0.783721 1.75489e-08 1.6139e-10 0.157014 0.0570734 
0.00065051 0.000763467 0.988519 1.11521e-07 0.000357614 0.00970932 
0.00567856 0.0456167 0.0148073 1.87236e-05 0.0556574 0.878221 
0.29983 0.102737 0.0197009 1.98549e-07 0.115739 0.461994 
0.0561807 0.0666619 0.000695079 8.06142e-06 0.512892 0.363562 
0.0530758 0.104758 0.00384622 0.000958492 0.125393 0.711969 
0.319449 0.0296312 0.0491733 1.1574e-05 0.000707829 0.601027 
0.00065051 0.000763467 0.988519 1.11521e-07 0.000357614 0.00970932 
0.256307 0.0268055 0.000118793 5.69898e-08 0.572416 0.144353 
0.00139705 0.613858 0.274973 0.000156673 0.0136103 0.0960058 
0.0226765 0.0479029 0.00529854 0.000414297 0.0929431 0.830765 
0.00895416 0.00895086 0.000284106 1.32782e-08 0.00409631 0.977715 
0.00065051 0.000763467 0.988519 1.11521e-07 0.000357614 0.00970932 
0.0557444 0.126951 7.37552e-05 2.78622e-05 0.211761 0.605441 
0.00495143 0.698123 0.224883 0.00383928 0.0166413 0.0515621 
0.491037 0.00568618 0.00586216 9.37699e-08 0.0311915 0.466223 
0.00065051 0.000763467 0.988519 1.11521e-07 0.000357614 0.00970932 
2.22842e-06 0.888927 1.13312e-06 4.20167e-07 0.051369 0.0597 
0.19503 0.582096 0.00800086 0.000181987 0.202391 0.0123003 
0.0402279 0.0670216 0.000160862 3.2664e-05 0.0813458 0.811211 
0.0305594 0.304131 0.0128491 2.99576e-05 0.0291101 0.62332 
8.84397e-06 0.996954 0.000707161 6.73453e-12 0.00232051 9.15605e-06 
0.000414265 0.0114488 1.80416e-05 3.88628e-10 0.970377 0.0177424 
0.0113119 0.479824 0.209933 1.0614e-05 0.0783451 0.220575 
0.165728 0.0867206 0.0160968 1.85195e-05 0.122897 0.608539 
0.0125648 0.0644008 0.445914 1.34381e-07 0.085174 0.391946 
0.00065051 0.000763467 0.988519 1.11521e-07 0.000357614 0.00970932 
0.168282 0.0142716 0.0101471 8.95223e-06 0.614963 0.192327 
0.461332 0.0119536 0.00205942 1.15033e-07 0.0467672 0.477888 
0.125154 0.0597901 0.00282995 7.54443e-05 0.0241738 0.787977 
0.000327664 0.59806 0.000375147 2.42861e-07 0.288835 0.112402 
0.00278254 0.0272202 0.000165467 3.2504e-05 0.00945649 0.960343 
0.00218598 0.144799 1.63053e-06 4.42266e-07 0.795947 0.0570664 
0.00351195 0.399974 0.00774974 0.000198953 0.360933 0.227633 
0.00162726 0.554096 6.77974e-05 2.24743e-05 0.0113882 0.432799 
0.0536955 0.00969711 7.56772e-06 1.37597e-06 0.314412 0.622186 
0.00273188 0.0244786 0.0014891 2.32999e-05 0.897662 0.073615 
0.00065051 0.000763467 0.988519 1.11521e-07 0.000357614 0.00970932 
0.519791 0.0495678 0.000378099 1.01597e-05 0.00272789 0.427526 
0.009814 0.0228538 0.000351849 0.000122463 0.0811407 0.885717 
0.00466595 0.00459687 0.000116005 2.55413e-05 0.934515 0.0560802 
0.106742 0.0276043 0.0516985 6.13204e-05 0.0435318 0.770362 
0.0326048 0.802816 0.000458334 0.000398377 0.0640242 0.0996979 
0.00279489 0.0498847 0.000231131 2.24306e-08 0.00257666 0.944513 
0.349912 0.00422093 0.00281903 0.000151172 0.169146 0.473752 
0.00084459 0.000675481 3.74608e-05 4.89522e-06 0.105276 0.893162 
0.00065051 0.000763467 0.988519 1.11521e-07 0.000357614 0.00970932 
0.00065051 0.000763467 0.988519 1.11521e-07 0.000357614 0.00970932 
0.968578 0.00757244 0.00168202 3.42183e-06 0.0119747 0.0101895 
0.00065051 0.000763467 0.988519 1.11521e-07 0.000357614 0.00970932 
0.102807 0.0137445 0.000795884 5.95827e-06 0.0392964 0.84335 
0.709578 0.129002 0.00257794 4.63378e-07 0.0152952 0.143547 
0.0793401 0.0175029 7.3863e-05 1.44996e-08 0.112413 0.79067 
0.0367138 0.0470749 0.0131319 0.000962003 0.0103859 0.891732 
0.199357 0.183866 0.00262751 0.000280823 0.259273 0.354595 
0.00129099 0.197819 0.098986 2.85182e-06 0.432324 0.269577 
0.0223673 0.0350814 0.306139 0.000109937 0.101503 0.534799 
0.00065051 0.000763467 0.988519 1.11521e-07 0.000357614 0.00970932 
0.00065051 0.000763467 0.988519 1.11521e-07 0.000357614 0.00970932 
0.00065051 0.000763467 0.988519 1.11521e-07 0.000357614 0.00970932 
0.0457702 0.0183877 0.00606025 0.00129435 0.0638497 0.864638 
0.0914611 0.255253 0.000676322 0.000135986 0.132433 0.520041 
0.0594813 0.0408734 0.0166038 0.000240477 0.036694 0.846107 
0.00947977 0.0848553 1.36757e-06 1.22195e-06 0.631108 0.274554 
0.166442 0.139974 0.0420188 0.000140197 0.035671 0.615754 
0.0162413 0.16606 0.034497 6.08898e-05 0.0176697 0.765471 
0.988874 0.00268545 8.8533e-06 2.85527e-07 0.00679746 0.00163402 
0.0263831 0.00563852 2.00465e-07 9.34873e-09 0.0555955 0.912383 
0.00065051 0.000763467 0.988519 1.11521e-07 0.000357614 0.00970932 
0.00065051 0.000763467 0.988519 1.11521e-07 0.000357614 0.00970932 
0.00495143 0.698123 0.224883 0.00383928 0.0166413 0.0515621 
0.0340431 0.00231931 0.000132693 7.05926e-06 0.0486562 0.914842 
0.0125856 0.00723183 0.00340976 4.38815e-05 0.487327 0.489402 
0.0348456 0.225496 0.0263773 0.00347727 0.0101168 0.699686 
0.813422 0.0287513 0.00333304 1.14141e-09 0.0957356 0.0587578 
0.00391005 0.880959 1.16648e-07 4.49389e-08 0.0183553 0.0967751 
0.00608303 0.0553272 2.57257e-06 1.87074e-07 0.343397 0.59519 
0.00354731 0.0115322 6.51859e-06 2.56918e-09 0.0178462 0.967068 
0.419938 0.0437897 0.00176153 0.00027761 0.0446181 0.489615 
0.0729894 0.00762966 0.00105618 7.16228e-05 0.15437 0.763883 
0.0170711 0.042135 0.623506 1.35135e-09 0.125029 0.192259 
0.0475415 0.0951057 0.0296359 0.000115122 0.319059 0.508542 
0.0253383 0.317714 0.206733 2.62297e-09 0.153964 0.296252 
0.00596242 0.0451123 5.34281e-05 3.86776e-05 0.17999 0.768844 
0.426036 0.0254675 0.480769 1.41205e-05 0.0252986 0.0424153 
0.150418 0.00358076 5.76529e-05 1.56514e-06 0.0975313 0.748411 
0.0759062 0.0280351 0.225852 8.53122e-08 0.0327305 0.637476 
0.38387 0.182832 0.0263731 2.70988e-06 0.005474 0.401448 
0.00369208 0.0274549 6.12631e-05 5.32374e-06 0.837986 0.1308 
0.00579562 0.57787 0.00112237 0.00022688 0.255483 0.159502 
0.0340431 0.00231931 0.000132693 7.05926e-06 0.0486562 0.914842 
0.000198014 0.103078 0.000261836 1.43245e-07 0.826908 0.0695537 
0.00386803 0.475937 0.00426427 4.16013e-05 0.0209158 0.494973 
0.00182287 0.799973 0.0448587 0.000908068 0.10261 0.0498274 
0.0010999 0.776727 0.000554537 6.42579e-07 0.0406271 0.180991 
0.0143288 0.00440491 0.132466 1.09262e-11 0.0561565 0.792644 
0.00065051 0.000763467 0.988519 1.11521e-07 0.000357614 0.00970932 
0.0125578 0.0753812 0.775597 8.92985e-06 0.0155025 0.120952 
0.000459491 0.661311 6.55905e-05 4.42997e-06 0.0439643 0.294195 
0.0492394 0.0200914 0.000123134 7.77422e-07 0.0114686 0.919077 
0.683239 0.00954367 0.00087331 3.46248e-08 0.0150105 0.291333 
0.0104494 0.168063 0.000798724 6.16472e-09 0.0272356 0.793454 
0.00065051 0.000763467 0.988519 1.11521e-07 0.000357614 0.00970932 
0.000444742 0.0074809 3.66856e-05 5.47316e-06 0.0591246 0.932908 
0.202116 0.00449082 0.00342214 5.53094e-06 0.0712193 0.718747 
0.00466595 0.00459687 0.000116005 2.55413e-05 0.934515 0.0560802 
8.84397e-06 0.996954 0.000707161 6.73453e-12 0.00232051 9.15605e-06 
0.0287071 0.0714611 0.00480844 0.00317097 0.401486 0.490366 
8.84397e-06 0.996954 0.000707161 6.73453e-12 0.00232051 9.15605e-06 
0.338709 0.0824804 0.00152368 2.86375e-05 0.1762 0.401059 
0.00065051 0.000763467 0.988519 1.11521e-07 0.000357614 0.00970932 
0.0985388 0.530976 0.00178426 5.38382e-07 0.0352753 0.333425 
0.00584941 0.273597 0.000124662 1.32708e-09 0.18456 0.535868 
0.0084832 0.466048 0.0287432 2.2144e-10 0.220526 0.276199 
0.00105935 0.780096 1.38451e-05 7.25267e-09 0.0414427 0.177388 
0.00065051 0.000763467 0.988519 1.11521e-07 0.000357614 0.00970932 
0.780065 0.163985 0.00700556 3.57335e-06 0.00863882 0.0403022 
0.021532 0.663281 6.89096e-05 2.81647e-05 0.174344 0.140746 
0.0774472 0.125426 0.0584673 0.00016365 0.173903 0.564593 
0.00065051 0.000763467 0.988519 1.11521e-07 0.000357614 0.00970932 
0.194023 0.0550612 0.0957974 3.19952e-05 0.0477203 0.607367 
0.0218173 0.0451102 0.00336621 1.04623e-05 0.479632 0.450064 
0.0236949 0.50222 0.003867 0.000552535 0.135343 0.334322 
0.0157514 0.0541796 0.0133415 0.000156996 0.0140666 0.902504 
0.00065051 0.000763467 0.988519 1.11521e-07 0.000357614 0.00970932 
0.00400408 0.0868548 2.66775e-05 4.3602e-06 0.0494849 0.859625 
0.00065051 0.000763467 0.988519 1.11521e-07 0.000357614 0.00970932 
0.00065051 0.000763467 0.988519 1.11521e-07 0.000357614 0.00970932 
0.00065051 0.000763467 0.988519 1.11521e-07 0.000357614 0.00970932 
0.00853367 0.590615 0.0455251 6.33207e-06 0.0854855 0.269834 
0.205774 0.000414557 3.58001e-08 3.33e-11 0.0244979 0.769313 
0.00392177 0.230717 0.0016021 0.000222756 0.159299 0.604237 
0.0133854 0.771498 0.00463536 5.5841e-06 0.0960155 0.11446 
0.167072 0.00692813 0.00691982 8.12667e-05 0.01015 0.808849 
0.522069 0.0193367 0.00380221 1.62973e-10 0.0121476 0.442645 
0.000849487 0.911105 0.000143389 5.94489e-05 0.0667617 0.0210813 
0.00895765 0.215486 0.0246862 7.25623e-05 0.56535 0.185447 
0.0021699 0.512707 0.00435442 4.40273e-05 0.00961233 0.471112 
0.0157706 0.00451194 0.000690703 0.00010943 0.0640682 0.914849 
0.867393 0.0100003 1.97247e-05 2.31421e-09 0.0299166 0.0926703 
0.0249705 0.00908507 2.51374e-05 5.3814e-07 0.0182318 0.947687 
0.00065051 0.000763467 0.988519 1.11521e-07 0.000357614 0.00970932 
0.0145132 0.244161 0.00500343 0.00017723 0.638485 0.0976603 
0.0113701 0.0006057 5.9106e-05 3.64044e-07 0.176324 0.81164 
0.0233525 0.019676 0.00365161 0.000118225 0.0310498 0.922152 
0.0268967 0.0587274 1.97516e-05 1.38606e-11 0.0312107 0.883145 
0.0198562 0.0269824 0.000420649 5.71612e-05 0.130998 0.821686 
0.0208214 0.431434 0.0402801 1.6554e-05 0.320888 0.186561 
0.0712119 0.136413 0.000742037 5.14987e-06 0.761825 0.0298023 
0.0100332 0.00823914 1.06638e-06 9.80933e-08 0.0306448 0.951082 
0.00785591 0.58209 0.0012695 4.67423e-05 0.131368 0.277369 
0.0172943 0.0774509 0.00168199 5.34576e-05 0.0693644 0.834155 
0.235015 0.0101968 0.00132291 2.69008e-07 0.0405981 0.712867 
0.0517547 0.149438 0.00429786 0.000427074 0.191968 0.602115 
0.0129838 0.158701 0.000142659 5.51008e-06 0.0919645 0.736203 
0.00273046 0.301758 8.30798e-05 9.30162e-10 0.149597 0.545832 
0.498893 0.00429598 2.2803e-06 2.98204e-07 0.27063 0.226178 
0.0791223 0.0331113 0.0492637 4.91163e-05 0.0897239 0.74873 
0.686643 0.158657 0.00570282 1.13035e-05 0.0756296 0.0733561 
0.00065051 0.000763467 0.988519 1.11521e-07 0.000357614 0.00970932 
0.00617958 0.00921129 7.96672e-07 4.3001e-08 0.0649697 0.919639 
0.016922 0.0427587 0.000140369 1.81991e-07 0.248387 0.691792 
0.00065051 0.000763467 0.988519 1.11521e-07 0.000357614 0.00970932 
0.00065051 0.000763467 0.988519 1.11521e-07 0.000357614 0.00970932 
0.042664 0.106028 0.0039153 0.000653015 0.170545 0.676196 
0.0207551 0.0749995 2.90121e-05 3.34953e-07 0.279519 0.624697 
0.441853 0.389183 0.000225438 0.000147054 0.00948736 0.159104 
0.0034977 0.22376 8.21069e-06 1.55843e-07 0.257639 0.515096 
0.0672105 0.0407881 0.0163816 1.8647e-06 0.563562 0.312056 
0.149113 0.0109012 0.2513 1.79578e-05 0.0291856 0.559483 
0.180633 0.0614188 0.0401954 6.53224e-05 0.095901 0.621786 
0.498893 0.00429598 2.2803e-06 2.98204e-07 0.27063 0.226178 
0.00065051 0.000763467 0.988519 1.11521e-07 0.000357614 0.00970932 
0.00065051 0.000763467 0.988519 1.11521e-07 0.000357614 0.00970932 
0.0966506 0.0172215 0.0010666 0.000265511 0.0494977 0.835298 
0.0333377 4.36556e-05 5.6612e-08 3.23413e-09 0.621442 0.345176 
0.108248 0.00733237 0.00478446 2.40313e-06 0.0892791 0.790354 
0.029103 0.0447662 0.00289167 0.000416944 0.0277192 0.895103 
0.0146907 0.80869 0.00697737 6.4859e-05 0.00114281 0.168434 
0.0014734 0.348836 0.418673 1.56582e-11 0.112227 0.118791 
0.0187104 0.0231243 0.00276944 0.000354271 0.0819769 0.873065 
0.026177 0.0100769 1.97223e-06 1.81469e-08 0.776776 0.186968 
0.127911 0.00454981 0.00393513 4.88422e-07 0.0269588 0.836645 
0.0496177 0.024274 0.0029853 7.19069e-06 0.0474003 0.875715 
0.00418495 0.00258268 1.40404e-06 6.68608e-09 0.972976 0.020255 
0.0178077 0.101287 0.000232897 7.30116e-08 0.140315 0.740358 
0.00495143 0.698123 0.224883 0.00383928 0.0166413 0.0515621 
0.0152909 0.0725172 0.000242234 0.00017876 0.078831 0.83294 
0.000715458 0.208579 0.00019221 4.89113e-06 0.769454 0.0210542 
0.00065051 0.000763467 0.988519 1.11521e-07 0.000357614 0.00970932 
0.646603 0.289097 0.000382761 3.37337e-06 0.0335494 0.0303643 
0.0551349 0.076422 0.0110831 0.000491862 0.0799972 0.776871 
0.0196184 0.0684849 5.75036e-05 2.17064e-08 0.132659 0.77918 
0.011276 0.954977 0.0074823 1.75143e-05 0.0106414 0.0156062 
0.00566934 0.594069 0.235376 0.000165865 0.0117087 0.153012 
0.0290453 0.217433 0.0159528 2.62726e-07 0.0353308 0.702238 
0.115512 0.374437 0.0732757 1.83963e-06 0.0192159 0.417558 
0.0285529 0.055881 0.00996106 8.36229e-05 0.0427689 0.862753 
0.00065051 0.000763467 0.988519 1.11521e-07 0.000357614 0.00970932 
0.241619 0.0747009 0.0574855 4.66731e-05 0.147456 0.478692 
0.0233553 0.0143709 1.29151e-05 1.72108e-06 0.830994 0.131265 
0.0551359 0.0407122 4.02395e-05 1.8131e-05 0.162011 0.742082 
0.0216349 0.00238307 0.0204677 2.42551e-11 0.0036393 0.951875 
0.0222012 0.026229 7.90602e-05 1.35511e-05 0.0457065 0.905771 
0.00123438 0.298124 5.06e-05 4.37919e-06 0.194456 0.50613 
0.0019291 0.00023382 9.17715e-07 7.50746e-08 0.0164742 0.981362 
0.00446369 0.0505175 0.000100973 3.40686e-09 0.599235 0.345683 
0.00393138 0.0222314 6.96692e-05 4.8263e-06 0.0777589 0.896004 
0.00570867 0.0175025 1.54282e-05 3.62793e-06 0.0299544 0.946815 
0.0205986 0.016824 0.624443 2.45778e-07 0.139832 0.198302 
0.0807515 0.0350256 0.000448555 1.50214e-06 0.030446 0.853327 
0.0993092 0.0386546 0.000364342 3.4196e-07 0.0414323 0.820239 
0.215919 0.0373766 0.00307958 0.00133652 0.0596429 0.682646 
0.0390227 0.004297 9.22046e-05 4.42315e-07 0.00122562 0.955362 
0.00803511 0.465144 0.000158925 1.09906e-05 0.160849 0.365802 
0.0314035 0.0241241 0.000454557 2.08677e-09 0.263838 0.68018 
0.846609 0.0129296 0.000157171 4.31936e-05 0.0319235 0.108338 
0.840126 0.0230434 6.70779e-05 4.90722e-12 0.116613 0.0201501 
8.84397e-06 0.996954 0.000707161 6.73453e-12 0.00232051 9.15605e-06 
0.00065051 0.000763467 0.988519 1.11521e-07 0.000357614 0.00970932 
0.00945785 0.0324965 2.66385e-06 2.74742e-07 0.94282 0.0152226 
0.813422 0.0287513 0.00333304 1.14141e-09 0.0957356 0.0587578 
0.137802 0.0159412 0.000195805 3.76431e-05 0.16715 0.678874 
0.0165566 0.0523905 1.79757e-05 9.35492e-06 0.622627 0.308398 
0.00144389 0.0181409 0.00113747 2.23268e-05 0.955013 0.0242424 
0.00401393 3.04963e-05 9.82111e-07 7.96646e-07 0.00117687 0.994777 
0.0476559 0.00305415 0.00602712 1.28815e-05 0.023011 0.920239 
0.0011253 0.00438253 8.52078e-05 5.80282e-07 0.00024517 0.994161 
0.00065051 0.000763467 0.988519 1.11521e-07 0.000357614 0.00970932 
0.0275667 0.00057785 2.9485e-05 5.7036e-07 0.116341 0.855484 
0.0857312 0.037268 8.27479e-05 1.02933e-05 0.0534454 0.823462 
0.0124338 0.000307974 6.75859e-07 4.67358e-07 0.968692 0.0185651 
0.000789473 0.00509539 0.000226596 3.4596e-07 0.927669 0.0662191 
0.000444708 0.00417516 0.000201684 3.42101e-06 0.952915 0.0422598 
0.00065051 0.000763467 0.988519 1.11521e-07 0.000357614 0.00970932 
0.00272345 0.818558 0.0199197 2.75311e-05 0.0537288 0.105043 
0.544142 0.00314888 0.000212058 8.24529e-05 0.0570071 0.395408 
0.00593243 0.490209 0.0910994 0.00195788 0.120226 0.290576 
0.00619534 0.0545529 0.000530344 0.000189888 0.0154096 0.923122 
0.024814 0.82183 0.0193071 8.21276e-06 0.0785209 0.05552 
0.0676867 0.256488 0.0624425 0.00520021 0.225561 0.382622 
0.0231096 0.0159029 4.04739e-05 1.42021e-06 0.196288 0.764657 
0.139682 0.000868354 3.60156e-05 9.62172e-08 0.0545844 0.804829 
0.0938928 0.00770605 2.92548e-05 3.68852e-06 0.0636818 0.834686 
0.048277 0.0225394 0.00109723 1.45586e-05 0.0923212 0.835751 
0.00065051 0.000763467 0.988519 1.11521e-07 0.000357614 0.00970932 
0.0329691 0.548157 0.00033051 0.000262322 0.242582 0.175699 
0.232784 0.0777187 0.00102609 3.93658e-07 0.105294 0.583177 
0.0857664 0.133313 0.00212746 6.5757e-05 0.239707 0.53902 
0.052133 0.0238765 0.000247442 0.000144947 0.0555158 0.868082 
0.0443557 0.0536469 0.0019059 0.00137208 0.714597 0.184123 
0.000201695 0.000871337 5.4858e-08 8.22619e-09 0.0378074 0.96112 
0.00390983 0.000754045 1.52262e-05 7.32888e-07 0.106029 0.889291 
0.00065051 0.000763467 0.988519 1.11521e-07 0.000357614 0.00970932 
0.018565 0.0598677 0.00166269 0.001538 0.731064 0.187303 
0.588662 0.0289281 0.00572997 4.54562e-06 0.028896 0.347779 
0.000899756 0.844329 0.00284064 1.27498e-05 0.0791517 0.0727666 
0.00065051 0.000763467 0.988519 1.11521e-07 0.000357614 0.00970932 
0.0224166 0.0205849 0.0113986 0.000186921 0.187089 0.758324 
0.0109574 0.198071 0.0274864 2.34269e-05 0.0720872 0.691375 
0.0737362 0.0122286 0.000179562 6.00645e-05 0.00480141 0.908994 
0.00096242 0.0278498 0.000142895 2.93545e-06 0.114796 0.856246 
0.112594 0.0386441 0.000197212 1.05499e-06 0.128768 0.719795 
0.113025 0.0825108 7.67707e-05 1.0844e-07 0.0598172 0.74457 
0.00622453 0.759355 0.000783037 0.000190967 0.0862544 0.147192 
0.02603 0.54662 0.00138398 0.000553523 0.0810839 0.344328 
0.00065051 0.000763467 0.988519 1.11521e-07 0.000357614 0.00970932 
0.00065051 0.000763467 0.988519 1.11521e-07 0.000357614 0.00970932 
0.0419418 0.675775 0.00129436 0.000155359 0.0927764 0.188057 
0.632696 0.00479315 0.00500111 1.36611e-10 0.0426544 0.314856 
0.0338622 0.140571 0.334984 0.00011415 0.0246911 0.465778 
0.0253311 0.31696 0.0351701 0.00106435 0.298672 0.322802 
0.00702212 0.0613806 1.83533e-05 6.80376e-07 0.229333 0.702245 
0.0472402 0.00448423 0.0120553 2.04231e-06 0.0965876 0.839631 
0.0120712 0.23579 0.022625 2.91356e-05 0.189775 0.539709 
0.272976 0.00784695 0.00405747 1.41531e-05 0.04119 0.673915 
0.00178552 0.0119224 0.0068166 4.45801e-05 0.0395634 0.939868 
0.0330199 0.00173123 6.60569e-06 4.59588e-10 0.829675 0.135567 
0.00065051 0.000763467 0.988519 1.11521e-07 0.000357614 0.00970932 
0.00065051 0.000763467 0.988519 1.11521e-07 0.000357614 0.00970932 
0.0483547 0.00588499 0.000700114 1.55985e-05 0.014342 0.930703 
0.00065051 0.000763467 0.988519 1.11521e-07 0.000357614 0.00970932 
0.0221883 0.0940232 0.0226293 2.2525e-05 0.114636 0.7465 
0.0150237 0.0378777 0.00132706 0.000189777 0.0720828 0.873499 
0.00065051 0.000763467 0.988519 1.11521e-07 0.000357614 0.00970932 
0.968578 0.00757244 0.00168202 3.42183e-06 0.0119747 0.0101895 
0.110551 0.154977 0.000483204 2.85639e-05 0.0425937 0.691367 
0.105174 0.641096 0.0032526 1.84594e-05 0.00323909 0.24722 
0.0203902 0.0339244 0.0144058 0.000150232 0.0129368 0.918193 
0.00804913 0.00975129 6.65876e-09 2.92732e-09 0.387331 0.594869 
0.0435542 0.00503251 0.00875563 6.52734e-06 0.0969935 0.845658 
0.0305469 0.0300656 6.04213e-06 3.32616e-06 0.232913 0.706466 
0.519791 0.0495678 0.000378099 1.01597e-05 0.00272789 0.427526 
0.10021 0.097953 6.56205e-05 2.61866e-11 0.0273139 0.774457 
0.0117608 0.4143 0.00019094 4.55081e-09 0.15962 0.414128 
0.0383968 0.275068 0.000595481 6.76636e-06 0.0620019 0.623931 
0.034313 0.633214 0.00768965 1.3214e-06 0.196324 0.128458 
0.0769801 0.81855 0.000186408 1.02208e-09 0.0939112 0.0103727 
0.0215499 0.215394 0.000635077 0.000194157 0.262484 0.499743 
0.00775083 0.00400993 0.000215899 7.95018e-06 0.908532 0.0794838 
0.961901 0.0107498 0.000223957 3.75962e-09 0.0260859 0.00103941 
0.709578 0.129002 0.00257794 4.63378e-07 0.0152952 0.143547 
0.115512 0.374437 0.0732757 1.83963e-06 0.0192159 0.417558 
0.00065051 0.000763467 0.988519 1.11521e-07 0.000357614 0.00970932 
0.308745 0.00757718 4.89121e-05 6.2006e-06 0.070961 0.612662 
0.00179155 0.514603 2.18332e-05 3.01278e-07 0.200515 0.283069 
0.142726 0.0137177 5.45753e-05 1.24809e-06 0.0402322 0.803269 
0.0760007 0.0222355 0.00529943 0.000562972 0.0922527 0.803649 
0.00885414 0.406496 0.000562421 8.90115e-06 0.200906 0.383172 
0.806727 0.00677514 0.00219472 1.1425e-06 0.023156 0.161146 
0.043671 0.736603 1.15812e-05 5.02072e-06 0.0162129 0.203497 
0.28274 0.0608924 6.63455e-05 6.70349e-08 0.0558506 0.600451 
0.00280439 0.0169762 0.000216921 1.91421e-07 0.0598356 0.920167 
0.00065051 0.000763467 0.988519 1.11521e-07 0.000357614 0.00970932 
0.0314333 0.098033 0.000441585 0.000217475 0.0351352 0.83474 
0.113235 0.00451325 0.000112119 4.12151e-06 0.0534102 0.828725 
0.00179934 0.0159309 0.000209083 2.61535e-06 0.929697 0.0523614 
0.0226954 0.159526 0.0599605 3.10832e-05 0.577421 0.180366 
0.00065051 0.000763467 0.988519 1.11521e-07 0.000357614 0.00970932 
0.00065051 0.000763467 0.988519 1.11521e-07 0.000357614 0.00970932 
0.00667381 0.661107 0.00713708 2.72074e-05 0.00143838 0.323617 
0.0685911 0.0353148 0.000796703 0.000773414 0.0333743 0.86115 
0.981581 0.0117842 0.000143915 2.86301e-06 0.00512519 0.00136277 
0.279254 0.300135 0.000224395 6.31084e-08 0.12211 0.298277 
0.629773 0.116503 0.000762293 2.92521e-12 0.233939 0.0190232 
0.0942053 0.157038 0.000128521 4.84629e-08 0.130469 0.618159 
0.00065051 0.000763467 0.988519 1.11521e-07 0.000357614 0.00970932 
0.00065051 0.000763467 0.988519 1.11521e-07 0.000357614 0.00970932 
0.00827755 0.0405169 0.00435398 1.77965e-06 0.884599 0.0622506 
0.00615844 0.00328381 9.93412e-07 1.1743e-11 0.00500937 0.985547 
0.0309573 0.0261495 0.00664208 0.000792651 0.0655749 0.869884 
0.177175 0.00538414 0.000157149 1.30849e-06 0.0510209 0.766261 
0.042441 0.196618 0.000129192 1.76108e-06 0.487994 0.272816 
0.00641543 0.138983 0.0057273 5.45936e-06 0.224821 0.624047 
0.000277898 0.215084 0.00044552 5.56973e-06 0.22656 0.557627 
0.0115733 0.102288 0.00475078 4.52246e-06 0.19496 0.686423 
0.991103 0.00276829 0.00057573 4.29311e-06 0.00509011 0.000458241 
0.121951 0.0919058 0.0158924 0.000717742 0.159891 0.609642 
0.00142207 0.0189749 7.97344e-05 2.0385e-05 0.924995 0.0545076 
0.0082613 0.061326 0.0117424 3.1468e-05 0.0107142 0.907925 
0.0181663 0.484316 0.374723 2.25718e-05 0.0809935 0.0417781 
0.00961402 0.0158077 0.000163027 5.26753e-05 0.0619389 0.912424 
0.0664847 0.00907361 0.000105169 6.91311e-05 0.0604684 0.863799 
0.00495143 0.698123 0.224883 0.00383928 0.0166413 0.0515621 
0.147626 0.074377 0.00574366 4.37381e-05 0.146811 0.625398 
0.00065051 0.000763467 0.988519 1.11521e-07 0.000357614 0.00970932 
0.0967323 0.0194212 0.000854029 4.10726e-05 0.327045 0.555906 
0.023406 0.0612739 0.00118253 0.000151821 0.180865 0.733121 
0.00466595 0.00459687 0.000116005 2.55413e-05 0.934515 0.0560802 
0.015817 0.00386858 1.10475e-05 2.17973e-07 0.500942 0.479361 
0.0702056 0.116992 0.00069856 4.72081e-06 0.0303547 0.781744 
0.00065051 0.000763467 0.988519 1.11521e-07 0.000357614 0.00970932 
0.0152102 0.185468 0.0174676 5.01173e-06 0.209219 0.57263 
0.028197 0.0816297 0.0129915 7.27413e-07 0.282269 0.594912 
0.230713 0.00735704 0.066155 1.56462e-05 0.100811 0.594948 
0.0030384 0.337956 0.589222 0.00118686 0.0442743 0.0243225 
0.791659 0.0212881 0.00479713 1.51758e-05 0.0863173 0.095923 
0.187045 0.551672 2.63672e-06 7.22855e-07 0.00395107 0.257328 
0.00065051 0.000763467 0.988519 1.11521e-07 0.000357614 0.00970932 
0.00065051 0.000763467 0.988519 1.11521e-07 0.000357614 0.00970932 
0.0208879 0.0464816 0.00766177 5.72389e-06 0.0758054 0.849158 
0.0984829 0.0126511 0.000212289 4.48732e-05 0.687643 0.200966 
6.9637e-05 0.00676539 5.91887e-06 2.04472e-10 0.107742 0.885417 
0.0508622 0.256431 0.0038176 1.21149e-05 0.411137 0.277739 
0.00065051 0.000763467 0.988519 1.11521e-07 0.000357614 0.00970932 
0.0290334 0.0075761 0.000561324 5.16948e-10 0.000691498 0.962138 
0.00065051 0.000763467 0.988519 1.11521e-07 0.000357614 0.00970932 
0.00278037 0.110757 0.000323811 5.91737e-11 1.23385e-05 0.886126 
0.0537888 0.0100365 0.421087 1.81352e-05 0.00117576 0.513894 
0.0204713 0.0981453 0.000390146 1.25386e-07 0.0790653 0.801928 
0.0154116 0.0331022 0.0434976 2.0926e-06 0.0784931 0.829493 
0.0198718 0.0371975 0.000377814 5.69653e-09 0.00455645 0.937996 
0.00503812 0.62711 0.105111 0.00401618 0.067242 0.191483 
0.00065051 0.000763467 0.988519 1.11521e-07 0.000357614 0.00970932 
0.00065051 0.000763467 0.988519 1.11521e-07 0.000357614 0.00970932 
0.0015783 0.0640241 0.000488486 3.5578e-08 0.745577 0.188332 
0.00410192 0.0942276 0.799722 6.127e-05 0.0326333 0.0692535 
0.056152 0.0326759 9.93253e-05 1.78107e-06 0.801774 0.109297 
0.000444708 0.00417516 0.000201684 3.42101e-06 0.952915 0.0422598 
0.0157316 0.127912 0.0870236 6.3454e-06 0.135597 0.63373 
0.0231787 0.674335 6.91438e-06 1.35232e-07 0.0774698 0.225009 
0.291265 0.014835 0.00640087 5.54512e-05 0.596883 0.0905607 
1.93879e-05 0.867073 0.011952 1.57984e-08 0.00868556 0.11227 
0.992828 5.91356e-06 3.71042e-06 3.06215e-06 0.00709374 6.54246e-05 
0.00241211 0.923644 5.57138e-05 2.21551e-07 0.0118707 0.0620169 
0.0889503 0.00653641 0.00047296 3.3196e-05 0.00134784 0.902659 
0.00706164 0.427279 0.000578564 4.89554e-10 0.30213 0.262951 
0.00065051 0.000763467 0.988519 1.11521e-07 0.000357614 0.00970932 
0.122904 0.203854 0.0082105 0.000331967 0.109879 0.554821 
0.0357859 0.0171647 3.2719e-05 9.44738e-07 0.0103769 0.936639 
0.00065051 0.000763467 0.988519 1.11521e-07 0.000357614 0.00970932 
0.00758167 0.229492 5.09816e-05 3.49397e-07 0.712182 0.0506932 
0.00065051 0.000763467 0.988519 1.11521e-07 0.000357614 0.00970932 
0.00746786 0.523573 0.00102448 1.34022e-05 0.22745 0.240471 
0.113644 0.00454437 0.00021015 3.40699e-06 0.0764506 0.805147 
0.134575 0.01054 0.521278 7.30759e-06 0.0138981 0.319701 
0.00263676 0.775682 0.000255546 4.27871e-06 0.129566 0.0918554 
0.515629 0.0149215 0.00199054 3.39603e-07 0.0699258 0.397533 
0.0236192 0.319474 1.39729e-06 1.39684e-06 0.117682 0.539222 
0.148129 0.00673857 0.000187713 5.25783e-05 0.0546973 0.790195 
0.0132247 0.0292486 0.00471894 0.00127258 0.109143 0.842393 
0.15404 0.0676682 0.000639127 8.48295e-08 0.27157 0.506083 
0.400964 0.0388928 0.06703 2.44767e-06 0.0176732 0.475438 
0.021532 0.663281 6.89096e-05 2.81647e-05 0.174344 0.140746 
0.0386592 0.23386 0.000255416 4.23838e-06 0.159149 0.568072 
0.0525387 0.0293711 0.0859839 4.44451e-08 0.000105326 0.832001 
0.00103234 0.415121 0.490805 0.000367709 0.0178924 0.074781 
0.027922 0.0995732 0.00209238 0.000141923 0.739192 0.131078 
0.0320009 0.324645 5.89226e-07 2.72506e-07 0.338515 0.304838 
0.0580613 0.00802477 0.00310683 1.98373e-05 0.247389 0.683398 
0.0901899 0.000762838 6.84525e-05 8.92356e-07 0.00166059 0.907317 
0.00176823 0.69378 0.000251571 0.000122578 0.150533 0.153545 
0.0303902 0.139487 0.0154689 3.57215e-05 0.0965908 0.718027 
0.0892431 0.121998 0.000428195 8.04258e-05 0.05397 0.73428 
0.179919 0.00195167 0.000350987 4.87554e-05 0.0346877 0.783042 
0.0226607 0.240091 4.79415e-05 1.49602e-07 0.274672 0.462528 
0.00065051 0.000763467 0.988519 1.11521e-07 0.000357614 0.00970932 
0.202403 0.693302 0.00402152 9.42395e-07 0.0421447 0.058128 
0.00124229 0.00215172 0.00111595 2.23528e-06 0.0167787 0.978709 
0.0741982 0.0367329 0.026016 0.000101567 0.14956 0.713391 
0.110966 0.205211 0.00145453 9.17467e-05 0.0804163 0.601861 
0.0115859 0.0020074 6.6383e-05 3.27442e-06 0.0394838 0.946853 
0.0484522 0.0107103 0.000123048 3.22865e-11 0.150662 0.790052 
0.498893 0.00429598 2.2803e-06 2.98204e-07 0.27063 0.226178 
0.135514 0.0130717 0.123653 6.65612e-05 0.0778038 0.649891 
0.155824 0.214379 0.0121316 0.00601167 0.0865187 0.525135 
0.000218569 0.299652 0.429299 1.72135e-10 0.0876271 0.183203 
0.0376696 0.144234 0.00346992 9.90808e-07 0.28274 0.531886 
3.25977e-08 0.0662836 0.000110202 2.84512e-12 0.0218914 0.911715 
0.000293423 0.902713 0.000778375 0.000207924 0.0607964 0.0352109 
0.00065051 0.000763467 0.988519 1.11521e-07 0.000357614 0.00970932 
0.0154411 0.0115105 0.0105768 4.87578e-05 0.092594 0.869829 
0.0169955 0.180746 0.49847 0.00471696 0.00683857 0.292233 
0.252151 0.0754903 0.000301733 9.74158e-06 0.0443186 0.627728 
0.0108366 0.00709738 3.75277e-05 3.54057e-07 0.915272 0.0667563 
0.0981195 0.0722432 0.0131455 0.00179024 0.0546861 0.760015 
0.511073 0.0903931 0.000308298 1.49515e-05 0.230025 0.168187 
0.0737646 0.00574415 0.000285108 3.38085e-06 0.0110116 0.909191 
0.132708 0.00851862 0.0295409 1.41259e-05 0.00521886 0.824 
0.0967214 0.793199 0.0068313 4.93608e-05 0.0140311 0.0891675 
0.00569957 0.670667 0.000840918 0.00011371 0.267697 0.0549818 
0.0899745 0.114935 0.000134954 9.98293e-05 0.0900805 0.704776 
0.00065051 0.000763467 0.988519 1.11521e-07 0.000357614 0.00970932 
0.00065051 0.000763467 0.988519 1.11521e-07 0.000357614 0.00970932 
0.172647 0.103807 3.10369e-05 4.45197e-08 0.0728201 0.650694 
0.0156298 0.116113 0.0019087 2.78334e-07 0.150374 0.715975 
0.00202174 0.119705 1.96735e-06 1.26334e-08 0.869378 0.00889289 
0.00487047 0.24036 0.00171275 4.71381e-08 0.386902 0.366155 
0.0113701 0.0006057 5.9106e-05 3.64044e-07 0.176324 0.81164 
0.0946715 0.00215894 0.000213802 1.67374e-06 0.0837775 0.819177 
0.0892339 0.0565193 9.71044e-05 3.11581e-07 0.0117473 0.842402 
2.15821e-08 0.00215488 1.18353e-08 1.94641e-10 0.997389 0.000455851 
0.0680134 0.341532 0.000855209 1.65038e-06 0.153585 0.436012 
0.517783 0.00356383 0.000715529 3.28275e-05 0.0207622 0.457143 
0.14972 0.0164311 0.153175 0.000227397 0.0204597 0.659986 
0.0280142 0.367333 0.143754 0.00142498 0.0439291 0.415545 
0.0235944 0.00226214 9.74632e-06 2.40018e-06 0.088979 0.885152 
0.257646 0.0242368 0.00597293 2.81564e-06 0.49256 0.219582 
0.968578 0.00757244 0.00168202 3.42183e-06 0.0119747 0.0101895 
0.0118611 0.0122404 0.00110066 6.84895e-05 0.0734745 0.901255 
0.0375621 0.0159031 0.000110393 1.37247e-05 0.253399 0.693011 
0.00476711 0.0150294 8.89515e-06 1.1451e-06 0.0324697 0.947724 
0.012419 0.0208266 8.23899e-05 7.0195e-06 0.903878 0.0627869 
0.523012 0.0197205 0.0523448 4.15547e-06 0.0896297 0.315289 
0.498893 0.00429598 2.2803e-06 2.98204e-07 0.27063 0.226178 
0.000607423 0.0384998 4.79512e-09 2.0599e-10 0.30225 0.658642 
0.97886 0.00993186 6.08368e-05 9.87365e-06 0.00760303 0.00353402 
0.0052819 0.0107768 0.000540926 3.49386e-06 0.817165 0.166232 
0.000297067 0.949513 0.000352248 0.000132532 0.0200638 0.0296418 
0.0686705 0.00922034 0.00157247 0.00021218 0.0865371 0.833787 
0.22055 0.0507307 0.00111312 2.38297e-05 0.0312815 0.696301 
0.224424 0.354171 0.00596275 0.00158427 0.0867821 0.327075 
0.00841356 0.00550818 0.000303097 1.04714e-05 0.888637 0.0971282 
0.643902 0.0298507 0.112957 3.97671e-06 0.0078228 0.205464 
0.00065051 0.000763467 0.988519 1.11521e-07 0.000357614 0.00970932 
0.00065051 0.000763467 0.988519 1.11521e-07 0.000357614 0.00970932 
0.00065051 0.000763467 0.988519 1.11521e-07 0.000357614 0.00970932 
0.0107912 0.659948 0.000534078 9.23995e-06 0.260891 0.0678264 
0.00439733 0.686252 0.0829955 3.44784e-07 0.103063 0.123292 
0.0580613 0.00802477 0.00310683 1.98373e-05 0.247389 0.683398 
0.055632 0.0100613 0.0421502 8.13213e-12 0.053356 0.8388 
0.703118 0.00197702 3.71807e-05 8.80701e-08 0.022404 0.272464 
0.882219 0.0131565 2.82448e-06 2.47958e-08 0.0142398 0.0903821 
0.0255549 0.00147415 7.11112e-05 3.83568e-06 0.0443091 0.928587 
0.00065051 0.000763467 0.988519 1.11521e-07 0.000357614 0.00970932 
0.118887 0.0100944 0.0071388 0.00028023 0.0514687 0.81213 
0.00178783 0.567454 6.63914e-05 4.9148e-05 0.0121831 0.41846 
0.0211875 0.015855 0.0259431 1.12243e-05 0.523608 0.413395 
0.085809 0.421603 0.00174234 4.48626e-07 0.0499202 0.440925 
0.00065051 0.000763467 0.988519 1.11521e-07 0.000357614 0.00970932 
0.00248667 0.00330821 1.34081e-08 3.30472e-10 0.00823264 0.985972 
0.00065051 0.000763467 0.988519 1.11521e-07 0.000357614 0.00970932 
0.00232743 0.0907925 0.000256213 1.15709e-05 0.785782 0.12083 
0.0162911 0.00537533 9.40624e-05 3.33876e-08 0.0780937 0.900146 
0.166678 0.16668 0.166652 0.166599 0.166693 0.166698 
0.000159007 0.758454 0.000586739 5.7467e-05 0.203787 0.036956 
0.981581 0.0117842 0.000143915 2.86301e-06 0.00512519 0.00136277 
0.00065051 0.000763467 0.988519 1.11521e-07 0.000357614 0.00970932 
0.00065051 0.000763467 0.988519 1.11521e-07 0.000357614 0.00970932 
0.0480631 0.130591 0.00025176 1.65363e-05 0.152355 0.668723 
0.184255 0.0208826 0.00214214 4.5178e-05 0.0418536 0.750822 
0.00065051 0.000763467 0.988519 1.11521e-07 0.000357614 0.00970932 
0.00838054 0.00159723 1.08561e-06 3.76747e-07 0.0741234 0.915897 
0.372915 0.0315471 0.00546566 0.000157131 0.0480549 0.54186 
0.0819094 0.738614 0.000218336 0.000174516 0.0956546 0.0834292 
0.0210939 0.538917 0.00331731 0.00296916 0.238446 0.195257 
0.0227744 0.0316059 0.0354558 8.57646e-05 0.0375912 0.872487 
0.00065051 0.000763467 0.988519 1.11521e-07 0.000357614 0.00970932 
0.0282769 0.0460636 0.000201428 4.75776e-05 0.78372 0.14169 
