0.00893488 0.00090586 0.000168377 2.82906e-06 0.936611 0.0533769 
0.328344 0.0422041 0.0168715 1.94836e-06 0.219212 0.393366 
8.84397e-06 0.996954 0.000707161 6.73453e-12 0.00232051 9.15605e-06 
0.00065051 0.000763467 0.988519 1.11521e-07 0.000357614 0.00970932 
0.00673811 0.0455455 0.000376061 3.10649e-08 0.0645949 0.882745 
0.0492751 0.329102 0.00125876 0.000340708 0.387306 0.232718 
0.00615844 0.00328381 9.93412e-07 1.1743e-11 0.00500937 0.985547 
0.0265801 0.0288786 9.39027e-05 4.90859e-05 0.00515967 0.939239 
0.00065051 0.000763467 0.988519 1.11521e-07 0.000357614 0.00970932 
0.000444708 0.00417516 0.000201684 3.42101e-06 0.952915 0.0422598 
0.0220661 0.00506617 9.41747e-05 5.10785e-06 0.0379321 0.934836 
0.0259587 0.138155 0.0112074 3.25255e-07 0.00355058 0.821128 
0.000368735 0.0028328 0.000439751 9.27179e-06 0.993884 0.00246514 
0.00065051 0.000763467 0.988519 1.11521e-07 0.000357614 0.00970932 
0.115127 0.0785758 0.00466221 0.00339054 0.0478497 0.750395 
0.000347109 0.00686877 6.27371e-06 1.40846e-10 0.0177154 0.975062 
0.0204213 0.0681047 0.450198 6.26763e-09 0.0641045 0.397171 
0.0478475 0.0719877 0.00178476 0.000387573 0.0205728 0.85742 
0.00065051 0.000763467 0.988519 1.11521e-07 0.000357614 0.00970932 
0.0196904 0.00373163 8.80231e-06 5.73611e-07 0.0883861 0.888183 
0.0154116 0.0331022 0.0434976 2.0926e-06 0.0784931 0.829493 
0.00065051 0.000763467 0.988519 1.11521e-07 0.000357614 0.00970932 
0.00324223 0.086701 6.43226e-05 2.95337e-05 0.0122264 0.897737 
0.00065051 0.000763467 0.988519 1.11521e-07 0.000357614 0.00970932 
0.00065051 0.000763467 0.988519 1.11521e-07 0.000357614 0.00970932 
0.0139821 0.776876 0.000481844 0.000110598 0.133963 0.0745866 
0.00229663 0.210088 0.000371319 8.64224e-05 0.0531983 0.73396 
0.136895 0.367154 0.000418804 5.11328e-10 0.434772 0.0607594 
0.00588107 0.803228 0.000155042 4.51182e-07 0.113108 0.0776275 
0.00122659 0.00406704 4.2612e-05 2.50783e-09 0.942685 0.0519786 
0.277526 0.0270545 0.00216222 1.11445e-05 0.0651344 0.628112 
0.0153231 0.0234262 7.78943e-05 6.97442e-06 0.0921248 0.869041 
0.704671 0.00941514 0.0312805 7.56426e-06 0.0310833 0.223542 
0.00065051 0.000763467 0.988519 1.11521e-07 0.000357614 0.00970932 
0.0256217 0.0309109 0.000310675 0.000127686 0.162816 0.780213 
0.498893 0.00429598 2.2803e-06 2.98204e-07 0.27063 0.226178 
0.0377136 0.0119333 0.652187 2.94042e-05 0.0108957 0.287241 
0.0326168 0.0220978 0.000445049 0.000209983 0.0697905 0.87484 
0.0323411 0.348023 0.0720427 0.000464935 0.0988926 0.448235 
0.103669 0.123785 1.58611e-07 1.5856e-07 0.32141 0.451136 
0.176173 0.000792297 3.80029e-05 1.56537e-07 0.0105312 0.812465 
0.0253467 0.00700218 0.000364923 0.000252546 0.105308 0.861725 
0.00685475 0.447465 0.0829658 4.43206e-08 0.00180316 0.460912 
0.208142 0.0133444 0.0313027 2.2545e-05 0.0138163 0.733372 
0.00337508 0.00253386 0.0171898 3.10117e-07 0.0796016 0.897299 
0.145447 0.0359844 0.00343988 1.37198e-07 0.309643 0.505485 
0.0221263 0.000376922 3.03917e-05 2.75695e-07 0.869632 0.107835 
0.0191376 0.0260653 0.0445196 9.73503e-05 0.0218511 0.888329 
0.0990683 0.682122 0.000736278 0.000305579 0.0797778 0.13799 
0.235701 0.00187134 0.000132342 6.42539e-07 0.0277099 0.734585 
0.778515 0.0704857 0.000745666 1.67135e-06 0.0888454 0.0614068 
0.159334 0.0810364 0.00258246 3.9294e-07 0.462548 0.294499 
0.00065051 0.000763467 0.988519 1.11521e-07 0.000357614 0.00970932 
0.0154441 0.00112196 2.44154e-05 9.44614e-08 0.0257821 0.957627 
0.00126721 0.132626 5.6348e-05 2.27654e-08 0.0031655 0.862885 
0.184983 0.0352736 0.0038148 0.00189509 0.0693639 0.70467 
0.00065051 0.000763467 0.988519 1.11521e-07 0.000357614 0.00970932 
0.00151056 0.938958 0.00107047 0.000197108 0.00210067 0.0561632 
0.307134 0.00156305 0.0373579 3.04621e-07 0.0794632 0.574481 
0.0185877 0.59028 0.00214862 3.47354e-07 0.246396 0.142587 
0.00758029 0.0768161 0.026343 7.43908e-05 0.641831 0.247355 
0.0796726 0.0334587 0.0104372 0.0027075 0.0441284 0.829596 
0.140526 0.162234 0.163873 0.0001053 0.135397 0.397864 
0.00065051 0.000763467 0.988519 1.11521e-07 0.000357614 0.00970932 
0.0300704 0.71729 0.000228241 4.77134e-05 0.0432613 0.209102 
0.21061 0.53368 3.80885e-05 1.12833e-05 0.0590676 0.196593 
0.569402 0.0460986 0.00243122 2.26124e-07 0.0795194 0.302549 
0.00566934 0.594069 0.235376 0.000165865 0.0117087 0.153012 
0.0174933 0.0835808 0.000103774 8.43221e-06 0.140216 0.758598 
0.645149 0.0115061 0.0290486 3.3112e-05 0.106786 0.207478 
0.00065051 0.000763467 0.988519 1.11521e-07 0.000357614 0.00970932 
0.0322213 0.0697433 0.00190813 3.33753e-05 0.0338083 0.862286 
0.0822716 0.216186 0.000133313 8.79026e-06 0.269368 0.432033 
1.11862e-06 0.795646 0.000260781 2.29831e-10 0.115154 0.0889382 
0.0322213 0.0697433 0.00190813 3.33753e-05 0.0338083 0.862286 
0.0578298 0.110333 0.0262903 0.00189945 0.0813671 0.72228 
0.0161637 0.00264639 0.000171012 5.96542e-06 0.856438 0.124575 
0.00065051 0.000763467 0.988519 1.11521e-07 0.000357614 0.00970932 
0.00969301 0.0103579 5.18982e-05 1.97794e-07 0.139801 0.840096 
0.0484247 0.0268123 0.00652757 0.0018757 0.0896715 0.826688 
9.24425e-06 0.883381 1.1839e-05 1.26092e-07 0.0232068 0.0933906 
0.0283306 0.0195713 4.49274e-07 4.32745e-09 0.0804538 0.871644 
0.00065051 0.000763467 0.988519 1.11521e-07 0.000357614 0.00970932 
0.00137024 0.00267463 2.54103e-05 4.72968e-09 0.104632 0.891297 
0.00794219 0.00900098 0.00033276 1.91425e-06 0.935947 0.0467747 
0.114978 0.101138 0.0185472 0.00339724 0.576512 0.185427 
0.00418495 0.00258268 1.40404e-06 6.68608e-09 0.972976 0.020255 
2.4566e-05 0.904064 0.0196743 2.45543e-05 2.45683e-05 0.0761881 
0.0166104 0.106836 0.000479478 4.11116e-07 0.726419 0.149655 
0.968578 0.00757244 0.00168202 3.42183e-06 0.0119747 0.0101895 
0.00065051 0.000763467 0.988519 1.11521e-07 0.000357614 0.00970932 
0.00338111 0.0181924 1.91294e-05 2.28507e-09 0.239176 0.739231 
0.0183671 0.0731761 0.000316639 1.80432e-08 0.287089 0.621051 
0.00269134 0.0357327 0.0124573 5.64828e-05 0.0991498 0.849912 
0.255701 0.0879039 0.000305438 0.000232096 0.240064 0.415794 
0.850222 0.000565915 5.73874e-05 9.64802e-09 0.0250638 0.124091 
0.465724 0.2739 0.0344041 1.21673e-06 0.0241303 0.20184 
0.463506 0.00926878 0.00231695 1.45473e-05 0.327651 0.197243 
0.0213543 0.102184 0.0308586 0.00404846 0.049713 0.791842 
0.00065051 0.000763467 0.988519 1.11521e-07 0.000357614 0.00970932 
0.0026779 0.00439586 0.000144276 3.05598e-06 0.896381 0.0963983 
0.0383009 0.259062 0.0275359 0.000406321 0.175866 0.498829 
0.0231577 0.136074 0.0030116 5.05161e-07 0.0944179 0.743338 
0.024346 0.0561986 0.184754 5.91248e-05 0.0174543 0.717188 
0.00315226 0.163056 0.665897 6.08303e-05 0.10681 0.0610236 
0.223815 0.0761183 0.00237021 1.48748e-05 0.038991 0.658691 
0.265196 0.115096 0.0121821 0.00213547 0.0404225 0.564967 
0.00350363 0.00973302 9.84682e-08 1.26462e-08 0.080025 0.906738 
0.061185 0.0111333 0.00404696 1.51123e-06 0.0659793 0.857654 
0.124482 0.00311861 0.00043129 6.15133e-06 0.0392303 0.832731 
0.05158 0.164427 0.00116954 1.24731e-09 0.000920111 0.781903 
0.0377133 0.020566 0.0418049 3.3163e-05 0.0174312 0.882451 
0.394955 0.00865802 0.000126229 7.14844e-08 0.0649249 0.531336 
0.00685087 0.0162094 2.47508e-07 4.90985e-11 8.96746e-05 0.97685 
0.0286463 0.0150679 6.21673e-05 2.56783e-06 0.045575 0.910646 
0.00142947 0.00601661 4.9519e-06 1.98569e-07 0.867801 0.124747 
0.0664847 0.00907361 0.000105169 6.91311e-05 0.0604684 0.863799 
0.0353598 0.0596092 0.00579455 8.63997e-06 0.0154874 0.88374 
0.00248443 0.709728 0.0341269 5.01421e-08 0.0333179 0.220342 
0.0207227 0.0645452 0.005567 0.00283986 0.0174536 0.888872 
0.0936642 0.0632487 0.0668429 0.000455108 0.0140278 0.761761 
0.00065051 0.000763467 0.988519 1.11521e-07 0.000357614 0.00970932 
0.0393408 0.29748 0.14495 5.52427e-06 0.105327 0.412896 
3.97743e-05 0.00261653 0.000388759 1.41168e-07 0.973676 0.0232787 
0.0732619 0.00530106 0.000230612 4.73527e-08 0.758938 0.162268 
0.0461015 0.054535 0.246612 4.3691e-05 0.0702001 0.582507 
0.0133854 0.771498 0.00463536 5.5841e-06 0.0960155 0.11446 
0.0389012 0.0252357 0.0261864 2.85309e-06 0.038647 0.871027 
7.20009e-06 0.841441 0.00162331 2.64524e-07 0.0590061 0.0979222 
0.0528347 0.0093927 0.000225486 1.81722e-07 0.0597671 0.87778 
0.00278254 0.0272202 0.000165467 3.2504e-05 0.00945649 0.960343 
0.00065051 0.000763467 0.988519 1.11521e-07 0.000357614 0.00970932 
0.108686 0.522051 0.0760495 0.000739389 0.0389282 0.253546 
0.00378722 0.00605703 1.09755e-05 3.19321e-13 0.110485 0.879659 
0.00655673 0.0396104 2.70886e-07 2.70799e-07 0.0454121 0.90842 
0.10157 0.00464728 0.00125268 1.88128e-09 0.0395747 0.852955 
0.000916732 0.037149 0.000249249 1.17498e-09 0.894184 0.067501 
0.125845 0.103249 0.112529 0.000675732 0.0918834 0.565818 
0.00297253 0.626132 0.101279 0.00023732 0.0179785 0.251401 
0.0218359 0.600595 0.0803854 0.000529464 0.0152277 0.281426 
0.0167324 0.040165 0.0067948 2.08799e-05 0.168922 0.767364 
0.120467 0.200313 0.0172007 2.66834e-05 0.172322 0.48967 
0.00065051 0.000763467 0.988519 1.11521e-07 0.000357614 0.00970932 
0.00065051 0.000763467 0.988519 1.11521e-07 0.000357614 0.00970932 
0.000327664 0.59806 0.000375147 2.42861e-07 0.288835 0.112402 
0.00601015 0.676277 0.00166793 0.000184376 0.0703564 0.245504 
0.0136295 0.256548 0.0138192 0.00793504 0.080647 0.627421 
0.383691 0.00202595 0.00171121 3.34823e-09 0.0290059 0.583566 
0.0276227 0.0215861 0.00164831 0.000915502 0.0749182 0.873309 
0.00155806 0.0321081 1.03815e-08 2.81258e-09 0.254473 0.711861 
0.00195625 0.714406 0.000727528 0.000189624 0.223877 0.0588428 
0.0638522 0.119078 0.0161933 4.00458e-05 0.162984 0.637852 
0.00065051 0.000763467 0.988519 1.11521e-07 0.000357614 0.00970932 
0.0416171 0.108618 0.0617259 0.000400937 0.0630824 0.724556 
1.18067e-05 0.71744 0.000739066 8.55303e-06 0.0274118 0.254388 
0.00162726 0.554096 6.77974e-05 2.24743e-05 0.0113882 0.432799 
0.0382732 0.0145824 0.00680221 0.000635575 0.0605548 0.879152 
0.00471505 0.00638716 7.26778e-05 2.54599e-10 0.0657858 0.923039 
0.112954 0.0305042 0.0325916 1.52672e-05 0.0541062 0.769829 
0.00065051 0.000763467 0.988519 1.11521e-07 0.000357614 0.00970932 
0.0338622 0.140571 0.334984 0.00011415 0.0246911 0.465778 
0.0213397 0.0534655 0.00496611 0.000323382 0.0794828 0.840423 
0.351549 0.00530103 0.000251128 0.000123516 0.0489085 0.593867 
1.63805e-05 0.840221 0.00138978 5.90637e-06 0.00934953 0.149017 
0.00371329 0.0300618 0.000760573 0.000563787 0.0312916 0.933609 
0.229307 0.0470346 0.0228719 5.46279e-05 0.112775 0.587956 
0.00065051 0.000763467 0.988519 1.11521e-07 0.000357614 0.00970932 
0.0760949 0.0447747 5.20929e-06 5.85133e-07 0.383077 0.496048 
0.931943 0.0134619 0.000708447 2.50551e-12 0.0375534 0.0163331 
0.0904124 0.00591895 0.00431366 2.95713e-06 0.0799229 0.819429 
0.0629035 0.0179092 0.00192205 0.000570324 0.0794758 0.837219 
0.0122636 0.0226846 0.000110351 7.58363e-06 0.573179 0.391755 
0.536717 0.166473 0.0138269 0.000309831 0.0710364 0.211637 
0.992717 0.0021296 0.000277828 5.73468e-08 0.00394879 0.00092707 
0.055075 0.131677 0.000821272 0.000203404 0.173119 0.639105 
0.0361979 0.00761029 0.00083611 4.58286e-05 0.621766 0.333544 
0.00065051 0.000763467 0.988519 1.11521e-07 0.000357614 0.00970932 
0.0270802 0.0275475 0.00213352 9.32219e-05 0.056872 0.886274 
0.0312591 0.0311729 7.62524e-05 5.2237e-07 0.0552041 0.882287 
0.0478479 0.0192321 0.00129328 0.00112445 0.00248091 0.928021 
0.120285 0.0945293 0.000589098 2.12249e-07 0.744552 0.0400449 
0.0332729 0.133816 0.000726671 0.000726386 0.0259229 0.805535 
0.00103234 0.415121 0.490805 0.000367709 0.0178924 0.074781 
0.00065051 0.000763467 0.988519 1.11521e-07 0.000357614 0.00970932 
0.0583848 0.0449504 0.000194506 0.000148248 0.0949998 0.801322 
0.463506 0.00926878 0.00231695 1.45473e-05 0.327651 0.197243 
0.12489 0.100667 8.96256e-05 1.26819e-05 0.184928 0.589412 
0.00133422 0.161648 0.000184128 4.93435e-08 0.0666947 0.770139 
0.00977049 0.50676 0.0749342 1.15942e-06 0.116413 0.292121 
0.00263676 0.775682 0.000255546 4.27871e-06 0.129566 0.0918554 
0.00934536 0.069863 6.64376e-05 4.13972e-06 0.792708 0.128013 
0.000390274 0.804846 0.000748789 0.000108914 0.161185 0.0327213 
2.95018e-07 0.000698338 2.18609e-08 1.56169e-08 0.000273145 0.999028 
0.0516416 0.0512382 0.00171691 0.000535597 0.613461 0.281407 
0.0031995 0.0181528 5.52837e-05 5.03144e-06 0.0081608 0.970427 
0.00065051 0.000763467 0.988519 1.11521e-07 0.000357614 0.00970932 
0.0562303 0.115765 0.000335231 5.51084e-05 0.0486804 0.778934 
0.0328932 0.204043 0.00850403 3.64649e-06 0.116308 0.638249 
0.0678313 0.0192498 0.00176402 3.67405e-06 0.2851 0.626051 
0.511073 0.0903931 0.000308298 1.49515e-05 0.230025 0.168187 
0.0204134 0.217668 0.0275907 4.23667e-06 0.151992 0.582332 
0.00065051 0.000763467 0.988519 1.11521e-07 0.000357614 0.00970932 
0.0214177 0.647171 0.000152747 2.06827e-05 0.196116 0.135122 
0.217381 0.020783 0.000109728 2.50957e-06 0.114063 0.64766 
0.714123 0.0118498 0.0462526 1.64215e-05 0.025473 0.202285 
0.150418 0.00358076 5.76529e-05 1.56514e-06 0.0975313 0.748411 
0.00781598 0.0501236 0.0245066 1.9297e-06 0.153379 0.764173 
0.00615844 0.00328381 9.93412e-07 1.1743e-11 0.00500937 0.985547 
0.119892 0.189115 0.0100146 0.000134555 0.218831 0.462013 
0.719663 0.00218005 0.00540628 3.7131e-09 0.00861158 0.264139 
0.00214046 0.0029352 5.86167e-06 3.68162e-09 0.82274 0.172179 
0.021769 0.181851 0.484175 6.36896e-05 0.133016 0.179125 
0.00170264 0.354956 0.336282 1.51868e-06 0.0605191 0.246539 
0.00275608 0.0816702 7.76917e-06 1.10979e-11 0.911734 0.00383201 
0.00065051 0.000763467 0.988519 1.11521e-07 0.000357614 0.00970932 
0.00319098 0.00707842 7.02262e-05 8.15629e-07 0.0436932 0.945966 
0.13972 0.090191 0.00525295 3.74593e-05 0.6576 0.107198 
0.00065051 0.000763467 0.988519 1.11521e-07 0.000357614 0.00970932 
0.0145885 0.0559292 0.0116411 0.000473062 0.0833582 0.83401 
0.0340431 0.00231931 0.000132693 7.05926e-06 0.0486562 0.914842 
0.00922893 0.0157231 7.14446e-06 1.07524e-07 0.101581 0.87346 
0.000444708 0.00417516 0.000201684 3.42101e-06 0.952915 0.0422598 
0.00065051 0.000763467 0.988519 1.11521e-07 0.000357614 0.00970932 
0.194808 0.0643484 0.000134244 3.83608e-05 0.0959571 0.644713 
0.00200489 0.00453156 9.38613e-06 6.95344e-09 0.294762 0.698692 
0.993725 0.000560067 0.000247726 3.57299e-07 0.00418955 0.00127714 
0.0131629 0.591372 0.0894085 0.00106085 0.0178804 0.287115 
0.0534438 0.0649301 0.00293932 0.00045685 0.0561386 0.822091 
0.00065051 0.000763467 0.988519 1.11521e-07 0.000357614 0.00970932 
0.00777445 0.339802 0.000396946 3.66828e-10 0.407796 0.244231 
0.021392 0.0507522 0.000240364 0.000232335 0.157443 0.76994 
0.00221316 0.00627687 0.000754969 5.65648e-06 0.926516 0.0642329 
0.0014734 0.348836 0.418673 1.56582e-11 0.112227 0.118791 
0.0661256 0.00684794 0.00241494 2.01015e-05 0.0495812 0.87501 
0.214212 0.141614 0.000364427 5.38091e-07 0.22626 0.417549 
0.508658 0.00414461 0.0177649 7.64401e-06 0.0612594 0.408165 
0.0501086 0.0064488 0.180015 5.87479e-09 0.0988236 0.664604 
0.00162726 0.554096 6.77974e-05 2.24743e-05 0.0113882 0.432799 
0.135567 0.263794 0.00250586 4.99864e-05 0.109478 0.488605 
0.119839 0.0167957 0.00746221 0.0013099 0.00862327 0.84597 
0.0143288 0.00440491 0.132466 1.09262e-11 0.0561565 0.792644 
0.0006099 0.239529 0.000231193 7.01503e-08 0.326929 0.432701 
0.00363851 0.0164811 0.00122246 0.000140991 0.0200966 0.95842 
0.0532387 0.00470305 0.000481687 1.33686e-05 0.276807 0.664756 
0.0561166 0.599051 0.00217717 0.000251905 0.0384935 0.30391 
0.000464716 0.000430783 2.39165e-05 1.62564e-05 0.0258314 0.973233 
0.00141642 0.992918 0.0014162 0.00141575 0.00141655 0.00141659 
0.0097712 0.708007 0.00131255 8.67929e-05 0.0390735 0.241749 
0.0357859 0.0171647 3.2719e-05 9.44738e-07 0.0103769 0.936639 
0.0752124 0.012689 0.00541146 0.000867473 0.0487348 0.857085 
0.216387 0.00473685 0.0174778 1.02641e-06 0.000101982 0.761296 
0.00824915 0.00104001 0.000536375 4.93709e-06 0.00970569 0.980464 
0.931943 0.0134619 0.000708447 2.50551e-12 0.0375534 0.0163331 
4.57911e-05 0.00507086 0.000238904 4.40451e-12 0.984142 0.0105028 
0.00065051 0.000763467 0.988519 1.11521e-07 0.000357614 0.00970932 
0.000141751 0.973356 2.62283e-05 1.82614e-05 0.00295111 0.0235064 
0.730131 0.109499 0.0498629 6.30669e-08 9.42421e-06 0.110497 
0.0193167 0.029767 0.0019408 0.000564155 0.076303 0.872108 
0.806727 0.00677514 0.00219472 1.1425e-06 0.023156 0.161146 
0.00065051 0.000763467 0.988519 1.11521e-07 0.000357614 0.00970932 
0.19415 0.0376122 0.000813943 1.33773e-08 0.715795 0.0516284 
0.132051 0.0619195 0.00597723 8.13926e-05 0.0623275 0.737643 
0.0208214 0.431434 0.0402801 1.6554e-05 0.320888 0.186561 
0.0209569 0.129276 0.14231 6.50126e-05 0.0688233 0.638569 
0.0174466 0.140731 0.0181484 0.00179105 0.183601 0.638283 
0.0292453 0.115735 0.000192433 9.653e-06 0.195319 0.659499 
0.0473699 0.74927 0.00865204 1.01423e-05 0.0913787 0.103319 
8.84397e-06 0.996954 0.000707161 6.73453e-12 0.00232051 9.15605e-06 
0.165132 0.0564536 0.0212551 4.27643e-06 0.224701 0.532454 
0.00869791 0.0106379 7.39039e-05 2.51528e-06 0.0355601 0.945028 
0.00372751 0.00848631 0.000294899 6.66699e-06 0.941348 0.0461367 
0.583474 0.039685 0.00053074 5.03986e-05 0.332345 0.0439148 
0.61728 0.081429 0.00108441 5.27769e-06 0.0110891 0.289112 
0.00625214 0.604823 0.010081 4.51604e-05 0.0867543 0.292044 
0.00065051 0.000763467 0.988519 1.11521e-07 0.000357614 0.00970932 
0.0103371 0.419539 0.227053 0.000782776 0.0624606 0.279828 
0.00065051 0.000763467 0.988519 1.11521e-07 0.000357614 0.00970932 
0.0314569 0.0553744 0.110658 0.00523779 0.124696 0.672577 
0.000206798 0.00800835 8.29851e-07 2.81167e-09 0.0447121 0.947072 
0.392262 0.00330782 0.00124205 1.53011e-06 0.0184688 0.584718 
0.4453 0.0042539 0.0287564 0.000487787 0.0821329 0.439069 
0.0164155 0.0378663 0.00105054 0.000852292 0.848772 0.0950435 
0.00297537 0.425028 3.74826e-05 3.5606e-05 0.0744129 0.497511 
0.00889978 0.0709026 0.00047631 2.78275e-05 0.000899964 0.918794 
0.000367941 0.0150218 1.18266e-05 1.45642e-10 0.0232624 0.961336 
0.813422 0.0287513 0.00333304 1.14141e-09 0.0957356 0.0587578 
0.00275608 0.0816702 7.76917e-06 1.10979e-11 0.911734 0.00383201 
0.228512 0.00155134 4.58324e-05 2.42298e-06 0.0628724 0.707016 
0.0110235 0.0328743 5.96835e-05 1.69341e-05 0.0683871 0.887638 
0.00424101 0.212491 0.0014081 5.28619e-05 0.00388887 0.777919 
0.00065051 0.000763467 0.988519 1.11521e-07 0.000357614 0.00970932 
0.0367138 0.0470749 0.0131319 0.000962003 0.0103859 0.891732 
0.0251178 0.00345857 0.00014624 6.13506e-05 0.0393852 0.931831 
0.102747 0.387036 0.0111659 1.76815e-07 0.00344778 0.495603 
0.00065051 0.000763467 0.988519 1.11521e-07 0.000357614 0.00970932 
0.00354731 0.0115322 6.51859e-06 2.56918e-09 0.0178462 0.967068 
0.0762311 0.311858 6.99824e-05 2.38444e-06 0.0158305 0.596008 
0.108902 0.0348037 0.100496 0.000167882 0.0365043 0.719126 
0.00065051 0.000763467 0.988519 1.11521e-07 0.000357614 0.00970932 
0.519791 0.0495678 0.000378099 1.01597e-05 0.00272789 0.427526 
0.00065051 0.000763467 0.988519 1.11521e-07 0.000357614 0.00970932 
0.0208197 0.246395 0.282334 3.57675e-05 0.0301164 0.420299 
0.0732756 0.0109951 0.00289794 1.31281e-05 0.0269197 0.885898 
0.361053 0.206424 0.000149021 1.35444e-07 0.235765 0.196608 
0.931943 0.0134619 0.000708447 2.50551e-12 0.0375534 0.0163331 
0.00280517 0.0295132 3.1649e-05 4.22896e-06 0.139251 0.828395 
0.0290976 0.599411 0.140095 0.0012571 0.0187488 0.21139 
0.315513 0.0331828 0.0500049 0.000678542 0.0606094 0.540011 
0.00065051 0.000763467 0.988519 1.11521e-07 0.000357614 0.00970932 
0.839381 0.0623945 0.000698959 0.000133061 0.0268093 0.0705836 
0.000444708 0.00417516 0.000201684 3.42101e-06 0.952915 0.0422598 
2.45223e-08 0.00319493 1.33717e-08 9.19336e-12 0.85724 0.139565 
0.0133854 0.771498 0.00463536 5.5841e-06 0.0960155 0.11446 
0.21941 0.137687 0.0035584 0.000182293 0.122344 0.516817 
0.00065051 0.000763467 0.988519 1.11521e-07 0.000357614 0.00970932 
0.00065051 0.000763467 0.988519 1.11521e-07 0.000357614 0.00970932 
0.00065051 0.000763467 0.988519 1.11521e-07 0.000357614 0.00970932 
0.0386017 0.583411 0.00603915 0.000465268 0.182476 0.189007 
0.0182094 0.0494162 7.76236e-05 2.68162e-06 0.650448 0.281846 
0.0244618 0.00994909 0.000101273 8.24261e-05 0.222642 0.742764 
0.0157236 0.62083 0.134573 0.0110811 0.061599 0.156194 
4.57911e-05 0.00507086 0.000238904 4.40451e-12 0.984142 0.0105028 
0.687313 0.022715 0.00341652 0.00027598 0.0265196 0.25976 
0.216387 0.00473685 0.0174778 1.02641e-06 0.000101982 0.761296 
0.0158194 0.0322691 0.0038535 0.000149331 0.103301 0.844608 
0.769453 0.0232096 5.69201e-05 2.57473e-05 0.0471327 0.160122 
0.0057472 0.025014 2.46815e-07 8.17185e-10 0.502965 0.466273 
0.511073 0.0903931 0.000308298 1.49515e-05 0.230025 0.168187 
0.0383803 0.162235 3.48826e-06 3.48715e-06 0.342287 0.457091 
0.00065051 0.000763467 0.988519 1.11521e-07 0.000357614 0.00970932 
0.00065051 0.000763467 0.988519 1.11521e-07 0.000357614 0.00970932 
0.0623796 0.0142395 0.00127745 0.000495316 0.0914333 0.830175 
0.0196295 0.00297859 0.0532177 7.04787e-07 0.0178656 0.906308 
0.255748 0.645369 0.00094291 3.15208e-08 0.00147985 0.0964608 
0.016729 0.166972 1.98729e-07 3.06448e-10 0.411921 0.404378 
0.348048 0.00938774 0.00303782 0.000304331 0.0701698 0.569052 
0.0476157 0.0945878 0.0380019 1.39392e-05 0.703489 0.116291 
0.0048172 0.0677523 0.000209141 3.16529e-05 0.45321 0.473979 
0.0611239 0.456036 0.000554004 4.15768e-05 0.171985 0.31026 
0.00589177 0.00522776 6.49389e-05 2.21455e-06 0.175159 0.813655 
0.00360375 0.279171 1.51942e-05 5.05286e-07 0.639216 0.0779934 
0.0491138 0.496155 0.0871397 0.00116812 0.0177895 0.348634 
0.0661453 0.0380503 0.00740333 3.97169e-05 0.055115 0.833246 
0.016268 0.0345999 0.00128547 0.00011976 0.841107 0.106619 
0.0143288 0.00440491 0.132466 1.09262e-11 0.0561565 0.792644 
0.0108828 0.037184 0.0108019 2.51685e-05 0.101865 0.839241 
0.0112202 0.00289516 0.000380424 2.36192e-05 0.522076 0.463404 
0.0247433 0.0522618 0.000307553 3.05434e-08 0.0369616 0.885726 
0.0108249 0.0848307 0.000762821 0.000418351 0.568437 0.334726 
0.00065051 0.000763467 0.988519 1.11521e-07 0.000357614 0.00970932 
0.0340431 0.00231931 0.000132693 7.05926e-06 0.0486562 0.914842 
0.00764954 0.00525215 7.41664e-05 7.10649e-05 0.026181 0.960772 
0.0410539 0.846219 0.0310103 5.28242e-06 0.0515079 0.0302035 
0.000444708 0.00417516 0.000201684 3.42101e-06 0.952915 0.0422598 
0.293434 0.0820845 0.000482485 7.70305e-05 0.169878 0.454044 
0.0232794 0.0368442 0.00568413 0.000181523 0.758326 0.175685 
0.0168383 0.0773855 0.0355006 0.0014003 0.0214891 0.847386 
0.00323229 0.636758 0.000400688 1.10239e-06 0.0949138 0.264694 
0.00353731 0.383861 0.00103114 0.000168464 0.0665615 0.544841 
0.00132896 0.0309707 0.000225733 2.75737e-05 0.0547274 0.91272 
0.0199757 0.0585565 0.114494 0.000759155 0.109546 0.696669 
0.000575264 0.00682193 0.000371409 5.89529e-07 0.909475 0.0827558 
0.0143288 0.00440491 0.132466 1.09262e-11 0.0561565 0.792644 
0.00065051 0.000763467 0.988519 1.11521e-07 0.000357614 0.00970932 
0.0285245 0.355015 5.74258e-05 2.20214e-06 0.099188 0.517213 
0.00277392 0.65111 0.185057 4.42665e-08 0.142799 0.0182602 
0.00065051 0.000763467 0.988519 1.11521e-07 0.000357614 0.00970932 
0.0110285 0.0777721 0.00395473 8.84712e-08 0.000332412 0.906912 
0.0652933 0.220998 0.0029858 0.00273244 0.145371 0.562619 
0.302662 0.042366 0.0503477 0.000868465 0.0524274 0.551328 
0.039766 0.0653641 0.0010329 1.70998e-05 0.17137 0.72245 
0.0123896 0.351636 0.00091476 0.000310818 0.111344 0.523404 
0.0741735 0.039279 0.0173838 1.90767e-05 0.229436 0.639708 
0.308745 0.00757718 4.89121e-05 6.2006e-06 0.070961 0.612662 
0.97886 0.00993186 6.08368e-05 9.87365e-06 0.00760303 0.00353402 
0.00065051 0.000763467 0.988519 1.11521e-07 0.000357614 0.00970932 
0.0901688 0.0672074 0.00618463 0.000251874 0.138612 0.697575 
0.00117395 0.871041 2.95927e-08 4.13947e-11 0.0627435 0.0650417 
0.00685475 0.447465 0.0829658 4.43206e-08 0.00180316 0.460912 
0.00162726 0.554096 6.77974e-05 2.24743e-05 0.0113882 0.432799 
0.806727 0.00677514 0.00219472 1.1425e-06 0.023156 0.161146 
0.000399702 0.0471246 0.00107956 3.67762e-08 0.0547042 0.896692 
0.00278458 0.764107 0.0753623 0.000233796 0.035967 0.121545 
0.00065051 0.000763467 0.988519 1.11521e-07 0.000357614 0.00970932 
0.00065051 0.000763467 0.988519 1.11521e-07 0.000357614 0.00970932 
0.00065051 0.000763467 0.988519 1.11521e-07 0.000357614 0.00970932 
0.224308 0.019029 6.14305e-05 1.88102e-05 0.335327 0.421256 
0.961901 0.0107498 0.000223957 3.75962e-09 0.0260859 0.00103941 
0.0300484 0.0783129 0.000375977 2.73697e-05 0.816938 0.0742974 
0.00569885 0.0829393 0.000953368 1.60654e-08 0.744971 0.165437 
0.00598125 0.0397518 0.000834618 8.80162e-05 0.529377 0.423968 
0.033058 0.109336 0.0028558 0.000616365 0.0457888 0.808345 
0.0157587 0.00162643 2.49751e-06 9.83966e-08 0.068116 0.914496 
8.54001e-05 0.0522792 1.67584e-07 9.21573e-08 0.87391 0.0737254 
0.0304974 0.494794 0.00222354 0.000139001 0.071328 0.401018 
0.0870077 0.0520474 0.0143803 0.00140494 0.0575065 0.787653 
0.00860697 0.20972 4.00367e-05 2.69116e-05 0.0470003 0.734606 
0.00065051 0.000763467 0.988519 1.11521e-07 0.000357614 0.00970932 
0.0191365 0.197152 0.000150314 1.21908e-05 0.0373586 0.746191 
0.0112466 0.529941 0.102038 0.000127013 0.00215473 0.354492 
0.0117393 0.01815 0.00189556 1.095e-05 0.848089 0.120115 
0.000281251 0.626414 0.00014667 9.70545e-05 0.353031 0.0200301 
0.0628554 0.0769805 0.000257767 8.98378e-06 0.0867627 0.773135 
0.0161721 0.00733911 3.80233e-05 6.87965e-06 0.0947626 0.881681 
0.0169667 0.115005 0.0234281 0.000147876 0.0200618 0.824391 
0.00065051 0.000763467 0.988519 1.11521e-07 0.000357614 0.00970932 
0.158077 0.254573 0.0285692 0.000395255 0.446831 0.111555 
0.0692384 0.0136077 0.00636797 0.000317976 0.118594 0.791874 
0.0533456 0.00673994 8.56019e-05 7.98869e-07 0.0293229 0.910505 
0.0769801 0.81855 0.000186408 1.02208e-09 0.0939112 0.0103727 
0.00130654 0.0347362 0.000218251 2.90404e-05 0.0330514 0.930659 
0.0252393 0.0345832 0.00133227 0.000532883 0.782336 0.155976 
0.0021382 0.0148894 5.21915e-05 2.0632e-08 0.102845 0.880075 
0.00065051 0.000763467 0.988519 1.11521e-07 0.000357614 0.00970932 
0.00630622 0.0799639 0.000115651 1.38572e-05 0.168022 0.745579 
0.218071 0.0087191 0.000143799 1.61177e-05 0.160966 0.612084 
0.0160735 0.437457 0.00341989 0.00198319 0.0824242 0.458642 
0.000552888 0.00500517 0.000242441 4.27503e-06 0.941381 0.0528147 
0.00065051 0.000763467 0.988519 1.11521e-07 0.000357614 0.00970932 
0.000575264 0.00682193 0.000371409 5.89529e-07 0.909475 0.0827558 
0.00065051 0.000763467 0.988519 1.11521e-07 0.000357614 0.00970932 
0.66654 0.0810972 0.0499148 0.000138367 0.0510478 0.151261 
0.059737 0.0475266 0.00610013 9.93492e-06 0.0934961 0.79313 
0.0417372 0.032454 0.144006 6.76746e-05 0.0627621 0.718973 
0.00566934 0.594069 0.235376 0.000165865 0.0117087 0.153012 
0.226506 0.0100352 0.00883322 0.000100368 0.12714 0.627385 
0.76672 0.0188527 2.19699e-05 3.54522e-06 0.00796193 0.20644 
0.0194761 0.674761 0.000808001 1.4332e-05 0.00911698 0.295824 
0.00065051 0.000763467 0.988519 1.11521e-07 0.000357614 0.00970932 
0.00065051 0.000763467 0.988519 1.11521e-07 0.000357614 0.00970932 
0.125338 0.0384975 0.000109802 4.25601e-07 0.0557744 0.78028 
0.000825299 0.48648 6.3789e-07 6.70474e-10 0.36763 0.145064 
0.00328932 0.382208 1.75816e-06 1.59073e-06 0.418584 0.195915 
3.57041e-05 0.421348 3.56985e-05 3.56871e-05 0.0464554 0.53209 
0.0469388 0.18065 6.46086e-05 2.46776e-12 0.049637 0.722709 
0.0135744 0.018655 0.000372861 6.35936e-05 0.0585696 0.908765 
0.067129 0.0117266 0.602175 1.03744e-05 0.0950018 0.223958 
0.00682798 0.0143136 6.51164e-05 8.94643e-06 0.0406445 0.93814 
0.840126 0.0230434 6.70779e-05 4.90722e-12 0.116613 0.0201501 
0.0290229 0.0515385 0.00307168 0.000148658 0.0985696 0.817649 
0.0337769 0.0128614 0.00540486 6.00277e-06 0.755253 0.192698 
0.0224078 0.651887 0.00030699 2.34844e-05 0.0550196 0.270355 
0.00065051 0.000763467 0.988519 1.11521e-07 0.000357614 0.00970932 
0.0670441 0.0326676 0.000652699 0.000425389 0.105557 0.793653 
0.00567153 0.959906 1.7041e-06 1.08116e-08 1.54603e-05 0.0344051 
0.02897 0.128117 0.000454393 3.98806e-06 0.151633 0.690821 
0.0158726 0.151424 0.000343027 1.59276e-05 0.159558 0.672787 
0.00275608 0.0816702 7.76917e-06 1.10979e-11 0.911734 0.00383201 
0.519673 0.18393 0.0208658 1.12509e-06 0.00832768 0.267202 
0.00778057 0.446439 0.22257 7.98053e-08 0.0338802 0.28933 
0.968578 0.00757244 0.00168202 3.42183e-06 0.0119747 0.0101895 
0.00065051 0.000763467 0.988519 1.11521e-07 0.000357614 0.00970932 
0.0400639 0.267752 0.00105334 1.17327e-06 0.132577 0.558552 
0.00117665 0.547988 0.000102849 8.08042e-05 0.178975 0.271677 
0.0995442 0.0160967 0.000640016 6.02582e-09 0.0137048 0.870014 
0.090445 0.530453 0.00228109 0.00200917 0.0250846 0.349727 
0.0103924 0.561819 0.000123607 2.46979e-05 0.145878 0.281762 
0.00065051 0.000763467 0.988519 1.11521e-07 0.000357614 0.00970932 
0.0999321 0.00117178 6.82922e-05 3.44713e-07 0.00455586 0.894272 
0.0664847 0.00907361 0.000105169 6.91311e-05 0.0604684 0.863799 
0.0320618 0.0290279 0.00516262 0.00172171 0.0631072 0.868919 
0.0226011 0.0589516 0.0319348 0.00191829 0.0275383 0.857056 
0.327956 0.00922847 0.00568504 3.72869e-05 0.0429186 0.614174 
0.085998 0.443478 2.64559e-06 2.64475e-06 0.0587494 0.411769 
0.00065051 0.000763467 0.988519 1.11521e-07 0.000357614 0.00970932 
0.00869791 0.0106379 7.39039e-05 2.51528e-06 0.0355601 0.945028 
0.0110365 0.0177232 0.000553839 3.01373e-05 0.0220554 0.948601 
0.160477 0.18027 0.0305634 5.1452e-06 0.0861823 0.542502 
0.498893 0.00429598 2.2803e-06 2.98204e-07 0.27063 0.226178 
0.00315226 0.163056 0.665897 6.08303e-05 0.10681 0.0610236 
0.00671711 0.0370123 1.49212e-06 1.49165e-06 0.0244783 0.931789 
0.0639175 0.535372 0.0855752 8.74216e-05 0.203079 0.111969 
0.0569353 0.00666289 0.000622132 0.000278322 0.600757 0.334744 
0.0857935 0.00689191 0.0191456 0.000184175 0.133927 0.754058 
0.052708 0.0405607 0.00347047 0.000193552 0.148639 0.754428 
0.0166077 0.0161177 0.32167 4.59772e-08 0.0107229 0.634882 
0.00065051 0.000763467 0.988519 1.11521e-07 0.000357614 0.00970932 
0.00198314 0.119066 8.03723e-05 2.69577e-05 0.00147103 0.877373 
0.00170647 0.000645328 0.000236905 6.78336e-09 0.002923 0.994488 
0.97886 0.00993186 6.08368e-05 9.87365e-06 0.00760303 0.00353402 
0.000102272 0.0652565 0.000196242 2.88293e-06 0.799635 0.134808 
0.00065051 0.000763467 0.988519 1.11521e-07 0.000357614 0.00970932 
0.00733347 0.181353 8.32605e-06 3.23249e-11 0.597476 0.213829 
8.84397e-06 0.996954 0.000707161 6.73453e-12 0.00232051 9.15605e-06 
0.0633887 0.156741 0.00834902 5.95425e-06 0.0647709 0.706744 
0.00362213 0.789274 0.0543555 0.000302758 0.0164558 0.13599 
0.120848 0.327345 1.91281e-07 8.06309e-08 0.183809 0.367997 
0.00065051 0.000763467 0.988519 1.11521e-07 0.000357614 0.00970932 
0.225363 0.360489 0.000824376 1.1608e-07 0.00606931 0.407253 
0.00459615 0.016775 0.000634463 8.32832e-05 0.535756 0.442155 
0.021679 0.266968 0.00756308 0.00641309 0.080712 0.616665 
0.000572286 0.880811 0.00179608 6.64603e-05 0.0111502 0.105604 
0.0256589 0.143215 4.47765e-05 1.05686e-05 0.246075 0.584996 
0.0253624 0.00396471 4.9455e-05 1.21165e-06 0.0165151 0.954107 
0.0093949 0.0216917 0.000202583 7.63576e-07 0.0773901 0.89132 
0.00650907 0.0100655 2.25773e-05 3.81803e-11 0.136269 0.847134 
0.0322757 0.0158555 0.0097057 0.00043403 0.0725898 0.869139 
0.100552 0.123347 0.00414527 5.46717e-05 0.0202981 0.751603 
0.0209562 0.0525706 0.000226454 6.89817e-07 0.843812 0.0824341 
0.00065051 0.000763467 0.988519 1.11521e-07 0.000357614 0.00970932 
0.0456643 0.00171595 0.0139591 1.72112e-12 0.0535776 0.885083 
0.00065051 0.000763467 0.988519 1.11521e-07 0.000357614 0.00970932 
0.00882953 0.00229313 0.00361974 6.82923e-12 0.0382451 0.947012 
0.0112217 0.034644 3.94479e-05 2.33519e-05 0.0763116 0.87776 
0.0163489 0.0390718 0.00432179 0.00161136 0.0987524 0.839894 
0.0340431 0.00231931 0.000132693 7.05926e-06 0.0486562 0.914842 
0.0668832 0.251539 4.41431e-05 2.01786e-05 0.613323 0.0681905 
0.0351824 0.0938196 0.000138252 4.55316e-11 0.114008 0.756852 
0.0420222 0.0406581 0.00942489 0.000296689 0.052849 0.854749 
0.000426665 0.682616 5.3614e-05 2.55725e-07 0.0611823 0.255722 
0.00609387 0.288078 0.0397906 0.000990858 0.110197 0.554849 
0.0133987 0.0107711 5.1267e-06 2.03289e-09 0.00445479 0.97137 
0.02239 0.219321 0.0277512 8.33358e-08 0.00140197 0.729135 
0.521755 0.00327523 4.95095e-05 5.33525e-06 0.0196974 0.455218 
0.0326991 0.000575862 0.000151936 1.23309e-11 0.0289068 0.937666 
0.105226 0.0602358 0.00582202 0.000636415 0.104246 0.723834 
0.0551359 0.0407122 4.02395e-05 1.8131e-05 0.162011 0.742082 
0.116514 0.0281857 0.0206282 0.000553224 0.0500362 0.784083 
0.00942366 0.424141 0.000212207 3.07278e-05 0.0637383 0.502454 
0.015583 0.0585833 0.00317211 1.97243e-05 0.62055 0.302091 
0.000444708 0.00417516 0.000201684 3.42101e-06 0.952915 0.0422598 
0.353538 0.026809 0.00015929 0.000112315 0.0584685 0.560913 
0.0268974 0.00155732 3.03928e-05 2.7703e-07 0.722283 0.249231 
0.0887298 0.0267003 0.00175277 4.295e-05 0.147678 0.735096 
0.06219 0.120958 0.0145482 9.70915e-08 0.0602371 0.742067 
0.000886955 0.0129757 0.00079486 5.85144e-06 0.106155 0.879181 
0.00809781 0.533046 0.00012323 8.55707e-05 0.347935 0.110712 
0.0713867 0.0028334 1.5865e-06 2.92002e-11 0.589971 0.335807 
8.84397e-06 0.996954 0.000707161 6.73453e-12 0.00232051 9.15605e-06 
1.49751e-05 0.754127 2.1397e-06 6.27753e-07 0.0130891 0.232766 
0.0100296 0.00928941 4.11331e-05 9.10849e-06 0.0622677 0.918363 
0.246009 0.0476681 0.00790094 4.94932e-05 0.0586307 0.639741 
0.0447842 0.1195 0.000754903 0.000135815 0.0805516 0.754274 
0.00846773 0.0270067 0.00285505 0.000393795 0.321207 0.640069 
0.00065051 0.000763467 0.988519 1.11521e-07 0.000357614 0.00970932 
0.00193023 0.675303 7.32724e-06 6.50476e-06 5.91587e-05 0.322694 
0.0280142 0.367333 0.143754 0.00142498 0.0439291 0.415545 
0.0123893 0.0434711 2.5714e-08 3.74626e-11 0.877189 0.0669502 
0.0133854 0.771498 0.00463536 5.5841e-06 0.0960155 0.11446 
0.00251125 0.00994594 5.41828e-05 2.22293e-05 0.902041 0.0854252 
0.0308591 0.0321015 9.55214e-07 9.5491e-07 0.0368815 0.900156 
0.0710329 0.00418794 0.00083823 0.000256135 0.0579176 0.865767 
0.0344446 0.34927 0.00788353 0.00273316 0.141374 0.464295 
0.790593 0.0348328 0.000134543 6.70846e-08 0.164674 0.00976592 
0.000444708 0.00417516 0.000201684 3.42101e-06 0.952915 0.0422598 
0.133588 0.146947 0.185227 0.0321046 0.0402972 0.461836 
0.000456661 0.00234673 0.000346327 1.5779e-05 0.995271 0.00156328 
4.56784e-06 0.399695 4.56712e-06 4.56567e-06 0.105531 0.49476 
0.081192 0.0456359 0.000249515 0.000108642 0.144013 0.728801 
0.0168338 0.153234 0.00122766 8.37851e-06 0.691006 0.13769 
0.00181133 0.10258 8.18046e-05 5.58111e-06 0.060522 0.834999 
0.00065051 0.000763467 0.988519 1.11521e-07 0.000357614 0.00970932 
0.00607043 0.00294148 5.19407e-05 6.25046e-09 0.978981 0.011955 
0.0148131 0.0630659 0.00508849 8.7382e-08 0.820928 0.0961039 
0.0298532 0.00375599 9.44688e-05 5.45271e-08 0.0704235 0.895873 
0.0374566 0.0236453 0.0740814 4.19958e-11 0.0589801 0.805837 
0.00065051 0.000763467 0.988519 1.11521e-07 0.000357614 0.00970932 
0.913171 0.00270406 8.67344e-05 2.08007e-11 0.0454158 0.0386228 
0.0245771 0.519285 0.000205147 0.000112382 0.132404 0.323416 
0.19981 0.0154854 0.000268133 1.4977e-07 0.10139 0.683046 
0.0212441 0.0656169 9.33215e-05 3.88941e-06 0.222822 0.69022 
0.0909305 0.0640274 0.00111977 0.000477247 0.073575 0.76987 
0.0255911 0.0434607 0.0612034 0.000328228 0.0331955 0.836221 
0.469107 0.00624388 0.001362 1.05541e-05 0.062313 0.460963 
0.730131 0.109499 0.0498629 6.30669e-08 9.42421e-06 0.110497 
0.00065051 0.000763467 0.988519 1.11521e-07 0.000357614 0.00970932 
0.363203 0.0829895 0.00234734 1.23538e-08 0.254445 0.297015 
0.00755317 0.0277256 7.88142e-05 2.64046e-07 0.720094 0.244548 
0.0680134 0.341532 0.000855209 1.65038e-06 0.153585 0.436012 
0.0216948 0.785255 2.09799e-05 1.16758e-09 0.079365 0.113664 
0.159234 0.0380508 0.00735544 0.00039036 0.0231442 0.771825 
0.97886 0.00993186 6.08368e-05 9.87365e-06 0.00760303 0.00353402 
0.00358096 0.036271 3.80012e-05 1.14296e-06 0.189002 0.771106 
0.00065051 0.000763467 0.988519 1.11521e-07 0.000357614 0.00970932 
0.00153171 0.00167411 0.010324 3.09618e-09 0.030104 0.956366 
0.0667042 0.387341 0.00103907 1.89922e-06 0.352631 0.192283 
0.0110656 0.0321012 0.0013303 3.0534e-06 0.898684 0.0568162 
0.021999 0.0482173 0.000685336 9.6288e-07 0.698338 0.230759 
0.495145 0.0723832 0.028363 5.90664e-05 0.0659955 0.338054 
0.15686 0.301522 0.0345128 1.82902e-08 0.425805 0.0813004 
0.0617358 0.0365309 0.000951109 0.000444335 0.0669029 0.833435 
0.101098 0.0038602 0.000126856 6.79045e-05 0.000912003 0.893935 
0.0113701 0.0006057 5.9106e-05 3.64044e-07 0.176324 0.81164 
0.0716136 0.0510494 0.000217132 4.16489e-10 0.375074 0.502046 
0.0561781 0.0177049 0.0551304 7.4015e-06 0.0742616 0.796718 
0.0214895 0.00760187 0.000319967 1.3173e-07 0.0837493 0.886839 
0.0219393 0.000214148 0.000350324 3.55903e-07 0.0132398 0.964256 
0.00262324 0.00973817 9.23844e-05 9.85715e-07 0.956779 0.0307667 
0.00398732 0.41082 0.000737635 4.3862e-06 0.347549 0.236902 
0.0384126 0.0595594 0.0311674 0.000104996 0.0570719 0.813684 
0.702494 0.00399625 0.0062636 1.5294e-10 0.0335317 0.253714 
0.058604 0.617851 2.41617e-06 2.53581e-08 0.101944 0.221598 
0.00549623 0.547922 0.00619117 6.91559e-06 0.106783 0.3336 
0.713528 0.0224278 0.000734248 1.17318e-06 0.0765305 0.186779 
0.627062 0.000470865 7.19666e-05 3.98858e-07 0.0212287 0.351166 
0.0107529 0.747776 0.000629862 5.01997e-05 0.0213134 0.219477 
0.758436 0.160554 0.00717448 0.00184737 0.0292053 0.0427835 
8.84397e-06 0.996954 0.000707161 6.73453e-12 0.00232051 9.15605e-06 
0.0195973 0.0326796 0.0525336 3.61665e-06 0.179884 0.715302 
0.019173 0.0605304 0.0311859 9.38086e-05 0.637759 0.251258 
0.00941557 0.587306 0.202641 0.000255645 0.0238123 0.17657 
0.00186965 0.0423227 2.40739e-05 2.08754e-07 0.178406 0.777377 
0.968578 0.00757244 0.00168202 3.42183e-06 0.0119747 0.0101895 
0.632696 0.00479315 0.00500111 1.36611e-10 0.0426544 0.314856 
0.0191376 0.0260653 0.0445196 9.73503e-05 0.0218511 0.888329 
0.0218359 0.600595 0.0803854 0.000529464 0.0152277 0.281426 
0.0222123 0.0924525 5.60727e-05 2.416e-05 0.321284 0.563971 
0.00065051 0.000763467 0.988519 1.11521e-07 0.000357614 0.00970932 
0.00920617 0.0249968 0.00216368 3.4107e-05 0.0582534 0.905346 
0.0907039 0.0110725 0.000151993 9.04857e-05 0.061692 0.836289 
0.00972585 0.613769 0.132468 7.31728e-05 0.113061 0.130903 
0.0331894 0.000565372 4.55833e-05 4.11935e-07 0.804448 0.161752 
0.00065051 0.000763467 0.988519 1.11521e-07 0.000357614 0.00970932 
0.758386 0.0118435 0.000994222 8.52878e-09 0.195027 0.0337493 
0.69485 0.0073676 0.00731639 2.0462e-10 0.0116653 0.278801 
0.0099875 0.539062 2.82225e-05 1.42911e-07 0.34388 0.107042 
0.0227934 0.20176 0.00022725 3.75101e-07 0.553398 0.221821 
0.00065051 0.000763467 0.988519 1.11521e-07 0.000357614 0.00970932 
0.0106936 0.0950085 0.000666736 3.89198e-05 0.00078301 0.892809 
0.0741983 0.0335194 0.179489 9.49529e-05 0.394618 0.31808 
0.00065051 0.000763467 0.988519 1.11521e-07 0.000357614 0.00970932 
0.157308 0.112023 0.0177145 0.000213156 0.0609839 0.651758 
0.0172465 0.0111995 6.26349e-05 6.94405e-06 0.0508367 0.920648 
0.0827764 0.086507 0.000687689 0.00017238 0.145708 0.684148 
0.00065051 0.000763467 0.988519 1.11521e-07 0.000357614 0.00970932 
0.00396851 0.145512 0.000246443 0.000102969 0.203377 0.646793 
0.025248 0.152779 4.09136e-05 1.00041e-05 0.216302 0.60562 
0.0454768 0.00274462 2.03383e-05 4.4264e-07 0.102455 0.849303 
0.166678 0.16668 0.166652 0.166599 0.166693 0.166698 
0.00065051 0.000763467 0.988519 1.11521e-07 0.000357614 0.00970932 
0.0138188 0.0172653 0.0675214 9.69355e-05 0.196539 0.704759 
0.00065051 0.000763467 0.988519 1.11521e-07 0.000357614 0.00970932 
