0.00459615 0.016775 0.000634463 8.32832e-05 0.535756 0.442155 
0.00642432 0.182897 0.000211571 0.000449131 0.465011 0.345007 
0.0179968 0.0741237 1.5367e-05 5.38977e-05 0.705907 0.201903 
0.0325191 0.0140942 0.00060486 0.000381741 0.556385 0.396015 
0.00486351 0.0489863 0.000258519 6.99226e-05 0.839247 0.106575 
0.0177004 0.00861389 9.77948e-08 3.74301e-05 0.599467 0.374181 
0.000674833 0.00525095 0.0003548 6.08805e-06 0.979241 0.0144726 
0.00275608 0.0816702 7.76917e-06 1.10979e-11 0.911734 0.00383201 
0.000444708 0.00417516 0.000201684 3.42101e-06 0.952915 0.0422598 
0.00237003 0.00102788 1.06855e-07 2.2047e-07 0.948047 0.0485551 
0.00466595 0.00459687 0.000116005 2.55413e-05 0.934515 0.0560802 
0.0345695 0.229732 2.29649e-07 0.00118501 0.429032 0.305482 
3.97743e-05 0.00261653 0.000388759 1.41168e-07 0.973676 0.0232787 
0.000949915 0.0174123 6.33633e-05 7.06862e-05 0.944373 0.0371308 
0.0248737 0.083669 0.0107838 3.39519e-06 0.691479 0.189191 
0.000575264 0.00682193 0.000371409 5.89529e-07 0.909475 0.0827558 
0.00275608 0.0816702 7.76917e-06 1.10979e-11 0.911734 0.00383201 
0.0316693 0.0544136 0.000127199 1.46938e-05 0.612967 0.300808 
0.000989738 0.00492126 6.50813e-05 2.15264e-09 0.925609 0.0684152 
5.64332e-05 0.217983 0.00222712 0.0273955 0.603676 0.148662 
0.0103115 0.0509535 0.000377473 0.0014778 0.792923 0.143957 
0.295087 6.41869e-08 6.48399e-13 8.83092e-09 0.478406 0.226507 
0.00049249 0.00354882 0.000410671 2.82233e-06 0.956369 0.039176 
0.000444708 0.00417516 0.000201684 3.42101e-06 0.952915 0.0422598 
0.182724 0.0252108 2.8362e-07 1.39926e-07 0.679866 0.112199 
0.016931 0.107333 0.000197466 0.00289247 0.699706 0.17294 
0.0305043 0.0180221 1.51287e-07 3.59676e-09 0.659718 0.291756 
0.0142848 0.0172428 0.00037461 1.81907e-06 0.808981 0.159115 
3.97743e-05 0.00261653 0.000388759 1.41168e-07 0.973676 0.0232787 
0.00777445 0.339802 0.000396946 3.66828e-10 0.407796 0.244231 
0.000192829 0.0046348 1.16858e-05 8.49054e-07 0.707691 0.287469 
0.00273188 0.0244786 0.0014891 2.32999e-05 0.897662 0.073615 
0.00970752 0.0985133 1.65326e-05 9.36086e-05 0.712606 0.179063 
0.00649132 0.0209674 0.00375898 1.51911e-11 0.96813 0.000651911 
0.000444708 0.00417516 0.000201684 3.42101e-06 0.952915 0.0422598 
0.0201214 0.0364963 3.55765e-05 3.1809e-07 0.747538 0.195808 
0.00469605 0.0607764 0.000155599 0.00148821 0.922617 0.0102664 
0.0117158 0.067089 0.000165372 1.74246e-05 0.852628 0.0683843 
0.00296552 0.0316199 0.000586359 0.000278844 0.793499 0.17105 
0.000789473 0.00509539 0.000226596 3.4596e-07 0.927669 0.0662191 
0.000444708 0.00417516 0.000201684 3.42101e-06 0.952915 0.0422598 
0.0041011 0.00446136 0.000409638 0.00708773 0.918038 0.0659021 
0.00503212 0.0490159 0.00284766 5.11753e-08 0.665021 0.278083 
0.00466595 0.00459687 0.000116005 2.55413e-05 0.934515 0.0560802 
0.0091421 0.151676 0.000329017 0.00036343 0.65661 0.18188 
0.00100405 0.000473739 1.16871e-12 5.30733e-09 0.988746 0.00977668 
0.0041011 0.00446136 0.000409638 0.00708773 0.918038 0.0659021 
0.00945785 0.0324965 2.66385e-06 2.74742e-07 0.94282 0.0152226 
0.0016797 0.00119491 2.68044e-05 8.68147e-10 0.82318 0.173919 
0.00518746 0.0263709 9.58022e-05 3.75396e-07 0.825145 0.143201 
0.0153365 0.263653 0.00014241 0.0146046 0.382607 0.323656 
0.00539752 0.0670583 0.00267977 1.39415e-05 0.837721 0.0871298 
0.000444708 0.00417516 0.000201684 3.42101e-06 0.952915 0.0422598 
0.0406585 0.0374711 0.00133963 0.000844185 0.723467 0.19622 
0.0302565 0.0143715 0.00119831 0.0134219 0.782457 0.158295 
0.0532283 0.283456 0.000518691 6.39112e-05 0.399449 0.263284 
0.00125676 0.245432 0.000519835 0.00195694 0.511037 0.239798 
0.091174 0.369476 0.0124731 5.79022e-07 0.411964 0.114912 
0.00212117 0.0568404 0.0347034 0.0467656 0.594284 0.265285 
0.0108449 0.0222773 0.00587229 0.00154616 0.873229 0.08623 
0.0436257 0.0225948 0.000127501 1.49136e-06 0.758646 0.175004 
0.129055 0.0250802 6.98176e-05 0.000161339 0.449361 0.396273 
0.000706355 0.00780666 0.000482815 1.92609e-05 0.92944 0.0615445 
0.000463959 0.0237884 0.000121617 2.09999e-07 0.848838 0.126788 
1.34937e-05 0.286174 0.00085527 1.33085e-05 0.618015 0.0949291 
0.0609861 0.0579441 0.000975164 0.00337961 0.613497 0.263218 
0.0182616 0.00715104 9.23283e-06 1.13773e-07 0.961688 0.0128903 
0.0139373 0.00875294 9.30312e-05 0.00567894 0.918394 0.0531443 
0.0633827 0.35458 0.000183586 1.92709e-05 0.444313 0.137521 
0.00309877 0.0124275 5.043e-05 0.00708779 0.933681 0.0436543 
0.000342283 0.00477665 4.55318e-06 4.38429e-09 0.980201 0.0146756 
0.00268898 0.00136647 3.92867e-10 1.34716e-05 0.98366 0.012271 
0.0146768 0.0257283 0.000199366 0.000215548 0.716813 0.242367 
0.00191416 0.069858 2.72332e-07 0.000114704 0.880403 0.0477099 
0.00156237 0.0608963 1.16037e-10 0.000275186 0.854831 0.0824352 
0.00532336 0.0282527 0.000184407 4.80403e-05 0.827586 0.138605 
0.069521 0.000505869 4.50558e-05 7.0693e-08 0.910338 0.01959 
0.000444708 0.00417516 0.000201684 3.42101e-06 0.952915 0.0422598 
0.25809 0.0150201 0.000841447 8.64903e-05 0.627318 0.098644 
0.0550981 0.0620872 0.000691238 1.73277e-07 0.727079 0.155044 
0.00639838 0.407345 0.000111481 0.000663732 0.412143 0.173339 
0.0068681 0.145067 3.11019e-05 0.000429766 0.438562 0.409042 
0.0355618 0.134151 5.38648e-06 5.38476e-06 0.670787 0.159489 
0.0195037 0.0174892 7.03703e-05 2.86599e-06 0.905546 0.0573882 
0.0247213 0.202089 0.0387424 3.37235e-05 0.598898 0.135516 
0.00860569 0.338894 1.07951e-05 0.00029372 0.396977 0.255219 
0.00834141 7.6853e-05 3.70745e-09 1.16346e-11 0.97289 0.0186913 
0.0255281 0.0233609 0.000688079 2.27307e-05 0.81222 0.13818 
0.00236576 0.035558 2.13669e-10 3.62208e-08 0.680563 0.281514 
0.0218143 0.00233906 3.97584e-06 4.86687e-11 0.855946 0.119897 
0.00412304 0.002049 7.65469e-12 1.57936e-11 0.887277 0.106551 
0.0734453 0.192337 0.000160577 1.28975e-05 0.37214 0.361904 
0.0193604 0.226041 0.000486793 0.000852652 0.552833 0.200426 
0.0155281 0.173064 5.42503e-08 0.000174373 0.720885 0.0903482 
0.0161637 0.00264639 0.000171012 5.96542e-06 0.856438 0.124575 
0.0470066 0.0713217 0.000306032 1.62038e-10 0.798451 0.082915 
0.000989738 0.00492126 6.50813e-05 2.15264e-09 0.925609 0.0684152 
0.00122576 0.0254322 4.33437e-08 9.15372e-10 0.958866 0.0144758 
0.00592855 0.107394 6.04756e-05 2.4738e-08 0.818646 0.0679706 
0.0216615 0.0260216 0.000521165 5.12022e-06 0.550035 0.401755 
0.0371153 0.0668299 0.00655728 0.00335904 0.477591 0.408547 
0.00228189 0.0142631 2.15124e-06 1.10483e-08 0.682223 0.30123 
0.0666528 0.00634138 1.38621e-08 2.30865e-08 0.919506 0.0074998 
0.0166104 0.106836 0.000479478 4.11116e-07 0.726419 0.149655 
0.123293 0.00658334 0.000155159 1.53746e-07 0.812189 0.0577786 
0.0438945 0.237608 0.00205709 0.0135989 0.393814 0.309027 
0.00466595 0.00459687 0.000116005 2.55413e-05 0.934515 0.0560802 
1.21275e-05 0.21126 5.12004e-06 4.98074e-07 0.702904 0.0858176 
0.00321179 0.119375 1.20378e-05 4.39634e-07 0.754332 0.123069 
0.00319647 0.00255634 8.05365e-05 8.84141e-06 0.895204 0.0989539 
0.0424206 0.0309049 5.54683e-05 1.97265e-08 0.689182 0.237437 
0.00429879 0.0220219 3.97033e-06 4.9079e-10 0.972082 0.00159366 
0.00060589 0.000684655 2.53466e-08 2.06836e-08 0.992353 0.00635632 
0.00605799 0.0313711 0.00229888 0.00224774 0.806691 0.151333 
0.00817372 0.0661505 0.000219008 0.000196547 0.786291 0.138969 
0.244231 0.112662 0.0259298 0.000272539 0.396405 0.220501 
0.00296741 0.0311154 7.72485e-06 5.96155e-06 0.821992 0.143912 
0.0429176 0.0977111 0.000790098 0.000241971 0.797242 0.061097 
0.093355 0.229666 2.36069e-05 0.0176276 0.380492 0.278836 
0.0639211 0.00296696 1.48864e-05 1.97805e-07 0.793648 0.139449 
0.00754303 0.0215882 6.10179e-05 0.00327133 0.728933 0.238604 
0.0017483 0.0135761 0.000229947 3.89512e-06 0.941445 0.042997 
0.000414641 0.0285877 1.74065e-08 6.63232e-06 0.951344 0.019647 
0.137467 0.0139637 9.74171e-05 7.67543e-05 0.705661 0.142734 
0.0179587 0.0897555 2.67772e-06 8.65475e-06 0.521527 0.370747 
0.00747041 0.140357 0.00320518 4.44478e-05 0.689938 0.158986 
0.140322 0.00749857 7.7131e-06 9.41055e-06 0.748532 0.10363 
0.0182904 0.00892161 3.71235e-11 1.5782e-07 0.67668 0.296108 
0.108375 0.0165217 1.47981e-07 5.94406e-05 0.493187 0.381857 
0.0257495 0.070292 0.00208827 0.00101804 0.693389 0.207463 
0.0125801 0.0490554 0.000147291 0.000196464 0.808458 0.129563 
0.0114699 0.0428219 4.40984e-06 2.39031e-09 0.776469 0.169235 
0.00275608 0.0816702 7.76917e-06 1.10979e-11 0.911734 0.00383201 
0.0307826 0.0371444 5.78511e-05 1.64686e-07 0.584703 0.347312 
0.119455 0.253801 0.000122264 0.00699671 0.379768 0.239857 
0.0391395 0.00870885 0.000298433 0.000448761 0.557204 0.394201 
0.00596967 0.00111895 0.381121 1.42059e-06 0.516277 0.0955115 
0.0182657 0.313778 2.00373e-10 4.13422e-10 0.523284 0.144673 
0.000552888 0.00500517 0.000242441 4.27503e-06 0.941381 0.0528147 
0.0277451 0.0651391 2.6845e-05 1.85867e-06 0.733889 0.173198 
0.00156447 0.0262273 0.000178422 5.47e-06 0.902944 0.0690802 
0.131837 0.142758 0.012899 0.00547051 0.50621 0.200825 
0.0233812 0.0347538 0.000738236 0.0130981 0.809159 0.118869 
0.00562045 0.0875923 0.00698106 6.719e-06 0.746244 0.153555 
0.029208 0.0617239 1.12581e-06 3.96883e-05 0.774592 0.134436 
0.000369972 0.00344105 0.000171669 0.000526945 0.960885 0.0346051 
0.0251779 0.0705878 0.00212858 0.00647876 0.696037 0.19959 
0.0420028 0.245087 0.000724304 0.0117011 0.430568 0.269917 
0.00872395 0.00700875 0.0202957 6.02008e-06 0.676732 0.287234 
0.0300937 0.0252935 7.45507e-05 9.01002e-06 0.906026 0.0385035 
0.0113378 0.0507608 7.37068e-06 1.08367e-07 0.551591 0.386303 
0.0230742 0.00651845 0.00142116 0.00769531 0.869645 0.0916454 
0.0121006 0.00313459 5.74114e-06 1.92062e-07 0.556658 0.428101 
0.00272497 0.00126462 6.20161e-07 1.68459e-05 0.990647 0.00534625 
0.00733347 0.181353 8.32605e-06 3.23249e-11 0.597476 0.213829 
0.0629218 0.0497311 0.0201203 0.000255397 0.56331 0.303662 
0.00390257 0.175847 0.00105317 4.94961e-05 0.573501 0.245646 
0.069521 0.000505869 4.50558e-05 7.0693e-08 0.910338 0.01959 
2.6425e-07 0.000303298 1.40426e-07 2.70034e-12 0.999689 7.16936e-06 
0.0205684 0.0261983 0.0475385 0.000709104 0.844249 0.0607364 
6.88099e-06 0.110568 2.63073e-05 0.00208529 0.887299 1.38691e-05 
0.000989738 0.00492126 6.50813e-05 2.15264e-09 0.925609 0.0684152 
0.00453815 0.437248 0.00203469 5.16629e-05 0.501613 0.0545145 
0.00236576 0.035558 2.13669e-10 3.62208e-08 0.680563 0.281514 
0.00466595 0.00459687 0.000116005 2.55413e-05 0.934515 0.0560802 
2.55701e-06 0.00153724 5.16751e-08 3.47929e-12 0.998432 2.79782e-05 
0.000195001 0.0127339 1.32443e-05 2.24122e-09 0.974679 0.0123791 
2.6425e-07 0.000303298 1.40426e-07 2.70034e-12 0.999689 7.16936e-06 
0.000620944 0.000310144 2.98011e-06 6.72121e-07 0.941517 0.0575487 
0.00194706 0.0183905 0.00056662 4.70568e-06 0.919092 0.0599994 
0.00466595 0.00459687 0.000116005 2.55413e-05 0.934515 0.0560802 
0.0171755 0.0545242 0.000119906 0.000304563 0.680297 0.247578 
0.0479377 0.0512012 6.59725e-05 0.00704789 0.566091 0.327656 
0.00412304 0.002049 7.65469e-12 1.57936e-11 0.887277 0.106551 
0.00640964 0.259104 0.000472043 7.23858e-06 0.395549 0.338458 
0.00229958 0.043499 0.000261864 1.80232e-06 0.921049 0.0328885 
0.00347612 0.0015937 8.21603e-12 1.69518e-11 0.90757 0.0873602 
0.0202793 0.0496313 1.29844e-05 2.11774e-09 0.604728 0.325349 
0.0774374 0.136437 0.000133534 1.39321e-05 0.597105 0.188873 
0.00466595 0.00459687 0.000116005 2.55413e-05 0.934515 0.0560802 
0.00190612 0.203732 2.60088e-10 0.000677718 0.783803 0.00988079 
0.0122589 0.0251237 0.000333022 0.000759742 0.783856 0.177669 
0.0187711 0.0148487 2.67994e-05 2.35635e-07 0.884105 0.0822479 
0.0120464 0.246448 0.00153887 0.0293382 0.561774 0.148854 
0.021152 0.0436214 0.0009766 4.93418e-05 0.623906 0.310295 
0.000871266 0.00462441 4.78984e-05 2.90407e-07 0.93213 0.0623261 
0.00122275 0.110441 7.27485e-06 4.05151e-05 0.857003 0.0312857 
0.0229487 0.035544 0.0103541 7.23648e-05 0.819351 0.11173 
0.00625615 0.0280499 0.0008026 0.00538459 0.780687 0.178819 
0.021529 0.0370288 0.000170589 0.000223297 0.740112 0.200936 
0.00412304 0.002049 7.65469e-12 1.57936e-11 0.887277 0.106551 
0.0350696 0.128397 0.000504271 0.00685691 0.625615 0.203557 
0.011246 0.0264559 8.2274e-07 4.9729e-07 0.536981 0.425316 
0.000354887 0.182075 2.84624e-05 1.13552e-05 0.412298 0.405232 
0.0679013 0.0862288 0.00412116 1.85671e-05 0.607921 0.233809 
0.000325289 0.00274061 2.24028e-09 6.09557e-10 0.952899 0.0440355 
0.0852862 0.00850927 8.40099e-08 2.10566e-08 0.626991 0.279214 
0.0083136 0.181315 0.000796325 1.14582e-07 0.631663 0.177912 
0.000414641 0.0285877 1.74065e-08 6.63232e-06 0.951344 0.019647 
0.00324615 0.0721533 0.000187986 1.79706e-06 0.671113 0.253298 
7.01325e-05 0.00429966 6.42229e-06 2.01114e-07 0.99145 0.00417381 
0.000721664 0.100049 0.00100439 0.00505616 0.797267 0.0959017 
0.00148982 0.0458554 8.28484e-06 1.73801e-05 0.903814 0.0488154 
0.000122821 9.15961e-05 0.000285233 3.05559e-05 0.999241 0.000228913 
0.00292228 0.0890285 0.000365127 1.51123e-06 0.631928 0.275754 
0.0135787 0.0628964 0.000870021 4.1466e-07 0.818036 0.104618 
0.0565445 0.0411633 0.00200265 0.00260099 0.632605 0.265083 
0.000256916 0.0399061 0.000433896 1.79782e-05 0.905973 0.0534124 
0.00463975 0.0311008 0.000406492 6.35513e-06 0.89367 0.070177 
0.000144793 0.42005 0.000144771 0.000144725 0.579371 0.00014481 
0.00379568 0.0146736 3.53512e-05 0.00054171 0.895926 0.0850273 
0.209695 0.108699 5.27914e-08 2.23622e-05 0.343973 0.33761 
0.0391809 0.0453837 0.000615663 3.57817e-05 0.720723 0.194061 
0.00102934 0.00505712 7.41546e-05 1.8357e-07 0.919453 0.0743863 
0.000766055 0.0151835 0.000227807 2.33526e-06 0.946541 0.0372794 
0.019721 0.0372263 0.00406729 0.00105338 0.813973 0.123959 
0.0140554 0.208352 9.29197e-05 3.45266e-11 0.547368 0.230132 
0.00612127 0.0135547 5.39586e-05 0.000226844 0.882375 0.0976679 
0.00101472 0.111617 0.000240419 4.89957e-07 0.583884 0.303243 
0.0212885 0.0682929 0.00377731 0.00115886 0.73569 0.169792 
0.00353626 0.0593947 0.00139911 0.000534085 0.890564 0.0445717 
0.00218598 0.144799 1.63053e-06 4.42266e-07 0.795947 0.0570664 
0.199941 0.0102218 8.61549e-06 2.25459e-05 0.425993 0.363813 
0.000333634 0.00184857 5.57595e-07 4.31163e-11 0.996999 0.000818365 
0.00291244 0.00076682 2.15024e-06 0.000170431 0.983202 0.0129457 
0.00369208 0.0274549 6.12631e-05 5.32374e-06 0.837986 0.1308 
0.0433567 0.0389551 6.02909e-07 0.000482775 0.487996 0.429209 
0.0257323 0.0396842 0.00616226 0.00349216 0.779886 0.145043 
0.0033914 0.0122118 2.79782e-07 1.61745e-08 0.869284 0.115113 
0.0490672 0.0813453 0.000934474 0.000349487 0.526968 0.341335 
0.000654134 0.0375709 0.000100441 2.77293e-06 0.926414 0.0352582 
0.13972 0.090191 0.00525295 3.74593e-05 0.6576 0.107198 
0.00248636 0.126114 0.000372572 5.92694e-05 0.768834 0.102134 
0.0455907 0.0323393 0.000129011 1.43806e-05 0.740523 0.181403 
0.0713867 0.0028334 1.5865e-06 2.92002e-11 0.589971 0.335807 
0.00275608 0.0816702 7.76917e-06 1.10979e-11 0.911734 0.00383201 
0.0201176 0.166062 0.00211941 0.0127179 0.520144 0.27884 
0.0190571 0.0336271 0.000171728 1.79416e-06 0.740474 0.206668 
0.0013695 0.000255935 8.46507e-07 2.00533e-07 0.996398 0.00197559 
0.0242727 0.00267626 0.000103323 0.000150528 0.919662 0.0531351 
0.00460138 0.337584 4.64167e-06 0.00276282 0.358327 0.296721 
0.000206386 0.0164433 2.80595e-06 2.74089e-09 0.904901 0.0784463 
0.000263837 0.00459215 0.000790631 3.76192e-07 0.994164 0.000188584 
0.00394264 0.00371276 1.74961e-05 3.15302e-06 0.856439 0.135884 
0.113195 0.133124 0.000108315 1.98573e-06 0.420212 0.333358 
0.000654438 0.00414823 1.5494e-09 4.22503e-10 0.85271 0.142488 
0.0035961 0.000197002 3.81864e-07 5.24581e-07 0.862208 0.133998 
0.00450816 0.00514981 0.000285539 0.00508791 0.919261 0.0657076 
0.0193576 0.0847316 0.000553944 0.00642926 0.640072 0.248856 
0.000409005 0.119539 0.00017143 2.01476e-07 0.483949 0.395932 
0.00550169 0.0521057 0.00101685 1.51643e-05 0.813491 0.12787 
0.00503681 0.0136463 0.000126647 0.000112864 0.902372 0.0787056 
0.00221316 0.00627687 0.000754969 5.65648e-06 0.926516 0.0642329 
0.00141716 0.0810682 0.000217566 5.73203e-06 0.842119 0.0751728 
0.0067422 0.0253508 7.35518e-05 4.35455e-06 0.919073 0.0487565 
0.0941803 0.0324355 0.000278264 4.1042e-07 0.706984 0.166122 
0.00197874 0.000556136 2.46565e-07 3.94264e-08 0.991621 0.00584392 
0.0158887 0.167304 0.0174034 0.00206252 0.453194 0.344148 
0.00349309 0.0237955 0.00124016 9.85105e-05 0.734145 0.237228 
0.0248321 0.178443 0.000301194 0.00276475 0.510346 0.283313 
0.00835352 0.299452 0.000872821 3.14178e-07 0.432932 0.25839 
0.0505635 0.00837746 6.94398e-05 0.00677449 0.789621 0.144595 
0.000522646 0.312174 0.00120638 9.0043e-06 0.630682 0.055406 
0.0111784 0.100847 0.000851169 0.00745749 0.569364 0.310303 
0.0221263 0.000376922 3.03917e-05 2.75695e-07 0.869632 0.107835 
0.0032942 0.0106663 0.000306671 1.26183e-11 0.945922 0.0398103 
0.03322 0.0032627 9.84844e-05 2.09497e-09 0.664959 0.29846 
0.00932397 0.218425 0.000173356 0.000221173 0.645899 0.125957 
0.0820611 0.0585063 0.00665858 0.000272245 0.559255 0.293247 
0.0757396 0.0814561 3.32855e-05 4.36843e-05 0.47813 0.364598 
0.00275608 0.0816702 7.76917e-06 1.10979e-11 0.911734 0.00383201 
0.00194767 0.00451743 5.31074e-05 1.25659e-07 0.919995 0.0734864 
0.00351241 0.0310686 0.00191455 2.9421e-05 0.869004 0.0944713 
0.0161196 0.041807 0.000345173 0.00162717 0.851393 0.0887082 
0.00489647 0.0314021 0.000439028 0.00139099 0.881152 0.080719 
0.000195001 0.0127339 1.32443e-05 2.24122e-09 0.974679 0.0123791 
0.0238286 0.0343362 0.00120267 7.51187e-05 0.809923 0.130634 
0.0394101 0.070817 0.00245576 0.00465809 0.66124 0.22142 
0.0016893 0.00600539 0.000156256 8.03479e-06 0.913218 0.0789226 
0.0041011 0.00446136 0.000409638 0.00708773 0.918038 0.0659021 
0.0149824 0.0757809 0.00160707 2.58829e-05 0.731077 0.176526 
0.0168682 0.0326019 0.000505925 4.76454e-05 0.80074 0.149236 
0.00496943 0.0555512 7.32029e-06 5.01041e-09 0.919023 0.0204493 
0.00231057 0.0980038 3.62739e-05 0.000702914 0.471111 0.427835 
0.00236576 0.035558 2.13669e-10 3.62208e-08 0.680563 0.281514 
1.49413e-05 0.441275 2.07463e-07 1.84175e-07 0.469844 0.0888653 
0.00786966 0.0860571 0.000147333 0.00164769 0.805412 0.0988658 
0.00922926 0.00550316 3.47663e-07 7.9295e-10 0.61114 0.374127 
0.0735104 0.0452016 1.25168e-08 9.53222e-07 0.5829 0.298387 
0.0225988 0.159473 0.00136508 2.47078e-06 0.573664 0.242897 
0.00153597 0.00324513 4.03544e-05 4.17572e-06 0.983185 0.0119892 
0.0437894 0.0635617 0.00946285 0.000188495 0.48487 0.398127 
0.0185469 0.000200077 1.11414e-06 1.3862e-06 0.915976 0.0652747 
0.0032602 0.0895299 0.00246706 1.55788e-06 0.752037 0.152704 
0.00852432 0.0340048 5.64912e-07 4.83637e-08 0.623087 0.334383 
0.0128141 0.0444351 0.00144123 0.00195161 0.804206 0.135152 
0.0114442 0.00177451 9.68193e-05 0.000235544 0.903806 0.082643 
0.139905 0.0610287 0.00042456 0.000278754 0.55789 0.240473 
0.0498234 0.116447 0.00436326 0.00100003 0.69951 0.128857 
0.0212361 0.0700751 0.000490559 1.85986e-06 0.76546 0.142736 
0.00275608 0.0816702 7.76917e-06 1.10979e-11 0.911734 0.00383201 
0.0154039 0.0409129 0.000450284 0.00244617 0.747994 0.192793 
0.000289472 7.16564e-05 6.48134e-06 3.22257e-05 0.990279 0.00932092 
6.88099e-06 0.110568 2.63073e-05 0.00208529 0.887299 1.38691e-05 
0.000198 0.319005 0.000303878 6.73537e-08 0.536452 0.144041 
0.00663859 0.0607397 0.000943861 0.000334439 0.844413 0.0869303 
0.0808591 0.255361 4.6234e-06 1.71822e-05 0.36944 0.294318 
0.00418495 0.00258268 1.40404e-06 6.68608e-09 0.972976 0.020255 
0.00864706 0.0108363 0.000420343 0.00260396 0.904351 0.0731417 
0.00322944 0.0739705 0.00132193 9.67413e-07 0.820015 0.101462 
0.210204 0.00617358 0.000267098 1.24847e-05 0.451264 0.332079 
0.020473 0.078346 0.00197758 0.00245011 0.70557 0.191183 
0.0956905 0.0391918 0.000173642 2.26868e-06 0.442956 0.421986 
0.0372026 0.267031 0.00413985 9.15355e-05 0.549805 0.14173 
0.00183441 0.0797719 0.000137709 3.13584e-08 0.85095 0.0673058 
0.000456679 0.201111 1.89113e-10 3.9019e-10 0.721431 0.0770022 
0.0122262 0.124581 7.62772e-05 0.000291226 0.639003 0.223823 
0.00744409 0.0136053 4.68883e-08 9.15894e-07 0.694345 0.284604 
0.0519763 0.0897348 0.00188714 1.72764e-05 0.778935 0.0774494 
0.0134319 0.0144731 0.00120438 0.00130601 0.887882 0.0817026 
0.0121576 0.0210322 1.71002e-06 3.42052e-10 0.940924 0.0258849 
0.00376743 0.00384759 1.8676e-06 2.03034e-11 0.985545 0.00683844 
0.0370762 0.0538654 0.0371916 1.18878e-05 0.520904 0.350951 
0.0271476 0.0523676 0.00013967 0.000120754 0.725414 0.194811 
0.0837467 0.0109593 0.000151495 1.93755e-06 0.662308 0.242833 
0.0360477 0.0690275 0.000413985 0.000940226 0.645546 0.248025 
0.0210265 0.0154779 0.00931941 0.00014077 0.826193 0.127842 
0.0288708 0.10266 2.07142e-06 3.78387e-07 0.449611 0.418856 
0.0313595 0.0180603 0.000698158 7.0024e-07 0.795669 0.154212 
0.000188617 0.00230271 6.76919e-10 1.39666e-09 0.977778 0.0197312 
0.00404595 0.0386904 1.52378e-05 0.00539726 0.497032 0.454819 
0.00413441 0.0198612 0.0478591 0.00616636 0.780222 0.141757 
1.41094e-06 0.00135795 0.000174585 2.32018e-11 0.896989 0.101477 
0.078656 0.04485 0.0206202 0.000387561 0.517573 0.337914 
0.00102174 0.00136421 1.89557e-05 8.10209e-06 0.985013 0.0125737 
0.00100405 0.000473739 1.16871e-12 5.30733e-09 0.988746 0.00977668 
0.299611 0.0440176 0.0416131 1.74911e-05 0.314516 0.300225 
0.000706355 0.00780666 0.000482815 1.92609e-05 0.92944 0.0615445 
0.00603253 0.0497172 0.0108213 1.71048e-06 0.863589 0.0698384 
0.0119693 0.137677 3.68546e-06 0.000166197 0.580782 0.269402 
0.0530547 0.00398006 7.59483e-05 1.87028e-09 0.620044 0.322845 
0.0057472 0.025014 2.46815e-07 8.17185e-10 0.502965 0.466273 
0.00803365 0.0133551 9.60496e-06 4.06397e-11 0.678812 0.29979 
0.0601527 0.0822243 0.000233538 1.35582e-06 0.460579 0.396809 
0.000444708 0.00417516 0.000201684 3.42101e-06 0.952915 0.0422598 
0.00980483 0.0956196 0.000148649 5.09535e-06 0.763649 0.130772 
0.0149347 0.00170373 0.000166999 1.45966e-07 0.965248 0.0179459 
0.0277695 0.156954 3.66329e-05 4.37599e-05 0.501592 0.313605 
0.0275392 0.0573064 0.000117248 0.000720912 0.686176 0.228141 
0.00344862 0.000905834 1.52391e-05 1.81877e-08 0.970515 0.0251156 
0.0181957 0.00169827 2.08599e-07 9.12781e-06 0.898361 0.0817356 
0.000910035 0.0171062 0.000447209 9.22346e-07 0.849837 0.131699 
0.00967482 0.0954776 0.00411206 0.00348049 0.596777 0.290478 
0.00165627 0.000713568 1.18368e-12 1.05219e-06 0.98358 0.014049 
0.0329884 0.0114778 0.000118976 3.51306e-05 0.870509 0.0848705 
0.0229119 0.0699752 2.24319e-05 5.74893e-09 0.611183 0.295907 
0.152197 0.00466217 1.51498e-05 0.00107994 0.543214 0.298832 
6.77845e-07 0.125836 1.92052e-08 4.60891e-07 0.623271 0.250892 
0.045591 0.0299867 1.78513e-05 0.000533003 0.738468 0.185403 
0.157805 0.0721629 0.00422924 0.000293534 0.578221 0.187288 
0.00275608 0.0816702 7.76917e-06 1.10979e-11 0.911734 0.00383201 
0.260072 0.0484901 3.92419e-06 4.47384e-11 0.385874 0.305559 
0.00829571 0.0400492 6.67734e-05 7.22673e-05 0.789699 0.161817 
0.016268 0.0345999 0.00128547 0.00011976 0.841107 0.106619 
0.000739497 0.0124193 0.000371464 6.01292e-07 0.898679 0.0877906 
0.0160245 0.0469022 4.1353e-05 1.06081e-09 0.818205 0.118827 
0.00415837 0.0127088 0.000406735 0.00132572 0.880426 0.100974 
0.00773033 0.131354 2.04509e-08 0.000794771 0.523746 0.336375 
0.0172023 0.0506261 0.00075581 2.21522e-05 0.471499 0.459895 
0.00359948 0.00525655 9.50993e-06 6.8377e-06 0.872103 0.119025 
0.000938445 0.0220494 0.000580996 8.22082e-08 0.887152 0.0892791 
0.0183758 0.313524 0.0304747 0.00112151 0.489339 0.147165 
0.000770293 0.000305189 1.21146e-08 1.29271e-06 0.990762 0.0081616 
0.0360529 0.0446354 0.0788866 0.000110741 0.737714 0.102601 
1.49134e-05 0.00436714 3.11653e-05 6.43022e-05 0.995201 0.00032191 
0.00758166 0.287827 0.000305099 0.00196157 0.531221 0.171104 
0.00734082 0.00466897 0.0120422 1.88908e-05 0.901765 0.0741644 
0.00727241 0.00164038 1.92103e-08 5.4269e-10 0.941768 0.0493194 
0.000552888 0.00500517 0.000242441 4.27503e-06 0.941381 0.0528147 
0.00224382 0.0150621 0.000180693 0.00216913 0.890234 0.0901107 
0.0123741 0.14853 0.0140132 0.000233193 0.574298 0.250551 
0.00531893 0.0583513 0.0307959 3.0533e-05 0.668535 0.236969 
0.0105531 0.0366027 8.89861e-06 3.49403e-06 0.877907 0.0749245 
0.0660631 0.0168133 0.000583842 0.000492103 0.491251 0.424797 
0.00331786 0.0800359 4.29593e-05 5.45973e-08 0.88449 0.0321128 
0.00101649 0.00491899 7.53324e-05 1.70617e-07 0.919241 0.0747479 
0.00100405 0.000473739 1.16871e-12 5.30733e-09 0.988746 0.00977668 
0.00794032 0.198811 1.87108e-05 8.11178e-07 0.783324 0.00990535 
0.00930168 0.0227087 3.65442e-05 9.08025e-06 0.800063 0.167881 
0.0049564 0.0746413 0.000302173 0.000430056 0.704093 0.215577 
0.0136128 0.0886122 0.022334 0.000838731 0.657889 0.216713 
0.0434992 0.11104 0.00099758 7.96012e-05 0.689068 0.155315 
0.0624321 0.0899402 3.93141e-05 4.68662e-07 0.508616 0.338971 
0.0231757 0.0627665 0.000891976 4.08506e-05 0.755352 0.157773 
0.00487047 0.24036 0.00171275 4.71381e-08 0.386902 0.366155 
0.00145683 0.00324358 9.62454e-09 2.55505e-09 0.758088 0.237212 
0.309245 0.0184688 4.7484e-06 3.12346e-06 0.551032 0.121247 
0.00275608 0.0816702 7.76917e-06 1.10979e-11 0.911734 0.00383201 
0.109677 0.0104334 9.50412e-07 6.86938e-11 0.465709 0.414179 
0.0186218 0.012353 0.000405227 5.47782e-05 0.84379 0.124775 
0.00249116 0.0343546 1.68918e-06 2.84435e-07 0.913757 0.0493953 
0.0757396 0.0814561 3.32855e-05 4.36843e-05 0.47813 0.364598 
0.00124663 0.0107187 9.25926e-06 1.70695e-05 0.886093 0.101915 
0.00686477 0.144594 0.0170079 9.37406e-05 0.706984 0.124456 
0.00292809 0.0304037 3.63707e-11 7.50423e-11 0.957614 0.0090542 
0.00466595 0.00459687 0.000116005 2.55413e-05 0.934515 0.0560802 
0.0168565 0.000703314 5.36731e-06 1.92751e-07 0.905093 0.0773413 
0.0893929 0.0314536 0.000255433 0.000398288 0.633888 0.244612 
0.170437 0.0030452 4.1242e-06 5.82781e-07 0.629655 0.196859 
0.0646664 0.00703355 2.67255e-08 0.000591769 0.735643 0.192066 
0.0296554 0.014531 0.00307193 6.25006e-05 0.735092 0.217587 
0.00798006 0.00184482 7.71333e-06 2.58379e-07 0.926099 0.0640679 
0.399128 0.0173468 1.01996e-05 3.56569e-07 0.421758 0.161756 
0.0252393 0.0345832 0.00133227 0.000532883 0.782336 0.155976 
0.15686 0.301522 0.0345128 1.82902e-08 0.425805 0.0813004 
0.00922926 0.00550316 3.47663e-07 7.9295e-10 0.61114 0.374127 
0.000552888 0.00500517 0.000242441 4.27503e-06 0.941381 0.0528147 
0.00415126 0.15428 0.000252024 0.0127666 0.734804 0.0937458 
0.000444708 0.00417516 0.000201684 3.42101e-06 0.952915 0.0422598 
8.96548e-05 0.015371 3.69458e-09 4.67106e-06 0.851028 0.133507 
0.0400764 0.0647652 0.00309373 4.43259e-07 0.825621 0.0664432 
0.0150498 0.166671 9.24622e-05 0.000111191 0.453438 0.364638 
0.000319558 0.0014533 1.51067e-08 2.20648e-08 0.997447 0.000779651 
0.0669379 0.0243972 0.00203274 8.18658e-06 0.613757 0.292867 
0.00150607 0.000702146 1.59332e-12 7.58875e-09 0.983155 0.0146368 
0.00354825 0.00351144 0.000100308 4.83768e-05 0.950641 0.0421511 
0.0242066 0.0302509 9.72144e-05 0.000153369 0.567981 0.377311 
0.00142922 0.0634821 3.00855e-05 4.92464e-07 0.879364 0.0556943 
0.00235225 0.0625138 2.58341e-06 6.41787e-06 0.693565 0.24156 
0.0016797 0.00119491 2.68044e-05 8.68147e-10 0.82318 0.173919 
0.00852209 0.0218031 0.000220697 0.000325399 0.581689 0.38744 
0.00721692 0.15515 5.8468e-07 1.1642e-05 0.721076 0.116545 
0.000282753 0.024633 0.000714986 1.07746e-05 0.858214 0.116144 
0.0180899 0.0028642 3.66008e-07 2.81714e-10 0.718135 0.26091 
0.000282034 0.202864 3.84848e-05 2.16635e-05 0.49529 0.301504 
0.000371929 0.000961446 3.00857e-05 1.39969e-06 0.982435 0.0162 
0.0308175 0.0511861 6.76551e-06 8.6431e-07 0.866414 0.0515753 
0.0115013 0.0120996 1.16653e-05 2.10596e-06 0.799211 0.177174 
0.000862737 0.013341 1.80921e-11 3.73286e-11 0.985782 1.46472e-05 
0.0202793 0.0496313 1.29844e-05 2.11774e-09 0.604728 0.325349 
0.000608478 0.00313021 0.000439766 9.27614e-06 0.993659 0.00215322 
1.80119e-06 0.0423747 4.94974e-07 2.67741e-07 0.85079 0.106833 
0.0389346 0.0123588 0.00182546 2.79268e-06 0.863974 0.0829043 
0.0362039 0.00903794 1.12768e-05 2.45271e-08 0.909662 0.0450846 
0.0448366 0.0692019 0.00215882 6.20796e-06 0.63904 0.244757 
0.00995762 0.0159827 4.14548e-07 0.000475352 0.755514 0.21807 
0.0195106 0.0503415 0.000683802 0.000315475 0.652562 0.276586 
0.0448364 0.00859866 1.03013e-08 7.07058e-07 0.830186 0.116378 
4.57911e-05 0.00507086 0.000238904 4.40451e-12 0.984142 0.0105028 
0.0721575 0.0869956 0.000939083 0.00018901 0.729038 0.11068 
0.019173 0.0605304 0.0311859 9.38086e-05 0.637759 0.251258 
0.000648397 0.0363172 0.000192972 3.5744e-05 0.920971 0.0418346 
0.000484442 0.00339601 3.6501e-06 1.44675e-06 0.981497 0.0146176 
0.0362951 0.30824 0.0148364 1.18808e-05 0.332567 0.30805 
0.00807601 0.121841 3.1823e-05 0.000980871 0.77423 0.0948402 
4.57911e-05 0.00507086 0.000238904 4.40451e-12 0.984142 0.0105028 
0.0318848 0.0741874 0.000128561 3.72349e-08 0.73271 0.161089 
0.00262324 0.00973817 9.23844e-05 9.85715e-07 0.956779 0.0307667 
0.00800462 0.0343336 2.06155e-06 0.000171548 0.762748 0.19474 
0.00108936 0.0114631 2.55243e-06 1.1408e-09 0.849617 0.137828 
0.018527 0.164114 0.00319549 0.00671491 0.516246 0.291202 
0.0308448 0.074286 0.00116385 0.00153705 0.693174 0.198994 
0.015819 0.0200314 1.71995e-07 9.88443e-09 0.694911 0.269238 
0.0221263 0.000376922 3.03917e-05 2.75695e-07 0.869632 0.107835 
0.00117081 0.103957 0.000314405 1.96447e-07 0.831499 0.0630587 
0.0429264 0.0158681 0.00452933 4.76397e-05 0.821828 0.114801 
0.0110883 0.0276461 0.000255407 0.0021065 0.814761 0.144143 
0.0255212 0.102227 0.000205717 9.25945e-05 0.730377 0.141576 
0.00115186 0.00484989 0.000657113 5.23981e-06 0.95519 0.0381455 
0.0143195 0.0884701 4.89678e-05 6.33142e-05 0.815032 0.0820662 
0.0177973 0.0463272 0.00174959 4.47552e-08 0.720085 0.214041 
0.00732123 0.0634603 0.0366194 2.58693e-07 0.464434 0.428165 
0.00122396 0.0492782 2.80394e-05 3.09908e-06 0.930272 0.0191949 
0.0829404 0.00926956 0.000383241 2.2264e-06 0.504364 0.403041 
0.0244699 0.0665374 0.000456952 0.00124824 0.699941 0.207346 
0.0179279 0.164116 0.000324049 0.0121942 0.49892 0.306518 
0.024267 0.0467441 4.51891e-05 1.36129e-06 0.694402 0.23454 
0.00371667 0.00496084 0.0015957 4.52578e-06 0.918144 0.0715787 
0.399128 0.0173468 1.01996e-05 3.56569e-07 0.421758 0.161756 
0.0220276 0.0362313 0.00710676 1.46117e-06 0.752694 0.181939 
0.0091421 0.151676 0.000329017 0.00036343 0.65661 0.18188 
0.0431593 0.182828 0.0482576 0.000113621 0.494881 0.23076 
0.000515537 0.106448 3.21851e-05 1.53957e-11 0.615809 0.277195 
0.0330541 0.0602435 0.000249524 0.00345483 0.688209 0.214789 
0.0788827 0.013195 9.50211e-05 2.70323e-06 0.683282 0.224543 
0.000608478 0.00313021 0.000439766 9.27614e-06 0.993659 0.00215322 
0.0454939 0.219608 1.82671e-06 1.82612e-06 0.503202 0.231692 
0.0340765 0.00103209 6.02174e-05 1.05225e-06 0.859559 0.105271 
3.97743e-05 0.00261653 0.000388759 1.41168e-07 0.973676 0.0232787 
0.000133031 0.000746781 7.78408e-06 2.96851e-08 0.985005 0.0141074 
0.00981936 0.0198236 0.000123253 0.000153215 0.892902 0.0771783 
0.00275608 0.0816702 7.76917e-06 1.10979e-11 0.911734 0.00383201 
0.0407769 0.017105 1.08776e-05 1.676e-06 0.767963 0.174143 
0.000444708 0.00417516 0.000201684 3.42101e-06 0.952915 0.0422598 
0.000107638 0.0589052 3.50612e-05 3.66119e-09 0.869402 0.0715506 
0.00169905 0.0125085 0.000298237 6.62771e-06 0.953397 0.0320903 
0.00228852 0.018123 0.000402491 5.59906e-06 0.953565 0.0256154 
0.000828156 0.0335327 3.09123e-07 4.52939e-07 0.779279 0.18636 
0.00510641 0.0771581 3.25265e-11 6.71106e-11 0.634788 0.282948 
0.00128128 0.0161371 0.00159642 1.07596e-05 0.945796 0.0351788 
0.00711335 0.183574 0.000138595 1.34592e-07 0.672772 0.136402 
0.0320009 0.324645 5.89226e-07 2.72506e-07 0.338515 0.304838 
0.00583303 0.0111386 2.47784e-05 4.04812e-06 0.955846 0.0271536 
0.0083129 3.77226e-05 6.82876e-09 2.30652e-05 0.911187 0.0804398 
0.0224676 0.0416627 0.00230887 0.00128301 0.73427 0.198008 
0.0238942 0.0387014 0.00142803 5.88112e-05 0.779225 0.156693 
0.00507198 0.0283875 0.00101593 0.000224563 0.917705 0.0475949 
0.0122207 0.0139263 8.17627e-05 2.48519e-05 0.928348 0.0453983 
0.034628 0.220963 0.000148117 8.72165e-07 0.519217 0.225043 
0.00050329 0.0578349 1.78108e-06 1.93874e-05 0.903347 0.038294 
0.0242123 0.0568401 0.0023797 3.1967e-05 0.646765 0.269771 
0.00191001 0.0503876 0.000679481 7.34479e-06 0.937303 0.00971288 
0.0433567 0.0389551 6.02909e-07 0.000482775 0.487996 0.429209 
0.00978944 0.226726 0.00133805 3.38825e-08 0.681286 0.0808604 
0.0289016 0.0282722 0.000774467 0.000788236 0.628614 0.312649 
4.57911e-05 0.00507086 0.000238904 4.40451e-12 0.984142 0.0105028 
2.32112e-06 0.0549635 0.000339979 3.35915e-11 0.830133 0.114561 
0.0109696 0.0570808 4.12022e-07 3.53028e-05 0.836219 0.0956953 
0.0202208 0.0413686 0.0186004 2.64074e-05 0.774944 0.14484 
0.0445366 0.0109232 2.04525e-05 0.00142005 0.737281 0.205819 
0.024118 0.0493425 0.000531318 0.000225862 0.838183 0.0875992 
0.000444708 0.00417516 0.000201684 3.42101e-06 0.952915 0.0422598 
0.00969334 0.0737374 0.000120643 8.22556e-05 0.701269 0.215097 
0.000233724 0.00568837 0.000326367 6.65184e-06 0.992114 0.00163125 
0.00275608 0.0816702 7.76917e-06 1.10979e-11 0.911734 0.00383201 
0.00976111 0.0708467 0.000203277 3.74518e-05 0.835767 0.0833843 
0.0569967 0.0388581 0.00178932 0.000320827 0.685366 0.21667 
0.0143639 0.0769398 0.000403753 7.72471e-08 0.650603 0.25769 
0.000662328 0.0269144 6.42753e-05 3.99555e-11 0.928492 0.0438669 
0.0606523 0.352278 4.0252e-07 0.00315913 0.545019 0.0388912 
0.102302 0.265632 0.000139602 1.22981e-08 0.399721 0.232205 
0.00432209 0.0187096 5.57917e-05 1.30461e-05 0.934991 0.0419083 
1.80198e-06 4.13572e-05 1.30505e-05 0.000873627 0.980749 0.0183212 
0.0827786 0.0379728 4.9525e-05 9.42437e-06 0.678726 0.200464 
0.00650188 0.275713 0.000762774 0.0131505 0.396726 0.307146 
0.00149493 0.0816195 0.000217564 5.73131e-06 0.832903 0.0837594 
0.0549389 0.151069 0.000650988 1.34841e-07 0.584869 0.208472 
0.0138487 0.0524104 0.00139317 5.90559e-05 0.854975 0.0773138 
0.000144115 0.0112685 2.90318e-08 3.02128e-11 0.981151 0.00743626 
5.61306e-06 0.00101467 7.62595e-06 4.39504e-06 0.9932 0.00576738 
0.00835563 0.0167369 0.000109823 1.06736e-05 0.906979 0.0678079 
0.0118962 0.0263356 2.53435e-05 2.45122e-07 0.882296 0.0794469 
0.011098 0.0386721 0.00121412 0.00188245 0.843779 0.103354 
8.77337e-07 0.0241778 2.21216e-08 4.56427e-08 0.9123 0.0635211 
0.028278 0.00844892 0.000239684 0.000358861 0.871403 0.091272 
0.03152 0.177957 4.31889e-06 2.192e-06 0.643204 0.147312 
0.00871735 0.00698876 7.741e-05 7.88214e-08 0.915147 0.0690692 
0.000608478 0.00313021 0.000439766 9.27614e-06 0.993659 0.00215322 
0.000989738 0.00492126 6.50813e-05 2.15264e-09 0.925609 0.0684152 
0.000871914 0.291886 3.32642e-05 3.59803e-08 0.632475 0.0747334 
0.0100014 0.0712835 0.00141636 4.21687e-05 0.779657 0.1376 
0.00236112 0.0214108 8.79749e-05 1.5086e-06 0.888713 0.0874259 
0.0482018 0.0417443 0.00150343 0.00063288 0.6332 0.274717 
0.0041011 0.00446136 0.000409638 0.00708773 0.918038 0.0659021 
3.52331e-05 0.0246008 0.0018974 1.12735e-06 0.920611 0.0528542 
0.0102736 6.71909e-09 1.76407e-08 5.03247e-12 0.974851 0.0148752 
1.81891e-05 0.0533542 0.000441628 3.3701e-09 0.938937 0.00724942 
0.0016732 0.019895 4.84415e-05 6.19007e-05 0.867757 0.110564 
0.00424951 0.0149415 4.61251e-05 7.85629e-06 0.819927 0.160828 
0.247273 0.170776 4.6976e-05 0.00259762 0.50559 0.0737167 
0.00299706 0.00903518 9.6577e-05 5.57292e-07 0.943358 0.0445125 
0.00827166 0.00164314 0.000100841 6.59392e-11 0.972347 0.0176374 
0.00824419 0.294845 5.35046e-05 0.000122049 0.349435 0.347301 
0.000456959 0.00591948 0.000282893 5.44532e-06 0.945621 0.0477142 
0.00354779 0.260906 0.000444235 9.88786e-06 0.54175 0.193341 
0.0020678 0.000983561 2.19603e-05 1.6917e-05 0.971207 0.0257025 
0.00487047 0.24036 0.00171275 4.71381e-08 0.386902 0.366155 
0.0865381 0.147283 7.20412e-06 0.00152742 0.552502 0.212143 
0.00387123 0.0412249 3.64596e-05 2.41629e-08 0.518399 0.436468 
0.025962 0.0409997 0.00084396 0.000593895 0.678879 0.252722 
0.00261059 0.0849064 2.26916e-05 2.37308e-07 0.865566 0.0468936 
0.0119901 0.0171081 0.000243043 1.86114e-05 0.774527 0.196113 
0.0605735 0.133248 0.000616213 6.70278e-06 0.668784 0.136771 
0.00177259 0.0272646 0.000628326 0.00742141 0.732484 0.230429 
0.00650498 0.00509698 0.000611581 0.0121499 0.871981 0.103655 
0.0218143 0.00233906 3.97584e-06 4.86687e-11 0.855946 0.119897 
0.0537724 0.0149186 0.0565902 8.52735e-06 0.542728 0.331982 
0.0052819 0.0107768 0.000540926 3.49386e-06 0.817165 0.166232 
0.196382 0.0144889 2.16771e-05 1.99669e-08 0.579836 0.209272 
0.00114005 0.00244903 5.04518e-05 2.39369e-08 0.996187 0.000173073 
0.0221321 0.0313336 4.99036e-05 5.21246e-05 0.734656 0.211776 
0.0037648 0.0467136 0.000248802 0.00411994 0.868795 0.0763582 
0.0146364 0.0154781 1.49947e-06 0.000522168 0.724613 0.244749 
0.0113165 0.0403391 1.35888e-08 0.00312046 0.765118 0.180106 
0.00223852 0.268573 2.27529e-05 6.15443e-05 0.67871 0.0503941 
0.0174798 0.370375 0.000153796 0.00680662 0.380741 0.224444 
0.0171755 0.0545242 0.000119906 0.000304563 0.680297 0.247578 
0.000627805 0.0304497 8.01926e-08 3.48527e-09 0.818303 0.150619 
0.257537 0.00231468 3.60551e-06 5.19805e-07 0.682904 0.0572401 
0.00971667 0.00916744 0.00473882 7.03958e-07 0.745449 0.230928 
0.0585059 0.00124498 9.00636e-08 2.13391e-07 0.834577 0.105672 
0.000444708 0.00417516 0.000201684 3.42101e-06 0.952915 0.0422598 
7.91291e-05 0.0448538 0.0144016 8.73395e-07 0.910817 0.0298478 
0.00609108 0.0087425 1.0466e-05 0.000457209 0.687898 0.296801 
0.00366193 0.223961 0.000157673 0.0140631 0.528703 0.229453 
0.000386736 0.0617245 0.000400309 0.00301707 0.870911 0.0635608 
0.0176605 0.308746 1.40232e-05 0.000338249 0.418555 0.254686 
0.000770293 0.000305189 1.21146e-08 1.29271e-06 0.990762 0.0081616 
0.00442607 0.00457974 4.24441e-05 5.99324e-06 0.852201 0.138745 
0.0132314 0.00169399 3.58778e-05 2.75313e-11 0.897747 0.0872919 
0.029313 0.00328476 2.1182e-05 4.30483e-10 0.948201 0.0191801 
0.0144103 0.0156959 0.000129468 1.38777e-07 0.577678 0.392086 
0.00228284 0.0320856 0.000278109 8.0069e-06 0.768609 0.196736 
0.00173545 0.00454342 4.26258e-05 3.80927e-09 0.924489 0.0691891 
0.0143409 0.0796642 1.66307e-05 1.40618e-05 0.744631 0.161334 
0.00347612 0.0015937 8.21603e-12 1.69518e-11 0.90757 0.0873602 
0.00122576 0.0254322 4.33437e-08 9.15372e-10 0.958866 0.0144758 
0.00588798 0.109862 1.75311e-05 0.00039582 0.458256 0.425581 
0.0246409 0.00424086 6.3338e-05 1.91489e-06 0.848179 0.122874 
0.0492816 0.0814331 0.00281683 0.00094329 0.484209 0.381316 
0.000434651 0.0055378 0.000314154 2.39595e-05 0.991269 0.00242065 
0.0123184 0.0810534 6.6125e-05 3.0766e-05 0.690506 0.216026 
0.00122576 0.0254322 4.33437e-08 9.15372e-10 0.958866 0.0144758 
0.0317284 0.0588009 0.00382238 0.000156824 0.729871 0.175621 
0.000359369 0.120003 1.16898e-06 1.15108e-06 0.692671 0.186964 
0.00487047 0.24036 0.00171275 4.71381e-08 0.386902 0.366155 
0.0655931 0.00179824 5.39173e-05 1.75838e-05 0.687301 0.245236 
0.000195001 0.0127339 1.32443e-05 2.24122e-09 0.974679 0.0123791 
0.000222726 0.416868 2.77602e-08 0.000727733 0.541887 0.0402944 
0.134641 0.0618199 8.04078e-08 1.45672e-07 0.479135 0.324404 
0.000195001 0.0127339 1.32443e-05 2.24122e-09 0.974679 0.0123791 
0.00662946 0.170464 5.68688e-06 7.03506e-06 0.667213 0.155681 
0.00895765 0.215486 0.0246862 7.25623e-05 0.56535 0.185447 
0.00242186 0.314232 3.0612e-05 6.86718e-07 0.670465 0.0128498 
0.0178978 0.0174046 0.00151814 3.61666e-05 0.853735 0.109409 
0.00398373 0.163052 6.58442e-06 0.250751 0.469822 0.112384 
0.0505917 0.0919911 0.000286798 0.000514933 0.639289 0.217327 
0.00345053 0.00175111 4.50053e-05 3.89569e-06 0.707006 0.287743 
0.0764553 0.33611 0.000956625 1.79172e-09 0.406968 0.179509 
0.0535863 0.0925792 2.11783e-05 0.00262439 0.432982 0.418206 
0.0103519 0.116506 0.000706525 1.63644e-05 0.636729 0.235691 
