0.00642432 0.182897 0.000211571 0.000449131 0.465011 0.345007 
4.57911e-05 0.00507086 0.000238904 4.40451e-12 0.984142 0.0105028 
0.0234602 0.0465103 6.09474e-06 0.000322646 0.891902 0.0377983 
0.0135924 0.013543 5.4205e-05 1.59857e-07 0.816854 0.155956 
0.0325846 0.0827522 6.25521e-05 0.00337322 0.605381 0.275847 
0.0695319 0.0223495 1.91442e-05 0.0120189 0.682134 0.213946 
0.00339902 0.0752594 6.30275e-05 1.25469e-08 0.469565 0.451713 
0.0103329 0.0546313 9.26735e-05 4.34175e-07 0.581215 0.353728 
0.101075 0.016129 8.0116e-05 0.000689554 0.722036 0.15999 
0.00281968 0.102726 0.000358947 7.40245e-05 0.817253 0.0767692 
0.00230799 0.000992932 5.96094e-08 1.2299e-07 0.948243 0.0484558 
0.00424956 0.168018 3.76525e-05 2.66209e-10 0.676204 0.15149 
0.107988 0.105837 0.000440774 0.032164 0.429547 0.324023 
0.0102738 0.0469417 0.000119002 6.48537e-05 0.662912 0.279689 
0.0373966 0.028141 0.00532482 0.003346 0.680396 0.245395 
0.0235739 0.209486 0.0013479 0.00266547 0.467918 0.295009 
0.326846 0.0451193 0.000123088 0.013433 0.349977 0.264501 
0.0494794 0.0839689 0.0264256 2.5731e-06 0.436085 0.404038 
0.00671611 0.107577 0.000179885 0.000157438 0.858454 0.0269156 
0.0289077 0.344369 1.83796e-07 6.1205e-06 0.47189 0.154827 
0.0667665 0.317351 0.00497775 6.03583e-07 0.432356 0.178548 
0.029313 0.00328476 2.1182e-05 4.30483e-10 0.948201 0.0191801 
0.00649132 0.0209674 0.00375898 1.51911e-11 0.96813 0.000651911 
0.0433567 0.0389551 6.02909e-07 0.000482775 0.487996 0.429209 
0.0340744 0.00824196 3.77331e-05 2.3228e-08 0.879057 0.0785892 
0.159996 0.291125 0.0431372 1.78669e-08 0.420862 0.0848798 
0.000989738 0.00492126 6.50813e-05 2.15264e-09 0.925609 0.0684152 
0.16081 0.0698736 0.00051377 0.00450451 0.440474 0.323823 
0.0041011 0.00446136 0.000409638 0.00708773 0.918038 0.0659021 
0.00111022 0.0465632 2.28328e-05 0.000112747 0.722546 0.229645 
0.00100405 0.000473739 1.16871e-12 5.30733e-09 0.988746 0.00977668 
0.0942409 0.0220684 0.00292608 3.97822e-06 0.716486 0.164274 
0.00377707 0.0292308 0.000395064 6.75532e-12 0.695973 0.270624 
0.00649855 0.198133 4.55548e-05 0.000162139 0.487094 0.308067 
0.00189352 0.00575834 0.000414662 0.00221456 0.931348 0.0583708 
0.000770293 0.000305189 1.21146e-08 1.29271e-06 0.990762 0.0081616 
3.97743e-05 0.00261653 0.000388759 1.41168e-07 0.973676 0.0232787 
0.0127782 0.209369 9.37643e-05 0.000231072 0.563569 0.213959 
1.84716e-05 0.001482 7.72008e-05 6.85351e-05 0.997912 0.000441494 
0.0406585 0.0374711 0.00133963 0.000844185 0.723467 0.19622 
0.00105547 0.00327541 2.36319e-06 6.79701e-08 0.949064 0.0466026 
0.0154014 0.0375018 0.00210326 0.00108636 0.753097 0.19081 
0.000989738 0.00492126 6.50813e-05 2.15264e-09 0.925609 0.0684152 
0.0196432 0.000918885 4.31759e-05 3.22798e-11 0.750522 0.228873 
0.0217123 0.0245706 3.46653e-06 1.07664e-06 0.699523 0.25419 
6.18942e-05 0.0357213 8.42211e-07 1.7377e-06 0.880092 0.0841226 
0.00922926 0.00550316 3.47663e-07 7.9295e-10 0.61114 0.374127 
0.00100405 0.000473739 1.16871e-12 5.30733e-09 0.988746 0.00977668 
0.0155973 0.0351057 0.00707803 0.00177975 0.829173 0.111266 
0.00918065 0.0127666 5.36879e-07 5.79613e-10 0.588986 0.389066 
0.000195001 0.0127339 1.32443e-05 2.24122e-09 0.974679 0.0123791 
0.00139297 0.0152932 0.000321789 1.56175e-05 0.889754 0.0932224 
0.103254 0.0024051 0.00394609 1.25622e-09 0.549388 0.341006 
0.0349694 0.0374878 0.0215035 4.55095e-07 0.847893 0.0581457 
0.0457342 0.0340296 0.000214835 0.000598643 0.761389 0.158034 
0.00705231 0.00429658 1.06928e-05 2.42669e-10 0.968302 0.0203382 
0.0188699 0.0577289 0.000484442 2.05409e-09 0.85951 0.0634068 
0.0509861 0.208283 0.000476253 5.45699e-08 0.402528 0.337726 
0.000532838 0.0117953 2.23508e-05 1.0026e-05 0.938847 0.0487928 
0.25809 0.0150201 0.000841447 8.64903e-05 0.627318 0.098644 
0.0130043 0.0446143 1.8027e-05 0.00550906 0.694622 0.242232 
0.104775 0.0611012 0.000410387 1.42863e-06 0.578308 0.255404 
0.00286301 0.213451 0.000130388 8.32598e-05 0.570993 0.212479 
0.00466595 0.00459687 0.000116005 2.55413e-05 0.934515 0.0560802 
0.00486825 0.0417002 5.78041e-06 5.61391e-05 0.760036 0.193334 
0.000444708 0.00417516 0.000201684 3.42101e-06 0.952915 0.0422598 
0.0203335 0.0317158 0.000732213 0.00280191 0.783166 0.161251 
0.00875245 0.024233 0.0003472 0.0698881 0.816668 0.0801113 
0.00354238 0.014952 7.28092e-05 4.25446e-06 0.865749 0.115679 
0.000444708 0.00417516 0.000201684 3.42101e-06 0.952915 0.0422598 
0.00275608 0.0816702 7.76917e-06 1.10979e-11 0.911734 0.00383201 
0.120823 0.00510321 9.18452e-06 0.0421305 0.804103 0.027831 
0.00296988 0.0107694 0.00010583 5.77589e-07 0.700583 0.285572 
0.124006 0.00493335 0.0051987 0.000106563 0.502801 0.362955 
0.0822168 0.122393 0.00069431 0.000112526 0.713864 0.0807189 
9.45546e-07 7.58624e-05 3.95186e-06 3.50826e-06 0.654116 0.345799 
0.00973764 0.00286445 1.35141e-05 6.86927e-06 0.936403 0.0509743 
0.193553 0.0216347 9.56429e-05 0.00617488 0.393198 0.385343 
0.0249492 0.0314259 7.20553e-05 0.000208286 0.793547 0.149798 
1.33221e-05 0.0850937 1.31529e-06 0.000834697 0.538759 0.375298 
0.0017425 0.352934 0.000519772 8.83107e-06 0.442213 0.202581 
0.000247954 0.000645631 2.006e-05 9.33322e-07 0.988269 0.0108161 
0.00100405 0.000473739 1.16871e-12 5.30733e-09 0.988746 0.00977668 
0.123493 0.0905093 1.08429e-07 7.18413e-08 0.507916 0.278082 
0.0438945 0.237608 0.00205709 0.0135989 0.393814 0.309027 
0.0178151 0.000186966 1.21394e-05 3.17818e-07 0.951921 0.0300643 
0.00262324 0.00973817 9.23844e-05 9.85715e-07 0.956779 0.0307667 
0.00832014 0.000272365 1.42152e-05 1.51441e-10 0.902336 0.0890568 
0.00351241 0.0310686 0.00191455 2.9421e-05 0.869004 0.0944713 
0.00738865 0.0248546 4.2852e-05 0.000170003 0.548952 0.418592 
0.00442607 0.00457974 4.24441e-05 5.99324e-06 0.852201 0.138745 
0.000789473 0.00509539 0.000226596 3.4596e-07 0.927669 0.0662191 
0.0428976 0.0116926 1.04997e-06 1.24987e-06 0.584522 0.360886 
0.0036759 0.229487 0.00281328 2.30039e-05 0.599026 0.164975 
0.00138207 0.146853 7.011e-08 0.000271309 0.847093 0.00440041 
0.0102334 0.061063 0.00116836 2.21756e-05 0.77003 0.157483 
0.0344564 0.0531124 0.00099873 0.000292527 0.737253 0.173886 
0.0605122 0.0203467 0.000793507 0.00227228 0.744355 0.17172 
0.0132276 0.361886 0.000827132 9.111e-05 0.510879 0.11309 
0.0283721 0.186774 0.00168896 3.56417e-06 0.579897 0.203264 
0.000989738 0.00492126 6.50813e-05 2.15264e-09 0.925609 0.0684152 
0.0448364 0.00859866 1.03013e-08 7.07058e-07 0.830186 0.116378 
0.003396 0.000754477 4.33215e-07 1.19582e-10 0.991198 0.00465079 
0.000552888 0.00500517 0.000242441 4.27503e-06 0.941381 0.0528147 
0.0968028 0.000951299 1.75626e-05 2.11747e-07 0.842195 0.0600329 
0.00520224 0.00145648 3.97277e-05 5.64887e-06 0.982452 0.0108436 
3.08601e-07 0.222249 3.85234e-07 1.20722e-07 0.74166 0.03609 
0.000989738 0.00492126 6.50813e-05 2.15264e-09 0.925609 0.0684152 
0.0896151 0.0378284 7.11169e-07 0.000233696 0.52917 0.343152 
0.0257495 0.070292 0.00208827 0.00101804 0.693389 0.207463 
0.000444708 0.00417516 0.000201684 3.42101e-06 0.952915 0.0422598 
0.0110392 0.00349605 0.000552225 3.67787e-07 0.795757 0.189155 
0.0139516 0.0419459 4.98124e-05 4.12288e-09 0.640819 0.303234 
0.000789473 0.00509539 0.000226596 3.4596e-07 0.927669 0.0662191 
0.0012863 0.0228665 3.52076e-06 2.47769e-07 0.851662 0.124181 
0.00459615 0.016775 0.000634463 8.32832e-05 0.535756 0.442155 
0.00442607 0.00457974 4.24441e-05 5.99324e-06 0.852201 0.138745 
0.0209414 0.0104492 0.000173805 2.90918e-05 0.874622 0.0937847 
0.0646233 0.0773934 0.00159975 0.000748877 0.646731 0.208904 
0.00317106 0.0332484 0.000430463 1.57482e-05 0.897341 0.0657936 
0.0289286 0.0335453 0.00032632 0.000519599 0.726454 0.210226 
0.0136495 0.0774676 0.000124157 3.64439e-06 0.525751 0.383004 
0.0414236 0.0817215 0.000538048 1.50427e-07 0.805977 0.0703395 
0.039248 0.0438898 0.0370084 3.66972e-06 0.69291 0.18694 
0.000857091 0.170992 9.44565e-06 0.000839481 0.714053 0.113249 
0.00996894 0.0508185 8.55598e-05 0.00110095 0.566069 0.371957 
0.00307465 0.288197 0.00034872 0.00380431 0.691329 0.0132465 
0.0420028 0.245087 0.000724304 0.0117011 0.430568 0.269917 
0.00218598 0.144799 1.63053e-06 4.42266e-07 0.795947 0.0570664 
0.15686 0.301522 0.0345128 1.82902e-08 0.425805 0.0813004 
0.0300937 0.0252935 7.45507e-05 9.01002e-06 0.906026 0.0385035 
0.003889 0.0175641 0.00059585 1.6747e-06 0.751044 0.226905 
0.000444708 0.00417516 0.000201684 3.42101e-06 0.952915 0.0422598 
0.00830693 0.177967 0.0020431 0.000195381 0.511208 0.300279 
0.0434692 0.294532 5.66256e-10 0.000239255 0.414763 0.246996 
0.0201586 0.0820428 9.20502e-08 0.187541 0.626702 0.0835551 
0.00390257 0.175847 0.00105317 4.94961e-05 0.573501 0.245646 
0.0194193 0.0109577 2.07492e-05 7.46001e-08 0.89491 0.0746926 
0.0331894 0.000565372 4.55833e-05 4.11935e-07 0.804448 0.161752 
6.88099e-06 0.110568 2.63073e-05 0.00208529 0.887299 1.38691e-05 
0.1316 0.0144077 3.14855e-05 0.0373364 0.497354 0.31927 
0.000152921 0.17965 0.000496616 0.263846 0.321801 0.234053 
0.00183746 0.0108727 5.0882e-07 0.000101227 0.945957 0.0412316 
0.00247926 0.0357345 2.85687e-06 2.20691e-06 0.943923 0.0178579 
0.000620944 0.000310144 2.98011e-06 6.72121e-07 0.941517 0.0575487 
0.0177675 0.0183144 0.000608643 1.02014e-05 0.880185 0.0831143 
0.0365014 0.0248866 0.0372772 9.95599e-06 0.591293 0.310032 
0.0479377 0.0512012 6.59725e-05 0.00704789 0.566091 0.327656 
0.0380967 0.0312769 0.000800746 0.00263635 0.725653 0.201536 
0.0160474 0.0358614 0.0229889 0.000177678 0.524551 0.400373 
0.0121026 0.0713741 0.00131973 2.42135e-05 0.707711 0.207469 
0.00101649 0.00491899 7.53324e-05 1.70617e-07 0.919241 0.0747479 
0.0176542 0.351116 4.18528e-06 0.000362903 0.371611 0.259252 
0.0159962 0.0670141 0.000321337 0.00439133 0.693508 0.218769 
0.00466595 0.00459687 0.000116005 2.55413e-05 0.934515 0.0560802 
0.000926511 0.115785 3.14096e-06 5.73959e-05 0.72457 0.158658 
0.011494 0.00627537 1.7542e-05 0.000340909 0.882558 0.0993138 
0.0304153 0.0845056 0.00195841 0.000308254 0.684057 0.198755 
0.0072559 0.00667936 0.0253687 1.92495e-06 0.680347 0.280348 
0.0344685 0.0388509 0.000825562 0.00111477 0.83832 0.0864206 
0.0757396 0.0814561 3.32855e-05 4.36843e-05 0.47813 0.364598 
0.0987214 0.00042321 2.22318e-06 2.86861e-09 0.881116 0.0197372 
0.0135005 0.0499486 2.60037e-05 0.000151274 0.802447 0.133927 
0.0114529 0.0337538 0.000406404 0.0012584 0.793173 0.159956 
0.00359948 0.00525655 9.50993e-06 6.8377e-06 0.872103 0.119025 
0.0195187 0.0253447 1.17929e-09 2.0375e-12 0.912921 0.0422155 
0.00100063 0.0044607 2.83623e-05 1.04319e-05 0.914589 0.0799109 
0.0391809 0.0453837 0.000615663 3.57817e-05 0.720723 0.194061 
0.00718255 0.0268801 0.00086949 5.62627e-05 0.881998 0.0830136 
0.0542239 0.164186 0.000911501 3.38778e-09 0.47032 0.310359 
0.00581945 0.082935 0.000166045 5.93139e-06 0.582984 0.328089 
0.00586405 0.00579711 0.00028973 1.83991e-08 0.91507 0.0729796 
0.000236924 0.0652707 6.84229e-07 1.73739e-10 0.920888 0.0136038 
0.0131918 0.120331 0.000170092 0.00233832 0.617092 0.246877 
0.00388348 0.175482 0.000128291 0.00343354 0.65108 0.165993 
0.172264 0.00183589 3.63618e-06 4.21607e-11 0.820689 0.00520712 
0.020696 0.148963 0.00223432 0.000229411 0.673342 0.154535 
0.000608478 0.00313021 0.000439766 9.27614e-06 0.993659 0.00215322 
0.269917 0.0183891 3.45668e-05 0.0048997 0.464244 0.242516 
0.0124655 0.0149936 0.0598077 4.56811e-10 0.691023 0.221711 
0.000263837 0.00459215 0.000790631 3.76192e-07 0.994164 0.000188584 
0.00176298 0.0882611 9.17386e-08 4.34505e-10 0.796395 0.11358 
0.000689367 0.0136741 0.000580158 0.000205149 0.948234 0.0366176 
0.0868114 0.11485 0.000850133 0.000399716 0.736447 0.0606418 
0.0149243 0.364043 0.000930138 1.43185e-11 0.599019 0.021083 
0.0484631 0.0132339 0.00128996 0.165701 0.408956 0.362356 
0.0233122 0.0301503 0.00168548 0.000727253 0.734067 0.210058 
0.119271 0.102027 0.000323911 0.00261162 0.482133 0.293633 
0.000222726 0.416868 2.77602e-08 0.000727733 0.541887 0.0402944 
0.0134319 0.0144731 0.00120438 0.00130601 0.887882 0.0817026 
0.00141716 0.0810682 0.000217566 5.73203e-06 0.842119 0.0751728 
0.00690026 0.00253269 2.51986e-05 1.7697e-06 0.95536 0.0351802 
0.0291762 0.0954234 0.00366859 1.46079e-06 0.791598 0.0801321 
0.000286904 0.315212 0.00230185 5.14202e-11 0.667159 0.0150401 
0.0941803 0.0324355 0.000278264 4.1042e-07 0.706984 0.166122 
0.0158887 0.167304 0.0174034 0.00206252 0.453194 0.344148 
0.0144787 0.0964754 0.00172338 0.0167728 0.700858 0.169692 
0.000522646 0.312174 0.00120638 9.0043e-06 0.630682 0.055406 
0.00645081 0.342405 1.68434e-06 0.0030054 0.524716 0.123422 
0.0225798 0.0938539 0.000234041 0.000294127 0.651026 0.232012 
0.00451739 0.015932 0.02187 4.63522e-06 0.785722 0.171954 
0.0238286 0.0343362 0.00120267 7.51187e-05 0.809923 0.130634 
0.0011277 0.00649913 9.86002e-05 3.30887e-06 0.924362 0.0679091 
0.0023964 0.101189 4.86241e-07 0.000178707 0.761949 0.134287 
0.000989738 0.00492126 6.50813e-05 2.15264e-09 0.925609 0.0684152 
0.208579 0.304501 3.29169e-07 4.24213e-10 0.399031 0.087888 
0.00539572 0.0220391 9.03399e-05 9.28196e-06 0.911721 0.0607444 
0.010649 0.0115206 6.97588e-05 8.21271e-05 0.828545 0.149133 
0.0143978 0.0141345 0.000343635 9.10649e-06 0.885019 0.0860959 
0.0203345 0.00716334 1.75853e-05 1.06678e-06 0.862382 0.110101 
0.00227512 0.000356884 3.2679e-06 3.0961e-06 0.973638 0.0237233 
0.000144115 0.0112685 2.90318e-08 3.02128e-11 0.981151 0.00743626 
0.0169913 0.00670541 0.00053633 7.45701e-06 0.89876 0.076999 
0.0154299 0.00791784 0.000368645 2.04776e-05 0.648337 0.327926 
0.26784 0.0450531 0.000143069 1.49597e-05 0.492779 0.19417 
0.0493852 0.202054 3.62836e-06 3.72592e-08 0.686435 0.0621223 
0.00706654 0.275641 0.02059 0.0440144 0.424118 0.22857 
0.0264046 0.0181123 0.000167031 8.03004e-05 0.877485 0.0777503 
0.000444708 0.00417516 0.000201684 3.42101e-06 0.952915 0.0422598 
0.0437894 0.0635617 0.00946285 0.000188495 0.48487 0.398127 
0.0968384 0.22646 0.00313025 7.23721e-07 0.388013 0.285558 
0.0536682 0.14146 3.65099e-05 6.41373e-06 0.721458 0.0833712 
0.018201 0.0562756 0.00458922 0.00217686 0.666401 0.252356 
0.000608478 0.00313021 0.000439766 9.27614e-06 0.993659 0.00215322 
0.0126298 0.097812 1.70392e-06 1.37749e-05 0.657024 0.232519 
0.0560986 0.00845885 0.000565492 3.36177e-07 0.857841 0.0770359 
0.222924 0.00184773 2.60017e-09 0.000180373 0.614529 0.16052 
0.0192008 0.0914415 0.000228373 0.00906965 0.586044 0.294016 
0.0167119 0.0119106 6.88505e-05 6.31121e-10 0.954549 0.0167601 
0.0320332 0.0912846 4.87623e-11 5.63119e-05 0.673409 0.203217 
0.00115368 0.0184982 0.000230443 6.74094e-07 0.932566 0.0475505 
0.00493476 0.0253343 0.000427589 2.37673e-06 0.693239 0.276062 
0.00988503 0.0392218 0.000115864 4.24523e-08 0.700585 0.250193 
0.0313027 0.0345242 0.000177568 0.00121944 0.827359 0.105417 
0.000679251 0.00270224 0.000955758 2.52922e-08 0.994298 0.00136519 
0.244801 0.00417604 6.03359e-09 1.26353e-05 0.688099 0.0629112 
0.0121576 0.0210322 1.71002e-06 3.42052e-10 0.940924 0.0258849 
0.0632427 0.00483764 0.0418041 0.00016296 0.723392 0.16656 
0.00167598 0.0935582 0.00136338 6.97379e-05 0.783172 0.120161 
0.00224732 0.00906285 0.000352617 0.00514569 0.944331 0.0388605 
0.0153129 0.0522599 6.03763e-07 0.0255385 0.795067 0.111821 
0.0224934 0.00373456 7.48691e-06 1.05014e-05 0.870416 0.103338 
0.0238223 0.365399 2.14911e-05 1.58517e-09 0.50137 0.109388 
0.0210265 0.0154779 0.00931941 0.00014077 0.826193 0.127842 
0.018343 0.0110343 7.02657e-07 7.02434e-07 0.766864 0.203758 
0.00040008 0.0235295 6.75399e-06 4.46473e-08 0.961354 0.0147097 
0.00173545 0.00454342 4.26258e-05 3.80927e-09 0.924489 0.0691891 
0.152197 0.00466217 1.51498e-05 0.00107994 0.543214 0.298832 
0.0640476 0.020224 1.36263e-05 1.6618e-08 0.873371 0.0423438 
0.00423051 0.00133321 1.355e-05 3.03406e-07 0.822351 0.172071 
0.000444708 0.00417516 0.000201684 3.42101e-06 0.952915 0.0422598 
0.00424172 0.0215765 3.15912e-06 4.01482e-07 0.64028 0.333898 
0.00114749 0.0442624 6.30099e-05 3.15261e-06 0.82857 0.125953 
0.0169354 0.0559451 7.6981e-05 0.00103134 0.770222 0.155789 
0.0073703 0.0857053 0.00680691 5.40571e-06 0.681569 0.218544 
0.0221263 0.000376922 3.03917e-05 2.75695e-07 0.869632 0.107835 
0.00132945 0.00405449 5.95257e-05 6.34258e-08 0.98762 0.0069364 
4.57911e-05 0.00507086 0.000238904 4.40451e-12 0.984142 0.0105028 
0.00487047 0.24036 0.00171275 4.71381e-08 0.386902 0.366155 
0.0202039 0.0301197 0.000301265 0.00113022 0.597495 0.35075 
0.0252096 0.0297022 0.0144573 0.00754376 0.668535 0.254552 
0.0218876 0.0363475 0.00555399 0.000176585 0.768922 0.167112 
0.0107844 0.324854 3.26412e-05 1.09008e-05 0.509912 0.154406 
0.00980483 0.0956196 0.000148649 5.09535e-06 0.763649 0.130772 
0.0783913 0.0445338 0.0157134 0.00174368 0.438554 0.421064 
0.0275392 0.0573064 0.000117248 0.000720912 0.686176 0.228141 
0.00444032 0.0225418 5.23879e-06 4.5795e-05 0.892158 0.0808092 
0.00210481 0.00452085 3.35033e-05 6.13069e-09 0.558469 0.434871 
0.0399136 0.198992 0.00121855 0.00943011 0.466911 0.283535 
0.0128375 0.251581 0.000205804 5.0665e-07 0.526498 0.208877 
0.00442508 0.00103967 4.61968e-07 1.23927e-08 0.97793 0.0166045 
0.00490621 0.0150974 0.014421 0.00280608 0.853888 0.108881 
0.0362746 0.0034055 1.03798e-07 7.89062e-07 0.960318 1.45789e-06 
0.260072 0.0484901 3.92419e-06 4.47384e-11 0.385874 0.305559 
0.00236576 0.035558 2.13669e-10 3.62208e-08 0.680563 0.281514 
0.00676581 0.000495123 9.0997e-05 8.02734e-11 0.967043 0.0256051 
0.0829655 0.0731873 1.17794e-05 0.0011431 0.473525 0.369167 
0.00359948 0.00525655 9.50993e-06 6.8377e-06 0.872103 0.119025 
0.0308649 0.0190817 0.000154791 0.000204024 0.708912 0.240782 
0.000784898 0.00456399 1.25433e-05 0.000176672 0.760152 0.23431 
0.00892888 0.244101 7.7538e-05 0.000473119 0.559629 0.186791 
0.00280316 0.0108214 9.04071e-05 7.82033e-12 0.982245 0.00403979 
0.00895765 0.215486 0.0246862 7.25623e-05 0.56535 0.185447 
0.017853 0.292611 4.87488e-06 0.000105687 0.411455 0.27797 
0.00949133 0.00073384 2.88019e-06 2.51973e-06 0.937564 0.0522056 
3.29971e-05 0.0191365 3.15424e-07 7.19979e-05 0.813012 0.167746 
0.0577214 0.00678209 0.00048631 1.19352e-10 0.71256 0.22245 
0.000575264 0.00682193 0.000371409 5.89529e-07 0.909475 0.0827558 
0.000989738 0.00492126 6.50813e-05 2.15264e-09 0.925609 0.0684152 
0.0258906 0.0421613 0.0182107 1.42623e-05 0.600967 0.312756 
0.00466595 0.00459687 0.000116005 2.55413e-05 0.934515 0.0560802 
8.91212e-06 0.174065 0.000162501 0.000515423 0.530636 0.294612 
0.0196769 0.0440076 0.00036133 0.000990913 0.81101 0.123954 
0.00218598 0.144799 1.63053e-06 4.42266e-07 0.795947 0.0570664 
1.56344e-05 0.00870607 8.87582e-11 1.83149e-06 0.686866 0.30441 
0.00531893 0.0583513 0.0307959 3.0533e-05 0.668535 0.236969 
0.000195001 0.0127339 1.32443e-05 2.24122e-09 0.974679 0.0123791 
1.55545e-06 0.2173 1.01995e-09 6.81946e-09 0.714595 0.0681036 
0.0231665 0.159817 6.24364e-05 1.5106e-05 0.726077 0.0908619 
0.000152921 0.17965 0.000496616 0.263846 0.321801 0.234053 
0.000211181 0.000137689 7.12077e-06 5.93115e-08 0.747968 0.251676 
0.0301262 0.155564 0.00107958 0.00248526 0.629958 0.180787 
2.6425e-07 0.000303298 1.40426e-07 2.70034e-12 0.999689 7.16936e-06 
0.155095 0.0118484 0.000428846 8.17282e-12 0.657137 0.175491 
0.0200991 0.0304241 1.76098e-09 7.24314e-08 0.835943 0.113533 
0.0434992 0.11104 0.00099758 7.96012e-05 0.689068 0.155315 
0.000444708 0.00417516 0.000201684 3.42101e-06 0.952915 0.0422598 
0.000989738 0.00492126 6.50813e-05 2.15264e-09 0.925609 0.0684152 
0.0312432 0.0358781 0.000193684 8.55889e-06 0.77951 0.153167 
0.00487047 0.24036 0.00171275 4.71381e-08 0.386902 0.366155 
0.0231757 0.0627665 0.000891976 4.08506e-05 0.755352 0.157773 
0.000537477 0.00651587 0.000307675 5.91838e-06 0.939632 0.0530011 
0.00181914 0.104256 3.42382e-05 0.000148074 0.465762 0.42798 
0.0117136 0.238396 0.000114225 3.26055e-06 0.39957 0.350203 
0.00296028 0.0321094 0.000134419 8.70538e-08 0.889026 0.0757703 
0.0201994 0.035403 0.00016324 0.000586469 0.813069 0.130579 
0.0247069 0.0877751 0.0018511 0.000272001 0.723714 0.161681 
0.0145229 0.0165296 3.47737e-05 3.87285e-05 0.821921 0.146953 
0.0172395 0.0687117 0.0352519 0.0014047 0.52697 0.350423 
0.00466595 0.00459687 0.000116005 2.55413e-05 0.934515 0.0560802 
0.000444708 0.00417516 0.000201684 3.42101e-06 0.952915 0.0422598 
3.97743e-05 0.00261653 0.000388759 1.41168e-07 0.973676 0.0232787 
0.0185469 0.000200077 1.11414e-06 1.3862e-06 0.915976 0.0652747 
9.07695e-07 0.000247234 1.28643e-08 1.57989e-11 0.947145 0.0526072 
0.0116482 0.000381307 1.98998e-05 1.84471e-10 0.863271 0.12468 
0.00466595 0.00459687 0.000116005 2.55413e-05 0.934515 0.0560802 
0.0140972 0.0155906 0.00113405 1.99282e-06 0.868373 0.100803 
0.0813731 0.0322566 0.00896981 0.027989 0.62818 0.221232 
0.00798006 0.00184482 7.71333e-06 2.58379e-07 0.926099 0.0640679 
0.00989644 0.0142973 0.000788265 7.53092e-05 0.862982 0.111961 
0.0666528 0.00634138 1.38621e-08 2.30865e-08 0.919506 0.0074998 
0.000989738 0.00492126 6.50813e-05 2.15264e-09 0.925609 0.0684152 
0.00407697 0.00695966 3.56904e-05 0.000138768 0.883643 0.105146 
0.0125082 0.00340586 0.000253085 0.00327202 0.933693 0.0468679 
0.000770293 0.000305189 1.21146e-08 1.29271e-06 0.990762 0.0081616 
0.00173545 0.00454342 4.26258e-05 3.80927e-09 0.924489 0.0691891 
0.00276366 0.103535 4.33767e-10 2.10713e-06 0.854472 0.0392272 
0.0185469 0.000200077 1.11414e-06 1.3862e-06 0.915976 0.0652747 
0.000987806 0.00210265 7.29492e-10 1.50513e-09 0.751204 0.245705 
0.00080044 0.00762773 1.84732e-05 1.29199e-07 0.978431 0.0131221 
0.000456679 0.201111 1.89113e-10 3.9019e-10 0.721431 0.0770022 
0.00643204 0.00395023 5.41828e-05 1.77656e-07 0.934801 0.0547626 
0.0187711 0.0148487 2.67994e-05 2.35635e-07 0.884105 0.0822479 
0.000444708 0.00417516 0.000201684 3.42101e-06 0.952915 0.0422598 
0.00812459 0.0558961 0.0253668 0.0091205 0.713908 0.187584 
0.0137581 0.0996869 0.000260183 0.00223025 0.614431 0.269633 
0.00144262 0.00473516 6.32885e-05 1.44825e-07 0.921815 0.0719434 
0.0221263 0.000376922 3.03917e-05 2.75695e-07 0.869632 0.107835 
0.00146249 0.0103368 6.49777e-06 1.33165e-05 0.936152 0.0520285 
0.000634319 0.403791 4.03038e-08 0.00176927 0.557633 0.0361724 
0.016115 0.0489016 0.0544595 4.35013e-05 0.716092 0.164389 
0.0041011 0.00446136 0.000409638 0.00708773 0.918038 0.0659021 
0.00827755 0.0405169 0.00435398 1.77965e-06 0.884599 0.0622506 
0.00248955 0.126536 3.16402e-05 9.56721e-05 0.633353 0.237494 
0.0514782 0.0279477 0.000251671 0.0118322 0.643075 0.265415 
0.0016797 0.00119491 2.68044e-05 8.68147e-10 0.82318 0.173919 
0.00194767 0.00451743 5.31074e-05 1.25659e-07 0.919995 0.0734864 
0.0268974 0.00155732 3.03928e-05 2.7703e-07 0.722283 0.249231 
0.0905485 0.26497 2.79444e-07 3.86916e-05 0.542857 0.101585 
0.000862737 0.013341 1.80921e-11 3.73286e-11 0.985782 1.46472e-05 
0.272745 0.0360709 2.75158e-11 6.85252e-08 0.667187 0.0239975 
0.00144324 0.258322 0.000103287 1.282e-07 0.565722 0.174409 
0.0190912 0.111201 0.000222343 0.00746636 0.675197 0.186822 
0.000202573 0.200026 3.55535e-06 1.69484e-06 0.420892 0.378874 
0.0535599 0.0209446 0.00579768 0.000547827 0.647919 0.271231 
0.00117744 0.0932078 0.00186228 0.00221812 0.828115 0.0734191 
0.00894455 0.195644 0.0129407 7.03941e-05 0.616769 0.165631 
0.0362951 0.30824 0.0148364 1.18808e-05 0.332567 0.30805 
0.0050231 0.0060801 0.000162395 3.57307e-05 0.910186 0.0785122 
3.97524e-07 0.228492 4.12863e-07 1.06103e-06 0.742581 0.0289259 
0.00275608 0.0816702 7.76917e-06 1.10979e-11 0.911734 0.00383201 
0.0231277 0.0193005 0.00299224 0.00212689 0.870662 0.0817904 
0.00243148 0.025831 1.86547e-06 1.5367e-05 0.618308 0.353412 
0.000444708 0.00417516 0.000201684 3.42101e-06 0.952915 0.0422598 
0.000102272 0.0652565 0.000196242 2.88293e-06 0.799635 0.134808 
0.00733347 0.181353 8.32605e-06 3.23249e-11 0.597476 0.213829 
6.82392e-07 0.00509966 2.005e-07 9.19658e-08 0.829871 0.165028 
0.0594149 0.00261513 4.11091e-05 2.40451e-05 0.551505 0.3864 
0.010684 0.00366088 3.86835e-05 7.01036e-07 0.875844 0.109772 
0.0116688 0.157914 0.000188863 1.27499e-05 0.642789 0.187427 
0.0184749 0.0538347 0.000787905 0.000755632 0.743471 0.182675 
0.0829404 0.00926956 0.000383241 2.2264e-06 0.504364 0.403041 
0.00419775 0.00978851 0.000519063 4.60493e-07 0.824016 0.161478 
1.56344e-05 0.00870607 8.87582e-11 1.83149e-06 0.686866 0.30441 
0.125389 0.000732898 4.78599e-07 0.000141645 0.775572 0.0981643 
0.0666528 0.00634138 1.38621e-08 2.30865e-08 0.919506 0.0074998 
0.000444708 0.00417516 0.000201684 3.42101e-06 0.952915 0.0422598 
0.00793196 0.108438 6.69753e-05 0.000289112 0.611031 0.272242 
0.0220276 0.0362313 0.00710676 1.46117e-06 0.752694 0.181939 
0.0281003 0.0642909 0.00227715 0.000271189 0.803223 0.101838 
0.000989738 0.00492126 6.50813e-05 2.15264e-09 0.925609 0.0684152 
0.0019535 0.292417 1.59962e-05 0.00678756 0.535371 0.163456 
0.0225229 0.0455988 0.00234662 0.00203138 0.745524 0.181976 
0.00758167 0.229492 5.09816e-05 3.49397e-07 0.712182 0.0506932 
0.00142379 0.307711 6.56293e-06 0.000592016 0.471346 0.218921 
0.00194767 0.00451743 5.31074e-05 1.25659e-07 0.919995 0.0734864 
0.0048016 0.109582 0.000184984 8.83254e-05 0.472646 0.412697 
0.000107638 0.0589052 3.50612e-05 3.66119e-09 0.869402 0.0715506 
0.0085731 0.0417001 0.000232635 7.49929e-09 0.812817 0.136677 
0.00336955 0.0561648 4.63236e-05 0.000167994 0.790118 0.150133 
0.0331894 0.000565372 4.55833e-05 4.11935e-07 0.804448 0.161752 
0.00235174 0.0151701 7.34517e-05 0.000700872 0.908453 0.0732507 
0.000158419 0.000684886 4.60069e-05 0.000173341 0.99536 0.00357753 
0.000444708 0.00417516 0.000201684 3.42101e-06 0.952915 0.0422598 
0.00261694 0.0155958 0.00717714 3.56836e-06 0.908285 0.0663218 
0.00978944 0.226726 0.00133805 3.38825e-08 0.681286 0.0808604 
0.00084005 0.0305556 2.41581e-06 3.32638e-07 0.653455 0.315147 
0.00224628 0.295533 6.98712e-06 0.0169746 0.358457 0.326782 
0.00254585 0.036149 1.92289e-05 1.44469e-05 0.878051 0.0832209 
0.00467502 0.0437404 4.23638e-05 4.4447e-06 0.855066 0.0964721 
0.00570047 0.00525876 0.000243677 3.33536e-06 0.93941 0.0493837 
0.00030068 0.0149941 0.00199855 0.0014811 0.947135 0.0340907 
0.0919041 0.00960587 2.62674e-07 0.000834671 0.629003 0.268652 
4.88067e-05 0.301578 0.000183445 0.000221687 0.546464 0.151504 
5.3316e-11 0.108166 1.11417e-10 2.99077e-07 0.852678 0.0391556 
0.0041011 0.00446136 0.000409638 0.00708773 0.918038 0.0659021 
0.000888111 0.313071 8.20598e-07 4.88215e-07 0.531755 0.154284 
0.0273537 0.050326 4.67917e-05 0.00109379 0.749668 0.171512 
0.000444708 0.00417516 0.000201684 3.42101e-06 0.952915 0.0422598 
0.000444708 0.00417516 0.000201684 3.42101e-06 0.952915 0.0422598 
0.0112014 0.0700858 7.11565e-05 0.00208463 0.813882 0.102675 
0.00349333 0.0163657 8.51744e-06 1.38152e-07 0.941312 0.0388203 
0.0555413 0.0569699 0.00945565 1.0538e-05 0.631355 0.246668 
0.0148131 0.0630659 0.00508849 8.7382e-08 0.820928 0.0961039 
0.0135343 0.0419718 0.0001039 0.000429988 0.810445 0.133515 
0.00370083 0.175863 8.13406e-05 4.64892e-05 0.49834 0.321968 
0.00394264 0.00371276 1.74961e-05 3.15302e-06 0.856439 0.135884 
0.00895765 0.215486 0.0246862 7.25623e-05 0.56535 0.185447 
0.0840144 0.0309119 1.2412e-05 7.17719e-05 0.749035 0.135954 
0.171368 0.0489321 2.69082e-05 0.000140557 0.676724 0.102808 
0.0119118 0.0372379 0.00109203 0.000129848 0.507161 0.442467 
0.0144489 0.00390547 0.000431281 2.71615e-06 0.930103 0.0511092 
0.00142495 0.00260512 9.2375e-08 1.64875e-09 0.977782 0.0181881 
0.0154299 0.00791784 0.000368645 2.04776e-05 0.648337 0.327926 
0.00275608 0.0816702 7.76917e-06 1.10979e-11 0.911734 0.00383201 
0.0148718 0.016551 5.99534e-05 1.59179e-09 0.940005 0.0285124 
0.0302331 0.0409693 0.000618112 0.0626412 0.732598 0.13294 
0.000371929 0.000961446 3.00857e-05 1.39969e-06 0.982435 0.0162 
0.000654913 0.0592593 6.89511e-05 0.00134902 0.802273 0.136395 
0.00388348 0.175482 0.000128291 0.00343354 0.65108 0.165993 
0.0269673 0.0577883 0.00151399 0.000639765 0.750469 0.162622 
0.00847368 0.000221917 5.68554e-06 1.82521e-07 0.924194 0.067105 
0.00424951 0.0149415 4.61251e-05 7.85629e-06 0.819927 0.160828 
0.000444708 0.00417516 0.000201684 3.42101e-06 0.952915 0.0422598 
0.00824419 0.294845 5.35046e-05 0.000122049 0.349435 0.347301 
0.00354779 0.260906 0.000444235 9.88786e-06 0.54175 0.193341 
0.000195001 0.0127339 1.32443e-05 2.24122e-09 0.974679 0.0123791 
0.0069744 0.149742 3.76217e-05 1.279e-07 0.477402 0.365844 
0.00275608 0.0816702 7.76917e-06 1.10979e-11 0.911734 0.00383201 
0.00244001 0.00207999 6.40903e-10 3.30364e-09 0.983639 0.0118405 
0.000608478 0.00313021 0.000439766 9.27614e-06 0.993659 0.00215322 
0.152197 0.00466217 1.51498e-05 0.00107994 0.543214 0.298832 
0.00905854 0.42931 0.000383453 6.96094e-05 0.490253 0.0709252 
0.0683544 0.010013 3.53543e-06 0.000220354 0.580991 0.340417 
0.00804329 0.0141573 6.07418e-06 0.0172644 0.802426 0.158103 
0.0367295 0.0682383 0.00105832 0.00170778 0.646946 0.24532 
0.0052819 0.0107768 0.000540926 3.49386e-06 0.817165 0.166232 
0.00453504 0.00442882 3.09453e-05 0.00048338 0.597244 0.393277 
0.107988 0.105837 0.000440774 0.032164 0.429547 0.324023 
0.000777464 0.000470972 4.32499e-11 8.10208e-07 0.966271 0.0324799 
0.193556 0.219245 1.55195e-08 7.0661e-06 0.465152 0.12204 
0.00609108 0.0087425 1.0466e-05 0.000457209 0.687898 0.296801 
0.000386736 0.0617245 0.000400309 0.00301707 0.870911 0.0635608 
0.0408739 0.00334444 0.000109684 2.29452e-07 0.688049 0.267623 
0.00550298 0.161403 5.90089e-05 1.25495e-05 0.524687 0.308336 
3.88845e-06 0.231866 0.000386793 1.41164e-07 0.451452 0.316291 
0.00227332 0.00522949 1.17202e-07 1.29229e-07 0.970187 0.0223099 
0.00122576 0.0254322 4.33437e-08 9.15372e-10 0.958866 0.0144758 
0.00037678 0.00169504 4.17363e-06 3.73744e-10 0.968425 0.0294991 
0.00476032 0.00136625 2.46989e-07 3.12135e-10 0.954958 0.0389152 
0.0227934 0.20176 0.00022725 3.75101e-07 0.553398 0.221821 
0.00275608 0.0816702 7.76917e-06 1.10979e-11 0.911734 0.00383201 
0.0246941 0.0475398 0.000245653 0.00225248 0.725356 0.199912 
0.0903734 0.00153716 6.53153e-05 1.64123e-11 0.516402 0.391622 
0.000118658 0.00903035 3.18011e-07 2.17241e-07 0.599769 0.391082 
0.000989738 0.00492126 6.50813e-05 2.15264e-09 0.925609 0.0684152 
0.0367954 0.317572 0.000493105 5.50382e-07 0.44396 0.201179 
0.0282769 0.0460636 0.000201428 4.75776e-05 0.78372 0.14169 
0.0245795 0.111995 1.93584e-05 0.00216253 0.792062 0.069182 
0.0245843 0.192076 0.00036458 6.86206e-05 0.495321 0.287585 
0.36225 0.00360665 1.34146e-08 2.76778e-08 0.634042 0.0001011 
0.000739497 0.0124193 0.000371464 6.01292e-07 0.898679 0.0877906 
0.00249846 0.00673479 3.49893e-05 3.71024e-06 0.562179 0.428549 
0.00895765 0.215486 0.0246862 7.25623e-05 0.56535 0.185447 
0.0125194 0.000986924 4.74131e-05 1.35127e-06 0.919683 0.066762 
0.000989738 0.00492126 6.50813e-05 2.15264e-09 0.925609 0.0684152 
0.0164503 0.0439016 5.18839e-07 5.18674e-07 0.825731 0.113917 
0.00144262 0.00473516 6.32885e-05 1.44825e-07 0.921815 0.0719434 
0.0380012 0.111931 0.000148602 0.000446727 0.545013 0.304459 
0.0139774 0.00233057 1.40892e-06 2.77349e-05 0.542202 0.441461 
0.0103519 0.116506 0.000706525 1.63644e-05 0.636729 0.235691 
0.00832014 0.000272365 1.42152e-05 1.51441e-10 0.902336 0.0890568 
0.00495247 0.107 0.00013654 3.72617e-05 0.652702 0.235173 
0.000405708 0.2011 0.000961295 7.52961e-05 0.740874 0.056584 
0.0265369 0.038948 0.00159763 0.000641535 0.735806 0.19647 
0.0438146 0.0377806 0.000131955 0.000450162 0.792791 0.125031 
0.00395138 0.0341087 3.6374e-06 1.04859e-05 0.929993 0.031933 
0.0215322 0.0270283 0.0042726 3.70843e-05 0.823593 0.123536 
0.0235289 0.00926077 0.00942363 6.63889e-05 0.515418 0.442303 
0.00698575 0.0369822 1.42876e-08 0.00133313 0.724357 0.230342 
0.0185469 0.000200077 1.11414e-06 1.3862e-06 0.915976 0.0652747 
0.000989738 0.00492126 6.50813e-05 2.15264e-09 0.925609 0.0684152 
0.000247954 0.000645631 2.006e-05 9.33322e-07 0.988269 0.0108161 
0.0206794 0.0469978 0.00145522 8.84316e-07 0.832424 0.0984431 
0.00262324 0.00973817 9.23844e-05 9.85715e-07 0.956779 0.0307667 
0.016729 0.166972 1.98729e-07 3.06448e-10 0.411921 0.404378 
7.81419e-07 0.000257973 5.18335e-08 4.10861e-06 0.998177 0.00156007 
0.0359879 0.0313023 4.77819e-06 0.0129147 0.744962 0.174828 
0.00364286 0.0118252 0.000347834 0.00567028 0.92439 0.0541239 
0.00250955 0.143775 0.000351352 4.86071e-11 0.452838 0.400526 
0.000472169 0.0316897 0.000581239 0.00636541 0.955858 0.00503341 
0.00688637 0.122581 0.000620777 0.000595961 0.652959 0.216357 
0.000456959 0.00591948 0.000282893 5.44532e-06 0.945621 0.0477142 
0.0102621 0.0345382 0.000855335 0.000314764 0.858323 0.0957068 
0.00980173 0.0973246 0.000125985 4.33391e-05 0.621341 0.271364 
0.0217096 0.0749722 0.000901126 3.59673e-06 0.711783 0.190631 
0.00886664 0.0412405 1.14221e-05 8.03811e-07 0.638546 0.311335 
0.042541 0.000953583 3.75618e-09 4.64534e-10 0.784497 0.172009 
0.0103296 0.333392 0.000370992 2.77479e-06 0.362177 0.293727 
0.0110678 0.0498276 0.000247233 0.000291354 0.929775 0.00879127 
0.00635359 0.0699124 0.00360144 1.59062e-09 0.590907 0.329225 
0.0556444 0.00117155 2.67854e-05 3.078e-08 0.738736 0.204421 
0.00275608 0.0816702 7.76917e-06 1.10979e-11 0.911734 0.00383201 
0.0246877 0.0399583 0.00202528 0.0011935 0.760629 0.171506 
0.00466595 0.00459687 0.000116005 2.55413e-05 0.934515 0.0560802 
0.0354743 0.0422008 0.000806866 6.71027e-08 0.818321 0.103197 
0.00953349 0.169885 0.00014415 0.00010066 0.626919 0.193418 
0.000871266 0.00462441 4.78984e-05 2.90407e-07 0.93213 0.0623261 
0.0493462 0.0165443 0.000206113 4.15192e-08 0.504793 0.42911 
0.0130357 0.0289067 0.000118693 8.40855e-07 0.55873 0.399208 
0.0173378 0.0724464 0.00219611 0.00384827 0.690644 0.213528 
0.00406368 0.0274051 9.90276e-05 0.00089731 0.692531 0.275004 
0.0041011 0.00446136 0.000409638 0.00708773 0.918038 0.0659021 
0.00405304 0.0019948 1.52841e-05 5.01622e-07 0.944648 0.0492884 
0.00273188 0.0244786 0.0014891 2.32999e-05 0.897662 0.073615 
0.000444708 0.00417516 0.000201684 3.42101e-06 0.952915 0.0422598 
0.00275608 0.0816702 7.76917e-06 1.10979e-11 0.911734 0.00383201 
0.0840366 0.379055 0.000939017 1.09065e-06 0.390777 0.145192 
0.022265 0.0664981 3.79852e-06 1.4099e-07 0.656943 0.25429 
0.0527518 0.1141 0.072001 0.000326683 0.578846 0.181974 
2.45979e-06 0.150497 0.00042443 2.15725e-09 0.450519 0.398557 
0.0351705 0.0520062 0.00304604 0.000126339 0.809772 0.0998786 
2.01411e-08 1.13611e-05 1.34449e-11 2.77404e-11 0.99716 0.00282858 
0.000324191 0.0584446 0.000390523 2.83838e-07 0.910655 0.0301858 
0.34344 0.00445115 0.000123247 0.000311993 0.593259 0.0584143 
0.0351405 0.020348 0.00350297 0.000511138 0.667736 0.272761 
0.173708 0.000486196 1.3185e-05 1.73771e-08 0.783856 0.041937 
0.017447 0.0492948 0.00157031 5.08631e-06 0.660025 0.271658 
0.0122085 0.0642741 0.00146154 6.65516e-07 0.723383 0.198672 
0.00334841 0.0036026 4.76753e-11 9.83665e-11 0.703731 0.289318 
0.0042891 0.0856593 6.05579e-07 1.81356e-08 0.792202 0.117849 
0.0100938 0.116313 0.000368652 3.76396e-05 0.573309 0.299878 
0.00218598 0.144799 1.63053e-06 4.42266e-07 0.795947 0.0570664 
0.00728902 0.107165 5.19342e-05 0.0116589 0.571704 0.30213 
0.174547 0.0358637 0.000107213 0.00257036 0.589043 0.197868 
0.00354176 0.0525982 1.25129e-05 0.00903233 0.498198 0.436617 
0.00411138 0.00275431 0.000670063 0.0123487 0.899873 0.0802426 
0.00177259 0.0272646 0.000628326 0.00742141 0.732484 0.230429 
0.497475 3.86946e-05 3.11981e-11 5.16681e-08 0.502213 0.000273515 
0.0926491 0.0666636 0.0776618 0.00016931 0.542352 0.220505 
0.0187937 0.0356933 1.95049e-10 0.000118477 0.831181 0.114214 
0.000158862 0.00922885 0.000416927 2.26071e-07 0.88185 0.108346 
0.000987482 0.22054 2.82636e-06 0.000106336 0.581709 0.196654 
0.027895 0.017018 0.0280254 1.65905e-06 0.656852 0.270208 
0.0250829 0.052256 0.0019916 0.000192468 0.745489 0.174988 
0.00466595 0.00459687 0.000116005 2.55413e-05 0.934515 0.0560802 
0.052247 0.0282061 6.2383e-05 1.22597e-07 0.803527 0.115958 
0.0821457 0.0554716 0.0016444 3.83705e-05 0.577838 0.282862 
0.00648807 0.0355779 0.00641981 3.16791e-05 0.684547 0.266936 
0.00979256 0.0311128 0.000393705 0.00381372 0.895669 0.0592186 
0.000989738 0.00492126 6.50813e-05 2.15264e-09 0.925609 0.0684152 
0.0121686 0.0200273 0.000228126 3.89238e-05 0.837499 0.130038 
0.00138989 0.0174293 7.60548e-05 3.75245e-08 0.937335 0.0437695 
3.38902e-05 0.382237 0.000151286 3.69529e-08 0.530892 0.0866855 
0.0047982 0.0120089 5.47808e-05 2.73493e-06 0.760915 0.22222 
0.0650417 0.0309908 9.30255e-06 0.00339574 0.647488 0.253074 
0.018913 0.0632794 0.000487056 2.90486e-08 0.4869 0.43042 
0.00904773 0.0749954 7.32309e-06 5.05521e-08 0.596535 0.319415 
0.00776441 0.0278723 2.62386e-05 0.000376887 0.704019 0.259942 
0.0266693 0.239005 0.00168935 0.00143622 0.492095 0.239105 
0.011334 0.110193 0.000132526 0.0156257 0.446107 0.416608 
0.000552888 0.00500517 0.000242441 4.27503e-06 0.941381 0.0528147 
0.0808516 0.00799419 0.00234236 3.04095e-08 0.482075 0.426737 
0.0013695 0.000255935 8.46507e-07 2.00533e-07 0.996398 0.00197559 
0.0400764 0.0647652 0.00309373 4.43259e-07 0.825621 0.0664432 
0.00197874 0.000556136 2.46565e-07 3.94264e-08 0.991621 0.00584392 
0.0209095 0.0539515 0.00105001 0.00898437 0.777519 0.137585 
0.00712178 0.00591693 0.0169557 2.46489e-06 0.695581 0.274422 
0.00303849 0.0451617 0.000261939 0.00159642 0.535306 0.414635 
0.0131471 0.0721767 5.48598e-06 7.31007e-05 0.701075 0.213523 
0.00108432 0.251024 1.30435e-06 3.77704e-06 0.694396 0.0534911 
0.0061403 0.289254 0.000410402 0.0026332 0.356201 0.345361 
0.00585779 0.0365685 0.000212504 2.61273e-06 0.862642 0.0947165 
0.0120916 0.0240066 0.00160968 5.08035e-05 0.721778 0.240463 
0.0055349 0.00045283 3.83029e-06 5.17533e-08 0.945462 0.0485466 
0.0160841 0.0555392 4.30669e-05 0.00115337 0.684052 0.243128 
0.0134523 0.407725 0.00351465 0.0304501 0.422174 0.122684 
0.0112501 0.0116393 0.000410149 4.71674e-05 0.887182 0.089471 
0.00628218 0.00950927 8.1892e-05 1.23584e-05 0.8798 0.104314 
0.0165742 0.364524 0.0014973 1.63345e-05 0.505126 0.112262 
0.0108379 0.0459983 0.000295279 2.33678e-07 0.86507 0.0777983 
0.0123324 0.028793 0.0109943 3.63144e-06 0.580899 0.366977 
0.00596082 0.0219528 4.62013e-05 0.00770238 0.768571 0.195766 
0.298612 2.5041e-05 8.42117e-10 1.76334e-07 0.701194 0.00016819 
0.0116482 0.000381307 1.98998e-05 1.84471e-10 0.863271 0.12468 
0.000312655 0.230864 0.00616054 1.86374e-05 0.74456 0.0180845 
0.0338502 0.0482273 7.1214e-06 5.86332e-05 0.507632 0.410225 
0.0304338 0.258132 0.000126465 1.41291e-05 0.382345 0.328949 
0.0185469 0.000200077 1.11414e-06 1.3862e-06 0.915976 0.0652747 
0.00359948 0.00525655 9.50993e-06 6.8377e-06 0.872103 0.119025 
0.00570158 0.157219 4.79172e-06 0.00141708 0.778318 0.0573403 
0.00927648 0.169076 0.00290286 0.00873239 0.681712 0.1283 
0.0331992 0.185272 0.000206529 0.000331412 0.484268 0.296722 
0.000290327 0.354824 5.07872e-10 3.9326e-07 0.375666 0.26922 
0.0140723 0.0151371 0.000508344 3.14905e-05 0.774879 0.195372 
0.00750312 0.00935238 0.00731281 7.61642e-05 0.794906 0.18085 
0.000552888 0.00500517 0.000242441 4.27503e-06 0.941381 0.0528147 
0.125917 0.21056 0.000215205 0.000263468 0.622674 0.0403707 
0.000444708 0.00417516 0.000201684 3.42101e-06 0.952915 0.0422598 
0.0036567 0.00912756 6.9128e-05 3.05844e-07 0.74557 0.241576 
0.000738282 0.00428516 0.00018702 5.04595e-06 0.957371 0.0374138 
0.0333317 0.00587955 1.24465e-05 0.000385302 0.531759 0.428632 
0.000144115 0.0112685 2.90318e-08 3.02128e-11 0.981151 0.00743626 
0.0262222 0.023847 0.0104354 3.39337e-06 0.853439 0.0860526 
0.00401838 0.125206 0.0374216 3.49067e-07 0.560065 0.273289 
0.00318438 0.0838745 0.000212302 0.00219631 0.787828 0.122704 
0.0141379 0.0187205 0.000177826 1.80894e-07 0.878052 0.0889112 
0.000152921 0.17965 0.000496616 0.263846 0.321801 0.234053 
0.00366874 0.00444644 1.04647e-05 7.43589e-09 0.954236 0.0376383 
0.000552888 0.00500517 0.000242441 4.27503e-06 0.941381 0.0528147 
0.0116219 0.107628 1.34087e-06 2.85752e-06 0.600035 0.280711 
