0.0378913 0.0419854 0.00246462 0.103369 0.124293 0.689997 
0.0212966 0.465846 0.000112096 0.000268178 0.00897938 0.503498 
0.00278254 0.0272202 0.000165467 3.2504e-05 0.00945649 0.960343 
0.0280142 0.367333 0.143754 0.00142498 0.0439291 0.415545 
0.00354731 0.0115322 6.51859e-06 2.56918e-09 0.0178462 0.967068 
0.0120629 0.00796655 1.13773e-06 1.13736e-06 0.0121778 0.96779 
0.00702347 0.000365431 8.32293e-09 2.32159e-09 0.00110658 0.991505 
0.0157316 0.00131341 1.17855e-06 1.55931e-06 0.0823043 0.900648 
0.121302 0.0702666 0.0108042 0.000534307 0.0526824 0.74441 
0.0524835 0.0154817 8.14687e-05 0.000164152 0.0473298 0.884459 
0.0355664 0.0613752 0.0339906 0.000796272 0.00108029 0.867191 
0.0383605 0.0284293 0.00827593 4.8103e-05 0.099234 0.825652 
0.00414369 0.00534203 5.59861e-08 2.24433e-05 0.308365 0.682127 
0.424588 0.0282056 0.0749153 5.6324e-05 0.0277703 0.444465 
0.0296475 0.301031 0.123649 5.17295e-09 0.00898827 0.536684 
0.0143288 0.00440491 0.132466 1.09262e-11 0.0561565 0.792644 
0.193752 0.0129966 0.000318188 0.00561826 0.0101966 0.777118 
0.0897769 0.130087 0.193592 8.83996e-05 0.0908047 0.495651 
0.00185391 0.0145425 7.592e-05 4.15402e-05 0.00550988 0.977976 
0.132495 0.262512 0.00028897 8.48421e-05 0.0939764 0.510643 
0.00781932 0.000489596 4.77483e-06 2.68366e-07 0.0288212 0.962865 
0.0191376 0.0260653 0.0445196 9.73503e-05 0.0218511 0.888329 
0.0171609 0.239811 0.0106962 1.95619e-06 0.221139 0.511191 
0.00181567 0.0524683 8.86504e-06 0.00205066 0.383825 0.559831 
0.0231115 0.356002 0.000502045 0.0141985 0.0751301 0.531056 
0.0265421 0.0331695 0.00183745 0.00380036 0.0132537 0.921397 
0.172448 0.132982 0.00664779 0.000183536 0.0571817 0.630557 
0.0718121 0.0455112 0.001473 0.00177068 0.116975 0.762458 
0.0146059 0.014633 0.0113166 0.000570906 0.0231632 0.93571 
0.056648 0.346169 0.000108532 1.47709e-09 0.0385421 0.558532 
0.0286005 0.0276199 0.0159537 0.00184851 0.091711 0.834266 
0.00670717 0.0686843 2.71216e-05 0.00113111 0.022012 0.901438 
0.0552431 0.0103564 0.00105148 3.42829e-06 0.0693531 0.863993 
0.0652902 0.00236167 7.95962e-05 2.68611e-11 0.0178936 0.914375 
0.036162 0.050936 0.00294236 0.000396346 0.1149 0.794664 
0.0512128 0.0340229 5.28191e-05 7.06184e-05 0.0201218 0.894519 
0.161071 0.0213902 0.000164102 0.000331865 0.0275377 0.789505 
0.108896 0.0724734 0.011122 0.000355314 0.0954659 0.711687 
0.0377448 0.0383223 0.0136571 0.00111075 0.0787465 0.830419 
0.00570761 0.00710387 1.98326e-06 0.000100325 0.0683273 0.918759 
0.139366 0.0451925 0.0148426 0.000132961 0.0652178 0.735248 
0.0544207 0.000733812 0.000392752 2.58589e-08 0.133638 0.810814 
0.0771842 0.0325 4.42055e-05 1.0097e-05 0.038605 0.851657 
0.0799128 0.27847 5.23831e-05 6.85264e-08 0.242635 0.39893 
0.0753512 0.0721534 0.0334318 7.51363e-06 0.137225 0.681831 
0.264345 0.0557286 0.00158784 0.000101219 0.0825526 0.595685 
0.0191231 0.229167 0.00578307 0.00028686 0.104783 0.640857 
0.000347109 0.00686877 6.27371e-06 1.40846e-10 0.0177154 0.975062 
0.0326501 0.175504 0.00983326 1.1458e-06 0.0991617 0.682849 
0.00424122 0.405801 0.013789 2.83561e-05 0.0550166 0.521124 
0.00924198 0.065225 0.00247228 0.00973398 4.02705e-07 0.913326 
0.00615609 0.0292958 3.4458e-05 0.000182028 0.138604 0.825727 
0.0294689 0.380871 0.00098293 9.38745e-09 0.108962 0.479715 
0.135665 0.206553 8.2589e-05 1.48828e-09 0.114671 0.543029 
0.00307456 0.000555215 3.59851e-06 0.00197907 0.0735622 0.920825 
0.00696644 0.209164 3.19137e-05 0.00247535 0.00864396 0.772719 
0.186353 0.109389 2.19808e-05 4.77085e-08 0.00504664 0.69919 
0.0343079 0.127929 0.293045 1.09775e-06 0.00315175 0.541565 
0.397771 0.0149284 0.0380113 0.000112351 0.0149505 0.534227 
0.111926 0.276699 0.0103742 0.000148488 0.0631914 0.537662 
0.0915277 0.104927 0.120377 0.000164719 0.0423451 0.640658 
0.0611895 0.270448 0.00016218 0.0232546 0.0993061 0.54564 
0.0118018 0.0457254 1.4697e-05 3.0082e-09 0.282005 0.660453 
0.312066 0.296503 8.14973e-06 2.13462e-05 0.0121234 0.379278 
0.0165705 0.0162324 0.000531213 0.0704487 0.0917162 0.804501 
0.0349541 0.110374 6.32488e-05 2.94706e-07 0.0767144 0.777894 
0.00180259 0.0130248 0.00045107 0.000198267 0.0112029 0.97332 
0.0669599 0.00459023 1.381e-06 5.98385e-08 0.0141016 0.914347 
0.0605584 0.0139196 5.30088e-05 7.93722e-05 0.152175 0.773215 
0.352783 0.130505 0.0129456 1.93632e-05 0.132204 0.371543 
0.0113701 0.0006057 5.9106e-05 3.64044e-07 0.176324 0.81164 
0.0158963 0.382629 0.00037801 0.00038696 0.0683345 0.532375 
0.161071 0.0213902 0.000164102 0.000331865 0.0275377 0.789505 
0.0340431 0.00231931 0.000132693 7.05926e-06 0.0486562 0.914842 
0.0239435 0.0983867 0.0304058 0.000391945 0.017537 0.829335 
0.0030748 0.12463 0.000261209 1.39306e-05 0.272281 0.599738 
0.318074 0.143765 0.0199581 0.00135283 0.0179579 0.498892 
0.0035883 0.00307821 7.7872e-09 1.38393e-08 0.162198 0.831135 
0.379005 0.1894 0.00157845 0.013943 0.0310068 0.385066 
0.0539316 0.00124572 0.00109139 4.91644e-10 0.0339946 0.909737 
0.0169997 0.176296 3.97589e-05 2.22217e-05 0.342549 0.464094 
0.009269 0.283734 0.00407808 0.0221256 0.0192637 0.66153 
0.00889418 0.204464 0.135452 9.68092e-05 0.105291 0.545802 
0.0283449 0.174587 0.00881713 1.34062e-05 0.050361 0.737877 
0.00650879 0.00184234 0.141007 0.000102226 0.0737411 0.776799 
0.01024 0.0360956 0.00886137 0.00291264 0.106543 0.835348 
0.0158034 0.0167899 0.000515858 0.0399046 0.394196 0.53279 
0.128798 0.0102825 8.66034e-05 2.19592e-12 0.0246571 0.836175 
0.032568 0.119631 0.0284481 0.000297265 0.0282128 0.790843 
0.057445 0.271437 0.00152773 5.89655e-08 0.0190632 0.650527 
0.398507 0.177607 2.51661e-05 1.86296e-05 0.0109889 0.412854 
0.0238228 0.0178575 4.1018e-05 5.54135e-07 0.0879242 0.870354 
0.000188592 0.00941468 0.000281568 5.70133e-06 0.0859493 0.90416 
0.00338111 0.0181924 1.91294e-05 2.28507e-09 0.239176 0.739231 
0.0292396 0.30414 0.0142241 0.0212101 0.189805 0.441382 
0.260302 0.0069843 0.000300911 0.000340833 0.0359328 0.69614 
0.118692 0.0170794 6.52133e-05 4.11687e-06 0.0646983 0.799461 
0.127681 0.00616808 0.000126895 6.72505e-05 0.0279146 0.838042 
0.0814228 0.00301867 8.69002e-06 0.000370181 0.0570675 0.858112 
0.0155241 0.103767 0.000304287 3.15849e-05 0.134754 0.74562 
0.00329218 0.0776322 9.26665e-09 1.91195e-08 0.054608 0.864468 
0.00875352 0.0113682 5.83651e-05 3.27058e-06 0.025504 0.954313 
0.184861 0.0163716 0.00697837 0.00330728 0.0267755 0.761707 
0.012643 0.2385 5.81297e-06 1.85221e-08 0.00529827 0.743552 
0.159596 0.040207 0.000645769 0.000198915 0.367507 0.431845 
0.000210289 0.00767135 4.66708e-05 0.000274207 0.169581 0.822217 
0.0230788 0.00177631 0.000634374 2.76852e-07 6.35489e-07 0.97451 
0.0265823 0.200597 0.219822 0.00472774 0.00603665 0.542234 
0.00775224 0.12724 0.0120112 0.000251975 0.111304 0.741441 
0.00869791 0.0106379 7.39039e-05 2.51528e-06 0.0355601 0.945028 
0.100879 0.00440344 0.000214742 0.00147161 0.0303221 0.862709 
0.0256401 0.185104 2.33134e-05 0.00155761 0.247667 0.540007 
0.0321805 0.339245 1.06876e-05 4.06898e-07 0.0556908 0.572873 
0.0127138 0.0805845 0.000119659 0.000209612 0.36632 0.540052 
0.0149146 0.0282568 0.00180336 0.000218365 0.0904883 0.864319 
0.0649057 0.00733992 1.36613e-05 1.01044e-05 0.00872042 0.91901 
0.0131189 0.270855 0.00504487 0.0107404 0.0486844 0.651557 
0.00179254 0.0273089 2.38174e-05 4.49475e-07 0.204966 0.765909 
0.0494632 0.00064942 1.69843e-08 8.40162e-11 0.0264512 0.923436 
0.0250992 0.385098 9.38896e-05 0.000305575 0.107085 0.482318 
9.76373e-06 0.321649 1.32728e-07 1.92132e-05 3.31624e-06 0.678318 
0.00753717 0.149606 0.377545 0.000411586 0.0303037 0.434596 
0.000210289 0.00767135 4.66708e-05 0.000274207 0.169581 0.822217 
0.0836275 0.00547294 6.83669e-07 6.03665e-07 0.117754 0.793144 
0.150796 0.000711294 9.15252e-05 5.01294e-11 0.00365792 0.844743 
0.0120629 0.00796655 1.13773e-06 1.13736e-06 0.0121778 0.96779 
0.0221947 0.0492801 0.00115071 0.00491284 0.0245838 0.897878 
0.166678 0.16668 0.166652 0.166599 0.166693 0.166698 
0.081925 0.0151815 0.00229334 0.000514687 0.0941593 0.805926 
0.0679812 0.0299006 0.00263974 0.000490622 0.0795178 0.81947 
0.0276227 0.0215861 0.00164831 0.000915502 0.0749182 0.873309 
0.0151398 0.0123973 1.46437e-08 2.28811e-06 0.159009 0.813452 
0.0105226 0.0281969 2.51162e-05 1.82389e-05 0.115676 0.845561 
0.0551706 0.0239638 0.00547068 0.000217195 0.067418 0.84776 
0.115879 0.114197 9.74861e-05 0.089168 0.00178649 0.678872 
0.102471 0.0142059 0.0318415 0.00214619 0.0594824 0.789853 
0.0409986 0.0238492 6.50479e-05 0.000393072 0.0661275 0.868567 
0.00715726 0.0186972 3.4501e-05 4.52528e-08 0.0943559 0.879755 
0.262677 0.057681 1.97611e-09 4.07723e-09 0.0673376 0.612305 
0.00497976 0.0174396 0.0497486 4.62785e-05 0.03672 0.891066 
3.18912e-06 6.50289e-10 1.44848e-09 2.9886e-09 1.11727e-06 0.999996 
0.0302958 0.268391 0.000767958 0.000162804 0.144443 0.55594 
0.025745 0.0218015 2.83266e-08 6.04221e-09 0.436928 0.515526 
0.217381 0.020783 0.000109728 2.50957e-06 0.114063 0.64766 
0.00367864 0.00468274 2.25298e-05 8.65568e-05 0.0243107 0.967219 
0.0245534 0.0593265 0.00132295 5.4546e-07 0.0179477 0.896849 
0.0539551 0.0378989 0.00013125 0.000229897 0.0437235 0.864061 
0.0228096 0.0924013 0.175138 0.000632015 0.0613413 0.647677 
0.0606419 0.00534947 0.000321851 0.000103292 0.0684927 0.865091 
0.0841796 0.000907192 1.10504e-05 9.85509e-10 0.195624 0.719278 
0.140243 0.0409819 0.0347076 0.00414858 0.00612106 0.773798 
0.185656 0.0295017 0.00216148 1.80353e-08 0.0994326 0.683248 
0.0313716 0.00538544 4.47042e-05 1.12114e-05 0.0091723 0.954015 
0.012616 0.0322708 0.000337283 1.1971e-05 0.0640147 0.890749 
0.103166 0.0162208 2.14269e-05 1.40883e-05 0.161876 0.718701 
0.0102988 0.0265127 0.000872868 0.000560625 0.102165 0.85959 
0.0366883 0.00564139 4.58606e-05 5.39157e-07 0.114601 0.843023 
0.0576818 0.0348732 0.000197738 0.00022837 0.0846835 0.822335 
0.00693395 0.00893424 0.000772789 3.71483e-05 0.0614453 0.921877 
0.0340431 0.00231931 0.000132693 7.05926e-06 0.0486562 0.914842 
0.0380248 0.0127661 4.72831e-05 0.000489949 0.046052 0.90262 
0.250059 0.0453631 0.00427409 0.00338149 0.283449 0.413473 
0.130198 0.0223127 0.0154053 5.706e-05 0.0565628 0.775464 
0.0308348 0.0537844 0.0135175 0.000105723 0.0643931 0.837364 
0.0439975 0.0539482 0.000539541 0.0103944 0.0739506 0.81717 
0.0488191 0.0439378 7.53905e-06 6.01207e-06 0.0958447 0.811385 
0.000442638 0.0011894 5.86773e-10 2.88781e-09 0.0483633 0.950005 
0.188089 0.00862218 0.0015936 9.22206e-07 0.0816421 0.720052 
0.115512 0.374437 0.0732757 1.83963e-06 0.0192159 0.417558 
0.0974478 0.0934934 0.00117498 7.62235e-06 0.144863 0.663013 
0.0113701 0.0006057 5.9106e-05 3.64044e-07 0.176324 0.81164 
0.095135 0.267673 0.000852698 0.0793172 0.11302 0.444002 
0.000367941 0.0150218 1.18266e-05 1.45642e-10 0.0232624 0.961336 
0.011575 0.474142 0.00280469 0.0121144 0.00757262 0.491792 
0.0435868 0.13773 0.000454971 3.73945e-05 0.0447851 0.773406 
0.000110939 0.00152964 2.9545e-06 1.87558e-13 0.0663303 0.932026 
0.0299331 0.0338253 0.000130157 4.13866e-05 0.0892269 0.846843 
0.108418 0.0609142 0.00575274 0.000171998 0.206501 0.618243 
0.000972279 0.0510317 0.000344475 9.32438e-11 0.0104962 0.937155 
0.164692 0.0895873 0.00693453 0.00206063 0.105707 0.631018 
0.0321948 0.0473764 0.00207033 0.0328591 0.0843221 0.801177 
0.0630907 0.0936424 0.00111898 3.10643e-07 0.348647 0.4935 
0.0147335 0.157997 0.00040141 0.00278563 0.0271565 0.796926 
0.00577838 0.408339 0.000339006 0.0215855 0.0712445 0.492713 
0.0592548 0.400266 1.87537e-08 6.82529e-05 0.0465538 0.493857 
0.00228022 0.0827526 8.9666e-05 4.65201e-06 0.129879 0.784994 
0.0137503 0.0491075 0.000197179 0.000461689 0.035584 0.900899 
0.0393268 0.277023 0.000123361 2.66066e-05 0.131763 0.551737 
0.0113701 0.0006057 5.9106e-05 3.64044e-07 0.176324 0.81164 
0.00649025 0.000517256 3.64545e-07 6.37795e-10 0.000696773 0.992295 
0.00747531 0.0051459 9.97028e-05 8.36859e-10 0.00165347 0.985626 
0.110415 0.379681 0.0110673 9.845e-08 0.000873934 0.497962 
0.0566567 0.0611394 1.79259e-06 1.79202e-06 0.107046 0.775154 
0.0609017 0.00487047 1.30507e-05 6.27746e-05 0.0627743 0.871378 
0.240563 0.0150245 0.00496931 1.36162e-06 0.0473273 0.692114 
0.133087 0.0329947 0.00051233 0.0266767 0.0599213 0.746808 
0.0404225 0.111669 0.000341655 0.00135935 0.265383 0.580824 
0.0141894 0.386029 0.00275401 0.0840555 0.0937213 0.419251 
0.059746 0.0668623 1.99906e-05 2.62375e-05 0.310722 0.562624 
0.0163486 0.122318 0.0200451 0.00111337 0.0818049 0.758371 
0.0131886 0.383204 0.0861966 0.00217899 0.0551084 0.460123 
0.00816633 0.161079 0.000264765 0.000715069 0.360328 0.469446 
0.114906 0.00478176 0.000146975 3.61992e-06 0.251785 0.628377 
0.128722 0.0222605 0.00553606 0.000317333 0.0770395 0.766125 
0.0287135 0.0701596 0.000830352 0.00264379 0.0634232 0.83423 
0.0546591 0.00787676 0.00431744 3.80749e-06 0.110836 0.822307 
0.00131011 0.00488275 5.67409e-05 6.23884e-06 0.421742 0.572002 
0.00479069 0.143544 2.35248e-05 1.87634e-07 0.00206238 0.849579 
0.295226 0.0366877 0.0182557 0.00270032 0.0196026 0.627528 
0.0106936 0.0950085 0.000666736 3.89198e-05 0.00078301 0.892809 
0.0941309 0.0100607 0.000551035 2.37884e-05 0.0706827 0.824551 
0.0491631 0.029645 0.00056006 0.0556801 0.355235 0.509716 
0.0308591 0.0321015 9.55214e-07 9.5491e-07 0.0368815 0.900156 
0.000137396 0.000235101 2.94464e-11 6.07557e-11 0.0685592 0.931068 
0.00764964 0.0101786 0.000239127 1.38343e-06 0.0857355 0.896196 
0.0609787 0.000646394 3.37653e-05 1.09452e-09 0.0129326 0.925409 
0.000180397 0.00410977 3.35988e-06 2.6615e-13 0.219643 0.776063 
0.0228603 0.0574474 0.00306575 0.00266524 0.0559308 0.85803 
0.00924983 0.00573498 0.0211963 4.90138e-07 0.00751952 0.956299 
0.00170647 0.000645328 0.000236905 6.78336e-09 0.002923 0.994488 
0.0354208 0.0650278 0.0175717 0.000889488 0.0520556 0.829035 
0.0865624 0.0332699 9.32557e-05 0.00184353 0.149368 0.728863 
0.0778153 0.0847213 0.00415872 0.000757952 0.103979 0.728568 
0.0255549 0.00147415 7.11112e-05 3.83568e-06 0.0443091 0.928587 
0.0163979 0.0127019 0.365426 1.45061e-05 0.00226512 0.603195 
0.0389114 0.0148533 5.16988e-05 3.06531e-09 0.022615 0.923569 
0.00612818 0.410932 0.000343438 4.44653e-06 0.0774116 0.505181 
0.0317249 0.1357 0.00136042 0.000107878 0.0705349 0.760572 
0.0161724 0.00218944 1.35461e-06 2.02561e-05 0.0629888 0.918628 
0.0177872 0.154952 0.00907685 0.219176 0.0298557 0.569152 
0.0312788 0.220116 0.292917 2.78641e-09 0.110003 0.345686 
0.0777324 0.0217188 0.238984 0.000121195 0.0907316 0.570712 
0.0517619 0.0375798 0.0033674 0.00432955 0.00423112 0.89873 
0.00392177 0.230717 0.0016021 0.000222756 0.159299 0.604237 
0.0130278 0.107362 0.00106635 0.00812623 0.15047 0.719947 
0.0966304 0.058709 0.0109029 0.00200556 0.120664 0.711088 
0.00647955 0.017964 2.37615e-05 7.22842e-07 0.29522 0.680312 
0.032904 0.324806 0.000966852 0.0032316 0.31185 0.326242 
0.00354731 0.0115322 6.51859e-06 2.56918e-09 0.0178462 0.967068 
0.0488972 0.0173884 0.000274497 2.51326e-06 0.1293 0.804137 
0.00457176 0.00093397 1.0875e-05 1.58436e-07 0.0369304 0.957553 
0.0201624 0.0609422 0.148661 5.72132e-07 0.00752326 0.762711 
0.059448 0.0242486 0.000460975 4.60596e-05 0.047813 0.867983 
0.0651755 0.023359 0.000205311 1.44177e-06 0.105152 0.806106 
0.0388085 0.039157 0.0228562 0.00355135 0.064399 0.831228 
0.00606676 0.0169772 0.000602742 5.07258e-05 0.0369005 0.939402 
0.0300417 0.062135 9.58242e-08 1.13481e-05 0.00726028 0.900552 
0.0749495 0.0409343 0.00560242 2.11896e-06 0.00924319 0.869268 
0.138294 0.0185756 4.34326e-09 3.63142e-05 0.261699 0.581395 
0.0880753 0.245358 0.000302271 1.51067e-06 0.0844662 0.581797 
0.0565401 0.127048 0.0111062 0.00538325 0.119653 0.680269 
0.0115749 0.0107861 0.00350397 2.41797e-05 0.174283 0.799828 
0.194631 0.221774 0.0293976 4.94966e-06 0.0456274 0.508565 
0.0794999 0.082483 3.57942e-05 4.53341e-07 0.0575042 0.780477 
0.010687 0.0427317 3.66659e-05 7.44212e-05 0.352647 0.593824 
0.0496378 0.0862258 0.000877121 0.000630623 0.126588 0.73604 
0.00942254 0.367498 0.000476362 1.15869e-06 0.246059 0.376543 
0.0999321 0.00117178 6.82922e-05 3.44713e-07 0.00455586 0.894272 
0.0085684 0.0390971 6.69248e-05 0.000138294 0.371185 0.580944 
0.039005 0.391929 0.00781426 0.00436846 0.101733 0.455151 
0.000235921 0.028962 4.43753e-08 0.000271245 0.0490099 0.921521 
0.00734547 0.0408691 1.94085e-05 6.75022e-06 0.0128713 0.938888 
0.0667601 0.0256256 0.0524788 0.000168129 0.0769425 0.778025 
0.0300535 0.0550547 0.00327776 0.00316083 0.108982 0.799472 
0.178755 0.0397094 0.0033508 0.000193474 0.000920947 0.77707 
0.297723 0.00698393 0.000584191 1.96767e-06 0.0476713 0.647036 
0.0113701 0.0006057 5.9106e-05 3.64044e-07 0.176324 0.81164 
0.00348679 0.425825 0.00127455 3.45088e-07 0.0388391 0.530575 
0.0254259 0.0222761 0.00189657 2.68189e-05 0.0605534 0.889821 
0.00240766 0.0790574 0.000210537 1.93639e-08 0.0918308 0.826494 
0.00921517 0.0140857 2.29918e-05 1.20444e-08 0.0812199 0.895456 
0.00308245 0.109797 0.000591462 1.0708e-07 0.115618 0.77091 
0.0287942 0.0676348 1.10585e-07 7.05637e-11 0.0320878 0.871483 
0.0748913 0.135947 0.000551405 1.37103e-05 0.0305087 0.758088 
0.0572814 0.006841 0.00713041 5.69339e-06 0.110645 0.818097 
0.00303892 0.0677061 5.30305e-05 2.54548e-05 0.362295 0.566882 
0.320172 0.162237 0.0532013 3.77425e-05 0.0610632 0.403289 
0.0287433 0.0378847 0.0522447 0.0020195 0.0847831 0.794325 
0.283406 0.0428531 0.00487657 0.000406516 0.132461 0.535997 
0.0564944 0.00201573 3.76256e-09 0.000368428 0.0836423 0.857479 
0.0862392 0.0280277 0.00106001 0.00306422 0.169723 0.711886 
0.0819811 0.224674 0.011308 1.4908e-06 0.134475 0.54756 
0.109228 0.0517839 0.00442583 0.00230295 0.0801729 0.752087 
0.0558855 0.0531412 4.27172e-05 0.00751774 0.178977 0.704436 
0.221767 0.00706076 0.000130694 0.00030234 0.00327564 0.767464 
0.117618 0.119829 0.0329699 1.69885e-06 0.131058 0.598524 
0.184144 0.00328358 0.000491062 2.45995e-06 0.0633664 0.748712 
0.00367864 0.00468274 2.25298e-05 8.65568e-05 0.0243107 0.967219 
0.0558322 0.00466764 0.0895059 0.000249875 0.0297677 0.819977 
0.00563997 0.012487 1.83352e-05 0.000134584 0.00166771 0.980052 
0.12629 0.00611602 3.98143e-05 8.84886e-05 0.00463661 0.862829 
0.051759 0.0372864 0.000848527 0.000226797 0.0387129 0.871166 
0.0237587 0.354752 0.0361603 5.50995e-05 0.0401336 0.54514 
0.0224021 0.005669 2.41589e-05 0.00178886 0.326735 0.643381 
0.049167 0.00800158 0.069504 4.76682e-06 0.00496336 0.868359 
0.00698687 0.0262475 0.37883 1.94099e-09 0.139578 0.448357 
0.0306288 0.0738453 0.0400562 0.000698636 0.0866036 0.768167 
0.0416413 0.0550742 0.0212443 0.000145933 0.00512778 0.876766 
0.00760206 0.000407147 4.08493e-05 3.96095e-07 0.117594 0.874355 
0.0308591 0.0321015 9.55214e-07 9.5491e-07 0.0368815 0.900156 
0.00489855 0.344691 0.000229461 1.37277e-06 0.0397308 0.610449 
0.0883234 0.0122388 0.0700175 5.21503e-06 0.166096 0.663319 
0.0708921 0.0257519 0.000141497 0.00203795 0.0549968 0.84618 
0.0633606 0.0295035 0.0016501 3.11199e-06 0.0654714 0.840011 
0.00442936 0.00164028 8.69342e-13 5.74156e-09 0.0113076 0.982623 
2.30863e-05 0.0904842 0.00385943 8.52524e-07 0.140318 0.765315 
0.0625523 0.0747555 0.000131846 0.000817199 0.24143 0.620313 
0.047851 0.144615 0.00342767 0.000724965 0.273256 0.530126 
0.00346794 0.0556999 0.000489137 0.000187076 0.266239 0.673917 
0.00442936 0.00164028 8.69342e-13 5.74156e-09 0.0113076 0.982623 
0.000347109 0.00686877 6.27371e-06 1.40846e-10 0.0177154 0.975062 
0.114357 0.0377612 7.73779e-05 0.000165334 0.318911 0.528728 
0.464893 0.00690023 0.000142024 0.000198803 0.0109796 0.516887 
0.0264135 0.0335422 0.00170735 2.62795e-05 0.180533 0.757778 
0.0917634 0.00779202 7.84019e-05 0.00188429 0.0774768 0.821005 
0.0171136 0.0102392 0.000583041 0.00084034 0.0180001 0.953224 
0.0567193 0.0659458 3.72853e-05 3.4583e-05 0.307252 0.570011 
0.0716564 0.147339 0.00638605 0.0210556 0.0994576 0.654105 
0.0969941 0.0323698 0.0190092 0.0249467 0.0466855 0.779995 
0.0356362 0.221364 2.69908e-06 2.69822e-06 0.165498 0.577496 
0.0561163 0.00842309 0.00189517 1.37998e-07 0.0027697 0.930796 
0.171022 0.00359644 2.68028e-05 3.63597e-08 0.307844 0.517511 
0.0106528 0.313624 2.03689e-07 3.56247e-08 0.102186 0.573536 
0.0591642 0.385451 0.000244681 0.000150144 0.164575 0.390415 
0.0661256 0.00684794 0.00241494 2.01015e-05 0.0495812 0.87501 
0.017923 0.0694613 0.00143078 0.000645797 0.166985 0.743554 
0.0643288 0.0345311 0.00237796 1.00898e-06 0.215851 0.68291 
0.00882953 0.00229313 0.00361974 6.82923e-12 0.0382451 0.947012 
0.0294556 0.00550845 4.76343e-08 7.43753e-08 0.0263503 0.938686 
0.00563997 0.012487 1.83352e-05 0.000134584 0.00166771 0.980052 
0.263116 0.269958 1.05324e-05 1.002e-05 0.0331353 0.43377 
0.0246497 0.123955 1.40005e-05 0.000511538 0.0834134 0.767456 
0.00136373 0.0765487 7.29536e-05 0.000113182 0.0912423 0.830659 
0.000180397 0.00410977 3.35988e-06 2.6615e-13 0.219643 0.776063 
0.00889978 0.0709026 0.00047631 2.78275e-05 0.000899964 0.918794 
0.0350146 0.0406416 0.0235249 0.000177326 0.0840439 0.816598 
0.0203072 0.0334859 0.0134444 0.000315559 0.0343875 0.898059 
0.0326991 0.000575862 0.000151936 1.23309e-11 0.0289068 0.937666 
0.0643876 0.0382141 0.000229243 0.000218636 0.177576 0.719375 
0.00331689 0.0519418 0.000133304 0.000119453 0.0119339 0.932555 
0.0209782 0.0108002 5.52379e-05 0.00010323 0.039603 0.92846 
0.0638703 0.0202271 6.87159e-08 0.000379446 0.0720741 0.843449 
0.0964483 0.0155538 0.000337142 3.66135e-05 0.216141 0.671483 
0.0544345 0.0335591 0.00369878 0.00178717 0.0350644 0.871456 
0.00451001 0.00798805 0.00351692 3.45277e-05 0.103702 0.880249 
0.224308 0.019029 6.14305e-05 1.88102e-05 0.335327 0.421256 
0.108539 0.0072318 5.80569e-05 0.000164331 0.16134 0.722667 
0.0916498 0.101625 0.000432758 2.90137e-05 0.183585 0.622678 
0.113576 0.262567 9.71336e-05 0.00817931 0.295489 0.320092 
0.110551 0.154977 0.000483204 2.85639e-05 0.0425937 0.691367 
0.0818363 0.377544 0.00169632 0.0225006 0.0709891 0.445434 
0.00146283 0.00275945 6.20616e-05 3.53447e-06 0.0877505 0.907962 
0.00685475 0.447465 0.0829658 4.43206e-08 0.00180316 0.460912 
0.24569 0.0492537 1.07996e-08 1.85605e-06 0.0131638 0.691891 
0.0243652 0.0311414 0.00609816 0.000233446 0.0603896 0.877772 
0.000984082 0.0272448 2.09904e-05 1.0062e-06 0.131391 0.840358 
0.0163381 0.0647151 0.000381122 2.45289e-05 0.224361 0.69418 
0.098253 0.0149732 0.00406228 0.0323302 0.0864239 0.763958 
0.109437 0.00675194 0.000460695 8.12739e-06 0.0817256 0.801617 
0.00637104 0.273626 1.41408e-06 0.000155913 0.0503979 0.669448 
0.00954788 0.448354 8.83933e-05 3.10699e-05 0.0822197 0.459759 
0.0511166 0.0752684 0.000162795 0.000179412 0.0346121 0.838661 
0.0506651 0.0338096 1.24464e-05 4.22427e-05 0.0893259 0.826145 
0.00201755 0.0190767 2.64259e-05 2.92239e-05 0.175037 0.803813 
0.109294 0.0427305 4.48652e-09 1.89759e-05 0.377724 0.470232 
0.0358958 0.0349225 0.119123 0.00231383 0.348012 0.459732 
0.280806 0.230574 0.0796202 7.94121e-07 0.0135647 0.395434 
0.148136 0.369345 0.00713898 1.37916e-08 0.0537121 0.421669 
0.168425 0.291838 5.43137e-06 0.000531112 0.0629294 0.476271 
0.0690782 0.0658647 0.0108745 0.000422702 0.0196362 0.834124 
0.38387 0.182832 0.0263731 2.70988e-06 0.005474 0.401448 
0.128448 0.0860936 0.00699135 0.00306519 0.129839 0.645563 
0.0143288 0.00440491 0.132466 1.09262e-11 0.0561565 0.792644 
0.0364652 0.294609 0.0151904 0.000758977 0.136733 0.516243 
0.316317 0.0878154 0.00535087 1.40305e-08 0.088736 0.501781 
0.0408582 0.00178371 4.65124e-05 6.20161e-05 0.0543817 0.902868 
0.00320444 0.0586086 0.00018334 1.79162e-05 0.0647958 0.87319 
0.00434995 0.111846 0.000119032 1.17284e-06 0.20574 0.677943 
0.0980492 0.0224219 0.00164667 0.000493666 0.037559 0.83983 
0.0331228 0.250372 0.0357425 0.01945 0.0504193 0.610893 
0.0323624 0.011092 0.0654256 6.64961e-05 0.0554916 0.835562 
0.0340431 0.00231931 0.000132693 7.05926e-06 0.0486562 0.914842 
0.446406 0.0228045 0.00253427 0.00283098 0.0679116 0.457512 
0.162179 0.1626 0.00115219 8.94464e-05 0.309333 0.364647 
0.0654585 0.041525 0.185593 0.000170308 0.047268 0.659985 
0.0152102 0.185468 0.0174676 5.01173e-06 0.209219 0.57263 
0.0924691 0.255317 0.000118982 0.000157256 0.30875 0.343188 
0.0714117 0.047094 0.00172155 8.74216e-05 0.192114 0.687571 
0.00567436 0.0416491 3.16352e-05 3.05373e-07 0.236724 0.71592 
0.104865 0.301579 0.0463486 0.00117062 0.018914 0.527122 
0.0110092 0.298147 0.0019535 0.0785777 0.107529 0.502784 
0.00955325 0.00341001 5.58307e-13 5.7522e-05 0.0223444 0.964635 
0.0433919 0.147751 0.000157925 1.36506e-05 0.0683269 0.740359 
0.037326 0.01461 1.83479e-05 0.00070193 0.0494483 0.897895 
0.032965 0.051515 0.010231 0.000307693 0.287086 0.617895 
0.280059 0.221986 0.00217694 3.30377e-05 0.150619 0.345125 
0.0199198 0.282768 2.62017e-05 0.000167402 0.0232857 0.673833 
0.0400087 0.0413639 7.52402e-05 0.00190305 0.196444 0.720205 
0.0311543 0.270975 2.65336e-05 0.00028569 0.0600411 0.637517 
0.043503 0.384793 0.0452524 5.89875e-06 0.0598897 0.466556 
0.0123427 0.000891505 1.06052e-10 1.67866e-07 0.00211944 0.984646 
0.00882953 0.00229313 0.00361974 6.82923e-12 0.0382451 0.947012 
0.0159433 0.0117157 7.8793e-05 0.00122859 0.0406828 0.930351 
0.0206738 0.208034 4.43804e-05 6.59253e-10 0.291485 0.479763 
0.0171136 0.0102392 0.000583041 0.00084034 0.0180001 0.953224 
0.00653954 0.15648 0.0333547 0.00159815 0.0521651 0.749862 
0.114933 0.00406735 4.97343e-08 0.000163624 0.110917 0.769919 
0.205728 0.0919837 0.000103956 0.000954991 0.0412088 0.660021 
0.0152366 0.259606 0.0451449 0.0824514 0.10681 0.490752 
0.00993329 0.136655 2.81616e-05 0.000186851 0.198738 0.654459 
0.0814046 0.308518 0.00204992 3.41586e-08 0.0923257 0.515701 
0.0551359 0.0407122 4.02395e-05 1.8131e-05 0.162011 0.742082 
0.141861 0.0127855 0.000336661 0.00160596 0.0338739 0.809537 
0.0386015 0.0314566 0.000336735 0.00049279 0.106854 0.822258 
0.100172 0.0328987 7.23003e-08 1.54603e-07 0.19065 0.676278 
0.00385596 0.00778079 0.000327011 0.000741048 0.0257485 0.961547 
0.0654171 0.0043255 4.52124e-07 8.98097e-10 0.131878 0.798379 
0.0948376 0.0352225 0.00657358 0.00230081 0.062257 0.798808 
0.0077328 0.0111641 4.07634e-06 0.000416804 0.00367471 0.977007 
0.00249205 0.0959146 9.78713e-05 4.74027e-06 0.0548266 0.846664 
0.183597 0.00486056 1.79845e-05 0.000392459 0.0027454 0.808387 
0.0415094 0.385589 0.111374 0.0268472 0.0279092 0.406771 
0.0250344 0.0649056 0.0162886 0.00105894 0.0954324 0.79728 
0.0320195 0.00439858 6.19979e-05 1.9447e-12 0.0223584 0.941162 
0.0715992 0.220852 0.00984606 0.0025704 0.215374 0.479759 
0.00313115 0.125989 0.00174863 0.000142991 0.0192687 0.84972 
0.00372826 0.00395382 6.31513e-06 0.000161352 0.0665808 0.925569 
0.00471505 0.00638716 7.26778e-05 2.54599e-10 0.0657858 0.923039 
0.00225442 0.176178 0.000106735 0.134242 0.139389 0.54783 
0.0911219 0.00670823 1.46698e-07 0.000154133 0.0471994 0.854816 
0.0289476 0.144857 0.069696 0.000240688 0.198025 0.558235 
0.00325583 0.0482776 0.000766596 0.27502 0.0442871 0.628392 
0.183869 0.00236504 0.000219176 7.26627e-05 0.0356206 0.777854 
0.0187325 0.0152151 4.24572e-05 1.79613e-09 0.00572785 0.960282 
0.0152424 0.343166 0.000283886 4.88385e-05 0.119378 0.521881 
0.0019309 0.12753 0.00133379 0.000206664 0.164512 0.704487 
0.00655568 0.0378575 0.000692015 0.000239865 0.134942 0.819713 
0.0424662 0.0121995 5.51317e-05 0.000138052 0.0219733 0.923168 
0.0445291 0.0192338 8.14631e-05 0.000121687 0.0414718 0.894562 
0.000980412 0.0729543 3.9253e-05 8.6391e-05 0.162684 0.763255 
0.029205 0.310267 0.00587801 0.0002108 0.225562 0.428877 
0.164184 0.346877 0.00431896 0.000141458 0.102362 0.382116 
0.133588 0.146947 0.185227 0.0321046 0.0402972 0.461836 
0.028372 0.173447 0.00028579 0.00479776 0.0284082 0.764689 
0.0220402 0.0525495 3.15817e-08 1.07915e-05 0.0727799 0.85262 
0.176418 0.00725012 0.000112601 4.7926e-05 0.0946791 0.721492 
0.0279386 0.193373 0.000520882 0.00445428 0.107664 0.666049 
0.0632227 0.0957713 0.00863159 0.00782854 0.126397 0.698149 
0.021667 0.249721 0.000313151 0.27851 0.00949272 0.440296 
0.00360201 0.0443261 0.000132548 0.00024325 0.18168 0.770016 
0.0190636 0.0276673 0.00662908 0.00232809 0.0676451 0.876667 
0.0181755 0.040805 0.000165235 0.00117268 0.0758902 0.863791 
0.0164506 0.021436 0.000112633 1.24059e-05 0.0527477 0.909241 
0.0137437 0.184698 0.0120961 0.0262346 0.260791 0.502437 
0.0154494 0.00269657 9.80185e-06 8.70742e-09 0.0126586 0.969186 
0.0065567 0.131609 0.0020808 0.00503548 0.19861 0.656108 
0.0940902 0.00461753 0.0351041 2.03538e-10 0.119885 0.746303 
0.0354264 0.0388207 0.000174304 0.00232463 0.184055 0.739199 
0.0909305 0.0640274 0.00111977 0.000477247 0.073575 0.76987 
0.0332453 0.130015 4.52851e-07 0.000109858 0.0577547 0.778874 
0.0828846 0.0177353 5.98545e-05 0.0106437 0.0885616 0.800115 
0.243402 0.20884 0.0166363 4.70174e-08 6.65375e-06 0.531115 
0.0206389 0.000866905 5.06413e-12 1.04486e-11 0.112256 0.866239 
0.0326991 0.000575862 0.000151936 1.23309e-11 0.0289068 0.937666 
0.023369 0.0190364 0.012841 0.000165064 0.0583679 0.886221 
0.0156717 0.00276479 6.95337e-05 5.39888e-06 0.000287882 0.981201 
0.304948 0.0919441 0.000237539 0.0545353 0.089586 0.458749 
0.110415 0.379681 0.0110673 9.845e-08 0.000873934 0.497962 
0.0100332 0.00823914 1.06638e-06 9.80933e-08 0.0306448 0.951082 
0.38039 0.00966731 0.000138911 1.54615e-06 0.0120528 0.597749 
0.116354 0.00213859 0.000509792 3.6367e-06 0.00535116 0.875642 
0.161473 0.328094 0.00810441 0.00013649 0.136944 0.365247 
0.000252473 0.446506 0.000231957 0.000326489 0.102379 0.450304 
0.0184496 0.108571 6.87268e-05 9.87962e-06 0.071531 0.80137 
0.353683 0.0112349 0.00128793 0.00655712 0.0888773 0.53836 
0.0517516 0.0373164 0.00203999 0.00123094 0.105471 0.80219 
0.0561781 0.0177049 0.0551304 7.4015e-06 0.0742616 0.796718 
0.179658 0.0232805 0.000349692 0.269603 0.00296429 0.524145 
0.0155662 0.0753847 0.000490299 7.01786e-06 0.0125271 0.896025 
0.00479069 0.143544 2.35248e-05 1.87634e-07 0.00206238 0.849579 
0.0779079 0.396868 1.17602e-10 2.42643e-10 0.0104415 0.514782 
0.0177519 0.0397294 0.00179827 1.35406e-05 0.113177 0.82753 
0.00278254 0.0272202 0.000165467 3.2504e-05 0.00945649 0.960343 
0.0365243 0.0720443 0.00763466 0.00289353 0.0549854 0.825918 
0.00278254 0.0272202 0.000165467 3.2504e-05 0.00945649 0.960343 
0.00030082 0.309771 0.000150107 9.60636e-08 0.166438 0.52334 
0.0830493 0.140712 0.000124815 7.36249e-05 0.155114 0.620925 
0.0604509 0.017729 0.000201407 0.00016938 0.0486941 0.872755 
0.0875099 0.0129925 0.0209318 4.70616e-09 0.0107805 0.867785 
0.0397673 0.356922 0.00836692 0.0485616 0.107838 0.438544 
0.0458746 0.0897199 0.00108966 0.000125358 0.148715 0.714475 
0.0186177 0.0817539 0.000935136 0.000291796 0.0344041 0.863997 
0.0271637 0.385915 0.00169598 0.0879467 0.0695677 0.427711 
0.0159878 0.0108134 0.00250102 8.98198e-06 0.0222536 0.948435 
0.0914007 0.157398 0.00352553 0.112616 0.134709 0.500351 
0.0537888 0.0100365 0.421087 1.81352e-05 0.00117576 0.513894 
0.300224 0.0526233 0.00528807 0.00402067 0.0827423 0.555101 
0.031421 0.00733905 0.000138987 8.46351e-06 0.0635449 0.897548 
0.0086173 0.0134507 1.35973e-05 5.87268e-05 0.18564 0.79222 
0.00886952 0.123903 0.032392 1.67257e-06 0.0340034 0.80083 
0.00786538 0.099165 0.000169459 1.16285e-06 0.13757 0.755229 
0.075467 0.00366859 8.54108e-06 0.000650458 0.0526499 0.867556 
0.00869696 0.142502 7.07735e-06 1.12653e-05 0.331796 0.516987 
0.0527469 0.0303527 0.00696013 0.00132493 0.0633113 0.845304 
0.171145 0.0437552 0.0180226 0.000867469 0.129339 0.636871 
0.167054 0.0628631 4.28255e-05 0.00202685 0.00184149 0.766172 
0.00763942 0.345618 2.38037e-06 4.30022e-06 0.0748812 0.571855 
0.0738752 0.00726374 7.64288e-06 8.99817e-05 0.0434187 0.875345 
0.0449486 0.246803 0.00438084 0.0405762 0.0523573 0.610934 
0.0848029 0.108731 0.000786129 0.000249473 0.0632762 0.742154 
0.133455 0.0266966 0.000395321 0.000512659 0.101483 0.737458 
0.0010726 0.0938849 1.1221e-06 1.45653e-06 0.298871 0.606169 
0.0841989 0.0397102 0.0492622 0.000175507 0.158029 0.668624 
0.0298055 0.0105757 9.20114e-06 4.0499e-05 0.0292765 0.930292 
0.00626554 0.124172 0.0049702 0.000229404 0.0815893 0.782774 
0.123365 0.254631 0.00824897 0.116274 0.0919513 0.40553 
0.369297 0.0528848 4.09324e-05 0.00344188 0.105074 0.469261 
0.00086998 0.00121461 2.88196e-08 1.42579e-05 0.325612 0.672289 
0.001716 0.305127 6.08498e-06 7.10025e-06 0.112878 0.580266 
0.00927714 0.0413208 0.0306007 7.39159e-05 0.0499934 0.868734 
0.0326991 0.000575862 0.000151936 1.23309e-11 0.0289068 0.937666 
0.131848 0.0437127 0.00695257 0.000162456 0.0938593 0.723465 
0.0621749 0.023294 0.0150762 0.00137484 0.0799352 0.818145 
0.144682 0.0590387 0.00181823 0.000340364 0.0109429 0.783178 
0.0390628 0.0111254 0.00663567 9.41033e-05 0.0575852 0.885497 
0.00509432 0.00259675 0.000144668 0.000485589 0.00236188 0.989317 
0.00096242 0.0278498 0.000142895 2.93545e-06 0.114796 0.856246 
0.059746 0.0668623 1.99906e-05 2.62375e-05 0.310722 0.562624 
0.071511 0.169479 6.42295e-05 2.30002e-05 0.0252353 0.733688 
0.0405764 0.288187 1.55081e-05 7.45506e-05 0.00312096 0.668026 
0.0418193 0.00682711 0.00273135 8.93022e-05 0.201033 0.7475 
0.248094 0.00775308 0.000829556 1.15649e-05 0.0615695 0.681743 
0.01436 0.111828 7.04666e-05 3.05788e-08 0.133399 0.740343 
0.023576 0.220054 3.11447e-05 2.2759e-05 0.0712896 0.685027 
0.0462725 0.0684461 0.00409413 0.00541343 0.0616095 0.814164 
0.00125373 0.0039854 5.88812e-05 1.11495e-06 0.00033123 0.99437 
0.102756 0.401566 0.00163116 3.66849e-05 0.0175099 0.4765 
0.264649 0.0841722 0.0615897 0.0689294 0.239934 0.280726 
0.0400588 0.03404 0.000440461 0.000125266 0.0169355 0.9084 
0.000330915 0.0143151 0.000140512 1.9568e-06 0.0957606 0.889451 
0.00450296 0.342371 0.000121036 1.27939e-07 0.0835191 0.569486 
0.0399691 0.348408 0.000969808 0.000104359 0.185337 0.425212 
0.00542836 0.064949 0.000328205 4.95179e-06 0.00219201 0.927097 
0.128791 0.140855 0.0133254 0.000872741 0.0132337 0.702922 
0.371041 0.0163841 0.00177089 3.83892e-05 0.134987 0.475778 
0.401695 0.0631505 0.04827 2.21931e-05 0.0648559 0.422006 
0.0340431 0.00231931 0.000132693 7.05926e-06 0.0486562 0.914842 
0.0385464 0.00328086 4.47178e-11 9.22646e-11 0.0109076 0.947265 
0.0533253 0.0382277 4.08799e-11 8.43459e-11 0.378036 0.530411 
0.319375 0.0301678 0.00246292 1.8993e-05 0.0405461 0.607429 
0.046672 0.0308085 0.00155444 0.000341972 0.0690227 0.8516 
0.0110372 0.387881 0.000374305 0.000344391 0.0360345 0.564329 
0.0143557 0.0830735 9.14398e-05 0.000242502 0.0111369 0.8911 
0.0670072 0.0374342 5.80933e-05 0.0126808 0.000529927 0.88229 
1.85772e-07 0.399143 0.00505175 3.75883e-05 0.0078256 0.587941 
0.0274439 0.102843 0.00642498 0.00111532 0.0235347 0.838638 
0.0340431 0.00231931 0.000132693 7.05926e-06 0.0486562 0.914842 
0.0117189 0.12214 0.0567545 0.0016492 0.394863 0.412875 
0.0341853 0.00462759 3.63095e-06 7.41157e-05 0.0461416 0.914968 
0.044182 0.0192272 0.0636316 0.000102384 0.0199061 0.852951 
0.0524765 0.0653246 0.000198374 2.66538e-06 0.104555 0.777443 
0.177716 0.0258839 0.0163647 3.99359e-08 0.020068 0.759968 
0.0263929 0.00816006 0.010529 0.000366223 0.0138899 0.940662 
0.0187511 0.0488656 0.000836484 1.961e-05 0.102057 0.829471 
0.0196295 0.00297859 0.0532177 7.04787e-07 0.0178656 0.906308 
0.0766471 0.0392598 0.00040334 0.029531 0.0969509 0.757208 
0.0313419 0.255004 0.000143534 5.9345e-06 0.061302 0.652202 
0.040314 0.00201876 2.39972e-05 5.45196e-05 0.030086 0.927503 
0.0787661 0.0691362 0.000148158 0.00030781 0.149456 0.702186 
0.0236238 0.022974 0.000172366 0.000130184 0.0534825 0.899617 
0.0617903 0.0407751 0.0800464 4.43509e-05 0.109023 0.708321 
0.0180227 0.10865 0.00405531 0.000345868 0.0522382 0.816688 
0.123038 0.0399043 0.000363102 0.0205895 0.00889671 0.807209 
0.0680888 0.0630155 0.00821947 0.000427381 0.0771938 0.783055 
0.00977626 0.0168977 6.91209e-05 2.64561e-05 0.0699891 0.903241 
0.0637263 0.0141634 5.89057e-05 7.16019e-06 0.266693 0.655351 
0.00225536 0.0187212 8.81371e-05 0.000122023 0.00113802 0.977675 
0.194974 0.00165553 0.000216831 1.40677e-08 0.175195 0.627959 
0.1542 0.0197953 0.0324489 9.24898e-05 0.12642 0.667043 
0.0912756 0.00179434 1.05171e-06 3.91089e-06 0.00435624 0.902569 
0.00887612 0.162863 5.14647e-05 0.000141471 0.106018 0.72205 
0.0665364 0.056266 0.0113376 0.00176467 0.0454574 0.818638 
0.0105613 0.307333 1.03033e-10 1.57133e-05 0.0349925 0.647097 
0.0452482 0.0344807 0.00821888 0.000681134 0.142248 0.769124 
0.0882682 0.0496466 0.000310126 3.24164e-08 0.0206619 0.841113 
0.320331 0.0318581 0.0308318 0.00170675 0.0111919 0.60408 
0.0577566 0.0452886 0.00244573 0.000413859 0.139071 0.755024 
0.188383 0.00943807 9.62471e-06 0.0128761 0.0411328 0.748161 
0.00215397 0.00137597 2.33094e-06 6.0893e-07 0.0366891 0.959778 
0.0452402 0.0252067 0.00086432 0.000244387 0.158136 0.770309 
0.00256701 0.339226 0.000147098 9.97016e-06 0.177533 0.480517 
0.374465 0.001146 2.13933e-05 3.59055e-05 0.0327468 0.591585 
0.0875322 0.0567449 0.0421438 0.000387509 0.00660338 0.806588 
0.0278254 0.0232537 0.0303317 7.25809e-05 1.67401e-05 0.9185 
0.0070971 0.00683653 2.97395e-05 2.03618e-05 0.118729 0.867287 
0.0555318 0.226263 0.000192807 0.00449319 0.00300681 0.710512 
0.00372223 0.00526967 4.05841e-07 9.48403e-05 0.0724899 0.918423 
5.10446e-05 0.00627593 7.70126e-08 5.80673e-11 0.243207 0.750466 
0.00617378 0.0720705 0.00677927 7.08517e-05 0.0513675 0.863538 
0.0832108 0.315358 0.00244063 0.00011665 0.168143 0.43073 
0.0496446 0.0418417 0.00872378 0.0142581 0.0402914 0.84524 
0.0232791 0.0670451 0.00276725 0.000819283 0.100616 0.805473 
0.0499041 0.328072 0.0173449 0.0087098 0.217963 0.378006 
0.0412063 0.314016 0.00197862 0.000103517 0.0746833 0.568012 
0.149499 0.0326822 0.006274 0.000930956 0.0906032 0.720011 
0.0454546 0.000408404 5.79866e-05 8.20683e-05 0.000855584 0.953141 
0.0234734 0.0238306 0.00180427 2.04026e-06 0.0691469 0.881743 
0.00932057 0.041788 0.00348414 6.75493e-06 0.0246724 0.920728 
0.00536703 0.435413 0.00065867 0.00189719 0.0308625 0.525801 
0.059746 0.0668623 1.99906e-05 2.62375e-05 0.310722 0.562624 
0.000925765 0.0249693 6.52065e-05 5.35275e-05 0.0211758 0.95281 
0.291407 0.0611168 0.0042338 6.85086e-05 0.0902727 0.552901 
0.0340431 0.00231931 0.000132693 7.05926e-06 0.0486562 0.914842 
0.0455438 0.0206349 4.85083e-05 8.91995e-05 0.115233 0.818451 
0.0563921 0.0723148 9.05348e-06 0.000330216 0.260528 0.610426 
0.0557549 0.295587 0.0122595 0.000706482 0.196147 0.439544 
0.00421822 0.0709604 8.30954e-05 1.38306e-05 0.00274819 0.921976 
0.078521 0.0322957 0.000104032 0.000433098 0.00941798 0.879228 
0.0226479 0.0872556 0.0122487 0.00929386 0.0723648 0.796189 
0.317609 0.0890424 0.102403 8.00634e-06 0.0405492 0.450389 
0.00117765 0.450735 0.000752158 4.94632e-06 0.0878839 0.459446 
0.00847512 0.00395698 1.79543e-07 1.60735e-05 0.168554 0.818997 
0.00761474 0.129661 0.00500941 1.57184e-08 0.161379 0.696336 
0.0340431 0.00231931 0.000132693 7.05926e-06 0.0486562 0.914842 
0.0246474 0.0514912 0.115864 8.73559e-07 0.144226 0.663771 
0.0261476 0.0474437 0.00144211 0.000650896 0.0792641 0.845052 
0.0127366 0.0301744 0.00566024 4.09523e-06 0.156546 0.794879 
0.172662 0.19352 1.15284e-06 0.0369058 0.0647389 0.532172 
0.0844577 0.0495489 0.00106091 0.00147238 0.108484 0.754977 
0.0105714 0.0659459 5.43198e-06 0.00477059 0.171584 0.747123 
0.159543 0.279 7.4887e-05 0.00210954 0.00801447 0.551258 
0.00308554 0.00958097 1.95475e-09 2.74021e-08 0.054239 0.933094 
0.2099 0.0463274 0.000505669 2.11542e-07 0.347864 0.395403 
0.00685475 0.447465 0.0829658 4.43206e-08 0.00180316 0.460912 
0.0248054 0.329654 0.00291606 0.045397 0.0491489 0.548079 
0.057771 0.160397 8.53598e-06 0.0015906 0.375508 0.404724 
0.0547943 0.0035476 3.84415e-05 7.94915e-06 0.125518 0.816093 
0.0542577 0.325198 0.00828667 0.00900101 0.0144879 0.588769 
2.1315e-07 0.0294428 9.96569e-07 4.64138e-11 0.00249907 0.968057 
0.000553915 0.00342488 1.99424e-05 1.44315e-06 0.0543843 0.941615 
0.174357 0.00718928 0.000251583 0.000829118 0.00586821 0.811505 
0.148226 0.211281 1.03191e-05 0.00596703 0.0406314 0.593884 
