0.0515571 0.126778 0.000108194 1.13626e-05 0.223327 0.598219 
0.0242975 0.103353 0.0291208 5.24247e-05 0.023366 0.81981 
0.0502186 0.00478046 6.62228e-06 4.21118e-05 0.00479253 0.94016 
0.0662987 0.18815 0.131454 1.22697e-06 0.275009 0.339087 
0.0923294 0.00777956 2.96922e-06 9.13326e-06 0.175327 0.724552 
0.00889978 0.0709026 0.00047631 2.78275e-05 0.000899964 0.918794 
0.0292831 0.00191 2.42077e-06 3.15185e-06 0.0111999 0.957601 
0.0618734 0.145173 0.0179725 0.000787114 0.0121014 0.762092 
0.104405 0.142877 3.15596e-05 0.000576239 0.0284389 0.723671 
0.0189894 0.0287273 7.40045e-07 0.180599 0.00191296 0.76977 
0.0827693 0.042444 0.000858015 9.84664e-05 0.0616238 0.812206 
0.0122081 0.00511559 4.72653e-05 0.000173939 0.0402522 0.942203 
0.0767376 0.000133703 1.52025e-08 7.36409e-08 0.344934 0.578195 
0.0638629 0.340224 0.184786 7.8068e-05 0.0306465 0.380402 
0.000818707 0.349778 1.93358e-07 3.48994e-06 0.0100502 0.639349 
0.251695 0.00766921 0.000748432 0.000100046 0.0377368 0.702051 
0.376906 0.00577275 0.0169031 0.000106283 0.0529707 0.547341 
0.0550274 0.0234811 0.000468428 0.000103943 0.355083 0.565836 
0.0386266 0.346054 0.0688144 0.000421626 0.0725746 0.473509 
0.0167423 0.040898 0.00395735 0.273395 0.00650314 0.658504 
0.0058534 9.28311e-05 6.30183e-08 2.84934e-07 0.228808 0.765245 
0.109083 0.0847191 0.0120052 0.000893234 0.0821501 0.71115 
0.141861 0.0127855 0.000336661 0.00160596 0.0338739 0.809537 
0.055792 0.0516411 1.18829e-07 9.8596e-11 0.324938 0.567628 
0.287119 0.00603984 0.000188386 0.000594167 0.0416715 0.664387 
0.0895549 0.00922942 0.000178724 0.000172128 0.319332 0.581533 
0.110398 0.0083351 3.86129e-05 0.000756113 0.0508505 0.829622 
0.0850413 0.0686251 0.0714231 0.000215987 0.0134 0.761294 
0.0052485 0.00987663 2.30044e-05 1.13211e-05 0.10851 0.876331 
0.149613 0.0761837 0.000223846 0.0119699 0.114594 0.647416 
0.159284 0.0994462 0.0016927 0.00684129 0.00508679 0.727649 
0.0326168 0.0220978 0.000445049 0.000209983 0.0697905 0.87484 
0.17691 0.0242968 0.256809 4.12645e-09 0.0412265 0.500758 
0.38387 0.182832 0.0263731 2.70988e-06 0.005474 0.401448 
0.0405792 0.0614214 0.000714438 8.48268e-05 0.148649 0.748552 
0.0538293 0.00259691 0.000253104 0.000361147 0.0326452 0.910314 
0.043726 0.0160391 3.39316e-05 4.23384e-09 0.0224849 0.917716 
0.016881 0.0510013 0.0932619 2.32214e-05 0.0296231 0.809209 
0.00815159 0.408356 0.000381317 0.000164035 0.0815833 0.501364 
0.0768805 0.205492 0.000165319 0.0395643 0.080855 0.597043 
0.098995 0.0710107 0.00611865 0.0139997 0.0567698 0.753106 
0.0830705 0.376206 0.000109291 0.00206917 0.114642 0.423904 
0.0237587 0.354752 0.0361603 5.50995e-05 0.0401336 0.54514 
0.0283338 0.375823 0.000302233 0.000147589 0.0783047 0.517088 
0.00386891 0.447388 0.0674205 0.000700077 0.00174181 0.478881 
0.10157 0.00464728 0.00125268 1.88128e-09 0.0395747 0.852955 
0.0555091 0.0632415 0.000543932 0.000605159 0.094627 0.785473 
0.0118075 0.0131124 0.012014 0.000108856 0.00758 0.955377 
0.289018 0.0143971 0.00872015 1.4186e-08 0.0291289 0.658736 
0.126899 0.286316 0.00658608 7.953e-05 0.024956 0.555164 
0.0808219 0.0028934 2.19295e-07 1.46122e-08 0.00697584 0.909309 
0.009513 0.00563839 0.00653339 0.000165178 0.0210294 0.957121 
0.149053 0.106748 0.0234809 2.70501e-05 0.0401955 0.680496 
0.111828 0.330716 0.00116587 0.00896696 0.147657 0.399665 
0.11661 0.034509 0.0365002 9.68953e-08 0.394698 0.417683 
0.107054 0.330025 0.000498365 0.00248385 0.157411 0.402527 
0.0634295 0.0434694 0.000116708 2.49655e-07 0.0964993 0.796485 
0.351586 0.0104985 0.00396901 0.00122289 0.0834281 0.549295 
0.0143288 0.00440491 0.132466 1.09262e-11 0.0561565 0.792644 
0.0345357 0.0829375 0.00214094 2.79439e-06 0.227838 0.652545 
0.217709 0.0609637 0.000946575 1.59223e-10 0.0646992 0.655682 
0.111252 0.167887 0.00879903 5.23612e-08 0.12868 0.583382 
0.0624915 0.0132067 0.0189723 2.15463e-05 0.0388223 0.866486 
0.00589177 0.00522776 6.49389e-05 2.21455e-06 0.175159 0.813655 
0.0300382 0.0497986 6.60692e-05 0.00412566 0.0537125 0.862259 
0.0028659 0.127972 8.84534e-05 3.01108e-06 0.382938 0.486133 
0.136341 0.0349689 0.000205816 0.000231861 0.0441329 0.78412 
0.376428 0.0243883 0.00382225 7.29297e-05 0.0787041 0.516584 
0.0718842 0.000332913 0.000237518 5.80434e-08 0.0661026 0.861443 
0.0574975 0.0478382 0.00594737 0.000174386 0.0636922 0.82485 
0.221767 0.00706076 0.000130694 0.00030234 0.00327564 0.767464 
0.154691 0.0139561 0.00110724 0.00269284 0.0495524 0.778 
0.000832645 0.403329 0.000269091 1.60552e-06 0.01079 0.584778 
0.107138 0.0313783 0.00678311 0.000363632 0.112863 0.741474 
0.14789 0.00493104 0.00112238 1.14539e-07 0.0609914 0.785065 
0.282126 0.0203461 0.000119493 0.00542339 0.0437276 0.648257 
0.0339821 0.0682507 0.00516306 0.000327133 0.115778 0.776499 
0.326188 0.00309371 0.000519346 0.000288108 0.0311277 0.638784 
0.00228022 0.0827526 8.9666e-05 4.65201e-06 0.129879 0.784994 
0.0432699 0.0660777 0.00635601 5.6984e-07 0.378949 0.505346 
0.0198701 0.0772133 0.00787964 2.53773e-11 0.18828 0.706757 
0.00782107 0.00896117 9.88314e-08 3.18003e-10 0.284669 0.698549 
0.00319074 0.108995 5.45016e-06 0.00082399 0.0020841 0.884901 
0.0448443 0.0271389 0.00012471 0.000112375 0.0962785 0.831501 
0.00945436 0.0160405 0.000121322 0.000476835 0.0747259 0.899181 
0.400511 0.00588631 8.47156e-05 2.63924e-06 0.0651216 0.528394 
0.042966 0.147317 0.00499604 1.71205e-08 0.0200937 0.784627 
0.167588 0.0598301 0.00598897 1.54254e-05 0.0134873 0.75309 
0.00215411 0.00994631 1.92239e-05 3.32445e-05 0.0296285 0.958219 
0.0896188 0.0133139 9.91802e-05 2.30662e-05 0.0528431 0.844102 
0.00801329 0.00109609 1.14858e-08 3.35105e-09 0.0219205 0.96897 
0.00101572 0.209251 0.00286908 5.32848e-07 0.147856 0.639008 
0.00136447 0.406992 9.15051e-06 5.23787e-07 0.0157778 0.575856 
0.000934447 0.000972778 7.33964e-06 1.22379e-06 0.337539 0.660545 
0.0915155 0.0386054 0.000358645 0.00141322 0.110226 0.757881 
0.0226547 0.0273527 0.000198595 0.0175191 0.175258 0.757017 
0.0429047 0.0770971 0.00927684 1.76259e-05 0.204819 0.665885 
0.0338919 0.179678 0.000200188 7.48242e-06 0.238657 0.547566 
0.00410504 0.213654 0.00181772 9.46753e-08 0.369055 0.411368 
0.0330705 0.0549448 1.60867e-05 8.76532e-06 0.0707711 0.841189 
0.0733474 0.0765806 0.00105524 1.38484e-05 0.327994 0.521009 
0.0021758 0.114157 3.56261e-05 7.96001e-06 0.0227664 0.860857 
0.0163794 0.252407 0.0074306 7.96515e-06 0.172097 0.551678 
0.091147 0.109896 0.00308687 3.48165e-06 0.163656 0.632211 
0.00821686 0.140191 9.14116e-05 0.00547209 0.103864 0.742165 
0.0547367 0.0549377 0.00642147 0.00389101 0.169214 0.710799 
0.000248419 0.00347725 1.09612e-13 2.35227e-09 0.0118288 0.984446 
0.012009 0.352593 0.0137713 0.000668637 0.0755589 0.545399 
0.115968 0.0308731 0.000435191 0.000188544 0.07962 0.772915 
8.74355e-05 0.0181465 2.35203e-05 1.12166e-07 0.0739908 0.907752 
0.0255549 0.00147415 7.11112e-05 3.83568e-06 0.0443091 0.928587 
0.0664381 0.319364 0.057677 0.0185921 0.0486376 0.489291 
0.262518 0.00311569 6.91909e-05 1.06843e-05 0.00313388 0.731152 
0.00772572 0.347185 0.0185511 7.67082e-05 0.172472 0.45399 
0.0101054 0.0329607 0.00147475 1.74407e-06 0.02274 0.932717 
0.0458405 0.235219 0.0120359 0.000249553 0.114627 0.592028 
0.126267 0.0944768 2.50603e-07 6.83284e-08 0.232031 0.547225 
0.0169947 0.0715027 6.33716e-05 7.58067e-05 0.0816613 0.829702 
0.0941689 0.295528 0.00414855 1.85979e-05 0.101209 0.504927 
0.00440876 0.0344849 0.000323685 0.000432147 0.107852 0.852499 
0.095392 0.0030736 0.000118214 3.19392e-08 0.0375744 0.863842 
0.12542 0.106392 1.19555e-05 0.000255635 0.00911726 0.758802 
0.00836326 0.00267562 3.53938e-06 1.56678e-06 0.000897136 0.988059 
0.0470255 0.0404095 4.60724e-06 3.77908e-05 0.0246602 0.887862 
0.0393268 0.277023 0.000123361 2.66066e-05 0.131763 0.551737 
0.118481 0.0178249 0.000226234 4.80348e-05 0.0843043 0.779116 
0.0606313 0.0213763 0.000296587 0.00220072 0.080515 0.83498 
0.191545 0.333729 0.0128433 9.9883e-05 0.0598815 0.401901 
0.0991605 0.385172 6.75007e-05 0.00098438 0.0241632 0.490452 
0.37643 0.0026543 0.00434708 5.25076e-05 0.0245413 0.591974 
0.0159053 0.0365773 0.00140814 4.64972e-05 0.124722 0.821341 
0.153202 0.0448752 0.0108883 0.000572517 0.0697913 0.720671 
0.0170375 0.0242601 0.000182381 1.39414e-05 0.0744821 0.884024 
0.071662 0.388576 0.0139537 2.36388e-06 0.110458 0.415347 
0.00357955 0.0600346 0.000246662 2.52649e-08 0.0141997 0.921939 
0.244867 0.00159993 5.55771e-05 1.45289e-07 0.0726978 0.68078 
0.018879 0.000728014 2.29169e-05 4.37536e-05 0.00360499 0.976721 
0.0252877 0.0980493 0.0356128 0.000946789 0.105054 0.73505 
0.0714788 0.0239285 0.000798729 0.00101377 0.039339 0.863441 
0.00675663 0.380011 0.0786414 0.00608847 0.0192934 0.509209 
0.0978349 0.0994233 4.46877e-06 0.00625611 0.115117 0.681364 
0.0192197 0.0338878 0.000221137 1.12705e-06 0.390176 0.556494 
0.0272197 0.011112 2.77754e-05 5.70215e-05 0.0299883 0.931595 
0.18181 0.317523 0.0203171 0.00317267 0.112991 0.364186 
0.021919 0.0217455 6.97268e-08 6.6417e-11 0.000862794 0.955473 
0.0414012 0.0347246 0.00818962 0.00392733 0.0809162 0.830841 
0.165983 0.269781 0.000749278 0.00117874 0.123131 0.439176 
0.0291667 0.0131831 0.0217885 2.64484e-06 0.00336549 0.932494 
0.00103549 0.00558992 6.34891e-05 1.0559e-09 0.000159051 0.993152 
0.0639263 0.340634 0.00300613 0.00608239 0.137638 0.448714 
0.0087351 0.067097 0.00248635 1.98249e-05 0.0567101 0.864952 
0.0229326 0.058455 0.0434896 0.038726 0.0698532 0.766544 
0.0168458 0.0461733 0.000336503 0.014261 0.0311754 0.891208 
0.0256556 0.118431 0.0769595 2.71448e-05 0.0150515 0.763876 
0.305498 0.0281744 2.09707e-05 0.0132078 0.0397211 0.613378 
0.0297525 0.0263566 0.00043078 0.000257339 0.0632807 0.879922 
0.0286997 0.0447199 0.000105162 0.000149539 0.106331 0.819994 
0.00259015 0.0105948 3.1943e-05 2.11331e-06 0.0034996 0.983281 
0.00209638 0.0513938 1.2606e-09 0.000504182 0.0190619 0.926944 
0.171648 0.0243326 0.00296736 0.000562466 0.321694 0.478797 
0.000416684 0.291907 4.1348e-05 2.26242e-05 0.103828 0.603784 
0.0555508 0.000764991 1.5869e-05 2.22074e-08 0.00377335 0.939895 
0.00791029 0.00391177 2.47794e-06 5.11263e-06 0.00334184 0.984829 
0.0671778 0.00208156 0.00015232 4.96363e-06 0.0678713 0.862712 
0.0410139 0.0301052 1.74788e-05 0.00033666 0.0984531 0.830074 
0.00870363 0.00790436 0.0225433 6.04999e-07 0.000145944 0.960702 
0.00882953 0.00229313 0.00361974 6.82923e-12 0.0382451 0.947012 
0.101738 0.0368782 5.05473e-05 0.00018513 0.000875166 0.860273 
0.0314035 0.0241241 0.000454557 2.08677e-09 0.263838 0.68018 
0.0687296 0.00586353 0.00312708 7.90318e-06 0.183204 0.739068 
0.011063 0.00996792 9.55114e-06 2.44998e-06 0.0271585 0.951799 
0.276162 0.0351832 5.51266e-05 0.000301042 0.102658 0.58564 
0.0191231 0.229167 0.00578307 0.00028686 0.104783 0.640857 
0.00282519 0.167983 1.51705e-05 0.00420721 0.0957024 0.729267 
0.0534271 0.0372001 0.000952235 5.33321e-07 0.025517 0.882903 
0.0599452 0.108144 0.034847 0.00381055 0.107771 0.685482 
0.0280648 0.0718727 0.000458587 0.000916355 0.127829 0.770859 
0.044465 0.0200287 0.000153256 7.00886e-05 0.0383977 0.896885 
0.0224549 0.0798545 2.58895e-05 2.0436e-06 0.0824141 0.815249 
0.0678543 0.214278 6.67506e-05 0.0002397 0.109233 0.608328 
0.000452804 0.282091 0.000165213 5.63344e-08 0.300547 0.416744 
0.0230221 0.0105865 0.000129787 0.000177236 0.13505 0.831034 
0.0166768 0.0192306 6.7247e-05 1.32749e-05 0.0158867 0.948125 
0.0367138 0.0470749 0.0131319 0.000962003 0.0103859 0.891732 
0.00750738 0.052545 9.76504e-05 0.000689969 0.453353 0.485807 
0.0210514 0.0900234 2.70073e-05 9.47586e-06 0.389127 0.499762 
0.034562 0.0952693 5.56119e-05 0.00555904 0.00908496 0.855469 
0.047609 0.058 0.00774627 0.0776097 0.201028 0.608007 
0.0436558 0.0306909 0.00134448 0.00183954 0.0763673 0.846102 
0.0457702 0.0183877 0.00606025 0.00129435 0.0638497 0.864638 
0.0680134 0.341532 0.000855209 1.65038e-06 0.153585 0.436012 
0.166442 0.139974 0.0420188 0.000140197 0.035671 0.615754 
0.0155124 0.0145935 0.00478044 4.54139e-05 0.0268121 0.938256 
0.02774 0.00682717 0.00405331 0.00781842 0.0666592 0.886902 
0.023406 0.0612739 0.00118253 0.000151821 0.180865 0.733121 
0.13285 0.190949 0.00336779 0.0723899 0.142344 0.4581 
0.00689156 0.365711 0.00161987 6.15597e-06 0.194274 0.431498 
0.157113 0.106675 6.77387e-06 2.17707e-06 0.0218462 0.714356 
0.111193 0.00735496 4.91063e-05 3.25567e-05 0.04471 0.836661 
0.0688354 0.0256821 0.000271292 0.00907045 0.084174 0.811967 
0.00367864 0.00468274 2.25298e-05 8.65568e-05 0.0243107 0.967219 
0.0673453 0.105161 0.0180112 0.00709789 0.0588819 0.743503 
0.38387 0.182832 0.0263731 2.70988e-06 0.005474 0.401448 
0.00192963 0.0301704 1.99957e-05 0.00048346 0.0691685 0.898228 
0.0225744 0.0686335 0.000371583 6.80558e-05 0.0413365 0.867016 
0.143091 0.0989199 0.00538164 0.000526132 0.19899 0.553091 
0.00346794 0.0556999 0.000489137 0.000187076 0.266239 0.673917 
0.214864 0.0222893 0.000315224 0.0064492 0.0511268 0.704956 
0.0558155 0.0937671 0.00228337 0.0142761 0.0767475 0.75711 
0.0342395 0.000534198 2.40667e-09 2.40119e-06 0.0377082 0.927516 
0.000367941 0.0150218 1.18266e-05 1.45642e-10 0.0232624 0.961336 
0.119681 0.0281257 0.000186037 0.000444752 0.0520795 0.799483 
0.317261 0.0515297 0.00372442 0.000338671 0.0138273 0.613319 
0.0905891 0.256972 0.000593326 5.08157e-05 0.0935518 0.558243 
0.0492957 0.216461 0.208815 0.000125261 0.0919876 0.433315 
0.0456844 0.267344 0.133374 0.100128 0.0374071 0.416062 
0.0340431 0.00231931 0.000132693 7.05926e-06 0.0486562 0.914842 
0.0135655 0.0089474 0.0299225 3.70277e-06 0.0320413 0.91552 
0.000367941 0.0150218 1.18266e-05 1.45642e-10 0.0232624 0.961336 
0.0279588 0.00571173 0.0236451 2.89666e-06 0.0133297 0.929352 
0.0306556 0.206441 0.038017 1.63128e-06 0.0313679 0.693517 
0.00305683 0.0506448 2.60847e-05 0.000610901 0.242391 0.70327 
0.086031 0.0277826 0.000166187 0.000398472 0.00668622 0.878936 
0.0362658 0.221583 2.66598e-06 2.66513e-06 0.170135 0.572011 
0.00503081 0.109366 3.77851e-06 0.00557196 0.147059 0.732969 
0.0397623 0.0984512 0.00130965 0.00208544 0.26876 0.589632 
0.0102199 0.25746 0.0029129 7.74694e-10 0.146672 0.582735 
0.362454 0.115486 0.0213593 0.000114058 0.0892372 0.411349 
0.000692962 0.0544299 3.3696e-06 1.51554e-06 0.2446 0.700273 
0.38387 0.182832 0.0263731 2.70988e-06 0.005474 0.401448 
0.168549 0.000913474 9.19195e-08 0.000219344 0.0296487 0.80067 
0.290217 0.0514822 0.0341046 0.000250237 0.233454 0.390491 
0.0565787 0.00497333 3.93226e-05 7.42817e-06 0.0196855 0.918716 
0.121548 0.0411975 0.000835383 0.000869599 0.0670737 0.768476 
0.0196295 0.00297859 0.0532177 7.04787e-07 0.0178656 0.906308 
0.241067 0.251243 0.00134539 0.00244855 0.110987 0.392909 
0.00523901 0.0969418 0.000203649 1.10076e-05 0.211783 0.685821 
0.13843 0.0691235 7.46975e-09 1.54121e-08 1.33962e-09 0.792447 
0.0287278 0.0315764 7.44805e-08 1.45891e-07 0.145181 0.794514 
0.0500302 0.37654 0.000892529 0.000118447 0.0700934 0.502325 
0.0450485 0.01058 3.3172e-05 0.000251209 0.0994115 0.844676 
0.0368588 0.0556199 0.000625496 1.42917e-06 0.0981709 0.808723 
0.00658914 0.00920157 1.31233e-05 7.72564e-05 0.0658709 0.918248 
0.0612727 0.0169324 0.0470441 0.000680204 0.00779488 0.866276 
0.0860317 0.0746886 0.0908407 0.0083154 0.0281927 0.711931 
0.061433 0.0743339 0.00422962 0.00703072 0.121436 0.731537 
0.084094 0.0457309 0.00427837 0.0022295 0.0819567 0.781711 
0.0177519 0.0397294 0.00179827 1.35406e-05 0.113177 0.82753 
0.0551359 0.0407122 4.02395e-05 1.8131e-05 0.162011 0.742082 
0.0744272 0.0252381 0.000108976 0.0184068 0.00654683 0.875272 
0.0426325 1.77336e-05 8.08881e-08 5.57619e-07 0.00398579 0.953363 
0.0551359 0.0407122 4.02395e-05 1.8131e-05 0.162011 0.742082 
0.094255 0.0109187 0.00013784 0.000178413 0.0043373 0.890173 
0.157342 0.0400441 0.00739031 3.48249e-05 0.0582773 0.736912 
0.020442 0.00621489 0.000556415 0.000342332 0.169055 0.80339 
0.0491869 0.385802 0.000198926 5.64076e-06 0.133725 0.431082 
0.100007 0.30584 0.00276532 4.14256e-05 0.137472 0.453874 
0.0181124 0.087178 5.74192e-05 0.000937125 0.11948 0.774235 
0.0306174 0.315654 6.78786e-06 3.0718e-05 0.00929077 0.6444 
0.0148248 0.226691 4.99248e-05 0.138439 0.198422 0.421573 
0.055066 0.037788 0.000197031 7.85379e-05 0.0847581 0.822112 
0.0143913 0.396154 0.103629 2.16656e-08 0.0273621 0.458463 
0.164364 0.0622942 0.101429 1.63765e-05 0.108174 0.563722 
0.0321658 0.00826304 1.85489e-05 0.000105325 0.00315853 0.956289 
0.308521 0.144772 0.0180549 0.00010177 0.0601709 0.468379 
0.0749821 0.0360174 3.85374e-05 2.60005e-05 0.0378442 0.851092 
0.0146083 0.21609 0.00166984 0.00322882 0.0736157 0.690788 
0.0760925 0.0298346 1.24088e-05 5.63724e-06 0.0491867 0.844868 
0.0308591 0.0321015 9.55214e-07 9.5491e-07 0.0368815 0.900156 
0.0340908 0.22883 0.000406741 0.00364215 0.0453265 0.687704 
0.173566 0.136199 0.0090759 0.000877522 0.0977132 0.582568 
0.0203452 0.00137635 5.25512e-05 3.33541e-06 0.0579199 0.920303 
0.0137266 0.319991 0.000323286 0.00198548 0.268314 0.39566 
0.00571213 0.0606233 0.000128402 2.69275e-06 0.00479191 0.928742 
0.118209 0.0357471 0.000130262 0.000336019 0.252187 0.593391 
0.0277289 0.38687 0.00179345 0.00437339 0.0337341 0.545501 
0.13922 0.000851822 2.12146e-05 3.76475e-07 0.0389581 0.820948 
0.214384 0.0449832 0.000302161 0.0241373 0.151638 0.564555 
0.0011294 0.00558447 3.32593e-05 3.35108e-07 0.00036363 0.992889 
0.0287031 0.0253568 0.00840481 0.00108522 0.0666843 0.869766 
0.0551359 0.0407122 4.02395e-05 1.8131e-05 0.162011 0.742082 
0.0565496 0.124683 0.000181036 0.000978893 0.263999 0.553608 
0.0274657 0.00285144 5.21531e-06 6.40584e-08 0.331774 0.637904 
0.0528272 0.0299387 5.64091e-05 2.24748e-06 0.174076 0.7431 
0.0291421 0.00912727 7.05203e-05 3.16857e-06 0.000778525 0.960878 
0.0109486 0.00170467 6.03994e-05 4.68249e-05 0.00995533 0.977284 
0.00442652 0.237158 3.67795e-05 1.93211e-07 0.253877 0.504501 
0.0663596 0.0059325 0.000164893 2.4076e-09 0.0534129 0.87413 
0.00670981 0.106373 0.000352744 2.58253e-06 0.00740467 0.879158 
0.044465 0.0200287 0.000153256 7.00886e-05 0.0383977 0.896885 
0.287059 0.0724407 0.00200206 3.45026e-05 0.0262226 0.612241 
0.00907692 0.340516 0.00376099 0.245918 0.0481778 0.352549 
0.00367864 0.00468274 2.25298e-05 8.65568e-05 0.0243107 0.967219 
0.0441402 0.0473449 0.000796801 1.57991e-06 0.126052 0.781665 
0.157721 0.0723025 0.000547441 0.000792508 0.124396 0.64424 
0.0412037 0.0157705 0.000478477 2.33026e-06 0.0779465 0.864599 
0.0498218 7.4322e-07 1.79996e-10 3.71378e-10 0.0821062 0.868071 
0.0769344 0.426242 5.53457e-05 0.0170393 0.0359544 0.443775 
0.354542 0.00833084 0.0103976 7.94754e-07 0.161231 0.465498 
0.225105 0.00493552 8.52593e-05 0.000176679 0.0190014 0.750696 
0.0141884 0.0267297 3.79246e-05 1.3241e-06 0.0462402 0.912802 
0.0529818 0.0225356 0.00283552 0.000493714 0.296164 0.624989 
0.235455 0.0566016 0.000264811 0.00086419 0.0832878 0.623527 
0.0560627 0.0325204 0.0266169 0.00196985 0.0465182 0.836312 
0.177883 0.029793 0.107563 2.58961e-06 0.00942924 0.675329 
0.048424 0.0532181 0.00270358 0.00181876 0.0917626 0.802073 
0.0745975 0.123344 0.00052318 4.0806e-06 0.0123985 0.789133 
0.0551359 0.0407122 4.02395e-05 1.8131e-05 0.162011 0.742082 
0.112676 0.00668692 0.000601218 0.00165949 0.103436 0.77494 
0.0549812 0.296099 2.63398e-05 0.000285203 0.146213 0.502395 
0.00996933 0.000293713 5.09115e-09 2.4675e-08 0.00702242 0.982715 
0.221767 0.00706076 0.000130694 0.00030234 0.00327564 0.767464 
6.80751e-05 0.00606491 6.73121e-09 2.03918e-10 0.1519 0.841967 
0.0340431 0.00231931 0.000132693 7.05926e-06 0.0486562 0.914842 
0.0490355 0.00836746 0.000172994 9.80538e-05 0.340636 0.60169 
0.205774 0.000414557 3.58001e-08 3.33e-11 0.0244979 0.769313 
0.207321 0.0246139 9.90843e-05 6.50779e-05 0.0763584 0.691542 
0.0358556 0.18349 0.000195522 8.25095e-05 0.116933 0.663443 
0.000861454 0.138631 2.79803e-08 5.77306e-08 0.0136049 0.846903 
0.00118519 0.00132584 6.54545e-09 1.8086e-07 0.0283871 0.969102 
0.0477465 0.211577 0.000359457 0.0016411 0.163091 0.575585 
0.043398 0.0371828 0.000131293 0.00488384 0.125014 0.78939 
0.0235779 0.013425 0.00182578 3.72077e-07 0.0624867 0.898684 
0.0175806 0.447321 0.0017398 0.00033103 0.0722347 0.460793 
0.0913811 0.029882 0.000418152 4.99369e-05 0.00369812 0.874571 
0.00146283 0.00275945 6.20616e-05 3.53447e-06 0.0877505 0.907962 
0.353162 0.00445049 0.000197331 0.00113908 0.105982 0.53507 
0.198117 0.100147 0.0023393 0.025132 0.0355763 0.638689 
0.000472745 0.0236269 3.06458e-05 1.03775e-05 0.254804 0.721055 
0.175112 0.0161824 4.5688e-05 7.50563e-09 0.0251253 0.783535 
0.175247 0.00425643 0.00275719 1.96014e-12 0.00841362 0.809325 
0.0224636 0.171897 0.000717698 0.0251638 0.201383 0.578375 
0.0306288 0.0738453 0.0400562 0.000698636 0.0866036 0.768167 
0.0314394 0.167515 8.48789e-06 2.78486e-05 0.0604434 0.740566 
0.080352 0.246753 0.169428 0.000226585 0.0836623 0.419579 
0.0317825 0.415234 0.0025657 1.20501e-05 0.109075 0.441331 
0.000367941 0.0150218 1.18266e-05 1.45642e-10 0.0232624 0.961336 
0.00293086 0.111315 3.82288e-05 0.00011075 0.0870652 0.79854 
0.14516 0.0161946 0.0051493 0.000887368 0.147524 0.685085 
0.00121916 0.00159315 3.25359e-09 4.68754e-07 0.000163883 0.997023 
0.180554 0.185941 0.00334593 0.0451062 0.152802 0.43225 
0.237972 0.264847 0.000556755 0.0849298 0.0739148 0.337779 
0.0466197 0.137316 0.0220589 0.0690128 0.109504 0.615489 
0.0261836 0.0241159 0.00128735 3.33061e-10 0.0222767 0.926136 
0.0566521 0.106437 0.000761126 0.00241359 0.0343096 0.799427 
0.0526962 0.340125 6.51723e-05 2.32042e-06 0.209366 0.397746 
0.0415105 0.0510999 0.00574387 0.000495747 0.048129 0.853021 
0.0260846 0.0279082 0.0490289 4.78331e-08 0.0758827 0.821096 
0.279023 0.00303516 0.0107095 0.0006467 0.00075967 0.705825 
0.0113701 0.0006057 5.9106e-05 3.64044e-07 0.176324 0.81164 
0.163684 0.151647 0.00046103 0.000247985 0.0495175 0.634442 
0.0141673 0.131678 0.00077393 0.000153113 0.184662 0.668566 
0.0263554 0.00328866 2.94623e-05 1.83096e-06 0.055787 0.914538 
0.379009 0.000620567 6.4292e-07 8.90004e-07 0.00327388 0.617095 
0.00891384 0.0619108 0.00077668 0.000645102 0.0931341 0.834619 
0.0199781 0.404834 0.0483069 0.0149594 0.0934155 0.418507 
0.0337421 0.00823389 0.000141696 7.91463e-05 0.0853356 0.872468 
0.00354731 0.0115322 6.51859e-06 2.56918e-09 0.0178462 0.967068 
0.00589177 0.00522776 6.49389e-05 2.21455e-06 0.175159 0.813655 
0.0428475 0.0189623 8.69553e-05 5.01135e-07 0.368549 0.569554 
0.023406 0.0612739 0.00118253 0.000151821 0.180865 0.733121 
0.0147415 0.0408751 0.0025282 0.00359912 0.0668223 0.871434 
0.0461701 0.0484147 0.108079 0.000374571 0.0511095 0.745852 
0.0143288 0.00440491 0.132466 1.09262e-11 0.0561565 0.792644 
0.0908024 0.0593222 4.40949e-05 8.52541e-05 0.043824 0.805922 
0.00180968 0.261205 0.00031723 2.69959e-06 0.248931 0.487735 
0.00460514 0.0307225 8.36533e-05 0.00024136 0.274407 0.68994 
0.0449555 0.0151732 2.41811e-05 0.00197976 0.00951028 0.928357 
0.0217675 0.254369 0.0428784 0.000523572 0.111719 0.568742 
0.0716673 0.0396942 0.000408578 9.96255e-05 0.0862309 0.801899 
0.0288783 0.122727 0.000232978 0.000564274 0.0357021 0.811895 
0.0679922 0.296944 0.0237791 0.00038077 0.197041 0.413864 
0.143318 0.076725 0.0131121 0.00016288 0.109406 0.657276 
0.242563 0.0323835 0.000464643 0.0322663 0.161654 0.530669 
0.0744161 0.14625 0.0034727 0.00101378 0.00258994 0.772257 
0.18959 0.00374791 0.000351218 4.61942e-05 0.0803738 0.72589 
0.000858272 0.159341 0.00239652 7.12211e-05 0.0737444 0.763589 
0.0114303 0.364391 5.7516e-05 0.0255203 0.151003 0.447598 
0.0135913 0.0587867 0.0032769 3.23654e-07 0.135084 0.789261 
0.0273058 0.0560778 0.00509616 0.000200352 0.238458 0.672862 
0.0107896 0.142574 4.05544e-07 0.00162206 0.303991 0.541024 
0.0178077 0.101287 0.000232897 7.30116e-08 0.140315 0.740358 
0.115512 0.374437 0.0732757 1.83963e-06 0.0192159 0.417558 
0.00400592 0.371169 0.0020045 3.61001e-05 0.0327647 0.59002 
0.00615689 0.114933 3.62311e-05 1.06824e-11 0.339871 0.539003 
0.00220045 0.297795 4.66427e-05 0.0510576 0.113216 0.535684 
0.0392416 0.000713758 7.83161e-05 2.03799e-12 0.0333936 0.926573 
0.264853 0.011951 0.000227506 4.3061e-05 0.0048292 0.718097 
0.0788069 0.0458956 0.0121868 6.04409e-06 0.240398 0.622707 
0.0112335 0.292409 0.000466155 0.000343897 0.128989 0.566559 
0.00096242 0.0278498 0.000142895 2.93545e-06 0.114796 0.856246 
0.0374555 0.170216 0.00172463 0.00402834 0.0774182 0.709157 
0.259811 0.0433673 0.0437723 4.70346e-05 0.0374233 0.615579 
0.019189 0.0710101 4.44433e-06 7.57001e-05 0.122731 0.786989 
0.0217267 0.317701 0.00193494 0.00643394 0.115594 0.53661 
0.00325471 0.278338 0.00650831 0.00279941 0.293074 0.416025 
0.0337045 0.0666228 0.0156214 2.55103e-05 0.0484061 0.83562 
0.00459217 0.00458252 7.24014e-05 1.46072e-05 0.0142765 0.976462 
0.0275311 0.248733 0.000203885 0.014362 0.15362 0.55555 
0.0123157 0.000472583 1.00137e-06 2.02212e-09 0.0288579 0.958353 
0.238378 0.00650694 0.000343942 0.000144785 0.0386426 0.715983 
0.0479865 0.0254956 0.0126311 0.00860309 0.0984395 0.806844 
0.0326991 0.000575862 0.000151936 1.23309e-11 0.0289068 0.937666 
0.0255549 0.00147415 7.11112e-05 3.83568e-06 0.0443091 0.928587 
0.143291 0.120166 0.00225472 0.00443469 0.104376 0.625478 
0.00260082 0.261415 9.60362e-05 2.4031e-05 0.0307947 0.705069 
0.0162211 0.114507 0.000113372 0.155768 0.00439246 0.708999 
0.0213142 0.0383369 6.03876e-05 0.000117122 0.0634526 0.876719 
0.00217075 0.00535184 1.92233e-05 0.000848569 0.108965 0.882644 
0.0320706 0.0400557 2.02677e-05 7.62672e-08 0.0100065 0.917847 
0.0302682 0.0379155 0.0127427 0.00249755 0.045146 0.87143 
0.00969568 0.173072 0.00187211 7.0032e-05 0.041276 0.774014 
0.00557137 0.0164118 0.12342 3.24395e-06 0.00187289 0.852721 
0.0202932 0.0346195 2.84556e-07 2.26575e-06 0.0307548 0.91433 
0.101738 0.0368782 5.05473e-05 0.00018513 0.000875166 0.860273 
0.00908633 0.220398 0.0554336 1.281e-05 0.195757 0.519312 
0.0988615 0.260579 0.00246204 6.5708e-05 0.181933 0.456098 
0.1411 0.127124 5.16471e-05 0.0036621 0.0707662 0.657297 
0.0223373 0.0887225 0.000275806 0.000567763 0.0850352 0.803061 
0.276365 0.0220532 0.00189423 1.65375e-07 0.0828323 0.616855 
0.012633 0.0105005 0.00213519 3.67748e-07 0.000580618 0.97415 
0.0348269 0.0694362 0.0552237 5.42382e-07 0.0727027 0.76781 
0.000102427 0.00213764 7.41644e-06 6.55201e-10 0.251238 0.746515 
0.0166194 0.0533931 0.0187299 1.05284e-05 0.069809 0.841438 
0.054788 0.0471347 0.0339641 0.00501948 0.00794204 0.851152 
0.211588 0.0790867 7.01595e-06 0.000339807 0.00106658 0.707912 
0.000537649 0.00552066 1.10335e-05 9.77593e-05 0.0212505 0.972582 
0.15053 0.200348 7.74508e-05 0.000451901 0.0580691 0.590524 
0.103669 0.123785 1.58611e-07 1.5856e-07 0.32141 0.451136 
0.00263137 0.0252233 0.00550802 4.54706e-07 0.168952 0.797685 
0.0815134 0.0600724 0.000268372 5.31324e-06 0.339612 0.518528 
0.0364234 0.164252 0.0405964 0.000929975 0.0111204 0.746678 
0.286767 0.000885606 8.0237e-05 0.000101862 0.0139265 0.698239 
0.0674278 0.0527706 0.00042502 0.00079371 0.274394 0.604189 
0.00270551 0.00874446 1.01294e-06 1.49461e-06 0.0113567 0.977191 
0.0707761 0.0165697 0.00328502 1.84695e-06 0.0741165 0.835251 
0.0460811 0.0752857 0.0331947 1.80201e-07 0.0729769 0.772461 
0.0446667 0.0149882 0.035296 6.49097e-05 0.0230952 0.881889 
0.0336503 0.0215264 0.00591178 0.00132001 0.0687898 0.868802 
0.0143288 0.00440491 0.132466 1.09262e-11 0.0561565 0.792644 
0.024157 0.256564 0.0391214 0.000732376 0.0764469 0.602978 
0.0211531 0.0354405 7.24138e-05 1.60182e-05 0.0610575 0.88226 
0.0942053 0.157038 0.000128521 4.84629e-08 0.130469 0.618159 
0.183869 0.00236504 0.000219176 7.26627e-05 0.0356206 0.777854 
0.0553758 0.0145203 8.10357e-05 0.000233486 0.0203555 0.909434 
0.00571703 0.00573893 1.27771e-05 1.43164e-05 0.0753381 0.913179 
0.115713 0.154663 0.00144811 0.00110112 0.0260437 0.701031 
0.081759 0.013872 0.0347059 4.67222e-05 0.055663 0.813953 
0.030054 0.0426392 0.0107269 8.87362e-06 0.0165851 0.899986 
0.155002 0.0154794 0.0289712 3.06291e-05 0.307685 0.492832 
0.00571015 0.00283896 1.36071e-05 1.47065e-05 0.0892768 0.902146 
0.0362853 0.0452392 9.17252e-05 1.3917e-05 0.073296 0.845074 
0.0169878 0.243658 0.000628296 0.00068822 0.010657 0.727381 
0.0221947 0.0492801 0.00115071 0.00491284 0.0245838 0.897878 
0.0106936 0.0950085 0.000666736 3.89198e-05 0.00078301 0.892809 
0.166678 0.16668 0.166652 0.166599 0.166693 0.166698 
0.0298291 0.0289819 0.00201458 0.00113346 0.0648566 0.873184 
0.0113701 0.0006057 5.9106e-05 3.64044e-07 0.176324 0.81164 
0.047388 0.0973791 0.100299 3.47111e-07 0.0358653 0.719068 
0.0198892 0.0505404 3.34004e-07 1.51132e-05 0.0214065 0.908148 
0.0999321 0.00117178 6.82922e-05 3.44713e-07 0.00455586 0.894272 
0.363081 0.00785684 2.74127e-08 0.000154994 0.136096 0.492811 
0.0226011 0.0589516 0.0319348 0.00191829 0.0275383 0.857056 
0.047609 0.058 0.00774627 0.0776097 0.201028 0.608007 
0.00794799 0.094794 0.000131071 9.79199e-08 0.0314445 0.865682 
0.27558 0.0254293 0.0100324 2.51109e-05 0.133226 0.555708 
0.0183043 0.045871 0.0274934 2.13915e-05 0.14394 0.76437 
0.0280142 0.367333 0.143754 0.00142498 0.0439291 0.415545 
0.0342791 0.0151627 3.04688e-05 1.51459e-05 0.0776519 0.872861 
0.315941 0.0303857 0.00222982 0.0141337 0.0355419 0.601767 
0.00340806 0.0233144 6.20865e-05 4.64254e-05 0.0759428 0.897226 
0.0878728 0.0107343 0.000273402 3.76201e-05 0.054365 0.846717 
0.0223669 0.0244723 0.00233452 2.2132e-05 0.0696137 0.88119 
0.0414528 0.246105 0.151327 0.0113994 0.000948188 0.548768 
0.0152562 0.206765 0.000132718 0.0034278 0.0384639 0.735955 
0.149169 0.0506865 0.0146671 0.000438302 0.0919025 0.693137 
0.0253079 0.0569456 0.000104758 0.0504784 0.421108 0.446055 
0.00440876 0.0344849 0.000323685 0.000432147 0.107852 0.852499 
0.0450516 0.0359994 2.41113e-05 0.000134132 0.0687857 0.850005 
0.0310412 0.00306361 0.000144279 8.62962e-08 0.0268215 0.938929 
0.0336534 0.0517041 0.000253167 3.25356e-05 0.0724403 0.841916 
1.16356e-05 0.265538 0.000542623 1.24182e-10 0.0169259 0.716982 
0.0160735 0.437457 0.00341989 0.00198319 0.0824242 0.458642 
0.00158089 0.000889642 7.13599e-06 1.25582e-07 0.0704103 0.927112 
0.0652708 0.138558 0.00800226 0.0116231 0.0517756 0.72477 
0.0541527 0.0419142 0.00141006 4.56513e-05 0.150704 0.751774 
0.000455433 0.00850935 5.65914e-06 0.00071182 0.136023 0.854295 
0.00434764 0.082476 6.04684e-12 1.24762e-11 0.0730762 0.8401 
0.0219273 0.0297926 1.911e-05 2.21642e-07 0.107186 0.841075 
0.00393175 0.0110051 1.10912e-05 1.85019e-05 0.246899 0.738135 
0.0196875 0.379474 0.00208975 0.000354903 0.127196 0.471197 
0.09144 0.0886862 0.000116545 0.103664 0.00430375 0.711789 
0.0898784 0.0541667 0.0117913 8.68645e-06 0.0506281 0.793527 
0.00236784 0.0255409 0.00809168 1.37252e-05 0.0163773 0.947609 
0.000584714 0.0251414 1.17517e-05 6.98465e-08 0.0409666 0.933295 
0.000110344 0.304852 0.000194176 1.00952e-05 0.217022 0.477811 
0.110415 0.379681 0.0110673 9.845e-08 0.000873934 0.497962 
0.0184131 0.0125802 8.12197e-06 0.000529725 0.0451691 0.9233 
0.0678375 0.387489 0.0189624 0.000125739 0.0577976 0.467787 
0.0542635 0.00286077 0.000488881 4.87048e-05 0.0041509 0.938187 
0.00882953 0.00229313 0.00361974 6.82923e-12 0.0382451 0.947012 
0.205728 0.0919837 0.000103956 0.000954991 0.0412088 0.660021 
0.222344 0.0377597 0.070712 0.000354267 0.319476 0.349353 
0.0734701 0.223507 0.000215181 0.00317542 0.281292 0.41834 
0.217267 0.00993708 0.0600965 0.000351596 0.0313506 0.680998 
0.00263137 0.0252233 0.00550802 4.54706e-07 0.168952 0.797685 
0.140712 0.206792 0.13827 0.0024295 0.14046 0.371337 
0.0386015 0.0314566 0.000336735 0.00049279 0.106854 0.822258 
0.143868 0.0303483 0.00348133 4.2265e-05 0.0905848 0.731675 
0.00215521 0.00312611 0.0486881 4.41087e-06 0.000106111 0.94592 
0.16 0.349995 3.70674e-06 9.08075e-07 0.0447838 0.445217 
0.166202 0.012158 0.183536 7.35143e-06 0.0850974 0.552999 
0.317802 0.0117225 7.22409e-06 2.75972e-07 0.00879329 0.661674 
0.0250604 0.182027 0.000170563 8.20029e-08 0.13024 0.662503 
0.109355 0.0114883 0.00153591 0.00163551 0.0954436 0.780541 
0.0873764 0.0163319 0.00290243 0.000937976 0.0655786 0.826873 
0.000422729 0.0139383 1.47804e-05 1.15307e-05 0.0506149 0.934998 
0.193074 0.00194122 9.99998e-05 5.6901e-07 0.035794 0.769091 
0.0339556 0.0684358 0.00420559 0.000664604 0.0731199 0.819619 
0.0262201 0.0369419 0.0540527 5.78159e-05 0.0667906 0.815937 
0.319766 0.00451966 3.37625e-05 0.00290184 0.00409964 0.668679 
0.00322046 0.25162 5.47798e-05 2.47063e-06 0.1717 0.573402 
0.143405 0.238219 2.57913e-07 1.01723e-07 0.242962 0.375414 
0.279031 0.00323601 0.000191621 5.96076e-06 0.00514398 0.712392 
0.0200402 0.279886 0.00221987 0.0265116 0.0488481 0.622494 
0.00362018 0.478685 1.73622e-06 4.46405e-06 8.64872e-06 0.51768 
0.0149188 0.139531 0.0174449 0.00151249 0.0403489 0.786244 
0.0156238 0.100273 0.000663132 6.36415e-08 0.282283 0.601157 
0.0364234 0.164252 0.0405964 0.000929975 0.0111204 0.746678 
0.0562456 0.0149287 0.0107943 4.73747e-05 0.0573754 0.860609 
0.0256481 0.0917043 0.00290798 4.19898e-05 0.0195825 0.860115 
0.0402436 0.0405781 0.0120064 8.46128e-05 0.0144332 0.892654 
0.0041591 0.000427359 3.24143e-07 5.40269e-07 0.209099 0.786313 
0.159167 0.0589262 6.19081e-05 3.33581e-05 0.381803 0.400008 
0.0169737 0.0875595 0.000147659 2.0673e-05 0.0415419 0.853757 
0.306233 0.099909 0.10799 5.12258e-06 0.0423491 0.443514 
0.0183574 0.000986245 2.24538e-05 1.20758e-10 0.28921 0.691424 
0.0554621 0.193811 0.000281716 0.000150231 0.171231 0.579064 
0.265659 0.0305014 0.000440088 4.79247e-05 0.263775 0.439577 
0.0398266 0.0406617 9.77506e-05 0.00016573 0.188891 0.730358 
0.00596851 0.0166171 6.08044e-06 2.32974e-06 0.0240415 0.953364 
0.0209267 0.121532 0.0325824 0.000390773 0.0312218 0.793346 
0.1519 0.24939 1.43473e-05 1.24761e-06 0.048911 0.549784 
0.0930261 0.0206464 0.053103 0.00374855 0.209776 0.6197 
0.0301367 0.115261 0.000148577 3.38162e-05 0.176779 0.677641 
0.0384961 0.0190919 0.0113618 0.000135202 0.0567754 0.874139 
0.342494 0.0113809 0.0011907 0.000207928 0.00462598 0.6401 
0.0116335 0.0474328 0.0731677 1.51825e-05 0.0105804 0.85717 
0.052118 0.00312334 0.000136574 5.13711e-05 0.0149819 0.929589 
0.0132058 0.322548 0.00791392 0.00524767 0.111448 0.539636 
0.110904 0.0123353 0.000919407 7.64448e-09 0.0133414 0.8625 
0.0298898 0.0942063 2.8861e-05 5.29213e-06 0.111762 0.764108 
0.0477769 0.0339557 0.0056227 0.000140706 0.0611477 0.851356 
0.0340431 0.00231931 0.000132693 7.05926e-06 0.0486562 0.914842 
0.224669 0.0613125 0.000141922 1.46563e-05 0.0449356 0.668926 
0.120815 0.00461939 0.0189629 4.77028e-09 0.110414 0.745189 
0.0002082 0.0166778 9.67045e-08 8.15783e-05 0.206547 0.776485 
0.00343824 0.128894 4.18344e-06 1.8421e-07 0.148433 0.71923 
0.0245869 0.0147617 0.00350414 0.000551302 0.0279285 0.928667 
0.246394 0.0369089 3.77324e-07 0.00958134 0.00351036 0.703605 
0.000646758 0.00157014 0.01461 1.34016e-06 3.18515e-05 0.98314 
0.0168438 0.0521115 0.00306594 0.00602036 0.103654 0.818305 
0.000927642 0.00638088 2.87746e-05 0.0106478 0.397783 0.584232 
0.104696 0.0510969 0.0145842 0.0011165 0.168826 0.65968 
0.0722907 0.139935 0.00103766 0.0027512 0.152402 0.631584 
0.110415 0.379681 0.0110673 9.845e-08 0.000873934 0.497962 
0.0161721 0.00733911 3.80233e-05 6.87965e-06 0.0947626 0.881681 
0.0121884 0.177824 8.47214e-06 0.00147829 0.0881889 0.720312 
0.0666986 0.0175839 2.79018e-06 0.00948637 0.00502636 0.901202 
0.0180228 0.0849754 0.000312202 0.000226276 0.0830039 0.813459 
0.0271476 0.0561052 0.0299818 3.15405e-06 0.0962907 0.790472 
0.0700545 0.0148277 0.0127532 5.00649e-05 0.163025 0.73929 
0.137102 0.000316604 2.14165e-05 2.92682e-05 0.241099 0.621431 
0.256123 0.00327557 0.00230296 9.0048e-09 0.0702891 0.668009 
0.0654532 0.117838 0.00314009 5.11446e-05 0.100125 0.713393 
0.014372 0.0741956 0.000174795 1.16065e-06 0.194571 0.716685 
1.04645e-05 0.00185362 4.73182e-13 1.36779e-09 0.37614 0.621996 
0.0299505 0.00414351 0.000116136 5.45298e-08 0.0468571 0.918933 
0.0128804 0.00502266 1.43049e-05 8.69016e-05 0.0489843 0.933011 
0.0226911 0.0807195 6.81901e-05 0.000737091 0.173052 0.722732 
0.0230152 0.0119291 0.00979063 0.000360455 0.147311 0.807594 
0.000563642 0.00265019 1.80329e-06 0.00742055 0.245469 0.743894 
0.216669 0.0326247 0.00080591 0.00291303 0.0486205 0.698367 
0.0541106 0.0813035 0.00422205 0.0350659 0.0492452 0.776053 
0.0519968 0.0177131 6.53485e-05 9.10625e-05 0.0568827 0.873251 
0.0263378 0.0874525 0.000899171 0.000246201 0.174138 0.710927 
0.0533435 0.1328 0.219016 4.13112e-07 0.0681383 0.526702 
0.344575 0.00197927 0.00264212 2.71947e-09 0.0635367 0.587266 
0.00510388 0.00275238 4.79116e-06 1.81991e-05 0.0847138 0.907407 
0.0573613 0.219339 0.00017355 1.35617e-06 0.0392086 0.683916 
0.000268128 0.000334606 2.2245e-08 1.43923e-06 0.0872184 0.912177 
0.000123106 0.000791795 5.43067e-10 9.5904e-10 0.0977136 0.901372 
0.080462 0.0151623 0.000839732 6.71562e-07 0.0268104 0.876725 
0.0627887 0.309753 0.125257 3.48541e-06 0.022787 0.479411 
0.207497 0.0986355 0.0408179 0.00770273 0.059554 0.585793 
0.0225222 0.132068 0.0334713 2.18954e-05 0.120457 0.69146 
0.0464944 0.0225193 0.0182628 2.33779e-05 0.0116862 0.901014 
0.00901895 0.0348912 0.00551175 2.54657e-05 0.0142059 0.936347 
0.142321 0.000792157 1.81224e-05 0.00017576 0.06542 0.791273 
0.000471933 0.305696 0.00158685 1.72004e-08 0.0646378 0.627607 
0.0621501 0.00342002 4.49612e-05 9.87286e-06 0.0910107 0.843364 
0.0406111 0.0351453 7.54974e-05 0.0261882 0.0647669 0.833213 
0.00309088 0.0961501 0.0188352 1.29257e-11 0.347138 0.534786 
0.114684 0.275397 0.00104538 0.00516661 0.18586 0.417847 
0.119249 0.0147705 0.000243431 0.00130654 0.0328066 0.831624 
0.0289051 0.00807108 1.80294e-06 0.00513747 0.0314818 0.926403 
0.0239961 0.000937662 2.45345e-08 8.08178e-07 0.0831418 0.891924 
0.048102 0.0323676 5.50749e-05 0.000137142 0.0894497 0.829888 
0.168357 0.0217308 0.000195275 0.00033614 0.0727945 0.736587 
8.03733e-06 0.0932418 8.03606e-06 8.03351e-06 8.03806e-06 0.906726 
0.172536 0.270228 0.0161664 2.31892e-05 0.12751 0.413537 
0.0295782 0.0972757 0.00326414 0.000207677 0.30162 0.568054 
0.0554132 0.00642024 0.0463967 5.60328e-05 0.0985994 0.793114 
0.0874895 0.00464277 4.59915e-06 2.60556e-07 0.355857 0.552005 
0.0203026 0.197727 0.109726 3.37626e-08 0.0364597 0.635785 
0.0312788 0.220116 0.292917 2.78641e-09 0.110003 0.345686 
0.0741597 0.00139136 8.62444e-05 1.55999e-07 0.224234 0.700128 
0.106777 0.00466189 0.00221549 3.22009e-05 0.0695852 0.816728 
0.0308591 0.0321015 9.55214e-07 9.5491e-07 0.0368815 0.900156 
0.168549 0.000913474 9.19195e-08 0.000219344 0.0296487 0.80067 
0.0587297 0.0921817 0.00310313 0.001286 0.0592084 0.785491 
0.044042 0.0579919 0.000248779 0.000532539 0.087689 0.809496 
0.0508579 0.0168805 5.35368e-05 0.00135479 0.0092093 0.921644 
0.0312785 0.0739495 0.00020363 0.000520353 0.0476389 0.846409 
0.0611558 0.0148233 0.00141243 2.72615e-05 0.436113 0.486469 
0.214846 0.007661 9.41342e-06 0.000311672 0.0022425 0.774929 
0.000659788 0.011074 4.70883e-08 2.02813e-09 0.131209 0.857057 
0.011205 0.0397859 9.38196e-07 5.53621e-11 0.231398 0.717611 
0.0180478 0.00484992 8.77047e-05 0.000279414 0.00481689 0.971918 
0.00198193 0.00733753 1.81934e-05 1.19836e-08 0.0764282 0.914234 
0.012633 0.0105005 0.00213519 3.67748e-07 0.000580618 0.97415 
0.0637992 0.00981799 0.0101249 0.000410336 0.228462 0.687385 
0.0261744 0.0738499 3.19519e-05 0.000241177 0.365078 0.534624 
0.0399063 0.0514245 0.0677275 4.67661e-06 1.00975e-05 0.840927 
0.32783 0.0198588 1.49274e-05 1.44796e-05 0.00253923 0.649742 
0.0414537 0.266643 5.92923e-07 1.05958e-08 0.0669727 0.62493 
0.0162577 0.291974 0.225975 0.000586601 0.127717 0.33749 
7.521e-05 0.0886581 3.1561e-07 8.85823e-05 0.044556 0.866622 
0.0494742 0.027603 0.000560133 0.000891263 0.0893624 0.832109 
0.046512 0.281169 0.00150323 0.00249715 0.0991499 0.569169 
0.202379 0.0664695 0.0162162 2.19593e-06 0.0238373 0.691096 
0.0417595 0.236395 0.000588168 0.00172947 0.235719 0.483809 
0.107481 0.210773 0.000126719 0.000489374 0.0135888 0.667541 
