0.00256361 1.12263e-08 0.0172625 0.00812762 0.0210919 0.0257261 4.46334e-05 7.12304e-05 0.0102283 0.000174645 0.00917977 0.00080517 9.57311e-05 0.714033 0.0945797 1.81809e-06 0.0155733 0.0043329 0.00183172 0.0166489 0.0100595 0.0475669 1.24531e-06 
0.000408224 4.02914e-06 0.0681422 0.0259322 0.00847996 0.0993938 0.000620957 5.25057e-06 0.0050546 0.000198345 0.00292709 0.00234416 5.42404e-05 0.00101878 0.736202 5.2971e-06 4.80778e-05 0.0180773 0.000875807 0.0043544 0.00675637 0.0190158 8.09137e-05 
0.00219351 6.5771e-09 0.00149442 0.00916364 0.0173646 0.121485 5.62909e-05 0.000207079 0.00349603 3.1327e-08 0.0667867 2.67817e-05 0.00129825 0.000347564 0.0116214 2.91595e-08 3.91865e-05 0.00771588 1.13704e-05 0.00433073 0.0133099 0.738579 0.000473364 
2.89577e-05 2.78732e-06 0.0278413 0.00976701 0.0505152 0.0198079 0.000316707 3.39934e-05 0.0927004 7.99567e-05 0.00128566 0.346813 3.88158e-05 0.000340732 0.0325011 9.08522e-06 5.95133e-06 0.36849 0.00230463 0.00606116 0.0177969 0.0229753 0.000283178 
0.00168057 1.19172e-06 0.102903 0.0278249 0.00385117 0.0338107 0.000710029 2.07974e-05 0.00642585 0.000679743 0.00318416 0.000369557 2.34377e-05 0.00111902 0.216441 7.35731e-06 0.000113143 0.0110356 0.00551681 0.571205 0.00663815 0.00641448 2.47714e-05 
0.00201059 4.66656e-06 0.498418 0.0253324 0.00895854 0.0102987 0.00547249 1.7541e-05 0.0101003 6.50796e-05 0.00733169 3.95005e-05 0.000373585 6.54193e-05 0.0305355 6.12194e-05 2.04037e-05 0.0874722 0.00912824 0.00190544 0.28712 0.0117808 0.00348814 
0.000293151 7.33435e-07 0.0931783 0.0195168 0.0194829 0.0436955 7.54221e-05 2.76007e-06 1.50115e-05 0.000355056 0.751405 1.00328e-06 8.6104e-07 0.00138206 0.0186209 0.000696832 0.000178795 2.50041e-05 0.0373369 0.00039374 0.00016327 0.013178 1.81453e-06 
0.00256361 1.12263e-08 0.0172625 0.00812762 0.0210919 0.0257261 4.46334e-05 7.12304e-05 0.0102283 0.000174645 0.00917977 0.00080517 9.57311e-05 0.714033 0.0945797 1.81809e-06 0.0155733 0.0043329 0.00183172 0.0166489 0.0100595 0.0475669 1.24531e-06 
1.47477e-05 5.87969e-07 4.71551e-05 0.00741443 2.18025e-05 0.00133317 0.00229754 6.35118e-06 0.00243954 4.38284e-05 0.000899036 0.895117 8.4945e-05 9.83176e-06 0.0574609 7.97496e-07 8.67915e-05 0.000165933 0.000161826 0.00116313 0.000700496 0.0304275 0.000102951 
4.20425e-05 3.19449e-08 0.0094721 0.951514 0.00255212 0.0272829 0.00390434 0.000254627 0.00155832 1.52155e-07 0.0013154 9.65796e-06 1.62425e-07 2.75397e-06 0.00161089 6.12099e-06 1.97939e-07 1.85308e-05 4.98863e-05 0.000187984 2.39192e-05 0.000123734 7.01599e-05 
0.00022195 5.0374e-09 0.00818024 0.195174 0.000822484 0.0271785 0.00675844 0.000284652 6.08281e-05 2.39933e-08 0.628748 0.0016489 5.38925e-05 0.0454679 0.0295114 2.23333e-08 4.4946e-05 6.86925e-05 0.0317669 0.000133138 0.00997681 0.0137167 0.000182162 
0.000744299 1.58229e-05 0.130325 0.0176903 0.236395 0.0365527 0.00217135 0.000665958 0.114443 0.00249633 0.0154969 0.00049884 7.05402e-05 0.00163491 0.116509 0.000128335 4.03414e-05 0.0376124 0.00297232 0.223069 0.0123903 0.0466916 0.00138609 
0.000565812 4.63731e-07 0.307312 0.199613 0.00809682 0.0242014 0.0247058 0.000168547 0.0395885 0.000232643 0.0559366 7.97994e-07 6.79319e-06 0.000188316 0.135797 0.00329571 5.23334e-07 0.137608 0.0167376 0.00548354 0.00437691 0.0360817 1.92747e-06 
0.00185962 2.05726e-06 0.00634841 0.0238412 0.0121391 0.0129756 0.00255573 3.46097e-05 0.185678 0.00125519 0.155358 0.000434066 1.11162e-05 0.000508765 0.0635745 3.88769e-05 5.12642e-06 0.0659906 0.0243284 0.0700825 0.117516 0.245921 0.00954132 
4.16871e-06 2.67266e-10 0.350382 0.146575 0.000270636 0.054848 0.00941976 8.16646e-06 0.00247263 3.94822e-07 0.000212213 3.48088e-06 1.39382e-05 1.14565e-05 0.221248 6.28203e-08 4.1187e-06 0.203135 0.000742606 0.00119237 0.00889118 0.000509859 5.43627e-05 
0.000132888 1.03179e-07 0.037329 0.259295 0.0442314 0.0755484 0.00394448 0.000957081 0.0509211 1.06291e-05 0.100262 3.44397e-05 1.96882e-05 3.8037e-05 0.157481 1.40058e-07 0.000119338 0.00115424 0.0136128 0.000113928 0.240991 0.0137757 2.77025e-05 
0.000166827 4.17255e-13 0.0153743 0.0165844 0.00137968 0.0765736 0.00179666 3.27662e-12 0.368434 3.97679e-09 0.0012513 8.92812e-08 2.12155e-12 7.09663e-09 0.0244064 1.8499e-12 2.58542e-12 0.00138466 0.488131 1.4123e-05 1.87328e-08 0.00450347 2.90668e-08 
0.00168057 1.19172e-06 0.102903 0.0278249 0.00385117 0.0338107 0.000710029 2.07974e-05 0.00642585 0.000679743 0.00318416 0.000369557 2.34377e-05 0.00111902 0.216441 7.35731e-06 0.000113143 0.0110356 0.00551681 0.571205 0.00663815 0.00641448 2.47714e-05 
1.13115e-11 3.43556e-12 0.916781 0.00436738 0.00131794 0.0306671 2.16339e-07 5.12865e-08 0.0200865 1.63637e-11 0.000823689 1.83774e-11 6.11563e-08 6.15069e-08 0.0091205 1.52315e-11 2.12876e-11 3.9228e-07 8.49736e-08 2.78444e-07 0.0168348 3.14672e-07 1.40773e-11 
3.07093e-05 5.80679e-08 0.204254 0.0383208 0.0114686 0.32838 0.00596043 8.17306e-05 0.00640694 6.4187e-08 0.00911354 0.000104119 2.76434e-05 0.000161971 0.334179 9.34856e-08 0.00282565 0.0283796 0.00933282 0.00169206 0.0032866 0.015978 1.60931e-05 
0.000195645 4.72561e-08 0.168775 0.0482397 0.00810253 0.0580987 0.000264998 0.000133912 0.13616 2.25082e-07 0.261545 0.000240187 2.40275e-07 0.000145873 0.190635 5.47274e-06 1.05465e-05 0.00844527 0.000128003 0.042464 0.011836 0.0645736 1.93633e-07 
3.05602e-05 6.03693e-07 0.0384946 0.033201 0.00300909 0.0770827 0.00112394 0.00261272 0.00214006 0.00475963 0.797639 2.98688e-05 0.00486424 1.35082e-06 0.0227391 2.67647e-06 3.74064e-06 0.000185705 0.000364156 3.58126e-06 0.00456793 0.00490534 0.00223883 
0.000423251 2.41186e-12 0.0851696 0.00655471 0.00235177 0.00839516 0.00298423 1.89398e-11 0.00857999 0.000653378 0.0149994 9.83574e-06 1.94028e-05 6.29854e-05 0.258267 1.32824e-06 6.35338e-05 0.00109692 0.0112201 0.595547 7.12392e-05 0.00352865 9.88266e-12 
2.26428e-06 8.01244e-11 0.0143418 0.0421969 0.000134033 0.00172472 0.573831 8.46277e-08 3.83453e-07 0.000220972 0.00672628 4.286e-10 4.07395e-10 7.48834e-05 0.0227499 3.55231e-10 7.86082e-09 0.00013711 0.00670431 0.00939343 0.319068 0.00269399 3.28312e-10 
2.02655e-06 4.73982e-10 0.00525317 0.237626 0.00193389 0.0422764 0.000750027 1.54976e-05 3.4881e-05 0.00258474 0.680505 2.53542e-09 2.46872e-07 0.000832562 0.000485383 2.10139e-09 1.18027e-05 0.000123751 0.000649793 0.0231114 0.00058114 0.0032226 1.94215e-09 
0.00137868 2.28473e-09 0.328961 0.197614 0.0215234 0.0482157 0.00884516 7.84598e-05 0.00604863 1.08823e-08 0.00175951 0.000859633 9.92471e-07 0.000872906 0.0791539 1.99662e-06 1.27853e-05 0.291641 0.000121162 0.000201448 0.0108023 0.00190794 3.03115e-07 
0.000549237 1.18589e-06 0.0180602 0.00584278 0.00437873 0.0142982 0.000112659 9.08438e-06 0.107341 0.000412834 0.0034078 3.85668e-05 9.73988e-06 0.00100477 0.269376 0.000266988 1.97125e-05 0.00821736 0.0116861 0.534873 0.00185752 0.0181995 3.74601e-05 
0.000244971 1.90976e-10 0.0672704 0.00692486 0.501536 0.0841053 0.0575621 1.66771e-06 0.00920934 4.41399e-06 0.134425 1.02157e-09 9.71024e-10 0.00578694 0.0041318 8.87143e-08 4.40703e-07 0.0991034 0.00126661 2.00145e-05 0.0158471 0.0121434 0.000415878 
0.00080433 5.68489e-07 0.00236993 4.24999e-05 0.00262828 0.0276438 2.76625e-05 2.27243e-06 0.00497085 0.0030714 0.0626581 8.04512e-06 5.4978e-05 2.38329e-06 1.42914e-05 1.28296e-06 0.000535504 0.0244671 8.47489e-07 0.000348308 0.000915328 0.869431 1.18574e-06 
0.00733928 6.57637e-07 0.096517 0.0447528 0.0991872 0.139611 0.00958099 2.34617e-06 0.186272 1.05689e-06 0.0121475 0.00306383 0.00622177 0.000498874 0.0320577 1.17475e-05 5.71086e-06 0.0785213 0.0264127 0.0486371 0.0124997 0.196624 3.35807e-05 
6.8391e-08 5.81266e-12 0.00236694 0.622881 0.0012444 0.00182455 0.226291 1.98596e-05 0.0185044 2.76859e-11 0.000456198 3.1093e-11 2.95547e-11 6.60823e-08 0.0194044 1.58497e-08 7.48109e-05 1.25252e-07 0.000695872 0.000257459 0.105598 0.00037844 2.71662e-06 
2.26428e-06 8.01244e-11 0.0143418 0.0421969 0.000134033 0.00172472 0.573831 8.46277e-08 3.83453e-07 0.000220972 0.00672628 4.286e-10 4.07395e-10 7.48834e-05 0.0227499 3.55231e-10 7.86082e-09 0.00013711 0.00670431 0.00939343 0.319068 0.00269399 3.28312e-10 
7.05584e-11 2.14303e-11 4.56974e-07 2.53503e-06 7.81993e-07 0.047213 9.94874e-07 1.68288e-10 2.17365e-06 1.83834e-07 2.75422e-06 1.15793e-06 1.7445e-07 0.00157744 0.703614 9.50109e-11 1.32788e-10 0.00363938 0.000313997 3.38099e-06 0.17289 0.0707374 8.78111e-11 
0.000440565 7.82119e-07 0.055848 0.216056 0.000289188 0.0123795 0.00502452 0.00138705 0.00477623 3.92846e-05 0.00706386 2.67418e-06 2.96045e-05 0.000276331 0.116432 4.93071e-06 1.66901e-05 0.451525 0.0595073 0.00825866 0.0577716 0.00280195 6.77044e-05 
0.000150144 3.57291e-06 0.0395365 0.0620638 0.00555258 0.0322354 0.012756 3.97247e-05 0.0924295 0.00286516 0.266335 0.0241292 0.000103529 0.000539071 0.335464 1.68889e-05 7.08843e-06 0.00761847 0.00917714 0.00453849 0.0802065 0.0224452 0.00178679 
1.84471e-07 5.60283e-08 0.00519533 0.121274 0.0162464 0.11334 0.224717 0.00252211 0.0121673 0.143759 0.0311699 0.000411886 5.27657e-05 0.000436365 0.176543 2.19392e-05 0.00142961 0.000274627 0.014484 0.00408714 0.0489001 0.0829666 2.29578e-07 
0.000347656 9.593e-06 0.0381047 0.0600046 0.0262712 0.00872947 0.00420069 0.000706124 0.0251052 0.00188717 0.572744 0.0135394 7.23733e-05 0.00296967 0.044063 0.000285858 0.000550146 0.0466645 0.0154735 0.00171558 0.0220073 0.113858 0.000690272 
3.57774e-05 1.35964e-06 0.0337598 0.0680595 0.0151105 0.53125 0.00924716 0.00186276 0.019154 2.52544e-06 0.00681575 0.000940021 0.0019524 0.00016012 0.125602 0.000148006 0.00459015 0.0114771 0.0393312 0.0153847 0.0173206 0.0977785 1.62901e-05 
0.00168057 1.19172e-06 0.102903 0.0278249 0.00385117 0.0338107 0.000710029 2.07974e-05 0.00642585 0.000679743 0.00318416 0.000369557 2.34377e-05 0.00111902 0.216441 7.35731e-06 0.000113143 0.0110356 0.00551681 0.571205 0.00663815 0.00641448 2.47714e-05 
4.47695e-08 1.35976e-08 0.0220979 0.0782923 0.0117611 0.0105621 0.569431 1.06779e-07 0.0162529 6.47657e-08 0.135814 7.2736e-08 6.91373e-08 0.00142753 0.0105522 5.59211e-05 8.42542e-08 0.00239181 0.00367875 0.00015525 0.134917 0.00261007 5.57164e-08 
4.92589e-06 1.46663e-10 3.63823e-06 6.09918e-07 1.28398e-06 2.43612e-06 1.68527e-10 1.15171e-09 3.76624e-06 0.990791 0.00567698 7.84528e-10 7.45712e-10 1.18175e-06 0.00187319 9.10971e-07 1.27318e-06 0.00163437 9.37505e-08 1.52924e-06 1.82408e-06 9.52588e-07 6.00955e-10 
0.00175443 2.57033e-09 0.0151009 0.0037769 0.0171994 0.338507 0.00168959 2.48936e-06 0.310403 5.44746e-08 0.00227447 1.87267e-05 1.58813e-05 1.52227e-05 0.229502 1.22231e-08 5.22765e-09 0.00250039 0.0258826 0.000293449 0.00344143 0.0475045 0.000117566 
5.89636e-05 2.83431e-07 0.0191883 0.582762 0.0285197 0.0467462 0.0651977 0.000894311 0.000549488 0.000523814 0.136962 0.000578406 2.36932e-05 4.08157e-05 0.0335991 2.61263e-05 3.59204e-07 0.0499588 0.00396004 0.000143712 0.0271361 0.00293936 0.000190563 
0.0014755 1.28522e-08 0.0297905 0.0073742 0.0204277 0.295464 0.000878246 1.77643e-05 0.307846 2.71925e-07 0.00209927 3.72246e-05 1.61591e-05 1.55916e-05 0.290545 6.11093e-08 8.14514e-07 0.002948 0.00375887 0.0013471 0.00997559 0.0259235 5.78664e-05 
0.000461651 1.55789e-05 0.00129381 0.0481428 0.00572238 0.0214499 0.00368331 0.000408632 0.017055 0.00117853 0.428298 0.0861937 0.000171384 0.0166451 0.0162098 0.00135465 0.000447718 0.00722929 0.000140822 0.0107207 0.0176008 0.286019 0.0295574 
0.00155408 1.22094e-06 0.0463458 0.0190795 0.0062396 0.0568945 0.00336201 2.16358e-06 0.22923 3.28629e-05 0.00464801 0.0001284 0.000512594 0.000703273 0.367462 3.10737e-05 2.17905e-06 0.00484463 0.00692908 0.0482659 0.0132495 0.190347 0.000133632 
0.00175443 2.57033e-09 0.0151009 0.0037769 0.0171994 0.338507 0.00168959 2.48936e-06 0.310403 5.44746e-08 0.00227447 1.87267e-05 1.58813e-05 1.52227e-05 0.229502 1.22231e-08 5.22765e-09 0.00250039 0.0258826 0.000293449 0.00344143 0.0475045 0.000117566 
5.07384e-05 8.10412e-06 0.265309 0.0369624 0.0232342 0.0978927 0.0150552 0.000755862 0.069455 0.00742297 0.01058 0.0029508 0.000490798 0.000688055 0.314738 1.2319e-05 1.645e-05 0.00729309 0.0196727 0.00654867 0.0209449 0.0952971 0.00462135 
0.00256361 1.12263e-08 0.0172625 0.00812762 0.0210919 0.0257261 4.46334e-05 7.12304e-05 0.0102283 0.000174645 0.00917977 0.00080517 9.57311e-05 0.714033 0.0945797 1.81809e-06 0.0155733 0.0043329 0.00183172 0.0166489 0.0100595 0.0475669 1.24531e-06 
3.80748e-08 1.15642e-08 1.9334e-06 4.72611e-07 0.0392907 0.931708 1.32882e-08 8.3931e-06 0.00111964 5.50808e-08 0.00180843 1.54122e-05 5.87986e-08 2.58761e-08 0.000569108 5.12699e-08 7.16549e-08 7.19134e-06 4.28336e-07 3.34331e-05 5.13979e-05 0.0253832 1.5352e-06 
0.00017615 1.74716e-07 0.00198153 0.00130315 0.00153326 0.0511443 2.00763e-07 0.000717246 0.000616275 0.817512 0.0865427 9.34591e-07 0.000199399 3.90946e-07 0.00883077 7.74604e-07 3.16011e-06 0.00127118 3.22208e-05 0.00015063 0.000167273 0.0267153 0.00110104 
3.77194e-08 1.14563e-08 0.977113 0.000735497 0.00231185 0.00198565 0.000721407 0.000171021 0.00228595 5.45666e-08 0.000371124 6.12817e-08 0.000203933 0.000205102 0.00552867 5.07913e-08 7.09861e-08 0.0013081 0.000283354 0.000928504 0.00479766 0.00104931 4.69424e-08 
1.50231e-08 7.73234e-13 0.31336 4.9642e-08 0.0173046 0.00864447 0.000180205 1.1543e-08 0.0184376 2.83624e-08 0.00194131 4.13618e-12 2.6166e-05 0.000366859 0.594399 3.42813e-12 4.79117e-12 0.00298428 0.00107292 0.00162319 0.0350696 0.00458937 3.16835e-12 
0.00132046 4.15773e-05 0.0446122 0.525189 0.0349143 0.049098 0.0582809 0.00715279 0.026181 0.00168489 0.0416332 0.00192376 0.000281346 0.00788424 0.0407669 0.000138477 0.00121534 0.0175431 0.0135441 0.00716832 0.081971 0.0332777 0.00417731 
1.37546e-08 6.69336e-13 0.00260347 0.0367597 0.000446596 0.00282983 0.000808434 4.92567e-10 0.00145719 2.51145e-07 0.00102762 0.000316875 6.58722e-10 9.38332e-07 0.00100722 2.9675e-12 1.59696e-10 0.000133035 0.950127 4.7217e-05 0.00187875 0.000556227 2.74262e-12 
1.01524e-05 3.68274e-07 0.0164987 0.000886754 0.00600083 0.109203 3.12769e-05 2.65504e-06 0.0157651 1.61039e-06 0.0161741 0.00104263 1.13316e-05 3.78343e-06 0.0700289 1.49897e-06 2.51947e-06 0.00200238 6.19728e-05 0.000430849 0.00225094 0.759568 1.99771e-05 
1.37546e-08 6.69336e-13 0.00260347 0.0367597 0.000446596 0.00282983 0.000808434 4.92567e-10 0.00145719 2.51145e-07 0.00102762 0.000316875 6.58722e-10 9.38332e-07 0.00100722 2.9675e-12 1.59696e-10 0.000133035 0.950127 4.7217e-05 0.00187875 0.000556227 2.74262e-12 
0.00284577 1.64643e-06 0.0333964 0.11777 0.0274041 0.0685924 0.00411614 0.000165734 0.0237265 0.00462263 0.593658 0.00330636 0.000135912 0.0257991 0.0329809 2.29134e-05 0.000113552 0.00782126 0.0018862 0.00563955 0.00840879 0.0370793 0.000507113 
0.00297192 6.09703e-06 0.0847099 0.0961393 0.00328702 0.00589197 0.0134088 1.53334e-05 5.97979e-05 7.0459e-05 0.17257 6.19759e-06 0.000371477 9.66783e-05 0.563836 2.9258e-05 1.42854e-05 2.16508e-05 0.00267477 0.00192358 0.00494078 0.0469357 1.8956e-05 
1.10762e-06 8.4853e-11 0.0639585 0.00392811 0.0231164 0.124762 0.0812282 6.66334e-10 0.088037 4.04158e-10 0.0257491 1.69816e-06 4.08713e-07 8.9143e-06 0.0220399 1.72372e-07 5.25772e-10 0.0277541 2.35198e-05 0.000528433 0.256022 0.28284 3.47688e-10 
2.56717e-07 8.89312e-09 0.00753889 0.544745 0.00357928 0.0405953 0.151133 0.000212607 0.0195007 1.46302e-06 0.000326966 9.55797e-07 0.00824777 5.92088e-06 0.000658091 1.08818e-06 0.0207127 0.00573255 0.111667 0.000132034 0.0774896 0.00770109 1.7542e-05 
2.26428e-06 8.01244e-11 0.0143418 0.0421969 0.000134033 0.00172472 0.573831 8.46277e-08 3.83453e-07 0.000220972 0.00672628 4.286e-10 4.07395e-10 7.48834e-05 0.0227499 3.55231e-10 7.86082e-09 0.00013711 0.00670431 0.00939343 0.319068 0.00269399 3.28312e-10 
0.0014893 6.03212e-09 0.321771 0.00659394 0.00406891 0.00170281 0.00716784 5.29777e-06 0.0481236 2.22892e-06 0.00508853 5.94711e-05 7.4699e-05 0.00159301 0.579972 1.04736e-06 0.000113641 0.00195412 0.000395475 0.00379668 0.00437074 0.0116547 4.34625e-07 
1.21159e-06 1.53553e-08 0.171501 0.0274238 0.1733 0.0552286 0.000726009 3.52968e-05 0.0611515 1.4969e-06 0.038039 4.39236e-05 1.0762e-06 0.000152892 0.419473 4.44828e-08 1.30104e-06 0.000290637 0.000486199 0.0156348 0.00719165 0.0293079 8.03464e-06 
1.47477e-05 5.87969e-07 4.71551e-05 0.00741443 2.18025e-05 0.00133317 0.00229754 6.35118e-06 0.00243954 4.38284e-05 0.000899036 0.895117 8.4945e-05 9.83176e-06 0.0574609 7.97496e-07 8.67915e-05 0.000165933 0.000161826 0.00116313 0.000700496 0.0304275 0.000102951 
0.000252042 5.55796e-07 0.0035573 0.00195452 0.0199833 0.0301643 0.000287343 3.38517e-05 0.425868 0.000605522 0.017333 0.000767372 8.66006e-07 0.000499766 0.0358555 9.16945e-06 2.9362e-05 0.0075751 0.000216725 0.00444932 0.00326499 0.0115556 0.435736 
4.46843e-07 1.35717e-07 5.96768e-05 0.00111267 0.000169028 0.000449491 6.90488e-05 1.06576e-06 0.028364 0.35602 0.319951 1.93719e-05 0.000122981 3.0368e-07 7.76398e-05 5.46908e-05 1.38001e-05 2.43651e-07 1.66738e-05 4.8818e-05 0.147832 0.00186351 0.143753 
0.00406148 3.98377e-06 0.0448978 0.0342791 0.102559 0.157803 0.00465959 0.197671 0.0448416 0.000209855 0.0141702 0.000823501 3.76985e-05 0.0051031 0.19461 0.000338215 0.000369317 0.00484484 0.00357294 0.0212075 0.0384839 0.122591 0.0028621 
0.0014799 6.42696e-07 0.853489 0.00326555 0.00178802 0.0212009 7.38507e-07 5.04696e-06 0.0321068 3.06118e-06 0.0284688 3.4379e-06 0.000516377 0.00487818 0.000254371 0.000978672 3.98231e-06 0.000529573 0.000105611 0.0105182 0.00580696 0.0331792 0.00141734 
0.000682142 3.23672e-08 0.00355738 0.00497337 0.000262486 0.00182563 0.00380482 0.00053402 0.000896968 1.54166e-07 0.0011023 1.73138e-07 1.64572e-07 0.000659138 0.00141668 0.000157993 0.00102303 0.00124939 0.000550624 0.000375692 0.976026 0.000450676 0.000451058 
3.78672e-05 2.0058e-10 0.0108289 0.00275529 0.0781204 0.0223111 9.41853e-05 1.57512e-09 0.0176792 3.1442e-05 0.00781664 1.59923e-06 1.01986e-09 4.48818e-10 0.00182669 8.89271e-10 1.16876e-06 0.00437041 5.13209e-08 0.00109298 0.847213 0.00552781 0.000291194 
0.00341005 0.000383872 0.0511467 0.403991 0.0131072 0.0232669 0.114306 0.00581699 0.0102454 0.00171781 0.0549315 0.000574586 0.00204558 0.00914649 0.06353 0.00330528 0.00181263 0.00560357 0.118186 0.0175607 0.0578582 0.0336806 0.004374 
1.65228e-10 5.01838e-11 0.33175 0.00320171 0.0756744 0.0548739 1.99985e-06 3.94083e-10 0.0364807 0.000135944 0.00303457 7.60071e-09 1.88431e-07 1.84604e-05 0.283266 1.20485e-07 0.00230413 0.014648 5.08367e-06 0.0349373 0.0118367 0.147831 1.17205e-07 
0.00256361 1.12263e-08 0.0172625 0.00812762 0.0210919 0.0257261 4.46334e-05 7.12304e-05 0.0102283 0.000174645 0.00917977 0.00080517 9.57311e-05 0.714033 0.0945797 1.81809e-06 0.0155733 0.0043329 0.00183172 0.0166489 0.0100595 0.0475669 1.24531e-06 
0.000264322 1.34211e-06 0.00421664 0.012571 0.00209772 0.000672628 0.00595595 0.000159153 0.000180192 0.000771763 0.933095 0.000109324 0.000206208 0.000381089 0.0014331 5.95026e-06 0.00012241 0.00066723 0.0296605 0.000123402 0.00381033 0.00348931 5.49935e-06 
0.00131378 2.16748e-05 0.268281 0.0794143 0.236212 0.0486229 0.00774027 0.000184695 0.0250291 0.00380354 0.133223 0.000673584 6.76562e-05 0.0011343 0.0858265 0.000762357 0.00803346 0.00664701 0.00145713 0.00566129 0.050811 0.0349608 0.000118487 
8.31454e-07 2.29356e-07 0.0972873 0.153781 0.0110344 0.0694213 0.000271096 1.8857e-05 0.00380209 7.49513e-06 0.411981 9.05256e-06 1.14212e-06 0.000147683 0.166023 8.55822e-06 0.00132028 0.0013863 0.00948559 0.0222164 0.0264257 0.0236205 0.00174993 
4.02617e-07 1.22284e-07 0.00224808 0.00332805 0.0393752 0.0104565 6.66395e-06 9.60274e-07 0.0372177 0.000273337 0.886605 6.54122e-07 6.21758e-07 5.68042e-05 0.000629456 5.42147e-07 7.57706e-07 1.8698e-05 6.69223e-06 5.25794e-05 0.0171192 0.000946264 0.0016558 
0.000274463 2.86307e-05 0.0820013 0.0194027 0.010074 0.174754 0.0052241 0.000152398 0.0074685 0.00479619 0.016157 0.000587005 0.0010228 0.00116452 0.410892 2.86569e-05 0.00015096 0.00726229 0.00597324 0.00822931 0.0148119 0.229324 0.000219884 
9.24271e-05 2.09553e-06 0.817272 0.0158758 0.0188224 0.0056452 0.0109253 0.000316137 0.0409029 0.000635932 0.000848918 0.00351968 0.0192159 0.000698103 0.0384804 4.76073e-06 7.66078e-06 0.00218843 0.000756041 0.00485857 0.00325064 0.0156773 2.87757e-06 
0.00256361 1.12263e-08 0.0172625 0.00812762 0.0210919 0.0257261 4.46334e-05 7.12304e-05 0.0102283 0.000174645 0.00917977 0.00080517 9.57311e-05 0.714033 0.0945797 1.81809e-06 0.0155733 0.0043329 0.00183172 0.0166489 0.0100595 0.0475669 1.24531e-06 
1.47477e-05 5.87969e-07 4.71551e-05 0.00741443 2.18025e-05 0.00133317 0.00229754 6.35118e-06 0.00243954 4.38284e-05 0.000899036 0.895117 8.4945e-05 9.83176e-06 0.0574609 7.97496e-07 8.67915e-05 0.000165933 0.000161826 0.00116313 0.000700496 0.0304275 0.000102951 
2.59364e-07 1.54213e-11 0.0592612 0.0710082 0.0204543 0.0842465 0.00691784 7.06913e-05 0.0173002 2.96233e-07 0.0146857 0.00482411 2.76182e-07 0.000243729 0.0143113 6.83701e-11 9.55543e-11 6.62261e-06 0.185349 0.00373741 0.466931 0.0461431 0.00450845 
1.47477e-05 5.87969e-07 4.71551e-05 0.00741443 2.18025e-05 0.00133317 0.00229754 6.35118e-06 0.00243954 4.38284e-05 0.000899036 0.895117 8.4945e-05 9.83176e-06 0.0574609 7.97496e-07 8.67915e-05 0.000165933 0.000161826 0.00116313 0.000700496 0.0304275 0.000102951 
1.47477e-05 5.87969e-07 4.71551e-05 0.00741443 2.18025e-05 0.00133317 0.00229754 6.35118e-06 0.00243954 4.38284e-05 0.000899036 0.895117 8.4945e-05 9.83176e-06 0.0574609 7.97496e-07 8.67915e-05 0.000165933 0.000161826 0.00116313 0.000700496 0.0304275 0.000102951 
0.000543071 8.66764e-07 0.474356 0.0458561 0.050224 0.0537293 0.000790201 0.000112096 0.0379993 0.000218304 0.00337146 0.000318579 0.000742073 0.00535265 0.0965528 1.07959e-05 3.58447e-05 0.0152864 0.00410146 0.171068 0.0101206 0.0292026 7.57642e-06 
0.0136238 1.21933e-06 0.0332301 0.0201348 0.00123811 0.124487 0.00313389 1.53501e-05 0.106083 1.23877e-05 0.00329084 3.4333e-05 7.35165e-06 0.000295556 0.292532 2.85922e-06 7.40499e-05 0.00630061 0.02104 0.357516 0.00109205 0.0157032 0.00015161 
3.85807e-05 1.66186e-10 0.010993 0.341057 0.00125525 0.0382434 0.116612 0.00261301 0.0279069 1.37273e-05 0.00949382 0.00826228 2.6857e-07 0.000115706 0.0079995 1.24958e-05 0.00217409 0.0218906 0.186579 0.00152984 0.196675 0.0265339 3.86099e-07 
1.13115e-11 3.43556e-12 0.916781 0.00436738 0.00131794 0.0306671 2.16339e-07 5.12865e-08 0.0200865 1.63637e-11 0.000823689 1.83774e-11 6.11563e-08 6.15069e-08 0.0091205 1.52315e-11 2.12876e-11 3.9228e-07 8.49736e-08 2.78444e-07 0.0168348 3.14672e-07 1.40773e-11 
2.80875e-07 1.29392e-07 0.0332578 0.0651447 0.0144732 0.00751865 0.00468392 0.000257673 0.327347 0.00463802 0.394707 0.00370246 1.21495e-05 0.0128311 0.0116655 1.9891e-05 2.42034e-05 0.00322791 0.000383556 0.00922213 0.0387659 0.0417245 0.0263928 
3.71075e-05 2.38177e-12 0.499428 0.000645104 0.00257662 0.0340867 0.000215137 1.87036e-11 0.00314842 1.13445e-11 0.00550121 0.000139514 1.21102e-11 3.82662e-06 0.334307 1.35815e-08 1.48904e-07 0.00211608 1.43076e-08 0.104632 0.000754998 0.0124083 1.93246e-08 
8.32219e-07 7.83273e-11 0.00186359 0.0262682 0.000321493 0.00202751 0.00755725 2.36537e-08 0.00104594 3.48508e-07 0.000737848 0.000231799 3.13797e-08 9.4808e-07 0.00214321 3.47263e-10 9.83144e-09 9.69284e-05 0.955923 3.4468e-05 0.00134605 0.000400408 3.20948e-10 
0.00313158 9.92968e-07 0.0137958 0.0046851 0.00125616 0.00304219 0.0254148 0.738015 0.012015 0.00117702 0.00309534 0.00355694 0.00533084 0.0016928 0.168981 4.40232e-06 6.15269e-06 0.00434845 0.00211077 0.00136338 0.00269168 0.00428051 4.06871e-06 
0.000192615 6.61388e-08 0.0453122 0.0581607 0.0157767 0.0268424 0.00103751 5.19375e-07 0.00630624 0.000173759 0.175501 3.53789e-07 0.000257838 0.000767116 0.00191956 2.93226e-07 4.48351e-05 0.000145251 0.0234926 6.48211e-05 0.642403 0.00124826 0.000352826 
0.000411934 2.81412e-06 0.0371986 0.00550008 0.00720573 0.0231517 0.000196424 9.47091e-06 0.0902753 0.00030963 0.00337259 3.6336e-05 1.46866e-05 0.00105817 0.360715 0.000205084 1.47858e-05 0.0066079 0.0151177 0.411708 0.00197977 0.0348808 2.8097e-05 
2.53128e-05 8.86366e-06 0.0151604 0.0171017 0.00166886 0.0478813 0.000962811 0.000144895 0.000694226 2.44848e-05 0.000406707 0.000531173 0.00285542 0.000590264 0.0403637 1.33669e-05 1.70924e-05 0.00261972 0.000211806 0.000366364 7.42131e-05 0.868056 0.000220925 
0.00168057 1.19172e-06 0.102903 0.0278249 0.00385117 0.0338107 0.000710029 2.07974e-05 0.00642585 0.000679743 0.00318416 0.000369557 2.34377e-05 0.00111902 0.216441 7.35731e-06 0.000113143 0.0110356 0.00551681 0.571205 0.00663815 0.00641448 2.47714e-05 
0.0012128 0.000377992 0.0921572 0.173875 0.00515692 0.0435115 0.012638 0.137932 0.0383619 0.000646279 0.0388302 0.000565267 0.000625329 0.00327297 0.0340964 0.00100854 0.00173912 0.0070864 0.0825097 0.0680651 0.2349 0.0199852 0.00144646 
3.71075e-05 2.38177e-12 0.499428 0.000645104 0.00257662 0.0340867 0.000215137 1.87036e-11 0.00314842 1.13445e-11 0.00550121 0.000139514 1.21102e-11 3.82662e-06 0.334307 1.35815e-08 1.48904e-07 0.00211608 1.43076e-08 0.104632 0.000754998 0.0124083 1.93246e-08 
0.000502542 1.30613e-06 0.633604 0.0284264 0.00361275 0.0493064 0.00111958 5.19868e-05 0.000660473 1.69826e-05 0.00322146 0.00112291 0.000792649 0.000335836 0.199884 4.50538e-06 0.000695589 0.015165 0.000236355 0.0486921 0.000528545 0.0119367 8.16849e-05 
1.47477e-05 5.87969e-07 4.71551e-05 0.00741443 2.18025e-05 0.00133317 0.00229754 6.35118e-06 0.00243954 4.38284e-05 0.000899036 0.895117 8.4945e-05 9.83176e-06 0.0574609 7.97496e-07 8.67915e-05 0.000165933 0.000161826 0.00116313 0.000700496 0.0304275 0.000102951 
0.00168057 1.19172e-06 0.102903 0.0278249 0.00385117 0.0338107 0.000710029 2.07974e-05 0.00642585 0.000679743 0.00318416 0.000369557 2.34377e-05 0.00111902 0.216441 7.35731e-06 0.000113143 0.0110356 0.00551681 0.571205 0.00663815 0.00641448 2.47714e-05 
1.47477e-05 5.87969e-07 4.71551e-05 0.00741443 2.18025e-05 0.00133317 0.00229754 6.35118e-06 0.00243954 4.38284e-05 0.000899036 0.895117 8.4945e-05 9.83176e-06 0.0574609 7.97496e-07 8.67915e-05 0.000165933 0.000161826 0.00116313 0.000700496 0.0304275 0.000102951 
0.000132188 1.49783e-05 0.336559 0.0634699 0.0143441 0.0183707 0.00735566 0.000291753 0.0546299 0.000294708 0.0224416 0.000119063 2.94388e-05 0.00162835 0.400539 4.15814e-05 0.000193843 0.00161816 0.00116395 0.027782 0.0123022 0.0364229 0.000254756 
0.0163947 2.91555e-05 0.0466291 0.0549657 0.209482 0.0437285 0.00541768 8.51771e-05 0.0465196 0.00113837 0.0234605 0.000540311 0.00152445 0.00116388 0.0260901 0.000319483 0.000326044 0.418882 0.000585291 0.00543024 0.037366 0.0504188 0.00950308 
2.26428e-06 8.01244e-11 0.0143418 0.0421969 0.000134033 0.00172472 0.573831 8.46277e-08 3.83453e-07 0.000220972 0.00672628 4.286e-10 4.07395e-10 7.48834e-05 0.0227499 3.55231e-10 7.86082e-09 0.00013711 0.00670431 0.00939343 0.319068 0.00269399 3.28312e-10 
5.68883e-05 3.58663e-09 5.16632e-05 0.000195753 0.000929229 0.0442895 4.54201e-05 1.49432e-05 0.0420028 0.256767 0.631701 0.00018725 1.82363e-08 8.02545e-09 5.24407e-05 1.59013e-08 2.22237e-08 0.0135037 1.41986e-06 0.00586085 0.00427223 6.82364e-05 1.46963e-08 
3.65876e-05 1.63344e-10 0.00701813 1.7415e-05 0.00328279 0.0160574 5.78963e-05 1.28271e-09 0.902255 7.78014e-10 0.000230639 8.73759e-10 2.38729e-07 3.65499e-10 0.00948737 7.24185e-10 1.01212e-09 0.0567934 0.00120218 0.00223033 0.000380618 0.000116024 0.000834125 
0.00620685 2.45468e-06 0.0366202 0.123198 0.0104022 0.0672234 0.00470017 4.99411e-05 0.00165737 0.006593 0.549287 0.00238878 0.00197109 0.00377396 0.0493458 2.29577e-05 3.33473e-05 0.0379153 0.0037452 0.0330389 0.0446824 0.012397 0.00474437 
9.01258e-05 9.08466e-08 0.0102354 0.250002 0.00164591 0.0426135 0.000331003 7.22952e-06 0.000704613 5.29476e-06 0.0854596 0.57396 0.00405714 2.80061e-06 0.00537882 2.84096e-07 3.97053e-07 6.02641e-06 0.00623984 1.58144e-06 0.0192317 2.12291e-05 5.19813e-06 
7.78767e-05 6.54457e-11 0.0236689 0.0820645 0.00582399 0.00299392 0.00122645 7.74525e-07 0.00346045 1.06742e-07 0.00509599 0.000319898 0.00025453 1.46441e-10 0.000176414 2.90153e-10 4.05519e-10 2.98758e-07 5.14583e-06 0.00071835 0.874109 2.0261e-06 9.36211e-07 
5.37217e-08 1.63166e-08 0.00114904 0.0176342 0.720289 0.183352 7.02628e-05 6.19138e-06 0.00621118 5.24854e-06 0.0261684 8.72804e-08 8.29621e-08 0.00668224 0.000537904 7.23394e-08 1.01102e-07 0.0233368 2.06303e-05 0.000237438 0.0108532 0.00339758 4.79059e-05 
9.41904e-05 5.95282e-13 0.228108 0.00754214 0.000606639 0.0491799 0.000223428 2.19413e-06 0.000549428 6.54382e-09 3.79902e-05 0.000173068 3.24634e-05 1.14353e-06 0.685966 1.95963e-09 0.000112502 0.00463512 1.74264e-05 0.0160007 0.00151201 0.00520485 2.91216e-09 
6.67301e-05 6.60122e-13 0.24833 0.000165955 1.56939e-08 0.0117451 0.000645175 5.18381e-12 0.00227205 3.14419e-12 0.000818244 1.80123e-08 3.35641e-12 1.13638e-05 0.670757 5.85622e-09 6.42217e-08 0.000770408 6.17083e-09 0.0601959 0.000118234 0.00410396 1.19041e-08 
0.00141228 1.78822e-06 0.00632198 0.0788877 0.0119693 0.000980172 0.0160175 1.65792e-05 0.0141021 0.00366683 0.132324 0.00465429 0.000150765 0.209436 0.00625317 4.79537e-05 0.000939607 0.00699044 0.00078784 0.0188991 0.464432 0.0216809 2.71366e-05 
2.73966e-07 2.99823e-11 0.0616069 0.0165424 0.00105661 0.562486 0.000506541 0.00127465 0.00237771 5.16163e-08 8.98144e-08 1.60381e-10 0.000117448 0.00101884 0.326017 2.26239e-07 0.000915921 0.0149776 3.05002e-05 0.000494318 0.00767328 0.0027069 0.000196313 
0.00507683 4.55658e-05 0.0570516 0.016739 0.068213 0.173242 0.000222701 6.96666e-05 0.0223735 0.000668842 0.0588242 0.00047595 0.00144031 0.00127344 0.0419298 0.000228329 0.171576 0.00906004 0.000462565 0.00078036 0.00347571 0.36377 0.0029997 
0.00490518 1.51432e-05 0.119717 0.19792 0.0241785 0.245251 0.00138223 7.06161e-05 0.0154374 3.38676e-05 0.0629907 0.000233914 0.000298976 0.00597618 0.191527 0.00124784 0.000777986 0.0190939 0.00885779 0.0100275 0.0550051 0.0346533 0.000398139 
0.000831886 7.04505e-08 0.0830041 0.0924455 0.0130962 0.0233735 0.0303042 3.78374e-05 0.00251075 0.00034714 0.0666258 0.0182164 0.000249768 0.000220676 0.102334 6.44707e-06 4.3653e-07 0.0968623 0.00326376 0.00369094 0.442502 0.0198664 0.000209843 
0.890417 4.92791e-06 0.00766662 0.0220607 0.0175442 0.00982605 0.000330779 8.10806e-06 0.00537737 0.00017659 0.00597689 8.59003e-06 6.79298e-06 0.000104977 0.00317621 0.00661237 6.86749e-06 0.0162695 0.00121707 0.0015766 0.00772063 0.000643 0.00326872 
0.000782767 2.60708e-05 0.0384522 0.00975328 0.00374815 0.0210127 0.000522408 0.000632772 0.0304285 0.0253451 0.616189 0.0261515 0.000362267 0.000705336 0.0244262 6.07429e-05 0.0036962 0.048938 0.00137443 0.024475 0.0355499 0.0870688 0.000298726 
0.0404992 5.63348e-10 0.0113096 0.0171052 0.758869 1.40262e-06 0.000225761 1.63655e-06 1.38517e-07 0.00276707 0.0587235 0.072533 8.07447e-08 4.8109e-07 0.000319849 1.0814e-05 3.49065e-09 0.00508431 8.45152e-07 0.0036994 1.29745e-06 0.0288475 2.30833e-09 
4.82636e-08 1.46588e-08 0.0744811 0.129449 0.00291569 0.0109339 0.00501459 0.000493392 0.0124403 0.0388689 0.0233211 8.3125e-06 6.09619e-05 3.26055e-05 0.174812 6.49897e-08 1.66033e-05 0.000614451 0.0528622 0.000549577 0.470234 0.00288992 6.00649e-08 
1.13115e-11 3.43556e-12 0.916781 0.00436738 0.00131794 0.0306671 2.16339e-07 5.12865e-08 0.0200865 1.63637e-11 0.000823689 1.83774e-11 6.11563e-08 6.15069e-08 0.0091205 1.52315e-11 2.12876e-11 3.9228e-07 8.49736e-08 2.78444e-07 0.0168348 3.14672e-07 1.40773e-11 
5.63849e-05 3.98027e-07 0.00242115 0.00166639 0.0033025 0.0287233 2.80492e-06 4.50476e-07 0.00602093 7.04647e-05 0.00432117 0.221039 4.63634e-05 5.45643e-05 0.0125007 4.85932e-07 6.31788e-06 0.000198133 1.44426e-05 0.000907447 0.668722 0.049923 1.46472e-06 
0.000289258 3.79994e-11 0.365113 0.0837844 0.00827487 0.000273349 0.0149252 0.000578576 0.0275126 2.90755e-07 0.0219351 2.50505e-07 3.2603e-08 0.047347 0.0921689 1.541e-07 2.35454e-10 0.217875 3.87056e-06 0.0826578 0.0357299 0.00153087 1.27483e-07 
0.00368331 2.885e-06 0.237327 0.0285199 0.00476854 0.230031 0.00400257 0.000253057 0.023731 5.64253e-05 0.00608664 0.0002685 8.8143e-05 0.000198156 0.27911 3.449e-06 2.6616e-05 0.0292465 0.0241331 0.0198488 0.0694814 0.0391202 1.23802e-05 
6.62724e-08 4.47383e-12 0.110434 0.00849716 0.00793698 0.494439 0.00105217 8.30183e-08 0.0279352 5.47935e-08 0.00174539 2.39314e-11 0.000166468 1.59197e-08 0.232276 1.98347e-11 0.000114682 0.00196039 1.07393e-08 0.00135612 0.00807042 0.0983103 0.00570586 
0.000994086 1.26701e-07 0.213334 0.188315 0.014122 0.0722923 0.0454829 0.000340812 0.0218843 0.000618709 0.0276518 0.0145771 0.00818284 0.00113176 0.0259526 5.14572e-05 0.000819739 0.00240712 0.00221159 0.00141453 0.257517 0.0922725 0.00842558 
9.68344e-05 2.13107e-09 0.000593216 6.2104e-05 0.000146098 3.24034e-05 5.8038e-05 3.8507e-05 0.263118 1.01504e-08 0.247071 1.13995e-08 1.08355e-08 3.29073e-05 0.456297 3.11881e-05 6.07546e-05 0.0281001 2.20246e-05 0.00398294 0.000119546 0.000136984 8.73211e-09 
0.000644402 0.00016926 0.052095 0.251088 0.00698063 0.0102648 0.469061 0.000913763 0.00791992 0.000654582 0.0132786 0.00165015 0.00572812 0.00442564 0.0293087 0.0115698 0.00112835 0.0068849 0.0538256 0.0205316 0.0439125 0.00773442 0.000230073 
2.4028e-05 1.33722e-10 0.00707963 0.0211759 0.0526341 0.00150993 0.00427961 1.05009e-09 0.834383 6.36922e-10 7.09544e-06 7.15304e-10 6.79913e-10 2.99216e-10 0.000622701 1.59892e-07 8.28577e-10 0.00207884 0.00146564 0.000546786 0.0739665 0.000127084 9.95029e-05 
0.00224186 9.52884e-08 0.00275538 0.0019527 0.0220012 0.00579535 0.00211385 0.00128247 0.0015463 0.00126113 0.260244 0.000881464 0.00172008 0.00250409 0.0123565 4.2246e-07 0.489569 0.00573394 0.0109199 0.00105299 0.170735 0.00333142 3.90447e-07 
3.3351e-09 1.01295e-09 0.0101301 5.60236e-06 7.19116e-06 5.48253e-06 0.00111704 7.95449e-09 0.00800415 0.0769892 0.683345 8.27678e-05 2.42775e-05 4.31604e-06 0.0473732 1.38971e-05 6.80279e-06 4.61658e-06 1.93359e-06 3.60615e-07 2.26323e-05 0.172862 4.15059e-09 
0.0507791 1.43448e-09 0.0383613 0.0054928 0.00468023 0.759984 0.000311075 0.000196942 0.00184537 6.83248e-09 0.00286386 2.90262e-06 9.02798e-06 6.88493e-06 0.0310182 7.98606e-07 8.88842e-09 0.0395599 0.000202713 0.0598718 0.0018077 0.00300483 5.87782e-09 
0.000124971 1.88244e-06 0.0641345 0.034602 0.00530378 0.00797298 0.035824 0.167335 0.246053 0.0185266 0.0177919 0.000624887 1.00643e-05 0.225865 0.0616577 2.15546e-05 6.69476e-05 0.0042409 0.0159916 0.00363996 0.0629945 0.0242867 0.00292951 
5.33794e-07 1.04003e-11 0.00811979 0.284291 0.0256122 0.0871395 0.0135356 3.913e-05 0.00486414 6.09652e-07 0.182584 3.77917e-06 4.84901e-05 8.15769e-05 0.349392 4.61098e-11 6.32959e-08 1.36317e-05 0.00108931 0.00173703 0.0169423 0.0245056 4.37064e-07 
6.60441e-08 9.99071e-09 0.114177 0.0750124 0.0107131 0.00748404 0.0728236 2.61101e-07 0.191262 3.85219e-07 0.00162655 1.74497e-05 0.140197 2.54801e-05 0.0127205 0.00176931 1.34493e-08 0.0477904 0.0430338 0.0130135 0.216552 0.0517776 4.3503e-06 
1.13115e-11 3.43556e-12 0.916781 0.00436738 0.00131794 0.0306671 2.16339e-07 5.12865e-08 0.0200865 1.63637e-11 0.000823689 1.83774e-11 6.11563e-08 6.15069e-08 0.0091205 1.52315e-11 2.12876e-11 3.9228e-07 8.49736e-08 2.78444e-07 0.0168348 3.14672e-07 1.40773e-11 
7.29809e-08 2.2166e-08 0.00911401 0.00108013 0.810726 0.0762073 2.00449e-06 2.73886e-05 0.0282372 1.05578e-07 0.0053381 1.1857e-07 4.34019e-06 4.95987e-08 0.00105775 9.82729e-08 0.000134542 0.0404216 1.04727e-06 0.00125779 0.011656 0.014584 0.000150447 
0.000182898 1.58536e-09 0.039578 0.109883 0.12543 0.0588433 0.0119689 8.22057e-05 9.26434e-07 7.55115e-09 0.0324528 8.48042e-09 8.06084e-09 0.0156217 0.00533767 7.13477e-07 0.524873 0.00369259 0.00023518 0.0137074 0.00710624 0.0509886 1.50983e-05 
0.684461 6.8349e-09 0.0108228 0.0205391 0.101975 0.0805275 0.000861357 5.36731e-08 0.0316035 1.96927e-05 0.0359164 1.69412e-05 0.000681286 1.52938e-08 0.0155444 3.03025e-08 4.23509e-08 0.00160847 2.02597e-06 0.00741204 0.00261852 3.95181e-05 0.00535095 
0.000581582 7.02085e-06 0.13482 0.0387762 0.0141548 0.066301 0.0125268 0.0001792 0.0738161 0.000173089 0.0276251 0.00101844 1.61618e-05 0.0004907 0.377977 0.000463071 0.000460045 0.037724 0.00815142 0.0049291 0.168396 0.0298347 0.00157865 
9.14675e-05 3.75825e-06 0.0874479 0.0152398 0.0196302 0.193116 0.00796389 1.21298e-05 0.0478503 0.00811611 0.040726 0.0104175 2.92129e-05 0.00412843 0.228992 3.76814e-05 0.00390292 0.00763606 0.0126268 0.00261037 0.152441 0.156512 0.000468489 
0.00168057 1.19172e-06 0.102903 0.0278249 0.00385117 0.0338107 0.000710029 2.07974e-05 0.00642585 0.000679743 0.00318416 0.000369557 2.34377e-05 0.00111902 0.216441 7.35731e-06 0.000113143 0.0110356 0.00551681 0.571205 0.00663815 0.00641448 2.47714e-05 
2.01234e-05 5.46191e-11 0.106778 0.00213875 2.84361e-06 0.238683 0.0375181 9.01149e-07 0.41895 2.60153e-10 2.68086e-06 2.92168e-10 2.77713e-10 1.22216e-10 0.129269 2.42153e-10 3.38434e-10 6.16789e-06 0.00118639 1.17119e-06 0.058843 0.00659703 2.23826e-06 
5.35544e-10 1.62657e-10 0.0107533 0.0476374 6.87918e-07 8.59967e-06 0.0107875 2.38164e-05 0.317192 1.42244e-07 0.342754 0.0160841 3.84664e-06 1.39927e-05 0.201898 3.09628e-07 0.000257829 0.00235283 6.08854e-05 1.3684e-06 0.00247728 0.0113952 0.0362966 
0.000882853 7.76092e-06 0.116981 0.0320448 0.00750263 0.0227168 0.00952576 0.0217817 0.0504614 4.66696e-05 0.00234971 0.000841224 2.15941e-05 0.000316095 0.598434 1.84146e-05 0.000308254 0.0418552 0.0162136 0.0111906 0.0343235 0.032163 1.34332e-05 
5.08015e-10 1.54296e-10 0.0117476 0.793301 0.00117128 0.00912609 0.0137875 0.000108037 0.00219102 3.85585e-06 0.00895196 2.73832e-06 7.59391e-09 0.000466622 0.00132557 6.84071e-10 0.00036479 0.000571795 0.000440409 0.000134582 0.155886 0.0004194 2.73841e-08 
1.11353e-07 3.38205e-08 1.56237e-07 0.0445174 0.00205089 0.00110293 0.000161928 2.65586e-07 0.000661885 0.782446 0.121765 0.0189025 1.71962e-07 0.00023382 0.00191633 1.49943e-07 0.000119098 0.00112895 7.51656e-05 1.24431e-05 0.0248989 5.27682e-06 1.38581e-07 
1.13115e-11 3.43556e-12 0.916781 0.00436738 0.00131794 0.0306671 2.16339e-07 5.12865e-08 0.0200865 1.63637e-11 0.000823689 1.83774e-11 6.11563e-08 6.15069e-08 0.0091205 1.52315e-11 2.12876e-11 3.9228e-07 8.49736e-08 2.78444e-07 0.0168348 3.14672e-07 1.40773e-11 
1.07668e-08 3.27013e-09 0.0873178 0.0306795 1.50823e-05 0.2159 0.153707 2.56797e-08 0.0141107 1.23927e-05 0.210433 1.74925e-08 1.66271e-08 0.00946119 4.02028e-05 1.44981e-08 0.0272308 5.87082e-09 0.250882 1.9787e-05 1.46584e-05 0.000176436 1.33994e-08 
2.97207e-06 5.38705e-10 0.372906 0.0269769 0.0182166 0.0857673 0.000494176 8.7878e-06 0.00870092 2.56587e-09 0.00343001 1.65038e-07 0.0312929 0.000825295 0.330709 2.38835e-09 3.33796e-09 6.90495e-07 0.000506729 0.000267977 0.118722 0.00117118 5.12273e-07 
1.37546e-08 6.69336e-13 0.00260347 0.0367597 0.000446596 0.00282983 0.000808434 4.92567e-10 0.00145719 2.51145e-07 0.00102762 0.000316875 6.58722e-10 9.38332e-07 0.00100722 2.9675e-12 1.59696e-10 0.000133035 0.950127 4.7217e-05 0.00187875 0.000556227 2.74262e-12 
1.67513e-08 1.67894e-12 0.117652 7.43825e-05 0.00422223 0.0163848 3.56323e-06 1.31844e-11 0.0730704 2.11692e-06 0.000440649 8.98099e-12 3.16541e-05 2.701e-05 0.758718 2.64899e-07 1.04032e-11 0.0119632 3.22887e-05 0.000882309 0.00894177 0.00755374 6.20914e-09 
0.000749653 1.15609e-08 0.0098154 0.0282647 0.000173891 0.0012277 0.708786 2.14722e-06 1.87438e-05 0.00017686 0.00487252 6.18413e-08 5.87816e-08 6.29627e-05 0.0152741 5.12551e-08 2.51927e-07 0.000160018 0.00452956 0.00640742 0.217619 0.00185849 4.7371e-08 
5.71524e-05 5.04705e-09 0.210949 0.0141323 0.0108219 0.0157496 5.79945e-09 2.62981e-05 0.00134239 0.00309861 0.18774 5.45126e-05 2.56619e-08 0.0191411 0.139308 2.23761e-08 0.00534089 0.000178809 1.04864e-05 1.48051e-05 1.26865e-05 0.392012 8.24153e-06 
