0.000237358 4.60413e-08 0.0903928 0.0229186 0.00199984 0.437991 0.00304718 0.000800817 0.0474085 2.20836e-05 0.00946045 6.07997e-05 3.00468e-05 0.000167252 0.225866 0.000127078 0.00138132 0.0170464 0.00112826 0.0877254 0.0146615 0.0371958 0.000331479 
0.000408224 4.02914e-06 0.0681422 0.0259322 0.00847996 0.0993938 0.000620957 5.25057e-06 0.0050546 0.000198345 0.00292709 0.00234416 5.42404e-05 0.00101878 0.736202 5.2971e-06 4.80778e-05 0.0180773 0.000875807 0.0043544 0.00675637 0.0190158 8.09137e-05 
0.000590326 1.03041e-05 0.280188 0.135118 0.00542852 0.0618361 0.0121527 0.000389272 0.0374676 0.000925894 0.0122811 0.000448571 0.000418706 0.000753603 0.2902 2.59656e-05 0.000396122 0.0173906 0.00643504 0.0654973 0.0326584 0.0375321 0.001856 
0.00219351 6.5771e-09 0.00149442 0.00916364 0.0173646 0.121485 5.62909e-05 0.000207079 0.00349603 3.1327e-08 0.0667867 2.67817e-05 0.00129825 0.000347564 0.0116214 2.91595e-08 3.91865e-05 0.00771588 1.13704e-05 0.00433073 0.0133099 0.738579 0.000473364 
0.00121358 1.42072e-06 0.267471 0.00921079 0.0257025 0.0526074 0.00364442 2.27186e-05 0.0921478 8.32988e-05 0.0609125 0.0203572 5.35338e-05 0.012018 0.359726 5.37573e-06 6.2795e-06 0.0029636 0.00118405 0.0262205 0.0211588 0.0432702 1.89482e-05 
2.89577e-05 2.78732e-06 0.0278413 0.00976701 0.0505152 0.0198079 0.000316707 3.39934e-05 0.0927004 7.99567e-05 0.00128566 0.346813 3.88158e-05 0.000340732 0.0325011 9.08522e-06 5.95133e-06 0.36849 0.00230463 0.00606116 0.0177969 0.0229753 0.000283178 
7.07939e-12 2.15018e-12 0.179942 1.38042e-07 0.0233443 0.182427 1.35398e-07 3.20982e-08 0.018492 1.02414e-11 6.96548e-08 1.15017e-11 3.82753e-08 3.84948e-08 0.558361 9.53281e-12 1.33231e-11 2.45512e-07 4.79167e-05 0.00259675 0.0135978 0.021191 8.81042e-12 
5.97109e-08 1.51004e-11 0.0254063 0.103057 0.00320627 3.82673e-07 0.032541 0.00396684 0.148277 7.19239e-11 7.52677e-08 8.07751e-11 7.67786e-11 0.000246164 0.105612 4.02355e-08 1.34745e-06 0.0301714 3.33159e-07 5.59641e-06 0.547508 1.63908e-07 2.41373e-07 
0.00201059 4.66656e-06 0.498418 0.0253324 0.00895854 0.0102987 0.00547249 1.7541e-05 0.0101003 6.50796e-05 0.00733169 3.95005e-05 0.000373585 6.54193e-05 0.0305355 6.12194e-05 2.04037e-05 0.0874722 0.00912824 0.00190544 0.28712 0.0117808 0.00348814 
0.000527648 1.08948e-05 0.208675 0.0258119 0.00391983 0.0353659 0.00859855 4.16357e-05 0.102348 0.000321287 0.0038235 0.0022953 1.50411e-05 0.000389842 0.236794 0.000245757 0.000153235 0.00924582 0.0182819 0.305079 0.00304402 0.0350017 1.20319e-05 
1.47477e-05 5.87969e-07 4.71551e-05 0.00741443 2.18025e-05 0.00133317 0.00229754 6.35118e-06 0.00243954 4.38284e-05 0.000899036 0.895117 8.4945e-05 9.83176e-06 0.0574609 7.97496e-07 8.67915e-05 0.000165933 0.000161826 0.00116313 0.000700496 0.0304275 0.000102951 
0.0101332 2.36374e-06 0.000638871 0.0709831 0.00120348 0.0647146 0.00268274 0.00734844 0.00880321 0.000667723 0.579445 0.00210329 0.000829626 0.000100932 0.0177674 5.52819e-06 0.000426471 0.020394 0.00307089 0.00670419 0.185062 0.015855 0.00105808 
1.47477e-05 5.87969e-07 4.71551e-05 0.00741443 2.18025e-05 0.00133317 0.00229754 6.35118e-06 0.00243954 4.38284e-05 0.000899036 0.895117 8.4945e-05 9.83176e-06 0.0574609 7.97496e-07 8.67915e-05 0.000165933 0.000161826 0.00116313 0.000700496 0.0304275 0.000102951 
2.01259e-05 9.83416e-09 0.0359913 0.89102 0.00107402 0.0298192 5.78981e-07 2.11224e-07 1.59506e-07 3.8674e-08 0.00192906 6.58355e-07 5.97633e-06 0.000395034 0.00180286 1.17462e-08 4.71058e-06 0.0181058 4.38298e-07 0.000355091 0.00597842 0.0134967 7.07679e-08 
4.69724e-05 3.63725e-06 0.0461623 0.0763639 0.00984223 0.0291461 0.0167732 0.160546 0.172268 0.0218952 0.0139534 0.000458442 3.35219e-05 0.138184 0.153562 8.59928e-05 7.90543e-05 0.00497927 0.00708051 0.00578861 0.0684132 0.059622 0.0147118 
6.67301e-05 6.60122e-13 0.24833 0.000165955 1.56939e-08 0.0117451 0.000645175 5.18381e-12 0.00227205 3.14419e-12 0.000818244 1.80123e-08 3.35641e-12 1.13638e-05 0.670757 5.85622e-09 6.42217e-08 0.000770408 6.17083e-09 0.0601959 0.000118234 0.00410396 1.19041e-08 
5.02526e-05 2.59337e-07 0.0352855 0.0363061 0.0249449 0.0250691 0.00264304 7.06544e-06 0.779786 6.88509e-06 0.0075407 0.000866234 6.04184e-07 0.000212739 0.0166516 6.77675e-06 9.40696e-07 0.000465883 0.0141176 0.000356382 0.0419912 0.0136805 1.01212e-05 
2.40107e-07 7.29263e-08 9.06648e-07 0.0871157 0.0292901 0.0187086 0.0445077 5.72675e-07 2.34209e-05 0.000109654 0.0429108 0.723864 0.000297092 1.6318e-07 1.91521e-05 2.79072e-06 4.51871e-07 3.7826e-05 0.0368467 9.80641e-05 0.0159421 0.000223669 2.98817e-07 
0.00128437 7.07296e-09 0.0211937 0.0699951 0.00429474 0.00792604 0.0134374 4.4451e-06 0.0143783 4.80435e-07 0.779376 3.78346e-08 3.59627e-08 4.50158e-05 0.0171108 9.0929e-05 4.29145e-06 0.00544779 0.000518713 0.00439241 0.0573998 0.00308819 1.18247e-05 
0.00168057 1.19172e-06 0.102903 0.0278249 0.00385117 0.0338107 0.000710029 2.07974e-05 0.00642585 0.000679743 0.00318416 0.000369557 2.34377e-05 0.00111902 0.216441 7.35731e-06 0.000113143 0.0110356 0.00551681 0.571205 0.00663815 0.00641448 2.47714e-05 
0.000195645 4.72561e-08 0.168775 0.0482397 0.00810253 0.0580987 0.000264998 0.000133912 0.13616 2.25082e-07 0.261545 0.000240187 2.40275e-07 0.000145873 0.190635 5.47274e-06 1.05465e-05 0.00844527 0.000128003 0.042464 0.011836 0.0645736 1.93633e-07 
9.39696e-05 2.81521e-07 0.23095 0.321231 0.155478 0.0164971 0.0134556 0.000113609 0.00149133 1.10663e-06 0.00146921 1.88824e-05 0.000171434 0.00276293 0.224595 5.41343e-06 4.17455e-05 0.00244194 0.00292264 0.00113739 0.0155832 0.00953165 6.2846e-06 
6.67301e-05 6.60122e-13 0.24833 0.000165955 1.56939e-08 0.0117451 0.000645175 5.18381e-12 0.00227205 3.14419e-12 0.000818244 1.80123e-08 3.35641e-12 1.13638e-05 0.670757 5.85622e-09 6.42217e-08 0.000770408 6.17083e-09 0.0601959 0.000118234 0.00410396 1.19041e-08 
0.000370399 7.76169e-09 0.00130157 0.185752 0.0380707 0.0973162 0.0826279 2.38814e-05 0.00258374 0.0273867 0.377074 0.00172521 0.00318027 6.82921e-05 0.00100029 2.05819e-06 4.80935e-08 5.39406e-05 0.035042 0.00214842 0.127901 0.0158193 0.000552674 
0.00367306 3.83434e-06 0.0179959 0.089181 0.0131553 0.0827668 0.0696016 9.48796e-05 0.00290553 5.28691e-05 0.401409 0.0145661 0.000292579 0.0192389 0.0517294 5.5533e-06 1.72904e-05 0.00767458 0.0721008 0.00362651 0.107008 0.0424735 0.00042772 
1.72483e-05 3.58401e-06 0.00442417 0.00057635 0.00972442 0.00755974 0.000142297 2.61454e-05 0.935448 6.56218e-06 0.00232159 2.70016e-05 3.08585e-05 0.00274226 0.0233139 1.26919e-05 8.53678e-06 0.00130688 4.96292e-06 0.000703269 0.000489727 0.0111039 5.64529e-06 
6.8289e-05 9.47655e-12 0.507916 0.00512494 0.00168851 0.246517 0.000276881 3.08256e-08 0.0103268 1.71769e-05 5.27011e-05 8.51287e-08 2.40984e-07 1.18775e-05 0.0661687 7.24453e-05 9.97291e-08 0.0215967 0.00699396 0.0653551 0.00090171 0.066911 3.88304e-11 
0.000241052 8.85468e-10 0.10038 0.0142162 0.0401056 8.77806e-06 5.1269e-06 6.95341e-09 0.123153 4.21752e-09 0.011612 4.73654e-09 4.40333e-06 4.59956e-06 0.0266376 0.000120123 5.4866e-09 0.377704 5.33732e-06 2.71774e-05 1.0016e-05 0.260649 0.045116 
0.00733928 6.57637e-07 0.096517 0.0447528 0.0991872 0.139611 0.00958099 2.34617e-06 0.186272 1.05689e-06 0.0121475 0.00306383 0.00622177 0.000498874 0.0320577 1.17475e-05 5.71086e-06 0.0785213 0.0264127 0.0486371 0.0124997 0.196624 3.35807e-05 
1.50231e-08 7.73234e-13 0.31336 4.9642e-08 0.0173046 0.00864447 0.000180205 1.1543e-08 0.0184376 2.83624e-08 0.00194131 4.13618e-12 2.6166e-05 0.000366859 0.594399 3.42813e-12 4.79117e-12 0.00298428 0.00107292 0.00162319 0.0350696 0.00458937 3.16835e-12 
0.000691009 1.0971e-09 0.0209051 0.518796 0.0427251 0.0826567 0.00325602 3.54493e-05 0.0300408 0.00851699 0.0124122 0.000239524 0.00154203 1.09464e-06 0.0178751 4.86397e-09 5.00819e-05 0.199673 0.00372484 0.00255853 0.0489317 0.00535666 1.17126e-05 
2.26428e-06 8.01244e-11 0.0143418 0.0421969 0.000134033 0.00172472 0.573831 8.46277e-08 3.83453e-07 0.000220972 0.00672628 4.286e-10 4.07395e-10 7.48834e-05 0.0227499 3.55231e-10 7.86082e-09 0.00013711 0.00670431 0.00939343 0.319068 0.00269399 3.28312e-10 
0.00235083 0.000236994 0.0511667 0.266272 0.013804 0.0232297 0.0632295 0.000507043 0.0459909 0.00414927 0.0644104 0.00273781 0.000413601 0.00718306 0.0848398 0.000332684 0.00125851 0.0110304 0.0844262 0.0205599 0.210788 0.0400835 0.000998764 
0.000440565 7.82119e-07 0.055848 0.216056 0.000289188 0.0123795 0.00502452 0.00138705 0.00477623 3.92846e-05 0.00706386 2.67418e-06 2.96045e-05 0.000276331 0.116432 4.93071e-06 1.66901e-05 0.451525 0.0595073 0.00825866 0.0577716 0.00280195 6.77044e-05 
0.000467942 1.22975e-08 0.159512 0.130886 0.25189 0.111357 0.00133508 0.00496136 0.0191693 8.71605e-05 0.0248093 0.000189386 0.000123371 0.00188895 0.118327 3.71618e-05 4.8694e-06 0.0319562 0.000376188 0.0587719 0.0353038 0.048304 0.000241085 
1.84471e-07 5.60283e-08 0.00519533 0.121274 0.0162464 0.11334 0.224717 0.00252211 0.0121673 0.143759 0.0311699 0.000411886 5.27657e-05 0.000436365 0.176543 2.19392e-05 0.00142961 0.000274627 0.014484 0.00408714 0.0489001 0.0829666 2.29578e-07 
7.8083e-07 8.78032e-11 0.0320232 4.95751e-07 7.5324e-06 0.309798 4.08625e-06 6.89501e-10 0.0306032 4.1821e-10 0.000690285 0.0132499 4.50902e-08 1.96468e-10 0.114152 3.89275e-10 5.44052e-10 1.92327e-06 0.00129953 1.3646e-06 0.128926 0.369241 3.59776e-10 
0.000347656 9.593e-06 0.0381047 0.0600046 0.0262712 0.00872947 0.00420069 0.000706124 0.0251052 0.00188717 0.572744 0.0135394 7.23733e-05 0.00296967 0.044063 0.000285858 0.000550146 0.0466645 0.0154735 0.00171558 0.0220073 0.113858 0.000690272 
0.00184926 1.10677e-05 0.0695202 0.0401139 0.000488535 0.637693 0.0178068 8.66711e-05 0.000804299 9.99105e-05 0.00845445 0.000379292 4.27265e-05 0.000455248 0.184356 3.90444e-05 4.60095e-05 0.000358375 0.00140236 0.0095524 0.00518709 0.0211377 0.000115426 
0.000365881 1.36075e-06 0.0744734 0.406664 0.0135928 0.0817604 0.0197825 0.000271165 0.00538687 2.2773e-05 0.0255481 0.0320241 0.00161079 0.00112744 0.133922 6.07423e-06 6.48044e-06 0.00869991 0.0141744 0.00578054 0.0574656 0.117283 3.08223e-05 
2.00821e-11 6.09941e-12 0.117404 0.0342921 0.00114842 0.365849 0.00339468 0.000485665 0.00125617 2.90517e-11 0.00108902 3.26269e-11 2.33468e-05 0.000232884 0.456298 2.70417e-11 5.85219e-08 4.08229e-07 0.000590571 0.000446711 0.00310128 0.014389 2.49925e-11 
0.00192207 1.31395e-09 0.00381145 0.00498068 0.401587 0.0734683 0.0045503 1.03182e-08 0.49537 6.25841e-09 0.00481041 7.02859e-09 4.92382e-07 1.5143e-06 0.00374826 5.82541e-09 4.74333e-06 0.000290433 0.00305689 8.71449e-05 0.000876832 0.00108932 0.000343872 
4.92589e-06 1.46663e-10 3.63823e-06 6.09918e-07 1.28398e-06 2.43612e-06 1.68527e-10 1.15171e-09 3.76624e-06 0.990791 0.00567698 7.84528e-10 7.45712e-10 1.18175e-06 0.00187319 9.10971e-07 1.27318e-06 0.00163437 9.37505e-08 1.52924e-06 1.82408e-06 9.52588e-07 6.00955e-10 
0.00200903 1.78094e-05 0.0203708 0.0595813 0.0793147 0.0197338 0.000220973 2.00122e-05 0.387056 1.95813e-05 0.041314 0.000167291 0.000205777 0.00884709 0.0170056 0.000154745 0.000952701 0.00525352 0.000646248 0.0146289 0.0186282 0.0736685 0.250183 
2.11339e-06 3.6535e-07 0.0660242 0.0235131 0.513377 0.0382118 0.00127284 0.0499406 0.11846 0.000292766 0.00497187 0.000217375 0.000217694 0.00113669 0.0252395 0.00040362 0.000179179 0.00614637 0.00132818 0.0316033 0.00412542 0.113311 2.53833e-05 
0.0271954 1.76003e-07 0.0545967 0.00169501 0.0100884 0.0866137 0.000314241 1.48261e-05 0.0621108 6.11872e-06 0.526601 5.19563e-06 1.78821e-05 6.44332e-07 0.0271256 2.94291e-06 2.80254e-05 0.0698375 0.000154844 8.81646e-05 0.0212737 0.112145 8.38529e-05 
8.29415e-07 1.98116e-10 1.15416e-06 0.140811 0.0353922 0.0182205 0.00195613 2.09625e-07 0.0116163 0.000621777 0.534621 5.86884e-06 8.53931e-06 4.86604e-07 0.0635498 8.78348e-10 1.22272e-06 0.124249 4.83153e-07 0.000339023 0.0561456 0.0110009 0.00145765 
0.0012016 3.2489e-05 0.0488438 0.025209 0.0972102 0.145016 0.00441278 0.0947144 0.0277333 0.000382939 0.0122574 0.00136255 0.000494165 0.00409962 0.327972 0.000174915 3.38969e-05 0.00673477 0.00258694 0.00358712 0.0605774 0.134072 0.0012907 
5.89636e-05 2.83431e-07 0.0191883 0.582762 0.0285197 0.0467462 0.0651977 0.000894311 0.000549488 0.000523814 0.136962 0.000578406 2.36932e-05 4.08157e-05 0.0335991 2.61263e-05 3.59204e-07 0.0499588 0.00396004 0.000143712 0.0271361 0.00293936 0.000190563 
0.000132249 7.61957e-11 0.152331 0.144408 0.0352944 0.0353267 0.0233728 2.49521e-06 0.0208249 0.000735036 0.108836 4.07586e-10 9.45737e-06 0.00543639 0.210768 5.42711e-08 1.05324e-05 0.114787 0.000926804 0.0105151 0.100924 0.0353582 1.02839e-06 
0.00042033 6.05163e-06 0.0642922 0.0214322 0.00450584 0.0230935 0.000610525 2.25686e-05 0.0814361 0.000682139 0.00300319 0.000230128 7.23483e-06 0.000520573 0.252069 0.000153197 7.5619e-05 0.0142911 0.00705204 0.503685 0.00908192 0.0133116 1.7488e-05 
0.0014755 1.28522e-08 0.0297905 0.0073742 0.0204277 0.295464 0.000878246 1.77643e-05 0.307846 2.71925e-07 0.00209927 3.72246e-05 1.61591e-05 1.55916e-05 0.290545 6.11093e-08 8.14514e-07 0.002948 0.00375887 0.0013471 0.00997559 0.0259235 5.78664e-05 
0.000461651 1.55789e-05 0.00129381 0.0481428 0.00572238 0.0214499 0.00368331 0.000408632 0.017055 0.00117853 0.428298 0.0861937 0.000171384 0.0166451 0.0162098 0.00135465 0.000447718 0.00722929 0.000140822 0.0107207 0.0176008 0.286019 0.0295574 
0.00010157 4.47065e-07 0.149657 0.0709581 0.0362783 0.395946 0.00052837 8.90394e-06 0.00352606 0.000155084 0.0201808 7.34805e-05 2.06077e-05 0.000567356 0.125691 1.46696e-05 6.59873e-07 0.024183 0.0163852 0.000273612 0.121187 0.0308749 0.00338806 
5.07384e-05 8.10412e-06 0.265309 0.0369624 0.0232342 0.0978927 0.0150552 0.000755862 0.069455 0.00742297 0.01058 0.0029508 0.000490798 0.000688055 0.314738 1.2319e-05 1.645e-05 0.00729309 0.0196727 0.00654867 0.0209449 0.0952971 0.00462135 
0.00040425 3.351e-12 0.100349 0.0490367 0.000967438 0.258892 0.00182528 0.0022782 0.00998039 1.64606e-08 0.00301044 5.80616e-08 1.1953e-07 0.000328586 0.379846 0.000124937 0.00123349 0.0427771 0.000387814 0.0638874 0.0338451 0.0508258 3.94489e-08 
3.80748e-08 1.15642e-08 1.9334e-06 4.72611e-07 0.0392907 0.931708 1.32882e-08 8.3931e-06 0.00111964 5.50808e-08 0.00180843 1.54122e-05 5.87986e-08 2.58761e-08 0.000569108 5.12699e-08 7.16549e-08 7.19134e-06 4.28336e-07 3.34331e-05 5.13979e-05 0.0253832 1.5352e-06 
0.000353482 4.38394e-06 0.401463 0.0238562 0.00489346 0.00641115 0.00496043 0.000187763 0.147044 1.20822e-05 0.0335064 0.000197297 2.08115e-05 0.000135278 0.280558 2.75045e-05 1.49171e-05 0.00192478 0.0308519 0.0330574 0.0265043 0.00400318 1.15861e-05 
4.16972e-06 1.26644e-06 0.00172519 0.000468686 0.00187333 0.0189972 7.84447e-05 0.000143989 0.917948 0.000297832 0.0116703 6.77444e-06 6.43926e-06 0.00316428 0.00978794 5.61476e-06 7.84721e-06 0.00176742 3.66958e-05 0.0266566 0.00432181 0.00102522 5.18928e-06 
0.000369768 6.89643e-07 0.000221945 0.00600794 0.000464816 0.00355129 0.000119271 0.000205908 0.00172167 0.000221995 0.971044 3.68903e-06 3.50651e-06 8.28417e-05 0.00992592 3.05753e-06 4.27322e-06 0.000202799 4.33494e-05 0.000891202 0.000425581 0.00375859 0.000725743 
2.26428e-06 8.01244e-11 0.0143418 0.0421969 0.000134033 0.00172472 0.573831 8.46277e-08 3.83453e-07 0.000220972 0.00672628 4.286e-10 4.07395e-10 7.48834e-05 0.0227499 3.55231e-10 7.86082e-09 0.00013711 0.00670431 0.00939343 0.319068 0.00269399 3.28312e-10 
0.000193234 7.82024e-06 0.05199 0.20686 0.0192697 0.096126 0.0198556 0.00647629 0.0454511 0.000156014 0.199005 0.0107653 0.000580619 0.000479371 0.0374649 2.25776e-05 7.33257e-05 0.125852 0.00114892 0.0162164 0.0953703 0.0665394 9.55963e-05 
6.67301e-05 6.60122e-13 0.24833 0.000165955 1.56939e-08 0.0117451 0.000645175 5.18381e-12 0.00227205 3.14419e-12 0.000818244 1.80123e-08 3.35641e-12 1.13638e-05 0.670757 5.85622e-09 6.42217e-08 0.000770408 6.17083e-09 0.0601959 0.000118234 0.00410396 1.19041e-08 
1.50231e-08 7.73234e-13 0.31336 4.9642e-08 0.0173046 0.00864447 0.000180205 1.1543e-08 0.0184376 2.83624e-08 0.00194131 4.13618e-12 2.6166e-05 0.000366859 0.594399 3.42813e-12 4.79117e-12 0.00298428 0.00107292 0.00162319 0.0350696 0.00458937 3.16835e-12 
8.209e-05 1.92874e-10 0.00185531 0.200832 0.00470816 0.0560933 0.0082958 0.01325 0.00364854 8.88078e-07 0.305408 0.000609217 9.80676e-10 0.0167933 0.0728486 8.55108e-10 1.73236e-06 4.27059e-07 0.0947323 0.00693453 0.144516 0.0689077 0.000482117 
0.000125305 2.13369e-06 0.0377529 0.0932345 0.00673711 0.482739 0.00838043 0.000178862 0.00502147 4.98572e-06 0.00613689 0.00839011 3.69355e-06 1.24498e-05 0.0212807 2.49362e-05 2.30284e-06 0.0180547 0.00153278 0.000128241 0.108129 0.202117 9.78073e-06 
1.01524e-05 3.68274e-07 0.0164987 0.000886754 0.00600083 0.109203 3.12769e-05 2.65504e-06 0.0157651 1.61039e-06 0.0161741 0.00104263 1.13316e-05 3.78343e-06 0.0700289 1.49897e-06 2.51947e-06 0.00200238 6.19728e-05 0.000430849 0.00225094 0.759568 1.99771e-05 
0.000605996 5.44746e-06 0.0142816 0.0808692 0.00280179 0.0566626 0.00317834 0.000127573 0.0120863 0.00265226 0.0442111 0.00167675 1.25074e-05 0.000271541 0.105611 5.52875e-06 2.67575e-05 0.00214237 0.0020162 0.58257 0.0242239 0.0634723 0.000488601 
1.37546e-08 6.69336e-13 0.00260347 0.0367597 0.000446596 0.00282983 0.000808434 4.92567e-10 0.00145719 2.51145e-07 0.00102762 0.000316875 6.58722e-10 9.38332e-07 0.00100722 2.9675e-12 1.59696e-10 0.000133035 0.950127 4.7217e-05 0.00187875 0.000556227 2.74262e-12 
0.00284577 1.64643e-06 0.0333964 0.11777 0.0274041 0.0685924 0.00411614 0.000165734 0.0237265 0.00462263 0.593658 0.00330636 0.000135912 0.0257991 0.0329809 2.29134e-05 0.000113552 0.00782126 0.0018862 0.00563955 0.00840879 0.0370793 0.000507113 
0.0386318 1.98754e-05 0.0768761 0.0120792 0.00142161 0.00507497 0.00116427 0.0565531 0.0961578 0.00102839 0.645083 0.000198532 0.000126145 6.69206e-05 0.0552171 4.1986e-05 0.000520569 0.00027864 0.00060345 0.000665661 0.000670425 0.00745279 6.77439e-05 
0.00160073 1.21244e-05 0.105422 0.0659646 0.0198209 0.0990429 0.0197674 0.000105809 0.0768386 0.00115332 0.0238807 0.00201139 0.000104031 0.000465671 0.467424 5.34333e-05 7.74e-05 0.0462208 0.00535176 0.020178 0.0129418 0.0306841 0.000878195 
3.01032e-08 4.88907e-13 0.0943972 0.33413 0.00425776 0.244992 0.0293433 9.98254e-08 0.00290987 2.32868e-12 0.0241286 2.61526e-12 1.88951e-08 0.00745222 0.151469 2.16757e-12 1.57559e-08 4.20442e-08 0.000170462 4.66938e-08 0.0215034 0.0852455 1.80498e-09 
0.000204397 6.37121e-09 0.146774 0.0231318 0.0137459 0.729994 0.000166147 5.05873e-08 0.0254289 2.53431e-05 0.00072959 7.6638e-07 9.38076e-05 0.000109215 0.0192398 4.07432e-07 1.20414e-07 0.00190565 0.000966896 0.00848967 0.0015418 0.0274519 4.35742e-07 
0.0014893 6.03212e-09 0.321771 0.00659394 0.00406891 0.00170281 0.00716784 5.29777e-06 0.0481236 2.22892e-06 0.00508853 5.94711e-05 7.4699e-05 0.00159301 0.579972 1.04736e-06 0.000113641 0.00195412 0.000395475 0.00379668 0.00437074 0.0116547 4.34625e-07 
1.21159e-06 1.53553e-08 0.171501 0.0274238 0.1733 0.0552286 0.000726009 3.52968e-05 0.0611515 1.4969e-06 0.038039 4.39236e-05 1.0762e-06 0.000152892 0.419473 4.44828e-08 1.30104e-06 0.000290637 0.000486199 0.0156348 0.00719165 0.0293079 8.03464e-06 
0.0014893 6.03212e-09 0.321771 0.00659394 0.00406891 0.00170281 0.00716784 5.29777e-06 0.0481236 2.22892e-06 0.00508853 5.94711e-05 7.4699e-05 0.00159301 0.579972 1.04736e-06 0.000113641 0.00195412 0.000395475 0.00379668 0.00437074 0.0116547 4.34625e-07 
1.13115e-11 3.43556e-12 0.916781 0.00436738 0.00131794 0.0306671 2.16339e-07 5.12865e-08 0.0200865 1.63637e-11 0.000823689 1.83774e-11 6.11563e-08 6.15069e-08 0.0091205 1.52315e-11 2.12876e-11 3.9228e-07 8.49736e-08 2.78444e-07 0.0168348 3.14672e-07 1.40773e-11 
4.46843e-07 1.35717e-07 5.96768e-05 0.00111267 0.000169028 0.000449491 6.90488e-05 1.06576e-06 0.028364 0.35602 0.319951 1.93719e-05 0.000122981 3.0368e-07 7.76398e-05 5.46908e-05 1.38001e-05 2.43651e-07 1.66738e-05 4.8818e-05 0.147832 0.00186351 0.143753 
0.000363182 1.76548e-05 0.263632 0.0387818 0.0219087 0.131216 0.00602521 0.000719075 0.157762 0.000275812 0.0186981 0.000240644 3.47586e-05 0.00238481 0.248201 3.49157e-05 0.000213688 0.00671044 0.00631367 0.0414181 0.0241043 0.0307742 0.000169863 
0.000873011 1.64575e-07 0.0281457 0.0343911 0.0914948 0.115203 0.0154721 0.00215926 0.0203819 9.11259e-05 0.184083 0.00409715 1.35822e-06 0.00249 0.0204128 0.00130522 0.000229904 0.00732618 0.000131212 0.000187464 0.467729 0.00299585 0.000798814 
2.76909e-05 2.80623e-06 0.0250333 0.062279 0.697915 0.0317915 0.00584172 0.000964267 0.00436196 1.96269e-05 0.113501 1.77153e-05 0.000237968 0.000258595 0.0268231 4.14835e-06 0.000144141 0.00751595 0.00120819 0.00316363 0.0165284 0.00229071 6.92937e-05 
0.00341005 0.000383872 0.0511467 0.403991 0.0131072 0.0232669 0.114306 0.00581699 0.0102454 0.00171781 0.0549315 0.000574586 0.00204558 0.00914649 0.06353 0.00330528 0.00181263 0.00560357 0.118186 0.0175607 0.0578582 0.0336806 0.004374 
1.65228e-10 5.01838e-11 0.33175 0.00320171 0.0756744 0.0548739 1.99985e-06 3.94083e-10 0.0364807 0.000135944 0.00303457 7.60071e-09 1.88431e-07 1.84604e-05 0.283266 1.20485e-07 0.00230413 0.014648 5.08367e-06 0.0349373 0.0118367 0.147831 1.17205e-07 
0.000170144 2.62543e-11 0.14087 0.0785342 0.0211868 0.190411 0.00127422 0.000504634 0.0126031 4.27157e-07 0.00285195 0.000151648 0.00040449 4.34263e-07 0.0804016 3.52697e-05 1.62678e-10 7.52022e-08 0.000994332 1.43795e-07 0.409615 0.0595849 0.000406204 
1.47477e-05 5.87969e-07 4.71551e-05 0.00741443 2.18025e-05 0.00133317 0.00229754 6.35118e-06 0.00243954 4.38284e-05 0.000899036 0.895117 8.4945e-05 9.83176e-06 0.0574609 7.97496e-07 8.67915e-05 0.000165933 0.000161826 0.00116313 0.000700496 0.0304275 0.000102951 
0.00131378 2.16748e-05 0.268281 0.0794143 0.236212 0.0486229 0.00774027 0.000184695 0.0250291 0.00380354 0.133223 0.000673584 6.76562e-05 0.0011343 0.0858265 0.000762357 0.00803346 0.00664701 0.00145713 0.00566129 0.050811 0.0349608 0.000118487 
4.29634e-06 1.91662e-06 0.026717 0.0816989 0.592538 0.106092 0.00013407 2.28355e-06 0.0290644 0.0133192 0.0285323 0.000834583 0.000220804 1.72834e-05 0.0189085 1.97332e-06 0.000130858 0.0516603 0.00111836 0.000737728 0.0158735 0.0323891 2.35197e-06 
0.000274463 2.86307e-05 0.0820013 0.0194027 0.010074 0.174754 0.0052241 0.000152398 0.0074685 0.00479619 0.016157 0.000587005 0.0010228 0.00116452 0.410892 2.86569e-05 0.00015096 0.00726229 0.00597324 0.00822931 0.0148119 0.229324 0.000219884 
9.24271e-05 2.09553e-06 0.817272 0.0158758 0.0188224 0.0056452 0.0109253 0.000316137 0.0409029 0.000635932 0.000848918 0.00351968 0.0192159 0.000698103 0.0384804 4.76073e-06 7.66078e-06 0.00218843 0.000756041 0.00485857 0.00325064 0.0156773 2.87757e-06 
2.47655e-07 7.52188e-08 0.0221774 0.0444509 0.00329788 0.0112662 0.00805949 9.36086e-05 0.000121778 3.5827e-07 0.834007 0.000550202 0.000702028 5.2771e-05 0.0263756 3.33482e-07 0.000147803 0.0125753 2.55059e-06 0.00175953 0.0308049 0.00353546 1.80009e-05 
1.13115e-11 3.43556e-12 0.916781 0.00436738 0.00131794 0.0306671 2.16339e-07 5.12865e-08 0.0200865 1.63637e-11 0.000823689 1.83774e-11 6.11563e-08 6.15069e-08 0.0091205 1.52315e-11 2.12876e-11 3.9228e-07 8.49736e-08 2.78444e-07 0.0168348 3.14672e-07 1.40773e-11 
2.02655e-06 4.73982e-10 0.00525317 0.237626 0.00193389 0.0422764 0.000750027 1.54976e-05 3.4881e-05 0.00258474 0.680505 2.53542e-09 2.46872e-07 0.000832562 0.000485383 2.10139e-09 1.18027e-05 0.000123751 0.000649793 0.0231114 0.00058114 0.0032226 1.94215e-09 
3.33058e-07 1.05207e-09 0.0055899 7.87191e-05 0.00561765 0.865934 1.20891e-09 8.26172e-09 0.00267029 5.01106e-09 2.02133e-06 5.62774e-09 5.3493e-09 2.35412e-09 0.111518 4.66436e-09 6.51892e-09 4.06238e-05 5.31431e-05 0.000480287 0.00105824 0.00695679 4.3109e-09 
7.03644e-05 5.03268e-06 0.0391182 0.0756321 0.00741839 0.0526456 0.0175721 0.00020257 0.0141738 0.0023366 0.631061 0.0213848 4.53927e-05 0.000162921 0.02311 1.45958e-05 0.000207337 0.0297984 0.00243627 0.000982721 0.0787954 0.00281076 1.60438e-05 
0.0130511 8.52831e-06 0.0591888 0.0127688 0.0215485 0.673137 0.00719021 3.76205e-05 0.0102196 5.58344e-05 0.00527776 0.00202861 0.00172446 0.000404613 0.0779361 1.83037e-05 0.000104259 0.00396949 0.000911691 0.0536098 0.011339 0.0453743 9.56635e-05 
3.54272e-06 1.46042e-08 0.0672496 0.434993 0.0385865 0.0692267 0.0129948 0.00066524 0.0229039 1.05773e-06 0.248111 1.15772e-06 0.00410707 0.00084845 0.0180365 1.83432e-07 9.55923e-05 0.00511179 0.000606386 0.0059477 0.0623529 0.0062227 0.00193449 
0.40335 2.36099e-07 0.0130909 0.00552446 0.0820205 0.0579059 0.00050893 0.0393362 0.0471367 0.0126739 0.0146576 0.00284527 6.71176e-07 0.000474579 0.246483 3.72858e-05 8.64875e-05 0.000636905 0.0020604 0.00393497 0.00371553 0.0631877 0.000331848 
0.00456835 2.41548e-05 0.113241 0.100691 0.0730473 0.125585 0.00180787 0.00651505 0.0336426 0.000317965 0.231393 0.00138203 9.53324e-05 0.00248768 0.0889014 3.43431e-05 0.000215101 0.00913515 0.0609608 0.0281373 0.0740389 0.0436245 0.000153902 
0.000319098 7.30491e-05 0.145835 0.0595518 0.0468252 0.0760514 0.00914353 0.00239036 0.0866297 0.00143496 0.118479 0.0029643 0.0139136 0.00699366 0.234861 0.000163361 0.00020979 0.0147029 0.0225264 0.0213588 0.0907778 0.0438935 0.000902068 
5.74898e-05 8.71575e-07 0.0413984 0.0555441 0.407861 0.0362887 0.00298108 0.000121452 0.00361982 0.000416357 0.0142419 2.06009e-05 7.14949e-05 0.00125368 0.384703 1.69902e-06 7.24887e-06 0.0224252 0.00971125 0.0057354 0.00524222 0.0053603 0.00293761 
2.19795e-08 3.01164e-11 0.545732 0.0388645 0.0534692 0.209485 0.0114969 2.36498e-10 0.0303227 1.43446e-10 0.000436118 1.61099e-10 8.1624e-07 6.73886e-11 0.0795622 1.1799e-08 1.86609e-10 0.00608779 0.0145928 0.00236129 0.00515882 0.00242993 7.84973e-09 
0.000227696 3.54692e-06 0.224288 0.103889 0.0019978 0.0175354 0.0354496 0.00108454 0.0787209 0.00311226 0.112726 0.0162041 0.186676 0.00623012 0.0771406 1.64194e-05 8.40642e-06 0.0012136 0.00619977 0.0222252 0.00299927 0.102035 1.60333e-05 
0.013692 3.15348e-06 0.0773671 0.0454229 0.00426558 0.02241 0.0396141 6.8347e-05 0.0590083 0.0135467 0.5299 0.00303361 0.00025008 0.00144034 0.0968031 3.57088e-06 0.000194666 0.00624184 0.00273561 0.00463563 0.0334713 0.0457561 0.000136267 
0.00168057 1.19172e-06 0.102903 0.0278249 0.00385117 0.0338107 0.000710029 2.07974e-05 0.00642585 0.000679743 0.00318416 0.000369557 2.34377e-05 0.00111902 0.216441 7.35731e-06 0.000113143 0.0110356 0.00551681 0.571205 0.00663815 0.00641448 2.47714e-05 
1.37546e-08 6.69336e-13 0.00260347 0.0367597 0.000446596 0.00282983 0.000808434 4.92567e-10 0.00145719 2.51145e-07 0.00102762 0.000316875 6.58722e-10 9.38332e-07 0.00100722 2.9675e-12 1.59696e-10 0.000133035 0.950127 4.7217e-05 0.00187875 0.000556227 2.74262e-12 
0.00049752 2.19954e-06 0.018109 0.003089 0.00146756 0.0043656 7.66351e-05 2.26381e-05 0.124678 0.00999264 0.0320917 0.000472851 3.76401e-06 0.000160599 0.0129851 3.24809e-06 1.83402e-05 0.0162286 0.000140288 0.00361993 0.0177487 0.0119829 0.742243 
2.80875e-07 1.29392e-07 0.0332578 0.0651447 0.0144732 0.00751865 0.00468392 0.000257673 0.327347 0.00463802 0.394707 0.00370246 1.21495e-05 0.0128311 0.0116655 1.9891e-05 2.42034e-05 0.00322791 0.000383556 0.00922213 0.0387659 0.0417245 0.0263928 
1.73992e-10 5.28456e-11 0.02355 0.0180181 0.00158984 0.0136937 0.00393856 0.00191671 8.65502e-07 2.51706e-10 0.669703 0.00149708 0.000118826 7.73521e-07 0.052027 0.000471442 8.15094e-07 9.91581e-07 0.000922515 0.0467116 0.0855106 0.0803274 2.16536e-10 
3.71075e-05 2.38177e-12 0.499428 0.000645104 0.00257662 0.0340867 0.000215137 1.87036e-11 0.00314842 1.13445e-11 0.00550121 0.000139514 1.21102e-11 3.82662e-06 0.334307 1.35815e-08 1.48904e-07 0.00211608 1.43076e-08 0.104632 0.000754998 0.0124083 1.93246e-08 
0.00313158 9.92968e-07 0.0137958 0.0046851 0.00125616 0.00304219 0.0254148 0.738015 0.012015 0.00117702 0.00309534 0.00355694 0.00533084 0.0016928 0.168981 4.40232e-06 6.15269e-06 0.00434845 0.00211077 0.00136338 0.00269168 0.00428051 4.06871e-06 
0.0542799 3.81839e-09 3.94941e-06 0.135845 0.0112441 0.133672 5.42151e-06 2.99851e-08 0.00787809 7.62756e-06 0.534957 0.000319418 1.94147e-08 8.54403e-09 0.0492911 1.69288e-08 2.36598e-08 0.00970535 1.57903e-06 1.89361e-05 0.0609516 0.00179886 2.02828e-05 
2.65745e-09 8.0713e-10 0.466827 0.000541911 0.072511 0.0722014 1.12049e-05 1.41453e-06 0.33321 4.87718e-05 8.03767e-05 5.94538e-06 4.74696e-07 3.90213e-06 0.0158874 3.57841e-09 5.00119e-09 0.0385809 4.34262e-07 9.90787e-07 8.17174e-05 4.94348e-06 3.30724e-09 
0.000192615 6.61388e-08 0.0453122 0.0581607 0.0157767 0.0268424 0.00103751 5.19375e-07 0.00630624 0.000173759 0.175501 3.53789e-07 0.000257838 0.000767116 0.00191956 2.93226e-07 4.48351e-05 0.000145251 0.0234926 6.48211e-05 0.642403 0.00124826 0.000352826 
0.0494587 4.62194e-07 0.047895 0.0392319 0.0295669 0.0724471 0.00701867 0.000149121 0.00397263 0.000315589 0.00781268 0.00620432 5.84845e-07 4.19702e-05 0.550748 1.39148e-05 0.000265236 0.00759025 0.00699871 1.10747e-05 0.136811 0.0332347 0.000211758 
0.0233074 5.49771e-07 0.000481455 0.0282427 0.000686397 0.0203181 0.000313663 0.0989714 0.13099 2.60849e-05 0.00152946 0.0039754 3.44284e-06 0.000278108 0.58354 2.51004e-05 7.1146e-06 0.0198774 0.00454523 0.0062141 0.00852459 0.0665149 0.00162722 
1.2066e-09 3.66473e-10 1.76194e-06 2.93209e-06 0.00851788 0.0110027 0.00163062 2.87784e-09 0.125584 0.00358496 0.744954 1.96033e-09 1.86334e-09 9.19432e-06 5.64973e-06 4.39688e-07 4.65669e-06 0.00120213 7.20466e-07 0.0127927 0.00760341 0.0831027 1.50163e-09 
1.13115e-11 3.43556e-12 0.916781 0.00436738 0.00131794 0.0306671 2.16339e-07 5.12865e-08 0.0200865 1.63637e-11 0.000823689 1.83774e-11 6.11563e-08 6.15069e-08 0.0091205 1.52315e-11 2.12876e-11 3.9228e-07 8.49736e-08 2.78444e-07 0.0168348 3.14672e-07 1.40773e-11 
0.00168057 1.19172e-06 0.102903 0.0278249 0.00385117 0.0338107 0.000710029 2.07974e-05 0.00642585 0.000679743 0.00318416 0.000369557 2.34377e-05 0.00111902 0.216441 7.35731e-06 0.000113143 0.0110356 0.00551681 0.571205 0.00663815 0.00641448 2.47714e-05 
0.000167193 5.88949e-09 0.00100208 0.121972 0.00788461 0.392362 0.00207154 0.00147439 0.101541 0.00590046 0.24609 3.1504e-08 2.61229e-05 0.00220332 0.0197522 1.51941e-05 7.8207e-05 9.26292e-05 0.00519062 4.2279e-05 0.00217747 0.0294884 0.0604683 
6.42337e-05 1.8262e-07 0.0401005 0.00101784 0.0035416 0.00509988 0.00127528 0.00688196 0.502473 0.20085 0.0341532 0.00661306 0.00492526 0.0012621 0.0801379 7.54512e-05 1.58913e-05 0.000236345 8.15063e-05 0.00665714 0.00292466 0.101611 1.79475e-06 
0.000303364 2.75872e-06 0.0355272 0.0402073 0.0473587 0.0654196 0.0165525 2.93324e-06 0.0876777 0.000364556 0.431264 3.8506e-05 0.000257887 0.000544253 0.101285 1.25886e-05 2.37162e-05 0.0198361 0.0636723 0.00221472 0.0180728 0.0693577 3.57316e-06 
0.000132188 1.49783e-05 0.336559 0.0634699 0.0143441 0.0183707 0.00735566 0.000291753 0.0546299 0.000294708 0.0224416 0.000119063 2.94388e-05 0.00162835 0.400539 4.15814e-05 0.000193843 0.00161816 0.00116395 0.027782 0.0123022 0.0364229 0.000254756 
0.00218849 5.88386e-10 0.0826031 0.0249753 0.0896889 0.573382 0.000152409 1.43201e-05 0.00996924 3.47745e-07 0.0319825 7.75097e-06 0.0129484 0.012324 0.0321827 1.08211e-07 1.31729e-05 0.00475631 0.00301892 0.00334389 0.0329806 0.0834671 2.41093e-09 
5.68883e-05 3.58663e-09 5.16632e-05 0.000195753 0.000929229 0.0442895 4.54201e-05 1.49432e-05 0.0420028 0.256767 0.631701 0.00018725 1.82363e-08 8.02545e-09 5.24407e-05 1.59013e-08 2.22237e-08 0.0135037 1.41986e-06 0.00586085 0.00427223 6.82364e-05 1.46963e-08 
0.0342355 5.74476e-06 0.0477797 0.0790712 0.0275012 0.056496 0.0277398 0.00081667 0.0251447 0.206295 0.0781857 0.000263606 9.69291e-05 0.0430955 0.202801 0.000156292 0.0430359 0.0145983 0.0192584 0.012514 0.0542704 0.0261832 0.000455441 
2.0675e-05 5.10423e-09 0.0217213 0.499282 0.00364204 0.0265253 0.000284218 4.00825e-08 0.000622696 2.07228e-05 0.081866 2.73035e-08 0.000591307 5.93602e-07 1.59524e-06 2.26296e-08 3.16272e-08 9.16356e-09 9.61596e-07 1.00897e-06 0.365418 1.66267e-06 2.09147e-08 
0.00217453 6.64415e-05 0.125116 0.373215 0.00673462 0.0280507 0.0658839 0.000401368 0.0117962 0.000323901 0.0198477 0.000168529 7.10326e-05 0.0110589 0.0824307 9.20375e-05 0.000342126 0.00506124 0.235192 0.0021494 0.0167677 0.0128747 0.000181331 
3.65876e-05 1.63344e-10 0.00701813 1.7415e-05 0.00328279 0.0160574 5.78963e-05 1.28271e-09 0.902255 7.78014e-10 0.000230639 8.73759e-10 2.38729e-07 3.65499e-10 0.00948737 7.24185e-10 1.01212e-09 0.0567934 0.00120218 0.00223033 0.000380618 0.000116024 0.000834125 
1.38212e-06 4.12004e-10 0.0460671 0.0488239 1.56863e-06 0.00160335 0.00194832 0.00306904 0.138159 0.0962998 0.207236 8.26516e-07 2.09485e-09 0.023891 0.101796 7.04006e-07 1.44013e-06 0.00871757 0.0335295 0.0190434 0.167108 0.102699 2.40511e-06 
5.37217e-08 1.63166e-08 0.00114904 0.0176342 0.720289 0.183352 7.02628e-05 6.19138e-06 0.00621118 5.24854e-06 0.0261684 8.72804e-08 8.29621e-08 0.00668224 0.000537904 7.23394e-08 1.01102e-07 0.0233368 2.06303e-05 0.000237438 0.0108532 0.00339758 4.79059e-05 
0.000212059 3.30327e-07 0.131487 0.432704 0.0231991 0.119885 0.0315276 0.000620774 0.00228259 6.45705e-05 0.133004 0.00107296 1.61725e-05 0.000613348 0.0415783 2.11089e-05 5.92462e-06 0.00510063 0.025182 0.0149811 0.0206072 0.0158311 2.81382e-06 
6.21649e-09 1.88809e-09 0.0409054 0.827209 0.000687394 0.00533247 0.0261097 6.60131e-05 0.00128249 2.98654e-06 0.00522997 9.9049e-06 3.23309e-08 0.000275873 0.000775272 8.37086e-09 0.000218511 0.000338954 0.000259543 8.01526e-05 0.0909688 0.000247055 9.70385e-08 
0.000922507 3.41646e-12 0.293354 0.0100657 0.00121125 0.0805531 0.000116111 4.48924e-08 0.000446588 3.51836e-08 0.00308621 0.000422457 1.73711e-11 2.30294e-06 0.475011 1.05368e-08 0.00143446 0.0209158 2.17926e-08 0.110037 8.9741e-05 0.00233281 4.76897e-08 
9.41904e-05 5.95282e-13 0.228108 0.00754214 0.000606639 0.0491799 0.000223428 2.19413e-06 0.000549428 6.54382e-09 3.79902e-05 0.000173068 3.24634e-05 1.14353e-06 0.685966 1.95963e-09 0.000112502 0.00463512 1.74264e-05 0.0160007 0.00151201 0.00520485 2.91216e-09 
0.00160108 5.75569e-07 0.346795 0.00809913 0.00788129 0.00505178 0.0010457 6.1051e-06 0.113862 0.000522992 0.0273258 7.64203e-06 0.00015747 0.003045 0.352133 8.00075e-07 4.77853e-06 0.00368934 0.094892 0.00638427 0.0134942 0.0138514 0.000149757 
0.00291343 1.46646e-09 0.0490043 0.00376186 0.00491068 0.019978 7.13517e-05 1.7926e-05 0.00764938 0.00140547 0.00682605 0.00020301 4.92357e-05 0.00253456 0.17477 1.01353e-05 2.97525e-05 0.00293574 0.00866446 0.70309 0.00173038 0.009382 6.18988e-05 
0.00141228 1.78822e-06 0.00632198 0.0788877 0.0119693 0.000980172 0.0160175 1.65792e-05 0.0141021 0.00366683 0.132324 0.00465429 0.000150765 0.209436 0.00625317 4.79537e-05 0.000939607 0.00699044 0.00078784 0.0188991 0.464432 0.0216809 2.71366e-05 
0.000282993 1.4113e-06 0.128297 0.048164 0.515808 0.0152581 0.0178941 1.18964e-05 0.00483675 0.0227023 0.0398106 0.0431829 0.000483586 0.000426286 0.0198724 3.31877e-06 7.537e-06 0.111861 0.00903631 0.00141793 0.00265371 0.0179241 6.34264e-05 
2.73966e-07 2.99823e-11 0.0616069 0.0165424 0.00105661 0.562486 0.000506541 0.00127465 0.00237771 5.16163e-08 8.98144e-08 1.60381e-10 0.000117448 0.00101884 0.326017 2.26239e-07 0.000915921 0.0149776 3.05002e-05 0.000494318 0.00767328 0.0027069 0.000196313 
0.000145433 1.44791e-07 0.00465679 0.0739883 0.00369551 0.112912 0.00157358 0.00108782 0.0106053 0.00404885 0.592752 0.00304598 7.24075e-06 0.000177902 0.0307693 6.41929e-07 0.127727 0.00950131 0.00727845 0.000967477 0.00588007 0.00889318 0.000285427 
0.00168057 1.19172e-06 0.102903 0.0278249 0.00385117 0.0338107 0.000710029 2.07974e-05 0.00642585 0.000679743 0.00318416 0.000369557 2.34377e-05 0.00111902 0.216441 7.35731e-06 0.000113143 0.0110356 0.00551681 0.571205 0.00663815 0.00641448 2.47714e-05 
3.71075e-05 2.38177e-12 0.499428 0.000645104 0.00257662 0.0340867 0.000215137 1.87036e-11 0.00314842 1.13445e-11 0.00550121 0.000139514 1.21102e-11 3.82662e-06 0.334307 1.35815e-08 1.48904e-07 0.00211608 1.43076e-08 0.104632 0.000754998 0.0124083 1.93246e-08 
0.000831886 7.04505e-08 0.0830041 0.0924455 0.0130962 0.0233735 0.0303042 3.78374e-05 0.00251075 0.00034714 0.0666258 0.0182164 0.000249768 0.000220676 0.102334 6.44707e-06 4.3653e-07 0.0968623 0.00326376 0.00369094 0.442502 0.0198664 0.000209843 
2.23011e-05 2.96407e-12 0.246235 0.00401891 0.00153756 0.0438615 0.000215154 2.32763e-11 0.0362471 1.4118e-11 0.00325779 4.46236e-08 1.50709e-11 0.000316999 0.479919 1.45118e-08 1.59086e-07 0.00227717 0.000218294 0.146829 0.00340304 0.0314365 0.00020378 
4.82636e-08 1.46588e-08 0.0744811 0.129449 0.00291569 0.0109339 0.00501459 0.000493392 0.0124403 0.0388689 0.0233211 8.3125e-06 6.09619e-05 3.26055e-05 0.174812 6.49897e-08 1.66033e-05 0.000614451 0.0528622 0.000549577 0.470234 0.00288992 6.00649e-08 
0.000418012 2.90087e-08 0.205762 0.0108194 0.633632 0.0101704 0.000823998 4.33919e-06 0.00280792 4.09877e-05 1.55343e-05 7.20683e-05 0.0027096 1.31471e-05 0.129401 4.37356e-05 1.79746e-07 2.14467e-05 4.07659e-07 0.00117713 3.71984e-06 0.00206258 1.18864e-07 
0.000289258 3.79994e-11 0.365113 0.0837844 0.00827487 0.000273349 0.0149252 0.000578576 0.0275126 2.90755e-07 0.0219351 2.50505e-07 3.2603e-08 0.047347 0.0921689 1.541e-07 2.35454e-10 0.217875 3.87056e-06 0.0826578 0.0357299 0.00153087 1.27483e-07 
0.00256361 1.12263e-08 0.0172625 0.00812762 0.0210919 0.0257261 4.46334e-05 7.12304e-05 0.0102283 0.000174645 0.00917977 0.00080517 9.57311e-05 0.714033 0.0945797 1.81809e-06 0.0155733 0.0043329 0.00183172 0.0166489 0.0100595 0.0475669 1.24531e-06 
0.000410583 1.31459e-06 0.073718 0.173622 0.0131913 0.222614 0.00599623 3.42653e-05 0.0434677 0.000230971 0.0203191 0.000381008 0.000334877 0.00674982 0.275406 3.67708e-06 8.98305e-06 0.0012951 0.0164254 0.0134814 0.11724 0.0150469 2.24838e-05 
0.00285777 1.91303e-05 0.0915177 0.068495 0.0132272 0.0667949 0.00213513 0.00155011 0.0494099 0.0124407 0.503835 7.54306e-05 0.00383842 0.0106262 0.0753381 0.00133878 0.000800069 0.00345694 0.00661564 0.00933705 0.0392209 0.0370057 6.46639e-05 
0.000994086 1.26701e-07 0.213334 0.188315 0.014122 0.0722923 0.0454829 0.000340812 0.0218843 0.000618709 0.0276518 0.0145771 0.00818284 0.00113176 0.0259526 5.14572e-05 0.000819739 0.00240712 0.00221159 0.00141453 0.257517 0.0922725 0.00842558 
0.00256361 1.12263e-08 0.0172625 0.00812762 0.0210919 0.0257261 4.46334e-05 7.12304e-05 0.0102283 0.000174645 0.00917977 0.00080517 9.57311e-05 0.714033 0.0945797 1.81809e-06 0.0155733 0.0043329 0.00183172 0.0166489 0.0100595 0.0475669 1.24531e-06 
0.000195627 2.94243e-11 0.00696951 0.0102334 0.134171 0.546562 0.000458412 4.19502e-05 0.0813036 1.40149e-10 0.0112815 3.55993e-07 5.52106e-08 5.43443e-05 0.057757 6.98912e-09 1.82321e-10 0.00132329 5.21035e-05 0.0019165 0.0116901 0.0605304 0.0754588 
0.00750027 1.47286e-07 0.0361353 0.0889987 0.0400405 0.0181892 0.00814547 1.07509e-06 0.0752523 1.20753e-05 0.490149 6.11098e-06 1.58045e-05 0.0304424 0.037846 1.64337e-05 3.41798e-06 0.0104004 0.00404876 0.0114548 0.0586424 0.0822575 0.000442078 
1.50917e-09 4.58371e-10 0.0165196 1.64635e-06 0.00573668 1.09143e-05 3.11617e-06 6.61954e-05 0.847872 3.20978e-05 3.232e-06 1.93345e-06 3.50881e-07 2.31657e-06 0.00761963 5.077e-05 3.37044e-06 0.00202926 9.70178e-07 0.0190354 0.00230753 7.12198e-06 0.0986963 
0.00417414 0.00012685 0.0477806 0.528752 0.007587 0.0161774 0.129783 0.00027537 0.0055269 0.000223249 0.0146608 0.000335623 0.000827897 0.00180755 0.0441704 0.0001281 0.00396022 0.0042304 0.118308 0.00620077 0.0542582 0.0102317 0.000473481 
3.3351e-09 1.01295e-09 0.0101301 5.60236e-06 7.19116e-06 5.48253e-06 0.00111704 7.95449e-09 0.00800415 0.0769892 0.683345 8.27678e-05 2.42775e-05 4.31604e-06 0.0473732 1.38971e-05 6.80279e-06 4.61658e-06 1.93359e-06 3.60615e-07 2.26323e-05 0.172862 4.15059e-09 
