0.000313502 1.89826e-05 2.02001e-06 0.010218 0.000983894 0.0065799 0.000562655 4.58254e-07 0.000692376 0.000821468 0.851243 0.000602696 3.02535e-10 6.12597e-06 0.0498441 2.3298e-07 8.36074e-06 2.51528e-06 0.00426418 0.00155341 0.0320859 0.0401663 2.96343e-05 
0.000922517 0.000134529 0.014661 0.0204764 0.00797092 0.0506481 0.00234527 9.39281e-06 7.6172e-05 4.87149e-05 0.786411 3.33183e-05 1.28496e-07 5.36675e-05 0.0280161 0.000102545 0.0502248 3.78332e-05 0.0029036 4.20209e-06 0.0159121 0.0190074 1.18321e-07 
1.32956e-07 0.000134054 5.60779e-05 1.75521e-05 8.57207e-05 7.34521e-05 2.08541e-05 3.1711e-07 9.45328e-05 1.9234e-07 0.997823 2.1601e-07 2.05322e-07 9.03582e-08 5.06481e-05 0.00010216 0.000170071 2.73102e-05 2.34451e-08 0.000201735 4.2339e-05 0.00109933 1.65465e-07 
0.000820762 4.22662e-05 0.000218966 0.00896186 0.00199208 0.017918 0.00047316 7.40865e-10 0.000390346 1.33342e-07 0.492018 0.00460225 1.78717e-07 3.81894e-05 0.0601187 4.18273e-10 1.91196e-07 8.35004e-07 0.000128166 0.000143378 0.00266934 0.409463 3.86577e-10 
0.00135282 9.70916e-05 0.00860608 0.0887726 0.0109681 0.0373308 0.0477822 4.49203e-05 0.0942716 6.11766e-09 0.428288 0.00714456 8.41555e-07 0.000218096 0.0772034 5.07547e-08 0.000141124 6.54905e-05 0.000122395 0.00322432 0.150229 0.0441368 1.89741e-07 
8.74489e-05 0.000201853 0.00225113 0.141749 0.000416866 0.0790967 9.52841e-05 1.44856e-06 0.00219947 8.4483e-05 0.636226 0.0511041 0.000373336 0.00143117 0.00935283 7.69357e-06 0.00012717 1.28836e-06 0.00124979 0.000695641 0.0221875 0.0510599 6.00227e-07 
0.000698789 0.000156751 0.0333685 0.0383772 0.0351437 0.0757752 0.000188544 8.99433e-05 0.0114834 1.03176e-05 0.608851 0.00450826 6.03563e-06 0.00107766 0.0879615 0.00132974 0.00126621 0.0209687 0.00593467 0.0024074 0.00783599 0.0625599 6.47616e-07 
0.00126971 3.1565e-05 0.210518 0.032576 0.00985938 0.00575043 0.000208507 5.3386e-06 0.184952 9.70319e-06 0.291019 0.000196958 3.10729e-06 0.000239746 0.238557 0.00026453 3.75216e-05 0.000257098 0.000181594 0.00452627 0.0153988 0.00413726 1.33963e-06 
0.000193161 0.00137187 0.0180834 0.00460966 4.38203e-06 0.00098386 0.000490731 0.00029429 0.0354275 0.00623169 0.478757 1.33672e-05 1.04896e-09 0.0030075 0.311673 0.0934552 0.000239259 0.000253914 0.00465704 0.0213645 0.0101724 0.00871597 4.00936e-07 
0.00362417 3.17762e-08 2.35198e-05 0.0725436 4.076e-05 1.91759e-05 2.25794e-05 2.49532e-07 0.000109664 1.51351e-07 0.736806 0.000687164 1.61567e-07 0.000260531 0.0032068 1.40879e-07 1.96894e-07 5.70473e-08 0.000237917 3.12543e-08 2.8027e-08 0.0513348 0.131082 
0.00144117 0.00043073 0.00200255 0.0195956 0.0471906 0.0919267 0.000356009 3.8184e-05 0.0041667 0.00127596 0.619744 0.000450629 0.000463233 0.00154466 0.0121049 3.26202e-07 0.00230103 0.00338911 0.000609888 0.00187034 0.027772 0.156438 0.00488737 
3.21556e-05 0.0256249 0.0311824 0.0282614 0.0250694 0.02911 0.00790979 1.37394e-07 0.00372765 0.00271439 0.476199 0.000138184 0.000445311 0.0250824 0.0973568 1.30918e-05 0.000768 0.000933897 0.000249517 0.0442151 0.0784253 0.122541 3.70945e-10 
2.79294e-05 2.58481e-05 0.000309503 0.000509981 4.21186e-07 0.00384667 9.00513e-05 1.14416e-07 5.2481e-06 7.39784e-06 0.992399 8.72693e-08 1.66054e-06 0.00019283 0.000437973 6.73842e-06 3.28087e-07 3.74773e-05 4.88203e-05 0.000159229 0.00147361 0.000417472 1.65137e-06 
3.66948e-07 0.00104088 0.0203728 0.0404059 0.000519079 0.0171942 0.017371 2.81486e-08 1.1852e-07 2.44379e-05 0.716999 0.000933241 8.10224e-11 0.161431 0.00489569 2.87614e-08 1.93578e-07 2.04756e-07 0.000904348 0.0035644 0.0104221 0.00392136 5.20838e-08 
2.79294e-05 2.58481e-05 0.000309503 0.000509981 4.21186e-07 0.00384667 9.00513e-05 1.14416e-07 5.2481e-06 7.39784e-06 0.992399 8.72693e-08 1.66054e-06 0.00019283 0.000437973 6.73842e-06 3.28087e-07 3.74773e-05 4.88203e-05 0.000159229 0.00147361 0.000417472 1.65137e-06 
0.000342036 0.000272837 0.0200877 0.0198081 0.00530822 0.0338241 0.00142465 2.08589e-05 0.0294852 0.00593234 0.721056 0.00206829 8.49848e-06 0.00686689 0.0766147 0.000315033 0.000235618 0.00202851 0.000713269 0.00575429 0.0467569 0.0182231 0.00285247 
0.000820762 4.22662e-05 0.000218966 0.00896186 0.00199208 0.017918 0.00047316 7.40865e-10 0.000390346 1.33342e-07 0.492018 0.00460225 1.78717e-07 3.81894e-05 0.0601187 4.18273e-10 1.91196e-07 8.35004e-07 0.000128166 0.000143378 0.00266934 0.409463 3.86577e-10 
0.0122855 0.000646335 0.0201859 0.0972203 0.0103036 0.0262203 0.00119048 0.011101 0.011263 0.00672754 0.551256 2.13419e-07 3.50171e-05 9.55788e-05 0.171212 8.05488e-08 0.000122073 0.00392466 0.0174739 0.00129866 0.0340733 0.0233574 7.54488e-06 
2.02391e-06 3.13922e-05 0.120199 0.0005893 0.00726892 0.00446045 0.000339465 1.56816e-05 0.0146758 0.00211285 0.787277 1.97765e-07 7.81306e-05 1.94514e-05 0.0195753 3.79371e-06 2.29082e-07 0.0113468 0.000846511 1.81773e-06 0.0153166 0.0158385 6.06738e-07 
3.05602e-05 6.03693e-07 0.0384946 0.033201 0.00300909 0.0770827 0.00112394 0.00261272 0.00214006 0.00475963 0.797639 2.98688e-05 0.00486424 1.35082e-06 0.0227391 2.67647e-06 3.74064e-06 0.000185705 0.000364156 3.58126e-06 0.00456793 0.00490534 0.00223883 
3.03008e-08 3.22572e-05 0.078531 0.092537 0.000158419 0.00130771 0.0273003 0.000143979 0.014126 5.72881e-06 0.525475 6.37447e-05 7.7078e-06 0.00084948 0.178615 4.67372e-05 2.20325e-05 0.0278567 0.00493157 4.4023e-05 0.0405876 0.00731294 4.4549e-05 
0.00367306 3.83434e-06 0.0179959 0.089181 0.0131553 0.0827668 0.0696016 9.48796e-05 0.00290553 5.28691e-05 0.401409 0.0145661 0.000292579 0.0192389 0.0517294 5.5533e-06 1.72904e-05 0.00767458 0.0721008 0.00362651 0.107008 0.0424735 0.00042772 
5.28707e-05 0.000116839 0.0602252 0.0866535 0.0116669 0.0209403 0.0180326 0.000177268 0.00725626 0.000268877 0.708383 3.07567e-05 2.79792e-05 0.00107318 0.0219006 9.42114e-08 1.91021e-06 0.0129292 0.0278537 0.00437392 0.00833859 0.00713476 0.00256129 
0.00278173 5.02108e-05 0.0231425 0.259717 0.00356227 0.013928 0.0159173 0.000347523 0.00385519 1.76911e-05 0.28408 0.00373324 1.37015e-05 0.00304427 0.194035 0.000168155 0.000216994 0.000488434 0.0406877 0.0050206 0.128254 0.0169092 2.96762e-05 
2.79751e-05 3.43152e-05 0.0545265 0.166332 0.00266107 0.00544074 9.9642e-05 7.57143e-07 0.0387372 2.82526e-05 0.549939 0.000597613 4.14779e-07 2.39794e-06 0.151091 0.000234381 3.04086e-06 4.22127e-06 0.00056748 0.00332079 0.00432767 0.0220202 2.56484e-06 
0.00108613 0.000842726 0.00400448 0.008981 0.0285254 0.000286445 0.00243689 2.40366e-05 0.00878725 0.00896604 0.39085 0.00292728 0.000259196 0.0315144 0.245137 1.08419e-06 2.15955e-05 0.000724388 0.0133714 0.0267316 0.051243 0.173279 8.24723e-08 
3.30844e-07 0.00999516 0.100924 0.0222635 0.0688944 0.0176876 0.00747955 8.68077e-09 0.012473 6.957e-08 0.674045 1.88049e-06 3.24757e-07 1.42919e-07 0.0491715 5.55075e-05 0.000420483 0.00250495 2.03599e-06 0.0034381 0.00509306 0.0255497 4.52955e-09 
0.000619485 0.00157046 0.0500966 0.0618155 0.0210572 0.0419953 0.0123409 0.000548644 0.109408 0.00223997 0.213905 0.00164111 0.00010441 0.0130159 0.1342 0.00218063 0.00359484 0.177603 0.00701179 0.00774511 0.062708 0.0727764 0.00182184 
0.00135826 0.000428941 0.059325 0.0911163 0.0216955 0.0412708 0.0275047 0.000147844 0.0491923 0.00626652 0.496537 6.65558e-05 9.70576e-07 0.00879629 0.0394708 3.4188e-05 0.0138272 0.0273081 0.00551817 0.0300437 0.0458636 0.0278559 0.00637187 
0.0479326 0.000994363 0.0404569 0.0130619 0.0102438 0.0277877 0.0017193 2.04029e-07 0.0462322 0.0015295 0.535744 0.00269779 0.00142594 0.0136542 0.112099 7.68336e-05 0.00299728 0.00124922 0.0183306 0.011718 0.00933414 0.100594 0.000120195 
0.0228317 7.36848e-06 0.151093 7.37017e-06 0.0206398 7.36975e-06 0.00958589 7.35114e-06 7.3693e-06 7.35897e-06 0.580693 0.0882971 7.35816e-06 0.0162112 7.3703e-06 7.35981e-06 7.35535e-06 0.0117937 7.36955e-06 0.057482 0.0162188 0.0250651 7.36067e-06 
5.66172e-07 0.000310992 0.126517 0.196089 0.035296 0.0162267 0.0216269 0.000117375 9.4492e-05 1.99827e-06 0.380095 1.0685e-06 6.74532e-05 1.928e-06 0.0902038 7.60051e-10 6.25672e-05 3.58613e-05 0.000196077 0.0316551 0.0773275 0.0240717 1.97383e-07 
1.5094e-07 1.50957e-07 9.66784e-07 0.102529 6.71322e-08 0.00414815 0.0162008 1.17585e-07 1.04685e-09 7.35182e-12 0.773393 0.000650487 7.84806e-12 0.000468428 0.0683975 2.42938e-07 2.13939e-05 1.78736e-07 0.0121007 1.62597e-07 0.0185307 0.00355806 6.3246e-12 
1.28431e-09 1.66897e-05 0.0295278 0.0431181 1.10502e-05 0.00115277 0.148297 3.06318e-09 2.64292e-10 3.55865e-06 0.744501 0.000113093 2.08319e-06 0.00291533 0.013886 2.16524e-05 0.000577042 8.36546e-05 0.00117242 0.000191514 0.0138239 0.00058554 1.59834e-09 
0.0220519 0.000303415 0.0199919 0.10986 0.0171166 0.0563615 0.0076014 0.000788635 0.0156081 0.00294123 0.323357 0.00318941 2.18097e-05 0.0468046 0.149953 2.01174e-07 0.00281398 0.0261965 0.0279537 0.0620705 0.0080589 0.096616 0.000339796 
0.0211764 7.8485e-05 0.0217354 0.0296789 0.00283061 0.00431391 0.00535446 1.38878e-05 0.0316267 0.0001137 0.575516 0.0143049 0.000138056 0.00162729 0.144435 0.000132448 0.000187032 0.000897839 0.0814415 0.0294593 0.0168561 0.0180381 4.42624e-05 
0.00117438 0.000192209 0.00810918 0.0164732 0.00017739 0.012727 0.00125518 1.2755e-05 0.0617241 0.116012 0.720491 0.000844484 0.000338247 0.00122163 0.038984 9.57281e-06 0.00024108 0.00557369 5.6023e-06 0.00136058 0.00745283 0.00539896 0.000221729 
1.90911e-06 0.000193376 0.00693682 0.0515313 0.00885374 0.00120381 0.00616604 0.000257692 0.0577748 0.00104138 0.67123 4.70735e-08 5.34678e-05 0.00451998 0.124229 0.000202277 8.9998e-05 0.00217497 0.00117814 0.00184892 0.0342966 0.0262163 3.60587e-08 
2.47553e-05 3.22578e-07 8.36715e-05 0.1358 0.000369869 0.200389 0.000165052 2.53314e-06 0.109116 1.53645e-06 0.512663 1.72553e-06 1.64016e-06 7.21802e-07 0.000867312 1.43015e-06 1.99878e-06 0.000297048 0.00714104 0.001073 0.0261648 2.63387e-05 0.00580705 
1.20366e-06 0.00135801 4.06423e-06 0.00702844 6.29655e-07 0.213218 1.82563e-10 1.24764e-09 1.00122e-06 7.56742e-10 0.655192 8.49869e-10 8.07821e-10 1.26919e-05 0.00228052 4.23335e-07 0.0480137 2.85232e-10 0.000111088 3.03177e-06 0.0176858 0.0550893 6.51008e-10 
0.000103647 0.000310917 0.00329392 0.071725 0.000498774 0.0349328 0.00451529 0.00114932 0.000550354 0.0156344 0.717172 9.81293e-05 0.000126584 0.00229687 0.0458472 6.85499e-06 0.000546492 3.64054e-05 0.00454014 0.0431799 0.0318483 0.0215567 3.03793e-05 
6.00219e-06 6.91364e-06 0.265631 0.0420069 0.0371504 0.0050355 0.00271964 9.56818e-05 0.0876517 6.09003e-05 0.454721 0.010887 0.00059935 0.000132452 0.0284154 4.09194e-06 2.45532e-06 0.000709065 0.00263051 0.0234177 0.00646946 0.0316417 4.80837e-06 
0.000636024 6.17374e-06 0.00102092 0.0391002 0.00387549 0.00572185 0.00128574 2.21508e-06 0.00018353 1.33741e-05 0.850549 0.00700678 1.87457e-05 6.01144e-05 0.00870786 2.42016e-06 8.26473e-05 8.242e-06 0.000689059 0.00258947 0.0199451 0.058484 1.10581e-05 
0.00215766 0.000116896 0.207701 0.00302143 0.00263304 0.0420442 0.00069306 1.45654e-07 0.191056 0.0269916 0.469104 3.26742e-05 0.000189104 0.000881934 0.00102946 5.29791e-08 1.2038e-07 0.00630229 0.00746188 0.00391553 0.0218177 0.0128496 5.27863e-07 
2.79294e-05 2.58481e-05 0.000309503 0.000509981 4.21186e-07 0.00384667 9.00513e-05 1.14416e-07 5.2481e-06 7.39784e-06 0.992399 8.72693e-08 1.66054e-06 0.00019283 0.000437973 6.73842e-06 3.28087e-07 3.74773e-05 4.88203e-05 0.000159229 0.00147361 0.000417472 1.65137e-06 
0.00021925 0.0079185 0.0973028 0.0769267 0.102956 0.0993817 0.000258711 1.31193e-07 0.00468511 2.66986e-08 0.261522 0.0221439 0.000110652 0.0462126 0.0380415 7.40639e-06 0.000878932 0.012412 0.0066962 0.0100245 0.0166858 0.195516 9.89028e-05 
7.52013e-05 0.000392062 0.00114925 0.0615349 0.00155871 0.00436468 0.00463814 2.76223e-05 0.00572431 0.0214987 0.83113 0.000600729 1.54227e-05 0.000718636 0.0162655 0.00984687 0.000302352 4.33758e-05 0.0310697 0.000378437 0.00366657 0.00499803 2.54796e-07 
0.000311299 0.000290863 0.061424 0.0635442 0.0136753 0.00230713 0.00347346 0.100086 0.0041175 0.00112628 0.601012 0.00098283 2.42483e-06 0.0207983 0.0547664 4.87927e-05 0.0102879 0.00531287 0.00372119 0.0129985 0.0360645 0.00364757 2.79249e-07 
0.003006 6.75101e-07 0.102283 0.00550114 0.0254246 0.159753 0.00204431 1.2861e-06 0.00129892 1.25666e-06 0.253874 8.83828e-07 1.71014e-06 0.156697 0.217149 1.24663e-08 4.28039e-05 0.00054799 1.07707e-05 0.00883059 0.025927 0.0375526 5.17651e-05 
0.000146601 0.000691861 0.036046 0.154518 0.00469034 0.0396132 0.0044649 4.69505e-06 0.00585141 4.2935e-08 0.559024 0.00202296 4.5833e-08 0.00450712 0.074383 0.00174537 5.87732e-06 0.0207302 0.000433494 0.00889773 0.0303485 0.0518545 2.01067e-05 
2.65885e-08 2.34271e-05 3.1252e-09 6.57989e-05 1.41457e-05 2.3913e-05 9.27943e-09 6.34157e-08 5.63622e-05 3.84641e-08 0.947788 4.31977e-08 4.10604e-08 0.00908368 0.0423899 3.58029e-08 0.00017018 1.44979e-08 4.68855e-09 7.94292e-09 0.000234345 7.18821e-06 0.000142319 
4.99157e-06 0.000597119 0.00125821 0.254473 4.04364e-08 0.000365798 0.109657 1.54655e-06 2.16597e-05 1.03861e-08 0.408478 0.000412972 1.69152e-07 0.00161027 0.00348674 3.32634e-05 7.2804e-07 0.00483723 0.0695723 0.00628259 0.137835 0.00107102 8.93496e-09 
0.00015321 0.000223523 0.0353262 0.0505323 0.0153672 0.0524866 0.00191576 9.41539e-05 0.000807834 4.69879e-05 0.70757 7.32215e-05 0.000196444 0.000579858 0.0102949 1.46086e-05 0.010529 0.0364881 0.000403079 0.00125641 0.0191147 0.056182 0.000343516 
2.12541e-05 0.000288212 0.0249697 0.0573761 0.0246015 0.0286754 0.00131957 0.000107229 0.033713 0.000205817 0.412634 0.0206858 0.000118088 0.00367018 0.0614024 1.13183e-05 0.000663381 0.00207842 0.0185965 0.00731166 0.233104 0.0684464 4.49771e-07 
0.000347617 8.578e-05 0.0462651 0.143797 0.040376 0.0134527 0.0212833 0.0030244 0.0470821 0.019055 0.40921 0.00128136 1.1216e-05 0.00500866 0.110836 3.42748e-05 1.25963e-05 0.00347849 0.00760824 0.0208087 0.0689897 0.0379512 1.16554e-07 
1.44917e-09 3.30154e-06 1.70335e-10 1.48802e-10 4.0557e-10 2.20869e-10 5.05762e-10 1.83223e-05 2.98218e-10 8.38783e-06 0.967594 2.35443e-09 2.23794e-09 5.41688e-05 1.7782e-06 1.95139e-09 2.72726e-09 7.90188e-10 2.55543e-10 0.0320278 0.000292248 1.95794e-10 1.80351e-09 
4.48897e-05 0.000117404 0.0327067 0.094908 9.78221e-05 0.00833969 0.0705269 5.38475e-05 0.0036798 8.55162e-06 0.397949 0.0005787 8.16516e-06 0.00824625 0.200653 5.40685e-06 0.000271198 0.00105236 0.0178599 0.0123827 0.0205672 0.129938 4.32287e-06 
0.00343477 9.9715e-05 0.00573482 0.231661 0.000819968 0.00946172 0.000758602 1.38918e-05 0.0264668 0.000117561 0.607288 1.18664e-05 0.000257458 0.0173256 0.0184847 1.42873e-05 0.0145852 3.07912e-05 2.63079e-05 0.00151079 0.0392839 0.0225442 6.74475e-05 
2.86801e-05 0.000680198 0.0158621 0.0342701 0.0454853 0.0817955 0.000233076 7.61774e-06 0.027424 1.561e-05 0.515779 0.000782264 0.000180424 0.00357978 0.0780319 8.13709e-06 0.000918866 0.00336775 7.51923e-05 0.00342965 0.0526711 0.13176 0.00361367 
1.32642e-09 9.67279e-07 0.0479459 2.60957e-05 5.53149e-06 0.0687002 1.46288e-05 5.38131e-06 2.72958e-10 1.91886e-09 0.733307 2.155e-09 2.04838e-09 2.12751e-05 5.92456e-06 1.7861e-09 7.73865e-05 7.23258e-10 2.33898e-10 3.96249e-10 0.149881 6.1829e-06 1.98255e-06 
4.67584e-06 0.000126885 0.0139379 0.0298558 0.0126719 0.00616722 0.00729337 9.97396e-05 0.0221497 0.0058578 0.437014 0.000132423 1.21192e-06 0.00787805 0.0824658 0.130313 0.00160829 0.000567507 0.0080449 0.0023261 0.011677 0.219808 4.45914e-10 
7.96119e-05 0.000428077 0.0198009 0.0957812 0.00782179 0.0168788 0.00510093 0.000767773 0.0137352 9.53299e-06 0.645516 0.00161094 4.51094e-05 0.00287048 0.0390346 1.01427e-06 0.0222083 0.00622119 0.069639 0.00108901 0.0285264 0.0210208 0.00181377 
8.94642e-05 0.00110053 9.7074e-06 0.00165582 0.000156086 0.0221884 1.25319e-05 1.32172e-06 8.91564e-05 0.000412389 0.920626 0.0111783 8.55787e-07 4.07322e-05 1.71531e-06 1.36875e-05 0.040024 5.20143e-05 0.00037553 1.08295e-05 0.00191929 4.09172e-05 6.89663e-07 
0.00563475 3.11731e-05 0.0791992 0.110999 0.00472244 0.0404002 0.0196649 0.000178095 0.0272924 0.000272743 0.310082 0.00190731 1.61857e-05 0.000802954 0.199114 1.06416e-05 0.0149524 0.000754473 0.0221776 0.00384133 0.08557 0.0723505 2.53838e-05 
0.00747995 0.000170572 0.0855637 0.0747944 0.00823126 0.0315279 0.00299382 2.47037e-05 0.000356806 1.93458e-05 0.495127 0.000776791 8.8601e-07 0.076101 0.124869 1.92314e-07 0.000543148 0.000517924 0.0204987 0.00951986 0.0350376 0.0257942 5.07126e-05 
0.00153218 3.78251e-06 0.0204753 0.0707185 1.67476e-07 0.023043 2.0885e-07 1.42728e-06 6.24108e-06 0.00086582 0.67447 3.20864e-05 6.21794e-05 0.00483263 0.174016 8.05807e-07 1.1262e-06 7.72116e-05 2.13932e-05 0.002265 0.00803611 0.0195214 1.75418e-05 
0.00358868 1.93814e-06 0.0127487 0.138343 0.0608831 0.00570097 1.94966e-06 5.33516e-08 6.10009e-07 0.0232188 0.730127 3.63422e-08 3.45441e-08 0.000899529 0.00182992 3.0121e-08 3.6767e-06 8.5032e-05 8.26865e-06 1.4314e-06 0.00847033 0.0140877 2.78385e-08 
9.87638e-06 3.73949e-06 0.0580376 0.0952957 0.00333279 0.0925248 0.00970971 0.000173642 0.0484398 1.31732e-05 0.509521 0.0103649 2.68325e-05 0.000437696 0.0519169 2.48027e-05 6.13902e-05 0.00147909 0.000668746 0.00543947 0.100352 0.0121663 1.18778e-07 
0.00558043 0.00509299 0.0333239 0.00706773 0.00183873 0.172731 0.000187226 5.38054e-05 0.000469902 0.00306798 0.642624 0.00110103 0.00248439 0.00135109 0.0152842 1.66155e-05 9.72406e-05 0.0195662 0.0526471 0.00947749 0.00354052 0.0223927 3.734e-06 
0.00440645 4.16516e-05 0.0100073 0.0227536 0.00720478 0.0136166 0.00533002 1.72113e-06 0.129394 0.00336879 0.584112 0.0504059 0.000365124 0.000217653 0.0711832 0.000590599 2.91666e-08 0.00247916 0.000240438 0.0023686 0.0752139 0.0166267 7.14373e-05 
4.82748e-08 1.46622e-08 0.000135052 0.000193324 5.94592e-05 0.000465743 1.6848e-08 0.000967286 0.000147037 0.000216564 0.994624 7.84309e-08 7.45504e-08 0.00154529 0.000690329 6.50048e-08 9.08509e-08 2.63228e-08 5.10844e-05 1.44214e-08 0.00027935 0.00048657 0.000138241 
4.15103e-07 4.40974e-05 1.85445e-06 0.000267119 1.47035e-11 2.97882e-07 0.000410899 1.25307e-10 0.000296106 2.81291e-07 0.957108 8.53572e-11 8.1134e-11 3.35666e-07 0.0341041 0.000841658 9.8874e-11 0.000228811 9.26442e-12 0.00224026 0.00199284 0.00246278 1.37372e-07 
1.15966e-07 0.000729634 0.000404539 0.0168348 0.0230436 0.00287069 0.00656381 0.000179324 0.0642169 0.00588224 0.627319 2.7313e-05 3.53247e-05 0.000815431 0.0466248 0.000159074 0.0030057 0.00104516 0.00240263 0.0141774 0.138667 0.0287211 0.0162749 
0.00302055 0.000132745 0.00645537 0.0253329 0.0413276 0.0385478 0.00229698 1.1526e-05 0.118317 0.033665 0.319729 0.036941 1.08161e-05 0.00106864 0.105968 0.163871 0.000330086 0.0385991 0.0006403 0.00701461 0.038532 0.0146352 0.0035525 
0.0364374 0.0024277 0.00648983 0.0106712 0.00252751 0.105938 0.0218894 0.000474875 0.0112638 0.0357833 0.530515 0.000713065 0.000142669 0.00100481 0.126654 1.24082e-07 8.08608e-06 0.0038594 0.0022031 0.00718512 0.0767231 0.0169496 0.000138406 
4.92022e-09 1.00778e-06 1.47028e-05 3.4863e-06 1.42477e-07 0.039484 1.71716e-09 4.53542e-06 1.22338e-05 7.11782e-09 0.882145 7.99376e-09 7.59826e-09 3.78619e-07 2.86737e-05 1.75237e-06 1.72619e-06 0.00169156 0.0080938 4.46051e-05 0.065974 0.00248403 1.44852e-05 
0.0263569 2.47752e-06 0.0391299 0.0866555 0.0577676 2.77253e-05 0.0526682 6.28233e-06 0.0349447 0.000124388 0.293605 0.0524184 1.9183e-08 0.0523342 2.45019e-06 1.67267e-08 0.00642066 1.36165e-05 0.00512516 0.00749987 0.061924 0.222858 0.000114893 
3.02931e-08 7.50909e-07 0.0134841 0.0709928 2.70546e-07 3.02226e-06 1.05723e-08 9.3106e-05 1.26645e-06 9.67784e-07 0.783273 0.000912085 4.67814e-08 0.014039 0.000953053 4.07914e-08 5.70102e-08 1.65179e-08 6.54589e-05 0.000822605 0.0404277 0.0749274 3.49768e-06 
0.00240118 0.000601957 0.0159563 0.0320994 0.0267849 0.175271 0.000646028 0.00151143 0.00107735 0.000360796 0.41235 1.18503e-06 3.67392e-07 0.00594441 0.0864505 3.62268e-06 0.00117548 0.000636053 0.0273184 0.00918288 0.0405867 0.151868 0.00777238 
0.000677902 0.00189445 0.0801266 0.0045155 0.00602219 0.00167768 0.000199725 2.26019e-06 0.0562746 0.0160501 0.419374 0.000765509 2.23945e-07 0.083853 0.160871 0.000145194 0.00025867 0.000793048 6.72995e-06 0.0316585 0.079294 0.0555366 2.35046e-06 
0.000916326 0.000176446 0.0340685 0.259359 0.0533948 0.00329466 0.0203765 0.0182981 0.0874054 0.00466034 0.331332 0.00553388 5.74904e-05 0.000872905 0.0173566 0.0353498 2.20185e-05 0.00467134 0.0256928 0.013429 0.0616178 0.0218897 0.000224972 
9.01027e-08 5.41506e-06 0.0418334 0.206533 0.0254218 0.00741716 0.00214981 0.00482412 0.0312826 4.02384e-09 0.490419 0.000159598 4.08844e-07 8.55694e-06 0.049697 3.74544e-09 6.4536e-06 0.000569512 0.0637512 0.00367375 0.05119 0.0197775 0.00128002 
0.00456835 2.41548e-05 0.113241 0.100691 0.0730473 0.125585 0.00180787 0.00651505 0.0336426 0.000317965 0.231393 0.00138203 9.53324e-05 0.00248768 0.0889014 3.43431e-05 0.000215101 0.00913515 0.0609608 0.0281373 0.0740389 0.0436245 0.000153902 
0.00437938 0.000802666 0.11955 0.0231369 0.0104942 0.0188162 0.0288602 1.09539e-06 0.0327254 0.000122373 0.349842 0.0240587 0.000688078 0.00174071 0.256959 1.27337e-08 2.37598e-05 0.0040291 0.0120968 0.0148733 0.033179 0.0634212 0.000200308 
9.6208e-06 7.10366e-05 0.0259811 0.0742744 0.121574 0.174207 0.000923317 6.50553e-07 1.95926e-06 6.42342e-07 0.414951 0.0202132 2.55921e-07 0.00192313 7.08705e-06 1.23734e-06 8.08232e-05 0.00230216 1.14789e-07 1.99366e-06 0.163471 3.14034e-06 1.98483e-09 
0.00616019 0.00296676 0.0253513 0.110701 0.00276925 0.0246581 0.0365868 1.09613e-05 0.00262212 0.152173 0.344094 2.93038e-07 2.75765e-07 0.0103457 0.112318 1.42556e-06 0.000937625 0.00663596 0.0235206 0.0513274 0.029043 0.0572478 0.000528602 
0.000631437 0.000348565 0.0668006 0.0434999 0.00586463 0.0738062 0.0139739 2.54633e-05 0.00273787 9.01096e-06 0.398665 0.0200267 0.000120988 7.67661e-05 0.130244 0.0205309 0.056727 0.042649 0.0280362 0.00577103 0.0303164 0.0591196 1.82497e-05 
0.0005352 4.13847e-05 0.0658612 0.0401054 0.00820629 0.0462126 0.0156687 2.09968e-06 0.00334158 2.08835e-05 0.56517 0.000782166 4.99592e-06 0.0386913 0.118252 0.000232799 0.000265459 0.000118339 0.00673232 0.00347435 0.0293195 0.0569492 1.20916e-05 
7.31764e-05 0.000300239 0.0576278 0.0183469 0.00158657 0.00945907 0.0134816 1.82209e-05 0.00292136 3.20423e-06 0.619826 0.00247092 5.70903e-05 0.000384792 0.168907 0.000123681 0.00402394 9.22535e-07 0.068167 0.000235495 0.0225981 0.00938683 1.12436e-08 
0.00290439 0.0281519 0.119579 0.161779 0.019656 0.0964968 0.0205891 2.47497e-06 0.00754585 0.0015511 0.180379 5.59533e-05 0.00244366 0.0393969 0.0321332 5.16582e-05 0.126822 0.0777926 0.00337071 0.041404 0.00399549 0.0338996 2.35156e-07 
3.1054e-06 1.80302e-05 0.022684 0.0359096 0.121803 0.151864 5.36874e-05 0.000750748 0.00592673 0.000244051 0.347624 0.000474008 3.50653e-05 0.00317666 0.00249329 7.29202e-08 1.01913e-07 0.265197 0.000356398 0.00458903 0.0305355 0.00625745 4.76576e-06 
9.83471e-05 3.81188e-05 6.07431e-06 0.00289155 6.28975e-05 0.0240547 0.00018689 1.52662e-05 0.014136 0.00344278 0.723507 0.00405461 1.08273e-07 0.000260486 0.2065 8.70145e-06 8.36894e-07 3.43318e-07 0.000102416 9.56766e-05 0.00406068 0.0163374 0.000139073 
0.013692 3.15348e-06 0.0773671 0.0454229 0.00426558 0.02241 0.0396141 6.8347e-05 0.0590083 0.0135467 0.5299 0.00303361 0.00025008 0.00144034 0.0968031 3.57088e-06 0.000194666 0.00624184 0.00273561 0.00463563 0.0334713 0.0457561 0.000136267 
0.000895608 0.0240254 0.0272931 0.0635201 0.0173269 0.0550573 0.00417661 9.89521e-06 0.00322186 0.00020857 0.418357 0.000502695 0.000112935 0.00187977 0.0858955 4.3454e-05 0.000886354 0.000439272 0.00378994 0.000614876 0.0528327 0.238886 2.46371e-05 
0.00467161 0.000401769 0.00671567 0.0754438 0.0351009 0.0317932 0.00955544 2.04694e-05 0.00447816 0.00597502 0.649572 1.02785e-06 0.0297104 0.00184247 0.0118464 2.52611e-06 0.00161582 0.0115374 0.0172293 0.0329266 0.0522497 0.0173014 8.79006e-06 
0.00498124 0.000144778 0.0546824 0.0190985 0.0210261 0.0565929 0.000911092 4.29467e-05 0.110002 0.00840484 0.520518 1.43484e-05 2.35085e-05 0.00863502 0.0482661 3.73874e-05 0.00030467 0.00480909 0.00781483 0.00305389 0.0207276 0.109806 0.000102332 
4.20412e-07 4.1562e-06 0.0103341 0.19112 0.0027432 0.0534089 0.00286389 2.48621e-05 0.00112852 0.00242744 0.438009 6.83034e-07 3.58621e-05 1.53723e-05 0.01961 5.66109e-07 3.90246e-05 0.193633 0.00169106 0.000276791 0.0764877 0.00609864 4.72927e-05 
0.0209831 1.69965e-05 0.00954512 0.0291024 0.0592957 0.113539 0.00124124 4.03269e-05 0.00132261 0.00048765 0.407367 0.0297144 0.000341164 0.000793657 0.1403 2.30263e-05 4.002e-06 0.0494068 0.0574004 0.0069518 0.015449 0.0551942 0.00148016 
9.6208e-06 7.10366e-05 0.0259811 0.0742744 0.121574 0.174207 0.000923317 6.50553e-07 1.95926e-06 6.42342e-07 0.414951 0.0202132 2.55921e-07 0.00192313 7.08705e-06 1.23734e-06 8.08232e-05 0.00230216 1.14789e-07 1.99366e-06 0.163471 3.14034e-06 1.98483e-09 
4.18464e-05 0.000176707 9.08523e-05 1.52439e-06 9.83563e-07 1.3428e-05 4.17084e-05 3.07735e-06 0.0807537 0.00237716 0.885313 2.53932e-05 1.67874e-06 9.95139e-06 6.12417e-05 8.03037e-06 1.2589e-05 2.29442e-08 8.67344e-07 6.50751e-06 8.28201e-05 0.0309769 5.23674e-08 
6.55879e-07 4.95629e-06 0.237632 0.0292835 0.0150337 0.274441 0.00131261 0.00624826 0.00211985 0.00283547 0.325716 6.12986e-06 1.77375e-06 0.00806654 0.00123964 6.8097e-08 2.0063e-08 0.000891144 0.00046764 0.000799193 0.0853213 0.00857781 4.93403e-07 
0.0162788 0.000730149 0.0808355 0.0190048 0.0152655 0.0362965 0.00815007 0.000350162 0.0128945 0.0180602 0.431476 0.0543289 0.000244954 0.00365816 0.166585 1.48956e-05 0.000302943 0.00156359 0.0384512 0.0238182 0.0202304 0.051344 0.000115569 
2.79294e-05 2.58481e-05 0.000309503 0.000509981 4.21186e-07 0.00384667 9.00513e-05 1.14416e-07 5.2481e-06 7.39784e-06 0.992399 8.72693e-08 1.66054e-06 0.00019283 0.000437973 6.73842e-06 3.28087e-07 3.74773e-05 4.88203e-05 0.000159229 0.00147361 0.000417472 1.65137e-06 
0.00516133 0.000630534 0.00465166 0.0402457 0.00862379 0.0283939 0.000414507 1.11633e-05 0.00615407 0.0241768 0.745976 1.32226e-06 0.00577938 0.00386427 0.0265525 1.44416e-05 0.00011061 0.00722552 0.00145508 0.00211471 0.020614 0.0678029 2.61569e-05 
0.00114484 0.000121399 0.00875019 0.116968 0.0133402 0.000109856 0.0247352 3.86294e-05 0.000514171 0.00781487 0.71188 2.66206e-06 4.45898e-07 0.00304567 0.0821956 2.56447e-05 0.00111502 0.000406326 0.00553197 0.000509745 0.0213733 0.000376195 1.96471e-09 
3.96619e-05 0.000222538 0.0714739 0.207985 0.0238309 0.0248493 2.50604e-07 2.42005e-05 1.66014e-06 0.000278366 0.472257 1.79521e-07 9.62619e-11 0.00114114 0.06944 1.67672e-07 0.104756 0.00524604 0.0038652 1.12186e-07 0.0135476 0.00104123 7.75756e-11 
4.33995e-06 4.08863e-05 0.0113108 0.0425274 0.000666758 0.00461498 0.0192371 6.96626e-05 0.0148201 6.42896e-06 0.466316 1.30362e-05 7.15693e-06 0.0076553 0.0393846 7.90921e-08 6.51926e-06 3.96941e-05 0.00128782 0.00126941 0.382764 0.00791739 4.07785e-05 
0.0383254 1.98934e-05 0.00338553 0.145077 0.0299125 0.0447817 0.0240944 1.21526e-05 0.014154 0.00394041 0.449818 0.000106498 0.00258099 0.000434434 0.019632 6.36865e-06 1.33696e-06 0.0103494 0.00397922 0.0219524 0.0140417 0.173191 0.000203867 
0.000248066 0.000909451 0.0436885 0.266761 0.00268285 0.0160841 0.00893689 4.72469e-06 8.6119e-07 9.34405e-07 0.421291 0.00118847 4.31972e-05 0.0106014 0.0622223 4.72632e-05 0.031414 0.000156561 0.0287282 0.0584103 0.0066835 0.0398961 6.8216e-07 
5.28897e-05 2.08204e-05 0.0185935 0.101613 0.0039498 0.0356834 0.0282287 0.00131138 4.54722e-05 6.29604e-07 0.439859 0.00619112 7.21856e-09 0.00579302 0.0199805 7.7761e-10 0.0269688 0.00155277 0.193362 0.0122506 0.0458404 0.0564809 0.00222127 
3.5101e-05 1.59927e-05 0.0216397 0.0238292 3.7656e-05 0.0010006 0.014487 2.72724e-07 0.002901 2.36819e-08 0.916025 1.43478e-10 3.9461e-05 5.33588e-05 0.011877 1.18917e-10 4.31716e-08 7.08146e-05 0.00228623 0.000418533 0.00221984 0.00145987 0.00160352 
1.2066e-09 3.66473e-10 1.76194e-06 2.93209e-06 0.00851788 0.0110027 0.00163062 2.87784e-09 0.125584 0.00358496 0.744954 1.96033e-09 1.86334e-09 9.19432e-06 5.64973e-06 4.39688e-07 4.65669e-06 0.00120213 7.20466e-07 0.0127927 0.00760341 0.0831027 1.50163e-09 
0.00130597 0.0027848 0.00902062 0.0408845 0.00108389 1.59695e-06 0.00655063 4.60903e-07 9.16114e-05 3.19234e-07 0.403109 2.44668e-06 3.63212e-05 0.298832 0.00261395 3.05905e-07 0.000260611 3.99414e-07 0.00117504 0.115753 0.0893537 0.0271388 4.34347e-07 
2.79294e-05 2.58481e-05 0.000309503 0.000509981 4.21186e-07 0.00384667 9.00513e-05 1.14416e-07 5.2481e-06 7.39784e-06 0.992399 8.72693e-08 1.66054e-06 0.00019283 0.000437973 6.73842e-06 3.28087e-07 3.74773e-05 4.88203e-05 0.000159229 0.00147361 0.000417472 1.65137e-06 
0.000773391 9.15496e-05 0.00095071 0.000174297 0.000471726 0.000487357 8.82475e-06 1.93686e-06 3.14312e-06 1.17479e-06 0.995728 1.31936e-06 8.1258e-06 3.57599e-06 4.55596e-06 9.58195e-06 0.000380011 4.14264e-05 1.43199e-07 0.000795426 6.26322e-05 1.09718e-07 1.01064e-06 
0.00238746 0.000218089 0.00759132 0.0300619 0.0455276 0.00439289 0.00221906 8.80836e-05 0.0149002 0.00273316 0.837278 3.17606e-05 0.000129925 0.00217809 0.0155767 1.01832e-05 9.81299e-05 0.00203221 0.00677201 0.00224282 0.012268 0.0110657 0.000196956 
2.13872e-05 1.76595e-05 0.197869 0.0575037 0.00529084 0.0330552 0.00662818 0.000153128 0.00259101 6.47342e-07 0.480099 1.71439e-06 4.74519e-08 4.36676e-05 0.0754592 1.06743e-06 9.82009e-05 0.00402256 0.118899 0.000105633 0.0169181 0.00122114 7.23245e-10 
0.0129919 0.0181083 4.64294e-06 4.64301e-06 4.64209e-06 4.64275e-06 4.64173e-06 4.63102e-06 4.64247e-06 0.00834937 0.92615 4.63502e-06 4.63544e-06 4.64001e-06 0.00279051 0.0134504 0.0129789 4.64067e-06 4.64262e-06 4.64198e-06 0.00511101 4.64284e-06 4.63703e-06 
0.00081955 0.000260601 0.0646275 0.0445932 0.00154584 0.00705972 0.00941263 3.54726e-05 0.000107975 5.10825e-08 0.81934 7.83399e-05 3.87674e-05 0.000775115 0.00926736 7.31679e-05 0.00643944 0.00527178 0.00817275 4.89504e-05 0.00143721 0.0200889 0.000506038 
0.0133016 0.000499296 0.0259294 0.0934982 0.0120481 0.0453944 0.0116606 0.000694976 0.0102239 0.00709777 0.435424 0.00788069 0.00019847 0.0178972 0.0676592 0.000708741 0.000697808 0.008315 0.0267014 0.0629598 0.0457578 0.104769 0.00068282 
0.000104918 0.000105 0.000105022 0.000105024 0.000105003 0.000105018 0.000104995 0.000104753 0.000105012 0.000104864 0.997691 0.000104843 0.000104853 0.000104956 0.000105026 0.000104877 0.000104813 0.000104971 0.000105015 0.000105001 0.000105005 0.00010502 0.000104889 
0.000348661 2.33142e-05 0.0146373 0.0277907 0.0227159 0.066458 0.000117639 0.000110914 0.0164237 8.00903e-05 0.583018 0.040958 2.66535e-05 0.000760143 0.0636634 2.85157e-05 4.6046e-05 0.0080767 0.000468498 0.00629443 0.00674235 0.135704 0.00550702 
0.000820762 4.22662e-05 0.000218966 0.00896186 0.00199208 0.017918 0.00047316 7.40865e-10 0.000390346 1.33342e-07 0.492018 0.00460225 1.78717e-07 3.81894e-05 0.0601187 4.18273e-10 1.91196e-07 8.35004e-07 0.000128166 0.000143378 0.00266934 0.409463 3.86577e-10 
7.72696e-05 0.000107227 0.00028985 0.0282998 0.0334166 0.0208157 0.0010084 1.59866e-05 0.00105784 0.00373572 0.786982 0.0018024 1.39987e-08 0.00287674 0.0593754 1.22063e-08 0.0384604 1.63609e-05 0.000272997 0.00235599 0.00241369 0.0150651 0.00155429 
7.4824e-05 0.000147152 0.0523079 0.0385258 0.00165465 0.0775141 0.0214218 0.000482918 5.42775e-05 3.56009e-06 0.725906 3.32369e-06 1.37079e-05 0.000695543 0.0398292 3.33356e-05 0.0101994 0.00120096 0.00257763 0.00107807 0.0228626 0.00341322 1.13788e-08 
0.000669316 5.7977e-05 0.0731551 0.0608809 0.060393 0.109108 0.00980879 1.07133e-05 0.000392922 0.00348461 0.481187 0.00156122 0.000562069 0.0456954 0.0073048 2.5568e-05 4.09199e-08 0.00306297 0.00288051 7.75132e-05 0.00457769 0.13494 0.000163581 
5.66552e-06 0.000744684 0.0305796 0.0139368 0.0500597 0.0326339 0.00263428 3.91406e-05 0.0459337 9.11982e-05 0.529049 0.000441423 1.07697e-06 0.000482285 0.130998 9.83378e-05 0.000691784 0.000223584 0.0273342 0.109656 0.0103386 0.014024 2.8687e-06 
5.75154e-05 1.83906e-06 0.00253604 0.00352325 1.004e-06 0.000373769 1.0491e-05 0.0035106 0.00270726 7.77642e-06 0.663016 0.000176101 4.22215e-08 0.0752488 0.0270292 3.54301e-06 0.00120395 2.43671e-06 0.000979559 0.00112455 0.0260965 0.192387 2.92936e-06 
0.00128139 6.67506e-05 0.0248634 0.134175 0.00224884 0.0139738 0.0118191 0.0002713 0.0102104 0.000673692 0.341942 0.05884 0.00015072 0.00398027 0.0371278 2.56958e-07 0.000464825 0.0282498 1.50309e-05 0.00773134 0.244127 0.0491043 0.0286827 
0.000145433 1.44791e-07 0.00465679 0.0739883 0.00369551 0.112912 0.00157358 0.00108782 0.0106053 0.00404885 0.592752 0.00304598 7.24075e-06 0.000177902 0.0307693 6.41929e-07 0.127727 0.00950131 0.00727845 0.000967477 0.00588007 0.00889318 0.000285427 
0.00221975 0.000377767 0.028743 0.0566092 0.000896586 0.00126593 0.023719 1.65878e-08 8.40761e-08 0.000108122 0.487481 4.83458e-11 6.83924e-06 0.0133284 0.106252 4.00698e-11 0.0010662 5.3904e-05 0.235064 0.00780412 0.0223066 0.0126366 6.08411e-05 
1.25311e-10 0.00010499 0.0484808 0.0543164 0.00220615 0.0990619 0.0116168 0.000134645 0.0110046 7.06018e-08 0.559803 7.56983e-05 0.000112438 0.00137195 0.0572354 1.15617e-05 0.000268638 0.00579597 0.000195633 0.00105389 0.0877473 0.058575 0.000827059 
0.147233 0.00165056 0.117012 0.0786807 0.0109875 0.0020428 0.000640332 0.000193567 0.000302533 0.00148156 0.451057 0.000328858 8.01766e-07 1.10971e-05 0.0214838 0.000147915 0.000117886 3.34765e-05 0.0144007 0.00497145 0.124671 0.022549 1.27007e-06 
3.21675e-08 0.00109733 3.16087e-07 0.0623404 0.00134694 0.176891 0.00624914 0.000243221 0.00184647 0.00769617 0.667143 5.38726e-12 5.12072e-12 0.00120485 2.42383e-07 6.71141e-06 6.24037e-12 0.000184188 5.98383e-05 4.44671e-07 0.0021023 0.0715588 2.87506e-05 
0.000191356 0.000615817 0.0220467 0.113149 0.00517879 0.0414486 0.0078945 0.00235252 0.000840134 0.00784342 0.567793 0.015753 3.34441e-05 0.0105802 0.0839382 4.71214e-06 0.0139742 0.000573313 0.00132006 0.0044931 0.0637554 0.0361741 4.63185e-05 
0.0139711 3.36454e-05 0.0257042 0.0671047 0.0171098 0.0581544 0.102053 1.6189e-05 0.00463476 0.00155053 0.614433 4.2235e-05 2.14058e-06 0.00219613 0.0122583 7.0535e-06 0.000595301 0.00130503 0.00872846 0.000108939 0.0129971 0.056664 0.000330107 
9.37688e-08 2.84798e-08 1.10216e-08 9.62829e-09 2.62425e-08 1.42914e-08 0.000147298 2.23646e-07 1.92963e-08 0.00472076 0.994579 1.52344e-07 1.44807e-07 6.37265e-08 5.54645e-05 1.26265e-07 1.76469e-07 5.11294e-08 1.6535e-08 0.000350179 0.000145718 1.26689e-08 1.16697e-07 
0.00184308 0.000635982 0.0026574 0.0338919 0.000285109 0.00087393 0.0028819 3.36849e-06 1.39353e-06 0.0120704 0.840156 0.00189702 3.25497e-06 0.00216733 0.016625 2.27211e-05 0.0417582 0.000118344 0.0274388 0.000738743 0.0058978 0.00803232 3.05635e-07 
2.97418e-05 0.000261119 0.00933638 0.00393059 0.00331241 0.00539424 0.00281372 0.000197359 0.00612339 0.0083952 0.837147 0.00921667 4.28491e-05 0.00020828 0.023529 0.0614402 0.00168937 0.000268543 0.00423136 0.00326703 0.00296812 0.0161921 4.89174e-06 
0.000369359 0.235753 0.00260898 0.0025752 0.00410647 0.0206126 0.000780318 1.15418e-05 0.000684851 7.99016e-06 0.647707 0.000124987 0.000327402 0.0442785 0.0183368 0.000144066 0.000116335 1.0203e-06 0.0024182 0.00975891 0.00135048 0.00792509 1.68587e-06 
0.00273263 0.000151752 0.00165256 0.0145645 0.00194436 0.0126915 0.00139249 3.17947e-06 0.00896405 0.00369625 0.883414 2.86462e-06 1.21667e-06 0.000123281 0.0215547 0.00043423 0.00133726 0.00262999 0.0280528 0.00152277 0.00589967 0.00539935 0.0018341 
4.65208e-07 0.00018163 0.0296882 0.0404161 0.000852542 0.00814463 0.00277803 3.6276e-07 0.00386921 3.4152e-10 0.612127 8.01596e-07 4.3613e-07 0.0208281 0.0346066 7.48696e-07 0.205845 7.89635e-05 0.00377165 0.00140339 0.0213538 0.014052 2.93802e-10 
0.000355815 0.000220028 0.0450685 0.112346 0.0607459 0.0293939 0.000862977 1.04769e-05 0.0170801 0.00219256 0.372759 3.66349e-05 2.26563e-05 0.183851 0.00543806 0.00587843 0.00122388 0.000297581 0.00692922 0.00197502 0.0436402 0.109665 7.56618e-06 
0.0086509 0.000176175 0.0315532 0.11841 0.00998123 0.0126248 0.0200348 6.91617e-05 0.0220879 6.39744e-06 0.309973 0.00446874 0.000182677 0.00706595 0.171047 0.000338133 0.0220521 0.0020751 0.0814814 0.11742 0.0470308 0.0132712 2.35838e-09 
0.000160547 0.000192844 0.158223 0.108784 1.31593e-07 0.0691848 0.00162252 2.38264e-10 0.223329 1.44517e-10 0.265903 0.000273265 8.29265e-08 0.0561498 0.0546682 8.07992e-08 6.59652e-05 0.00863424 3.58441e-05 0.0493963 0.000499871 0.00287617 1.24324e-10 
0.000172362 8.83894e-05 0.0566347 0.0249512 0.00217403 0.010532 0.00084344 9.85095e-06 0.184365 1.13663e-05 0.263134 0.0015941 0.000104719 0.0181844 0.189325 0.000537719 0.000902757 0.0302558 0.00221148 0.0176955 0.0639732 0.126475 0.00582429 
0.0886509 0.000723545 0.104299 0.0793684 0.00311651 0.0572272 0.011773 1.19068e-06 0.195852 4.82495e-07 0.249756 3.74675e-06 3.29767e-09 7.93489e-05 0.0658669 2.50215e-05 0.000677589 0.00940478 0.0295047 0.00730327 0.0904052 0.00581114 0.000149901 
9.21638e-08 2.79923e-08 3.31071e-07 4.20609e-05 0.000414813 1.40468e-08 3.21653e-08 0.000182168 0.0232232 1.33328e-07 0.975869 1.49736e-07 1.42328e-07 6.26357e-08 8.2498e-05 5.51547e-05 1.73448e-07 5.02542e-08 1.62519e-08 2.75326e-08 7.08215e-05 5.85408e-05 1.14699e-07 
9.74647e-06 2.73318e-06 3.41748e-05 0.000310953 4.20551e-05 9.60675e-06 1.87234e-06 1.40403e-06 0.0647207 6.11275e-07 0.798711 1.84327e-05 1.90322e-06 0.00324926 0.035804 3.42117e-06 3.02281e-06 4.62136e-05 4.51679e-07 0.0970055 4.00726e-06 1.86445e-05 8.99255e-09 
0.000999728 0.00248099 0.0420501 0.00515275 0.0636427 0.016464 0.000940356 0.0168088 0.0502018 0.0713229 0.335617 0.000767721 0.00109969 0.0550079 0.185677 0.0172489 0.00206771 0.00016274 0.00266476 0.0541464 0.0382927 0.0366789 0.000504186 
1.24079e-06 5.64271e-07 1.58608e-05 0.0387132 6.98328e-06 0.0109342 1.03394e-05 0.000113602 0.00141365 0.00335391 0.887447 1.08314e-08 3.18671e-06 0.000181483 0.0314611 2.64018e-06 1.08511e-05 6.78902e-06 0.000664833 3.71947e-06 0.0118998 0.0137388 1.62365e-05 
0.00337951 0.000512745 0.0136275 0.141813 4.20156e-05 0.00213919 0.011784 2.53985e-05 0.000523351 6.36136e-05 0.677312 3.70566e-09 1.86035e-05 0.00154791 0.0218608 0.000104976 0.0898557 0.00019576 0.00591426 0.000342044 0.00724149 0.021696 2.83857e-09 
0.0259025 9.20283e-05 0.0313711 0.104292 0.0661528 0.112058 0.0037699 9.77344e-05 0.0396694 0.00852698 0.328566 0.0617579 0.000136053 0.00615141 0.0381246 2.14301e-06 5.05713e-05 0.0176681 0.0233226 0.00109931 0.0323896 0.0877511 0.0110487 
8.48492e-06 0.000165097 0.0986345 0.0255798 0.082165 0.00164176 0.00127694 1.21134e-05 0.00390085 0.00959875 0.271022 4.60135e-05 0.0161514 0.000123095 0.216672 7.15203e-06 0.0108589 0.151202 0.0430044 0.00361047 0.0431847 0.0211348 2.84038e-07 
0.000153828 0.000759318 0.103824 0.0104839 0.0675332 0.0289685 0.000779062 0.000814486 0.000396943 3.86141e-08 0.329938 0.000302892 1.24986e-05 9.42322e-05 0.0784949 9.50798e-06 0.288119 0.00199982 0.0228356 0.0575507 0.00372665 0.00320264 3.32188e-08 
3.06883e-07 4.8462e-05 0.000120146 0.0123367 8.58856e-08 9.80263e-05 0.00413284 0.000344005 0.0153574 4.43952e-07 0.963418 4.98586e-07 4.73918e-07 2.08562e-07 0.00015384 0.000111377 0.00261484 1.67334e-07 2.86234e-06 0.000101639 0.000354484 5.59838e-05 0.000746702 
0.000523953 0.00646269 0.136079 0.000362618 0.00256151 0.0143236 0.000220254 0.00162974 0.0704761 0.00995533 0.59536 0.000776478 0.00343916 0.00376165 0.0628467 8.69817e-05 0.000174889 0.00186966 0.000335508 0.0587131 0.000518567 0.0295192 3.37091e-06 
3.24247e-05 6.99618e-05 0.0758124 0.165553 0.0030184 0.0185408 0.0181933 0.00151873 2.53148e-06 6.21042e-07 0.469132 7.31098e-06 1.42265e-10 0.00228077 0.126709 6.72853e-05 0.106778 0.00470737 0.00258578 0.000228632 0.00409443 0.000666669 1.14648e-10 
