0.000104022 0.00692983 0.0452516 0.164575 0.00493958 0.00657347 0.0222118 0.00035376 0.00969346 0.000496317 0.336574 0.000105 0.000820622 0.0363258 0.0871892 0.000757894 0.0106072 0.0049887 0.0630786 0.0204503 0.164697 0.0127741 0.000502582 
1.44328e-05 0.000372351 0.000934553 0.00242547 0.00059726 0.000621477 0.000904645 0.000281835 0.000331226 0.00039321 0.989049 2.34486e-05 2.22884e-05 0.000279164 0.000716611 5.23784e-05 2.71618e-05 5.96297e-05 6.139e-05 0.00131665 0.00040156 0.00108164 3.25765e-05 
1.04422e-07 1.18197e-06 0.030261 0.0283927 0.00100413 0.00204349 0.00437483 6.93433e-06 4.77187e-07 0.00035274 0.890946 1.69652e-07 1.61258e-07 7.09665e-08 0.00777792 2.70091e-06 1.01997e-05 7.35246e-05 1.17263e-05 3.09271e-05 0.0301549 0.00455194 1.88111e-06 
0.00226733 2.99571e-05 0.000247591 0.129387 0.00501797 0.0575536 0.00153924 0.000354175 0.00334154 0.00330669 0.46312 0.000276792 7.41109e-05 6.96826e-05 0.0964176 0.000268042 7.05933e-06 0.0306579 0.0127339 0.00334639 0.155511 0.034472 1.18645e-06 
4.22972e-06 4.23305e-06 0.0660539 4.23402e-06 0.162135 0.0783291 0.00635349 4.22309e-06 4.23352e-06 4.22759e-06 0.440703 4.22673e-06 4.22712e-06 4.23128e-06 0.0694434 4.22807e-06 0.0118356 0.0122767 4.23367e-06 0.049108 0.0550362 0.0338752 0.0148042 
0.00484549 0.00023977 0.0238485 0.048141 0.00761972 0.0548843 0.00685419 0.000321534 0.0120458 0.0038419 0.543913 0.0651208 0.000376149 0.00129162 0.080925 1.13395e-05 0.000237815 0.00108282 0.00824196 0.000722614 0.0363699 0.0989779 8.73343e-05 
0.000237598 0.000187751 0.00097474 0.0515617 0.00368189 0.130865 0.000577948 4.42332e-06 0.00286268 0.0144728 0.561215 4.35279e-06 1.83361e-09 0.00732564 0.041304 8.44072e-08 1.01712e-07 0.00493711 0.000460498 0.0879615 0.0456072 0.0455724 0.000185282 
0.0031152 8.47142e-05 0.00395123 0.0993296 0.0535895 0.345695 0.00662113 1.11187e-05 0.0116553 0.000332833 0.425377 0.000710688 7.39856e-07 0.00096716 0.00605062 1.36331e-06 4.86782e-07 0.0021476 0.000568493 0.0016383 0.0211085 0.017043 4.68908e-07 
8.11303e-05 0.000557995 0.0254178 0.220703 0.00118891 0.0264226 0.049792 0.0184761 0.0329611 0.00796891 0.262054 7.75159e-05 2.05042e-05 0.0125902 0.144489 9.49956e-05 0.00687685 0.00233465 0.0187919 0.0486534 0.0692635 0.0511721 1.19654e-05 
0.0363996 0.0214708 0.00515793 0.0685418 0.0426199 0.133352 0.00277447 2.53864e-05 0.00102468 9.80603e-05 0.583506 0.000853804 1.48848e-05 0.0364086 0.0133078 0.000253363 0.000333885 0.00150776 0.00337505 0.0108711 0.0270187 0.011083 1.43505e-06 
2.21835e-07 8.83767e-05 0.0497211 0.0343647 0.00597656 0.0169345 0.00429271 0.000455402 0.000872386 8.96774e-05 0.613042 7.78061e-05 1.01578e-05 6.47939e-05 0.0302926 5.44265e-05 4.17483e-07 1.25429e-05 0.000630805 0.0832632 0.0059387 0.152685 0.00113181 
0.0122855 0.000646335 0.0201859 0.0972203 0.0103036 0.0262203 0.00119048 0.011101 0.011263 0.00672754 0.551256 2.13419e-07 3.50171e-05 9.55788e-05 0.171212 8.05488e-08 0.000122073 0.00392466 0.0174739 0.00129866 0.0340733 0.0233574 7.54488e-06 
3.76065e-05 1.77399e-05 3.2385e-08 1.68696e-05 0.000167238 0.000108145 1.45878e-05 6.57147e-07 8.17433e-06 3.98586e-07 0.933976 0.000731732 4.2549e-07 1.87249e-07 0.0111084 1.15537e-05 9.81995e-05 1.50235e-07 4.85852e-08 4.16372e-05 6.79275e-05 0.0535922 3.42894e-07 
6.00761e-05 6.50483e-06 0.151991 0.0872412 0.00212566 0.00389132 0.010398 0.000385008 0.0460262 1.4959e-06 0.412213 6.15049e-05 1.08216e-07 0.0440531 0.0988201 0.000528883 1.41651e-05 0.00795103 0.0164783 0.0208086 0.0240765 0.0728681 1.49129e-07 
2.79751e-05 3.43152e-05 0.0545265 0.166332 0.00266107 0.00544074 9.9642e-05 7.57143e-07 0.0387372 2.82526e-05 0.549939 0.000597613 4.14779e-07 2.39794e-06 0.151091 0.000234381 3.04086e-06 4.22127e-06 0.00056748 0.00332079 0.00432767 0.0220202 2.56484e-06 
2.87891e-07 5.90638e-06 1.44633e-05 0.121032 0.0150124 0.0195694 0.0469268 2.57828e-06 0.0101815 2.60822e-05 0.581704 5.39924e-05 1.38891e-08 0.00179699 0.0914367 8.6133e-06 0.000218153 0.00399324 0.0349038 0.0142635 0.0421217 0.0136587 0.00306944 
0.000820762 4.22662e-05 0.000218966 0.00896186 0.00199208 0.017918 0.00047316 7.40865e-10 0.000390346 1.33342e-07 0.492018 0.00460225 1.78717e-07 3.81894e-05 0.0601187 4.18273e-10 1.91196e-07 8.35004e-07 0.000128166 0.000143378 0.00266934 0.409463 3.86577e-10 
0.000120684 0.00668023 0.0810466 0.0215591 0.0454321 0.0255533 0.00521228 5.73855e-05 0.0865832 5.27201e-05 0.370981 0.000791097 8.48736e-05 0.0248715 0.0488176 0.0125701 0.00201486 0.0324727 0.00658349 0.00448005 0.0312931 0.181183 0.0115585 
8.97559e-06 1.34536e-05 0.000340403 0.106109 0.00018665 0.0913395 0.0105737 6.46033e-05 0.000527254 2.03552e-06 0.655907 2.28601e-06 0.000152562 0.00237232 0.0250732 1.89468e-06 0.00114894 0.00111541 5.52664e-05 0.000356482 0.094472 0.0101758 1.75111e-06 
0.000189823 0.00020297 0.103565 0.0341512 0.0124654 0.0541491 0.00039256 0.000465019 0.192538 0.00095638 0.369635 0.000931967 0.000656009 0.000605125 0.0692763 0.00425533 1.78669e-06 0.0404729 0.00750936 0.00082698 0.0691 0.0376527 8.81966e-07 
5.54787e-09 1.3497e-06 6.52096e-10 0.0587689 2.26703e-05 1.63201e-05 1.37491e-05 1.32321e-08 0.046162 1.84674e-05 0.660104 0.00525577 8.56754e-09 3.7704e-09 0.0423316 7.47053e-09 1.04408e-08 3.02509e-09 7.83618e-07 1.65735e-09 0.187262 1.05696e-05 3.17671e-05 
0.000214069 7.26372e-08 0.0147995 0.0200379 0.00852123 0.0203585 0.000200662 3.3228e-10 0.0445806 0.00467742 0.499166 2.09359e-07 4.68213e-07 0.00316292 0.0720184 0.000222377 2.19107e-05 0.00127011 0.0118425 0.290535 0.00736289 0.00100712 1.11922e-07 
0.000154874 0.000852428 0.0120648 0.0128404 0.0010235 0.0595946 0.000245754 0.000764586 5.57873e-05 0.00449284 0.836542 7.02658e-09 6.67893e-09 0.000198892 0.0172099 6.64659e-06 0.00057928 2.55447e-07 0.00014558 0.00853089 0.0319567 0.0127396 3.24462e-07 
0.000182956 0.000652648 0.0183305 0.0119154 5.45753e-05 0.00297237 0.00490093 0.00141692 6.26403e-07 1.22769e-09 0.657272 5.46926e-07 3.36303e-07 7.89677e-05 0.0644384 4.94216e-05 0.230489 0.000773876 0.00173388 0.00102635 0.00353799 0.000172435 1.05615e-09 
3.28191e-07 3.28229e-07 0.142313 0.0706577 7.31293e-05 0.0231275 0.00221221 0.000971791 2.27617e-09 1.59852e-11 0.463118 0.00345023 6.48611e-08 1.69724e-07 0.240471 0.00100415 4.6517e-05 3.88628e-07 3.02387e-06 0.00685898 0.0319339 0.0137576 1.37517e-11 
0.000344923 9.59859e-06 0.0395843 0.230186 0.036462 0.0544645 0.00515516 3.23133e-05 0.00770187 0.0164367 0.295141 0.0753609 1.92445e-05 0.000107673 0.0331049 1.36609e-07 1.90925e-07 0.00913545 0.00211059 0.0142156 0.131095 0.049254 7.8383e-05 
0.00338832 2.43661e-05 0.00619717 0.216359 2.05022e-05 0.000863703 0.00753442 0.000560526 7.32643e-05 2.78282e-05 0.640601 1.59947e-08 1.84573e-06 0.0142711 0.0133147 1.59191e-05 0.0361781 8.49758e-06 0.0319361 0.000277741 0.0226996 0.00564676 1.22521e-08 
8.34428e-11 0.000253141 0.000376323 0.125872 0.0227286 0.00716303 0.0498699 0.0272644 0.0894456 0.0242119 0.158326 0.000258944 1.72207e-07 0.0115039 0.0468369 0.119933 0.000390298 0.0159538 0.00421012 0.0820445 0.0853447 0.0346722 0.0933405 
4.3291e-05 2.18777e-08 8.55124e-07 0.00712113 2.01591e-08 1.09784e-08 5.05299e-06 1.71801e-07 1.48231e-08 1.04204e-07 0.992702 1.17028e-07 1.11238e-07 4.89536e-08 6.3583e-09 9.69947e-08 1.3556e-07 3.92768e-08 1.27019e-08 7.10324e-05 5.5979e-05 9.73204e-09 8.96446e-08 
2.97125e-08 9.0244e-09 0.000233646 0.000100378 0.000202905 0.000427043 1.03697e-08 7.08668e-08 6.78762e-05 6.45183e-05 0.997789 0.000106249 0.000128523 2.0193e-08 0.000281161 4.00096e-08 5.59176e-08 1.62014e-08 5.23944e-09 8.87619e-09 0.000290535 0.000189484 0.000118365 
0.0287706 3.39337e-05 0.000582508 0.0111646 0.0107326 0.00260472 0.000105843 7.34917e-06 0.00410376 0.0264977 0.888637 2.79317e-05 1.0152e-08 2.49526e-05 0.00138711 9.28476e-07 0.00408711 0.00372564 1.62897e-05 0.000271534 0.0130329 0.00416658 1.77853e-05 
0.000506683 5.579e-05 0.0428542 0.0419205 0.00740457 0.0374047 0.0123373 0.00365668 0.169307 5.15648e-06 0.334644 0.000255827 0.000276772 0.00808043 0.167893 1.8488e-05 0.00401379 0.00481155 0.0497712 0.00143555 0.0869029 0.0264405 2.898e-06 
2.93295e-06 0.000459758 0.00190483 0.011797 2.0038e-06 0.000535009 0.00234781 8.85181e-07 2.49933e-09 0.000271693 0.710346 0.000185277 3.52437e-10 0.000154242 0.0199305 0.000379667 0.233927 7.17577e-06 0.00393254 0.000191599 0.0128629 0.000761685 2.84023e-10 
3.5101e-05 1.59927e-05 0.0216397 0.0238292 3.7656e-05 0.0010006 0.014487 2.72724e-07 0.002901 2.36819e-08 0.916025 1.43478e-10 3.9461e-05 5.33588e-05 0.011877 1.18917e-10 4.31716e-08 7.08146e-05 0.00228623 0.000418533 0.00221984 0.00145987 0.00160352 
0.00259611 0.00266579 0.0350211 0.106789 0.0481003 0.0478166 0.00438871 0.000246882 0.0660497 0.00683271 0.341894 0.00178035 0.000788787 0.0162742 0.0921029 0.000204284 0.00577897 0.0274781 0.0115539 0.0636534 0.0555176 0.062408 5.83892e-05 
0.000218064 1.74337e-05 0.0295013 0.138101 0.0227012 0.0506277 0.00864652 0.000342077 0.000698209 0.000813302 0.626682 0.00149109 7.64082e-05 0.00248286 0.0565627 2.22791e-06 2.03567e-05 0.00155248 1.53717e-05 0.00662578 0.0238945 0.0288165 0.00011121 
0.003006 6.75101e-07 0.102283 0.00550114 0.0254246 0.159753 0.00204431 1.2861e-06 0.00129892 1.25666e-06 0.253874 8.83828e-07 1.71014e-06 0.156697 0.217149 1.24663e-08 4.28039e-05 0.00054799 1.07707e-05 0.00883059 0.025927 0.0375526 5.17651e-05 
0.000450234 0.0200774 0.00142999 0.0449666 0.00748978 0.00593315 0.00329289 0.00148521 0.0018881 8.61749e-05 0.670689 0.00353074 0.0036133 0.12557 0.0220347 3.15826e-05 1.67086e-05 0.00843563 0.00387851 0.00637216 0.0189574 0.0497704 3.37369e-07 
0.0114295 5.6376e-08 0.0304751 0.0306252 0.10016 0.137726 0.0423543 8.20028e-06 0.00224336 3.31285e-06 0.289323 0.0070223 0.000133049 0.00131207 0.202001 1.82871e-09 0.00252931 0.00109951 0.000124992 0.0108238 0.0589338 0.0716725 1.69013e-09 
0.000284782 0.000133224 0.00424205 0.155714 0.00792089 0.0129091 0.0331246 0.00101495 0.00227973 2.22406e-06 0.5494 0.00033225 2.26662e-05 0.00245458 0.107496 6.08049e-05 0.000295259 0.00015064 0.030154 0.00139904 0.0513402 0.0392693 1.83188e-09 
0.000820762 4.22662e-05 0.000218966 0.00896186 0.00199208 0.017918 0.00047316 7.40865e-10 0.000390346 1.33342e-07 0.492018 0.00460225 1.78717e-07 3.81894e-05 0.0601187 4.18273e-10 1.91196e-07 8.35004e-07 0.000128166 0.000143378 0.00266934 0.409463 3.86577e-10 
4.56801e-08 2.08002e-08 9.99304e-08 0.120931 1.23589e-07 6.28256e-08 0.0231684 1.72576e-10 1.14986e-07 0.000434993 0.817426 1.65859e-07 1.17498e-07 4.21999e-05 0.00194096 9.73354e-08 4.00683e-07 2.50798e-07 0.00410312 1.37404e-07 0.0288693 0.00308324 9.00486e-11 
0.000220638 5.98192e-05 0.00540777 0.0554879 0.0120735 0.00980161 0.00137597 2.3635e-05 0.086966 0.0261357 0.525224 0.000294594 0.00160561 0.00676867 0.155099 0.00761917 7.11854e-05 0.0125911 0.00582424 0.020857 0.0357662 0.0291546 0.00157204 
0.0804528 9.45956e-06 0.0528813 0.111245 1.81387e-05 0.0417253 0.00944874 0.00465485 6.53997e-06 5.60836e-05 0.667131 3.9512e-05 2.90913e-08 0.0316039 1.04312e-05 2.53663e-08 0.000322814 1.02718e-08 3.32183e-09 5.62756e-09 3.3869e-05 0.000337374 2.22017e-05 
5.80908e-06 0.000183406 0.0164863 0.0526078 0.0338521 0.0328457 0.00225535 6.17965e-05 0.0047866 0.00574153 0.437612 4.00522e-05 0.000575191 0.00329065 0.278333 1.98357e-06 0.000599106 1.6428e-05 0.0288689 0.000408809 0.0538333 0.0436303 0.00396312 
2.79294e-05 2.58481e-05 0.000309503 0.000509981 4.21186e-07 0.00384667 9.00513e-05 1.14416e-07 5.2481e-06 7.39784e-06 0.992399 8.72693e-08 1.66054e-06 0.00019283 0.000437973 6.73842e-06 3.28087e-07 3.74773e-05 4.88203e-05 0.000159229 0.00147361 0.000417472 1.65137e-06 
0.00080565 6.29457e-06 0.144755 0.00181911 0.0300492 0.0310151 0.000251467 5.31199e-05 0.0276385 2.72486e-05 0.625007 0.000183042 1.92315e-05 0.00022014 0.0675062 0.000285373 0.000215676 4.52205e-05 1.89667e-05 0.00571361 0.00250432 0.0618606 1.4664e-07 
2.18661e-05 1.77013e-05 0.086022 0.208554 0.0271847 0.0174199 0.0417802 2.88593e-05 0.000765948 0.000831142 0.263082 7.72053e-06 1.47169e-05 0.00158271 0.171812 1.37078e-08 0.000219048 1.27173e-05 0.0820521 0.00026556 0.0296591 0.0686665 2.42893e-08 
0.00761098 0.000961882 0.118569 0.202988 0.0264283 0.0366191 0.0206553 0.00202241 0.147354 5.37734e-06 0.211253 0.0020492 0.00164061 0.00196057 0.0649833 1.9117e-05 0.00266972 0.0204732 0.0204311 0.0598608 0.0158709 0.0346373 0.000937171 
2.89899e-09 0.000270597 1.97967e-05 0.00344911 2.36181e-05 0.00403864 3.45667e-06 6.91432e-09 0.00185362 4.19381e-09 0.859333 0.000831281 3.24497e-05 0.0671679 0.00433451 3.90365e-09 0.00176655 8.33955e-06 7.60141e-07 0.0108266 0.00147266 0.0445668 3.60784e-09 
0.00631502 0.000122037 0.0554101 0.0162378 0.0133279 0.0251883 0.0197415 0.000168319 0.0197052 2.93539e-07 0.458126 0.00306374 5.45599e-05 0.00987783 0.138649 2.23259e-05 0.000761517 0.00455607 0.0101146 0.046092 0.0256146 0.146546 0.000305104 
0.00105652 0.123779 0.0933603 0.0107804 0.0159827 0.0189351 0.00410806 0.000142185 0.0279444 6.66548e-05 0.247401 0.000255388 4.69779e-05 0.149441 0.121942 0.000130947 0.00042159 0.000850129 0.00155416 0.0780233 0.0220215 0.081753 2.84306e-06 
0.00511582 0.00587874 0.0830556 0.140043 0.0347126 0.0353077 0.00094802 5.63841e-05 0.0144731 0.000773179 0.41131 4.94875e-05 5.95717e-08 0.047464 0.0598625 7.24899e-06 0.00155652 0.00781427 0.00117957 0.0303125 0.0752172 0.0442794 0.00058322 
0.000220931 0.0010204 0.177021 0.0525305 0.00495043 0.0227057 0.00837936 0.000374644 0.00591184 0.000307018 0.214324 2.06652e-08 5.10017e-05 0.00386425 0.151935 3.40682e-05 0.000820767 0.00513676 0.00437507 0.0931065 0.18418 0.0686473 0.000102168 
8.84308e-07 0.00112145 3.49989e-07 4.77652e-11 1.30187e-10 7.08986e-11 1.07166e-06 1.10949e-09 3.73433e-07 6.72951e-10 0.993689 7.55767e-10 8.62768e-07 3.79685e-07 5.62589e-07 1.06549e-06 0.00443475 2.53649e-10 8.20287e-11 7.08865e-07 0.000748571 6.28495e-11 5.78924e-10 
0.00320011 0.000727259 0.00716729 0.0204118 0.0238557 0.00128251 0.00246424 2.15175e-05 0.00593202 0.00481276 0.585749 0.0013133 0.000287271 0.0244922 0.152883 7.66058e-06 4.1149e-05 0.0105741 0.0196514 0.0159624 0.0356404 0.0835223 6.21608e-07 
5.22153e-05 5.94608e-06 0.283171 0.13901 0.0101227 0.0196253 0.0117738 0.000519812 0.000212185 0.000321876 0.416413 9.03985e-05 6.32319e-05 0.000621008 0.0110673 4.73538e-07 9.62354e-07 0.00912584 0.0184833 0.000375041 0.0606391 0.0183044 8.34248e-07 
8.31454e-07 2.29356e-07 0.0972873 0.153781 0.0110344 0.0694213 0.000271096 1.8857e-05 0.00380209 7.49513e-06 0.411981 9.05256e-06 1.14212e-06 0.000147683 0.166023 8.55822e-06 0.00132028 0.0013863 0.00948559 0.0222164 0.0264257 0.0236205 0.00174993 
3.98252e-06 6.23016e-06 3.59803e-10 1.91766e-06 8.56697e-10 4.75926e-06 1.06834e-09 7.30102e-09 6.29935e-10 4.42836e-09 0.838303 3.48183e-05 7.09563e-06 2.08037e-09 5.67464e-06 5.11166e-05 5.76088e-09 1.66914e-09 0.00113513 4.116e-06 1.06613e-05 0.160431 3.84771e-07 
0.00128465 0.000111391 0.00610894 0.0164968 0.00808823 0.0817592 0.00172768 3.3653e-05 0.000287068 0.0370972 0.451357 0.000379798 7.51683e-07 0.000110332 0.234913 3.73795e-05 0.0252003 0.0142173 0.00399363 0.00864519 0.00363442 0.104516 3.76454e-11 
4.19694e-09 0.0018259 4.93307e-10 4.30946e-10 1.17457e-09 6.3966e-10 1.46474e-09 1.001e-08 8.6367e-10 6.07149e-09 0.998164 6.81866e-09 6.4813e-09 2.85229e-09 3.70467e-10 5.65141e-09 8.69618e-06 2.28847e-09 7.40078e-10 1.25377e-09 1.12543e-06 5.67039e-10 5.22316e-09 
2.50517e-10 0.000838441 0.00254907 0.000175004 7.01107e-11 3.93508e-07 5.19306e-07 5.97504e-10 0.00889445 3.6241e-10 0.613985 9.60619e-05 1.6781e-08 0.000119261 0.361748 8.06536e-05 0.00272343 6.53981e-05 2.90678e-07 0.00547569 0.00112951 0.00211865 3.11773e-10 
8.38866e-06 3.2325e-05 0.000100137 0.000322791 0.000149255 0.000140118 0.000108428 0.000698738 0.00756008 1.21354e-05 0.950435 0.00104338 1.29545e-05 1.54178e-05 0.000609052 1.12958e-05 1.57871e-05 4.57409e-06 0.0132222 2.50599e-06 0.000351336 0.0243176 0.000826397 
3.02931e-08 7.50909e-07 0.0134841 0.0709928 2.70546e-07 3.02226e-06 1.05723e-08 9.3106e-05 1.26645e-06 9.67784e-07 0.783273 0.000912085 4.67814e-08 0.014039 0.000953053 4.07914e-08 5.70102e-08 1.65179e-08 6.54589e-05 0.000822605 0.0404277 0.0749274 3.49768e-06 
0.00437938 0.000802666 0.11955 0.0231369 0.0104942 0.0188162 0.0288602 1.09539e-06 0.0327254 0.000122373 0.349842 0.0240587 0.000688078 0.00174071 0.256959 1.27337e-08 2.37598e-05 0.0040291 0.0120968 0.0148733 0.033179 0.0634212 0.000200308 
0.00517731 0.000173227 0.00793046 0.00790313 0.0575724 0.0360515 0.000408652 1.93246e-05 0.115824 0.049464 0.252771 0.000626937 1.92632e-08 0.00109681 0.125458 0.246144 3.35157e-05 0.0321842 0.000274457 0.012024 0.0270165 0.0157643 0.00608269 
3.1054e-06 1.80302e-05 0.022684 0.0359096 0.121803 0.151864 5.36874e-05 0.000750748 0.00592673 0.000244051 0.347624 0.000474008 3.50653e-05 0.00317666 0.00249329 7.29202e-08 1.01913e-07 0.265197 0.000356398 0.00458903 0.0305355 0.00625745 4.76576e-06 
0.000152807 0.00214521 0.0334773 0.146388 0.000447829 0.0197838 0.0115242 0.000308937 0.0782693 7.01132e-07 0.230416 0.00547997 3.38278e-05 0.143226 0.0975013 3.05508e-06 4.97295e-05 2.8774e-06 0.0270446 0.000301283 0.000453085 0.202991 1.34067e-09 
0.013692 3.15348e-06 0.0773671 0.0454229 0.00426558 0.02241 0.0396141 6.8347e-05 0.0590083 0.0135467 0.5299 0.00303361 0.00025008 0.00144034 0.0968031 3.57088e-06 0.000194666 0.00624184 0.00273561 0.00463563 0.0334713 0.0457561 0.000136267 
0.000214069 7.26372e-08 0.0147995 0.0200379 0.00852123 0.0203585 0.000200662 3.3228e-10 0.0445806 0.00467742 0.499166 2.09359e-07 4.68213e-07 0.00316292 0.0720184 0.000222377 2.19107e-05 0.00127011 0.0118425 0.290535 0.00736289 0.00100712 1.11922e-07 
5.44015e-07 0.000467836 4.82192e-07 0.000266201 0.00176596 0.0187612 0.0010639 1.52061e-07 5.26843e-07 1.89141e-06 0.94656 9.04864e-07 6.60274e-07 0.00232157 0.0121799 7.4484e-10 1.04099e-09 3.01613e-10 1.05057e-07 0.012456 0.00415104 6.78389e-07 6.88397e-10 
0.00467161 0.000401769 0.00671567 0.0754438 0.0351009 0.0317932 0.00955544 2.04694e-05 0.00447816 0.00597502 0.649572 1.02785e-06 0.0297104 0.00184247 0.0118464 2.52611e-06 0.00161582 0.0115374 0.0172293 0.0329266 0.0522497 0.0173014 8.79006e-06 
0.0493853 0.00030079 0.0229108 0.0545485 0.0278237 0.0861505 0.041751 5.71361e-05 0.0145896 0.0106789 0.277476 0.00969369 0.000350161 0.0141937 0.0795963 1.52868e-08 5.30564e-05 0.017846 0.068034 0.0136608 0.0252801 0.185508 0.000111815 
0.04689 2.07905e-05 0.0185067 0.0681833 0.00821414 0.0192353 0.00548585 5.0432e-07 0.255805 7.0319e-07 0.382767 7.63895e-07 1.93844e-07 9.54886e-07 0.0706041 1.86897e-07 3.48156e-07 0.00203255 0.000151453 0.000655267 0.072874 0.0483789 0.00019169 
4.20412e-07 4.1562e-06 0.0103341 0.19112 0.0027432 0.0534089 0.00286389 2.48621e-05 0.00112852 0.00242744 0.438009 6.83034e-07 3.58621e-05 1.53723e-05 0.01961 5.66109e-07 3.90246e-05 0.193633 0.00169106 0.000276791 0.0764877 0.00609864 4.72927e-05 
1.13263e-05 5.46137e-06 0.107853 0.0420412 0.00190698 0.0197968 0.000155934 0.00127175 0.0494026 0.0532624 0.579811 7.79307e-05 5.42373e-07 3.67834e-05 0.0581724 0.000244428 8.36158e-05 0.00165093 0.0545921 0.00975688 0.00286618 0.0167888 0.000211684 
2.29529e-06 0.00390736 2.29759e-06 0.0411297 2.29716e-06 0.0535338 2.29699e-06 2.29169e-06 0.0119485 0.0465732 0.631297 0.00711265 2.29388e-06 0.0312296 0.0976532 2.29439e-06 2.293e-06 0.00666206 0.00505665 0.0147038 2.29719e-06 0.0491696 2.29466e-06 
8.33154e-05 0.00285777 0.0137782 0.0236774 0.0166075 0.0383791 0.00293827 0.00208008 0.0112293 0.00722906 0.525685 0.0108667 0.00103766 0.0012056 0.0870211 0.056938 0.0559154 0.0089603 0.00025312 0.00303746 0.0236373 0.079438 0.0271447 
0.000489241 0.000398702 0.0371794 0.0376536 0.00187772 0.0605588 0.00260889 0.000288952 2.51834e-06 1.26811e-05 0.339809 0.000148298 2.3173e-08 0.00377549 0.111378 2.06356e-05 0.220683 0.000451176 0.131561 0.00108749 0.0234231 0.0265852 6.83408e-06 
2.87742e-06 0.000173629 0.00342178 0.00453928 0.000272613 0.00103128 6.92324e-06 5.26497e-05 9.71915e-05 1.0509e-09 0.761704 4.95813e-06 1.12183e-09 1.48816e-06 0.0142675 4.63105e-06 0.209932 0.000357094 0.00302395 3.09915e-06 0.00110002 3.49545e-06 9.04062e-10 
0.000212892 0.000556808 0.0269275 0.0669104 0.0243197 0.0193354 0.00926889 0.00323782 0.240532 0.0116232 0.459315 0.0034449 0.00189407 0.000509144 0.0474357 0.00492222 0.00182092 0.00315537 0.00132459 0.00917786 0.0244171 0.037991 0.00166756 
2.42448e-05 0.00110671 0.0380085 0.0199905 9.08466e-06 0.000585385 0.00133419 4.28402e-06 2.1833e-05 0.00101731 0.843826 0.000164815 3.85723e-07 5.29717e-05 0.0197047 1.61071e-05 0.0124746 1.12594e-05 0.000263486 0.00796769 0.0459428 0.00747277 3.74202e-09 
2.80875e-07 1.29392e-07 0.0332578 0.0651447 0.0144732 0.00751865 0.00468392 0.000257673 0.327347 0.00463802 0.394707 0.00370246 1.21495e-05 0.0128311 0.0116655 1.9891e-05 2.42034e-05 0.00322791 0.000383556 0.00922213 0.0387659 0.0417245 0.0263928 
0.000550658 0.00055093 0.0947935 0.261708 0.0155068 0.0052624 0.0559215 0.000285278 0.00133083 0.000356445 0.294017 0.00426863 3.55493e-06 0.00368629 0.0967127 1.02502e-07 3.11193e-05 0.0671534 0.0133238 0.00540866 0.043254 0.0281072 0.00776793 
0.00516133 0.000630534 0.00465166 0.0402457 0.00862379 0.0283939 0.000414507 1.11633e-05 0.00615407 0.0241768 0.745976 1.32226e-06 0.00577938 0.00386427 0.0265525 1.44416e-05 0.00011061 0.00722552 0.00145508 0.00211471 0.020614 0.0678029 2.61569e-05 
0.000557725 6.14371e-05 0.00125296 0.238971 0.0156196 0.0227765 0.00584861 2.86354e-05 0.00132702 1.49854e-05 0.389761 4.90174e-06 2.49233e-07 4.05032e-07 0.023539 1.3774e-08 7.78859e-06 0.0847116 0.00274042 0.000450741 0.208985 0.00333838 9.29825e-07 
4.93044e-11 3.44573e-08 7.29624e-07 0.156706 0.00530666 0.0394776 0.031167 6.93927e-07 0.0320377 7.13261e-11 0.317437 1.88252e-06 7.61404e-11 6.16578e-07 0.103881 1.14863e-06 9.27885e-11 2.68842e-11 0.00143165 0.0904448 0.180989 0.0383336 0.00278421 
3.66352e-05 0.00346803 0.132521 0.0262652 0.0155722 0.0115331 0.0145881 1.46339e-05 0.000671945 0.000171684 0.452986 0.113965 0.000594179 0.02965 0.0796837 2.51915e-05 0.000152119 3.84429e-06 0.00485944 0.00790384 0.018 0.0873346 9.27329e-08 
9.89253e-05 0.00100934 0.00177622 0.0171752 0.00168245 0.0548661 0.00139253 1.2329e-05 0.0184364 0.0191428 0.662623 1.20199e-09 1.73626e-06 9.25868e-05 0.0817119 6.66267e-06 0.00170703 0.000783201 0.0317934 0.00366616 0.0284782 0.0730374 0.000505951 
0.00022853 0.00371252 0.0597507 0.0222885 0.0236707 0.0200185 0.000999791 0.000382486 0.194696 0.0265505 0.475453 4.26026e-05 1.12012e-06 0.000240097 0.0431509 0.0199869 0.000353086 0.013782 9.2925e-06 0.0119879 0.0240866 0.0585683 3.96251e-05 
9.31719e-05 0.00941778 9.32651e-05 9.32666e-05 9.3248e-05 9.32613e-05 9.32407e-05 9.30258e-05 0.0373955 9.31248e-05 0.662191 9.3106e-05 9.31145e-05 9.32062e-05 0.289225 9.31355e-05 9.30791e-05 9.32196e-05 9.32587e-05 9.32459e-05 9.32492e-05 9.32631e-05 9.31463e-05 
5.36496e-07 6.92442e-05 3.60073e-07 0.00131428 0.00248789 0.122423 0.00352172 3.83563e-07 3.61131e-05 0.00547788 0.590488 9.76831e-10 9.285e-10 4.96021e-07 0.00138801 4.54454e-08 1.13152e-09 0.0975811 2.24103e-06 4.96492e-05 0.000795111 0.00825932 0.166104 
0.00119064 6.68071e-05 0.0207579 0.0813021 0.00778825 0.00586386 0.000718681 0.000176435 0.00559758 3.70609e-08 0.652729 0.000196371 0.000485653 7.83399e-05 0.0136698 2.12606e-06 0.00010136 0.00183141 0.000365802 0.00836967 0.19342 0.00501232 0.000275597 
0.0019205 6.88163e-05 0.0515166 0.115994 0.0176546 0.103657 0.00940233 7.16752e-05 0.0111867 2.89393e-05 0.552951 0.000452795 0.00196213 0.00330978 0.0174938 4.20415e-07 2.08556e-05 0.0195085 0.00550562 0.00172408 0.0315296 0.0537295 0.000311382 
0.0784593 4.59647e-10 4.51545e-06 0.00913029 0.0747661 0.0782573 0.00491037 3.60952e-09 0.0767928 0.00101332 0.642844 2.45874e-09 2.33709e-09 1.59537e-06 2.56392e-05 4.66874e-07 1.9387e-06 1.17575e-06 2.66864e-10 0.00639809 1.05866e-06 0.0273617 3.03898e-05 
0.000303364 2.75872e-06 0.0355272 0.0402073 0.0473587 0.0654196 0.0165525 2.93324e-06 0.0876777 0.000364556 0.431264 3.8506e-05 0.000257887 0.000544253 0.101285 1.25886e-05 2.37162e-05 0.0198361 0.0636723 0.00221472 0.0180728 0.0693577 3.57316e-06 
2.13872e-05 1.76595e-05 0.197869 0.0575037 0.00529084 0.0330552 0.00662818 0.000153128 0.00259101 6.47342e-07 0.480099 1.71439e-06 4.74519e-08 4.36676e-05 0.0754592 1.06743e-06 9.82009e-05 0.00402256 0.118899 0.000105633 0.0169181 0.00122114 7.23245e-10 
0.00894642 3.60117e-05 0.00117981 0.0982446 0.00168917 0.0398225 0.00293195 8.93062e-07 0.00117653 0.00109158 0.488263 0.176168 0.00019362 0.00217681 0.0587932 3.6805e-05 0.00097985 0.00106103 0.0332962 1.41744e-06 0.0128682 0.0710423 6.54454e-07 
0.0324928 2.14095e-05 0.0271917 0.247526 0.00977041 0.0297891 0.00473626 6.76176e-05 0.00391346 0.000396376 0.29756 0.000475016 3.85849e-05 0.000623375 0.137265 4.34133e-08 0.000122894 0.0332844 0.00157353 0.00847764 0.13177 0.0309436 0.00196188 
0.166482 1.16409e-05 0.0470393 0.0530855 0.0187637 0.0631284 0.0369467 4.68276e-05 0.00138045 0.0816981 0.291019 5.14776e-06 3.2983e-07 0.0100003 0.13726 8.97718e-07 3.22008e-05 0.0061578 0.0466136 0.00279033 0.0154953 0.0209892 0.00105332 
0.000145408 4.39493e-05 0.0570218 0.138166 0.00950295 0.0079461 2.6253e-05 1.52882e-05 0.0676031 2.18928e-06 0.667025 0.00287024 2.3542e-06 0.000942288 0.0351839 0.00669524 3.68375e-06 0.000772204 3.00802e-05 6.76732e-06 0.000891224 0.00510435 6.51673e-08 
0.00620685 2.45468e-06 0.0366202 0.123198 0.0104022 0.0672234 0.00470017 4.99411e-05 0.00165737 0.006593 0.549287 0.00238878 0.00197109 0.00377396 0.0493458 2.29577e-05 3.33473e-05 0.0379153 0.0037452 0.0330389 0.0446824 0.012397 0.00474437 
0.000290469 9.64979e-09 0.163213 0.165093 0.0357873 0.00701789 0.0189556 1.33281e-05 0.0118406 4.08085e-05 0.250095 5.20597e-07 1.13483e-07 0.000202173 0.118648 1.53966e-05 0.000429576 0.000250146 0.00390197 0.139858 0.0356088 0.0487394 8.58709e-11 
0.000144771 2.84341e-05 0.128743 0.113254 0.00280936 0.00937148 0.0459122 0.00785495 0.0122959 0.00184434 0.472968 0.000615043 4.70691e-05 0.00296912 0.126841 1.01175e-05 0.000242287 0.00539586 0.00798045 0.000206063 0.0180778 0.036668 0.00572072 
0.00237046 0.00108295 0.0148035 0.00696903 0.0113397 0.0247852 0.00013052 0.000669776 0.00254401 8.56944e-07 0.881555 0.00458822 0.000328322 3.9826e-05 0.00419263 4.92279e-05 1.84175e-05 0.0216171 0.000468309 0.00601349 0.000843797 0.0155124 7.68822e-05 
0.00159386 9.19823e-05 0.000377698 0.0589399 0.0415263 0.047684 0.00841585 0.000149763 0.00299657 0.0136136 0.470767 0.000773657 2.34566e-06 0.0438033 0.136181 1.57676e-06 1.17738e-06 0.00429919 0.00560057 0.0644986 0.0753041 0.0233682 9.61889e-06 
6.18153e-11 0.0912517 0.0222154 0.00324953 0.0467812 0.0976519 0.00157507 0.000464345 0.00234259 1.53415e-07 0.312764 0.000656514 9.49828e-05 0.0212501 0.0644876 3.91086e-06 4.03685e-05 0.000843054 0.00594339 0.0114773 0.00381941 0.309153 0.00393463 
2.99875e-07 9.10792e-08 0.00262146 0.15074 0.0054678 0.0271467 1.09081e-05 7.15227e-07 0.0363422 0.000890872 0.561139 4.872e-07 0.000569033 0.0954007 0.0143149 5.73463e-06 5.04985e-05 0.000334695 0.00108175 0.000223996 0.0702514 0.03147 0.00193638 
0.000355102 0.000189799 0.032154 0.0521853 0.000216146 0.0219358 0.0119705 2.53136e-05 5.02356e-05 5.70781e-07 0.688183 0.00295267 1.16199e-08 0.000943979 0.150289 3.22987e-05 0.000864489 2.31263e-09 0.0106828 1.14938e-06 0.0228459 0.00412205 2.61579e-10 
0.00149076 0.000133104 0.022462 0.107614 0.0142024 0.108635 0.051785 0.000600066 0.00778917 0.000125918 0.284671 0.00303575 1.36918e-05 0.0027209 0.177154 1.37204e-07 1.8837e-07 0.000749966 0.0454226 0.0102451 0.0218949 0.136746 0.00250943 
0.0013757 0.00138472 5.00579e-07 0.000892003 0.00306271 0.00708792 6.81148e-07 2.14908e-06 0.00947415 2.27921e-05 0.956873 1.06918e-05 2.54819e-09 0.00110417 0.00113746 0.000599327 0.000281243 3.68324e-06 0.000313284 0.00110329 0.00664414 0.00862609 1.98826e-07 
0.000887597 0.00464003 0.0548408 0.126057 0.00450567 0.0029482 0.00275457 0.000349114 0.013209 3.53003e-05 0.258974 0.000105131 0.00200734 0.0195258 0.092967 5.56147e-05 0.0087231 0.00295858 0.00430671 0.193205 0.0541605 0.152784 1.5043e-10 
8.734e-06 0.0140063 0.00937797 0.0195676 0.108053 0.000359143 0.00249479 5.92392e-06 0.00198088 2.27171e-05 0.418913 0.000999633 0.000152269 0.286904 0.0326093 1.79304e-05 0.0025767 4.38007e-05 7.62695e-05 0.0221157 0.0080793 0.0716352 1.78008e-07 
4.37908e-05 0.000457757 7.81013e-07 0.0334875 0.00202228 0.0225045 0.00244493 1.49616e-06 0.00119224 0.000356214 0.750018 2.8103e-06 0.00149245 0.0315514 0.00547766 7.61544e-08 0.00296556 9.95778e-05 0.0441667 0.0016158 0.082759 0.0173387 6.19666e-07 
0.00037928 3.39102e-05 0.011229 0.0658616 0.00472603 0.0377893 0.00604952 0.000164078 0.000136661 0.00061159 0.620625 2.35607e-05 9.83832e-08 0.106737 0.107076 5.15945e-10 0.0096962 1.82536e-05 0.0030344 0.00386603 0.00819745 0.0133228 0.000422459 
0.0127468 7.47128e-05 0.0791557 0.142927 0.0108034 0.0970388 0.0103995 2.45988e-07 0.00235178 6.47245e-05 0.326452 0.0334214 1.82098e-05 0.0592622 0.0220139 5.03534e-10 1.38115e-07 0.0135798 0.00150387 0.0108877 0.135801 0.041497 4.65377e-10 
4.90567e-05 7.76766e-05 0.0447271 0.0155529 0.004256 0.00560966 0.00097454 1.99999e-05 0.0176689 0.00102096 0.770224 0.000358147 1.45122e-05 0.000667326 0.047881 0.000386513 0.000164823 4.16399e-06 8.23251e-05 0.0159134 0.0467159 0.0257986 0.00183264 
0.000191356 0.000615817 0.0220467 0.113149 0.00517879 0.0414486 0.0078945 0.00235252 0.000840134 0.00784342 0.567793 0.015753 3.34441e-05 0.0105802 0.0839382 4.71214e-06 0.0139742 0.000573313 0.00132006 0.0044931 0.0637554 0.0361741 4.63185e-05 
7.24498e-05 0.000175559 0.0109302 0.077038 0.0133629 0.110971 0.00295574 0.000959159 0.128269 3.49592e-05 0.337945 4.00641e-08 4.00379e-05 0.0145867 0.123094 1.31305e-05 0.000489009 0.00181631 0.00437052 8.17329e-08 0.0818353 0.091041 8.76889e-08 
2.54503e-09 1.45403e-05 0.148644 0.0520054 0.0061525 0.00816035 0.0195219 0.000105562 0.0054128 1.44197e-05 0.327392 6.28377e-07 3.26703e-06 0.000226975 0.326069 8.70092e-07 5.97181e-05 2.7714e-05 0.00453934 3.10852e-06 0.0592579 0.0423846 2.91002e-06 
7.61333e-09 2.68589e-06 1.46259e-05 5.34322e-05 0.000290919 6.6626e-05 0.00130063 1.81584e-08 0.00182845 0.000123235 0.980697 1.23692e-08 1.17572e-08 0.000173694 0.00295798 1.02518e-08 5.33534e-06 4.26887e-05 1.34252e-09 0.00376915 0.00428686 0.00438676 9.47491e-09 
2.97418e-05 0.000261119 0.00933638 0.00393059 0.00331241 0.00539424 0.00281372 0.000197359 0.00612339 0.0083952 0.837147 0.00921667 4.28491e-05 0.00020828 0.023529 0.0614402 0.00168937 0.000268543 0.00423136 0.00326703 0.00296812 0.0161921 4.89174e-06 
0.00750027 1.47286e-07 0.0361353 0.0889987 0.0400405 0.0181892 0.00814547 1.07509e-06 0.0752523 1.20753e-05 0.490149 6.11098e-06 1.58045e-05 0.0304424 0.037846 1.64337e-05 3.41798e-06 0.0104004 0.00404876 0.0114548 0.0586424 0.0822575 0.000442078 
3.55919e-05 0.000229683 0.0129251 0.051944 0.000194646 4.9574e-05 0.034997 2.30636e-06 0.0104356 2.79895e-09 0.462598 2.16025e-06 0.000452319 6.59619e-07 0.0918657 0.000211952 0.00687697 1.05498e-09 0.0209182 0.00626114 0.0600928 0.239907 2.40787e-09 
7.4964e-05 7.65867e-06 0.0106472 2.55286e-07 1.54587e-05 8.75501e-06 0.000167463 3.50213e-05 0.117943 3.59665e-06 0.791792 0.00070777 3.20404e-05 0.000296821 0.0336668 0.000955708 1.83996e-05 0.000204584 1.72338e-05 0.0400295 0.000670335 0.00268401 2.12288e-05 
0.000632406 0.000970078 0.0464634 0.00690961 0.000380887 0.0302988 0.00728814 0.000280671 9.33727e-10 0.000613585 0.681349 2.26757e-07 1.15954e-07 0.000143782 0.136189 0.000171426 0.069354 0.000774618 0.000708058 0.000641493 0.00328559 0.0135456 7.17155e-08 
3.41735e-06 0.00318418 0.0372638 0.0682132 0.0582125 0.0152806 0.0146019 0.000879887 0.0459162 0.00526067 0.202668 0.00297283 0.0123123 0.00303961 0.172671 0.000474822 0.000188247 0.0116431 0.0531985 0.0500849 0.0785333 0.161564 0.00183281 
0.000257151 2.20175e-05 0.000798168 0.0109047 0.0095284 0.0876402 0.000531224 8.24687e-06 0.00414983 0.0150871 0.801947 0.00198044 2.88818e-05 0.00011879 0.0266581 2.83738e-05 4.12843e-05 0.000924217 0.0173291 0.000625083 0.00247064 0.0189195 1.25599e-06 
1.21235e-07 0.00076546 8.83112e-06 1.24485e-08 3.26365e-06 1.84775e-08 4.23111e-08 0.000804689 2.49484e-08 0.00197501 0.988978 1.96967e-07 1.87222e-07 0.00237865 7.80879e-05 0.000225488 2.28158e-07 6.61057e-08 4.09137e-06 0.00473478 4.26497e-05 1.63798e-08 1.50879e-07 
0.00045998 2.02256e-05 0.00445679 0.0309205 0.00318591 0.0226519 2.03749e-05 3.07059e-07 0.0403131 0.000206268 0.871908 9.68711e-05 2.4887e-05 0.000456702 0.0196357 4.70233e-06 7.64165e-06 4.34901e-05 1.11354e-05 6.1456e-05 0.00122317 0.00428593 5.22026e-06 
2.13746e-06 0.000383338 0.00248865 0.0140165 0.000478504 0.00900802 0.00136629 6.63237e-06 0.00638819 0.000369804 0.650722 0.0344015 1.43965e-08 0.000571278 0.191387 0.000925342 6.88296e-05 9.31239e-06 0.0028969 0.0173709 0.0289983 0.0381319 8.84192e-06 
0.000722712 0.000135885 0.0614462 0.032208 0.0194923 0.0862242 0.00240136 9.5359e-05 0.00743412 1.67218e-05 0.309413 0.0617625 0.0041283 0.00261538 0.0223699 1.67217e-05 0.000154348 0.00218121 0.000239183 0.0450598 0.278444 0.0634383 6.99487e-07 
0.00302496 0.0372975 0.0154228 0.111685 0.0110329 0.016217 0.0038546 0.00041669 0.0077813 0.0204265 0.511787 0.00517755 0.00167062 0.0195341 0.0165165 1.7853e-07 0.000220236 0.00125761 0.050482 0.0183997 0.127712 0.0198559 0.000228484 
0.00378826 0.000202552 0.00279803 0.0112842 0.00730889 0.00302293 0.0103647 1.63176e-09 6.56641e-06 0.000305657 0.940214 9.39758e-08 5.77452e-07 0.000186783 0.00660281 9.39402e-07 1.8665e-07 0.000751076 0.00655224 0.000851192 0.00161526 0.004117 2.63132e-05 
0.00601066 0.000438787 0.0159303 0.0789225 0.0117011 0.012921 0.00639835 3.28561e-07 0.000323944 0.00106277 0.698839 1.64999e-06 1.62501e-05 0.0047844 0.0902685 7.9709e-10 6.10081e-05 0.00221617 0.0179979 0.00282193 0.0278733 0.0214013 8.36171e-06 
0.000610817 0.000126421 0.00906597 0.064726 0.00342155 0.00409378 0.00436953 1.11206e-05 0.0152069 0.0128816 0.394991 0.00073871 0.000672819 6.82151e-06 0.0874701 0.000101341 0.000339373 0.000839164 0.0258252 0.00225189 0.338987 0.0196203 0.0136432 
2.9925e-05 0.00750995 1.29913e-08 0.00108469 3.09325e-08 1.61922e-05 1.10549e-05 2.63616e-07 2.27449e-08 0.0220238 0.951203 0.000118512 1.70686e-07 7.51155e-08 0.000911455 0.0102731 0.00310618 2.58778e-05 2.58817e-06 0.000176418 0.00225153 0.00125372 1.43246e-06 
5.53563e-06 2.13881e-05 6.50657e-07 0.0197739 1.54923e-06 8.43692e-07 0.00306874 1.32029e-05 1.13916e-06 0.000159635 0.976582 8.99361e-06 8.54864e-06 3.76209e-06 1.10622e-05 0.000121707 1.04178e-05 3.01842e-06 1.68182e-05 0.000156719 1.48293e-06 2.16522e-05 6.88919e-06 
5.35544e-10 1.62657e-10 0.0107533 0.0476374 6.87918e-07 8.59967e-06 0.0107875 2.38164e-05 0.317192 1.42244e-07 0.342754 0.0160841 3.84664e-06 1.39927e-05 0.201898 3.09628e-07 0.000257829 0.00235283 6.08854e-05 1.3684e-06 0.00247728 0.0113952 0.0362966 
0.00190004 0.000116253 0.0001658 0.000339014 0.000403491 0.00272549 0.000835485 2.47631e-07 0.00152265 0.00162224 0.743456 0.00291344 1.60336e-07 7.05607e-08 0.126868 1.40848e-05 1.95394e-07 0.0200613 0.000612015 0.0301983 0.00111213 0.0651333 1.29212e-07 
0.00197665 2.78174e-05 0.00377664 0.0715928 0.00645832 0.0296846 0.00260466 0.000121017 0.0110726 0.00124485 0.690632 0.0112353 4.09425e-05 0.000563657 0.0766557 2.03321e-06 0.000125774 1.36019e-05 0.00196243 0.000167728 0.0278388 0.0569217 0.00528059 
0.0017019 1.77092e-05 0.0627607 0.0599194 0.0168448 0.0712507 0.00232876 0.00032232 0.00450181 0.000368835 0.574169 0.00252124 5.26088e-05 0.00158346 0.0779408 5.99381e-07 0.000890249 0.0246289 0.0540315 0.00557139 0.0164593 0.0221116 2.20997e-05 
2.00304e-06 1.88578e-05 0.00387439 0.158997 0.136676 0.0367444 0.00436037 4.09313e-07 0.0132096 5.49307e-07 0.355628 5.15763e-05 8.79572e-06 0.0381732 0.00442643 8.15352e-06 0.000178057 0.223324 2.49302e-05 0.00619995 0.0153025 0.00268816 0.000102635 
0.00186884 0.000563867 0.0449034 0.0156283 0.000945488 0.0169416 0.00068435 3.91443e-05 0.0164669 0.00013876 0.43459 0.000439478 0.000169815 0.00361513 0.269107 0.00242755 0.000113654 0.00687259 0.0127208 0.00553923 0.0261643 0.13995 0.000110085 
0.00046444 0.000246686 0.134138 0.062518 0.0201798 0.0390663 0.00984006 0.000292461 0.0369151 0.00403836 0.411482 0.000146193 9.46863e-06 0.00373411 0.0287802 0.000102451 0.000137807 0.0032779 0.0109507 0.0233971 0.185769 0.0245122 1.48189e-06 
3.40629e-05 0.000272281 0.0150213 0.0933539 0.00301992 0.00903602 0.000763605 1.00787e-05 5.48797e-07 2.27316e-06 0.700659 3.876e-07 1.58041e-07 0.000739689 0.0446886 0.0013239 0.102775 0.00210058 0.00330868 0.000111502 0.0226679 0.000110845 4.30423e-10 
0.0188723 0.000399554 0.0125959 0.00891652 0.00283338 0.0176617 0.000631935 5.99056e-06 0.00805672 0.000966621 0.73903 8.4478e-05 9.4383e-06 0.0094939 0.0847517 0.000227278 0.00683584 0.00252549 0.000355478 0.000594725 0.00853795 0.0766057 7.3285e-06 
2.14487e-05 4.33142e-06 0.0138457 0.0233758 0.000196717 5.35452e-05 0.00186652 1.97411e-05 0.031098 0.00959461 0.777352 0.011178 0.00139868 1.76501e-06 0.0346678 7.73095e-06 7.75074e-06 0.0174445 5.18238e-05 0.0136914 0.00948356 0.0546379 3.28948e-07 
0.00268571 1.90922e-05 0.0621664 0.06911 0.00605627 0.0295104 0.0592977 4.41495e-06 0.00934461 1.31082e-05 0.61829 1.58931e-05 0.000389083 0.00212951 0.0289449 8.2128e-06 0.000540318 0.0051989 0.0228329 0.0102448 0.0679066 0.00529086 1.7142e-07 
0.000266858 0.000612547 0.0757453 0.0649599 0.0110377 0.0614974 0.000663475 4.2409e-07 7.31846e-05 2.17071e-05 0.719757 2.88883e-07 0.000571049 0.0347072 3.32243e-05 5.90422e-06 0.00322432 0.00192177 1.73521e-06 0.0162002 0.00215599 0.00654043 2.28695e-06 
0.000623262 2.59182e-05 0.0044154 0.0303227 0.0178929 0.0104769 8.10105e-05 2.46259e-05 0.0481201 0.000737939 0.408479 0.00789724 0.00055644 0.0386345 0.281787 2.53203e-05 0.000220221 0.00157119 0.00146425 0.0196667 0.0702626 0.0560607 0.000654094 
0.00320032 0.000278382 0.0231693 0.113693 0.00958647 0.0196015 0.011028 0.000309827 0.0255396 0.000362208 0.522229 0.00102177 6.16904e-05 0.00241781 0.0990582 9.0236e-05 0.0303428 0.00375977 0.0414402 0.0164067 0.047798 0.0267685 0.00183643 
4.40555e-05 1.89409e-05 0.0602586 0.0012034 0.16673 0.0223607 0.000802931 0.00975944 0.0445432 5.17594e-06 0.515438 0.0772981 1.32828e-06 4.74978e-06 0.0405247 0.00014474 0.000107543 0.00177161 0.00117889 0.0145349 0.00477018 0.0383116 0.000187025 
0.00400728 0.000309342 0.0202045 0.0091217 0.00653425 0.0356928 0.000529745 4.85055e-05 0.00672589 0.0019653 0.837067 0.000621669 0.000352877 0.00614818 0.0222973 0.000214704 0.00526085 0.00115997 0.00112456 0.00446271 0.00358191 0.0325063 6.28396e-05 
1.37174e-07 0.00100263 0.00263421 0.0444423 0.00163803 0.00862692 0.00949582 0.00182168 1.14037e-05 1.26127e-10 0.447215 3.16595e-07 4.0241e-08 0.00686746 0.238436 0.000141288 1.06965e-05 7.42199e-07 0.0124648 0.0126851 0.0478221 0.164684 1.08504e-10 
0.00124699 0.00185857 0.223731 0.0595467 0.0761464 0.0737044 0.0138782 0.00015769 0.0605606 0.00457559 0.242012 0.015414 3.39554e-05 0.0253864 0.0900238 2.38776e-05 0.000101728 0.0230963 0.00921202 0.00994549 0.0524213 0.0167305 0.000192151 
3.69418e-09 2.16133e-06 4.34213e-10 2.85218e-06 2.43193e-06 0.000430316 0.000695099 8.81092e-09 7.6021e-10 1.0358e-07 0.994251 6.00184e-09 5.70489e-09 2.51061e-09 3.2101e-07 1.62711e-05 6.95227e-09 5.75933e-07 2.97028e-06 0.00287198 4.11217e-06 0.00172001 4.59747e-09 
0.000160214 3.28908e-05 0.0111275 0.383288 0.00584756 0.0300195 0.01379 0.000200289 0.00421422 0.00211771 0.514281 7.40195e-05 7.52294e-07 0.00569556 0.00167531 3.73486e-06 0.000207497 0.00122989 0.000857035 0.00243326 0.0142824 0.00835814 0.000103614 
