0.000216366 0.000128633 0.0711391 0.0328016 0.000983931 0.0102569 0.00120024 1.9424e-05 0.0540037 1.21578e-05 0.00120698 1.29308e-06 0.000172455 0.00128713 0.00647916 8.91e-06 8.53849e-06 0.00438959 0.111736 0.653909 0.0195576 0.0304732 8.17892e-06 
2.13813e-06 0.00399239 0.158536 0.0392324 0.200166 0.0878591 0.00567959 0.00329998 0.0423506 0.000177907 0.000780605 3.93471e-07 8.53505e-05 0.00658893 0.301025 4.93337e-06 5.67509e-06 0.00112632 0.000982568 0.0496475 0.0113311 0.0871143 1.17665e-05 
5.8286e-06 0.0949881 0.00470494 0.00557318 0.00522727 0.00287485 0.000552438 9.46803e-08 4.88788e-05 5.39588e-07 0.0396609 9.38753e-10 6.37007e-07 0.781483 0.0178987 3.0372e-08 0.000304791 0.000833261 0.000240612 0.00267389 0.00186211 0.0410655 3.93972e-07 
1.87643e-06 0.170466 0.0514467 0.0647612 0.00939075 0.026533 0.00389756 0.000285351 0.0112168 2.86431e-05 0.201773 1.01432e-10 3.11443e-07 0.254748 0.0173735 0.000695347 2.2735e-07 0.000112267 0.000336711 0.139612 0.0056004 0.0416938 2.68431e-05 
0.000107611 6.7949e-07 6.12518e-05 0.0113963 4.02033e-05 1.73381e-05 0.000705501 2.79078e-07 0.0205248 3.95211e-06 0.00161723 1.90103e-07 1.40414e-05 6.5112e-05 0.00619973 9.1596e-05 2.33069e-06 0.00205695 0.0242844 3.90298e-05 0.932673 8.38226e-05 1.48338e-05 
0.0108318 0.178141 0.016391 0.0054143 0.00891224 0.0252862 0.000175642 7.89691e-06 0.00125444 5.32218e-05 0.184069 1.75281e-08 3.8155e-06 0.150218 0.220108 2.7534e-05 0.0441915 0.00127761 0.00958934 0.0117286 0.00455664 0.127762 1.90025e-08 
1.74938e-07 0.000276219 0.0110423 0.00262469 0.334765 0.00708355 0.000407508 0.00158491 0.0064038 2.19046e-07 0.00220913 1.27215e-10 9.42925e-05 0.0617333 0.0411542 1.52301e-08 2.50284e-06 4.41165e-06 0.000124142 0.127541 0.00349999 0.399449 1.51975e-07 
2.36059e-05 0.000740363 0.0108702 0.0222336 1.19931e-07 0.000220233 0.00718192 0.000325615 0.00269118 0.000290581 0.881408 8.49752e-11 1.67651e-05 0.000541922 0.0132926 0.000276137 0.00948505 1.02198e-07 0.00201022 0.000105989 0.0472376 0.0010482 3.05269e-07 
3.99482e-05 0.000330105 0.0277428 0.00349895 0.00182231 0.00360287 0.000200888 0.000162747 0.000988264 9.55516e-09 1.31786e-05 4.62374e-12 2.38101e-05 0.000823337 0.0115241 1.53152e-07 6.13712e-06 0.000135751 0.000111019 0.940151 0.000472339 0.00835042 8.11897e-10 
0.735569 0.000858517 0.0119521 0.0108398 0.00190985 0.0628876 0.00131956 7.96909e-05 0.000201926 7.72412e-05 0.0326041 2.95978e-07 0.000116626 0.00921983 0.0409936 2.13179e-05 0.00131599 0.00263773 0.0268979 0.0030713 0.00274221 0.0546087 7.55079e-05 
2.3326e-08 0.000475529 0.782726 7.87614e-06 0.00754646 0.0140887 0.0351168 0.000152095 0.00111411 1.29006e-08 0.00178694 9.28511e-12 2.76867e-08 0.000851646 0.0395601 1.68496e-09 2.6708e-08 0.000188428 8.19789e-05 0.106827 0.00435474 0.00512157 2.05901e-09 
0.735569 0.000858517 0.0119521 0.0108398 0.00190985 0.0628876 0.00131956 7.96909e-05 0.000201926 7.72412e-05 0.0326041 2.95978e-07 0.000116626 0.00921983 0.0409936 2.13179e-05 0.00131599 0.00263773 0.0268979 0.0030713 0.00274221 0.0546087 7.55079e-05 
2.79294e-05 2.58481e-05 0.000309503 0.000509981 4.21186e-07 0.00384667 9.00513e-05 1.14416e-07 5.2481e-06 7.39784e-06 0.992399 8.72693e-08 1.66054e-06 0.00019283 0.000437973 6.73842e-06 3.28087e-07 3.74773e-05 4.88203e-05 0.000159229 0.00147361 0.000417472 1.65137e-06 
9.22526e-05 0.000700908 0.0231638 0.00398147 0.00200038 0.00438006 0.000403007 0.000634854 0.000952744 5.08363e-06 0.000155212 4.48856e-13 8.13194e-05 0.00150965 0.00612002 2.3943e-07 2.32381e-05 2.78384e-05 9.38442e-05 0.944602 0.000886409 0.0101855 1.39255e-09 
0.00136952 0.0299801 0.0660021 0.0545601 0.0172191 0.0099036 0.013755 0.000353595 0.00670787 0.0037979 0.32625 0.000271163 0.00245693 0.0168729 0.231683 0.00751214 0.00478753 0.00462917 0.0396665 0.00691714 0.0566612 0.0963727 0.00227043 
1.63123e-05 7.67141e-05 0.114075 0.0348137 0.00428087 0.130293 0.00866113 1.91273e-05 0.00336464 5.02953e-06 0.0165112 4.33814e-09 2.04721e-05 0.00157522 0.602081 2.23458e-06 7.58413e-05 9.58756e-05 0.0261851 0.00103337 0.00499879 0.0518133 2.53861e-06 
0.00156296 7.0786e-06 0.0125953 0.0464904 0.000395865 0.0161161 0.0097413 6.25885e-06 0.0189621 3.90874e-09 0.000806402 1.26161e-12 6.50509e-10 0.000372467 0.11731 1.00958e-10 1.79389e-09 0.000647144 0.768909 0.000670272 0.00118461 0.00419949 2.32264e-05 
0.735569 0.000858517 0.0119521 0.0108398 0.00190985 0.0628876 0.00131956 7.96909e-05 0.000201926 7.72412e-05 0.0326041 2.95978e-07 0.000116626 0.00921983 0.0409936 2.13179e-05 0.00131599 0.00263773 0.0268979 0.0030713 0.00274221 0.0546087 7.55079e-05 
0.000402011 4.23849e-09 0.373372 0.00724868 0.0078594 0.00212131 4.32248e-05 8.04668e-08 0.0219194 0.000118899 0.0210142 2.97698e-11 0.000216924 0.0043038 0.516815 5.65465e-09 6.06078e-08 0.00307569 0.0150037 0.00464055 0.0116304 0.0100707 0.00014339 
3.99482e-05 0.000330105 0.0277428 0.00349895 0.00182231 0.00360287 0.000200888 0.000162747 0.000988264 9.55516e-09 1.31786e-05 4.62374e-12 2.38101e-05 0.000823337 0.0115241 1.53152e-07 6.13712e-06 0.000135751 0.000111019 0.940151 0.000472339 0.00835042 8.11897e-10 
3.67621e-05 0.000359997 0.11169 0.0167413 0.00183981 0.00964088 0.00175032 0.000109248 0.0070501 1.95507e-05 8.02024e-06 3.65619e-08 2.37844e-05 0.000438773 0.021853 9.53797e-08 5.59131e-06 0.00124571 0.00204133 0.811083 0.00344954 0.0105986 1.46496e-05 
1.62968e-06 0.000668729 0.0303505 0.248297 0.000255028 0.00734005 0.00787605 0.0081021 0.0013752 0.00011825 0.25612 1.71824e-09 7.8053e-07 0.0319359 0.13359 0.00126934 0.000209561 0.00675786 0.104403 0.132333 0.0183024 0.0106927 4.75683e-07 
0.00118486 4.74514e-05 0.149311 0.0153073 0.0126046 0.00796349 0.00472541 0.000253753 0.000457424 8.95831e-06 0.558262 4.19408e-08 5.56601e-05 0.000172579 0.163596 8.97233e-05 4.85824e-08 0.00261497 0.000283709 0.00091542 0.0771282 0.00498299 3.40185e-05 
7.07146e-05 6.27838e-06 0.0386647 0.137689 0.108515 0.0541941 0.000557892 4.01425e-05 0.00261512 4.56268e-05 0.482123 5.63257e-07 0.0578014 0.0155245 0.0209606 1.10697e-06 0.00901351 0.00606119 0.00950207 0.00472293 0.0399918 0.0100394 0.00185883 
0.00677794 3.74558e-05 0.0387738 0.00040781 1.806e-07 0.00298324 5.06927e-08 0.00679764 0.0426948 0.00127519 0.740799 2.30747e-10 4.74665e-07 0.00127387 0.139138 0.00346072 5.0942e-07 0.00491571 1.18712e-08 1.55635e-07 0.00712134 0.00354225 6.78979e-08 
6.84299e-08 6.84838e-08 0.0675393 0.263257 0.00356818 0.0819345 0.0376506 0.00177645 0.00441091 6.83954e-08 0.0504084 6.83815e-08 0.000519817 0.00160191 0.393435 6.84032e-08 0.000355549 6.8465e-08 0.0216373 0.0066499 0.0179367 0.0473177 6.84112e-08 
0.00304832 0.000179189 0.00847418 0.0243935 0.0298918 0.0941899 0.000704981 1.31215e-06 4.81306e-05 0.00639862 0.00623641 1.95846e-07 3.06089e-05 0.210053 0.410131 1.97608e-05 0.0580472 0.023805 0.000126395 0.0931493 0.0185714 0.0124505 4.93427e-05 
0.000654793 0.000160895 0.455664 0.0373864 0.0693128 0.193474 0.00104289 2.92379e-05 0.00626261 1.0152e-07 0.0729342 5.65838e-08 0.00178854 0.00703915 0.0298029 4.93337e-07 1.36585e-07 0.0268318 0.000285722 0.00686519 0.0103146 0.0799486 0.000200544 
0.0117021 0.00033235 0.0501902 0.28012 0.0176102 0.0132353 0.0402356 0.00125125 0.00281069 0.00125076 0.42482 8.73044e-06 0.000121098 0.00503415 0.0419377 0.000336378 0.00361588 0.00348836 0.0385603 0.00360773 0.0375031 0.0222014 2.73858e-05 
0.00425548 0.00431087 0.0458777 0.0517744 0.0236355 0.115073 4.7611e-07 0.000325938 0.00196549 2.66977e-07 0.477025 6.6058e-10 5.82696e-07 0.00588673 0.0185982 7.80342e-08 5.01349e-05 0.0105887 0.000799389 0.113734 0.00271547 0.119374 0.00400794 
0.00385663 6.02977e-07 0.171282 0.274116 0.00530696 0.0677868 0.0616822 0.00126388 0.0246652 6.02198e-07 0.0271971 6.02077e-07 6.02132e-07 0.00548539 0.0908313 0.000663095 0.0030703 0.0129611 0.0176704 0.00711579 0.204117 0.0188774 0.00204855 
0.00854153 0.0145241 2.23419e-05 0.0658708 0.0017752 1.90437e-05 1.15609e-05 2.03384e-05 4.71721e-06 6.47263e-06 0.903881 2.92572e-09 1.414e-05 9.82627e-05 1.13256e-05 1.88442e-06 9.6039e-06 5.44991e-06 0.000313175 0.000725633 1.22437e-05 0.00412293 8.61215e-06 
0.000625496 0.00109485 0.0137306 0.0155034 0.00189802 0.0018449 0.0497634 2.61205e-05 0.00953266 1.54853e-06 0.690414 1.67097e-07 1.4323e-06 0.00618144 0.0403618 0.0106384 0.13286 0.00105974 0.00210334 0.000395732 0.00998702 0.01196 1.56929e-05 
6.42051e-05 0.00017177 0.0376111 0.093525 0.00322057 0.00460247 0.0642379 0.00205581 7.61622e-05 3.35321e-05 0.00287782 6.3433e-11 6.7073e-08 0.714785 0.0029542 3.32303e-06 4.03198e-08 3.32912e-05 0.000289004 0.0632559 0.000492776 0.00966618 4.33842e-05 
0.000236611 2.35309e-05 0.22046 0.19806 0.00405483 0.237725 0.00631772 9.21533e-05 0.00525379 0.10722 0.0682858 4.1908e-10 1.6709e-06 0.00102001 0.11501 6.94386e-08 1.08621e-06 0.0011346 0.00124935 0.00550539 0.000860779 0.0274876 6.17592e-07 
0.000132885 0.00818546 0.0549312 0.0406752 0.0118499 0.00175605 0.00296952 0.018341 0.0351786 0.000209414 0.706924 2.39874e-08 2.3049e-05 0.00067144 0.00883064 0.000207059 0.0433426 5.82619e-06 7.55307e-05 0.00617952 0.0037207 0.0428554 0.0129353 
0.00104199 4.7197e-06 0.00839686 0.035322 0.000263913 0.0107441 0.00723864 5.37884e-06 0.0126414 3.073e-09 0.000537607 1.1616e-12 5.33219e-10 0.000248323 0.0782068 8.28417e-11 1.41046e-09 0.000431435 0.840689 0.000446852 0.000964081 0.00280109 1.5486e-05 
0.00100422 0.00905324 0.00802372 0.0327693 0.870643 0.022905 0.00135757 1.1697e-07 0.0100203 5.05219e-07 0.00516067 9.13369e-11 0.000159272 0.000213695 0.00428534 4.57518e-09 4.3038e-06 0.026905 2.2891e-05 0.000600992 0.00632422 0.000544207 2.7427e-06 
0.000216366 0.000128633 0.0711391 0.0328016 0.000983931 0.0102569 0.00120024 1.9424e-05 0.0540037 1.21578e-05 0.00120698 1.29308e-06 0.000172455 0.00128713 0.00647916 8.91e-06 8.53849e-06 0.00438959 0.111736 0.653909 0.0195576 0.0304732 8.17892e-06 
5.8286e-06 0.0949881 0.00470494 0.00557318 0.00522727 0.00287485 0.000552438 9.46803e-08 4.88788e-05 5.39588e-07 0.0396609 9.38753e-10 6.37007e-07 0.781483 0.0178987 3.0372e-08 0.000304791 0.000833261 0.000240612 0.00267389 0.00186211 0.0410655 3.93972e-07 
2.0111e-05 8.8463e-06 0.429697 0.0505247 0.0489013 0.055665 0.00190823 6.64853e-05 0.0813475 1.09726e-05 0.00598316 6.65822e-08 5.88832e-05 0.000271951 0.22174 3.17679e-06 1.32475e-05 0.00980281 0.000490775 0.0641005 0.0129715 0.0164135 7.14604e-07 
0.000216366 0.000128633 0.0711391 0.0328016 0.000983931 0.0102569 0.00120024 1.9424e-05 0.0540037 1.21578e-05 0.00120698 1.29308e-06 0.000172455 0.00128713 0.00647916 8.91e-06 8.53849e-06 0.00438959 0.111736 0.653909 0.0195576 0.0304732 8.17892e-06 
2.3326e-08 0.000475529 0.782726 7.87614e-06 0.00754646 0.0140887 0.0351168 0.000152095 0.00111411 1.29006e-08 0.00178694 9.28511e-12 2.76867e-08 0.000851646 0.0395601 1.68496e-09 2.6708e-08 0.000188428 8.19789e-05 0.106827 0.00435474 0.00512157 2.05901e-09 
7.17044e-05 0.220813 0.0301841 0.0446836 0.0363019 0.00925397 0.00757463 6.95814e-05 0.00541418 3.96392e-05 0.0823502 9.24737e-07 1.25839e-05 0.297016 0.00897621 1.19115e-05 0.0012156 0.000388754 0.00277702 0.0180727 0.0214943 0.213196 8.15689e-05 
0.00104054 0.000347258 0.0113737 0.0625249 0.00541031 0.00361427 0.76742 0.000550108 0.00565577 2.03886e-07 0.0115969 2.03844e-07 2.03863e-07 0.00377537 0.0334889 0.000815837 0.00108027 0.00118395 0.0227253 0.0331542 0.00896272 0.0252788 2.03933e-07 
0.00406473 0.00010801 0.0606222 0.0406864 0.00746628 0.070031 0.000465234 0.00089539 0.0037674 0.00514599 0.13642 7.02668e-05 0.000230209 0.00060593 0.0282004 0.000381673 0.00220282 0.0271053 0.530695 0.000852654 0.0290375 0.0508392 0.000106282 
0.00416307 6.78494e-05 0.0167183 0.705525 0.0071656 0.0037506 0.0886712 0.000670925 0.00250852 9.05698e-05 0.010936 8.60517e-07 0.000688755 0.00541504 0.008971 5.03407e-06 6.20899e-06 0.00154427 0.0893143 0.0101351 0.0351706 0.00846804 1.27726e-05 
7.05347e-06 4.60831e-08 0.104153 0.0244945 0.42167 0.0341276 0.00167244 0.00445543 0.018161 2.87116e-06 4.08916e-06 1.39435e-11 0.000136109 0.000641495 0.176006 2.87478e-06 1.61516e-11 0.000295189 0.000151345 0.13792 0.0028879 0.0658629 0.00734815 
6.84299e-08 6.84838e-08 0.0675393 0.263257 0.00356818 0.0819345 0.0376506 0.00177645 0.00441091 6.83954e-08 0.0504084 6.83815e-08 0.000519817 0.00160191 0.393435 6.84032e-08 0.000355549 6.8465e-08 0.0216373 0.0066499 0.0179367 0.0473177 6.84112e-08 
0.000654793 0.000160895 0.455664 0.0373864 0.0693128 0.193474 0.00104289 2.92379e-05 0.00626261 1.0152e-07 0.0729342 5.65838e-08 0.00178854 0.00703915 0.0298029 4.93337e-07 1.36585e-07 0.0268318 0.000285722 0.00686519 0.0103146 0.0799486 0.000200544 
0.00028274 0.00018825 0.0636854 0.0134271 0.0476418 0.0830059 0.00161366 0.00267251 0.0104 0.000150357 0.118535 9.63168e-05 0.0184662 0.00414444 0.0887445 0.000947008 0.00396069 0.00163808 0.000122803 0.0783704 0.0423164 0.413157 0.0064337 
3.56538e-05 0.000645395 0.0707641 0.0167912 0.0282053 0.0698375 3.27151e-05 0.000489896 0.0148594 2.39818e-06 0.20726 2.36281e-10 6.27491e-08 0.345416 0.0339425 7.39563e-08 0.0102874 0.00578834 9.63691e-06 0.0309117 0.112104 0.0520837 0.000532914 
1.18205e-08 0.000116657 0.676537 0.00901472 0.00198843 0.0340699 0.000451921 0.000427542 0.0570926 5.19672e-06 0.0316063 2.2758e-11 1.69971e-05 0.000201141 0.139551 1.15785e-08 0.000245359 0.000495144 0.00319821 0.000166485 0.0374324 0.00738365 9.51017e-08 
2.106e-06 2.48485e-05 0.0246425 0.302783 0.000489025 0.00251917 0.0144046 2.54221e-05 0.00130341 1.3303e-05 0.0374306 1.0361e-06 0.00176223 4.2904e-06 0.0443184 9.55745e-06 2.94572e-06 0.0182404 0.466838 0.00966346 0.073984 0.00153398 3.48075e-06 
2.33904e-06 2.34088e-06 0.0210747 0.654426 0.0304346 0.0154548 0.0201329 0.00350538 2.34114e-06 2.33785e-06 0.0159216 2.33738e-06 2.3376e-06 2.3399e-06 0.0353583 2.33812e-06 0.000469678 0.037212 0.0430807 2.34089e-06 0.122904 2.34133e-06 2.33839e-06 
3.62087e-05 0.0173028 0.0287329 0.0256411 0.000958419 0.00767585 0.0113941 3.75514e-06 6.0593e-05 2.84098e-05 0.00329573 6.10561e-10 4.87052e-07 0.895932 0.00284709 5.84425e-07 2.42844e-07 2.71787e-05 0.000130572 0.0028339 0.000279036 0.00279948 1.95977e-05 
2.79294e-05 2.58481e-05 0.000309503 0.000509981 4.21186e-07 0.00384667 9.00513e-05 1.14416e-07 5.2481e-06 7.39784e-06 0.992399 8.72693e-08 1.66054e-06 0.00019283 0.000437973 6.73842e-06 3.28087e-07 3.74773e-05 4.88203e-05 0.000159229 0.00147361 0.000417472 1.65137e-06 
1.21506e-05 1.9121e-05 0.645461 0.00635404 0.0041517 0.0662896 0.0059398 1.17904e-07 0.0970268 7.47939e-08 0.0028955 2.89241e-08 1.41286e-05 0.000445619 0.0586638 6.42773e-08 0.00121371 0.0390875 0.00313619 0.00687153 0.0238179 0.0385869 1.24036e-05 
0.0592069 8.23057e-05 0.510075 0.0142272 0.00421173 0.00559658 0.000440567 0.00041311 0.0313501 0.00053788 0.0688139 1.27426e-06 2.07253e-05 0.000415466 0.107151 2.12728e-05 0.0001589 0.00158167 0.0650443 0.0304829 0.0950889 0.00490052 0.000177567 
0.000139502 2.17001e-07 0.0520257 0.269319 0.00203259 0.0502842 0.11119 8.99638e-07 0.0174567 4.02918e-05 0.000654369 3.58855e-09 0.000104555 3.13903e-05 0.121712 6.0717e-08 3.46409e-07 0.000244629 0.00237317 0.00234976 0.32927 0.0407672 2.62655e-06 
8.9358e-05 1.26879e-05 0.0183301 0.792185 0.0682685 0.00376726 0.0834941 0.000130862 1.13952e-05 7.65153e-07 0.0112545 2.89042e-07 4.46233e-05 0.00127005 0.00772113 1.24761e-06 6.00721e-05 0.000257876 0.00831839 6.51811e-05 0.00361187 0.00110395 1.22052e-06 
0.735569 0.000858517 0.0119521 0.0108398 0.00190985 0.0628876 0.00131956 7.96909e-05 0.000201926 7.72412e-05 0.0326041 2.95978e-07 0.000116626 0.00921983 0.0409936 2.13179e-05 0.00131599 0.00263773 0.0268979 0.0030713 0.00274221 0.0546087 7.55079e-05 
1.31186e-06 1.52939e-05 0.157899 0.0379924 0.27599 0.0266956 0.00256606 0.0122077 0.0321346 8.4612e-06 9.97046e-06 8.34309e-12 1.50232e-06 0.00107344 0.160309 5.37275e-06 9.66427e-12 0.00246377 0.000173676 0.192773 0.0044653 0.0553148 0.0378996 
1.57193e-05 1.39189e-05 0.098664 0.0993362 0.0113493 0.166364 4.29987e-07 0.00013849 0.013264 0.0013611 0.0197672 7.43664e-11 7.4821e-08 0.033493 0.538523 2.25789e-05 8.25049e-08 0.00119505 0.00011883 1.16039e-07 0.00204115 0.0143308 1.20406e-07 
0.00112369 8.21625e-05 0.0101807 0.00246483 0.000981942 0.0159596 0.000121612 0.0121017 0.000727141 0.00174582 0.892286 2.35991e-06 4.44426e-06 0.00104488 0.0275644 0.00281442 0.00238673 0.00032496 0.000216341 0.00231028 0.0173935 0.00815506 7.28578e-06 
0.00343477 9.9715e-05 0.00573482 0.231661 0.000819968 0.00946172 0.000758602 1.38918e-05 0.0264668 0.000117561 0.607288 1.18664e-05 0.000257458 0.0173256 0.0184847 1.42873e-05 0.0145852 3.07912e-05 2.63079e-05 0.00151079 0.0392839 0.0225442 6.74475e-05 
0.00457714 6.6032e-05 0.0116845 0.0354207 0.00314509 0.102252 0.00557355 0.00158392 0.218551 0.00756576 0.532504 3.3834e-10 2.06182e-07 2.6369e-07 0.0334021 0.000303378 0.000274206 1.84832e-06 0.00102286 0.00140406 0.0263429 0.0127021 0.00162195 
8.62809e-06 1.17397e-05 0.606706 0.0329112 0.0755298 0.117341 0.000102068 5.30477e-06 0.0137435 1.23831e-08 0.00142189 9.64414e-11 4.53272e-05 0.00223583 0.0155565 2.56045e-09 3.95946e-08 0.00135256 5.87782e-05 0.080113 0.00193513 0.0509049 1.6852e-05 
0.735569 0.000858517 0.0119521 0.0108398 0.00190985 0.0628876 0.00131956 7.96909e-05 0.000201926 7.72412e-05 0.0326041 2.95978e-07 0.000116626 0.00921983 0.0409936 2.13179e-05 0.00131599 0.00263773 0.0268979 0.0030713 0.00274221 0.0546087 7.55079e-05 
1.81388e-05 7.80747e-05 0.050235 0.048159 0.272089 0.0145013 0.000324085 0.00133476 0.0243372 0.000847994 0.0264941 2.78393e-10 8.42927e-05 0.0100793 0.325706 2.6857e-07 6.87763e-05 0.000101629 0.00120837 0.0684079 0.00894546 0.146978 6.89669e-07 
0.000417358 8.05797e-05 0.302663 0.0123707 0.0146437 0.0301022 4.19924e-05 7.45156e-06 0.114955 0.000999534 0.0183616 2.13955e-07 0.00160175 6.06948e-06 0.114433 2.80523e-07 1.26518e-05 0.00610665 0.00177806 0.195764 0.161511 0.024143 9.23881e-07 
0.000131082 2.6097e-09 0.012256 1.55228e-07 0.00514285 7.01697e-08 1.20919e-08 6.82886e-12 0.00217775 1.53295e-08 3.5394e-08 4.6517e-12 0.000168531 2.63467e-07 0.887203 3.47371e-09 5.38833e-12 1.48315e-07 0.0418571 1.5956e-05 8.34823e-05 0.0509631 5.95097e-08 
0.00102273 0.00231405 0.0420586 0.342895 4.84336e-05 0.0223403 0.0416565 0.000230548 5.72135e-06 3.2124e-07 0.198826 2.95772e-07 7.01856e-07 0.00258779 0.11135 7.80746e-05 0.0335495 0.000409241 0.0232912 0.0904242 0.0720317 0.0148791 4.2746e-07 
0.000124306 0.0605326 0.113893 0.0907455 0.0038364 0.0311256 0.0377569 1.4893e-05 4.46911e-05 7.1392e-06 0.0126261 5.52462e-11 7.73728e-08 0.614145 0.0113347 2.44926e-06 7.97761e-07 7.79341e-05 0.000151425 0.011902 2.72364e-05 0.0115686 8.22573e-05 
0.116085 0.0534086 0.0251955 0.0384416 0.00553165 0.0105972 0.000700493 7.09731e-06 0.00504678 0.000226623 0.00322648 2.38055e-12 7.91774e-09 0.014921 0.472398 2.64946e-07 4.66738e-06 0.000918637 0.0445396 0.101382 0.00424633 0.103101 2.0816e-05 
2.3326e-08 0.000475529 0.782726 7.87614e-06 0.00754646 0.0140887 0.0351168 0.000152095 0.00111411 1.29006e-08 0.00178694 9.28511e-12 2.76867e-08 0.000851646 0.0395601 1.68496e-09 2.6708e-08 0.000188428 8.19789e-05 0.106827 0.00435474 0.00512157 2.05901e-09 
7.79488e-05 0.237905 0.0230594 0.00207698 0.00484279 0.00280214 0.000182359 0.000725253 0.000610428 2.4247e-06 0.00145678 1.02086e-12 2.85487e-05 0.0522744 0.00763548 1.46761e-06 1.2057e-05 1.32653e-05 0.000105639 0.657626 0.00046113 0.00810053 1.84591e-09 
2.08951e-05 0.0141764 0.000141331 0.031544 0.00202607 0.723337 0.00294308 0.000266649 0.00310596 0.00018999 0.0321387 3.4863e-06 0.000905709 0.00214366 0.000119825 7.45075e-06 0.000285168 0.00473468 0.00669461 0.00833045 0.00185958 0.16501 1.55557e-05 
0.00500366 0.00369392 0.0065084 0.0773735 0.00182041 0.0120048 0.0113391 5.66689e-05 0.000259408 0.353487 0.3744 7.09174e-10 2.53228e-08 0.0104697 0.0235234 0.000161681 0.00146384 9.486e-05 0.0616324 0.0405636 0.00399516 0.0121361 1.2605e-05 
9.22526e-05 0.000700908 0.0231638 0.00398147 0.00200038 0.00438006 0.000403007 0.000634854 0.000952744 5.08363e-06 0.000155212 4.48856e-13 8.13194e-05 0.00150965 0.00612002 2.3943e-07 2.32381e-05 2.78384e-05 9.38442e-05 0.944602 0.000886409 0.0101855 1.39255e-09 
0.00128514 0.00234901 0.0232978 0.0297344 0.517745 0.126998 0.00678761 0.00175958 0.0540897 0.00363035 0.0210936 0.00039889 0.00218437 0.00394614 0.0632453 0.00107901 0.00648708 0.0154685 0.00248282 0.0167965 0.0367301 0.0600526 0.00235847 
3.99482e-05 0.000330105 0.0277428 0.00349895 0.00182231 0.00360287 0.000200888 0.000162747 0.000988264 9.55516e-09 1.31786e-05 4.62374e-12 2.38101e-05 0.000823337 0.0115241 1.53152e-07 6.13712e-06 0.000135751 0.000111019 0.940151 0.000472339 0.00835042 8.11897e-10 
7.43406e-05 3.87697e-05 0.00025341 0.0329501 0.0104412 0.513889 0.00059682 3.00452e-06 0.0345002 4.34706e-06 0.14099 8.23046e-08 1.17259e-07 0.00013828 0.00621715 9.81367e-06 0.00146826 0.00975324 0.000453089 0.00314002 0.0122176 0.232321 0.000540197 
6.00063e-05 0.000373135 0.369 0.00296742 0.00173237 0.0036691 0.00020763 0.00098925 0.0491095 1.52038e-05 0.000176019 1.05959e-09 5.15454e-05 0.00139355 0.00458674 1.57069e-06 1.98453e-05 3.12174e-05 8.56592e-05 0.557117 0.00077671 0.00763275 3.66814e-06 
0.00110552 3.93914e-05 0.0193662 0.169484 0.00576499 0.0142223 0.111302 3.27168e-05 0.0184564 0.000844737 0.0262646 9.3637e-06 7.9283e-05 0.00308483 0.0574075 0.00359131 5.39971e-05 0.0008727 0.501032 0.00198758 0.0405217 0.0242903 0.000186692 
1.06103e-05 0.0104425 0.25679 0.0184581 0.041164 0.0574154 0.000844479 4.66616e-05 0.00758513 0.000778613 0.248389 8.14353e-06 4.86208e-05 0.135381 0.0613618 0.000185862 0.000888721 0.00270521 2.03271e-05 0.0187959 0.0223289 0.116336 1.39649e-05 
2.79294e-05 2.58481e-05 0.000309503 0.000509981 4.21186e-07 0.00384667 9.00513e-05 1.14416e-07 5.2481e-06 7.39784e-06 0.992399 8.72693e-08 1.66054e-06 0.00019283 0.000437973 6.73842e-06 3.28087e-07 3.74773e-05 4.88203e-05 0.000159229 0.00147361 0.000417472 1.65137e-06 
0.00238133 0.000273081 0.458885 0.0202511 0.00931301 0.197571 0.000495448 1.60188e-05 0.0189666 0.000815072 0.00306145 1.94778e-07 1.21847e-06 0.000362171 0.121792 9.07437e-06 0.00408854 0.0192261 0.00804462 0.0605678 0.0289891 0.0448899 2.5274e-07 
4.30391e-05 0.0012581 0.00554243 0.0207859 0.0478369 7.29605e-05 4.0564e-05 5.95772e-05 0.159606 0.00150195 0.737389 4.31876e-07 2.66281e-05 0.00012457 0.0166293 1.31571e-05 7.02643e-05 9.6444e-05 9.60071e-06 0.000122352 0.000178568 0.00857905 1.3343e-05 
0.00129095 4.17713e-05 0.355079 0.0293746 0.0177298 0.0192459 0.002012 5.77845e-05 0.0535707 0.0023467 0.0374958 3.03123e-05 3.61616e-05 0.00887226 0.14439 3.53449e-05 5.49585e-05 0.000813921 0.017661 0.0244734 0.129252 0.155427 0.000708409 
3.99482e-05 0.000330105 0.0277428 0.00349895 0.00182231 0.00360287 0.000200888 0.000162747 0.000988264 9.55516e-09 1.31786e-05 4.62374e-12 2.38101e-05 0.000823337 0.0115241 1.53152e-07 6.13712e-06 0.000135751 0.000111019 0.940151 0.000472339 0.00835042 8.11897e-10 
1.62241e-08 0.79984 0.0137495 1.57142e-05 0.00849925 0.00661375 5.9827e-09 3.17487e-05 0.000980195 1.63737e-07 0.00115201 3.80409e-09 1.13632e-07 0.0249784 0.0123869 5.6064e-08 2.99363e-07 0.00144896 1.75698e-05 0.000406096 2.42955e-05 0.0615925 0.0682625 
4.13251e-07 4.28066e-08 0.122748 0.635703 0.000366847 0.000301433 0.0327462 0.00031116 0.00524895 8.37688e-08 0.0146963 1.00227e-10 0.0058687 0.00385816 0.00473811 0.00147814 0.000122936 0.00926028 0.00725424 0.00187623 0.147034 0.00552725 0.000859122 
1.8731e-06 3.23362e-05 0.0154468 0.452649 0.0101721 0.00896124 0.00451869 0.00024357 0.0334335 0.00161976 0.0207493 4.49767e-07 5.33125e-05 0.00477164 0.121119 1.71542e-06 0.000316851 0.000341367 0.0920544 0.00194 0.0568335 0.174601 0.000139258 
0.000138351 0.0733632 0.0456371 0.00348457 0.00441981 0.0194638 0.000208814 1.57417e-06 0.138898 5.42963e-06 0.255181 2.93004e-09 1.99949e-05 0.000341547 0.321678 0.00248863 6.62968e-06 1.33431e-06 0.000303151 0.0343464 0.00858169 0.0886742 0.00275758 
4.51849e-08 0.00025627 0.000731095 0.774488 0.000103412 0.000366369 0.0170393 0.000513766 0.000100652 1.52272e-07 0.110752 2.10828e-10 9.60866e-06 6.34431e-08 0.0406931 9.62344e-08 2.24875e-05 0.000380249 0.0033451 0.00014149 0.0453135 0.00574282 1.13945e-07 
3.99482e-05 0.000330105 0.0277428 0.00349895 0.00182231 0.00360287 0.000200888 0.000162747 0.000988264 9.55516e-09 1.31786e-05 4.62374e-12 2.38101e-05 0.000823337 0.0115241 1.53152e-07 6.13712e-06 0.000135751 0.000111019 0.940151 0.000472339 0.00835042 8.11897e-10 
7.41202e-05 0.0602298 0.2564 0.0505145 0.00948901 0.0205355 0.0187003 0.000146849 0.0184392 2.96112e-06 0.037362 1.02222e-07 1.01028e-06 0.238013 0.0940187 1.77968e-05 0.000316684 0.000332612 0.00379894 0.00677665 0.101333 0.0834935 3.12746e-06 
0.000132261 2.40233e-05 0.246031 0.0923896 0.0279243 0.089154 0.00371503 1.57497e-05 0.0213057 3.81646e-06 0.0501315 3.29804e-08 9.05006e-06 0.0010547 0.345468 7.3981e-07 1.8081e-06 0.00228962 0.000655366 0.000716864 0.0707218 0.0482442 1.10903e-05 
0.000702554 6.52813e-05 0.0153443 0.00814999 0.0746202 0.258606 0.000826443 0.000265333 0.0227661 0.00145762 0.0269267 5.53201e-07 5.07843e-05 0.0513018 0.0648731 1.46079e-06 0.00124835 0.0255787 0.00265997 0.0604787 0.0140125 0.32088 0.0491838 
7.54802e-07 2.53806e-05 0.0537289 0.028215 0.00775172 0.750455 5.55797e-05 5.72236e-07 0.00693002 0.000274788 0.0568649 3.30476e-08 0.01777 0.000881799 0.0333397 9.55714e-07 3.82809e-08 0.00017012 7.76446e-06 0.00308902 0.0320588 0.00837851 5.71859e-07 
3.2751e-05 0.000447159 0.0630898 0.0781246 0.0108209 0.0570057 0.00269574 0.00247217 0.00280187 1.6666e-05 0.0311365 5.08784e-08 2.49309e-05 0.00221117 0.0143949 4.07616e-07 9.72881e-06 3.28148e-05 0.00255044 0.705923 0.0043297 0.00742063 0.0144587 
3.99482e-05 0.000330105 0.0277428 0.00349895 0.00182231 0.00360287 0.000200888 0.000162747 0.000988264 9.55516e-09 1.31786e-05 4.62374e-12 2.38101e-05 0.000823337 0.0115241 1.53152e-07 6.13712e-06 0.000135751 0.000111019 0.940151 0.000472339 0.00835042 8.11897e-10 
2.83943e-05 7.76391e-05 0.00935135 0.000886552 0.932218 0.0142724 0.000519362 1.20676e-06 0.0012129 3.78883e-07 0.0234818 1.77235e-09 0.00124331 4.18765e-06 0.00189415 8.59387e-06 1.02718e-06 0.00068431 6.92095e-07 0.00650029 0.00755145 6.17135e-05 1.63197e-07 
2.3016e-05 0.000539191 0.0478879 0.0330164 0.00273907 0.00907179 0.00307213 0.000210305 0.000663713 0.000282717 0.0179131 1.31115e-11 6.74186e-06 0.000816274 0.0153737 1.09541e-06 1.99082e-05 0.000805709 0.000131722 0.843474 0.00211121 0.0218367 3.7277e-06 
3.38456e-05 1.38349e-07 0.0051794 0.0063015 0.000802613 0.981025 1.7013e-05 6.02408e-06 9.07338e-05 1.14358e-05 0.000257324 2.54143e-08 5.54387e-07 2.94954e-06 0.000922476 0.00142614 2.94388e-08 0.000284306 2.34551e-05 2.87721e-05 0.000165256 0.00341652 4.65472e-06 
5.4064e-05 1.32871e-07 0.0376225 0.819725 0.00135137 0.014821 0.0879955 0.000205366 0.00120495 6.2811e-06 0.00370871 7.32599e-09 9.36219e-09 0.000393888 0.0280287 2.16404e-07 2.89563e-06 0.000342325 0.000568676 0.000259248 0.000924398 0.00269311 9.13574e-05 
2.79294e-05 2.58481e-05 0.000309503 0.000509981 4.21186e-07 0.00384667 9.00513e-05 1.14416e-07 5.2481e-06 7.39784e-06 0.992399 8.72693e-08 1.66054e-06 0.00019283 0.000437973 6.73842e-06 3.28087e-07 3.74773e-05 4.88203e-05 0.000159229 0.00147361 0.000417472 1.65137e-06 
6.42051e-05 0.00017177 0.0376111 0.093525 0.00322057 0.00460247 0.0642379 0.00205581 7.61622e-05 3.35321e-05 0.00287782 6.3433e-11 6.7073e-08 0.714785 0.0029542 3.32303e-06 4.03198e-08 3.32912e-05 0.000289004 0.0632559 0.000492776 0.00966618 4.33842e-05 
0.000476419 4.39403e-06 0.133473 0.178923 0.00282582 0.145599 0.0313217 0.000231711 0.00719401 5.22817e-05 0.0153549 1.23694e-06 0.00264035 0.000123133 0.222617 1.4772e-05 2.03155e-05 0.0295471 0.135413 0.00621387 0.049515 0.0384132 2.43761e-05 
5.19517e-09 6.07924e-06 0.253698 0.118218 0.000405699 0.111007 0.0611228 0.00100624 0.0099446 1.31564e-08 0.0452942 5.87463e-12 1.59743e-05 0.0002838 0.322328 3.95365e-09 0.00012564 0.000369648 0.00844256 0.00266912 0.0349254 0.0301029 3.35414e-05 
0.00046361 0.0267106 0.0429212 0.0200043 0.0501036 0.0189937 0.00138538 0.000674533 0.0456997 0.000533525 0.0252758 0.000227684 0.00207527 0.0962946 0.0705564 0.00354635 0.0114125 0.00611024 0.00113358 0.0146334 0.173142 0.376225 0.0118772 
1.90058e-06 0.193959 0.0582896 0.010215 0.0186239 0.00632973 0.000142029 5.87101e-05 0.00679575 4.15337e-08 0.087023 1.29253e-08 5.23295e-06 0.397508 0.0374721 2.52167e-06 0.0149643 0.000283499 0.000263452 0.00143972 0.0178398 0.14875 3.29549e-05 
3.99482e-05 0.000330105 0.0277428 0.00349895 0.00182231 0.00360287 0.000200888 0.000162747 0.000988264 9.55516e-09 1.31786e-05 4.62374e-12 2.38101e-05 0.000823337 0.0115241 1.53152e-07 6.13712e-06 0.000135751 0.000111019 0.940151 0.000472339 0.00835042 8.11897e-10 
6.71138e-05 1.99619e-05 0.0516133 0.241576 0.371474 0.209285 0.000559023 0.00331921 0.023667 1.17974e-06 0.00272654 1.0515e-09 2.33369e-07 0.0321567 0.0210416 3.94702e-05 1.21802e-09 3.10815e-08 0.000252199 0.0267278 0.00320851 0.0122652 3.07023e-07 
0.000115394 2.8249e-06 0.347971 0.0506084 0.00472929 0.087386 0.00298447 1.12764e-05 0.00372049 9.09675e-05 6.07089e-05 1.6929e-08 1.12009e-06 0.0404018 0.0117645 5.1734e-06 1.01114e-06 0.413635 0.00096632 0.0274453 0.0016075 0.0053415 0.0011502 
2.79294e-05 2.58481e-05 0.000309503 0.000509981 4.21186e-07 0.00384667 9.00513e-05 1.14416e-07 5.2481e-06 7.39784e-06 0.992399 8.72693e-08 1.66054e-06 0.00019283 0.000437973 6.73842e-06 3.28087e-07 3.74773e-05 4.88203e-05 0.000159229 0.00147361 0.000417472 1.65137e-06 
0.00609086 2.60476e-05 0.000141323 0.735335 0.00184102 0.00846836 0.0193031 0.00953077 0.00047133 0.000166753 0.000443705 1.87124e-09 3.91823e-07 0.000104723 0.0121384 2.45908e-08 6.02423e-06 0.000334437 0.148448 0.0344371 0.0225129 0.000199825 3.76654e-07 
3.99482e-05 0.000330105 0.0277428 0.00349895 0.00182231 0.00360287 0.000200888 0.000162747 0.000988264 9.55516e-09 1.31786e-05 4.62374e-12 2.38101e-05 0.000823337 0.0115241 1.53152e-07 6.13712e-06 0.000135751 0.000111019 0.940151 0.000472339 0.00835042 8.11897e-10 
0.00013878 1.63088e-05 0.575826 0.0099794 0.0535565 0.0594371 0.000881818 0.000152595 0.180608 8.06265e-05 0.0308422 2.57565e-07 3.70985e-05 0.000485764 0.056477 9.56594e-07 8.27978e-07 0.00297111 0.00381201 0.00324942 0.00444225 0.00539018 0.0116143 
5.56828e-06 0.00014027 0.0508041 0.113472 0.00366379 0.0293688 0.0110621 4.84571e-05 0.00125295 1.65935e-06 0.573809 2.57871e-07 0.00518454 0.000991931 0.0765912 1.48469e-05 9.63513e-07 0.076683 0.0100011 0.0331257 0.0108177 0.00291489 4.43668e-05 
2.79294e-05 2.58481e-05 0.000309503 0.000509981 4.21186e-07 0.00384667 9.00513e-05 1.14416e-07 5.2481e-06 7.39784e-06 0.992399 8.72693e-08 1.66054e-06 0.00019283 0.000437973 6.73842e-06 3.28087e-07 3.74773e-05 4.88203e-05 0.000159229 0.00147361 0.000417472 1.65137e-06 
0.0163534 0.00847529 0.114032 0.184726 0.0128214 0.0334795 0.00493501 1.7835e-05 0.0395147 4.80027e-05 0.00406888 4.0493e-06 5.20187e-05 0.000502375 0.0810664 4.39062e-06 0.000106732 0.375514 0.00786765 0.0155758 0.0273583 0.00943307 0.0640425 
1.45832e-06 0.00341932 0.14059 0.00367342 0.00849859 0.0269608 0.000335941 4.23996e-05 0.0528138 2.49389e-05 0.0619425 1.01664e-06 1.57228e-06 0.000790341 0.0228204 0.120474 0.000412213 0.000230383 0.000668578 0.518859 0.000743874 0.0366033 9.24556e-05 
3.99482e-05 0.000330105 0.0277428 0.00349895 0.00182231 0.00360287 0.000200888 0.000162747 0.000988264 9.55516e-09 1.31786e-05 4.62374e-12 2.38101e-05 0.000823337 0.0115241 1.53152e-07 6.13712e-06 0.000135751 0.000111019 0.940151 0.000472339 0.00835042 8.11897e-10 
6.77119e-08 1.40658e-08 0.0485554 0.117837 0.0123135 0.430903 0.0028207 2.19287e-07 0.0204499 1.95818e-07 0.0184855 9.13188e-11 1.64967e-08 3.0199e-08 0.243035 2.60075e-09 1.0578e-10 0.0044267 0.032588 1.47346e-07 0.0593134 0.00927046 3.69248e-07 
0.000469636 0.0241588 0.102441 0.0176263 0.0173463 0.0310384 0.0279292 3.48876e-05 0.0603548 1.96612e-05 0.020773 6.20478e-06 0.000620499 0.00430299 0.134836 6.02269e-05 0.000999699 0.00346927 0.0020088 0.399129 0.0049043 0.146881 0.000590436 
0.000347761 7.1721e-06 0.188701 0.0893328 0.000530858 0.135344 0.0849452 8.65066e-09 0.000300675 3.14854e-09 0.0200391 9.92136e-13 5.29734e-09 0.000678903 0.405569 9.4394e-10 8.98646e-06 5.51392e-06 0.00142768 1.34334e-08 0.00922208 0.0635393 3.4203e-09 
0.00156296 7.0786e-06 0.0125953 0.0464904 0.000395865 0.0161161 0.0097413 6.25885e-06 0.0189621 3.90874e-09 0.000806402 1.26161e-12 6.50509e-10 0.000372467 0.11731 1.00958e-10 1.79389e-09 0.000647144 0.768909 0.000670272 0.00118461 0.00419949 2.32264e-05 
2.64343e-05 0.000112174 0.0198343 0.057113 0.0349848 0.0367704 0.0012647 9.29424e-05 0.0790926 0.00024923 0.104556 1.11596e-05 0.0024891 0.00686428 0.158139 1.96655e-05 0.000918353 0.0126385 0.0240323 0.0073419 0.158931 0.290297 0.00422185 
0.000857586 0.000356136 0.00454417 0.0351779 0.0209422 0.0320901 8.81791e-06 1.81615e-08 0.00671972 0.000772843 0.833039 1.23713e-08 0.000183748 0.00550788 0.0151329 0.000612134 0.00962344 0.00374708 3.16529e-05 2.83653e-05 0.00121032 0.0293906 2.33294e-05 
0.000131082 2.6097e-09 0.012256 1.55228e-07 0.00514285 7.01697e-08 1.20919e-08 6.82886e-12 0.00217775 1.53295e-08 3.5394e-08 4.6517e-12 0.000168531 2.63467e-07 0.887203 3.47371e-09 5.38833e-12 1.48315e-07 0.0418571 1.5956e-05 8.34823e-05 0.0509631 5.95097e-08 
2.18305e-05 2.17539e-05 0.0268399 0.362862 0.0129961 0.00486213 0.178609 0.00928915 0.0274854 6.13663e-05 0.0319484 9.93311e-10 4.43449e-06 0.00927386 0.0286827 0.0322397 9.77294e-05 0.000441192 0.163943 0.00469736 0.0958403 0.0097782 3.94099e-06 
3.99482e-05 0.000330105 0.0277428 0.00349895 0.00182231 0.00360287 0.000200888 0.000162747 0.000988264 9.55516e-09 1.31786e-05 4.62374e-12 2.38101e-05 0.000823337 0.0115241 1.53152e-07 6.13712e-06 0.000135751 0.000111019 0.940151 0.000472339 0.00835042 8.11897e-10 
6.84299e-08 6.84838e-08 0.0675393 0.263257 0.00356818 0.0819345 0.0376506 0.00177645 0.00441091 6.83954e-08 0.0504084 6.83815e-08 0.000519817 0.00160191 0.393435 6.84032e-08 0.000355549 6.8465e-08 0.0216373 0.0066499 0.0179367 0.0473177 6.84112e-08 
0.000557021 0.00421637 0.114938 7.78341e-07 0.00560668 0.00179315 0.00653357 6.73682e-07 0.0652079 0.0186155 0.0509537 5.68278e-08 1.14564e-06 4.42709e-05 0.426446 0.00412955 0.288017 0.0021314 0.000606948 3.01933e-06 0.00773346 0.00246384 1.43807e-07 
0.0057032 0.0020112 0.079047 0.04337 0.00433245 0.192137 0.00912662 0.000178627 0.010856 0.000684319 0.384037 1.43637e-10 1.61809e-05 0.00317465 0.0488091 4.19758e-06 5.02196e-05 0.00569883 0.0374385 0.0186356 0.0539241 0.0991329 0.00163262 
1.85846e-05 3.19099e-05 0.0926181 0.555939 0.00398355 0.0244822 0.0345538 0.000148561 0.00256651 0.000135874 0.01604 5.36806e-08 3.41879e-05 0.00514632 0.128417 3.77833e-06 3.45694e-05 0.00216985 0.0103072 0.0191837 0.0873623 0.016798 2.43765e-05 
0.000318456 0.000772561 0.00163148 0.0434463 0.00347631 0.00630133 4.70748e-05 5.10787e-09 0.0121325 1.45116e-05 0.0490285 3.47939e-09 1.28436e-07 0.0233646 0.0125172 1.14201e-05 0.392357 6.04692e-05 0.000262817 0.00343957 0.226059 0.224759 3.47756e-07 
0.0166773 0.0174263 0.0978012 0.0684126 0.00197237 0.224707 0.00416549 1.96964e-05 0.207143 0.00103344 0.170891 3.48534e-08 3.73865e-05 3.24831e-05 0.155349 9.62938e-07 2.05027e-06 0.000238452 0.000175276 0.00326356 0.0129317 0.0175862 0.000133466 
3.91213e-05 2.1014e-06 0.0164782 0.321393 5.34913e-05 0.000708887 0.626105 7.28618e-05 0.000209759 2.93946e-09 0.00280551 1.05626e-12 5.66197e-10 7.09545e-05 0.012034 2.62089e-09 1.34607e-05 0.00162366 0.00712893 0.00110105 0.00666428 0.00349602 2.22127e-09 
3.71931e-06 5.81618e-05 0.0205899 0.0252082 0.0230922 0.0244627 0.00513912 0.00223016 0.00198334 7.0155e-05 0.0646415 3.36675e-07 2.8372e-06 0.082398 0.0433048 3.28871e-05 0.0003274 4.85917e-06 0.000379409 0.615033 0.017787 0.0675724 0.0056778 
0.00249461 0.00010626 0.0236701 0.0712579 0.00846052 0.072207 0.00711689 9.44709e-05 0.015025 0.00652869 0.502099 3.41456e-05 0.00041021 0.00132701 0.129413 6.9992e-05 0.00240427 0.0103336 0.044627 0.00209269 0.0317294 0.0682406 0.000256976 
2.71345e-05 4.65251e-05 0.118734 0.346355 0.149361 0.055256 0.101089 0.000423909 0.0103728 9.94775e-07 0.00255729 5.08938e-11 0.000400103 0.0163426 0.0185018 2.99954e-05 1.55489e-07 0.0233632 0.0004899 0.0354367 0.0173241 0.103887 3.61516e-07 
5.64861e-08 0.000270797 0.610728 0.0620695 0.00993918 0.124705 0.0228114 9.38582e-05 0.0194034 8.44269e-06 0.00706404 5.12143e-10 7.13442e-05 0.000206803 0.0277768 1.66176e-07 6.4898e-08 0.000477322 0.00282549 0.0244169 0.00580296 0.0813282 1.8491e-08 
5.27717e-05 0.00087171 0.14566 0.011442 0.0311033 0.0906566 0.0012791 7.46655e-07 0.020356 0.0131062 0.213781 5.08608e-07 2.07316e-06 0.000698341 0.0910759 0.0362401 0.00175808 0.00940745 0.00847204 0.00254297 0.0580089 0.263473 1.04592e-05 
0.018161 1.62298e-05 0.0781683 0.355716 0.00456994 0.0774282 0.0847373 0.00010192 0.0176751 4.21839e-05 0.0127493 1.55702e-08 0.000612077 0.00748006 0.169348 8.21951e-08 0.0008775 0.0314739 0.0939431 0.00330767 0.0296659 0.0139256 6.78173e-08 
0.00104199 4.7197e-06 0.00839686 0.035322 0.000263913 0.0107441 0.00723864 5.37884e-06 0.0126414 3.073e-09 0.000537607 1.1616e-12 5.33219e-10 0.000248323 0.0782068 8.28417e-11 1.41046e-09 0.000431435 0.840689 0.000446852 0.000964081 0.00280109 1.5486e-05 
6.42051e-05 0.00017177 0.0376111 0.093525 0.00322057 0.00460247 0.0642379 0.00205581 7.61622e-05 3.35321e-05 0.00287782 6.3433e-11 6.7073e-08 0.714785 0.0029542 3.32303e-06 4.03198e-08 3.32912e-05 0.000289004 0.0632559 0.000492776 0.00966618 4.33842e-05 
4.21022e-05 1.97282e-05 0.44066 0.0205147 0.0228695 0.0149615 0.0131651 1.12463e-05 0.165036 0.00820422 0.0143223 1.38241e-06 1.59355e-05 0.000277003 0.178204 0.000157574 1.24353e-05 0.0297799 0.0229179 0.0315595 0.00830011 0.0287842 0.000183545 
1.53404e-05 0.00128949 0.0071602 0.0275893 0.000527245 0.0064876 0.00674881 0.00329299 0.00276237 0.0237448 0.781864 6.23328e-06 2.1177e-05 0.00110451 0.0343478 0.0732661 0.000721689 0.00134995 0.000614739 0.000213059 0.0065385 0.0203176 1.64259e-05 
5.29309e-05 0.000177958 0.422416 0.0432835 0.0208179 0.154137 0.0419781 0.00170383 0.0469608 0.0098647 0.00704277 8.40944e-07 0.000136574 0.0168008 0.112467 2.49915e-06 3.46728e-05 0.0039991 0.0209597 0.0349356 0.0175335 0.0433156 0.00137841 
7.24498e-05 0.000175559 0.0109302 0.077038 0.0133629 0.110971 0.00295574 0.000959159 0.128269 3.49592e-05 0.337945 4.00641e-08 4.00379e-05 0.0145867 0.123094 1.31305e-05 0.000489009 0.00181631 0.00437052 8.17329e-08 0.0818353 0.091041 8.76889e-08 
0.000330113 0.248029 0.0114534 0.00642853 0.143944 0.0374792 0.0658125 0.00026705 0.00159602 2.82774e-08 0.00973693 5.80914e-09 7.78378e-05 0.0618139 0.0322854 1.71862e-05 0.218827 2.94964e-05 6.04938e-06 0.0546621 0.00799939 0.0990428 0.000161727 
7.91365e-05 0.0122293 0.235579 0.121397 0.0718729 0.146291 0.00540653 0.000278956 0.0557575 0.00579435 0.0564145 1.05385e-05 0.000460881 0.0100145 0.0877587 1.88008e-05 0.000798679 0.0212759 0.0110725 0.0254799 0.0466757 0.0809647 0.00436938 
0.000216366 0.000128633 0.0711391 0.0328016 0.000983931 0.0102569 0.00120024 1.9424e-05 0.0540037 1.21578e-05 0.00120698 1.29308e-06 0.000172455 0.00128713 0.00647916 8.91e-06 8.53849e-06 0.00438959 0.111736 0.653909 0.0195576 0.0304732 8.17892e-06 
1.62241e-08 0.79984 0.0137495 1.57142e-05 0.00849925 0.00661375 5.9827e-09 3.17487e-05 0.000980195 1.63737e-07 0.00115201 3.80409e-09 1.13632e-07 0.0249784 0.0123869 5.6064e-08 2.99363e-07 0.00144896 1.75698e-05 0.000406096 2.42955e-05 0.0615925 0.0682625 
7.88074e-05 1.70147e-05 0.0210844 0.0466104 0.00734607 0.051263 0.00623126 9.76023e-05 0.000389401 0.0013402 0.0258702 1.17185e-07 1.4722e-07 0.000144367 0.642644 9.1738e-06 0.00424006 8.72973e-05 0.00248351 0.000167934 0.000577116 0.189318 3.88089e-07 
