0.735569 0.000858517 0.0119521 0.0108398 0.00190985 0.0628876 0.00131956 7.96909e-05 0.000201926 7.72412e-05 0.0326041 2.95978e-07 0.000116626 0.00921983 0.0409936 2.13179e-05 0.00131599 0.00263773 0.0268979 0.0030713 0.00274221 0.0546087 7.55079e-05 
2.13813e-06 0.00399239 0.158536 0.0392324 0.200166 0.0878591 0.00567959 0.00329998 0.0423506 0.000177907 0.000780605 3.93471e-07 8.53505e-05 0.00658893 0.301025 4.93337e-06 5.67509e-06 0.00112632 0.000982568 0.0496475 0.0113311 0.0871143 1.17665e-05 
0.00174461 8.47908e-05 0.0307461 0.132537 0.0785201 0.156661 0.035158 0.00239304 0.0413565 1.53089e-05 0.264045 2.56076e-06 0.00055999 0.000577116 0.0919722 6.2218e-06 3.40037e-06 0.0387993 0.00105495 0.0102463 0.0227624 0.0902973 0.000457555 
0.000216366 0.000128633 0.0711391 0.0328016 0.000983931 0.0102569 0.00120024 1.9424e-05 0.0540037 1.21578e-05 0.00120698 1.29308e-06 0.000172455 0.00128713 0.00647916 8.91e-06 8.53849e-06 0.00438959 0.111736 0.653909 0.0195576 0.0304732 8.17892e-06 
4.69384e-06 0.000779139 0.0201785 0.0950993 0.00152973 0.0132465 0.021705 4.25397e-06 0.00190183 0.0188194 0.475534 3.09273e-08 5.52265e-05 0.0149992 0.246531 5.66874e-05 0.000835882 4.14848e-05 0.00527148 0.013673 0.0179677 0.0517146 5.0924e-05 
0.00156296 7.0786e-06 0.0125953 0.0464904 0.000395865 0.0161161 0.0097413 6.25885e-06 0.0189621 3.90874e-09 0.000806402 1.26161e-12 6.50509e-10 0.000372467 0.11731 1.00958e-10 1.79389e-09 0.000647144 0.768909 0.000670272 0.00118461 0.00419949 2.32264e-05 
2.3326e-08 0.000475529 0.782726 7.87614e-06 0.00754646 0.0140887 0.0351168 0.000152095 0.00111411 1.29006e-08 0.00178694 9.28511e-12 2.76867e-08 0.000851646 0.0395601 1.68496e-09 2.6708e-08 0.000188428 8.19789e-05 0.106827 0.00435474 0.00512157 2.05901e-09 
2.79294e-05 2.58481e-05 0.000309503 0.000509981 4.21186e-07 0.00384667 9.00513e-05 1.14416e-07 5.2481e-06 7.39784e-06 0.992399 8.72693e-08 1.66054e-06 0.00019283 0.000437973 6.73842e-06 3.28087e-07 3.74773e-05 4.88203e-05 0.000159229 0.00147361 0.000417472 1.65137e-06 
0.000132261 2.40233e-05 0.246031 0.0923896 0.0279243 0.089154 0.00371503 1.57497e-05 0.0213057 3.81646e-06 0.0501315 3.29804e-08 9.05006e-06 0.0010547 0.345468 7.3981e-07 1.8081e-06 0.00228962 0.000655366 0.000716864 0.0707218 0.0482442 1.10903e-05 
9.22526e-05 0.000700908 0.0231638 0.00398147 0.00200038 0.00438006 0.000403007 0.000634854 0.000952744 5.08363e-06 0.000155212 4.48856e-13 8.13194e-05 0.00150965 0.00612002 2.3943e-07 2.32381e-05 2.78384e-05 9.38442e-05 0.944602 0.000886409 0.0101855 1.39255e-09 
0.00136952 0.0299801 0.0660021 0.0545601 0.0172191 0.0099036 0.013755 0.000353595 0.00670787 0.0037979 0.32625 0.000271163 0.00245693 0.0168729 0.231683 0.00751214 0.00478753 0.00462917 0.0396665 0.00691714 0.0566612 0.0963727 0.00227043 
2.79294e-05 2.58481e-05 0.000309503 0.000509981 4.21186e-07 0.00384667 9.00513e-05 1.14416e-07 5.2481e-06 7.39784e-06 0.992399 8.72693e-08 1.66054e-06 0.00019283 0.000437973 6.73842e-06 3.28087e-07 3.74773e-05 4.88203e-05 0.000159229 0.00147361 0.000417472 1.65137e-06 
2.3326e-08 0.000475529 0.782726 7.87614e-06 0.00754646 0.0140887 0.0351168 0.000152095 0.00111411 1.29006e-08 0.00178694 9.28511e-12 2.76867e-08 0.000851646 0.0395601 1.68496e-09 2.6708e-08 0.000188428 8.19789e-05 0.106827 0.00435474 0.00512157 2.05901e-09 
0.000368041 0.215268 0.0156119 0.00741217 0.0735517 0.0493767 0.000446782 3.45234e-05 0.00715988 2.10441e-05 0.131059 6.56374e-07 2.08171e-05 0.218981 0.0498887 1.93853e-05 0.00612987 0.000640661 0.000227471 0.0158049 0.00623528 0.200446 0.00129525 
0.00131553 3.91586e-06 0.00719851 0.145525 0.00273838 0.232524 0.0102671 1.32638e-05 0.0356314 1.16703e-05 0.00282618 1.08002e-11 1.28523e-09 0.000177612 0.0759624 2.05135e-10 5.49676e-09 0.00259205 0.4449 0.00126417 0.00294665 0.0339786 0.000123792 
0.000106987 0.000110634 0.263022 0.0482523 0.0035613 0.0361313 0.00695922 0.000278875 0.00991554 2.13422e-05 0.146357 1.10021e-10 2.14645e-08 0.0115404 0.238179 1.50865e-05 0.0261715 0.000404264 0.0668552 0.000363725 0.0936627 0.0480899 7.64472e-07 
1.52493e-05 3.02214e-05 0.0718003 0.18941 0.00253242 0.0311089 0.00976326 1.48236e-05 0.0720083 0.0362085 0.0110755 1.85103e-06 0.000107844 0.000362413 0.0233684 3.13555e-05 0.00010735 0.393617 0.000443354 0.0163041 0.124826 0.0168588 4.06381e-06 
4.37128e-07 0.025658 0.241108 0.0244543 0.0152298 0.0372044 0.000520724 1.43165e-05 0.0604846 3.52531e-06 0.00167255 5.39844e-08 1.67083e-06 0.00193739 0.0512481 1.52044e-05 4.40451e-06 0.00392579 7.50269e-05 0.151144 0.000599015 0.384699 1.38724e-07 
0.000402011 4.23849e-09 0.373372 0.00724868 0.0078594 0.00212131 4.32248e-05 8.04668e-08 0.0219194 0.000118899 0.0210142 2.97698e-11 0.000216924 0.0043038 0.516815 5.65465e-09 6.06078e-08 0.00307569 0.0150037 0.00464055 0.0116304 0.0100707 0.00014339 
3.99482e-05 0.000330105 0.0277428 0.00349895 0.00182231 0.00360287 0.000200888 0.000162747 0.000988264 9.55516e-09 1.31786e-05 4.62374e-12 2.38101e-05 0.000823337 0.0115241 1.53152e-07 6.13712e-06 0.000135751 0.000111019 0.940151 0.000472339 0.00835042 8.11897e-10 
0.000753412 0.000112995 0.0234615 0.614014 0.00486181 0.0091347 0.0701083 0.12595 5.00462e-05 2.1779e-05 0.0221872 8.00649e-11 0.00116513 0.00572635 0.0711915 5.47071e-05 2.27597e-05 0.00154069 0.00109866 0.0316953 0.0117188 0.00512522 4.7658e-06 
1.62968e-06 0.000668729 0.0303505 0.248297 0.000255028 0.00734005 0.00787605 0.0081021 0.0013752 0.00011825 0.25612 1.71824e-09 7.8053e-07 0.0319359 0.13359 0.00126934 0.000209561 0.00675786 0.104403 0.132333 0.0183024 0.0106927 4.75683e-07 
0.00705489 8.44411e-06 0.00548354 0.0434127 0.0585447 0.0702023 0.00898327 2.41492e-05 0.00370138 0.0795906 0.520271 2.65992e-08 0.000107714 0.0420518 0.0343021 1.92668e-07 0.072683 0.000301986 0.0010447 0.00057194 0.0375076 0.0136109 0.000540603 
3.99482e-05 0.000330105 0.0277428 0.00349895 0.00182231 0.00360287 0.000200888 0.000162747 0.000988264 9.55516e-09 1.31786e-05 4.62374e-12 2.38101e-05 0.000823337 0.0115241 1.53152e-07 6.13712e-06 0.000135751 0.000111019 0.940151 0.000472339 0.00835042 8.11897e-10 
0.000313685 0.0140215 0.0729629 0.00681155 0.0256358 0.0562331 0.000868933 0.00095119 0.0076865 4.82642e-05 0.0440366 4.14241e-07 0.000117584 0.0879373 0.0297273 0.000660734 0.00341853 0.00452051 7.15913e-05 0.0112019 0.0041598 0.628479 0.000135629 
0.00772489 0.000193891 0.0403709 0.00458638 0.695754 0.0355341 0.000123255 3.89376e-05 0.0036833 0.000202753 0.0315076 8.01683e-07 4.03274e-05 0.0107901 0.0321717 9.11147e-06 5.95681e-05 0.0053893 0.00726085 0.0326458 0.0275541 0.0643439 1.43691e-05 
0.00011132 7.23093e-05 0.0139049 0.147096 0.00688648 0.0141923 0.157313 0.00194012 0.00501824 0.000167735 0.00791036 6.12663e-06 0.000192053 0.000239504 0.0305128 9.06621e-06 0.00182518 0.00912119 0.552013 0.000867216 0.0379437 0.0119251 0.000731435 
3.99482e-05 0.000330105 0.0277428 0.00349895 0.00182231 0.00360287 0.000200888 0.000162747 0.000988264 9.55516e-09 1.31786e-05 4.62374e-12 2.38101e-05 0.000823337 0.0115241 1.53152e-07 6.13712e-06 0.000135751 0.000111019 0.940151 0.000472339 0.00835042 8.11897e-10 
0.00304832 0.000179189 0.00847418 0.0243935 0.0298918 0.0941899 0.000704981 1.31215e-06 4.81306e-05 0.00639862 0.00623641 1.95846e-07 3.06089e-05 0.210053 0.410131 1.97608e-05 0.0580472 0.023805 0.000126395 0.0931493 0.0185714 0.0124505 4.93427e-05 
0.000368461 8.63726e-05 0.0255236 0.0751204 0.00219797 0.0566441 0.00472191 0.000846611 0.000392617 2.1392e-05 0.71996 1.96717e-07 0.000189783 0.000881449 0.0821052 8.67623e-05 0.00171152 0.0073909 0.000249908 0.000742918 0.0137104 0.00703663 1.11845e-05 
0.00215294 0.000901674 0.00551654 0.061218 5.29667e-05 6.02767e-07 0.892319 0.00122361 1.49302e-07 2.04821e-07 0.0174215 3.5936e-11 4.47505e-07 0.00964465 3.58473e-07 5.95985e-08 0.000820878 1.72482e-07 0.00188079 2.29677e-05 0.00682084 1.51574e-06 2.72548e-07 
0.0048401 2.64757e-05 0.0693593 0.18169 0.00902355 0.0164313 0.00640854 7.18455e-05 0.000177099 1.21773e-06 0.0324232 1.71075e-11 7.03778e-05 0.00125545 0.074436 2.62856e-07 2.10161e-05 0.00650351 0.571634 0.000850592 0.0223795 0.00239601 9.30558e-09 
4.13096e-05 8.65326e-05 0.0443474 0.0134627 0.00363615 0.00776477 0.00937005 6.20452e-05 0.0180344 0.301948 0.135227 3.65959e-06 3.74348e-05 0.00938792 0.173697 0.000321573 9.12442e-05 0.00137791 0.00608605 0.0173093 0.0431233 0.21455 3.44049e-05 
0.0420642 0.00126953 0.00345611 0.0274337 0.0449207 0.0945339 0.0143842 1.02985e-05 0.000353515 0.00658914 0.535645 8.55187e-06 0.009745 0.0117788 0.0498974 0.000108069 9.3514e-05 0.00517524 0.000764319 0.0053287 0.0647835 0.081579 7.81058e-05 
8.89717e-08 1.52933e-07 0.585641 0.0861694 0.000510438 0.105562 0.0481973 5.06804e-08 0.000227667 1.84529e-08 0.00739122 2.55394e-11 3.52571e-08 4.93074e-06 0.142624 1.76571e-09 2.94737e-08 3.93342e-06 0.000254394 7.86593e-08 0.00505285 0.0183596 5.16144e-08 
0.0243814 2.33706e-05 0.0018603 0.41433 0.00586552 0.00312772 0.011056 4.23686e-05 0.000385304 4.73671e-08 0.0575175 4.56563e-08 0.000150669 0.00175088 0.0266729 1.72454e-05 0.00143913 0.000218194 0.374219 0.00208128 0.0367535 0.0381016 6.01009e-06 
3.29288e-06 0.177525 0.0400917 0.011963 0.0579605 0.00413091 0.0704904 0.000123716 0.00086701 7.61386e-06 0.00354767 6.4593e-07 1.2666e-05 0.0338057 0.0137887 4.21327e-06 0.00111335 0.000281657 0.000368357 0.58092 0.00045378 0.00253939 6.59955e-07 
0.000625496 0.00109485 0.0137306 0.0155034 0.00189802 0.0018449 0.0497634 2.61205e-05 0.00953266 1.54853e-06 0.690414 1.67097e-07 1.4323e-06 0.00618144 0.0403618 0.0106384 0.13286 0.00105974 0.00210334 0.000395732 0.00998702 0.01196 1.56929e-05 
0.00524137 8.3663e-05 0.0659401 0.080289 0.00400926 0.118174 0.00349944 4.92057e-05 0.0020262 5.74983e-05 0.0466438 3.4453e-06 6.5612e-06 0.000201862 0.549685 8.77167e-05 0.0166159 0.000689201 0.0100955 0.00112573 0.0133995 0.0813729 0.000702896 
6.42051e-05 0.00017177 0.0376111 0.093525 0.00322057 0.00460247 0.0642379 0.00205581 7.61622e-05 3.35321e-05 0.00287782 6.3433e-11 6.7073e-08 0.714785 0.0029542 3.32303e-06 4.03198e-08 3.32912e-05 0.000289004 0.0632559 0.000492776 0.00966618 4.33842e-05 
0.000348819 0.00030813 0.0129398 0.0215915 0.00803245 0.0528057 0.00161297 5.11239e-05 0.00119912 0.00132739 0.822723 1.76151e-06 4.18491e-06 0.00180818 0.0249606 3.92809e-06 8.80683e-05 0.00113662 0.0114289 0.00257659 0.0151396 0.0179132 0.00199802 
0.000669039 9.66283e-05 0.0191917 0.554411 0.00525998 0.00358851 0.0617112 0.18651 6.68138e-05 2.90957e-05 0.01887 2.81712e-10 0.00155505 0.000566635 0.0860702 0.000124549 3.2399e-05 0.00107563 0.00124483 0.0422644 0.0117667 0.00489563 1.31487e-08 
1.62241e-08 0.79984 0.0137495 1.57142e-05 0.00849925 0.00661375 5.9827e-09 3.17487e-05 0.000980195 1.63737e-07 0.00115201 3.80409e-09 1.13632e-07 0.0249784 0.0123869 5.6064e-08 2.99363e-07 0.00144896 1.75698e-05 0.000406096 2.42955e-05 0.0615925 0.0682625 
0.000197782 0.000238432 0.0818932 0.0274054 0.00152756 0.0094746 0.00114082 0.000154538 0.0415062 3.42918e-05 0.000891171 1.61841e-06 0.000171191 0.00137547 0.00803784 6.02525e-06 1.22745e-05 0.00326821 0.0787038 0.701876 0.0148543 0.0272224 6.78323e-06 
0.000132885 0.00818546 0.0549312 0.0406752 0.0118499 0.00175605 0.00296952 0.018341 0.0351786 0.000209414 0.706924 2.39874e-08 2.3049e-05 0.00067144 0.00883064 0.000207059 0.0433426 5.82619e-06 7.55307e-05 0.00617952 0.0037207 0.0428554 0.0129353 
2.3326e-08 0.000475529 0.782726 7.87614e-06 0.00754646 0.0140887 0.0351168 0.000152095 0.00111411 1.29006e-08 0.00178694 9.28511e-12 2.76867e-08 0.000851646 0.0395601 1.68496e-09 2.6708e-08 0.000188428 8.19789e-05 0.106827 0.00435474 0.00512157 2.05901e-09 
0.000107916 0.0111087 0.026149 0.00183618 0.0979921 0.0321171 0.000113098 7.84256e-05 0.0467158 0.000508038 0.0217088 7.5714e-05 0.000252293 0.23523 0.16114 0.0178786 0.0150419 0.00560797 0.000261514 0.0132783 0.00233855 0.309718 0.000741425 
3.44084e-08 1.2473e-05 0.336433 0.035616 0.0184568 0.0765052 0.00984089 1.98146e-05 0.0506211 1.16615e-05 0.00598942 4.89115e-09 3.21915e-06 0.000149298 0.389626 1.58807e-06 6.90393e-06 0.000221273 0.0363921 0.0105259 0.0124702 0.017018 7.89368e-05 
0.735569 0.000858517 0.0119521 0.0108398 0.00190985 0.0628876 0.00131956 7.96909e-05 0.000201926 7.72412e-05 0.0326041 2.95978e-07 0.000116626 0.00921983 0.0409936 2.13179e-05 0.00131599 0.00263773 0.0268979 0.0030713 0.00274221 0.0546087 7.55079e-05 
9.18603e-05 2.4825e-05 0.0253801 0.218972 0.00104833 0.0262632 0.0173111 8.21969e-05 0.0027907 0.000120305 0.178523 1.75521e-06 0.000165699 0.000151679 0.134285 1.70375e-05 2.67643e-05 7.8742e-05 0.0040814 0.0129602 0.353575 0.0237298 0.000318709 
0.00861913 0.0593994 0.0121056 0.0432107 0.0249936 0.038993 0.00101693 0.00256784 0.0329556 0.00330009 0.00313556 4.10343e-08 0.000158725 0.00566486 0.504684 6.84848e-07 1.26062e-06 0.00431251 0.0105942 0.178753 0.011203 0.0541571 0.000173037 
0.000216366 0.000128633 0.0711391 0.0328016 0.000983931 0.0102569 0.00120024 1.9424e-05 0.0540037 1.21578e-05 0.00120698 1.29308e-06 0.000172455 0.00128713 0.00647916 8.91e-06 8.53849e-06 0.00438959 0.111736 0.653909 0.0195576 0.0304732 8.17892e-06 
0.00158307 0.00066597 0.093965 0.108567 0.0324803 0.0861887 0.0150234 0.000579339 0.0714449 0.0034676 0.131493 0.000349491 0.00038082 0.00229265 0.136112 0.00352204 0.000552745 0.017703 0.0236453 0.0170949 0.216123 0.0358999 0.000865192 
0.000459301 0.00113598 0.00597827 0.0114599 0.0302643 0.00526141 0.0003374 0.0292585 0.0392973 0.398955 0.00722051 2.68258e-08 0.000190741 0.0460291 0.036432 6.93643e-07 3.10107e-05 0.000429132 0.00110686 0.235694 0.0106578 0.139076 0.000724931 
8.56662e-09 0.655237 0.000653605 6.586e-05 0.125732 4.63242e-05 0.143588 9.34387e-05 1.4782e-09 5.64918e-10 0.00025338 1.10122e-11 1.76636e-07 0.012746 0.000505724 4.78265e-09 1.2756e-11 3.1422e-09 3.66506e-08 0.0610128 6.58549e-05 1.36142e-08 8.97055e-09 
0.00406473 0.00010801 0.0606222 0.0406864 0.00746628 0.070031 0.000465234 0.00089539 0.0037674 0.00514599 0.13642 7.02668e-05 0.000230209 0.00060593 0.0282004 0.000381673 0.00220282 0.0271053 0.530695 0.000852654 0.0290375 0.0508392 0.000106282 
6.84299e-08 6.84838e-08 0.0675393 0.263257 0.00356818 0.0819345 0.0376506 0.00177645 0.00441091 6.83954e-08 0.0504084 6.83815e-08 0.000519817 0.00160191 0.393435 6.84032e-08 0.000355549 6.8465e-08 0.0216373 0.0066499 0.0179367 0.0473177 6.84112e-08 
7.93311e-05 3.57512e-05 0.0132595 0.564193 0.00112031 0.00242555 0.192145 2.8186e-05 0.0186977 4.08477e-06 0.0186475 4.12791e-08 2.26532e-05 0.00426749 0.0104086 2.81022e-06 3.24882e-05 0.00022767 0.0800834 0.0162628 0.0685529 0.00891616 0.000587435 
0.00028274 0.00018825 0.0636854 0.0134271 0.0476418 0.0830059 0.00161366 0.00267251 0.0104 0.000150357 0.118535 9.63168e-05 0.0184662 0.00414444 0.0887445 0.000947008 0.00396069 0.00163808 0.000122803 0.0783704 0.0423164 0.413157 0.0064337 
1.13157e-05 7.7782e-06 8.54342e-06 0.00585341 3.4045e-07 7.28293e-06 4.42473e-06 7.80809e-06 0.0016477 2.49419e-06 0.391259 2.30702e-08 5.42692e-06 0.00912871 0.0195423 7.3865e-07 4.17611e-05 8.5587e-05 0.000923649 0.447255 0.00601931 0.116139 0.00204788 
0.000429712 1.07987e-05 0.243681 0.0577705 0.00292273 0.235785 0.0146095 0.000218992 0.00545919 0.000183486 0.00428801 4.23405e-09 4.61858e-05 0.000119203 0.372347 1.30143e-05 3.58814e-06 0.00836682 0.000685313 0.00621137 0.0146708 0.0315325 0.000645275 
0.00211563 0.000140867 0.0741052 0.254254 0.000177333 0.0986806 0.0554478 8.11906e-08 0.000827733 0.000122818 0.297131 3.59678e-11 2.59319e-06 0.00594335 0.0865882 1.02924e-07 9.90447e-05 0.000530481 0.00661933 1.26023e-07 0.00857599 0.108637 1.52184e-07 
2.33904e-06 2.34088e-06 0.0210747 0.654426 0.0304346 0.0154548 0.0201329 0.00350538 2.34114e-06 2.33785e-06 0.0159216 2.33738e-06 2.3376e-06 2.3399e-06 0.0353583 2.33812e-06 0.000469678 0.037212 0.0430807 2.34089e-06 0.122904 2.34133e-06 2.33839e-06 
0.000132261 2.40233e-05 0.246031 0.0923896 0.0279243 0.089154 0.00371503 1.57497e-05 0.0213057 3.81646e-06 0.0501315 3.29804e-08 9.05006e-06 0.0010547 0.345468 7.3981e-07 1.8081e-06 0.00228962 0.000655366 0.000716864 0.0707218 0.0482442 1.10903e-05 
2.79294e-05 2.58481e-05 0.000309503 0.000509981 4.21186e-07 0.00384667 9.00513e-05 1.14416e-07 5.2481e-06 7.39784e-06 0.992399 8.72693e-08 1.66054e-06 0.00019283 0.000437973 6.73842e-06 3.28087e-07 3.74773e-05 4.88203e-05 0.000159229 0.00147361 0.000417472 1.65137e-06 
1.21506e-05 1.9121e-05 0.645461 0.00635404 0.0041517 0.0662896 0.0059398 1.17904e-07 0.0970268 7.47939e-08 0.0028955 2.89241e-08 1.41286e-05 0.000445619 0.0586638 6.42773e-08 0.00121371 0.0390875 0.00313619 0.00687153 0.0238179 0.0385869 1.24036e-05 
0.000217021 0.011223 0.0560865 0.0172807 0.0127478 0.0266625 0.000630419 0.000869054 0.00620307 0.00161276 0.0116396 1.84571e-05 0.00128503 0.0607624 0.126875 0.000110172 0.0231831 0.0027278 0.0112853 0.233618 0.0108506 0.384092 1.98333e-05 
0.0592069 8.23057e-05 0.510075 0.0142272 0.00421173 0.00559658 0.000440567 0.00041311 0.0313501 0.00053788 0.0688139 1.27426e-06 2.07253e-05 0.000415466 0.107151 2.12728e-05 0.0001589 0.00158167 0.0650443 0.0304829 0.0950889 0.00490052 0.000177567 
0.00799067 0.507839 0.0225683 0.0110789 0.0306793 0.076085 0.00136342 0.000247407 0.020304 0.00132934 0.0300533 2.36895e-05 0.000101744 0.0872989 0.0781515 5.26513e-05 0.000381522 0.0140509 0.000307141 0.021106 0.00934887 0.0761326 0.00350601 
0.00104199 4.7197e-06 0.00839686 0.035322 0.000263913 0.0107441 0.00723864 5.37884e-06 0.0126414 3.073e-09 0.000537607 1.1616e-12 5.33219e-10 0.000248323 0.0782068 8.28417e-11 1.41046e-09 0.000431435 0.840689 0.000446852 0.000964081 0.00280109 1.5486e-05 
1.57193e-05 1.39189e-05 0.098664 0.0993362 0.0113493 0.166364 4.29987e-07 0.00013849 0.013264 0.0013611 0.0197672 7.43664e-11 7.4821e-08 0.033493 0.538523 2.25789e-05 8.25049e-08 0.00119505 0.00011883 1.16039e-07 0.00204115 0.0143308 1.20406e-07 
1.28237e-06 0.000577886 0.0732885 0.0362401 0.166246 0.0155035 0.00234877 0.0193651 0.0151211 0.000126675 0.000183481 2.39904e-10 2.84413e-06 0.0205743 0.138509 4.22041e-06 2.73028e-07 0.000205954 0.000200353 0.462115 0.00415996 0.0402766 0.0049495 
0.735569 0.000858517 0.0119521 0.0108398 0.00190985 0.0628876 0.00131956 7.96909e-05 0.000201926 7.72412e-05 0.0326041 2.95978e-07 0.000116626 0.00921983 0.0409936 2.13179e-05 0.00131599 0.00263773 0.0268979 0.0030713 0.00274221 0.0546087 7.55079e-05 
0.000417358 8.05797e-05 0.302663 0.0123707 0.0146437 0.0301022 4.19924e-05 7.45156e-06 0.114955 0.000999534 0.0183616 2.13955e-07 0.00160175 6.06948e-06 0.114433 2.80523e-07 1.26518e-05 0.00610665 0.00177806 0.195764 0.161511 0.024143 9.23881e-07 
6.84299e-08 6.84838e-08 0.0675393 0.263257 0.00356818 0.0819345 0.0376506 0.00177645 0.00441091 6.83954e-08 0.0504084 6.83815e-08 0.000519817 0.00160191 0.393435 6.84032e-08 0.000355549 6.8465e-08 0.0216373 0.0066499 0.0179367 0.0473177 6.84112e-08 
0.00500645 0.000177129 0.128161 0.0808336 0.0643879 0.0298009 0.000284749 7.17117e-10 0.0378132 0.00645796 0.080746 4.88488e-10 2.29906e-05 0.0427374 0.190026 1.01909e-07 0.00224515 0.00774842 0.000236948 0.0412665 0.000678052 0.281369 6.56429e-07 
0.00025334 0.0286112 0.0143588 0.0147 0.0890617 0.0589925 0.00326146 0.0065836 0.0158797 0.000997243 0.0563937 3.40562e-06 0.000322979 0.147133 0.035521 0.00235975 0.00799271 0.010453 4.73321e-05 0.0037937 0.00513613 0.49764 0.000503578 
0.0243814 2.33706e-05 0.0018603 0.41433 0.00586552 0.00312772 0.011056 4.23686e-05 0.000385304 4.73671e-08 0.0575175 4.56563e-08 0.000150669 0.00175088 0.0266729 1.72454e-05 0.00143913 0.000218194 0.374219 0.00208128 0.0367535 0.0381016 6.01009e-06 
2.79294e-05 2.58481e-05 0.000309503 0.000509981 4.21186e-07 0.00384667 9.00513e-05 1.14416e-07 5.2481e-06 7.39784e-06 0.992399 8.72693e-08 1.66054e-06 0.00019283 0.000437973 6.73842e-06 3.28087e-07 3.74773e-05 4.88203e-05 0.000159229 0.00147361 0.000417472 1.65137e-06 
0.00274798 6.45377e-05 0.0304774 0.0718804 0.000252204 0.00655793 0.0372682 7.13453e-06 0.0319298 3.43715e-06 0.44286 1.88165e-10 1.69922e-05 0.000614095 0.0466998 1.52855e-09 1.55471e-07 0.000887955 0.314146 0.00162983 0.0047744 0.00391522 0.00326633 
0.116085 0.0534086 0.0251955 0.0384416 0.00553165 0.0105972 0.000700493 7.09731e-06 0.00504678 0.000226623 0.00322648 2.38055e-12 7.91774e-09 0.014921 0.472398 2.64946e-07 4.66738e-06 0.000918637 0.0445396 0.101382 0.00424633 0.103101 2.0816e-05 
5.76406e-06 1.00752e-05 0.885706 0.00932531 0.00730656 0.00904485 0.0103404 3.1202e-06 0.00315441 3.61505e-05 0.000472863 1.19158e-08 2.15208e-06 0.000756329 0.0466622 4.90175e-06 1.28265e-05 6.69329e-05 0.00249375 0.0153092 0.0048695 0.00441693 4.66734e-08 
9.22526e-05 0.000700908 0.0231638 0.00398147 0.00200038 0.00438006 0.000403007 0.000634854 0.000952744 5.08363e-06 0.000155212 4.48856e-13 8.13194e-05 0.00150965 0.00612002 2.3943e-07 2.32381e-05 2.78384e-05 9.38442e-05 0.944602 0.000886409 0.0101855 1.39255e-09 
1.65271e-05 0.000803858 0.669318 0.0164873 0.0042383 0.0142423 0.02469 0.00124014 0.036773 0.00031966 0.0418846 4.79518e-06 6.26677e-06 0.014714 0.0806623 0.000123944 0.020512 0.00107486 0.0164257 0.0224831 0.0199601 0.0140003 1.89997e-05 
0.00103385 5.22589e-06 0.0612625 0.0659382 0.00975431 0.0235086 0.00266965 0.271409 0.105561 2.71386e-05 0.00940784 5.78259e-08 0.148292 0.0129924 0.144474 5.09313e-05 0.000205339 0.0271688 0.00125785 0.00821644 0.0915729 0.0151272 6.47487e-05 
6.24549e-05 0.000127024 0.0311261 0.0182505 0.00970256 0.0141417 0.00257861 8.4503e-06 0.0237613 4.2647e-05 0.0106265 4.09383e-08 1.66289e-05 0.00348789 0.00698728 0.00012166 4.19169e-06 0.00272674 0.00825755 0.837705 0.0189114 0.0112241 0.000129957 
0.000523207 0.000245636 0.162717 0.073701 0.00356841 0.0739109 0.00454908 4.78106e-08 0.0011389 0.00033399 0.320343 3.25677e-08 0.000299698 0.00028875 0.0546509 0.000212073 0.000402383 0.202827 0.00117522 0.0141496 0.0115336 0.0734032 2.73621e-05 
3.99482e-05 0.000330105 0.0277428 0.00349895 0.00182231 0.00360287 0.000200888 0.000162747 0.000988264 9.55516e-09 1.31786e-05 4.62374e-12 2.38101e-05 0.000823337 0.0115241 1.53152e-07 6.13712e-06 0.000135751 0.000111019 0.940151 0.000472339 0.00835042 8.11897e-10 
0.000232274 5.90297e-05 0.43895 0.0588947 0.00377582 0.0359105 0.0156725 0.000228669 0.0220124 5.71231e-06 0.0512946 1.96448e-09 7.87101e-07 0.0151991 0.255647 0.000203643 2.06843e-06 0.000319769 3.71973e-05 0.0297539 0.0203059 0.0514944 1.97705e-07 
0.978799 0.000170361 0.000710193 0.00493532 1.63995e-05 0.000641648 9.74891e-05 1.58301e-07 9.8434e-08 3.54412e-05 0.00875938 3.20051e-08 7.15884e-08 3.01539e-06 0.000273594 6.08283e-06 1.87451e-06 0.00013706 0.000898749 0.00208069 0.000525337 0.00190797 5.76913e-08 
0.735569 0.000858517 0.0119521 0.0108398 0.00190985 0.0628876 0.00131956 7.96909e-05 0.000201926 7.72412e-05 0.0326041 2.95978e-07 0.000116626 0.00921983 0.0409936 2.13179e-05 0.00131599 0.00263773 0.0268979 0.0030713 0.00274221 0.0546087 7.55079e-05 
3.65462e-08 3.05536e-07 0.0603687 0.13007 0.00244564 0.0982398 0.0195112 4.75737e-05 1.38498e-07 4.88204e-08 0.00972009 1.09942e-10 2.97909e-08 7.23003e-06 0.605564 1.80785e-06 4.8114e-05 3.9488e-06 0.000370586 8.67792e-06 0.00188345 0.0717081 6.53479e-07 
6.01839e-05 0.000258764 0.0200705 0.211986 0.0106042 0.0083191 0.569732 0.00067525 0.00233299 3.80617e-06 0.0108726 2.82781e-07 0.000197191 6.35621e-05 0.019677 1.67757e-05 0.00561903 0.0133402 0.000598238 0.0022748 0.0187664 0.00652428 0.0980063 
2.3326e-08 0.000475529 0.782726 7.87614e-06 0.00754646 0.0140887 0.0351168 0.000152095 0.00111411 1.29006e-08 0.00178694 9.28511e-12 2.76867e-08 0.000851646 0.0395601 1.68496e-09 2.6708e-08 0.000188428 8.19789e-05 0.106827 0.00435474 0.00512157 2.05901e-09 
2.79294e-05 2.58481e-05 0.000309503 0.000509981 4.21186e-07 0.00384667 9.00513e-05 1.14416e-07 5.2481e-06 7.39784e-06 0.992399 8.72693e-08 1.66054e-06 0.00019283 0.000437973 6.73842e-06 3.28087e-07 3.74773e-05 4.88203e-05 0.000159229 0.00147361 0.000417472 1.65137e-06 
6.00063e-05 0.000373135 0.369 0.00296742 0.00173237 0.0036691 0.00020763 0.00098925 0.0491095 1.52038e-05 0.000176019 1.05959e-09 5.15454e-05 0.00139355 0.00458674 1.57069e-06 1.98453e-05 3.12174e-05 8.56592e-05 0.557117 0.00077671 0.00763275 3.66814e-06 
7.62358e-05 3.80908e-05 0.0228017 0.232997 0.00134539 0.00868372 0.00914415 0.618555 0.00562428 2.74991e-05 0.0236372 3.71485e-07 3.00772e-06 8.82013e-05 0.0486464 2.08626e-06 3.99173e-06 0.00120978 0.00560744 0.0069222 0.0110727 0.00347688 3.65969e-05 
0.00110552 3.93914e-05 0.0193662 0.169484 0.00576499 0.0142223 0.111302 3.27168e-05 0.0184564 0.000844737 0.0262646 9.3637e-06 7.9283e-05 0.00308483 0.0574075 0.00359131 5.39971e-05 0.0008727 0.501032 0.00198758 0.0405217 0.0242903 0.000186692 
1.06103e-05 0.0104425 0.25679 0.0184581 0.041164 0.0574154 0.000844479 4.66616e-05 0.00758513 0.000778613 0.248389 8.14353e-06 4.86208e-05 0.135381 0.0613618 0.000185862 0.000888721 0.00270521 2.03271e-05 0.0187959 0.0223289 0.116336 1.39649e-05 
0.00410294 0.0012039 0.00242149 0.0215082 0.00471009 0.033515 0.00290976 2.52102e-05 0.00227305 0.0229539 0.676145 1.05277e-06 0.00174911 0.00137504 0.0297741 0.00011037 0.11582 0.00447374 0.00966215 0.00433615 0.0118657 0.0489289 0.000134871 
7.88074e-05 1.70147e-05 0.0210844 0.0466104 0.00734607 0.051263 0.00623126 9.76023e-05 0.000389401 0.0013402 0.0258702 1.17185e-07 1.4722e-07 0.000144367 0.642644 9.1738e-06 0.00424006 8.72973e-05 0.00248351 0.000167934 0.000577116 0.189318 3.88089e-07 
0.000578682 2.61267e-05 0.0816748 0.131615 0.00998867 0.0732676 0.00471044 1.40729e-05 0.00399202 0.000577826 0.205886 1.0544e-05 1.10644e-05 0.00265346 0.329425 7.92133e-05 0.00239747 0.000469046 0.00355908 0.0165126 0.11395 0.0109816 0.0076205 
0.000212169 0.00085208 0.000157462 0.00363867 9.35468e-05 0.000134453 0.000152176 0.000153654 0.00115327 0.000980575 0.747346 7.37482e-06 0.00010631 0.0125608 0.00618301 1.93315e-05 0.0001231 4.07485e-05 0.000151776 0.219736 0.00461855 0.000336977 0.00124209 
0.00238133 0.000273081 0.458885 0.0202511 0.00931301 0.197571 0.000495448 1.60188e-05 0.0189666 0.000815072 0.00306145 1.94778e-07 1.21847e-06 0.000362171 0.121792 9.07437e-06 0.00408854 0.0192261 0.00804462 0.0605678 0.0289891 0.0448899 2.5274e-07 
4.30391e-05 0.0012581 0.00554243 0.0207859 0.0478369 7.29605e-05 4.0564e-05 5.95772e-05 0.159606 0.00150195 0.737389 4.31876e-07 2.66281e-05 0.00012457 0.0166293 1.31571e-05 7.02643e-05 9.6444e-05 9.60071e-06 0.000122352 0.000178568 0.00857905 1.3343e-05 
4.98266e-05 2.23807e-07 0.107436 0.156756 0.00720191 0.070759 0.0125896 1.96336e-06 0.0241681 1.25319e-06 0.274999 5.63342e-09 0.000579593 0.0168514 0.224498 0.000193498 5.75874e-07 0.000763631 8.73447e-05 0.0145629 0.0418337 0.0466377 2.83634e-05 
5.8286e-06 0.0949881 0.00470494 0.00557318 0.00522727 0.00287485 0.000552438 9.46803e-08 4.88788e-05 5.39588e-07 0.0396609 9.38753e-10 6.37007e-07 0.781483 0.0178987 3.0372e-08 0.000304791 0.000833261 0.000240612 0.00267389 0.00186211 0.0410655 3.93972e-07 
1.62241e-08 0.79984 0.0137495 1.57142e-05 0.00849925 0.00661375 5.9827e-09 3.17487e-05 0.000980195 1.63737e-07 0.00115201 3.80409e-09 1.13632e-07 0.0249784 0.0123869 5.6064e-08 2.99363e-07 0.00144896 1.75698e-05 0.000406096 2.42955e-05 0.0615925 0.0682625 
4.13251e-07 4.28066e-08 0.122748 0.635703 0.000366847 0.000301433 0.0327462 0.00031116 0.00524895 8.37688e-08 0.0146963 1.00227e-10 0.0058687 0.00385816 0.00473811 0.00147814 0.000122936 0.00926028 0.00725424 0.00187623 0.147034 0.00552725 0.000859122 
0.000784237 5.63014e-05 0.00615385 0.425797 0.0054867 0.0107301 0.0526608 0.000273737 0.00296132 0.050994 0.0339445 4.90827e-05 0.000171289 0.00307337 0.0393895 0.000311843 0.00161609 0.00425773 0.298153 0.012388 0.0415284 0.00909886 0.000120225 
8.56662e-09 0.655237 0.000653605 6.586e-05 0.125732 4.63242e-05 0.143588 9.34387e-05 1.4782e-09 5.64918e-10 0.00025338 1.10122e-11 1.76636e-07 0.012746 0.000505724 4.78265e-09 1.2756e-11 3.1422e-09 3.66506e-08 0.0610128 6.58549e-05 1.36142e-08 8.97055e-09 
1.8731e-06 3.23362e-05 0.0154468 0.452649 0.0101721 0.00896124 0.00451869 0.00024357 0.0334335 0.00161976 0.0207493 4.49767e-07 5.33125e-05 0.00477164 0.121119 1.71542e-06 0.000316851 0.000341367 0.0920544 0.00194 0.0568335 0.174601 0.000139258 
0.0214811 0.000249469 0.017846 0.037331 0.0385183 0.0382523 0.00808307 0.000100344 0.0103766 0.000216998 0.323225 1.16799e-05 0.000260979 0.12085 0.117965 2.62884e-05 0.000919885 0.00273849 0.0208504 0.0933035 0.0219753 0.125394 2.48526e-05 
0.000669039 9.66283e-05 0.0191917 0.554411 0.00525998 0.00358851 0.0617112 0.18651 6.68138e-05 2.90957e-05 0.01887 2.81712e-10 0.00155505 0.000566635 0.0860702 0.000124549 3.2399e-05 0.00107563 0.00124483 0.0422644 0.0117667 0.00489563 1.31487e-08 
4.51849e-08 0.00025627 0.000731095 0.774488 0.000103412 0.000366369 0.0170393 0.000513766 0.000100652 1.52272e-07 0.110752 2.10828e-10 9.60866e-06 6.34431e-08 0.0406931 9.62344e-08 2.24875e-05 0.000380249 0.0033451 0.00014149 0.0453135 0.00574282 1.13945e-07 
3.99482e-05 0.000330105 0.0277428 0.00349895 0.00182231 0.00360287 0.000200888 0.000162747 0.000988264 9.55516e-09 1.31786e-05 4.62374e-12 2.38101e-05 0.000823337 0.0115241 1.53152e-07 6.13712e-06 0.000135751 0.000111019 0.940151 0.000472339 0.00835042 8.11897e-10 
0.00493784 0.00237828 0.0569649 0.0471225 0.031708 0.0698278 0.00339139 2.51784e-05 0.0206204 0.000128275 0.0512996 1.33285e-06 6.30662e-05 0.0022094 0.210509 4.33063e-05 0.000237566 0.00239802 0.00404153 0.0936971 0.0211357 0.377193 6.63304e-05 
0.00467161 0.000401769 0.00671567 0.0754438 0.0351009 0.0317932 0.00955544 2.04694e-05 0.00447816 0.00597502 0.649572 1.02785e-06 0.0297104 0.00184247 0.0118464 2.52611e-06 0.00161582 0.0115374 0.0172293 0.0329266 0.0522497 0.0173014 8.79006e-06 
2.83943e-05 7.76391e-05 0.00935135 0.000886552 0.932218 0.0142724 0.000519362 1.20676e-06 0.0012129 3.78883e-07 0.0234818 1.77235e-09 0.00124331 4.18765e-06 0.00189415 8.59387e-06 1.02718e-06 0.00068431 6.92095e-07 0.00650029 0.00755145 6.17135e-05 1.63197e-07 
1.71242e-06 1.02724e-08 0.0328285 0.00213926 0.152417 0.0615978 0.000101172 1.12365e-10 0.0842048 6.03287e-08 0.0196038 7.65411e-11 0.000625441 0.00812965 0.195022 7.05724e-06 1.90223e-07 0.00584353 3.07058e-06 0.0247996 0.0172713 0.395403 2.34042e-07 
2.3016e-05 0.000539191 0.0478879 0.0330164 0.00273907 0.00907179 0.00307213 0.000210305 0.000663713 0.000282717 0.0179131 1.31115e-11 6.74186e-06 0.000816274 0.0153737 1.09541e-06 1.99082e-05 0.000805709 0.000131722 0.843474 0.00211121 0.0218367 3.7277e-06 
0.000767018 0.0122414 0.178559 0.0342754 0.0277186 0.104678 0.00680228 0.000183312 0.0273338 0.000582809 0.0381901 6.41104e-05 0.000221228 0.00524469 0.335521 6.53479e-05 0.0198826 0.00550307 0.0275949 0.043759 0.0153126 0.11518 0.00031875 
0.00104199 4.7197e-06 0.00839686 0.035322 0.000263913 0.0107441 0.00723864 5.37884e-06 0.0126414 3.073e-09 0.000537607 1.1616e-12 5.33219e-10 0.000248323 0.0782068 8.28417e-11 1.41046e-09 0.000431435 0.840689 0.000446852 0.000964081 0.00280109 1.5486e-05 
5.19517e-09 6.07924e-06 0.253698 0.118218 0.000405699 0.111007 0.0611228 0.00100624 0.0099446 1.31564e-08 0.0452942 5.87463e-12 1.59743e-05 0.0002838 0.322328 3.95365e-09 0.00012564 0.000369648 0.00844256 0.00266912 0.0349254 0.0301029 3.35414e-05 
2.79294e-05 2.58481e-05 0.000309503 0.000509981 4.21186e-07 0.00384667 9.00513e-05 1.14416e-07 5.2481e-06 7.39784e-06 0.992399 8.72693e-08 1.66054e-06 0.00019283 0.000437973 6.73842e-06 3.28087e-07 3.74773e-05 4.88203e-05 0.000159229 0.00147361 0.000417472 1.65137e-06 
0.00516133 0.000630534 0.00465166 0.0402457 0.00862379 0.0283939 0.000414507 1.11633e-05 0.00615407 0.0241768 0.745976 1.32226e-06 0.00577938 0.00386427 0.0265525 1.44416e-05 0.00011061 0.00722552 0.00145508 0.00211471 0.020614 0.0678029 2.61569e-05 
0.00046361 0.0267106 0.0429212 0.0200043 0.0501036 0.0189937 0.00138538 0.000674533 0.0456997 0.000533525 0.0252758 0.000227684 0.00207527 0.0962946 0.0705564 0.00354635 0.0114125 0.00611024 0.00113358 0.0146334 0.173142 0.376225 0.0118772 
0.0158159 0.000785611 0.0163111 0.0141489 0.0441799 0.101948 0.00197807 6.15432e-05 0.00100418 0.00145921 0.49964 9.93293e-08 6.11415e-05 0.00106494 0.0122106 4.70774e-05 0.170472 0.00271089 0.0522336 0.000237537 0.0261512 0.037446 3.28028e-05 
1.90058e-06 0.193959 0.0582896 0.010215 0.0186239 0.00632973 0.000142029 5.87101e-05 0.00679575 4.15337e-08 0.087023 1.29253e-08 5.23295e-06 0.397508 0.0374721 2.52167e-06 0.0149643 0.000283499 0.000263452 0.00143972 0.0178398 0.14875 3.29549e-05 
3.99482e-05 0.000330105 0.0277428 0.00349895 0.00182231 0.00360287 0.000200888 0.000162747 0.000988264 9.55516e-09 1.31786e-05 4.62374e-12 2.38101e-05 0.000823337 0.0115241 1.53152e-07 6.13712e-06 0.000135751 0.000111019 0.940151 0.000472339 0.00835042 8.11897e-10 
6.71138e-05 1.99619e-05 0.0516133 0.241576 0.371474 0.209285 0.000559023 0.00331921 0.023667 1.17974e-06 0.00272654 1.0515e-09 2.33369e-07 0.0321567 0.0210416 3.94702e-05 1.21802e-09 3.10815e-08 0.000252199 0.0267278 0.00320851 0.0122652 3.07023e-07 
0.000115394 2.8249e-06 0.347971 0.0506084 0.00472929 0.087386 0.00298447 1.12764e-05 0.00372049 9.09675e-05 6.07089e-05 1.6929e-08 1.12009e-06 0.0404018 0.0117645 5.1734e-06 1.01114e-06 0.413635 0.00096632 0.0274453 0.0016075 0.0053415 0.0011502 
7.34325e-05 0.415781 0.0058895 0.0227779 0.34598 0.00246164 0.129453 0.00012748 8.97123e-05 5.25286e-05 0.00574162 3.23769e-10 2.31137e-05 0.00950523 0.00408614 7.67909e-07 1.20548e-08 8.73403e-07 2.71757e-05 0.0552646 0.00204573 0.000614212 4.06046e-06 
2.79294e-05 2.58481e-05 0.000309503 0.000509981 4.21186e-07 0.00384667 9.00513e-05 1.14416e-07 5.2481e-06 7.39784e-06 0.992399 8.72693e-08 1.66054e-06 0.00019283 0.000437973 6.73842e-06 3.28087e-07 3.74773e-05 4.88203e-05 0.000159229 0.00147361 0.000417472 1.65137e-06 
3.99482e-05 0.000330105 0.0277428 0.00349895 0.00182231 0.00360287 0.000200888 0.000162747 0.000988264 9.55516e-09 1.31786e-05 4.62374e-12 2.38101e-05 0.000823337 0.0115241 1.53152e-07 6.13712e-06 0.000135751 0.000111019 0.940151 0.000472339 0.00835042 8.11897e-10 
0.0163534 0.00847529 0.114032 0.184726 0.0128214 0.0334795 0.00493501 1.7835e-05 0.0395147 4.80027e-05 0.00406888 4.0493e-06 5.20187e-05 0.000502375 0.0810664 4.39062e-06 0.000106732 0.375514 0.00786765 0.0155758 0.0273583 0.00943307 0.0640425 
1.3664e-05 3.66033e-05 0.181317 0.0865949 0.00977831 0.472397 6.3837e-05 1.74673e-06 0.0160609 1.30309e-07 0.0841483 4.80026e-09 1.74963e-05 0.0186549 0.0581625 3.59543e-08 7.75953e-06 0.00205488 0.00826272 0.0284376 0.021484 0.0125022 3.46927e-06 
0.735569 0.000858517 0.0119521 0.0108398 0.00190985 0.0628876 0.00131956 7.96909e-05 0.000201926 7.72412e-05 0.0326041 2.95978e-07 0.000116626 0.00921983 0.0409936 2.13179e-05 0.00131599 0.00263773 0.0268979 0.0030713 0.00274221 0.0546087 7.55079e-05 
3.99482e-05 0.000330105 0.0277428 0.00349895 0.00182231 0.00360287 0.000200888 0.000162747 0.000988264 9.55516e-09 1.31786e-05 4.62374e-12 2.38101e-05 0.000823337 0.0115241 1.53152e-07 6.13712e-06 0.000135751 0.000111019 0.940151 0.000472339 0.00835042 8.11897e-10 
6.51813e-05 2.55976e-05 0.148638 0.000480921 0.0794766 0.695184 4.18773e-07 3.65708e-07 0.00806361 0.00298003 0.00291678 2.307e-08 3.75609e-05 2.81953e-06 7.79233e-07 3.18969e-08 1.85488e-06 0.00576702 2.27476e-06 0.000830788 1.17007e-07 0.0555246 6.39924e-07 
0.000216366 0.000128633 0.0711391 0.0328016 0.000983931 0.0102569 0.00120024 1.9424e-05 0.0540037 1.21578e-05 0.00120698 1.29308e-06 0.000172455 0.00128713 0.00647916 8.91e-06 8.53849e-06 0.00438959 0.111736 0.653909 0.0195576 0.0304732 8.17892e-06 
6.18385e-05 1.25865e-06 0.0093921 0.0743118 0.00227627 0.00281698 3.11882e-05 6.45665e-06 0.151707 7.69997e-07 0.00129872 1.41779e-08 2.78857e-06 0.00102821 0.128391 1.8323e-07 1.64231e-08 0.00821253 0.0471602 0.00113693 0.567593 0.00456765 2.95163e-06 
0.000394487 0.00871293 0.0649824 0.0388036 0.0166959 0.071169 0.0201856 0.10117 0.0469156 0.000614707 0.0531596 0.000171622 0.00240985 0.00253383 0.288311 0.00615185 0.0030974 0.00194988 0.0590928 0.0113116 0.155947 0.0458616 0.000357936 
0.000813339 0.001901 0.00572344 0.00360312 0.00468707 0.0112244 0.000462145 0.00952531 0.0639539 0.00521408 0.0484024 8.15834e-05 8.35361e-05 0.00103931 0.0740771 0.530649 0.00153511 0.00683603 0.00582075 0.00510936 0.00836411 0.207499 0.00339456 
0.00156296 7.0786e-06 0.0125953 0.0464904 0.000395865 0.0161161 0.0097413 6.25885e-06 0.0189621 3.90874e-09 0.000806402 1.26161e-12 6.50509e-10 0.000372467 0.11731 1.00958e-10 1.79389e-09 0.000647144 0.768909 0.000670272 0.00118461 0.00419949 2.32264e-05 
0.000857586 0.000356136 0.00454417 0.0351779 0.0209422 0.0320901 8.81791e-06 1.81615e-08 0.00671972 0.000772843 0.833039 1.23713e-08 0.000183748 0.00550788 0.0151329 0.000612134 0.00962344 0.00374708 3.16529e-05 2.83653e-05 0.00121032 0.0293906 2.33294e-05 
1.6446e-05 9.68277e-07 0.529907 0.170003 0.00239835 0.137099 0.0338015 3.0227e-07 0.010625 6.46571e-08 0.00702924 1.27731e-10 5.3022e-08 0.00349849 0.0883903 3.81747e-08 2.44891e-07 0.000942423 0.000411137 1.51078e-07 0.00170465 0.0141709 1.42154e-07 
1.62241e-08 0.79984 0.0137495 1.57142e-05 0.00849925 0.00661375 5.9827e-09 3.17487e-05 0.000980195 1.63737e-07 0.00115201 3.80409e-09 1.13632e-07 0.0249784 0.0123869 5.6064e-08 2.99363e-07 0.00144896 1.75698e-05 0.000406096 2.42955e-05 0.0615925 0.0682625 
0.000557021 0.00421637 0.114938 7.78341e-07 0.00560668 0.00179315 0.00653357 6.73682e-07 0.0652079 0.0186155 0.0509537 5.68278e-08 1.14564e-06 4.42709e-05 0.426446 0.00412955 0.288017 0.0021314 0.000606948 3.01933e-06 0.00773346 0.00246384 1.43807e-07 
1.57193e-05 1.39189e-05 0.098664 0.0993362 0.0113493 0.166364 4.29987e-07 0.00013849 0.013264 0.0013611 0.0197672 7.43664e-11 7.4821e-08 0.033493 0.538523 2.25789e-05 8.25049e-08 0.00119505 0.00011883 1.16039e-07 0.00204115 0.0143308 1.20406e-07 
0.000318456 0.000772561 0.00163148 0.0434463 0.00347631 0.00630133 4.70748e-05 5.10787e-09 0.0121325 1.45116e-05 0.0490285 3.47939e-09 1.28436e-07 0.0233646 0.0125172 1.14201e-05 0.392357 6.04692e-05 0.000262817 0.00343957 0.226059 0.224759 3.47756e-07 
2.49043e-05 0.00145043 0.01238 0.00440868 1.91485e-05 0.0263205 0.00046187 1.76086e-05 0.015476 0.0307181 0.677103 2.47064e-07 4.08039e-06 0.00509187 0.0814994 0.000654885 0.000914799 0.000461205 7.93188e-05 0.000384153 0.0182695 0.124146 0.000114368 
0.00249461 0.00010626 0.0236701 0.0712579 0.00846052 0.072207 0.00711689 9.44709e-05 0.015025 0.00652869 0.502099 3.41456e-05 0.00041021 0.00132701 0.129413 6.9992e-05 0.00240427 0.0103336 0.044627 0.00209269 0.0317294 0.0682406 0.000256976 
0.00104199 4.7197e-06 0.00839686 0.035322 0.000263913 0.0107441 0.00723864 5.37884e-06 0.0126414 3.073e-09 0.000537607 1.1616e-12 5.33219e-10 0.000248323 0.0782068 8.28417e-11 1.41046e-09 0.000431435 0.840689 0.000446852 0.000964081 0.00280109 1.5486e-05 
0.00132992 0.00468238 0.000266216 0.000680189 0.000793195 0.000240767 0.000154967 1.41365e-08 2.30955e-05 0.000246184 0.000994893 3.88495e-09 4.36893e-08 0.982747 0.00374823 3.0465e-08 1.01304e-05 1.0011e-05 0.0007022 0.000773819 0.000378939 0.00146071 0.000757041 
0.00104199 4.7197e-06 0.00839686 0.035322 0.000263913 0.0107441 0.00723864 5.37884e-06 0.0126414 3.073e-09 0.000537607 1.1616e-12 5.33219e-10 0.000248323 0.0782068 8.28417e-11 1.41046e-09 0.000431435 0.840689 0.000446852 0.000964081 0.00280109 1.5486e-05 
6.42051e-05 0.00017177 0.0376111 0.093525 0.00322057 0.00460247 0.0642379 0.00205581 7.61622e-05 3.35321e-05 0.00287782 6.3433e-11 6.7073e-08 0.714785 0.0029542 3.32303e-06 4.03198e-08 3.32912e-05 0.000289004 0.0632559 0.000492776 0.00966618 4.33842e-05 
1.77097e-06 0.264953 0.00784358 0.0114652 0.00763908 0.00715749 0.000655182 3.01674e-05 0.00772209 1.0556e-06 0.26976 4.2874e-09 1.90117e-06 0.293958 0.0202883 0.0053199 0.00650484 6.28995e-07 0.00130197 0.0182344 0.00184654 0.0753147 5.79777e-07 
