4.25293e-06 5.09214e-05 0.000916352 0.0468281 0.00147533 0.00225615 0.001833 2.71164e-06 1.30268e-06 2.02848e-05 0.933494 0.000162944 4.93381e-08 8.85277e-06 0.00647793 4.29875e-07 0.00018422 4.6522e-06 0.000720899 9.40225e-06 0.0045188 0.00101748 1.1846e-05 
0.00156723 7.8307e-05 0.0455975 0.0354603 0.000416569 0.0110918 0.00912728 1.83721e-05 0.0539122 4.0656e-05 0.0127746 0.0005981 1.61845e-06 0.000451852 0.805013 8.26501e-05 2.8341e-05 0.000252261 0.0049525 0.00254248 0.00111698 0.0148563 1.86985e-05 
0.00249057 0.000697712 0.0198345 0.119767 0.0158128 0.0200234 0.0492274 0.000853436 0.0214089 0.000110103 0.292021 0.000296109 1.96455e-05 0.000802796 0.149395 0.0569238 0.0505134 0.00164071 0.0981209 0.00388361 0.0139233 0.0811554 0.00107907 
0.00524376 0.000304943 0.114705 0.118188 0.137592 0.115923 0.00554603 0.00116596 0.0336395 0.00184274 0.0836065 0.00106448 9.64616e-08 0.0233681 0.179732 9.42452e-05 0.00011761 0.0114637 0.0290333 0.0138163 0.0581291 0.0653196 0.000105476 
0.000553843 0.00244223 0.170916 0.064041 0.0335946 0.0739303 2.05202e-07 0.00190419 0.00664984 0.00215215 0.167016 0.00137308 2.04925e-07 0.00244121 0.13416 2.04971e-07 0.00028699 0.0458526 0.142028 0.00357093 0.0946071 0.0488501 0.00362861 
0.00554235 0.0148023 0.00102076 0.00249426 0.00321715 0.000934309 0.000163379 2.70932e-10 4.58088e-05 0.000372609 0.00370012 5.30879e-10 3.51903e-12 0.936511 0.0153396 1.2601e-07 4.24864e-05 3.9749e-05 0.00245705 0.00324994 0.000839815 0.0060481 0.00317932 
0.98433 0.000347449 0.000259228 0.000150544 0.000164447 0.00124246 1.40111e-06 2.28607e-07 0.00045168 1.22706e-05 0.00114977 2.15492e-05 3.24823e-09 9.62143e-05 0.000819689 3.04847e-06 4.7229e-06 8.27611e-05 0.0033972 0.00390121 0.000247285 0.00331663 7.32468e-09 
0.0040783 0.000372516 0.0147924 0.377736 0.0304361 0.0557406 0.00752543 1.13569e-06 0.0261422 0.000437075 0.304687 0.000593633 5.0109e-07 0.0242454 0.024378 8.90651e-07 1.30492e-05 0.0267448 0.000165347 0.0184431 0.0706816 0.00739626 0.00538863 
0.992975 3.08243e-05 0.000173783 0.000341969 1.33939e-05 0.000216584 6.44328e-06 2.31616e-06 3.05733e-05 1.60386e-05 0.00235407 1.09252e-05 2.63386e-12 4.25299e-05 0.000371055 3.79901e-07 7.84167e-06 3.82936e-06 0.000154199 0.00283329 2.75271e-05 0.000386934 2.1189e-08 
0.00375647 0.00174827 0.0201014 0.052817 0.00644634 0.0576613 0.0372033 8.49468e-06 0.00520765 0.00698445 0.57707 0.00104272 1.95852e-06 0.146422 0.0471111 1.32191e-05 0.000437665 0.000283277 0.00697938 0.00202466 0.0029295 0.0223006 0.00144923 
0.000490176 0.000521154 0.035856 0.0320042 0.00729257 0.0105193 0.0408555 0.00600867 0.0648817 0.000543634 0.204686 3.85275e-05 1.40625e-05 0.169582 0.165122 2.92629e-05 0.0248523 0.00176042 0.00586318 0.0846055 0.0813899 0.0630173 6.56655e-05 
0.000902797 1.5185e-06 0.0279397 0.0423818 0.049749 0.0077185 0.00731238 0.453371 0.000535333 0.0107736 0.0346195 0.000531523 8.85837e-11 2.60433e-06 0.321565 1.30932e-06 0.000102297 0.00204545 0.000865313 0.0019828 0.0241316 0.0134668 5.19523e-09 
0.00767237 3.89785e-06 0.017856 0.155019 0.00184541 0.0180737 0.00406421 2.632e-06 0.0057558 3.69677e-05 0.638929 2.66513e-05 7.92277e-09 0.00650316 0.0354196 3.5574e-07 9.65509e-09 0.000107252 0.0438171 0.0110042 0.000875099 0.0529871 1.61136e-07 
2.12113e-05 0.000474947 0.0168401 0.00717399 0.00135824 0.00551764 3.26635e-05 2.76947e-05 0.0595181 0.0011072 0.0936172 8.42551e-05 2.52876e-07 0.000360342 0.71286 0.000220093 1.79641e-05 0.00340066 0.00690004 0.0565192 0.0110534 0.0213353 0.00155986 
0.00104388 3.57686e-05 0.107516 0.0753927 0.00129951 0.0287764 0.0326678 5.56932e-05 0.00925457 1.87435e-05 0.033956 0.00693233 1.6769e-05 0.000251429 0.571117 7.93063e-05 0.000861692 0.00158145 0.0703745 0.000724768 0.0134753 0.0444634 0.000104743 
0.132762 0.000679624 0.0335757 0.196087 0.00215576 0.097894 0.00670527 6.92984e-05 4.47671e-07 3.47198e-06 0.139851 3.75228e-07 4.47388e-10 0.0200893 0.333289 7.33234e-08 0.00593923 0.00029452 0.00102418 0.00148291 0.0079914 0.0201045 1.09667e-06 
0.00032515 0.000192687 0.0451098 0.0285422 0.046757 0.0392922 0.00211455 0.000546236 0.0147791 0.00415972 0.613208 0.000448742 2.55323e-05 0.00142071 0.0917617 0.000204273 0.000401231 0.0185261 0.000705951 0.00274763 0.0237714 0.0647098 0.000249965 
0.000237598 0.000187751 0.00097474 0.0515617 0.00368189 0.130865 0.000577948 4.42332e-06 0.00286268 0.0144728 0.561215 4.35279e-06 1.83361e-09 0.00732564 0.041304 8.44072e-08 1.01712e-07 0.00493711 0.000460498 0.0879615 0.0456072 0.0455724 0.000185282 
3.56191e-05 0.000857821 0.221216 0.0477878 0.00522298 0.0518472 0.0170622 6.46641e-06 0.00306624 0.000156081 0.128381 2.25955e-06 5.00245e-07 0.411911 0.0603519 0.000559601 4.91518e-06 0.000245966 0.00817794 0.0158337 0.00690381 0.0196294 0.00073903 
0.892111 0.000473265 0.00264029 0.00721005 0.00043338 0.000524255 0.000579109 1.34835e-09 0.000766146 5.4224e-05 0.00260372 3.35582e-06 7.30869e-13 0.00615129 0.0203283 1.38513e-07 4.8629e-06 7.45379e-05 0.0262483 0.0144108 0.00205471 0.0233283 6.91637e-09 
0.0036554 0.000188601 0.040838 0.511504 0.00392231 0.00746888 0.295315 9.99942e-05 0.00248637 0.000254122 0.0128624 0.000222979 3.27281e-06 0.0110845 0.0663242 4.77314e-06 0.00125553 0.00186849 0.0061487 0.0163719 0.00855548 0.00883027 0.000734202 
0.000225055 8.40281e-06 0.101812 0.0639608 0.0798919 0.183411 0.0290822 0.000569684 0.0258675 0.000131316 0.00712062 0.000572583 7.71007e-06 0.00186086 0.157006 1.07898e-05 0.00170193 0.00996232 0.0144533 0.0928067 0.171599 0.057927 1.08641e-05 
4.24091e-08 0.00102488 5.82418e-07 0.000166899 9.0761e-05 9.53332e-08 2.05685e-05 2.13448e-05 0.000980528 0.00664914 0.221782 1.40423e-07 2.3232e-08 0.00270422 0.00340298 0.760459 0.000763407 1.08698e-05 4.71163e-06 9.31104e-05 0.000517441 0.00130357 4.10971e-06 
0.002995 2.82749e-05 0.226681 0.0962233 0.0109714 0.0256662 0.133788 0.00596246 0.113582 0.00855948 0.0672056 8.16915e-05 2.0144e-06 0.0357389 0.0680714 8.29712e-05 0.000139586 0.00788316 0.0462227 0.0481333 0.00515122 0.0968013 2.82556e-05 
0.00278173 5.02108e-05 0.0231425 0.259717 0.00356227 0.013928 0.0159173 0.000347523 0.00385519 1.76911e-05 0.28408 0.00373324 1.37015e-05 0.00304427 0.194035 0.000168155 0.000216994 0.000488434 0.0406877 0.0050206 0.128254 0.0169092 2.96762e-05 
0.00055208 1.44918e-06 0.144179 0.0737562 0.00255775 0.0374738 0.0125949 2.23899e-05 0.00371178 6.31427e-06 0.00588849 0.000312576 9.27801e-07 4.10066e-05 0.678272 1.13792e-05 6.27702e-05 0.00429507 0.0180311 0.00242929 0.00538332 0.0104088 7.30154e-06 
2.87891e-07 5.90638e-06 1.44633e-05 0.121032 0.0150124 0.0195694 0.0469268 2.57828e-06 0.0101815 2.60822e-05 0.581704 5.39924e-05 1.38891e-08 0.00179699 0.0914367 8.6133e-06 0.000218153 0.00399324 0.0349038 0.0142635 0.0421217 0.0136587 0.00306944 
0.00011477 1.10314e-06 0.0293851 0.012362 0.0026848 0.0368454 0.0209818 1.16567e-06 0.00108463 0.0432271 0.59125 1.71624e-06 2.28808e-07 0.000529368 0.200243 8.57094e-07 0.000823936 0.000639325 0.00140601 2.22671e-06 0.00634221 0.052056 1.72908e-05 
0.00163831 0.000560142 0.0293155 0.030301 0.0272315 0.0343266 0.00484582 0.000114007 0.0138326 0.00144325 0.0935811 0.000549803 1.75606e-05 0.0924737 0.036722 2.58606e-05 0.0324241 0.0092288 0.0854581 0.00642953 0.0284618 0.47097 4.84713e-05 
0.00554235 0.0148023 0.00102076 0.00249426 0.00321715 0.000934309 0.000163379 2.70932e-10 4.58088e-05 0.000372609 0.00370012 5.30879e-10 3.51903e-12 0.936511 0.0153396 1.2601e-07 4.24864e-05 3.9749e-05 0.00245705 0.00324994 0.000839815 0.0060481 0.00317932 
9.0479e-05 4.21561e-08 0.00528446 0.00389754 0.00923554 0.0684548 0.000855593 7.89394e-08 0.0385621 0.0905249 0.0483661 0.00194184 1.30608e-10 1.886e-07 0.237647 5.81815e-07 1.19497e-07 0.00777307 0.000137119 0.000459663 0.418141 0.0686268 8.36955e-07 
7.80365e-07 4.00457e-05 0.128334 0.0856245 0.111105 0.231542 0.00419851 6.59989e-11 0.00326566 1.52158e-07 0.190762 2.51806e-07 4.27329e-11 0.0505526 0.0967307 4.84769e-08 1.1462e-07 8.72131e-07 1.85915e-07 2.99254e-07 1.45961e-06 0.0978405 1.75666e-07 
0.00010142 0.000134015 0.0260546 0.891914 0.00135683 0.00231699 0.0514367 0.000111579 0.000753714 2.32094e-05 0.00613251 7.25301e-09 3.41052e-10 5.25571e-05 0.00820474 2.35725e-07 4.08614e-09 0.000823497 0.00220832 0.000703546 0.00329068 0.00437913 1.39827e-06 
0.0019873 0.000294381 0.0269441 0.0976713 0.00397226 0.0763474 0.0210661 0.000704449 0.0274412 0.033967 0.574152 0.00138605 1.71788e-07 0.000897178 0.0738884 5.61201e-05 0.0140446 0.00177745 0.00616327 0.00965559 0.0161828 0.0113698 3.14491e-05 
0.00126361 0.00145813 0.0209266 0.0142876 0.021185 0.0887746 0.0033604 1.46437e-05 0.0157187 0.000629154 0.716509 8.29832e-05 7.64811e-06 0.0029139 0.0205075 2.81796e-05 3.52879e-05 0.00189359 1.45696e-05 0.00407082 0.000587338 0.0854831 0.000247193 
0.000890744 7.07039e-05 0.0743855 0.00579709 0.00480686 0.00845879 0.00172374 0.000786914 0.122945 0.00173712 0.00356286 8.53868e-05 2.80432e-05 0.000550491 0.0329902 0.00016266 0.000641883 0.437504 0.00232013 0.0251852 0.0101405 0.264965 0.000261029 
0.98433 0.000347449 0.000259228 0.000150544 0.000164447 0.00124246 1.40111e-06 2.28607e-07 0.00045168 1.22706e-05 0.00114977 2.15492e-05 3.24823e-09 9.62143e-05 0.000819689 3.04847e-06 4.7229e-06 8.27611e-05 0.0033972 0.00390121 0.000247285 0.00331663 7.32468e-09 
0.98433 0.000347449 0.000259228 0.000150544 0.000164447 0.00124246 1.40111e-06 2.28607e-07 0.00045168 1.22706e-05 0.00114977 2.15492e-05 3.24823e-09 9.62143e-05 0.000819689 3.04847e-06 4.7229e-06 8.27611e-05 0.0033972 0.00390121 0.000247285 0.00331663 7.32468e-09 
4.37465e-05 1.33553e-05 0.017209 0.029075 0.000554154 0.00286895 0.894235 2.44465e-05 0.000365605 2.68786e-05 0.00217351 0.000273776 2.18397e-07 0.000191379 0.0233744 6.62332e-07 0.000315557 5.10442e-05 0.02301 0.000781292 0.00390862 0.00150148 1.47905e-06 
0.892111 0.000473265 0.00264029 0.00721005 0.00043338 0.000524255 0.000579109 1.34835e-09 0.000766146 5.4224e-05 0.00260372 3.35582e-06 7.30869e-13 0.00615129 0.0203283 1.38513e-07 4.8629e-06 7.45379e-05 0.0262483 0.0144108 0.00205471 0.0233283 6.91637e-09 
0.879658 0.000261475 0.000852979 0.00144417 0.000269351 0.000311797 3.5788e-06 4.21798e-10 0.0054105 3.81628e-05 0.0541093 8.53618e-07 2.73106e-10 0.00366724 0.0151748 3.79821e-08 3.85274e-06 1.49747e-05 0.0179578 0.00663184 7.3759e-05 0.0141147 7.41375e-07 
0.00775783 0.00697129 0.129907 0.33314 0.00194954 0.0499834 0.0277589 0.000570667 0.00787542 1.14569e-06 0.252413 0.000439573 6.78197e-09 0.0097495 0.0950542 5.10023e-05 0.0248252 0.000352299 0.00456417 0.00553303 0.0357233 0.00424484 0.00113496 
0.000172485 9.72687e-05 0.203558 0.00469428 0.0828525 0.00113595 0.0169561 1.1418e-05 0.384422 0.0292535 0.0305036 8.24913e-05 1.14595e-06 0.00195789 0.020376 2.42698e-06 6.98349e-05 0.0541364 0.00605492 0.033671 0.0100637 0.119921 6.28383e-06 
0.017316 0.000467716 0.0514934 0.188297 0.00119693 0.00486618 0.0398572 0.000112372 1.47265e-05 0.0372395 0.18542 3.94283e-06 6.22142e-09 0.00212309 0.232474 2.47834e-05 0.0191661 8.94301e-05 0.178275 0.00159343 0.0200792 0.0198586 3.17945e-05 
0.101416 0.000196635 0.467176 0.033329 0.00928255 0.0260171 0.00351977 0.00011008 0.0345996 0.000567564 0.0203394 0.000338278 2.29032e-06 0.000304085 0.146533 1.51172e-05 0.000187264 0.0143488 0.0340725 0.0712725 0.0212595 0.0148797 0.000232841 
0.000216416 0.000102549 0.0361391 0.207262 0.00298028 0.0145479 0.519054 3.2213e-05 0.00627154 3.86043e-05 0.00428574 6.00975e-05 5.60487e-07 0.0135679 0.0303299 3.37256e-05 0.0364573 0.00096384 0.0219621 0.00189822 0.0896234 0.0141688 4.17856e-06 
0.000160357 5.95525e-05 0.116399 0.630578 0.00411582 0.0296903 0.0524585 0.000264006 0.00720339 3.03896e-05 0.0600859 0.000146701 8.52412e-07 0.0003978 0.0552092 3.04909e-05 0.00196559 0.000888659 0.011865 0.00397727 0.0212092 0.0025291 0.000735514 
0.00554235 0.0148023 0.00102076 0.00249426 0.00321715 0.000934309 0.000163379 2.70932e-10 4.58088e-05 0.000372609 0.00370012 5.30879e-10 3.51903e-12 0.936511 0.0153396 1.2601e-07 4.24864e-05 3.9749e-05 0.00245705 0.00324994 0.000839815 0.0060481 0.00317932 
0.00554235 0.0148023 0.00102076 0.00249426 0.00321715 0.000934309 0.000163379 2.70932e-10 4.58088e-05 0.000372609 0.00370012 5.30879e-10 3.51903e-12 0.936511 0.0153396 1.2601e-07 4.24864e-05 3.9749e-05 0.00245705 0.00324994 0.000839815 0.0060481 0.00317932 
0.000106055 3.97393e-06 0.140134 0.00504781 0.0145563 0.535547 0.000531145 6.20743e-07 0.000636604 2.26099e-07 0.00352577 1.13188e-06 4.631e-08 0.000228238 0.221443 3.18725e-07 8.59295e-06 0.000790743 0.00137048 0.000956891 0.00214011 0.0729706 1.46041e-07 
0.00235346 5.32504e-05 0.086139 0.0400447 0.00505082 0.0184351 0.00242931 0.000871959 0.0563287 0.00158651 0.0182001 0.000464079 7.10945e-06 0.000425237 0.134334 8.62834e-05 0.00539086 0.0119241 0.0103365 0.417363 0.173381 0.0147119 8.2801e-05 
0.000180807 7.71941e-08 0.000694978 0.00118707 0.00701838 0.0169161 0.000690898 1.26819e-07 0.0488299 0.017787 0.0578102 0.00029623 1.51193e-10 3.45393e-07 0.230898 1.06555e-06 2.18758e-07 0.00177797 0.000274178 2.01699e-07 0.580704 0.0349311 1.03833e-06 
0.992975 3.08243e-05 0.000173783 0.000341969 1.33939e-05 0.000216584 6.44328e-06 2.31616e-06 3.05733e-05 1.60386e-05 0.00235407 1.09252e-05 2.63386e-12 4.25299e-05 0.000371055 3.79901e-07 7.84167e-06 3.82936e-06 0.000154199 0.00283329 2.75271e-05 0.000386934 2.1189e-08 
2.47125e-05 4.73203e-06 0.0182672 0.00894939 0.040316 0.158321 6.83009e-05 0.000116374 0.00720855 0.00409135 0.00583078 0.000127087 3.82493e-07 0.00293372 0.057211 2.67075e-05 0.000220708 0.00270896 0.00103524 0.00246132 0.00159197 0.653239 0.0352452 
0.0405247 0.0340831 0.134822 0.0364826 0.0170019 0.0243825 0.00826686 0.0192111 0.0116829 0.00135326 0.0772412 0.00456163 6.37547e-06 0.173956 0.204841 5.74338e-05 0.0190068 0.00301369 0.0187157 0.0716762 0.0253125 0.0732554 0.000544911 
0.00010142 0.000134015 0.0260546 0.891914 0.00135683 0.00231699 0.0514367 0.000111579 0.000753714 2.32094e-05 0.00613251 7.25301e-09 3.41052e-10 5.25571e-05 0.00820474 2.35725e-07 4.08614e-09 0.000823497 0.00220832 0.000703546 0.00329068 0.00437913 1.39827e-06 
3.38217e-06 6.2352e-05 0.749303 0.0258212 0.0190952 0.00760438 8.10819e-05 2.29635e-05 0.021839 5.91529e-06 0.0991188 0.000877951 1.90452e-06 2.54757e-05 0.0281159 2.61592e-06 0.000158091 0.000121575 0.000696103 0.00860829 0.0379608 0.000464613 8.98832e-06 
2.12113e-05 0.000474947 0.0168401 0.00717399 0.00135824 0.00551764 3.26635e-05 2.76947e-05 0.0595181 0.0011072 0.0936172 8.42551e-05 2.52876e-07 0.000360342 0.71286 0.000220093 1.79641e-05 0.00340066 0.00690004 0.0565192 0.0110534 0.0213353 0.00155986 
4.46809e-05 1.48857e-05 0.381179 0.0455827 0.0191606 0.116725 0.0071263 0.0013301 0.0152966 0.00248488 0.0122596 2.55479e-05 2.65627e-06 0.00084315 0.27844 4.11637e-06 0.000146885 0.00106936 0.0293055 0.023371 0.0139172 0.0513593 0.000310981 
4.68257e-07 2.78946e-06 0.0380616 0.740032 0.0104118 0.00409224 0.105893 0.00106867 0.00460635 1.46298e-06 0.00140581 3.70351e-06 4.67551e-07 0.000132479 0.0525245 2.92497e-06 0.000148234 0.000416466 0.00254554 0.0125242 0.00420588 0.0043253 0.0175946 
0.00189431 0.000316251 0.0708561 0.509527 0.0158055 0.0280438 0.0293818 0.00165754 0.0159489 4.85747e-05 0.0270437 0.00177529 1.39824e-06 0.00558264 0.017372 5.88821e-05 0.000666168 0.0185265 0.0397773 0.00819928 0.195114 0.0121434 0.000260082 
3.12787e-05 4.24216e-05 0.000312435 0.00127387 9.16016e-05 4.91662e-06 0.996669 2.48427e-06 2.85948e-05 2.45015e-11 6.27025e-05 1.60069e-10 9.349e-13 4.80421e-06 0.000181519 3.19182e-06 0.000887711 2.90229e-05 8.48178e-05 0.000108145 0.000133933 4.70451e-05 1.92094e-07 
0.00010142 0.000134015 0.0260546 0.891914 0.00135683 0.00231699 0.0514367 0.000111579 0.000753714 2.32094e-05 0.00613251 7.25301e-09 3.41052e-10 5.25571e-05 0.00820474 2.35725e-07 4.08614e-09 0.000823497 0.00220832 0.000703546 0.00329068 0.00437913 1.39827e-06 
0.00106361 0.0618516 0.0237562 0.42216 0.00768008 0.0087107 0.129573 0.00142152 0.00233726 0.000358436 0.0140995 0.000125615 4.41537e-06 0.00720422 0.0485657 5.92068e-06 8.03903e-06 0.00832582 0.00857345 0.00574726 0.118443 0.12998 4.81025e-06 
0.000139832 0.0354818 0.0336403 0.0124545 0.0106676 0.0293594 0.00488811 5.31241e-05 0.00813211 0.0429629 0.301997 0.000380516 1.56048e-05 0.311069 0.0285024 0.000127415 0.00842068 0.000311331 0.000146303 0.0345656 0.0165345 0.120102 4.86608e-05 
1.49293e-05 8.05928e-07 0.705392 0.0123482 0.0339694 0.0515927 0.00523925 2.69696e-08 0.00186882 2.5962e-08 0.00235564 1.02605e-06 8.20698e-09 5.8702e-05 0.170318 3.20144e-08 0.000127851 0.000124352 0.00536346 0.00357443 0.000883536 0.00676748 3.29014e-08 
0.000553843 0.00244223 0.170916 0.064041 0.0335946 0.0739303 2.05202e-07 0.00190419 0.00664984 0.00215215 0.167016 0.00137308 2.04925e-07 0.00244121 0.13416 2.04971e-07 0.00028699 0.0458526 0.142028 0.00357093 0.0946071 0.0488501 0.00362861 
0.892111 0.000473265 0.00264029 0.00721005 0.00043338 0.000524255 0.000579109 1.34835e-09 0.000766146 5.4224e-05 0.00260372 3.35582e-06 7.30869e-13 0.00615129 0.0203283 1.38513e-07 4.8629e-06 7.45379e-05 0.0262483 0.0144108 0.00205471 0.0233283 6.91637e-09 
0.00108551 0.000478987 0.266684 0.0208462 0.0049311 0.0102889 0.0347576 0.000189305 0.00716232 0.00121527 0.280865 0.000392185 9.6236e-06 0.00239343 0.150664 0.000205906 0.00468112 0.00407832 0.000969023 0.00166248 0.147742 0.0283567 0.0303404 
0.000369639 2.74095e-05 0.0125914 0.0266496 0.00498792 0.0238767 0.0151967 2.99182e-05 0.142208 9.34063e-06 0.449886 0.000672849 3.97599e-06 0.00268115 0.242625 0.00149678 0.00139968 0.0005121 0.00122217 0.00745119 0.00855083 0.0574236 0.000128312 
0.40695 0.000115721 1.69215e-06 0.0151605 0.00557994 0.0211232 0.00103301 1.04567e-06 4.92398e-07 0.00153648 0.546787 4.01758e-08 3.8188e-08 1.29652e-06 3.97263e-06 1.48552e-07 0.000270233 8.30223e-07 6.35355e-05 2.53033e-05 6.02778e-07 0.00134405 1.06047e-06 
2.16655e-06 0.000119378 0.0542881 0.0346751 0.00450878 0.0065631 0.0093226 4.16713e-05 0.00542945 0.00548336 0.531443 2.12926e-05 1.21559e-08 0.00433775 0.150662 3.93783e-06 0.0418166 4.66514e-06 0.00195925 0.0405532 0.0124323 0.0963317 9.86947e-07 
0.00268701 6.1868e-05 0.0201863 0.0129321 0.0338577 0.0557919 0.0003025 0.000388379 0.00742528 1.57543e-06 0.0549877 0.000151245 1.50777e-06 0.0285461 0.0588094 4.70798e-06 0.00102321 0.00178821 3.5565e-05 0.00897526 0.000942068 0.710593 0.000507097 
3.27114e-05 3.87883e-05 0.0428685 0.0434518 0.151832 0.0264837 0.00041769 6.72518e-07 0.393264 0.000838882 0.201051 4.58108e-07 4.35442e-07 2.99739e-05 0.121238 5.26424e-05 5.30652e-07 2.56806e-05 5.74705e-07 0.000991295 0.0121784 0.00376623 0.00143514 
1.49293e-05 8.05928e-07 0.705392 0.0123482 0.0339694 0.0515927 0.00523925 2.69696e-08 0.00186882 2.5962e-08 0.00235564 1.02605e-06 8.20698e-09 5.8702e-05 0.170318 3.20144e-08 0.000127851 0.000124352 0.00536346 0.00357443 0.000883536 0.00676748 3.29014e-08 
3.07393e-05 0.000556597 0.0637912 0.0971483 0.00034495 0.027954 0.048209 5.53606e-05 0.0104366 2.06662e-08 0.064005 0.00134977 1.10125e-09 0.000817755 0.470426 1.10795e-08 0.000197537 3.04538e-08 0.000479976 0.049484 0.045287 0.119426 5.72728e-08 
0.000113852 0.000361833 0.0276882 0.0389487 0.00388809 0.0721929 0.0010421 0.000170626 0.000767163 0.0114317 0.788276 8.56636e-08 3.08855e-11 0.00052399 0.0165239 1.1435e-06 2.07641e-08 0.0014035 0.00172552 0.000807864 0.00828052 0.0257419 0.000110309 
0.00908212 0.00118716 0.0739633 0.0506755 0.000638767 0.0150212 0.00794563 2.00141e-05 0.014665 2.78101e-05 0.405381 2.86217e-05 2.74149e-06 0.0292348 0.190013 1.00294e-05 0.0266479 0.000123429 0.0626645 0.00435115 0.0305217 0.0760709 0.00172371 
9.97861e-05 0.000527375 0.0690187 0.0530185 0.00179721 0.00709289 0.0124269 5.10617e-05 0.0262496 0.00606089 0.582104 0.000732829 2.00696e-05 0.000500516 0.126933 0.00147517 0.0192914 0.000743255 0.0114282 0.00363065 0.0540968 0.0188137 0.0038877 
0.000677902 0.00189445 0.0801266 0.0045155 0.00602219 0.00167768 0.000199725 2.26019e-06 0.0562746 0.0160501 0.419374 0.000765509 2.23945e-07 0.083853 0.160871 0.000145194 0.00025867 0.000793048 6.72995e-06 0.0316585 0.079294 0.0555366 2.35046e-06 
0.000182441 7.16808e-05 0.15506 0.0913272 0.013129 0.0363089 0.00274563 0.000126098 0.098404 0.0147348 0.0731839 0.000125076 1.14602e-05 0.0119913 0.203522 0.000187003 9.63042e-05 0.00752416 0.0143213 0.216217 0.0375253 0.0231665 3.96222e-05 
0.00604131 0.000282323 0.0663846 0.178935 0.00262952 0.0367447 0.0125353 4.33049e-05 0.0011841 0.000104776 0.433045 0.000131108 1.67716e-05 0.00079429 0.119848 4.65017e-05 0.0312709 0.000458794 0.0142491 0.00124524 0.0715102 0.0222215 0.000277616 
0.000167271 0.00122784 0.0318817 0.0285646 0.000689496 0.0768881 0.0318254 2.53679e-06 0.0473399 0.0163845 0.571022 0.000633109 1.19613e-06 0.00221392 0.0716958 0.00841038 0.000201544 0.000454976 0.0151537 0.0280342 0.0339592 0.0332416 7.22817e-06 
0.00517731 0.000173227 0.00793046 0.00790313 0.0575724 0.0360515 0.000408652 1.93246e-05 0.115824 0.049464 0.252771 0.000626937 1.92632e-08 0.00109681 0.125458 0.246144 3.35157e-05 0.0321842 0.000274457 0.012024 0.0270165 0.0157643 0.00608269 
0.98433 0.000347449 0.000259228 0.000150544 0.000164447 0.00124246 1.40111e-06 2.28607e-07 0.00045168 1.22706e-05 0.00114977 2.15492e-05 3.24823e-09 9.62143e-05 0.000819689 3.04847e-06 4.7229e-06 8.27611e-05 0.0033972 0.00390121 0.000247285 0.00331663 7.32468e-09 
2.23522e-05 3.03065e-05 0.000360897 0.00137364 6.54368e-05 3.51388e-06 0.993954 1.77757e-06 2.04319e-05 3.55934e-11 8.45279e-05 2.22833e-10 2.14036e-12 3.43396e-06 0.000201413 1.28321e-05 0.00262033 2.07367e-05 0.000187625 0.000128191 0.00087467 3.36075e-05 1.37981e-07 
0.00103692 0.000304784 0.0641699 0.0152276 0.00876782 0.0376812 0.00466211 0.00703461 0.217129 0.000167858 0.070109 0.00159195 4.46742e-05 0.00226671 0.455611 0.00557448 0.000934065 0.00814457 0.00753901 0.0228272 0.00872264 0.060112 0.000340509 
0.000189534 0.0844175 0.0358702 0.017067 0.027569 0.577656 0.00452942 2.37065e-05 0.00394766 0.00383309 0.0315447 0.000651686 1.96011e-06 0.00109373 0.0393412 7.21835e-06 2.3879e-05 0.00207103 0.000447924 0.00745986 0.0095361 0.152698 1.88634e-05 
0.000207108 0.000219263 0.0636288 0.0946228 0.00544456 0.010619 0.168982 4.32423e-05 0.0330943 5.29792e-05 0.121505 2.53305e-07 2.98676e-08 0.00374334 0.226045 0.000287278 0.0135022 0.00101996 0.00276392 0.0182982 0.0719262 0.163994 2.24731e-07 
0.98433 0.000347449 0.000259228 0.000150544 0.000164447 0.00124246 1.40111e-06 2.28607e-07 0.00045168 1.22706e-05 0.00114977 2.15492e-05 3.24823e-09 9.62143e-05 0.000819689 3.04847e-06 4.7229e-06 8.27611e-05 0.0033972 0.00390121 0.000247285 0.00331663 7.32468e-09 
0.000309551 3.88947e-05 0.0314782 0.00835016 0.00217037 0.0102805 0.00187303 2.28219e-05 0.0100303 0.000948993 0.827132 0.00040642 2.33929e-07 0.00518265 0.0335039 1.11826e-06 6.32019e-07 0.00142704 0.000274847 0.00468802 0.00670562 0.050458 0.00471673 
0.00394692 0.00162241 8.83266e-05 0.0344658 0.000191972 0.000355324 0.0014764 3.90559e-06 0.00010475 0.872682 0.0478784 9.08623e-08 4.18084e-09 0.010542 0.000745457 9.29433e-06 0.00158077 0.000652535 0.0154412 0.00359402 0.00280081 0.00181734 7.005e-07 
2.08003e-05 3.35671e-06 0.288442 0.00275769 0.0623125 0.116107 0.00014161 9.07939e-08 0.00162576 5.72214e-05 0.0460357 3.59471e-05 6.90243e-08 0.00126722 0.179468 8.29095e-06 1.60103e-06 0.0017811 0.00126339 0.000108206 0.262387 0.0311093 0.00506587 
2.49918e-08 5.62598e-08 0.0503346 0.527077 0.00602987 0.0477943 0.00167995 0.000193415 0.00704186 2.41776e-07 0.0242571 6.26766e-07 1.77263e-10 1.84252e-08 0.0513098 2.63251e-08 1.68466e-07 0.000210555 0.0660252 5.35657e-05 0.210144 0.00783347 1.48548e-05 
0.00010142 0.000134015 0.0260546 0.891914 0.00135683 0.00231699 0.0514367 0.000111579 0.000753714 2.32094e-05 0.00613251 7.25301e-09 3.41052e-10 5.25571e-05 0.00820474 2.35725e-07 4.08614e-09 0.000823497 0.00220832 0.000703546 0.00329068 0.00437913 1.39827e-06 
0.000141025 0.00925991 0.0767678 0.0681845 0.0761908 0.0125916 0.00190001 0.000447938 0.0290771 0.0139205 0.341818 0.000303157 1.14858e-05 0.0133355 0.07568 0.00796977 0.000473087 0.0310469 0.0439684 0.0105833 0.0593352 0.126149 0.000845447 
0.00554235 0.0148023 0.00102076 0.00249426 0.00321715 0.000934309 0.000163379 2.70932e-10 4.58088e-05 0.000372609 0.00370012 5.30879e-10 3.51903e-12 0.936511 0.0153396 1.2601e-07 4.24864e-05 3.9749e-05 0.00245705 0.00324994 0.000839815 0.0060481 0.00317932 
1.51349e-05 9.99649e-05 0.591027 0.0148263 0.00108251 0.00703548 0.00204426 2.31864e-05 0.169356 5.36189e-05 0.0234232 6.57446e-05 1.08147e-05 0.000543705 0.0975137 2.47878e-05 5.96001e-05 0.00274745 0.0391169 0.0139501 0.0146987 0.0222613 2.04282e-05 
6.29649e-06 7.44637e-05 0.682576 0.0135302 0.0158135 0.0141856 0.000902758 0.000523403 0.141473 0.000211153 0.00508169 3.40917e-05 1.85608e-06 7.25033e-05 0.0267826 6.60117e-06 1.24363e-05 0.00494637 0.00132743 0.0433751 0.0176545 0.010128 0.0212806 
0.000489651 3.81279e-05 0.427325 0.0249174 0.00397597 0.0253555 0.0108564 1.57537e-05 0.008857 1.84823e-08 0.0324796 0.000139046 5.83993e-09 0.000255173 0.265125 1.45597e-06 1.73863e-05 0.00122756 0.00443405 0.159832 0.0102326 0.0244252 1.30401e-08 
0.906623 0.000690564 0.0026607 0.00619131 0.00560345 0.00560715 0.000265707 4.33146e-06 0.00159156 0.000232654 0.0102438 0.00268222 8.04791e-07 0.00515962 0.0108678 2.08067e-06 7.15312e-05 0.000221484 0.0187513 0.00887251 0.00264682 0.0110079 1.55126e-06 
0.00010142 0.000134015 0.0260546 0.891914 0.00135683 0.00231699 0.0514367 0.000111579 0.000753714 2.32094e-05 0.00613251 7.25301e-09 3.41052e-10 5.25571e-05 0.00820474 2.35725e-07 4.08614e-09 0.000823497 0.00220832 0.000703546 0.00329068 0.00437913 1.39827e-06 
0.892111 0.000473265 0.00264029 0.00721005 0.00043338 0.000524255 0.000579109 1.34835e-09 0.000766146 5.4224e-05 0.00260372 3.35582e-06 7.30869e-13 0.00615129 0.0203283 1.38513e-07 4.8629e-06 7.45379e-05 0.0262483 0.0144108 0.00205471 0.0233283 6.91637e-09 
0.00190862 2.15884e-05 0.0254972 0.0260603 0.00140635 0.00648361 0.0119046 1.81578e-05 0.000240871 0.00218821 0.754145 0.00015816 1.95066e-07 0.00174746 0.0578193 1.37446e-06 0.0339275 0.00393324 0.0170314 0.00292797 0.00453116 0.0480475 2.69374e-07 
0.000234351 4.63065e-06 0.0233473 0.275668 0.000980438 0.0124904 0.444695 2.09882e-05 0.00672746 4.89142e-05 0.0039959 0.000303299 5.67067e-11 0.00884367 0.00320736 2.91326e-09 0.000207181 0.00110902 0.0188921 0.000596584 0.181864 0.0167595 3.85641e-06 
3.12787e-05 4.24216e-05 0.000312435 0.00127387 9.16016e-05 4.91662e-06 0.996669 2.48427e-06 2.85948e-05 2.45015e-11 6.27025e-05 1.60069e-10 9.349e-13 4.80421e-06 0.000181519 3.19182e-06 0.000887711 2.90229e-05 8.48178e-05 0.000108145 0.000133933 4.70451e-05 1.92094e-07 
1.61293e-05 2.20736e-07 0.437587 0.0715079 0.00335066 0.0959784 0.00752389 0.00025723 0.0903985 0.00141767 0.0710674 0.00259009 4.43786e-08 0.012654 0.015183 1.24719e-05 2.55629e-06 0.00596059 2.84783e-06 0.00981996 0.0271235 0.147531 1.50678e-05 
4.72017e-05 8.43022e-06 0.0560009 0.250933 0.00118704 0.00674633 0.634889 0.000106405 0.00225533 4.10275e-06 0.00275968 3.81836e-06 3.51796e-07 0.00051105 0.0335814 8.34075e-07 0.000296353 0.000530785 0.00545949 0.000929611 0.00202124 0.00169845 2.99542e-05 
0.00228158 3.47804e-05 0.188832 0.00679799 0.0246099 0.0683556 0.000950386 0.00036628 0.0326799 0.0140688 0.035786 0.000133172 3.84635e-09 0.0449794 0.502491 6.05514e-05 0.000124072 0.00242863 0.000329742 0.00535924 0.0172994 0.0514687 0.000562243 
7.14331e-07 4.24141e-07 0.0039515 0.714327 0.000412786 0.00642839 0.0286425 0.00297036 5.49884e-05 0.00643165 0.179022 0.00147809 5.15323e-08 0.00122405 0.00795453 1.29136e-06 2.28396e-05 0.00184823 0.0320685 0.000894907 0.00685979 0.00539569 9.95633e-06 
0.0268967 0.000416363 0.0459178 0.0193924 0.0322951 0.0342492 0.00410214 0.000302546 0.0848933 0.0576043 0.0815635 0.000177626 2.34978e-05 0.015754 0.236496 0.0205317 0.000104872 0.00653254 0.0353528 0.0384699 0.0385593 0.211627 0.00873777 
0.000407541 1.89791e-06 0.0867213 0.0646265 0.00162817 0.00401598 0.130321 0.000146865 0.00286579 0.000307313 0.000513949 0.00057669 4.09001e-08 5.53941e-05 0.0310405 1.47464e-05 0.000203363 0.00113622 0.00664892 0.00808987 0.659457 0.00120871 1.28377e-05 
0.000193161 0.00137187 0.0180834 0.00460966 4.38203e-06 0.00098386 0.000490731 0.00029429 0.0354275 0.00623169 0.478757 1.33672e-05 1.04896e-09 0.0030075 0.311673 0.0934552 0.000239259 0.000253914 0.00465704 0.0213645 0.0101724 0.00871597 4.00936e-07 
3.12787e-05 4.24216e-05 0.000312435 0.00127387 9.16016e-05 4.91662e-06 0.996669 2.48427e-06 2.85948e-05 2.45015e-11 6.27025e-05 1.60069e-10 9.349e-13 4.80421e-06 0.000181519 3.19182e-06 0.000887711 2.90229e-05 8.48178e-05 0.000108145 0.000133933 4.70451e-05 1.92094e-07 
0.000806852 2.65025e-05 0.012078 0.00676427 0.00997457 0.00834183 0.000503171 2.84382e-11 0.0135801 0.0139593 0.035937 3.29325e-08 1.84132e-11 0.139728 0.50493 1.28648e-05 0.000264288 4.40915e-05 0.00521734 0.233432 0.00422708 0.0101705 2.67919e-06 
0.74665 0.000845702 1.98948e-05 0.00474394 1.53785e-06 5.14286e-06 8.64694e-06 2.77188e-07 0.000271628 0.00429148 0.197014 2.69325e-06 2.1188e-10 0.000655119 2.09954e-06 6.02433e-06 0.000256552 0.000335125 0.00164666 0.000631102 1.67314e-07 0.0426123 2.89097e-07 
1.38745e-06 3.93632e-06 0.879522 0.0146638 0.00315268 0.00433679 0.0137967 8.9782e-07 0.00805252 0.00013216 0.00723408 3.38338e-08 2.89027e-08 0.00112282 0.0516141 2.11623e-06 6.2223e-06 4.88652e-07 0.00317896 0.00284373 0.00402043 0.00631402 1.48429e-07 
0.00021018 5.06032e-05 0.403947 0.212247 0.0072469 0.196132 0.0315381 6.94416e-05 0.0220194 4.78845e-08 0.00342687 7.56966e-08 7.12044e-11 3.16643e-08 0.0740675 6.08445e-07 0.000175607 0.00141915 0.00306855 0.000391306 0.0346186 0.00937133 3.06538e-08 
0.00282508 0.000570772 0.0182018 0.101737 0.00965941 0.00243918 0.550603 9.02804e-05 0.0273743 0.00579851 0.015674 0.00519583 8.52632e-05 0.00573543 0.0243727 0.0518037 0.000444791 0.00648157 0.0835254 0.0159991 0.0626213 0.00863874 0.000123215 
1.12161e-05 1.76511e-07 0.118445 0.431203 0.0136242 0.0127086 0.051251 4.79168e-06 0.0333061 1.25491e-07 0.0119786 1.97903e-07 1.29396e-09 1.84964e-06 0.0191071 2.11953e-08 5.74522e-07 0.039934 0.000335143 0.00680125 0.235292 0.0259949 2.92704e-07 
0.000228926 2.28054e-08 0.0259066 0.709792 0.00206918 0.0880936 0.0154779 1.10434e-05 0.00547608 3.32597e-06 0.0010721 6.04912e-07 1.58435e-09 2.68142e-05 0.0324363 5.25155e-08 0.00186452 0.000453256 0.0434692 0.000877746 0.0695083 0.00322791 4.28704e-06 
1.7657e-06 3.41799e-05 0.694499 0.00545374 0.0284778 0.0218494 0.000400231 6.09673e-05 0.161423 0.00155164 0.011881 1.13377e-06 1.03782e-06 0.000150547 0.0335194 1.5809e-06 5.78229e-05 0.00266228 0.00444497 0.000370544 0.0260824 0.00703262 4.37144e-05 
0.000213626 0.000164635 0.109612 0.0226563 0.0211114 0.0898048 0.0170186 0.000440309 0.0679611 0.000109883 0.0402665 0.00871875 7.65628e-05 0.00209113 0.248958 0.010252 0.0190256 0.00663137 0.0140674 0.230158 0.0314381 0.0567151 0.00250853 
0.00482245 6.49596e-06 0.0029583 0.340425 0.032184 0.00347769 0.513011 3.20788e-06 0.00151407 0.000151191 0.0200387 0.000326314 1.01585e-10 2.16222e-06 0.0008576 3.27779e-09 1.70738e-05 0.0053262 0.013988 0.000363004 0.0603102 0.000217137 1.40996e-08 
3.94279e-05 0.000752314 0.0561235 0.0365106 0.00569622 0.0802558 0.0626997 0.0419852 0.00808412 0.00100041 0.243259 0.000104928 9.82601e-08 0.00152172 0.228086 0.0361872 6.80935e-06 1.94426e-05 0.0646906 0.00203611 0.119707 0.00620607 0.00502803 
7.36404e-06 1.70566e-05 0.0426421 0.492723 0.0136421 0.00647717 0.0167554 9.87745e-05 0.00674681 0.000785204 0.00371972 2.77444e-06 3.30225e-09 7.55457e-05 0.0525689 3.90815e-06 1.60923e-05 2.72224e-06 0.299594 0.0189439 0.0432072 0.00196784 3.10237e-06 
0.000141343 0.000110277 0.0994169 0.0230518 0.0255628 0.0983945 0.000316393 8.06439e-05 0.315247 1.36733e-05 0.0497848 0.00162045 6.45582e-06 0.00188106 0.162403 9.68417e-06 6.2406e-05 0.00431662 0.00326941 0.0165062 0.00243402 0.195154 0.000216252 
0.00554235 0.0148023 0.00102076 0.00249426 0.00321715 0.000934309 0.000163379 2.70932e-10 4.58088e-05 0.000372609 0.00370012 5.30879e-10 3.51903e-12 0.936511 0.0153396 1.2601e-07 4.24864e-05 3.9749e-05 0.00245705 0.00324994 0.000839815 0.0060481 0.00317932 
3.21675e-08 0.00109733 3.16087e-07 0.0623404 0.00134694 0.176891 0.00624914 0.000243221 0.00184647 0.00769617 0.667143 5.38726e-12 5.12072e-12 0.00120485 2.42383e-07 6.71141e-06 6.24037e-12 0.000184188 5.98383e-05 4.44671e-07 0.0021023 0.0715588 2.87506e-05 
5.9436e-05 0.000130934 0.0300851 0.814274 0.000713199 0.00710551 0.0138167 2.95207e-06 0.000502185 0.000306618 0.0169087 0.000773909 7.35132e-09 0.0347849 0.0183104 7.07081e-08 1.51953e-06 0.0085279 0.00476125 0.00671569 0.0388892 0.00333025 2.45878e-08 
0.327695 0.000850469 0.0159978 0.204229 0.00465433 0.00758516 0.00608051 0.000571937 0.00342883 0.00118766 0.0275337 7.81542e-08 7.42874e-08 0.00097197 0.0818705 7.62053e-05 9.05303e-08 0.000119655 0.000136012 0.306327 0.000919171 0.00960264 0.00016206 
0.00027648 0.00110199 0.446935 0.0526383 0.0162233 0.0422294 0.0262683 0.000181469 0.0624363 1.97367e-05 0.0800405 5.89972e-05 1.72029e-06 0.00570844 0.105497 0.000185375 0.0760684 0.000416863 0.00315386 0.00736224 0.0334214 0.0397201 5.54292e-05 
0.00010142 0.000134015 0.0260546 0.891914 0.00135683 0.00231699 0.0514367 0.000111579 0.000753714 2.32094e-05 0.00613251 7.25301e-09 3.41052e-10 5.25571e-05 0.00820474 2.35725e-07 4.08614e-09 0.000823497 0.00220832 0.000703546 0.00329068 0.00437913 1.39827e-06 
0.00177822 0.000688521 0.0435728 0.0768909 0.0131656 0.653685 0.00136185 0.00267435 0.00208789 0.000811344 0.0535718 1.99006e-05 1.59031e-06 1.94441e-05 0.115202 4.76832e-06 6.96464e-05 0.00367243 0.00203267 0.00145053 0.0045518 0.0218448 0.000842443 
7.20582e-05 0.000150437 0.046677 0.0201996 0.0194405 0.0245384 0.00318266 4.38451e-05 0.0290347 6.12759e-05 0.139798 0.0418465 4.11749e-05 0.00164251 0.57735 0.000125482 0.000235166 0.0151864 0.00578341 0.00239135 0.00674722 0.0631265 0.00232627 
0.00204172 0.000219864 0.0532722 0.0119391 0.00593027 0.0085547 0.00178092 5.16967e-05 0.00291359 0.0289568 0.776946 0.000614225 5.75554e-06 0.000811556 0.0204411 0.000134112 0.0151266 0.00339966 0.00262887 0.0160573 0.0176953 0.0304678 1.05895e-05 
0.00232597 4.76386e-05 0.06477 0.0643508 0.083192 0.24666 0.00690298 7.95163e-05 0.061627 2.22007e-07 0.0675799 8.29401e-06 4.59404e-08 0.0106751 0.195788 0.000102208 1.95594e-05 0.0238373 0.000752888 0.00535727 0.00915829 0.15676 3.97543e-06 
2.14657e-05 0.000331123 0.072897 0.0383488 0.00325809 0.0907899 0.00180877 0.0005466 0.0554724 0.050049 0.550986 0.000169196 2.85091e-08 0.00219913 0.0560307 9.66398e-08 1.56951e-06 0.000874488 0.00793058 0.013579 0.00514746 0.0495583 6.64277e-07 
0.038 5.27207e-05 0.0172965 0.0742375 0.316364 0.0832376 0.019344 7.09397e-06 0.00703479 0.000537657 0.194549 0.0172262 4.54169e-08 0.0332377 0.0208091 1.09801e-07 2.04602e-07 0.052938 0.0131996 0.0107052 0.011051 0.0901657 6.28329e-06 
0.00394692 0.00162241 8.83266e-05 0.0344658 0.000191972 0.000355324 0.0014764 3.90559e-06 0.00010475 0.872682 0.0478784 9.08623e-08 4.18084e-09 0.010542 0.000745457 9.29433e-06 0.00158077 0.000652535 0.0154412 0.00359402 0.00280081 0.00181734 7.005e-07 
0.00186126 0.000123587 4.37366e-05 0.14057 0.00216025 0.405303 0.123353 3.30748e-06 0.0129757 7.69079e-05 0.153088 8.68672e-08 8.25694e-08 8.61014e-05 0.111033 1.07442e-05 1.00623e-07 4.20938e-06 0.000498301 0.00309227 0.0301581 0.0155556 3.04381e-06 
6.94335e-06 1.74463e-06 0.0160635 0.0037596 0.00174278 0.00201793 5.31167e-05 9.7184e-06 0.831103 0.0152876 0.0212762 8.28703e-05 2.12688e-07 0.00012231 0.0709889 9.68068e-06 2.70374e-06 0.0115641 0.0053871 0.0110921 0.00744883 0.00189085 8.81285e-05 
3.56836e-08 3.22346e-06 0.028808 0.00128952 0.00737695 0.0842854 0.000669695 0.00106685 0.169514 0.0023461 0.0117849 0.000431125 4.48508e-09 0.000573398 0.255445 0.000180655 5.43429e-05 0.011918 0.00019978 0.00411175 0.00548223 0.414459 6.29257e-09 
3.56836e-08 3.22346e-06 0.028808 0.00128952 0.00737695 0.0842854 0.000669695 0.00106685 0.169514 0.0023461 0.0117849 0.000431125 4.48508e-09 0.000573398 0.255445 0.000180655 5.43429e-05 0.011918 0.00019978 0.00411175 0.00548223 0.414459 6.29257e-09 
0.000589018 4.70294e-05 0.222757 0.0195592 0.0146651 0.0654772 0.00356813 6.02912e-05 0.0224137 3.62951e-05 0.0588327 0.0134654 6.81991e-07 0.000135335 0.508276 1.65102e-05 0.00255587 0.000971479 0.011237 0.0052978 0.018357 0.0316787 2.50086e-06 
0.98433 0.000347449 0.000259228 0.000150544 0.000164447 0.00124246 1.40111e-06 2.28607e-07 0.00045168 1.22706e-05 0.00114977 2.15492e-05 3.24823e-09 9.62143e-05 0.000819689 3.04847e-06 4.7229e-06 8.27611e-05 0.0033972 0.00390121 0.000247285 0.00331663 7.32468e-09 
0.00362377 6.90085e-05 0.0302889 0.147126 0.043431 0.0121173 0.00565485 0.000141071 0.0067284 8.9796e-05 0.0406266 6.09974e-05 9.50396e-07 0.00015962 0.0119321 6.21824e-05 3.49401e-05 0.654203 0.00181346 3.70889e-05 0.0365163 0.00514407 0.000137814 
0.98433 0.000347449 0.000259228 0.000150544 0.000164447 0.00124246 1.40111e-06 2.28607e-07 0.00045168 1.22706e-05 0.00114977 2.15492e-05 3.24823e-09 9.62143e-05 0.000819689 3.04847e-06 4.7229e-06 8.27611e-05 0.0033972 0.00390121 0.000247285 0.00331663 7.32468e-09 
0.892111 0.000473265 0.00264029 0.00721005 0.00043338 0.000524255 0.000579109 1.34835e-09 0.000766146 5.4224e-05 0.00260372 3.35582e-06 7.30869e-13 0.00615129 0.0203283 1.38513e-07 4.8629e-06 7.45379e-05 0.0262483 0.0144108 0.00205471 0.0233283 6.91637e-09 
0.892111 0.000473265 0.00264029 0.00721005 0.00043338 0.000524255 0.000579109 1.34835e-09 0.000766146 5.4224e-05 0.00260372 3.35582e-06 7.30869e-13 0.00615129 0.0203283 1.38513e-07 4.8629e-06 7.45379e-05 0.0262483 0.0144108 0.00205471 0.0233283 6.91637e-09 
3.28698e-05 0.000650806 0.017521 0.0544669 0.00591545 0.000719907 0.00246766 0.000740746 0.231553 0.00159182 0.570757 4.38396e-05 2.57013e-05 0.00125285 0.0221182 0.0585426 0.000168238 0.000662487 0.00169259 0.00053157 0.0145709 0.0129662 0.00100754 
0.000242184 0.000429139 0.0854527 0.0199576 0.00736732 0.0108198 0.00869987 0.000422731 0.0258449 0.00365649 0.07724 0.00845397 2.19164e-05 0.000749848 0.536561 0.0875965 0.000842212 0.00726631 0.012738 0.00170952 0.00431336 0.0978661 0.00174826 
0.000733313 0.0275252 0.0421157 0.0230414 0.0225019 0.0238356 0.00495585 0.00253511 0.0376604 0.0473879 0.126058 0.000149155 5.30487e-05 0.303408 0.0536232 0.000253179 0.0244958 0.00397175 0.00608987 0.122385 0.0187782 0.108193 0.000249274 
0.00554235 0.0148023 0.00102076 0.00249426 0.00321715 0.000934309 0.000163379 2.70932e-10 4.58088e-05 0.000372609 0.00370012 5.30879e-10 3.51903e-12 0.936511 0.0153396 1.2601e-07 4.24864e-05 3.9749e-05 0.00245705 0.00324994 0.000839815 0.0060481 0.00317932 
0.00125433 0.0097943 0.129365 0.0915521 0.0468569 0.175058 0.0129898 9.84022e-05 0.0957444 0.000384219 0.0251875 0.00181875 1.7979e-05 0.00340774 0.12142 0.000723396 0.000457749 0.0443569 0.00509836 0.018181 0.0379427 0.178263 2.68629e-05 
1.69951e-06 0.0042484 0.0626173 0.0211542 0.0943987 0.057418 1.13528e-06 0.00233312 0.0823057 6.33154e-06 0.181557 1.01409e-06 3.25029e-09 4.27749e-06 0.419484 2.33236e-05 3.0608e-07 3.41503e-06 2.82767e-06 0.0447455 0.0124928 0.0172004 7.0188e-07 
0.98433 0.000347449 0.000259228 0.000150544 0.000164447 0.00124246 1.40111e-06 2.28607e-07 0.00045168 1.22706e-05 0.00114977 2.15492e-05 3.24823e-09 9.62143e-05 0.000819689 3.04847e-06 4.7229e-06 8.27611e-05 0.0033972 0.00390121 0.000247285 0.00331663 7.32468e-09 
0.0307019 5.21022e-05 0.00093267 0.00521154 0.0283528 0.213567 0.000454539 1.07853e-05 0.00173788 0.000358013 0.652554 2.36337e-08 2.24644e-08 0.000297388 0.0124814 0.000121634 0.0137155 0.00541556 0.00374631 9.33559e-05 0.0148568 0.0151593 0.000179801 
