2.01342e-05 0.0100812 0.0183371 0.0452024 0.0442499 0.102955 1.006e-06 7.47729e-08 0.0180358 5.35546e-06 0.0569698 2.3576e-05 0.57556 0.00842984 0.0110084 2.28437e-06 0.000109293 0.0154357 7.47561e-06 4.31176e-05 0.000211546 0.0933098 1.68462e-06 
2.01342e-05 0.0100812 0.0183371 0.0452024 0.0442499 0.102955 1.006e-06 7.47729e-08 0.0180358 5.35546e-06 0.0569698 2.3576e-05 0.57556 0.00842984 0.0110084 2.28437e-06 0.000109293 0.0154357 7.47561e-06 4.31176e-05 0.000211546 0.0933098 1.68462e-06 
0.000700007 0.00118748 0.0357343 0.0356386 0.00146137 0.022606 0.157366 4.81072e-06 0.00401025 0.0711857 0.0636008 0.000225033 0.415033 0.0394586 0.0607165 2.14218e-05 1.30176e-05 0.00263906 0.0153739 0.0272713 0.0205261 0.0252255 1.41646e-06 
0.000554997 9.50458e-08 0.137367 0.0520307 0.166629 0.0359567 0.0135907 5.16884e-08 0.014839 1.1868e-05 0.00601799 0.00108111 0.287564 0.00643077 0.00432455 7.49196e-08 5.808e-09 0.00705626 0.00100568 0.00381347 0.0461458 0.215579 8.11573e-11 
0.000211179 5.02345e-06 0.00693438 0.00294617 0.0381333 0.0205712 0.00172315 5.93951e-10 0.0162314 8.21869e-05 0.00419758 0.197406 0.548726 0.000111483 0.012157 5.53394e-05 1.08933e-05 0.00620829 2.98878e-06 0.000389619 0.00645364 0.137443 3.09919e-10 
0.000251927 7.00145e-07 0.00142796 0.0111402 0.0152128 0.00465783 0.000864547 2.07903e-08 0.000810586 2.59805e-06 0.00242187 3.42455e-05 0.882823 8.41169e-06 0.012118 4.28275e-08 1.64046e-08 0.000501289 0.00097602 0.000413752 0.00893262 0.0574013 1.08482e-08 
0.000353035 0.00328394 0.00252321 0.00301314 0.0402786 0.014829 0.000325491 1.3019e-09 0.0013108 2.09202e-08 0.0250606 5.51926e-06 0.659224 0.000712213 0.00135306 0.00163132 5.53757e-05 0.00360329 0.000656318 0.000202117 0.000984108 0.240595 2.1949e-07 
1.74397e-05 2.30769e-08 0.00136054 0.00110798 0.0148895 0.0715561 5.75969e-06 1.81218e-07 2.68041e-05 0.00767477 0.0405111 3.19317e-06 0.84565 7.1169e-06 0.000106493 1.02311e-07 0.000230876 0.00563099 1.33981e-08 2.45058e-05 0.00150423 0.00960457 8.76127e-05 
3.86071e-09 1.14663e-07 0.401986 1.56779e-06 3.75565e-06 0.00535498 1.34739e-09 9.2081e-09 0.0105704 1.66479e-07 0.00491133 6.2724e-09 0.559572 9.08225e-06 0.0132198 6.13592e-08 3.78657e-05 0.00323216 3.00987e-08 4.00474e-06 0.00108667 4.78081e-06 5.12011e-06 
0.000121547 3.61358e-07 0.0292386 0.00367382 0.0285506 0.392425 0.000144021 9.59447e-05 0.00283283 3.33075e-05 0.00355924 1.45411e-05 0.47089 1.37538e-05 0.00686412 6.26596e-08 3.98189e-08 0.000434898 1.61385e-06 0.000462999 0.000237042 0.0600728 0.000333409 
3.48488e-06 4.69336e-06 0.000988827 0.000246019 0.000176699 0.000163171 0.000208529 3.69162e-05 0.424207 1.42237e-06 0.00169758 0.000293319 0.550218 0.000210997 0.0197769 4.7162e-05 2.75754e-07 0.000141088 5.01182e-05 0.000156147 0.000426357 0.000942018 3.52713e-06 
0.000244012 6.88526e-05 0.0321791 0.208206 0.0206112 0.0524168 0.0269155 0.000343425 0.0014593 0.0027189 0.106307 0.00023755 0.223137 0.00115651 0.21304 2.28745e-09 0.000616027 0.00349835 0.0403558 0.00151488 0.0127375 0.0522357 1.20928e-06 
4.8384e-05 1.34083e-05 0.0580459 0.143954 0.0246414 0.0330414 0.0109671 6.82128e-05 0.00993603 1.18845e-05 0.0185447 0.000691781 0.267789 0.000654912 0.162701 5.68489e-07 3.78475e-07 0.128825 0.00641629 0.0147634 0.0353651 0.0835032 1.76075e-05 
2.19695e-06 0.00100157 2.58229e-07 2.25586e-07 6.14849e-07 3.3484e-07 7.66741e-07 5.23991e-06 0.0102632 0.0238399 0.0241857 3.56934e-06 0.925543 1.49308e-06 0.00236611 2.95832e-06 0.000417591 1.19793e-06 3.87406e-07 6.56308e-07 0.00888751 0.00347316 2.73414e-06 
0.000816124 4.07381e-05 0.0269957 0.171178 0.00978167 0.01026 0.0502807 9.40182e-11 0.000351427 2.21759e-06 0.028635 1.51661e-07 0.5442 1.4476e-05 0.00273565 1.39052e-07 1.6877e-05 0.0226044 0.0195834 0.0011241 0.0263371 0.00382215 0.0812204 
1.50334e-06 2.41701e-05 1.67787e-05 3.83903e-05 6.79591e-05 2.29125e-07 6.22209e-06 3.58558e-06 4.58811e-05 4.94077e-05 0.223354 2.44243e-06 0.775753 1.02169e-06 4.70637e-06 2.02433e-06 2.82921e-06 1.82358e-05 2.65095e-07 4.491e-07 4.02726e-07 0.000604165 1.87093e-06 
0.000353035 0.00328394 0.00252321 0.00301314 0.0402786 0.014829 0.000325491 1.3019e-09 0.0013108 2.09202e-08 0.0250606 5.51926e-06 0.659224 0.000712213 0.00135306 0.00163132 5.53757e-05 0.00360329 0.000656318 0.000202117 0.000984108 0.240595 2.1949e-07 
0.000353035 0.00328394 0.00252321 0.00301314 0.0402786 0.014829 0.000325491 1.3019e-09 0.0013108 2.09202e-08 0.0250606 5.51926e-06 0.659224 0.000712213 0.00135306 0.00163132 5.53757e-05 0.00360329 0.000656318 0.000202117 0.000984108 0.240595 2.1949e-07 
3.25203e-05 0.00014304 0.00477408 0.0312687 0.00171703 0.0264878 0.000684736 2.41209e-06 2.8604e-05 1.46303e-06 0.00240402 0.000178167 0.37989 1.42572e-06 0.000152439 1.36181e-06 1.90327e-06 0.168783 1.78335e-07 0.000140521 0.23876 0.144545 1.25861e-06 
7.469e-06 7.62656e-08 0.156081 0.0194563 0.0109907 4.90562e-06 4.36002e-05 1.38367e-07 0.0716321 6.16247e-10 0.00406865 1.46538e-07 0.28112 8.34829e-07 0.0629669 4.16268e-08 8.01679e-10 0.0043028 0.252932 0.00245414 0.0338396 0.100099 5.30142e-10 
0.000353035 0.00328394 0.00252321 0.00301314 0.0402786 0.014829 0.000325491 1.3019e-09 0.0013108 2.09202e-08 0.0250606 5.51926e-06 0.659224 0.000712213 0.00135306 0.00163132 5.53757e-05 0.00360329 0.000656318 0.000202117 0.000984108 0.240595 2.1949e-07 
0.000910544 5.09798e-05 0.19423 0.00612268 0.00184154 0.00953411 0.23352 0.000671937 0.00105685 7.25162e-07 0.0375727 0.000328598 0.404421 4.50148e-05 0.00963411 1.57014e-07 5.92151e-06 2.09417e-06 0.00156205 0.0818489 0.00923966 0.00740064 1.95173e-08 
0.00408687 0.000853407 3.33567e-08 0.00214181 0.00436039 0.000588282 0.00210972 6.76864e-07 7.01385e-05 4.10545e-07 0.0159591 0.00853022 0.938439 0.00270034 0.00236228 0.00175822 5.3408e-07 1.54743e-07 0.00132119 8.47783e-08 0.00122406 0.0134927 3.53182e-07 
0.000307695 0.00206399 0.016149 0.00686606 0.0155641 0.00776212 0.00109496 1.19288e-07 0.0267148 0.00130265 0.0697451 5.19896e-05 0.762141 0.000534884 0.0134784 1.7532e-05 9.41241e-08 0.000507601 1.99368e-05 0.00230853 0.0530503 0.0203174 1.84682e-06 
0.000353035 0.00328394 0.00252321 0.00301314 0.0402786 0.014829 0.000325491 1.3019e-09 0.0013108 2.09202e-08 0.0250606 5.51926e-06 0.659224 0.000712213 0.00135306 0.00163132 5.53757e-05 0.00360329 0.000656318 0.000202117 0.000984108 0.240595 2.1949e-07 
0.0003178 0.0052581 0.00991793 0.0083496 0.00605957 0.00369289 0.00238277 3.55268e-05 0.00291963 0.000416016 0.00165185 0.000995455 0.905273 0.00186646 0.00716228 2.57566e-05 0.000280161 0.0016332 0.00764526 0.00900994 0.00409299 0.0210033 1.07917e-05 
9.20368e-08 3.33254e-08 0.019683 0.375639 0.00363672 0.0234928 0.0200471 4.25261e-06 0.000232709 6.09125e-10 0.0105861 2.91378e-07 0.454137 0.000613627 0.0246673 5.66981e-10 2.10927e-07 0.00176009 0.0624095 3.05197e-05 0.000403667 0.00265681 5.24016e-10 
9.20368e-08 3.33254e-08 0.019683 0.375639 0.00363672 0.0234928 0.0200471 4.25261e-06 0.000232709 6.09125e-10 0.0105861 2.91378e-07 0.454137 0.000613627 0.0246673 5.66981e-10 2.10927e-07 0.00176009 0.0624095 3.05197e-05 0.000403667 0.00265681 5.24016e-10 
0.00266689 2.72127e-05 0.0104606 0.0305047 0.00233825 0.00350211 0.0163336 0.00024339 0.058311 0.024756 0.066342 0.00316956 0.727135 0.000233028 0.000275182 0.000170191 9.95546e-07 0.00086143 0.000900497 0.0287368 0.0113706 0.0116612 1.92345e-07 
0.000353035 0.00328394 0.00252321 0.00301314 0.0402786 0.014829 0.000325491 1.3019e-09 0.0013108 2.09202e-08 0.0250606 5.51926e-06 0.659224 0.000712213 0.00135306 0.00163132 5.53757e-05 0.00360329 0.000656318 0.000202117 0.000984108 0.240595 2.1949e-07 
0.000239139 9.4109e-05 0.116938 0.120339 0.0468612 0.0502859 0.00274375 1.97655e-05 0.00550673 3.03905e-05 0.0282068 0.00138377 0.324983 0.0126461 0.181629 9.90885e-07 0.000393504 0.0025173 0.00749478 0.00201711 0.0313204 0.0642605 8.8966e-05 
2.70075e-05 8.38926e-08 4.29975e-05 0.000166255 0.00953804 0.00146996 1.66829e-05 3.80719e-07 0.0428757 0.000343429 0.0591882 7.83026e-07 0.884132 1.08483e-07 8.15602e-06 3.07293e-07 3.00407e-07 5.29345e-06 3.57972e-07 3.40749e-06 0.000354594 0.00181597 1.00401e-05 
0.00987779 1.06287e-07 0.00922996 0.122322 0.00317849 0.020551 0.00772556 1.95767e-10 0.00303535 1.18721e-05 0.0182674 6.07431e-06 0.707118 0.0443034 0.000656715 1.39277e-08 1.54471e-10 0.000842497 4.8842e-05 0.000678071 0.00815918 0.0439875 1.0215e-10 
0.00108298 3.95348e-07 0.0220442 0.0249878 0.00361635 0.0326976 0.161809 0.00127666 0.0881409 0.00668534 0.136256 0.0664344 0.35469 0.000893362 0.0290488 9.02296e-05 7.39977e-06 0.024587 4.17553e-05 0.0129988 0.0121227 0.020397 9.09546e-05 
0.000650358 0.0027559 0.012831 0.00252535 0.0142967 0.0596982 0.00097411 2.19666e-06 0.0017538 6.95182e-06 0.0137236 0.000164477 0.618159 0.0013817 0.0265941 2.52457e-06 0.000112127 0.0137462 0.00858884 0.00757299 0.0104898 0.203863 0.000107279 
0.00642825 9.19177e-06 0.0210541 0.0129944 0.0360534 0.0540181 3.2586e-05 2.84808e-08 0.00176747 1.72747e-08 0.038424 1.51531e-06 0.499191 8.11539e-09 1.52905e-05 3.93178e-05 2.24728e-08 0.272943 0.000426464 7.17494e-06 0.0439357 0.0126587 1.4861e-08 
0.000154015 7.05482e-07 0.025407 0.0114065 0.003031 0.00478975 0.000855756 1.1116e-05 0.00133795 9.03668e-07 9.90674e-05 0.000212716 0.930201 0.00152126 0.00334559 4.68328e-07 1.58307e-06 0.000634928 0.000672995 0.000629238 0.000546449 0.01514 3.8494e-11 
0.000650358 0.0027559 0.012831 0.00252535 0.0142967 0.0596982 0.00097411 2.19666e-06 0.0017538 6.95182e-06 0.0137236 0.000164477 0.618159 0.0013817 0.0265941 2.52457e-06 0.000112127 0.0137462 0.00858884 0.00757299 0.0104898 0.203863 0.000107279 
2.70075e-05 8.38926e-08 4.29975e-05 0.000166255 0.00953804 0.00146996 1.66829e-05 3.80719e-07 0.0428757 0.000343429 0.0591882 7.83026e-07 0.884132 1.08483e-07 8.15602e-06 3.07293e-07 3.00407e-07 5.29345e-06 3.57972e-07 3.40749e-06 0.000354594 0.00181597 1.00401e-05 
0.000353035 0.00328394 0.00252321 0.00301314 0.0402786 0.014829 0.000325491 1.3019e-09 0.0013108 2.09202e-08 0.0250606 5.51926e-06 0.659224 0.000712213 0.00135306 0.00163132 5.53757e-05 0.00360329 0.000656318 0.000202117 0.000984108 0.240595 2.1949e-07 
2.01342e-05 0.0100812 0.0183371 0.0452024 0.0442499 0.102955 1.006e-06 7.47729e-08 0.0180358 5.35546e-06 0.0569698 2.3576e-05 0.57556 0.00842984 0.0110084 2.28437e-06 0.000109293 0.0154357 7.47561e-06 4.31176e-05 0.000211546 0.0933098 1.68462e-06 
0.0036433 8.00181e-05 0.0026397 0.0202969 0.00693916 0.0435948 0.0221293 0.000388094 0.00159904 0.28233 0.200486 0.000559206 0.289931 0.0015148 0.00342692 1.11575e-05 0.00155706 3.51688e-05 0.00160398 0.0176217 0.0477678 0.051683 0.000161411 
0.000104026 2.37357e-05 0.00137292 0.0162835 0.00489469 0.0141612 0.000225176 7.75611e-09 0.0157793 0.00395688 0.0815408 2.21499e-05 0.843928 0.00023659 0.00329903 4.3789e-09 6.11997e-09 0.00639436 7.31951e-05 0.000873776 0.00542414 0.00140673 4.04707e-09 
0.000353035 0.00328394 0.00252321 0.00301314 0.0402786 0.014829 0.000325491 1.3019e-09 0.0013108 2.09202e-08 0.0250606 5.51926e-06 0.659224 0.000712213 0.00135306 0.00163132 5.53757e-05 0.00360329 0.000656318 0.000202117 0.000984108 0.240595 2.1949e-07 
6.11456e-05 1.03496e-05 0.117646 0.021251 0.0460969 0.0376657 0.00514069 1.7317e-05 0.00259452 0.000209713 0.0173514 3.18031e-05 0.641849 0.000909236 0.0291641 2.76621e-07 1.00471e-06 0.000936155 0.00157268 0.00134556 0.0639175 0.0122141 1.46361e-05 
0.000181726 1.19208e-09 0.000223376 0.000158303 0.000196292 0.000469826 0.000171363 0.000103919 0.000125354 0.000102209 0.000391387 7.14253e-05 0.80874 0.000202992 0.00100174 5.2851e-09 7.97812e-05 0.186401 0.000885275 8.53596e-05 0.000138264 0.000270075 4.8846e-09 
0.000260369 0.000396174 0.0132097 0.0213985 0.0720737 0.00640889 0.0043818 0.000330302 0.0282876 0.0273638 0.0251063 0.00154597 0.549085 0.00278971 0.0403083 1.98923e-05 3.40707e-06 0.00614432 0.00654147 0.00193746 0.0133293 0.178372 0.000705537 
4.61133e-05 7.0282e-08 7.23227e-05 0.0624182 2.78471e-05 0.00075742 0.00834303 3.99846e-08 4.04895e-06 0.000605965 2.04443e-06 9.91332e-07 0.879877 1.13933e-08 0.000550731 1.92587e-07 0.000145321 1.90177e-05 0.0290539 5.82199e-06 0.0180497 1.98859e-05 2.08636e-08 
0.000208657 0.000137088 0.0624551 0.119004 0.166237 0.01961 0.00336225 0.000458018 0.0992977 0.0017222 0.0472822 0.000100757 0.207002 0.00777107 0.0902982 2.70271e-05 2.01108e-06 0.0112499 0.00244092 0.0550749 0.0239957 0.0816166 0.000646507 
0.000650358 0.0027559 0.012831 0.00252535 0.0142967 0.0596982 0.00097411 2.19666e-06 0.0017538 6.95182e-06 0.0137236 0.000164477 0.618159 0.0013817 0.0265941 2.52457e-06 0.000112127 0.0137462 0.00858884 0.00757299 0.0104898 0.203863 0.000107279 
0.000353035 0.00328394 0.00252321 0.00301314 0.0402786 0.014829 0.000325491 1.3019e-09 0.0013108 2.09202e-08 0.0250606 5.51926e-06 0.659224 0.000712213 0.00135306 0.00163132 5.53757e-05 0.00360329 0.000656318 0.000202117 0.000984108 0.240595 2.1949e-07 
0.0187745 0.039998 0.0626002 0.135166 0.152777 0.0217809 0.0050575 6.76752e-05 0.0112318 2.14535e-05 0.000269205 1.48414e-07 0.211928 0.00226345 0.0226726 3.06291e-06 4.06109e-05 0.0636152 0.0404506 0.130378 0.0303434 0.0505545 6.59898e-06 
0.00750113 6.05357e-07 6.05486e-07 0.0257946 0.00205888 6.05461e-07 0.0276035 6.03932e-07 6.05424e-07 6.04575e-07 0.00647847 6.04453e-07 0.908154 6.05103e-07 6.05507e-07 6.04645e-07 6.04278e-07 0.00460007 0.0099299 6.05361e-07 0.00593336 0.00193812 6.04715e-07 
0.000204202 0.000360105 0.0374033 0.0376648 0.00785331 0.000984581 0.137989 8.58658e-05 0.00181989 0.000450732 0.105437 0.00283532 0.512728 0.00468404 0.0445519 2.0726e-07 0.000476885 2.28465e-05 0.00298682 0.0422698 0.00280055 0.056391 3.13871e-08 
0.0353092 0.000183616 0.0414641 0.220505 0.0150643 0.0227607 0.000681073 0.000235124 0.00909575 9.18453e-05 0.137549 0.000407157 0.411853 0.00272053 0.0125743 0.000459422 5.97008e-05 0.000115401 0.0283353 0.0172721 0.025924 0.0172688 6.99889e-05 
0.0301738 2.57168e-05 0.0255669 0.00955448 0.00704454 0.162455 2.06642e-05 1.42707e-07 0.256252 8.65576e-08 0.0227576 9.39289e-07 0.366519 0.000295993 0.0487229 1.44391e-05 0.000131323 0.0118165 7.48449e-05 0.00372493 0.00142439 0.0534236 7.44634e-08 
3.35466e-05 2.83964e-08 0.00866673 2.97552e-05 2.21002e-05 3.36314e-05 0.00900704 5.03755e-05 2.36772e-06 6.20636e-08 0.00130053 3.36798e-07 0.980321 2.91565e-08 1.1731e-05 9.6204e-08 8.0739e-08 5.30092e-06 2.54205e-07 0.000437681 2.66312e-05 2.05879e-05 3.05028e-05 
0.0370355 9.82444e-08 0.00280073 0.00131071 0.0153165 0.0173492 0.000318412 5.16913e-07 0.0010423 7.07365e-05 0.0276571 0.0798825 0.801285 3.17981e-06 0.00480817 1.28269e-07 3.84277e-05 9.55425e-05 2.68317e-05 8.33264e-05 0.00206461 0.00881002 4.89934e-09 
0.0552373 0.105825 0.0216692 0.108284 0.101503 0.0018933 0.00163209 2.8618e-07 0.0381439 5.01871e-07 2.20126e-05 2.59396e-08 0.294295 0.00157612 0.00372261 3.58852e-08 2.08857e-06 0.0760641 0.0196468 0.0375914 0.0803669 0.0525237 4.37694e-10 
3.138e-05 6.40263e-08 0.00112103 0.0761893 0.0607967 0.00644918 0.0179943 0.000401033 0.047848 7.10597e-08 0.0493596 0.000401447 0.540011 3.53162e-05 0.0136079 1.94212e-07 9.2442e-08 0.144001 5.52471e-07 4.29845e-06 2.08373e-05 0.0417268 6.11309e-08 
0.000297685 0.0024594 0.0034719 0.0103021 0.0301683 0.0124261 0.00098853 1.59964e-06 0.00237235 1.87837e-05 0.0264341 0.0404917 0.542165 0.00135484 0.00278505 0.00111311 3.78748e-05 0.00467758 0.000924167 0.00184724 0.00848203 0.30718 1.64159e-07 
0.000650358 0.0027559 0.012831 0.00252535 0.0142967 0.0596982 0.00097411 2.19666e-06 0.0017538 6.95182e-06 0.0137236 0.000164477 0.618159 0.0013817 0.0265941 2.52457e-06 0.000112127 0.0137462 0.00858884 0.00757299 0.0104898 0.203863 0.000107279 
4.43979e-05 6.98165e-09 0.000480949 0.0153275 3.01076e-05 0.000369818 0.00196215 5.99678e-09 0.0032893 1.30854e-05 0.00121931 1.70412e-07 0.939147 1.70874e-09 0.000946064 1.65417e-08 2.85783e-06 8.43485e-06 0.0328117 3.941e-06 0.00430057 4.29609e-05 3.12907e-09 
0.000353035 0.00328394 0.00252321 0.00301314 0.0402786 0.014829 0.000325491 1.3019e-09 0.0013108 2.09202e-08 0.0250606 5.51926e-06 0.659224 0.000712213 0.00135306 0.00163132 5.53757e-05 0.00360329 0.000656318 0.000202117 0.000984108 0.240595 2.1949e-07 
3.46349e-05 0.0156853 0.157768 0.0235646 0.0628528 0.00388696 0.0051245 7.555e-05 0.00367909 7.29658e-05 0.0290908 0.00445525 0.586089 0.00237909 0.0197226 7.87218e-06 1.9592e-06 0.00485528 0.00136384 0.0572187 0.00416354 0.0173039 0.000603212 
7.84753e-06 7.11027e-06 0.0127542 0.237792 0.0865394 0.114082 0.00333935 6.0393e-06 0.00810032 3.27941e-06 0.0470591 0.00218169 0.382531 3.55135e-06 0.00574504 5.73451e-05 5.53814e-06 0.0664068 0.0152216 0.00185794 0.00746574 0.0088336 8.79489e-09 
0.00040577 0.0152862 0.0253434 0.0366756 0.037411 0.0136212 0.011534 0.000179352 0.0213226 0.00113659 0.105166 0.000158426 0.36445 0.00133465 0.0173862 0.00196443 0.000902681 0.0334147 0.0450794 0.00745452 0.0327307 0.227039 4.11719e-06 
0.0123182 1.03944e-07 0.000419883 0.00586383 0.0903985 0.308466 0.00962242 0.00087047 0.0195443 0.00133446 0.09116 0.00261235 0.408034 3.48343e-06 0.00562935 3.68326e-07 1.94845e-05 0.0212657 0.0119797 0.000116052 0.00417124 0.00599722 0.000172963 
2.80183e-07 0.000135914 0.00415733 0.0153518 7.84131e-08 4.2703e-08 1.499e-05 1.51113e-05 0.000609787 4.05326e-07 6.42584e-08 4.55206e-07 0.935506 1.90416e-07 0.00052876 1.26086e-05 5.27291e-07 1.22087e-05 2.38645e-05 0.00287872 0.0407509 3.78549e-08 3.48692e-07 
0.000353035 0.00328394 0.00252321 0.00301314 0.0402786 0.014829 0.000325491 1.3019e-09 0.0013108 2.09202e-08 0.0250606 5.51926e-06 0.659224 0.000712213 0.00135306 0.00163132 5.53757e-05 0.00360329 0.000656318 0.000202117 0.000984108 0.240595 2.1949e-07 
0.000812678 0.00173818 0.0857294 0.0200731 0.0276165 0.186078 0.00285932 0.00031081 0.115351 0.0170724 0.019306 0.000237023 0.217678 0.00501783 0.104148 2.27617e-05 0.000197394 0.000946495 0.0050532 0.119254 0.0275527 0.0428383 0.000107225 
1.59084e-05 3.04932e-08 0.0129569 1.53552e-05 1.00227e-05 1.04413e-05 0.00872049 9.88614e-05 1.33767e-06 7.7847e-08 0.00190376 2.96679e-07 0.975571 3.65713e-08 5.06194e-06 1.09361e-07 1.01272e-07 2.93682e-06 1.68938e-07 0.000665136 1.15515e-05 7.16112e-06 3.22482e-06 
0.00158671 0.0285599 0.13096 0.255212 0.00131053 0.0198336 0.0447286 2.31761e-05 0.000941825 7.23859e-07 0.00165944 5.8837e-05 0.257442 9.84327e-06 0.030633 6.77432e-06 1.28586e-06 0.00795728 8.99179e-05 0.00120306 0.191393 0.0263885 9.90468e-09 
2.39253e-05 2.96263e-08 0.000312881 0.0256489 1.50689e-05 1.56667e-05 1.53845e-05 6.80853e-08 0.000244925 4.12965e-08 0.0315335 3.56296e-07 0.909397 1.94004e-08 0.00138995 9.30914e-08 5.37229e-08 4.42161e-06 6.01435e-06 2.92185e-06 0.0313785 1.07489e-05 3.55264e-08 
5.44911e-05 1.05222e-07 0.024391 4.28721e-05 3.15089e-05 3.23819e-05 3.25873e-05 1.94608e-08 0.18152 1.18037e-08 3.33729e-06 1.53272e-06 0.761573 5.54522e-09 0.00571763 3.14875e-05 1.53556e-08 0.000495478 8.54337e-07 0.00134472 0.0128132 0.011914 1.01545e-08 
0.000650358 0.0027559 0.012831 0.00252535 0.0142967 0.0596982 0.00097411 2.19666e-06 0.0017538 6.95182e-06 0.0137236 0.000164477 0.618159 0.0013817 0.0265941 2.52457e-06 0.000112127 0.0137462 0.00858884 0.00757299 0.0104898 0.203863 0.000107279 
7.81311e-06 0.00704516 0.118103 0.0469342 0.0641277 7.82061e-06 7.81888e-06 7.80086e-06 7.82013e-06 7.80916e-06 0.182212 7.80759e-06 0.255341 0.0265821 0.193192 7.81006e-06 7.80533e-06 7.81711e-06 7.82039e-06 7.81931e-06 0.106354 7.82076e-06 7.81097e-06 
6.11715e-05 4.90969e-07 7.95572e-05 4.4585e-05 3.42434e-05 3.49543e-05 3.54563e-05 2.8424e-06 5.86061e-06 1.72403e-06 4.31176e-06 3.8441e-06 0.999582 8.09923e-07 1.64367e-05 1.9412e-06 2.2428e-06 1.35346e-05 1.21596e-06 8.39773e-06 3.88174e-05 2.43338e-05 1.48314e-06 
0.00016312 9.18356e-06 0.0462731 0.0535798 0.00134041 0.000160217 0.00474276 0.000763396 0.00260415 2.06822e-06 0.0288456 1.99195e-07 0.604315 0.00579423 0.0458202 0.000149277 5.05772e-07 0.11884 0.0649426 3.30132e-06 0.0216171 3.42818e-05 7.99955e-09 
0.0115683 0.0217646 0.0559639 0.0366282 0.0281435 0.00342554 0.000417974 1.7779e-05 0.0101932 2.0614e-05 0.0005784 0.0001558 0.454977 0.00212437 0.0156539 3.29297e-07 0.00280223 0.0360911 0.00740534 0.04275 0.0172862 0.252032 1.34557e-09 
0.000508155 7.69911e-10 0.00683446 0.0638642 0.00538159 0.0172631 0.126425 0.000152941 0.0532698 0.198617 0.152945 0.00429818 0.325119 7.40455e-06 0.0256606 2.09662e-06 5.88861e-07 0.000424681 0.000153392 0.000878513 8.7235e-05 0.0181074 3.15473e-09 
0.000131153 0.000131257 0.000131284 0.433376 0.00013126 0.0788987 0.00013125 0.000130948 0.000131271 0.000131087 0.000131268 0.00013106 0.485101 0.000131201 0.000131289 0.000131102 0.000131023 0.00013122 0.000131276 0.000131257 0.000131262 0.000131282 0.000131117 
3.2606e-05 6.99788e-05 0.0140819 0.00638442 0.22728 0.0175843 0.000424068 1.05038e-06 0.0154518 5.02303e-07 0.0839759 2.77037e-05 0.541751 6.20876e-05 0.00901399 0.000342806 4.32525e-05 0.00537014 7.96286e-05 0.00258088 0.00117065 0.0742714 3.60865e-07 
1.54152e-05 0.00200869 0.00972874 0.00201211 8.30384e-06 0.00441899 0.000450042 0.000211078 0.000191684 0.000521273 0.165511 1.40137e-06 0.810497 0.000160577 0.0028048 8.03534e-07 9.87814e-07 0.00122003 3.68072e-07 2.20403e-06 9.35797e-06 0.000224788 6.53231e-07 
0.000650358 0.0027559 0.012831 0.00252535 0.0142967 0.0596982 0.00097411 2.19666e-06 0.0017538 6.95182e-06 0.0137236 0.000164477 0.618159 0.0013817 0.0265941 2.52457e-06 0.000112127 0.0137462 0.00858884 0.00757299 0.0104898 0.203863 0.000107279 
0.000292006 2.62275e-05 0.0666405 0.089196 0.00321486 0.0959507 0.0028961 4.07719e-06 0.00312545 4.03861e-05 0.0129132 0.000278911 0.247171 0.0869258 0.00865417 1.02137e-06 0.000412341 0.0484783 0.156844 0.0109562 0.117792 0.0481871 1.46684e-08 
0.000614534 6.08653e-06 0.0170481 0.0599718 0.0223825 0.0383963 0.0012407 7.09907e-09 0.108191 4.66918e-07 0.0125782 5.91738e-05 0.589946 0.000141102 0.0249111 1.2438e-08 5.60153e-09 0.0157245 0.000539288 0.00384068 0.0372748 0.0671209 1.28976e-05 
1.5685e-05 2.135e-05 0.127403 0.0221186 0.096848 0.015433 0.00347531 0.00308693 0.134121 1.90779e-05 0.0497322 0.00377728 0.3258 0.00179475 0.0925159 0.001337 4.97345e-07 0.00495076 4.98347e-05 0.00830321 0.00869293 0.100505 5.78475e-09 
8.83435e-07 2.6832e-07 9.97854e-06 0.00109178 2.47242e-07 0.0179491 0.0204815 2.10706e-06 1.81798e-07 0.000421978 6.09698e-05 1.4353e-06 0.959489 6.00393e-07 3.61736e-05 1.1896e-06 1.66258e-06 4.81711e-07 1.55783e-07 0.000100865 0.000348201 1.19359e-07 1.09945e-06 
0.000759717 0.0286197 0.182828 0.0357812 0.107606 0.112616 0.00811241 1.97281e-05 0.0916493 7.50176e-06 0.00103336 0.000780383 0.209951 0.00213777 0.0392281 3.68253e-05 2.21949e-05 0.0500695 0.000636999 0.0134708 0.0102559 0.104371 5.81153e-06 
0.000251841 1.69305e-06 0.00129471 0.000135048 0.00863224 0.00337244 0.00012403 5.45311e-07 0.0161044 9.43095e-06 0.011433 4.7105e-05 0.861451 8.55963e-06 0.00173917 4.25903e-07 4.30278e-07 0.000516884 1.10356e-05 0.000478622 0.000211955 0.0941752 2.84539e-07 
0.000650358 0.0027559 0.012831 0.00252535 0.0142967 0.0596982 0.00097411 2.19666e-06 0.0017538 6.95182e-06 0.0137236 0.000164477 0.618159 0.0013817 0.0265941 2.52457e-06 0.000112127 0.0137462 0.00858884 0.00757299 0.0104898 0.203863 0.000107279 
0.000711345 9.4049e-08 3.63966e-08 0.000408501 8.66608e-08 4.71946e-08 1.0807e-07 7.38548e-07 6.37222e-08 4.35802e-05 0.202621 5.03086e-07 0.794004 2.10444e-07 2.73334e-08 4.16966e-07 5.82753e-07 1.68845e-07 0.00016326 2.6622e-05 8.29524e-08 0.00201804 3.85368e-07 
0.000353035 0.00328394 0.00252321 0.00301314 0.0402786 0.014829 0.000325491 1.3019e-09 0.0013108 2.09202e-08 0.0250606 5.51926e-06 0.659224 0.000712213 0.00135306 0.00163132 5.53757e-05 0.00360329 0.000656318 0.000202117 0.000984108 0.240595 2.1949e-07 
0.0311552 1.3784e-06 0.0242644 0.188429 0.000220045 0.00315365 0.190494 0.00091914 0.0525461 0.000778076 0.00305927 0.0155572 0.471101 0.00067947 0.00172018 4.361e-06 6.61439e-05 0.000275443 0.00260816 0.00175264 0.00719933 0.00401666 3.61306e-10 
0.000544827 7.31434e-05 0.12556 0.0145725 0.00359607 0.0231649 0.0156984 3.05718e-05 0.145263 1.85303e-05 0.0246331 0.00544964 0.33593 0.000609868 0.0715447 1.79558e-05 2.81742e-06 0.00686456 0.00192421 0.157695 0.0285825 0.0382166 8.16496e-06 
0.000353035 0.00328394 0.00252321 0.00301314 0.0402786 0.014829 0.000325491 1.3019e-09 0.0013108 2.09202e-08 0.0250606 5.51926e-06 0.659224 0.000712213 0.00135306 0.00163132 5.53757e-05 0.00360329 0.000656318 0.000202117 0.000984108 0.240595 2.1949e-07 
0.0116718 9.43007e-08 0.0175475 0.0368727 0.0809746 0.22108 0.00758031 5.92389e-07 0.00176081 1.71261e-09 0.0642507 1.39121e-06 0.228595 8.04557e-10 0.113721 1.32918e-06 2.22794e-09 0.0027985 1.54454e-06 9.5618e-06 3.88615e-05 0.213091 3.67107e-06 
7.26448e-05 1.37847e-07 0.0230246 0.0667156 0.138913 0.0429463 0.00119301 3.86291e-08 0.00239611 4.74088e-07 0.00827306 5.46787e-06 0.679149 4.272e-07 0.00216534 4.12306e-08 3.04803e-08 0.0211292 7.6338e-05 0.000300842 0.00611384 0.0075238 2.01563e-08 
0.0180099 0.000369825 0.081744 0.0366432 0.0282434 0.0593 0.00908777 2.16904e-07 0.00817599 2.17135e-07 2.17435e-07 0.00102055 0.623 2.17325e-07 0.0380792 0.000217377 2.17029e-07 0.00823804 0.00113094 0.00674018 0.0329619 0.0470363 2.17186e-07 
0.000488462 1.96865e-06 0.0243503 0.0149691 0.0370902 0.0414863 0.00281744 1.46598e-06 0.0530181 6.957e-07 0.00337425 2.59957e-05 0.740137 0.000362265 0.00684957 3.16936e-06 3.77102e-06 0.00185115 0.000642024 0.000462497 0.00291766 0.0690072 0.000139186 
3.09077e-05 0.000522521 0.265223 0.0985311 0.0423202 0.0168095 0.00033811 8.94148e-06 0.00957341 2.28063e-05 0.0161807 0.0409792 0.382522 0.000294805 0.0206158 3.21691e-06 6.12863e-06 0.00057359 5.15051e-05 0.065592 0.00579724 0.0340022 1.42659e-06 
0.000849776 8.10131e-05 0.114853 0.0524496 0.00286874 0.0410533 0.0860249 3.64957e-05 0.0929132 0.00014338 0.01676 0.00276338 0.288507 0.000398437 0.0892125 8.50944e-06 9.04648e-06 0.00719928 0.00751308 0.128224 0.0338796 0.0342084 4.28161e-05 
0.000249763 3.21436e-05 0.24467 0.139242 0.0140366 0.0404745 0.0236976 0.000259421 0.00275511 5.37879e-07 0.0285243 0.00105848 0.27955 0.00233891 0.0438163 0.000136289 0.000147975 0.00292085 0.000721396 0.00531857 0.0288685 0.141181 5.03722e-11 
0.000258069 5.95721e-05 0.0827618 0.121762 0.00128023 0.00402809 0.00119176 0.000612616 0.0244678 3.30688e-06 0.0996516 0.000658639 0.316627 3.98689e-05 0.146587 0.000123961 0.000251728 0.000434441 0.00611729 0.000463962 0.186611 0.00306145 0.00294542 
0.000353035 0.00328394 0.00252321 0.00301314 0.0402786 0.014829 0.000325491 1.3019e-09 0.0013108 2.09202e-08 0.0250606 5.51926e-06 0.659224 0.000712213 0.00135306 0.00163132 5.53757e-05 0.00360329 0.000656318 0.000202117 0.000984108 0.240595 2.1949e-07 
0.000201344 1.15399e-05 0.147543 0.00804885 0.00392918 0.0826208 0.00111634 1.63294e-05 0.0718336 0.00027584 0.0173328 0.000658157 0.269224 0.0033698 0.256158 8.77026e-07 0.00357894 0.0695052 0.00035164 0.0173377 0.0139813 0.032905 4.10872e-08 
0.000286366 0.00197007 0.0189021 0.0188849 0.00494302 0.0128293 0.010472 0.000106947 0.0160582 0.00432366 0.00891414 0.0640341 0.411633 0.00318746 0.096898 2.06136e-05 8.80703e-06 0.00970094 0.0222874 0.0647583 0.0038239 0.225957 5.77206e-09 
0.000695236 4.95702e-05 0.145551 0.0106616 0.150827 0.0417531 0.00128038 0.000416151 0.0479887 0.00347823 0.0282116 0.000834114 0.337021 0.000340608 0.0247482 1.46184e-05 1.50907e-06 0.0143375 0.0209525 0.00980934 0.102194 0.0582228 0.000611982 
0.000111416 0.00489894 0.140961 0.0616994 0.0148781 0.0487527 0.00694794 0.000178505 0.0303346 0.00014995 0.0241362 0.00255772 0.318125 0.00356011 0.0971833 9.26704e-05 0.0214567 0.0610375 0.00615938 0.0229108 0.0316973 0.101318 0.000852473 
3.23106e-05 4.42494e-07 0.171801 0.0185913 0.0373032 0.250455 0.000575701 6.83968e-06 3.75458e-05 1.26876e-06 4.58399e-06 3.81686e-05 0.484222 4.25292e-05 0.000439429 5.45884e-07 7.87247e-07 0.000148791 2.6305e-05 0.0164951 0.000232723 0.0195438 2.5117e-08 
9.60492e-05 1.8983e-07 0.044954 0.0263444 0.00437569 0.0343156 0.0528023 3.35657e-09 0.000985526 1.68205e-07 0.00535712 5.25299e-06 0.49792 2.55483e-05 0.207579 1.26909e-08 2.64851e-09 0.00040246 0.000684532 0.000976254 0.00469704 0.118478 1.75143e-09 
0.000353035 0.00328394 0.00252321 0.00301314 0.0402786 0.014829 0.000325491 1.3019e-09 0.0013108 2.09202e-08 0.0250606 5.51926e-06 0.659224 0.000712213 0.00135306 0.00163132 5.53757e-05 0.00360329 0.000656318 0.000202117 0.000984108 0.240595 2.1949e-07 
0.00124607 4.16932e-08 0.0175167 6.3413e-05 4.68214e-05 0.0392238 4.61512e-05 2.67892e-05 4.93249e-06 6.92804e-08 5.05907e-06 5.6468e-07 0.939142 3.25468e-08 2.4916e-05 1.31773e-07 9.01273e-08 0.00123872 5.04288e-07 6.94533e-06 5.64842e-05 0.00134975 5.96002e-08 
0.00286975 6.66425e-05 0.0618159 0.0155148 0.036332 0.159244 0.000822463 7.93611e-05 0.186845 0.000835255 0.0323428 5.35973e-05 0.337127 0.000264111 0.0272643 1.06552e-06 0.000208497 0.00791404 0.0674796 0.00293721 0.0370959 0.0225193 0.000366845 
0.000353035 0.00328394 0.00252321 0.00301314 0.0402786 0.014829 0.000325491 1.3019e-09 0.0013108 2.09202e-08 0.0250606 5.51926e-06 0.659224 0.000712213 0.00135306 0.00163132 5.53757e-05 0.00360329 0.000656318 0.000202117 0.000984108 0.240595 2.1949e-07 
2.01342e-05 0.0100812 0.0183371 0.0452024 0.0442499 0.102955 1.006e-06 7.47729e-08 0.0180358 5.35546e-06 0.0569698 2.3576e-05 0.57556 0.00842984 0.0110084 2.28437e-06 0.000109293 0.0154357 7.47561e-06 4.31176e-05 0.000211546 0.0933098 1.68462e-06 
0.00041091 7.0751e-10 0.00549187 0.099728 0.0041435 0.0143449 0.197017 0.000171117 0.0516432 0.165961 0.139061 0.0027259 0.264773 4.415e-07 0.0367532 3.14434e-07 1.78412e-07 3.07705e-06 0.000245409 0.000911368 7.04332e-05 0.0165433 2.89904e-09 
3.13824e-05 1.08141e-06 1.54886e-05 0.00054294 0.000788018 0.000427617 6.03777e-06 7.10288e-06 3.26399e-06 4.30818e-06 6.82998e-07 7.45469e-06 0.997815 2.02392e-06 5.5587e-06 4.47148e-06 5.60454e-06 0.000297904 8.3932e-07 4.06271e-06 1.47127e-05 1.04154e-05 3.70622e-06 
0.000353035 0.00328394 0.00252321 0.00301314 0.0402786 0.014829 0.000325491 1.3019e-09 0.0013108 2.09202e-08 0.0250606 5.51926e-06 0.659224 0.000712213 0.00135306 0.00163132 5.53757e-05 0.00360329 0.000656318 0.000202117 0.000984108 0.240595 2.1949e-07 
0.000459016 1.04436e-06 0.00260659 0.0387664 0.0106157 0.198839 0.00212592 4.66731e-06 0.0229316 0.0119734 0.00634433 1.277e-05 0.66261 9.87119e-06 0.0143397 4.90063e-07 2.31522e-06 0.00146378 0.0118123 0.000464578 0.00426997 0.0102638 8.29424e-05 
4.28246e-05 3.26173e-08 0.0304377 0.209079 0.00521635 0.0107543 0.000531136 1.99814e-05 0.0023549 0.000123286 0.00166271 1.9167e-09 0.661921 3.09714e-05 0.0448507 2.72195e-06 2.22022e-09 0.000309708 0.0250029 1.80155e-05 0.00484109 0.00280054 1.46821e-09 
0.00037344 0.000258181 0.0125707 0.201915 0.241833 0.0142658 0.0029019 0.00114103 0.0124487 0.000357572 0.0397059 8.89275e-07 0.309725 0.00439714 0.0498093 5.49985e-07 2.72331e-08 0.0103096 0.00042325 0.0279541 0.0140625 0.0545801 0.000966505 
0.000144832 2.0915e-08 0.0158442 0.0568757 0.007587 0.010454 1.1778e-05 2.08216e-05 0.00502731 9.96188e-08 0.350431 1.11878e-07 0.39831 4.67994e-08 0.0355464 1.95304e-05 4.16299e-06 0.0399309 7.96994e-05 0.000234758 0.0504117 0.0286157 0.000449396 
0.000144822 9.3644e-08 0.0280207 0.346822 0.00516536 0.0191291 0.00734427 2.44346e-05 0.00149367 1.18829e-05 0.00577245 1.63298e-07 0.476636 0.000279527 0.0530718 5.59995e-08 7.7092e-08 0.0015936 0.0485408 2.75246e-05 0.00302597 0.00289543 5.96495e-10 
0.000119448 1.40277e-05 0.0381187 0.0207288 0.0332632 0.00358045 0.0011923 0.000199022 0.039592 6.12033e-05 0.106351 0.000776826 0.328262 0.000643954 0.169682 0.00038283 1.72588e-05 0.0085554 0.000202637 0.000285818 0.00539149 0.242576 4.98579e-06 
0.000204202 0.000360105 0.0374033 0.0376648 0.00785331 0.000984581 0.137989 8.58658e-05 0.00181989 0.000450732 0.105437 0.00283532 0.512728 0.00468404 0.0445519 2.0726e-07 0.000476885 2.28465e-05 0.00298682 0.0422698 0.00280055 0.056391 3.13871e-08 
0.00210908 0.00115587 0.136088 0.0765851 0.0270547 0.0083123 0.192618 0.00688499 0.00218454 0.00663039 0.0279426 0.00245034 0.21135 0.00547696 0.0831722 0.000333324 0.00658559 6.42433e-08 0.163474 0.0055541 0.0268627 0.00717438 1.46628e-07 
0.000650358 0.0027559 0.012831 0.00252535 0.0142967 0.0596982 0.00097411 2.19666e-06 0.0017538 6.95182e-06 0.0137236 0.000164477 0.618159 0.0013817 0.0265941 2.52457e-06 0.000112127 0.0137462 0.00858884 0.00757299 0.0104898 0.203863 0.000107279 
5.59776e-06 9.97524e-07 0.00814952 0.00198633 0.000824216 0.00197717 5.3679e-05 2.02334e-05 6.59005e-05 4.63311e-06 7.8778e-05 6.13915e-05 0.977668 0.00182525 0.00159668 1.60048e-06 0.000101069 0.000134677 4.76566e-05 0.000583826 0.000136069 0.0046763 3.72396e-07 
2.311e-05 6.52607e-07 0.0853188 0.116197 0.00358823 0.0202899 0.0166869 1.39481e-06 0.000987218 1.47912e-06 0.0282693 8.54607e-06 0.473318 0.000128787 0.0134122 9.97502e-08 1.27818e-07 0.00022293 0.000510109 5.40327e-05 0.227902 0.0130793 9.82394e-10 
3.78165e-05 5.05093e-07 4.80006e-05 0.00147679 0.0820436 2.1156e-05 2.2133e-05 3.36087e-06 0.004994 2.0385e-06 0.00218588 3.42974e-06 0.907416 9.57655e-07 9.99233e-06 2.09856e-06 2.6519e-06 0.00168306 8.90224e-07 5.37938e-06 2.36546e-05 1.47643e-05 1.75367e-06 
0.000910544 5.09798e-05 0.19423 0.00612268 0.00184154 0.00953411 0.23352 0.000671937 0.00105685 7.25162e-07 0.0375727 0.000328598 0.404421 4.50148e-05 0.00963411 1.57014e-07 5.92151e-06 2.09417e-06 0.00156205 0.0818489 0.00923966 0.00740064 1.95173e-08 
0.0394565 0.13919 0.0799134 0.194965 0.072565 0.00280012 0.00652318 2.14009e-07 0.0272461 5.68751e-07 9.1108e-05 1.92087e-08 0.210218 0.00127049 0.00265905 2.63847e-08 4.03762e-05 0.0563779 0.0182628 0.0288875 0.0803711 0.0391609 5.79261e-10 
0.00111912 0.000134026 0.133363 0.0634537 0.00208895 0.038193 0.116247 4.55643e-05 0.0715267 0.000200074 0.0222206 0.000326914 0.199137 0.000347736 0.103553 6.16714e-06 2.0135e-05 0.00591136 0.0123099 0.182857 0.0285012 0.0183943 4.41678e-05 
0.000650358 0.0027559 0.012831 0.00252535 0.0142967 0.0596982 0.00097411 2.19666e-06 0.0017538 6.95182e-06 0.0137236 0.000164477 0.618159 0.0013817 0.0265941 2.52457e-06 0.000112127 0.0137462 0.00858884 0.00757299 0.0104898 0.203863 0.000107279 
6.34188e-05 1.92618e-05 7.45423e-06 6.51191e-06 1.77486e-05 9.66573e-06 2.21333e-05 0.000151259 1.30507e-05 9.17446e-05 1.45448e-05 0.000103035 0.999058 4.31002e-05 5.59804e-06 8.5397e-05 0.000119351 3.45804e-05 1.11831e-05 1.89454e-05 1.69891e-05 8.56838e-06 7.89257e-05 
1.36373e-05 4.52622e-07 0.0772471 0.0122703 0.14337 0.0343617 2.61366e-06 2.9478e-06 1.41183e-06 0.00122972 0.00215935 0.121071 0.583386 8.39956e-07 2.42126e-06 1.86569e-06 2.32597e-06 0.00726926 3.55113e-07 1.75458e-06 0.00763715 0.00814114 0.00182616 
0.000988426 0.000232552 0.0372369 0.017877 0.0249618 0.204309 3.00076e-05 0.000414007 0.12312 9.3081e-06 0.00101947 0.000365209 0.434386 0.000107849 0.0214681 4.34766e-07 4.29223e-07 0.00110196 5.06296e-06 0.00113743 0.00318754 0.127835 0.000206191 
0.000544827 7.31434e-05 0.12556 0.0145725 0.00359607 0.0231649 0.0156984 3.05718e-05 0.145263 1.85303e-05 0.0246331 0.00544964 0.33593 0.000609868 0.0715447 1.79558e-05 2.81742e-06 0.00686456 0.00192421 0.157695 0.0285825 0.0382166 8.16496e-06 
0.000255033 7.7106e-07 0.0729142 0.0145939 0.0947643 0.010789 0.00225299 0.000182505 0.00694768 0.000748727 0.000441106 0.00431941 0.645329 0.000748068 0.00585022 9.00119e-08 7.92457e-08 0.00173276 0.000376074 0.00316917 0.00193669 0.132649 4.30234e-11 
0.000204202 0.000360105 0.0374033 0.0376648 0.00785331 0.000984581 0.137989 8.58658e-05 0.00181989 0.000450732 0.105437 0.00283532 0.512728 0.00468404 0.0445519 2.0726e-07 0.000476885 2.28465e-05 0.00298682 0.0422698 0.00280055 0.056391 3.13871e-08 
5.28432e-07 1.60497e-07 0.000410598 5.426e-08 7.61751e-05 8.05389e-08 1.84424e-07 1.26035e-06 0.00098241 0.00864662 0.00288387 0.31652 0.33288 0.000204131 0.0136065 7.11564e-07 9.94484e-07 2.88139e-07 9.31824e-08 1.57861e-07 1.41561e-07 0.323785 6.57642e-07 
4.64466e-05 0.000445124 0.0102596 0.0327923 0.0025249 0.0316036 0.000851516 1.65189e-05 0.000710994 6.73868e-06 0.00104819 0.000713997 0.861573 0.00345525 0.00339359 2.10832e-06 4.24903e-06 0.000245745 0.00205905 0.00453507 0.0280604 0.015651 3.16318e-07 
0.000318685 0.183986 0.0371358 0.00364131 0.0106796 0.0194939 0.000355908 0.000101372 0.0139256 1.12694e-06 0.000893088 4.85858e-05 0.690534 3.71495e-07 0.00766393 0.000275646 4.75014e-09 0.0207041 7.82901e-06 0.000887981 0.00284468 0.00650046 7.70743e-07 
7.84753e-06 7.11027e-06 0.0127542 0.237792 0.0865394 0.114082 0.00333935 6.0393e-06 0.00810032 3.27941e-06 0.0470591 0.00218169 0.382531 3.55135e-06 0.00574504 5.73451e-05 5.53814e-06 0.0664068 0.0152216 0.00185794 0.00746574 0.0088336 8.79489e-09 
0.000353035 0.00328394 0.00252321 0.00301314 0.0402786 0.014829 0.000325491 1.3019e-09 0.0013108 2.09202e-08 0.0250606 5.51926e-06 0.659224 0.000712213 0.00135306 0.00163132 5.53757e-05 0.00360329 0.000656318 0.000202117 0.000984108 0.240595 2.1949e-07 
0.00019207 1.35617e-06 0.025559 0.009907 0.012116 0.00738452 0.00482421 4.34636e-06 0.00382896 2.00302e-05 0.0123553 0.00013164 0.793396 0.00013638 0.00381427 3.21869e-07 4.81372e-07 0.0018845 0.000347754 0.00188818 0.000329391 0.121878 1.43536e-09 
0.000353035 0.00328394 0.00252321 0.00301314 0.0402786 0.014829 0.000325491 1.3019e-09 0.0013108 2.09202e-08 0.0250606 5.51926e-06 0.659224 0.000712213 0.00135306 0.00163132 5.53757e-05 0.00360329 0.000656318 0.000202117 0.000984108 0.240595 2.1949e-07 
0.00322495 1.28924e-05 0.0145818 0.00800032 0.0216727 0.0442491 0.00250831 1.57568e-07 0.00638855 3.04921e-05 0.016998 0.000463196 0.764943 0.000197291 0.0095244 6.44394e-09 2.49281e-07 0.00110478 0.000227765 0.0127277 0.000886236 0.0922582 1.84214e-09 
0.0001565 9.24671e-06 0.285222 0.0159314 0.00612221 0.0107972 0.0010305 2.00574e-05 0.138438 3.32407e-07 0.0538571 3.73784e-05 0.331161 0.000234914 0.062943 1.57259e-05 0.000675355 0.046792 0.00047445 0.0109857 0.0197342 0.015311 5.00675e-05 
4.61434e-05 7.05184e-08 0.0100805 0.0385392 0.00198745 2.88606e-05 0.0103285 4.0888e-08 6.4261e-06 2.48002e-08 0.00158742 9.93742e-07 0.885917 1.16507e-08 1.38214e-05 1.93413e-07 0.00019611 0.013928 0.000194261 5.82734e-06 0.0125526 1.98948e-05 0.0245672 
0.00517571 0.033826 0.0249597 0.0220463 0.0177419 0.2449 0.00062097 1.09938e-05 0.00224859 0.0047345 0.00558582 0.000166611 0.520181 0.00228146 0.0191753 7.87034e-07 6.81009e-05 0.00379386 0.000895345 0.00674474 0.000576329 0.0842656 2.50228e-08 
0.0394565 0.13919 0.0799134 0.194965 0.072565 0.00280012 0.00652318 2.14009e-07 0.0272461 5.68751e-07 9.1108e-05 1.92087e-08 0.210218 0.00127049 0.00265905 2.63847e-08 4.03762e-05 0.0563779 0.0182628 0.0288875 0.0803711 0.0391609 5.79261e-10 
0.000650358 0.0027559 0.012831 0.00252535 0.0142967 0.0596982 0.00097411 2.19666e-06 0.0017538 6.95182e-06 0.0137236 0.000164477 0.618159 0.0013817 0.0265941 2.52457e-06 0.000112127 0.0137462 0.00858884 0.00757299 0.0104898 0.203863 0.000107279 
0.000650358 0.0027559 0.012831 0.00252535 0.0142967 0.0596982 0.00097411 2.19666e-06 0.0017538 6.95182e-06 0.0137236 0.000164477 0.618159 0.0013817 0.0265941 2.52457e-06 0.000112127 0.0137462 0.00858884 0.00757299 0.0104898 0.203863 0.000107279 
9.20368e-08 3.33254e-08 0.019683 0.375639 0.00363672 0.0234928 0.0200471 4.25261e-06 0.000232709 6.09125e-10 0.0105861 2.91378e-07 0.454137 0.000613627 0.0246673 5.66981e-10 2.10927e-07 0.00176009 0.0624095 3.05197e-05 0.000403667 0.00265681 5.24016e-10 
0.000650358 0.0027559 0.012831 0.00252535 0.0142967 0.0596982 0.00097411 2.19666e-06 0.0017538 6.95182e-06 0.0137236 0.000164477 0.618159 0.0013817 0.0265941 2.52457e-06 0.000112127 0.0137462 0.00858884 0.00757299 0.0104898 0.203863 0.000107279 
