0.00249057 0.000697712 0.0198345 0.119767 0.0158128 0.0200234 0.0492274 0.000853436 0.0214089 0.000110103 0.292021 0.000296109 1.96455e-05 0.000802796 0.149395 0.0569238 0.0505134 0.00164071 0.0981209 0.00388361 0.0139233 0.0811554 0.00107907 
5.0403e-06 0.000184329 0.00904089 0.000891163 0.0229115 0.00350297 0.000382781 0.000321168 0.0681932 0.047847 0.65435 0.000258464 3.11239e-06 0.00203113 0.126963 0.0176723 0.000152489 0.000400236 4.55378e-05 0.00556875 0.00920757 0.0300271 3.96312e-05 
0.0221772 9.83359e-06 0.0453869 0.0900775 0.0259947 0.0162636 0.00797044 0.00021369 0.0889179 0.00400799 0.380426 0.0172424 3.29151e-06 0.0088057 0.187057 7.36516e-05 0.000783687 0.00212396 0.0133478 0.00649086 0.03966 0.0428727 9.2835e-05 
0.875415 2.78422e-05 0.00966105 0.00773787 0.00832855 0.0215191 0.0013895 3.49384e-06 0.00837784 0.000128889 0.012682 8.08076e-05 1.29863e-08 1.35951e-05 0.0153315 3.84394e-08 1.64383e-05 0.00207654 0.000285531 0.0116056 0.00877803 0.0162653 0.000275744 
0.892111 0.000473265 0.00264029 0.00721005 0.00043338 0.000524255 0.000579109 1.34835e-09 0.000766146 5.4224e-05 0.00260372 3.35582e-06 7.30869e-13 0.00615129 0.0203283 1.38513e-07 4.8629e-06 7.45379e-05 0.0262483 0.0144108 0.00205471 0.0233283 6.91637e-09 
1.81033e-05 0.000892272 0.00724062 0.0509265 0.00498788 0.00288908 0.178975 3.24201e-06 0.0106345 0.00479429 0.0880839 1.19675e-06 1.15202e-09 0.0386764 0.00360987 1.52882e-05 0.29715 0.00135251 0.00845938 0.00382617 0.18029 0.117101 7.35998e-05 
0.316716 0.100142 0.0304812 0.0534044 0.00800209 0.0365017 0.00218811 0.000416578 0.0278354 0.0184703 0.0881302 0.000253091 2.09245e-06 0.000444627 0.0980374 4.36844e-05 0.000321358 0.00631225 0.00885321 0.0365498 0.0250997 0.141168 0.00062751 
0.000815837 0.00126755 0.61751 0.05113 0.0702297 0.0607005 0.00272719 1.46232e-05 0.0146295 0.00161576 0.0133612 0.000620268 1.43332e-06 0.000555143 0.0806232 3.66202e-06 1.53485e-05 0.00422707 0.00539741 0.0391974 0.012048 0.0169588 0.00635029 
0.00159433 9.11043e-05 0.0840754 0.00741502 0.00328481 0.015194 0.00138833 0.334563 0.0189613 0.00257104 0.0136502 0.00304958 2.37288e-05 0.000756761 0.267632 0.000119702 9.91658e-05 0.0114762 0.0136804 0.19238 0.0086696 0.0192665 5.83461e-05 
3.56191e-05 0.000857821 0.221216 0.0477878 0.00522298 0.0518472 0.0170622 6.46641e-06 0.00306624 0.000156081 0.128381 2.25955e-06 5.00245e-07 0.411911 0.0603519 0.000559601 4.91518e-06 0.000245966 0.00817794 0.0158337 0.00690381 0.0196294 0.00073903 
0.000641709 4.90511e-05 0.0163891 0.0266952 0.0275183 0.013461 0.000664378 5.29334e-05 0.0174883 0.0596699 0.724566 0.000862187 7.79173e-07 0.000222017 0.0760961 6.16444e-06 1.17085e-05 0.00389497 0.00978202 5.70716e-05 0.011585 0.0102553 3.09331e-05 
0.00518267 0.000803606 0.0225048 0.029821 0.000346657 0.00394558 0.0113711 0.000330984 0.000279473 0.000156271 0.709659 2.36869e-05 8.96073e-06 0.00679042 0.0268028 4.66226e-05 0.00944541 0.000142342 0.0061816 0.140106 0.000933919 0.025066 5.14146e-05 
0.00010142 0.000134015 0.0260546 0.891914 0.00135683 0.00231699 0.0514367 0.000111579 0.000753714 2.32094e-05 0.00613251 7.25301e-09 3.41052e-10 5.25571e-05 0.00820474 2.35725e-07 4.08614e-09 0.000823497 0.00220832 0.000703546 0.00329068 0.00437913 1.39827e-06 
0.00554235 0.0148023 0.00102076 0.00249426 0.00321715 0.000934309 0.000163379 2.70932e-10 4.58088e-05 0.000372609 0.00370012 5.30879e-10 3.51903e-12 0.936511 0.0153396 1.2601e-07 4.24864e-05 3.9749e-05 0.00245705 0.00324994 0.000839815 0.0060481 0.00317932 
0.00394692 0.00162241 8.83266e-05 0.0344658 0.000191972 0.000355324 0.0014764 3.90559e-06 0.00010475 0.872682 0.0478784 9.08623e-08 4.18084e-09 0.010542 0.000745457 9.29433e-06 0.00158077 0.000652535 0.0154412 0.00359402 0.00280081 0.00181734 7.005e-07 
0.0036658 9.72619e-05 0.0494049 0.0319076 0.054548 0.035822 0.00185773 3.89151e-05 0.155745 0.00291548 0.366574 0.00015624 3.61825e-05 0.000247165 0.18306 0.000102333 0.00592774 0.0113412 0.0132407 0.0213751 0.0131467 0.0485119 0.000278526 
1.492e-05 7.70681e-05 0.0470576 0.187274 0.0517376 0.0407467 0.00795119 0.000300278 0.00346699 3.36918e-05 0.313486 0.000317916 9.04714e-07 0.0534589 0.0418062 0.00039335 6.53491e-05 0.00210312 0.15297 0.0256414 0.0532125 0.0176563 0.000228017 
4.24091e-08 0.00102488 5.82418e-07 0.000166899 9.0761e-05 9.53332e-08 2.05685e-05 2.13448e-05 0.000980528 0.00664914 0.221782 1.40423e-07 2.3232e-08 0.00270422 0.00340298 0.760459 0.000763407 1.08698e-05 4.71163e-06 9.31104e-05 0.000517441 0.00130357 4.10971e-06 
0.002995 2.82749e-05 0.226681 0.0962233 0.0109714 0.0256662 0.133788 0.00596246 0.113582 0.00855948 0.0672056 8.16915e-05 2.0144e-06 0.0357389 0.0680714 8.29712e-05 0.000139586 0.00788316 0.0462227 0.0481333 0.00515122 0.0968013 2.82556e-05 
0.98433 0.000347449 0.000259228 0.000150544 0.000164447 0.00124246 1.40111e-06 2.28607e-07 0.00045168 1.22706e-05 0.00114977 2.15492e-05 3.24823e-09 9.62143e-05 0.000819689 3.04847e-06 4.7229e-06 8.27611e-05 0.0033972 0.00390121 0.000247285 0.00331663 7.32468e-09 
2.79751e-05 3.43152e-05 0.0545265 0.166332 0.00266107 0.00544074 9.9642e-05 7.57143e-07 0.0387372 2.82526e-05 0.549939 0.000597613 4.14779e-07 2.39794e-06 0.151091 0.000234381 3.04086e-06 4.22127e-06 0.00056748 0.00332079 0.00432767 0.0220202 2.56484e-06 
0.000515181 1.30088e-05 0.270112 0.491394 0.00305747 0.026944 0.00394978 1.1525e-05 0.00382519 0.000168668 0.0137763 4.30356e-08 4.45556e-11 0.000708761 0.0701469 2.62203e-06 3.26786e-05 0.0038306 0.000105709 0.0994599 0.00728164 0.00465177 1.14856e-05 
4.46809e-05 1.48857e-05 0.381179 0.0455827 0.0191606 0.116725 0.0071263 0.0013301 0.0152966 0.00248488 0.0122596 2.55479e-05 2.65627e-06 0.00084315 0.27844 4.11637e-06 0.000146885 0.00106936 0.0293055 0.023371 0.0139172 0.0513593 0.000310981 
9.0479e-05 4.21561e-08 0.00528446 0.00389754 0.00923554 0.0684548 0.000855593 7.89394e-08 0.0385621 0.0905249 0.0483661 0.00194184 1.30608e-10 1.886e-07 0.237647 5.81815e-07 1.19497e-07 0.00777307 0.000137119 0.000459663 0.418141 0.0686268 8.36955e-07 
0.000793334 2.08235e-05 0.480562 0.0340772 0.0348971 0.089775 0.00392134 8.82697e-05 0.0213751 1.37515e-05 0.0234948 0.000308793 3.29873e-06 5.63103e-05 0.234848 4.40663e-06 2.31133e-05 0.0375928 0.000299757 0.00572223 0.00258565 0.0294337 0.000102703 
1.95143e-05 4.48734e-05 0.0344734 0.156875 8.87556e-05 0.298289 0.142254 3.65819e-06 0.0107392 0.00209245 0.0683236 1.85653e-06 1.12684e-08 0.00334759 0.00567259 1.35543e-06 6.57533e-05 0.00254413 4.06727e-06 0.011517 0.253368 0.00185163 0.00842244 
0.021192 6.79866e-06 0.0639272 0.103278 0.17096 0.133132 0.00129967 7.91476e-05 0.0106838 7.45335e-05 0.312779 0.00802583 4.39611e-08 0.00407482 0.0159636 0.000710746 0.000242659 0.00311596 9.98239e-05 0.00417571 0.0987636 0.0400573 0.00735723 
0.00045581 1.75993e-05 0.318524 0.0143497 0.0178812 0.0183918 0.00390743 0.0029479 0.313094 0.000407554 0.00666426 5.71471e-06 1.37387e-06 0.000592043 0.169783 1.99301e-05 5.16712e-05 0.00606387 0.00913244 0.00475707 0.0757406 0.0368516 0.000359629 
0.0283675 0.00026827 0.0116077 0.179239 0.0834149 0.0628563 0.0218014 0.000267983 0.0229871 0.0546779 0.113417 0.0016268 6.83491e-06 0.00153353 0.159931 9.82795e-06 0.00681915 0.0693662 0.0602436 0.00327956 0.0484911 0.0692447 0.00054321 
5.12077e-05 1.14192e-06 0.102954 0.691185 0.00202613 0.0117226 0.120077 0.000169052 0.00130765 9.61452e-06 0.00321071 8.73927e-07 7.21488e-08 4.85821e-06 0.0491345 3.00813e-07 5.622e-06 0.000714121 0.0134149 0.00025834 0.00164548 0.00203604 7.12824e-05 
0.00010142 0.000134015 0.0260546 0.891914 0.00135683 0.00231699 0.0514367 0.000111579 0.000753714 2.32094e-05 0.00613251 7.25301e-09 3.41052e-10 5.25571e-05 0.00820474 2.35725e-07 4.08614e-09 0.000823497 0.00220832 0.000703546 0.00329068 0.00437913 1.39827e-06 
0.000359468 4.31523e-05 0.056706 0.0899686 0.019016 0.0360008 0.061707 0.00813821 0.00047936 0.00401676 0.454916 0.000417873 3.62276e-06 0.00624619 0.0310729 3.21027e-05 3.78623e-06 0.0203811 0.0318389 0.00575914 0.166163 0.00631158 0.000417953 
0.00010142 0.000134015 0.0260546 0.891914 0.00135683 0.00231699 0.0514367 0.000111579 0.000753714 2.32094e-05 0.00613251 7.25301e-09 3.41052e-10 5.25571e-05 0.00820474 2.35725e-07 4.08614e-09 0.000823497 0.00220832 0.000703546 0.00329068 0.00437913 1.39827e-06 
0.00833165 0.00031737 0.0343588 0.098031 0.0113641 0.0936749 0.00414341 9.43583e-05 0.0090461 0.00188507 0.302797 1.22099e-05 9.40638e-06 0.0706097 0.222641 0.000789618 0.0128516 0.0109605 0.00332756 0.00251745 0.0536521 0.0585731 1.24943e-05 
0.00195721 1.00939e-05 0.0873256 0.0189324 0.00129513 0.036068 0.00435081 5.24665e-05 0.006676 0.0224128 0.0477914 0.00100012 2.56439e-06 0.000628753 0.710961 3.10496e-05 0.000434345 0.00172704 0.00654731 0.00122247 0.00379541 0.0467255 5.20545e-05 
0.000891229 0.00020148 0.267522 0.0278882 0.0210716 0.0368376 0.0555003 0.00012125 0.188321 7.55719e-05 0.0218067 0.000789297 7.66031e-06 0.00288527 0.25591 4.40414e-05 0.00620114 0.0133334 0.0370206 0.0203329 0.0270541 0.0160609 0.000123187 
2.74126e-05 0.000609682 0.0099154 0.0601774 0.0304839 0.0025975 0.00142919 2.76549e-05 0.0317617 7.35907e-05 0.0857064 8.60816e-07 2.66559e-08 0.528443 0.0271889 0.142515 2.91574e-07 0.0147606 0.000923719 0.00859007 0.0106017 0.00749144 0.0366752 
0.000149243 2.58453e-05 0.0605745 0.00197776 0.0183281 0.0358915 0.000290269 2.87019e-05 0.201316 0.00398287 0.0120496 0.000208329 6.55692e-06 1.0818e-05 0.0717574 4.1266e-05 0.000326111 0.00784654 0.00263741 0.0100208 0.00211017 0.570401 1.95896e-05 
0.000398265 3.91903e-06 0.00363881 0.773808 0.000469219 0.000644062 0.105064 0.00089418 0.000300593 0.000304792 0.098355 4.12955e-08 3.53389e-08 0.00037697 0.00133906 1.11764e-07 1.09834e-07 1.97137e-05 0.0112021 9.20334e-08 0.00235049 0.000828486 1.5311e-06 
3.24015e-09 9.26661e-05 0.468143 0.0680263 0.00042898 0.020778 0.00985252 2.70198e-08 0.000542087 4.06596e-08 0.0246287 3.97777e-09 1.9204e-12 0.000223146 0.346188 1.06294e-06 9.0485e-09 0.000180609 0.000593952 0.0147525 0.00389563 0.0416679 5.30692e-06 
0.00010142 0.000134015 0.0260546 0.891914 0.00135683 0.00231699 0.0514367 0.000111579 0.000753714 2.32094e-05 0.00613251 7.25301e-09 3.41052e-10 5.25571e-05 0.00820474 2.35725e-07 4.08614e-09 0.000823497 0.00220832 0.000703546 0.00329068 0.00437913 1.39827e-06 
0.992975 3.08243e-05 0.000173783 0.000341969 1.33939e-05 0.000216584 6.44328e-06 2.31616e-06 3.05733e-05 1.60386e-05 0.00235407 1.09252e-05 2.63386e-12 4.25299e-05 0.000371055 3.79901e-07 7.84167e-06 3.82936e-06 0.000154199 0.00283329 2.75271e-05 0.000386934 2.1189e-08 
2.21652e-05 0.0117422 0.0334519 0.00557443 0.00340328 0.00112397 0.00485558 0.000132422 0.0249424 8.99076e-07 0.0437666 1.2935e-06 8.59623e-10 0.0954939 0.0125394 1.18158e-05 0.703761 0.000479668 0.000122734 0.00104389 0.0102223 0.0470604 0.000248117 
0.000162378 5.44118e-05 0.00612578 0.0187525 0.207172 0.500197 0.00130508 5.53933e-06 0.0247387 0.00337288 0.0422466 0.0103396 2.9355e-06 0.00158772 0.118665 7.10069e-05 0.000206166 0.00729329 0.00203214 0.000682091 0.0153272 0.0379813 0.0016788 
0.00554235 0.0148023 0.00102076 0.00249426 0.00321715 0.000934309 0.000163379 2.70932e-10 4.58088e-05 0.000372609 0.00370012 5.30879e-10 3.51903e-12 0.936511 0.0153396 1.2601e-07 4.24864e-05 3.9749e-05 0.00245705 0.00324994 0.000839815 0.0060481 0.00317932 
0.977762 4.29717e-05 0.00296904 0.00120108 7.93098e-05 0.000477944 0.000112198 2.89934e-06 2.59958e-05 5.77574e-06 0.00498961 2.31113e-05 9.7894e-12 1.89246e-05 0.000612165 1.94427e-07 1.2585e-05 3.76786e-05 0.000226847 0.00522531 0.00596111 0.000212986 2.97432e-08 
0.000574836 7.92725e-05 0.111936 0.0144316 0.000184819 0.0151979 0.0041855 0.000171072 0.126635 9.99423e-05 0.306507 0.0258414 2.00924e-10 0.00112685 0.236858 7.16789e-06 2.64656e-05 0.00764941 0.00892356 0.114853 0.0119313 0.0127291 5.05494e-05 
0.00252555 0.000281147 0.0506016 0.0458125 0.00136612 0.0111855 0.00238682 9.72171e-05 0.302692 1.81058e-08 0.0183506 3.79461e-05 3.01349e-09 0.0226065 0.450351 1.73007e-05 3.90099e-06 0.00366332 0.00927552 0.0363909 0.00364139 0.0387128 1.78262e-08 
0.98433 0.000347449 0.000259228 0.000150544 0.000164447 0.00124246 1.40111e-06 2.28607e-07 0.00045168 1.22706e-05 0.00114977 2.15492e-05 3.24823e-09 9.62143e-05 0.000819689 3.04847e-06 4.7229e-06 8.27611e-05 0.0033972 0.00390121 0.000247285 0.00331663 7.32468e-09 
0.000506151 5.40268e-05 0.0378296 0.0716903 0.0134642 0.307526 0.0111848 6.8137e-05 0.0125515 7.5786e-05 0.0291209 0.000119 4.03843e-07 0.00115868 0.24952 4.35846e-06 0.000926386 0.00453286 0.00197985 0.0061818 0.00909799 0.24237 3.77645e-05 
0.078493 0.000129397 0.0155282 0.047521 1.9204e-05 0.0487482 0.00138879 0.00303822 0.0733376 6.20426e-05 0.608441 0.000289075 2.76989e-06 0.0134557 0.0926587 2.89626e-05 0.00256088 8.03818e-05 0.000169764 0.00060839 0.00183637 0.0115862 1.59897e-05 
3.251e-06 3.51847e-06 0.0436151 0.0181782 0.0476467 0.0793264 0.00127625 0.000350045 0.000575013 1.49241e-05 0.747652 1.11684e-05 1.24365e-06 0.00508534 0.00583104 2.86639e-05 3.90213e-06 0.0043915 0.000110674 0.000131549 0.0378077 0.00793499 2.09553e-05 
0.992975 3.08243e-05 0.000173783 0.000341969 1.33939e-05 0.000216584 6.44328e-06 2.31616e-06 3.05733e-05 1.60386e-05 0.00235407 1.09252e-05 2.63386e-12 4.25299e-05 0.000371055 3.79901e-07 7.84167e-06 3.82936e-06 0.000154199 0.00283329 2.75271e-05 0.000386934 2.1189e-08 
0.00775783 0.00697129 0.129907 0.33314 0.00194954 0.0499834 0.0277589 0.000570667 0.00787542 1.14569e-06 0.252413 0.000439573 6.78197e-09 0.0097495 0.0950542 5.10023e-05 0.0248252 0.000352299 0.00456417 0.00553303 0.0357233 0.00424484 0.00113496 
0.0234919 0.000549226 0.0850729 0.0263344 0.0324109 0.0240414 0.00332465 7.4087e-05 0.0572177 0.00324385 0.0526314 0.00766216 7.80726e-06 0.0524108 0.176178 2.38326e-05 0.000407795 0.0043259 0.0412876 0.354188 0.0157061 0.0393938 1.54669e-05 
0.000243591 7.6333e-05 0.0241104 0.14871 0.0038197 0.0842426 0.0226533 2.43705e-07 0.0109712 0.147355 0.392998 2.77498e-07 1.74742e-07 0.000531049 0.0906774 0.000150193 0.000912709 0.0112337 0.00495054 0.000396076 0.00332751 0.0518803 0.000760532 
0.00554235 0.0148023 0.00102076 0.00249426 0.00321715 0.000934309 0.000163379 2.70932e-10 4.58088e-05 0.000372609 0.00370012 5.30879e-10 3.51903e-12 0.936511 0.0153396 1.2601e-07 4.24864e-05 3.9749e-05 0.00245705 0.00324994 0.000839815 0.0060481 0.00317932 
0.00554235 0.0148023 0.00102076 0.00249426 0.00321715 0.000934309 0.000163379 2.70932e-10 4.58088e-05 0.000372609 0.00370012 5.30879e-10 3.51903e-12 0.936511 0.0153396 1.2601e-07 4.24864e-05 3.9749e-05 0.00245705 0.00324994 0.000839815 0.0060481 0.00317932 
0.0003371 1.98597e-05 0.112583 0.604981 0.00868818 0.0441376 0.0258849 1.14306e-05 0.0176872 1.50144e-05 0.0447726 7.42019e-06 1.20247e-06 0.000986391 0.058459 1.50817e-06 6.40255e-05 0.000607428 0.0496668 0.00754627 0.0204029 0.00313761 1.20769e-06 
0.98433 0.000347449 0.000259228 0.000150544 0.000164447 0.00124246 1.40111e-06 2.28607e-07 0.00045168 1.22706e-05 0.00114977 2.15492e-05 3.24823e-09 9.62143e-05 0.000819689 3.04847e-06 4.7229e-06 8.27611e-05 0.0033972 0.00390121 0.000247285 0.00331663 7.32468e-09 
0.00151135 1.32265e-05 0.0187168 0.0467795 0.00859219 0.174325 0.0075554 1.26902e-07 0.202004 4.36828e-07 0.0326977 0.000194358 1.85512e-08 0.000144083 0.227323 1.79753e-06 1.03937e-07 0.00511458 0.0105567 0.218334 0.0125298 0.0329622 0.000643403 
2.15914e-05 0.000375813 0.0393766 0.0981185 0.00329489 0.00882703 0.0196023 0.000865333 0.0142278 0.00016089 0.624919 0.0268867 6.92049e-06 0.0154954 0.076869 0.00109951 0.000524306 0.00391284 0.0106404 0.0177795 0.00910522 0.0266348 0.00125525 
0.000553757 0.00323569 0.158821 0.0555244 0.0127824 0.110966 0.0102243 0.00129081 0.0682614 0.00105945 0.0351406 0.00196962 0.000112436 0.00389961 0.301686 0.000125444 0.000499238 0.00483453 0.0137007 0.0677984 0.10512 0.0422742 0.0001199 
0.893901 9.63496e-05 0.010578 0.00214649 0.000121285 0.000182815 0.000143798 1.21767e-07 0.00081558 7.29906e-06 0.0236219 2.45395e-07 2.99365e-09 0.000626811 0.0181544 4.45778e-07 1.7374e-07 0.00589011 9.78075e-07 0.00980305 0.0104233 0.0230266 0.000458971 
0.00010142 0.000134015 0.0260546 0.891914 0.00135683 0.00231699 0.0514367 0.000111579 0.000753714 2.32094e-05 0.00613251 7.25301e-09 3.41052e-10 5.25571e-05 0.00820474 2.35725e-07 4.08614e-09 0.000823497 0.00220832 0.000703546 0.00329068 0.00437913 1.39827e-06 
9.30511e-07 0.00191717 0.0882866 0.00294182 0.0526519 0.238865 0.000514257 0.00035333 0.0874547 1.61855e-05 0.0197037 2.05409e-06 1.57282e-09 0.00498183 0.457251 0.00734229 6.68762e-07 0.00807227 0.0134646 0.00298205 0.00500055 0.00819409 2.79093e-06 
0.98433 0.000347449 0.000259228 0.000150544 0.000164447 0.00124246 1.40111e-06 2.28607e-07 0.00045168 1.22706e-05 0.00114977 2.15492e-05 3.24823e-09 9.62143e-05 0.000819689 3.04847e-06 4.7229e-06 8.27611e-05 0.0033972 0.00390121 0.000247285 0.00331663 7.32468e-09 
0.00010142 0.000134015 0.0260546 0.891914 0.00135683 0.00231699 0.0514367 0.000111579 0.000753714 2.32094e-05 0.00613251 7.25301e-09 3.41052e-10 5.25571e-05 0.00820474 2.35725e-07 4.08614e-09 0.000823497 0.00220832 0.000703546 0.00329068 0.00437913 1.39827e-06 
0.00738065 0.0005073 0.0710911 0.18676 0.0271184 0.0502617 0.133937 5.80026e-05 0.0177921 1.67199e-05 0.0073273 6.00702e-06 5.41247e-08 0.000414366 0.111522 8.8383e-05 0.13587 0.00147554 0.121648 0.00124395 0.0545737 0.0707997 0.000107644 
0.000269015 3.42381e-05 0.0520224 0.191081 0.005712 0.0167265 0.168518 0.00102402 0.00239473 0.000451277 0.213738 0.00204904 5.97267e-09 0.0027094 0.0874936 2.72846e-06 0.00332227 6.99667e-07 0.0046555 0.000557331 0.220857 0.00708195 0.0192998 
0.00010142 0.000134015 0.0260546 0.891914 0.00135683 0.00231699 0.0514367 0.000111579 0.000753714 2.32094e-05 0.00613251 7.25301e-09 3.41052e-10 5.25571e-05 0.00820474 2.35725e-07 4.08614e-09 0.000823497 0.00220832 0.000703546 0.00329068 0.00437913 1.39827e-06 
9.34737e-05 0.0250091 0.00316058 0.00117439 0.000421638 0.00291851 0.00238298 6.64658e-07 0.00343058 0.15985 0.0487912 0.000244279 5.7972e-09 0.00169602 0.00568151 0.00457901 0.721099 4.79469e-06 0.000537837 0.000432036 0.00190749 0.0165823 2.29113e-06 
0.00106361 0.0618516 0.0237562 0.42216 0.00768008 0.0087107 0.129573 0.00142152 0.00233726 0.000358436 0.0140995 0.000125615 4.41537e-06 0.00720422 0.0485657 5.92068e-06 8.03903e-06 0.00832582 0.00857345 0.00574726 0.118443 0.12998 4.81025e-06 
0.0199132 0.00022246 0.0378203 0.156082 0.0150922 0.0165323 0.0175216 0.000226907 0.00359919 0.00121929 0.0509127 0.0408236 1.28261e-05 0.00436258 0.469694 0.000273214 0.0072126 0.00033543 0.102891 0.00322778 0.013539 0.0384728 1.41804e-05 
2.742e-05 0.000407141 0.0127275 0.0157063 0.0101736 0.00884712 0.00498635 0.0973177 0.0190253 0.000329285 0.581365 0.000237074 3.71662e-08 0.00237884 0.0757586 0.00015533 0.00813035 0.00828417 0.000386252 0.00706073 0.138335 0.00824869 0.000111887 
0.00554235 0.0148023 0.00102076 0.00249426 0.00321715 0.000934309 0.000163379 2.70932e-10 4.58088e-05 0.000372609 0.00370012 5.30879e-10 3.51903e-12 0.936511 0.0153396 1.2601e-07 4.24864e-05 3.9749e-05 0.00245705 0.00324994 0.000839815 0.0060481 0.00317932 
1.331e-06 6.43415e-05 0.0821602 0.0562293 0.00799255 0.0218446 0.00125312 0.000777492 0.0863317 1.30786e-06 0.0444077 5.09564e-05 2.15689e-08 0.000216179 0.58234 0.000344592 0.00467846 0.0164036 0.00193285 0.0111118 0.00725189 0.0746051 1.0257e-06 
0.000772714 5.34744e-06 0.0209562 0.0388707 0.686986 0.034094 2.28152e-05 2.62754e-05 0.161065 0.00017131 0.00229852 1.84425e-06 7.05331e-08 4.12414e-05 0.0120353 3.66098e-07 4.07749e-06 0.00633467 4.83127e-05 0.00499989 0.0269199 0.000775738 0.00356949 
9.88329e-05 0.000171094 0.0811615 0.151292 0.0043614 0.0567051 0.0113967 0.0259325 0.012435 0.00989403 0.158942 0.000452671 8.48213e-09 0.0032461 0.310629 4.23212e-05 0.0169021 0.000418109 0.0872031 0.0028099 0.0268808 0.0390002 2.55245e-05 
0.985143 3.42449e-05 0.00183038 0.000151804 8.06262e-05 0.00175401 5.63026e-08 3.20817e-09 3.81735e-06 7.37141e-05 0.000782493 1.20701e-06 7.39326e-12 2.29529e-06 0.00131242 1.86415e-07 1.05217e-07 4.97176e-05 3.9528e-05 0.00613791 0.00161181 0.000990279 3.12721e-08 
1.62332e-06 0.00553377 0.00111505 0.002182 0.00198205 0.000441348 0.00543428 5.4876e-05 0.00262686 0.000109283 0.0159405 1.77996e-05 1.22467e-06 0.000521829 0.00707543 0.777548 0.171926 9.50594e-05 0.00409285 0.000242224 0.000523567 0.00250131 3.29532e-05 
1.47618e-05 0.000640751 0.26329 0.0156896 0.0257561 0.0100495 0.0688744 0.000205492 0.0703375 1.03054e-05 0.19207 0.00234055 1.05305e-07 0.00235185 0.201995 0.000134079 0.0113286 3.02415e-07 0.0116366 0.000282128 0.0745877 0.0477133 0.000691659 
0.012226 0.000238635 0.1248 0.216174 0.00180388 0.0427785 7.82497e-05 0.037192 0.00690183 1.35204e-05 0.327749 0.00334027 7.88187e-06 0.00442799 0.0731637 4.9786e-05 0.000423205 0.0138163 0.0133618 0.0711245 0.00669199 0.043266 0.000370514 
2.16655e-06 0.000119378 0.0542881 0.0346751 0.00450878 0.0065631 0.0093226 4.16713e-05 0.00542945 0.00548336 0.531443 2.12926e-05 1.21559e-08 0.00433775 0.150662 3.93783e-06 0.0418166 4.66514e-06 0.00195925 0.0405532 0.0124323 0.0963317 9.86947e-07 
1.62332e-06 0.00553377 0.00111505 0.002182 0.00198205 0.000441348 0.00543428 5.4876e-05 0.00262686 0.000109283 0.0159405 1.77996e-05 1.22467e-06 0.000521829 0.00707543 0.777548 0.171926 9.50594e-05 0.00409285 0.000242224 0.000523567 0.00250131 3.29532e-05 
0.000386769 9.14934e-05 0.0130648 0.0756578 0.00748272 0.0422613 0.00474538 0.0311491 0.00877946 0.0052671 0.499275 0.00179211 4.86894e-05 0.00787978 0.16179 0.000301695 0.0211533 0.00323736 0.00151466 0.0120783 0.0731828 0.0282335 0.000626798 
1.49293e-05 8.05928e-07 0.705392 0.0123482 0.0339694 0.0515927 0.00523925 2.69696e-08 0.00186882 2.5962e-08 0.00235564 1.02605e-06 8.20698e-09 5.8702e-05 0.170318 3.20144e-08 0.000127851 0.000124352 0.00536346 0.00357443 0.000883536 0.00676748 3.29014e-08 
0.000163578 0.000151394 0.0589074 0.175716 0.00903484 0.0257147 0.0139588 4.68697e-05 0.0172037 0.00329919 0.394789 0.00319256 2.31367e-06 0.00498691 0.102504 2.73177e-05 3.96153e-05 0.000839417 0.0106134 0.00690009 0.09497 0.0749534 0.00198502 
0.535589 3.56569e-06 0.00137891 0.052599 0.000654367 0.229822 8.72892e-05 5.59475e-06 0.000215028 0.02057 0.0289148 0.000530069 1.53828e-07 0.00127592 0.0396374 5.63291e-07 2.5136e-06 0.00899866 0.0602704 0.00130934 0.000883854 0.0171493 0.000102141 
9.97861e-05 0.000527375 0.0690187 0.0530185 0.00179721 0.00709289 0.0124269 5.10617e-05 0.0262496 0.00606089 0.582104 0.000732829 2.00696e-05 0.000500516 0.126933 0.00147517 0.0192914 0.000743255 0.0114282 0.00363065 0.0540968 0.0188137 0.0038877 
0.0198747 0.000172705 0.11351 0.0821497 0.0117772 0.0275528 0.0017544 4.67024e-05 0.243146 2.49272e-05 0.0186555 9.37744e-05 9.4066e-06 0.000825463 0.0365449 1.02238e-05 0.000165155 0.00103487 0.363691 0.026225 0.0151087 0.0370863 0.00053997 
0.000315037 5.65904e-05 0.153261 0.0223343 0.0197592 0.166633 0.00129637 0.00240442 0.0466448 0.00290267 0.0214066 0.00339588 6.77833e-06 0.00387112 0.40829 1.36414e-05 0.000110654 0.0312601 0.00325144 0.0114678 0.0561727 0.0449474 0.000199004 
1.53099e-06 0.000376183 0.02065 0.0308515 6.80853e-07 0.00701813 0.00129942 1.19339e-06 0.00121549 6.86045e-07 0.835835 0.00112917 7.67913e-10 0.00101994 0.0455467 2.46402e-06 0.0101475 9.63748e-05 0.00451649 0.000394991 0.0282973 0.0114977 0.000102066 
0.892111 0.000473265 0.00264029 0.00721005 0.00043338 0.000524255 0.000579109 1.34835e-09 0.000766146 5.4224e-05 0.00260372 3.35582e-06 7.30869e-13 0.00615129 0.0203283 1.38513e-07 4.8629e-06 7.45379e-05 0.0262483 0.0144108 0.00205471 0.0233283 6.91637e-09 
3.70389e-05 5.15483e-06 0.0118298 0.0156712 0.00016316 0.00181352 0.92626 3.45197e-05 0.000412755 2.36298e-05 0.00248111 0.000179254 3.7268e-09 0.000545518 0.02313 3.25188e-08 4.17504e-06 3.08513e-05 0.00398813 0.00133815 0.0109588 0.00108341 9.67287e-06 
0.892111 0.000473265 0.00264029 0.00721005 0.00043338 0.000524255 0.000579109 1.34835e-09 0.000766146 5.4224e-05 0.00260372 3.35582e-06 7.30869e-13 0.00615129 0.0203283 1.38513e-07 4.8629e-06 7.45379e-05 0.0262483 0.0144108 0.00205471 0.0233283 6.91637e-09 
8.43171e-05 9.49017e-06 0.0365044 0.0664011 0.000413837 0.00791509 0.700042 5.09075e-05 0.00386451 2.71307e-06 0.000588671 4.96634e-07 1.52012e-07 5.66526e-05 0.0108616 6.43822e-07 0.000288423 0.000244406 0.0767512 0.000463516 0.0948548 0.000601164 2.23678e-07 
0.00128659 8.49989e-05 0.386561 0.0549936 0.0137971 0.025914 0.0254021 0.000330259 0.0169688 0.00179127 0.0678315 7.57933e-05 8.59866e-07 0.000198503 0.0522779 7.16474e-06 9.04774e-05 0.00200121 0.0185472 0.00755664 0.312998 0.0106376 0.00064828 
3.48282e-05 2.62318e-05 0.155518 0.0311181 0.0167493 0.059925 0.0235166 0.000477637 0.005763 5.24954e-05 0.1266 3.34027e-05 1.93735e-06 0.00166978 0.443138 2.82032e-05 0.0197495 0.0010606 0.00752912 0.0053687 0.062455 0.034528 0.00465752 
0.98433 0.000347449 0.000259228 0.000150544 0.000164447 0.00124246 1.40111e-06 2.28607e-07 0.00045168 1.22706e-05 0.00114977 2.15492e-05 3.24823e-09 9.62143e-05 0.000819689 3.04847e-06 4.7229e-06 8.27611e-05 0.0033972 0.00390121 0.000247285 0.00331663 7.32468e-09 
1.21492e-05 7.78778e-05 0.762417 0.0129912 0.00185587 0.0098947 0.0305436 8.48869e-05 0.0268718 1.71015e-05 0.00621798 5.56419e-06 1.42053e-06 0.000109947 0.09797 2.95065e-05 0.00445859 0.000795525 0.0109208 0.00542012 0.0230839 0.00621786 2.2253e-06 
0.091509 0.000199162 0.00346848 0.123176 0.0028307 0.0505423 0.00188857 1.40233e-06 0.00460239 0.00809895 0.530725 0.000758493 2.25883e-07 0.0186477 0.0371988 6.04595e-05 0.00502663 0.00129506 0.0151904 0.00114556 0.0769111 0.0267086 1.44193e-05 
9.46438e-05 5.33651e-05 0.306476 0.185364 0.00727389 0.0651632 0.00452654 0.176601 0.0137705 1.2345e-05 0.0154002 4.25319e-07 3.31673e-08 0.0313989 0.125816 1.42283e-05 4.04194e-08 0.000595171 1.29884e-06 0.00815241 0.0112144 0.0479578 0.000114373 
2.84153e-06 0.000239376 0.00269841 0.0353007 0.0233344 0.000177599 0.0373749 9.00339e-07 0.0201428 8.18393e-05 0.243317 0.000596257 1.94919e-08 0.000345249 0.0180104 0.561734 7.59495e-05 0.00481629 0.00237448 0.00578826 0.0382347 0.00535374 1.26787e-07 
0.98433 0.000347449 0.000259228 0.000150544 0.000164447 0.00124246 1.40111e-06 2.28607e-07 0.00045168 1.22706e-05 0.00114977 2.15492e-05 3.24823e-09 9.62143e-05 0.000819689 3.04847e-06 4.7229e-06 8.27611e-05 0.0033972 0.00390121 0.000247285 0.00331663 7.32468e-09 
6.33891e-05 1.34407e-05 0.045102 0.249335 0.00140108 0.00662192 0.64866 0.000152774 0.00111165 4.9348e-06 0.00280439 1.41566e-06 3.81727e-07 0.000463922 0.0325292 3.72001e-06 0.00082535 0.000271115 0.00614461 0.000826463 0.00168713 0.00194268 3.29323e-05 
0.00026146 0.000446279 0.000399931 0.118059 0.00129277 0.0646499 0.00414992 8.88937e-06 4.80407e-07 1.27734e-06 0.665116 0.00031469 1.55563e-09 0.00171973 0.00115226 6.79987e-07 7.13238e-07 0.000104532 0.0191877 0.00214618 0.0842213 0.0367654 1.67754e-06 
0.0382679 0.000997748 0.0262762 0.0576071 0.0105215 0.0218718 0.00311877 4.77772e-05 0.00597042 0.00260108 0.248256 0.00134937 2.86286e-05 0.162318 0.114308 7.05876e-05 0.0341894 0.00756323 0.0415578 0.00544953 0.0234315 0.193889 0.000308997 
0.0045338 0.00420551 0.0102322 0.20076 0.00717646 0.00810187 0.00251344 7.4755e-06 7.90618e-05 0.00951312 0.263877 0.000454989 6.14162e-06 0.0974129 0.0369506 0.0401883 0.190995 0.00129255 0.0472237 0.0043825 0.0492903 0.0207885 1.37987e-05 
0.0272482 1.5065e-05 0.0106914 0.000499749 0.000254148 0.00342745 7.76819e-05 2.4544e-06 0.114726 8.9574e-05 0.230896 1.88711e-05 2.16304e-06 0.000597821 0.56834 0.00145768 0.000167664 0.000345025 7.06958e-05 0.00172228 0.00399441 0.0353517 3.3207e-06 
0.000431537 9.10226e-06 0.0939838 0.0312339 0.00688118 0.0348809 0.00108642 3.02755e-05 0.0657446 0.000968324 0.00563061 0.00076046 4.94897e-06 0.00035501 0.209612 0.000104584 7.23301e-05 0.0165475 0.00718263 0.454885 0.0557489 0.0138335 1.19592e-05 
0.00554235 0.0148023 0.00102076 0.00249426 0.00321715 0.000934309 0.000163379 2.70932e-10 4.58088e-05 0.000372609 0.00370012 5.30879e-10 3.51903e-12 0.936511 0.0153396 1.2601e-07 4.24864e-05 3.9749e-05 0.00245705 0.00324994 0.000839815 0.0060481 0.00317932 
0.892111 0.000473265 0.00264029 0.00721005 0.00043338 0.000524255 0.000579109 1.34835e-09 0.000766146 5.4224e-05 0.00260372 3.35582e-06 7.30869e-13 0.00615129 0.0203283 1.38513e-07 4.8629e-06 7.45379e-05 0.0262483 0.0144108 0.00205471 0.0233283 6.91637e-09 
0.915023 9.92933e-05 0.00187206 0.0137641 0.0013204 0.00816246 4.20554e-06 9.35959e-10 0.000683769 0.000720239 0.0499672 6.08398e-07 6.06015e-10 0.000881081 0.000208681 8.59142e-08 2.34865e-07 0.000153858 0.000748826 0.00458954 1.41148e-06 0.00179836 9.85167e-07 
0.0115649 2.31454e-05 0.0516448 0.00562194 0.00320886 0.121253 0.00185987 0.000104215 0.00587103 0.000183954 0.0278384 0.00200259 5.7096e-07 0.000703719 0.644419 4.6818e-06 0.000163518 0.00744815 0.00102724 0.00355652 0.004944 0.106507 4.85109e-05 
0.000137321 0.000754327 0.0370321 0.00550938 0.0163041 0.0124044 0.00100523 0.000418141 0.0767851 0.000406109 0.00316308 9.28326e-05 2.20791e-05 0.000301141 0.0326343 0.000180613 0.000161163 0.60172 0.00520641 0.00768871 0.0106443 0.184368 0.00306055 
0.00470228 1.70845e-05 0.080864 0.0601966 0.000726827 0.0103574 0.092393 3.0591e-05 0.0015823 7.31105e-05 0.488887 3.17905e-06 1.70757e-06 0.00172875 0.18849 3.22957e-06 2.65002e-05 2.60661e-05 0.0146411 0.00158289 0.0399235 0.0137403 2.98463e-06 
0.00257653 1.72996e-05 0.0172443 0.361591 0.00762268 0.0196379 0.112456 2.99733e-10 0.00119782 0.00487625 0.290093 3.74892e-05 1.94071e-10 0.00185449 0.0762822 8.79578e-06 5.88241e-05 0.000576976 0.00161163 0.00201631 0.0968047 0.00246145 0.000974413 
8.95468e-05 0.0117551 0.0761512 0.332606 0.018025 0.0540065 0.0819175 0.00126831 0.0349699 0.000189546 0.011346 0.00111772 4.12141e-05 0.000525442 0.107879 4.35099e-05 0.00362601 0.00829147 0.0421711 0.0406914 0.0800453 0.0924681 0.000774789 
0.00022853 0.00371252 0.0597507 0.0222885 0.0236707 0.0200185 0.000999791 0.000382486 0.194696 0.0265505 0.475453 4.26026e-05 1.12012e-06 0.000240097 0.0431509 0.0199869 0.000353086 0.013782 9.2925e-06 0.0119879 0.0240866 0.0585683 3.96251e-05 
1.24557e-05 0.000207035 0.0133179 0.0262215 0.0301276 0.101726 2.28031e-05 9.12142e-05 0.010584 0.00377163 0.046587 9.71658e-06 1.11524e-06 0.572905 0.0706238 2.68069e-06 0.0015531 0.0181492 0.00362308 0.0210193 0.0114448 0.0677744 0.000224677 
0.00207046 0.000432043 0.519612 0.0666198 0.0117651 0.0647059 0.00797209 5.64696e-05 0.0243296 0.000689182 0.121934 2.11672e-05 3.02305e-07 0.0317357 0.0639253 4.02628e-05 0.00860647 0.00116011 0.00672166 0.00917529 0.0183646 0.0400022 6.00434e-05 
0.000431537 9.10226e-06 0.0939838 0.0312339 0.00688118 0.0348809 0.00108642 3.02755e-05 0.0657446 0.000968324 0.00563061 0.00076046 4.94897e-06 0.00035501 0.209612 0.000104584 7.23301e-05 0.0165475 0.00718263 0.454885 0.0557489 0.0138335 1.19592e-05 
0.000422379 0.000100332 0.0340474 0.105579 0.0018752 0.0120398 0.0402419 7.49614e-05 0.00801779 4.53605e-06 0.0165132 0.000317523 5.08133e-08 9.73886e-05 0.0644244 6.08999e-07 2.45311e-05 6.44515e-05 0.000675991 0.00633709 0.687335 0.0210879 0.000718521 
0.000412541 6.49698e-05 0.0210065 0.00309014 0.681035 0.0179105 0.00811503 7.7188e-05 0.179814 4.00341e-05 0.0200629 0.000371334 3.44034e-07 0.000283562 0.0191647 1.58734e-05 0.000924735 0.00143112 0.000240634 0.00400823 0.0375988 0.00403377 0.00029798 
7.14331e-07 4.24141e-07 0.0039515 0.714327 0.000412786 0.00642839 0.0286425 0.00297036 5.49884e-05 0.00643165 0.179022 0.00147809 5.15323e-08 0.00122405 0.00795453 1.29136e-06 2.28396e-05 0.00184823 0.0320685 0.000894907 0.00685979 0.00539569 9.95633e-06 
0.98433 0.000347449 0.000259228 0.000150544 0.000164447 0.00124246 1.40111e-06 2.28607e-07 0.00045168 1.22706e-05 0.00114977 2.15492e-05 3.24823e-09 9.62143e-05 0.000819689 3.04847e-06 4.7229e-06 8.27611e-05 0.0033972 0.00390121 0.000247285 0.00331663 7.32468e-09 
8.47374e-05 7.70654e-06 0.0159825 0.302021 0.0103125 0.0107605 0.182792 2.47297e-05 0.00958041 0.000444737 0.0913729 0.000186324 6.08885e-06 0.000630599 0.0311393 8.96282e-05 0.000165606 0.00622615 0.0732399 0.00471864 0.246111 0.0128843 0.00121782 
0.000220274 0.000315803 0.0215311 0.0843205 0.00174891 0.0249244 0.0478372 4.75126e-05 0.0245907 0.000381213 0.289773 0.000351205 4.63911e-06 0.00133936 0.0914034 2.65965e-05 0.000232607 0.00280972 0.0616821 0.0156438 0.0307823 0.299815 0.000218785 
0.0925501 0.000534485 0.0221432 0.0848008 0.00522928 0.0484968 0.00409441 0.000420165 1.83518e-07 0.032008 0.269513 1.40423e-10 1.33475e-10 0.0375704 0.161804 7.36017e-08 0.00364888 0.000669817 0.0208706 0.00782585 0.151128 0.0562398 0.000453166 
5.75154e-05 1.83906e-06 0.00253604 0.00352325 1.004e-06 0.000373769 1.0491e-05 0.0035106 0.00270726 7.77642e-06 0.663016 0.000176101 4.22215e-08 0.0752488 0.0270292 3.54301e-06 0.00120395 2.43671e-06 0.000979559 0.00112455 0.0260965 0.192387 2.92936e-06 
3.12787e-05 4.24216e-05 0.000312435 0.00127387 9.16016e-05 4.91662e-06 0.996669 2.48427e-06 2.85948e-05 2.45015e-11 6.27025e-05 1.60069e-10 9.349e-13 4.80421e-06 0.000181519 3.19182e-06 0.000887711 2.90229e-05 8.48178e-05 0.000108145 0.000133933 4.70451e-05 1.92094e-07 
5.82303e-05 9.72202e-06 0.205238 0.029826 0.00938215 0.0882053 0.00415457 0.000829631 0.0427476 0.000685876 0.00657575 0.000102308 1.68324e-07 0.000117135 0.451812 0.000224784 0.00104075 0.075823 0.0109923 0.00511506 0.0328982 0.0328494 0.00131237 
0.0268626 0.000241205 0.00150322 0.0745539 0.00516142 0.167621 0.00413257 2.96236e-05 0.00945963 3.70589e-05 0.317804 0.057031 2.03482e-06 2.2379e-05 0.0181657 0.00010621 0.000783019 0.0402423 0.0160906 0.00893613 0.132936 0.118217 6.24692e-05 
0.000230022 3.19753e-05 0.114718 0.00569631 0.00254373 0.00824343 0.00113023 3.35249e-05 0.647555 5.92296e-05 0.0297158 0.00199709 1.28018e-05 0.000419802 0.0975564 9.57341e-05 2.4022e-05 0.00495761 0.00710123 0.0596767 0.00661853 0.0114961 8.66011e-05 
0.00102588 0.000307457 1.02037e-06 0.0585487 0.0108801 0.0194855 2.05152e-07 1.19519e-06 4.3521e-06 1.0037e-06 0.61797 1.37767e-06 1.48791e-10 2.67819e-06 0.170317 0.000257259 0.0266699 0.00736324 7.98544e-07 0.00789094 0.0066481 0.0726174 6.16338e-06 
5.68421e-08 0.000389996 0.0705825 0.0513382 7.55807e-05 0.0109716 0.00389847 3.29041e-05 1.55926e-05 5.96651e-08 0.501598 0.040355 1.95401e-08 0.001655 0.10456 1.76791e-05 0.0990451 8.80177e-05 0.0112683 1.91665e-05 0.0827035 0.0213856 1.47315e-07 
0.000142515 3.5614e-05 0.493943 0.0333185 0.0177738 0.02209 0.0113826 2.63558e-05 0.0479031 0.00152686 0.0155873 0.000343221 8.20883e-06 0.00104858 0.215872 0.000243533 5.34799e-05 0.0135433 0.0164971 0.0474527 0.0134599 0.0476746 7.34465e-05 
8.73979e-07 7.53763e-08 0.202367 0.321101 0.00973014 0.0511033 0.0178843 2.35548e-07 0.00778741 7.95252e-07 0.0533163 0.00914178 2.10608e-08 4.82275e-05 0.0280789 4.03127e-08 1.68818e-07 0.0160972 0.0172674 0.157645 0.0710244 0.0374047 7.17303e-07 
6.64318e-05 9.82258e-05 0.0136404 0.00445446 0.00165243 0.000972776 0.162752 0.00818888 0.00566684 0.717474 0.00536295 0.00559238 7.73172e-09 0.000356022 0.012786 0.000126107 0.000246577 0.0115937 0.00258203 0.00338989 0.0369973 0.00592796 7.22442e-05 
0.00273263 0.000151752 0.00165256 0.0145645 0.00194436 0.0126915 0.00139249 3.17947e-06 0.00896405 0.00369625 0.883414 2.86462e-06 1.21667e-06 0.000123281 0.0215547 0.00043423 0.00133726 0.00262999 0.0280528 0.00152277 0.00589967 0.00539935 0.0018341 
0.00130498 5.74196e-06 0.036809 0.0295671 0.00368613 0.380599 0.000748066 1.13098e-05 0.250032 0.0196185 0.0501086 0.00180389 1.74938e-08 5.67254e-05 0.0628635 2.58498e-06 0.000302783 0.0274613 0.0303376 0.0281653 0.0198131 0.0398806 0.0168228 
0.00307563 0.000264182 0.0289101 0.00466753 0.0185747 0.0660487 0.000144791 2.33855e-05 0.0149994 0.0128916 0.554076 0.0775652 2.03554e-05 0.0105018 0.0722469 4.48859e-05 0.00441618 0.00425779 0.00593608 0.00986161 0.0594659 0.0300027 0.022005 
0.000897078 0.000446736 0.0188639 0.189147 0.0129233 0.00860368 0.627598 4.79753e-05 0.00195512 0.00021158 0.00622747 0.000128832 1.33198e-07 0.00663648 0.0539604 1.8953e-05 0.00301495 0.00270055 0.0463811 0.00404554 0.00916955 0.00502573 0.00199535 
8.4494e-07 0.00739767 0.023233 0.0119846 0.00532306 0.00271875 0.0443572 0.000453602 0.0337936 8.81912e-06 0.186997 0.00332523 3.16848e-07 0.0041674 0.19229 0.41609 0.000221979 0.000252218 0.00837548 0.0209712 0.00135636 0.0366726 8.84923e-06 
3.52166e-05 7.52203e-05 0.0198544 0.481615 0.0113932 0.00115118 0.0432949 0.0102242 0.00845423 0.000100931 0.0208964 7.44465e-08 3.90761e-08 0.000504083 0.0375986 1.73741e-07 0.000141278 0.00287046 0.209754 0.0458762 0.0964069 0.0097409 1.21741e-05 
0.00729828 0.00028082 0.0253219 0.0842444 0.0505094 0.0567157 0.00308612 0.0365398 0.0161597 0.00886643 0.60082 7.09105e-06 5.36492e-06 0.0279894 0.0105037 5.53028e-06 0.000503339 0.00329359 0.0049046 0.0206364 0.0194725 0.022609 0.000226902 
0.000517624 0.00110635 0.0590872 0.26012 0.022412 0.0137155 0.259862 0.000119296 0.0174031 0.000795116 0.046627 0.000666289 0.000103081 0.00660983 0.050118 0.000346891 0.00420187 0.00497731 0.12362 0.0587134 0.0525876 0.010205 0.00608669 
0.000769007 1.23952e-08 0.00334252 0.466825 0.0112975 0.178977 0.0418459 0.00233208 0.00489083 8.70207e-08 0.00314229 8.35565e-10 7.94224e-10 1.38792e-05 0.0597457 3.26779e-06 0.000213262 0.000277863 0.00355961 0.000404887 0.214861 0.007499 1.20784e-08 
0.000354508 2.51398e-05 0.0554593 0.00588049 0.00346095 0.0264295 0.000494607 1.72081e-05 0.0529283 0.00464379 0.0251483 0.000195599 2.73205e-06 0.000401477 0.465025 4.14851e-05 4.54507e-05 0.00380643 0.033584 0.288025 0.00427505 0.0297126 4.3448e-05 
0.98433 0.000347449 0.000259228 0.000150544 0.000164447 0.00124246 1.40111e-06 2.28607e-07 0.00045168 1.22706e-05 0.00114977 2.15492e-05 3.24823e-09 9.62143e-05 0.000819689 3.04847e-06 4.7229e-06 8.27611e-05 0.0033972 0.00390121 0.000247285 0.00331663 7.32468e-09 
0.825106 0.000847345 0.00602327 0.0160543 0.0127471 0.00843965 0.000661444 9.21768e-06 0.00255162 0.000512338 0.0204284 0.00541016 9.60787e-07 0.013761 0.0240207 9.76247e-07 0.00012943 0.000240497 0.0246086 0.0145524 0.00557801 0.0183154 1.15337e-06 
4.22751e-05 0.000508729 0.0762606 0.0134201 0.0198095 0.0129504 0.000303592 0.000321 0.40178 0.00958301 0.262459 0.00016675 4.41823e-06 0.000739541 0.138567 0.0158806 0.000210086 0.00214204 0.00176794 0.0176284 0.00746438 0.0177015 0.000288791 
0.000254364 0.000162495 0.0277295 0.00702761 0.00505847 0.0138068 0.00179033 1.86751e-05 0.00889355 0.000776489 0.767732 0.000332538 1.92017e-07 0.0286278 0.0274123 9.1594e-07 0.000144753 0.00174503 0.00028643 0.00517204 0.00587568 0.0927198 0.00443205 
0.000126641 8.09066e-05 0.422664 0.0407883 0.0638308 0.176476 0.0034821 3.0691e-05 0.0276113 0.00029926 0.0384629 3.16419e-05 2.06951e-05 0.00262673 0.0606943 2.53222e-05 2.65201e-05 0.0146279 0.0016438 0.0551475 0.0420485 0.0486905 0.000563032 
0.000330251 0.000757437 0.0021762 0.0723228 1.88741e-05 0.00557798 0.192618 0.0198554 0.000616965 0.00246371 0.176382 0.000623246 4.69903e-08 0.000275651 0.0405044 1.5737e-06 0.000135038 0.000325709 0.0197386 0.000143481 0.461686 0.00338717 5.93971e-05 
0.00181263 0.00029426 0.102716 0.120801 0.00279883 0.0380563 0.468384 8.15951e-05 0.00616496 0.000359478 0.0573563 7.71788e-05 1.7505e-06 0.000504024 0.0734107 0.000118531 0.0223305 0.00330488 0.018753 0.00617813 0.0623424 0.0141073 4.64853e-05 
0.98433 0.000347449 0.000259228 0.000150544 0.000164447 0.00124246 1.40111e-06 2.28607e-07 0.00045168 1.22706e-05 0.00114977 2.15492e-05 3.24823e-09 9.62143e-05 0.000819689 3.04847e-06 4.7229e-06 8.27611e-05 0.0033972 0.00390121 0.000247285 0.00331663 7.32468e-09 
