1.04422e-07 1.18197e-06 0.030261 0.0283927 0.00100413 0.00204349 0.00437483 6.93433e-06 4.77187e-07 0.00035274 0.890946 1.69652e-07 1.61258e-07 7.09665e-08 0.00777792 2.70091e-06 1.01997e-05 7.35246e-05 1.17263e-05 3.09271e-05 0.0301549 0.00455194 1.88111e-06 
1.45827e-06 1.2289e-05 0.029904 0.129 0.060639 0.0136702 0.0100248 1.20543e-06 0.016882 0.568405 0.00563644 1.22039e-06 2.76587e-07 3.45587e-10 0.084858 2.21795e-07 8.50115e-07 0.0013452 0.00753242 0.00553106 0.0458459 0.0207083 6.32844e-10 
4.1942e-05 7.44031e-06 0.0651658 0.505812 0.00323289 0.00877804 0.095745 0.000616863 0.0111224 7.69921e-06 0.0188395 0.00378422 0.000281487 5.36678e-06 0.0233445 5.51948e-05 0.000226009 0.0305509 0.0232441 0.00823126 0.197801 0.00309143 1.50401e-05 
9.12745e-06 1.36308e-05 0.0255931 0.230755 0.0238296 0.0283629 0.00257618 1.80629e-05 5.13705e-07 0.00171215 0.0204156 1.50966e-07 2.79413e-09 1.22964e-09 0.0445977 2.43636e-09 3.40507e-09 0.00298045 0.0347413 0.00120321 0.580109 0.00308176 1.56277e-07 
2.08454e-10 1.26724e-08 0.000213311 0.118834 0.00175428 1.34346e-06 0.00387206 1.68023e-05 1.55115e-07 2.66307e-07 9.41021e-05 3.3867e-10 3.21914e-10 1.41668e-10 4.17724e-08 2.80695e-10 1.96679e-08 0.000376486 0.0706744 3.32798e-05 0.803623 0.000506361 7.93563e-07 
3.20563e-07 9.53775e-08 0.462636 0.0413405 0.119372 0.0540307 0.00178211 2.1654e-05 0.00687645 1.74977e-06 0.000542331 0.000892443 2.68513e-07 1.86116e-10 0.0897622 3.68764e-10 7.08535e-06 0.00485561 0.00203281 0.0137397 0.181843 0.0202628 3.40819e-10 
1.17213e-05 0.000187768 0.333005 0.0225034 0.0189597 0.000559403 0.013696 0.000375088 2.00878e-07 2.51608e-07 0.0272978 2.23692e-05 1.64842e-07 2.89644e-11 0.072954 5.73888e-11 0.398185 5.36579e-07 0.00206895 0.0981141 0.0120578 3.65212e-07 5.304e-11 
0.0265163 1.58765e-06 0.00158344 0.00439137 0.0116473 0.00264736 0.00130317 0.00049634 0.00143824 2.7148e-06 0.846005 0.0127849 0.000118028 1.27537e-06 0.0571809 2.52697e-06 3.5317e-06 0.00167638 0.001912 4.33258e-05 0.00970319 0.0202756 0.000265644 
0.000190705 1.82476e-07 0.0332908 0.458902 0.0106022 0.144304 0.0682678 3.69182e-05 0.00388662 3.76562e-07 0.00324163 0.0059478 3.46769e-05 3.39896e-08 0.0512076 4.40811e-07 3.58643e-07 0.0100771 0.0481087 0.0326043 0.121189 0.00810668 6.86493e-07 
1.39876e-07 0.00257982 8.70778e-07 0.00855377 9.42923e-07 1.06271e-06 0.000351643 4.98835e-07 0.000865499 0.0498654 0.83297 2.72999e-07 0.00142496 2.93617e-10 1.13328e-06 0.00166896 0.000574417 3.03721e-07 0.000350248 0.00291141 0.0877 0.0100659 0.000112259 
2.08454e-10 1.26724e-08 0.000213311 0.118834 0.00175428 1.34346e-06 0.00387206 1.68023e-05 1.55115e-07 2.66307e-07 9.41021e-05 3.3867e-10 3.21914e-10 1.41668e-10 4.17724e-08 2.80695e-10 1.96679e-08 0.000376486 0.0706744 3.32798e-05 0.803623 0.000506361 7.93563e-07 
2.41333e-06 8.76845e-08 0.00804625 0.0177165 0.0342555 0.000232993 0.00100072 6.34525e-07 0.00281125 0.880746 2.3872e-06 0.0499864 0.000235999 5.33536e-10 2.22441e-06 1.05713e-09 1.47744e-09 0.00328109 0.000131465 0.00105606 5.68674e-07 0.00049137 9.77018e-10 
3.07308e-09 6.28732e-07 0.102803 0.0751305 0.0253335 8.70328e-06 2.50994e-05 7.32955e-09 1.40553e-05 5.43268e-05 0.713 4.99276e-09 0.00221658 2.0885e-09 1.46424e-05 4.13808e-09 5.78339e-09 0.000635531 0.0029129 2.78908e-05 0.0738363 0.00398663 3.8245e-09 
2.9332e-07 5.15358e-08 0.172522 0.003861 0.0956525 0.656775 3.55499e-07 2.57335e-09 0.0394225 0.000388594 8.96257e-07 0.000148755 1.66619e-09 7.33258e-10 0.0038977 8.43215e-07 2.03051e-09 0.0250415 1.25507e-05 0.0015548 7.85713e-07 0.000720558 6.16083e-08 
2.5688e-06 3.86784e-05 0.189179 0.249933 9.5504e-06 0.0333916 0.000539898 0.00154766 0.00682727 3.11262e-09 0.0328726 4.50188e-06 3.32272e-09 1.46226e-09 0.118399 4.94523e-05 0.0744511 0.155886 0.000300772 7.19395e-07 0.13542 0.00114724 2.67771e-09 
1.78297e-11 0.000426066 0.0021219 0.25668 0.00819 0.00323859 0.0262314 0.00166542 0.00555713 5.62319e-07 0.0730729 0.000637869 2.86634e-06 1.21173e-11 0.244491 7.2266e-09 2.69041e-05 3.03336e-07 0.277639 7.33444e-07 0.0325645 0.067452 6.21522e-08 
0.00206009 0.000219688 0.0513403 0.0184607 0.0126014 0.0366829 0.00694832 1.89568e-06 0.0762735 0.00097557 0.527187 0.000534944 0.00173426 4.59944e-07 0.0968543 0.000430001 0.0123225 0.0127551 0.00392702 0.0543529 0.028625 0.0554985 0.000213159 
5.86384e-07 0.00109441 0.0623346 0.0430351 0.00185424 0.0579503 0.00752477 1.73434e-05 0.0421638 6.03844e-07 0.59666 1.0102e-06 6.15465e-07 3.03621e-07 0.0535994 9.43184e-07 0.0301883 0.00535965 0.0143181 0.00065743 0.0216226 0.0615201 9.56731e-05 
9.96462e-06 5.62039e-06 0.00642658 0.0712695 0.00242819 0.00680331 0.000541909 2.43005e-05 0.00928058 3.34541e-07 0.00131949 3.75711e-07 3.57122e-07 1.57162e-07 0.00735404 3.11395e-07 2.54091e-06 1.30359e-05 0.00169847 8.49426e-05 0.891044 0.00167264 1.89489e-05 
2.08454e-10 1.26724e-08 0.000213311 0.118834 0.00175428 1.34346e-06 0.00387206 1.68023e-05 1.55115e-07 2.66307e-07 9.41021e-05 3.3867e-10 3.21914e-10 1.41668e-10 4.17724e-08 2.80695e-10 1.96679e-08 0.000376486 0.0706744 3.32798e-05 0.803623 0.000506361 7.93563e-07 
6.29103e-08 1.67194e-06 0.0455354 0.371603 0.0175535 0.00905643 0.00289587 8.80296e-06 0.467739 9.1009e-08 4.01903e-05 8.69751e-05 1.61046e-05 4.27546e-08 0.00331435 8.47123e-08 1.18394e-07 8.93625e-06 7.09394e-06 0.0060725 0.0760417 1.77805e-05 7.82929e-08 
1.77581e-08 3.56681e-06 0.020523 6.39839e-05 0.377208 0.000215724 0.00225705 4.23546e-08 0.101408 2.56897e-08 3.68411e-06 4.03952e-06 0.00170432 1.20686e-08 5.03347e-05 4.22059e-06 3.342e-08 3.9494e-05 2.85882e-05 0.490275 9.63903e-05 0.00611449 2.21003e-08 
0.00480274 3.90117e-06 0.437349 0.265761 0.0554035 0.0216284 0.0134395 0.00200097 0.000670343 2.67158e-05 0.0302555 1.64095e-06 0.000119056 9.90902e-11 0.069051 1.96333e-10 9.4064e-09 0.00235406 0.000492013 0.000333376 0.0914657 0.00484137 1.81455e-10 
7.45342e-06 0.0419092 0.0991213 0.0161615 0.0971342 0.12723 0.000694595 2.96611e-05 0.00295411 5.46386e-07 0.0995385 5.35392e-05 3.44922e-06 2.56684e-07 0.344775 7.11052e-05 7.10797e-07 0.000158827 0.000275437 0.000414173 0.10192 0.0675441 2.02306e-06 
2.55741e-10 7.07524e-08 0.0142683 0.00566822 0.00727954 0.00602407 0.0040369 6.09963e-10 0.00738994 3.69967e-10 0.83993 4.15496e-10 3.94939e-10 1.73805e-10 0.00494573 0.00131668 0.0026118 0.00352289 6.22997e-07 0.0231854 0.00796957 0.0718499 7.63786e-07 
2.08454e-10 1.26724e-08 0.000213311 0.118834 0.00175428 1.34346e-06 0.00387206 1.68023e-05 1.55115e-07 2.66307e-07 9.41021e-05 3.3867e-10 3.21914e-10 1.41668e-10 4.17724e-08 2.80695e-10 1.96679e-08 0.000376486 0.0706744 3.32798e-05 0.803623 0.000506361 7.93563e-07 
3.82286e-10 6.94854e-08 0.06827 0.161764 0.0133968 1.47716e-06 1.5346e-05 7.0706e-06 0.25585 2.29653e-06 9.58241e-07 1.21404e-06 5.90362e-10 2.59806e-10 4.5797e-07 5.1477e-10 7.19445e-10 8.71654e-07 0.00379769 7.79768e-05 0.496813 4.16296e-07 4.75761e-10 
4.93803e-06 3.1002e-05 0.039079 0.0320386 0.0487939 0.547787 0.0111021 6.81334e-08 0.136704 5.93357e-07 0.140881 5.64357e-05 4.4115e-08 1.94141e-08 0.000648715 0.00854159 1.72892e-05 0.0201967 1.65724e-05 0.00151848 0.00551177 0.00608958 0.000979783 
3.18578e-06 1.66825e-06 1.58352e-06 0.0949576 0.137574 0.0182946 3.55537e-06 1.59629e-08 0.0541613 0.0198396 0.568524 1.08737e-08 1.03357e-08 4.54853e-09 3.56644e-06 1.7226e-06 1.25956e-08 0.00111575 0.00703052 0.00640708 0.082231 0.00984923 8.32934e-09 
2.08454e-10 1.26724e-08 0.000213311 0.118834 0.00175428 1.34346e-06 0.00387206 1.68023e-05 1.55115e-07 2.66307e-07 9.41021e-05 3.3867e-10 3.21914e-10 1.41668e-10 4.17724e-08 2.80695e-10 1.96679e-08 0.000376486 0.0706744 3.32798e-05 0.803623 0.000506361 7.93563e-07 
1.23139e-07 1.8659e-05 0.0777003 0.0174614 0.128273 0.0148498 1.13026e-05 1.42494e-05 3.85924e-06 0.00512535 0.0527707 1.92504e-06 0.00171975 8.36867e-08 0.0214066 1.65814e-07 1.56517e-05 0.493335 0.000681167 0.000385486 0.00520683 0.104268 0.0767499 
0.00788989 0.000247934 3.97259e-06 0.0234351 0.328099 0.382214 0.0137188 7.96499e-09 0.0763784 3.68502e-06 0.064744 0.000183355 2.00673e-07 2.26957e-09 0.0634142 4.49683e-09 6.28479e-09 0.00562589 3.42814e-07 0.00328 0.0283792 0.00238268 4.15607e-09 
1.45827e-06 1.2289e-05 0.029904 0.129 0.060639 0.0136702 0.0100248 1.20543e-06 0.016882 0.568405 0.00563644 1.22039e-06 2.76587e-07 3.45587e-10 0.084858 2.21795e-07 8.50115e-07 0.0013452 0.00753242 0.00553106 0.0458459 0.0207083 6.32844e-10 
1.28573e-06 6.06547e-08 0.0014913 0.000646382 0.00289731 0.408224 0.244717 9.51396e-07 3.10674e-07 7.41647e-10 0.0222329 8.32916e-10 4.47359e-08 3.48414e-10 0.00109156 6.90334e-10 9.64813e-10 0.006319 1.02806e-07 7.65836e-05 0.0144679 0.297832 3.63098e-07 
0.000131894 0.000546675 0.055407 0.0613086 0.121131 0.00158653 0.0420746 1.41641e-05 0.263334 0.170092 0.0384727 0.0030629 1.90447e-05 1.48293e-06 0.106822 0.00116577 0.017046 0.00150446 4.9583e-05 0.00600789 0.0761243 0.0340181 7.93808e-05 
2.27678e-10 4.09802e-08 0.0264896 0.318303 0.380356 0.00169119 0.100712 5.43032e-10 0.00140984 3.2937e-10 8.68626e-05 4.64417e-08 2.0205e-05 1.54733e-10 0.00981132 3.06701e-06 4.2848e-10 0.000247268 0.0429376 0.00109153 0.108999 0.00784102 2.8335e-10 
5.93785e-07 1.04457e-07 0.202736 0.0038626 0.0941943 0.643871 6.34155e-07 7.62568e-09 0.0287924 0.000390792 1.59796e-06 0.000150069 4.93747e-09 2.17288e-09 0.00389977 1.82518e-06 6.01705e-09 0.0198055 1.26998e-05 0.00155683 1.69987e-06 0.000721886 1.34344e-07 
0.000144993 7.00365e-06 0.00591287 0.00283217 0.0331441 0.0226589 0.00029808 0.000576798 0.000531927 0.00509409 0.723329 6.33259e-06 8.33532e-06 2.3433e-06 0.0121433 1.29069e-05 3.2042e-05 0.000291469 0.00364408 0.00133689 0.185216 0.00250307 0.000273168 
0.00189451 4.12204e-06 0.000529705 0.066008 1.15367e-07 0.00140421 0.034996 2.33501e-10 0.00210387 9.1556e-08 1.15721e-05 5.90476e-07 1.727e-06 6.65344e-11 0.00199374 1.31829e-10 7.21138e-08 1.90863e-07 0.879907 0.000846106 0.0102739 6.51057e-08 2.39884e-05 
0.000499669 7.73376e-06 0.160573 0.011726 0.00173783 0.00130305 0.000149486 7.81591e-10 7.47387e-08 0.000111463 0.00506086 8.88992e-05 5.06064e-10 2.22709e-10 0.00871888 4.41266e-10 0.00019732 0.763608 0.00037314 0.000267902 0.0440278 0.00154791 4.07828e-10 
0.00333023 0.00266906 0.0456654 0.0408607 0.0257867 0.0376386 0.00313069 0.000258872 0.0234904 0.029719 0.603225 2.17357e-06 0.000213205 6.53777e-07 0.0769202 0.000101179 0.0481227 0.00783207 0.0057602 0.000191893 0.0178589 0.0272057 1.63011e-05 
1.9773e-08 5.41466e-08 0.0517308 0.00194726 0.0134584 0.0199805 2.14685e-05 1.49032e-09 0.00660712 1.08785e-06 0.00306413 1.01518e-09 2.96668e-07 4.24658e-10 0.846284 1.1247e-07 9.88808e-07 0.00081473 6.03383e-07 0.00190809 0.0057008 0.0484734 5.99899e-06 
0.000648667 1.16913e-07 0.0316025 0.0267576 0.107951 0.778954 0.00263502 3.12761e-06 0.00267511 1.28227e-05 0.00841559 0.000255602 5.1688e-06 1.853e-09 7.25599e-07 3.67147e-09 5.13126e-09 0.0126527 0.00746313 4.17069e-05 2.7814e-05 0.0198984 3.39325e-09 
1.04394e-06 4.90913e-05 0.0625963 3.59012e-06 0.53914 0.00232242 0.0013531 2.75546e-07 0.206523 0.0174021 0.00649363 3.43512e-06 0.0976252 5.72383e-10 0.0071034 1.1341e-09 1.58502e-09 0.0495654 2.61502e-08 2.23763e-07 2.4601e-07 0.00981786 1.04816e-09 
0.0349859 1.7356e-07 0.028938 0.0751963 0.00631751 0.0965304 7.83836e-07 1.10567e-09 3.04216e-06 0.136045 0.397753 1.04675e-05 1.19991e-06 3.15052e-10 0.0209713 6.24231e-10 8.72427e-10 1.08157e-05 2.81999e-07 0.0180223 0.123126 0.0620873 5.76927e-10 
2.08454e-10 1.26724e-08 0.000213311 0.118834 0.00175428 1.34346e-06 0.00387206 1.68023e-05 1.55115e-07 2.66307e-07 9.41021e-05 3.3867e-10 3.21914e-10 1.41668e-10 4.17724e-08 2.80695e-10 1.96679e-08 0.000376486 0.0706744 3.32798e-05 0.803623 0.000506361 7.93563e-07 
2.43255e-08 4.46812e-07 0.139556 0.0498955 0.0259789 3.82016e-06 0.114891 5.80184e-08 5.40993e-06 2.73602e-05 0.44416 2.20334e-07 1.23535e-05 1.65319e-08 6.05359e-06 3.27557e-08 4.57795e-08 0.00241715 0.00247387 9.66247e-06 0.218055 0.00250742 3.02735e-08 
1.34134e-06 4.00309e-10 0.0140846 0.00646623 0.0228788 0.11037 9.8422e-08 1.0035e-07 0.00656385 4.75483e-12 0.000625097 5.01531e-06 4.51794e-08 2.23374e-12 0.749581 4.42585e-12 6.18559e-12 1.0755e-08 0.000455573 4.16327e-08 0.00205749 0.0869109 7.36324e-08 
0.000158985 3.24292e-08 0.000586996 0.000355951 0.0613436 0.0244253 6.34986e-07 3.93292e-09 0.0401725 1.86477e-07 0.000535628 2.67903e-09 6.53788e-07 1.12066e-09 1.25173e-07 2.22042e-09 3.10327e-09 0.86858 1.08307e-05 0.00173721 0.000210655 0.00106029 0.00082025 
3.42022e-05 1.65559e-05 0.0252515 0.00900675 0.0121464 0.0437352 0.00251251 3.10958e-05 0.837094 5.16105e-07 0.000721362 5.00687e-05 7.22535e-05 2.42458e-07 0.0107706 4.80397e-07 6.71405e-07 0.00431454 0.00037617 0.0023071 0.0453954 0.00578938 0.000373009 
2.592e-05 3.18777e-07 0.0290235 0.27442 0.0221173 0.101931 7.08555e-05 3.08606e-05 0.148553 0.0857952 0.208321 7.619e-06 6.80215e-06 2.07037e-08 0.0517938 5.5301e-06 5.73318e-08 0.0422962 7.52164e-05 0.00227855 0.00250893 0.0304929 0.00024384 
1.81829e-05 0.000337218 0.00712555 0.680292 0.048254 0.0180933 0.028409 2.67357e-07 0.0183188 1.5036e-07 0.000882044 2.98568e-06 0.000923606 2.90609e-10 0.0115385 1.21219e-06 8.04741e-10 0.0552731 0.00174612 0.0423107 0.075312 0.0111611 5.32167e-10 
2.08454e-10 1.26724e-08 0.000213311 0.118834 0.00175428 1.34346e-06 0.00387206 1.68023e-05 1.55115e-07 2.66307e-07 9.41021e-05 3.3867e-10 3.21914e-10 1.41668e-10 4.17724e-08 2.80695e-10 1.96679e-08 0.000376486 0.0706744 3.32798e-05 0.803623 0.000506361 7.93563e-07 
2.08454e-10 1.26724e-08 0.000213311 0.118834 0.00175428 1.34346e-06 0.00387206 1.68023e-05 1.55115e-07 2.66307e-07 9.41021e-05 3.3867e-10 3.21914e-10 1.41668e-10 4.17724e-08 2.80695e-10 1.96679e-08 0.000376486 0.0706744 3.32798e-05 0.803623 0.000506361 7.93563e-07 
2.08454e-10 1.26724e-08 0.000213311 0.118834 0.00175428 1.34346e-06 0.00387206 1.68023e-05 1.55115e-07 2.66307e-07 9.41021e-05 3.3867e-10 3.21914e-10 1.41668e-10 4.17724e-08 2.80695e-10 1.96679e-08 0.000376486 0.0706744 3.32798e-05 0.803623 0.000506361 7.93563e-07 
2.18486e-06 5.15178e-08 0.0149747 0.563847 0.00946794 4.33191e-05 0.0461198 2.70563e-06 0.0351116 9.10558e-06 0.0341814 0.0054393 0.000737779 1.14452e-09 0.175556 2.26771e-09 3.16935e-09 0.0333674 0.00755403 0.000460984 0.0452637 0.0278602 2.09586e-09 
2.45804e-05 2.83201e-06 0.000635679 0.037497 0.00832202 0.044914 5.4974e-06 9.58171e-08 1.02958e-05 0.0138047 0.73313 0.000355694 0.000138336 2.73024e-08 0.0817876 5.40959e-08 0.00154778 0.00557256 1.18196e-05 0.000732961 0.0171146 0.054318 7.4193e-05 
0.00569712 1.93075e-05 0.13307 0.0873192 0.00492662 0.049214 0.00516497 1.49505e-08 0.0101176 0.0425546 0.152372 1.0184e-08 3.02398e-06 4.26004e-09 0.15896 8.44067e-09 5.16086e-05 0.0253908 0.00109195 0.00214787 0.15699 0.164908 7.80104e-09 
1.45827e-06 1.2289e-05 0.029904 0.129 0.060639 0.0136702 0.0100248 1.20543e-06 0.016882 0.568405 0.00563644 1.22039e-06 2.76587e-07 3.45587e-10 0.084858 2.21795e-07 8.50115e-07 0.0013452 0.00753242 0.00553106 0.0458459 0.0207083 6.32844e-10 
0.00020988 0.0833267 0.00376381 0.0387205 0.0207017 1.12128e-05 0.00123817 5.2926e-05 0.000307097 0.157288 0.605125 1.19764e-05 0.0232756 9.77373e-07 0.0038942 5.39132e-05 0.000847468 0.0177659 7.10546e-05 0.00599694 0.0276404 0.00969487 1.05563e-06 
0.00301327 0.000156111 0.00500965 0.567615 4.10853e-07 0.0228574 0.19605 3.11364e-06 0.000487154 1.65182e-06 0.019262 0.0016786 9.48016e-11 4.17203e-11 0.0467745 3.13415e-08 1.1553e-10 0.00541344 0.037662 0.000617498 0.08951 0.00388847 7.63988e-11 
0.00121786 5.64107e-06 0.00465623 0.0106094 0.00441306 0.796715 0.000811354 4.48565e-08 0.0920263 9.59975e-06 0.027194 1.95366e-07 6.67329e-09 2.93678e-09 0.0379407 3.43691e-05 8.13241e-09 0.00058504 0.0172829 0.00139626 0.00142033 0.00354112 0.000140706 
0.000248774 2.39001e-06 0.00716143 5.1621e-05 0.000108647 0.000123739 0.0630181 6.73898e-06 2.35373e-05 4.08746e-06 0.000479676 2.72449e-05 0.153106 1.92023e-06 4.61051e-05 7.79963e-06 5.3174e-06 0.749415 3.21866e-06 2.83191e-05 0.026039 8.70831e-05 3.51634e-06 
5.89261e-06 0.00378384 0.664223 0.0156622 0.0135499 0.238471 0.000116564 3.03266e-06 0.0133954 1.79791e-06 0.00578768 1.06778e-05 8.95356e-06 1.20569e-07 0.0342403 1.47955e-06 9.55539e-05 0.000421636 0.00022506 0.0081577 0.000110724 0.00172257 4.75634e-06 
0.00112288 0.000579478 0.0436546 0.071859 0.0409752 0.000181365 3.03804e-06 5.13876e-08 0.00268504 3.11687e-08 0.677172 3.50044e-08 1.3443e-05 1.46426e-08 0.0321356 2.90122e-08 0.000318621 0.00457046 0.0016434 0.00709236 0.0702564 0.0457374 2.68137e-08 
0.136235 3.61065e-05 0.000124398 0.162035 0.00231708 0.00614231 0.000237159 3.44667e-06 0.000497319 2.09054e-06 0.662407 0.00178718 2.23165e-06 9.82104e-07 5.39641e-05 1.9459e-06 2.7196e-06 0.00809549 8.1029e-06 0.019306 7.1424e-05 0.000631264 1.79844e-06 
0.296328 3.47996e-06 0.167207 0.000242558 0.0015421 0.0920015 4.3286e-06 0.000329312 4.12574e-06 0.0283932 0.347677 4.71313e-09 4.47995e-09 1.97153e-09 0.0328001 1.80343e-06 2.87976e-06 0.00227255 8.42136e-07 0.0019089 0.00612634 0.0231534 1.26851e-06 
7.83345e-07 0.000443167 1.73438e-06 0.0329659 2.33631e-06 2.77793e-06 2.42894e-06 7.38717e-06 5.6045e-07 0.0126598 0.661941 2.8918e-10 1.04479e-06 1.20966e-10 0.00502103 4.0769e-07 2.64662e-06 1.69854e-06 0.00245335 0.275585 3.25196e-06 0.00890414 2.21514e-10 
0.00740032 5.99706e-05 0.00268017 0.00898661 0.0190204 0.0731614 0.00199713 1.96627e-05 0.00244122 7.52349e-05 0.825909 0.0186534 7.78322e-05 3.88364e-07 0.0193284 1.07399e-06 3.96927e-06 0.0021883 0.00012691 6.97624e-07 0.00987822 0.0079694 2.00196e-05 
0.000610817 0.000126421 0.00906597 0.064726 0.00342155 0.00409378 0.00436953 1.11206e-05 0.0152069 0.0128816 0.394991 0.00073871 0.000672819 6.82151e-06 0.0874701 0.000101341 0.000339373 0.000839164 0.0258252 0.00225189 0.338987 0.0196203 0.0136432 
0.00190004 0.000116253 0.0001658 0.000339014 0.000403491 0.00272549 0.000835485 2.47631e-07 0.00152265 0.00162224 0.743456 0.00291344 1.60336e-07 7.05607e-08 0.126868 1.40848e-05 1.95394e-07 0.0200613 0.000612015 0.0301983 0.00111213 0.0651333 1.29212e-07 
1.612e-09 4.38509e-08 0.128667 0.177608 2.76066e-06 0.000318237 0.0285884 3.84476e-09 9.71068e-07 3.75432e-06 0.0917587 2.61898e-09 1.13241e-06 1.09554e-09 1.01146e-06 2.17065e-09 3.03371e-09 0.00191994 0.0455733 1.9268e-06 0.521949 0.00360564 2.00616e-09 
7.68522e-07 1.97264e-07 0.013549 0.000193019 0.840226 0.00100931 1.07565e-05 7.04304e-09 0.131637 2.48757e-06 0.00367926 5.81194e-07 4.56023e-09 2.00687e-09 0.000536573 0.00312859 5.55732e-09 0.00221653 1.26287e-08 0.000824535 0.00246631 0.000518881 3.675e-09 
0.0169406 2.63891e-06 0.0225887 0.01804 1.21638e-06 0.00802804 0.00144385 9.70982e-09 0.00985538 5.18964e-06 0.639395 0.11779 0.000559139 2.76674e-09 0.0724043 2.14537e-06 7.66155e-09 2.2687e-06 8.59308e-05 0.0570468 0.0106048 0.0252036 5.0665e-09 
6.18216e-05 8.72374e-06 0.0798601 0.375366 0.00327402 0.0086141 0.067968 0.00774598 0.0191576 0.000539639 0.0494253 0.00401703 0.000192547 3.81837e-06 0.0327345 3.78209e-05 0.000223586 0.0234603 0.0186726 0.0082641 0.29722 0.00314149 1.05282e-05 
2.11109e-10 0.000200288 0.188011 0.00499616 9.79577e-06 2.13325e-06 6.15213e-06 5.03511e-10 3.44509e-06 1.33157e-05 0.21645 3.42983e-10 4.0103e-06 1.43472e-10 0.0208203 1.99273e-07 3.97296e-10 1.70377e-06 2.74734e-06 6.83638e-06 0.558542 0.0109304 2.62728e-10 
0.00071284 3.35784e-07 0.00902641 0.286312 0.00120857 0.0777557 0.00212986 0.00191911 9.88144e-07 1.06715e-08 0.157945 0.0360165 3.75121e-06 5.01331e-09 0.0536301 0.0457601 1.38826e-08 0.00479085 0.0657374 0.000327257 0.0654481 0.191274 9.55448e-07 
0.000297586 8.75824e-08 0.14946 0.398149 0.0171872 0.0342935 0.0344557 1.56774e-06 0.00355886 6.48707e-07 0.0780617 1.14602e-06 4.94752e-07 1.767e-10 0.119445 4.0985e-07 0.000637616 0.00533251 0.00336106 0.00645513 0.1493 9.42883e-07 3.23575e-10 
2.08454e-10 1.26724e-08 0.000213311 0.118834 0.00175428 1.34346e-06 0.00387206 1.68023e-05 1.55115e-07 2.66307e-07 9.41021e-05 3.3867e-10 3.21914e-10 1.41668e-10 4.17724e-08 2.80695e-10 1.96679e-08 0.000376486 0.0706744 3.32798e-05 0.803623 0.000506361 7.93563e-07 
0.00273838 5.30502e-07 0.14589 0.00787607 0.3664 0.0072508 2.74964e-06 2.34859e-06 3.91357e-06 9.71789e-06 0.00898121 2.58279e-05 7.78585e-09 3.4264e-09 0.0185797 6.78892e-09 1.30689e-06 0.00649102 3.86538e-06 0.172118 0.258926 0.00469851 6.27447e-09 
3.61592e-05 4.16312e-06 0.011609 0.0805459 0.00113231 0.0103481 0.00785362 2.19406e-05 0.00265987 2.65293e-07 0.84387 7.96217e-05 4.00631e-05 1.24631e-07 0.00686572 2.46938e-07 9.46482e-05 0.00546891 1.76338e-05 0.0107189 0.0160925 6.79489e-06 0.00253315 
0.00642825 9.19177e-06 0.0210541 0.0129944 0.0360534 0.0540181 3.2586e-05 2.84808e-08 0.00176747 1.72747e-08 0.038424 1.51531e-06 0.499191 8.11539e-09 1.52905e-05 3.93178e-05 2.24728e-08 0.272943 0.000426464 7.17494e-06 0.0439357 0.0126587 1.4861e-08 
0.0102119 3.85413e-07 0.0554056 0.0798181 0.00298263 0.105353 5.26421e-05 0.0296678 0.00865149 0.00228165 0.631105 0.00113861 7.12604e-05 1.71261e-07 0.029648 4.22068e-05 5.68607e-05 0.0341264 0.00119656 0.000449222 0.0056272 0.00211351 3.13616e-07 
2.08454e-10 1.26724e-08 0.000213311 0.118834 0.00175428 1.34346e-06 0.00387206 1.68023e-05 1.55115e-07 2.66307e-07 9.41021e-05 3.3867e-10 3.21914e-10 1.41668e-10 4.17724e-08 2.80695e-10 1.96679e-08 0.000376486 0.0706744 3.32798e-05 0.803623 0.000506361 7.93563e-07 
2.53038e-06 0.00374797 0.444327 0.094171 0.0194879 0.354742 0.00129585 6.77899e-06 0.0211803 1.07522e-07 0.0001072 1.36514e-08 2.94254e-06 5.71047e-09 0.021071 2.40176e-07 7.60188e-07 0.00216368 0.000419205 0.0289631 0.00255107 0.00575739 1.03069e-06 
1.06941e-06 4.44428e-06 0.152818 0.0123422 0.000763259 0.00195442 6.86875e-05 8.90584e-10 1.00455e-07 6.06397e-07 0.00202467 5.73587e-07 5.76635e-10 2.53766e-10 0.0130781 5.02801e-10 2.83928e-05 0.800052 0.000559561 4.28121e-07 0.0144893 0.00181353 4.64699e-10 
0.000440899 2.32724e-06 0.0339035 0.0215841 0.460671 0.00284271 0.00190794 8.61185e-09 0.00207922 3.29015e-06 0.00354876 5.43964e-05 0.000830149 2.45389e-09 0.000611828 4.86203e-09 1.47307e-06 0.455147 0.000108288 0.000847479 0.0151056 0.000126483 0.000183719 
2.48636e-07 3.47354e-07 0.00459772 0.362723 0.029524 0.00727812 0.556637 2.39946e-10 0.00102916 1.45537e-10 0.00112098 7.34218e-05 1.32293e-07 6.8371e-11 0.00228541 2.31239e-08 3.16558e-07 0.000385112 0.00340023 0.000867092 0.0297831 0.000295095 1.25202e-10 
2.08454e-10 1.26724e-08 0.000213311 0.118834 0.00175428 1.34346e-06 0.00387206 1.68023e-05 1.55115e-07 2.66307e-07 9.41021e-05 3.3867e-10 3.21914e-10 1.41668e-10 4.17724e-08 2.80695e-10 1.96679e-08 0.000376486 0.0706744 3.32798e-05 0.803623 0.000506361 7.93563e-07 
2.08454e-10 1.26724e-08 0.000213311 0.118834 0.00175428 1.34346e-06 0.00387206 1.68023e-05 1.55115e-07 2.66307e-07 9.41021e-05 3.3867e-10 3.21914e-10 1.41668e-10 4.17724e-08 2.80695e-10 1.96679e-08 0.000376486 0.0706744 3.32798e-05 0.803623 0.000506361 7.93563e-07 
0.00122237 1.94162e-05 0.00733239 0.0405539 0.038131 0.0743292 6.09204e-06 0.00264097 0.000140394 0.0144435 0.714109 0.00024507 1.09967e-06 6.6024e-07 0.0633949 4.00705e-06 8.21123e-05 0.0107866 0.00108089 2.77086e-05 0.0147721 0.0163079 0.000369116 
0.00108073 3.90343e-05 0.170252 0.0991972 0.116993 0.215595 0.0284799 1.03841e-06 0.185277 0.0209846 0.0118382 7.35408e-07 2.83151e-05 2.95215e-07 0.0473682 5.95083e-06 0.000712592 0.0129344 0.000611867 0.00457866 0.0466602 0.0373567 3.78163e-06 
9.14812e-07 2.2039e-08 0.007067 0.0414835 0.00443953 0.335073 9.38872e-06 1.32199e-05 0.0046775 0.000395657 0.0780529 3.81857e-06 3.38008e-06 3.29857e-09 0.0100088 6.53565e-09 9.13425e-09 0.0203844 0.0202483 6.65417e-06 0.457362 0.0207598 1.02235e-05 
7.92941e-09 4.8594e-08 0.00188106 7.07104e-06 0.000134672 0.00525681 2.92049e-06 1.89123e-08 5.42023e-06 1.14711e-08 2.32819e-05 6.61078e-05 1.22453e-08 5.38893e-09 0.0416704 1.06774e-08 1.38808e-07 9.55222e-06 1.10416e-06 4.76136e-06 9.33083e-06 0.950927 9.86828e-09 
1.45827e-06 1.2289e-05 0.029904 0.129 0.060639 0.0136702 0.0100248 1.20543e-06 0.016882 0.568405 0.00563644 1.22039e-06 2.76587e-07 3.45587e-10 0.084858 2.21795e-07 8.50115e-07 0.0013452 0.00753242 0.00553106 0.0458459 0.0207083 6.32844e-10 
1.13449e-08 0.00135612 0.029443 0.0014583 0.337105 0.0283177 1.38558e-06 8.00151e-07 0.00335488 2.23575e-05 0.505129 1.84317e-08 1.75198e-08 7.71011e-09 0.0342202 0.00142597 2.13505e-08 0.00476748 0.000185676 0.000370243 0.0180646 0.0338956 0.000881954 
1.23734e-05 2.37817e-05 0.381185 0.0414197 0.120637 0.0475878 0.00841207 7.08637e-05 0.144293 0.000291297 0.00192951 0.0505663 1.11773e-05 6.85235e-06 0.0292075 6.95495e-06 2.68643e-05 0.00104473 0.00115978 0.0352641 0.0697463 0.0138758 0.0532217 
1.39575e-09 0.000664917 0.213379 0.5976 0.00296126 0.116647 7.37622e-05 3.58561e-07 0.000478773 2.43381e-05 0.0322426 2.26764e-09 0.00231313 9.48567e-10 0.00390427 1.87945e-09 4.34757e-08 0.000104003 0.0114072 4.8663e-09 0.000392181 0.0178065 1.73703e-09 
2.08454e-10 1.26724e-08 0.000213311 0.118834 0.00175428 1.34346e-06 0.00387206 1.68023e-05 1.55115e-07 2.66307e-07 9.41021e-05 3.3867e-10 3.21914e-10 1.41668e-10 4.17724e-08 2.80695e-10 1.96679e-08 0.000376486 0.0706744 3.32798e-05 0.803623 0.000506361 7.93563e-07 
1.30126e-05 5.59488e-06 0.00321536 0.0109696 0.0154148 0.253566 3.90137e-05 0.000119295 0.0359228 9.70649e-05 6.3959e-05 7.92643e-07 0.00256922 3.31568e-07 0.442675 6.56955e-07 4.32386e-05 2.74282e-05 2.18706e-05 0.151246 5.21364e-05 0.0839365 6.07171e-07 
0.000943287 1.38276e-05 0.258977 0.0438189 0.0010326 0.111182 0.0541545 1.65162e-06 0.00805805 1.00177e-06 0.455055 1.12505e-06 1.06939e-06 4.70617e-07 0.0256623 9.32462e-07 1.30321e-06 6.72556e-05 4.57811e-05 6.24589e-06 0.0400487 0.000926233 8.61801e-07 
7.71093e-08 7.34689e-08 0.237212 0.0179947 0.329867 0.0572954 0.000111122 2.51364e-10 0.0348793 1.01463e-08 0.0153671 2.20001e-06 1.62753e-10 7.16245e-11 0.103789 1.41914e-10 0.00046426 0.00261805 1.12871e-07 0.000510901 0.00069454 0.199194 1.3116e-10 
1.14442e-09 0.000480679 2.47519e-06 5.28913e-07 1.40956e-06 9.42052e-07 1.59801e-06 2.72953e-09 0.0257885 1.65557e-09 0.356903 1.85931e-09 1.76731e-09 7.7776e-10 0.504951 0.00885396 2.15374e-09 8.7425e-07 3.02907e-07 2.42767e-06 0.0294464 0.0735653 1.42424e-09 
1.612e-09 4.38509e-08 0.128667 0.177608 2.76066e-06 0.000318237 0.0285884 3.84476e-09 9.71068e-07 3.75432e-06 0.0917587 2.61898e-09 1.13241e-06 1.09554e-09 1.01146e-06 2.17065e-09 3.03371e-09 0.00191994 0.0455733 1.9268e-06 0.521949 0.00360564 2.00616e-09 
2.50417e-05 4.51316e-06 0.102018 0.00826497 0.000529557 0.00132713 5.27314e-05 4.98896e-08 2.00935e-06 1.42103e-05 0.00138369 1.34445e-05 3.23025e-08 1.42157e-08 0.00875781 2.81664e-08 3.91146e-05 0.86616 0.000400415 1.00237e-05 0.00976732 0.00122977 2.6032e-08 
2.42869e-08 3.85498e-05 0.200298 0.0440971 0.494946 0.00283033 0.0379883 0.000152869 2.15843e-05 3.51345e-08 0.000347417 6.72626e-05 0.000101987 1.65057e-08 0.0627188 1.49001e-06 0.0178636 1.7128e-05 0.0527262 0.0835307 0.00158019 0.000672955 3.02254e-08 
0.00599503 0.00013043 0.105764 0.292859 0.151937 0.0287118 0.00710183 5.34137e-08 0.00789258 1.88487e-07 0.00205272 1.00883e-07 1.49539e-10 6.58092e-11 0.0136597 1.86172e-06 0.260313 0.000118987 0.000597894 3.73225e-07 0.12274 0.00012305 9.65667e-08 
1.15588e-10 8.42912e-08 1.12766e-06 0.248266 0.000503271 3.36499e-07 0.0279983 2.75686e-10 0.0198467 1.67215e-10 0.364291 1.87792e-10 1.78501e-10 7.85548e-11 1.16325e-07 2.95882e-07 6.31058e-07 1.26621e-05 0.247219 0.00558943 0.0862713 2.03034e-07 1.43851e-10 
0.000169561 7.87414e-07 0.0206534 0.201627 0.000536013 0.136855 0.000402831 3.27806e-06 0.0374835 1.96091e-06 0.169877 0.00223999 3.25466e-08 1.43231e-08 0.329527 0.000210376 3.8143e-05 5.05254e-06 8.84347e-05 0.00365121 0.0362111 0.0604151 3.9561e-06 
0.000337602 0.000816249 1.75552e-05 0.667078 1.48019e-05 1.92945e-05 0.210303 0.000891249 7.2195e-06 0.00220578 0.0525166 4.76443e-05 2.52252e-07 2.70796e-09 1.07019e-05 5.36545e-09 2.40122e-06 0.000204767 0.0070178 0.00600082 0.0524956 1.17676e-05 4.95886e-09 
2.08454e-10 1.26724e-08 0.000213311 0.118834 0.00175428 1.34346e-06 0.00387206 1.68023e-05 1.55115e-07 2.66307e-07 9.41021e-05 3.3867e-10 3.21914e-10 1.41668e-10 4.17724e-08 2.80695e-10 1.96679e-08 0.000376486 0.0706744 3.32798e-05 0.803623 0.000506361 7.93563e-07 
9.49498e-09 3.39494e-07 2.08003e-05 0.0351751 0.00035661 0.0098445 0.000787099 3.35048e-05 0.000544586 1.37359e-08 0.0927933 1.54263e-08 1.72617e-06 6.45291e-09 0.462814 3.66784e-05 2.18807e-05 2.61919e-05 6.33051e-05 1.13197e-07 0.0133099 0.38417 1.18167e-08 
0.00013322 0.000110654 0.00497542 0.0681585 0.00121898 0.0023176 0.0478394 4.98436e-06 0.000389897 0.000136698 0.713631 5.35396e-05 7.36533e-06 1.66786e-08 0.00543254 0.000114013 4.91152e-05 8.56488e-05 0.000152475 0.00655945 0.146258 0.00175886 0.000611878 
1.45827e-06 1.2289e-05 0.029904 0.129 0.060639 0.0136702 0.0100248 1.20543e-06 0.016882 0.568405 0.00563644 1.22039e-06 2.76587e-07 3.45587e-10 0.084858 2.21795e-07 8.50115e-07 0.0013452 0.00753242 0.00553106 0.0458459 0.0207083 6.32844e-10 
3.02631e-08 3.8935e-07 2.34936e-05 0.0802027 0.00022926 0.0451671 3.83059e-05 3.7886e-05 0.0596771 4.378e-08 0.0018222 0.000364766 1.97967e-06 2.05672e-08 0.682639 6.78244e-06 0.00111027 0.000189484 2.61967e-05 1.33679e-07 0.00200064 0.126414 4.8766e-05 
1.0996e-08 4.24107e-05 0.0396663 0.00743739 0.0177627 0.00261562 0.00601756 4.83935e-05 0.013763 1.59073e-08 0.522931 1.04772e-05 1.6981e-08 7.47299e-09 0.0958275 2.00405e-07 2.06939e-08 0.155662 3.57476e-06 0.00318897 0.127103 0.00792057 1.36847e-08 
4.61133e-05 7.0282e-08 7.23227e-05 0.0624182 2.78471e-05 0.00075742 0.00834303 3.99846e-08 4.04895e-06 0.000605965 2.04443e-06 9.91332e-07 0.879877 1.13933e-08 0.000550731 1.92587e-07 0.000145321 1.90177e-05 0.0290539 5.82199e-06 0.0180497 1.98859e-05 2.08636e-08 
2.08454e-10 1.26724e-08 0.000213311 0.118834 0.00175428 1.34346e-06 0.00387206 1.68023e-05 1.55115e-07 2.66307e-07 9.41021e-05 3.3867e-10 3.21914e-10 1.41668e-10 4.17724e-08 2.80695e-10 1.96679e-08 0.000376486 0.0706744 3.32798e-05 0.803623 0.000506361 7.93563e-07 
9.469e-10 0.000224703 0.00749349 0.528596 0.00219652 0.239138 0.0149651 1.03359e-06 0.0114831 3.18106e-06 0.110156 3.29445e-06 0.00110411 6.43525e-10 0.0252661 6.11759e-07 1.78202e-09 0.00187698 0.000700633 0.0264808 0.0123012 0.0180087 1.17843e-09 
2.08454e-10 1.26724e-08 0.000213311 0.118834 0.00175428 1.34346e-06 0.00387206 1.68023e-05 1.55115e-07 2.66307e-07 9.41021e-05 3.3867e-10 3.21914e-10 1.41668e-10 4.17724e-08 2.80695e-10 1.96679e-08 0.000376486 0.0706744 3.32798e-05 0.803623 0.000506361 7.93563e-07 
2.08454e-10 1.26724e-08 0.000213311 0.118834 0.00175428 1.34346e-06 0.00387206 1.68023e-05 1.55115e-07 2.66307e-07 9.41021e-05 3.3867e-10 3.21914e-10 1.41668e-10 4.17724e-08 2.80695e-10 1.96679e-08 0.000376486 0.0706744 3.32798e-05 0.803623 0.000506361 7.93563e-07 
0.00716683 0.000226077 0.0932228 0.121639 0.0212342 0.304116 0.0575343 0.000185215 0.0476771 0.00159783 0.0830219 0.00191446 0.000122567 3.0156e-05 0.0548803 0.000122192 0.0387985 0.0108434 0.0282659 0.000918769 0.0171216 0.108639 0.000721674 
1.45827e-06 1.2289e-05 0.029904 0.129 0.060639 0.0136702 0.0100248 1.20543e-06 0.016882 0.568405 0.00563644 1.22039e-06 2.76587e-07 3.45587e-10 0.084858 2.21795e-07 8.50115e-07 0.0013452 0.00753242 0.00553106 0.0458459 0.0207083 6.32844e-10 
3.14125e-06 7.43087e-05 0.013334 0.00181929 0.00866193 0.00306467 0.000195183 0.000986494 0.0204832 0.000790674 0.840958 0.00497535 4.851e-06 2.13483e-06 0.0526759 0.00039431 0.000118707 0.00266546 9.9927e-05 0.0371298 0.000944368 0.0106145 3.90933e-06 
3.44514e-09 2.20714e-06 0.00741623 0.70442 0.00045828 0.00337196 0.103836 3.72737e-05 0.00216038 6.20877e-06 6.2712e-07 2.47633e-06 1.85764e-05 2.34136e-09 0.00196939 4.63908e-09 1.92704e-06 8.53787e-05 0.0874731 0.00391891 0.0848016 1.76674e-05 1.22067e-06 
9.0498e-06 2.70247e-09 1.63951e-07 0.133216 0.0344966 0.00140592 0.00243436 0.00137428 0.648242 3.99899e-11 0.00491882 3.38373e-05 3.04825e-07 1.87866e-11 0.01996 1.60401e-07 5.20232e-11 9.47052e-07 0.0441334 1.51362e-09 0.0109503 0.094409 0.00441467 
0.00857866 7.39586e-05 0.00563106 0.00449597 0.00155013 0.0934361 0.000158619 3.75151e-06 0.00609437 8.73592e-05 0.863354 2.55546e-06 2.42903e-06 1.06897e-06 0.000829286 2.11801e-06 2.96013e-06 0.000231177 2.11122e-05 0.00235684 0.00973843 0.00257194 0.000776056 
2.08454e-10 1.26724e-08 0.000213311 0.118834 0.00175428 1.34346e-06 0.00387206 1.68023e-05 1.55115e-07 2.66307e-07 9.41021e-05 3.3867e-10 3.21914e-10 1.41668e-10 4.17724e-08 2.80695e-10 1.96679e-08 0.000376486 0.0706744 3.32798e-05 0.803623 0.000506361 7.93563e-07 
4.58825e-09 2.70264e-07 3.30033e-05 0.577649 8.52583e-05 0.00862579 1.9615e-06 1.09433e-08 0.0552728 0.00332255 0.0790772 3.1765e-05 7.0856e-09 3.11823e-09 2.91589e-05 6.17834e-09 8.63487e-09 0.0552929 2.42039e-06 0.000245623 0.220292 1.38676e-06 3.70048e-05 
2.11698e-06 1.51207e-06 0.00841657 0.194081 0.115748 0.0340448 0.000642382 9.14963e-05 0.000891342 6.52395e-05 7.50799e-05 3.43941e-06 7.68816e-06 1.43873e-06 0.0516379 1.8263e-05 3.98406e-06 0.121042 6.025e-05 0.000114601 0.13178 0.341268 2.63462e-06 
0.000128295 0.00898949 0.0065441 0.0479948 0.00940319 0.02902 0.00139551 1.37728e-06 2.37357e-07 0.0198506 0.823532 1.71175e-09 2.43748e-07 7.16037e-10 0.0270552 0.00138099 0.0039901 0.000111931 0.000228187 0.000351366 0.000537204 0.0193939 9.11904e-05 
0.014887 0.000261916 0.0325566 0.0580024 0.0980744 0.0472026 0.000324715 9.82065e-05 0.0572183 0.0334326 0.17248 0.000209438 6.29637e-05 1.03408e-05 0.105777 0.164774 0.000989918 0.0288268 0.000459355 0.00457203 0.0945318 0.0704084 0.0148402 
1.45827e-06 1.2289e-05 0.029904 0.129 0.060639 0.0136702 0.0100248 1.20543e-06 0.016882 0.568405 0.00563644 1.22039e-06 2.76587e-07 3.45587e-10 0.084858 2.21795e-07 8.50115e-07 0.0013452 0.00753242 0.00553106 0.0458459 0.0207083 6.32844e-10 
6.86327e-07 1.0358e-06 0.0673871 0.562557 0.0719863 0.00153239 0.0279487 0.000130412 8.04e-06 9.92873e-07 0.15684 0.0115911 2.93774e-05 4.66436e-07 0.0285899 9.24179e-07 0.00165211 8.22581e-06 0.00971732 7.28949e-06 0.0134744 0.0465215 1.44144e-05 
2.08454e-10 1.26724e-08 0.000213311 0.118834 0.00175428 1.34346e-06 0.00387206 1.68023e-05 1.55115e-07 2.66307e-07 9.41021e-05 3.3867e-10 3.21914e-10 1.41668e-10 4.17724e-08 2.80695e-10 1.96679e-08 0.000376486 0.0706744 3.32798e-05 0.803623 0.000506361 7.93563e-07 
2.64695e-10 2.36052e-07 0.0221118 0.40241 9.45119e-07 1.86512e-07 0.0740489 6.70684e-07 0.010815 3.09258e-07 0.0145547 0.250676 3.30133e-07 1.7989e-10 0.00722492 5.54215e-07 4.98145e-10 2.4654e-08 0.00221687 0.00297327 0.155019 0.0579462 2.27835e-07 
0.014887 0.000261916 0.0325566 0.0580024 0.0980744 0.0472026 0.000324715 9.82065e-05 0.0572183 0.0334326 0.17248 0.000209438 6.29637e-05 1.03408e-05 0.105777 0.164774 0.000989918 0.0288268 0.000459355 0.00457203 0.0945318 0.0704084 0.0148402 
9.36977e-08 4.72588e-09 0.00995232 0.527537 0.0003198 0.00107739 0.00580099 1.2428e-07 0.0032397 2.14119e-07 0.00149182 1.07088e-09 5.20225e-06 4.47958e-10 0.0196184 1.36146e-06 1.00425e-08 0.287629 0.0795146 5.25941e-06 0.0632931 0.000513914 8.20307e-10 
1.39876e-07 0.00257982 8.70778e-07 0.00855377 9.42923e-07 1.06271e-06 0.000351643 4.98835e-07 0.000865499 0.0498654 0.83297 2.72999e-07 0.00142496 2.93617e-10 1.13328e-06 0.00166896 0.000574417 3.03721e-07 0.000350248 0.00291141 0.0877 0.0100659 0.000112259 
1.19428e-08 0.0357162 0.0184688 0.0106908 0.0139939 0.21345 0.00228899 1.21494e-11 0.0132054 7.36912e-12 0.0034538 8.27599e-12 2.2865e-08 3.4619e-12 0.403447 3.02032e-05 9.58654e-12 4.31811e-08 0.000472442 0.000291215 0.0202964 0.264195 1.23923e-08 
0.000156204 0.636344 0.211066 0.0179445 0.0359323 0.0200791 2.38634e-05 8.71986e-06 0.00319533 2.79385e-06 0.0540809 1.50897e-05 4.04095e-05 1.82526e-06 0.00870224 6.29536e-06 3.63453e-06 0.00329286 2.27129e-06 0.00901022 7.78927e-05 1.16961e-05 2.00031e-06 
2.08454e-10 1.26724e-08 0.000213311 0.118834 0.00175428 1.34346e-06 0.00387206 1.68023e-05 1.55115e-07 2.66307e-07 9.41021e-05 3.3867e-10 3.21914e-10 1.41668e-10 4.17724e-08 2.80695e-10 1.96679e-08 0.000376486 0.0706744 3.32798e-05 0.803623 0.000506361 7.93563e-07 
7.91164e-08 0.000170857 0.00148004 0.183939 0.019519 0.258349 0.0133416 0.000172611 0.0119954 0.00365942 0.237579 0.111888 1.71029e-05 4.0462e-10 0.00079503 2.8103e-07 1.12046e-09 5.15145e-06 6.22871e-05 0.00120961 0.0796858 0.0759637 0.000167559 
1.45827e-06 1.2289e-05 0.029904 0.129 0.060639 0.0136702 0.0100248 1.20543e-06 0.016882 0.568405 0.00563644 1.22039e-06 2.76587e-07 3.45587e-10 0.084858 2.21795e-07 8.50115e-07 0.0013452 0.00753242 0.00553106 0.0458459 0.0207083 6.32844e-10 
1.55766e-07 0.00561892 0.113841 0.0154848 0.0245243 0.779619 0.00214012 2.24325e-10 0.00328513 9.55605e-08 0.00910874 1.52807e-10 6.64283e-05 6.392e-11 0.0203953 2.87129e-06 7.45006e-07 4.57558e-07 6.06466e-05 0.00119785 4.63388e-06 0.024648 3.32882e-07 
1.06941e-06 4.44428e-06 0.152818 0.0123422 0.000763259 0.00195442 6.86875e-05 8.90584e-10 1.00455e-07 6.06397e-07 0.00202467 5.73587e-07 5.76635e-10 2.53766e-10 0.0130781 5.02801e-10 2.83928e-05 0.800052 0.000559561 4.28121e-07 0.0144893 0.00181353 4.64699e-10 
0.00800233 4.52087e-06 0.449076 0.225996 0.0923349 0.0193757 0.0109913 0.000343065 0.00107621 4.38817e-05 0.0425194 1.92496e-06 2.26277e-07 8.30141e-11 0.0434526 1.64481e-10 1.08125e-08 0.00392285 6.14759e-05 0.000555382 0.0986111 0.00363068 1.52017e-10 
2.96572e-09 2.82279e-07 0.00849581 0.090064 4.12166e-05 2.8671e-05 0.00719372 5.19547e-05 3.46112e-06 4.29036e-09 1.73426e-06 4.81834e-09 4.57995e-09 2.01554e-09 9.3202e-07 3.99352e-09 4.20127e-07 0.000952524 0.123973 6.55691e-05 0.769116 1.1064e-05 3.69089e-09 
1.42812e-05 2.01632e-06 0.000904847 3.78611e-05 0.00252158 0.00127966 3.78804e-05 5.03114e-05 0.778042 2.75393e-05 5.57807e-05 0.00162302 0.000637628 1.02851e-08 0.0343701 0.0133904 3.48102e-07 0.0036946 7.72931e-06 0.00057717 0.00811308 0.154612 1.88343e-08 
2.77193e-09 1.86529e-06 0.021554 0.0197041 0.219748 0.620835 0.000728563 5.73547e-05 0.00935503 4.01e-09 0.000780344 4.50348e-09 4.28067e-09 1.88384e-09 0.00032595 3.73256e-09 5.21664e-09 3.46772e-06 1.69493e-07 0.000164701 0.0641351 0.0426041 2.21783e-06 
2.12973e-08 2.45008e-07 0.120834 0.0214011 0.0635417 0.145324 4.00061e-07 7.59575e-07 0.00402291 2.2315e-06 0.110121 0.0013906 1.09267e-10 4.8086e-11 0.268736 2.8678e-08 1.06659e-07 0.017215 9.96906e-07 0.0864476 0.0624117 0.0985498 2.46644e-07 
9.20569e-07 3.58652e-05 0.00168765 0.336622 0.00298792 0.0227843 0.00282697 5.37282e-07 0.00446208 1.85635e-10 0.00401262 0.000373396 0.0142459 8.72083e-11 7.91744e-07 1.72791e-10 4.89429e-08 0.000210482 0.418182 0.000270836 0.18886 0.00243525 3.35239e-08 
2.08454e-10 1.26724e-08 0.000213311 0.118834 0.00175428 1.34346e-06 0.00387206 1.68023e-05 1.55115e-07 2.66307e-07 9.41021e-05 3.3867e-10 3.21914e-10 1.41668e-10 4.17724e-08 2.80695e-10 1.96679e-08 0.000376486 0.0706744 3.32798e-05 0.803623 0.000506361 7.93563e-07 
2.08454e-10 1.26724e-08 0.000213311 0.118834 0.00175428 1.34346e-06 0.00387206 1.68023e-05 1.55115e-07 2.66307e-07 9.41021e-05 3.3867e-10 3.21914e-10 1.41668e-10 4.17724e-08 2.80695e-10 1.96679e-08 0.000376486 0.0706744 3.32798e-05 0.803623 0.000506361 7.93563e-07 
4.43979e-05 6.98165e-09 0.000480949 0.0153275 3.01076e-05 0.000369818 0.00196215 5.99678e-09 0.0032893 1.30854e-05 0.00121931 1.70412e-07 0.939147 1.70874e-09 0.000946064 1.65417e-08 2.85783e-06 8.43485e-06 0.0328117 3.941e-06 0.00430057 4.29609e-05 3.12907e-09 
0.000374924 3.51577e-05 0.0445998 0.362046 0.00455639 0.0934236 0.0450972 0.00954363 0.0180513 6.23289e-05 0.0546746 0.019935 2.06468e-06 1.21346e-06 0.0677516 5.18546e-06 0.00225722 0.000133149 0.200309 0.0151648 0.0580486 0.00391931 8.41427e-06 
