5.27856e-05 6.91758e-06 0.258803 0.039374 0.00655515 0.0285102 0.00697706 2.80041e-05 0.0251279 2.83611e-05 0.00843954 3.24334e-05 3.74759e-05 0.000542503 0.536565 6.82798e-07 5.93594e-05 0.00685438 0.0119656 0.000665017 0.0599684 0.00940643 1.22172e-11 
0.00195141 0.0181369 0.136379 0.00861625 0.0142489 0.0687911 0.00108767 5.53539e-05 0.122591 0.000442952 0.020614 0.000426763 0.000244228 0.000253845 0.385366 4.43121e-05 0.000105045 0.166472 0.000192508 0.00692243 0.0185422 0.0272948 0.00122191 
0.00185314 0.000110499 0.0413203 0.13894 0.183863 0.0206571 0.00555169 5.08999e-06 0.0409189 0.00130171 0.00862644 7.90595e-06 0.00233851 0.028186 0.210672 2.93429e-06 0.000830956 0.0552459 0.0425914 0.00497316 0.0135992 0.198404 1.01344e-06 
0.00192831 0.000132242 0.0263694 0.0474507 0.0104226 0.0540482 0.00274592 0.0130348 0.072876 0.00813496 0.0363602 0.0359181 0.00102139 0.00138285 0.290238 2.20785e-05 2.87109e-05 0.00691109 0.0183465 0.284181 0.0320559 0.0563911 4.77224e-09 
0.000112288 1.69969e-08 0.0757075 0.0466222 0.0216054 0.184881 0.00147489 5.57402e-05 0.081199 3.05135e-07 0.0154549 7.90246e-05 6.5669e-05 0.000555456 0.368713 2.60614e-09 1.26721e-08 0.000658743 0.000433623 0.0032925 0.00565187 0.182807 0.0106296 
7.07939e-12 2.15018e-12 0.179942 1.38042e-07 0.0233443 0.182427 1.35398e-07 3.20982e-08 0.018492 1.02414e-11 6.96548e-08 1.15017e-11 3.82753e-08 3.84948e-08 0.558361 9.53281e-12 1.33231e-11 2.45512e-07 4.79167e-05 0.00259675 0.0135978 0.021191 8.81042e-12 
0.00159061 0.02375 0.117984 0.0611048 0.0093978 0.0456366 0.0482912 0.000515482 0.0252306 0.000200355 0.0618932 0.000753202 1.61941e-05 0.00747186 0.469045 1.35463e-05 0.000209358 0.00189892 0.023085 0.0301624 0.0272192 0.0433548 0.00117623 
1.57193e-05 1.39189e-05 0.098664 0.0993362 0.0113493 0.166364 4.29987e-07 0.00013849 0.013264 0.0013611 0.0197672 7.43664e-11 7.4821e-08 0.033493 0.538523 2.25789e-05 8.25049e-08 0.00119505 0.00011883 1.16039e-07 0.00204115 0.0143308 1.20406e-07 
0.000440973 0.0270798 0.0360862 0.0619999 0.013713 0.111502 0.0146755 8.78621e-05 0.0119414 5.68152e-05 0.0468623 3.03608e-05 4.06391e-06 0.157947 0.281824 1.61969e-05 0.00217069 0.00138581 0.0143954 0.0125497 0.0136876 0.191512 3.20576e-05 
0.000284559 0.000895415 0.0967057 0.0299056 0.00483381 0.0609875 0.0170326 8.37956e-05 0.0274959 0.00544416 0.0140262 0.000608542 0.000859859 0.00326182 0.467521 6.82375e-06 4.4154e-05 0.00403995 0.0380185 0.181501 0.00773059 0.0387121 4.22895e-07 
0.000382343 0.000101164 0.092575 0.0030798 0.00299613 0.03061 0.000120086 4.60052e-06 0.0766194 0.000118139 0.0298927 1.00021e-05 3.30031e-05 0.00107634 0.463119 0.000110152 0.00225578 0.0094253 0.000155461 0.00437248 0.17284 0.108008 0.00209586 
0.0130458 4.20232e-07 0.0817987 0.0594689 0.00922616 0.0469875 0.00680288 6.52853e-05 0.0352246 1.1297e-05 0.0583788 2.45574e-06 7.05176e-06 0.00971609 0.444389 2.04303e-05 0.000230832 0.00311229 0.126559 0.0249058 0.00989295 0.0692341 0.000919963 
0.00779956 0.000123163 0.114056 0.124772 0.00126167 0.0151233 0.00417252 0.000428784 0.0102402 8.30754e-05 0.0405666 1.2064e-05 1.1408e-07 0.00111434 0.568007 9.18492e-06 4.58892e-06 0.000826395 0.0715765 0.00332546 0.0208825 0.0156127 3.10436e-06 
5.52249e-09 0.000257175 0.0758419 0.228507 0.0145415 0.0132428 0.0026932 0.000577162 0.0218303 7.98909e-09 0.190809 2.10014e-06 4.96974e-08 0.0440017 0.277806 5.17342e-07 0.000495024 0.00313374 0.00283057 0.00979786 0.00993736 0.103695 6.87283e-09 
0.00112219 0.000457076 0.126212 0.00797119 0.0030729 0.109581 0.00254633 0.00698821 0.0647104 0.000186157 0.0204534 3.95828e-05 0.000237447 0.0117643 0.550611 0.00129951 0.00415198 0.00337969 0.00228991 0.0112151 0.0422757 0.029014 0.000420639 
0.000298294 0.000701487 0.232476 0.0393558 0.0123427 0.0615117 0.00925448 0.000431702 0.0439456 0.00297414 0.12726 0.000301033 3.41506e-05 0.00220529 0.361382 5.96897e-05 0.0181693 0.00212423 0.0187672 0.0164364 0.0232705 0.0263425 0.000355075 
2.6353e-05 8.10964e-05 0.212227 0.0640633 0.0198247 0.0942998 0.0531283 0.00126831 0.032588 0.00166199 0.00380461 0.000136469 0.000114264 0.000204096 0.377135 0.000349742 0.000873531 0.017577 0.00692717 0.0511978 0.0272546 0.0349972 0.000259781 
1.53581e-06 7.62425e-06 0.0680438 0.00576777 0.000998146 0.155033 0.000113148 3.01548e-07 0.000960803 2.42733e-06 0.00199577 2.15214e-09 5.96271e-06 3.12648e-05 0.650071 1.18879e-06 1.09656e-05 0.000702915 0.000377114 0.00051893 0.0960519 0.0193043 1.64856e-09 
0.000163564 0.000243845 0.12583 0.0501079 0.00930528 0.0295569 0.0101112 0.000111459 0.0400167 0.000387773 0.102607 0.00252959 0.000180493 0.00499328 0.335601 0.000109655 7.91499e-05 0.0209332 0.0137449 0.0179119 0.0238814 0.211584 1.05076e-05 
7.90021e-13 0.0127364 0.0254992 0.000524596 0.020365 0.28319 1.56059e-08 1.88426e-12 0.0101407 1.14288e-12 0.000100861 9.94749e-08 2.33625e-05 7.034e-09 0.391793 7.28213e-05 9.07085e-09 7.98232e-08 0.0201157 0.000494873 0.00666925 0.228273 3.83545e-09 
0.000503339 0.00323165 0.190675 0.0172769 0.00875146 0.055099 0.0135886 7.39024e-05 0.0105859 4.01399e-05 0.0282188 6.3022e-05 0.000371493 0.00152287 0.397713 2.93993e-05 0.0708258 0.00262506 0.00559778 0.013298 0.00502033 0.174681 0.000207492 
0.000402011 4.23849e-09 0.373372 0.00724868 0.0078594 0.00212131 4.32248e-05 8.04668e-08 0.0219194 0.000118899 0.0210142 2.97698e-11 0.000216924 0.0043038 0.516815 5.65465e-09 6.06078e-08 0.00307569 0.0150037 0.00464055 0.0116304 0.0100707 0.00014339 
8.96133e-06 0.00446258 0.117029 0.00939727 0.00785064 0.0112691 0.00480261 2.78603e-06 0.0786569 1.2085e-06 0.0383059 0.00163906 4.43484e-05 0.00160327 0.424822 7.27286e-05 0.000190586 0.000429111 0.00151308 0.0125307 0.113025 0.172304 3.94242e-05 
0.000348238 8.2663e-05 0.113272 0.0341376 0.0888415 0.16684 0.00766307 1.5466e-05 0.0238207 6.25684e-06 0.0122159 0.0108525 2.67003e-05 0.0143169 0.304566 9.32086e-07 2.82003e-08 0.00112982 0.0370427 0.0417539 0.0494233 0.0936441 1.13951e-10 
6.67301e-05 6.60122e-13 0.24833 0.000165955 1.56939e-08 0.0117451 0.000645175 5.18381e-12 0.00227205 3.14419e-12 0.000818244 1.80123e-08 3.35641e-12 1.13638e-05 0.670757 5.85622e-09 6.42217e-08 0.000770408 6.17083e-09 0.0601959 0.000118234 0.00410396 1.19041e-08 
0.00155658 3.61624e-05 0.090502 0.0262766 0.00665996 0.0967494 0.0105435 0.00705407 0.0834928 0.000169994 0.00193586 0.00150795 0.000372513 0.000996475 0.462239 5.80673e-05 5.09189e-05 0.0115776 0.00115743 0.0817946 0.0147255 0.100182 0.000361893 
0.000445961 8.67178e-05 0.0703378 0.07378 0.0614509 0.155858 0.0123542 4.59107e-06 0.00390035 0.000269654 0.10485 0.000391572 0.000294752 0.000726894 0.280418 4.92656e-10 2.1749e-08 0.0456914 0.00823375 0.0139194 0.070712 0.0903135 0.00596026 
4.65613e-09 7.85218e-13 0.215131 0.0268765 0.0126139 0.237837 0.00231804 2.40542e-08 0.011771 3.74002e-12 5.92925e-13 2.7306e-08 2.05217e-07 1.757e-12 0.467443 3.48126e-12 4.86542e-12 0.000578603 0.000616939 0.00096439 0.0181296 0.00572018 3.21745e-12 
0.00132437 8.43971e-05 0.0506664 0.0400258 0.0085837 0.0238159 0.014135 6.92274e-05 0.0120773 0.00295113 0.173573 0.00292297 0.000237399 0.0786685 0.312296 2.85351e-07 0.000340599 0.0031603 0.0929136 0.0317433 0.0821378 0.0675446 0.000728785 
0.00017293 0.00140224 0.0858901 0.0331599 0.00326153 0.0829949 0.0035103 7.73014e-06 0.00787454 1.27663e-05 0.0396454 0.0126211 0.000766724 0.00411975 0.527245 1.92645e-05 8.10789e-06 0.00241955 0.015381 0.0336176 0.0163254 0.129543 1.15495e-06 
3.79714e-06 0.00411769 0.0399746 0.0304886 0.00975515 0.00520539 0.000299964 4.43092e-06 0.107101 8.83163e-07 0.229236 0.000603887 0.000258883 0.00276901 0.250844 0.000316522 1.75475e-05 0.000533638 0.00648848 0.174106 0.0343312 0.103542 3.57557e-07 
1.23208e-05 3.59769e-05 0.0801268 0.0229123 0.00662057 0.0256336 0.0107434 2.7124e-05 0.00473383 2.33571e-05 0.00532601 6.91262e-07 1.37104e-06 0.000262103 0.685545 6.75938e-06 1.31085e-08 0.000144333 0.0263645 0.00241171 0.0035647 0.125504 3.16554e-12 
5.76714e-05 1.99088e-05 0.150243 0.129915 0.00776292 0.0323718 0.0167014 2.98998e-05 0.0526244 0.000175475 0.0492451 0.000116479 9.52258e-05 7.10561e-05 0.456258 0.00112278 0.00316875 0.0288761 0.00951131 0.0166584 0.0134259 0.031549 5.07401e-08 
3.02925e-07 3.03163e-07 0.0167081 0.106101 0.0120059 0.146271 0.0122475 3.02449e-07 0.0453888 3.02772e-07 0.051603 0.00305768 3.02738e-07 0.00415188 0.338506 3.02806e-07 3.02623e-07 0.00584975 0.0109157 0.0486282 0.115541 0.0830222 3.02842e-07 
0.000208874 0.00120649 0.349305 0.013187 0.0430707 0.0273664 0.0115541 0.000117256 0.0446273 0.000242759 0.0126922 0.000462701 0.000182152 0.000902778 0.372205 8.1749e-06 0.000251153 0.00439367 0.0154895 0.0613595 0.0152028 0.0259623 1.53934e-06 
0.00235962 0.000868875 0.0411586 0.015063 0.0303295 0.0217483 0.00033617 0.000675663 0.0815061 0.153892 0.0707857 0.00090219 0.00354475 0.0223227 0.35589 0.000163097 0.000438925 0.017355 0.00118064 0.0821339 0.0294458 0.0678991 2.77307e-08 
3.99129e-09 2.20224e-05 0.00616378 0.00983266 0.00574024 0.00626176 0.00427859 3.96574e-08 0.376189 1.51324e-09 0.0136165 2.57623e-07 4.28436e-08 0.0046084 0.51936 3.97886e-08 1.788e-12 0.00220788 0.00121698 0.00398845 0.0120952 0.0344187 1.18239e-12 
0.00195721 1.00939e-05 0.0873256 0.0189324 0.00129513 0.036068 0.00435081 5.24665e-05 0.006676 0.0224128 0.0477914 0.00100012 2.56439e-06 0.000628753 0.710961 3.10496e-05 0.000434345 0.00172704 0.00654731 0.00122247 0.00379541 0.0467255 5.20545e-05 
0.00226865 8.22779e-06 0.0521895 0.00387254 0.00088979 0.0442287 0.000194331 1.22423e-05 0.0279131 1.55129e-05 0.0580644 3.43507e-05 4.49184e-06 0.000936233 0.726537 0.0018883 1.44443e-06 0.00743314 0.00876739 0.0172873 0.0294373 0.0154149 0.00260086 
4.68123e-05 1.74436e-07 0.354853 0.00129642 0.138673 0.00393353 0.000109157 6.98252e-10 0.000384507 4.23517e-10 0.0873309 7.45318e-07 4.52104e-10 2.69618e-06 0.372186 2.42487e-07 0.000104457 0.000131089 2.55261e-07 0.0100917 9.73776e-05 0.0307577 3.13663e-07 
0.00228401 0.00752681 0.124587 0.0978313 0.00363272 0.0408115 0.0157608 0.000744835 7.7046e-05 7.6861e-08 0.115574 0.00242072 7.68526e-08 0.00173865 0.243001 0.00272895 0.171847 0.00496267 0.119452 0.0082426 0.0162163 0.0205602 7.68788e-08 
0.00170991 0.000210285 0.0473449 0.24139 0.00967127 0.0684206 0.0157511 0.00011516 0.0213191 0.000144663 0.083101 7.77493e-07 1.3658e-08 0.000277594 0.417901 3.5507e-07 3.19466e-05 0.025514 0.00238545 0.0056635 0.0121563 0.0468912 2.63441e-07 
0.0013915 2.41723e-05 0.0394799 0.0460857 0.00438174 0.0263255 0.0125244 3.78822e-05 0.00384521 7.19829e-05 0.0169228 0.00060289 5.44486e-06 0.00133336 0.682362 1.33567e-05 8.92578e-05 0.000107099 0.034188 0.00292983 0.0051623 0.122098 1.85832e-05 
0.0570313 5.76833e-05 0.183289 0.0179058 0.0341337 0.176462 0.000865599 8.79284e-05 0.00248236 0.000778847 0.0507942 0.00914175 1.739e-05 0.0183554 0.263964 7.90288e-06 0.00682782 0.0019098 0.140288 0.0134 0.00776113 0.0144388 5.2687e-07 
2.28534e-06 0.0105231 0.00412 0.0153296 2.2872e-06 2.28753e-06 2.28703e-06 2.28175e-06 0.0601607 2.28418e-06 0.199 2.28372e-06 2.28393e-06 0.00708942 0.450679 0.00617028 2.28306e-06 0.0121208 0.00228975 0.0242461 0.0132682 0.0732045 0.121777 
0.00469059 0.000357325 2.0277e-05 5.57974e-06 0.0119428 0.0617429 5.27824e-05 2.0131e-06 7.21765e-07 1.58554e-10 0.312033 0.0271023 5.09464e-08 0.000741113 0.456842 1.47584e-10 3.8986e-06 5.97623e-11 2.3289e-06 0.023772 9.95921e-06 0.100678 1.364e-10 
6.33618e-05 4.76284e-07 0.302163 0.0607171 0.00110519 0.00855058 0.00155753 4.27371e-05 0.0019907 9.68979e-07 0.00452959 8.29291e-07 7.20526e-05 0.000104939 0.468794 3.02794e-05 0.00265492 0.043412 0.0230741 0.0670543 0.00842978 0.00565145 5.51e-11 
9.82265e-05 9.97826e-06 0.121285 0.040793 0.00126064 0.0319949 0.000276882 1.32381e-05 0.00705546 8.2498e-05 0.064507 1.49734e-07 0.00120113 0.000164811 0.424482 9.81891e-08 8.62412e-05 0.191495 0.00365825 0.00525719 0.103497 0.00278125 1.21568e-10 
9.1179e-05 0.00131832 0.188129 0.0710458 0.0157697 0.0880056 0.00684327 9.15642e-05 0.0276198 3.33228e-05 0.0014219 0.000168286 0.000488604 0.00282628 0.261094 0.000267016 0.000468689 0.202739 0.00671218 0.0393805 0.0278791 0.0575229 8.39879e-05 
3.47771e-07 0.000298276 0.193907 0.0255767 0.0366024 0.159726 0.000836639 0.000340233 0.00148903 0.000433212 0.00804095 1.27829e-10 1.32542e-08 2.41909e-08 0.476265 2.12673e-09 1.48072e-10 0.0035404 2.11195e-06 1.1793e-07 0.00178267 0.0911587 9.79184e-11 
1.74993e-11 4.10254e-06 0.0332119 0.00312289 0.00319522 0.00591302 0.00603286 4.17374e-11 0.347906 3.85163e-09 0.0330476 0.000171473 1.34628e-05 0.000585845 0.376766 0.000515757 3.2933e-11 0.0125181 2.67153e-08 0.00773691 0.01512 0.154139 6.28074e-07 
0.000645152 4.74883e-05 0.0518426 0.0286238 0.0436358 0.172363 0.00253996 6.53776e-06 0.0139323 0.000577006 0.0120093 0.000308827 4.69926e-07 0.00689249 0.341147 4.94145e-06 1.18232e-05 0.00338272 0.0144391 0.0792611 0.0172118 0.211117 4.64179e-07 
6.88285e-05 2.37301e-05 0.0555584 0.0268474 0.00568222 0.0559915 0.00265332 8.24697e-05 0.0191948 1.45574e-05 0.0259136 2.16225e-05 1.24503e-05 0.000988694 0.721379 8.3748e-06 0.00144783 0.00179562 0.0129398 0.000660073 0.00932714 0.0593884 4.51795e-07 
0.000186426 0.00359179 0.0981758 0.0355484 0.00815543 0.170119 0.00643543 1.12357e-05 0.00971231 0.00129113 0.0199727 0.00137972 0.000260336 0.00100297 0.529092 5.81112e-06 0.000411809 0.00343951 0.02477 0.0221577 0.0255996 0.0386705 1.06046e-05 
0.000105738 1.30423e-06 0.102061 0.0182354 0.000471777 0.00716228 0.046209 2.84039e-08 0.130776 8.27373e-05 0.0359758 0.000248805 6.37086e-05 0.00358446 0.559088 5.64061e-08 9.74952e-09 0.00101132 0.00447172 0.00892391 0.0448811 0.036599 4.6699e-05 
6.84299e-08 6.84838e-08 0.0675393 0.263257 0.00356818 0.0819345 0.0376506 0.00177645 0.00441091 6.83954e-08 0.0504084 6.83815e-08 0.000519817 0.00160191 0.393435 6.84032e-08 0.000355549 6.8465e-08 0.0216373 0.0066499 0.0179367 0.0473177 6.84112e-08 
0.000277876 0.000216155 0.0401036 0.213356 0.0329977 0.0228952 0.0147004 6.36634e-05 0.00486171 0.00196318 0.0891368 0.0292785 1.72405e-05 0.0298337 0.365899 0.00179595 4.67029e-05 0.0261324 0.0319164 0.00557503 0.0413757 0.0475576 5.6106e-08 
0.0010281 0.0030339 0.0670323 0.0193396 0.0129407 0.0825329 0.00787059 5.43137e-05 0.0476285 0.000525073 0.0320416 0.00166409 0.00181527 0.00581645 0.450857 0.000122326 0.000729451 0.00411294 0.0115211 0.0191481 0.00895946 0.221089 0.000137181 
0.000300609 1.20943e-06 0.0508817 0.0226678 0.000762165 0.0343 0.00341429 7.89983e-06 0.00340252 5.45135e-06 0.00141865 0.000380786 5.34074e-08 3.24831e-05 0.850511 1.46738e-07 5.61287e-05 0.000260845 0.0181636 0.00322158 0.00116483 0.00875178 0.000294912 
1.17508e-08 2.15989e-06 0.306116 0.0214693 0.00112454 0.0142856 0.00173317 2.55153e-08 0.154187 1.74574e-12 0.0017958 6.24088e-09 3.29816e-06 0.000191302 0.311791 6.98183e-07 2.37527e-09 0.00438715 0.0674585 0.0139016 0.00801828 0.0933364 0.000198366 
0.000132493 4.64998e-05 0.0123326 0.0313545 0.00215546 0.105186 0.0533614 7.35221e-05 0.00155511 0.0056239 0.276621 0.000356328 9.56361e-08 0.00709764 0.405123 1.11263e-06 0.000796386 0.000650373 0.0256869 0.00383573 0.0392889 0.0285626 0.000158775 
0.000189931 2.624e-05 0.145617 0.0161435 0.00400652 0.00845745 0.0079791 8.35803e-07 0.0290087 0.000306728 0.138928 0.0045262 2.16476e-06 0.000347383 0.582683 1.29707e-05 6.69578e-07 0.0157669 0.000672636 0.00347767 0.0275036 0.0143417 5.90934e-09 
0.000421185 0.00022833 0.0712181 0.110607 0.0193987 0.0481756 0.0052839 0.000155177 0.031812 0.0066864 0.180319 0.000332139 0.000887545 0.00356873 0.351189 2.10774e-05 7.01982e-05 0.00695738 0.0915439 0.0219514 0.00842903 0.040385 0.000359943 
6.84299e-08 6.84838e-08 0.0675393 0.263257 0.00356818 0.0819345 0.0376506 0.00177645 0.00441091 6.83954e-08 0.0504084 6.83815e-08 0.000519817 0.00160191 0.393435 6.84032e-08 0.000355549 6.8465e-08 0.0216373 0.0066499 0.0179367 0.0473177 6.84112e-08 
0.00192218 0.00145791 0.198691 0.0552961 0.0304422 0.0530972 0.00760153 0.00084972 0.0621379 0.000682144 0.0311076 0.000951785 0.00102483 0.00413819 0.237614 0.000385462 0.000364299 0.0305849 0.0193357 0.0276889 0.19186 0.0415713 0.001195 
3.71094e-08 1.51477e-08 2.38653e-08 0.00326596 0.000972284 0.0180147 0.000888313 7.70927e-08 0.00345452 1.71107e-09 0.0138235 7.00113e-08 1.14594e-07 0.000147621 0.665269 1.24929e-05 4.75657e-08 4.93791e-08 0.00136298 8.63935e-08 0.0167 0.276088 1.76132e-11 
0.000355175 9.6859e-05 0.118317 0.223329 0.0117379 0.0360933 0.00958182 0.00414211 0.00380066 2.2653e-05 0.00406741 1.1432e-07 0.00489234 0.0227441 0.237967 4.52582e-07 5.28858e-07 0.00137259 0.0441844 0.111087 0.00987742 0.15633 1.92055e-08 
0.000429756 0.000813886 0.212964 0.0363753 0.0558521 0.137012 0.0244351 6.76501e-05 0.0300005 0.000117799 0.0161482 0.00551423 0.00123428 0.00170166 0.248655 2.99877e-05 0.00208156 0.00847324 0.0126891 0.0294033 0.0133894 0.161132 0.00147948 
0.00232138 0.0131607 0.00396883 0.0126888 0.0170778 0.0732611 0.000652313 1.12573e-06 0.0179837 0.000148665 0.0181758 0.00515778 0.000203885 0.00336213 0.387586 7.77057e-05 0.000940287 0.00670755 0.00108368 0.0136523 0.114638 0.307151 1.29683e-07 
0.0126762 0.00639369 0.0142393 0.00537551 0.0283613 0.0490744 0.000167263 4.699e-05 0.0252306 0.00559786 0.00498528 0.00128866 0.00240701 0.0240525 0.531722 8.54129e-06 4.93812e-05 0.00707068 0.0108009 0.0484577 0.0109707 0.210949 7.40393e-05 
0.00205504 0.000213328 0.257011 0.024776 0.00508703 0.0653703 0.0150407 3.76248e-05 0.0249543 2.84159e-05 0.0200975 0.000976967 9.14801e-05 0.00862039 0.413552 2.552e-05 0.00235117 0.00319594 0.0349321 0.00729167 0.023469 0.0903917 0.000430245 
3.21234e-06 5.83669e-05 0.0948022 0.0239056 0.0188485 0.0319245 0.00348649 2.69579e-06 0.0128367 0.000186195 0.0463821 6.56172e-05 8.12181e-05 0.00168188 0.703571 6.90395e-05 5.4969e-05 0.00255964 0.00765717 0.0115535 0.0138234 0.0263247 0.000120997 
8.8212e-05 0.00147712 2.89828e-07 0.0580818 4.31303e-07 0.00600797 0.00048788 2.31175e-11 0.0347446 2.14546e-07 0.162827 1.37017e-07 0.000305555 0.167803 0.381872 2.4811e-08 0.000301151 1.35303e-07 0.000132524 0.0253482 1.09835e-07 0.160521 1.20625e-11 
0.0042014 0.0188321 0.0401063 0.0277419 0.00605802 0.0323544 0.000734983 4.09642e-06 0.0132039 5.73118e-05 0.00334316 3.81653e-08 2.90896e-08 0.0072572 0.648661 1.33286e-07 7.64083e-06 0.00249809 0.0364164 0.104615 0.00529345 0.0486059 7.95124e-06 
0.00228401 0.00752681 0.124587 0.0978313 0.00363272 0.0408115 0.0157608 0.000744835 7.7046e-05 7.6861e-08 0.115574 0.00242072 7.68526e-08 0.00173865 0.243001 0.00272895 0.171847 0.00496267 0.119452 0.0082426 0.0162163 0.0205602 7.68788e-08 
0.00231882 1.78907e-05 0.247767 0.00948615 0.0532562 0.0460132 0.00095323 2.41151e-05 0.0180104 0.00185462 0.005693 0.000131895 0.000330464 0.00104419 0.437238 7.68834e-07 8.31001e-05 0.00838263 0.0407344 0.0824188 0.0167282 0.0275137 1.57932e-08 
0.000211669 5.00692e-06 0.140828 0.0186191 0.000740145 0.030063 0.00237212 2.88362e-05 0.00297202 8.38716e-05 0.0123749 0.00010653 4.35632e-06 5.87331e-06 0.747626 3.43238e-05 0.00079918 0.00370503 0.0104119 0.0131782 0.0082665 0.00756177 1.32445e-06 
4.73084e-10 8.86855e-05 0.00960828 0.0546743 0.0121702 0.232835 0.00185853 2.04077e-07 0.0273206 6.84386e-10 0.205115 7.68609e-10 8.56651e-06 0.0593905 0.247463 6.88111e-07 2.05479e-07 2.57959e-10 0.0197585 1.9731e-07 0.084146 0.0455617 2.32518e-07 
0.000168398 3.16431e-09 0.184242 0.00262115 5.83024e-05 0.0188993 0.0168587 0.000350677 0.000745562 5.36358e-12 0.0162104 0.000148207 3.65802e-10 9.51575e-05 0.686099 5.57821e-09 0.00146172 0.000918273 6.03097e-05 0.0644609 0.000375051 0.00622693 8.25201e-09 
1.09364e-07 0.000602082 0.101273 0.0148996 0.0207524 0.0695782 0.00717966 1.09192e-07 0.0243883 0.00267817 0.01944 0.000666755 0.000885411 0.00920098 0.548861 0.000645101 0.000196767 0.0229126 0.00384235 0.0112078 0.012664 0.128125 1.09334e-07 
0.000105738 1.30423e-06 0.102061 0.0182354 0.000471777 0.00716228 0.046209 2.84039e-08 0.130776 8.27373e-05 0.0359758 0.000248805 6.37086e-05 0.00358446 0.559088 5.64061e-08 9.74952e-09 0.00101132 0.00447172 0.00892391 0.0448811 0.036599 4.6699e-05 
7.70384e-08 0.000370153 0.0727198 0.00167351 0.0560064 0.232456 7.70953e-08 7.69175e-08 0.0254609 7.69994e-08 0.000709448 0.00596634 0.000254148 0.00100965 0.32513 0.000169495 0.000469542 0.0142826 0.091715 0.00467231 0.00963015 0.157304 7.70172e-08 
0.000396402 1.59479e-06 0.301185 0.0165473 0.0533104 0.0206315 0.0109673 1.65105e-06 0.00508488 0.000172357 0.0130512 0.000422668 0.000209125 0.000164001 0.483105 1.38488e-06 3.13957e-05 0.00054106 0.01613 0.0676961 0.00255664 0.00779203 1.36735e-06 
0.000181334 6.94479e-05 0.0913662 0.140266 0.0201979 0.0111424 0.0218045 3.55346e-05 0.0137439 0.000807221 0.215484 0.0105058 0.000101865 0.00391547 0.358826 0.000146885 0.000253778 0.0449039 0.00208788 0.0247894 0.0179488 0.0214217 1.10379e-10 
2.58162e-05 1.58145e-05 0.250322 0.00160922 0.000528443 0.0271404 0.0102197 1.20322e-05 0.00061515 3.26284e-12 0.0255167 0.000682687 6.16724e-07 0.0012302 0.617345 3.03709e-12 2.9604e-08 1.22983e-12 1.76831e-08 0.00361064 0.0499084 0.0112168 2.80694e-12 
0.00129927 4.47153e-05 0.177672 0.00630098 0.00262434 0.0423809 0.00822873 4.73894e-05 0.0198866 3.01506e-09 0.053893 0.00235183 6.55293e-05 0.00140018 0.529029 0.000184452 3.68577e-08 4.59455e-06 0.00187819 0.106963 0.00565412 0.0400494 4.17144e-05 
0.000138351 0.0733632 0.0456371 0.00348457 0.00441981 0.0194638 0.000208814 1.57417e-06 0.138898 5.42963e-06 0.255181 2.93004e-09 1.99949e-05 0.000341547 0.321678 0.00248863 6.62968e-06 1.33431e-06 0.000303151 0.0343464 0.00858169 0.0886742 0.00275758 
0.000118342 4.89293e-09 0.186637 0.00484302 1.54076e-08 0.0198743 0.0252077 0.000701065 2.33491e-05 4.73969e-12 0.0153857 1.98022e-07 5.61925e-10 2.14011e-05 0.73317 4.41176e-12 0.000763156 0.000271167 2.5541e-08 0.00297324 0.000364765 0.00964519 1.25317e-08 
0.000120754 9.32135e-07 0.0380352 0.000129631 0.0545776 0.215336 9.31938e-05 2.76238e-06 0.0729746 1.10112e-08 0.000184047 7.78328e-06 0.000109787 0.000184988 0.337015 9.69552e-10 3.6567e-12 0.00186906 0.000302301 0.00475452 0.000677869 0.273625 5.71791e-09 
2.58162e-05 1.58145e-05 0.250322 0.00160922 0.000528443 0.0271404 0.0102197 1.20322e-05 0.00061515 3.26284e-12 0.0255167 0.000682687 6.16724e-07 0.0012302 0.617345 3.03709e-12 2.9604e-08 1.22983e-12 1.76831e-08 0.00361064 0.0499084 0.0112168 2.80694e-12 
0.000344859 0.000953371 0.102978 0.00468321 0.012056 0.0364423 0.000367446 7.88678e-05 0.0152634 9.48577e-05 0.0199505 0.00196612 0.00112899 0.00135817 0.53818 1.87019e-05 3.16351e-05 0.0123938 0.00751634 0.017144 0.0370821 0.189936 3.0639e-05 
6.99054e-09 7.90106e-07 0.0589585 0.0937321 0.00817917 0.03328 0.00950116 0.000948713 0.0212549 0.00104095 0.00240225 1.83446e-05 8.31045e-07 0.00104295 0.662909 1.04929e-05 1.60832e-05 0.000343628 0.0469487 0.00975161 0.0125021 0.0371573 2.68235e-07 
0.000875282 0.00162371 0.125045 0.0281592 0.0137558 0.172287 0.0128246 0.00131566 0.0338785 0.00104512 0.0197848 0.000434283 0.000280519 0.000889042 0.37837 2.27457e-05 0.000601767 0.00360299 0.0119009 0.0446519 0.0150007 0.133438 0.000211582 
0.00112709 0.00109528 0.128672 0.0405318 0.00374348 0.088841 0.112775 0.000627931 0.00261578 8.16257e-08 0.0634127 0.00827527 2.45668e-05 0.00404407 0.433701 8.16351e-08 0.00154205 8.17088e-08 0.00985013 0.0128974 0.0277245 0.0584982 8.16446e-08 
1.09364e-07 0.000602082 0.101273 0.0148996 0.0207524 0.0695782 0.00717966 1.09192e-07 0.0243883 0.00267817 0.01944 0.000666755 0.000885411 0.00920098 0.548861 0.000645101 0.000196767 0.0229126 0.00384235 0.0112078 0.012664 0.128125 1.09334e-07 
1.34134e-06 4.00309e-10 0.0140846 0.00646623 0.0228788 0.11037 9.8422e-08 1.0035e-07 0.00656385 4.75483e-12 0.000625097 5.01531e-06 4.51794e-08 2.23374e-12 0.749581 4.42585e-12 6.18559e-12 1.0755e-08 0.000455573 4.16327e-08 0.00205749 0.0869109 7.36324e-08 
5.19517e-09 6.07924e-06 0.253698 0.118218 0.000405699 0.111007 0.0611228 0.00100624 0.0099446 1.31564e-08 0.0452942 5.87463e-12 1.59743e-05 0.0002838 0.322328 3.95365e-09 0.00012564 0.000369648 0.00844256 0.00266912 0.0349254 0.0301029 3.35414e-05 
1.53581e-06 7.62425e-06 0.0680438 0.00576777 0.000998146 0.155033 0.000113148 3.01548e-07 0.000960803 2.42733e-06 0.00199577 2.15214e-09 5.96271e-06 3.12648e-05 0.650071 1.18879e-06 1.09656e-05 0.000702915 0.000377114 0.00051893 0.0960519 0.0193043 1.64856e-09 
0.00232138 0.0131607 0.00396883 0.0126888 0.0170778 0.0732611 0.000652313 1.12573e-06 0.0179837 0.000148665 0.0181758 0.00515778 0.000203885 0.00336213 0.387586 7.77057e-05 0.000940287 0.00670755 0.00108368 0.0136523 0.114638 0.307151 1.29683e-07 
8.74004e-05 6.61495e-06 0.0331259 0.0166235 8.53378e-05 0.107077 0.0146089 0.00137762 4.24186e-05 1.67349e-07 0.0707813 0.000126938 6.20509e-08 0.000293038 0.700067 5.83192e-08 0.000643928 0.000828663 0.000181261 0.00304082 0.0370009 0.014001 1.65121e-08 
0.00228401 0.00752681 0.124587 0.0978313 0.00363272 0.0408115 0.0157608 0.000744835 7.7046e-05 7.6861e-08 0.115574 0.00242072 7.68526e-08 0.00173865 0.243001 0.00272895 0.171847 0.00496267 0.119452 0.0082426 0.0162163 0.0205602 7.68788e-08 
0.00022503 0.00493919 0.159808 0.00989895 0.0143179 0.112915 0.00225932 0.000224397 0.022674 0.000269497 0.02489 0.00929082 0.000156404 0.00349088 0.552081 1.45139e-06 5.00617e-05 0.00200835 0.00226374 0.0135469 0.0195932 0.0450686 2.7513e-05 
0.00369606 3.31947e-05 0.0468877 0.185642 0.0921669 0.0561268 0.0147029 0.000235393 0.0159727 4.01545e-07 0.0648399 0.00352753 0.000114684 0.000799985 0.207759 6.91744e-07 0.000619764 0.044852 0.128233 0.00100136 0.0975729 0.0352119 3.87062e-06 
0.000559809 5.37692e-06 0.126128 0.0243064 0.000549926 0.0118074 0.0045249 1.35353e-05 0.00131449 1.01834e-05 0.00194114 0.00109116 2.71832e-06 4.7181e-05 0.772717 1.19883e-06 5.00648e-05 0.000288517 0.0217728 0.00312437 0.00127969 0.0284241 4.02971e-05 
0.000509654 7.66756e-05 0.0856802 0.00360348 0.0265324 0.237556 0.000497321 1.70646e-10 0.0185698 0.000110715 0.0256264 5.28231e-06 4.02917e-06 0.00349784 0.496239 9.2868e-07 0.00136767 0.00104425 0.000109065 0.00815714 0.0135448 0.0772178 4.9787e-05 
6.02238e-09 1.52308e-05 0.106016 0.0502803 0.00265381 0.00833244 0.0065883 0.150517 9.78181e-05 3.94899e-05 0.0218956 9.78442e-09 6.89436e-07 0.000176626 0.619948 5.24151e-05 5.78438e-07 2.68122e-05 0.000889611 0.000925133 0.0271634 0.00437852 1.65691e-06 
0.00192747 0.00522008 0.0991328 0.043571 0.0149709 0.0730587 0.00950879 0.000139319 0.0290189 0.000448472 0.0214726 0.00119228 0.000497362 0.0238911 0.445604 2.26255e-05 0.00108631 0.00422094 0.0265634 0.0480718 0.0157764 0.134505 9.90715e-05 
0.00173212 0.00147598 0.204971 0.0241256 0.0889328 0.13841 0.0018133 8.21733e-06 0.0475969 0.00174947 0.00885353 0.000134779 0.000150614 0.000514506 0.212292 2.27876e-06 0.000131163 0.0124202 0.00545928 0.122483 0.0238576 0.10285 3.603e-05 
0.000700326 0.000130142 0.081514 0.0119223 0.0489405 0.0532739 0.00280844 1.68195e-05 0.0394954 0.0299406 0.0989678 0.000676112 0.000234108 0.00624415 0.21766 8.48195e-07 0.00132938 0.0155847 0.00256819 0.0794286 0.0960717 0.212211 0.00028152 
2.62035e-05 0.0299793 0.0399153 0.00134475 0.00461614 0.0465384 0.000535596 1.4376e-05 0.0567255 1.77127e-06 0.009385 0.00238883 0.00753194 0.0100269 0.432776 4.00862e-05 1.80404e-05 0.000796429 0.0098405 0.0934331 0.0339045 0.220161 2.28994e-12 
5.34526e-05 0.000110153 0.0791372 0.129552 0.00807956 0.123098 0.0429211 1.85563e-05 0.00202894 1.55091e-08 0.037416 5.74291e-09 3.16406e-06 0.000108532 0.347926 3.80331e-09 1.51802e-05 3.10761e-06 0.166567 0.000497127 0.0366523 0.0258132 1.32523e-11 
1.05402e-10 9.00796e-07 0.02664 0.0163412 0.00187351 0.00994591 0.00317838 8.81885e-07 0.052775 0.000100162 0.0110255 0.149432 0.000213032 0.00069421 0.670237 1.85721e-05 7.80086e-07 0.00765677 0.000624433 0.00201235 0.00700787 0.0402186 2.89469e-06 
0.00197995 0.00132733 0.0914886 0.039944 0.0282682 0.257651 0.00649183 0.0003268 0.0332013 0.000701448 0.0308269 0.00346874 0.000751171 0.00523571 0.339007 7.22624e-05 0.00142726 0.00623959 0.0137452 0.0198548 0.0218056 0.0953336 0.000851681 
7.5203e-12 1.08657e-05 0.0165658 0.0107182 2.47561e-06 0.00328902 0.000591521 2.0972e-08 0.00350752 1.08792e-11 0.00969142 2.75535e-05 1.99913e-08 0.000220338 0.942416 2.40501e-05 9.11353e-09 0.00012641 0.00862431 0.000150208 0.000159264 0.00387521 9.35913e-12 
4.19937e-05 0.00587769 0.0206203 0.00270345 0.0181497 0.191026 9.48747e-06 0.000770978 0.0217477 6.57789e-06 0.00236735 7.00508e-05 6.92941e-06 0.00681389 0.384909 1.90911e-06 4.84214e-05 0.00554545 0.00354167 0.00681572 0.0192721 0.309653 1.1347e-06 
0.000247379 3.42232e-05 0.0926926 0.0361542 0.00733296 0.0502342 0.0122528 4.66286e-05 0.00651026 0.00492387 0.0327561 6.66126e-05 7.28298e-05 0.00491726 0.686412 2.37215e-06 0.000181941 0.00527995 0.0190058 0.0175585 0.00719697 0.0161207 1.04133e-07 
0.00011371 0.00020474 0.159744 0.019558 0.0196868 0.109988 0.00105048 2.29352e-05 0.0766167 9.36959e-05 0.0251566 0.00036291 3.2077e-06 0.00127488 0.292719 2.09427e-06 3.77719e-05 0.00268625 0.0109623 0.0258928 0.0061856 0.24751 0.000127784 
0.00254827 0.00244765 0.120242 0.030397 0.0306899 0.244124 0.00769224 0.000327146 0.0306869 0.000990865 0.0283329 0.000799389 0.000248465 0.00337979 0.345592 8.83608e-05 0.00430758 0.00910804 0.01219 0.0284523 0.0240552 0.0731662 0.000133966 
0.000131082 2.6097e-09 0.012256 1.55228e-07 0.00514285 7.01697e-08 1.20919e-08 6.82886e-12 0.00217775 1.53295e-08 3.5394e-08 4.6517e-12 0.000168531 2.63467e-07 0.887203 3.47371e-09 5.38833e-12 1.48315e-07 0.0418571 1.5956e-05 8.34823e-05 0.0509631 5.95097e-08 
8.56419e-05 2.18031e-05 0.0521351 0.0901637 0.00209843 0.0910216 0.0252684 3.06603e-05 0.000261809 2.25274e-06 0.0106324 3.42628e-05 1.75023e-05 0.00146156 0.445026 1.41405e-06 3.00101e-06 1.5425e-05 0.0138613 0.000711013 0.00632228 0.260825 2.63357e-08 
0.00984798 0.0831982 0.0166577 0.0211234 0.0161724 0.0130244 0.00109968 2.54009e-05 0.00206087 4.86744e-05 0.0025461 1.70206e-07 3.85043e-07 0.0207789 0.478803 1.95575e-09 5.89019e-06 0.000280129 0.0188807 0.0316638 0.00428422 0.279493 5.08664e-06 
0.00130715 0.00175825 0.00716067 0.0258432 0.00481047 0.0434259 0.0103655 0.00113671 0.0122239 1.40467e-07 0.0251643 0.00151688 0.00261255 0.00455524 0.322081 0.000351349 1.40398e-07 0.003192 0.237745 0.0101972 0.0506781 0.233874 1.405e-07 
0.000141189 0.0140197 0.174278 0.00493359 0.0155368 0.0269376 0.00258783 7.47342e-06 0.0945636 0.0712841 0.00522199 0.0034344 0.00770391 0.00524403 0.209298 1.75413e-05 1.01277e-05 0.00523491 0.0463204 0.128236 0.0257624 0.159227 7.83931e-09 
0.000190859 8.63275e-06 0.13631 0.019652 0.0147092 0.154772 0.00826976 0.000261601 0.0794999 4.09201e-06 0.0183071 0.00095327 0.0003527 0.000324957 0.339114 3.50911e-05 6.37732e-06 0.157765 0.0108826 0.0160753 0.007972 0.0344958 3.7417e-05 
0.00176022 0.000265307 0.240455 0.0380362 0.0247864 0.0611207 0.00241949 0.000491497 0.102621 0.00115175 0.0154016 0.000260343 0.000184404 0.00267189 0.268465 0.000366197 0.00526242 0.00277236 0.0146239 0.0282626 0.153381 0.0352232 1.70714e-05 
1.67788e-09 9.45186e-07 0.197133 0.0499184 0.0022998 0.0272878 0.0686161 9.90976e-06 0.000352422 5.2744e-09 0.00248815 1.94948e-09 3.58745e-06 1.01901e-05 0.588022 1.00953e-08 5.23887e-09 4.72367e-05 0.0520815 0.000275186 0.00560977 0.00584423 4.15815e-13 
1.4128e-05 0.000153724 0.166881 0.12776 0.00173645 0.0482812 0.0498025 7.5353e-06 0.127577 1.03183e-05 0.0110443 0.000327208 1.35342e-05 0.00624241 0.360757 1.64047e-06 0.000217142 0.00184963 0.026843 0.007277 0.00297091 0.060135 9.87681e-05 
0.000467154 0.00034757 0.0530926 0.167437 0.0331603 0.0361509 0.0123111 0.000111006 0.0392422 0.00696294 0.158851 0.00119965 0.000660771 0.00297429 0.302607 7.19514e-05 0.000154064 0.00637499 0.0855893 0.0199459 0.0200062 0.0520238 0.000257452 
0.00445091 0.00318376 0.0982946 0.0281387 0.0623727 0.147246 0.00805074 0.000336113 0.0925717 0.000630814 0.0145028 0.0032636 0.000762982 0.00359275 0.269701 0.000125087 0.000850068 0.0178892 0.0203803 0.0350452 0.0161857 0.171783 0.000642115 
0.000105252 8.58839e-05 0.338854 0.00263 0.00417082 0.0149416 0.00106265 7.41121e-05 0.133086 3.79167e-05 0.0128232 0.000334284 6.73158e-05 0.000351484 0.38239 3.30594e-05 6.68599e-06 0.0102727 0.021201 0.0439688 0.00483467 0.0284078 0.000261612 
0.0023924 0.000876917 0.185919 0.0839123 0.0357958 0.0385118 0.0274987 0.00260203 0.0172898 0.00359907 0.105541 0.00202425 0.000124637 0.0151304 0.23622 1.05819e-05 0.000965251 0.0107858 0.0502072 0.0343617 0.0675883 0.078577 6.64086e-05 
3.56773e-10 1.66045e-05 0.00141865 0.010898 0.00280491 0.102 0.000596815 1.97983e-07 0.0101608 5.16125e-10 0.0995958 0.0677949 7.89966e-08 0.000729055 0.5272 3.66928e-08 6.71431e-10 5.19202e-05 0.000954955 0.00695057 0.0448725 0.123954 2.8726e-07 
0.000364911 2.32623e-06 0.020263 0.0119908 0.000397982 0.0283324 0.00415133 5.23492e-06 0.00100891 1.04023e-05 0.00405447 0.00295482 1.33309e-06 0.000320633 0.875579 1.41745e-09 7.18598e-05 0.000342775 0.00768198 0.00195195 0.00146706 0.0390145 3.26735e-05 
0.000190707 0.00550693 0.161797 0.0665755 0.105213 0.0802277 0.00486521 0.00054123 0.0488405 0.000156804 0.0288265 0.00014592 0.00103155 0.00601391 0.300621 5.28315e-06 0.00106066 0.0158959 0.00675766 0.0151559 0.0157637 0.130931 0.00387633 
0.000115685 7.30092e-06 0.189514 0.00697279 0.00463566 0.0452706 0.000290754 1.33403e-05 0.207343 3.13198e-09 0.00296641 1.97844e-05 2.39866e-06 0.000393621 0.303546 3.8247e-06 3.11238e-05 0.00424892 0.0150098 0.0442878 0.00118777 0.174134 3.89633e-06 
0.00132746 0.00412648 0.0466186 0.045771 0.0138747 0.00660052 0.00238495 4.95563e-06 0.0480104 0.00126671 0.0106615 0.127974 0.00783827 4.60203e-07 0.314531 5.0029e-06 0.000290628 0.0302278 0.00804891 0.0548965 0.0329781 0.242561 3.23607e-12 
2.10646e-06 1.28822e-06 0.341346 0.00456881 0.00262297 0.0046811 0.000947489 1.44756e-05 0.186789 5.76021e-08 0.0036358 0.000127401 1.72109e-05 6.11726e-05 0.371905 3.82648e-05 9.98728e-05 0.00223186 0.02182 0.0370572 0.00717551 0.0148567 9.92849e-09 
0.000748709 2.76668e-05 0.143973 0.0157845 0.00698892 0.0183334 0.00119741 8.95313e-05 0.147448 0.00452341 0.0209129 0.00188821 0.000251332 0.000781236 0.410444 7.69426e-05 0.00017083 0.0209975 0.0301084 0.136466 0.0222117 0.0165756 1.50452e-09 
0.00012674 0.000121508 0.172134 0.0166271 0.0126765 0.0817599 0.000825726 2.20398e-05 0.126443 3.62929e-05 0.0159699 0.000182786 3.91397e-06 0.00091035 0.295682 3.63131e-06 4.11522e-05 0.00348248 0.0142693 0.0356933 0.0048878 0.21799 0.000110965 
0.00114496 0.000114737 0.179079 0.0122553 0.00324604 0.0429449 0.000882302 1.54616e-05 0.256955 3.81994e-06 0.0160267 6.9562e-05 1.72004e-05 0.00359964 0.394432 2.46721e-06 7.11548e-05 0.00321162 0.0106537 0.00568601 0.00816121 0.0613614 6.56973e-05 
0.000111817 5.44102e-05 0.190991 0.08475 0.0141847 0.0264085 0.0133504 0.000398528 0.065549 3.21932e-06 0.0395491 0.00776037 0.00146912 0.00478103 0.316108 5.90264e-06 7.4801e-06 0.00842391 0.00223677 0.0755258 0.0208492 0.127481 9.07553e-09 
0.00151187 0.037103 0.0580258 0.0262244 0.0168104 0.074915 0.0107485 0.000548081 0.040283 0.0010005 0.00192646 0.000326489 6.94703e-05 0.00482771 0.308348 0.000151061 0.0346901 0.00868405 0.0160216 0.301241 0.0120599 0.044424 5.99577e-05 
1.24719e-05 1.64488e-05 0.262999 0.018342 0.00186787 0.0353633 0.0226623 8.16673e-06 0.00292089 6.68818e-08 0.00363446 0.000657351 3.59582e-05 0.000422162 0.465963 2.18426e-06 4.37506e-05 0.0117177 0.000394599 0.146818 0.00909025 0.0170289 4.24122e-08 
0.00012262 0.00132615 0.0779226 0.0477638 0.0701187 0.0418681 0.0516945 0.000898268 0.0314218 0.000994991 0.0660854 0.00723085 0.000372082 0.00451335 0.257912 2.36908e-05 0.0012701 0.00202071 0.003109 0.0987418 0.102576 0.130541 0.00147243 
0.000871239 0.0016929 0.159069 0.0321689 0.0360396 0.131864 0.00893413 0.000409855 0.0564546 0.00205568 0.0236743 0.00129947 0.00155971 0.00587245 0.356138 0.00018841 0.000360164 0.00607712 0.00860912 0.035664 0.0418383 0.0887612 0.000397849 
0.000259534 0.00013904 0.121335 0.0491799 0.0364817 0.142583 0.00808644 0.00057442 0.000919494 0.0188652 0.165639 3.37678e-05 3.43874e-05 0.0109336 0.193657 1.51059e-05 4.60386e-05 0.000288617 0.00191734 0.000774269 0.183379 0.0603285 0.0045286 
7.96078e-05 0.000173454 0.0317107 0.0247231 0.196533 0.0873249 0.00186416 0.0156595 0.0919899 0.00026873 0.00535012 6.1945e-05 0.000437225 0.00308756 0.378012 0.0282549 4.87014e-07 0.00182266 0.00134077 0.0595605 0.00733583 0.0644088 1.52716e-07 
0.0415333 0.0047395 0.0217378 0.0660355 0.0322138 0.022232 0.000769443 0.000232503 0.0182909 0.000200125 0.0184613 0.00034412 0.00900294 0.0085035 0.426231 1.96564e-06 0.000192231 0.00974483 0.117539 0.0189122 0.0166348 0.166355 9.2451e-05 
9.05588e-06 5.06803e-05 0.266351 0.00766184 0.0087893 0.0427281 0.00109983 5.25486e-06 0.00761461 0.00189427 0.00564556 4.88064e-05 2.45594e-05 0.00613351 0.612146 1.8896e-06 2.23433e-05 0.00370454 0.00337344 0.00612004 0.0161169 0.0103929 6.54676e-05 
2.12928e-11 3.13527e-10 0.077416 0.0105182 0.00784973 0.0614398 0.00520591 1.95684e-08 0.00227669 3.08031e-11 0.00240216 3.45939e-11 7.51739e-06 0.000121229 0.62621 6.69823e-09 6.1893e-08 0.000346165 0.000760015 0.00105351 0.00653649 0.197856 2.64992e-11 
0.00177157 4.38728e-06 0.0826268 0.0369383 0.0179007 0.0983189 0.00356188 3.27782e-05 0.0270728 1.66979e-11 0.0231396 6.49006e-08 0.00013154 3.12429e-05 0.404429 6.37865e-06 3.04542e-08 0.00103781 0.000410669 0.00102114 0.227651 0.0739136 4.4924e-08 
0.00321142 1.55274e-05 0.293997 0.0178712 0.0138063 0.0173274 4.5128e-05 4.60441e-10 0.0379271 4.38975e-06 0.191464 3.13645e-10 0.0126716 2.38283e-05 0.388099 0.000478491 0.00383973 2.43702e-07 0.000170698 0.00404321 0.00846438 0.00653814 9.17242e-07 
7.9652e-11 8.22778e-08 0.317253 0.0025619 0.00824659 0.236881 2.77987e-11 3.80142e-07 0.0150962 1.15228e-10 1.90169e-06 1.29409e-10 1.23006e-10 1.17473e-06 0.361112 1.07256e-10 1.49901e-10 2.60635e-07 1.40456e-11 7.61459e-07 1.13581e-05 0.0588332 9.91282e-11 
1.83791e-10 2.51254e-07 3.65737e-06 0.20857 6.53296e-07 0.133167 1.36627e-05 4.38357e-10 0.0429466 2.65881e-10 0.0699202 2.98601e-10 2.55729e-07 4.35936e-06 0.298308 4.20973e-07 3.45887e-10 1.04235e-06 7.48688e-07 0.00897717 0.172722 0.0390501 0.0263139 
0.000589435 1.65352e-05 0.0733009 0.0463654 0.00216913 0.035874 0.0184205 1.29399e-05 0.000841633 0.000267269 0.00414758 0.0010236 1.49283e-05 0.00109096 0.759303 4.57255e-08 7.12986e-05 0.000946073 0.0364489 0.00102489 0.00426283 0.0136455 0.000162592 
6.21832e-08 1.74369e-08 0.167489 0.0305355 0.0094989 0.0961753 0.00390999 1.83248e-05 0.0535841 3.83966e-09 0.0215884 1.17614e-07 0.000116861 0.000145389 0.5358 2.17839e-08 7.94523e-06 0.00149443 0.000383414 0.0346104 0.00345009 0.0411924 1.52377e-09 
9.88041e-07 3.00092e-07 1.16134e-07 0.00122768 2.76517e-07 0.00460817 3.44828e-07 0.00942859 0.00701493 0.00486121 0.00863376 0.0012858 1.52583e-06 6.71485e-07 0.948712 1.33045e-06 1.85945e-06 0.00102417 1.74229e-07 2.95163e-07 0.00092666 0.0122681 1.22963e-06 
8.59662e-05 1.62128e-05 0.0931935 0.111146 0.00541196 0.016223 0.00080501 6.2591e-06 0.0727071 2.13038e-05 0.0657318 0.00134594 0.00032391 0.00349515 0.506163 0.000994055 0.00595167 0.0111506 0.0125084 0.00353853 0.0169911 0.0721897 1.54274e-08 
0.000979656 0.000137998 0.0458982 0.025921 0.019804 0.0594314 0.00516848 8.35813e-05 0.00752321 0.00145731 0.013474 0.000458694 1.6428e-05 0.00424889 0.702087 1.88452e-06 4.75438e-05 0.00419709 0.0220746 0.00250907 0.0110396 0.0734299 1.031e-05 
1.67513e-08 1.67894e-12 0.117652 7.43825e-05 0.00422223 0.0163848 3.56323e-06 1.31844e-11 0.0730704 2.11692e-06 0.000440649 8.98099e-12 3.16541e-05 2.701e-05 0.758718 2.64899e-07 1.04032e-11 0.0119632 3.22887e-05 0.000882309 0.00894177 0.00755374 6.20914e-09 
