0.00138505 2.62812e-05 0.313328 0.00912968 0.00181252 0.0357119 0.016312 0.00037458 0.0120648 3.21661e-05 0.0143363 3.8866e-05 1.63152e-07 0.0250184 0.320205 6.00373e-07 1.01837e-05 0.00327735 0.0268231 0.188036 0.0122416 0.0198348 3.07293e-11 
0.00141166 1.56133e-05 0.10131 0.0923425 0.0408076 0.0665496 0.01167 0.000312096 0.00632566 2.67381e-05 0.0260087 0.000210241 0.000309385 0.000645895 0.544673 3.4555e-07 2.4928e-05 0.00220437 0.0144793 0.00496952 0.0210079 0.0645998 9.4858e-05 
0.000112288 1.69969e-08 0.0757075 0.0466222 0.0216054 0.184881 0.00147489 5.57402e-05 0.081199 3.05135e-07 0.0154549 7.90246e-05 6.5669e-05 0.000555456 0.368713 2.60614e-09 1.26721e-08 0.000658743 0.000433623 0.0032925 0.00565187 0.182807 0.0106296 
0.000485201 4.42981e-05 0.253831 0.0304712 0.0461384 0.0580736 0.00921961 0.000328223 0.0330268 0.000782863 0.00865327 0.000232265 0.000257958 0.0016811 0.430316 1.33422e-06 8.73718e-05 0.00395343 0.00859238 0.0504754 0.0138402 0.0487878 0.000720156 
0.000168398 3.16431e-09 0.184242 0.00262115 5.83024e-05 0.0188993 0.0168587 0.000350677 0.000745562 5.36358e-12 0.0162104 0.000148207 3.65802e-10 9.51575e-05 0.686099 5.57821e-09 0.00146172 0.000918273 6.03097e-05 0.0644609 0.000375051 0.00622693 8.25201e-09 
3.58804e-05 9.58479e-05 0.25756 0.0313873 0.00245012 0.0341773 0.00481791 3.38236e-05 0.0245478 1.71793e-07 0.0275494 0.00482538 2.01843e-05 0.0025945 0.351076 1.436e-09 0.000155966 0.00466301 0.0196509 0.18845 0.00587352 0.0398409 0.000193294 
3.02925e-07 3.03163e-07 0.0167081 0.106101 0.0120059 0.146271 0.0122475 3.02449e-07 0.0453888 3.02772e-07 0.051603 0.00305768 3.02738e-07 0.00415188 0.338506 3.02806e-07 3.02623e-07 0.00584975 0.0109157 0.0486282 0.115541 0.0830222 3.02842e-07 
0.00110209 0.000151692 0.146926 0.0340752 0.0101287 0.0513518 0.0145379 0.000581552 0.0697333 0.000103366 0.0126234 0.000180019 4.31166e-05 0.00308049 0.400572 5.33763e-06 0.000161939 0.00178993 0.0195106 0.150796 0.045307 0.0264574 0.0107817 
1.5152e-06 0.00914933 0.146847 0.0106935 0.00848194 0.034019 0.00065015 4.12206e-05 0.17549 1.24984e-06 0.147158 0.000562821 2.57372e-06 9.66924e-05 0.384006 2.00755e-06 3.07012e-07 0.00226028 0.0412304 0.00193706 0.00150029 0.0358422 2.61175e-05 
4.34668e-10 1.32019e-10 0.0891556 0.0145393 3.46709e-06 1.27203e-06 0.210778 1.03672e-09 0.159405 1.63554e-06 0.0420529 7.06195e-10 6.71255e-10 6.11517e-06 0.373615 5.85305e-10 8.18025e-10 2.37012e-10 1.76368e-07 0.089761 0.0206799 5.87271e-11 5.40951e-10 
4.86552e-07 9.81634e-06 0.313297 0.00361695 0.000571293 0.0196267 0.00186752 2.37732e-05 0.114826 2.22607e-07 0.048141 3.04094e-05 2.89045e-07 0.00121022 0.466105 2.39388e-06 2.27339e-07 0.000327804 0.00742449 0.0114958 0.00422512 0.00719797 4.13069e-08 
2.80801e-05 0.00149257 0.132356 0.0136343 0.0227519 0.16016 0.00367916 1.11445e-05 0.0180381 5.77256e-05 0.00602848 0.000617812 0.000747744 0.00268921 0.366369 3.04509e-06 7.77967e-05 0.00443581 0.00238705 0.0260198 0.00574635 0.232664 5.10734e-06 
1.63123e-05 7.67141e-05 0.114075 0.0348137 0.00428087 0.130293 0.00866113 1.91273e-05 0.00336464 5.02953e-06 0.0165112 4.33814e-09 2.04721e-05 0.00157522 0.602081 2.23458e-06 7.58413e-05 9.58756e-05 0.0261851 0.00103337 0.00499879 0.0518133 2.53861e-06 
0.00606568 6.72552e-05 0.138082 0.145864 0.00288831 0.0532792 0.0163541 0.000119568 0.166727 3.69972e-08 0.0250259 0.0900199 4.39842e-05 0.000360744 0.220308 0.00372654 0.000506688 0.00132656 0.000129627 0.00783411 0.0132996 0.107956 1.54124e-05 
0.00151506 0.0087879 0.265948 0.0517286 0.00952565 0.0175979 0.00681721 3.49623e-05 0.0222899 0.000147878 0.0122573 0.00019184 2.96823e-05 0.00127756 0.370374 3.43446e-06 2.00616e-05 0.00179874 0.0860054 0.0793425 0.0207898 0.043516 2.41798e-11 
0.0139508 5.18638e-06 0.114624 0.0104739 0.00959154 0.0528097 0.028115 3.25314e-05 0.00780803 0.000118583 0.0640015 0.00170236 4.33384e-05 0.000728984 0.587968 7.74357e-08 2.82067e-05 0.000409402 0.00561516 0.0191387 0.00462719 0.0782063 1.95258e-06 
0.000529282 0.000102692 0.103928 0.0367008 0.00510934 0.0548529 0.00200922 2.1588e-05 0.0210064 0.000208258 0.0349769 5.10601e-10 4.85338e-10 0.0113155 0.619851 4.9985e-06 2.76363e-05 0.000501332 0.00869977 0.046121 0.00644418 0.0473839 0.000205665 
3.34815e-12 3.76155e-07 0.0321054 0.0247116 0.00493582 0.191462 0.000460282 2.40551e-05 0.00486717 4.8436e-12 0.0013597 7.43337e-08 1.40381e-06 1.75807e-05 0.68718 1.75328e-09 1.94553e-06 0.00024603 0.00306562 0.000290791 0.00800074 0.0412688 4.16683e-12 
0.000348238 8.2663e-05 0.113272 0.0341376 0.0888415 0.16684 0.00766307 1.5466e-05 0.0238207 6.25684e-06 0.0122159 0.0108525 2.67003e-05 0.0143169 0.304566 9.32086e-07 2.82003e-08 0.00112982 0.0370427 0.0417539 0.0494233 0.0936441 1.13951e-10 
0.00155658 3.61624e-05 0.090502 0.0262766 0.00665996 0.0967494 0.0105435 0.00705407 0.0834928 0.000169994 0.00193586 0.00150795 0.000372513 0.000996475 0.462239 5.80673e-05 5.09189e-05 0.0115776 0.00115743 0.0817946 0.0147255 0.100182 0.000361893 
0.00414215 0.0209881 0.0664344 0.159704 0.02404 0.138941 0.0156036 6.59142e-06 0.00888429 3.38205e-05 0.012448 1.76811e-07 2.85168e-05 0.0302929 0.181726 5.27974e-05 1.85132e-05 0.0183023 0.0218155 0.00203816 0.152445 0.141912 0.000143136 
0.00030492 0.000474354 0.0839691 0.135089 0.0194668 0.0423354 0.00199697 0.0916408 0.00104738 7.80783e-06 0.0277807 8.62094e-06 0.0229961 0.0142775 0.450569 1.80645e-07 6.87414e-05 0.00023317 0.0221788 0.0548854 0.0172994 0.0133697 7.20312e-08 
6.84299e-08 6.84838e-08 0.0675393 0.263257 0.00356818 0.0819345 0.0376506 0.00177645 0.00441091 6.83954e-08 0.0504084 6.83815e-08 0.000519817 0.00160191 0.393435 6.84032e-08 0.000355549 6.8465e-08 0.0216373 0.0066499 0.0179367 0.0473177 6.84112e-08 
0.000781969 8.40889e-05 0.0927557 0.0385747 0.0164827 0.0792957 0.00455818 2.35885e-05 0.00973131 0.00024396 0.053579 0.000360945 3.45704e-05 0.00176203 0.369439 4.0868e-06 0.00200719 0.00257082 0.00470799 0.00549901 0.0167611 0.300701 4.15541e-05 
1.23208e-05 3.59769e-05 0.0801268 0.0229123 0.00662057 0.0256336 0.0107434 2.7124e-05 0.00473383 2.33571e-05 0.00532601 6.91262e-07 1.37104e-06 0.000262103 0.685545 6.75938e-06 1.31085e-08 0.000144333 0.0263645 0.00241171 0.0035647 0.125504 3.16554e-12 
0.000267351 0.00192902 0.108165 0.0284254 0.0985473 0.00500458 0.0438319 1.77014e-05 0.169778 1.01499e-05 0.00324506 0.00146097 0.000812573 0.00103104 0.343606 1.49389e-05 9.37274e-07 0.00109557 0.00101794 0.156817 0.0183948 0.0165266 5.3595e-07 
0.000315297 1.22181e-05 0.127581 0.0785844 0.00808623 0.0733385 0.0142235 1.8106e-05 0.008896 2.26092e-06 0.00667661 4.98282e-06 1.88027e-06 0.000200373 0.545433 3.33183e-06 2.74442e-05 0.000536668 0.00392286 0.0019171 0.00216661 0.128051 1.11728e-06 
0.00327196 8.21412e-05 0.054628 0.0190271 0.120845 0.0900728 0.00116846 8.23489e-05 0.00760058 0.00098502 0.0526653 0.0114109 0.000842281 0.00186835 0.353824 5.02278e-06 0.00658569 0.00570536 0.0772688 0.0259641 0.00867527 0.157422 2.30185e-09 
3.78651e-05 0.000182989 0.26179 0.000772434 0.0260336 0.0420648 0.0102441 2.1939e-05 0.154209 1.28131e-10 0.00113853 0.000929084 4.14205e-06 5.67063e-05 0.404997 0.000222997 0.016783 0.0056864 0.00481321 0.00232649 0.00745209 0.0602338 2.20153e-09 
0.000214813 0.000175015 0.11028 0.000760542 0.000150079 0.000414939 0.000313482 2.69335e-06 0.0674581 1.38089e-09 0.0701901 0.000851236 3.63317e-05 0.000670907 0.443044 0.00121911 0.00353334 0.000947439 6.32864e-05 0.255818 0.000996211 0.0428599 2.71802e-12 
0.00395821 6.23734e-05 0.0177625 0.0344042 0.00403235 0.129764 0.0135187 3.79707e-05 0.0153132 0.000286687 0.0538118 0.000367286 4.54001e-05 0.00347375 0.352469 0.000103689 1.55214e-05 0.00574689 0.120346 0.0428936 0.0157924 0.183258 0.00253628 
0.000150144 3.57291e-06 0.0395365 0.0620638 0.00555258 0.0322354 0.012756 3.97247e-05 0.0924295 0.00286516 0.266335 0.0241292 0.000103529 0.000539071 0.335464 1.68889e-05 7.08843e-06 0.00761847 0.00917714 0.00453849 0.0802065 0.0224452 0.00178679 
0.00121973 0.000323119 0.164011 0.0961485 0.0153691 0.0557589 0.0220466 8.97502e-05 0.0332195 4.47829e-05 0.037004 0.000680607 0.000318204 0.00724765 0.413276 2.08001e-05 0.00135808 0.00837504 0.0167189 0.0509975 0.022151 0.0534246 0.000196555 
3.9472e-07 1.65875e-05 0.00538208 0.033068 0.00125898 0.20494 0.000363439 4.90546e-07 0.00150639 2.68842e-10 0.00260676 3.1408e-07 5.39073e-06 0.243828 0.454374 1.75747e-06 3.46384e-05 1.01332e-10 0.000114045 0.00370479 0.000650099 0.0481294 1.50711e-05 
1.23191e-06 3.22576e-06 3.36377e-06 0.146175 0.00595939 0.120219 0.0238888 3.26429e-10 0.000795132 0.00798622 0.173446 4.44939e-07 4.4406e-07 4.06656e-05 0.320271 1.84294e-10 2.5757e-10 0.00659332 0.00969804 0.16682 0.0180981 1.21305e-06 1.70328e-10 
4.68506e-05 4.68874e-05 4.68974e-05 4.68982e-05 4.68888e-05 4.68955e-05 4.68852e-05 4.67771e-05 4.68926e-05 4.68269e-05 0.0469383 4.68174e-05 4.68217e-05 4.68678e-05 0.614424 4.68323e-05 4.68039e-05 4.68745e-05 4.68942e-05 4.68877e-05 4.68894e-05 0.337701 4.68377e-05 
9.1115e-07 0.00175315 4.61899e-06 0.0139233 0.000686635 0.0115624 3.72531e-05 1.0951e-06 0.0170357 0.00023146 0.199693 5.58608e-06 1.96762e-06 2.22247e-05 0.541972 0.00050268 2.63252e-08 7.62738e-09 0.0112741 0.161374 5.03068e-06 0.0398842 2.80318e-05 
9.6801e-05 8.0569e-09 0.0265252 0.00699432 0.265855 0.176591 0.000904432 1.22194e-05 0.0384451 2.39222e-11 0.000372607 2.81543e-05 8.77874e-06 2.13988e-06 0.428485 1.22934e-08 3.11206e-11 0.00016206 0.0048093 0.00121053 0.0305962 0.0189013 1.46678e-07 
0.000203031 2.1379e-08 0.0302442 0.24951 0.0018013 0.0513866 0.00910785 8.53861e-06 0.00203218 2.75843e-08 0.0135085 0.0343243 3.55021e-07 3.02325e-05 0.341425 9.68827e-11 3.06985e-05 0.000464159 0.00389616 0.0044631 0.23546 0.0221019 5.55902e-07 
1.79831e-07 0.000508785 0.00300719 0.0142752 3.84215e-06 0.0026475 0.00221267 1.42923e-10 0.0564938 8.66884e-11 0.0102368 4.08996e-07 9.25397e-11 2.03665e-07 0.460491 4.04259e-08 2.14382e-07 6.50259e-07 1.04992e-05 0.0403171 0.0664715 0.343322 2.76004e-07 
0.00556131 6.22824e-05 0.133848 0.138979 0.00889543 0.052994 0.00649967 0.0393115 0.00265409 0.00013879 0.0466982 0.0105017 0.0103706 0.0113535 0.43261 6.14174e-06 4.08952e-05 0.00253866 0.0166879 0.0367534 0.0233273 0.0201648 3.0615e-06 
7.81294e-05 0.000507933 0.230619 0.0313618 0.00413857 0.0152296 0.0111238 4.74887e-06 0.00288754 3.339e-07 0.224517 0.000251707 3.21804e-06 0.0129616 0.259793 0.000113492 0.0472773 0.000667778 0.0530683 0.0216309 0.0632062 0.0205575 4.55655e-11 
0.00159588 3.94622e-05 0.137073 0.0195665 0.0113911 0.243079 0.00694283 0.000404513 0.0577501 9.2592e-10 0.00309957 3.58711e-07 7.42146e-05 0.00728521 0.446515 5.46958e-07 0.000111718 0.0143361 0.000487587 0.0241757 0.0128543 0.0132182 7.96547e-10 
0.000564182 0.0144467 0.101095 0.051126 0.0108284 0.102059 0.00652323 0.000131883 0.0600868 0.000108568 0.0249191 0.00490174 0.00269103 0.00900843 0.389357 5.76604e-05 4.13188e-05 0.0539086 0.0189569 0.0232079 0.0114003 0.114575 5.232e-06 
2.62035e-05 0.0299793 0.0399153 0.00134475 0.00461614 0.0465384 0.000535596 1.4376e-05 0.0567255 1.77127e-06 0.009385 0.00238883 0.00753194 0.0100269 0.432776 4.00862e-05 1.80404e-05 0.000796429 0.0098405 0.0934331 0.0339045 0.220161 2.28994e-12 
2.12113e-05 0.000474947 0.0168401 0.00717399 0.00135824 0.00551764 3.26635e-05 2.76947e-05 0.0595181 0.0011072 0.0936172 8.42551e-05 2.52876e-07 0.000360342 0.71286 0.000220093 1.79641e-05 0.00340066 0.00690004 0.0565192 0.0110534 0.0213353 0.00155986 
9.82265e-05 9.97826e-06 0.121285 0.040793 0.00126064 0.0319949 0.000276882 1.32381e-05 0.00705546 8.2498e-05 0.064507 1.49734e-07 0.00120113 0.000164811 0.424482 9.81891e-08 8.62412e-05 0.191495 0.00365825 0.00525719 0.103497 0.00278125 1.21568e-10 
0.000208238 0.000163296 0.00279052 0.0181859 0.00732531 0.0317122 5.1894e-06 6.8088e-06 0.02209 0.0358065 0.367271 0.00151142 5.18e-08 0.0056687 0.411347 3.58903e-06 0.000255917 0.000745717 0.0132366 0.0440364 0.011758 0.025847 2.4924e-05 
0.00084151 0.00234284 0.103634 0.0121865 0.00566876 0.00609538 0.0124607 4.7181e-05 0.0252988 2.43118e-05 0.0230082 0.00071399 0.000650036 0.00904243 0.430502 1.04109e-05 0.00010769 0.000762297 0.0606618 0.133531 0.0023399 0.170072 4.42355e-09 
1.35713e-09 1.69148e-05 0.0171681 0.000473954 0.000774027 0.0541845 1.78886e-05 3.23687e-09 0.062256 2.58595e-07 0.0239428 0.000158844 1.58335e-05 0.000127246 0.797488 0.0004971 2.55406e-09 0.000208724 2.01735e-05 0.00443222 0.00401737 0.0341999 1.68897e-09 
1.03966e-08 1.15844e-06 0.0774943 0.0224454 0.00851289 0.00939564 0.000687242 6.9594e-06 0.202389 3.80787e-09 0.00018427 6.49428e-06 5.37266e-06 5.88383e-05 0.489378 0.00598791 4.6713e-07 0.130735 0.00200928 0.0107304 0.00820513 0.0317664 2.14614e-09 
1.89348e-05 0.000133433 0.232259 0.00399422 0.00995486 0.01771 0.0584833 3.57221e-05 0.0857142 8.04664e-11 0.00422297 2.44546e-05 3.10073e-06 0.00019057 0.506588 9.26508e-05 0.00357293 0.00071313 0.0085921 0.0123358 0.00613784 0.0492216 1.36671e-06 
0.000833443 4.52508e-06 0.175251 0.0149222 0.0524871 0.0801062 0.000252113 9.18936e-05 0.286091 1.51874e-05 0.00799935 0.000166329 0.000163804 0.000503819 0.295994 3.43203e-06 3.76251e-06 0.00865522 0.00735378 0.0361684 0.0105863 0.0223479 2.4177e-08 
0.000300609 1.20943e-06 0.0508817 0.0226678 0.000762165 0.0343 0.00341429 7.89983e-06 0.00340252 5.45135e-06 0.00141865 0.000380786 5.34074e-08 3.24831e-05 0.850511 1.46738e-07 5.61287e-05 0.000260845 0.0181636 0.00322158 0.00116483 0.00875178 0.000294912 
0.00260354 0.00293283 0.132178 0.0431158 0.018327 0.0541325 0.0128462 0.000329263 0.0423639 0.000922385 0.130055 0.00578093 0.000777913 0.00654262 0.315585 0.000230538 0.000208287 0.00489725 0.0285657 0.0854142 0.0287727 0.0833644 5.37795e-05 
8.67099e-06 3.45083e-06 0.0359905 0.00541815 0.000850143 0.0341701 0.00192602 1.44829e-06 0.0117012 5.01577e-08 0.0442353 1.80176e-07 3.28714e-08 6.16149e-05 0.740943 1.69087e-08 1.04085e-05 5.11929e-06 0.00197565 0.00460244 0.054503 0.0635936 4.1493e-09 
2.69239e-05 2.70374e-05 0.0354572 0.00096842 0.00291285 0.0193285 0.000117438 9.6914e-05 0.0577606 7.36962e-08 0.0076553 0.000405659 8.09148e-05 0.000587639 0.725094 0.000515015 5.83914e-06 0.091327 0.000422086 0.0361476 0.000645493 0.020417 6.06453e-12 
0.00360623 0.000349287 0.0223306 0.0309012 0.0215013 0.0453893 0.0308995 0.000523765 0.0348819 0.000244886 0.0398825 0.000327193 0.000487906 0.0363278 0.387415 6.808e-05 0.00758705 0.00189967 0.0991877 0.0637329 0.0641081 0.108316 3.18319e-05 
1.331e-06 6.43415e-05 0.0821602 0.0562293 0.00799255 0.0218446 0.00125312 0.000777492 0.0863317 1.30786e-06 0.0444077 5.09564e-05 2.15689e-08 0.000216179 0.58234 0.000344592 0.00467846 0.0164036 0.00193285 0.0111118 0.00725189 0.0746051 1.0257e-06 
9.88329e-05 0.000171094 0.0811615 0.151292 0.0043614 0.0567051 0.0113967 0.0259325 0.012435 0.00989403 0.158942 0.000452671 8.48213e-09 0.0032461 0.310629 4.23212e-05 0.0169021 0.000418109 0.0872031 0.0028099 0.0268808 0.0390002 2.55245e-05 
0.000959782 3.75543e-05 0.0727584 0.0193143 0.000275027 0.00344534 0.00459508 8.48216e-09 0.00489089 9.13622e-06 0.0272969 7.20793e-08 1.98236e-06 0.000218829 0.860224 8.54182e-06 3.56099e-08 1.22913e-06 5.88385e-05 0.00274099 0.000713683 0.00242559 2.36239e-05 
0.00719083 0.0742336 0.134382 0.0288443 0.028511 0.0671014 0.0177326 0.000116044 0.0377475 0.00247683 0.113553 1.00586e-05 2.23502e-05 0.14828 0.196148 1.07207e-05 0.000417526 0.00118491 0.0188694 0.0493081 0.0239288 0.049621 0.000310276 
3.07704e-12 1.38326e-08 0.387866 0.00086591 0.0499801 0.0722767 1.02558e-07 2.49599e-08 0.00350811 4.45139e-12 1.31544e-07 2.67658e-06 0.000116809 0.000227571 0.433181 7.46227e-09 5.79084e-12 8.0705e-08 4.13406e-07 0.0098669 1.73434e-07 0.0421078 3.82942e-12 
6.51896e-05 0.0228485 0.0356649 0.00321619 0.00665215 0.0569171 0.000434749 2.01974e-05 0.0483079 0.000121096 0.0109962 0.00202807 0.00564898 0.0111518 0.421699 3.302e-05 2.37341e-05 0.00121938 0.024626 0.130354 0.0336026 0.184369 2.37384e-09 
0.00457617 0.00524948 0.171503 0.0353048 0.0117695 0.0562019 0.0109304 0.0054305 0.0474192 0.0016086 0.0268891 0.000481972 0.000401765 0.0812027 0.277896 7.10111e-05 0.00132214 0.0118302 0.0143129 0.120443 0.0711975 0.0437207 0.000238182 
1.46006e-05 1.55094e-06 0.0434409 0.0940373 0.00849891 0.0226397 0.00386388 1.12971e-05 0.0446321 1.13633e-06 0.00197041 6.18225e-05 6.11396e-05 5.4351e-05 0.420816 0.0051827 0.000220185 0.291237 0.00712374 0.000187002 0.0346168 0.0172773 0.00404992 
0.0137171 0.000239874 0.08741 0.0253062 0.0079283 0.0941388 0.0233369 0.00011676 0.0478591 5.29176e-06 0.0345073 0.00666684 3.53952e-06 0.000784318 0.453675 1.54694e-05 4.70424e-05 0.00154911 0.00210431 0.0276102 0.00424757 0.16726 0.00147117 
0.00967831 6.16024e-05 0.199339 0.0284159 0.0292081 0.0563965 0.00419176 3.32832e-05 0.0780775 0.00260938 0.0151512 0.00162751 0.000712588 0.0114452 0.32618 1.10718e-05 0.000717108 0.0149377 0.0543728 0.0549555 0.0330221 0.077308 0.00154885 
4.13556e-06 0.00033296 0.110489 0.0819817 0.0145636 0.012546 0.0266621 0.000434903 0.0167949 5.70168e-05 0.0533384 0.00471231 8.30896e-06 0.00122917 0.574889 0.000591305 2.33379e-05 0.0425904 0.00644538 0.0268893 0.0217808 0.00363579 8.93753e-10 
0.00197905 0.000125479 0.201588 0.0318844 0.00503613 0.058901 0.00134848 3.64871e-05 0.00400952 0.000635839 0.0566508 0.000274036 0.000798371 0.00292569 0.553473 8.44727e-05 0.0296554 0.00413545 0.0268298 0.00844166 0.00390958 0.00727638 2.86607e-07 
8.7039e-06 5.89648e-05 0.421552 0.0107767 0.00166327 0.00543987 9.28554e-08 0.000131221 0.00108773 4.65385e-12 0.00675157 5.50122e-05 4.96797e-12 9.14405e-05 0.459129 0.000100477 0.0632743 0.00227132 0.00729208 0.00982803 0.00615782 0.0043298 4.00359e-12 
6.01678e-13 1.04124e-06 0.033631 0.0458319 0.00154504 0.0986572 0.00944322 1.8992e-05 0.00304121 8.70415e-13 0.00224885 2.1338e-08 6.90192e-06 3.03123e-05 0.756077 5.0282e-10 1.2917e-06 0.000301948 0.00925588 0.000216253 0.00602042 0.0336718 7.48798e-13 
0.00129927 4.47153e-05 0.177672 0.00630098 0.00262434 0.0423809 0.00822873 4.73894e-05 0.0198866 3.01506e-09 0.053893 0.00235183 6.55293e-05 0.00140018 0.529029 0.000184452 3.68577e-08 4.59455e-06 0.00187819 0.106963 0.00565412 0.0400494 4.17144e-05 
2.15102e-05 9.76229e-06 0.210047 0.0149154 0.00373756 0.0148481 0.0062814 0.000153836 0.00247949 0.000476096 0.0233436 2.24233e-05 0.000148197 0.00047096 0.631519 5.64413e-06 0.000123489 0.000705725 0.00018045 0.0539906 0.010098 0.0264218 1.33406e-11 
0.00151835 1.26609e-05 0.144008 0.0240162 0.0160493 0.182346 0.00250585 4.17758e-05 0.0144009 0.000715464 0.0447684 4.17042e-06 0.000184831 0.00261358 0.385819 1.79498e-07 0.000307112 0.069641 0.00463403 0.005555 0.0770705 0.0232971 0.000490928 
0.001332 0.000106042 0.0336233 0.010681 0.0131281 0.084017 0.00220606 3.09347e-05 0.138795 0.000452127 0.03996 0.000188576 1.41099e-05 0.0128739 0.529727 1.75622e-06 0.000126634 0.0021819 0.00957426 0.00617259 0.00315578 0.111599 5.31908e-05 
2.58162e-05 1.58145e-05 0.250322 0.00160922 0.000528443 0.0271404 0.0102197 1.20322e-05 0.00061515 3.26284e-12 0.0255167 0.000682687 6.16724e-07 0.0012302 0.617345 3.03709e-12 2.9604e-08 1.22983e-12 1.76831e-08 0.00361064 0.0499084 0.0112168 2.80694e-12 
1.40098e-09 9.54015e-10 0.242511 0.00633236 6.17654e-09 0.015289 0.00111284 1.48811e-08 0.000190952 6.13972e-13 0.000304511 6.89529e-13 1.11486e-09 1.23094e-06 0.725368 1.72019e-10 7.9872e-13 0.000369078 1.79182e-07 0.000425163 0.000594458 0.00750141 2.32454e-09 
8.95201e-05 2.88462e-05 0.31758 0.0206599 0.0273279 0.0335509 0.0283646 9.32966e-05 0.0639627 0.000575809 0.00633066 3.71435e-05 3.86777e-06 0.0128605 0.379321 5.0943e-08 4.31784e-05 0.00314688 0.0511408 0.0217988 0.0119053 0.0211779 1.14182e-07 
0.000471198 2.6147e-08 0.161757 0.258862 0.0306937 0.0649405 0.0159779 2.20535e-07 0.000147972 2.49071e-07 0.0317061 4.5332e-05 8.17959e-05 0.000957243 0.277189 1.06345e-10 0.00122413 6.88286e-06 0.00100576 0.0131565 0.126563 0.0152122 1.27581e-07 
7.88191e-11 2.91724e-05 0.24018 0.0176273 0.0040639 0.0321921 0.00638565 3.50834e-05 0.000835919 1.14023e-10 0.0353924 1.42498e-07 2.1491e-06 1.33709e-07 0.512241 9.88057e-08 0.0108441 1.64445e-07 7.85187e-05 0.00706695 0.123396 0.00962896 9.80917e-11 
9.6801e-05 8.0569e-09 0.0265252 0.00699432 0.265855 0.176591 0.000904432 1.22194e-05 0.0384451 2.39222e-11 0.000372607 2.81543e-05 8.77874e-06 2.13988e-06 0.428485 1.22934e-08 3.11206e-11 0.00016206 0.0048093 0.00121053 0.0305962 0.0189013 1.46678e-07 
3.79875e-07 0.00262358 0.00589431 0.0974991 0.0352435 0.0887861 0.0275617 0.00136578 0.0711768 3.79683e-07 0.00665398 3.79606e-07 3.79641e-07 0.00513057 0.490395 0.00812652 3.79496e-07 0.00786784 0.00543765 0.0223167 0.029313 0.0946058 3.79771e-07 
1.84622e-05 1.24528e-05 0.0747361 0.0508694 0.0147199 0.126768 0.0262699 7.13395e-05 0.0186455 5.33614e-08 0.0200935 2.57373e-05 0.000443443 6.96415e-05 0.568677 0.000260357 6.3528e-06 0.000477305 0.0352293 0.000666218 0.00885083 0.0530899 7.13627e-09 
0.00125921 0.0311568 0.173315 0.00454079 0.012324 0.0683099 8.78666e-05 4.47233e-06 0.0122108 0.000284019 0.0012175 3.88741e-06 3.24658e-05 0.00300584 0.552863 1.52221e-07 9.78015e-09 0.00338498 0.00772405 0.0619782 0.00416404 0.0621143 1.81451e-05 
2.62035e-05 0.0299793 0.0399153 0.00134475 0.00461614 0.0465384 0.000535596 1.4376e-05 0.0567255 1.77127e-06 0.009385 0.00238883 0.00753194 0.0100269 0.432776 4.00862e-05 1.80404e-05 0.000796429 0.0098405 0.0934331 0.0339045 0.220161 2.28994e-12 
0.0494587 4.62194e-07 0.047895 0.0392319 0.0295669 0.0724471 0.00701867 0.000149121 0.00397263 0.000315589 0.00781268 0.00620432 5.84845e-07 4.19702e-05 0.550748 1.39148e-05 0.000265236 0.00759025 0.00699871 1.10747e-05 0.136811 0.0332347 0.000211758 
0.000267242 0.000174481 0.271651 0.0235497 0.00850197 0.180112 0.00989656 2.56753e-05 0.0126451 1.33526e-07 0.00459515 0.000790559 1.9279e-05 0.000318159 0.316357 3.70293e-06 0.0146118 0.0408488 0.00943058 0.0515845 0.0260237 0.0285915 5.42513e-07 
4.34079e-05 1.25228e-05 0.0652854 0.0219677 0.0379902 0.0142794 0.00749327 0.00140087 0.126668 0.00126376 0.192004 0.00508245 3.55893e-05 0.000359947 0.390577 0.000276558 0.00155294 0.0362964 0.00100661 0.00422179 0.00986814 0.0793813 0.00293283 
2.62035e-05 0.0299793 0.0399153 0.00134475 0.00461614 0.0465384 0.000535596 1.4376e-05 0.0567255 1.77127e-06 0.009385 0.00238883 0.00753194 0.0100269 0.432776 4.00862e-05 1.80404e-05 0.000796429 0.0098405 0.0934331 0.0339045 0.220161 2.28994e-12 
4.29373e-12 8.92644e-09 0.00820449 0.00919974 0.00397625 0.105785 0.00023956 3.51461e-09 0.0571099 6.21151e-12 0.00639846 0.000578856 1.52094e-08 0.000156656 0.692133 5.78175e-12 8.0806e-12 0.00197725 0.000114188 0.0136767 0.0335574 0.0668919 2.94093e-08 
0.000334385 1.85151e-05 0.177592 0.0545483 0.00346137 0.0368516 0.0233348 3.60837e-05 0.019208 6.37316e-06 0.0200313 0.00128154 9.27384e-06 0.00011844 0.58398 0.00012432 0.000398132 0.0077882 0.0334973 0.00534468 0.0133117 0.0187206 2.78954e-06 
0.00065354 1.68492e-05 0.0618365 0.133375 0.00234543 0.0410508 0.0190239 3.26071e-05 0.000384826 1.88694e-05 0.00469049 0.000114909 1.76327e-06 0.000141809 0.646495 1.9232e-07 5.89953e-05 0.000110758 0.0254442 0.000409636 0.00183985 0.0619399 1.40878e-05 
6.4356e-05 1.68355e-05 0.174583 0.0727587 0.00290075 0.0936272 0.0401098 8.54403e-05 0.020713 2.39762e-06 0.0196795 0.00185387 4.74123e-08 0.000705664 0.469169 7.76135e-06 1.22544e-05 0.000646847 0.00329006 0.0238421 0.0445206 0.0314106 1.71236e-09 
1.49317e-05 1.85808e-05 0.187459 0.0352342 0.00381378 0.0793403 0.0345809 0.000109507 0.00554116 1.03325e-05 0.0077473 4.79054e-05 1.50154e-05 0.000597237 0.554903 1.17066e-06 8.26234e-05 0.000453135 0.0140134 0.00865021 0.0346457 0.0327211 1.32898e-08 
0.000338237 2.26648e-05 0.0212094 0.0175119 0.00654147 0.0651566 0.00180904 5.87907e-05 0.00424541 0.0022896 0.02702 0.000180688 1.54133e-08 0.0137904 0.695326 9.75578e-10 5.66165e-05 0.00557073 0.0959136 0.00883207 0.00851066 0.0255806 3.50887e-05 
0.000501548 0.00367515 0.128161 0.025894 0.0495056 0.0865034 0.00621394 4.76572e-05 0.0130582 6.46009e-05 0.010061 0.000430093 0.0189348 0.00515764 0.512077 8.45864e-07 0.000158194 0.00516776 0.0101752 0.00978682 0.0107959 0.10358 4.99279e-05 
1.1796e-05 3.90063e-05 0.0357067 0.00176689 0.00152339 0.000775441 0.000191105 0.000578816 0.28878 1.67553e-05 0.0220077 0.000647948 2.22525e-05 0.000573871 0.42502 0.000291138 3.17772e-05 0.0206048 0.000518277 0.0464621 0.0102278 0.144199 3.305e-06 
0.000147116 0.00235779 0.163867 0.0311712 0.0440592 0.083931 0.0104874 0.00154819 0.0778387 0.00164421 0.0170395 0.000198984 0.000466601 0.00298016 0.290158 4.38155e-05 0.00306294 0.0028658 0.0355837 0.0797446 0.0197337 0.131015 5.45292e-05 
0.000631803 4.45401e-05 0.132283 0.0454464 0.0106478 0.0481985 0.0100246 0.00308686 0.0284375 0.00118284 0.0228895 0.00154278 6.02908e-05 0.0262648 0.500728 8.62314e-06 0.00244549 0.00410655 0.0188481 0.0117768 0.0140611 0.117192 9.24207e-05 
0.00130715 0.00175825 0.00716067 0.0258432 0.00481047 0.0434259 0.0103655 0.00113671 0.0122239 1.40467e-07 0.0251643 0.00151688 0.00261255 0.00455524 0.322081 0.000351349 1.40398e-07 0.003192 0.237745 0.0101972 0.0506781 0.233874 1.405e-07 
7.41883e-06 1.84903e-05 0.393408 0.0407933 0.00285794 0.0176208 0.0164236 8.96976e-06 0.00772084 1.96334e-06 0.027737 9.77081e-05 3.43587e-05 9.59729e-05 0.404476 0.000202139 0.000579036 0.0294138 0.0102447 0.000494088 0.0209848 0.0266852 9.38867e-05 
0.000305182 0.0112354 0.0883311 0.0256354 0.0348929 0.10927 0.00625657 8.58977e-05 0.132752 0.000149557 0.00479832 0.00218051 0.000674112 0.00721876 0.341548 0.000126833 8.08632e-05 0.00774097 0.00908285 0.0352313 0.02025 0.161257 0.000896829 
0.000395682 1.04311e-05 0.287549 0.00682545 0.0205336 0.120458 0.000930685 1.34696e-08 0.0265931 1.18606e-08 0.0182171 8.83282e-05 5.92082e-06 0.000297735 0.359136 6.97607e-08 2.86313e-06 0.00271274 0.00109679 0.049191 0.0375075 0.0684491 8.31356e-08 
9.18447e-09 1.87824e-05 0.0630375 0.0921801 0.000306649 0.0312722 0.00950972 0.000112159 0.000268684 6.36137e-13 0.0511897 1.58261e-08 2.91392e-09 0.000168746 0.659654 1.47824e-08 0.00257811 1.08757e-08 0.0661315 0.00442513 0.00429181 0.0148553 7.21911e-10 
0.000443524 9.04278e-06 0.136689 0.021548 0.0199476 0.057708 0.00292226 8.75675e-05 0.114776 0.00011937 0.00832488 0.000326766 0.000388534 0.000919219 0.464758 2.27509e-05 0.0011293 0.0269742 0.0340343 0.0100659 0.0316367 0.0671688 7.71756e-07 
0.00445091 0.00318376 0.0982946 0.0281387 0.0623727 0.147246 0.00805074 0.000336113 0.0925717 0.000630814 0.0145028 0.0032636 0.000762982 0.00359275 0.269701 0.000125087 0.000850068 0.0178892 0.0203803 0.0350452 0.0161857 0.171783 0.000642115 
0.0467021 0.0681517 0.0444008 0.0380236 0.00878569 0.0727372 0.00191264 1.50511e-05 0.0299518 4.53426e-05 0.029399 0.00679404 8.00526e-05 0.00438244 0.305427 1.48783e-05 7.39319e-05 0.00621901 0.0164495 0.131533 0.0145372 0.174209 0.000154944 
0.00383252 0.00282039 0.152993 0.0312247 0.0284012 0.14545 0.00386731 0.00118966 0.0916828 0.000938474 0.0372533 0.00156238 0.000726345 0.0122119 0.24664 0.000143419 0.00211179 0.0202186 0.0207436 0.0651556 0.0500163 0.0790949 0.00172211 
0.00395246 2.87967e-05 0.0729557 0.0224313 0.0162368 0.183421 0.0150348 1.90723e-05 0.00453547 0.00237455 0.00638905 0.000107173 0.0185253 0.00348018 0.503707 6.41286e-07 0.00111649 0.00444204 0.0623245 0.0252597 0.0182102 0.0354215 2.56488e-05 
5.46768e-05 0.0091051 0.0951234 0.0212824 0.00478938 0.0345905 0.00155348 0.000136659 0.0299983 1.92093e-06 0.0690997 0.000751376 0.000187757 0.000614825 0.554681 0.000269321 3.12461e-05 0.105787 0.00685035 0.0210757 0.0244668 0.0195409 8.03586e-06 
2.62035e-05 0.0299793 0.0399153 0.00134475 0.00461614 0.0465384 0.000535596 1.4376e-05 0.0567255 1.77127e-06 0.009385 0.00238883 0.00753194 0.0100269 0.432776 4.00862e-05 1.80404e-05 0.000796429 0.0098405 0.0934331 0.0339045 0.220161 2.28994e-12 
4.82461e-06 9.02342e-05 0.0130266 0.0220046 0.00568638 0.044288 0.00146844 0.0526714 0.0107611 2.76235e-06 0.0200074 0.0175536 1.61224e-05 0.000416868 0.416626 0.000127345 2.67839e-05 0.000749404 0.00465456 0.00176441 0.0636327 0.32442 3.41623e-09 
6.502e-05 2.72726e-05 0.334574 0.0100219 0.035954 0.0151449 0.00238292 5.66769e-06 0.0131302 0.0153916 0.00554967 1.49131e-05 6.99846e-05 0.000572283 0.522117 1.3032e-06 0.00120343 0.00151721 0.00413107 0.00631127 0.00581456 0.0259999 5.17393e-11 
4.57183e-05 6.59599e-08 0.0657278 0.0186824 0.00245002 0.296422 0.0271926 1.23806e-10 0.000122354 7.50933e-11 0.00504868 8.43346e-11 1.94483e-06 6.59224e-05 0.549371 1.20263e-08 2.83767e-08 9.9933e-07 0.000680122 1.55069e-11 0.005551 0.0286381 4.3416e-08 
0.000109561 3.11205e-05 0.248494 0.0012251 0.00626789 0.0524744 0.000134278 4.21747e-06 0.0149262 5.08837e-09 0.0675344 5.58723e-05 6.11429e-06 0.00284179 0.514762 2.2406e-05 4.23589e-05 7.12614e-09 0.0010957 0.000387635 0.00411605 0.0854688 3.79291e-09 
0.00469059 0.000357325 2.0277e-05 5.57974e-06 0.0119428 0.0617429 5.27824e-05 2.0131e-06 7.21765e-07 1.58554e-10 0.312033 0.0271023 5.09464e-08 0.000741113 0.456842 1.47584e-10 3.8986e-06 5.97623e-11 2.3289e-06 0.023772 9.95921e-06 0.100678 1.364e-10 
0.000700055 0.000195451 0.128972 0.0208488 0.0167533 0.119959 0.01047 0.000198582 0.0307878 0.000685697 0.00348376 4.57399e-05 0.00010049 0.00772944 0.327651 8.79115e-05 0.0268589 0.00356894 0.00722004 0.242261 0.012064 0.0379248 0.00143382 
0.00011371 0.00020474 0.159744 0.019558 0.0196868 0.109988 0.00105048 2.29352e-05 0.0766167 9.36959e-05 0.0251566 0.00036291 3.2077e-06 0.00127488 0.292719 2.09427e-06 3.77719e-05 0.00268625 0.0109623 0.0258928 0.0061856 0.24751 0.000127784 
1.08901e-12 0.0238951 0.147552 0.122824 0.000956073 0.0715513 0.0432942 7.86888e-05 0.00844242 6.8569e-09 0.0287075 1.76929e-12 4.52212e-05 0.000106813 0.442131 3.90242e-05 1.42015e-05 6.2703e-06 0.00688162 0.000149636 0.0314621 0.0718233 4.02393e-05 
0.000800996 1.1818e-06 0.0679936 0.0271284 0.0154725 0.136808 0.00173602 0.00172268 0.0542854 0.000894964 0.00510369 0.000226795 0.000246101 0.00133911 0.579558 7.82999e-05 3.2176e-05 0.0117627 0.00492566 0.0114007 0.0135247 0.0646732 0.000285128 
7.20582e-05 0.000150437 0.046677 0.0201996 0.0194405 0.0245384 0.00318266 4.38451e-05 0.0290347 6.12759e-05 0.139798 0.0418465 4.11749e-05 0.00164251 0.57735 0.000125482 0.000235166 0.0151864 0.00578341 0.00239135 0.00674722 0.0631265 0.00232627 
5.52048e-08 1.24448e-06 0.277729 0.0566688 0.0119008 0.0936242 0.00261531 4.55884e-05 0.00711659 2.49197e-08 0.00268699 0.000161689 0.000147005 0.000162753 0.387839 6.88931e-07 1.0274e-07 0.00199902 0.000481369 0.00459559 0.134448 0.0177755 9.21486e-11 
0.000111817 5.44102e-05 0.190991 0.08475 0.0141847 0.0264085 0.0133504 0.000398528 0.065549 3.21932e-06 0.0395491 0.00776037 0.00146912 0.00478103 0.316108 5.90264e-06 7.4801e-06 0.00842391 0.00223677 0.0755258 0.0208492 0.127481 9.07553e-09 
7.97054e-06 1.37542e-05 0.123095 0.0379927 0.00153203 0.0628816 0.0415745 7.82638e-05 0.000902445 5.08708e-10 0.0404941 5.36053e-06 8.78624e-08 1.29164e-05 0.621662 3.63741e-07 0.000241109 5.52648e-06 0.000893305 0.000483042 0.0655708 0.0025534 2.46196e-08 
0.000307396 0.0022699 0.190495 0.0914804 0.00339501 0.0191128 0.00435007 0.000192426 0.00120709 2.76894e-05 0.0176375 7.33445e-05 0.000307429 7.3066e-05 0.481827 1.25132e-05 0.00116147 0.0556195 0.0887948 0.0153653 0.0197984 0.00647622 1.65878e-05 
0.00113281 6.61894e-05 0.224497 0.0731701 0.0275048 0.0458424 0.00712346 0.000743435 0.0469799 0.000568009 0.0251257 0.000575167 0.000215061 0.000659423 0.275567 0.000807608 0.000633326 0.0228132 0.0172971 0.0324885 0.174222 0.0219328 3.5162e-05 
2.00887e-08 1.94331e-05 0.259072 0.0076844 0.00879799 0.0434635 0.00104456 4.96736e-06 0.00746321 3.49746e-07 0.00529746 2.41828e-05 1.29293e-05 0.00163757 0.626276 1.456e-06 2.12536e-05 0.00372941 0.00314967 0.00631928 0.0156786 0.0103018 6.02881e-08 
9.92172e-06 0.00122506 0.0452667 0.157192 0.0149085 0.0521213 0.144753 1.22162e-05 0.0182935 0.000187309 0.021681 5.68493e-07 1.14569e-05 0.0224719 0.167691 0.000123251 0.119991 0.00124621 0.153497 0.00281462 0.0362155 0.0402499 3.71359e-05 
1.312e-11 1.5816e-05 0.248461 0.0867699 0.00170759 0.0464342 0.0167978 1.4705e-05 0.00829155 9.02573e-08 0.0544588 2.83613e-08 0.000200265 0.000336599 0.313214 1.16029e-06 1.66645e-07 8.29549e-05 0.0432031 1.41093e-07 0.0375517 0.142458 2.22888e-07 
2.75122e-05 1.06269e-06 0.0749445 0.00861942 0.0295285 0.0575618 0.000127485 5.00581e-05 0.271625 0.000673933 0.0487961 0.0149312 0.000620552 0.000892504 0.301208 7.99242e-05 0.000132284 0.0481741 0.000115704 0.0214563 0.0364265 0.0840063 1.66242e-06 
0.000442986 0.00158123 0.256694 0.0271172 0.00694754 0.0419229 0.00911371 5.29843e-05 0.0176529 0.000707213 0.0429534 0.00103638 0.000438704 0.0244993 0.321193 0.000108518 8.1729e-05 0.00314475 0.00739924 0.169794 0.0375602 0.0278706 0.00168729 
0.000276723 0.000230923 0.213737 0.092236 0.0156572 0.0708577 0.00285173 6.70225e-05 0.0162133 0.000237358 0.109029 0.00174361 0.0059909 0.00215982 0.35876 9.16592e-05 0.00843162 0.0213322 0.00345138 0.00537788 0.0149575 0.0563083 1.04482e-06 
0.000608845 4.90431e-05 0.0424506 0.00443564 0.00463083 0.00476407 0.000135573 7.65866e-07 0.0922731 0.0023308 0.036692 5.46299e-06 6.54859e-05 0.0444517 0.617613 0.000124546 2.87104e-05 0.000289922 8.75745e-05 0.109575 0.00765565 0.03173 1.86455e-06 
0.00451196 6.683e-06 0.173745 0.0376629 0.146609 0.0042726 0.00178431 7.07407e-06 0.0361008 0.0259498 0.101607 0.000182174 2.85943e-07 0.000437052 0.214076 6.09965e-10 2.45115e-06 0.0659816 0.00441237 0.00224191 0.108003 0.0724067 5.63742e-10 
1.16348e-08 0.0256959 0.0559726 0.0370141 0.0300703 0.0450461 0.00353331 0.000145848 0.020285 0.0123846 0.0374674 0.0011253 0.0142639 0.0533845 0.319592 1.38382e-05 0.000145676 0.00136742 0.00688746 0.0412785 0.180898 0.112899 0.000529828 
0.000124036 1.80766e-07 0.0598818 0.0482696 0.255378 0.238562 0.00325835 0.000191493 0.0374978 1.0504e-06 0.000912608 0.000559139 0.000646058 0.000848465 0.257936 7.9431e-08 4.99786e-07 0.00339369 0.00966434 0.00396599 0.00970496 0.069204 2.02658e-07 
0.000688217 0.0011513 0.120649 0.0426538 0.0106555 0.1101 0.0663072 0.00155811 0.176514 2.12369e-05 0.0244393 0.0153043 0.00920499 0.00148478 0.181663 1.41281e-05 0.00180744 0.00402376 0.0348624 0.00888202 0.0141724 0.173837 6.89003e-06 
0.000348248 0.000261527 0.0369142 0.00340311 0.000441613 0.00763238 0.000557971 3.66434e-05 0.256922 0.130772 0.0667821 0.000390831 1.12326e-06 5.21962e-06 0.293403 0.00130872 7.83945e-05 0.00170901 4.07262e-05 0.0176734 0.0237953 0.157385 0.000137761 
0.0134724 0.000359871 0.0539774 0.105785 0.0405736 0.0859743 0.0477442 5.07264e-05 0.0238865 0.000924195 0.0482076 0.035296 0.000859684 0.0294114 0.320993 4.15332e-06 2.25306e-05 0.00269784 0.0632066 0.0422895 0.0575623 0.0267017 6.71436e-08 
0.000767504 0.0189487 0.140704 0.0255664 0.0346027 0.0891705 0.0068673 0.000137391 0.00948358 0.00301157 0.00807686 8.76308e-05 3.08148e-05 0.227898 0.286694 7.11914e-07 0.000316076 0.0225285 0.0159898 0.0706547 0.00590463 0.0324127 0.000145783 
1.23208e-05 3.59769e-05 0.0801268 0.0229123 0.00662057 0.0256336 0.0107434 2.7124e-05 0.00473383 2.33571e-05 0.00532601 6.91262e-07 1.37104e-06 0.000262103 0.685545 6.75938e-06 1.31085e-08 0.000144333 0.0263645 0.00241171 0.0035647 0.125504 3.16554e-12 
0.000744061 0.00459233 0.0936709 0.0388508 0.0494132 0.217647 0.00358011 0.000343709 0.0433848 0.000106051 0.00954169 0.000875017 0.000205693 0.00838349 0.286052 2.32908e-05 0.000283568 0.0271679 0.00855605 0.0203633 0.0167218 0.168202 0.0012902 
0.000536675 4.90863e-05 0.121665 0.0963693 0.0302861 0.0726965 0.00646539 8.19725e-06 0.0149734 0.0177725 0.0587876 5.04443e-05 0.00248722 0.00725702 0.298602 8.56278e-06 8.83865e-05 0.00583596 0.0376983 0.093069 0.0565064 0.0787668 2.00682e-05 
0.00215129 0.000201516 0.0720278 0.167915 0.0276982 0.177428 0.00400573 2.45832e-05 0.00843871 4.57473e-05 0.157356 0.00424371 0.00036502 0.00200175 0.219935 4.87594e-05 0.00125497 0.00463837 0.03114 0.0123063 0.0335249 0.0670913 0.00615685 
0.00860531 3.13795e-05 0.136291 0.0358338 0.0915853 0.0806813 0.00496622 0.000258625 0.0576631 0.000119189 0.0224393 0.00115339 7.73831e-05 0.00305824 0.403338 0.00143125 0.000374992 0.0238076 0.0124782 0.0550164 0.0100423 0.0506648 8.29304e-05 
0.00083569 1.30133e-05 0.0638984 0.0590252 0.0449121 0.0513299 0.0230669 0.000247113 0.0108088 1.68554e-05 0.0380888 0.00539569 0.00197263 0.0124154 0.36091 2.5557e-06 0.00117171 0.00226907 0.170044 0.0048667 0.0204357 0.128275 1.47298e-08 
0.000132261 2.40233e-05 0.246031 0.0923896 0.0279243 0.089154 0.00371503 1.57497e-05 0.0213057 3.81646e-06 0.0501315 3.29804e-08 9.05006e-06 0.0010547 0.345468 7.3981e-07 1.8081e-06 0.00228962 0.000655366 0.000716864 0.0707218 0.0482442 1.10903e-05 
0.00157391 0.0146258 0.0678776 0.0333967 0.0276061 0.112356 0.00420611 4.13753e-05 0.0212797 0.000203836 0.0291449 0.00402826 0.000184286 0.00114749 0.482383 3.14763e-06 2.38645e-05 0.0116606 0.0483301 0.0483607 0.0222123 0.0693444 9.58405e-06 
0.000110244 8.72567e-06 0.261613 0.0253576 0.00684795 0.190445 0.02093 5.04227e-06 0.0153071 7.96956e-06 0.0212984 0.000301186 0.000132133 0.000224035 0.270298 6.0231e-07 9.80423e-06 0.0369978 0.0359929 0.012495 0.0211105 0.0805058 6.44988e-07 
5.65554e-06 0.00119484 0.105238 0.0197949 0.0115907 0.0437373 0.00579369 0.0342852 0.256386 2.5645e-07 0.00699903 0.000416276 0.000856273 0.00171098 0.38609 0.0156933 2.93928e-05 0.0420465 0.00502789 0.0286479 0.0038014 0.0306455 7.98578e-06 
0.000231526 0.0303315 0.0397293 0.0182828 0.00621868 0.0243958 0.00359432 3.94632e-05 0.0802292 1.33354e-05 0.046953 0.000221058 3.60212e-06 0.146509 0.440004 3.24547e-05 3.97729e-05 0.00164998 0.00124539 0.0169843 0.0209933 0.122296 2.04437e-06 
2.1167e-08 7.7532e-10 0.0675632 0.0425043 0.00192183 0.159502 0.00198764 4.65466e-08 0.000398896 1.08582e-12 0.0426458 1.21944e-12 8.81041e-09 0.00133693 0.602763 1.31491e-09 1.617e-05 4.09268e-13 0.00159305 2.17724e-08 0.0103689 0.0673982 4.76486e-09 
0.00492263 0.0412108 0.0656993 0.016637 0.0203581 0.0292208 0.0117148 3.96579e-05 0.0517175 0.0011667 0.0152082 8.50569e-05 0.000750476 0.0944486 0.331287 6.26794e-05 0.00239554 0.00323381 0.0433512 0.035667 0.00664041 0.223229 0.000953958 
0.00055617 0.00011475 0.24927 0.00626063 0.046929 0.141072 0.00153978 1.80839e-05 0.12573 7.8168e-08 0.00316887 0.00100969 0.000563198 0.000670034 0.302633 3.09472e-07 1.32652e-06 0.0282385 0.0131906 0.0364836 0.00442653 0.0380889 3.49443e-05 
3.86232e-05 0.00354686 0.05157 0.00049941 0.0849984 0.014097 0.000150619 1.68293e-05 0.235979 6.88049e-06 0.0371134 0.00225734 0.00193687 0.00415825 0.403136 5.58119e-05 2.58863e-05 0.00950899 0.000229237 0.0500084 0.000426716 0.10024 8.64542e-08 
0.00593223 0.000843272 0.0801733 0.0387151 0.0134016 0.0319353 0.00240538 0.000168979 0.0622619 0.00135863 0.0662297 0.0681441 0.000499609 0.00492231 0.360594 0.00337121 6.3878e-05 0.021116 0.00509038 0.0567527 0.0392823 0.13661 0.000128191 
1.13794e-10 3.45619e-11 0.195576 2.21889e-06 6.9745e-06 0.043736 2.17638e-06 5.15944e-07 6.89636e-06 1.6462e-10 1.11963e-06 1.84878e-10 6.15236e-07 6.18763e-07 0.730566 1.3806e-07 2.14155e-10 3.94635e-06 8.54839e-07 2.80116e-06 0.0101462 0.0199465 1.41618e-10 
0.000431627 0.00012852 0.0462534 0.0185608 0.0414001 0.0669266 7.92483e-05 0.000134215 0.121639 8.59571e-05 0.142965 0.000725397 0.000321452 0.0545978 0.342851 0.00525158 0.00106226 0.0603156 0.000408648 0.00271774 0.0320606 0.0600877 0.000996477 
0.000294479 0.00205995 0.139894 0.0108021 0.00536729 0.0432007 0.00120382 7.5576e-06 0.0342174 8.27181e-05 0.0104869 2.3716e-05 0.00142834 0.00070529 0.639789 9.74765e-05 4.94046e-05 0.00207019 0.0104972 0.0192606 0.0247297 0.0537285 3.41832e-06 
