0.000123559 0.0277473 0.0221471 0.128656 0.0608831 0.0219585 0.0064605 0.00119829 0.00383122 0.00234196 0.00713776 0.00145896 0.0129211 0.219949 0.130344 1.05248e-06 2.75513e-05 0.00114223 0.0500402 0.134442 0.0197956 0.147386 7.81384e-06 
7.41554e-09 7.53503e-06 0.0191819 0.0513611 0.000352906 0.0128789 0.612906 0.000213743 0.0105364 5.3032e-05 0.00213206 0.129046 1.86915e-05 0.00485488 0.0137724 5.1247e-12 3.11196e-06 0.000345565 0.0856919 0.0103438 0.0413306 0.00496212 7.29784e-06 
0.000128018 0.0681358 0.00219823 0.0184824 0.00458936 0.00629607 0.000659777 0.114598 0.00807499 0.0159861 0.0406494 1.13937e-05 8.30372e-06 0.516017 0.0614444 9.60528e-07 1.77786e-05 0.000410778 0.00480653 0.120458 0.00420107 0.012788 3.73025e-05 
0.00141166 1.56133e-05 0.10131 0.0923425 0.0408076 0.0665496 0.01167 0.000312096 0.00632566 2.67381e-05 0.0260087 0.000210241 0.000309385 0.000645895 0.544673 3.4555e-07 2.4928e-05 0.00220437 0.0144793 0.00496952 0.0210079 0.0645998 9.4858e-05 
0.00340889 0.00318275 0.0794723 0.0537871 0.0359259 0.147524 0.00242021 7.78038e-05 0.0699396 0.000575489 0.00880926 0.0342936 0.00173386 0.000928228 0.256222 1.29838e-05 0.000282192 0.00524786 0.0178805 0.0305731 0.00888615 0.238546 0.000270095 
4.47392e-05 3.90781e-05 0.0373252 0.16981 0.43692 0.168444 0.00820032 6.92375e-05 0.00946609 3.60315e-07 0.0223593 0.000105096 0.003326 0.000436318 0.0131546 1.54938e-07 2.19737e-07 0.0408583 0.00110322 0.00176783 0.00662088 0.0360057 0.0439433 
0.0126181 0.0101126 0.0396298 0.014964 0.0124888 0.0386568 0.00150928 4.39397e-05 0.083353 0.000999465 0.0176061 0.000224528 0.000244775 0.00954955 0.309634 2.86939e-05 0.00012929 0.00236595 0.0492088 0.0344404 0.0085579 0.350516 0.00311796 
0.000991547 0.00334794 0.355485 0.0998647 0.0151115 0.074538 0.0174145 6.31799e-05 0.0366621 6.44008e-05 0.0167807 0.000436898 0.00147958 0.00265662 0.197353 2.90032e-05 0.000638135 0.0125529 0.0334709 0.059195 0.018335 0.0531075 0.000421712 
7.47944e-05 0.000723371 0.0123577 0.0611474 0.201254 0.0334944 0.000969965 8.18043e-05 0.0148534 6.20674e-05 0.273985 0.000177422 2.82318e-05 0.152477 0.00684327 1.238e-07 9.50149e-07 0.000571973 0.0163987 0.0250438 0.122559 0.0768922 3.52223e-06 
0.00139132 5.66944e-05 0.210819 0.00211905 0.00768486 0.53301 6.1027e-05 0.000592914 0.00288494 4.11889e-05 0.00291621 9.78073e-06 5.50607e-05 8.36685e-05 0.193474 2.78707e-07 4.81794e-07 0.0024846 0.00843001 0.0128606 0.0090825 0.0119278 1.39936e-05 
0.000294306 0.0265509 0.11579 0.111091 0.0261916 0.0887397 0.000309745 1.62378e-05 0.0465307 0.00130508 0.0388521 2.92714e-05 0.000213929 0.00768426 0.0975532 3.13558e-07 7.41552e-06 0.0309851 0.00124884 0.00864637 0.0843696 0.313588 2.40202e-06 
0.0105999 0.00272484 0.131988 0.0914151 0.0797774 0.129348 0.00380371 0.000284505 0.0773179 0.000957641 0.0409849 0.000122248 0.000462843 0.00294919 0.186566 4.26756e-05 0.00394293 0.060307 0.00327186 0.039943 0.0328376 0.100222 0.000130481 
1.67213e-05 0.00706988 0.0236999 0.0292084 0.0122457 0.00370888 0.00711924 2.0697e-05 0.00201537 3.22136e-05 0.00235308 0.000691827 0.0106796 0.819451 0.00904298 8.54356e-08 1.88499e-05 0.000210733 0.0137404 0.00966291 0.00169646 0.0473029 1.20698e-05 
0.00112487 0.00642194 0.0615332 0.101942 0.0770567 0.106396 0.00392288 2.58471e-05 0.0104386 0.00185689 0.0597012 0.0127658 6.30469e-05 0.205785 0.172708 4.44521e-06 0.000251499 0.00287784 0.0431049 0.0434634 0.00612921 0.0823803 4.67877e-05 
0.00527872 0.0082667 0.0249718 0.0118233 0.230314 0.0349601 0.0150281 0.000172343 0.420714 1.86204e-05 0.0091673 0.00352558 0.000514694 0.0155956 0.0242851 6.26214e-07 0.000833351 0.0065949 0.00585357 0.0169657 0.00533787 0.159472 0.000305172 
0.000303696 0.00267214 0.037346 0.0190873 0.0465704 0.0102831 0.000785546 0.000137847 0.732759 1.57291e-05 0.00448359 0.000200313 6.90794e-05 0.000913298 0.016839 7.86955e-06 2.28798e-05 0.0211603 0.000410881 0.00447164 0.0120592 0.0879912 0.00140984 
1.53781e-05 0.000109885 0.495831 0.0293483 0.0250275 0.0119486 0.0134859 2.31547e-06 0.00506809 5.54964e-05 0.055512 0.000158892 1.39821e-06 0.0301278 0.151416 7.66777e-08 3.79302e-05 3.65885e-05 0.0253533 0.00182363 0.0580666 0.0962749 0.000297674 
0.00152966 0.000398555 0.0627846 0.0237235 0.379876 0.0980069 0.00499207 2.2067e-05 0.03835 0.000127312 0.00530172 0.00224242 0.000948289 0.00214406 0.0952341 4.21549e-07 4.47835e-05 0.0166772 0.00402212 0.0614666 0.0128037 0.189226 7.73283e-05 
0.000942373 5.08463e-08 0.226816 0.194567 0.0491347 0.0656845 0.0049153 3.59775e-10 2.49386e-05 4.91742e-07 0.0287574 9.06576e-05 8.08122e-07 0.0010794 0.17949 2.0312e-10 0.0022366 1.37625e-05 0.000116772 0.0220787 0.210966 0.013084 2.5188e-07 
3.62471e-05 4.81192e-06 0.0103972 0.0153734 0.000143296 0.001604 0.934309 3.39378e-05 0.00036851 1.75817e-05 0.00230379 0.000132423 3.27233e-09 0.000391483 0.0195049 7.18137e-10 2.69184e-06 2.90868e-05 0.00365897 0.00120402 0.00950705 0.000972813 4.49899e-06 
0.00247917 0.0030807 0.1052 0.067679 0.0407778 0.320693 0.00779676 0.000127604 0.0728447 0.000947759 0.0327411 0.0023696 0.00192011 0.00568826 0.137015 1.09347e-05 0.0018448 0.0119113 0.0127455 0.0182263 0.0389482 0.0961185 0.0188335 
0.000508151 7.15017e-06 0.151495 0.0334838 0.0107991 0.280425 0.0017608 9.64812e-06 0.11391 6.5802e-05 0.00362455 3.52725e-05 6.1967e-05 0.0047385 0.125465 7.29648e-07 1.872e-05 0.00168824 0.00392486 0.201342 0.00975208 0.0568817 1.16131e-06 
0.00185533 9.53141e-05 0.0257592 0.186473 0.0144481 0.0222768 0.329466 0.000161408 0.0101092 1.40543e-05 0.0428966 0.00118572 0.000553997 0.00447924 0.0952889 7.86086e-06 0.00212761 0.00368706 0.140392 0.0237548 0.045513 0.0487483 0.000707151 
2.91509e-05 0.00372333 0.0539636 0.0183431 0.126756 0.0770203 0.0122367 0.0123436 0.0014629 0.000239651 0.062162 0.000140904 0.00135654 0.161641 0.184648 5.5016e-08 0.000185722 0.00774301 0.000399514 0.0254543 0.0633624 0.150659 0.0361295 
1.96011e-05 2.31009e-05 0.00131716 6.26784e-05 0.0871172 0.837718 2.90816e-05 7.83614e-06 1.19732e-05 2.28023e-05 0.0688985 0.000131327 2.15253e-05 1.16253e-05 8.12035e-05 1.8394e-06 2.57076e-06 0.000466449 1.08691e-05 0.00371851 0.000199801 0.000109573 1.66302e-05 
0.157859 0.000264546 0.00237563 0.0746033 0.00270603 0.0551122 0.00188418 2.28144e-07 0.0264557 6.19872e-05 0.192062 1.55408e-07 4.08563e-06 0.00212335 0.0232371 1.28805e-07 1.26923e-06 0.309366 0.0206394 0.00484359 0.00121555 0.125116 6.84394e-05 
7.97979e-07 1.37871e-05 0.00900955 0.525572 0.00242754 0.0225341 0.130552 4.67856e-05 0.0104751 0.00058867 0.00326984 0.0133274 0.00585071 0.000493496 0.00553969 3.35942e-10 4.70633e-07 0.00394496 0.232972 0.00441131 0.0263621 0.00256982 3.82287e-05 
0.00108537 0.00012339 0.0387802 0.0645551 0.387118 0.0371552 0.00614253 0.00213172 0.000769554 0.000164119 0.0143704 0.000190993 0.000251013 0.00581166 0.0690498 5.89945e-06 5.32553e-05 0.000395966 0.0496012 0.197085 0.012999 0.106722 0.00543895 
3.09839e-05 0.00324691 0.727606 0.0611797 0.000970833 0.0328542 0.0186067 9.51428e-05 0.000565431 0.000301216 0.0343008 0.00113208 3.14357e-05 0.00062598 0.0876666 1.5722e-06 2.5175e-06 0.0110984 0.00360971 0.00115319 0.00979988 0.00503082 8.99946e-05 
0.000372939 0.0157235 0.0161797 0.0175087 0.0109548 0.0134111 0.00115873 4.58723e-06 0.0193722 3.26238e-05 0.0132161 0.00362505 0.0110775 0.537449 0.0765878 5.27644e-07 3.94522e-05 0.000808782 0.0019951 0.142009 0.00385538 0.114614 3.57827e-06 
2.04096e-05 0.00312694 0.0496969 0.0131969 0.073561 0.158295 0.00146096 2.39616e-05 0.00843976 0.000467937 0.0739739 0.000200857 0.00087467 0.00189083 0.232921 1.4973e-06 1.76002e-05 0.0143986 0.0144369 0.0146557 0.00882513 0.329504 8.8894e-06 
0.0408615 0.0142992 0.129199 0.0418048 0.0134043 0.0872024 0.0119755 0.00090701 0.026454 0.00614517 0.0211198 0.000377545 0.000192746 0.0331878 0.219747 5.7914e-06 0.00283628 0.0108047 0.0515972 0.107164 0.0204861 0.16022 7.97602e-06 
0.000157643 0.000172717 0.371856 0.0707642 0.0458074 0.0881542 0.0118038 0.00252892 0.0233233 0.00112493 0.0371666 8.05038e-05 5.53088e-05 0.00573223 0.17926 1.8065e-06 0.000642301 0.015963 0.0152493 0.0341408 0.0751445 0.0207997 7.15591e-05 
5.79356e-06 2.87307e-07 2.60931e-05 0.00162394 2.63541e-05 0.000459368 0.000668512 5.21295e-06 3.82267e-05 9.2837e-07 0.000864818 0.992902 3.548e-05 1.10022e-05 0.000325415 6.23615e-13 8.71567e-13 7.88626e-05 5.67551e-05 0.000489147 0.00034285 0.00203889 1.02178e-08 
0.000250143 0.00148328 0.0840087 0.0985209 0.00714938 0.0404154 0.0196606 3.81727e-05 0.011766 0.0541749 0.0215762 0.000987515 0.00144425 0.00383131 0.0345434 2.64245e-06 0.000325608 0.00235374 0.494294 0.0404528 0.0167679 0.0659157 3.71934e-05 
0.000116161 2.67787e-05 0.0191191 0.0490633 0.000867847 0.00970236 0.478637 8.02585e-05 0.00352276 1.81491e-05 0.0053411 0.000202378 0.000169522 0.000518357 0.0449372 1.64613e-06 0.00171657 0.00231925 0.369935 0.0040267 0.00763296 0.00197778 6.85189e-05 
3.25176e-05 4.01694e-06 0.0972642 0.185126 0.497862 0.0400294 0.00326577 0.000276064 0.00976735 2.65753e-05 0.00234159 0.000141097 0.00034364 0.00535289 0.0266603 1.27249e-06 4.88353e-05 0.043918 0.000190571 0.0115618 0.0292265 0.0465517 7.9226e-06 
0.000305206 0.00339505 0.120272 0.0112976 0.0491944 0.040171 0.0113126 3.45422e-05 0.188845 1.3195e-06 0.000346452 5.81369e-06 4.94958e-05 0.00230811 0.0210634 3.96818e-07 2.28685e-05 0.0304887 0.0119677 0.314503 0.074778 0.119638 6.54016e-07 
0.000115726 2.60613e-05 0.00870898 0.253607 0.00150808 0.0244137 0.0100919 0.000206107 0.00163119 2.24083e-06 0.37576 0.000175238 1.14153e-05 0.00174406 0.137956 1.24281e-09 4.84513e-05 2.01851e-05 0.0783689 0.000284035 0.0734578 0.0318631 7.75434e-08 
2.04802e-07 5.45346e-05 0.0152011 0.0128348 0.163561 0.0373301 0.0031053 7.50318e-05 0.134278 0.314913 0.00479063 0.127697 0.000661657 4.20379e-07 0.00251004 9.88481e-08 7.09917e-07 0.0120777 0.000294445 0.0303161 0.0267302 0.113559 9.86341e-06 
0.0545301 0.000656835 0.00203985 0.0457848 0.0274614 0.0452678 0.000175808 0.000136236 0.0041498 0.000775766 0.432383 7.14883e-05 5.70564e-10 0.010393 0.0447454 4.97507e-10 4.39887e-05 0.00824746 0.000153309 0.0225612 0.0109862 0.289239 0.000197374 
0.00483948 1.81245e-05 0.0291441 0.0191277 0.0380408 0.286778 0.0100651 5.88441e-05 0.0253668 4.66316e-06 0.0201853 0.010068 0.000371999 0.00172074 0.295951 1.6061e-07 1.20492e-05 0.00058165 0.00854807 0.00279161 0.0532965 0.19301 1.93451e-05 
0.00751501 0.000429256 0.0409937 0.132806 0.00340187 0.00733952 0.0150482 2.2937e-05 0.00700661 0.00214938 0.105408 0.000972712 9.13367e-05 0.0202356 0.0791517 9.50911e-06 0.393179 0.000440693 0.0225102 0.00919046 0.130959 0.0210488 9.11086e-05 
0.000181662 0.0119397 0.0539727 0.0527832 0.533606 0.0115364 0.000923507 2.39965e-05 0.0693936 2.81878e-05 0.0211894 0.0116468 0.00074385 0.00279609 0.0972081 9.93087e-08 1.30565e-06 0.0186784 0.000318122 0.0236852 0.0135661 0.0757704 7.23758e-06 
0.00124904 0.00022815 0.0180458 0.227347 0.00227816 0.0153309 0.287579 2.20563e-05 0.00409315 1.45028e-05 0.0317963 3.31066e-05 1.03387e-05 0.0418017 0.0622353 1.83836e-06 0.00130399 0.00066983 0.283322 0.0104205 0.00877109 0.00343763 9.20069e-06 
0.00306774 2.08938e-05 0.00579527 0.280459 0.00113028 0.000137786 0.406158 3.5537e-06 0.00885617 3.17383e-05 0.000119876 7.90194e-08 8.73734e-08 2.12623e-05 0.00194517 2.07448e-11 3.93818e-05 0.0269317 0.0226086 0.00145356 0.240874 0.000345061 1.10434e-08 
0.00397972 0.000772535 0.015931 0.0525763 0.0623352 0.0426325 0.00169069 1.80683e-05 0.0385804 0.016541 0.362314 5.06765e-05 6.04394e-06 0.0109998 0.0990109 4.54733e-07 0.000359078 0.0154776 0.0295331 0.0147898 0.168998 0.0436528 0.0197501 
0.00250983 1.47484e-05 0.0109208 0.0620891 0.00169155 0.00108902 0.00889733 3.45456e-06 0.000194385 4.55817e-05 0.00494566 4.94682e-06 6.47654e-05 0.00313496 0.0548169 1.15491e-07 2.03563e-05 3.25398e-05 0.8385 0.000744028 0.0036707 0.00660739 1.78282e-06 
2.20819e-05 3.44595e-05 0.066737 0.180427 0.00210747 0.00719712 0.308441 1.04225e-05 0.0356791 2.21773e-05 0.0474267 0.00015766 0.000103624 0.000371501 0.0748691 2.3283e-08 6.36693e-05 0.00402939 0.210871 0.000506041 0.0479873 0.00380001 0.00913565 
0.000690652 0.00692107 0.121433 0.0613081 0.0886348 0.059312 0.00749789 0.000114537 0.0307054 0.00103349 0.144841 0.000950628 0.000206331 0.00541297 0.184962 1.18619e-05 9.1037e-05 0.0140806 0.0357554 0.0581239 0.0132697 0.161192 0.00345197 
0.000473109 0.000867134 0.0462872 0.053322 0.0124307 0.0270566 0.0507647 0.000401762 0.00879706 0.000242991 0.0121715 0.00295187 0.00162421 0.0125603 0.0453421 3.55374e-06 6.31164e-05 0.00106386 0.622522 0.0476022 0.0236787 0.0297171 5.65424e-05 
0.0020454 0.000248404 0.0465669 0.144642 0.00500866 0.0167023 0.461871 2.16197e-05 0.000871615 9.53453e-06 0.0484403 2.82725e-05 0.00379836 0.0174862 0.0600125 7.61486e-06 0.00546018 0.00684791 0.150796 0.00718033 0.0101794 0.00979544 0.00198051 
0.00506399 5.43458e-05 0.0268935 0.0875053 0.00503661 0.0490158 0.0337682 6.49616e-05 0.0203319 2.85506e-05 0.0281799 4.60099e-05 2.23684e-06 0.0110655 0.552183 3.59386e-07 6.57719e-06 0.00133284 0.104946 0.0452463 0.0205487 0.00732861 0.00135075 
0.000780824 5.52238e-05 0.157607 0.00814146 0.207031 0.0395561 0.000772935 6.49893e-05 0.035625 0.00010713 0.0477762 0.00696092 0.000523888 0.000611553 0.133099 3.04344e-09 4.16453e-05 0.00063486 0.000423811 0.00192978 0.0322274 0.326029 2.50219e-08 
0.00150054 1.57192e-05 0.0304455 0.548654 0.00538493 0.00900874 0.0758882 0.00152218 0.00363968 0.00194038 0.00935059 0.000463578 0.000234913 0.00965721 0.0546845 3.55152e-07 4.99292e-05 0.000673092 0.212427 0.00108609 0.0230178 0.0103548 5.66957e-07 
3.5101e-05 1.59927e-05 0.0216397 0.0238292 3.7656e-05 0.0010006 0.014487 2.72724e-07 0.002901 2.36819e-08 0.916025 1.43478e-10 3.9461e-05 5.33588e-05 0.011877 1.18917e-10 4.31716e-08 7.08146e-05 0.00228623 0.000418533 0.00221984 0.00145987 0.00160352 
0.00146166 0.0125335 0.0532544 0.0255552 0.0189639 0.0452726 0.00420186 5.30223e-05 0.0068416 0.000119786 0.0516183 0.0296768 0.00156818 0.00392519 0.283769 4.2487e-05 0.00358661 0.0105047 0.0679334 0.00553348 0.0115451 0.361955 8.43652e-05 
0.000183673 0.000179134 0.103381 0.116589 0.00499824 0.0119885 0.00688539 2.72595e-05 0.0130038 0.00012747 0.0231992 0.000506293 0.00149055 0.00604688 0.0192366 1.67741e-07 8.78302e-06 0.00578727 0.485897 0.00873126 0.173875 0.0163353 0.00152228 
0.000478524 2.83576e-05 0.0809575 0.0234864 0.0443231 0.0180136 0.286017 0.00123168 0.00501111 1.40974e-05 0.0301793 0.00113163 0.000694812 0.170978 0.0294711 2.70322e-07 4.90468e-06 2.49916e-05 0.0110305 0.00271728 0.207731 0.0864627 1.22905e-05 
0.00057576 0.00360654 0.0561986 0.0222542 0.0226931 0.0650857 0.00483403 3.19176e-05 0.0244306 0.000230488 0.0143441 0.0017765 0.00109989 0.0095639 0.338503 5.14701e-06 0.00100736 0.00271647 0.0107359 0.00984788 0.00951289 0.400884 6.21126e-05 
5.72678e-05 1.01005e-05 0.0281093 0.0662747 0.0521433 0.0835083 0.0031971 7.88222e-05 0.108577 0.000405218 0.1567 0.00099576 0.0078628 0.00132708 0.0087867 1.15029e-06 1.92052e-05 0.0155524 0.000284119 0.00768128 0.410261 0.047601 0.000566004 
0.000352346 0.000218861 0.00343648 0.0093198 0.16112 0.128074 0.000653281 4.02098e-07 0.105962 4.78048e-05 0.0888568 0.00526202 9.82352e-05 2.08488e-05 0.0963514 8.43098e-09 3.0902e-07 0.333227 0.00473874 0.00017956 0.00858381 0.0534959 1.29576e-06 
0.00100306 0.0326383 0.0378431 0.500091 0.0201409 0.0198286 0.0949359 0.00104846 0.00159902 0.000232262 0.0352012 5.358e-05 2.27041e-05 0.00337121 0.0385866 5.99436e-06 1.38648e-05 0.00541355 0.0136316 0.0056565 0.0874717 0.101086 0.0001248 
0.0841015 0.0126747 0.0415393 0.047452 0.0597222 0.0352688 0.0025743 1.3062e-05 0.00420792 0.000103867 0.0225813 0.0244098 0.00582244 0.0179168 0.0784385 4.1326e-06 2.71575e-05 0.00127006 0.0126527 0.0606466 0.00678245 0.481593 0.000197769 
3.62471e-05 4.81192e-06 0.0103972 0.0153734 0.000143296 0.001604 0.934309 3.39378e-05 0.00036851 1.75817e-05 0.00230379 0.000132423 3.27233e-09 0.000391483 0.0195049 7.18137e-10 2.69184e-06 2.90868e-05 0.00365897 0.00120402 0.00950705 0.000972813 4.49899e-06 
0.00059628 0.00110603 0.0967903 0.0146921 0.012407 0.0444796 0.00692071 4.08288e-06 0.444144 1.36164e-06 0.0273294 0.000489711 0.000575514 0.00382634 0.185139 4.79991e-07 1.37252e-06 0.0169927 0.0367214 0.0575099 0.0174194 0.0293736 0.0034791 
2.86113e-05 0.0531863 0.027516 0.00904469 0.156558 0.297252 9.60371e-05 1.72073e-06 0.0125379 5.85216e-06 0.0100481 0.000143733 5.56576e-05 0.101295 0.0113991 3.89944e-07 0.00011778 0.00737339 2.44504e-05 0.00102563 0.00377515 0.308069 0.000444648 
0.00277289 1.89854e-05 0.0717327 0.0191382 0.00386239 0.0362189 0.00144614 1.75682e-05 0.00985922 0.00021694 0.00310268 0.00122637 5.60483e-05 0.00204749 0.775893 2.56963e-07 8.41624e-05 0.00499546 0.0168114 0.00240563 0.00341175 0.0445623 0.0001194 
0.00514001 1.63959e-05 0.453459 0.0720361 0.00147839 0.0264786 0.023093 0.000140099 0.00206189 6.51425e-05 0.0127826 5.66204e-06 9.991e-06 0.00318622 0.264464 1.43938e-08 1.33073e-05 0.00978516 0.0839175 0.000834195 0.00458297 0.0364456 3.97909e-06 
0.00047135 1.57652e-05 0.291014 0.0329585 0.0419609 0.28515 0.00464636 0.000189156 0.0239133 5.16658e-05 0.0121004 6.86259e-05 0.00213713 0.00418583 0.0355681 2.75555e-06 0.00239868 0.0130889 0.00745401 0.0361136 0.011628 0.194762 0.000120472 
0.00415906 2.17781e-05 0.442158 0.0234504 0.0105876 0.0127056 0.00942205 1.91268e-05 0.0683104 4.03416e-05 0.0268191 0.0225024 7.22253e-05 0.0133385 0.243715 7.88881e-06 5.19185e-05 0.00227156 0.0534767 0.0387507 0.0120196 0.0160754 2.43962e-05 
0.00285232 0.00203549 0.0399742 0.255624 0.0167359 0.0322476 0.105642 0.00326853 0.0276054 0.00266414 0.0371793 0.00253126 0.0029573 0.00377062 0.0951069 0.00022151 0.00149275 0.0163375 0.100994 0.0300227 0.18575 0.0347654 0.000221661 
1.29454e-07 1.89223e-06 0.620346 0.00822854 0.0130617 0.0203368 0.00499283 0.000323791 0.0686466 4.57071e-07 0.00663311 0.000214282 3.23998e-08 0.0124747 0.17065 2.71905e-09 1.71631e-05 0.00171939 9.25683e-05 0.0156036 0.00587728 0.0507799 4.50574e-08 
0.000135346 0.00831561 0.178466 0.110401 0.0143298 0.0446306 0.0367758 0.00226144 0.0197338 8.66239e-05 0.0507535 0.00259768 5.3246e-05 0.0101899 0.236647 2.6275e-05 0.000205667 0.000343115 0.0660956 0.0280293 0.123197 0.0656374 0.0010879 
0.000955464 0.00345222 0.0539247 0.0131675 0.0349223 0.106315 0.000653274 8.58777e-06 0.0159597 2.4304e-05 0.0288364 0.00166049 0.00834132 0.039033 0.208984 7.98176e-06 0.00236069 0.00341186 0.00891777 0.142322 0.0109142 0.315792 3.45829e-05 
0.0010479 0.0208436 0.0523345 0.515437 0.0229464 0.0234336 0.076971 0.000714644 0.00116381 0.00015977 0.0621816 3.28129e-05 3.82958e-05 0.00204703 0.0296112 6.54043e-06 1.5945e-05 0.00442009 0.0162328 0.00437723 0.0874232 0.0782916 0.000269103 
0.00287925 7.56404e-05 0.0411887 0.0336861 0.14559 0.248985 0.0104431 1.80281e-05 0.0268434 0.000820272 0.264793 0.00605518 0.00482394 0.00264273 0.0632435 5.20488e-06 0.00126679 0.00610188 0.0158861 0.000786447 0.020622 0.103183 6.01042e-05 
6.3194e-07 2.30051e-05 0.0440362 0.00411969 0.0317864 0.00702399 3.14086e-07 3.22559e-07 0.0608307 5.80312e-05 0.00616351 3.14382e-07 1.63862e-07 0.00811725 0.0185598 1.66013e-09 2.32021e-09 0.0017648 1.70778e-06 0.0128454 0.803286 0.00137907 2.13383e-06 
0.0157108 0.00197812 0.0973679 0.0171193 0.54267 0.0561694 0.00196368 3.16635e-08 0.00363122 3.17941e-05 0.0714972 0.00247056 1.6791e-05 0.00795775 0.0875991 1.23873e-08 2.1031e-06 0.000466705 0.0047936 0.00629884 0.0733571 0.00888562 1.26354e-05 
0.00473399 0.00462984 0.0466491 0.0642271 0.615463 0.0405384 0.00612603 0.000164985 0.03295 6.40071e-05 0.0103421 0.00623624 1.038e-05 0.000373092 0.0576433 1.82081e-11 7.00599e-09 0.0311927 0.000867602 0.016226 0.0582273 0.00331969 1.48024e-05 
3.83691e-07 1.13159e-07 0.080244 1.41537e-06 0.0136491 0.0851987 0.0200967 5.10648e-07 1.83085e-07 4.02193e-11 0.51495 4.58016e-06 1.29232e-08 9.35288e-07 0.213527 3.74366e-11 0.00276998 4.39777e-08 5.90754e-07 0.0152043 0.0328441 0.0215064 1.21133e-07 
0.000103254 1.55734e-05 0.0983264 0.0637547 0.00768689 0.00256617 0.0551495 7.33286e-08 0.0123771 5.49939e-06 0.00975881 6.61876e-05 8.53578e-06 1.74779e-05 0.0019673 2.64683e-08 6.06424e-08 0.0014942 0.559101 0.00592351 0.180921 0.000755622 4.82142e-07 
3.62471e-05 4.81192e-06 0.0103972 0.0153734 0.000143296 0.001604 0.934309 3.39378e-05 0.00036851 1.75817e-05 0.00230379 0.000132423 3.27233e-09 0.000391483 0.0195049 7.18137e-10 2.69184e-06 2.90868e-05 0.00365897 0.00120402 0.00950705 0.000972813 4.49899e-06 
0.00419772 0.00533734 0.0312159 0.172313 0.0381385 0.0419196 0.00194525 0.00157367 0.0303477 0.00128574 0.0187561 0.00193337 4.50815e-05 0.0145389 0.37938 4.93275e-07 4.89903e-05 0.0100918 0.0364322 0.0631774 0.0104032 0.132817 0.00410093 
0.00953658 1.68725e-06 0.000882959 0.0954729 0.0023184 0.0650581 0.324903 0.000133276 0.00604719 0.000181243 0.00628352 0.138405 1.03435e-05 9.52941e-06 0.0672712 3.14512e-07 7.26281e-07 7.97504e-05 0.195418 0.000483517 0.0201597 0.0672863 5.68218e-05 
0.00542774 1.20912e-05 0.123965 0.0746872 0.0692009 0.113419 0.00745458 0.00019969 0.0366591 0.00426096 0.150739 0.00755294 4.09898e-05 0.00105227 0.210731 2.57941e-06 9.22189e-06 0.0512258 0.0100855 0.00553098 0.0856126 0.0403913 0.00173925 
0.00230514 9.9038e-05 0.0283681 0.0380434 0.00401719 0.0141105 0.00130095 1.08037e-07 0.0220294 6.55286e-08 0.674834 0.0038039 5.36938e-05 0.0843989 0.000419962 6.09948e-08 0.000237433 0.000767797 0.0129728 0.000500997 0.0457042 0.0658972 0.000134914 
1.58946e-06 2.80797e-07 0.00950785 0.00656428 0.019607 0.0898521 0.00164913 2.82825e-06 1.8282e-06 0.00539864 0.710747 1.01831e-06 2.36471e-09 0.00770139 0.0405988 2.06192e-09 0.0114553 0.0120107 4.71039e-07 0.000509669 0.0654199 0.01896 1.0624e-05 
3.5101e-05 1.59927e-05 0.0216397 0.0238292 3.7656e-05 0.0010006 0.014487 2.72724e-07 0.002901 2.36819e-08 0.916025 1.43478e-10 3.9461e-05 5.33588e-05 0.011877 1.18917e-10 4.31716e-08 7.08146e-05 0.00228623 0.000418533 0.00221984 0.00145987 0.00160352 
0.00116793 0.00341013 0.0450028 0.0230541 0.0997216 0.217596 0.00224383 3.94203e-05 0.0239789 0.00238728 0.0303498 0.00142998 0.000993334 0.0044771 0.214907 3.24481e-05 0.000153935 0.00488346 0.0239842 0.0191696 0.0277705 0.252947 0.000299934 
3.1054e-06 1.80302e-05 0.022684 0.0359096 0.121803 0.151864 5.36874e-05 0.000750748 0.00592673 0.000244051 0.347624 0.000474008 3.50653e-05 0.00317666 0.00249329 7.29202e-08 1.01913e-07 0.265197 0.000356398 0.00458903 0.0305355 0.00625745 4.76576e-06 
9.58143e-06 0.000215225 0.050754 0.0245128 0.727627 0.0731318 0.000978624 9.80988e-05 0.00263495 5.05127e-05 0.0302796 0.000341884 1.25303e-06 0.000682711 0.0121539 1.09259e-06 0.000138036 0.00740155 0.0263634 0.0244631 0.00665003 0.011438 7.256e-05 
0.213302 2.36585e-05 0.0456586 0.0423322 0.0628011 0.0213408 0.00225602 1.19977e-05 0.00465223 0.000828703 0.043688 0.000333901 3.37744e-05 0.00544985 0.0514956 1.14542e-08 0.00025581 0.0017599 0.0734129 0.00801903 0.23166 0.190663 2.15171e-05 
6.0388e-05 5.95754e-05 0.29822 0.0856853 0.0460555 0.0264327 0.0116865 1.63502e-06 0.0206793 2.74785e-05 0.0169118 5.79439e-06 7.8733e-06 0.00705876 0.210719 3.15638e-07 3.80783e-05 0.00230084 0.0397986 0.059531 0.10177 0.072949 3.73153e-07 
2.54025e-05 8.47066e-07 0.000165713 0.00203566 6.15664e-05 0.00119614 0.00115974 4.96344e-06 6.39836e-05 2.313e-06 0.000850856 0.987025 2.9379e-05 6.32095e-05 0.00376464 7.13984e-13 6.59588e-09 9.29006e-05 0.000135186 0.000449187 0.000296993 0.00253445 4.20417e-05 
0.00395182 1.01017e-05 0.309627 0.0361139 0.0311712 0.17137 0.00137924 8.76652e-06 0.010507 1.90041e-08 0.014788 3.0235e-06 4.00103e-05 0.00137695 0.303829 5.40093e-12 8.72208e-09 0.00369193 0.0224167 0.0266871 0.0326829 0.0296802 0.000664452 
7.53776e-07 6.6712e-05 0.0933928 0.126151 0.0558097 0.0789699 0.00242351 0.000169988 0.0715505 0.0010214 0.0927173 0.000237694 3.52163e-06 0.00976203 0.260096 1.14341e-08 0.000467051 0.000361801 0.133177 0.00138196 0.0339085 0.0383236 6.70409e-06 
0.000107754 3.3913e-06 0.00015668 0.0565753 3.11583e-05 0.00206697 0.00957466 0.000233967 0.000498407 2.57002e-05 0.906569 2.88421e-06 6.97199e-05 6.33194e-06 0.00536778 1.84219e-06 0.00137699 2.18013e-06 0.00998996 6.79889e-05 0.00695606 0.000291325 2.35118e-05 
0.000120404 2.93661e-05 0.00898134 0.0665882 0.0599218 0.0863262 0.0108337 0.00015252 0.0242777 0.000580266 0.472133 0.0496802 7.73811e-07 0.000131319 0.0694851 1.60516e-08 2.36685e-06 0.000329084 0.0176083 1.24721e-05 0.103448 0.0293577 6.15751e-07 
0.00165625 5.71287e-06 0.196185 0.0562263 0.00365287 0.270093 0.00397893 0.000611939 0.00249116 0.000198028 0.0479527 0.000670142 8.20214e-06 0.000989332 0.229538 3.15816e-07 0.00019789 0.00534653 0.0688154 0.0664898 0.0286403 0.016251 9.36038e-07 
0.000263791 1.40852e-05 0.00226577 0.0143573 0.00183679 0.0141067 0.00211995 7.7672e-06 0.00179753 1.17139e-05 0.00127262 4.7137e-05 0.000103544 0.000467536 0.0295764 4.34895e-07 0.000148205 0.00024159 0.895604 0.000541336 0.00432474 0.0308513 4.01071e-05 
0.00676265 0.000215504 0.0565827 0.0388261 0.313201 0.224932 0.000661376 5.26951e-05 0.0344176 5.52987e-05 0.0549757 0.000417097 0.000552403 0.000322491 0.144303 3.05742e-05 0.000692379 0.00592759 0.0141212 0.000879398 0.0239772 0.078039 5.42861e-05 
3.62471e-05 4.81192e-06 0.0103972 0.0153734 0.000143296 0.001604 0.934309 3.39378e-05 0.00036851 1.75817e-05 0.00230379 0.000132423 3.27233e-09 0.000391483 0.0195049 7.18137e-10 2.69184e-06 2.90868e-05 0.00365897 0.00120402 0.00950705 0.000972813 4.49899e-06 
4.65548e-05 0.000138624 0.00659028 0.0281778 0.0124273 0.217668 0.00332834 0.000112778 0.00134145 0.0371902 0.516289 0.000599132 2.79621e-05 0.000442593 0.0797991 4.0015e-07 0.000258296 0.00822668 0.0272994 0.000360609 0.0283581 0.0313178 5.32463e-07 
0.0212235 3.82952e-05 0.0117553 0.0173176 0.259816 0.0871783 3.8042e-05 1.69464e-07 0.0064145 4.98813e-05 0.0980761 0.178568 2.79862e-06 0.000147473 0.0882416 3.01769e-10 4.21753e-10 0.00338383 0.000165317 0.00533732 0.0145987 0.207646 6.823e-07 
0.000115717 0.00419024 0.0681153 0.279659 0.0187198 0.0212367 0.0960531 0.000279889 0.0139014 2.38179e-05 0.00880685 0.00123938 0.000748829 0.00360211 0.0318581 9.94832e-06 0.00533862 0.00845131 0.223514 0.00238453 0.202389 0.00856911 0.000792965 
0.00493638 0.00091636 0.443211 0.0180306 0.009294 0.00690827 0.0161308 3.02089e-05 0.0538187 3.88218e-05 0.0142206 0.0135109 0.000463772 0.00999981 0.1839 6.45617e-06 0.000383147 0.00182072 0.0557047 0.139438 0.00924755 0.0179798 9.46559e-06 
2.95636e-05 0.0215077 0.0290063 0.0424172 0.027256 0.0181647 0.0033787 5.19703e-05 0.00488152 0.000350415 0.113915 0.00029401 0.00228817 0.349344 0.102567 5.88176e-07 0.00182524 0.00146763 0.0107217 0.0685697 0.0054003 0.196559 3.28436e-06 
2.04802e-07 5.45346e-05 0.0152011 0.0128348 0.163561 0.0373301 0.0031053 7.50318e-05 0.134278 0.314913 0.00479063 0.127697 0.000661657 4.20379e-07 0.00251004 9.88481e-08 7.09917e-07 0.0120777 0.000294445 0.0303161 0.0267302 0.113559 9.86341e-06 
0.00543365 0.00012538 0.00634099 0.0531344 0.0102055 0.0358589 0.0172058 1.28072e-07 0.00408743 0.000318543 0.197303 1.00152e-05 9.72528e-06 9.89653e-05 0.00894491 2.0734e-08 0.000173229 0.0319341 0.10995 0.00834821 0.502413 0.00810394 2.28132e-07 
0.00110342 0.0135465 0.0476556 0.285761 0.00821957 0.0222193 0.0751376 0.000545917 0.0154655 0.00183829 0.0511147 0.00523999 0.00249443 0.00496432 0.0382673 3.86828e-05 0.00013254 0.0146952 0.022929 0.331616 0.0241928 0.0319246 0.000897654 
0.000977537 1.06825e-05 0.0704821 0.61048 0.0148016 0.0185192 0.188112 3.82339e-05 0.00193449 4.94796e-05 0.00217756 0.0174255 0.000300783 0.00176615 0.00390326 1.87366e-08 4.80573e-05 0.00188272 0.0329937 0.0142031 0.0160135 0.00388034 2.57385e-07 
0.00085223 3.5105e-05 0.0115048 0.0184881 0.000529902 0.00605896 0.153733 1.23167e-05 0.00437519 3.46097e-05 0.00177743 0.000368551 1.05439e-05 0.00903554 0.0317964 1.46866e-07 1.23893e-06 0.000151306 0.74414 0.00741032 0.00584986 0.0038318 2.50093e-06 
0.00583974 0.00276651 0.064074 0.0124536 0.0308687 0.0955153 0.00109746 0.00037556 0.0917053 0.0017008 0.0142832 0.00213952 0.000239151 0.00156275 0.237013 3.9808e-06 9.00767e-05 0.011107 0.00973043 0.139155 0.0149471 0.26203 0.00130101 
1.47008e-05 1.27536e-05 0.0424269 0.0310156 0.000472484 0.00603555 0.617412 0.000127794 0.00237103 3.58746e-05 0.00947494 0.00304616 2.82733e-05 0.0216716 0.0117987 2.46913e-09 4.50627e-08 0.000232252 0.170748 0.000279769 0.0102524 0.0725429 1.88475e-07 
0.00314514 4.38704e-05 0.0357661 0.59398 0.00345601 0.0449766 0.0098976 0.0319842 0.0325563 0.00734599 0.120692 0.000851063 0.000128018 0.00139671 0.0566828 3.54452e-05 0.000199014 0.00328812 0.0115041 0.0194118 0.0160808 0.00648938 8.85603e-05 
0.00128139 6.67506e-05 0.0248634 0.134175 0.00224884 0.0139738 0.0118191 0.0002713 0.0102104 0.000673692 0.341942 0.05884 0.00015072 0.00398027 0.0371278 2.56958e-07 0.000464825 0.0282498 1.50309e-05 0.00773134 0.244127 0.0491043 0.0286827 
0.00270573 4.92911e-06 0.00891273 0.0180235 0.642227 0.0790197 0.00186988 5.02734e-05 0.00459258 0.000152504 0.0217341 0.00897345 0.00065587 0.000198484 0.0157317 3.34472e-07 0.00010537 0.00500839 0.0103751 0.00246035 0.000533211 0.128447 0.0482179 
0.00130577 0.000209297 0.0775439 0.0120256 0.00754017 0.0653896 0.0145099 0.0226155 0.0339553 0.000368149 0.0385547 0.000393887 1.67931e-05 0.00203327 0.364428 2.61522e-07 8.45323e-05 0.0121218 0.0320827 0.110344 0.0984408 0.106036 2.94564e-07 
0.000299898 0.0083209 0.118277 0.017858 0.0448137 0.0346166 0.00187387 0.00302371 0.125885 0.00244953 0.0128154 0.00321642 0.00202624 0.0025039 0.187169 4.19282e-05 0.000258385 0.0158646 0.0104364 0.186757 0.019023 0.202393 7.61755e-05 
0.000357485 0.00130628 0.0613014 0.0357055 0.0285732 0.106519 0.00914014 3.63215e-05 0.0191541 0.000408055 0.0222925 0.00598501 0.000227456 0.00253157 0.424685 1.4447e-06 0.000195626 0.00402701 0.0244714 0.00617738 0.0169366 0.229921 4.67153e-05 
0.000229215 1.38776e-05 0.731239 0.00792067 0.0311251 0.0195252 0.0196308 6.51871e-05 0.00130853 1.06744e-05 0.00165094 3.26038e-05 0.0011418 0.000777268 0.136496 3.85351e-08 0.00032949 0.000844329 0.000420438 0.0299808 0.00131568 0.0159383 3.79339e-06 
3.62471e-05 4.81192e-06 0.0103972 0.0153734 0.000143296 0.001604 0.934309 3.39378e-05 0.00036851 1.75817e-05 0.00230379 0.000132423 3.27233e-09 0.000391483 0.0195049 7.18137e-10 2.69184e-06 2.90868e-05 0.00365897 0.00120402 0.00950705 0.000972813 4.49899e-06 
0.000693854 9.17148e-06 0.0130284 0.269928 0.0347032 0.0414926 0.0229152 1.28241e-05 0.00304104 5.56e-05 0.0430535 3.09542e-05 0.000386786 7.53568e-07 0.113722 2.97104e-09 1.82589e-07 0.0103917 0.293746 0.00117655 0.0683683 0.0832266 1.67628e-05 
0.000527729 9.90903e-05 0.0819536 0.0124143 0.0640928 0.0949133 0.00838185 8.18462e-05 0.172166 2.09486e-05 0.0206095 0.000536578 2.64661e-05 0.0022091 0.371214 5.37217e-06 5.33242e-05 0.00166367 0.0293523 0.0590013 0.0170339 0.0631292 0.000513982 
4.84574e-05 0.076673 0.052909 0.0813936 0.0620027 0.0111912 0.0104612 0.000149596 0.00656916 5.53144e-05 0.0151621 0.000542409 0.0010644 0.0973404 0.0983481 4.23569e-07 0.000344111 0.000180634 0.063224 0.0104515 0.0158248 0.396045 1.8661e-05 
2.77015e-06 1.07532e-07 0.00299002 4.36457e-05 0.827917 0.012694 8.41668e-07 1.93158e-08 0.0862322 8.24682e-07 8.29104e-07 0.000840846 0.000286341 1.07756e-06 0.00295779 1.09052e-08 1.52412e-08 0.00320124 5.51297e-07 0.0161072 0.00177788 0.0448068 0.000138271 
1.67097e-05 0.000115335 0.234027 0.193469 0.112357 0.059581 0.0196259 0.000182777 0.0151076 0.000220122 0.0609145 0.00359069 0.0017422 0.00406607 0.0841446 1.16212e-05 0.000132734 0.0183045 0.00806655 0.0287024 0.118627 0.0368894 0.00010478 
0.00417278 0.000806027 0.0903494 0.0522607 0.503918 0.103119 0.00279763 0.000494835 0.0278143 9.38948e-05 0.0133482 0.000691714 0.000282861 0.00443836 0.0581085 7.82945e-06 0.00020547 0.0136808 0.0102031 0.0144948 0.00395175 0.0884716 0.00628822 
0.000107257 4.93802e-06 1.60162e-05 4.5063e-05 0.00158351 0.022026 1.67428e-05 2.18538e-07 0.000889747 0.012998 0.254701 0.000169095 4.33571e-05 0.536809 0.0261555 1.23381e-07 5.00593e-06 6.3168e-06 0.00231893 0.000553752 0.000382096 0.141163 4.59512e-06 
0.0211882 5.14741e-06 0.0223942 0.040927 0.0462182 0.0273847 0.000460341 5.80705e-05 0.0378053 0.00858057 0.00997005 0.00329034 6.12282e-05 0.190954 0.0946003 1.16049e-06 0.000137524 0.138063 0.0357518 0.0113865 0.0196613 0.290455 0.000646297 
0.000498457 6.94951e-05 0.00727606 0.329548 0.00153659 0.00983503 0.00886144 0.00122828 0.0195379 0.000256303 0.0855541 9.00212e-05 4.07506e-05 0.0119224 0.0992998 6.60187e-07 0.0163458 0.000538799 0.213646 0.000499004 0.164182 0.0291975 3.57338e-05 
0.000145297 8.03277e-06 0.0869602 0.106824 0.0520653 0.458368 0.00165627 0.000136642 0.00255363 0.00200147 0.0219274 2.52999e-06 2.02728e-06 0.000788131 0.170688 1.96743e-07 0.00172579 0.0331338 0.00385054 0.00260203 0.0424602 0.0120471 5.39012e-05 
0.00012674 0.000121508 0.172134 0.0166271 0.0126765 0.0817599 0.000825726 2.20398e-05 0.126443 3.62929e-05 0.0159699 0.000182786 3.91397e-06 0.00091035 0.295682 3.63131e-06 4.11522e-05 0.00348248 0.0142693 0.0356933 0.0048878 0.21799 0.000110965 
0.000172259 3.85081e-06 0.117828 0.0965655 0.000393263 5.18914e-05 0.612451 1.34986e-06 0.00139555 0.000262806 0.0135191 1.99252e-05 0.00019223 0.00307695 0.00423419 2.12397e-08 1.6525e-05 0.00999089 0.088187 0.00165586 0.0470636 0.00291807 2.59708e-08 
0.000391816 0.00133834 0.0828872 0.0378544 0.0204971 0.393097 0.0010984 0.000119286 0.00848726 0.000103887 0.0218694 0.000189021 0.00243624 0.00904829 0.269901 2.45427e-06 6.363e-05 0.00254581 0.0428564 0.0141453 0.0118069 0.078717 0.000543973 
0.000250941 5.47562e-06 0.341763 0.0689434 0.0344114 0.141183 0.0207397 0.00012986 0.0167587 5.09472e-06 0.0154614 0.000870372 0.000755748 0.00190467 0.25948 7.93883e-07 0.00012883 0.00390402 0.0155999 0.00508954 0.0301465 0.0424556 1.20632e-05 
1.61934e-07 3.70531e-05 0.0319868 0.363659 1.24299e-07 0.00670671 0.0861356 4.66476e-06 0.000707535 1.91662e-07 0.0581833 1.32673e-06 2.39195e-06 0.0641629 0.0917025 4.38049e-10 3.789e-05 0.0749027 0.0602893 5.70645e-05 0.142662 0.0180525 0.000707987 
0.00165353 0.00011917 0.0549624 0.397538 0.0161531 0.0209049 0.135239 0.00110426 0.020543 0.000574018 0.0176536 0.00036776 0.00624943 0.00840111 0.0794151 3.05035e-05 0.00151754 0.00756608 0.122062 0.00686806 0.0827484 0.0181535 0.0001759 
5.28301e-06 8.38213e-07 0.00903839 1.84194e-05 0.00675746 0.00989456 0.00341471 6.76748e-06 0.000740616 1.86494e-05 0.613044 0.000290864 1.32449e-06 0.000944069 0.280737 4.92134e-09 0.000268751 2.51992e-05 1.03427e-06 1.29428e-05 0.0627558 0.0118785 0.000144697 
0.000135622 2.0321e-05 0.0897655 0.0849919 0.0102321 0.00341698 0.0735078 1.49661e-08 0.0164937 6.45507e-06 0.013004 8.55004e-05 1.01138e-05 2.27545e-05 0.00262054 5.34307e-09 1.23879e-08 0.00198647 0.549191 0.00788801 0.145616 0.00100506 1.17183e-07 
0.000341779 0.00670913 0.0035925 0.162413 0.139033 0.15429 0.000685584 5.38368e-05 0.000204056 1.99067e-06 0.00959482 0.000125175 7.45077e-05 0.00483311 0.0401216 1.01195e-06 1.22864e-06 7.70568e-05 0.00184484 0.00201749 0.102112 0.371815 5.67214e-05 
0.000329372 1.23598e-05 0.000424368 0.00376534 0.00123145 0.000281672 7.5633e-05 7.43594e-09 0.00041531 0.0015313 0.965168 7.47581e-06 4.26357e-06 0.00012846 0.00307862 4.19814e-09 0.00112709 0.00163452 0.000110716 3.89741e-07 0.00180004 0.0188739 1.41407e-07 
0.00150258 3.50416e-05 0.00487659 0.0641418 0.000448962 0.00307233 0.0099178 1.84407e-06 0.00186303 2.4803e-05 0.00167474 2.45571e-07 4.67441e-06 0.00561907 0.0320018 2.07732e-08 1.85323e-05 0.000303803 0.866011 0.00121836 0.00504679 0.00219587 1.99648e-05 
0.00511032 0.00206614 0.0865732 0.164971 0.0489356 0.0476386 0.0159599 0.0011407 0.1817 0.00113087 0.0632931 0.010894 0.000218701 0.00177854 0.118795 1.71328e-05 0.00362714 0.0485464 0.0356089 0.0390945 0.0642098 0.0575986 0.00109147 
0.000285035 0.000271436 0.215398 0.0420243 0.0970386 0.0770773 0.00344063 0.000116618 0.204184 1.90622e-05 0.001573 0.00139956 3.48439e-05 0.000166487 0.161128 1.0997e-05 0.000227181 0.0149159 0.000398921 0.148198 0.00807233 0.02393 9.01959e-05 
0.000647177 0.000256379 0.202383 0.0155134 0.0409787 0.0620004 0.0482007 0.000528144 0.382032 6.51169e-05 0.00473296 0.000690833 5.54316e-07 0.00222037 0.0652881 1.30711e-07 1.65592e-05 0.00893331 0.0284866 0.0173171 0.0606519 0.0573622 0.00169398 
7.19695e-05 3.27462e-05 0.0073111 0.00597936 0.00546512 0.187219 0.000351273 1.02312e-07 0.000519349 6.40696e-05 0.0144699 0.00300843 4.97147e-08 0.00246933 0.159818 1.62924e-11 5.12725e-07 0.00236691 0.00043389 0.00242449 0.00230807 0.605687 3.07376e-08 
1.11288e-05 4.03828e-05 0.0207616 0.0761432 7.16516e-06 0.124097 0.0030195 0.00019695 0.00464206 0.00251602 0.0969364 0.000374523 1.66933e-06 1.27094e-06 0.0438489 2.6986e-10 7.18855e-07 9.13507e-07 0.00662676 0.00144371 0.605041 0.014281 8.33911e-06 
0.000470983 0.0023792 0.0651774 0.0669482 0.00869013 0.0886783 0.00286647 3.66893e-05 0.0083246 1.52908e-05 0.0140205 0.000299491 0.00572764 0.0178566 0.526061 1.95921e-06 5.49514e-05 0.00202144 0.0587999 0.00714051 0.01829 0.106129 1.01232e-05 
0.00013812 9.91791e-06 0.127873 0.0859919 0.00178894 0.00372122 0.019782 1.38177e-05 0.0157053 2.29869e-07 9.99188e-06 0.00012562 1.62789e-06 4.02756e-06 0.00722032 8.54708e-09 1.98364e-08 0.000401842 0.167399 0.00720003 0.560469 0.00199752 0.000146921 
0.00226624 3.29581e-06 0.00588284 0.0226816 0.00376434 0.125635 0.00712654 0.000118858 0.000327145 0.0216196 0.701191 0.00519337 0.000146745 0.000197364 0.0503381 7.68105e-08 7.18498e-06 0.0101816 0.00181716 0.00220916 0.025049 0.0138998 0.000343405 
0.00309788 0.00396131 0.094256 0.197427 0.00449805 0.00466373 0.0353612 8.33121e-05 0.027827 4.01652e-05 0.00563985 0.000476999 0.00138727 0.00269305 0.0354521 6.92295e-07 2.09281e-05 0.00647372 0.331418 0.188427 0.0392682 0.0175222 4.24859e-06 
4.34495e-06 3.59604e-05 0.0716295 0.0191912 0.00499446 0.0181642 0.135157 0.0666371 0.0277586 1.32904e-05 0.0999382 0.000421429 1.15525e-05 0.000627937 0.462373 9.45086e-07 1.32974e-05 0.000352 0.00653132 0.00453799 0.0110478 0.0704569 0.000102072 
1.67213e-05 0.00706988 0.0236999 0.0292084 0.0122457 0.00370888 0.00711924 2.0697e-05 0.00201537 3.22136e-05 0.00235308 0.000691827 0.0106796 0.819451 0.00904298 8.54356e-08 1.88499e-05 0.000210733 0.0137404 0.00966291 0.00169646 0.0473029 1.20698e-05 
0.612965 0.000137415 0.0484613 0.00520972 0.0105386 0.0595172 7.2929e-06 1.6192e-05 0.00923636 0.0128152 0.0209769 0.00213334 4.56999e-05 0.000400367 0.0450523 1.44797e-06 9.41942e-06 0.00417597 0.0069261 0.00486436 0.00392329 0.152579 7.47678e-06 
0.000205535 0.000298251 0.143487 0.321666 0.00747151 0.0284181 0.00874453 0.00668084 0.018242 3.12702e-05 0.0156615 0.152828 0.00113955 0.00040624 0.128342 6.2207e-06 2.2782e-05 0.00321398 0.000786261 0.00359401 0.0524284 0.106316 9.78399e-06 
0.00678459 6.87404e-06 0.00891678 0.0338767 0.025509 0.10395 0.114057 0.000191709 0.162048 0.000426155 0.0104559 0.00229629 0.000165428 0.00158033 0.0542705 3.84051e-10 5.36752e-10 0.00725848 0.00616914 0.00431873 0.0486033 0.408848 0.00026712 
8.70173e-05 1.23042e-05 0.0385311 0.297984 0.00426866 0.0312792 0.308211 1.93582e-05 0.00232494 8.71587e-06 0.0118318 0.000578919 6.78248e-05 0.00292939 0.0995943 8.03066e-08 9.1975e-07 0.0551992 0.0593343 0.00763444 0.0594377 0.0206317 3.33099e-05 
0.0017019 1.77092e-05 0.0627607 0.0599194 0.0168448 0.0712507 0.00232876 0.00032232 0.00450181 0.000368835 0.574169 0.00252124 5.26088e-05 0.00158346 0.0779408 5.99381e-07 0.000890249 0.0246289 0.0540315 0.00557139 0.0164593 0.0221116 2.20997e-05 
