0.000328676 0.0049417 0.301815 0.0338697 0.0157851 0.0392508 0.0216865 1.12529e-05 0.0486528 6.06267e-05 0.0222807 0.000351501 0.000218453 0.0065879 0.255339 8.28584e-06 1.33064e-05 0.00699575 0.0138296 0.0404256 0.0500553 0.136222 0.00126976 
0.00261484 0.00344683 0.112159 0.0519935 0.0131988 0.0394457 0.000829216 0.000709152 0.0445519 0.000146087 0.211627 0.00215003 0.000292591 0.0100239 0.130769 9.80245e-06 0.000105604 0.0312116 0.0111228 0.0197604 0.0366927 0.275442 0.00169753 
0.00164599 4.54399e-05 0.00667432 0.0693286 0.00070839 0.00382702 0.0142142 4.42588e-06 0.00356377 1.83729e-05 0.00257906 1.51094e-06 0.00920022 0.00659928 0.0551079 1.01688e-06 1.34735e-05 0.000834161 0.810113 0.00168815 0.00790881 0.00591963 3.65116e-06 
0.000642916 0.000103745 0.075548 0.00474404 0.00935606 0.0608975 0.00255626 9.38243e-05 0.0104687 5.17663e-05 0.028408 0.00287871 0.000500249 0.000530527 0.50191 3.4445e-06 4.16619e-06 0.00115479 0.00485889 0.000640371 0.0278495 0.264772 0.00202585 
6.30033e-05 2.68033e-05 0.0855369 0.0644373 0.116833 0.0859816 0.0299586 0.000545751 0.00476333 0.000659821 0.0171615 9.21347e-05 0.000327146 0.000143799 0.344018 1.44889e-06 1.8294e-06 0.00973317 0.00329964 0.0036654 0.0090363 0.223396 0.000316851 
6.74901e-06 0.000650174 0.0039813 0.00361439 0.0676631 0.0520951 4.83278e-06 1.98693e-07 0.000556938 1.09916e-06 0.000205046 0.193169 1.82179e-06 0.001246 0.0697794 7.67093e-08 0.000228595 0.00237681 1.94671e-05 0.000981571 0.000182084 0.603235 1.45478e-06 
0.00422251 0.000640737 0.0816812 0.0130431 0.0271153 0.0534229 0.000350194 0.000131001 0.0418901 0.00850013 0.0202877 0.000151022 0.000818189 0.0365931 0.356142 1.63232e-05 0.000500023 0.014831 0.0317099 0.224556 0.02632 0.0570177 5.96075e-05 
0.0312738 0.000198482 0.00351033 0.0196063 0.00120107 0.00193792 0.000156107 1.36397e-08 0.244656 0.00198281 0.626463 9.29112e-09 8.83143e-09 0.00334227 0.0460446 7.70063e-09 9.49806e-05 2.80875e-06 7.04881e-05 0.00140811 0.0111784 0.00662548 0.000247855 
2.75143e-06 1.4839e-07 0.00499527 9.07036e-06 0.00238216 0.00391009 0.000534268 5.65866e-09 0.00959617 3.86488e-06 0.0013226 2.16715e-06 1.18032e-05 0.00150043 0.0127684 3.19474e-09 2.77513e-07 0.000577964 9.29731e-08 0.000424506 0.00332944 0.958628 6.82737e-08 
0.00183064 7.89536e-09 0.0676019 0.0526882 0.714313 0.00208054 0.0883232 7.47621e-06 6.4742e-05 0.000182912 0.00383477 0.000167355 1.43018e-08 5.11395e-07 0.0594253 2.2871e-09 0.000136608 0.00127192 0.0058782 0.000408757 0.000655486 0.00112819 7.76317e-09 
0.000190701 5.26595e-05 0.133121 0.0920126 0.0151135 0.161324 0.0216128 0.000145745 0.0463783 0.00126616 0.0359115 0.00475394 0.00117118 0.00101204 0.209534 1.41504e-05 0.000158241 0.00480497 0.0451377 0.0343983 0.0802641 0.111365 0.00025723 
2.82212e-08 1.89076e-09 0.00102635 0.0903319 1.39997e-08 0.00220048 0.621546 8.04339e-06 0.000744654 6.20587e-08 0.000403705 4.93901e-08 0.103235 6.31925e-06 0.00140754 9.12801e-12 1.27573e-11 0.000248018 0.169957 7.09045e-05 0.00873265 8.16277e-05 1.52596e-08 
0.00128186 0.0523769 0.0313629 0.02356 0.0163951 0.00987778 0.00149855 3.14507e-05 0.00261904 0.00111167 0.00811712 0.000605713 0.00361044 0.518193 0.1206 4.8733e-07 0.00125216 0.00277728 0.00779737 0.0784375 0.0044074 0.113418 0.000667747 
0.00103374 0.000869077 0.0804611 0.498911 0.00946611 0.0272804 0.0578384 0.0010208 0.0145702 0.000885733 0.0495397 0.00150776 0.000321673 0.00831212 0.0495706 3.86192e-05 0.000365079 0.010213 0.0646511 0.00738181 0.0992427 0.0163458 0.000173412 
0.0066775 0.000562282 0.0296553 0.0556516 0.040806 0.0981602 0.0078778 3.7106e-05 0.172796 0.0172077 0.186939 0.000450295 0.00071225 0.0145785 0.0283778 2.24036e-06 0.000979994 0.0574602 0.000451097 0.00635864 0.028949 0.208496 0.0368136 
0.0010023 1.01641e-05 0.0908514 0.0835677 0.0520521 0.199678 0.00940045 1.15272e-06 0.227805 0.000156316 0.0279351 0.000207597 8.2548e-05 0.00270143 0.0430275 3.91957e-07 3.93892e-05 0.0405937 0.0039557 0.00360725 0.00897823 0.188019 0.0163271 
0.00183064 7.89536e-09 0.0676019 0.0526882 0.714313 0.00208054 0.0883232 7.47621e-06 6.4742e-05 0.000182912 0.00383477 0.000167355 1.43018e-08 5.11395e-07 0.0594253 2.2871e-09 0.000136608 0.00127192 0.0058782 0.000408757 0.000655486 0.00112819 7.76317e-09 
1.40773e-07 8.33948e-06 0.0200795 0.235091 0.0208181 0.00625699 0.0131649 1.9238e-06 0.0048168 1.51358e-09 0.248379 1.69984e-09 1.61574e-09 0.0659781 1.66669e-05 1.40885e-09 0.000138976 0.000250626 0.000144018 0.00909638 0.000990578 0.37476 8.43508e-06 
0.000117487 0.0153541 0.155294 0.0120079 0.561894 0.0416509 0.0519891 2.1906e-05 0.00910532 2.08894e-05 0.00111082 9.7569e-06 0.000281399 0.00130106 0.0459557 2.88237e-06 0.000551268 0.00194899 0.00330698 0.0618659 0.0028174 0.0333828 8.40902e-06 
0.000566962 4.79196e-05 0.21513 0.0170763 0.00197545 0.017815 0.00346591 2.96301e-05 0.00932804 0.000457072 0.00790336 0.000202954 2.38236e-05 0.00117836 0.219855 4.80829e-06 7.56814e-05 0.00402474 0.00946252 0.479438 0.00588759 0.00602518 2.54629e-05 
0.0631572 0.00161973 0.0107529 0.0420517 0.0432873 0.0261443 0.0198474 0.000134371 0.0268259 0.0050396 0.242421 0.00800984 0.000144673 0.00358782 0.0597668 5.09933e-06 0.000199237 0.137892 0.00620625 0.0131322 0.0054292 0.213401 0.0709445 
0.00365875 1.76257e-05 0.0137985 0.0434655 0.147046 0.155838 0.0328818 0.000136907 0.0802913 0.0123878 0.0278157 0.0311288 0.000349005 0.00133707 0.0597682 6.38063e-06 0.000100226 0.00666574 0.00756793 0.0395394 0.0301565 0.305575 0.00046824 
0.000403831 0.000197941 0.103207 0.134475 0.0641922 0.0829832 0.00267289 0.000524675 0.025866 0.000722445 0.0139648 7.99359e-05 0.000152236 0.0348705 0.229076 1.75888e-06 0.00098462 0.0231185 0.013167 0.042276 0.015562 0.209962 0.00153819 
0.000503339 0.00323165 0.190675 0.0172769 0.00875146 0.055099 0.0135886 7.39024e-05 0.0105859 4.01399e-05 0.0282188 6.3022e-05 0.000371493 0.00152287 0.397713 2.93993e-05 0.0708258 0.00262506 0.00559778 0.013298 0.00502033 0.174681 0.000207492 
0.00250983 1.47484e-05 0.0109208 0.0620891 0.00169155 0.00108902 0.00889733 3.45456e-06 0.000194385 4.55817e-05 0.00494566 4.94682e-06 6.47654e-05 0.00313496 0.0548169 1.15491e-07 2.03563e-05 3.25398e-05 0.8385 0.000744028 0.0036707 0.00660739 1.78282e-06 
0.0120344 4.39058e-05 0.00401269 0.0303996 0.0045235 0.0315501 0.00274673 0.000100118 0.000350738 0.00218197 0.846709 0.0201905 0.00240184 0.000190259 0.0132632 2.02071e-05 4.86883e-05 5.39953e-05 0.0122666 8.05713e-05 0.0103605 0.00636133 0.000109343 
1.03434e-05 1.1969e-06 0.0587257 0.00812258 0.00697144 0.0657389 0.000376296 9.15295e-07 0.0537519 0.00174241 0.72914 0.010173 1.26773e-05 5.41786e-06 1.61724e-05 5.16752e-07 1.52385e-05 0.00118086 2.99503e-05 9.13278e-05 0.00374232 0.00231249 0.0578379 
0.0199374 4.8485e-07 0.0554664 0.0863254 0.00520884 0.0164574 0.390017 1.9769e-05 0.00194235 0.00332525 0.0710059 0.219958 9.34165e-06 4.69337e-06 0.0467197 5.43731e-08 2.50161e-06 0.000759815 0.0495747 0.0014565 0.0235823 0.00816576 5.96495e-05 
0.000223567 4.39119e-05 0.48437 0.0608218 0.00650214 0.0690522 0.0426462 4.47983e-05 0.0146777 0.000784194 0.0130772 8.14327e-05 9.02132e-06 0.000310812 0.234926 1.5188e-09 3.60838e-05 0.00179444 0.00569384 0.0233997 0.0123106 0.0291948 3.78957e-09 
7.16993e-05 3.43252e-05 0.259389 0.0163021 0.00114684 0.0578973 0.0406257 1.7596e-08 0.012922 1.39115e-11 0.0173674 0.000811895 6.15832e-06 0.000504341 0.550456 1.2949e-11 0.000351542 0.00102578 0.000561869 0.00875654 0.00997939 0.0217902 1.76397e-08 
0.00561428 7.92383e-07 0.323457 0.0133578 0.00268273 0.0242724 0.00659668 2.24351e-06 0.0520748 2.10932e-06 0.00920428 2.36884e-06 5.04929e-06 0.000904083 0.517078 1.42076e-08 2.02787e-07 0.000640974 0.00550058 0.0145705 0.0181405 0.00588199 1.07013e-05 
0.00555882 1.9142e-05 0.00307264 0.00258177 0.0186524 0.0187031 0.000161984 1.15214e-05 0.000525976 2.85154e-05 0.0110531 0.90398 1.88147e-05 0.000212047 0.0184961 1.10773e-05 1.67987e-05 0.000215102 0.00283088 0.000246974 0.0024422 0.0110264 0.000134652 
1.15846e-06 1.80244e-06 0.0329835 0.566426 0.0045123 0.0392662 0.00892965 0.000129434 0.00145971 3.13101e-05 0.00666815 0.000165141 0.000178146 1.10312e-05 0.0851198 2.60924e-08 4.36801e-05 0.0258799 0.0402753 0.012376 0.164264 0.0112203 5.74346e-05 
0.00019667 0.000600726 0.0500327 0.0447663 0.00538611 0.0119883 0.516084 0.000354551 0.0187305 0.000119366 0.013344 0.000500408 0.00077362 0.00246053 0.073919 3.01497e-06 1.22833e-05 0.00110603 0.0839372 0.122763 0.0473905 0.0053973 0.000133923 
5.43547e-08 8.75328e-09 0.536043 0.068961 0.0465183 0.167933 0.00313086 2.74653e-05 0.00223008 1.12714e-08 0.00497552 1.39654e-07 2.3604e-05 2.98071e-05 0.112767 1.08279e-11 1.80037e-08 0.0226203 4.30959e-05 0.00149289 0.00283344 0.0303697 1.45887e-06 
0.00109506 0.00242628 0.0735577 0.632091 0.0063044 0.00855669 0.0723041 2.5887e-05 0.0311869 0.000451593 0.0358218 0.000135353 0.00886867 0.00132585 0.0378578 3.49017e-06 0.00287564 0.0168449 0.0135084 0.00107625 0.0488313 0.00377816 0.00107258 
3.86122e-08 0.00443924 0.0387675 0.0485056 0.0118229 0.0273879 0.0840401 4.25741e-05 0.0568377 1.13174e-07 0.155603 2.86654e-06 6.48401e-06 3.5274e-06 0.393972 3.33829e-08 7.87353e-08 7.94676e-05 0.000724697 0.0396547 0.0175638 0.120545 4.35954e-07 
4.41755e-05 0.00031161 0.469199 8.54511e-05 0.0971521 0.0457852 0.0248608 7.60562e-05 0.00803646 1.9244e-05 0.00155366 1.26604e-07 0.000506535 0.000837957 0.0787017 9.00171e-10 1.42481e-08 0.00196143 0.000178222 0.10006 0.00383741 0.166793 1.34128e-09 
0.000178223 0.00560664 0.0461253 0.0333349 0.101749 0.138565 0.00136362 2.48901e-05 0.000813258 6.74929e-06 0.00989441 8.13575e-05 1.15678e-06 0.220258 0.0331627 3.63212e-08 0.00096143 0.0200496 7.75214e-06 0.00199704 0.000852612 0.384965 1.00728e-06 
0.00502635 9.49387e-05 0.0209155 0.0390911 0.00464774 0.0542598 0.00385144 1.34485e-05 0.00397676 0.000148621 0.127953 0.0314899 3.28992e-07 0.0027168 0.562973 4.18708e-09 0.000187476 0.00247665 0.0294142 0.00226359 0.020668 0.073177 0.0146542 
0.000613097 6.24064e-05 0.332765 0.0487435 0.0175449 0.00202048 0.0653779 0.000164123 0.0208367 2.52657e-05 0.00692395 9.5749e-05 0.000358551 0.00057736 0.331909 5.71628e-07 0.000623483 0.119776 0.0190094 0.00213565 0.0172847 0.00532874 0.00782359 
2.04802e-07 5.45346e-05 0.0152011 0.0128348 0.163561 0.0373301 0.0031053 7.50318e-05 0.134278 0.314913 0.00479063 0.127697 0.000661657 4.20379e-07 0.00251004 9.88481e-08 7.09917e-07 0.0120777 0.000294445 0.0303161 0.0267302 0.113559 9.86341e-06 
0.000651216 0.001454 0.318933 0.0640736 0.0242566 0.114185 0.00992227 0.000283096 0.0402504 0.000680166 0.0265105 0.00207084 0.00118798 0.00570851 0.181328 2.77618e-05 0.000841395 0.0218511 0.0144514 0.0317617 0.0622568 0.0772489 6.65073e-05 
3.59587e-05 0.000217279 0.15276 0.0501341 0.0179987 0.0730319 0.00349229 5.45687e-05 0.0458969 0.000174159 0.040207 0.000316371 0.000775909 0.000188066 0.424705 1.2196e-05 0.00619851 0.0017555 0.0262615 0.0416104 0.0222531 0.091287 0.000633155 
0.00890243 0.000210075 0.047107 0.0794838 0.0495081 0.0303156 0.0093722 3.97616e-05 0.0755508 0.014314 0.216816 0.00233339 6.1569e-06 0.00261775 0.114624 4.53785e-06 0.00647875 0.0204083 0.0054966 0.00924298 0.158751 0.147796 0.000620903 
0.00751501 0.000429256 0.0409937 0.132806 0.00340187 0.00733952 0.0150482 2.2937e-05 0.00700661 0.00214938 0.105408 0.000972712 9.13367e-05 0.0202356 0.0791517 9.50911e-06 0.393179 0.000440693 0.0225102 0.00919046 0.130959 0.0210488 9.11086e-05 
0.00128312 0.000193199 0.421673 0.0252753 0.0421968 0.0613699 0.00176571 6.30669e-05 0.0144204 6.82995e-05 0.00624071 3.47198e-06 3.07953e-05 0.00423022 0.0951699 4.70949e-07 3.80818e-05 0.000829823 0.0447164 0.0771939 0.166791 0.0364079 3.85201e-05 
0.000120161 1.90455e-05 0.0433682 0.39359 0.0129393 0.028828 0.103749 0.000433877 0.0287884 5.57242e-05 0.175015 0.00455304 0.000782572 0.000909718 0.100411 1.19225e-08 6.00251e-06 0.006689 0.0111112 0.00832263 0.0326846 0.047622 4.00329e-07 
0.00126793 4.04597e-05 0.0227997 0.132967 0.028037 0.0923367 0.00535668 0.000450041 0.0276295 1.9993e-05 0.0267086 0.000770891 9.39025e-05 0.00120554 0.120536 3.03593e-07 4.30027e-05 0.0212159 0.00240652 0.0139725 0.0224575 0.472453 0.00723152 
0.00766211 0.00586221 0.0278229 0.0393167 0.0178275 0.0895298 0.0025512 8.02473e-05 0.0123873 9.82246e-05 0.0647693 0.00240838 0.00131612 0.0214348 0.148052 3.27379e-05 0.00486459 0.00623059 0.0268319 0.00731314 0.0120504 0.50142 0.000137642 
5.43547e-08 8.75328e-09 0.536043 0.068961 0.0465183 0.167933 0.00313086 2.74653e-05 0.00223008 1.12714e-08 0.00497552 1.39654e-07 2.3604e-05 2.98071e-05 0.112767 1.08279e-11 1.80037e-08 0.0226203 4.30959e-05 0.00149289 0.00283344 0.0303697 1.45887e-06 
0.000158217 4.12067e-05 0.360901 0.010327 0.0100728 0.0396667 0.0026777 0.00378349 0.0550055 0.000611121 0.0589882 0.0271322 7.11542e-05 0.00237845 0.243832 1.18609e-05 0.00142503 0.00211181 0.00277072 0.0163715 0.138216 0.0230163 0.000430337 
0.000139874 7.30981e-06 0.170553 0.133305 0.0958075 0.373748 0.000120831 0.000485082 0.0119738 3.90741e-05 0.0163083 0.000282914 0.00255729 0.0037636 0.0749166 2.29331e-07 0.000546395 0.0319469 0.00197333 0.00306067 0.000404938 0.0780593 5.61278e-07 
0.402854 2.24623e-06 0.0246796 0.00370408 0.000614886 0.0692058 0.00945853 2.5689e-05 0.0239524 0.000119911 0.0870056 0.000902471 2.55412e-05 6.10199e-05 0.342618 5.48069e-07 0.000409624 0.000771987 0.000143783 0.00161642 0.00297469 0.0282923 0.000560739 
0.000685222 0.000189375 0.0302195 0.395102 0.0222189 0.026466 0.248017 0.0001978 0.00893045 0.000333554 0.00477748 0.0743697 1.51745e-06 0.000307439 0.0058262 1.54651e-09 3.76412e-06 0.00772319 0.010761 0.00777512 0.129507 0.0265726 1.59379e-05 
0.000156667 0.00446494 0.588603 0.0420219 0.0115261 0.0118901 0.0665951 6.33032e-05 0.00991242 4.53821e-06 0.00980769 0.000166391 0.000437687 0.000784928 0.0227857 5.8817e-07 2.72289e-06 0.00446518 0.128175 0.0403646 0.0542297 0.00353922 2.6571e-06 
0.00328142 0.00599603 0.0991324 0.0513623 0.0104835 0.0144654 0.00607335 6.82606e-05 0.00874479 9.24925e-06 0.0243092 0.0113482 0.00571647 0.0179562 0.147104 6.58448e-07 2.36221e-05 0.00300911 0.0171827 0.510942 0.0178534 0.0448543 8.36764e-05 
7.19695e-05 3.27462e-05 0.0073111 0.00597936 0.00546512 0.187219 0.000351273 1.02312e-07 0.000519349 6.40696e-05 0.0144699 0.00300843 4.97147e-08 0.00246933 0.159818 1.62924e-11 5.12725e-07 0.00236691 0.00043389 0.00242449 0.00230807 0.605687 3.07376e-08 
0.00183064 7.89536e-09 0.0676019 0.0526882 0.714313 0.00208054 0.0883232 7.47621e-06 6.4742e-05 0.000182912 0.00383477 0.000167355 1.43018e-08 5.11395e-07 0.0594253 2.2871e-09 0.000136608 0.00127192 0.0058782 0.000408757 0.000655486 0.00112819 7.76317e-09 
0.179263 2.71144e-05 0.00543834 0.0932443 0.0256332 0.108338 0.00379647 0.000144213 0.00830759 4.07976e-05 0.106828 0.000234594 3.09917e-05 0.0333463 0.0756455 5.37588e-06 0.000195675 0.0157492 0.0708178 0.0131524 0.105514 0.154162 8.49151e-05 
0.00146166 0.0125335 0.0532544 0.0255552 0.0189639 0.0452726 0.00420186 5.30223e-05 0.0068416 0.000119786 0.0516183 0.0296768 0.00156818 0.00392519 0.283769 4.2487e-05 0.00358661 0.0105047 0.0679334 0.00553348 0.0115451 0.361955 8.43652e-05 
2.6861e-07 2.67099e-05 0.0565012 0.271757 0.00379267 0.0226432 0.0171795 0.000154614 0.0311276 8.9294e-08 0.00131638 3.56432e-05 5.25655e-07 4.28374e-08 0.00366719 1.5999e-10 1.29756e-07 0.0166969 0.147909 0.0047349 0.421419 0.00101863 1.86467e-05 
0.000302333 0.0297253 0.148407 0.0257926 0.0329646 0.0735388 0.00306875 1.66652e-05 0.0359144 5.32375e-06 0.00945846 0.000811287 0.000526348 0.00157675 0.380616 3.65332e-06 2.08035e-05 0.00369373 0.0443018 0.0525172 0.00770086 0.149002 3.47202e-05 
0.00336181 8.0992e-05 0.133427 0.180123 0.0197389 0.0720548 0.00343963 0.000206699 0.180512 0.00110671 0.0426375 0.0766967 0.000106394 0.000381876 0.13643 7.24172e-05 0.000122005 0.0364847 0.00716121 0.0309013 0.0473074 0.0272446 0.000402209 
5.72678e-05 1.01005e-05 0.0281093 0.0662747 0.0521433 0.0835083 0.0031971 7.88222e-05 0.108577 0.000405218 0.1567 0.00099576 0.0078628 0.00132708 0.0087867 1.15029e-06 1.92052e-05 0.0155524 0.000284119 0.00768128 0.410261 0.047601 0.000566004 
0.000352346 0.000218861 0.00343648 0.0093198 0.16112 0.128074 0.000653281 4.02098e-07 0.105962 4.78048e-05 0.0888568 0.00526202 9.82352e-05 2.08488e-05 0.0963514 8.43098e-09 3.0902e-07 0.333227 0.00473874 0.00017956 0.00858381 0.0534959 1.29576e-06 
8.79494e-05 0.000186111 0.0237205 0.0219574 0.695286 0.0700538 0.00297805 5.35184e-06 0.0348441 7.13217e-05 0.00641628 0.000620185 1.59965e-05 0.000680491 0.0301174 1.43935e-06 5.2758e-05 0.0261151 0.013383 0.0108305 0.0233465 0.0391786 5.05643e-05 
0.000219702 0.0172972 0.0521481 0.0645778 0.208692 0.0916356 0.0037386 0.000287745 0.0287964 0.00526858 0.0461004 0.00193861 0.00100817 0.00820707 0.197097 8.96822e-05 0.000936271 0.016167 0.0215988 0.0233804 0.0245225 0.186175 0.000117285 
3.62471e-05 4.81192e-06 0.0103972 0.0153734 0.000143296 0.001604 0.934309 3.39378e-05 0.00036851 1.75817e-05 0.00230379 0.000132423 3.27233e-09 0.000391483 0.0195049 7.18137e-10 2.69184e-06 2.90868e-05 0.00365897 0.00120402 0.00950705 0.000972813 4.49899e-06 
0.00136341 2.79084e-05 0.0319416 0.726393 0.015204 0.0185528 0.034026 0.00110637 0.00316534 0.000195152 0.019705 0.00623444 0.00273115 0.00269754 0.0489233 1.75024e-06 3.09656e-05 0.00305314 0.0458954 0.0139227 0.013902 0.0109239 2.79077e-06 
0.000161635 8.64453e-05 0.0325675 0.020515 0.0176657 0.0756792 0.00727386 4.05063e-05 0.0150654 0.00147646 0.0251696 0.00963607 0.000152255 0.0027045 0.708686 9.53232e-06 8.57671e-05 0.00421452 0.0077454 0.00224307 0.01567 0.0531392 1.19679e-05 
0.000645402 2.55391e-07 0.146511 0.00909837 0.000814117 0.149009 0.0014281 0.000413313 0.00108625 5.97903e-06 0.000468326 1.16788e-05 7.77909e-05 4.73091e-05 0.663672 1.44683e-07 2.76026e-05 0.00677367 0.00162469 0.00414126 0.00277596 0.0113677 3.35495e-07 
0.000771601 0.000244954 0.226543 0.0818894 0.0336805 0.119917 0.00962077 0.00114924 0.112265 0.000616529 0.0172693 0.000970199 0.000979173 0.0114669 0.212521 6.56333e-05 0.00101923 0.0210943 0.0115005 0.0195286 0.0822881 0.0329258 0.00167297 
0.000984536 0.00115585 0.0796717 0.0364074 0.112221 0.227594 0.0104884 0.00056196 0.0872687 0.00149699 0.0333766 0.00202907 0.000545054 0.0084888 0.151066 0.000427664 0.00746442 0.00747086 0.0174957 0.0469497 0.0227922 0.141788 0.00225541 
0.00568059 0.000662106 0.00820852 0.132462 0.0472067 0.0210657 0.00029982 2.24316e-08 0.00187187 1.07529e-06 0.339198 3.98318e-05 0.000934402 0.348291 9.29182e-07 2.21336e-10 3.13335e-07 1.54346e-07 0.0004725 0.0116417 0.0558366 0.0261147 1.08828e-05 
0.00429905 0.000607864 0.0944906 0.0802354 0.00542587 0.0246886 0.387185 6.65534e-05 0.0038276 0.000503013 0.0182871 0.00926079 5.21191e-05 0.00134395 0.0985523 1.7083e-05 0.00218656 0.00558469 0.0129847 0.226071 0.00709712 0.0171529 8.05323e-05 
0.000698455 0.0101938 0.40762 0.0163172 0.0238848 0.0800922 0.0080036 0.000120381 0.0746303 0.00127789 0.0132641 0.000529811 0.000184606 0.00340553 0.237325 1.50927e-05 0.00242915 0.0215025 0.0109793 0.0243388 0.0154145 0.047597 0.000175889 
7.85343e-09 1.97147e-08 0.0139333 0.0392588 0.000448318 0.0160855 0.586811 0.000204861 0.00204975 1.99703e-05 0.00145412 0.150241 3.9223e-05 0.00243595 0.00590986 2.86609e-12 3.13577e-09 4.62804e-05 0.139457 0.00791629 0.0300226 0.00366632 1.708e-10 
0.00114496 0.000114737 0.179079 0.0122553 0.00324604 0.0429449 0.000882302 1.54616e-05 0.256955 3.81994e-06 0.0160267 6.9562e-05 1.72004e-05 0.00359964 0.394432 2.46721e-06 7.11548e-05 0.00321162 0.0106537 0.00568601 0.00816121 0.0613614 6.56973e-05 
2.32898e-06 4.39769e-06 0.0138339 0.0421825 0.000296103 0.00751272 0.635579 0.000142178 0.0062885 3.09436e-05 0.00152153 0.0850807 1.09074e-05 0.00421004 0.00803733 6.3537e-10 1.81887e-06 0.000305815 0.14582 0.00603568 0.0386306 0.00446891 4.26131e-06 
0.0319405 8.70624e-05 0.0113392 0.319581 0.00746015 0.0235191 0.0180287 0.000552079 0.0190076 0.00226423 0.196257 0.000400018 1.25872e-05 0.00307959 0.0974075 1.3353e-08 8.19341e-05 1.26344e-07 0.0476356 0.00577315 0.0382251 0.175764 0.00158459 
2.30043e-06 1.55596e-06 0.000439851 0.0155157 0.528051 0.0196163 0.000168695 1.1798e-06 0.0466144 0.0068568 0.00844489 0.000946096 0.000274821 0.0425569 0.00172613 2.09822e-07 4.02861e-06 0.016353 4.52391e-07 0.0273418 0.00417201 0.260955 0.0199561 
1.36292e-06 0.000764496 0.453205 0.0157602 0.037914 0.0772998 0.00842403 0.000146057 0.0345791 7.3357e-06 0.14688 0.000177134 1.22642e-07 9.86755e-05 0.00339542 1.06939e-07 1.40194e-06 0.00126627 0.0122249 0.00278651 0.176596 0.0113718 0.0171003 
0.00019452 3.92503e-07 0.12437 0.029165 0.000239441 0.0489849 0.18433 2.93076e-05 0.0419265 5.16904e-09 0.00387752 3.30807e-06 3.20405e-07 0.0382911 0.453674 4.81141e-09 3.2761e-06 0.000320027 0.036365 0.0023526 0.026321 0.00955089 1.06609e-06 
0.00183064 7.89536e-09 0.0676019 0.0526882 0.714313 0.00208054 0.0883232 7.47621e-06 6.4742e-05 0.000182912 0.00383477 0.000167355 1.43018e-08 5.11395e-07 0.0594253 2.2871e-09 0.000136608 0.00127192 0.0058782 0.000408757 0.000655486 0.00112819 7.76317e-09 
3.5101e-05 1.59927e-05 0.0216397 0.0238292 3.7656e-05 0.0010006 0.014487 2.72724e-07 0.002901 2.36819e-08 0.916025 1.43478e-10 3.9461e-05 5.33588e-05 0.011877 1.18917e-10 4.31716e-08 7.08146e-05 0.00228623 0.000418533 0.00221984 0.00145987 0.00160352 
0.000380977 0.00815092 0.337016 0.0441842 0.0213032 0.121036 0.0209788 0.000210753 0.0199727 0.00028827 0.01751 0.000311632 0.00144761 0.00755605 0.19399 2.64227e-05 0.00914997 0.00524381 0.0107814 0.0305744 0.0940892 0.0556453 0.000152661 
3.32694e-05 8.0914e-08 0.00314027 0.00304508 0.72373 0.0423116 2.18287e-05 5.4269e-06 0.0059835 2.07524e-05 0.0048596 0.000180544 1.50341e-05 0.000290441 0.00173211 1.13425e-08 4.07093e-05 0.00247439 1.92238e-07 0.00112502 0.00043032 0.078502 0.132058 
0.00163631 0.000723548 0.0988354 0.0189881 0.0119964 0.113631 0.00139704 0.000208891 0.508927 3.61582e-05 0.0206176 0.000810189 0.000125412 0.00256639 0.115732 3.39861e-06 0.000107666 0.00478187 0.0269034 0.0168848 0.00433033 0.0492362 0.00152051 
0.000116522 7.76126e-05 0.383025 0.0431347 0.0497598 0.0288476 0.0065808 5.00543e-05 0.0805514 5.74105e-05 0.00954827 0.00125964 0.000363045 0.000758731 0.148795 7.94391e-06 4.58366e-05 0.0476504 0.0111291 0.0202779 0.113186 0.0529973 0.00178002 
0.000807471 0.00216614 0.0863733 0.0892369 0.0333979 0.229611 0.0061964 0.00010639 0.0242445 0.000986205 0.0622138 0.00127138 0.0015238 0.0120463 0.256964 4.90717e-05 0.00020877 0.00355501 0.0112962 0.0160195 0.0171362 0.144369 0.000220717 
0.00287925 7.56404e-05 0.0411887 0.0336861 0.14559 0.248985 0.0104431 1.80281e-05 0.0268434 0.000820272 0.264793 0.00605518 0.00482394 0.00264273 0.0632435 5.20488e-06 0.00126679 0.00610188 0.0158861 0.000786447 0.020622 0.103183 6.01042e-05 
0.000415383 0.0108629 0.185324 0.0740967 0.0214159 0.0444378 0.0177944 5.3158e-05 0.0295279 2.47767e-05 0.0105169 0.00277547 0.00143082 0.00474081 0.184274 5.16152e-06 0.000114754 0.00678355 0.0131733 0.167146 0.016462 0.208584 4.00932e-05 
0.00309763 0.000166781 0.505939 0.0159232 0.00419956 0.0447472 0.00151007 0.000153454 0.0203818 0.000459837 0.0613099 2.52989e-05 0.000531237 0.000403649 0.267392 6.17542e-06 0.000164604 0.00272001 9.10355e-05 0.042562 0.00690056 0.0212791 3.5594e-05 
2.84253e-05 2.62347e-05 0.0732047 0.0857225 0.0209591 0.00336556 0.00112996 0.000266527 0.000552776 2.39181e-06 0.745548 0.000883345 5.58067e-06 0.000312322 0.0131458 7.64047e-07 1.98774e-05 5.74164e-05 0.000920811 0.000747368 0.0426287 0.0104661 5.79022e-06 
0.00193226 0.000496783 0.08466 0.12054 0.149888 0.0197879 0.0144204 0.0011292 0.0215714 8.09033e-05 0.0385559 0.000690902 0.00124498 0.0239555 0.0455422 1.65169e-05 0.000502578 0.0107829 0.0173193 0.373303 0.0165056 0.048674 0.00840013 
0.00128186 0.0523769 0.0313629 0.02356 0.0163951 0.00987778 0.00149855 3.14507e-05 0.00261904 0.00111167 0.00811712 0.000605713 0.00361044 0.518193 0.1206 4.8733e-07 0.00125216 0.00277728 0.00779737 0.0784375 0.0044074 0.113418 0.000667747 
3.68205e-07 5.83871e-08 0.0813831 0.00308415 0.0247363 0.263383 0.0132413 4.71415e-07 0.00571444 1.30027e-06 0.21187 6.94977e-07 9.20171e-08 1.25479e-06 0.196055 2.55541e-08 4.53488e-07 0.000179912 7.20891e-08 0.0151638 0.0166057 0.168578 1.28061e-07 
0.000471704 7.45022e-05 0.104336 0.083461 0.00769908 0.0782409 0.0208133 6.39678e-05 0.0147676 0.000221858 0.108971 0.000824076 3.33522e-05 0.000278982 0.188391 2.4171e-06 6.08083e-05 0.00736507 0.0150576 0.00994219 0.323864 0.0344689 0.000591146 
0.000100052 3.55872e-05 0.193653 0.141653 0.0474145 0.0298979 0.00595177 2.50906e-05 0.0131608 0.000619291 0.00922651 0.000200363 1.18267e-05 0.0163204 0.0723832 8.61679e-07 8.49551e-05 0.00161568 0.0747465 0.0243223 0.307078 0.0614854 1.35024e-05 
0.0060841 8.0383e-06 0.0918985 0.158014 0.0471938 0.0542158 0.0130063 1.58219e-07 0.0010383 0.000887541 0.194031 0.000967414 0.000370852 1.94783e-07 0.041972 4.6953e-08 0.00298538 0.0358992 0.0171526 0.0448482 0.274729 0.014693 4.11609e-06 
4.52281e-05 8.46376e-07 0.405514 0.037836 0.0578152 0.0265635 0.00764658 9.98415e-06 3.30188e-05 3.50863e-05 0.0070758 6.20429e-06 3.63779e-07 2.46758e-05 0.412643 1.22935e-08 0.0001095 6.44538e-06 0.0387386 0.00186362 0.00187728 0.00215519 3.18889e-08 
0.00523445 4.02797e-07 0.0026065 0.0513895 0.0167463 0.155263 0.00920134 7.39933e-08 0.00100441 4.39822e-06 0.744465 0.00069386 0.00113674 3.0924e-05 0.00278769 4.17748e-08 2.32488e-07 0.00480551 0.00276525 0.000439734 4.63865e-05 0.00137474 3.8849e-06 
0.000911801 0.000409801 0.00402751 0.348667 0.00529263 0.0045531 0.01855 0.00551718 0.0126063 0.00720867 0.0573588 0.000285596 4.59435e-06 0.00888386 0.0584752 6.19865e-08 0.00900741 0.00028702 0.376323 0.0274224 0.0323256 0.0202776 0.00160472 
0.000140793 2.30707e-05 0.00358589 0.00962742 0.000525683 0.000418893 0.220582 0.0176531 0.00815178 0.638134 0.00204957 0.000734693 3.22097e-09 0.000821474 0.0144174 1.29742e-10 1.81328e-10 0.00751792 0.0032988 0.000124157 0.0669299 0.00510902 0.000154957 
0.000475913 0.000102038 0.354717 0.0779792 0.00604059 0.00828721 0.00627617 0.00213597 0.00204488 4.9644e-07 0.00812453 8.85787e-05 9.68619e-06 9.9731e-05 0.0163297 1.8345e-08 4.26854e-08 0.35777 0.0646719 0.00210333 0.0923666 0.000376513 7.15546e-08 
3.25962e-05 3.3484e-05 0.0863459 0.00689818 0.00526924 0.187829 0.00609749 1.16673e-05 0.00825176 2.57838e-07 0.00856464 0.000528642 0.000128091 0.00288445 0.647474 1.048e-09 0.000127318 0.00322214 0.00122886 0.00780894 0.0103571 0.0155405 0.00136578 
1.54678e-07 3.28301e-07 0.369055 0.0867504 0.00377214 0.17451 0.040652 2.29925e-11 0.0139043 1.99655e-08 0.00995411 1.56621e-11 3.19638e-08 0.0174793 0.219529 1.2981e-11 1.81422e-11 7.35624e-05 0.000180691 4.66968e-08 0.00647288 0.0576662 9.27611e-09 
0.000461454 0.0111483 0.0151487 0.00377327 0.116126 0.0652345 0.000136849 1.38903e-05 0.223929 0.000910984 0.00174744 0.0275002 0.00015167 0.00043127 0.037894 5.60989e-06 0.000504873 0.0829649 0.0037722 0.0100397 0.0102297 0.387512 0.00036375 
0.213302 2.36585e-05 0.0456586 0.0423322 0.0628011 0.0213408 0.00225602 1.19977e-05 0.00465223 0.000828703 0.043688 0.000333901 3.37744e-05 0.00544985 0.0514956 1.14542e-08 0.00025581 0.0017599 0.0734129 0.00801903 0.23166 0.190663 2.15171e-05 
0.000498336 7.85133e-05 0.0917783 0.0244798 0.0303899 0.604947 3.86315e-05 2.20901e-05 0.00400646 0.00011187 0.0507625 0.00152085 4.36388e-06 0.00238103 0.0855668 9.52943e-07 9.56519e-06 0.0320039 0.000230531 0.00786901 0.00287803 0.0600701 0.000351225 
1.35492e-05 0.00722448 0.106645 0.0270758 0.0421131 0.0190859 0.0150151 0.00928467 0.0453481 0.0111371 0.0232948 0.00554295 0.000975633 0.0884058 0.0353468 2.77728e-06 0.000250709 0.0016526 0.0032322 0.327407 0.0112015 0.219737 7.69375e-06 
4.82651e-05 0.00216695 0.0112668 0.397259 0.0235889 0.00146824 0.0373264 6.3561e-05 0.0218787 0.00243044 0.0573901 0.020828 0.000920004 0.0136822 0.0907281 3.95071e-06 9.91926e-05 0.000204987 0.033014 0.169577 0.0623716 0.0534849 0.000198449 
0.00653927 2.94282e-06 0.0724548 0.0531495 0.0278933 0.225908 0.00690065 5.76126e-05 0.00916826 1.72245e-05 0.00287234 0.0147285 9.17595e-05 1.46705e-05 0.339577 1.71762e-09 6.17005e-06 0.00200603 0.0338465 0.000455131 0.0016156 0.201818 0.000876583 
7.53776e-07 6.6712e-05 0.0933928 0.126151 0.0558097 0.0789699 0.00242351 0.000169988 0.0715505 0.0010214 0.0927173 0.000237694 3.52163e-06 0.00976203 0.260096 1.14341e-08 0.000467051 0.000361801 0.133177 0.00138196 0.0339085 0.0383236 6.70409e-06 
0.000377863 8.7289e-05 0.180126 0.0347691 0.00061135 0.025726 0.0102219 0.000789139 0.0286829 4.65658e-06 0.0108497 5.06735e-05 6.6975e-05 0.00135191 0.155622 4.56889e-06 0.000455239 0.00404083 0.0474684 0.449368 0.0142451 0.0350694 1.08473e-05 
0.000794268 0.000338433 0.0360465 0.127155 0.00584755 0.0772953 0.00972208 5.40735e-05 0.0403242 0.000846535 0.423228 0.000729868 0.000269423 0.00380996 0.06713 3.95518e-06 0.000138484 0.00860611 0.0738959 0.00585644 0.0232835 0.0924282 0.00219566 
0.000392987 0.00642146 0.0589604 0.0212437 0.0192406 0.0549557 0.00373576 0.000253551 0.0358252 0.000239996 0.0200973 0.00130092 0.000753598 0.0108802 0.235628 7.46196e-05 0.000472302 0.00861011 0.0119684 0.0116344 0.0100284 0.48713 0.000152083 
0.00042584 6.31074e-06 0.149498 0.0130067 0.0232524 0.136006 0.00157221 1.20787e-05 0.130592 0.000165862 0.0151078 7.69474e-05 2.01663e-05 0.000195145 0.425845 1.84324e-07 2.35265e-05 0.00513342 0.0216974 0.0188498 0.0299758 0.0283992 0.000137791 
7.48755e-05 3.80879e-05 0.00361029 0.0382863 0.000153182 0.00824519 0.00822058 0.000100288 0.000153643 0.00013334 0.819842 0.000271816 9.05967e-08 2.91147e-06 0.0407854 7.89965e-08 2.32229e-05 7.3954e-05 0.000633327 0.000960547 0.07159 0.00663789 0.00016316 
0.000946565 0.0246659 0.113187 0.0234162 0.0128912 0.0113432 0.00157679 5.6421e-05 0.0302148 0.000541599 0.0196312 0.000958991 0.00171987 0.270765 0.209699 1.49001e-05 0.000924425 0.00566796 0.00398951 0.172402 0.00920272 0.0822642 0.00392126 
0.000513441 0.000150704 0.0232631 0.00926832 0.00893422 0.044704 0.000417571 0.000135388 0.00728998 0.00315667 0.755021 0.00394325 2.83153e-05 0.00207915 0.0274493 8.93694e-06 0.000254944 0.00451842 0.000678474 0.0519924 0.0203649 0.0313032 0.00452375 
2.80815e-05 4.31995e-06 0.0017305 0.00324432 0.0737407 0.780996 1.60043e-05 0.00101717 0.0258861 0.000182746 0.0219402 4.45391e-05 0.00012083 0.000491995 0.00722914 1.60346e-06 3.98669e-06 0.00137324 0.00855363 0.00109437 0.00223956 0.0699689 9.21086e-05 
0.000628895 0.000652016 0.0644413 0.0270535 0.00809339 0.00863528 0.00160728 0.000479736 0.185994 0.000806441 0.0457976 0.0014637 0.000202172 0.000878809 0.117581 8.95019e-05 0.000224352 0.00458432 0.00428797 0.494908 0.0131277 0.0152104 0.00325256 
1.31252e-05 7.65067e-07 0.120856 0.323368 0.068714 0.0705861 0.00930045 0.000232233 0.0669154 0.000905583 0.191953 0.000192995 6.11031e-05 0.00920167 0.0220286 1.28844e-07 9.89467e-07 0.00121055 0.0155688 0.00346846 0.00995577 0.0306997 0.0547668 
3.96365e-05 3.23021e-06 0.0986278 0.0119653 0.0310617 0.406867 0.00372023 0.000924104 0.151482 0.000121609 0.00606345 0.000126354 0.000402372 8.7248e-05 0.117364 1.09147e-07 7.53207e-06 0.0229275 0.0112933 0.00184452 0.0419537 0.0931139 3.32456e-06 
0.000519195 0.000127035 0.0963999 0.199027 0.00368654 0.0590378 0.05499 0.000452212 0.0176876 3.73295e-05 0.0484613 0.000782375 3.87853e-05 0.00413015 0.0624881 2.45862e-05 0.000755568 0.00309535 0.33672 0.0145227 0.0498949 0.0470111 0.000110012 
0.00709606 0.000638153 0.00532384 0.0639164 0.0528839 0.0819828 0.0156886 0.00030619 0.0034893 0.0217151 0.298448 0.00241956 0.000745804 0.00167798 0.211634 0.000157908 0.0102189 0.0122728 0.0198932 0.0212379 0.0487562 0.108025 0.011473 
2.91667e-05 9.01159e-07 0.093067 0.17172 0.11058 0.372702 0.00278366 2.73739e-05 0.0111181 2.85847e-05 0.0180287 0.000670054 0.0031652 0.0187204 0.0678437 3.45545e-08 0.000773562 0.00332659 0.00510118 0.0103928 0.0382261 0.0716797 1.52705e-05 
1.67213e-05 0.00706988 0.0236999 0.0292084 0.0122457 0.00370888 0.00711924 2.0697e-05 0.00201537 3.22136e-05 0.00235308 0.000691827 0.0106796 0.819451 0.00904298 8.54356e-08 1.88499e-05 0.000210733 0.0137404 0.00966291 0.00169646 0.0473029 1.20698e-05 
0.000419161 0.00116147 0.475779 0.0594566 0.0179362 0.0255997 0.0118814 0.000283031 0.00565312 0.00163831 0.210438 0.0023225 0.000819568 0.00251242 0.0617542 2.77752e-05 0.00396633 0.00559925 0.0157095 0.0544476 0.0160965 0.026469 2.90468e-05 
0.00201784 0.0716045 0.128277 0.0693914 0.0705543 0.0911925 0.0654656 0.000927723 0.0339387 4.68005e-05 0.0371239 0.000264682 0.00208227 0.00778153 0.137058 1.11159e-06 0.000357136 0.0180696 0.0012332 0.200375 0.0122899 0.0497706 0.000176413 
0.000201856 1.36755e-06 0.0216818 0.399371 0.000565169 0.0406463 0.0155837 0.000382379 0.00181971 6.80981e-05 0.0422183 0.0206948 4.75153e-05 0.00806628 0.389035 1.95525e-09 0.000296125 6.78443e-05 0.0419392 0.000473791 0.00704606 0.00964917 0.00014492 
0.00506424 0.00502988 0.0902642 0.037262 0.0266904 0.274508 0.013282 0.00012986 0.0173089 0.00268088 0.0544764 0.00293592 0.00146931 0.00467721 0.240129 6.69957e-06 0.00191285 0.0218355 0.029488 0.00952778 0.0310406 0.129847 0.000433235 
0.0139059 0.000946146 0.0744424 0.40427 0.0289537 0.20207 0.0550568 0.00213648 0.000234898 0.00187598 0.118768 0.000274455 0.000137269 0.00120728 0.0630301 9.17354e-07 8.78446e-05 0.00522781 0.00422949 0.00103539 0.0182826 0.00380977 1.57708e-05 
0.00583974 0.00276651 0.064074 0.0124536 0.0308687 0.0955153 0.00109746 0.00037556 0.0917053 0.0017008 0.0142832 0.00213952 0.000239151 0.00156275 0.237013 3.9808e-06 9.00767e-05 0.011107 0.00973043 0.139155 0.0149471 0.26203 0.00130101 
0.00250983 1.47484e-05 0.0109208 0.0620891 0.00169155 0.00108902 0.00889733 3.45456e-06 0.000194385 4.55817e-05 0.00494566 4.94682e-06 6.47654e-05 0.00313496 0.0548169 1.15491e-07 2.03563e-05 3.25398e-05 0.8385 0.000744028 0.0036707 0.00660739 1.78282e-06 
0.00154338 0.0142147 0.115438 0.0362563 0.0288612 0.0504995 0.00750026 0.000582077 0.00543505 0.00100247 0.0869169 0.000253925 3.86609e-05 0.04009 0.39742 1.152e-06 8.03666e-05 0.00107729 0.0327354 0.0842769 0.0141434 0.0812929 0.000340174 
1.5727e-06 8.48417e-06 0.106269 0.0589645 0.0192125 0.440486 0.0166037 7.68751e-07 0.0332545 1.33172e-07 0.0130617 0.000634531 5.52236e-06 0.000110825 0.10405 1.92693e-08 1.39696e-06 0.0362803 0.00171003 0.000402315 0.108049 0.0580953 0.00279713 
0.000357485 0.00130628 0.0613014 0.0357055 0.0285732 0.106519 0.00914014 3.63215e-05 0.0191541 0.000408055 0.0222925 0.00598501 0.000227456 0.00253157 0.424685 1.4447e-06 0.000195626 0.00402701 0.0244714 0.00617738 0.0169366 0.229921 4.67153e-05 
0.00100635 0.00338621 0.140642 0.0193114 0.0293687 0.0396461 0.00366019 5.32199e-05 0.0325985 1.33684e-05 0.0060063 0.000641988 0.00416976 0.00452628 0.47689 1.8318e-06 0.000321847 0.00183224 0.00361398 0.0586375 0.0609089 0.11269 7.35625e-05 
9.6939e-05 1.86022e-05 0.166112 0.332489 0.00873823 0.0851593 0.0440232 1.96608e-05 0.000789309 0.000160618 0.205921 0.00083612 1.76482e-05 0.000870009 0.0181881 1.55353e-06 0.00275649 0.00441301 0.0165509 0.00456192 0.100132 0.00807347 7.04358e-05 
1.0792e-05 3.57748e-06 0.0505241 0.062856 0.0101381 0.843827 4.41395e-05 1.32188e-06 0.000117162 4.12398e-05 0.000345331 9.00441e-07 5.26569e-05 0.000181208 0.00313425 7.46299e-07 1.04303e-06 0.00426723 2.11605e-06 0.00780677 6.67236e-05 0.0157784 0.000799436 
3.2112e-06 1.80325e-06 0.0603903 0.823437 0.00242251 0.0110339 0.0329009 1.58382e-05 0.000273741 9.57138e-06 0.00169027 0.00031205 0.00307249 0.00843399 0.0358761 3.64686e-07 1.77579e-06 0.00148327 0.0068871 0.000341053 0.00169375 0.00970662 1.26431e-05 
0.00888674 0.000671122 0.0326775 0.447931 0.0205624 0.0343802 0.0610147 0.000572695 0.0254962 0.00157224 0.0575311 0.0027101 0.00291481 0.00345976 0.0571736 1.56021e-05 0.000384507 0.0240332 0.0837046 0.0172893 0.0869475 0.0294977 0.000573816 
0.000201295 0.000116128 0.0524147 0.123746 0.00171759 0.0015626 0.666014 3.65329e-05 0.00141219 0.000126905 0.00929805 2.12725e-05 0.000727277 0.00408438 0.00838346 1.55775e-05 0.0244909 0.0115898 0.0558599 0.00472924 0.0291497 0.00427719 2.49659e-05 
0.00235783 0.00446797 0.0761075 0.0378009 0.0130951 0.113401 0.00307035 1.72363e-05 0.015404 0.00283642 0.0371261 0.00736039 0.000115189 0.00325841 0.545615 3.08841e-06 0.000423144 0.00995469 0.013842 0.010416 0.0276022 0.0755098 0.000216009 
0.00225073 0.00297517 0.0456615 0.0846542 0.0619613 0.0318911 0.0298732 2.82683e-05 0.0621103 0.000152206 0.15644 0.000912998 0.000127091 0.03916 0.0836361 1.90256e-05 0.0146412 0.0122526 0.00568495 0.0151183 0.164879 0.185209 0.00036193 
0.00111125 1.55182e-05 0.111255 0.0421991 0.0102509 0.0400805 0.00345005 0.000125867 0.0491357 0.000896995 0.0161943 0.00321091 5.22831e-05 0.00616301 0.602267 1.88179e-07 6.64313e-05 0.0161142 0.0339003 0.0225638 0.0240017 0.0149607 0.00198406 
0.000143904 3.72334e-05 0.0325098 0.0306365 0.756641 0.0729322 0.00115503 4.54944e-06 0.00757757 3.28437e-08 0.00239177 0.00176628 0.000378332 0.000175941 0.0331112 1.0862e-08 1.86988e-08 2.26395e-05 0.0431766 0.0028454 0.00684939 0.00764451 4.92628e-07 
0.0001306 0.000194666 0.0847119 0.0322514 0.0300745 0.274993 0.00229526 1.10456e-05 0.0200094 6.244e-06 0.024868 5.04171e-05 0.00392812 0.0338498 0.382152 2.85165e-06 0.000407954 0.00152193 0.000242545 0.0148675 0.00750099 0.0823272 0.00360328 
2.89001e-06 1.28843e-05 0.138466 0.00660376 0.011712 0.00539527 0.00188826 9.99173e-06 0.382143 0.00851909 0.00468036 0.00149002 8.31184e-05 0.00867167 0.103276 2.03629e-08 5.64676e-08 0.110081 0.0131865 0.00948617 0.0147231 0.178452 0.00111726 
0.000319232 6.88989e-05 0.277586 0.0189056 0.0204855 0.0332682 0.00615655 5.15465e-05 0.0267822 3.77754e-05 0.0147492 0.000275826 3.89436e-05 0.00282015 0.174141 3.61067e-06 1.75474e-05 0.00107648 0.0121038 0.259748 0.1138 0.0367843 0.000779711 
0.000495971 3.23657e-05 0.00426987 0.0252194 0.0328087 0.227748 0.000759728 2.17589e-05 0.011935 0.000111338 0.0159135 0.00422474 0.000242338 0.0091678 0.0339021 7.03596e-06 8.03798e-05 0.00127695 0.0026698 0.0197674 0.0158025 0.591564 0.00197898 
3.40311e-08 6.04807e-05 0.214536 0.00786226 0.00036911 0.0666677 0.00268889 3.04433e-08 0.05294 5.59378e-12 0.0107832 6.72255e-08 5.97134e-12 0.000827872 0.547305 5.20676e-12 6.3317e-08 1.21658e-07 0.0094623 0.0602639 0.000820904 0.0254115 8.66675e-09 
0.000425087 4.31093e-05 0.063031 0.0259443 0.0307222 0.0155283 0.00171332 3.05719e-05 0.0260592 0.00694772 0.12873 5.17011e-06 9.12525e-06 0.001101 0.0603964 2.34205e-07 5.0124e-05 0.00402559 0.020489 0.0114476 0.597511 0.00436126 0.00142937 
0.000135622 2.0321e-05 0.0897655 0.0849919 0.0102321 0.00341698 0.0735078 1.49661e-08 0.0164937 6.45507e-06 0.013004 8.55004e-05 1.01138e-05 2.27545e-05 0.00262054 5.34307e-09 1.23879e-08 0.00198647 0.549191 0.00788801 0.145616 0.00100506 1.17183e-07 
0.00362851 0.00731679 0.0959259 0.0448871 0.0436485 0.0534284 0.00316483 0.000126882 0.0381237 0.000342524 0.0127939 0.000311957 0.0005681 0.0168383 0.0981875 3.91236e-05 0.00013659 0.0564244 0.0168564 0.280115 0.0233596 0.20341 0.000365748 
0.000259345 0.0490019 0.0546245 0.034283 0.00791908 0.00987454 0.0196424 0.0799078 0.00522257 0.00798756 0.0624948 1.56544e-05 8.18109e-06 0.219524 0.13811 1.32456e-06 0.00182792 0.000694975 0.00367778 0.282274 0.00561849 0.016995 3.57932e-05 
3.62471e-05 4.81192e-06 0.0103972 0.0153734 0.000143296 0.001604 0.934309 3.39378e-05 0.00036851 1.75817e-05 0.00230379 0.000132423 3.27233e-09 0.000391483 0.0195049 7.18137e-10 2.69184e-06 2.90868e-05 0.00365897 0.00120402 0.00950705 0.000972813 4.49899e-06 
0.00511032 0.00206614 0.0865732 0.164971 0.0489356 0.0476386 0.0159599 0.0011407 0.1817 0.00113087 0.0632931 0.010894 0.000218701 0.00177854 0.118795 1.71328e-05 0.00362714 0.0485464 0.0356089 0.0390945 0.0642098 0.0575986 0.00109147 
