0.00174039 0.4166 0.0301172 0.0599602 0.431536 0.00163271 0.00391897 7.89624e-05 0.00100401 6.733e-05 0.00390359 0.000484953 8.8842e-07 0.012631 0.00170472 1.1413e-06 9.47703e-10 0.00104637 0.000482428 0.0287846 0.00353906 0.000754761 1.10996e-05 
0.000187861 5.90801e-06 0.0426845 0.528117 0.0615677 0.0269551 0.0388853 0.00240606 0.0300978 0.000146953 0.0125534 0.000251836 0.000583806 0.000656862 0.0421116 1.40075e-05 5.09796e-06 0.0398722 0.0508956 0.00902085 0.0896003 0.00788775 0.0154929 
0.00062286 0.00870912 0.334975 0.1446 0.0903687 0.0764501 0.0149515 4.34333e-05 0.0141287 0.000718136 0.0594804 0.000904406 8.53183e-05 0.000107531 0.0616682 2.66482e-05 1.95506e-05 0.117184 0.00343322 0.0190605 0.0126905 0.0357576 0.00401507 
0.030298 0.000611255 0.0862242 0.0500116 0.0293259 0.0193927 0.0174593 0.000513579 0.0747671 0.00346851 0.0693953 0.00616473 0.00141313 0.0110567 0.0824 0.00488202 3.2097e-07 0.00723306 0.0794653 0.213474 0.0674627 0.14498 3.21202e-07 
1.5152e-06 0.00914933 0.146847 0.0106935 0.00848194 0.034019 0.00065015 4.12206e-05 0.17549 1.24984e-06 0.147158 0.000562821 2.57372e-06 9.66924e-05 0.384006 2.00755e-06 3.07012e-07 0.00226028 0.0412304 0.00193706 0.00150029 0.0358422 2.61175e-05 
0.000193632 0.00014441 0.0498416 0.175389 0.0115146 0.00744898 0.00141295 1.47172e-07 0.0965395 6.70761e-08 0.129697 0.000120065 0.00275903 0.00970015 0.22741 0.000115117 2.50361e-08 0.000673651 0.00589547 0.00395555 0.00322002 0.273715 0.000253673 
0.00193846 8.14879e-05 0.0220437 0.0134478 0.637718 0.0277922 0.000218659 1.50032e-06 0.0925705 1.29933e-05 0.00330103 0.000264399 0.0020115 0.000994475 0.114186 3.02746e-06 4.27824e-07 0.000971714 0.00720054 0.00887656 0.0216637 0.0445967 0.000104837 
0.000131542 0.00907819 0.110817 0.0254477 0.140807 0.112105 0.000664251 0.000240021 0.294244 8.55518e-05 0.00135913 0.000610111 0.000454899 0.00176617 0.0440242 0.00018773 2.04914e-05 0.0101761 0.0128738 0.136874 0.0100141 0.0877987 0.000220332 
0.00754748 2.06702e-05 0.0999242 0.0050038 0.00135171 0.0132088 0.00325791 1.31849e-05 0.779 3.84475e-06 0.000199912 1.29339e-06 2.7432e-05 4.32521e-05 0.0152921 5.35249e-07 1.54255e-07 0.00255783 0.0534084 0.00974734 0.00270824 0.00666895 1.26107e-05 
0.00754748 2.06702e-05 0.0999242 0.0050038 0.00135171 0.0132088 0.00325791 1.31849e-05 0.779 3.84475e-06 0.000199912 1.29339e-06 2.7432e-05 4.32521e-05 0.0152921 5.35249e-07 1.54255e-07 0.00255783 0.0534084 0.00974734 0.00270824 0.00666895 1.26107e-05 
0.102013 1.06801e-05 0.0735099 0.11325 0.0687228 0.222277 0.00194018 1.05249e-05 0.0199749 1.63335e-05 0.00339057 0.000666488 0.00217835 0.00254599 0.083969 8.06422e-07 1.78444e-08 0.0083372 0.00093062 0.0251791 0.0432765 0.227605 0.000195654 
0.0105982 7.46674e-05 0.0845461 0.0158192 0.0200603 0.0825454 0.00510495 3.88223e-05 0.0489382 1.69539e-06 0.134969 0.00487763 0.039187 4.83145e-05 0.327707 6.91736e-06 2.58526e-07 0.00399465 0.00781755 0.00938783 0.112681 0.0912371 0.000359022 
0.00754748 2.06702e-05 0.0999242 0.0050038 0.00135171 0.0132088 0.00325791 1.31849e-05 0.779 3.84475e-06 0.000199912 1.29339e-06 2.7432e-05 4.32521e-05 0.0152921 5.35249e-07 1.54255e-07 0.00255783 0.0534084 0.00974734 0.00270824 0.00666895 1.26107e-05 
0.0227176 0.000181914 0.00747819 0.0317805 0.0269994 0.131046 0.00179383 8.50817e-05 0.112227 0.00161939 0.0639881 5.864e-06 4.12126e-05 0.0292716 0.289389 4.53255e-05 2.98461e-06 0.00579785 0.0101358 0.0235935 0.00705917 0.23368 0.00106088 
0.00104029 0.00735511 0.100922 0.0424184 0.0151534 0.150886 0.0224602 3.05071e-05 0.023929 0.000259787 0.0104844 0.00127775 0.00085506 0.00662665 0.442404 0.000202051 6.0778e-06 0.013192 0.0726122 0.0146999 0.0266694 0.0452414 0.00127458 
1.21036e-05 9.48829e-05 0.101478 0.208129 0.00931118 0.0121165 0.0190921 0.00016341 0.0202371 1.49161e-07 0.315912 0.0592789 2.5699e-05 0.000773513 0.11426 7.8552e-06 1.48225e-07 0.0230192 0.0194015 0.00731343 0.0171035 0.0305848 0.0416848 
0.000206569 0.000203455 0.0371064 0.0983688 0.00659346 0.0608956 0.0510011 0.00165021 0.00179275 7.14071e-05 0.0232492 0.000378283 9.87878e-06 0.405482 0.0618262 8.73634e-05 8.87146e-06 0.0149977 0.005236 0.0415025 0.00423106 0.185081 2.00831e-05 
0.000905754 0.00259707 0.147302 0.0388184 0.123981 0.0986137 0.00278556 0.0447106 0.0789701 0.000927968 0.00951674 0.00167928 0.00241343 0.00551924 0.1976 0.000570171 0.000536941 0.0181346 0.00283524 0.113456 0.0190619 0.0869464 0.00211715 
2.47114e-09 1.77956e-06 0.0650586 0.00902909 0.015633 0.0686708 0.00666363 1.95838e-09 0.0319452 5.47711e-10 0.00156828 2.0786e-09 4.78522e-06 3.04175e-05 0.722139 5.64826e-05 1.85517e-12 0.00113714 0.00211008 0.00086355 0.00490167 0.0701861 2.41813e-09 
0.000108403 0.000157285 0.0210479 0.411081 0.000671808 0.00398609 0.424534 0.000103229 0.00143381 3.68863e-05 0.00442585 0.000248966 0.00184159 0.000963888 0.0090266 5.57598e-08 2.28807e-09 0.000620952 0.099982 0.00501232 0.0100407 0.00467474 1.68997e-06 
0.00150493 1.39698e-05 0.0491131 0.00205606 0.000954335 0.00905937 0.000110764 7.99788e-06 0.0069134 0.000204406 0.00142104 1.01499e-05 2.73267e-05 0.000410546 0.232705 4.1021e-06 2.74765e-06 0.000634639 0.0216618 0.644756 0.000414158 0.0280021 1.17193e-05 
0.000792478 0.0067969 0.129402 0.0186293 0.0086086 0.0380022 0.00351276 6.62256e-05 0.0563461 0.000218577 0.00782918 0.000296006 0.000367389 0.00320524 0.42786 4.50187e-05 1.05714e-05 0.0181443 0.0174439 0.021155 0.0128449 0.228303 0.00012076 
0.00754748 2.06702e-05 0.0999242 0.0050038 0.00135171 0.0132088 0.00325791 1.31849e-05 0.779 3.84475e-06 0.000199912 1.29339e-06 2.7432e-05 4.32521e-05 0.0152921 5.35249e-07 1.54255e-07 0.00255783 0.0534084 0.00974734 0.00270824 0.00666895 1.26107e-05 
1.61451e-05 2.44297e-06 0.0336292 0.000624494 0.00241955 0.012923 6.32209e-05 6.95926e-06 0.869149 1.958e-05 0.000536261 1.72099e-05 2.82932e-06 0.000149597 0.0388528 0.000160063 5.87286e-07 0.020967 0.00215503 0.00214423 0.00818635 0.00782589 0.000148592 
0.00754748 2.06702e-05 0.0999242 0.0050038 0.00135171 0.0132088 0.00325791 1.31849e-05 0.779 3.84475e-06 0.000199912 1.29339e-06 2.7432e-05 4.32521e-05 0.0152921 5.35249e-07 1.54255e-07 0.00255783 0.0534084 0.00974734 0.00270824 0.00666895 1.26107e-05 
0.000435396 0.0234302 0.033789 0.081231 0.0467211 0.0687448 0.00619502 2.07829e-07 0.00924181 0.000234166 0.0112766 0.00063766 0.00253627 0.0525469 0.144834 9.63741e-07 3.74189e-08 0.00539077 0.00532207 0.0521763 0.00587004 0.449323 6.19274e-05 
0.00197428 0.00434546 0.278487 0.0201621 0.0205353 0.0335632 0.00583527 3.31159e-05 0.0585196 0.000212997 0.0189222 0.000338817 0.000318013 0.005941 0.320636 1.45368e-05 5.80454e-06 0.00508394 0.0234113 0.130781 0.0106763 0.0601718 3.10881e-05 
0.0641621 8.19355e-05 0.213373 0.100567 0.00961531 0.0763068 0.00212903 7.28045e-06 0.0503322 6.69133e-05 0.00318302 0.000258435 1.15049e-06 0.00576576 0.17085 1.28833e-05 4.00405e-07 0.0254857 0.0682663 0.0602086 0.0354416 0.113629 0.000256506 
0.00368781 0.000110676 0.0410567 0.0335437 0.0903835 0.0291032 0.00257182 9.98724e-06 0.0106582 0.000226355 0.00386029 2.27808e-05 0.000174127 0.0138268 0.599313 1.09644e-06 5.67062e-07 0.0301093 0.0185605 0.0220918 0.0147754 0.0812131 0.00469892 
0.00754748 2.06702e-05 0.0999242 0.0050038 0.00135171 0.0132088 0.00325791 1.31849e-05 0.779 3.84475e-06 0.000199912 1.29339e-06 2.7432e-05 4.32521e-05 0.0152921 5.35249e-07 1.54255e-07 0.00255783 0.0534084 0.00974734 0.00270824 0.00666895 1.26107e-05 
0.00412702 3.93111e-06 0.0247765 0.0780987 0.0328622 0.0116431 0.00565599 1.15205e-05 0.123114 2.05085e-07 2.80143e-05 1.23951e-06 4.72162e-05 3.35965e-06 0.060306 5.34292e-08 1.29191e-08 0.0832832 0.419177 0.00204845 0.140735 0.0140136 6.40341e-05 
2.33743e-05 1.58171e-06 0.0313557 0.000381952 0.0660921 0.0285739 9.0578e-05 8.63599e-07 0.308134 1.89616e-08 0.0190014 0.000209424 0.00059021 1.59529e-05 0.343527 1.33937e-05 4.92996e-11 0.00314498 5.5022e-06 0.00156405 0.00430858 0.192963 2.25808e-06 
0.000764636 6.75402e-06 0.0126539 0.128448 0.00270128 0.0245695 0.00190654 9.42374e-05 0.00132521 2.72423e-07 0.340426 6.76253e-05 0.000712746 0.000169759 0.0748428 0.000116611 6.96909e-08 0.000160387 0.00336263 0.00109359 0.378917 0.0250143 0.00264546 
0.00395821 6.23734e-05 0.0177625 0.0344042 0.00403235 0.129764 0.0135187 3.79707e-05 0.0153132 0.000286687 0.0538118 0.000367286 4.54001e-05 0.00347375 0.352469 0.000103689 1.55214e-05 0.00574689 0.120346 0.0428936 0.0157924 0.183258 0.00253628 
0.00754748 2.06702e-05 0.0999242 0.0050038 0.00135171 0.0132088 0.00325791 1.31849e-05 0.779 3.84475e-06 0.000199912 1.29339e-06 2.7432e-05 4.32521e-05 0.0152921 5.35249e-07 1.54255e-07 0.00255783 0.0534084 0.00974734 0.00270824 0.00666895 1.26107e-05 
1.10036e-06 1.60834e-05 0.0171918 0.119196 8.41503e-05 0.0165611 0.0110077 1.58027e-07 0.00656355 9.49123e-06 0.0798194 0.000453312 0.00068232 0.000126971 0.424872 8.36171e-05 7.95903e-08 0.0310642 0.00338929 0.016108 0.231868 0.0409012 1.13086e-07 
2.38711e-06 0.00994575 0.0413868 0.0347922 0.509029 0.0208283 0.00809574 4.86805e-06 0.092852 3.08877e-05 0.00133611 0.00204904 0.000260304 0.000129228 0.0866361 0.000118369 1.95619e-07 0.0457901 0.036731 0.0499742 0.0124102 0.0475876 1.0243e-05 
0.112818 5.53547e-06 0.0715735 0.045118 0.0185398 0.015955 0.000702939 5.66527e-07 0.0062859 2.0511e-05 0.443808 0.00770141 0.158498 0.0164038 0.00487307 1.98861e-05 6.3697e-08 0.00380161 0.0340594 0.0370441 0.0041454 0.0185828 4.24186e-05 
0.000485207 0.000458904 0.334059 0.296236 0.0159607 0.0421388 0.00659356 0.032555 0.0355639 0.00239217 0.0153949 0.00033014 0.000996586 0.00164879 0.0564696 8.28765e-05 8.16911e-05 0.00968611 0.00264812 0.00745855 0.0403891 0.0982787 9.09488e-05 
0.00376397 6.10039e-05 0.0198151 0.0989859 0.0310946 0.0690848 0.288864 4.64325e-05 0.0187813 0.00599245 0.00671942 0.00705487 7.12953e-06 2.42356e-05 0.120126 9.67238e-07 5.87596e-09 0.00676319 0.0701079 0.0082956 0.227432 0.0169779 9.39893e-07 
2.47114e-09 1.77956e-06 0.0650586 0.00902909 0.015633 0.0686708 0.00666363 1.95838e-09 0.0319452 5.47711e-10 0.00156828 2.0786e-09 4.78522e-06 3.04175e-05 0.722139 5.64826e-05 1.85517e-12 0.00113714 0.00211008 0.00086355 0.00490167 0.0701861 2.41813e-09 
0.002636 3.76185e-05 0.112846 0.0300106 0.0302579 0.329428 0.000586357 1.34883e-05 0.103542 3.4661e-06 0.0260449 8.26021e-05 0.0538723 5.79006e-06 0.153932 9.30529e-06 5.985e-08 0.00961287 0.00136172 0.00308253 0.0459106 0.096719 5.01325e-06 
0.000418027 0.000668597 0.0432693 0.181312 0.00871149 0.00701031 0.37797 0.00113843 0.0199829 0.00379423 0.0212437 0.00328029 0.00225967 0.00437432 0.0516785 0.0451366 0.000196521 0.00576524 0.146404 0.0145065 0.0457264 0.0145074 0.000645449 
0.00057884 0.000901093 0.0622643 0.0105157 0.00465189 0.0304973 0.000739416 0.000195897 0.645952 4.53033e-06 0.0049742 8.28104e-05 9.15766e-05 0.00225721 0.0947222 2.6368e-05 6.55399e-07 0.00963166 0.012449 0.10053 0.00156913 0.0173575 6.7371e-06 
0.00288197 3.67278e-07 0.0111254 0.270227 0.00322661 0.0373541 0.254471 0.000118331 0.0180825 0.0106825 0.00784901 0.00143523 0.000196733 0.000336503 0.0800592 3.30393e-08 2.45973e-11 0.0124095 0.0607515 0.073448 0.141239 0.0138862 0.000219272 
0.00754748 2.06702e-05 0.0999242 0.0050038 0.00135171 0.0132088 0.00325791 1.31849e-05 0.779 3.84475e-06 0.000199912 1.29339e-06 2.7432e-05 4.32521e-05 0.0152921 5.35249e-07 1.54255e-07 0.00255783 0.0534084 0.00974734 0.00270824 0.00666895 1.26107e-05 
0.00754748 2.06702e-05 0.0999242 0.0050038 0.00135171 0.0132088 0.00325791 1.31849e-05 0.779 3.84475e-06 0.000199912 1.29339e-06 2.7432e-05 4.32521e-05 0.0152921 5.35249e-07 1.54255e-07 0.00255783 0.0534084 0.00974734 0.00270824 0.00666895 1.26107e-05 
0.00754748 2.06702e-05 0.0999242 0.0050038 0.00135171 0.0132088 0.00325791 1.31849e-05 0.779 3.84475e-06 0.000199912 1.29339e-06 2.7432e-05 4.32521e-05 0.0152921 5.35249e-07 1.54255e-07 0.00255783 0.0534084 0.00974734 0.00270824 0.00666895 1.26107e-05 
0.000375587 0.00186281 0.105285 0.0194179 0.0184418 0.0391812 0.00504897 3.83205e-05 0.103781 0.000246373 0.00943694 0.000588784 0.000170348 0.00762741 0.191799 7.4951e-05 3.63732e-05 0.00929202 0.00801425 0.401838 0.0163222 0.0610729 4.6859e-05 
0.0278521 5.07564e-07 0.00129173 0.0924026 0.00264649 0.220202 0.00978764 1.35575e-06 0.00177042 0.000326206 0.184996 0.00117702 5.34189e-07 0.000239972 0.0171773 1.08892e-07 3.78867e-10 0.0140783 0.133881 0.000985891 0.0155209 0.27566 1.20493e-06 
0.000307711 0.000697441 0.00686647 0.0823647 0.0794454 0.238668 0.00366753 1.40736e-05 0.029333 0.0123268 0.174817 0.248712 9.61934e-06 0.00022841 0.0257939 4.9025e-06 2.30408e-06 0.00509758 0.00110362 0.00721893 0.0175768 0.0653697 0.000373228 
1.19062e-07 1.65772e-06 0.00807231 0.000140259 0.0201017 0.0149351 4.59326e-06 6.55956e-10 0.0461758 4.66601e-07 0.00138319 8.57656e-07 0.000892177 1.31843e-05 0.529294 0.000131848 5.17583e-10 0.00230538 2.09099e-05 0.00206706 0.00353425 0.370925 4.06331e-08 
0.000105738 1.30423e-06 0.102061 0.0182354 0.000471777 0.00716228 0.046209 2.84039e-08 0.130776 8.27373e-05 0.0359758 0.000248805 6.37086e-05 0.00358446 0.559088 5.64061e-08 9.74952e-09 0.00101132 0.00447172 0.00892391 0.0448811 0.036599 4.6699e-05 
0.00118604 0.597307 0.0218453 0.0378219 0.282805 0.00115299 0.00253805 6.43662e-05 0.000674373 4.1901e-05 0.00394399 0.000301763 5.53259e-07 0.0178475 0.00167971 1.42895e-06 6.28436e-10 0.000651086 0.000373534 0.0267648 0.0022021 0.000789816 6.90961e-06 
0.0228379 0.00749508 0.0150786 0.056028 0.126297 0.0159075 0.0042936 0.00498413 0.00936824 0.019988 0.0586739 0.00462132 0.000418307 0.0129838 0.351271 0.000187393 0.000175416 0.0141658 0.0232205 0.0489179 0.0377129 0.164068 0.00130601 
0.000403486 0.000145604 0.137837 0.0603817 0.0157853 0.0498899 0.00722441 0.000221078 0.00871997 0.000168482 0.120383 0.00398904 1.53071e-05 0.00145919 0.504356 3.82387e-05 4.60078e-06 0.0244015 0.00257756 0.00324833 0.00772513 0.0509859 3.89541e-05 
1.39859e-08 7.75656e-05 0.0849468 0.0815904 0.0114034 0.00387614 0.009348 1.34133e-05 0.0233636 1.68319e-06 0.00800549 0.000458908 6.86818e-06 0.000442312 0.0158163 4.35938e-06 1.74097e-09 1.03015e-06 0.00160927 0.676002 0.0047902 0.0782417 6.75657e-07 
0.00754748 2.06702e-05 0.0999242 0.0050038 0.00135171 0.0132088 0.00325791 1.31849e-05 0.779 3.84475e-06 0.000199912 1.29339e-06 2.7432e-05 4.32521e-05 0.0152921 5.35249e-07 1.54255e-07 0.00255783 0.0534084 0.00974734 0.00270824 0.00666895 1.26107e-05 
8.03453e-06 0.00398939 0.0616102 0.00163737 0.721931 0.0190767 6.18571e-06 7.58402e-05 0.0461737 1.07423e-06 0.000734977 3.78464e-05 1.21137e-05 0.000874447 0.00937725 9.63085e-07 5.94493e-07 0.00414829 5.17567e-06 0.00317872 0.000704685 0.124706 0.00170944 
1.79838e-09 4.48837e-06 0.0050641 0.00431775 0.0034342 0.0104531 0.000649164 1.78674e-08 0.205244 4.21192e-06 0.00222983 4.11924e-09 5.19889e-09 0.00263222 0.702514 0.00019104 1.40879e-09 0.00519169 0.000227514 0.00154044 0.00422426 0.0520779 1.57247e-09 
0.00754748 2.06702e-05 0.0999242 0.0050038 0.00135171 0.0132088 0.00325791 1.31849e-05 0.779 3.84475e-06 0.000199912 1.29339e-06 2.7432e-05 4.32521e-05 0.0152921 5.35249e-07 1.54255e-07 0.00255783 0.0534084 0.00974734 0.00270824 0.00666895 1.26107e-05 
7.33495e-05 4.8595e-05 0.00553368 0.0181612 0.000737788 0.0323646 0.000338598 7.19612e-05 0.00365162 0.000943739 0.916424 0.00372508 4.92898e-06 0.000333103 0.00293047 3.80635e-06 1.88799e-06 0.00709758 4.97067e-05 0.000377852 0.00322746 0.00288576 0.00101294 
3.77907e-05 8.63224e-05 0.0350609 0.0107238 0.0407672 0.0613593 0.00134555 0.000103271 0.0149857 0.00102327 0.00337817 0.000731172 0.0100606 0.00224055 0.0874427 0.0055085 4.2984e-06 0.00402093 0.00481124 0.00514741 0.0012759 0.709472 0.000413827 
0.00754748 2.06702e-05 0.0999242 0.0050038 0.00135171 0.0132088 0.00325791 1.31849e-05 0.779 3.84475e-06 0.000199912 1.29339e-06 2.7432e-05 4.32521e-05 0.0152921 5.35249e-07 1.54255e-07 0.00255783 0.0534084 0.00974734 0.00270824 0.00666895 1.26107e-05 
0.00036986 3.0655e-05 0.0259566 0.0682885 0.00248979 0.00623886 0.0124243 0.0165499 0.0629503 0.000388532 0.701926 0.000125138 1.36119e-05 0.00255455 0.0276395 2.00997e-05 4.04808e-06 0.0375489 0.000454265 0.00165046 0.0135421 0.0173797 0.00145403 
0.000872832 0.00149861 0.118901 0.0468188 0.00958285 0.113609 0.00113149 5.20924e-05 0.0489752 6.23237e-05 0.0143973 0.0105013 0.000380307 0.00039883 0.439785 0.000831993 1.72883e-05 0.0522521 0.00194407 0.0170151 0.0296728 0.0911383 0.000161349 
8.42068e-06 0.00828545 0.00981298 0.237069 0.0125403 0.00121797 0.583297 3.40576e-05 0.00908919 0.000243988 0.00464438 0.000107555 0.000114567 0.00122398 0.00955351 4.75042e-07 3.17564e-08 0.0142292 0.0254788 0.0493039 0.0224693 0.0112747 1.26196e-06 
0.0179658 0.00954339 0.0248418 0.501311 0.0172923 0.01096 0.113759 0.000214101 0.0182071 0.00417246 0.0215108 0.000768225 7.99626e-05 0.00493512 0.0636275 3.00345e-05 1.84963e-05 0.000705527 0.0889005 0.0485727 0.0451645 0.00740089 1.94e-05 
0.00012818 3.75887e-05 0.208908 0.00400909 0.0193696 0.00162181 0.0013478 3.10681e-06 0.0520381 0.611498 0.000264775 0.00079113 8.19235e-05 0.000173199 0.0114613 1.75559e-07 1.41153e-07 0.00657589 0.0337686 0.0314853 0.00252964 0.0139044 1.99238e-06 
9.09918e-05 4.95904e-07 0.0551656 0.0636732 0.0255564 0.386866 0.00491696 0.000116013 0.0850954 0.000678596 0.0132784 0.00195806 5.73873e-05 0.00177965 0.137048 0.00185583 8.69363e-08 0.00941515 0.00583887 0.00191453 0.132314 0.071604 0.000776932 
0.00754748 2.06702e-05 0.0999242 0.0050038 0.00135171 0.0132088 0.00325791 1.31849e-05 0.779 3.84475e-06 0.000199912 1.29339e-06 2.7432e-05 4.32521e-05 0.0152921 5.35249e-07 1.54255e-07 0.00255783 0.0534084 0.00974734 0.00270824 0.00666895 1.26107e-05 
0.00754748 2.06702e-05 0.0999242 0.0050038 0.00135171 0.0132088 0.00325791 1.31849e-05 0.779 3.84475e-06 0.000199912 1.29339e-06 2.7432e-05 4.32521e-05 0.0152921 5.35249e-07 1.54255e-07 0.00255783 0.0534084 0.00974734 0.00270824 0.00666895 1.26107e-05 
0.000130203 8.36547e-06 0.216665 0.0359058 0.0110511 0.128618 0.012932 5.61532e-06 0.00909694 1.50314e-05 0.0252725 0.000701377 0.000295895 0.000285363 0.287935 2.20089e-07 1.82708e-08 0.0287054 0.0966704 0.0154887 0.052716 0.0774997 1.78741e-06 
0.00754748 2.06702e-05 0.0999242 0.0050038 0.00135171 0.0132088 0.00325791 1.31849e-05 0.779 3.84475e-06 0.000199912 1.29339e-06 2.7432e-05 4.32521e-05 0.0152921 5.35249e-07 1.54255e-07 0.00255783 0.0534084 0.00974734 0.00270824 0.00666895 1.26107e-05 
2.41449e-05 6.88755e-06 0.00384852 0.00692758 1.03719e-05 0.00332363 0.306528 2.85876e-05 0.000127033 4.71781e-06 0.000885805 0.000759601 1.18334e-05 0.000479701 0.00258433 1.26914e-09 3.19826e-12 3.85371e-09 0.668 0.00107122 0.00445013 0.00092836 1.31431e-10 
0.00754748 2.06702e-05 0.0999242 0.0050038 0.00135171 0.0132088 0.00325791 1.31849e-05 0.779 3.84475e-06 0.000199912 1.29339e-06 2.7432e-05 4.32521e-05 0.0152921 5.35249e-07 1.54255e-07 0.00255783 0.0534084 0.00974734 0.00270824 0.00666895 1.26107e-05 
0.00754748 2.06702e-05 0.0999242 0.0050038 0.00135171 0.0132088 0.00325791 1.31849e-05 0.779 3.84475e-06 0.000199912 1.29339e-06 2.7432e-05 4.32521e-05 0.0152921 5.35249e-07 1.54255e-07 0.00255783 0.0534084 0.00974734 0.00270824 0.00666895 1.26107e-05 
3.84388e-05 1.77809e-05 0.144106 0.0165475 0.0154234 0.245858 0.000760278 6.61606e-05 0.00243569 0.0163266 0.07349 0.000265995 1.96254e-05 0.00342196 0.275196 2.51881e-05 1.50249e-05 0.000789298 4.46904e-05 0.0146257 0.0240829 0.166378 6.60072e-05 
0.00754748 2.06702e-05 0.0999242 0.0050038 0.00135171 0.0132088 0.00325791 1.31849e-05 0.779 3.84475e-06 0.000199912 1.29339e-06 2.7432e-05 4.32521e-05 0.0152921 5.35249e-07 1.54255e-07 0.00255783 0.0534084 0.00974734 0.00270824 0.00666895 1.26107e-05 
0.000500182 1.68053e-06 0.0416759 0.0225829 0.0299325 0.0120948 0.0016405 4.16143e-07 0.143268 1.17951e-05 0.0656848 7.07165e-05 5.93259e-05 0.00138776 0.649625 0.000207178 2.44946e-10 0.00120521 0.000874815 0.0113429 0.00185666 0.0159763 1.49953e-06 
0.00194591 0.00735904 0.00892968 0.0228543 0.0234959 0.056623 0.000833616 0.000480549 0.0499044 0.0100379 0.349929 0.0445881 0.000257354 0.00895577 0.133732 0.0898116 5.27276e-05 0.00618453 0.00271665 0.0335175 0.0142279 0.132894 0.000668872 
4.68316e-05 0.837549 0.00700897 0.0113349 0.00357381 0.038255 0.00096828 3.59664e-05 0.00150475 0.000482973 0.0329502 1.92168e-05 0.000144135 0.0102968 0.00775534 2.55802e-05 1.01257e-06 0.00141551 0.000104395 0.00927776 0.000930013 0.0363172 2.59337e-06 
3.51272e-05 0.000157573 0.00438546 0.147023 0.00402219 0.0536438 0.00426996 6.69661e-05 0.00272373 6.47534e-08 0.0252556 5.00046e-05 6.34549e-08 0.0013685 0.326274 2.76176e-06 8.44451e-12 3.92481e-05 0.0117293 0.0073265 0.0149 0.396726 2.54703e-09 
0.00754748 2.06702e-05 0.0999242 0.0050038 0.00135171 0.0132088 0.00325791 1.31849e-05 0.779 3.84475e-06 0.000199912 1.29339e-06 2.7432e-05 4.32521e-05 0.0152921 5.35249e-07 1.54255e-07 0.00255783 0.0534084 0.00974734 0.00270824 0.00666895 1.26107e-05 
0.00359492 3.31693e-05 0.01732 0.0703593 0.0502712 0.321117 0.000360591 3.36061e-05 0.144872 0.00188647 0.0625806 0.00161853 0.000216806 0.00138122 0.114909 2.86523e-05 2.03642e-05 0.0397323 0.0915767 0.00965864 0.0219217 0.0452696 0.00123721 
0.000155729 9.17349e-05 0.0419763 0.0265082 0.400406 0.0365758 0.00026053 1.67125e-05 0.0642591 0.00110348 0.100295 0.00453319 5.56041e-05 0.00790595 0.138029 8.5976e-05 2.43524e-06 0.00557052 0.00643743 0.000103006 0.0674426 0.0947364 0.00344946 
0.00121808 0.00117982 0.501013 0.0208369 0.0161853 0.0206682 0.00619913 0.000485255 0.0367423 0.000950578 0.0603729 0.000186206 4.2287e-05 0.00279763 0.17756 1.99133e-05 1.42524e-05 0.00269908 0.00627047 0.0810715 0.0269124 0.0365544 2.04336e-05 
3.94267e-07 4.28606e-09 0.0277943 0.00768526 0.0122767 0.0309171 0.000356434 2.83692e-08 0.0700438 8.76493e-05 0.0439272 0.00819909 0.00139081 0.00409579 0.483843 0.000920208 3.7934e-12 0.017894 0.00405539 0.210474 0.00877399 0.0672646 1.317e-07 
1.23707e-06 0.000635964 0.372307 0.00725836 0.272207 0.0214335 0.000670097 1.35533e-05 0.0389268 1.18407e-06 0.00134267 0.000333391 0.00707337 0.00275595 0.0184534 1.12779e-06 4.99129e-07 0.00331569 0.000545946 0.206035 0.00805582 0.0386222 1.11806e-05 
4.56235e-05 7.70079e-09 0.00949235 0.00781109 7.09841e-05 0.00284463 0.664702 9.80448e-06 0.00299541 1.97281e-07 0.000404347 0.00202364 9.18842e-06 0.0162731 0.00394295 2.89344e-09 2.12011e-12 0.000151077 0.266869 0.00179312 0.0178066 0.00275407 7.10054e-11 
0.000230378 0.000281141 0.0427446 0.0357092 0.00361977 0.0132987 0.0236328 4.62808e-05 0.00438275 0.00015127 0.780606 1.86024e-05 3.78185e-06 0.00434173 0.0315603 2.72744e-05 1.84451e-07 0.000226677 5.5841e-05 0.00683362 0.0480851 0.0041432 6.31273e-07 
0.0126142 2.95814e-05 0.118805 0.257383 0.00118299 0.130745 0.0160736 3.03643e-05 0.00200979 0.00481408 0.0516411 2.30693e-07 6.17442e-06 0.112153 0.102685 3.61461e-06 3.80594e-09 0.0516317 0.0347429 0.00337307 0.0611036 0.038924 4.79763e-05 
0.000638121 0.0050008 0.135352 0.0496853 0.0210506 0.0220895 0.00047431 1.53202e-05 0.284352 1.07094e-05 0.00803921 0.000317718 0.00119403 0.00375384 0.078152 0.000440333 7.72521e-06 0.00627168 0.00743068 0.287759 0.00251787 0.061938 0.0235096 
0.0383254 1.98934e-05 0.00338553 0.145077 0.0299125 0.0447817 0.0240944 1.21526e-05 0.014154 0.00394041 0.449818 0.000106498 0.00258099 0.000434434 0.019632 6.36865e-06 1.33696e-06 0.0103494 0.00397922 0.0219524 0.0140417 0.173191 0.000203867 
0.00754748 2.06702e-05 0.0999242 0.0050038 0.00135171 0.0132088 0.00325791 1.31849e-05 0.779 3.84475e-06 0.000199912 1.29339e-06 2.7432e-05 4.32521e-05 0.0152921 5.35249e-07 1.54255e-07 0.00255783 0.0534084 0.00974734 0.00270824 0.00666895 1.26107e-05 
0.00754748 2.06702e-05 0.0999242 0.0050038 0.00135171 0.0132088 0.00325791 1.31849e-05 0.779 3.84475e-06 0.000199912 1.29339e-06 2.7432e-05 4.32521e-05 0.0152921 5.35249e-07 1.54255e-07 0.00255783 0.0534084 0.00974734 0.00270824 0.00666895 1.26107e-05 
0.00313411 0.0017924 0.130947 0.00399914 0.0155792 0.0414354 0.00334321 0.00158188 0.517581 1.72107e-07 0.0548229 0.00297703 0.00120479 0.00223952 0.138312 0.00120506 1.72023e-07 0.0124562 0.00582576 0.0276937 0.00451541 0.0293536 1.72147e-07 
0.00125921 0.0311568 0.173315 0.00454079 0.012324 0.0683099 8.78666e-05 4.47233e-06 0.0122108 0.000284019 0.0012175 3.88741e-06 3.24658e-05 0.00300584 0.552863 1.52221e-07 9.78015e-09 0.00338498 0.00772405 0.0619782 0.00416404 0.0621143 1.81451e-05 
2.88659e-05 2.52672e-06 0.0270904 0.221525 0.00419206 0.0024029 0.637496 5.32173e-05 0.00625717 0.000167315 0.00141956 1.7637e-05 1.02812e-05 6.92269e-05 0.0310939 6.605e-08 9.79417e-09 0.011784 0.0347274 0.00247223 0.0176497 0.00154021 9.47695e-07 
0.000388999 4.28337e-06 0.0251112 0.568329 0.00280438 0.0134606 0.129859 4.47599e-05 0.00311713 5.14913e-05 0.00480111 3.41454e-07 0.000258659 0.00299605 0.0535339 4.093e-06 5.73071e-08 0.0015214 0.0872155 0.0581153 0.0361087 0.0122737 8.41898e-08 
0.00219858 0.00319192 0.0276025 0.17945 0.0190342 0.115808 0.0236436 0.000312804 0.0077427 0.000135729 0.235283 0.000200095 0.000254169 0.000136304 0.0299604 2.08118e-05 6.4784e-06 0.0133251 0.0199129 0.00147971 0.283296 0.0369983 7.05188e-06 
1.75801e-06 1.75939e-06 0.13304 0.0867597 0.0367743 0.133739 0.017243 0.0036878 0.10153 1.75712e-06 0.0846359 0.00896128 1.75693e-06 1.75866e-06 0.0424137 1.75732e-06 1.75626e-06 1.75891e-06 0.0452249 0.0307914 0.159234 0.101362 0.0145892 
0.000540211 2.92352e-05 0.0738598 0.0298718 0.0293011 0.0885827 0.0078349 0.000159029 0.134236 1.83292e-06 0.0306188 0.0164848 0.00128528 0.00081805 0.150837 2.59509e-05 3.69783e-09 0.0069468 0.00904247 0.00340962 0.00742687 0.408687 4.28384e-09 
0.0194505 0.000158705 0.0324549 0.0851441 0.0248113 0.130783 0.0670584 0.000345162 0.000300137 0.00536013 0.419803 0.00276154 0.000226788 0.00120928 0.0385633 1.43607e-07 7.90333e-08 0.0244761 0.03515 0.0109822 0.0869238 0.0139883 4.84477e-05 
0.000917951 0.00393446 0.547851 0.0260025 0.0228984 0.162473 0.0189018 0.00227664 0.0581798 0.00497025 0.0367585 0.00157865 4.48548e-05 0.000403538 0.0269236 0.000213002 9.5367e-06 0.0130631 0.0123067 0.0161356 0.0143928 0.0293483 0.000416803 
0.000411473 0.00852005 0.0296983 0.0305162 0.00771883 0.014183 0.00618397 0.00257895 0.0239917 0.00631006 0.152744 0.00215929 0.000676681 0.583657 0.0559198 0.000724188 0.000162111 0.00218696 0.00339102 0.0234323 0.0194147 0.0246631 0.000755829 
0.000445553 0.000100277 0.0339816 0.0548617 0.0227642 0.00875855 0.000737012 2.42947e-06 0.00815823 2.69603e-05 0.000596441 1.22391e-05 6.97668e-07 0.00460985 0.281725 4.58438e-08 4.11162e-09 1.30648e-05 0.225282 0.0783617 0.00196065 0.277601 7.38462e-07 
0.00174039 0.4166 0.0301172 0.0599602 0.431536 0.00163271 0.00391897 7.89624e-05 0.00100401 6.733e-05 0.00390359 0.000484953 8.8842e-07 0.012631 0.00170472 1.1413e-06 9.47703e-10 0.00104637 0.000482428 0.0287846 0.00353906 0.000754761 1.10996e-05 
1.77491e-07 0.00170543 0.137 0.108557 0.0219027 0.0696611 0.0136771 0.00140016 0.0151715 1.77401e-07 0.0292051 1.77365e-07 0.000496846 0.00131409 0.348971 0.000585668 1.77314e-07 0.00264615 0.0133599 0.00129689 0.205279 0.0277692 1.77442e-07 
0.00017948 4.59181e-06 0.0564918 0.720531 0.00790604 0.00151562 0.122189 0.00389448 0.00188821 0.00174262 0.00159363 0.0182049 0.00262317 8.74315e-05 0.00315509 2.99037e-05 1.0481e-07 0.0188875 0.00703063 0.000330416 0.0272707 0.00444262 1.17014e-06 
0.00754748 2.06702e-05 0.0999242 0.0050038 0.00135171 0.0132088 0.00325791 1.31849e-05 0.779 3.84475e-06 0.000199912 1.29339e-06 2.7432e-05 4.32521e-05 0.0152921 5.35249e-07 1.54255e-07 0.00255783 0.0534084 0.00974734 0.00270824 0.00666895 1.26107e-05 
0.000512904 2.18121e-07 0.0977315 0.00421537 0.0953566 0.0920384 0.000702638 2.23727e-06 0.0518822 0.0041837 0.0140482 0.000372672 3.41628e-07 8.36663e-06 0.487693 1.58032e-06 1.23298e-09 0.00396387 0.000387873 0.0409242 0.0138703 0.0920899 1.44106e-05 
0.000105252 8.58839e-05 0.338854 0.00263 0.00417082 0.0149416 0.00106265 7.41121e-05 0.133086 3.79167e-05 0.0128232 0.000334284 6.73158e-05 0.000351484 0.38239 3.30594e-05 6.68599e-06 0.0102727 0.021201 0.0439688 0.00483467 0.0284078 0.000261612 
5.59468e-07 2.72147e-05 0.00921069 0.00615848 0.854148 0.0659534 0.000967769 1.00652e-07 0.00429387 1.0348e-05 0.0017353 1.94277e-05 7.00183e-05 7.17803e-05 0.0453142 1.09779e-08 2.85182e-09 0.0010554 0.00162262 0.000751951 0.00329292 0.00520081 9.52679e-05 
0.00250219 0.000505246 0.0282078 0.49851 0.00218576 0.000477558 0.0710631 1.21472e-06 0.0734333 3.41382e-06 0.0717569 3.47968e-06 2.91537e-06 8.43044e-05 0.0941768 3.51905e-06 2.67167e-09 0.0507144 0.0106613 3.66342e-06 0.0880329 0.00766884 1.1756e-06 
0.00754748 2.06702e-05 0.0999242 0.0050038 0.00135171 0.0132088 0.00325791 1.31849e-05 0.779 3.84475e-06 0.000199912 1.29339e-06 2.7432e-05 4.32521e-05 0.0152921 5.35249e-07 1.54255e-07 0.00255783 0.0534084 0.00974734 0.00270824 0.00666895 1.26107e-05 
1.77491e-07 0.00170543 0.137 0.108557 0.0219027 0.0696611 0.0136771 0.00140016 0.0151715 1.77401e-07 0.0292051 1.77365e-07 0.000496846 0.00131409 0.348971 0.000585668 1.77314e-07 0.00264615 0.0133599 0.00129689 0.205279 0.0277692 1.77442e-07 
0.00436867 0.00396767 0.0476831 0.108781 0.0478312 0.0250436 0.0241754 6.20058e-05 0.110876 1.86181e-05 0.0523998 0.0036402 0.00247148 0.00577069 0.268402 0.000341506 1.08787e-05 0.0130826 0.0590491 0.0699002 0.0297012 0.122325 9.72373e-05 
0.000556281 0.0191511 0.034393 0.0539229 0.320939 0.170147 0.00126553 1.71974e-05 0.00733134 0.00876949 0.0553768 0.000142551 0.000376124 0.000814118 0.184985 3.95929e-05 8.79793e-06 0.00259473 0.0019118 0.0499345 0.0499878 0.0373193 1.59592e-05 
2.30317e-05 0.0118631 0.0151684 0.0397813 0.00341286 0.134971 0.0256885 4.12014e-05 0.000705202 9.35168e-07 0.0199113 0.000141423 1.94945e-05 0.00275917 0.584536 5.79583e-06 2.47441e-07 1.76144e-06 0.00682446 0.000568793 0.00541249 0.148154 9.52169e-06 
0.00754748 2.06702e-05 0.0999242 0.0050038 0.00135171 0.0132088 0.00325791 1.31849e-05 0.779 3.84475e-06 0.000199912 1.29339e-06 2.7432e-05 4.32521e-05 0.0152921 5.35249e-07 1.54255e-07 0.00255783 0.0534084 0.00974734 0.00270824 0.00666895 1.26107e-05 
4.2643e-05 3.51455e-05 0.0615154 0.0290307 0.0327597 0.0821694 0.00230447 2.87858e-05 0.68682 5.27306e-06 0.000985528 0.000168517 0.00301278 4.0833e-06 0.0208796 0.000116096 2.32104e-06 0.00201815 0.00280166 0.00772262 0.00337579 0.0637292 0.000472269 
0.00558528 4.8373e-06 0.0484768 0.129063 0.0762766 0.474769 0.000773231 6.70156e-05 0.00407651 0.00287172 0.101425 0.000963243 0.00131669 0.00261281 0.0365372 8.23936e-06 1.64048e-07 0.0145029 0.00178843 0.0258173 0.00313235 0.0687043 0.0012276 
1.34325e-06 7.12477e-06 0.0220823 0.0278481 0.530329 0.307191 0.0238773 5.48338e-05 0.0203986 7.08544e-05 0.00354221 0.00152364 9.33426e-05 0.000240584 0.0118955 4.38368e-06 1.55966e-07 0.00392689 0.00754864 0.00752483 0.0113105 0.0195147 0.00101439 
1.08816e-09 9.18621e-06 0.0183634 0.418781 0.00101577 0.0501415 0.0992204 0.0773039 0.00138349 5.66302e-08 0.0572579 0.00662507 8.50619e-05 6.51276e-07 0.112065 1.98619e-08 2.12338e-10 0.00985133 0.0124201 0.0087517 0.126196 0.000528043 3.97295e-08 
1.60972e-05 4.59238e-06 0.00261999 0.00501619 8.02421e-06 0.00221576 0.206675 2.04697e-05 8.46894e-05 4.18465e-06 0.000590538 0.000506406 9.9588e-06 0.000360641 0.00177884 8.94126e-10 2.3834e-12 2.72473e-09 0.775605 0.000750898 0.00310635 0.000626012 9.30067e-11 
0.000115426 2.54888e-06 0.00888278 0.0715138 0.00434293 0.00464964 0.674402 0.000187601 0.00145685 8.76553e-06 0.0981922 0.0147046 4.66786e-05 7.62872e-05 0.00886864 5.22319e-08 2.60545e-10 0.000599946 0.00147653 0.00151165 0.107694 0.00126242 4.27907e-06 
0.00112499 0.185635 0.3539 0.0583489 0.229186 0.00275166 0.0181374 6.78134e-05 0.00389675 0.000112404 0.00608749 0.000586404 3.74265e-06 0.0235085 0.0187714 4.90289e-06 3.38322e-06 0.00165993 0.011074 0.0738122 0.00976076 0.00156258 4.01207e-06 
0.000140063 9.71744e-06 0.00184402 0.026446 0.00286093 0.130054 0.00322375 6.28283e-08 0.0203009 0.00456497 0.726334 1.35401e-06 3.09839e-06 1.23558e-05 0.0316344 7.65715e-09 5.60885e-10 0.000559661 0.0141087 1.97936e-06 0.00907726 0.0288185 4.09997e-06 
0.000129303 0.00206388 0.448906 0.0434958 0.0260336 0.0364162 0.0191218 0.000276147 0.0667717 0.000194994 0.0264459 0.000789267 0.0020899 0.00341254 0.144118 0.000787321 2.59385e-05 0.0119467 0.00937483 0.0232276 0.117196 0.0161758 0.00100048 
0.112818 5.53547e-06 0.0715735 0.045118 0.0185398 0.015955 0.000702939 5.66527e-07 0.0062859 2.0511e-05 0.443808 0.00770141 0.158498 0.0164038 0.00487307 1.98861e-05 6.3697e-08 0.00380161 0.0340594 0.0370441 0.0041454 0.0185828 4.24186e-05 
2.123e-06 0.000201802 0.178533 1.08515e-05 0.259104 0.0911556 4.75998e-06 2.53409e-06 0.0483382 3.07885e-06 0.0686169 5.13612e-06 0.0320665 0.0147315 0.0897473 2.02883e-06 3.68582e-09 0.127618 7.4251e-07 0.0592678 0.0305864 2.12853e-06 9.34753e-09 
0.00754748 2.06702e-05 0.0999242 0.0050038 0.00135171 0.0132088 0.00325791 1.31849e-05 0.779 3.84475e-06 0.000199912 1.29339e-06 2.7432e-05 4.32521e-05 0.0152921 5.35249e-07 1.54255e-07 0.00255783 0.0534084 0.00974734 0.00270824 0.00666895 1.26107e-05 
0.275236 0.417344 0.0321542 0.0899967 0.00609132 0.00367038 0.00890113 0.000411445 0.00555656 0.000444503 0.0735072 3.60188e-05 0.000108461 0.00259491 0.0154421 1.20235e-05 2.67568e-06 0.00550699 0.00062392 0.0117609 0.000866274 0.0497088 2.26575e-05 
0.000702734 8.32411e-05 0.146993 0.280267 0.00231223 0.0200726 0.0537865 0.00094584 0.0332651 0.00454521 0.036962 0.000252955 0.000679793 0.0016441 0.0656087 7.9328e-05 2.87528e-05 0.0340802 0.0723285 0.0073537 0.219595 0.0179016 0.000513194 
0.00754748 2.06702e-05 0.0999242 0.0050038 0.00135171 0.0132088 0.00325791 1.31849e-05 0.779 3.84475e-06 0.000199912 1.29339e-06 2.7432e-05 4.32521e-05 0.0152921 5.35249e-07 1.54255e-07 0.00255783 0.0534084 0.00974734 0.00270824 0.00666895 1.26107e-05 
0.000431911 8.94726e-05 0.0860665 0.108636 0.0274621 0.0543686 0.0113499 2.33467e-06 0.0272232 0.0445349 0.482199 3.99529e-06 6.36262e-05 0.0117291 0.106716 2.20012e-05 3.93671e-07 0.00283071 0.000705286 0.00441131 0.0190783 0.0120651 1.05994e-05 
0.00754748 2.06702e-05 0.0999242 0.0050038 0.00135171 0.0132088 0.00325791 1.31849e-05 0.779 3.84475e-06 0.000199912 1.29339e-06 2.7432e-05 4.32521e-05 0.0152921 5.35249e-07 1.54255e-07 0.00255783 0.0534084 0.00974734 0.00270824 0.00666895 1.26107e-05 
0.00338234 0.000672331 0.146619 0.126276 0.0193484 0.0601119 0.050644 0.00107039 0.04104 0.00129725 0.0671055 0.00512613 0.000552119 0.00766797 0.161792 6.52454e-05 1.17816e-05 0.00958867 0.156116 0.0430775 0.0426225 0.0519046 0.0039082 
0.0165893 0.0118774 0.0261854 0.0583737 0.0844135 0.0793166 1.27694e-06 0.00280407 1.27714e-06 0.0591776 0.410848 1.2751e-06 0.0395328 0.0091918 0.0237594 1.2755e-06 1.27473e-06 1.27665e-06 0.031931 1.27701e-06 0.0150705 0.130919 1.27565e-06 
0.00754748 2.06702e-05 0.0999242 0.0050038 0.00135171 0.0132088 0.00325791 1.31849e-05 0.779 3.84475e-06 0.000199912 1.29339e-06 2.7432e-05 4.32521e-05 0.0152921 5.35249e-07 1.54255e-07 0.00255783 0.0534084 0.00974734 0.00270824 0.00666895 1.26107e-05 
0.00539914 0.000256467 2.66011e-05 0.0214038 0.320156 0.0197593 0.0046006 2.59623e-05 0.0107077 0.00369985 0.376929 7.84885e-05 0.000460802 0.0094226 0.000252968 3.05119e-05 1.33351e-05 0.0167726 0.0339114 0.0955326 0.00551033 0.0750016 4.83818e-05 
0.00226784 0.00126353 0.107968 0.056302 0.375781 0.0983975 0.00566329 0.00077661 0.0305043 0.00417918 0.0309268 0.00240219 0.00204373 0.00390913 0.121108 0.000554343 0.000296377 0.0253265 0.00779367 0.0239817 0.033291 0.0612309 0.00403198 
1.30757e-05 6.25829e-06 0.0095567 0.0439816 0.702793 0.0821926 0.000694525 1.30845e-05 0.0237556 0.000152506 0.013482 0.000550348 0.00121361 3.38883e-05 0.0139255 1.52497e-05 6.70457e-07 0.00920158 0.00104641 0.000952986 0.00675813 0.0895667 9.34602e-05 
0.000208919 0.00539158 0.155395 0.0678009 0.0156683 0.0330097 0.00260832 0.000574344 0.0129384 0.0356329 0.155918 0.00173708 7.74362e-05 0.00581845 0.314398 0.00187576 6.78089e-05 0.000867933 0.01669 0.0205058 0.077311 0.0749513 0.000552546 
0.00183174 0.0299212 0.129297 0.171557 0.0152846 0.34359 0.00327868 2.89899e-05 0.0170826 9.16825e-09 0.00565821 4.23219e-05 1.91966e-06 0.000105255 0.0822914 1.29255e-05 6.58901e-11 0.0283126 0.106494 0.00242206 0.0109028 0.051328 0.000555601 
0.00705246 0.00819068 0.0580441 0.282422 0.0524048 0.0267681 0.0177879 0.00423463 0.0460762 0.00250788 0.0444113 0.00606043 0.000809717 0.00317398 0.0320864 0.000616013 8.32645e-05 0.0405975 0.0343013 0.0437271 0.257184 0.0287858 0.00267408 
5.26231e-08 0.00077949 0.142978 0.0164035 0.0444924 0.100096 0.00502927 0.00017869 0.0229749 5.25965e-08 0.00981756 0.000278758 0.000478628 0.00381661 0.413445 9.47371e-05 5.25707e-08 0.00253253 0.040131 0.00755744 0.0110811 0.177834 5.26087e-08 
0.000132628 0.00830188 0.0648999 0.0388114 0.0199762 0.0286 0.0305265 7.48707e-05 0.0451471 0.00159385 0.524978 0.000185585 0.000389953 0.0125748 0.0240422 0.000284287 2.04631e-05 0.0207821 0.00123019 0.059995 0.0679892 0.046624 0.00283957 
0.000216296 2.52958e-05 0.0307757 0.0268814 0.284822 0.0453681 0.00782482 5.86002e-07 0.0160268 0.000119097 0.018861 0.0001831 1.21636e-05 0.000455964 0.256304 1.37233e-06 1.31864e-08 0.00671443 0.00988197 0.00587324 0.0535711 0.236076 5.79031e-06 
0.000176616 2.59799e-06 0.227193 0.430474 0.00600452 0.00467358 0.0348138 5.4495e-06 0.0264664 0.000138547 0.000924294 1.66937e-05 0.0215493 0.00200734 0.0588067 1.1245e-06 6.87418e-07 0.000911809 0.0344599 0.0367723 0.0642082 0.0503819 1.11839e-05 
0.00754748 2.06702e-05 0.0999242 0.0050038 0.00135171 0.0132088 0.00325791 1.31849e-05 0.779 3.84475e-06 0.000199912 1.29339e-06 2.7432e-05 4.32521e-05 0.0152921 5.35249e-07 1.54255e-07 0.00255783 0.0534084 0.00974734 0.00270824 0.00666895 1.26107e-05 
0.00754748 2.06702e-05 0.0999242 0.0050038 0.00135171 0.0132088 0.00325791 1.31849e-05 0.779 3.84475e-06 0.000199912 1.29339e-06 2.7432e-05 4.32521e-05 0.0152921 5.35249e-07 1.54255e-07 0.00255783 0.0534084 0.00974734 0.00270824 0.00666895 1.26107e-05 
2.33598e-05 1.57199e-05 0.100391 0.819324 0.00823664 0.0124433 0.00930913 3.54033e-05 0.00127438 0.000239853 0.00836759 0.000202539 0.000174292 0.00108192 0.00816679 6.13837e-07 1.3174e-08 0.00126569 0.00170221 0.00555081 0.00872201 0.0134719 8.67204e-07 
0.000704864 2.85801e-05 0.068838 0.0347015 0.0677073 0.438595 0.0283002 6.50936e-06 0.0468008 3.84387e-06 0.00590826 0.000798869 0.000120892 4.77205e-05 0.0334929 4.30843e-09 4.37852e-10 0.0207934 0.0263588 0.00510139 0.0230435 0.196799 0.00184896 
0.00015934 0.0754228 0.0161195 0.125619 0.00119121 0.00222623 0.0307183 7.3825e-09 0.0125428 1.33122e-05 0.000511575 1.70348e-08 6.56011e-06 4.38289e-06 0.00536196 6.90193e-06 6.11192e-09 0.000642174 0.642208 0.00135304 0.0830679 0.00282499 1.67286e-08 
0.00754748 2.06702e-05 0.0999242 0.0050038 0.00135171 0.0132088 0.00325791 1.31849e-05 0.779 3.84475e-06 0.000199912 1.29339e-06 2.7432e-05 4.32521e-05 0.0152921 5.35249e-07 1.54255e-07 0.00255783 0.0534084 0.00974734 0.00270824 0.00666895 1.26107e-05 
0.00184519 1.43055e-05 0.235661 0.115299 0.0185237 0.0275544 0.0285875 0.000123139 0.0186763 5.0897e-05 0.0106896 0.000341009 0.000976342 0.00179744 0.053114 6.53727e-05 4.36151e-06 0.0516787 0.0220273 0.0116611 0.324604 0.0571858 0.0195187 
0.000113174 3.66012e-05 0.196329 0.00410396 0.0198906 0.00256472 0.00118422 6.95491e-06 0.0493133 0.624876 0.000364261 0.000711345 8.1059e-05 0.000223811 0.0207052 2.48071e-07 1.14037e-07 0.00620172 0.030124 0.0264897 0.00210236 0.0145757 1.58154e-06 
3.403e-05 0.124386 0.00887865 0.00652616 0.0513151 0.00385958 0.000496575 0.00907825 0.00534991 0.000176564 0.0105685 7.99593e-05 0.000346901 0.0180753 0.58373 0.000300171 5.77732e-06 0.0010716 0.00442087 0.0249658 0.0136942 0.131799 0.000841367 
