0.00145205 0.00985411 0.0324994 0.0287153 0.00288986 0.0109688 0.0045518 3.99758e-07 0.00693242 0.000161223 0.210229 0.00296687 0.0023512 0.0352645 0.178071 0.00010504 2.57666e-07 3.32495e-05 0.00649129 0.0150708 0.0304337 0.420259 0.000698268 
0.00115409 4.85444e-05 0.0200681 0.0100731 0.0153308 0.00747065 0.000787458 0.00224942 0.0309745 0.00304485 0.00874375 0.000684294 5.2719e-05 0.00551385 0.760703 3.51916e-05 4.99144e-06 0.0193137 0.0201479 0.00444933 0.0149778 0.0741229 4.90116e-05 
0.00754748 2.06702e-05 0.0999242 0.0050038 0.00135171 0.0132088 0.00325791 1.31849e-05 0.779 3.84475e-06 0.000199912 1.29339e-06 2.7432e-05 4.32521e-05 0.0152921 5.35249e-07 1.54255e-07 0.00255783 0.0534084 0.00974734 0.00270824 0.00666895 1.26107e-05 
0.000385108 1.94807e-05 0.00417801 0.294196 0.00645318 0.0123522 0.15973 0.000120983 0.00663119 0.00108286 0.0175219 0.133498 3.73884e-05 0.0230521 0.00239993 0.000208136 1.42419e-10 0.000822398 0.263203 0.00607753 0.0335697 0.0344605 1.38326e-09 
1.60972e-05 4.59238e-06 0.00261999 0.00501619 8.02421e-06 0.00221576 0.206675 2.04697e-05 8.46894e-05 4.18465e-06 0.000590538 0.000506406 9.9588e-06 0.000360641 0.00177884 8.94126e-10 2.3834e-12 2.72473e-09 0.775605 0.000750898 0.00310635 0.000626012 9.30067e-11 
0.000187861 5.90801e-06 0.0426845 0.528117 0.0615677 0.0269551 0.0388853 0.00240606 0.0300978 0.000146953 0.0125534 0.000251836 0.000583806 0.000656862 0.0421116 1.40075e-05 5.09796e-06 0.0398722 0.0508956 0.00902085 0.0896003 0.00788775 0.0154929 
1.79838e-09 4.48837e-06 0.0050641 0.00431775 0.0034342 0.0104531 0.000649164 1.78674e-08 0.205244 4.21192e-06 0.00222983 4.11924e-09 5.19889e-09 0.00263222 0.702514 0.00019104 1.40879e-09 0.00519169 0.000227514 0.00154044 0.00422426 0.0520779 1.57247e-09 
6.50554e-05 4.37679e-05 0.165823 0.669488 0.0230576 0.0286085 0.00192335 9.74875e-05 0.00356536 0.000665251 0.0234238 0.000565553 0.000479706 0.00302628 0.0228411 1.51348e-06 4.80174e-09 0.00354094 0.000810305 0.00978656 0.0075472 0.0346399 2.03587e-07 
4.57728e-05 3.89385e-05 0.0535085 0.0802944 0.000523529 0.0649288 0.06317 3.12937e-05 0.00421464 3.85394e-06 0.52675 3.10755e-07 9.13886e-06 0.0930518 0.0662522 1.87564e-07 6.03979e-10 0.0014784 0.00406101 0.000206825 0.0346517 0.00664021 0.000138198 
0.030298 0.000611255 0.0862242 0.0500116 0.0293259 0.0193927 0.0174593 0.000513579 0.0747671 0.00346851 0.0693953 0.00616473 0.00141313 0.0110567 0.0824 0.00488202 3.2097e-07 0.00723306 0.0794653 0.213474 0.0674627 0.14498 3.21202e-07 
0.00781418 0.000287228 0.0286013 0.0114154 0.00480175 0.138851 0.000361596 2.53065e-05 0.120235 0.00117199 0.0424155 0.00186563 0.000114144 0.00712071 0.304914 1.20595e-05 6.75508e-06 0.0305913 0.00785648 0.0256454 0.0142626 0.249899 0.00173239 
0.00132931 0.00569222 0.0771474 0.0778754 0.00804383 0.0233061 0.00313141 0.000410512 0.0197328 5.18402e-05 0.0169969 0.00016828 0.000525857 0.00716977 0.0218358 7.59817e-05 1.54017e-05 0.00111386 0.0165495 0.657393 0.032145 0.0292624 2.78914e-05 
3.29454e-05 0.00149056 0.0889247 0.0847482 0.0159063 0.00451386 0.246386 2.75084e-05 0.0849952 0.000745075 0.0219643 0.00696677 0.000990425 0.00165405 0.224067 5.06214e-05 1.46678e-08 0.00159389 0.0185371 0.0575943 0.101505 0.0373064 3.02097e-08 
0.000588223 0.000337427 0.155541 0.0292284 0.0255386 0.0717111 0.00444971 0.00579601 0.156108 0.000518649 0.0593673 0.047202 0.00179607 0.00143553 0.152307 3.14899e-05 6.4522e-06 0.00636744 0.00809832 0.0196127 0.170588 0.0691207 0.0142494 
0.000443551 6.78005e-05 0.632287 0.160432 0.0146245 0.0656382 0.00121339 4.56015e-05 0.00747571 8.59462e-06 0.0107585 2.63417e-07 0.000175246 0.00011809 0.0437032 1.77025e-05 1.09803e-07 0.0173366 4.51459e-05 0.0133416 0.0211515 0.0110894 2.62017e-05 
0.0105982 7.46674e-05 0.0845461 0.0158192 0.0200603 0.0825454 0.00510495 3.88223e-05 0.0489382 1.69539e-06 0.134969 0.00487763 0.039187 4.83145e-05 0.327707 6.91736e-06 2.58526e-07 0.00399465 0.00781755 0.00938783 0.112681 0.0912371 0.000359022 
0.00203948 0.00228234 0.11036 0.0803614 0.0337996 0.0424949 0.0147317 6.71991e-05 0.0662268 8.72112e-06 0.0477156 0.00169919 0.00136007 0.00581087 0.35306 0.000181646 5.09631e-06 0.00755389 0.0321552 0.0413787 0.0562294 0.100433 4.54821e-05 
0.000410273 0.00322438 0.112423 0.321728 0.0118284 0.0323933 0.206483 0.000641491 0.0223816 1.11313e-05 0.00244636 0.0085144 0.0220869 0.00662573 0.0312718 2.49325e-05 1.10048e-07 0.0110894 0.108941 0.0516618 0.0177653 0.0253253 0.00272263 
0.00497116 2.79251e-05 0.0197047 0.0268251 0.0768598 0.20666 0.00951849 4.02805e-05 0.0273184 0.0010454 0.0599572 0.00123797 0.00024888 0.00617648 0.174128 0.000150815 1.02296e-05 0.0166937 0.0187801 0.0196284 0.0188576 0.279091 0.0320695 
1.9657e-05 0.000117978 0.0211396 0.00302227 0.00716854 0.00289684 0.000115941 1.38761e-07 0.0437567 1.00092e-05 2.4347e-05 4.96175e-07 3.61913e-07 2.35602e-07 0.00256631 2.19247e-06 1.1616e-07 0.889409 0.0169187 0.00266766 0.00991693 0.000244646 8.759e-07 
0.000666047 1.69204e-05 0.274642 0.00730861 0.00318571 0.113761 0.00139162 4.0977e-06 0.180159 7.06991e-05 0.00798348 0.000314658 0.0244665 0.000315453 0.242939 2.86558e-05 4.56872e-07 0.0653813 0.000955016 0.0674439 0.00490535 0.00403213 2.89077e-05 
3.2545e-05 4.41514e-05 0.0806541 0.0244446 0.0284919 0.037098 0.0129646 0.000186206 0.322121 0.0102373 0.0054743 0.00155371 0.000265783 0.00058705 0.260695 0.000117459 1.18833e-05 0.0202835 0.0502281 0.0407486 0.054273 0.0481639 0.00132362 
0.000268994 0.000954367 0.0418769 0.00694641 0.00388484 0.0100373 0.0058726 0.000108322 0.0694697 0.000376679 0.0816443 0.00432902 0.000526471 0.00443048 0.125184 3.14778e-05 1.20171e-05 0.00621838 0.0158669 0.567296 0.0198898 0.0338517 0.000923335 
0.0129471 0.000162404 0.00397408 0.0222836 0.0523357 0.102611 0.000906205 5.03659e-05 0.00220234 0.00029714 0.469817 0.00886879 2.12126e-05 0.00104417 0.0176837 2.042e-05 1.6754e-05 0.0051628 0.00482747 0.00242627 0.00289505 0.289273 0.000173291 
0.000792478 0.0067969 0.129402 0.0186293 0.0086086 0.0380022 0.00351276 6.62256e-05 0.0563461 0.000218577 0.00782918 0.000296006 0.000367389 0.00320524 0.42786 4.50187e-05 1.05714e-05 0.0181443 0.0174439 0.021155 0.0128449 0.228303 0.00012076 
0.00754748 2.06702e-05 0.0999242 0.0050038 0.00135171 0.0132088 0.00325791 1.31849e-05 0.779 3.84475e-06 0.000199912 1.29339e-06 2.7432e-05 4.32521e-05 0.0152921 5.35249e-07 1.54255e-07 0.00255783 0.0534084 0.00974734 0.00270824 0.00666895 1.26107e-05 
1.72572e-05 0.0039889 0.102861 0.0203615 0.155791 0.0446495 0.0105175 2.3544e-05 0.0631216 3.51711e-06 0.000768474 0.00344674 0.0115616 0.000255882 0.224687 2.79496e-07 1.72731e-08 0.00821928 0.0543114 0.0154362 0.00422905 0.275748 5.12059e-08 
0.000572481 5.01012e-05 0.0390364 0.0271108 0.60266 0.0914857 0.0194773 1.17979e-05 0.00961715 6.25529e-05 0.0434673 7.30432e-05 1.6098e-05 0.000112341 0.028018 9.28875e-07 4.36708e-08 0.00586144 0.00628034 0.0283642 0.00602506 0.0916967 1.69463e-07 
1.30426e-05 0.000576052 0.0434577 0.00493037 0.0721076 0.0554316 0.00155244 0.00103794 0.255591 1.34913e-05 0.0030923 4.23465e-05 0.000288467 0.00127731 0.340952 0.115603 7.88434e-09 0.00379555 0.0232421 0.0132878 0.00892937 0.0547778 1.18492e-06 
1.19206e-07 0.000393809 0.0947922 0.0517045 0.00607267 0.0604479 0.0150431 0.000392882 0.0180164 1.19146e-07 0.0289566 1.19122e-07 1.19133e-07 0.00300521 0.470481 1.1916e-07 1.19087e-07 1.19267e-07 0.111872 0.0488538 0.0152473 0.0745055 0.000214631 
1.71749e-05 0.0107449 0.0138081 0.00117292 0.102544 0.0358319 2.41733e-05 5.62745e-08 0.0236679 3.3512e-05 0.0552169 0.000153787 0.00254209 0.00923986 0.126885 2.6701e-06 3.60554e-08 0.00250858 0.000379386 0.0401441 0.00492882 0.569942 0.000211779 
0.000200677 3.70152e-06 0.269719 0.0491809 0.0753492 0.149213 0.00140449 8.13837e-06 0.0289022 0.000213715 0.015927 2.70051e-07 0.00204307 0.00109651 0.257281 7.57141e-08 9.62459e-09 0.00544865 0.00543356 0.0221056 0.0103074 0.106055 0.000107899 
0.00754748 2.06702e-05 0.0999242 0.0050038 0.00135171 0.0132088 0.00325791 1.31849e-05 0.779 3.84475e-06 0.000199912 1.29339e-06 2.7432e-05 4.32521e-05 0.0152921 5.35249e-07 1.54255e-07 0.00255783 0.0534084 0.00974734 0.00270824 0.00666895 1.26107e-05 
0.00754748 2.06702e-05 0.0999242 0.0050038 0.00135171 0.0132088 0.00325791 1.31849e-05 0.779 3.84475e-06 0.000199912 1.29339e-06 2.7432e-05 4.32521e-05 0.0152921 5.35249e-07 1.54255e-07 0.00255783 0.0534084 0.00974734 0.00270824 0.00666895 1.26107e-05 
0.00155982 0.317402 0.0204277 0.0202832 0.413709 0.0189583 0.00428664 8.60121e-05 0.0019738 5.29777e-05 0.0419111 2.6659e-05 6.53407e-06 0.044866 0.00356404 1.15671e-07 1.67162e-10 0.0414319 0.000314272 0.0592921 0.00266485 0.00718214 2.75822e-07 
0.00113987 0.00215927 0.306168 0.0219934 0.0211661 0.0388148 0.00709133 0.000135744 0.122882 0.00527971 0.0366228 0.0645353 0.000323617 0.00547617 0.135891 7.45992e-06 5.28491e-06 0.000827862 0.0240315 0.0356188 0.0719213 0.0978057 0.000103432 
5.26231e-08 0.00077949 0.142978 0.0164035 0.0444924 0.100096 0.00502927 0.00017869 0.0229749 5.25965e-08 0.00981756 0.000278758 0.000478628 0.00381661 0.413445 9.47371e-05 5.25707e-08 0.00253253 0.040131 0.00755744 0.0110811 0.177834 5.26087e-08 
1.10036e-06 1.60834e-05 0.0171918 0.119196 8.41503e-05 0.0165611 0.0110077 1.58027e-07 0.00656355 9.49123e-06 0.0798194 0.000453312 0.00068232 0.000126971 0.424872 8.36171e-05 7.95903e-08 0.0310642 0.00338929 0.016108 0.231868 0.0409012 1.13086e-07 
0.00754748 2.06702e-05 0.0999242 0.0050038 0.00135171 0.0132088 0.00325791 1.31849e-05 0.779 3.84475e-06 0.000199912 1.29339e-06 2.7432e-05 4.32521e-05 0.0152921 5.35249e-07 1.54255e-07 0.00255783 0.0534084 0.00974734 0.00270824 0.00666895 1.26107e-05 
0.000485207 0.000458904 0.334059 0.296236 0.0159607 0.0421388 0.00659356 0.032555 0.0355639 0.00239217 0.0153949 0.00033014 0.000996586 0.00164879 0.0564696 8.28765e-05 8.16911e-05 0.00968611 0.00264812 0.00745855 0.0403891 0.0982787 9.09488e-05 
0.00754748 2.06702e-05 0.0999242 0.0050038 0.00135171 0.0132088 0.00325791 1.31849e-05 0.779 3.84475e-06 0.000199912 1.29339e-06 2.7432e-05 4.32521e-05 0.0152921 5.35249e-07 1.54255e-07 0.00255783 0.0534084 0.00974734 0.00270824 0.00666895 1.26107e-05 
0.00754748 2.06702e-05 0.0999242 0.0050038 0.00135171 0.0132088 0.00325791 1.31849e-05 0.779 3.84475e-06 0.000199912 1.29339e-06 2.7432e-05 4.32521e-05 0.0152921 5.35249e-07 1.54255e-07 0.00255783 0.0534084 0.00974734 0.00270824 0.00666895 1.26107e-05 
0.00754748 2.06702e-05 0.0999242 0.0050038 0.00135171 0.0132088 0.00325791 1.31849e-05 0.779 3.84475e-06 0.000199912 1.29339e-06 2.7432e-05 4.32521e-05 0.0152921 5.35249e-07 1.54255e-07 0.00255783 0.0534084 0.00974734 0.00270824 0.00666895 1.26107e-05 
0.00217311 8.88618e-05 0.0709586 0.082004 0.0212245 0.0906435 0.0107815 0.00026128 0.0538063 1.51285e-06 0.0278819 3.97286e-06 1.88196e-08 0.00108777 0.343304 2.20383e-08 1.02086e-08 0.000458856 0.00531568 0.00659197 0.136862 0.146551 1.30534e-07 
0.000488679 2.80697e-05 0.012561 0.0380076 0.150109 0.515418 0.00327272 0.000147114 0.000945544 0.000172042 0.00573697 0.00512413 0.000182242 0.000195333 0.0155168 5.45223e-05 2.83854e-08 0.11062 0.0014218 0.00571129 0.0342884 0.0602358 0.0397633 
0.000750965 3.3128e-05 0.0692276 0.00633463 0.0192162 0.0344721 0.00012404 1.61581e-05 0.110435 2.33492e-05 0.00307904 0.000262339 0.000218688 0.00240873 0.319111 1.29763e-06 5.20205e-09 0.00285825 0.00229108 0.0074818 0.00257645 0.419078 1.25662e-08 
4.56235e-05 7.70079e-09 0.00949235 0.00781109 7.09841e-05 0.00284463 0.664702 9.80448e-06 0.00299541 1.97281e-07 0.000404347 0.00202364 9.18842e-06 0.0162731 0.00394295 2.89344e-09 2.12011e-12 0.000151077 0.266869 0.00179312 0.0178066 0.00275407 7.10054e-11 
0.00754748 2.06702e-05 0.0999242 0.0050038 0.00135171 0.0132088 0.00325791 1.31849e-05 0.779 3.84475e-06 0.000199912 1.29339e-06 2.7432e-05 4.32521e-05 0.0152921 5.35249e-07 1.54255e-07 0.00255783 0.0534084 0.00974734 0.00270824 0.00666895 1.26107e-05 
0.00754748 2.06702e-05 0.0999242 0.0050038 0.00135171 0.0132088 0.00325791 1.31849e-05 0.779 3.84475e-06 0.000199912 1.29339e-06 2.7432e-05 4.32521e-05 0.0152921 5.35249e-07 1.54255e-07 0.00255783 0.0534084 0.00974734 0.00270824 0.00666895 1.26107e-05 
4.4225e-05 0.0238581 0.266002 0.0810196 0.00797794 0.0295176 0.0135419 0.000254691 0.0372777 1.28564e-06 0.196584 0.00351687 0.00114914 0.000914531 0.0423382 0.000336317 1.8968e-08 0.0303319 0.00336499 0.0413824 0.0341571 0.183976 0.00245442 
0.00450155 0.0170608 0.00936438 0.0124199 0.00956405 0.040458 0.00249516 0.000131093 0.0374268 0.033744 0.0448565 0.35151 0.00280336 0.00603515 0.15442 3.24204e-05 5.05842e-06 0.00448733 0.00105294 0.0904584 0.00710629 0.165741 0.00432575 
0.000562165 0.00292425 0.321202 0.0145482 0.0667394 0.0405583 0.000843489 2.3764e-05 0.162517 0.000267229 0.00657757 0.000452617 0.000159065 0.00225849 0.245876 0.000140861 3.5142e-06 0.00623428 0.0185197 0.0339825 0.0299818 0.0453911 0.000236793 
1.51596e-05 4.09426e-05 0.0183092 0.0608746 0.000780526 0.131054 0.000231277 4.44857e-05 0.0815131 0.0044718 0.5286 0.000201711 3.43052e-06 0.00640644 0.103045 4.11505e-07 1.19691e-08 0.000113922 1.99714e-05 0.0133672 0.00185736 0.0488394 0.000210952 
0.00754748 2.06702e-05 0.0999242 0.0050038 0.00135171 0.0132088 0.00325791 1.31849e-05 0.779 3.84475e-06 0.000199912 1.29339e-06 2.7432e-05 4.32521e-05 0.0152921 5.35249e-07 1.54255e-07 0.00255783 0.0534084 0.00974734 0.00270824 0.00666895 1.26107e-05 
2.42337e-05 9.5573e-06 0.0193138 0.821542 0.01755 0.0240916 0.000467337 0.00243661 0.032487 5.01786e-08 0.0182913 1.96976e-05 8.01113e-06 0.00041487 0.000912439 8.52899e-09 7.21662e-10 0.000545151 0.000249427 0.00273004 0.0546562 0.00424444 6.41058e-06 
0.00754748 2.06702e-05 0.0999242 0.0050038 0.00135171 0.0132088 0.00325791 1.31849e-05 0.779 3.84475e-06 0.000199912 1.29339e-06 2.7432e-05 4.32521e-05 0.0152921 5.35249e-07 1.54255e-07 0.00255783 0.0534084 0.00974734 0.00270824 0.00666895 1.26107e-05 
0.00754748 2.06702e-05 0.0999242 0.0050038 0.00135171 0.0132088 0.00325791 1.31849e-05 0.779 3.84475e-06 0.000199912 1.29339e-06 2.7432e-05 4.32521e-05 0.0152921 5.35249e-07 1.54255e-07 0.00255783 0.0534084 0.00974734 0.00270824 0.00666895 1.26107e-05 
8.94289e-06 0.00294577 0.0845929 0.202481 0.0485343 0.055933 0.0001341 3.27888e-05 0.0278889 2.757e-06 0.0194314 4.51001e-05 0.00013222 7.1693e-06 0.0199147 2.24798e-06 1.58366e-06 0.41401 0.00230625 0.0640934 0.0531417 0.00435651 3.56422e-06 
6.64475e-05 1.08694e-05 0.0434528 0.00766531 0.00112228 0.0117728 0.00467928 1.58936e-08 0.198797 2.3018e-08 0.00155623 0.000205445 7.34263e-05 0.000820768 0.545508 3.30905e-05 4.8539e-09 0.00206043 0.00460388 0.00490494 0.00254147 0.170125 2.75226e-08 
0.0018992 1.22501e-05 0.000161519 0.784305 0.016774 0.00263435 0.0193677 0.0109903 0.000514792 0.000113843 0.00239697 6.11622e-06 8.43297e-06 0.000800347 0.00786262 6.81063e-06 2.73402e-07 2.31847e-06 0.106367 0.013724 0.0184446 0.0136037 3.38808e-06 
6.57599e-05 0.00037389 0.42897 0.00770897 0.080723 0.0116498 0.000408692 1.25189e-05 0.0312298 2.78632e-05 0.00150632 9.51884e-06 0.000161516 0.000123232 0.126081 1.00883e-05 1.01801e-08 0.275107 0.000334595 0.00121275 0.0290284 0.00524814 7.36768e-06 
0.000777306 1.48361e-05 0.19762 0.0058749 0.0128587 0.0242594 0.000455704 0.000455628 0.598326 1.19947e-05 0.00109524 4.89541e-05 2.22267e-05 5.88644e-06 0.0241148 1.0635e-06 5.40748e-07 0.0925046 0.00199451 0.0198842 0.00597176 0.0135982 0.000103447 
0.00754748 2.06702e-05 0.0999242 0.0050038 0.00135171 0.0132088 0.00325791 1.31849e-05 0.779 3.84475e-06 0.000199912 1.29339e-06 2.7432e-05 4.32521e-05 0.0152921 5.35249e-07 1.54255e-07 0.00255783 0.0534084 0.00974734 0.00270824 0.00666895 1.26107e-05 
0.00754748 2.06702e-05 0.0999242 0.0050038 0.00135171 0.0132088 0.00325791 1.31849e-05 0.779 3.84475e-06 0.000199912 1.29339e-06 2.7432e-05 4.32521e-05 0.0152921 5.35249e-07 1.54255e-07 0.00255783 0.0534084 0.00974734 0.00270824 0.00666895 1.26107e-05 
0.000249519 0.000404459 0.000251215 0.00137188 0.00115535 0.0154863 8.14139e-05 7.0555e-07 4.02436e-05 9.6986e-07 0.0441681 0.00343605 6.26968e-05 4.11774e-05 0.0253329 0.000880037 4.37978e-08 0.00035066 0.000118563 0.000235556 0.000757011 0.905574 6.82627e-07 
0.00215366 0.000137539 0.00681453 0.174104 0.427513 0.0358817 0.0423329 3.02869e-07 0.0299552 5.98311e-05 0.0119392 9.34321e-06 0.171496 0.00154502 0.0644358 3.03494e-05 2.38979e-07 0.00088731 0.000775664 0.00254028 0.0230785 0.00424637 6.34269e-05 
0.000488695 0.462871 0.0201769 0.0973275 0.0315963 0.0551774 0.00136419 3.51637e-05 0.00150223 0.000452221 0.14254 0.000107168 0.000879101 0.0852155 0.0257606 0.000492678 4.59223e-06 0.0126506 0.00139542 0.0213862 0.0177233 0.0208439 1.00427e-05 
2.74906e-06 2.06108e-05 0.301107 0.0217404 0.0145777 0.0593645 0.000944538 4.61365e-07 0.134552 3.62245e-09 0.0194775 0.00181991 3.44125e-05 3.33224e-05 0.246488 0.00172932 6.13318e-11 0.00578848 0.000985297 0.0110803 0.118721 0.0613518 0.000181156 
0.000100379 0.000271219 0.0743153 0.0196611 0.083949 0.0899419 0.00270484 0.000157285 0.081096 0.00013768 0.00562145 0.000578907 0.000505129 0.00407854 0.5182 3.4284e-05 7.71321e-06 0.00275858 0.0127747 0.0118429 0.0117804 0.0791918 0.00029111 
0.00192218 0.00145791 0.198691 0.0552961 0.0304422 0.0530972 0.00760153 0.00084972 0.0621379 0.000682144 0.0311076 0.000951785 0.00102483 0.00413819 0.237614 0.000385462 0.000364299 0.0305849 0.0193357 0.0276889 0.19186 0.0415713 0.001195 
0.0038404 0.00152454 0.112602 0.00808255 0.00822204 0.014774 0.00177397 0.00014695 0.0635105 0.00091156 0.0300772 0.000480684 0.00144367 0.0016581 0.28087 0.000155796 1.10975e-05 0.222064 0.0046315 0.171386 0.0270165 0.0447577 5.94122e-05 
0.00754748 2.06702e-05 0.0999242 0.0050038 0.00135171 0.0132088 0.00325791 1.31849e-05 0.779 3.84475e-06 0.000199912 1.29339e-06 2.7432e-05 4.32521e-05 0.0152921 5.35249e-07 1.54255e-07 0.00255783 0.0534084 0.00974734 0.00270824 0.00666895 1.26107e-05 
3.45414e-05 3.84465e-05 0.440711 0.114254 0.011836 0.0512753 0.0165552 0.000186489 0.121169 2.37564e-05 0.0100504 0.000270506 0.00897259 0.000670906 0.0999438 6.45837e-05 8.73579e-06 0.0155357 0.0127 0.0186292 0.0436729 0.0333861 1.14656e-05 
2.41449e-05 6.88755e-06 0.00384852 0.00692758 1.03719e-05 0.00332363 0.306528 2.85876e-05 0.000127033 4.71781e-06 0.000885805 0.000759601 1.18334e-05 0.000479701 0.00258433 1.26914e-09 3.19826e-12 3.85371e-09 0.668 0.00107122 0.00445013 0.00092836 1.31431e-10 
0.00174039 0.4166 0.0301172 0.0599602 0.431536 0.00163271 0.00391897 7.89624e-05 0.00100401 6.733e-05 0.00390359 0.000484953 8.8842e-07 0.012631 0.00170472 1.1413e-06 9.47703e-10 0.00104637 0.000482428 0.0287846 0.00353906 0.000754761 1.10996e-05 
0.00754748 2.06702e-05 0.0999242 0.0050038 0.00135171 0.0132088 0.00325791 1.31849e-05 0.779 3.84475e-06 0.000199912 1.29339e-06 2.7432e-05 4.32521e-05 0.0152921 5.35249e-07 1.54255e-07 0.00255783 0.0534084 0.00974734 0.00270824 0.00666895 1.26107e-05 
0.000375644 7.40125e-06 0.0103018 0.0535765 0.0040529 0.0153381 0.000920394 0.000152525 0.191485 6.14218e-09 0.00684806 3.26269e-08 5.87189e-05 0.00263073 0.607324 3.57929e-05 8.87277e-12 0.00518934 0.0102794 0.00140139 0.014088 0.0759087 2.61584e-05 
0.000920826 2.38294e-05 0.0194391 0.0171403 0.0330333 0.0315372 0.00110447 4.0009e-05 0.0330112 5.84975e-05 0.00324983 0.0633256 0.00017032 0.00549811 0.149012 1.43517e-07 1.37092e-08 0.00390658 0.0346863 0.00761716 0.00544162 0.590781 3.55706e-06 
1.02789e-05 2.90321e-08 0.0210939 0.0849812 0.000235829 0.0064691 0.39563 3.23332e-05 0.0450706 4.53128e-06 0.00133114 0.00628881 1.28882e-05 0.00910749 0.0207816 7.29415e-06 1.50749e-11 0.000138665 0.370256 0.00189969 0.02852 0.00812816 5.09405e-07 
0.00440645 4.16516e-05 0.0100073 0.0227536 0.00720478 0.0136166 0.00533002 1.72113e-06 0.129394 0.00336879 0.584112 0.0504059 0.000365124 0.000217653 0.0711832 0.000590599 2.91666e-08 0.00247916 0.000240438 0.0023686 0.0752139 0.0166267 7.14373e-05 
0.000117994 3.68245e-05 0.200289 0.00408705 0.0199433 0.00232444 0.00119995 6.06552e-06 0.0500954 0.619819 0.00034203 0.000790806 7.98981e-05 0.000207324 0.0179245 2.48418e-07 1.43134e-07 0.00630744 0.0318408 0.0277498 0.00222567 0.0146104 2.0361e-06 
0.000719728 1.86272e-05 0.368017 0.00426774 0.0600693 0.0796898 0.000295128 2.45588e-05 0.00314379 1.64527e-05 0.018192 3.6657e-05 0.0426378 0.00107173 0.19991 4.82089e-06 4.52532e-06 0.00228529 0.00588586 0.00401443 0.130124 0.0760682 0.00350232 
3.67139e-06 0.000105999 0.0124757 0.0134009 0.0184854 0.0219877 0.00151318 6.99166e-06 0.0267064 2.92164e-06 0.00608907 0.0408136 0.000155939 0.00467276 0.0397915 4.38917e-09 1.30185e-09 0.0210902 0.00176771 0.00228536 0.00570725 0.782938 9.43041e-09 
0.00754748 2.06702e-05 0.0999242 0.0050038 0.00135171 0.0132088 0.00325791 1.31849e-05 0.779 3.84475e-06 0.000199912 1.29339e-06 2.7432e-05 4.32521e-05 0.0152921 5.35249e-07 1.54255e-07 0.00255783 0.0534084 0.00974734 0.00270824 0.00666895 1.26107e-05 
0.000130203 8.36547e-06 0.216665 0.0359058 0.0110511 0.128618 0.012932 5.61532e-06 0.00909694 1.50314e-05 0.0252725 0.000701377 0.000295895 0.000285363 0.287935 2.20089e-07 1.82708e-08 0.0287054 0.0966704 0.0154887 0.052716 0.0774997 1.78741e-06 
0.000232017 0.000115927 0.101719 0.0205021 0.00530225 0.00573444 0.000871161 0.000357806 0.0591936 0.00106325 0.089711 0.038063 0.000211228 0.0343488 0.0271049 0.000355624 8.5752e-05 0.00376068 0.000272048 0.41759 0.0439728 0.1491 0.000331771 
0.0147617 0.000272737 0.101159 0.0650757 0.00934048 0.0484654 0.0216163 0.000120495 0.0642144 0.00116933 0.0295993 0.000980446 0.000572348 0.0105988 0.333609 9.43147e-05 4.31736e-06 0.000713828 0.0399182 0.139035 0.0133016 0.104982 0.000395467 
9.8989e-06 1.8363e-05 0.106723 0.00279748 0.0228136 0.0201274 0.00097064 7.19297e-07 0.00757152 0.0122348 0.0353015 4.63876e-05 0.000212682 0.000988398 0.549688 2.06926e-07 3.47348e-08 0.000372697 0.00789635 0.00192589 0.053826 0.17643 4.48209e-05 
2.5266e-07 1.62936e-07 0.0184613 0.0993075 0.0143688 0.0412668 0.00629419 2.80495e-07 0.00200453 0.000230378 0.740663 0.00322073 8.28455e-07 0.000970428 0.0504579 6.23173e-06 7.34857e-10 0.00112655 0.000262616 0.000268472 0.0165229 0.00456493 1.27374e-06 
2.41449e-05 6.88755e-06 0.00384852 0.00692758 1.03719e-05 0.00332363 0.306528 2.85876e-05 0.000127033 4.71781e-06 0.000885805 0.000759601 1.18334e-05 0.000479701 0.00258433 1.26914e-09 3.19826e-12 3.85371e-09 0.668 0.00107122 0.00445013 0.00092836 1.31431e-10 
0.00356643 0.00183863 0.0745384 0.103893 0.0694793 0.114281 0.00360537 0.000318118 0.0358137 4.59849e-05 0.00530705 0.00040528 0.00057475 0.0167099 0.112291 5.55269e-05 1.70006e-05 0.0362957 0.0042595 0.347427 0.0112725 0.056814 0.00119076 
0.00754748 2.06702e-05 0.0999242 0.0050038 0.00135171 0.0132088 0.00325791 1.31849e-05 0.779 3.84475e-06 0.000199912 1.29339e-06 2.7432e-05 4.32521e-05 0.0152921 5.35249e-07 1.54255e-07 0.00255783 0.0534084 0.00974734 0.00270824 0.00666895 1.26107e-05 
0.00107538 1.71306e-05 0.0333206 0.00539045 0.301532 0.0164558 0.000563976 2.23001e-05 0.46255 8.73748e-05 0.00140262 0.000264116 9.35505e-05 0.000113409 0.024917 2.75257e-06 1.23593e-07 0.0384058 0.0142022 0.0341942 0.0286039 0.0356754 0.00110997 
0.0123793 0.000168297 0.00699515 0.0526573 0.00367635 0.0363711 0.00279364 0.000111005 0.018729 0.000270863 0.400918 0.011884 0.000538342 0.00316827 0.144981 5.64237e-05 2.79852e-05 0.0019142 0.0531399 0.0452351 0.036455 0.167017 0.000513498 
0.000117498 0.0014206 0.0514896 0.467755 0.0148532 0.0620899 0.0129758 1.37647e-05 0.00665142 0.000133395 0.217263 0.00397987 6.61693e-06 0.0280921 0.0206622 9.10185e-07 8.86209e-09 0.00683178 0.00141997 0.00264141 0.0784165 0.0231346 5.04408e-05 
1.49177e-05 0.000202451 0.0163767 0.0162331 0.780398 0.0537118 0.0031351 5.27266e-05 0.033653 0.000410198 0.00201848 0.000585258 0.000400724 1.187e-05 0.00277925 5.74718e-06 8.61703e-07 0.000380755 0.00447605 0.0542427 0.0102962 0.0195119 0.00110237 
0.000120754 9.32135e-07 0.0380352 0.000129631 0.0545776 0.215336 9.31938e-05 2.76238e-06 0.0729746 1.10112e-08 0.000184047 7.78328e-06 0.000109787 0.000184988 0.337015 9.69552e-10 3.6567e-12 0.00186906 0.000302301 0.00475452 0.000677869 0.273625 5.71791e-09 
0.000374019 2.38125e-05 0.180794 0.11054 0.0166821 0.218938 0.0101872 2.22398e-05 0.0208677 0.00063972 0.0439322 6.39537e-06 1.81706e-06 0.00173024 0.278303 1.19251e-06 6.02089e-08 0.00571797 0.0120236 0.0029603 0.0164278 0.0798033 2.4141e-05 
0.00754748 2.06702e-05 0.0999242 0.0050038 0.00135171 0.0132088 0.00325791 1.31849e-05 0.779 3.84475e-06 0.000199912 1.29339e-06 2.7432e-05 4.32521e-05 0.0152921 5.35249e-07 1.54255e-07 0.00255783 0.0534084 0.00974734 0.00270824 0.00666895 1.26107e-05 
0.000120754 9.32135e-07 0.0380352 0.000129631 0.0545776 0.215336 9.31938e-05 2.76238e-06 0.0729746 1.10112e-08 0.000184047 7.78328e-06 0.000109787 0.000184988 0.337015 9.69552e-10 3.6567e-12 0.00186906 0.000302301 0.00475452 0.000677869 0.273625 5.71791e-09 
3.51272e-05 0.000157573 0.00438546 0.147023 0.00402219 0.0536438 0.00426996 6.69661e-05 0.00272373 6.47534e-08 0.0252556 5.00046e-05 6.34549e-08 0.0013685 0.326274 2.76176e-06 8.44451e-12 3.92481e-05 0.0117293 0.0073265 0.0149 0.396726 2.54703e-09 
0.00754748 2.06702e-05 0.0999242 0.0050038 0.00135171 0.0132088 0.00325791 1.31849e-05 0.779 3.84475e-06 0.000199912 1.29339e-06 2.7432e-05 4.32521e-05 0.0152921 5.35249e-07 1.54255e-07 0.00255783 0.0534084 0.00974734 0.00270824 0.00666895 1.26107e-05 
0.000203073 0.000643891 0.217274 0.0798732 0.0388535 0.0575463 0.00474979 0.00531269 0.0539754 0.00370824 0.0444326 0.00133214 0.0103733 0.00162246 0.277157 0.00325382 0.000179792 0.102659 0.00572852 0.0400402 0.0234963 0.0264977 0.00108767 
0.000555212 0.0013941 0.123001 0.0169379 0.0530808 0.0860536 0.00446594 0.00449994 0.016006 0.00157743 0.0569907 0.00813772 0.00189608 0.00142116 0.283401 0.00252677 0.000380007 0.00415243 0.00453452 0.0131045 0.0227092 0.292621 0.000553239 
0.000879278 0.00215557 0.0813261 0.188556 0.00476482 0.0122714 0.0107387 0.00043627 0.039955 0.000160922 0.266905 0.0185072 0.000135756 0.005288 0.119239 0.000582378 1.98484e-05 0.0119219 0.0180485 0.0455677 0.120364 0.0521452 3.24017e-05 
0.000155729 9.17349e-05 0.0419763 0.0265082 0.400406 0.0365758 0.00026053 1.67125e-05 0.0642591 0.00110348 0.100295 0.00453319 5.56041e-05 0.00790595 0.138029 8.5976e-05 2.43524e-06 0.00557052 0.00643743 0.000103006 0.0674426 0.0947364 0.00344946 
0.000241475 1.37677e-05 0.082291 0.0421286 0.075417 0.159145 0.00888686 2.4391e-05 0.171615 0.00269361 0.0063975 0.000128985 0.000133098 0.000121127 0.365602 0.000539016 1.08555e-05 0.0178651 0.00564981 0.0118571 0.0176034 0.0294934 0.00214196 
4.2548e-05 7.30127e-05 0.00286699 0.0212982 0.00803093 0.00325072 0.0102094 0.000114019 0.498926 1.55954e-05 0.10452 0.0047717 0.000545732 0.0846894 0.12979 3.96865e-05 2.72815e-07 0.0162638 0.0499497 0.00228756 0.0324846 0.0296827 0.00014685 
1.23707e-06 0.000635964 0.372307 0.00725836 0.272207 0.0214335 0.000670097 1.35533e-05 0.0389268 1.18407e-06 0.00134267 0.000333391 0.00707337 0.00275595 0.0184534 1.12779e-06 4.99129e-07 0.00331569 0.000545946 0.206035 0.00805582 0.0386222 1.11806e-05 
7.88282e-07 1.15802e-05 0.164784 0.175859 0.033848 0.0866021 0.0113807 0.000348331 0.0176477 5.50212e-08 0.0269873 2.94739e-06 5.60917e-05 0.000149722 0.343726 4.87146e-09 4.91437e-12 0.000228726 0.0151567 0.00751129 0.0169362 0.0987426 2.0645e-05 
0.000230378 0.000281141 0.0427446 0.0357092 0.00361977 0.0132987 0.0236328 4.62808e-05 0.00438275 0.00015127 0.780606 1.86024e-05 3.78185e-06 0.00434173 0.0315603 2.72744e-05 1.84451e-07 0.000226677 5.5841e-05 0.00683362 0.0480851 0.0041432 6.31273e-07 
5.20615e-05 5.62799e-05 0.0213411 0.0741196 0.0111968 0.00765156 0.00549519 0.00247558 0.203369 3.98578e-05 0.0314326 3.93856e-05 7.65559e-05 0.00951932 0.18105 1.16303e-05 2.85516e-08 0.000120611 0.0898595 0.142094 0.13955 0.0244771 0.0559724 
0.00754748 2.06702e-05 0.0999242 0.0050038 0.00135171 0.0132088 0.00325791 1.31849e-05 0.779 3.84475e-06 0.000199912 1.29339e-06 2.7432e-05 4.32521e-05 0.0152921 5.35249e-07 1.54255e-07 0.00255783 0.0534084 0.00974734 0.00270824 0.00666895 1.26107e-05 
0.00855649 7.73091e-05 0.392264 0.10923 0.009655 0.0473677 0.0143133 0.000203182 0.0899099 0.000537206 0.184384 0.000596991 9.04099e-05 0.000278374 0.0928931 4.81854e-05 1.96732e-06 0.00724431 0.000230257 0.00749976 0.0129852 0.0202807 0.00135232 
0.000388999 4.28337e-06 0.0251112 0.568329 0.00280438 0.0134606 0.129859 4.47599e-05 0.00311713 5.14913e-05 0.00480111 3.41454e-07 0.000258659 0.00299605 0.0535339 4.093e-06 5.73071e-08 0.0015214 0.0872155 0.0581153 0.0361087 0.0122737 8.41898e-08 
0.00754748 2.06702e-05 0.0999242 0.0050038 0.00135171 0.0132088 0.00325791 1.31849e-05 0.779 3.84475e-06 0.000199912 1.29339e-06 2.7432e-05 4.32521e-05 0.0152921 5.35249e-07 1.54255e-07 0.00255783 0.0534084 0.00974734 0.00270824 0.00666895 1.26107e-05 
0.00754748 2.06702e-05 0.0999242 0.0050038 0.00135171 0.0132088 0.00325791 1.31849e-05 0.779 3.84475e-06 0.000199912 1.29339e-06 2.7432e-05 4.32521e-05 0.0152921 5.35249e-07 1.54255e-07 0.00255783 0.0534084 0.00974734 0.00270824 0.00666895 1.26107e-05 
0.00754748 2.06702e-05 0.0999242 0.0050038 0.00135171 0.0132088 0.00325791 1.31849e-05 0.779 3.84475e-06 0.000199912 1.29339e-06 2.7432e-05 4.32521e-05 0.0152921 5.35249e-07 1.54255e-07 0.00255783 0.0534084 0.00974734 0.00270824 0.00666895 1.26107e-05 
0.0128272 3.77648e-05 0.0139973 0.248033 0.00281039 0.0632772 0.0350937 3.72632e-05 0.0291531 2.80274e-05 0.00787092 0.00344007 0.0189894 0.00363556 0.0649582 3.67613e-05 7.85787e-06 0.00258005 0.29917 0.088371 0.0373149 0.0682493 8.0513e-05 
0.0055783 1.53516e-05 0.00814456 0.119327 0.0759796 0.0658337 0.00384011 0.000729533 0.00204059 6.36279e-05 0.575173 0.00642017 0.00222365 0.000165 0.0170319 1.95856e-06 1.59953e-06 0.0543274 0.000603511 0.00330007 0.0345278 0.0246075 6.47852e-05 
0.142016 0.000889755 0.028437 0.0282777 0.00349538 0.0115576 0.00422978 0.000107372 5.54776e-05 0.000160621 0.648755 9.80231e-05 1.69198e-05 0.000367395 0.04622 2.49958e-05 1.12422e-05 0.000172134 0.0111458 0.00516961 0.00656834 0.0590725 0.00315148 
6.12706e-05 9.48485e-07 0.258234 0.0030309 0.00655361 0.062969 0.000332162 2.65343e-06 0.0175088 2.08998e-06 0.00039879 7.9106e-05 0.00101736 0.00126427 0.551126 2.39084e-06 6.17514e-07 0.00195354 0.0129317 0.0285176 0.00164694 0.0523665 6.26304e-07 
0.000917951 0.00393446 0.547851 0.0260025 0.0228984 0.162473 0.0189018 0.00227664 0.0581798 0.00497025 0.0367585 0.00157865 4.48548e-05 0.000403538 0.0269236 0.000213002 9.5367e-06 0.0130631 0.0123067 0.0161356 0.0143928 0.0293483 0.000416803 
0.0426726 0.00913935 0.03517 0.0116737 0.00546823 0.0240056 0.00316174 0.00011897 0.163255 0.000247998 0.0223771 0.00275018 0.00203351 0.00186626 0.039967 0.000350402 1.67217e-05 0.0113363 0.0131038 0.044281 0.0235051 0.543303 0.000197207 
0.000429164 0.000947904 0.0529187 0.089631 0.0625642 0.2167 0.0339934 0.000198871 0.158769 1.4811e-05 0.0555973 0.0043724 0.000270618 0.0237108 0.173222 8.25725e-06 1.58828e-06 0.00326479 0.0103432 0.0327929 0.0280868 0.0521584 3.80558e-06 
0.000445553 0.000100277 0.0339816 0.0548617 0.0227642 0.00875855 0.000737012 2.42947e-06 0.00815823 2.69603e-05 0.000596441 1.22391e-05 6.97668e-07 0.00460985 0.281725 4.58438e-08 4.11162e-09 1.30648e-05 0.225282 0.0783617 0.00196065 0.277601 7.38462e-07 
0.00130715 0.00175825 0.00716067 0.0258432 0.00481047 0.0434259 0.0103655 0.00113671 0.0122239 1.40467e-07 0.0251643 0.00151688 0.00261255 0.00455524 0.322081 0.000351349 1.40398e-07 0.003192 0.237745 0.0101972 0.0506781 0.233874 1.405e-07 
1.77491e-07 0.00170543 0.137 0.108557 0.0219027 0.0696611 0.0136771 0.00140016 0.0151715 1.77401e-07 0.0292051 1.77365e-07 0.000496846 0.00131409 0.348971 0.000585668 1.77314e-07 0.00264615 0.0133599 0.00129689 0.205279 0.0277692 1.77442e-07 
0.00754748 2.06702e-05 0.0999242 0.0050038 0.00135171 0.0132088 0.00325791 1.31849e-05 0.779 3.84475e-06 0.000199912 1.29339e-06 2.7432e-05 4.32521e-05 0.0152921 5.35249e-07 1.54255e-07 0.00255783 0.0534084 0.00974734 0.00270824 0.00666895 1.26107e-05 
0.00268852 2.35757e-05 0.0128111 0.0129723 0.0744778 0.428114 0.0264066 1.11862e-06 0.0226602 1.01935e-05 0.00205935 0.0105384 0.0163869 0.001826 0.0345468 4.65485e-07 8.91255e-08 0.0511314 0.000300696 0.00318809 0.0124648 0.286716 0.000675862 
0.000512904 2.18121e-07 0.0977315 0.00421537 0.0953566 0.0920384 0.000702638 2.23727e-06 0.0518822 0.0041837 0.0140482 0.000372672 3.41628e-07 8.36663e-06 0.487693 1.58032e-06 1.23298e-09 0.00396387 0.000387873 0.0409242 0.0138703 0.0920899 1.44106e-05 
8.00903e-05 3.05563e-05 0.173305 0.008366 0.0644076 0.00383848 0.000811097 0.000103025 0.277557 0.000344459 0.111571 0.000336848 0.00454095 0.0572692 0.1198 0.000134336 2.51963e-05 0.00502264 0.000432032 0.0220741 0.0563256 0.0935577 6.66297e-05 
0.000111433 0.00119182 0.295714 0.0284848 0.00570457 0.019909 0.0374072 1.85808e-05 0.101227 2.71026e-05 0.00162182 0.00503651 0.0100304 0.00150701 0.0595769 1.02258e-05 2.67491e-06 0.0213913 0.0279011 0.0899618 0.0274828 0.265611 7.12552e-05 
5.6015e-05 0.0254728 0.0270356 0.00517796 0.0194455 0.0014857 0.010064 0.00130067 0.0770462 0.000224098 0.0472548 0.00201225 0.00203222 0.0216922 0.0930209 0.132074 5.51742e-07 0.00106324 0.00308039 0.180042 0.00215627 0.348217 4.54604e-05 
0.00131853 2.2525e-07 0.0357251 0.0111662 0.179584 0.168064 0.000671258 7.50275e-05 0.125313 0.00212098 0.0117408 0.00404638 0.0023333 0.0007654 0.129053 0.000515296 6.41357e-10 0.0275571 0.00070278 0.0432909 0.0247319 0.231224 1.0812e-06 
0.00109529 1.82544e-05 0.0442869 0.0205945 0.0405112 0.0932001 0.0175391 8.81156e-06 0.0499441 0.00104235 0.318124 0.00031372 2.21612e-05 0.000499987 0.184263 6.60027e-05 5.0975e-08 0.00342836 0.0773586 0.0111586 0.0891238 0.0470719 0.000328892 
3.67673e-07 3.67963e-07 0.00772922 0.290683 3.67973e-07 0.015715 0.469646 0.000734558 0.0271222 3.67487e-07 0.0089794 3.67413e-07 3.67447e-07 3.67808e-07 0.141738 3.6753e-07 3.67307e-07 3.67861e-07 0.011372 0.00688131 0.00816951 0.0112254 3.67572e-07 
7.67096e-07 5.97286e-08 0.00169055 0.000347228 0.0325929 0.00853363 0.00494439 5.69488e-07 0.507487 1.43356e-06 0.00888963 0.00123179 0.00034112 1.88836e-05 0.108985 8.3752e-06 3.46194e-10 0.00890312 0.000183775 0.020831 0.000548737 0.29446 1.96323e-07 
1.53235e-06 5.74001e-07 0.0729156 0.0024584 0.00722982 0.0516945 0.00320498 6.96343e-05 0.0197053 3.41164e-05 0.00715831 0.00739461 0.00310656 0.00282897 0.554781 2.77775e-06 4.61279e-08 0.0676501 0.000491277 0.0788961 0.0706366 0.0495241 0.000214993 
0.349447 0.035933 0.0118894 0.142102 0.0165216 0.315585 0.000310856 2.77779e-06 0.00785273 1.07917e-06 0.00241053 0.000110503 4.27598e-06 7.19003e-05 0.00423942 1.57842e-05 2.71491e-07 0.000370867 0.0167029 0.0435798 0.00766263 0.0450898 9.624e-05 
0.000944349 6.72618e-09 1.34321e-07 0.17216 0.00137751 8.89461e-08 0.357455 6.61684e-05 0.108281 0.00276894 0.015997 5.42508e-06 2.09537e-07 5.09308e-08 0.0472446 2.29406e-08 1.07906e-09 0.00484838 0.0216725 0.0247236 0.151432 0.0910236 6.07663e-08 
0.00754748 2.06702e-05 0.0999242 0.0050038 0.00135171 0.0132088 0.00325791 1.31849e-05 0.779 3.84475e-06 0.000199912 1.29339e-06 2.7432e-05 4.32521e-05 0.0152921 5.35249e-07 1.54255e-07 0.00255783 0.0534084 0.00974734 0.00270824 0.00666895 1.26107e-05 
0.000750638 7.23998e-06 0.329599 0.00273431 0.0173637 0.157125 0.000268863 1.09125e-05 0.196285 4.08656e-05 0.00473527 0.000204476 1.63636e-05 0.000106847 0.176332 3.71763e-05 6.29465e-07 0.00155317 0.00654843 0.0692355 0.0164795 0.0205195 4.52256e-05 
0.00116264 0.00253642 0.0895212 0.0298354 0.268586 0.126303 0.00301016 9.0731e-05 0.120917 0.000470299 0.00682423 0.00207635 0.000430022 0.00114729 0.188959 0.000113762 7.85706e-05 0.0180918 0.0155312 0.0201038 0.0292255 0.0742058 0.000780814 
0.000556281 0.0191511 0.034393 0.0539229 0.320939 0.170147 0.00126553 1.71974e-05 0.00733134 0.00876949 0.0553768 0.000142551 0.000376124 0.000814118 0.184985 3.95929e-05 8.79793e-06 0.00259473 0.0019118 0.0499345 0.0499878 0.0373193 1.59592e-05 
3.09388e-05 3.81072e-05 0.0213928 0.0863061 0.110061 0.087579 1.302e-05 4.29626e-06 0.000221145 3.69323e-05 0.522949 0.00783094 0.000607783 0.0489793 0.00171936 9.74274e-07 6.85748e-07 0.0519892 7.95438e-06 9.04484e-05 0.0445106 0.015572 5.81894e-05 
0.000115426 2.54888e-06 0.00888278 0.0715138 0.00434293 0.00464964 0.674402 0.000187601 0.00145685 8.76553e-06 0.0981922 0.0147046 4.66786e-05 7.62872e-05 0.00886864 5.22319e-08 2.60545e-10 0.000599946 0.00147653 0.00151165 0.107694 0.00126242 4.27907e-06 
0.00174493 0.00398294 0.182555 0.051713 0.0743469 0.135601 0.00651386 0.00137749 0.0442129 0.000541093 0.0153739 0.000919529 0.00270213 0.00350357 0.272556 0.00147442 0.000101565 0.0101364 0.0124993 0.0524594 0.03405 0.0912489 0.000386027 
2.2737e-05 5.34879e-06 0.0216005 0.126871 0.00406826 0.361763 0.0618233 8.37722e-05 0.0671529 0.000100251 0.0851934 0.00739991 0.00206035 0.00186221 0.0333002 4.06634e-07 5.34539e-08 0.0122844 0.000955562 0.000737782 0.0565158 0.155608 0.00059058 
0.00754748 2.06702e-05 0.0999242 0.0050038 0.00135171 0.0132088 0.00325791 1.31849e-05 0.779 3.84475e-06 0.000199912 1.29339e-06 2.7432e-05 4.32521e-05 0.0152921 5.35249e-07 1.54255e-07 0.00255783 0.0534084 0.00974734 0.00270824 0.00666895 1.26107e-05 
9.02076e-07 7.01991e-08 0.114839 0.00214745 0.112191 0.29131 0.000250605 1.08766e-06 0.0582614 4.72692e-07 0.00105079 0.000142421 0.000678665 0.000267141 0.199165 3.38803e-08 7.93355e-11 0.00625293 0.000101362 0.00636012 0.166698 0.0388952 0.00138622 
0.00754748 2.06702e-05 0.0999242 0.0050038 0.00135171 0.0132088 0.00325791 1.31849e-05 0.779 3.84475e-06 0.000199912 1.29339e-06 2.7432e-05 4.32521e-05 0.0152921 5.35249e-07 1.54255e-07 0.00255783 0.0534084 0.00974734 0.00270824 0.00666895 1.26107e-05 
0.00214567 0.000214193 0.039083 0.174239 0.0308244 0.0200355 0.000511935 0.00214429 0.0774177 0.295883 0.126874 0.000499569 8.88318e-05 0.00177412 0.0277993 0.000879288 7.42615e-06 0.082852 0.00088045 0.020578 0.00982025 0.0659927 0.0194548 
0.112818 5.53547e-06 0.0715735 0.045118 0.0185398 0.015955 0.000702939 5.66527e-07 0.0062859 2.0511e-05 0.443808 0.00770141 0.158498 0.0164038 0.00487307 1.98861e-05 6.3697e-08 0.00380161 0.0340594 0.0370441 0.0041454 0.0185828 4.24186e-05 
0.000140063 9.71744e-06 0.00184402 0.026446 0.00286093 0.130054 0.00322375 6.28283e-08 0.0203009 0.00456497 0.726334 1.35401e-06 3.09839e-06 1.23558e-05 0.0316344 7.65715e-09 5.60885e-10 0.000559661 0.0141087 1.97936e-06 0.00907726 0.0288185 4.09997e-06 
0.000115426 2.54888e-06 0.00888278 0.0715138 0.00434293 0.00464964 0.674402 0.000187601 0.00145685 8.76553e-06 0.0981922 0.0147046 4.66786e-05 7.62872e-05 0.00886864 5.22319e-08 2.60545e-10 0.000599946 0.00147653 0.00151165 0.107694 0.00126242 4.27907e-06 
0.00282247 0.000139775 0.117456 0.0488043 0.0736101 0.38839 0.000997005 5.39612e-05 0.075916 9.73688e-05 0.0209058 2.99317e-07 6.06051e-07 0.000519854 0.171715 3.04629e-06 2.8338e-10 0.00497735 0.00333302 0.0264611 0.00950203 0.0542562 3.87342e-05 
0.00754748 2.06702e-05 0.0999242 0.0050038 0.00135171 0.0132088 0.00325791 1.31849e-05 0.779 3.84475e-06 0.000199912 1.29339e-06 2.7432e-05 4.32521e-05 0.0152921 5.35249e-07 1.54255e-07 0.00255783 0.0534084 0.00974734 0.00270824 0.00666895 1.26107e-05 
0.00754748 2.06702e-05 0.0999242 0.0050038 0.00135171 0.0132088 0.00325791 1.31849e-05 0.779 3.84475e-06 0.000199912 1.29339e-06 2.7432e-05 4.32521e-05 0.0152921 5.35249e-07 1.54255e-07 0.00255783 0.0534084 0.00974734 0.00270824 0.00666895 1.26107e-05 
5.59458e-08 0.000414381 0.184537 0.102877 0.00291162 0.0626411 0.0186942 0.000821169 0.00737473 5.59175e-08 0.0148442 5.59062e-08 9.51053e-05 0.000397415 0.424222 1.68331e-05 5.58901e-08 0.0063308 0.134071 0.00441768 0.0155715 0.0197626 5.59305e-08 
