0.0234444 0.00182324 0.128444 0.105768 0.0117536 0.0540749 0.00498841 1.85079e-05 0.0255348 0.0188097 0.0193443 5.08755e-05 6.70683e-06 0.0003313 0.158575 3.80523e-06 9.63828e-06 0.353881 0.0366993 0.0226458 0.028383 0.00539034 1.95139e-05 
0.000197542 4.8686e-05 0.0332707 0.0222462 0.0817147 0.0812026 0.00218233 0.000329767 0.064732 0.0134062 0.00186406 0.000257545 0.000545759 0.00025617 0.0380886 2.36544e-05 0.000697446 0.494397 0.00497916 0.00618619 0.0091507 0.125168 0.0190542 
0.000365663 8.62612e-05 0.0233247 0.00671891 0.0108702 0.00318967 0.000363295 7.39708e-08 0.0531827 2.33519e-05 1.24346e-05 1.70158e-07 3.97582e-06 7.7376e-08 0.00301172 1.1144e-06 6.12273e-08 0.868614 0.0129455 0.00278332 0.0139729 0.000529894 8.37413e-08 
0.000156835 6.28301e-05 0.0669003 0.140214 0.022657 0.0144825 0.0136075 0.000634259 0.0873129 0.0033591 0.0587763 0.00212654 2.21677e-05 0.000944543 0.0883745 8.50944e-05 1.64285e-05 0.442276 0.00152389 0.0267263 0.0171168 0.0121165 0.000507352 
0.000167449 3.85672e-05 0.111185 0.099255 0.00243345 0.00949155 0.00250338 1.83036e-09 0.00135182 0.000454932 0.0247207 0.000367183 2.85653e-07 1.62482e-05 0.0119994 8.28159e-08 6.64921e-05 0.665278 0.0104992 0.00627224 0.0460746 0.00782404 9.55064e-10 
2.89577e-05 2.78732e-06 0.0278413 0.00976701 0.0505152 0.0198079 0.000316707 3.39934e-05 0.0927004 7.99567e-05 0.00128566 0.346813 3.88158e-05 0.000340732 0.0325011 9.08522e-06 5.95133e-06 0.36849 0.00230463 0.00606116 0.0177969 0.0229753 0.000283178 
0.00180109 7.52066e-05 0.0143897 0.223679 0.0668759 0.00881632 0.00431278 1.99553e-05 0.023569 0.000437902 0.0353323 0.00151155 0.000520404 0.000101897 0.0283382 8.69772e-06 9.10286e-05 0.516746 0.00132194 0.00659623 0.0188565 0.0416051 0.00499406 
5.14755e-05 0.0072335 0.122593 0.150048 0.00357702 0.126902 0.00201611 0.000528722 0.0757513 6.04579e-06 0.00528932 0.000171601 0.00911166 3.46049e-05 0.0555493 0.000117664 8.10878e-05 0.406354 0.00250074 0.000456691 0.0289901 0.00263318 2.54002e-06 
6.7265e-06 2.043e-06 0.0142686 0.086913 0.0312575 0.00195993 2.34756e-06 1.60433e-05 0.00251872 9.73087e-06 0.00201064 1.09284e-05 1.03877e-05 4.57141e-06 0.000361852 9.05762e-06 1.2659e-05 0.769735 1.18614e-06 2.00944e-06 1.80195e-06 0.0908767 8.37124e-06 
0.0101626 1.55491e-05 0.15705 0.0287514 0.0547324 0.0376862 0.00606996 1.18848e-05 0.091364 1.32863e-05 0.00630324 4.8589e-05 3.76685e-05 3.69832e-05 0.0376249 3.61313e-06 0.000518231 0.530346 0.00898529 0.0148806 0.00856956 0.00670504 8.32323e-05 
0.000528023 3.13123e-06 0.000778762 0.00041255 0.00409198 0.00164688 3.59802e-06 2.45889e-05 2.12154e-06 1.49142e-05 0.00360838 1.67495e-05 1.59208e-05 7.00644e-06 0.000686395 1.38823e-05 1.94019e-05 0.98452 1.81795e-06 0.000318127 0.00296146 1.39289e-06 0.000323049 
8.36202e-05 1.92286e-05 0.106776 0.1296 0.0431214 0.0482773 2.40686e-05 1.42962e-05 0.21548 4.72133e-05 0.0189092 3.82919e-07 5.82035e-07 0.00296681 0.00766695 3.51647e-09 6.3978e-05 0.237817 0.00623345 0.000412472 0.162215 0.0168999 0.00337133 
0.000195681 5.72736e-06 0.065296 0.0634583 0.0252595 0.0335404 0.000842552 5.28929e-05 0.0738346 0.000110179 0.0061005 7.77747e-05 2.6035e-05 9.92174e-05 0.279472 0.00068236 1.97181e-05 0.416147 0.00245291 0.000271687 0.0132616 0.0187909 1.95167e-06 
0.000232823 1.51736e-06 0.0213483 0.0800952 0.00895259 0.139456 0.00434812 0.000567717 0.0601409 8.42542e-05 0.00155177 0.000300585 1.12924e-05 0.00072271 0.0378286 0.000194561 3.51852e-08 0.568746 0.00953078 0.00344528 0.011829 0.00607937 0.0445326 
1.52493e-05 3.02214e-05 0.0718003 0.18941 0.00253242 0.0311089 0.00976326 1.48236e-05 0.0720083 0.0362085 0.0110755 1.85103e-06 0.000107844 0.000362413 0.0233684 3.13555e-05 0.00010735 0.393617 0.000443354 0.0163041 0.124826 0.0168588 4.06381e-06 
1.9657e-05 0.000117978 0.0211396 0.00302227 0.00716854 0.00289684 0.000115941 1.38761e-07 0.0437567 1.00092e-05 2.4347e-05 4.96175e-07 3.61913e-07 2.35602e-07 0.00256631 2.19247e-06 1.1616e-07 0.889409 0.0169187 0.00266766 0.00991693 0.000244646 8.759e-07 
8.63077e-05 5.48471e-06 0.00702356 0.015201 0.028023 0.0104484 0.00581658 7.40474e-06 0.0233426 8.98007e-06 0.000796427 0.00037803 6.21558e-07 1.15717e-05 0.00593599 6.90412e-06 2.86486e-06 0.87825 0.000643977 0.00343148 0.00912445 0.0107305 0.000724266 
0.157859 0.000264546 0.00237563 0.0746033 0.00270603 0.0551122 0.00188418 2.28144e-07 0.0264557 6.19872e-05 0.192062 1.55408e-07 4.08563e-06 0.00212335 0.0232371 1.28805e-07 1.26923e-06 0.309366 0.0206394 0.00484359 0.00121555 0.125116 6.84394e-05 
9.53739e-06 3.62048e-09 0.0127719 0.0590741 0.341576 2.406e-05 0.00139205 2.84309e-08 2.70941e-06 0.00162302 0.117053 0.0681405 2.96931e-05 1.3361e-06 1.3563e-06 1.60514e-08 2.24335e-08 0.385973 2.34028e-06 2.75551e-06 0.0123058 1.63644e-05 1.4835e-08 
0.000241052 8.85468e-10 0.10038 0.0142162 0.0401056 8.77806e-06 5.1269e-06 6.95341e-09 0.123153 4.21752e-09 0.011612 4.73654e-09 4.40333e-06 4.59956e-06 0.0266376 0.000120123 5.4866e-09 0.377704 5.33732e-06 2.71774e-05 1.0016e-05 0.260649 0.045116 
1.7662e-07 1.29858e-06 0.047633 0.0465081 0.00113809 0.000643379 0.0116831 8.93884e-06 0.0211493 0.00163114 0.0958841 0.0036525 0.000212977 0.00357489 0.00179721 2.90303e-06 2.07595e-06 0.660249 0.0112353 0.000319627 0.0403012 0.0523446 2.6907e-05 
0.000440565 7.82119e-07 0.055848 0.216056 0.000289188 0.0123795 0.00502452 0.00138705 0.00477623 3.92846e-05 0.00706386 2.67418e-06 2.96045e-05 0.000276331 0.116432 4.93071e-06 1.66901e-05 0.451525 0.0595073 0.00825866 0.0577716 0.00280195 6.77044e-05 
0.000196616 1.31729e-05 0.0226919 0.0266602 0.0260478 0.0143875 0.00858038 0.000254905 0.0566745 0.00300125 0.00147344 0.000901734 4.05116e-06 0.000174539 0.0163661 3.68788e-05 6.7268e-05 0.747807 0.00121986 0.00884218 0.0195976 0.0417411 0.00325972 
9.38656e-09 2.85092e-09 0.00216357 0.0344165 0.000507823 0.0242238 0.00496804 3.03134e-06 0.001054 1.3579e-08 0.113785 1.79523e-05 1.44956e-08 0.00382715 0.108058 1.26395e-08 7.29074e-05 0.403069 0.000282808 5.23816e-05 0.0709352 0.232563 1.16817e-08 
0.010788 0.000115448 0.197357 0.115832 0.075713 0.0200903 0.0122953 0.000342844 0.0526008 6.43249e-05 0.0971012 1.99641e-06 0.00183272 1.68466e-05 0.0367295 3.95739e-06 0.000261427 0.262593 0.000172692 0.00309008 0.0365056 0.0764903 1.37993e-06 
0.000418704 2.87296e-05 0.0129058 0.0135979 0.0426456 0.0335079 0.00639885 2.42239e-06 0.0738853 0.00176559 0.0457856 0.000308762 1.44585e-05 0.0299811 0.011845 0.000162737 0.000102857 0.553791 0.0108503 0.00414885 0.100468 0.0541998 0.0031847 
0.000890744 7.07039e-05 0.0743855 0.00579709 0.00480686 0.00845879 0.00172374 0.000786914 0.122945 0.00173712 0.00356286 8.53868e-05 2.80432e-05 0.000550491 0.0329902 0.00016266 0.000641883 0.437504 0.00232013 0.0251852 0.0101405 0.264965 0.000261029 
7.65845e-08 2.32605e-08 0.0107407 0.0130407 0.119901 0.00180352 0.000223404 1.8266e-07 3.12109e-05 3.16319e-07 0.0727665 1.24425e-07 1.18269e-07 5.20478e-08 0.000924897 6.77048e-07 3.10006e-06 0.771886 5.81859e-05 2.28785e-08 1.51301e-05 0.0086004 3.80833e-06 
0.0101626 1.55491e-05 0.15705 0.0287514 0.0547324 0.0376862 0.00606996 1.18848e-05 0.091364 1.32863e-05 0.00630324 4.8589e-05 3.76685e-05 3.69832e-05 0.0376249 3.61313e-06 0.000518231 0.530346 0.00898529 0.0148806 0.00856956 0.00670504 8.32323e-05 
7.99895e-07 2.24317e-07 0.155233 0.00133302 0.000347217 0.0140457 1.53697e-07 1.15705e-07 0.284825 5.04616e-08 0.0503565 1.51272e-06 1.56484e-07 5.55017e-05 0.0686085 2.80987e-07 3.66687e-06 0.292359 1.59607e-05 0.0623127 3.28846e-07 0.0705006 1.00231e-09 
0.00676246 1.52595e-05 0.0368456 0.0683233 0.046045 0.276788 0.00713411 9.22444e-05 0.017387 0.00129677 0.0205054 0.00492257 2.26352e-05 0.00083125 0.0474663 9.46865e-08 4.8092e-05 0.420405 0.000356815 0.0204601 0.00463733 0.0195501 0.000104453 
6.9575e-05 3.03232e-06 0.152513 0.161764 0.0237247 0.00268736 0.0206874 1.64312e-05 0.0558168 9.09559e-06 0.00364139 0.000814401 2.47026e-08 0.000563344 0.129246 1.79933e-10 8.98475e-08 0.37378 0.0209039 1.6751e-07 0.0370529 0.016617 8.93486e-05 
0.0108542 7.89427e-09 0.0124062 0.0215022 0.218714 0.138196 0.00198987 1.24737e-07 0.104759 1.01925e-05 0.0212509 3.20353e-05 0.000165384 0.000623598 0.0983811 1.10764e-10 9.57679e-08 0.31627 0.0134819 0.0028029 0.010416 0.0281436 6.02652e-08 
0.00130731 0.000610516 0.0240794 0.00884996 0.0268874 0.0360222 0.000923148 0.00039146 0.0948814 0.000975339 0.0299999 0.000427996 0.00019892 0.00807324 0.0426265 0.00183567 1.749e-05 0.549507 0.00167106 0.0705085 0.0377919 0.0601792 0.00223511 
5.33365e-06 2.56299e-06 0.0315151 0.0242601 0.00218586 0.00957754 0.000971174 8.4097e-06 0.0665019 1.90599e-05 0.000719181 5.79617e-05 3.47047e-07 7.54534e-05 0.274037 0.00214821 1.61119e-05 0.512645 0.00185388 0.000685074 0.0100357 0.0626783 8.53323e-09 
2.17156e-08 3.47014e-07 0.0175694 0.00457028 0.243363 0.0366955 8.47683e-06 5.17936e-08 0.112257 8.8659e-05 0.0128726 3.52809e-08 1.76606e-05 1.07683e-06 0.00154956 2.92414e-08 8.47813e-06 0.54842 1.43152e-05 0.000183057 0.00762468 0.0145145 0.000241094 
4.27707e-05 2.30519e-05 0.229438 0.101438 0.0118184 0.0176741 0.00250206 0.000154579 0.00177682 2.43643e-05 0.0377718 0.000263706 0.0095059 0.00207195 0.0899087 7.45738e-06 1.56563e-05 0.422606 0.0223264 0.000424133 0.0307459 0.0194276 3.27662e-05 
0.000315118 0.00118625 0.0334232 0.0134902 0.0356245 0.0165064 0.0123835 0.000151463 0.0668619 0.0158851 0.0019358 0.00062663 3.08375e-05 0.000933953 0.0300477 5.90643e-05 0.000106493 0.607334 0.00310243 0.0153106 0.0157579 0.125148 0.00377963 
0.0066846 0.000142231 0.0204806 0.0206161 0.239414 0.208549 9.25375e-05 0.000178516 0.0534412 2.8477e-08 0.13493 4.79929e-06 3.03991e-08 0.00306727 0.00116489 2.65067e-08 3.70459e-08 0.253395 2.07276e-05 0.00354163 0.0177788 0.0091919 0.0273052 
0.00963592 8.0155e-05 0.0159699 0.165703 0.00499594 0.0750372 0.00103788 2.57955e-05 0.0136124 0.0071634 0.203318 6.32069e-05 1.74703e-09 0.00640252 0.10842 3.77409e-06 1.25581e-05 0.293061 0.020814 0.0338012 0.0327623 0.0080458 3.47204e-05 
0.00167746 0.00196723 0.0622665 0.0293905 0.0457289 0.0131916 0.00641902 0.000127437 0.0194778 0.018245 0.0218451 0.00155465 0.00139625 0.000755923 0.0577419 1.86181e-05 0.000259467 0.409386 0.017592 0.0262253 0.0366356 0.227446 0.000651469 
3.43551e-06 2.5694e-06 0.174362 0.184116 0.00149815 0.0840276 0.000198777 2.68972e-05 0.0093028 3.45519e-07 0.0159963 6.47227e-06 3.06229e-05 0.00302649 0.219605 1.3925e-06 1.21321e-06 0.238551 0.0169146 0.00507238 0.0188299 0.0284248 1.20034e-07 
9.44059e-09 2.86733e-09 0.000491985 0.0053074 0.00125986 1.13186e-05 1.05115e-05 2.25166e-08 1.10362e-05 1.36572e-08 0.00237818 1.53379e-08 7.4525e-06 6.41594e-09 8.3333e-10 1.27123e-08 3.22908e-06 0.952682 1.11305e-06 2.82024e-09 1.0413e-05 1.2755e-09 0.0378252 
0.000352346 0.000218861 0.00343648 0.0093198 0.16112 0.128074 0.000653281 4.02098e-07 0.105962 4.78048e-05 0.0888568 0.00526202 9.82352e-05 2.08488e-05 0.0963514 8.43098e-09 3.0902e-07 0.333227 0.00473874 0.00017956 0.00858381 0.0534959 1.29576e-06 
0.00104795 5.97984e-06 0.101683 0.0348601 0.0731252 0.00319584 0.00551255 7.26523e-05 0.0738702 6.84904e-06 0.00114925 0.00083074 3.1219e-05 2.18777e-06 0.0980188 5.87974e-05 5.9568e-06 0.44144 0.00254009 0.0976308 0.0645525 0.000358636 4.49035e-09 
0.00331155 6.78989e-08 0.00780594 0.0071627 0.00388585 0.0319336 0.000492828 8.95223e-06 0.104701 1.39801e-08 0.000161446 3.11736e-06 0.000123182 5.82424e-06 0.0214833 1.32031e-10 1.84527e-10 0.809295 0.000343596 0.00149258 0.00347908 0.00428372 2.66063e-05 
1.2021e-11 6.14136e-07 0.0731258 0.0420783 2.52758e-05 0.000611908 0.00038808 2.26211e-08 0.000135973 1.73901e-11 5.50863e-08 1.95302e-11 1.85639e-11 8.1696e-12 0.062784 1.61869e-11 4.99458e-07 0.80494 0.00387975 3.59109e-12 0.0113141 0.000715222 1.49603e-11 
8.94289e-06 0.00294577 0.0845929 0.202481 0.0485343 0.055933 0.0001341 3.27888e-05 0.0278889 2.757e-06 0.0194314 4.51001e-05 0.00013222 7.1693e-06 0.0199147 2.24798e-06 1.58366e-06 0.41401 0.00230625 0.0640934 0.0531417 0.00435651 3.56422e-06 
3.90744e-07 4.02889e-05 0.000345812 0.000158412 0.0271129 0.00205043 0.000175109 9.31956e-07 0.186702 0.00035043 0.00400269 0.000405834 6.03423e-07 0.000180035 0.00253109 0.000555163 0.00011452 0.748075 6.53711e-05 0.00313351 0.000924964 0.015468 0.00760664 
0.000107171 0.00135781 0.00533493 0.0473643 0.0180977 0.0152575 0.0007444 9.24416e-06 0.00999825 1.34141e-06 0.0594832 4.62752e-05 4.64812e-09 0.0186913 0.0284309 2.72868e-05 4.24152e-05 0.775366 0.000117578 9.92356e-06 0.0175872 0.00192517 3.74583e-09 
1.0838e-05 0.0942576 0.0455265 0.0862428 0.0041045 0.0166081 0.033849 3.02299e-05 0.0265841 1.97211e-05 0.0231734 0.000715923 0.000984653 0.00428269 0.275245 4.37521e-05 0.00139223 0.299799 0.0140142 0.0114977 0.00903359 0.0523676 0.000216807 
1.67524e-05 2.28556e-05 0.0769342 0.116794 0.00228921 0.0195909 0.00187822 4.44962e-07 0.0200214 7.47699e-06 0.00289864 8.01713e-06 0.0001624 0.00147426 0.00906698 2.80939e-06 0.000498233 0.689394 0.00033879 0.0191153 0.00814986 0.0312542 8.07331e-05 
7.36554e-10 4.88994e-07 0.063318 0.00330862 9.49998e-07 2.57398e-05 0.0001431 1.75674e-09 0.0116323 7.16456e-07 0.000407458 9.46747e-07 3.73327e-07 5.48902e-07 0.0159818 3.39949e-07 2.2313e-07 0.862931 9.64608e-08 0.00172644 0.000359144 0.0401615 9.16653e-10 
2.4213e-08 4.52868e-07 0.000739489 5.93293e-05 0.0292422 0.0121915 8.45038e-09 1.27029e-06 0.121037 9.73219e-08 5.55312e-09 3.93383e-08 2.40135e-06 1.64555e-08 1.56056e-06 2.06556e-07 4.55677e-08 0.83465 4.26966e-09 5.86346e-05 4.58609e-06 0.00200911 1.15552e-06 
0.000595807 0.113659 0.00590224 0.0919206 0.0189091 0.0431445 0.000905456 2.23664e-08 0.0466657 2.21138e-06 0.0081399 4.08337e-07 0.00017538 0.000853606 0.0050035 0.000261812 0.000895006 0.499631 0.000392278 0.00127004 0.0276252 0.132781 0.00126573 
5.12925e-06 1.55787e-06 0.00532794 0.00196689 1.43549e-06 0.0180036 1.79012e-06 0.00104657 1.05553e-06 0.000604909 0.0295161 8.33337e-06 7.92106e-06 3.4859e-06 0.0304 6.90683e-06 9.65301e-06 0.909442 9.0448e-07 1.53229e-06 0.000250319 0.00310327 0.000289086 
1.23139e-07 1.8659e-05 0.0777003 0.0174614 0.128273 0.0148498 1.13026e-05 1.42494e-05 3.85924e-06 0.00512535 0.0527707 1.92504e-06 0.00171975 8.36867e-08 0.0214066 1.65814e-07 1.56517e-05 0.493335 0.000681167 0.000385486 0.00520683 0.104268 0.0767499 
0.000202321 7.81227e-07 0.0598377 0.188 0.00557407 0.109497 0.00239276 0.000185776 0.0711689 2.52549e-08 0.00451966 3.43072e-05 0.000614084 0.0020428 0.104369 2.5925e-06 4.18581e-07 0.28198 0.0531959 0.0540636 0.0135938 0.0486307 9.39603e-05 
0.000104992 2.98917e-05 0.0249627 0.0718361 0.0124309 0.101599 0.000396723 0.000191573 0.0290261 2.96542e-05 0.0273727 0.000158909 1.76737e-06 0.00102438 0.183459 0.00176669 0.000100113 0.319164 0.00363594 0.00240868 0.129226 0.0908745 0.000200361 
0.00234636 0.000111251 0.0697816 0.038192 0.173472 0.0535229 0.00178058 6.98003e-06 0.180575 0.000199691 0.0202195 0.00336213 0.000110539 0.000215061 0.0283527 4.03652e-05 1.04156e-06 0.190073 0.0562772 0.00617025 0.0493789 0.124963 0.000847685 
1.61699e-06 4.74282e-05 0.00374653 0.0122947 0.324796 0.0120817 0.000838633 4.27955e-05 0.0890578 0.000229075 0.0426395 0.00945084 0.000421009 0.000385223 0.0481419 0.000403274 3.16488e-06 0.435113 4.4907e-05 0.000172724 0.00232648 0.0177619 8.55986e-09 
0.00122279 0.000109266 0.0645042 0.0206926 0.0300669 0.0249919 0.00602317 0.00135411 0.145903 0.00417086 0.0051858 0.00151317 3.11237e-05 0.000647402 0.0268464 7.97896e-05 0.000424259 0.466489 0.011123 0.0256013 0.0100865 0.148898 0.0040349 
1.03388e-06 2.04302e-05 0.13136 0.0146419 0.0642708 0.00910758 0.0234387 0.000141607 0.0622239 0.0676784 0.111434 0.068499 0.0348061 0.000373609 0.0293261 0.0232728 0.000779489 0.176091 0.000166355 0.00562799 0.026517 0.149218 0.00100408 
0.000538868 5.05262e-05 0.0158921 0.29713 0.0726329 0.00145946 0.00377976 0.000214848 0.00091504 6.48231e-05 0.0444235 3.37257e-06 3.62325e-07 0.000321948 0.0150984 3.07333e-09 7.66978e-07 0.49542 0.00265772 9.7215e-07 0.028493 0.0208672 3.43718e-05 
0.000143424 1.30145e-05 0.0166452 0.0172354 0.15873 0.0431036 0.000268014 4.33845e-06 0.142767 0.000161076 0.0165833 0.00154475 3.57456e-05 0.000228821 0.0193575 1.75391e-07 5.9263e-06 0.406549 0.00858306 0.0424803 0.100121 0.0180263 0.00741318 
3.38123e-11 1.02696e-11 0.014086 0.00765742 0.000693415 5.15337e-12 1.18005e-11 3.23386e-08 6.95809e-12 4.89144e-11 7.75466e-12 5.4934e-11 5.22161e-11 2.29792e-11 3.52218e-08 4.55302e-11 6.36331e-11 0.970668 2.56442e-08 1.01009e-11 0.00689476 3.28963e-08 2.3569e-07 
0.0101626 1.55491e-05 0.15705 0.0287514 0.0547324 0.0376862 0.00606996 1.18848e-05 0.091364 1.32863e-05 0.00630324 4.8589e-05 3.76685e-05 3.69832e-05 0.0376249 3.61313e-06 0.000518231 0.530346 0.00898529 0.0148806 0.00856956 0.00670504 8.32323e-05 
0.000570826 1.2216e-06 0.184135 0.136038 0.00376571 0.0190862 0.0124154 3.06982e-05 0.00158722 0.000143719 0.00640602 0.000342597 5.57946e-07 5.71634e-07 0.102246 1.75239e-06 0.000329089 0.496975 0.00257628 0.000203172 0.031447 0.0016823 1.58358e-05 
0.000499669 7.73376e-06 0.160573 0.011726 0.00173783 0.00130305 0.000149486 7.81591e-10 7.47387e-08 0.000111463 0.00506086 8.88992e-05 5.06064e-10 2.22709e-10 0.00871888 4.41266e-10 0.00019732 0.763608 0.00037314 0.000267902 0.0440278 0.00154791 4.07828e-10 
0.000475913 0.000102038 0.354717 0.0779792 0.00604059 0.00828721 0.00627617 0.00213597 0.00204488 4.9644e-07 0.00812453 8.85787e-05 9.68619e-06 9.9731e-05 0.0163297 1.8345e-08 4.26854e-08 0.35777 0.0646719 0.00210333 0.0923666 0.000376513 7.15546e-08 
0.00625219 0.00270619 0.0971068 0.0412022 0.0497644 0.0709949 0.015378 8.85331e-05 0.130702 0.00590438 0.0634078 0.00159055 0.00519953 0.00837622 0.0615649 2.51492e-05 0.000913394 0.281468 0.00972905 0.0216381 0.0421859 0.0820567 0.00174546 
1.90853e-07 1.25193e-05 0.222143 0.0178003 0.00342394 0.0596586 2.77851e-06 1.50853e-07 0.00207293 3.18713e-07 0.00012404 0.000987186 3.61857e-06 6.14313e-06 0.0386959 1.79962e-06 1.18073e-06 0.312404 6.89658e-05 0.00790139 0.0991143 0.235576 3.48972e-09 
0.00364703 7.56603e-08 0.00713774 0.0114322 0.02528 0.0959666 7.34245e-05 5.94145e-07 0.000308929 0.000230073 0.0203608 4.04721e-07 3.84697e-07 1.69297e-07 0.00550837 3.35439e-07 4.68811e-07 0.818677 4.39273e-08 7.44177e-08 0.00122686 0.010148 3.1002e-07 
2.47356e-06 2.47551e-06 2.47603e-06 0.00743069 0.0118853 2.47593e-06 0.0111417 2.46968e-06 2.47578e-06 2.47231e-06 0.265152 0.00371019 2.47204e-06 0.0195508 2.47612e-06 0.00074425 2.4711e-06 0.628609 2.47587e-06 0.0259955 0.0257488 2.47598e-06 2.47288e-06 
0.000123224 0.000162162 0.0695133 0.0309802 0.0476324 0.0799146 0.00726318 0.000126574 0.00733852 0.00190013 0.0287357 0.000612116 3.62054e-08 5.66304e-05 0.0795229 1.54952e-08 9.94281e-08 0.261594 0.000294075 0.0806643 0.165888 0.137676 1.15108e-06 
5.43887e-07 1.65191e-07 0.114017 0.00588998 0.0463226 0.0593136 0.00532091 0.200332 0.00192235 0.000382956 0.0184077 8.83641e-07 8.39921e-07 3.69633e-07 0.000187198 7.32375e-07 0.000410246 0.484376 9.59078e-08 0.0119961 0.0196111 0.0315063 6.76877e-07 
2.05195e-06 8.73443e-10 0.150392 0.0364419 0.00467054 0.00590943 0.00244646 1.7481e-05 0.167269 4.16024e-09 2.61682e-05 1.71189e-06 1.44033e-06 4.2494e-06 0.137314 3.8724e-09 3.13606e-05 0.275153 0.00909219 0.00266027 0.208053 0.000510319 3.61622e-06 
2.50125e-11 5.16293e-10 0.0279767 0.135453 0.00145059 4.80702e-05 0.00295803 1.12686e-07 0.00812426 3.61843e-11 5.73648e-12 4.06372e-11 6.48131e-08 2.36638e-08 0.0109313 3.36807e-11 3.3681e-07 0.767449 0.000124509 7.47212e-12 0.0453816 0.000102544 3.11285e-11 
0.000158985 3.24292e-08 0.000586996 0.000355951 0.0613436 0.0244253 6.34986e-07 3.93292e-09 0.0401725 1.86477e-07 0.000535628 2.67903e-09 6.53788e-07 1.12066e-09 1.25173e-07 2.22042e-09 3.10327e-09 0.86858 1.08307e-05 0.00173721 0.000210655 0.00106029 0.00082025 
1.59222e-05 1.46665e-07 0.0706555 0.0377447 0.267121 0.1389 9.68584e-05 0.000172562 0.00960976 3.4564e-05 0.00352835 0.00504146 0.000861261 0.000550701 0.0226912 6.2238e-07 3.55519e-07 0.416407 0.000178085 0.00147568 0.00142419 0.0234901 7.67472e-09 
0.00190529 0.000148257 0.00263707 0.000324906 0.048594 0.0111135 0.000612082 8.0286e-08 0.00924492 0.000998331 0.00051108 0.00345096 0.0284195 0.00092196 0.00754605 4.53274e-08 6.33498e-08 0.798821 0.000360904 0.00678979 0.000965791 0.0766346 4.18926e-08 
0.000115394 2.8249e-06 0.347971 0.0506084 0.00472929 0.087386 0.00298447 1.12764e-05 0.00372049 9.09675e-05 6.07089e-05 1.6929e-08 1.12009e-06 0.0404018 0.0117645 5.1734e-06 1.01114e-06 0.413635 0.00096632 0.0274453 0.0016075 0.0053415 0.0011502 
0.00842746 0.00213621 0.273408 0.007784 0.0212838 0.0193227 0.00127888 2.97834e-06 0.00692582 1.92053e-05 0.0828234 0.000626217 0.00203875 0.00455253 0.193321 0.000180275 1.28466e-05 0.297737 0.000755456 0.0156752 0.0446744 0.0170131 2.42842e-08 
0.000137321 0.000754327 0.0370321 0.00550938 0.0163041 0.0124044 0.00100523 0.000418141 0.0767851 0.000406109 0.00316308 9.28326e-05 2.20791e-05 0.000301141 0.0326343 0.000180613 0.000161163 0.60172 0.00520641 0.00768871 0.0106443 0.184368 0.00306055 
0.0163534 0.00847529 0.114032 0.184726 0.0128214 0.0334795 0.00493501 1.7835e-05 0.0395147 4.80027e-05 0.00406888 4.0493e-06 5.20187e-05 0.000502375 0.0810664 4.39062e-06 0.000106732 0.375514 0.00786765 0.0155758 0.0273583 0.00943307 0.0640425 
0.00156333 5.58253e-06 0.0166802 0.106866 0.104795 0.0131084 0.00408369 4.45692e-05 0.122991 0.000901284 0.000800782 0.000205427 0.0224541 6.5303e-06 0.0660165 3.24862e-06 0.00125651 0.23619 0.0255451 0.00351699 0.223348 0.0495516 6.5872e-05 
1.00494e-05 7.2291e-05 0.0106056 0.0293364 0.0269483 0.017702 0.00889126 8.64691e-07 0.0231194 5.65591e-05 0.00135437 0.000739188 7.92824e-05 0.000250199 0.0359565 1.46366e-05 0.000384293 0.609084 0.00542949 0.0229763 0.0523214 0.154212 0.000454837 
0.0163947 2.91555e-05 0.0466291 0.0549657 0.209482 0.0437285 0.00541768 8.51771e-05 0.0465196 0.00113837 0.0234605 0.000540311 0.00152445 0.00116388 0.0260901 0.000319483 0.000326044 0.418882 0.000585291 0.00543024 0.037366 0.0504188 0.00950308 
0.000113408 1.63759e-05 0.0275865 0.00283113 0.0586715 0.00678637 0.000366761 0.000108688 0.146047 0.000136956 0.0212875 0.000336475 0.00010414 0.000799148 0.0293561 5.97928e-06 1.63317e-05 0.538271 0.00973347 0.00350148 0.0458651 0.107537 0.000521844 
3.09333e-05 2.21738e-05 0.0161234 0.0234794 0.0530026 0.00548385 0.000595376 4.65914e-06 0.149679 0.0033097 0.00658476 0.00134118 4.84853e-05 0.00249923 0.0294867 6.0916e-07 6.59945e-06 0.641537 0.0107611 0.0346168 0.00369027 0.0157424 0.00195389 
8.5971e-06 2.48649e-09 0.0219511 0.0837421 0.00660986 0.00208206 0.00415847 7.0478e-06 0.00411525 1.19007e-05 0.000194979 0.000264165 4.64547e-05 1.10309e-05 0.0176338 3.89673e-11 3.60254e-05 0.795636 0.000187188 7.32614e-05 0.0599464 0.00327945 4.64382e-06 
0.000566498 8.977e-06 0.042873 0.0229369 0.112388 0.0384877 0.00205573 7.74469e-06 0.0864817 1.40508e-05 0.0081201 0.00143914 0.000867679 0.000324672 0.0283529 8.37666e-07 3.34885e-05 0.54238 0.000153132 0.000696386 0.00942483 0.0912437 0.0111429 
0.00333079 0.000596083 0.0549132 0.0310183 0.00315311 0.0187316 0.0158347 6.33345e-05 0.0274296 2.92398e-05 0.0763134 0.00133613 0.00414011 0.00103881 0.115423 0.088729 4.76562e-06 0.498986 0.000261419 0.0123686 0.0203875 0.0259084 2.76175e-06 
0.000254309 1.94365e-06 0.178198 0.19881 0.0115766 0.000326225 0.0186771 3.47379e-06 0.000932837 4.61819e-07 0.00822082 0.00016203 3.50093e-06 2.50606e-05 0.0862785 3.09348e-10 0.00012608 0.410668 0.0148126 3.26087e-07 0.069625 0.000627124 0.000670215 
2.50125e-11 5.16293e-10 0.0279767 0.135453 0.00145059 4.80702e-05 0.00295803 1.12686e-07 0.00812426 3.61843e-11 5.73648e-12 4.06372e-11 6.48131e-08 2.36638e-08 0.0109313 3.36807e-11 3.3681e-07 0.767449 0.000124509 7.47212e-12 0.0453816 0.000102544 3.11285e-11 
9.05542e-08 2.34019e-07 0.201418 0.0230142 0.0686345 0.0652215 0.00408477 7.61108e-06 0.0278033 1.27911e-05 0.00155619 0.000326753 0.0014279 5.47609e-05 0.241867 5.46055e-09 6.40486e-07 0.2793 0.00240434 0.000598546 0.0153899 0.0668777 5.04288e-09 
0.000109278 0.000248361 0.214927 0.0739687 0.0510246 0.0787439 0.00609878 2.89607e-05 0.0174301 0.00176883 0.0675846 0.000174238 6.78914e-05 0.000243487 0.045204 5.4259e-05 6.30199e-05 0.240518 0.00274571 0.0193712 0.0376642 0.141902 5.96643e-05 
1.56101e-10 0.003511 0.144623 0.00153984 0.00588239 0.0355794 4.85824e-08 1.29822e-07 0.0159728 2.25823e-10 0.000719868 1.93242e-08 5.95571e-07 0.00221817 0.278271 2.68309e-08 7.37453e-05 0.309271 0.000635112 0.00123487 0.00272075 0.197746 1.9427e-10 
7.33957e-11 2.07202e-07 0.297198 0.0784948 0.0942961 0.0714892 8.53288e-05 3.16432e-05 0.0182549 1.06178e-10 0.00351477 1.19244e-10 0.00111718 1.76572e-05 0.0365786 0.00243058 1.32556e-08 0.327492 0.000713972 0.000533677 0.0214404 0.0463082 2.86809e-06 
6.62069e-06 0.000710958 0.000762887 0.00122918 0.0238268 1.00907e-06 2.31063e-06 1.57909e-05 1.36244e-06 9.57781e-06 0.00221777 1.07565e-05 1.02243e-05 4.4995e-06 5.84415e-07 8.91514e-06 1.24598e-05 0.971154 1.16748e-06 1.97784e-06 1.7736e-06 8.94508e-07 8.23956e-06 
0.000248774 2.39001e-06 0.00716143 5.1621e-05 0.000108647 0.000123739 0.0630181 6.73898e-06 2.35373e-05 4.08746e-06 0.000479676 2.72449e-05 0.153106 1.92023e-06 4.61051e-05 7.79963e-06 5.3174e-06 0.749415 3.21866e-06 2.83191e-05 0.026039 8.70831e-05 3.51634e-06 
0.000139015 2.54892e-06 0.0285671 0.0203549 0.0555621 0.00844663 9.1334e-05 3.16841e-06 0.0013719 2.32681e-07 0.167064 0.000193733 1.54651e-07 2.26096e-05 0.000186224 3.80049e-07 1.44253e-06 0.710316 2.37939e-05 2.99164e-08 0.00189254 0.00571685 4.25607e-05 
9.43361e-05 4.26709e-05 0.0630262 0.122038 0.0116717 0.00580757 0.00172041 4.27276e-05 0.0954645 0.126447 0.00344061 0.000229819 7.23885e-05 0.000380247 0.017475 8.77772e-05 6.11021e-05 0.473593 0.000194173 0.00487592 0.0284425 0.0447749 1.71902e-05 
0.000809962 0.000124094 0.0198428 0.205259 0.0778566 0.0425028 0.00780734 2.00199e-07 0.00157386 1.46854e-07 0.116531 0.0095386 6.41119e-05 0.000307707 0.0154079 3.87509e-07 2.10584e-07 0.419357 0.00252426 0.00818403 0.0167138 0.0555712 2.2698e-05 
2.19248e-06 6.21314e-10 0.296164 0.0911657 0.0560851 0.052272 0.00351574 0.000350798 0.0104458 0.000265271 0.0123399 8.89242e-05 0.000416252 0.000328143 0.0827903 2.75459e-09 2.11113e-07 0.32389 0.00901119 0.000412521 0.0339281 0.00168829 0.0248395 
0.00111297 7.45636e-06 0.229922 0.0870052 0.00196796 0.0901689 0.00415027 0.000523494 0.00839961 2.96791e-12 0.0026526 1.8966e-07 0.00524732 0.000126836 0.0481338 7.48683e-08 3.86097e-12 0.497108 0.000200212 0.005339 0.00968371 0.00824914 1.34121e-06 
0.00130244 0.000103995 0.0879085 0.0223576 0.108511 0.0375796 0.00169411 0.00961955 0.029968 0.0017965 0.0293233 2.29426e-06 6.44695e-08 0.00455381 0.0993213 1.07239e-06 7.48687e-07 0.513593 0.000581102 0.00259601 0.0112281 0.00947841 0.02848 
0.00030288 0.000414333 0.0551808 0.155514 0.0394122 0.00474793 0.0355463 0.0002309 0.0257377 0.000216324 0.0111112 0.0141638 0.000738195 0.000729936 0.0318236 0.00158245 0.000117272 0.477427 0.00617408 0.00793872 0.0911335 0.00873177 0.0310256 
0.000139015 2.54892e-06 0.0285671 0.0203549 0.0555621 0.00844663 9.1334e-05 3.16841e-06 0.0013719 2.32681e-07 0.167064 0.000193733 1.54651e-07 2.26096e-05 0.000186224 3.80049e-07 1.44253e-06 0.710316 2.37939e-05 2.99164e-08 0.00189254 0.00571685 4.25607e-05 
1.88696e-06 0.141792 0.00526512 0.0176291 0.0615615 0.00399488 0.00124197 5.31533e-05 0.0159002 3.95074e-05 0.00173383 3.77421e-06 8.53939e-05 0.000185431 0.00182416 4.44583e-05 8.04379e-08 0.744475 0.000168795 0.00164318 0.00132512 0.000335954 0.000694997 
0.00350618 3.74932e-06 0.0140572 0.00297141 0.0209924 0.00781592 0.00247319 0.000308098 0.00843434 0.000168891 0.0186752 7.07086e-05 0.00650805 0.00139651 0.0184935 8.63197e-09 5.97761e-07 0.761049 0.00333478 0.00334005 0.0169187 0.10948 1.56245e-06 
3.62854e-08 4.78145e-06 1.75784e-06 5.97996e-06 0.000144051 0.000119726 2.18946e-06 8.65437e-08 6.25821e-05 5.24922e-08 0.000156544 5.89521e-08 5.60353e-08 2.466e-08 3.20295e-09 5.08735e-07 6.82875e-08 0.999421 1.91319e-05 1.28883e-06 5.94522e-05 3.2061e-07 4.51578e-08 
0.00362377 6.90085e-05 0.0302889 0.147126 0.043431 0.0121173 0.00565485 0.000141071 0.0067284 8.9796e-05 0.0406266 6.09974e-05 9.50396e-07 0.00015962 0.0119321 6.21824e-05 3.49401e-05 0.654203 0.00181346 3.70889e-05 0.0365163 0.00514407 0.000137814 
8.00649e-07 3.60745e-05 3.2811e-05 0.013484 0.0290667 0.00598324 1.18372e-05 3.40394e-05 0.0180745 0.000136762 0.0163956 0.00427462 4.63105e-05 0.0160243 0.00372179 7.12466e-06 7.75628e-05 0.738372 0.000321078 0.000203467 0.0954161 0.054427 0.00385206 
2.73327e-05 8.25176e-08 0.117092 0.086101 0.238427 0.0563517 5.36014e-05 5.48078e-05 0.0182788 1.29809e-05 0.0132274 0.00154332 0.000281047 0.000382165 0.0250849 3.68058e-07 8.05284e-06 0.416625 0.000125544 0.0027122 0.00479267 0.0188179 2.44449e-08 
0.000453761 6.83706e-07 0.0724776 0.125797 0.157075 0.0616876 0.00361551 0.0055555 0.0453684 0.00082863 0.0154465 0.000943289 5.96455e-08 0.00726932 0.133874 0.000131664 0.00112932 0.267538 0.00112914 0.00327882 0.0726062 0.0237871 6.28044e-06 
0.00142665 8.01102e-06 0.0433266 0.0317068 0.127257 0.0458158 0.00733535 0.000231479 0.0813617 0.00521729 0.00724813 0.000459651 0.000391056 0.000641718 0.0253352 8.93205e-07 1.65312e-05 0.554595 0.000144351 0.00167709 0.00156337 0.0637324 0.000507338 
1.87693e-08 1.11249e-05 0.0294952 0.0586332 0.241898 0.0250874 0.000964431 8.74873e-05 0.0932862 2.71526e-08 0.00441962 1.22991e-06 0.00016424 2.56689e-05 0.00377384 4.27374e-05 3.5323e-08 0.516912 0.00021833 0.00135339 0.019264 0.00436178 2.33587e-08 
1.45626e-05 1.42428e-05 0.0169504 0.0338897 0.0260145 0.0179898 0.00359327 5.16561e-05 0.0528499 0.000530813 0.00362101 5.88253e-05 6.61131e-05 1.30933e-05 0.00859561 9.59827e-06 3.42994e-06 0.758817 0.00814218 0.00103574 0.0404163 0.0117704 0.0155516 
0.000588631 0.00080814 0.166434 0.15632 0.0466011 0.0622057 0.00269817 0.00019006 0.0202399 0.000376981 0.0326547 0.000481837 0.000365731 0.000912534 0.115407 1.45585e-06 0.000915732 0.241745 0.0196137 0.00784242 0.0927489 0.0306989 0.000148894 
8.77639e-05 6.32698e-08 0.0258067 0.0403071 0.000491245 0.00440942 9.29838e-05 0.000446583 0.0771928 6.90794e-06 0.0123007 4.26679e-07 0.000807351 7.77141e-05 0.196876 0.000257804 7.69812e-05 0.584869 0.00192919 0.0503263 0.00170017 0.00193576 2.54873e-10 
0.00114443 5.79354e-06 0.0888723 0.0151924 0.0200364 0.0262531 0.000730876 7.14378e-06 0.0760837 4.36417e-08 0.0342986 2.03329e-05 5.81634e-05 7.04725e-05 0.144501 2.57584e-05 5.53879e-07 0.500737 0.0363743 0.0406853 0.00325922 0.0116401 2.86041e-06 
2.52834e-05 2.96113e-05 0.0669679 0.0574429 0.0803038 0.209707 0.00112443 0.000254253 0.0484185 0.000295362 0.015968 7.22828e-05 0.00622156 0.00140645 0.0518748 4.69668e-06 9.29118e-06 0.383872 0.00679338 0.0270292 0.00709902 0.0350757 4.31427e-06 
0.00471081 5.78788e-11 5.042e-06 0.00373765 0.0875849 1.79783e-05 5.67979e-06 9.09474e-07 2.32159e-06 4.13547e-06 0.0149082 2.56357e-05 3.85545e-06 2.12408e-06 0.115933 2.59171e-08 3.58633e-10 0.749093 2.11034e-06 5.78967e-06 3.95994e-05 0.0239137 2.96474e-06 
1.25788e-07 2.19327e-06 0.00664586 0.00911183 0.373736 0.010138 0.00263695 3.00015e-07 0.015593 0.000277318 0.00670959 9.66752e-06 1.94254e-07 0.00506524 9.00616e-07 1.69381e-07 2.36728e-07 0.55105 2.21812e-08 3.34732e-05 0.0178993 0.00108267 7.4054e-06 
0.000506872 0.0513588 0.0361899 0.0266074 0.111668 0.0592799 0.00108267 4.46547e-05 0.0608274 6.81277e-05 0.00783458 0.00130935 0.00108707 0.0133868 0.0229483 0.000143293 5.58914e-07 0.448837 0.00806198 0.0395552 0.0447942 0.0643259 8.15439e-05 
0.00147149 0.00919811 0.0228956 0.0432481 0.0431726 0.0278004 0.0115897 0.000149202 0.0287342 0.00212515 0.0799942 0.00201884 0.0005028 0.00668556 0.0329453 0.0116048 0.00157496 0.606849 0.00263165 0.00711023 0.0192977 0.0156971 0.022703 
0.0629022 0.0282616 1.50047e-05 6.35669e-07 0.00026939 0.000536461 2.33663e-07 1.59685e-06 1.92322e-06 0.00193555 0.10329 9.37953e-06 0.000342089 4.55012e-07 5.90989e-08 0.319439 1.26e-06 0.482652 1.18061e-07 4.30837e-05 1.79356e-07 0.00029805 8.33225e-07 
4.58192e-05 2.21381e-05 0.220392 0.0980801 0.0116727 0.0169962 0.00240316 0.000148363 0.00170506 2.33969e-05 0.0364718 0.000253091 0.00912183 0.00199757 0.0865933 7.19302e-06 1.50811e-05 0.444039 0.0214278 0.000407002 0.0295038 0.0186427 3.1467e-05 
0.000294996 1.50381e-05 0.026458 0.018416 0.0272345 0.0149948 0.00442075 0.000318731 0.0641903 0.00225693 0.00174123 0.000567431 5.20468e-06 0.000164848 0.0180493 4.19115e-05 0.000163871 0.740207 0.00146008 0.00691105 0.0126357 0.0564963 0.00295592 
6.88842e-11 7.34105e-07 0.0147824 0.00128298 2.61488e-07 5.35948e-05 0.000299344 1.64295e-10 0.0197002 1.9704e-07 0.000852848 2.60413e-07 1.02567e-07 1.51017e-07 0.033456 9.34044e-08 6.11738e-08 0.843891 2.65312e-08 0.000620504 0.000752399 0.0843072 8.57276e-11 
0.000472743 5.48151e-05 0.206041 0.00199249 0.00660365 0.0416144 3.37244e-05 6.66455e-05 0.0257426 9.99203e-09 0.0224643 3.02491e-07 0.00222683 0.00770622 0.240268 0.000111913 2.10736e-05 0.411065 5.07521e-05 0.00568182 0.000134964 0.0276462 1.71831e-07 
3.97594e-07 1.38735e-06 0.266064 0.174221 0.100863 0.0100941 0.0130526 2.71825e-10 0.0210553 1.27945e-07 0.00977861 1.21998e-06 0.000289909 4.81008e-08 0.0876482 1.53466e-10 4.98905e-07 0.276145 3.71491e-08 4.47486e-07 0.0407837 1.00215e-06 2.99191e-08 
0.000824515 0.000229224 0.051543 0.0553305 0.0521578 0.0728258 0.00305256 4.58738e-06 0.101802 0.00132566 0.0292455 5.0888e-05 9.04031e-05 0.00632178 0.0625425 1.16944e-06 0.000489217 0.404602 0.0147188 0.00235725 0.0276121 0.10195 0.0109232 
0.000253689 0.00286261 0.00924386 0.0131741 0.0497623 0.130267 0.000266178 2.66368e-05 0.0778825 2.43174e-05 0.0100639 0.000415384 0.00391362 0.00412997 0.0418106 1.08184e-05 4.08832e-06 0.440911 0.00529558 0.0114935 0.00300849 0.193397 0.0017821 
0.000371152 3.12232e-13 0.00612261 0.0425099 0.071209 0.0600339 0.00261669 9.81732e-06 0.000741434 0.000334659 0.00845762 0.0114509 0.000272482 0.000187931 0.0831251 1.38428e-12 1.93467e-12 0.443914 0.000714952 0.00317641 0.165707 0.0988447 0.000199935 
6.88812e-06 0.000129932 0.0412196 0.0086365 0.0246655 0.038876 0.00029091 5.17903e-06 0.199008 0.00153193 0.0252643 0.00166662 3.11725e-05 0.00543125 0.0981873 1.41634e-06 0.000126138 0.352808 0.000709219 0.0433863 0.0429934 0.114966 5.74991e-05 
2.29561e-05 0.00013388 0.0523122 0.0439075 0.0240671 0.100356 0.00179789 4.77925e-07 0.000253924 2.89881e-07 0.147525 0.00334651 0.000138592 0.017118 0.00203909 9.02374e-06 3.77108e-07 0.574585 8.51577e-05 0.0055473 0.0163423 0.000214085 0.0101982 
0.00214546 2.62208e-06 0.0823065 0.0428251 0.0160228 0.16419 0.000513415 4.55141e-05 0.0257104 2.8524e-06 0.0536825 0.000200487 4.25259e-05 0.000538328 0.0874828 5.95966e-05 0.000331414 0.333162 0.000175671 0.000743267 0.165909 0.0158542 0.00805288 
0.0101626 1.55491e-05 0.15705 0.0287514 0.0547324 0.0376862 0.00606996 1.18848e-05 0.091364 1.32863e-05 0.00630324 4.8589e-05 3.76685e-05 3.69832e-05 0.0376249 3.61313e-06 0.000518231 0.530346 0.00898529 0.0148806 0.00856956 0.00670504 8.32323e-05 
0.00169654 0.00335844 0.171106 0.0365258 0.00244937 0.00251501 0.000574276 0.000582963 0.0306356 3.90732e-09 0.0397042 0.000107817 0.000747505 0.000171697 0.281425 0.00029549 1.93317e-08 0.329858 0.00279488 0.0174525 0.0769831 0.00101542 1.43654e-10 
4.58192e-05 2.21381e-05 0.220392 0.0980801 0.0116727 0.0169962 0.00240316 0.000148363 0.00170506 2.33969e-05 0.0364718 0.000253091 0.00912183 0.00199757 0.0865933 7.19302e-06 1.50811e-05 0.444039 0.0214278 0.000407002 0.0295038 0.0186427 3.1467e-05 
1.52756e-08 4.63957e-09 1.11323e-06 1.88949e-06 1.29419e-05 1.87375e-05 5.33122e-09 3.64336e-08 1.09217e-05 2.20984e-08 1.13286e-05 2.48179e-08 2.359e-08 1.03815e-08 1.34839e-09 2.05695e-08 2.8748e-08 0.999935 2.69367e-09 4.56337e-09 4.09215e-09 2.06386e-09 7.86427e-06 
1.0838e-05 0.0942576 0.0455265 0.0862428 0.0041045 0.0166081 0.033849 3.02299e-05 0.0265841 1.97211e-05 0.0231734 0.000715923 0.000984653 0.00428269 0.275245 4.37521e-05 0.00139223 0.299799 0.0140142 0.0114977 0.00903359 0.0523676 0.000216807 
1.06941e-06 4.44428e-06 0.152818 0.0123422 0.000763259 0.00195442 6.86875e-05 8.90584e-10 1.00455e-07 6.06397e-07 0.00202467 5.73587e-07 5.76635e-10 2.53766e-10 0.0130781 5.02801e-10 2.83928e-05 0.800052 0.000559561 4.28121e-07 0.0144893 0.00181353 4.64699e-10 
1.4532e-06 1.18172e-06 0.0548349 0.114832 0.0126889 0.00676324 0.0597927 1.5224e-05 0.01801 1.90462e-06 0.00176508 1.92332e-08 0.0136423 2.704e-05 0.00552005 8.72208e-07 5.44212e-06 0.680802 0.00183904 0.00374894 0.014347 0.0113602 1.47328e-08 
2.69397e-05 0.00190259 1.96943e-06 0.229118 0.0150163 0.000969106 0.0452687 0.000565211 0.021216 0.19704 0.142329 2.46578e-05 1.81268e-06 1.47725e-05 0.00386437 0.00249082 0.000602094 0.314455 0.000997181 0.000523499 0.00774806 0.00271141 0.0131134 
0.0013565 8.72732e-06 0.00618337 0.0110651 0.00839421 0.0158553 0.00334319 7.87661e-05 0.0225288 0.000386593 0.0174388 2.21319e-05 8.5662e-05 8.09421e-05 0.0161781 8.64594e-05 8.72519e-06 0.864034 0.00681297 0.00577896 0.00430772 0.0159613 3.94419e-06 
2.14051e-06 6.09547e-06 0.00333596 0.000239162 0.017079 1.24642e-05 0.000286301 1.22201e-05 0.00855611 1.12504e-06 0.0260477 3.8763e-06 0.00166628 1.03652e-06 0.00540562 5.10117e-09 7.12941e-09 0.854625 0.00112896 7.61579e-06 0.000389919 0.0811865 7.38009e-06 
1.51507e-05 2.15693e-06 0.0452396 0.0196137 0.117927 0.240913 3.6613e-06 7.85699e-07 0.0108714 9.56177e-06 0.00117076 5.35204e-07 3.23196e-05 1.44657e-06 0.00671541 1.00034e-06 7.15339e-05 0.478453 0.000114272 0.00100466 0.0114946 0.0297417 0.0366021 
0.000755899 1.87005e-05 0.00465519 0.0288365 0.00389453 0.0689543 0.00202205 1.60197e-05 0.00405859 0.000201619 0.0240177 0.00023688 0.000145986 0.000172251 0.0379558 7.72681e-07 3.59498e-05 0.731577 0.000320792 0.00739414 0.0340927 0.0368324 0.0138047 
0.0112852 1.66399e-05 0.0124988 0.0005196 0.0599111 0.0433079 3.21074e-07 1.39789e-06 0.0488489 5.39317e-05 0.0103598 1.00381e-05 3.49416e-07 0.000221007 0.0130291 1.1826e-06 2.67387e-06 0.690088 1.39457e-05 4.08992e-06 0.0962075 0.0136045 1.44414e-05 
0.000273395 5.34515e-09 0.0492602 0.0252186 0.0108288 0.00919696 3.85457e-05 5.11675e-06 0.0263837 2.54592e-08 0.00141436 2.85922e-08 1.37436e-06 0.000253631 0.0152654 2.36977e-08 3.312e-08 0.857341 3.14571e-05 0.00293224 0.00152274 2.965e-05 2.93467e-06 
2.56579e-08 6.4669e-07 0.00436897 0.00512727 0.108186 0.0166112 0.000101517 0.000943279 0.194767 4.487e-05 0.00531674 0.00529197 0.000107524 6.61827e-06 0.0106471 4.23671e-06 7.13096e-05 0.607065 0.00206993 0.001731 0.0112398 0.0200084 0.00628886 
0.000235154 0.000134148 0.0813069 0.0308615 0.00823897 0.0198788 0.00422049 0.000100259 0.0602504 7.93915e-05 0.0554554 0.000264358 0.00215771 0.00116628 0.153056 0.000206304 0.000912693 0.516667 0.00438016 0.0377276 0.00286461 0.0193763 0.000459572 
0.0104892 8.22242e-05 0.088435 0.0135197 0.0120206 0.028311 0.00136106 4.19342e-05 0.0734659 0.000341743 0.039998 0.0011449 0.000928872 0.000959029 0.0751174 0.000159715 0.003774 0.256478 0.0115298 0.0838123 0.254872 0.0429687 0.000188301 
0.0063456 0.00151967 0.0423845 0.0358965 0.0825436 0.143712 1.3802e-06 1.37702e-06 0.0138056 1.37848e-06 0.158193 1.3782e-06 1.37833e-06 1.37969e-06 1.38061e-06 0.00193148 1.37781e-06 0.364154 0.00966463 1.38027e-06 0.0945535 0.0452827 1.3788e-06 
5.24414e-05 3.88097e-05 0.0411505 0.00171282 0.0297499 0.0378585 4.5582e-05 7.21753e-05 0.313723 3.67329e-05 0.001594 2.53531e-05 0.000255346 0.000401082 0.0555676 0.000264092 6.75774e-06 0.341475 3.7742e-05 0.00333861 0.00365369 0.168853 8.62889e-05 
