0.000397808 2.13015e-05 0.00852096 0.0186228 0.000122559 0.00717273 0.075638 1.59479e-05 0.00594549 3.35269e-06 0.000892199 0.000115114 2.85504e-06 0.00174839 0.0310142 1.14365e-08 8.92506e-10 0.000123304 0.843322 0.00194449 0.00241837 0.00195468 3.65952e-06 
0.00156296 7.0786e-06 0.0125953 0.0464904 0.000395865 0.0161161 0.0097413 6.25885e-06 0.0189621 3.90874e-09 0.000806402 1.26161e-12 6.50509e-10 0.000372467 0.11731 1.00958e-10 1.79389e-09 0.000647144 0.768909 0.000670272 0.00118461 0.00419949 2.32264e-05 
0.000799772 0.000156472 0.00898107 0.0308862 0.00366922 0.0205283 0.00530513 4.45667e-06 0.00338834 5.35358e-05 0.0029156 3.89767e-05 0.000176472 0.00647543 0.057095 1.06931e-06 0.000103598 0.00125292 0.763756 0.00423236 0.0107996 0.0792967 8.37389e-05 
0.000452704 7.53263e-05 0.0262914 0.106719 0.00508316 0.00555827 0.0132307 2.8989e-05 0.00320914 0.000138152 0.0513229 0.000810792 0.00136121 0.00780715 0.0293793 0.000875285 7.16421e-05 0.001042 0.699353 0.000836771 0.0227387 0.0234292 0.000185541 
6.61295e-05 2.08467e-05 0.0299494 0.0825854 0.000819339 0.0077664 0.339901 0.000815061 0.00724148 1.28088e-05 0.0108708 0.000463818 7.03381e-06 0.00646525 0.0135253 3.96603e-07 1.58566e-07 0.00111923 0.448697 0.00412618 0.043508 0.00203571 3.21514e-06 
0.00222465 1.63694e-07 0.0837311 0.00767914 0.00749755 0.124854 0.00446878 1.63308e-07 0.0317439 1.63482e-07 0.00183369 1.63449e-07 0.0037435 0.000392863 0.031257 0.000359866 1.63402e-07 0.011341 0.533966 0.0503528 0.0138001 0.0907528 1.6352e-07 
1.21727e-05 6.33851e-08 0.0096552 0.0024973 0.000146191 0.0100301 0.000545723 6.96794e-07 0.0328052 1.19402e-08 8.82476e-05 1.47158e-07 9.85544e-05 6.43075e-05 0.00258776 2.8288e-06 0.000942446 0.000865872 0.916423 0.00441098 0.00297335 0.0158481 1.86903e-06 
0.00104199 4.7197e-06 0.00839686 0.035322 0.000263913 0.0107441 0.00723864 5.37884e-06 0.0126414 3.073e-09 0.000537607 1.1616e-12 5.33219e-10 0.000248323 0.0782068 8.28417e-11 1.41046e-09 0.000431435 0.840689 0.000446852 0.000964081 0.00280109 1.5486e-05 
1.97107e-05 2.91368e-05 0.252601 0.0539506 0.00140389 0.0100896 0.0322868 6.22807e-05 0.00020337 4.22934e-06 0.0174705 8.06685e-05 1.21596e-06 2.20462e-05 0.221903 4.5476e-07 4.73423e-05 6.10576e-05 0.403917 9.7695e-05 0.0041774 0.00157069 1.47306e-10 
0.00335153 0.000117091 0.00826099 0.104078 0.00148939 0.00350723 0.0172699 3.53745e-06 0.000197898 0.000116036 0.00455863 1.27288e-06 2.37157e-05 0.0202985 0.0616599 9.33978e-08 6.94131e-05 0.000491256 0.756501 0.00336751 0.00983949 0.00479615 1.60505e-06 
1.15831e-05 0.000438656 0.117605 0.0874257 0.0195141 0.00850347 0.182592 4.43715e-05 0.0688739 0.000629657 0.00217515 0.0119712 0.0149397 0.00259809 0.139399 7.33949e-06 1.06059e-05 0.0175061 0.230193 0.0594663 0.00772618 0.0280804 0.00028778 
0.000215386 5.00243e-05 0.0315116 0.0490536 0.00155833 0.0068344 0.0392336 3.75941e-05 0.00595967 0.000142966 0.00214324 0.000259457 0.00323846 0.000933261 0.0177426 6.15407e-07 9.57133e-06 0.000630889 0.811855 0.00605679 0.0187866 0.00370539 4.12547e-05 
0.0048401 2.64757e-05 0.0693593 0.18169 0.00902355 0.0164313 0.00640854 7.18455e-05 0.000177099 1.21773e-06 0.0324232 1.71075e-11 7.03778e-05 0.00125545 0.074436 2.62856e-07 2.10161e-05 0.00650351 0.571634 0.000850592 0.0223795 0.00239601 9.30558e-09 
0.000135622 2.0321e-05 0.0897655 0.0849919 0.0102321 0.00341698 0.0735078 1.49661e-08 0.0164937 6.45507e-06 0.013004 8.55004e-05 1.01138e-05 2.27545e-05 0.00262054 5.34307e-09 1.23879e-08 0.00198647 0.549191 0.00788801 0.145616 0.00100506 1.17183e-07 
0.000276198 2.27071e-05 0.0321133 0.0554726 0.0016462 0.00625885 0.0238001 8.4498e-06 0.00545831 2.78339e-05 0.000825781 2.99643e-05 3.29042e-05 0.00106334 0.0157415 3.01667e-07 0.000140716 0.00114563 0.792915 0.00337738 0.0450531 0.0145883 1.70561e-06 
0.00131292 0.000406369 0.013827 0.110998 0.0107266 0.12928 0.023153 9.48116e-05 0.00298091 7.15781e-08 0.262307 0.00771852 3.46544e-08 2.19093e-05 0.100736 1.5317e-05 0.0140985 0.000443258 0.293486 0.000443584 0.0200026 0.00794805 9.46422e-08 
0.000207229 2.11722e-05 0.00731279 0.0570794 0.0012536 0.0153382 0.297233 5.11647e-05 0.000453913 2.28462e-06 0.0298303 0.00233014 0.00932907 0.000228804 0.00942882 6.44675e-09 4.20791e-09 0.000132624 0.551448 0.000510614 0.00788432 0.00992485 4.26089e-10 
0.0049673 1.25074e-05 0.0161881 0.0882724 0.00170196 0.00666612 0.0501768 8.85823e-05 0.00445309 0.0040409 0.0122448 1.1635e-05 5.51978e-05 0.0101543 0.0380697 1.52485e-06 0.000399697 0.000530952 0.724667 0.00466506 0.0281043 0.00452142 6.38558e-06 
1.97107e-05 2.91368e-05 0.252601 0.0539506 0.00140389 0.0100896 0.0322868 6.22807e-05 0.00020337 4.22934e-06 0.0174705 8.06685e-05 1.21596e-06 2.20462e-05 0.221903 4.5476e-07 4.73423e-05 6.10576e-05 0.403917 9.7695e-05 0.0041774 0.00157069 1.47306e-10 
0.000349399 0.0213211 0.0244176 0.1896 0.0015992 0.0633387 0.0726491 5.54108e-06 0.0115659 7.18604e-09 0.0105511 5.33535e-06 4.23438e-06 1.32086e-05 0.161364 1.23198e-06 1.67189e-05 0.000253007 0.302921 0.00146531 0.108869 0.0296171 7.13421e-05 
3.46827e-08 2.59203e-05 0.00160531 0.0312994 0.000306971 1.74276e-07 0.0122788 1.77746e-08 7.01376e-08 5.72031e-12 0.00125515 6.42426e-12 6.10641e-12 0.00658529 0.00798346 5.32453e-12 2.27508e-08 2.1561e-12 0.932591 0.00282186 0.000829957 0.00241626 5.06114e-09 
0.00129885 4.01508e-05 0.00734423 0.0764706 0.00118484 0.00467876 0.00838215 1.43125e-06 0.000843619 4.4128e-05 0.00341415 7.38961e-05 8.73384e-06 0.00712442 0.0280222 3.23428e-08 2.39924e-05 0.000414779 0.849267 0.00145418 0.00629752 0.00360933 5.52119e-07 
0.000240414 0.00205407 0.0110957 0.0567047 0.0036831 0.0256091 0.00375435 0.00245609 0.0125526 0.00241859 0.0496354 0.0011856 0.000584951 0.00199527 0.0428943 1.75424e-05 0.0936396 0.000477494 0.616469 0.00837706 0.01425 0.0499031 1.48896e-06 
0.00250983 1.47484e-05 0.0109208 0.0620891 0.00169155 0.00108902 0.00889733 3.45456e-06 0.000194385 4.55817e-05 0.00494566 4.94682e-06 6.47654e-05 0.00313496 0.0548169 1.15491e-07 2.03563e-05 3.25398e-05 0.8385 0.000744028 0.0036707 0.00660739 1.78282e-06 
0.00104199 4.7197e-06 0.00839686 0.035322 0.000263913 0.0107441 0.00723864 5.37884e-06 0.0126414 3.073e-09 0.000537607 1.1616e-12 5.33219e-10 0.000248323 0.0782068 8.28417e-11 1.41046e-09 0.000431435 0.840689 0.000446852 0.000964081 0.00280109 1.5486e-05 
1.34603e-05 2.57863e-05 0.0475615 0.0278663 0.000400841 8.91298e-05 0.0671391 3.31689e-05 0.00334852 6.49756e-06 0.000297397 8.44854e-06 2.12367e-06 0.0012808 0.00692626 6.04007e-08 1.85153e-05 0.00013468 0.836514 0.00371489 0.00379817 0.000820591 1.80717e-12 
0.00105969 0.000196239 0.00587841 0.148536 0.00165747 0.00280617 0.0508357 1.11415e-06 0.000353366 0.000294236 0.0131205 4.12393e-07 5.35531e-05 0.028033 0.0242805 0.0164602 6.58658e-05 0.000148889 0.687894 0.00176658 0.012958 0.00359995 5.03223e-07 
1.50288e-05 5.23999e-06 0.0697015 0.156113 0.00699916 0.00278054 0.174901 1.96796e-05 0.00232867 7.97909e-06 0.00938821 3.55868e-05 1.16748e-05 0.000659154 0.0933373 3.81088e-07 1.10146e-05 5.44376e-05 0.361102 0.00201752 0.113712 0.00679843 3.28548e-08 
0.000628462 0.000481988 0.0294183 0.0724849 0.0265384 0.0617601 0.1351 0.00117778 0.0598157 0.0113904 0.0161221 0.00091127 0.00222781 0.00136238 0.105618 2.58533e-05 6.74949e-05 0.00902497 0.297812 0.0354594 0.0449734 0.0870317 0.000567322 
0.00250983 1.47484e-05 0.0109208 0.0620891 0.00169155 0.00108902 0.00889733 3.45456e-06 0.000194385 4.55817e-05 0.00494566 4.94682e-06 6.47654e-05 0.00313496 0.0548169 1.15491e-07 2.03563e-05 3.25398e-05 0.8385 0.000744028 0.0036707 0.00660739 1.78282e-06 
4.06913e-05 7.13997e-06 0.0803366 0.141427 0.0439537 0.0158599 0.242469 0.0024008 0.0212343 2.00955e-05 0.00723697 4.90174e-06 1.20833e-05 0.00022306 0.141848 1.59229e-07 2.54825e-07 0.00270255 0.274089 0.00288042 0.0201168 0.00160775 0.00152882 
0.00335153 0.000117091 0.00826099 0.104078 0.00148939 0.00350723 0.0172699 3.53745e-06 0.000197898 0.000116036 0.00455863 1.27288e-06 2.37157e-05 0.0202985 0.0616599 9.33978e-08 6.94131e-05 0.000491256 0.756501 0.00336751 0.00983949 0.00479615 1.60505e-06 
0.00157554 0.00175701 0.0922173 0.31098 0.00928173 0.00332088 0.0588626 0.00748565 0.000155266 1.37363e-05 0.0121667 5.45078e-05 0.000102663 0.0180195 0.0167208 2.92405e-06 4.28473e-05 9.15555e-05 0.38459 0.0425487 0.0252095 0.0148002 2.10163e-08 
0.00104199 4.7197e-06 0.00839686 0.035322 0.000263913 0.0107441 0.00723864 5.37884e-06 0.0126414 3.073e-09 0.000537607 1.1616e-12 5.33219e-10 0.000248323 0.0782068 8.28417e-11 1.41046e-09 0.000431435 0.840689 0.000446852 0.000964081 0.00280109 1.5486e-05 
1.88739e-05 3.01768e-05 0.00464864 0.00672548 0.000364406 0.0146239 0.0175743 2.99916e-06 0.00692494 4.36005e-06 0.000788039 0.000482336 7.0741e-05 0.000321407 0.00733384 1.46741e-06 0.000497161 0.000583496 0.896403 0.00261549 0.00364486 0.0363369 2.81393e-06 
0.00834553 4.69831e-06 0.00527862 0.00255018 0.00110797 0.0255904 0.000322165 1.00788e-06 0.0103715 7.64341e-09 8.19877e-05 4.55775e-05 7.51157e-05 4.41231e-05 0.00785494 1.64646e-06 5.42912e-05 0.000691809 0.914375 0.005364 0.00172749 0.0161028 9.35808e-06 
0.000561696 0.0030793 0.0360562 0.0408485 0.0200234 0.0393748 0.00345652 5.93545e-05 0.0225523 5.43498e-06 0.179516 0.00933125 0.00212237 0.00348092 0.263272 9.49798e-06 0.000942173 0.00179094 0.301023 0.0109725 0.0203549 0.0408792 0.00028873 
0.000223127 4.4211e-05 0.046737 0.117944 0.00827447 0.0347249 0.138813 0.000127213 0.152559 9.28505e-05 0.0556219 0.000355766 4.86898e-05 0.00297488 0.0647555 4.95897e-06 7.27188e-05 0.000735607 0.288146 0.0143117 0.038809 0.0340493 0.000573662 
0.000336216 8.2117e-05 0.000625592 0.0373586 0.00670739 0.0723748 0.00409496 1.57623e-05 0.00667197 9.34954e-05 0.0108225 0.00214519 0.000108698 0.00520177 0.0192546 2.34715e-07 4.89517e-08 0.000431092 0.783289 0.00327603 0.0300573 0.0169773 7.53128e-05 
2.46197e-05 3.78635e-05 0.00213418 0.00093181 0.00365444 0.050948 0.000225419 7.68119e-07 0.00809726 2.48427e-06 0.00058187 0.000341571 0.00032807 0.000146873 0.0231454 2.24723e-06 4.65321e-05 0.00233545 0.720065 0.00194567 0.0055153 0.179268 0.000220801 
0.0132033 0.000148974 0.00344239 0.0408302 0.000492475 0.00391123 0.00346947 5.73287e-06 0.00102738 0.000561025 0.0114174 1.18084e-05 1.48507e-06 0.00349246 0.0346369 7.43393e-06 0.0672784 7.25675e-06 0.795466 0.00237484 0.00475868 0.0134544 7.65977e-07 
0.00011434 6.56878e-06 0.00920711 0.0585261 0.0166905 0.0833458 0.00310569 3.50408e-05 0.0415883 3.04498e-05 0.0398716 0.000110254 0.0013593 0.00171293 0.0706053 1.60041e-06 0.000230163 0.00170811 0.305618 0.018154 0.0501014 0.279501 0.0183768 
3.46827e-08 2.59203e-05 0.00160531 0.0312994 0.000306971 1.74276e-07 0.0122788 1.77746e-08 7.01376e-08 5.72031e-12 0.00125515 6.42426e-12 6.10641e-12 0.00658529 0.00798346 5.32453e-12 2.27508e-08 2.1561e-12 0.932591 0.00282186 0.000829957 0.00241626 5.06114e-09 
0.00335153 0.000117091 0.00826099 0.104078 0.00148939 0.00350723 0.0172699 3.53745e-06 0.000197898 0.000116036 0.00455863 1.27288e-06 2.37157e-05 0.0202985 0.0616599 9.33978e-08 6.94131e-05 0.000491256 0.756501 0.00336751 0.00983949 0.00479615 1.60505e-06 
0.0118578 5.23923e-05 0.0321578 0.0991695 0.00648134 0.0111267 0.00624479 0.000212236 0.0161622 0.00626817 0.022696 0.00147337 0.000865846 0.00122347 0.056198 1.51866e-06 0.00101248 0.00635326 0.675439 0.00399907 0.0225991 0.0181026 0.000303609 
1.80117e-08 2.87213e-07 2.3095e-08 0.0158764 0.000118482 0.00031014 0.00112942 6.53318e-06 1.47115e-05 8.70612e-12 0.000492986 9.77752e-12 9.29377e-12 3.72245e-08 0.00011794 1.01834e-09 1.15414e-08 1.63437e-08 0.973905 0.000869852 0.00713778 2.72057e-06 1.763e-05 
0.000103254 1.55734e-05 0.0983264 0.0637547 0.00768689 0.00256617 0.0551495 7.33286e-08 0.0123771 5.49939e-06 0.00975881 6.61876e-05 8.53578e-06 1.74779e-05 0.0019673 2.64683e-08 6.06424e-08 0.0014942 0.559101 0.00592351 0.180921 0.000755622 4.82142e-07 
0.00110552 3.93914e-05 0.0193662 0.169484 0.00576499 0.0142223 0.111302 3.27168e-05 0.0184564 0.000844737 0.0262646 9.3637e-06 7.9283e-05 0.00308483 0.0574075 0.00359131 5.39971e-05 0.0008727 0.501032 0.00198758 0.0405217 0.0242903 0.000186692 
0.00156296 7.0786e-06 0.0125953 0.0464904 0.000395865 0.0161161 0.0097413 6.25885e-06 0.0189621 3.90874e-09 0.000806402 1.26161e-12 6.50509e-10 0.000372467 0.11731 1.00958e-10 1.79389e-09 0.000647144 0.768909 0.000670272 0.00118461 0.00419949 2.32264e-05 
2.87827e-05 0.00327961 0.151793 0.0103897 0.00792873 0.00462666 0.00112991 1.37114e-05 0.132809 2.42279e-06 0.00123623 0.00220753 0.00525992 0.00256737 0.040315 3.25246e-07 3.07666e-06 0.000598779 0.510071 0.108374 0.00273012 0.0146348 4.13647e-08 
0.00355774 2.08207e-07 0.093088 0.124536 0.0150332 0.141792 0.00551742 2.07716e-07 0.0848538 0.000416084 0.0516815 0.00831602 2.07915e-07 0.0015819 0.0827203 2.07961e-07 2.07835e-07 0.00911717 0.279392 0.00083304 0.0105984 0.086964 2.07986e-07 
0.000623886 0.000278889 0.0354118 0.208845 0.00357072 0.00557048 0.14854 1.68314e-05 0.00244301 0.000814618 0.0132744 9.52848e-05 3.97591e-05 0.00282066 0.0382808 2.41401e-07 4.21042e-05 0.00494588 0.447748 0.00759256 0.0746067 0.00442718 1.07765e-05 
0.000242934 6.54594e-06 0.0255385 0.0385883 0.000281922 0.00218717 0.0339005 1.8333e-05 0.00603847 4.55663e-06 0.000612426 2.89069e-06 7.03961e-07 0.000186678 0.0256165 2.32171e-08 6.52346e-06 0.000327392 0.858216 0.00222189 0.00438301 0.00160263 1.61721e-05 
0.000342303 6.88384e-05 0.0172846 0.257026 0.00322654 0.0316615 0.0612404 5.05623e-05 0.00487641 0.00217438 0.0617088 0.0106677 3.25662e-05 0.00473889 0.0671694 1.87424e-05 0.0250709 0.000558523 0.391279 0.000659499 0.0204527 0.0366655 0.00302594 
0.00335153 0.000117091 0.00826099 0.104078 0.00148939 0.00350723 0.0172699 3.53745e-06 0.000197898 0.000116036 0.00455863 1.27288e-06 2.37157e-05 0.0202985 0.0616599 9.33978e-08 6.94131e-05 0.000491256 0.756501 0.00336751 0.00983949 0.00479615 1.60505e-06 
5.49727e-05 5.0539e-05 0.00703722 0.0161643 0.00205759 0.0213157 0.00510785 1.2469e-06 0.00883754 1.85995e-05 0.000356847 0.000100542 8.99399e-05 7.44614e-05 0.00789353 8.15422e-07 0.000353285 0.00209766 0.856149 0.00310014 0.0189391 0.0501469 5.23762e-05 
0.00114325 0.0680783 0.0186119 0.217097 0.00540005 0.0601196 0.11281 0.0146415 0.0142333 2.29131e-06 0.00695552 6.8249e-05 2.39493e-05 0.00169758 0.0807737 6.96545e-05 1.29729e-06 0.000733768 0.324071 0.00908451 0.030861 0.0334645 5.88419e-05 
3.46827e-08 2.59203e-05 0.00160531 0.0312994 0.000306971 1.74276e-07 0.0122788 1.77746e-08 7.01376e-08 5.72031e-12 0.00125515 6.42426e-12 6.10641e-12 0.00658529 0.00798346 5.32453e-12 2.27508e-08 2.1561e-12 0.932591 0.00282186 0.000829957 0.00241626 5.06114e-09 
0.00061599 0.00473048 0.0416376 0.0607474 0.00720987 0.0131281 0.0449931 0.000220678 0.0156054 0.000165923 0.0081051 0.00153983 0.000113822 0.00864011 0.0425876 8.40715e-05 0.00114981 0.0027409 0.704789 0.012397 0.0161181 0.0126622 1.76468e-05 
0.125107 0.00113452 0.00157422 0.157658 0.0030999 0.0599048 0.00386959 1.45362e-06 0.000540185 0.000478708 0.0232791 1.54786e-05 3.09914e-07 0.179512 0.119259 3.1798e-07 3.56267e-05 0.0263456 0.182445 0.0937216 0.00488165 0.0169673 0.000169367 
1.60972e-05 4.59238e-06 0.00261999 0.00501619 8.02421e-06 0.00221576 0.206675 2.04697e-05 8.46894e-05 4.18465e-06 0.000590538 0.000506406 9.9588e-06 0.000360641 0.00177884 8.94126e-10 2.3834e-12 2.72473e-09 0.775605 0.000750898 0.00310635 0.000626012 9.30067e-11 
0.0178992 5.4219e-05 0.0149686 0.154309 0.0123102 0.00868299 0.00544687 0.00345893 0.000649506 0.000529414 0.0605166 1.18389e-06 9.52897e-05 0.0139339 0.143934 2.38546e-06 0.0317484 0.000506896 0.358694 0.0231528 0.0712619 0.077833 1.08929e-05 
0.000170913 1.54655e-06 0.0204218 0.191306 0.00199859 0.00285659 0.187416 1.00581e-06 0.00208581 0.000272236 0.00454093 4.81635e-05 4.84881e-06 2.43664e-06 0.00274427 7.19875e-09 5.19759e-11 0.000325037 0.479077 0.000679573 0.104816 0.00123142 8.07238e-08 
1.37546e-08 6.69336e-13 0.00260347 0.0367597 0.000446596 0.00282983 0.000808434 4.92567e-10 0.00145719 2.51145e-07 0.00102762 0.000316875 6.58722e-10 9.38332e-07 0.00100722 2.9675e-12 1.59696e-10 0.000133035 0.950127 4.7217e-05 0.00187875 0.000556227 2.74262e-12 
0.000584927 0.000225025 0.0122781 0.0512123 0.00395157 0.010626 0.118965 5.86564e-05 0.00240823 0.000575964 0.00385285 0.000326763 0.00131657 0.0040705 0.025517 1.16656e-06 2.97444e-05 0.00110793 0.724389 0.00933434 0.018471 0.0106101 8.78266e-05 
0.000587226 1.37892e-05 0.0494135 0.0442077 0.00119264 0.000626548 0.0459517 2.90944e-05 0.00281319 3.90761e-05 0.00209265 1.74944e-05 3.15149e-05 0.00102015 0.0340595 1.42018e-07 2.58468e-05 0.000195264 0.803709 0.00376781 0.00600179 0.00420422 3.57768e-07 
5.00436e-08 1.11818e-07 2.04114e-09 0.02384 1.28646e-06 0.00021359 0.00215202 1.09729e-09 6.04411e-05 7.77855e-12 9.23669e-05 8.7358e-12 8.30359e-12 8.25468e-09 0.000184318 7.24037e-12 1.35367e-08 4.72613e-05 0.971895 3.95645e-05 0.00140434 4.46119e-05 2.4671e-05 
0.00430909 0.000150544 0.0106213 0.106922 0.00191493 0.00443298 0.0202897 4.54686e-06 0.000254439 8.92869e-05 0.00586109 1.63578e-06 2.86884e-06 0.026098 0.0788668 1.20004e-07 7.80098e-05 0.00063048 0.718839 0.00432965 0.0101347 0.00616647 2.06318e-06 
4.87788e-05 5.49219e-06 0.0110754 0.0235435 0.000180144 0.00258318 0.00740438 5.37607e-07 0.0144979 1.44564e-06 0.000123712 4.13156e-07 2.9535e-05 3.21224e-05 0.000954925 6.94236e-07 2.41121e-05 0.00113626 0.913332 0.00365521 0.0173656 0.00400441 2.47318e-07 
0.000336216 8.2117e-05 0.000625592 0.0373586 0.00670739 0.0723748 0.00409496 1.57623e-05 0.00667197 9.34954e-05 0.0108225 0.00214519 0.000108698 0.00520177 0.0192546 2.34715e-07 4.89517e-08 0.000431092 0.783289 0.00327603 0.0300573 0.0169773 7.53128e-05 
2.46196e-05 4.55206e-05 0.00655503 0.00190018 0.00443387 0.0389749 0.000568389 3.02126e-06 0.00857651 2.48395e-06 0.00103371 7.56478e-05 0.000372807 0.000295325 0.0358466 1.92621e-06 2.34184e-05 0.00139849 0.693638 0.00240841 0.0063505 0.19725 0.000220801 
0.00207353 0.000341362 0.0252696 0.27716 0.00566997 0.0122835 0.227535 0.000449286 0.00572397 0.0004041 0.0161233 0.00204661 0.00142158 0.00302195 0.0437459 8.84356e-06 0.00180117 0.00137295 0.294656 0.0265103 0.0392747 0.0119904 0.0011158 
0.00335153 0.000117091 0.00826099 0.104078 0.00148939 0.00350723 0.0172699 3.53745e-06 0.000197898 0.000116036 0.00455863 1.27288e-06 2.37157e-05 0.0202985 0.0616599 9.33978e-08 6.94131e-05 0.000491256 0.756501 0.00336751 0.00983949 0.00479615 1.60505e-06 
0.0105926 3.95742e-05 0.049741 0.270537 0.0131696 0.0105127 0.00754329 0.000108329 0.0129212 1.06847e-05 0.0555367 1.57126e-06 2.74132e-05 0.00264283 0.168099 3.12729e-07 2.33203e-05 0.0148425 0.292249 0.000722297 0.0783738 0.012296 8.00998e-06 
0.0013726 0.007245 0.0212855 0.299204 0.00243364 0.0257365 0.0473041 0.00022222 0.00518544 0.000753374 0.0542723 0.000649408 0.000204323 0.00467211 0.0242201 0.000130501 0.000746325 0.00481779 0.419493 0.00339283 0.0506212 0.0259821 5.58133e-05 
1.80117e-08 2.87213e-07 2.3095e-08 0.0158764 0.000118482 0.00031014 0.00112942 6.53318e-06 1.47115e-05 8.70612e-12 0.000492986 9.77752e-12 9.29377e-12 3.72245e-08 0.00011794 1.01834e-09 1.15414e-08 1.63437e-08 0.973905 0.000869852 0.00713778 2.72057e-06 1.763e-05 
1.60972e-05 4.59238e-06 0.00261999 0.00501619 8.02421e-06 0.00221576 0.206675 2.04697e-05 8.46894e-05 4.18465e-06 0.000590538 0.000506406 9.9588e-06 0.000360641 0.00177884 8.94126e-10 2.3834e-12 2.72473e-09 0.775605 0.000750898 0.00310635 0.000626012 9.30067e-11 
3.28118e-08 3.60811e-12 0.00140531 0.0795482 5.34285e-08 0.0032138 0.420001 2.49577e-06 6.22099e-05 7.62793e-09 0.00190302 2.95826e-08 1.8572e-07 0.000185293 0.00192185 4.85931e-08 2.23568e-11 0.000554018 0.481858 0.000642136 0.00861288 8.99077e-05 2.04115e-07 
0.0097065 1.05368e-07 0.00341549 0.26366 0.00074852 0.00631629 0.0249529 1.20236e-08 2.29545e-12 1.45695e-08 0.000492598 1.81225e-11 9.70971e-08 0.0185734 0.232556 1.40271e-09 4.35199e-05 4.22439e-08 0.434894 4.18262e-05 0.000305868 0.00429354 2.38016e-08 
5.89341e-05 3.14761e-06 0.184555 0.0548952 0.0103281 0.000342814 0.0616523 6.80814e-05 0.112605 0.000110769 0.0389909 9.97337e-05 0.00139555 1.43556e-05 0.0152906 3.33524e-07 4.66134e-07 0.16274 0.210946 0.0432856 0.0809651 0.0216407 1.0407e-05 
0.00430909 0.000150544 0.0106213 0.106922 0.00191493 0.00443298 0.0202897 4.54686e-06 0.000254439 8.92869e-05 0.00586109 1.63578e-06 2.86884e-06 0.026098 0.0788668 1.20004e-07 7.80098e-05 0.00063048 0.718839 0.00432965 0.0101347 0.00616647 2.06318e-06 
1.80117e-08 2.87213e-07 2.3095e-08 0.0158764 0.000118482 0.00031014 0.00112942 6.53318e-06 1.47115e-05 8.70612e-12 0.000492986 9.77752e-12 9.29377e-12 3.72245e-08 0.00011794 1.01834e-09 1.15414e-08 1.63437e-08 0.973905 0.000869852 0.00713778 2.72057e-06 1.763e-05 
1.09926e-05 7.74493e-10 0.00863166 0.00245868 0.000142263 0.00876156 0.000567421 5.41746e-07 0.025668 3.28529e-10 7.41311e-05 2.72164e-09 9.68264e-05 6.3896e-05 0.00218789 2.10759e-06 4.46132e-05 0.000681977 0.928354 0.00405449 0.00302606 0.0151713 1.0743e-06 
0.0128272 3.77648e-05 0.0139973 0.248033 0.00281039 0.0632772 0.0350937 3.72632e-05 0.0291531 2.80274e-05 0.00787092 0.00344007 0.0189894 0.00363556 0.0649582 3.67613e-05 7.85787e-06 0.00258005 0.29917 0.088371 0.0373149 0.0682493 8.0513e-05 
6.29009e-08 3.5184e-08 3.88919e-12 0.034636 0.0014278 0.0100432 5.11582e-07 7.89182e-11 3.36377e-07 3.44691e-07 0.334625 5.37577e-11 5.1098e-11 9.19747e-07 0.00565227 8.02439e-08 3.15718e-06 0.00499878 0.594656 0.00153772 0.00509828 0.00731726 1.49895e-06 
0.00114994 1.04642e-05 0.00490803 0.0434803 0.000511042 0.00469956 0.00627569 2.44922e-05 0.00587556 2.35633e-05 0.00298731 7.5977e-07 0.0062306 0.000498437 0.0347698 7.17735e-07 3.65978e-06 0.000311166 0.879515 0.00101958 0.00474091 0.00294647 1.64804e-05 
0.00567401 0.00103344 0.0406086 0.0715148 0.00011371 0.000481145 0.0701522 5.12623e-07 0.219635 0.00152566 0.130109 0.00209354 5.32276e-07 0.00172345 0.16306 0.000111757 1.37897e-06 0.0044352 0.221574 0.028723 0.0111623 0.0262563 9.85781e-06 
0.00250983 1.47484e-05 0.0109208 0.0620891 0.00169155 0.00108902 0.00889733 3.45456e-06 0.000194385 4.55817e-05 0.00494566 4.94682e-06 6.47654e-05 0.00313496 0.0548169 1.15491e-07 2.03563e-05 3.25398e-05 0.8385 0.000744028 0.0036707 0.00660739 1.78282e-06 
0.000863012 8.6598e-05 0.0386958 0.291344 0.00582385 0.0147828 0.0817281 0.000644375 0.0116493 0.000142025 0.0117987 0.0015751 0.000289306 0.00819886 0.045227 7.27901e-06 0.00012321 0.00537459 0.370026 0.0110551 0.0852271 0.0140543 0.00128333 
2.04437e-07 0.000818595 0.241313 0.122889 0.00325339 0.00329479 0.028929 0.00285783 0.101819 8.19376e-05 0.00849172 2.04292e-07 2.04311e-07 0.00308833 0.0957552 4.10757e-05 0.00165449 0.00869324 0.27107 0.024634 0.0579651 0.0233493 2.04381e-07 
0.000778979 0.000416663 0.0480688 0.084206 0.0127925 0.00841101 0.0163882 0.000419056 0.0553192 0.0147557 0.0063977 0.0124276 0.000213881 0.000155881 0.0194128 4.37778e-09 0.000178213 0.0288704 0.601675 0.0042318 0.0710091 0.0122989 0.00157283 
0.00125133 7.21955e-05 0.0182478 0.0976788 0.00179222 0.0440948 0.0598745 0.000306958 0.00399351 7.72365e-05 0.0105915 0.00211246 0.000381136 0.00402886 0.0552826 3.49741e-06 0.000749792 0.00317801 0.648626 0.00934888 0.025666 0.012487 0.000154524 
0.00132654 6.55227e-05 0.00773169 0.267238 0.00171542 0.00138775 0.200287 1.12732e-05 0.00168968 0.000182416 0.00871942 8.01733e-06 2.11743e-05 0.0192615 0.0389511 8.63216e-07 3.16891e-05 0.0300531 0.385119 0.00239757 0.0267093 0.00688041 0.000211699 
0.000116622 7.57397e-05 0.0834819 0.143688 0.00408769 0.00225213 0.0744914 4.37661e-05 0.179375 0.000339066 0.0128175 0.000235548 5.10678e-05 0.00144484 0.0700818 1.15149e-05 6.21741e-05 0.0407225 0.313344 0.0104533 0.0573052 0.00551931 2.49483e-08 
0.000726848 4.8259e-06 0.00736841 0.214421 0.000482772 0.00101623 0.0539212 1.98682e-05 0.00487062 1.13891e-08 0.00359065 1.91332e-05 3.59781e-09 3.40724e-05 0.0410502 5.76502e-10 6.00417e-05 0.000798643 0.550776 0.00317607 0.11715 0.000380839 0.000131627 
0.00104199 4.7197e-06 0.00839686 0.035322 0.000263913 0.0107441 0.00723864 5.37884e-06 0.0126414 3.073e-09 0.000537607 1.1616e-12 5.33219e-10 0.000248323 0.0782068 8.28417e-11 1.41046e-09 0.000431435 0.840689 0.000446852 0.000964081 0.00280109 1.5486e-05 
0.00076539 7.53414e-05 0.0170438 0.049312 0.000988738 0.00329243 0.0168394 2.24529e-05 0.00291056 0.000348565 0.00857593 1.40796e-05 7.88618e-06 0.00551473 0.0362743 3.98728e-06 0.0236347 0.000149416 0.817088 0.00230075 0.00696767 0.00786419 5.42133e-06 
3.19382e-06 4.38575e-07 0.0186665 0.0750197 6.1599e-06 6.85439e-05 0.0336222 4.07677e-05 0.00570388 3.02856e-08 0.000965273 6.74785e-10 6.41399e-10 1.34999e-05 0.00166265 1.93131e-07 0.000526332 0.000364935 0.801428 0.000395382 0.0591548 0.00235712 5.16891e-10 
2.60325e-08 1.72924e-06 1.4829e-05 0.00824393 2.20778e-05 2.96605e-13 0.00421249 7.7675e-10 4.00477e-13 1.01149e-09 4.02691e-05 3.16176e-12 1.04131e-09 0.00105564 6.62573e-06 2.62052e-12 1.70753e-08 1.06114e-12 0.986246 4.77133e-05 7.59002e-05 3.31604e-05 2.42194e-12 
0.00222465 1.63694e-07 0.0837311 0.00767914 0.00749755 0.124854 0.00446878 1.63308e-07 0.0317439 1.63482e-07 0.00183369 1.63449e-07 0.0037435 0.000392863 0.031257 0.000359866 1.63402e-07 0.011341 0.533966 0.0503528 0.0138001 0.0907528 1.6352e-07 
1.82245e-05 4.73016e-07 0.00420913 0.0261457 0.00033285 0.00519767 0.0298662 2.38955e-06 0.00160139 1.79468e-06 0.001365 0.000692441 1.45939e-06 0.000100828 0.00225699 4.00933e-10 4.44942e-10 8.58523e-05 0.923273 0.000675208 0.00282013 0.00135342 4.71811e-11 
3.62468e-05 3.55497e-06 0.0380642 0.300368 0.00278333 0.0147264 0.00487483 0.13731 0.00535145 1.54385e-05 0.0210918 0.000776012 1.84454e-06 0.000103101 0.0141172 3.94766e-09 3.68207e-08 0.000653976 0.431328 0.00149555 0.0186107 0.00828742 1.29904e-07 
0.000432398 0.0170577 0.0364253 0.210584 0.0015138 0.0661355 0.0736019 1.36745e-05 0.0120011 6.95552e-09 0.0109362 4.2762e-06 3.39105e-06 3.96835e-05 0.149556 1.27813e-05 5.68063e-05 0.000962673 0.250161 0.00158124 0.141912 0.0268884 0.000120001 
0.000523595 2.09243e-05 0.00326701 0.0271029 0.000178485 0.0035814 0.00708843 2.09969e-06 0.00421396 1.97891e-07 0.00033703 1.9988e-12 4.09573e-08 0.00489516 0.0273775 7.84628e-11 9.18221e-07 0.000143828 0.919224 0.000273925 0.000549058 0.00121461 5.16788e-06 
3.39465e-05 2.70232e-05 0.0228655 0.0291808 0.00183636 0.018879 0.0486833 1.62968e-05 0.00729613 3.08648e-05 0.00170028 0.000861274 0.000729243 0.00338311 0.0320168 8.02541e-07 0.000120465 0.0019124 0.760907 0.00329539 0.0137144 0.0524537 5.59834e-05 
0.00041617 1.6388e-05 0.0352632 0.0278891 0.000328108 0.013719 0.0153614 7.37809e-06 0.0323516 4.10849e-06 0.40026 4.22972e-08 0.000399097 0.000208799 0.0149373 4.0535e-07 5.37201e-05 0.00104468 0.43193 0.0049832 0.00888608 0.0104771 0.00146288 
0.00309788 0.00396131 0.094256 0.197427 0.00449805 0.00466373 0.0353612 8.33121e-05 0.027827 4.01652e-05 0.00563985 0.000476999 0.00138727 0.00269305 0.0354521 6.92295e-07 2.09281e-05 0.00647372 0.331418 0.188427 0.0392682 0.0175222 4.24859e-06 
1.80117e-08 2.87213e-07 2.3095e-08 0.0158764 0.000118482 0.00031014 0.00112942 6.53318e-06 1.47115e-05 8.70612e-12 0.000492986 9.77752e-12 9.29377e-12 3.72245e-08 0.00011794 1.01834e-09 1.15414e-08 1.63437e-08 0.973905 0.000869852 0.00713778 2.72057e-06 1.763e-05 
8.52021e-06 3.78656e-05 0.00285934 0.000307614 0.000990047 0.0381026 0.000110882 2.59806e-07 0.0068081 2.48556e-06 0.000271684 0.000296355 0.000206017 0.000153478 0.0139037 2.2479e-06 0.0014693 0.00168443 0.759151 0.00188468 0.00372638 0.168016 6.78275e-06 
0.00156296 7.0786e-06 0.0125953 0.0464904 0.000395865 0.0161161 0.0097413 6.25885e-06 0.0189621 3.90874e-09 0.000806402 1.26161e-12 6.50509e-10 0.000372467 0.11731 1.00958e-10 1.79389e-09 0.000647144 0.768909 0.000670272 0.00118461 0.00419949 2.32264e-05 
2.60325e-08 1.72924e-06 1.4829e-05 0.00824393 2.20778e-05 2.96605e-13 0.00421249 7.7675e-10 4.00477e-13 1.01149e-09 4.02691e-05 3.16176e-12 1.04131e-09 0.00105564 6.62573e-06 2.62052e-12 1.70753e-08 1.06114e-12 0.986246 4.77133e-05 7.59002e-05 3.31604e-05 2.42194e-12 
3.39373e-06 9.62992e-06 0.121259 0.0318045 0.000633322 0.000233411 0.119035 8.36835e-05 0.00876978 1.41411e-05 0.000424506 2.211e-05 4.69527e-06 5.45687e-05 0.0166603 1.56907e-07 1.89632e-05 0.000352671 0.682881 0.00774565 0.00840286 0.00158601 1.20888e-12 
7.64463e-06 2.7975e-05 0.0136532 0.272753 0.00100294 0.000337504 0.29351 1.14178e-05 1.93361e-05 1.18936e-08 0.000737591 4.95128e-06 0.000265487 0.00394374 0.0182367 1.82209e-07 1.1721e-05 3.5431e-12 0.393433 6.06115e-05 0.000700311 0.00128276 8.08671e-12 
0.000748969 5.08022e-05 0.000512233 0.316145 0.000220852 0.00270973 0.00790715 5.31475e-07 4.29437e-05 0.0448103 0.0626258 2.0312e-05 4.43692e-05 0.0019143 0.0137556 1.86351e-06 0.00269409 0.000235086 0.499577 0.000189991 0.0422578 0.0034414 9.37778e-05 
0.00619378 0.000134125 0.0970058 0.159982 0.00973899 0.0212233 0.144249 9.9557e-05 0.00146131 0.00222821 0.0746024 0.00023578 0.0804107 8.96392e-05 0.00509556 3.80261e-08 8.96853e-05 0.00229132 0.190896 0.00503309 0.187617 0.0113173 5.43489e-06 
0.000737068 0.00277979 0.0372191 0.234553 0.00989474 0.0319668 0.11606 0.000287989 0.0111245 0.000614108 0.0171543 0.00111171 9.23695e-05 0.00443968 0.12185 2.20418e-06 0.000787468 0.00422706 0.357575 0.00271134 0.0321479 0.0126495 1.40147e-05 
0.0835154 1.99942e-08 1.78505e-05 0.0254563 2.66682e-10 2.97512e-06 0.000226294 1.02214e-09 5.19651e-13 2.76484e-06 1.44742e-05 1.92133e-08 1.37034e-09 3.03443e-05 1.24092e-05 2.37002e-09 4.84322e-05 7.0582e-09 0.889959 6.20065e-05 0.000443884 0.000208021 3.14265e-12 
1.07668e-08 3.27013e-09 0.0873178 0.0306795 1.50823e-05 0.2159 0.153707 2.56797e-08 0.0141107 1.23927e-05 0.210433 1.74925e-08 1.66271e-08 0.00946119 4.02028e-05 1.44981e-08 0.0272308 5.87082e-09 0.250882 1.9787e-05 1.46584e-05 0.000176436 1.33994e-08 
2.67173e-07 2.67383e-07 2.6744e-07 0.111311 2.67391e-07 0.00171182 0.0563083 0.000667151 2.67413e-07 2.67038e-07 2.67406e-07 2.66984e-07 2.67008e-07 2.67271e-07 2.67449e-07 2.67069e-07 2.66907e-07 2.6731e-07 0.821548 0.00406452 0.00438552 2.67435e-07 2.671e-07 
2.60325e-08 1.72924e-06 1.4829e-05 0.00824393 2.20778e-05 2.96605e-13 0.00421249 7.7675e-10 4.00477e-13 1.01149e-09 4.02691e-05 3.16176e-12 1.04131e-09 0.00105564 6.62573e-06 2.62052e-12 1.70753e-08 1.06114e-12 0.986246 4.77133e-05 7.59002e-05 3.31604e-05 2.42194e-12 
1.72367e-05 4.49875e-05 0.00898454 0.0526411 0.00033615 0.000217347 0.0149834 1.03502e-05 0.000103676 6.12795e-09 0.00111037 1.84361e-06 8.39167e-06 5.30933e-06 0.00165413 5.72092e-09 8.80057e-06 0.000683626 0.911987 3.62064e-05 0.00710257 6.33496e-05 2.0782e-08 
1.37546e-08 6.69336e-13 0.00260347 0.0367597 0.000446596 0.00282983 0.000808434 4.92567e-10 0.00145719 2.51145e-07 0.00102762 0.000316875 6.58722e-10 9.38332e-07 0.00100722 2.9675e-12 1.59696e-10 0.000133035 0.950127 4.7217e-05 0.00187875 0.000556227 2.74262e-12 
1.0943e-05 6.15528e-07 1.16764e-05 0.00785128 0.00054224 0.0119647 0.000720756 1.16413e-05 0.00100298 6.0335e-09 0.000353218 2.32807e-05 5.40355e-05 8.68512e-06 0.014626 3.28866e-09 5.2035e-12 6.59689e-05 0.948072 5.493e-05 0.00490533 0.00971912 6.93659e-08 
0.0168893 4.32731e-05 0.03492 0.188987 0.0181943 0.0127277 0.0337864 9.45866e-05 0.000871251 2.63581e-05 0.0597691 0.0149004 0.000753345 0.000594176 0.140129 1.42656e-06 3.17393e-05 0.00546554 0.43745 0.0108999 0.012 0.0101451 0.00132074 
6.32936e-07 0.000102962 0.000972569 0.193719 0.000445003 0.000675162 0.103138 3.04726e-10 0.00011739 0.000373192 0.0166895 2.07574e-10 7.785e-05 0.0252229 0.000632248 0.0913345 4.46937e-05 4.12793e-10 0.550212 9.15151e-05 0.0152078 0.000942273 1.59003e-10 
3.77996e-08 1.49204e-05 0.0108039 0.11551 0.00174127 0.0175691 0.0737279 1.0545e-05 0.109035 2.29536e-11 0.00682553 1.30291e-07 5.94839e-09 2.91224e-05 0.130412 9.32902e-10 2.98605e-11 0.00210236 0.52439 7.65853e-05 0.00570745 0.00204404 1.12608e-07 
0.00542063 6.44312e-06 0.0179389 0.0200495 0.00319797 0.00687607 0.00476488 3.08339e-06 0.00096837 0.000155709 0.00410585 4.91527e-06 2.15583e-05 0.000658072 0.0685356 3.27044e-07 3.26974e-06 0.000483834 0.852786 0.00402849 0.00436359 0.00560981 1.71102e-05 
0.000170913 1.54655e-06 0.0204218 0.191306 0.00199859 0.00285659 0.187416 1.00581e-06 0.00208581 0.000272236 0.00454093 4.81635e-05 4.84881e-06 2.43664e-06 0.00274427 7.19875e-09 5.19759e-11 0.000325037 0.479077 0.000679573 0.104816 0.00123142 8.07238e-08 
0.000145218 0.00477845 0.0167317 0.084962 0.00293296 0.00988342 0.0140234 0.00261833 0.00249373 8.70425e-05 0.0203553 0.00109325 0.000498234 0.000270608 0.0160637 3.4777e-07 0.000201481 0.00307338 0.765079 0.00578173 0.025353 0.0235337 4.03467e-05 
7.17487e-09 1.1858e-09 0.104489 0.00466684 0.000351623 0.0685853 0.00167829 1.84967e-08 0.00277222 7.63142e-13 0.000359252 8.57057e-13 3.17345e-05 6.11241e-06 0.0673357 4.70602e-07 9.92777e-13 0.00225458 0.726389 0.00382473 0.00331307 0.0139418 6.56513e-13 
0.0001314 0.00149305 0.0872422 0.0980546 0.00939886 0.0486189 0.0124546 0.00163285 0.00387027 3.49894e-07 0.0301892 0.000136433 0.000306771 0.00303455 0.0653533 1.88343e-07 6.30091e-05 0.00124855 0.352643 0.0262486 0.22887 0.0287344 0.000274968 
0.000716928 0.00017942 0.0276034 0.321274 0.00564186 0.0180155 0.0982573 6.06839e-05 0.0121634 0.00350634 0.0235693 0.00187955 0.000920805 0.0021182 0.0302025 1.31308e-06 0.000475525 0.00779659 0.377437 0.00528964 0.0516332 0.0112042 5.39237e-05 
0.000669416 0.00143299 0.0313577 0.0716186 0.00967868 0.00518072 0.0665549 0.000103323 0.021408 0.0081069 0.021682 0.00273125 0.000328913 0.00104078 0.0589455 0.0484507 0.0163207 0.0017407 0.585063 0.0172681 0.0159361 0.0142992 8.14547e-05 
1.09926e-05 7.74493e-10 0.00863166 0.00245868 0.000142263 0.00876156 0.000567421 5.41746e-07 0.025668 3.28529e-10 7.41311e-05 2.72164e-09 9.68264e-05 6.3896e-05 0.00218789 2.10759e-06 4.46132e-05 0.000681977 0.928354 0.00405449 0.00302606 0.0151713 1.0743e-06 
0.000150257 0.0022349 0.0163735 0.0970105 0.00502803 0.00689128 0.0736485 7.84442e-05 0.038399 0.000200669 0.0463844 0.00159475 0.000401178 0.0526296 0.0628768 8.72831e-06 0.000119169 0.0027485 0.486158 0.00819473 0.0478171 0.0473366 0.00371538 
0.00125314 0.000115172 0.00395237 0.0848659 0.0015511 0.0142471 0.00832606 4.43395e-05 0.000223337 1.51278e-05 0.0525047 0.0152691 4.2163e-05 0.000677106 0.0419869 4.83337e-06 0.00888284 8.3955e-05 0.748887 0.000102632 0.00657126 0.0103936 1.63704e-08 
0.00100645 6.02209e-05 0.0205664 0.302226 0.00370538 0.0157078 0.170852 0.00287796 0.00734137 0.00639479 0.0187651 0.00189842 0.000382605 0.000169956 0.017211 2.24373e-05 0.000171201 0.000974659 0.348271 0.00800297 0.0689165 0.00447601 1.24495e-07 
3.59561e-06 0.018087 0.0364204 0.160102 0.00408048 0.0108212 0.0614964 0.148571 0.0438843 0.0026297 0.0227978 0.000780981 6.36114e-06 0.00139313 0.0833524 0.000235041 2.32465e-05 0.0015415 0.196818 0.00275938 0.158896 0.0452997 1.88616e-07 
0.000737361 0.000518179 0.0971274 0.111134 0.00530721 0.0349832 0.0619134 5.72535e-05 0.0188861 7.04825e-05 0.00572867 0.00555935 0.00162287 0.00389366 0.0530303 2.72215e-06 0.000254866 0.000317261 0.507339 0.0133644 0.0323365 0.0458137 2.85493e-06 
0.00124359 4.46317e-05 0.00598946 0.089745 0.00253837 0.0169684 0.00858317 0.00262386 0.0181914 9.63035e-05 0.00804284 0.00161555 0.00397371 0.00197837 0.0363436 0.0071686 0.000786436 0.0102796 0.731894 0.0306368 0.0127348 0.00844541 7.63409e-05 
0.00450593 6.55857e-05 0.0431417 0.285987 0.0203306 0.0249377 0.105173 3.92567e-05 0.00760551 0.000421308 0.025437 0.000529732 0.00406144 0.00427624 0.0318611 0.000803862 2.48991e-05 0.0111143 0.349402 0.00427453 0.0649786 0.01079 0.000238331 
0.00157406 2.22411e-05 0.0152371 0.0453346 0.00136795 0.0044589 0.0564253 8.38734e-06 0.00639011 9.25129e-05 0.11472 4.2818e-05 7.03826e-05 0.00108981 0.0245566 1.13635e-07 4.42681e-06 0.000611148 0.704227 0.00441764 0.012903 0.00407673 0.00236876 
1.98215e-07 2.20829e-07 0.0309401 0.00223264 0.000113573 0.000241725 0.00037603 5.4563e-09 0.0040865 5.25534e-08 1.49522e-10 1.26057e-08 1.00222e-08 5.93943e-06 3.58755e-08 1.94121e-09 4.07222e-07 1.36726e-07 0.953287 0.000536543 0.00795408 0.000224973 1.78634e-08 
1.09926e-05 7.74493e-10 0.00863166 0.00245868 0.000142263 0.00876156 0.000567421 5.41746e-07 0.025668 3.28529e-10 7.41311e-05 2.72164e-09 9.68264e-05 6.3896e-05 0.00218789 2.10759e-06 4.46132e-05 0.000681977 0.928354 0.00405449 0.00302606 0.0151713 1.0743e-06 
1.60972e-05 4.59238e-06 0.00261999 0.00501619 8.02421e-06 0.00221576 0.206675 2.04697e-05 8.46894e-05 4.18465e-06 0.000590538 0.000506406 9.9588e-06 0.000360641 0.00177884 8.94126e-10 2.3834e-12 2.72473e-09 0.775605 0.000750898 0.00310635 0.000626012 9.30067e-11 
5.00436e-08 1.11818e-07 2.04114e-09 0.02384 1.28646e-06 0.00021359 0.00215202 1.09729e-09 6.04411e-05 7.77855e-12 9.23669e-05 8.7358e-12 8.30359e-12 8.25468e-09 0.000184318 7.24037e-12 1.35367e-08 4.72613e-05 0.971895 3.95645e-05 0.00140434 4.46119e-05 2.4671e-05 
0.00335153 0.000117091 0.00826099 0.104078 0.00148939 0.00350723 0.0172699 3.53745e-06 0.000197898 0.000116036 0.00455863 1.27288e-06 2.37157e-05 0.0202985 0.0616599 9.33978e-08 6.94131e-05 0.000491256 0.756501 0.00336751 0.00983949 0.00479615 1.60505e-06 
0.00472488 8.08146e-05 0.140868 0.219045 0.00904527 0.0827928 0.013891 0.000501959 0.0111269 0.0063861 0.0360068 0.000787998 8.01715e-05 0.00200216 0.0543418 0.000559393 0.000276529 0.00173214 0.30417 0.043624 0.0279712 0.0399842 9.06583e-08 
0.0134339 0.0265872 0.13445 0.0315995 0.015006 0.0483357 0.000706638 0.00147256 0.00103835 3.54039e-05 0.115024 0.000321795 0.000730748 0.00171844 0.0495458 0.000130572 0.00633088 0.151117 0.193672 0.00120418 0.111717 0.0955489 0.000273364 
0.00335153 0.000117091 0.00826099 0.104078 0.00148939 0.00350723 0.0172699 3.53745e-06 0.000197898 0.000116036 0.00455863 1.27288e-06 2.37157e-05 0.0202985 0.0616599 9.33978e-08 6.94131e-05 0.000491256 0.756501 0.00336751 0.00983949 0.00479615 1.60505e-06 
0.000422248 7.56133e-05 0.0457261 0.218269 0.0150155 0.0491286 0.00321594 1.56456e-05 0.000500723 7.43639e-08 0.0283453 0.00228874 0.000946053 0.235659 0.130462 6.50243e-07 9.27015e-05 0.00255491 0.245477 0.00273811 0.00555373 0.0135064 4.501e-06 
0.000349399 0.0213211 0.0244176 0.1896 0.0015992 0.0633387 0.0726491 5.54108e-06 0.0115659 7.18604e-09 0.0105511 5.33535e-06 4.23438e-06 1.32086e-05 0.161364 1.23198e-06 1.67189e-05 0.000253007 0.302921 0.00146531 0.108869 0.0296171 7.13421e-05 
0.000376155 0.00878346 0.0119414 0.222195 0.00488648 0.0297758 0.112451 0.000254816 0.0105839 0.00130996 0.0234142 0.00153406 5.59026e-05 0.00488581 0.0417824 6.60463e-06 5.17287e-05 0.0229621 0.427583 0.00355593 0.0322991 0.0392121 9.94734e-05 
0.00312842 1.88714e-05 0.0148964 0.119603 0.122924 0.141814 0.00564639 1.00675e-05 0.0194999 2.27762e-07 0.0618078 3.90589e-08 0.000850548 0.0258053 0.0430159 1.4405e-07 0.000176499 0.0172843 0.233069 0.00646367 0.0320545 0.151695 0.00023604 
0.00204044 3.13311e-09 0.0136928 0.0241432 0.000562682 0.000432327 0.400375 1.15746e-05 0.00440417 8.47824e-08 0.00382262 0.00130716 3.68782e-08 0.043561 9.89592e-06 1.7803e-05 1.2126e-11 0.000651894 0.406521 3.2987e-05 0.0767375 0.0216753 8.01883e-12 
0.0178992 5.4219e-05 0.0149686 0.154309 0.0123102 0.00868299 0.00544687 0.00345893 0.000649506 0.000529414 0.0605166 1.18389e-06 9.52897e-05 0.0139339 0.143934 2.38546e-06 0.0317484 0.000506896 0.358694 0.0231528 0.0712619 0.077833 1.08929e-05 
4.16778e-06 1.48049e-07 7.75587e-07 0.269857 0.000232853 0.0204066 0.0117165 3.75299e-05 3.62599e-05 7.05161e-07 0.000234864 0.000442241 9.84641e-06 1.16888e-06 1.98992e-05 6.56373e-07 9.17349e-07 9.36633e-06 0.687145 2.51838e-06 0.00979727 1.83829e-05 2.54464e-05 
