3.46827e-08 2.59203e-05 0.00160531 0.0312994 0.000306971 1.74276e-07 0.0122788 1.77746e-08 7.01376e-08 5.72031e-12 0.00125515 6.42426e-12 6.10641e-12 0.00658529 0.00798346 5.32453e-12 2.27508e-08 2.1561e-12 0.932591 0.00282186 0.000829957 0.00241626 5.06114e-09 
3.46827e-08 2.59203e-05 0.00160531 0.0312994 0.000306971 1.74276e-07 0.0122788 1.77746e-08 7.01376e-08 5.72031e-12 0.00125515 6.42426e-12 6.10641e-12 0.00658529 0.00798346 5.32453e-12 2.27508e-08 2.1561e-12 0.932591 0.00282186 0.000829957 0.00241626 5.06114e-09 
1.60972e-05 4.59238e-06 0.00261999 0.00501619 8.02421e-06 0.00221576 0.206675 2.04697e-05 8.46894e-05 4.18465e-06 0.000590538 0.000506406 9.9588e-06 0.000360641 0.00177884 8.94126e-10 2.3834e-12 2.72473e-09 0.775605 0.000750898 0.00310635 0.000626012 9.30067e-11 
7.64463e-06 2.7975e-05 0.0136532 0.272753 0.00100294 0.000337504 0.29351 1.14178e-05 1.93361e-05 1.18936e-08 0.000737591 4.95128e-06 0.000265487 0.00394374 0.0182367 1.82209e-07 1.1721e-05 3.5431e-12 0.393433 6.06115e-05 0.000700311 0.00128276 8.08671e-12 
1.30391e-05 0.0456686 0.0119451 0.102927 0.000614103 0.00330293 0.245073 0.000492366 0.000686536 3.66274e-08 0.0682545 0.000602382 0.000890627 0.00018038 0.00288802 7.33709e-07 5.67807e-05 0.0027694 0.276566 0.0115174 0.222116 0.00343461 4.07579e-09 
0.000166827 4.17255e-13 0.0153743 0.0165844 0.00137968 0.0765736 0.00179666 3.27662e-12 0.368434 3.97679e-09 0.0012513 8.92812e-08 2.12155e-12 7.09663e-09 0.0244064 1.8499e-12 2.58542e-12 0.00138466 0.488131 1.4123e-05 1.87328e-08 0.00450347 2.90668e-08 
0.00156296 7.0786e-06 0.0125953 0.0464904 0.000395865 0.0161161 0.0097413 6.25885e-06 0.0189621 3.90874e-09 0.000806402 1.26161e-12 6.50509e-10 0.000372467 0.11731 1.00958e-10 1.79389e-09 0.000647144 0.768909 0.000670272 0.00118461 0.00419949 2.32264e-05 
6.61295e-05 2.08467e-05 0.0299494 0.0825854 0.000819339 0.0077664 0.339901 0.000815061 0.00724148 1.28088e-05 0.0108708 0.000463818 7.03381e-06 0.00646525 0.0135253 3.96603e-07 1.58566e-07 0.00111923 0.448697 0.00412618 0.043508 0.00203571 3.21514e-06 
1.6801e-05 1.67308e-07 0.00978521 0.224122 0.00497915 0.00891066 0.0854908 4.63914e-07 0.00574774 3.9138e-07 0.00118249 0.000230822 7.47821e-09 0.000950009 0.00777006 3.16734e-09 6.23954e-09 0.0321275 0.58874 0.000791831 0.0265092 0.00264436 3.54821e-07 
0.00131553 3.91586e-06 0.00719851 0.145525 0.00273838 0.232524 0.0102671 1.32638e-05 0.0356314 1.16703e-05 0.00282618 1.08002e-11 1.28523e-09 0.000177612 0.0759624 2.05135e-10 5.49676e-09 0.00259205 0.4449 0.00126417 0.00294665 0.0339786 0.000123792 
0.00245121 0.000679955 0.0300809 0.142195 0.0145367 0.0237873 0.127999 0.000573923 0.0120357 0.000492008 0.0361974 0.00160486 0.0105704 0.00345646 0.0569038 0.000243059 0.00237421 0.00544273 0.421567 0.0166415 0.0652574 0.0245631 0.00034679 
0.000226604 0.0112906 0.0456052 0.116856 0.028852 0.0224587 0.176059 0.000304051 0.0304651 0.0424283 0.0210336 0.00549803 0.00014051 0.0123297 0.0188783 4.83103e-05 0.000233731 0.00459082 0.400376 0.0114937 0.0186381 0.0240027 0.00819094 
1.60972e-05 4.59238e-06 0.00261999 0.00501619 8.02421e-06 0.00221576 0.206675 2.04697e-05 8.46894e-05 4.18465e-06 0.000590538 0.000506406 9.9588e-06 0.000360641 0.00177884 8.94126e-10 2.3834e-12 2.72473e-09 0.775605 0.000750898 0.00310635 0.000626012 9.30067e-11 
0.000275719 6.59671e-05 0.0736437 0.229546 0.00726304 0.0288171 0.0883076 0.00121329 0.0155123 0.000263874 0.0399213 0.000262306 0.000257137 0.00306983 0.103954 6.38947e-06 6.07362e-05 0.0131375 0.302504 0.00967868 0.0634056 0.0187599 7.37423e-05 
0.000135622 2.0321e-05 0.0897655 0.0849919 0.0102321 0.00341698 0.0735078 1.49661e-08 0.0164937 6.45507e-06 0.013004 8.55004e-05 1.01138e-05 2.27545e-05 0.00262054 5.34307e-09 1.23879e-08 0.00198647 0.549191 0.00788801 0.145616 0.00100506 1.17183e-07 
0.00250983 1.47484e-05 0.0109208 0.0620891 0.00169155 0.00108902 0.00889733 3.45456e-06 0.000194385 4.55817e-05 0.00494566 4.94682e-06 6.47654e-05 0.00313496 0.0548169 1.15491e-07 2.03563e-05 3.25398e-05 0.8385 0.000744028 0.0036707 0.00660739 1.78282e-06 
0.000215386 5.00243e-05 0.0315116 0.0490536 0.00155833 0.0068344 0.0392336 3.75941e-05 0.00595967 0.000142966 0.00214324 0.000259457 0.00323846 0.000933261 0.0177426 6.15407e-07 9.57133e-06 0.000630889 0.811855 0.00605679 0.0187866 0.00370539 4.12547e-05 
0.000135622 2.0321e-05 0.0897655 0.0849919 0.0102321 0.00341698 0.0735078 1.49661e-08 0.0164937 6.45507e-06 0.013004 8.55004e-05 1.01138e-05 2.27545e-05 0.00262054 5.34307e-09 1.23879e-08 0.00198647 0.549191 0.00788801 0.145616 0.00100506 1.17183e-07 
0.000276198 2.27071e-05 0.0321133 0.0554726 0.0016462 0.00625885 0.0238001 8.4498e-06 0.00545831 2.78339e-05 0.000825781 2.99643e-05 3.29042e-05 0.00106334 0.0157415 3.01667e-07 0.000140716 0.00114563 0.792915 0.00337738 0.0450531 0.0145883 1.70561e-06 
1.75802e-07 3.98445e-05 0.00454576 0.291183 0.00186668 0.00129671 0.0546202 0.000239553 0.000517305 0.0420817 0.0340061 6.55211e-08 0.000266632 0.00609724 0.0027828 0.0210827 4.60241e-05 1.32666e-06 0.46861 0.000445916 0.0690147 0.00125568 1.14203e-10 
0.00131292 0.000406369 0.013827 0.110998 0.0107266 0.12928 0.023153 9.48116e-05 0.00298091 7.15781e-08 0.262307 0.00771852 3.46544e-08 2.19093e-05 0.100736 1.5317e-05 0.0140985 0.000443258 0.293486 0.000443584 0.0200026 0.00794805 9.46422e-08 
0.000207229 2.11722e-05 0.00731279 0.0570794 0.0012536 0.0153382 0.297233 5.11647e-05 0.000453913 2.28462e-06 0.0298303 0.00233014 0.00932907 0.000228804 0.00942882 6.44675e-09 4.20791e-09 0.000132624 0.551448 0.000510614 0.00788432 0.00992485 4.26089e-10 
0.0049673 1.25074e-05 0.0161881 0.0882724 0.00170196 0.00666612 0.0501768 8.85823e-05 0.00445309 0.0040409 0.0122448 1.1635e-05 5.51978e-05 0.0101543 0.0380697 1.52485e-06 0.000399697 0.000530952 0.724667 0.00466506 0.0281043 0.00452142 6.38558e-06 
0.000747244 9.33607e-05 0.0464737 0.176428 0.00565158 0.0216869 0.0301767 4.12208e-05 0.0163085 3.95192e-05 0.0201725 0.00266166 0.00089386 0.00141355 0.0522023 2.54403e-06 0.00446426 0.000771585 0.555774 0.012229 0.0217029 0.0299946 7.08541e-05 
0.000349399 0.0213211 0.0244176 0.1896 0.0015992 0.0633387 0.0726491 5.54108e-06 0.0115659 7.18604e-09 0.0105511 5.33535e-06 4.23438e-06 1.32086e-05 0.161364 1.23198e-06 1.67189e-05 0.000253007 0.302921 0.00146531 0.108869 0.0296171 7.13421e-05 
3.46827e-08 2.59203e-05 0.00160531 0.0312994 0.000306971 1.74276e-07 0.0122788 1.77746e-08 7.01376e-08 5.72031e-12 0.00125515 6.42426e-12 6.10641e-12 0.00658529 0.00798346 5.32453e-12 2.27508e-08 2.1561e-12 0.932591 0.00282186 0.000829957 0.00241626 5.06114e-09 
0.00412702 3.93111e-06 0.0247765 0.0780987 0.0328622 0.0116431 0.00565599 1.15205e-05 0.123114 2.05085e-07 2.80143e-05 1.23951e-06 4.72162e-05 3.35965e-06 0.060306 5.34292e-08 1.29191e-08 0.0832832 0.419177 0.00204845 0.140735 0.0140136 6.40341e-05 
1.78297e-11 0.000426066 0.0021219 0.25668 0.00819 0.00323859 0.0262314 0.00166542 0.00555713 5.62319e-07 0.0730729 0.000637869 2.86634e-06 1.21173e-11 0.244491 7.2266e-09 2.69041e-05 3.03336e-07 0.277639 7.33444e-07 0.0325645 0.067452 6.21522e-08 
0.000240414 0.00205407 0.0110957 0.0567047 0.0036831 0.0256091 0.00375435 0.00245609 0.0125526 0.00241859 0.0496354 0.0011856 0.000584951 0.00199527 0.0428943 1.75424e-05 0.0936396 0.000477494 0.616469 0.00837706 0.01425 0.0499031 1.48896e-06 
1.37546e-08 6.69336e-13 0.00260347 0.0367597 0.000446596 0.00282983 0.000808434 4.92567e-10 0.00145719 2.51145e-07 0.00102762 0.000316875 6.58722e-10 9.38332e-07 0.00100722 2.9675e-12 1.59696e-10 0.000133035 0.950127 4.7217e-05 0.00187875 0.000556227 2.74262e-12 
0.00351376 2.06473e-05 0.0151517 0.0853103 0.00235601 0.00152463 0.011755 4.05562e-06 0.000272138 5.9882e-05 0.00692391 6.92476e-06 8.48907e-05 0.00432948 0.0764646 1.61618e-07 2.84972e-05 4.5555e-05 0.776952 0.00103186 0.00494413 0.00921694 2.4956e-06 
0.00156296 7.0786e-06 0.0125953 0.0464904 0.000395865 0.0161161 0.0097413 6.25885e-06 0.0189621 3.90874e-09 0.000806402 1.26161e-12 6.50509e-10 0.000372467 0.11731 1.00958e-10 1.79389e-09 0.000647144 0.768909 0.000670272 0.00118461 0.00419949 2.32264e-05 
0.000191968 0.0130118 0.0305718 0.021179 0.00507083 0.0295006 0.00588806 1.13535e-05 0.0221227 5.14407e-05 0.0147637 0.000861267 0.00239766 0.048 0.268078 1.42782e-05 6.97159e-05 0.000518303 0.294287 0.0866202 0.0473098 0.109481 1.31613e-07 
1.09926e-05 7.74493e-10 0.00863166 0.00245868 0.000142263 0.00876156 0.000567421 5.41746e-07 0.025668 3.28529e-10 7.41311e-05 2.72164e-09 9.68264e-05 6.3896e-05 0.00218789 2.10759e-06 4.46132e-05 0.000681977 0.928354 0.00405449 0.00302606 0.0151713 1.0743e-06 
0.00250983 1.47484e-05 0.0109208 0.0620891 0.00169155 0.00108902 0.00889733 3.45456e-06 0.000194385 4.55817e-05 0.00494566 4.94682e-06 6.47654e-05 0.00313496 0.0548169 1.15491e-07 2.03563e-05 3.25398e-05 0.8385 0.000744028 0.0036707 0.00660739 1.78282e-06 
0.00104199 4.7197e-06 0.00839686 0.035322 0.000263913 0.0107441 0.00723864 5.37884e-06 0.0126414 3.073e-09 0.000537607 1.1616e-12 5.33219e-10 0.000248323 0.0782068 8.28417e-11 1.41046e-09 0.000431435 0.840689 0.000446852 0.000964081 0.00280109 1.5486e-05 
0.000277736 1.55468e-12 9.80408e-05 0.0131909 0.00343267 0.108344 0.000294424 1.62478e-06 0.00572225 7.40498e-12 0.000995481 5.20607e-05 0.00306222 6.05395e-06 0.00110418 3.97018e-09 9.63318e-12 0.000348349 0.844222 0.00135674 0.0104764 0.00699495 1.94621e-05 
1.90695e-05 2.49125e-05 0.0176802 0.19601 0.00146802 0.000236808 0.29745 1.95786e-08 6.20965e-09 1.88508e-08 0.000344991 5.66647e-07 7.40744e-06 0.0016277 0.0064663 4.51695e-07 2.07339e-05 2.63101e-12 0.477754 0.000151493 0.000379596 0.000358151 6.00496e-12 
0.0025589 9.26687e-06 0.0200347 0.0545011 0.00291816 0.00595843 0.00745866 6.25205e-06 0.00432628 0.000384952 0.00273294 6.41775e-06 4.49184e-05 0.000965328 0.0365973 1.58642e-07 8.2379e-06 0.00322111 0.839336 0.00471797 0.0097966 0.00439594 2.06427e-05 
0.00170806 4.91017e-05 0.00578125 0.0756963 0.0027109 0.00791096 0.0743273 1.7749e-05 0.0027871 0.000147569 0.00296207 2.59788e-05 2.80318e-05 0.00741221 0.0349759 3.24742e-08 2.38119e-05 0.000633929 0.748953 0.00202401 0.027297 0.00450347 2.48586e-05 
0.00189803 3.10961e-05 0.00597401 0.0763423 0.00133675 0.00481353 0.0116859 5.5161e-05 6.25944e-05 2.15197e-06 0.0130908 5.66381e-08 0.000285168 0.000153027 0.0275564 1.32414e-07 2.11508e-05 0.00011017 0.849239 0.000547972 0.00316627 0.00362871 2.65127e-08 
0.00105969 0.000196239 0.00587841 0.148536 0.00165747 0.00280617 0.0508357 1.11415e-06 0.000353366 0.000294236 0.0131205 4.12393e-07 5.35531e-05 0.028033 0.0242805 0.0164602 6.58658e-05 0.000148889 0.687894 0.00176658 0.012958 0.00359995 5.03223e-07 
0.00250983 1.47484e-05 0.0109208 0.0620891 0.00169155 0.00108902 0.00889733 3.45456e-06 0.000194385 4.55817e-05 0.00494566 4.94682e-06 6.47654e-05 0.00313496 0.0548169 1.15491e-07 2.03563e-05 3.25398e-05 0.8385 0.000744028 0.0036707 0.00660739 1.78282e-06 
1.50288e-05 5.23999e-06 0.0697015 0.156113 0.00699916 0.00278054 0.174901 1.96796e-05 0.00232867 7.97909e-06 0.00938821 3.55868e-05 1.16748e-05 0.000659154 0.0933373 3.81088e-07 1.10146e-05 5.44376e-05 0.361102 0.00201752 0.113712 0.00679843 3.28548e-08 
0.00406473 0.00010801 0.0606222 0.0406864 0.00746628 0.070031 0.000465234 0.00089539 0.0037674 0.00514599 0.13642 7.02668e-05 0.000230209 0.00060593 0.0282004 0.000381673 0.00220282 0.0271053 0.530695 0.000852654 0.0290375 0.0508392 0.000106282 
0.00250983 1.47484e-05 0.0109208 0.0620891 0.00169155 0.00108902 0.00889733 3.45456e-06 0.000194385 4.55817e-05 0.00494566 4.94682e-06 6.47654e-05 0.00313496 0.0548169 1.15491e-07 2.03563e-05 3.25398e-05 0.8385 0.000744028 0.0036707 0.00660739 1.78282e-06 
9.52671e-09 9.30332e-09 1.32153e-08 0.384441 8.72925e-09 3.70907e-05 0.0214521 4.45443e-12 7.34109e-09 3.0533e-08 0.000453889 3.03428e-12 1.18279e-08 0.00229565 1.79366e-08 2.51486e-12 6.25664e-08 1.01836e-12 0.539311 4.24079e-09 0.0520098 3.99189e-08 2.32428e-12 
4.06913e-05 7.13997e-06 0.0803366 0.141427 0.0439537 0.0158599 0.242469 0.0024008 0.0212343 2.00955e-05 0.00723697 4.90174e-06 1.20833e-05 0.00022306 0.141848 1.59229e-07 2.54825e-07 0.00270255 0.274089 0.00288042 0.0201168 0.00160775 0.00152882 
2.106e-06 2.48485e-05 0.0246425 0.302783 0.000489025 0.00251917 0.0144046 2.54221e-05 0.00130341 1.3303e-05 0.0374306 1.0361e-06 0.00176223 4.2904e-06 0.0443184 9.55745e-06 2.94572e-06 0.0182404 0.466838 0.00966346 0.073984 0.00153398 3.48075e-06 
0.000370548 1.2593e-05 0.0502448 0.0685069 0.000496397 0.0153788 0.373482 0.00043434 0.00339811 2.83969e-05 0.0019518 0.00146337 0.0020274 0.00396297 0.0343375 3.81705e-07 1.11218e-08 0.000308431 0.388285 0.00438623 0.0378287 0.013095 5.49762e-10 
3.46827e-08 2.59203e-05 0.00160531 0.0312994 0.000306971 1.74276e-07 0.0122788 1.77746e-08 7.01376e-08 5.72031e-12 0.00125515 6.42426e-12 6.10641e-12 0.00658529 0.00798346 5.32453e-12 2.27508e-08 2.1561e-12 0.932591 0.00282186 0.000829957 0.00241626 5.06114e-09 
1.37546e-08 6.69336e-13 0.00260347 0.0367597 0.000446596 0.00282983 0.000808434 4.92567e-10 0.00145719 2.51145e-07 0.00102762 0.000316875 6.58722e-10 9.38332e-07 0.00100722 2.9675e-12 1.59696e-10 0.000133035 0.950127 4.7217e-05 0.00187875 0.000556227 2.74262e-12 
1.37546e-08 6.69336e-13 0.00260347 0.0367597 0.000446596 0.00282983 0.000808434 4.92567e-10 0.00145719 2.51145e-07 0.00102762 0.000316875 6.58722e-10 9.38332e-07 0.00100722 2.9675e-12 1.59696e-10 0.000133035 0.950127 4.7217e-05 0.00187875 0.000556227 2.74262e-12 
0.00157554 0.00175701 0.0922173 0.31098 0.00928173 0.00332088 0.0588626 0.00748565 0.000155266 1.37363e-05 0.0121667 5.45078e-05 0.000102663 0.0180195 0.0167208 2.92405e-06 4.28473e-05 9.15555e-05 0.38459 0.0425487 0.0252095 0.0148002 2.10163e-08 
0.00219416 0.000140271 0.00881578 0.294003 0.000975001 0.0281158 0.0699498 2.33902e-06 0.000880191 0.000186542 0.0151694 8.47678e-07 2.72452e-05 0.0190931 0.0745633 1.74668e-06 3.97694e-05 0.000721216 0.429392 0.0267559 0.0187763 0.0101775 1.91711e-05 
1.80117e-08 2.87213e-07 2.3095e-08 0.0158764 0.000118482 0.00031014 0.00112942 6.53318e-06 1.47115e-05 8.70612e-12 0.000492986 9.77752e-12 9.29377e-12 3.72245e-08 0.00011794 1.01834e-09 1.15414e-08 1.63437e-08 0.973905 0.000869852 0.00713778 2.72057e-06 1.763e-05 
5.57095e-05 1.71366e-05 0.00336916 0.0550741 0.00013638 7.36871e-06 0.0204395 1.54352e-07 0.00205062 3.16238e-06 1.27334e-05 7.30501e-09 5.82005e-07 7.75728e-06 1.81921e-05 1.12458e-09 2.61753e-09 0.000898794 0.87812 9.74576e-05 0.0396867 4.95449e-06 1.97818e-12 
1.88739e-05 3.01768e-05 0.00464864 0.00672548 0.000364406 0.0146239 0.0175743 2.99916e-06 0.00692494 4.36005e-06 0.000788039 0.000482336 7.0741e-05 0.000321407 0.00733384 1.46741e-06 0.000497161 0.000583496 0.896403 0.00261549 0.00364486 0.0363369 2.81393e-06 
0.00308792 6.66134e-05 0.0957012 0.0875586 0.00041622 0.0225833 0.243655 9.0894e-06 0.0345967 4.44417e-09 0.00785307 2.80622e-05 8.84347e-06 0.0114623 0.0890448 7.52091e-07 5.59606e-06 0.00101517 0.311728 0.0108522 0.0574436 0.0228826 1.1084e-08 
1.19059e-09 2.04593e-08 0.023318 0.137177 0.000274553 2.46865e-07 0.00238499 9.29658e-11 0.000748357 5.63875e-11 8.9394e-12 6.33267e-11 6.01935e-11 4.06652e-07 1.43243e-07 5.24861e-11 7.33548e-11 0.00114855 0.640444 6.4796e-06 0.194497 8.96257e-08 4.85088e-11 
1.36194e-05 8.81098e-05 0.00418525 0.070896 4.91183e-05 0.000693694 0.138485 6.65295e-06 0.000106498 3.97723e-08 0.002576 0.000103023 0.000349115 0.00784728 0.00181093 2.60618e-09 3.44384e-06 0.000623195 0.759267 0.00228604 0.0100533 0.000553886 2.72308e-06 
1.97107e-05 2.91368e-05 0.252601 0.0539506 0.00140389 0.0100896 0.0322868 6.22807e-05 0.00020337 4.22934e-06 0.0174705 8.06685e-05 1.21596e-06 2.20462e-05 0.221903 4.5476e-07 4.73423e-05 6.10576e-05 0.403917 9.7695e-05 0.0041774 0.00157069 1.47306e-10 
0.00834553 4.69831e-06 0.00527862 0.00255018 0.00110797 0.0255904 0.000322165 1.00788e-06 0.0103715 7.64341e-09 8.19877e-05 4.55775e-05 7.51157e-05 4.41231e-05 0.00785494 1.64646e-06 5.42912e-05 0.000691809 0.914375 0.005364 0.00172749 0.0161028 9.35808e-06 
0.000561696 0.0030793 0.0360562 0.0408485 0.0200234 0.0393748 0.00345652 5.93545e-05 0.0225523 5.43498e-06 0.179516 0.00933125 0.00212237 0.00348092 0.263272 9.49798e-06 0.000942173 0.00179094 0.301023 0.0109725 0.0203549 0.0408792 0.00028873 
0.000223127 4.4211e-05 0.046737 0.117944 0.00827447 0.0347249 0.138813 0.000127213 0.152559 9.28505e-05 0.0556219 0.000355766 4.86898e-05 0.00297488 0.0647555 4.95897e-06 7.27188e-05 0.000735607 0.288146 0.0143117 0.038809 0.0340493 0.000573662 
3.55994e-05 1.02594e-05 0.00246719 0.0537454 0.000142734 0.00848096 0.0229545 1.32027e-06 0.000362346 1.47192e-09 0.00248617 1.29918e-06 0.015128 1.47485e-05 0.0357425 1.66908e-06 5.61885e-09 0.000306733 0.839162 0.000158115 0.0104118 0.00838263 3.54092e-06 
0.000336216 8.2117e-05 0.000625592 0.0373586 0.00670739 0.0723748 0.00409496 1.57623e-05 0.00667197 9.34954e-05 0.0108225 0.00214519 0.000108698 0.00520177 0.0192546 2.34715e-07 4.89517e-08 0.000431092 0.783289 0.00327603 0.0300573 0.0169773 7.53128e-05 
2.46197e-05 3.78635e-05 0.00213418 0.00093181 0.00365444 0.050948 0.000225419 7.68119e-07 0.00809726 2.48427e-06 0.00058187 0.000341571 0.00032807 0.000146873 0.0231454 2.24723e-06 4.65321e-05 0.00233545 0.720065 0.00194567 0.0055153 0.179268 0.000220801 
0.0132033 0.000148974 0.00344239 0.0408302 0.000492475 0.00391123 0.00346947 5.73287e-06 0.00102738 0.000561025 0.0114174 1.18084e-05 1.48507e-06 0.00349246 0.0346369 7.43393e-06 0.0672784 7.25675e-06 0.795466 0.00237484 0.00475868 0.0134544 7.65977e-07 
1.69871e-05 2.64048e-05 0.00156637 0.0105778 0.00198936 0.0377705 0.00123698 1.63185e-06 0.00820668 5.42288e-05 0.000336948 0.000116204 0.000176387 0.000157733 0.00922345 1.06852e-06 0.00111665 0.000995237 0.825961 0.00164224 0.00412028 0.0945664 0.000139538 
0.00011434 6.56878e-06 0.00920711 0.0585261 0.0166905 0.0833458 0.00310569 3.50408e-05 0.0415883 3.04498e-05 0.0398716 0.000110254 0.0013593 0.00171293 0.0706053 1.60041e-06 0.000230163 0.00170811 0.305618 0.018154 0.0501014 0.279501 0.0183768 
0.000753357 0.00269979 0.115435 0.112177 0.0261271 0.0607111 0.0190139 9.0354e-05 0.0533041 1.86411e-05 0.0159515 0.00876407 0.00370751 0.0037863 0.0540777 6.52816e-07 2.40368e-05 0.0762654 0.31735 0.100762 0.00703884 0.0218071 0.00013401 
9.52671e-09 9.30332e-09 1.32153e-08 0.384441 8.72925e-09 3.70907e-05 0.0214521 4.45443e-12 7.34109e-09 3.0533e-08 0.000453889 3.03428e-12 1.18279e-08 0.00229565 1.79366e-08 2.51486e-12 6.25664e-08 1.01836e-12 0.539311 4.24079e-09 0.0520098 3.99189e-08 2.32428e-12 
3.46827e-08 2.59203e-05 0.00160531 0.0312994 0.000306971 1.74276e-07 0.0122788 1.77746e-08 7.01376e-08 5.72031e-12 0.00125515 6.42426e-12 6.10641e-12 0.00658529 0.00798346 5.32453e-12 2.27508e-08 2.1561e-12 0.932591 0.00282186 0.000829957 0.00241626 5.06114e-09 
0.000103254 1.55734e-05 0.0983264 0.0637547 0.00768689 0.00256617 0.0551495 7.33286e-08 0.0123771 5.49939e-06 0.00975881 6.61876e-05 8.53578e-06 1.74779e-05 0.0019673 2.64683e-08 6.06424e-08 0.0014942 0.559101 0.00592351 0.180921 0.000755622 4.82142e-07 
0.00430909 0.000150544 0.0106213 0.106922 0.00191493 0.00443298 0.0202897 4.54686e-06 0.000254439 8.92869e-05 0.00586109 1.63578e-06 2.86884e-06 0.026098 0.0788668 1.20004e-07 7.80098e-05 0.00063048 0.718839 0.00432965 0.0101347 0.00616647 2.06318e-06 
1.60972e-05 4.59238e-06 0.00261999 0.00501619 8.02421e-06 0.00221576 0.206675 2.04697e-05 8.46894e-05 4.18465e-06 0.000590538 0.000506406 9.9588e-06 0.000360641 0.00177884 8.94126e-10 2.3834e-12 2.72473e-09 0.775605 0.000750898 0.00310635 0.000626012 9.30067e-11 
0.0198747 0.000172705 0.11351 0.0821497 0.0117772 0.0275528 0.0017544 4.67024e-05 0.243146 2.49272e-05 0.0186555 9.37744e-05 9.4066e-06 0.000825463 0.0365449 1.02238e-05 0.000165155 0.00103487 0.363691 0.026225 0.0151087 0.0370863 0.00053997 
0.00110552 3.93914e-05 0.0193662 0.169484 0.00576499 0.0142223 0.111302 3.27168e-05 0.0184564 0.000844737 0.0262646 9.3637e-06 7.9283e-05 0.00308483 0.0574075 0.00359131 5.39971e-05 0.0008727 0.501032 0.00198758 0.0405217 0.0242903 0.000186692 
0.0105275 0.00308827 0.0211983 0.0410733 0.00294562 0.0164252 0.0128874 9.7275e-06 0.0105294 6.90628e-05 0.014098 0.000311925 0.020288 0.00456899 0.17338 2.76979e-05 1.71281e-05 0.00136954 0.571339 0.0222377 0.0234374 0.050171 4.10575e-07 
0.00156296 7.0786e-06 0.0125953 0.0464904 0.000395865 0.0161161 0.0097413 6.25885e-06 0.0189621 3.90874e-09 0.000806402 1.26161e-12 6.50509e-10 0.000372467 0.11731 1.00958e-10 1.79389e-09 0.000647144 0.768909 0.000670272 0.00118461 0.00419949 2.32264e-05 
2.41449e-05 6.88755e-06 0.00384852 0.00692758 1.03719e-05 0.00332363 0.306528 2.85876e-05 0.000127033 4.71781e-06 0.000885805 0.000759601 1.18334e-05 0.000479701 0.00258433 1.26914e-09 3.19826e-12 3.85371e-09 0.668 0.00107122 0.00445013 0.00092836 1.31431e-10 
0.00592429 5.75571e-07 5.75694e-07 0.0549226 0.00195758 0.0223366 0.140491 0.000517369 5.75635e-07 0.00298968 0.0416754 5.74712e-07 0.000173005 0.00178409 0.00587286 0.000575469 5.74545e-07 5.75413e-07 0.666781 0.00759817 0.0263053 0.0200919 5.74961e-07 
1.14076e-07 3.70342e-05 0.0456795 0.319617 5.88761e-05 0.000106881 0.0263957 2.96331e-06 0.00856036 2.09339e-07 0.000423676 5.02951e-08 4.32652e-07 0.000966025 0.000140125 5.17682e-07 1.81082e-08 0.00910857 0.457475 0.00548612 0.123081 0.00285238 7.65197e-06 
0.000623886 0.000278889 0.0354118 0.208845 0.00357072 0.00557048 0.14854 1.68314e-05 0.00244301 0.000814618 0.0132744 9.52848e-05 3.97591e-05 0.00282066 0.0382808 2.41401e-07 4.21042e-05 0.00494588 0.447748 0.00759256 0.0746067 0.00442718 1.07765e-05 
0.000242934 6.54594e-06 0.0255385 0.0385883 0.000281922 0.00218717 0.0339005 1.8333e-05 0.00603847 4.55663e-06 0.000612426 2.89069e-06 7.03961e-07 0.000186678 0.0256165 2.32171e-08 6.52346e-06 0.000327392 0.858216 0.00222189 0.00438301 0.00160263 1.61721e-05 
2.46196e-05 4.55206e-05 0.00655503 0.00190018 0.00443387 0.0389749 0.000568389 3.02126e-06 0.00857651 2.48395e-06 0.00103371 7.56478e-05 0.000372807 0.000295325 0.0358466 1.92621e-06 2.34184e-05 0.00139849 0.693638 0.00240841 0.0063505 0.19725 0.000220801 
1.14076e-07 3.70342e-05 0.0456795 0.319617 5.88761e-05 0.000106881 0.0263957 2.96331e-06 0.00856036 2.09339e-07 0.000423676 5.02951e-08 4.32652e-07 0.000966025 0.000140125 5.17682e-07 1.81082e-08 0.00910857 0.457475 0.00548612 0.123081 0.00285238 7.65197e-06 
0.00189451 4.12204e-06 0.000529705 0.066008 1.15367e-07 0.00140421 0.034996 2.33501e-10 0.00210387 9.1556e-08 1.15721e-05 5.90476e-07 1.727e-06 6.65344e-11 0.00199374 1.31829e-10 7.21138e-08 1.90863e-07 0.879907 0.000846106 0.0102739 6.51057e-08 2.39884e-05 
5.49727e-05 5.0539e-05 0.00703722 0.0161643 0.00205759 0.0213157 0.00510785 1.2469e-06 0.00883754 1.85995e-05 0.000356847 0.000100542 8.99399e-05 7.44614e-05 0.00789353 8.15422e-07 0.000353285 0.00209766 0.856149 0.00310014 0.0189391 0.0501469 5.23762e-05 
0.000726848 4.8259e-06 0.00736841 0.214421 0.000482772 0.00101623 0.0539212 1.98682e-05 0.00487062 1.13891e-08 0.00359065 1.91332e-05 3.59781e-09 3.40724e-05 0.0410502 5.76502e-10 6.00417e-05 0.000798643 0.550776 0.00317607 0.11715 0.000380839 0.000131627 
0.00119319 7.42006e-06 0.00642356 0.0537416 0.00318716 0.00503751 0.0694798 1.43325e-05 0.00318315 8.58939e-05 0.00270277 3.45742e-05 6.35626e-05 0.00105894 0.0276164 3.16563e-08 5.49176e-06 0.000202493 0.797348 0.000616963 0.0223809 0.00558737 2.91478e-05 
0.00114325 0.0680783 0.0186119 0.217097 0.00540005 0.0601196 0.11281 0.0146415 0.0142333 2.29131e-06 0.00695552 6.8249e-05 2.39493e-05 0.00169758 0.0807737 6.96545e-05 1.29729e-06 0.000733768 0.324071 0.00908451 0.030861 0.0334645 5.88419e-05 
3.86324e-06 9.92594e-06 0.125126 0.0318558 0.000685685 0.000247334 0.122378 8.89644e-05 0.0098653 2.15742e-05 0.000479884 2.93171e-05 5.10683e-06 5.82796e-05 0.017975 1.65061e-07 2.07404e-05 0.000486138 0.671628 0.00895925 0.00848957 0.00158633 1.23023e-12 
0.00156296 7.0786e-06 0.0125953 0.0464904 0.000395865 0.0161161 0.0097413 6.25885e-06 0.0189621 3.90874e-09 0.000806402 1.26161e-12 6.50509e-10 0.000372467 0.11731 1.00958e-10 1.79389e-09 0.000647144 0.768909 0.000670272 0.00118461 0.00419949 2.32264e-05 
4.75006e-06 1.3481e-05 0.169763 0.0381299 0.000886643 0.000326772 0.160359 0.000111291 0.0122777 1.97944e-05 0.000594302 3.09516e-05 6.57239e-06 7.63922e-05 0.0233244 2.19487e-07 2.65451e-05 0.00049373 0.569307 0.0108439 0.0111847 0.00221892 1.31329e-12 
0.000540351 2.13494e-05 0.0259288 0.0281581 0.00116087 0.000554038 0.0095706 1.99261e-06 0.00105836 0.000108045 0.00169958 3.55888e-06 1.76944e-05 0.00385156 0.0201425 6.57986e-08 1.34227e-05 9.02224e-05 0.895994 0.00303276 0.00560875 0.00244311 2.83619e-07 
0.000584927 0.000225025 0.0122781 0.0512123 0.00395157 0.010626 0.118965 5.86564e-05 0.00240823 0.000575964 0.00385285 0.000326763 0.00131657 0.0040705 0.025517 1.16656e-06 2.97444e-05 0.00110793 0.724389 0.00933434 0.018471 0.0106101 8.78266e-05 
0.000587226 1.37892e-05 0.0494135 0.0442077 0.00119264 0.000626548 0.0459517 2.90944e-05 0.00281319 3.90761e-05 0.00209265 1.74944e-05 3.15149e-05 0.00102015 0.0340595 1.42018e-07 2.58468e-05 0.000195264 0.803709 0.00376781 0.00600179 0.00420422 3.57768e-07 
0.00104199 4.7197e-06 0.00839686 0.035322 0.000263913 0.0107441 0.00723864 5.37884e-06 0.0126414 3.073e-09 0.000537607 1.1616e-12 5.33219e-10 0.000248323 0.0782068 8.28417e-11 1.41046e-09 0.000431435 0.840689 0.000446852 0.000964081 0.00280109 1.5486e-05 
0.00430909 0.000150544 0.0106213 0.106922 0.00191493 0.00443298 0.0202897 4.54686e-06 0.000254439 8.92869e-05 0.00586109 1.63578e-06 2.86884e-06 0.026098 0.0788668 1.20004e-07 7.80098e-05 0.00063048 0.718839 0.00432965 0.0101347 0.00616647 2.06318e-06 
4.87788e-05 5.49219e-06 0.0110754 0.0235435 0.000180144 0.00258318 0.00740438 5.37607e-07 0.0144979 1.44564e-06 0.000123712 4.13156e-07 2.9535e-05 3.21224e-05 0.000954925 6.94236e-07 2.41121e-05 0.00113626 0.913332 0.00365521 0.0173656 0.00400441 2.47318e-07 
3.39373e-06 9.62992e-06 0.121259 0.0318045 0.000633322 0.000233411 0.119035 8.36835e-05 0.00876978 1.41411e-05 0.000424506 2.211e-05 4.69527e-06 5.45687e-05 0.0166603 1.56907e-07 1.89632e-05 0.000352671 0.682881 0.00774565 0.00840286 0.00158601 1.20888e-12 
0.145804 2.95867e-08 1.90922e-08 0.00229794 8.37063e-13 3.92815e-09 2.33796e-08 2.31427e-09 6.15498e-13 4.32687e-12 1.11709e-08 2.84302e-08 4.61892e-12 1.63916e-08 9.5379e-09 3.50609e-09 1.11295e-08 1.04441e-08 0.851509 2.90082e-07 9.62114e-09 0.000388627 3.7223e-12 
0.00430909 0.000150544 0.0106213 0.106922 0.00191493 0.00443298 0.0202897 4.54686e-06 0.000254439 8.92869e-05 0.00586109 1.63578e-06 2.86884e-06 0.026098 0.0788668 1.20004e-07 7.80098e-05 0.00063048 0.718839 0.00432965 0.0101347 0.00616647 2.06318e-06 
0.0163423 3.3775e-05 0.00202387 0.0717493 0.047371 0.117689 0.00224878 0.000270665 0.00566614 2.56969e-07 0.0204066 0.146129 0.000306517 0.000985513 0.0545817 6.52385e-07 7.83862e-12 0.000205814 0.257836 0.00262659 0.137988 0.115526 1.25961e-05 
1.48307e-05 3.9557e-05 0.0169435 0.265387 0.00103435 0.00034772 0.291542 1.79893e-05 3.57088e-05 8.31973e-07 0.000845704 7.81938e-06 0.000900023 0.00933692 0.0194961 2.39157e-07 1.3126e-05 3.67949e-12 0.391846 6.51474e-05 0.000747655 0.00137789 8.39801e-12 
0.0013726 0.007245 0.0212855 0.299204 0.00243364 0.0257365 0.0473041 0.00022222 0.00518544 0.000753374 0.0542723 0.000649408 0.000204323 0.00467211 0.0242201 0.000130501 0.000746325 0.00481779 0.419493 0.00339283 0.0506212 0.0259821 5.58133e-05 
0.00654946 9.89961e-05 0.0148101 0.104061 0.000684788 0.00436861 0.0113354 3.81385e-05 0.00274451 5.67264e-05 0.0071213 6.3446e-06 4.042e-05 0.000257912 0.0360298 1.08692e-06 0.00113241 0.000644209 0.802173 0.000451707 0.00562277 0.00175929 1.15499e-05 
1.60972e-05 4.59238e-06 0.00261999 0.00501619 8.02421e-06 0.00221576 0.206675 2.04697e-05 8.46894e-05 4.18465e-06 0.000590538 0.000506406 9.9588e-06 0.000360641 0.00177884 8.94126e-10 2.3834e-12 2.72473e-09 0.775605 0.000750898 0.00310635 0.000626012 9.30067e-11 
1.84265e-05 5.40494e-05 0.0043545 0.161026 0.00793485 0.000780421 0.0636106 5.98211e-07 9.38391e-05 6.18272e-11 0.0133911 6.94358e-11 6.60004e-11 0.0191651 0.0342038 5.75495e-11 4.26876e-06 0.00106321 0.687814 0.00293854 0.000474366 0.00282471 0.000247105 
3.28118e-08 3.60811e-12 0.00140531 0.0795482 5.34285e-08 0.0032138 0.420001 2.49577e-06 6.22099e-05 7.62793e-09 0.00190302 2.95826e-08 1.8572e-07 0.000185293 0.00192185 4.85931e-08 2.23568e-11 0.000554018 0.481858 0.000642136 0.00861288 8.99077e-05 2.04115e-07 
0.0097065 1.05368e-07 0.00341549 0.26366 0.00074852 0.00631629 0.0249529 1.20236e-08 2.29545e-12 1.45695e-08 0.000492598 1.81225e-11 9.70971e-08 0.0185734 0.232556 1.40271e-09 4.35199e-05 4.22439e-08 0.434894 4.18262e-05 0.000305868 0.00429354 2.38016e-08 
5.89341e-05 3.14761e-06 0.184555 0.0548952 0.0103281 0.000342814 0.0616523 6.80814e-05 0.112605 0.000110769 0.0389909 9.97337e-05 0.00139555 1.43556e-05 0.0152906 3.33524e-07 4.66134e-07 0.16274 0.210946 0.0432856 0.0809651 0.0216407 1.0407e-05 
0.000519195 0.000127035 0.0963999 0.199027 0.00368654 0.0590378 0.05499 0.000452212 0.0176876 3.73295e-05 0.0484613 0.000782375 3.87853e-05 0.00413015 0.0624881 2.45862e-05 0.000755568 0.00309535 0.33672 0.0145227 0.0498949 0.0470111 0.000110012 
1.09926e-05 7.74493e-10 0.00863166 0.00245868 0.000142263 0.00876156 0.000567421 5.41746e-07 0.025668 3.28529e-10 7.41311e-05 2.72164e-09 9.68264e-05 6.3896e-05 0.00218789 2.10759e-06 4.46132e-05 0.000681977 0.928354 0.00405449 0.00302606 0.0151713 1.0743e-06 
6.29009e-08 3.5184e-08 3.88919e-12 0.034636 0.0014278 0.0100432 5.11582e-07 7.89182e-11 3.36377e-07 3.44691e-07 0.334625 5.37577e-11 5.1098e-11 9.19747e-07 0.00565227 8.02439e-08 3.15718e-06 0.00499878 0.594656 0.00153772 0.00509828 0.00731726 1.49895e-06 
0.000135622 2.0321e-05 0.0897655 0.0849919 0.0102321 0.00341698 0.0735078 1.49661e-08 0.0164937 6.45507e-06 0.013004 8.55004e-05 1.01138e-05 2.27545e-05 0.00262054 5.34307e-09 1.23879e-08 0.00198647 0.549191 0.00788801 0.145616 0.00100506 1.17183e-07 
0.000586816 3.07714e-05 0.0502675 0.276214 0.00659609 0.0323707 0.0596403 0.000560393 0.0340496 0.00308433 0.0388612 0.0293035 0.00283811 0.00476499 0.0461848 3.85496e-05 0.000365734 0.00625158 0.279843 0.010197 0.0958386 0.0218953 0.0002167 
0.00085223 3.5105e-05 0.0115048 0.0184881 0.000529902 0.00605896 0.153733 1.23167e-05 0.00437519 3.46097e-05 0.00177743 0.000368551 1.05439e-05 0.00903554 0.0317964 1.46866e-07 1.23893e-06 0.000151306 0.74414 0.00741032 0.00584986 0.0038318 2.50093e-06 
0.00114994 1.04642e-05 0.00490803 0.0434803 0.000511042 0.00469956 0.00627569 2.44922e-05 0.00587556 2.35633e-05 0.00298731 7.5977e-07 0.0062306 0.000498437 0.0347698 7.17735e-07 3.65978e-06 0.000311166 0.879515 0.00101958 0.00474091 0.00294647 1.64804e-05 
0.00567401 0.00103344 0.0406086 0.0715148 0.00011371 0.000481145 0.0701522 5.12623e-07 0.219635 0.00152566 0.130109 0.00209354 5.32276e-07 0.00172345 0.16306 0.000111757 1.37897e-06 0.0044352 0.221574 0.028723 0.0111623 0.0262563 9.85781e-06 
0.00270525 8.06557e-07 0.000566098 0.112487 0.0257584 0.00331655 0.0167416 4.29339e-06 0.063567 1.26398e-06 0.0133969 0.222772 6.29781e-05 0.00163529 0.0296484 3.40665e-07 0.000328036 0.0348273 0.290123 0.009447 0.160868 0.011454 0.000288326 
0.00250983 1.47484e-05 0.0109208 0.0620891 0.00169155 0.00108902 0.00889733 3.45456e-06 0.000194385 4.55817e-05 0.00494566 4.94682e-06 6.47654e-05 0.00313496 0.0548169 1.15491e-07 2.03563e-05 3.25398e-05 0.8385 0.000744028 0.0036707 0.00660739 1.78282e-06 
0.000863012 8.6598e-05 0.0386958 0.291344 0.00582385 0.0147828 0.0817281 0.000644375 0.0116493 0.000142025 0.0117987 0.0015751 0.000289306 0.00819886 0.045227 7.27901e-06 0.00012321 0.00537459 0.370026 0.0110551 0.0852271 0.0140543 0.00128333 
7.29582e-06 4.10451e-07 1.10831e-05 0.00559817 0.000371671 0.00797648 0.00057721 8.75799e-06 0.000668657 4.26508e-07 0.00023548 1.55212e-05 3.95312e-05 9.27703e-06 0.00989897 2.27452e-09 3.75172e-12 4.39802e-05 0.964576 3.92856e-05 0.00340917 0.00651278 4.78824e-08 
1.09349e-08 5.99281e-09 0.000141819 0.340168 1.40269e-07 0.00759794 0.0803932 0.000160669 5.77745e-05 3.43763e-08 0.00339018 1.27042e-08 5.20875e-05 2.83962e-08 4.31219e-07 1.72817e-09 3.4144e-08 2.83152e-09 0.560489 0.000691135 0.00519506 0.00166273 7.60215e-13 
7.64463e-06 2.7975e-05 0.0136532 0.272753 0.00100294 0.000337504 0.29351 1.14178e-05 1.93361e-05 1.18936e-08 0.000737591 4.95128e-06 0.000265487 0.00394374 0.0182367 1.82209e-07 1.1721e-05 3.5431e-12 0.393433 6.06115e-05 0.000700311 0.00128276 8.08671e-12 
0.000778979 0.000416663 0.0480688 0.084206 0.0127925 0.00841101 0.0163882 0.000419056 0.0553192 0.0147557 0.0063977 0.0124276 0.000213881 0.000155881 0.0194128 4.37778e-09 0.000178213 0.0288704 0.601675 0.0042318 0.0710091 0.0122989 0.00157283 
0.000693854 9.17148e-06 0.0130284 0.269928 0.0347032 0.0414926 0.0229152 1.28241e-05 0.00304104 5.56e-05 0.0430535 3.09542e-05 0.000386786 7.53568e-07 0.113722 2.97104e-09 1.82589e-07 0.0103917 0.293746 0.00117655 0.0683683 0.0832266 1.67628e-05 
0.000116622 7.57397e-05 0.0834819 0.143688 0.00408769 0.00225213 0.0744914 4.37661e-05 0.179375 0.000339066 0.0128175 0.000235548 5.10678e-05 0.00144484 0.0700818 1.15149e-05 6.21741e-05 0.0407225 0.313344 0.0104533 0.0573052 0.00551931 2.49483e-08 
1.60972e-05 4.59238e-06 0.00261999 0.00501619 8.02421e-06 0.00221576 0.206675 2.04697e-05 8.46894e-05 4.18465e-06 0.000590538 0.000506406 9.9588e-06 0.000360641 0.00177884 8.94126e-10 2.3834e-12 2.72473e-09 0.775605 0.000750898 0.00310635 0.000626012 9.30067e-11 
0.00104199 4.7197e-06 0.00839686 0.035322 0.000263913 0.0107441 0.00723864 5.37884e-06 0.0126414 3.073e-09 0.000537607 1.1616e-12 5.33219e-10 0.000248323 0.0782068 8.28417e-11 1.41046e-09 0.000431435 0.840689 0.000446852 0.000964081 0.00280109 1.5486e-05 
0.00707831 7.98291e-05 0.0174479 0.0395689 0.00064233 0.00484884 0.0210159 1.9526e-05 0.00429663 7.17951e-05 0.00712209 0.00128705 4.25414e-05 0.00273213 0.0240126 0.000766284 0.0012096 0.000407363 0.84867 0.00481917 0.0060537 0.00780307 4.16158e-06 
0.00222465 1.63694e-07 0.0837311 0.00767914 0.00749755 0.124854 0.00446878 1.63308e-07 0.0317439 1.63482e-07 0.00183369 1.63449e-07 0.0037435 0.000392863 0.031257 0.000359866 1.63402e-07 0.011341 0.533966 0.0503528 0.0138001 0.0907528 1.6352e-07 
1.72367e-05 4.49875e-05 0.00898454 0.0526411 0.00033615 0.000217347 0.0149834 1.03502e-05 0.000103676 6.12795e-09 0.00111037 1.84361e-06 8.39167e-06 5.30933e-06 0.00165413 5.72092e-09 8.80057e-06 0.000683626 0.911987 3.62064e-05 0.00710257 6.33496e-05 2.0782e-08 
0.00131553 3.91586e-06 0.00719851 0.145525 0.00273838 0.232524 0.0102671 1.32638e-05 0.0356314 1.16703e-05 0.00282618 1.08002e-11 1.28523e-09 0.000177612 0.0759624 2.05135e-10 5.49676e-09 0.00259205 0.4449 0.00126417 0.00294665 0.0339786 0.000123792 
3.35652e-05 1.97956e-05 0.0528725 0.108254 0.0422166 0.0330974 0.119935 0.000610795 0.000934461 0.0372768 0.125963 5.41591e-05 0.000749151 0.000401406 0.189555 9.47578e-07 1.84254e-05 0.00455654 0.246407 0.00228961 0.0159959 0.018703 5.46533e-05 
0.00353882 8.17551e-06 0.0521146 0.110384 0.00572574 0.0197727 0.0476136 0.000117068 0.0246832 0.00035274 0.0134617 6.43578e-06 0.0036257 0.00168743 0.0701357 6.99689e-07 0.000142016 0.0102175 0.567558 0.00593306 0.0208013 0.0415923 0.000527372 
0.00076539 7.53414e-05 0.0170438 0.049312 0.000988738 0.00329243 0.0168394 2.24529e-05 0.00291056 0.000348565 0.00857593 1.40796e-05 7.88618e-06 0.00551473 0.0362743 3.98728e-06 0.0236347 0.000149416 0.817088 0.00230075 0.00696767 0.00786419 5.42133e-06 
3.19382e-06 4.38575e-07 0.0186665 0.0750197 6.1599e-06 6.85439e-05 0.0336222 4.07677e-05 0.00570388 3.02856e-08 0.000965273 6.74785e-10 6.41399e-10 1.34999e-05 0.00166265 1.93131e-07 0.000526332 0.000364935 0.801428 0.000395382 0.0591548 0.00235712 5.16891e-10 
2.60325e-08 1.72924e-06 1.4829e-05 0.00824393 2.20778e-05 2.96605e-13 0.00421249 7.7675e-10 4.00477e-13 1.01149e-09 4.02691e-05 3.16176e-12 1.04131e-09 0.00105564 6.62573e-06 2.62052e-12 1.70753e-08 1.06114e-12 0.986246 4.77133e-05 7.59002e-05 3.31604e-05 2.42194e-12 
0.00344782 1.4494e-05 0.0137021 0.0756913 0.00410989 0.0153194 0.0243306 4.85991e-05 0.00736247 0.000165574 0.00407567 9.65878e-05 4.1129e-05 0.000213756 0.0144381 7.73762e-07 0.000184883 0.00764492 0.790914 0.00248346 0.0332325 0.00243502 4.71822e-05 
1.60972e-05 4.59238e-06 0.00261999 0.00501619 8.02421e-06 0.00221576 0.206675 2.04697e-05 8.46894e-05 4.18465e-06 0.000590538 0.000506406 9.9588e-06 0.000360641 0.00177884 8.94126e-10 2.3834e-12 2.72473e-09 0.775605 0.000750898 0.00310635 0.000626012 9.30067e-11 
0.00222465 1.63694e-07 0.0837311 0.00767914 0.00749755 0.124854 0.00446878 1.63308e-07 0.0317439 1.63482e-07 0.00183369 1.63449e-07 0.0037435 0.000392863 0.031257 0.000359866 1.63402e-07 0.011341 0.533966 0.0503528 0.0138001 0.0907528 1.6352e-07 
2.40993e-05 4.56528e-05 0.00503996 0.00145032 0.00343856 0.0294008 0.000447882 7.61846e-06 0.00651406 8.1029e-06 0.000810935 8.3163e-05 0.00030827 0.000255359 0.0271733 4.94845e-06 3.90461e-05 0.00109988 0.768592 0.00185159 0.00482626 0.148386 0.000192516 
0.000135622 2.0321e-05 0.0897655 0.0849919 0.0102321 0.00341698 0.0735078 1.49661e-08 0.0164937 6.45507e-06 0.013004 8.55004e-05 1.01138e-05 2.27545e-05 0.00262054 5.34307e-09 1.23879e-08 0.00198647 0.549191 0.00788801 0.145616 0.00100506 1.17183e-07 
0.0005583 2.53239e-06 0.00449843 0.246509 0.000141407 0.00583479 0.00511428 2.24568e-06 0.00688788 5.97351e-06 0.000357465 6.32613e-12 9.43456e-07 0.000133103 0.044741 1.32204e-10 5.08364e-07 0.000231683 0.669633 0.000239411 0.0135998 0.00149987 8.31636e-06 
0.000318619 0.00178668 0.0826632 0.0211633 0.00286658 0.00893488 0.00463324 1.46526e-05 0.0861445 1.61905e-05 0.00101411 4.20714e-05 0.00132437 0.00388734 0.0709505 1.98483e-07 2.88879e-06 0.00118006 0.651562 0.0455431 0.00190532 0.01403 1.58391e-05 
3.62468e-05 3.55497e-06 0.0380642 0.300368 0.00278333 0.0147264 0.00487483 0.13731 0.00535145 1.54385e-05 0.0210918 0.000776012 1.84454e-06 0.000103101 0.0141172 3.94766e-09 3.68207e-08 0.000653976 0.431328 0.00149555 0.0186107 0.00828742 1.29904e-07 
0.00104357 4.78541e-06 0.0126839 0.218074 0.000264324 0.010746 0.0397957 4.30959e-06 0.0126505 5.34432e-08 0.000538111 5.29944e-11 7.28778e-07 0.000249547 0.0782103 1.21254e-09 2.45541e-08 0.000432085 0.615371 0.000447281 0.00666685 0.00280045 1.58214e-05 
0.00138755 2.65533e-11 1.0276e-11 0.378084 2.23391e-05 0.000571503 0.00502362 3.41534e-08 4.15455e-05 0.195864 0.0143336 1.42038e-10 0.000290323 5.9388e-07 0.000153283 1.17724e-10 8.59916e-06 2.64032e-05 0.379863 7.32152e-08 0.0242042 0.000124458 1.08803e-10 
0.00041617 1.6388e-05 0.0352632 0.0278891 0.000328108 0.013719 0.0153614 7.37809e-06 0.0323516 4.10849e-06 0.40026 4.22972e-08 0.000399097 0.000208799 0.0149373 4.0535e-07 5.37201e-05 0.00104468 0.43193 0.0049832 0.00888608 0.0104771 0.00146288 
0.000559439 0.000258833 0.0529337 0.225265 0.00409783 0.00744378 0.0493796 0.00039626 0.00265763 0.000170949 0.00621887 2.23739e-05 0.000584313 0.00470848 0.0264166 3.77325e-07 0.000456915 0.000419187 0.287704 0.28072 0.0285451 0.0210383 2.46942e-06 
1.97107e-05 2.91368e-05 0.252601 0.0539506 0.00140389 0.0100896 0.0322868 6.22807e-05 0.00020337 4.22934e-06 0.0174705 8.06685e-05 1.21596e-06 2.20462e-05 0.221903 4.5476e-07 4.73423e-05 6.10576e-05 0.403917 9.7695e-05 0.0041774 0.00157069 1.47306e-10 
8.52021e-06 3.78656e-05 0.00285934 0.000307614 0.000990047 0.0381026 0.000110882 2.59806e-07 0.0068081 2.48556e-06 0.000271684 0.000296355 0.000206017 0.000153478 0.0139037 2.2479e-06 0.0014693 0.00168443 0.759151 0.00188468 0.00372638 0.168016 6.78275e-06 
2.60325e-08 1.72924e-06 1.4829e-05 0.00824393 2.20778e-05 2.96605e-13 0.00421249 7.7675e-10 4.00477e-13 1.01149e-09 4.02691e-05 3.16176e-12 1.04131e-09 0.00105564 6.62573e-06 2.62052e-12 1.70753e-08 1.06114e-12 0.986246 4.77133e-05 7.59002e-05 3.31604e-05 2.42194e-12 
