0.00623123 8.20141e-10 0.0163338 0.113253 0.0392581 0.382819 0.000274436 9.09103e-07 0.00966849 1.04073e-07 0.0284379 0.00014248 3.32348e-05 1.83515e-09 0.0400324 2.04227e-06 8.03766e-06 0.00161767 4.76162e-10 4.66454e-05 0.018451 0.343386 3.38772e-06 
0.000277825 3.63306e-07 0.00265939 0.0390588 0.0153458 0.602457 0.00146236 2.85297e-06 0.00644511 0.0213414 0.00141547 1.94339e-06 0.000398529 8.12934e-07 0.281409 1.61072e-06 2.25114e-06 0.00531248 2.1093e-07 0.00125765 0.00956562 0.0115816 1.48866e-06 
1.32956e-07 0.000134054 5.60779e-05 1.75521e-05 8.57207e-05 7.34521e-05 2.08541e-05 3.1711e-07 9.45328e-05 1.9234e-07 0.997823 2.1601e-07 2.05322e-07 9.03582e-08 5.06481e-05 0.00010216 0.000170071 2.73102e-05 2.34451e-08 0.000201735 4.2339e-05 0.00109933 1.65465e-07 
8.09604e-07 1.89597e-05 0.00707301 0.00888416 0.0690813 0.523244 0.00752519 0.000238623 0.00124443 3.09563e-06 0.277955 0.000690686 6.05236e-08 0.0253267 0.0205509 2.89567e-07 0.000484027 0.00203266 2.92496e-08 0.000268783 0.00732551 0.0480366 1.48062e-05 
4.1663e-09 1.41342e-06 0.0564701 0.0186604 0.00234332 0.191496 1.45405e-09 1.78548e-06 4.34137e-06 3.35651e-06 0.729442 9.63612e-05 6.43399e-09 2.83147e-09 0.000523888 1.02526e-05 1.07772e-05 2.93392e-06 7.34675e-10 1.26145e-06 2.54934e-06 0.000929314 5.18503e-09 
0.00659731 0.000136988 0.000442499 0.00584522 0.00187075 0.705731 0.00043681 1.07037e-05 0.000161569 0.013547 0.129411 8.95482e-06 0.000118817 1.6937e-05 0.0130644 7.0772e-05 4.42298e-06 0.00142959 3.13393e-07 0.0151204 0.000735729 0.105224 1.48592e-05 
4.90361e-07 1.48934e-07 0.000623843 0.00293231 0.0103718 0.0310681 3.0978e-05 2.54037e-05 3.01374e-05 0.000161047 0.930406 0.00365753 5.00695e-06 3.33256e-07 0.00135995 0.000424231 1.66038e-05 0.0169346 8.64691e-08 2.64435e-06 0.00161219 0.000302905 3.35265e-05 
3.9492e-05 8.96728e-05 0.0197689 0.00677252 0.00505595 8.44233e-06 8.10256e-06 9.3365e-06 0.183198 0.0651047 0.0725353 0.000433618 0.000504617 0.0201287 0.00366773 1.23037e-05 0.000103477 0.00295374 7.24e-06 0.00356108 0.428353 0.187383 0.000301265 
0.000136105 4.64424e-06 1.30037e-05 2.18969e-05 1.34452e-05 0.0693911 1.60047e-05 1.73585e-08 1.76744e-05 1.05287e-08 0.742592 1.18243e-08 1.12393e-08 4.9462e-09 1.06008e-05 9.89819e-07 1.36968e-08 9.13145e-06 1.28338e-09 3.69634e-05 0.000145643 0.187589 9.14812e-07 
6.7265e-06 2.043e-06 0.0142686 0.086913 0.0312575 0.00195993 2.34756e-06 1.60433e-05 0.00251872 9.73087e-06 0.00201064 1.09284e-05 1.03877e-05 4.57141e-06 0.000361852 9.05762e-06 1.2659e-05 0.769735 1.18614e-06 2.00944e-06 1.80195e-06 0.0908767 8.37124e-06 
4.96708e-08 1.63032e-10 0.000357879 0.00287085 0.857301 0.00534111 4.73439e-08 1.28026e-09 0.0141527 7.76529e-10 0.00136907 8.72091e-10 0.000614397 1.58657e-06 0.00225429 0.000807909 3.89459e-07 0.00219514 9.46542e-11 0.00382914 0.00857136 0.100324 8.96749e-06 
0.000531389 0.0301039 0.0136565 0.0136031 0.0649658 0.0216828 0.000156757 5.32553e-06 0.00165102 1.68993e-05 0.231522 0.0967668 0.0531418 0.00321804 0.197143 0.235061 0.00497206 5.76859e-05 3.2774e-06 0.00150905 0.0207976 0.00933061 0.000103537 
1.08112e-06 1.20668e-10 0.0933056 1.68694e-05 0.17002 0.0165822 1.38657e-10 0.000447579 0.015349 5.74747e-10 0.00551742 6.45477e-10 6.13541e-10 0.586684 0.0472069 5.34981e-10 6.96591e-06 2.16634e-10 7.00582e-11 0.0206323 0.0211141 0.0231161 4.94441e-10 
2.87923e-07 1.07299e-05 0.00843155 0.00342669 0.0061333 0.115987 0.0279675 4.75088e-07 0.0042489 0.00429363 0.225681 0.0135905 1.32115e-07 2.12851e-05 0.0716074 0.000116034 1.04777e-07 0.00244597 5.98437e-08 0.0030357 0.122629 0.390369 2.82896e-06 
0.00286957 3.62996e-07 0.00247255 0.00147275 0.858107 0.0144815 0.00654904 0.00798433 2.45946e-07 1.72896e-06 0.0244502 0.00563296 1.84567e-06 0.0073922 0.0187681 1.60934e-06 2.24922e-06 6.51682e-07 2.1075e-07 0.00303515 0.00992548 0.0368487 1.48739e-06 
9.95155e-06 0.000116824 0.00382148 0.00261137 0.000908209 0.0092453 0.00289627 0.00455067 0.808291 0.00826087 0.0168506 1.9554e-05 2.11343e-06 9.79572e-05 0.0669039 1.84282e-06 2.57554e-06 0.000423525 2.41326e-07 0.000504306 0.0389469 0.0355325 1.70318e-06 
4.54073e-06 2.31572e-05 0.629383 0.000630667 0.0169534 0.016242 2.60032e-06 0.00198653 0.151876 8.97604e-07 0.0664936 1.22453e-06 1.60832e-05 0.000383239 0.0314461 9.6557e-06 2.0786e-07 0.00073599 6.85653e-08 0.0155502 0.0107204 0.0550041 0.00253621 
0.000441045 1.67248e-07 0.230131 0.0213841 0.256066 0.346019 1.2784e-05 1.01308e-09 0.000317923 4.08954e-05 0.000932356 1.11405e-05 6.55951e-10 2.88671e-10 0.105855 5.71961e-10 0.000502794 0.00123668 7.49008e-11 0.000733392 0.0200668 0.0162354 1.3002e-05 
0.00309344 1.52768e-08 0.458366 0.184068 0.0495041 0.100077 0.000712101 2.91437e-10 0.000232499 1.87995e-07 0.0213442 1.98522e-10 0.00433404 0.0279619 0.036711 1.64538e-10 0.00752262 0.0776608 2.1547e-11 0.000427972 4.30058e-08 0.0279836 1.52069e-10 
0.00411832 1.89845e-05 0.0235454 4.36407e-05 2.27043e-06 9.70979e-05 1.57799e-05 1.05405e-05 0.434572 0.00128973 0.414038 0.000345325 2.07142e-05 4.2446e-05 0.101092 0.000133425 2.09231e-06 8.09726e-06 1.43835e-07 0.000501544 0.000224757 0.0198776 5.56407e-07 
2.51889e-08 7.65048e-09 0.00240392 0.0122571 0.0580516 0.277864 8.79099e-09 0.000133308 0.00118451 3.64395e-08 2.84353e-05 2.50072e-05 3.88991e-08 0.0137489 3.68602e-05 3.06988e-06 4.74044e-08 0.0825499 4.44176e-09 8.22465e-06 0.0418001 0.509871 3.31802e-05 
2.43963e-06 0.00587817 0.0695461 0.0020765 0.0434654 0.0247491 4.93851e-05 3.86092e-05 0.213632 4.18058e-05 0.0341075 0.00128412 0.000132336 0.0287317 0.275091 0.000869796 0.000735134 0.030489 2.06586e-06 0.01097 0.00112071 0.251898 0.00508891 
1.07937e-06 8.52081e-10 0.685774 0.0012258 1.29563e-05 0.15193 0.0100485 6.69122e-09 0.0245831 3.29192e-06 0.125852 0.000527932 4.33243e-09 1.1663e-05 4.88896e-06 3.7777e-09 5.27972e-09 5.41516e-06 4.94706e-10 6.14709e-06 9.64607e-06 3.5397e-06 3.49143e-09 
1.08112e-06 1.20668e-10 0.0933056 1.68694e-05 0.17002 0.0165822 1.38657e-10 0.000447579 0.015349 5.74747e-10 0.00551742 6.45477e-10 6.13541e-10 0.586684 0.0472069 5.34981e-10 6.96591e-06 2.16634e-10 7.00582e-11 0.0206323 0.0211141 0.0231161 4.94441e-10 
1.74397e-05 2.30769e-08 0.00136054 0.00110798 0.0148895 0.0715561 5.75969e-06 1.81218e-07 2.68041e-05 0.00767477 0.0405111 3.19317e-06 0.84565 7.1169e-06 0.000106493 1.02311e-07 0.000230876 0.00563099 1.33981e-08 2.45058e-05 0.00150423 0.00960457 8.76127e-05 
4.78527e-05 6.61617e-10 0.0200864 0.00349749 0.027417 0.0109594 5.51794e-07 8.15714e-06 2.50316e-06 8.79336e-06 0.78242 0.000109212 3.36401e-09 1.48043e-09 1.34115e-06 2.70361e-06 4.50133e-06 7.22501e-07 3.84125e-10 5.34198e-06 1.12087e-06 0.155427 2.71099e-09 
1.74749e-10 2.07048e-07 0.363415 0.00980938 0.168931 0.0757007 1.32959e-06 1.45919e-06 0.0459412 2.52801e-10 2.84593e-07 2.83911e-10 2.72563e-08 0.000279707 0.106543 2.3531e-10 3.2887e-10 0.22924 3.08149e-11 2.07254e-06 1.793e-06 3.1496e-06 0.000129421 
1.37482e-05 1.91453e-05 0.0232046 0.000282595 0.878416 0.00458907 4.37171e-05 5.09158e-07 0.0153289 1.97578e-07 0.00255339 2.51144e-05 0.000212623 0.00138236 0.00266031 1.24262e-05 1.27737e-05 0.00635663 2.08366e-08 0.0217808 0.000604053 0.0425003 7.39052e-07 
0.00108377 1.59109e-07 0.0559103 0.00135381 0.040082 0.521656 4.32526e-07 2.79014e-05 1.45565e-06 9.51279e-10 0.242883 5.69561e-06 1.01549e-09 1.14759e-05 0.0462982 8.85462e-10 0.00984902 0.00196275 1.15955e-10 5.38246e-08 6.87711e-06 0.0788671 8.18363e-10 
0.00110631 1.90873e-05 0.596275 2.95445e-08 1.34251e-08 0.0152158 0.000737113 1.04497e-10 0.000117745 1.40053e-07 0.304269 7.11813e-11 6.76595e-11 0.000304742 0.0755416 1.02189e-07 8.24533e-11 8.13101e-08 7.72581e-12 0.00369723 0.00157989 0.0010922 4.3634e-05 
0.000542895 3.48081e-05 0.000652406 0.0155054 0.0211107 0.101907 0.000127691 8.55015e-05 7.70557e-05 0.00939867 0.0580688 2.53462e-06 2.30933e-05 3.09168e-05 0.681349 2.10073e-06 0.000124129 0.0194014 2.751e-07 0.000296238 0.0485027 0.0427397 1.72769e-05 
0.000218986 3.6015e-05 0.00409103 0.00175085 0.000498318 0.00233885 1.50169e-06 1.02625e-05 0.00109896 0.000124376 0.946582 0.00242794 6.6448e-06 0.000732011 0.00242 5.79398e-06 0.000144236 0.000674174 7.58747e-07 0.000305328 0.000324502 0.0362019 5.35491e-06 
2.0944e-05 6.9136e-10 0.286876 2.17392e-06 0.100963 0.0849117 7.94425e-10 5.42911e-09 9.84161e-07 1.15287e-05 0.291133 1.99741e-05 3.51524e-09 1.46979e-05 1.58754e-06 3.06514e-09 1.32842e-05 0.235996 4.01394e-10 1.06767e-05 1.67088e-05 7.47361e-06 2.83287e-09 
4.23215e-06 8.56364e-10 0.0708002 5.96428e-06 9.46988e-06 7.60666e-06 9.84028e-10 6.72486e-09 3.01774e-06 4.07889e-09 0.796055 4.58085e-09 4.35421e-09 1.97388e-05 1.19489e-06 3.79668e-09 5.30626e-09 1.53742e-09 4.97193e-10 8.423e-10 0.133048 1.02478e-05 3.5795e-05 
1.56786e-11 1.4984e-06 0.0167301 3.43515e-08 9.8077e-05 0.00587783 5.58735e-09 0.133212 3.59545e-08 3.91785e-08 2.31409e-08 2.54727e-11 2.42124e-11 1.06554e-11 0.786628 2.11122e-11 2.95064e-11 8.5491e-12 2.76473e-12 1.69205e-08 0.00165001 0.0558022 1.95123e-11 
2.18156e-07 6.6259e-08 0.00718518 0.000612895 0.0027144 0.00334979 0.000848151 5.20319e-07 3.20376e-05 3.15594e-07 0.843511 3.54432e-07 3.36896e-07 1.48261e-07 0.0166692 3.48171e-05 5.78997e-05 0.00013431 3.84691e-08 0.00322059 0.121563 6.44436e-05 2.71498e-07 
4.4334e-06 2.78695e-07 0.000597004 0.000489505 0.0026066 0.00716895 7.51786e-06 0.985758 0.000291587 0.000322215 0.00106984 2.91866e-10 2.77425e-10 1.25453e-05 0.000854402 2.41903e-10 3.38085e-10 0.000282992 3.16783e-11 5.36665e-11 0.000170928 0.000363609 2.23572e-10 
3.2219e-06 1.17146e-05 0.00014805 0.000720975 3.49852e-06 7.37468e-05 0.000114105 0.000191333 6.63022e-07 4.66096e-06 0.991834 0.000189152 0.000113879 3.08837e-05 0.00317646 0.000147264 2.45422e-05 1.75681e-06 5.68143e-07 0.000108513 0.0030099 8.6937e-05 4.00971e-06 
0.419955 0.00197261 0.00826865 0.0041145 0.00300659 0.064934 4.12453e-07 4.48172e-07 0.00133402 2.40473e-10 0.401041 2.70067e-10 2.56705e-10 0.0107979 0.0172117 3.99386e-07 3.12833e-10 2.89747e-07 2.93123e-11 0.0445567 0.00503999 0.0177645 1.90626e-06 
0.00117438 0.000192209 0.00810918 0.0164732 0.00017739 0.012727 0.00125518 1.2755e-05 0.0617241 0.116012 0.720491 0.000844484 0.000338247 0.00122163 0.038984 9.57281e-06 0.00024108 0.00557369 5.6023e-06 0.00136058 0.00745283 0.00539896 0.000221729 
0.00215006 2.32153e-07 0.0751551 0.00185245 3.63461e-06 0.00897869 3.11935e-05 1.82305e-06 0.00660991 0.00277597 0.894819 0.000160105 0.000185217 5.19466e-07 0.00501331 1.02925e-06 1.29398e-05 0.000500269 1.34785e-07 2.2834e-07 0.00167769 6.93599e-05 9.51253e-07 
9.11383e-10 4.43171e-07 0.0121246 0.911148 2.44886e-06 5.25072e-06 1.14192e-05 2.61064e-06 1.8755e-10 1.31845e-09 0.0491691 1.4807e-09 1.40744e-09 6.19387e-10 1.03787e-06 1.22723e-09 7.72002e-06 3.33007e-06 1.60711e-10 2.72262e-10 1.09891e-06 0.0275228 1.13423e-09 
0.0112602 0.000666853 0.177455 0.00198535 0.000511297 0.0844026 0.00605013 3.3269e-07 0.008686 0.000782935 0.450318 4.76931e-11 8.41722e-08 0.00121921 0.17807 6.33528e-08 1.35383e-07 0.000989646 5.17647e-12 0.0302597 0.00887009 0.0382929 0.000178402 
1.08112e-06 1.20668e-10 0.0933056 1.68694e-05 0.17002 0.0165822 1.38657e-10 0.000447579 0.015349 5.74747e-10 0.00551742 6.45477e-10 6.13541e-10 0.586684 0.0472069 5.34981e-10 6.96591e-06 2.16634e-10 7.00582e-11 0.0206323 0.0211141 0.0231161 4.94441e-10 
2.97125e-08 9.0244e-09 0.000233646 0.000100378 0.000202905 0.000427043 1.03697e-08 7.08668e-08 6.78762e-05 6.45183e-05 0.997789 0.000106249 0.000128523 2.0193e-08 0.000281161 4.00096e-08 5.59176e-08 1.62014e-08 5.23944e-09 8.87619e-09 0.000290535 0.000189484 0.000118365 
1.08112e-06 1.20668e-10 0.0933056 1.68694e-05 0.17002 0.0165822 1.38657e-10 0.000447579 0.015349 5.74747e-10 0.00551742 6.45477e-10 6.13541e-10 0.586684 0.0472069 5.34981e-10 6.96591e-06 2.16634e-10 7.00582e-11 0.0206323 0.0211141 0.0231161 4.94441e-10 
0.000176968 4.12933e-05 0.00312932 0.000345223 0.0230097 0.0279375 2.63695e-07 1.80209e-06 1.55485e-07 1.09304e-06 0.9391 1.22755e-06 1.16682e-06 0.000658569 0.000233579 1.01742e-06 1.42194e-06 0.00191194 1.33235e-07 2.25715e-07 0.00239932 5.48585e-07 0.00104763 
0.0538017 0.000305289 0.00105945 0.0319568 0.0125696 0.0638369 0.00145859 1.51996e-06 0.000295828 0.675783 0.120798 0.000271427 2.67868e-05 0.00420287 0.000483921 8.13357e-06 8.22163e-07 7.08079e-05 2.36583e-07 0.00582789 0.00495381 0.0221569 0.000129731 
4.96708e-08 1.63032e-10 0.000357879 0.00287085 0.857301 0.00534111 4.73439e-08 1.28026e-09 0.0141527 7.76529e-10 0.00136907 8.72091e-10 0.000614397 1.58657e-06 0.00225429 0.000807909 3.89459e-07 0.00219514 9.46542e-11 0.00382914 0.00857136 0.100324 8.96749e-06 
0.0538017 0.000305289 0.00105945 0.0319568 0.0125696 0.0638369 0.00145859 1.51996e-06 0.000295828 0.675783 0.120798 0.000271427 2.67868e-05 0.00420287 0.000483921 8.13357e-06 8.22163e-07 7.08079e-05 2.36583e-07 0.00582789 0.00495381 0.0221569 0.000129731 
4.7747e-06 1.45019e-06 0.000135392 0.000296871 0.0165246 0.0208832 7.52174e-05 1.13881e-05 0.000552698 6.90731e-06 0.959501 0.000891919 7.37354e-06 0.000222616 8.18971e-05 6.42941e-06 8.98577e-06 2.60351e-06 8.4196e-07 4.52577e-05 0.00054512 0.000187345 5.94219e-06 
2.0944e-05 6.9136e-10 0.286876 2.17392e-06 0.100963 0.0849117 7.94425e-10 5.42911e-09 9.84161e-07 1.15287e-05 0.291133 1.99741e-05 3.51524e-09 1.46979e-05 1.58754e-06 3.06514e-09 1.32842e-05 0.235996 4.01394e-10 1.06767e-05 1.67088e-05 7.47361e-06 2.83287e-09 
0.00172581 8.81411e-07 0.0425857 0.00586196 0.0389217 0.129993 0.0164559 5.03012e-05 0.0362738 0.000361593 0.499771 0.0880628 0.0170036 0.000105259 0.00273608 0.000169369 0.0236203 0.0174376 1.42588e-08 0.000124299 0.0389719 0.0397434 2.35614e-05 
1.08112e-06 1.20668e-10 0.0933056 1.68694e-05 0.17002 0.0165822 1.38657e-10 0.000447579 0.015349 5.74747e-10 0.00551742 6.45477e-10 6.13541e-10 0.586684 0.0472069 5.34981e-10 6.96591e-06 2.16634e-10 7.00582e-11 0.0206323 0.0211141 0.0231161 4.94441e-10 
1.90323e-06 1.5445e-07 0.314529 0.0560439 0.255304 0.0632544 0.000777483 0.00164456 0.00684607 3.83097e-07 0.00988878 1.54733e-08 1.47077e-08 4.14708e-07 0.254962 1.28245e-08 5.74808e-06 0.00818325 1.67943e-09 0.000278815 0.00998098 0.0182989 1.18527e-08 
7.31747e-07 2.22249e-07 0.000109166 0.00085236 2.0479e-07 0.00137298 2.55381e-07 1.74528e-06 1.50583e-07 0.00161585 0.978341 1.17325e-05 1.13003e-06 0.00276251 5.90682e-05 9.85339e-07 1.37711e-06 0.00718535 1.29034e-07 0.0019831 1.96026e-07 0.00556179 0.000138211 
2.04752e-07 2.11854e-05 0.141736 0.0748773 0.0111748 0.00606327 0.0034042 3.42751e-06 0.0840174 0.000387092 0.502101 0.000334985 1.71667e-05 1.66011e-06 0.0842112 0.000148138 1.76039e-06 0.000937701 3.04829e-10 0.0292704 0.0136211 0.0474106 0.000259376 
2.88009e-05 2.91153e-08 0.00208643 0.0438265 2.68281e-08 0.0434746 3.34557e-08 2.28636e-07 1.97268e-08 8.38141e-05 0.891618 7.02095e-07 1.48038e-07 0.00393353 0.000330689 1.29082e-07 1.80406e-07 0.000957465 1.69039e-08 0.00028002 4.89603e-05 0.0133225 7.23397e-06 
1.0779e-08 3.27383e-09 4.24013e-06 1.32261e-05 3.01665e-09 1.83596e-05 3.95093e-06 4.30325e-05 0.328915 4.68153e-06 0.670896 1.75124e-08 1.66459e-08 7.69366e-06 3.51923e-05 1.45145e-08 2.02855e-08 2.41649e-05 1.90074e-09 3.22006e-09 8.28367e-06 2.65896e-05 1.34146e-08 
1.58849e-06 6.64478e-10 0.217442 0.725102 0.00409356 0.0111969 0.000197096 0.00215783 4.50212e-10 3.91895e-05 0.00814308 0.000140703 5.20737e-06 2.09339e-05 0.00570311 2.55117e-07 3.76217e-07 2.80428e-06 3.85786e-10 6.53565e-10 0.0155394 0.0102138 6.88199e-07 
0.0112602 0.000666853 0.177455 0.00198535 0.000511297 0.0844026 0.00605013 3.3269e-07 0.008686 0.000782935 0.450318 4.76931e-11 8.41722e-08 0.00121921 0.17807 6.33528e-08 1.35383e-07 0.000989646 5.17647e-12 0.0302597 0.00887009 0.0382929 0.000178402 
2.5468e-07 1.47835e-07 0.146228 0.00603633 0.0325573 0.480368 0.000297733 1.36854e-06 0.0544595 3.12252e-06 0.00519161 0.000164639 3.28634e-06 0.0103941 0.176999 3.35668e-06 0.00462908 0.0114827 4.46862e-08 0.000175155 0.0627711 0.00823441 9.69131e-08 
1.32642e-09 9.67279e-07 0.0479459 2.60957e-05 5.53149e-06 0.0687002 1.46288e-05 5.38131e-06 2.72958e-10 1.91886e-09 0.733307 2.155e-09 2.04838e-09 2.12751e-05 5.92456e-06 1.7861e-09 7.73865e-05 7.23258e-10 2.33898e-10 3.96249e-10 0.149881 6.1829e-06 1.98255e-06 
2.33457e-07 0.000108396 0.00055045 0.00114024 0.0689561 0.0121664 0.000148418 5.56813e-07 0.00274186 3.37729e-07 0.886374 0.000104374 3.60526e-07 0.00117375 0.0163849 4.47054e-05 2.37864e-05 0.000155125 4.11672e-08 6.97418e-08 0.00989442 3.13066e-05 2.90541e-07 
1.48162e-07 3.21187e-11 0.118 0.00125866 0.670676 0.019463 1.24632e-05 6.08326e-07 0.0339472 1.52983e-10 0.00338767 1.71809e-10 0.000191345 0.0045231 0.0141114 7.16639e-08 2.19071e-07 0.00228268 1.86477e-11 0.0623985 0.000641952 0.0691046 6.61057e-07 
0.0502546 0.000201166 0.00763689 0.000694542 0.0859525 0.0601704 0.00154522 0.00122084 0.31554 0.00537408 0.0582643 0.00363083 6.76538e-06 0.0180275 0.00296147 4.21521e-05 0.000686313 0.0154939 5.97547e-06 0.0461286 0.0124173 0.310492 0.00325313 
0.0804528 9.45956e-06 0.0528813 0.111245 1.81387e-05 0.0417253 0.00944874 0.00465485 6.53997e-06 5.60836e-05 0.667131 3.9512e-05 2.90913e-08 0.0316039 1.04312e-05 2.53663e-08 0.000322814 1.02718e-08 3.32183e-09 5.62756e-09 3.3869e-05 0.000337374 2.22017e-05 
1.81607e-09 3.47553e-06 1.43874e-05 4.38237e-06 5.08253e-10 6.93913e-05 5.00775e-06 4.33148e-09 3.73722e-10 2.62721e-09 4.74858e-06 2.95053e-09 2.80455e-09 1.23422e-09 4.78356e-05 2.44544e-09 3.45194e-07 2.16875e-05 3.20242e-10 5.4258e-06 4.86503e-10 0.999823 2.26013e-09 
0.419955 0.00197261 0.00826865 0.0041145 0.00300659 0.064934 4.12453e-07 4.48172e-07 0.00133402 2.40473e-10 0.401041 2.70067e-10 2.56705e-10 0.0107979 0.0172117 3.99386e-07 3.12833e-10 2.89747e-07 2.93123e-11 0.0445567 0.00503999 0.0177645 1.90626e-06 
6.34338e-09 7.25094e-05 0.166232 0.0224265 0.149616 0.0161247 2.21385e-09 1.51295e-08 0.123633 9.17664e-09 0.191113 8.79322e-05 9.79604e-09 0.00240522 0.0354912 8.31155e-05 1.54991e-07 0.00152818 1.11858e-09 0.000791574 0.098507 0.188999 0.00288928 
0.000139553 3.68406e-08 0.00846366 0.00758182 0.0040428 3.27157e-05 2.23028e-05 2.89302e-07 0.00321689 1.75473e-07 0.0428224 1.97067e-07 1.87317e-07 8.7562e-05 0.00933701 1.63333e-07 2.28274e-07 0.00254994 2.13891e-08 0.00108618 0.920527 8.85563e-05 1.50955e-07 
0.00398081 1.39046e-05 0.0133124 0.0158239 0.0122638 0.00219713 0.001119 1.43414e-05 3.4216e-06 0.000175564 0.895878 0.016986 1.25626e-08 4.51012e-07 0.00141997 3.7014e-06 0.000471812 0.000309656 1.43449e-09 0.00117438 0.00372456 0.031127 1.0124e-08 
2.4213e-08 4.52868e-07 0.000739489 5.93293e-05 0.0292422 0.0121915 8.45038e-09 1.27029e-06 0.121037 9.73219e-08 5.55312e-09 3.93383e-08 2.40135e-06 1.64555e-08 1.56056e-06 2.06556e-07 4.55677e-08 0.83465 4.26966e-09 5.86346e-05 4.58609e-06 0.00200911 1.15552e-06 
0.000430111 6.53787e-05 0.0161464 0.0438485 0.0170209 0.0630294 1.0909e-06 1.08035e-09 0.0223075 7.94918e-07 0.264773 7.35915e-10 6.40346e-07 0.0062078 0.300251 6.09057e-07 0.000523847 2.46986e-10 7.9874e-11 0.0310532 0.1474 0.0613641 0.0255759 
8.40025e-09 2.55135e-09 0.0196514 0.0572737 2.74289e-05 0.000853671 0.000142415 2.04074e-06 1.72865e-09 1.21522e-08 0.348841 1.36477e-08 1.29724e-08 0.533273 0.000953172 1.13114e-08 1.58089e-08 0.0313083 1.48128e-09 2.50945e-09 0.00730965 0.00036382 1.04542e-08 
5.12925e-06 1.55787e-06 0.00532794 0.00196689 1.43549e-06 0.0180036 1.79012e-06 0.00104657 1.05553e-06 0.000604909 0.0295161 8.33337e-06 7.92106e-06 3.4859e-06 0.0304 6.90683e-06 9.65301e-06 0.909442 9.0448e-07 1.53229e-06 0.000250319 0.00310327 0.000289086 
0.00442406 2.95503e-05 0.475888 0.000330405 0.0150592 0.000611274 3.70481e-07 0.00021675 2.18451e-07 0.497194 0.00173642 0.000502027 6.10831e-05 7.21438e-07 7.31458e-05 8.78167e-05 1.99778e-06 0.00159013 1.8719e-07 1.18162e-05 0.000304479 0.000597349 0.00127877 
0.00401665 0.00416664 0.0873019 0.131964 0.00321501 0.10805 3.26696e-06 5.00864e-06 0.150368 4.73811e-07 0.477638 1.42454e-05 1.19387e-05 1.82999e-06 9.50289e-05 0.0027351 6.16382e-07 0.0067651 4.48809e-09 0.000628414 0.022991 2.3167e-05 4.82642e-06 
2.87923e-07 1.07299e-05 0.00843155 0.00342669 0.0061333 0.115987 0.0279675 4.75088e-07 0.0042489 0.00429363 0.225681 0.0135905 1.32115e-07 2.12851e-05 0.0716074 0.000116034 1.04777e-07 0.00244597 5.98437e-08 0.0030357 0.122629 0.390369 2.82896e-06 
5.96124e-08 6.36639e-06 0.0126023 0.0440601 0.0218693 0.0520297 7.21612e-05 1.4218e-07 0.0599715 8.62381e-08 0.274528 1.26078e-05 9.20589e-08 0.000102519 0.217013 9.07173e-06 1.12188e-07 0.0341095 1.05119e-08 0.00482244 0.266019 0.0127729 7.41885e-08 
6.40849e-05 0.000237472 0.112821 0.0236845 0.0235031 0.0204164 0.000814489 0.00137676 0.0672418 0.0115144 0.533034 0.00589089 3.33963e-05 0.00564167 0.110464 9.5937e-06 0.0029085 0.000374081 1.10816e-06 0.00103085 0.072932 0.00600436 2.14401e-06 
2.87923e-07 1.07299e-05 0.00843155 0.00342669 0.0061333 0.115987 0.0279675 4.75088e-07 0.0042489 0.00429363 0.225681 0.0135905 1.32115e-07 2.12851e-05 0.0716074 0.000116034 1.04777e-07 0.00244597 5.98437e-08 0.0030357 0.122629 0.390369 2.82896e-06 
1.50828e-10 6.14964e-05 0.0124874 0.0163498 0.454248 0.333667 0.000211238 2.78945e-07 0.0092859 1.54253e-07 0.00309733 7.54045e-07 3.09723e-05 0.000649279 0.0207818 7.58882e-06 0.00016969 0.000901719 2.65967e-11 0.0042571 0.00207158 0.141512 0.000209223 
0.419955 0.00197261 0.00826865 0.0041145 0.00300659 0.064934 4.12453e-07 4.48172e-07 0.00133402 2.40473e-10 0.401041 2.70067e-10 2.56705e-10 0.0107979 0.0172117 3.99386e-07 3.12833e-10 2.89747e-07 2.93123e-11 0.0445567 0.00503999 0.0177645 1.90626e-06 
2.87923e-07 1.07299e-05 0.00843155 0.00342669 0.0061333 0.115987 0.0279675 4.75088e-07 0.0042489 0.00429363 0.225681 0.0135905 1.32115e-07 2.12851e-05 0.0716074 0.000116034 1.04777e-07 0.00244597 5.98437e-08 0.0030357 0.122629 0.390369 2.82896e-06 
0.0035279 2.45428e-09 0.130502 0.435101 0.0464227 0.145141 0.000121279 0.00132482 1.66288e-09 0.0683378 0.112391 0.000127422 1.11128e-05 3.57344e-05 0.00342742 8.69116e-05 3.52159e-07 0.00215292 1.42492e-09 2.41397e-09 0.00933663 0.041951 1.18007e-06 
3.96359e-06 0.000494948 0.0965423 0.000832485 0.151632 0.0541057 3.52149e-09 2.33839e-06 0.109733 3.14709e-05 0.28032 1.63932e-08 1.55822e-08 0.00288942 0.0506529 1.32252e-05 1.89892e-08 5.50187e-09 1.77928e-09 0.00640689 0.202614 0.0437238 1.25574e-08 
9.41613e-12 5.5938e-06 0.00131787 0.0145046 0.0303433 0.146024 0.000479709 6.49421e-05 0.0639446 0.000113099 0.00164555 0.00875165 5.59555e-05 0.00026629 0.149451 1.62935e-06 2.73951e-05 0.0124597 1.66042e-12 0.00122877 0.00391964 0.395401 0.169994 
5.5473e-07 0.000236046 0.00331236 0.0119617 0.012684 0.00398224 0.00609865 1.32308e-06 0.00163254 0.0030503 0.0113612 0.00504795 8.56665e-07 0.913882 0.00122421 7.46975e-07 1.04398e-06 0.0174836 9.78197e-08 0.00599914 1.48605e-07 0.00203867 6.9037e-07 
0.0102107 4.91662e-08 0.0252621 0.000298655 0.00675937 0.000920052 5.18883e-05 3.86092e-07 2.58016e-06 0.0362847 0.00603972 0.0001008 2.49987e-07 1.10014e-07 0.000833561 2.17978e-07 0.000768922 5.14957e-06 2.85452e-08 0.000372543 0.000160013 0.000131701 0.911796 
0.00873798 0.0014746 0.0133172 0.00405837 0.00605485 0.0165918 4.83982e-07 3.30754e-06 0.0159814 0.770169 0.0316459 2.25304e-06 2.14157e-06 0.0054672 0.0780004 1.86735e-06 2.60982e-06 7.56161e-07 2.44538e-07 0.0203413 0.00832191 0.0198232 1.72585e-06 
1.52364e-09 4.62765e-10 3.94353e-06 0.0139371 0.253506 0.213503 8.91678e-07 3.634e-09 0.0336536 2.20417e-09 0.138772 7.74647e-05 2.35294e-09 3.67274e-06 0.0938693 2.05167e-09 2.86742e-09 8.30796e-10 2.68675e-10 4.55165e-10 0.024261 0.228408 4.50373e-06 
4.15103e-07 4.40974e-05 1.85445e-06 0.000267119 1.47035e-11 2.97882e-07 0.000410899 1.25307e-10 0.000296106 2.81291e-07 0.957108 8.53572e-11 8.1134e-11 3.35666e-07 0.0341041 0.000841658 9.8874e-11 0.000228811 9.26442e-12 0.00224026 0.00199284 0.00246278 1.37372e-07 
4.87554e-05 9.99132e-05 0.0157759 0.00529733 0.00413489 3.81516e-05 2.1315e-05 0.000124755 0.143458 0.0527596 0.0567614 0.000430845 0.000445892 0.0159808 0.00297004 3.35928e-05 0.000319787 0.00252644 2.02434e-05 0.00287894 0.549008 0.146413 0.000451697 
1.2858e-05 5.103e-06 0.00150084 0.0016239 0.0055628 0.270412 1.10411e-06 0.000100481 0.025467 4.57665e-06 0.665976 8.06516e-05 0.000564294 3.92237e-05 0.000120507 4.26e-06 9.19122e-06 0.0128728 5.57866e-07 9.45086e-07 0.000467494 0.0151551 1.88648e-05 
9.70766e-06 4.05891e-06 0.00990007 0.000552322 0.044049 0.0309773 4.71385e-05 2.88339e-06 4.33051e-05 1.04082e-06 0.847725 0.000361413 0.00050117 3.48619e-05 3.19008e-07 9.6881e-07 1.35401e-06 0.0634631 1.2687e-07 2.14932e-07 0.00228271 2.6951e-05 1.47356e-05 
0.0112602 0.000666853 0.177455 0.00198535 0.000511297 0.0844026 0.00605013 3.3269e-07 0.008686 0.000782935 0.450318 4.76931e-11 8.41722e-08 0.00121921 0.17807 6.33528e-08 1.35383e-07 0.000989646 5.17647e-12 0.0302597 0.00887009 0.0382929 0.000178402 
1.62465e-06 4.93445e-07 0.000404454 6.85749e-05 0.000115547 0.0529355 5.67006e-07 3.87492e-06 0.874959 2.3503e-06 0.052872 2.63953e-06 2.50894e-06 0.000377865 0.0181849 6.20833e-06 3.05752e-06 8.85875e-07 2.86487e-07 4.85341e-07 4.35224e-07 9.73799e-06 4.74873e-05 
0.000511675 2.26116e-07 0.000188356 0.00740553 0.797968 0.0194289 0.000325801 1.60994e-09 2.32671e-06 9.7649e-10 0.0426983 1.09666e-09 1.0424e-09 4.5874e-10 0.0101137 9.08929e-10 1.27032e-09 0.0939649 1.19028e-10 1.18527e-06 0.00495363 0.0224365 4.52422e-07 
0.00940907 0.000294547 0.0190505 0.0268467 0.00595081 0.0361219 0.00238233 0.00125495 0.000754758 4.22174e-10 0.719208 0.00451523 7.13609e-07 1.98331e-10 0.118978 7.52869e-05 3.19546e-05 0.0011999 5.14605e-11 0.00791948 0.0284374 0.0175601 8.88614e-06 
1.75253e-07 0.000119561 0.0517624 0.00107061 0.000285895 0.013541 6.42719e-05 6.53737e-11 0.00180981 1.18763e-07 0.268506 2.85207e-07 4.23282e-11 0.000641705 0.295935 8.66516e-08 5.15833e-11 6.89527e-08 4.83331e-12 0.00835217 0.00338095 0.35453 5.80021e-08 
4.19461e-08 2.11872e-06 0.0169621 0.258926 0.00413165 0.0121757 0.000160539 1.37147e-05 8.63191e-09 5.66463e-05 0.659268 0.00474724 8.88002e-06 2.85071e-08 0.00695644 3.89972e-06 7.89405e-08 0.000187831 7.39667e-09 0.00146118 0.0272347 0.00770292 5.22026e-08 
1.56786e-11 1.4984e-06 0.0167301 3.43515e-08 9.8077e-05 0.00587783 5.58735e-09 0.133212 3.59545e-08 3.91785e-08 2.31409e-08 2.54727e-11 2.42124e-11 1.06554e-11 0.786628 2.11122e-11 2.95064e-11 8.5491e-12 2.76473e-12 1.69205e-08 0.00165001 0.0558022 1.95123e-11 
3.25203e-05 0.00014304 0.00477408 0.0312687 0.00171703 0.0264878 0.000684736 2.41209e-06 2.8604e-05 1.46303e-06 0.00240402 0.000178167 0.37989 1.42572e-06 0.000152439 1.36181e-06 1.90327e-06 0.168783 1.78335e-07 0.000140521 0.23876 0.144545 1.25861e-06 
4.02347e-07 1.70193e-07 4.99778e-07 1.56359e-07 7.63856e-07 6.54622e-07 1.85538e-07 3.42602e-10 8.42488e-07 3.74252e-07 0.992427 2.33375e-10 2.21828e-10 9.76221e-11 0.000271295 0.00263785 0.00424104 2.42886e-07 2.53298e-11 1.79803e-06 0.000415239 1.69622e-06 1.78767e-10 
7.19063e-05 1.24023e-06 0.00108633 0.945211 7.86388e-05 0.00455619 0.00181957 2.42764e-07 0.000230663 0.000113249 0.00161121 0.0384992 1.22527e-07 0.000433925 0.000117973 5.86978e-11 8.20363e-11 0.00140576 7.68674e-12 6.06599e-06 0.00078074 0.0039761 5.42497e-11 
0.000620594 7.16561e-07 0.00157664 0.00169114 0.00629202 0.0603602 4.94741e-05 2.57929e-09 0.000252611 9.10442e-07 0.346604 1.75697e-09 8.93087e-06 0.00168595 7.98102e-05 7.0909e-06 0.000102611 0.00750447 1.90696e-10 0.0761829 0.000193649 0.496787 1.34585e-09 
9.25393e-06 1.44387e-05 0.00108956 2.93304e-05 0.00503564 0.00147284 5.42937e-06 8.77297e-06 0.00061112 4.11412e-07 0.948822 2.36994e-05 1.99063e-05 0.000120531 0.0369467 3.28967e-05 0.000100817 0.000114362 1.94708e-07 0.00354126 0.000202959 0.0017892 8.198e-06 
3.94371e-09 1.1978e-09 0.0838805 0.0587289 0.000648884 0.0378472 1.27545e-07 4.54904e-06 8.11559e-10 1.36032e-05 0.114648 6.40724e-09 5.85944e-06 3.93368e-06 0.00368081 5.31042e-09 2.31902e-05 0.124052 6.95424e-10 1.17812e-09 0.572174 0.00428798 4.90801e-09 
0.000532047 0.000439226 0.000617074 0.0290404 0.000842092 0.0332561 0.000329759 0.0018316 0.0290191 0.00260393 0.733401 2.09038e-06 1.98695e-06 0.0523033 0.000484239 1.73254e-06 0.113711 7.01569e-07 2.26884e-07 3.84366e-07 0.00157227 8.14161e-06 1.60125e-06 
6.40179e-06 0.00017459 0.0613654 0.0851142 0.0149115 0.0607222 1.07525e-05 2.71142e-05 0.00131101 1.42322e-06 0.646493 1.82972e-09 1.7392e-09 9.21297e-07 0.0616868 2.87619e-07 5.08632e-06 0.000622785 1.98593e-10 0.00120854 0.0175986 0.0487371 1.9536e-06 
0.00364703 7.56603e-08 0.00713774 0.0114322 0.02528 0.0959666 7.34245e-05 5.94145e-07 0.000308929 0.000230073 0.0203608 4.04721e-07 3.84697e-07 1.69297e-07 0.00550837 3.35439e-07 4.68811e-07 0.818677 4.39273e-08 7.44177e-08 0.00122686 0.010148 3.1002e-07 
0.0112602 0.000666853 0.177455 0.00198535 0.000511297 0.0844026 0.00605013 3.3269e-07 0.008686 0.000782935 0.450318 4.76931e-11 8.41722e-08 0.00121921 0.17807 6.33528e-08 1.35383e-07 0.000989646 5.17647e-12 0.0302597 0.00887009 0.0382929 0.000178402 
4.57262e-07 1.38881e-07 0.00191847 5.37935e-05 0.000156209 0.0099409 1.59585e-07 1.09061e-06 9.4098e-08 0.000115717 0.983651 7.42902e-07 7.06146e-07 2.16797e-05 4.61178e-06 6.15729e-07 1.47839e-05 0.0035087 8.06325e-08 1.366e-07 3.33198e-05 0.000576126 5.6907e-07 
5.43887e-07 1.65191e-07 0.114017 0.00588998 0.0463226 0.0593136 0.00532091 0.200332 0.00192235 0.000382956 0.0184077 8.83641e-07 8.39921e-07 3.69633e-07 0.000187198 7.32375e-07 0.000410246 0.484376 9.59078e-08 0.0119961 0.0196111 0.0315063 6.76877e-07 
5.13464e-08 0.00209386 8.28393e-08 0.00147956 0.00332707 0.083267 1.73239e-07 1.603e-06 1.68628e-06 0.157862 0.739535 1.40486e-09 7.01773e-06 0.000586738 1.47023e-05 7.14914e-07 0.000879111 0.00037215 1.52479e-10 0.00139387 0.000911801 0.00826554 5.94618e-07 
2.87923e-07 1.07299e-05 0.00843155 0.00342669 0.0061333 0.115987 0.0279675 4.75088e-07 0.0042489 0.00429363 0.225681 0.0135905 1.32115e-07 2.12851e-05 0.0716074 0.000116034 1.04777e-07 0.00244597 5.98437e-08 0.0030357 0.122629 0.390369 2.82896e-06 
1.08112e-06 1.20668e-10 0.0933056 1.68694e-05 0.17002 0.0165822 1.38657e-10 0.000447579 0.015349 5.74747e-10 0.00551742 6.45477e-10 6.13541e-10 0.586684 0.0472069 5.34981e-10 6.96591e-06 2.16634e-10 7.00582e-11 0.0206323 0.0211141 0.0231161 4.94441e-10 
1.75253e-07 0.000119561 0.0517624 0.00107061 0.000285895 0.013541 6.42719e-05 6.53737e-11 0.00180981 1.18763e-07 0.268506 2.85207e-07 4.23282e-11 0.000641705 0.295935 8.66516e-08 5.15833e-11 6.89527e-08 4.83331e-12 0.00835217 0.00338095 0.35453 5.80021e-08 
0.000178379 0.000126736 0.00201275 0.0055671 0.0189204 0.0231485 1.46878e-06 1.63159e-06 0.00426119 1.29763e-06 0.901482 0.0217931 0.00777889 0.000393696 0.000324799 0.00048259 8.12318e-07 0.000910107 6.35488e-07 8.80714e-06 0.0118384 0.000162107 0.000604774 
3.49173e-06 0.000119951 3.3689e-07 0.000410362 7.00208e-12 0.000156073 8.20297e-05 6.18846e-08 0.151011 0.410726 0.0978096 4.06487e-11 1.29581e-08 1.70036e-11 0.294969 0.00396436 7.60953e-06 9.41045e-06 4.41189e-12 0.00257864 0.000800123 0.0372721 7.93219e-05 
0.0242064 0.000122337 0.180356 0.14752 0.161583 1.05997e-05 0.0307551 1.71002e-09 1.50507e-06 0.00103928 0.413498 9.90231e-06 3.87634e-06 3.90295e-07 0.0168204 9.65436e-10 4.04925e-06 0.0240497 1.26428e-10 2.14398e-07 1.8573e-05 1.08502e-06 8.92277e-10 
5.31998e-06 7.8834e-05 0.735242 0.00299415 0.00151198 0.095396 0.00026259 0.00337843 0.00956962 4.91022e-05 0.0658087 1.0853e-07 2.57535e-05 0.000164763 0.0725819 8.38222e-05 0.00150321 0.000975497 1.17795e-08 1.91773e-06 0.00526007 0.00510638 8.3135e-08 
0.00918113 8.60421e-08 0.000554733 0.00425261 0.0614753 0.0737169 0.000794526 6.75672e-07 7.03048e-05 0.00171874 0.771591 0.000263893 4.37484e-07 1.92528e-07 0.000444094 8.45625e-05 0.000313713 0.0713061 4.99548e-08 0.00117535 0.000564502 0.00230464 0.000186213 
6.5727e-06 0.000826637 0.0329315 0.0151464 0.118191 7.83132e-06 0.00272817 1.43053e-07 0.048482 0.000171921 0.714719 0.000157073 9.26242e-08 1.24067e-05 0.0180474 8.07644e-08 0.00293379 0.0427987 1.05764e-08 7.59454e-05 0.00275707 6.71045e-06 7.46441e-08 
6.65897e-05 1.84996e-08 0.255306 0.000229784 0.365256 0.015377 6.43089e-09 2.60108e-05 0.0715913 3.28381e-09 0.000151723 2.40692e-06 3.68216e-08 3.12292e-08 0.0417718 1.74087e-08 5.51822e-08 0.00435186 9.79844e-12 0.179297 0.000240632 0.0663321 6.91532e-11 
2.67842e-06 1.25682e-06 3.52568e-05 0.683714 1.67491e-05 0.090314 8.49022e-10 0.00122428 1.28664e-05 3.51928e-09 0.0184123 3.95237e-09 3.75682e-09 2.54624e-05 6.22762e-06 3.27579e-09 4.57825e-09 0.0254419 4.28979e-10 7.34006e-08 0.18079 3.08991e-06 3.02755e-09 
0.000646003 4.04801e-06 0.0477891 0.000933481 0.312861 0.225633 9.31206e-05 0.000146743 0.338365 0.000146657 0.00439146 4.98181e-05 0.000440306 0.000401378 0.0117773 0.00171638 8.39165e-07 0.0113588 5.52596e-07 0.00257129 0.0138049 0.0261991 0.000669868 
8.38564e-10 2.54692e-10 2.91761e-06 9.12793e-07 4.45924e-06 0.0328692 1.08314e-06 2.00004e-09 4.91828e-06 1.21311e-09 0.967076 1.36239e-09 1.29499e-09 5.69899e-10 2.63522e-06 5.30826e-06 8.83914e-06 1.41792e-06 1.4787e-10 1.04966e-05 2.20171e-06 9.90222e-06 1.04361e-09 
4.34441e-06 2.22424e-05 1.05347e-05 0.00229134 2.7762e-05 3.18997e-05 1.03929e-05 5.12628e-08 6.43491e-05 0.642368 0.353706 3.49193e-08 3.31916e-08 9.03092e-06 0.000240916 2.88973e-05 0.000101891 0.000259984 3.79004e-09 9.72148e-05 5.15507e-05 0.00067341 2.67485e-08 
0.0784593 4.59647e-10 4.51545e-06 0.00913029 0.0747661 0.0782573 0.00491037 3.60952e-09 0.0767928 0.00101332 0.642844 2.45874e-09 2.33709e-09 1.59537e-06 2.56392e-05 4.66874e-07 1.9387e-06 1.17575e-06 2.66864e-10 0.00639809 1.05866e-06 0.0273617 3.03898e-05 
2.87923e-07 1.07299e-05 0.00843155 0.00342669 0.0061333 0.115987 0.0279675 4.75088e-07 0.0042489 0.00429363 0.225681 0.0135905 1.32115e-07 2.12851e-05 0.0716074 0.000116034 1.04777e-07 0.00244597 5.98437e-08 0.0030357 0.122629 0.390369 2.82896e-06 
4.67676e-05 0.00164093 0.218804 0.0273715 0.552848 0.0406194 0.00137144 2.11466e-05 0.0292174 8.72016e-06 0.00198399 2.03894e-05 0.000624289 0.000906182 0.0111814 0.000339032 8.28417e-06 0.0335188 7.76722e-06 0.0283096 0.00653912 0.0442831 0.000329284 
2.87923e-07 1.07299e-05 0.00843155 0.00342669 0.0061333 0.115987 0.0279675 4.75088e-07 0.0042489 0.00429363 0.225681 0.0135905 1.32115e-07 2.12851e-05 0.0716074 0.000116034 1.04777e-07 0.00244597 5.98437e-08 0.0030357 0.122629 0.390369 2.82896e-06 
0.000138612 6.86003e-05 0.0208763 0.00936032 0.0453134 0.00513446 0.000587436 0.000178136 0.27707 6.7862e-06 0.0480568 0.000360511 8.16141e-05 0.0279007 0.327085 0.00342907 2.60751e-05 0.0251912 1.91102e-06 0.121447 0.00640202 0.0812732 1.04048e-05 
0.00485118 0.000716636 0.00279507 0.233411 0.00240459 0.000465316 0.00427705 2.06915e-07 0.000221601 0.0190241 0.69025 4.22732e-05 1.33973e-07 5.8959e-08 0.00241206 1.16819e-07 1.54149e-05 0.0374063 1.5298e-08 0.000198703 0.00015854 0.0013504 1.07967e-07 
0.00982593 6.41613e-07 0.0127934 0.0388056 1.02772e-05 0.000247286 0.00578534 7.75355e-07 0.0244929 0.000765762 0.824832 6.40748e-06 4.22841e-07 0.00105472 1.54552e-05 2.02587e-06 0.000252096 1.31476e-05 2.18794e-07 6.84298e-05 0.00859992 0.0723829 4.41826e-05 
1.14184e-07 6.34171e-05 0.00780182 0.0221683 0.095781 0.0033503 0.00296266 2.91042e-06 0.00842118 1.65184e-07 0.833174 1.85512e-07 1.7329e-05 0.00144526 0.0017924 1.53755e-07 2.11517e-06 6.22611e-08 2.01349e-08 0.00186355 0.0181989 0.00295415 1.42104e-07 
2.48781e-06 2.18504e-05 3.53704e-05 8.11544e-05 0.000949533 5.6284e-05 5.92975e-06 5.93364e-06 0.000178947 0.000165847 0.993542 0.000173302 3.84191e-06 0.00123002 0.000502275 3.34998e-06 4.68195e-06 1.35653e-06 4.38695e-07 0.00212186 0.000683281 0.00022672 3.09612e-06 
6.9536e-07 2.28446e-11 0.127726 0.00172592 0.0312887 0.51722 6.11038e-08 2.7111e-08 0.150956 2.56497e-07 0.00275361 1.222e-10 1.16154e-10 3.33996e-09 0.0725949 1.28605e-07 1.41551e-10 0.00643343 1.32632e-11 0.00266528 0.0103128 0.076321 7.34667e-07 
1.08112e-06 1.20668e-10 0.0933056 1.68694e-05 0.17002 0.0165822 1.38657e-10 0.000447579 0.015349 5.74747e-10 0.00551742 6.45477e-10 6.13541e-10 0.586684 0.0472069 5.34981e-10 6.96591e-06 2.16634e-10 7.00582e-11 0.0206323 0.0211141 0.0231161 4.94441e-10 
1.08112e-06 1.20668e-10 0.0933056 1.68694e-05 0.17002 0.0165822 1.38657e-10 0.000447579 0.015349 5.74747e-10 0.00551742 6.45477e-10 6.13541e-10 0.586684 0.0472069 5.34981e-10 6.96591e-06 2.16634e-10 7.00582e-11 0.0206323 0.0211141 0.0231161 4.94441e-10 
0.419955 0.00197261 0.00826865 0.0041145 0.00300659 0.064934 4.12453e-07 4.48172e-07 0.00133402 2.40473e-10 0.401041 2.70067e-10 2.56705e-10 0.0107979 0.0172117 3.99386e-07 3.12833e-10 2.89747e-07 2.93123e-11 0.0445567 0.00503999 0.0177645 1.90626e-06 
0.00110631 1.90873e-05 0.596275 2.95445e-08 1.34251e-08 0.0152158 0.000737113 1.04497e-10 0.000117745 1.40053e-07 0.304269 7.11813e-11 6.76595e-11 0.000304742 0.0755416 1.02189e-07 8.24533e-11 8.13101e-08 7.72581e-12 0.00369723 0.00157989 0.0010922 4.3634e-05 
6.59569e-05 1.97465e-05 0.0343459 0.00397012 0.048827 0.00793636 0.000246836 2.33005e-09 0.108108 0.000417092 0.535764 9.35484e-06 7.78266e-07 0.000634453 0.137765 9.26251e-05 1.83853e-09 0.0390297 1.72269e-10 0.00466525 0.0605387 0.00990188 0.00766079 
5.08847e-05 2.05302e-08 0.312641 0.000344641 0.258468 0.0105265 7.13266e-09 3.8952e-05 0.0769473 3.91965e-09 0.000227494 3.57118e-06 3.45329e-08 3.56902e-08 0.0373551 6.0233e-11 5.73787e-08 0.00498977 7.88778e-12 0.215937 0.000167072 0.0823022 5.56686e-11 
2.87923e-07 1.07299e-05 0.00843155 0.00342669 0.0061333 0.115987 0.0279675 4.75088e-07 0.0042489 0.00429363 0.225681 0.0135905 1.32115e-07 2.12851e-05 0.0716074 0.000116034 1.04777e-07 0.00244597 5.98437e-08 0.0030357 0.122629 0.390369 2.82896e-06 
4.92784e-05 1.46669e-07 0.00496568 0.00567052 0.0227976 0.0265233 3.12661e-06 0.000191661 0.0104735 0.000346338 0.888494 3.06585e-05 0.000460007 3.28186e-07 2.02298e-05 6.50255e-07 2.38664e-05 0.000848461 8.51538e-08 1.4426e-07 0.0381281 0.000950954 2.16975e-05 
5.0629e-07 1.1978e-05 0.00618137 0.0180634 0.00914776 0.00215929 1.76696e-07 0.000149063 0.80695 7.32424e-07 0.051156 8.22558e-07 0.000363103 0.00128719 0.0314703 1.43734e-05 0.000106781 0.00282822 8.9278e-08 0.0011585 0.0210702 0.0477217 0.000158213 
2.06153e-07 1.2501e-08 0.0182383 0.0554398 0.680671 0.0425416 0.000212536 0.000473612 0.0816259 1.26257e-06 0.00341394 3.37086e-05 4.64995e-06 1.35776e-06 0.0436601 2.61013e-06 0.0294105 0.0210862 7.25789e-09 0.000179655 0.0198273 0.00317582 5.12231e-08 
0.0121754 4.83766e-06 0.0071637 0.0769282 0.0775138 0.213031 1.15927e-06 0.00157116 0.0284497 2.05909e-08 0.206361 0.000691892 4.73431e-06 0.000122054 0.202309 6.62739e-05 2.77326e-05 0.000216631 2.5099e-09 0.0555729 0.021459 0.0963288 1.71645e-06 
7.61333e-09 2.68589e-06 1.46259e-05 5.34322e-05 0.000290919 6.6626e-05 0.00130063 1.81584e-08 0.00182845 0.000123235 0.980697 1.23692e-08 1.17572e-08 0.000173694 0.00295798 1.02518e-08 5.33534e-06 4.26887e-05 1.34252e-09 0.00376915 0.00428686 0.00438676 9.47491e-09 
0.257008 2.12557e-10 0.125494 0.0155196 5.89558e-06 3.46666e-06 0.0146051 1.66917e-09 2.44973e-07 1.01242e-09 0.517427 1.13701e-09 1.08076e-09 4.75619e-10 0.0122914 9.42372e-10 1.31706e-09 0.0255308 1.23408e-10 0.00211019 0.0300024 1.09692e-06 8.7183e-07 
2.06153e-07 1.2501e-08 0.0182383 0.0554398 0.680671 0.0425416 0.000212536 0.000473612 0.0816259 1.26257e-06 0.00341394 3.37086e-05 4.64995e-06 1.35776e-06 0.0436601 2.61013e-06 0.0294105 0.0210862 7.25789e-09 0.000179655 0.0198273 0.00317582 5.12231e-08 
2.87923e-07 1.07299e-05 0.00843155 0.00342669 0.0061333 0.115987 0.0279675 4.75088e-07 0.0042489 0.00429363 0.225681 0.0135905 1.32115e-07 2.12851e-05 0.0716074 0.000116034 1.04777e-07 0.00244597 5.98437e-08 0.0030357 0.122629 0.390369 2.82896e-06 
