0.000257276 0.0332109 0.107626 0.0188013 0.0303498 0.0307167 0.0135346 0.000178441 0.0328918 0.000753903 0.00972814 0.00018353 0.000166764 0.00763169 0.0877201 7.19324e-06 9.65265e-05 0.00884007 0.00760702 0.573851 0.0135274 0.0222772 4.2843e-05 
0.000216366 0.000128633 0.0711391 0.0328016 0.000983931 0.0102569 0.00120024 1.9424e-05 0.0540037 1.21578e-05 0.00120698 1.29308e-06 0.000172455 0.00128713 0.00647916 8.91e-06 8.53849e-06 0.00438959 0.111736 0.653909 0.0195576 0.0304732 8.17892e-06 
0.000910143 0.00184211 0.0970733 0.048264 0.0467436 0.0530698 0.0107488 0.000388794 0.0219264 0.00224633 0.0443498 0.00176377 0.000673529 0.0367397 0.253137 2.65284e-06 5.04154e-05 0.00242025 0.013657 0.295606 0.0295577 0.0360044 0.00282529 
1.7425e-07 0.00151408 0.174437 0.0406898 0.0146351 0.0154734 0.00783262 3.46206e-05 0.00418312 5.04133e-07 0.00589213 5.32709e-08 7.70582e-11 4.93205e-08 0.035186 1.5608e-06 0.00693054 0.00155751 0.00148784 0.679847 0.000841852 0.00945456 6.20997e-11 
0.000148461 0.0113172 0.119864 0.0137293 0.0523695 0.0790443 0.00257202 2.24342e-05 0.0926579 7.01326e-06 0.00148622 5.17346e-05 0.000908422 0.000121158 0.110701 3.35865e-05 7.98394e-06 0.00829345 0.0224052 0.345393 0.0114312 0.127432 2.83658e-06 
0.000277643 0.00164712 0.398302 0.00855428 0.00515042 0.000738275 0.0146646 4.80385e-05 0.022363 2.1656e-05 0.00116744 0.000263462 0.000225233 0.00172226 0.0779189 8.2677e-07 0.00123304 0.000654599 0.0477068 0.399811 0.00417899 0.0133508 3.93754e-11 
0.000111758 0.000612298 0.0798114 0.007241 0.0033068 0.00432294 0.000859809 0.000564059 0.00530291 6.67961e-05 0.000105883 2.97123e-09 8.41128e-05 0.00112988 0.00736407 5.19886e-07 2.17252e-05 0.000455004 0.00385614 0.871919 0.00354141 0.0093221 1.10394e-09 
0.000129552 0.00846886 0.0497764 0.00435781 0.00521337 0.0191892 0.000750701 0.000444842 0.00586284 8.47711e-06 0.00092886 0.0001323 0.00203356 0.00528743 0.0124492 3.74994e-06 2.44217e-05 0.000527818 0.0436932 0.790767 0.00212201 0.0478284 2.1014e-09 
0.000229293 0.000260263 0.0269577 0.0108403 0.000272442 0.00134466 0.000592015 7.53646e-09 0.0214638 2.39851e-09 0.00366292 5.73555e-09 8.80777e-05 0.00388521 0.00987373 1.64283e-05 1.87702e-05 0.000438481 0.00642661 0.862721 0.00340391 0.0474762 2.85981e-05 
0.030298 0.000611255 0.0862242 0.0500116 0.0293259 0.0193927 0.0174593 0.000513579 0.0747671 0.00346851 0.0693953 0.00616473 0.00141313 0.0110567 0.0824 0.00488202 3.2097e-07 0.00723306 0.0794653 0.213474 0.0674627 0.14498 3.21202e-07 
4.04273e-05 0.081154 0.0206644 0.00662956 0.0849463 0.0410267 0.0101562 2.33173e-05 0.0123842 1.26953e-06 0.00735126 0.00272844 0.000852825 0.0395993 0.0295643 2.33458e-06 0.000565139 0.0012156 0.00403289 0.364612 0.00912445 0.283288 3.72823e-05 
0.000111758 0.000612298 0.0798114 0.007241 0.0033068 0.00432294 0.000859809 0.000564059 0.00530291 6.67961e-05 0.000105883 2.97123e-09 8.41128e-05 0.00112988 0.00736407 5.19886e-07 2.17252e-05 0.000455004 0.00385614 0.871919 0.00354141 0.0093221 1.10394e-09 
0.00134264 5.01554e-05 0.0996726 0.0106249 0.00445325 0.0116677 0.000351682 3.20515e-05 0.069697 0.00474515 0.0145534 0.000400107 4.66487e-05 0.0004717 0.22764 1.80309e-05 5.67379e-05 0.0157888 0.0050679 0.504462 0.00944718 0.01941 1.97922e-09 
0.000566962 4.79196e-05 0.21513 0.0170763 0.00197545 0.017815 0.00346591 2.96301e-05 0.00932804 0.000457072 0.00790336 0.000202954 2.38236e-05 0.00117836 0.219855 4.80829e-06 7.56814e-05 0.00402474 0.00946252 0.479438 0.00588759 0.00602518 2.54629e-05 
4.03413e-05 0.00011709 0.0827485 0.00155057 0.00118439 0.00239882 0.00625102 4.05876e-05 0.0177489 2.59788e-09 0.00417107 0.000114396 1.45641e-08 0.00141825 0.125043 5.33819e-06 1.42104e-05 0.000213612 0.00931198 0.737775 0.00399057 0.00584856 1.4587e-05 
4.47968e-05 0.000250193 0.193443 0.0267394 0.0495172 0.0236031 0.00209761 0.000375489 0.0142769 0.000154446 0.0243734 0.000586488 3.15027e-05 0.0040006 0.0327693 3.69398e-07 4.35054e-07 0.0112585 0.00338504 0.542743 0.0166374 0.0537124 3.48118e-07 
0.00321265 2.98215e-05 0.226367 0.0348286 0.0148068 0.0150931 0.000754004 0.00166533 0.0129007 0.00205252 0.00511769 0.000321036 2.23319e-05 0.000637348 0.0727919 2.79046e-06 0.000292049 0.00444374 0.00977195 0.579403 0.00578416 0.00969559 6.02222e-06 
0.000431431 0.00465668 0.184207 0.00792494 0.00582734 0.0211408 0.00223804 1.72798e-05 0.112536 0.00012541 0.0223934 0.00127478 0.000264634 0.000648923 0.242214 5.00466e-05 1.96081e-05 0.0159614 0.00633332 0.336357 0.00378181 0.0315901 5.63951e-06 
3.99482e-05 0.000330105 0.0277428 0.00349895 0.00182231 0.00360287 0.000200888 0.000162747 0.000988264 9.55516e-09 1.31786e-05 4.62374e-12 2.38101e-05 0.000823337 0.0115241 1.53152e-07 6.13712e-06 0.000135751 0.000111019 0.940151 0.000472339 0.00835042 8.11897e-10 
0.00014693 8.38904e-05 0.0222954 0.0030576 0.000463874 0.0618661 4.5295e-05 0.000357288 0.0472899 8.06657e-07 0.145919 6.05402e-06 8.61104e-07 3.91645e-05 0.0643517 3.26239e-06 1.92135e-05 0.0100357 0.000781636 0.615048 0.00618776 0.0186059 0.00339479 
0.0896814 0.0179937 0.000525958 0.171868 0.000631012 0.132363 0.000223122 1.38605e-06 0.0140646 0.000605354 0.0234394 0.00624123 0.00210506 0.0069963 0.032552 3.14578e-07 0.0119331 0.00383185 0.00379426 0.377041 2.25596e-05 0.104086 1.30097e-08 
0.000268994 0.000954367 0.0418769 0.00694641 0.00388484 0.0100373 0.0058726 0.000108322 0.0694697 0.000376679 0.0816443 0.00432902 0.000526471 0.00443048 0.125184 3.14778e-05 1.20171e-05 0.00621838 0.0158669 0.567296 0.0198898 0.0338517 0.000923335 
5.93717e-06 0.000228399 0.292046 0.0125274 0.0100839 0.0146198 0.0032949 2.17937e-06 0.0149236 1.47549e-05 0.0223931 1.74818e-05 1.05041e-05 0.00100216 0.039372 9.01116e-05 0.0212801 0.00637397 0.000775459 0.506073 0.0266089 0.0282555 4.0517e-11 
0.00131898 0.00271939 0.0603148 0.0202755 0.00614442 0.0229477 0.0253151 0.000898201 0.0233866 0.000118406 0.00988967 0.00503422 0.000341996 0.00186097 0.153127 2.88796e-06 6.02996e-05 0.00579668 0.119413 0.49263 0.0159338 0.0321875 0.000281865 
0.000179473 3.26509e-08 0.0481379 0.00374543 0.00125873 0.00126706 0.0127955 3.54147e-05 0.00761666 5.02733e-09 0.00176842 8.06362e-08 2.82069e-08 0.00222202 0.0484307 4.41218e-09 8.59496e-09 1.3207e-08 0.00620237 0.855794 0.00463397 0.00591259 1.23533e-12 
0.000510905 0.00300386 0.0437093 0.0573127 0.0195833 0.00427898 0.00321261 0.00195792 0.0134773 0.00381487 0.0410075 0.00275946 0.00112584 0.0578578 0.206785 5.30201e-07 1.10502e-05 0.000164434 0.0039453 0.239613 0.206642 0.0892263 6.39727e-08 
0.0187306 0.000412781 0.0375069 0.0538277 0.00594849 0.00885015 0.218132 7.58731e-05 0.00511721 4.4964e-06 0.00201453 3.45313e-05 2.76116e-06 0.00260305 0.0229858 3.37977e-05 2.82398e-05 0.0108333 0.000949866 0.570688 0.0248617 0.0163583 9.81042e-09 
3.10501e-05 0.0121355 0.0305229 0.00319868 0.00354353 0.00341744 0.000335893 0.00146511 0.00268478 5.16075e-06 0.000574432 0.000122336 0.000851929 0.00410155 0.0100465 9.87452e-07 9.33929e-06 0.000253774 0.000469182 0.9076 0.000535378 0.0180948 9.54384e-08 
0.000318399 0.000841278 0.0457903 0.0695183 0.0143306 0.00429029 0.00103688 0.000467548 0.00826516 0.000105645 8.7489e-06 1.08835e-06 3.11148e-05 0.000387146 0.00573866 4.29477e-08 6.40497e-06 0.000371456 0.000261381 0.833689 0.0085615 0.00597878 8.27446e-10 
2.05993e-05 0.270663 0.0231294 0.0607862 0.0814478 0.00189823 0.120355 0.00206623 4.33208e-07 0.0113085 0.0491086 1.01948e-06 3.35635e-06 0.00582419 0.000156034 2.23651e-06 5.3708e-07 1.9824e-05 0.000295176 0.370579 0.0012427 0.00107377 1.84117e-05 
5.56155e-06 0.00346193 0.00340827 0.00751512 0.0106932 0.00569995 0.00173223 5.16359e-05 0.000333841 2.56767e-06 0.00439915 0.000457756 0.0019206 0.00316101 0.00113488 9.10707e-06 2.08929e-06 1.23783e-05 0.000203158 0.934996 0.000814691 0.0199849 1.61888e-07 
6.60078e-05 0.0109423 0.0295517 0.0072369 0.00177227 0.0029968 0.00281429 6.44331e-05 0.00239112 2.20178e-06 0.00227732 1.00708e-07 0.00291556 0.00465844 0.0083731 1.47e-06 2.34278e-05 0.000112169 0.000344912 0.898537 0.000836418 0.0240822 2.4653e-09 
0.00181974 1.49526e-06 0.0798808 0.0212877 0.00287012 0.024724 0.000565376 2.10265e-05 0.0046483 0.000843426 0.00250291 0.000282391 2.6442e-05 0.000934728 0.154854 1.00419e-05 9.4409e-05 0.00897046 0.00590609 0.679169 0.0052562 0.0052472 8.38997e-05 
0.000277643 0.00164712 0.398302 0.00855428 0.00515042 0.000738275 0.0146646 4.80385e-05 0.022363 2.1656e-05 0.00116744 0.000263462 0.000225233 0.00172226 0.0779189 8.2677e-07 0.00123304 0.000654599 0.0477068 0.399811 0.00417899 0.0133508 3.93754e-11 
3.25003e-06 9.0324e-05 0.204 0.00187337 0.109628 0.0796826 7.28406e-05 0.000930492 0.0167968 2.71748e-06 7.94706e-06 4.27326e-10 5.15439e-06 0.000275319 0.0507332 1.01091e-07 1.19446e-07 1.84982e-05 3.04547e-05 0.451782 0.000543248 0.0835242 3.27336e-10 
0.0249199 0.000692072 0.225815 0.0208399 0.00167017 0.0301354 0.0012357 0.000271902 0.0317629 3.06944e-06 0.00528288 0.000211568 4.09542e-05 0.000276972 0.141789 5.01661e-05 0.00170569 0.0148849 0.00238107 0.456929 0.0130391 0.0260635 1.12308e-07 
0.000118619 6.38439e-05 0.194211 0.00550258 0.00735721 0.0298309 0.0233443 8.32136e-05 0.0350129 4.81043e-06 0.00308005 5.34283e-05 3.44864e-05 0.000882966 0.246736 2.49909e-06 2.25649e-05 0.00146405 0.0119815 0.408742 0.00468683 0.0264883 0.000296123 
0.000110389 0.00538893 0.0677359 0.00634153 0.00346722 0.00365559 0.000738651 0.00147434 0.00722358 9.0273e-05 0.000603215 0.000120568 0.000390284 0.00185185 0.00851155 9.18763e-07 6.07274e-05 0.000592068 0.0062022 0.869603 0.00393974 0.011897 2.24792e-07 
0.000152855 0.00971623 0.00136242 0.0729889 0.00394605 0.00181528 0.000265072 5.22547e-08 0.000581257 4.81179e-08 0.0636113 0.000746903 0.000798191 0.359181 0.00656796 3.32311e-07 4.38512e-05 1.20663e-06 0.00249286 0.370112 0.00240825 0.103207 4.35741e-08 
0.000102872 0.00826332 0.0529466 0.00546585 0.0031795 0.00284163 0.000657149 0.000310397 0.00703191 8.34244e-05 0.00084369 0.000233645 0.000448877 0.0019309 0.00871425 1.09074e-06 8.54477e-05 0.000467853 0.00427893 0.885891 0.00369613 0.0125257 1.39154e-09 
0.00235346 5.32504e-05 0.086139 0.0400447 0.00505082 0.0184351 0.00242931 0.000871959 0.0563287 0.00158651 0.0182001 0.000464079 7.10945e-06 0.000425237 0.134334 8.62834e-05 0.00539086 0.0119241 0.0103365 0.417363 0.173381 0.0147119 8.2801e-05 
0.000133351 0.00737257 0.154702 0.00767204 0.00330479 0.015546 0.000891122 1.3384e-05 0.0214923 8.48104e-06 0.00233154 0.00125435 0.000837251 0.00291138 0.15264 4.28242e-06 9.6902e-05 0.00263524 0.000328872 0.596528 0.00129737 0.0279991 2.67899e-13 
5.0308e-06 0.000565081 0.173565 0.0115648 0.0566099 0.0177876 0.0016202 0.000646142 0.0119165 4.99303e-05 0.000156504 8.20716e-05 7.62959e-06 0.000550393 0.0146997 2.29468e-07 5.68611e-09 0.000297495 0.000349548 0.670216 0.00361656 0.0356932 2.96338e-12 
2.06394e-05 0.00234855 0.000145971 0.00982669 0.00344218 0.00077228 0.00174828 2.86555e-06 0.00163885 1.23677e-06 0.00137747 1.48933e-07 0.000172588 0.0201321 0.00124783 1.67976e-05 4.55432e-07 0.000523617 0.00831647 0.937975 0.00213476 0.00815513 1.4801e-08 
3.99482e-05 0.000330105 0.0277428 0.00349895 0.00182231 0.00360287 0.000200888 0.000162747 0.000988264 9.55516e-09 1.31786e-05 4.62374e-12 2.38101e-05 0.000823337 0.0115241 1.53152e-07 6.13712e-06 0.000135751 0.000111019 0.940151 0.000472339 0.00835042 8.11897e-10 
0.0181278 0.000331576 0.0847571 0.0296127 0.0410662 0.0381504 0.0700116 5.51247e-05 0.0263956 0.0121021 0.0499589 0.000489621 0.000136979 0.00610576 0.137747 1.07612e-05 0.000714926 0.0185303 0.00340164 0.252617 0.0766481 0.132837 0.000192439 
8.00008e-07 0.00874887 0.00981691 0.00709767 0.183746 0.0134876 0.0005397 0.000292317 0.00290922 0.000441797 0.0555659 3.14147e-05 0.00030583 0.258776 0.0219505 2.1245e-07 7.40739e-05 0.00170129 0.000752933 0.283 0.00737434 0.142929 0.00045727 
9.95791e-08 0.00411836 8.79684e-07 4.8491e-06 4.42168e-06 9.20653e-07 1.6308e-06 0.0150818 6.26656e-07 0.000722207 0.000988294 3.51628e-11 4.81326e-07 0.0630181 0.0108598 5.54017e-08 4.07718e-08 1.18013e-11 8.62143e-07 0.905191 2.8346e-06 2.95543e-06 2.6935e-11 
2.95689e-05 0.00593617 0.315291 0.0151473 0.0146071 0.00607031 0.0474891 3.02545e-05 0.0616213 9.49556e-05 0.00339211 0.000708334 0.00161639 0.017471 0.0591314 8.28476e-07 1.28126e-05 0.000333981 0.0151983 0.379493 0.0364057 0.0199185 1.34015e-11 
0.000102872 0.00826332 0.0529466 0.00546585 0.0031795 0.00284163 0.000657149 0.000310397 0.00703191 8.34244e-05 0.00084369 0.000233645 0.000448877 0.0019309 0.00871425 1.09074e-06 8.54477e-05 0.000467853 0.00427893 0.885891 0.00369613 0.0125257 1.39154e-09 
0.000267739 1.41405e-05 0.100156 0.0319098 0.0131529 0.0408077 0.00195176 7.18866e-06 0.17721 6.63973e-06 0.0234342 0.000110298 1.1457e-05 0.000573233 0.236752 0.00018318 2.12656e-05 0.0141924 0.00358593 0.301573 0.0114917 0.0424878 9.95184e-05 
6.29418e-05 0.00576007 0.118889 0.0243897 0.00659256 0.00467724 0.00101131 1.58094e-05 0.0245204 0.000153917 0.00591943 0.00014932 0.000892179 0.0103433 0.0511217 2.6447e-06 3.65318e-05 0.000597299 0.00634438 0.667623 0.00327817 0.0676184 2.74649e-09 
0.000909701 1.58304e-05 0.0408014 0.00569778 0.000462445 0.0158184 0.000256298 3.10147e-06 0.0131342 4.38228e-06 0.00119429 0.000353504 5.45888e-06 0.000326573 0.0388758 1.64656e-06 6.78635e-05 0.0117358 0.000550659 0.864555 0.00144359 0.00377922 7.22448e-06 
5.93717e-06 0.000228399 0.292046 0.0125274 0.0100839 0.0146198 0.0032949 2.17937e-06 0.0149236 1.47549e-05 0.0223931 1.74818e-05 1.05041e-05 0.00100216 0.039372 9.01116e-05 0.0212801 0.00637397 0.000775459 0.506073 0.0266089 0.0282555 4.0517e-11 
7.03546e-05 0.0190576 0.0113752 0.0200554 0.00106933 0.00180419 0.0521207 0.000206604 0.00263911 1.28926e-05 0.00693899 0.001569 0.0062734 0.034328 0.0131427 2.92174e-06 4.35e-06 2.92971e-05 0.0146969 0.776625 0.00345548 0.0345229 5.44968e-09 
2.64517e-05 0.00196015 0.0222795 0.0573222 0.061341 0.0336112 0.00359984 0.000137463 0.00351457 0.0180775 0.0651457 0.000226232 0.000551284 0.00747999 0.0451604 6.93958e-06 1.68411e-05 0.00499614 0.000873184 0.570116 0.0264485 0.0770764 3.23061e-05 
6.00063e-05 0.000373135 0.369 0.00296742 0.00173237 0.0036691 0.00020763 0.00098925 0.0491095 1.52038e-05 0.000176019 1.05959e-09 5.15454e-05 0.00139355 0.00458674 1.57069e-06 1.98453e-05 3.12174e-05 8.56592e-05 0.557117 0.00077671 0.00763275 3.66814e-06 
0.000232017 0.000115927 0.101719 0.0205021 0.00530225 0.00573444 0.000871161 0.000357806 0.0591936 0.00106325 0.089711 0.038063 0.000211228 0.0343488 0.0271049 0.000355624 8.5752e-05 0.00376068 0.000272048 0.41759 0.0439728 0.1491 0.000331771 
0.000169018 0.000426832 0.105772 0.0199014 0.00477258 0.0172041 0.00497491 4.51794e-05 0.00721473 4.89151e-05 0.011802 0.000437312 1.0377e-05 0.00142396 0.0806653 2.58472e-06 2.0002e-05 0.000965282 0.00375022 0.721629 0.00469016 0.0140732 9.28152e-07 
0.000129177 0.00183584 0.152602 0.115436 0.021281 0.03873 0.139543 0.000308707 0.0152566 1.81371e-05 0.0168657 0.0021754 0.00455469 0.00562536 0.182494 2.32973e-05 0.000534242 0.00187855 0.041427 0.190315 0.0149473 0.0540157 2.3419e-06 
0.000471619 0.000378784 0.0263569 0.0114057 0.0346641 0.0187805 0.00486585 0.000356687 0.00386888 2.21648e-08 0.00256275 2.61988e-07 2.56025e-05 0.00198543 0.043868 4.48182e-08 1.12145e-05 0.000492248 2.58837e-05 0.786342 0.0101302 0.0534068 2.94723e-08 
1.94135e-05 0.000532716 0.157167 0.0427208 0.0335495 0.0110325 0.011243 0.0730369 0.0680317 3.47196e-07 0.0299904 0.000705067 8.03056e-07 0.00144941 0.21679 5.83194e-07 7.39607e-05 9.46907e-08 0.00117191 0.266582 0.0337424 0.0521602 2.92386e-08 
0.000165268 0.0106767 0.243023 0.0113282 0.0274933 0.00342051 0.0020986 0.00074571 0.126764 0.00141912 0.00583329 0.000668405 0.00118478 0.00858203 0.100637 1.55013e-05 0.00010433 0.00605781 0.00966202 0.31367 0.0623141 0.0641372 1.05412e-08 
0.0068511 2.63948e-05 0.0507887 0.00155327 0.00197628 0.00343723 0.000178002 3.11984e-05 0.0189364 0.000105314 0.0215075 0.000263008 0.00028642 0.000390313 0.261394 1.9776e-05 8.31728e-05 0.0151758 0.00124807 0.606045 0.00359737 0.00610608 1.98292e-11 
0.00144582 0.0027869 0.133896 0.0264967 0.0053644 0.0192552 0.00456921 9.68139e-05 0.0320736 0.00377053 0.0209732 0.00081682 0.000851303 0.0095201 0.302551 3.97677e-05 0.00445196 0.0161205 0.0225942 0.362622 0.00453919 0.0251524 1.27352e-05 
2.94084e-09 0.0473253 0.00650333 0.00107314 0.00209726 0.000325666 0.000490437 9.38026e-09 0.003331 8.66222e-09 0.00361158 0.00277732 0.000548968 0.0154347 0.00654335 6.07156e-06 6.00186e-05 1.95121e-08 0.00863554 0.87039 0.000259665 0.0305864 2.20464e-13 
0.128214 0.00081958 0.10266 0.0225028 0.00227462 0.00810756 0.00460943 0.00164105 0.0166783 0.000210983 0.0059163 0.000121539 0.000211953 0.00227571 0.0617476 8.5863e-06 0.000227151 0.00228067 0.0143846 0.583114 0.00656746 0.03542 6.13469e-06 
8.33882e-05 0.00865914 0.077028 0.0103421 0.00279558 0.00313368 0.00360773 5.89778e-05 0.0086787 2.89704e-05 0.00163267 8.2898e-05 0.00228487 0.00350897 0.00925641 1.818e-06 2.18844e-05 0.000632271 0.00590474 0.838956 0.00272314 0.0205782 1.88642e-09 
2.74246e-05 0.00512899 0.0168666 0.036611 0.0293749 0.0344224 0.000699741 8.6313e-07 0.0041062 1.82659e-05 0.00623062 0.000251802 0.00311996 0.0106452 0.0591571 3.7397e-07 5.81347e-05 0.00901658 0.00134228 0.458407 0.00110171 0.323413 3.17075e-10 
0.000294503 0.0325847 0.202112 0.0446197 0.0307574 0.0274813 0.0307654 0.00141294 0.0432103 0.000451339 0.0208563 0.00189089 0.0214595 0.0227172 0.132418 3.9285e-05 0.00109372 0.0213959 0.00656913 0.28224 0.0190354 0.0565842 1.04231e-05 
3.99482e-05 0.000330105 0.0277428 0.00349895 0.00182231 0.00360287 0.000200888 0.000162747 0.000988264 9.55516e-09 1.31786e-05 4.62374e-12 2.38101e-05 0.000823337 0.0115241 1.53152e-07 6.13712e-06 0.000135751 0.000111019 0.940151 0.000472339 0.00835042 8.11897e-10 
6.60078e-05 0.0109423 0.0295517 0.0072369 0.00177227 0.0029968 0.00281429 6.44331e-05 0.00239112 2.20178e-06 0.00227732 1.00708e-07 0.00291556 0.00465844 0.0083731 1.47e-06 2.34278e-05 0.000112169 0.000344912 0.898537 0.000836418 0.0240822 2.4653e-09 
0.000769873 6.09279e-05 0.180106 0.00401669 0.00183076 0.00886669 0.00100122 6.74077e-06 0.103489 0.00133584 0.0138407 0.000549666 3.9843e-05 9.26375e-05 0.270366 1.54116e-05 4.83337e-05 0.00796329 0.0131673 0.378474 0.00617037 0.00778808 9.53463e-12 
7.33977e-06 1.14796e-05 0.25459 0.000825769 8.80438e-05 0.000197633 9.1617e-05 7.39787e-09 0.0101888 4.4871e-09 0.0079355 2.74768e-06 4.52016e-06 4.42184e-05 0.0653262 3.22398e-05 5.05001e-05 0.00014109 0.00018016 0.64859 0.00360696 0.00808414 3.61657e-07 
1.17582e-05 0.000247069 0.278631 0.0385896 0.0298636 0.016897 0.00360859 0.000329974 0.0141798 2.865e-05 0.00694834 1.89356e-05 1.01188e-06 0.000481154 0.109911 1.98287e-06 8.31937e-06 0.00110287 0.000491446 0.463931 0.00649322 0.0282244 2.80355e-09 
3.99482e-05 0.000330105 0.0277428 0.00349895 0.00182231 0.00360287 0.000200888 0.000162747 0.000988264 9.55516e-09 1.31786e-05 4.62374e-12 2.38101e-05 0.000823337 0.0115241 1.53152e-07 6.13712e-06 0.000135751 0.000111019 0.940151 0.000472339 0.00835042 8.11897e-10 
9.63028e-05 0.00661447 0.106278 0.0111201 0.00394697 0.00503567 0.00247046 0.00181071 0.00895507 7.70839e-05 0.00097871 9.51575e-05 0.00122496 0.00283286 0.00911997 1.33032e-06 2.08601e-05 0.000980523 0.0122365 0.80621 0.00397113 0.0159214 7.74407e-07 
5.89245e-05 0.00552206 0.104204 0.00938088 0.00642146 0.0150867 0.0437237 8.28204e-05 0.0235698 4.02396e-06 0.0984407 0.000469025 0.001243 0.00816757 0.154236 1.7991e-05 4.97681e-06 0.00386513 0.000748847 0.481672 0.00515848 0.0379218 1.35199e-07 
3.99482e-05 0.000330105 0.0277428 0.00349895 0.00182231 0.00360287 0.000200888 0.000162747 0.000988264 9.55516e-09 1.31786e-05 4.62374e-12 2.38101e-05 0.000823337 0.0115241 1.53152e-07 6.13712e-06 0.000135751 0.000111019 0.940151 0.000472339 0.00835042 8.11897e-10 
0.000782289 0.00517773 0.0254578 0.074763 0.0513022 0.0516811 0.00456699 3.19518e-05 0.00933833 0.000690665 0.035655 0.00594073 0.000114265 0.154653 0.0765796 7.01217e-05 0.00011545 0.0029959 0.0289397 0.404296 0.00894036 0.0578701 3.78562e-05 
0.000404805 0.000366417 0.190403 0.0833685 0.00892443 0.0204594 0.00854466 4.42538e-05 0.00936365 8.1918e-05 0.122215 0.000275194 3.36005e-06 0.0102379 0.0797403 2.43747e-05 0.015738 0.00616293 0.0294392 0.192769 0.170613 0.0508195 8.72822e-07 
0.000431537 9.10226e-06 0.0939838 0.0312339 0.00688118 0.0348809 0.00108642 3.02755e-05 0.0657446 0.000968324 0.00563061 0.00076046 4.94897e-06 0.00035501 0.209612 0.000104584 7.23301e-05 0.0165475 0.00718263 0.454885 0.0557489 0.0138335 1.19592e-05 
0.000599737 0.000605893 0.119676 0.0628974 0.089154 0.1147 0.0100044 0.00316156 0.0223134 0.000104056 0.0155224 0.000295656 0.000575914 0.00206553 0.0725939 8.33739e-06 1.15323e-05 0.00221827 0.0132782 0.312836 0.0744732 0.0827695 0.000134993 
0.00093729 0.00199157 0.0212875 0.0158608 0.028265 0.0074365 0.00214 2.44421e-05 0.00869706 6.83853e-05 0.00843389 0.0038975 0.000178144 0.0151227 0.0108712 1.37323e-05 6.00025e-06 0.00171055 0.0171629 0.831128 0.0113266 0.0134402 1.11035e-08 
2.06394e-05 0.00234855 0.000145971 0.00982669 0.00344218 0.00077228 0.00174828 2.86555e-06 0.00163885 1.23677e-06 0.00137747 1.48933e-07 0.000172588 0.0201321 0.00124783 1.67976e-05 4.55432e-07 0.000523617 0.00831647 0.937975 0.00213476 0.00815513 1.4801e-08 
0.00036992 0.00625823 0.178543 0.00690432 0.00450481 0.00682475 0.000737449 0.000670703 0.124332 1.02127e-05 0.031353 0.00141346 0.00872179 0.0111481 0.0808358 0.000457961 7.12692e-05 0.00199422 0.00657971 0.465819 0.00359451 0.0588538 1.51129e-06 
6.48449e-05 7.20398e-05 0.0878508 0.00690234 0.0032633 0.00699563 0.000558805 0.000217579 0.0380289 1.84983e-05 0.00145086 1.43776e-05 1.34583e-05 0.000648359 0.0811204 1.8784e-06 5.84317e-05 0.00262615 0.00433282 0.759137 0.00189141 0.00473207 4.13569e-09 
4.82989e-05 5.59229e-05 0.0125241 0.00291355 0.000730597 0.00394553 0.000587904 0.000129611 0.00017886 3.98517e-05 0.00168228 8.46687e-12 1.41325e-05 0.000280522 0.00750409 2.41505e-07 4.17541e-05 0.00038296 8.45784e-05 0.957721 0.00119297 0.00993792 3.27669e-06 
0.000850156 0.0131977 0.170121 0.0503985 0.113978 0.0778675 0.0713711 0.00481128 0.0365599 0.00136967 0.0276959 0.00255851 0.00812035 0.00429293 0.0996945 1.18721e-05 0.000125988 0.024542 0.00227212 0.182096 0.019906 0.0881447 1.46936e-05 
5.1611e-05 0.00135205 0.12451 0.0373502 0.0512639 0.0926006 0.0105811 8.69655e-05 0.00120314 0.0128895 0.0206241 0.00062798 1.27772e-07 0.000278452 0.0516413 7.09244e-09 0.00462163 0.0150072 0.00520456 0.483808 0.0412533 0.0450444 7.5518e-11 
1.24928e-08 0.00296602 0.0566342 0.0684562 0.00760648 0.0132419 0.00623322 9.20018e-06 0.0155782 1.60985e-06 0.0605026 0.00584643 4.6464e-06 0.000295237 0.0304261 0.000634137 4.01693e-09 9.84842e-07 0.00190336 0.516122 0.0181524 0.19538 4.89291e-06 
8.50194e-05 2.95639e-05 0.204254 0.00292495 0.00147554 0.00201532 0.000570074 3.97196e-06 0.0454383 3.48635e-06 0.00371901 0.000100116 1.95715e-06 0.000182924 0.105642 8.42005e-06 1.37024e-05 0.00405055 0.0139642 0.602203 0.00216512 0.0111495 5.13285e-13 
2.06394e-05 0.00234855 0.000145971 0.00982669 0.00344218 0.00077228 0.00174828 2.86555e-06 0.00163885 1.23677e-06 0.00137747 1.48933e-07 0.000172588 0.0201321 0.00124783 1.67976e-05 4.55432e-07 0.000523617 0.00831647 0.937975 0.00213476 0.00815513 1.4801e-08 
2.06394e-05 0.00234855 0.000145971 0.00982669 0.00344218 0.00077228 0.00174828 2.86555e-06 0.00163885 1.23677e-06 0.00137747 1.48933e-07 0.000172588 0.0201321 0.00124783 1.67976e-05 4.55432e-07 0.000523617 0.00831647 0.937975 0.00213476 0.00815513 1.4801e-08 
0.000591235 0.0239857 0.235162 0.0125281 0.00306861 0.0444025 0.00355013 5.64074e-05 0.0507721 3.38776e-05 0.0369676 0.000197247 0.000401923 0.000218063 0.0983249 1.8325e-05 3.25344e-05 0.130175 0.000148064 0.350026 0.00115484 0.0081689 1.5057e-05 
0.000111758 0.000612298 0.0798114 0.007241 0.0033068 0.00432294 0.000859809 0.000564059 0.00530291 6.67961e-05 0.000105883 2.97123e-09 8.41128e-05 0.00112988 0.00736407 5.19886e-07 2.17252e-05 0.000455004 0.00385614 0.871919 0.00354141 0.0093221 1.10394e-09 
4.35818e-05 0.0126606 0.0727559 0.0186953 0.00666697 0.0041791 0.00963293 2.4757e-05 0.0215886 1.70753e-05 0.00781812 0.00201544 0.0218906 0.0203972 0.126164 1.83814e-05 8.10324e-05 0.00407661 0.0317137 0.441942 0.0029082 0.194679 3.08494e-05 
1.7425e-07 0.00151408 0.174437 0.0406898 0.0146351 0.0154734 0.00783262 3.46206e-05 0.00418312 5.04133e-07 0.00589213 5.32709e-08 7.70582e-11 4.93205e-08 0.035186 1.5608e-06 0.00693054 0.00155751 0.00148784 0.679847 0.000841852 0.00945456 6.20997e-11 
0.000102872 0.00826332 0.0529466 0.00546585 0.0031795 0.00284163 0.000657149 0.000310397 0.00703191 8.34244e-05 0.00084369 0.000233645 0.000448877 0.0019309 0.00871425 1.09074e-06 8.54477e-05 0.000467853 0.00427893 0.885891 0.00369613 0.0125257 1.39154e-09 
0.00578842 0.0082712 0.0826749 0.0366409 0.00977334 0.0375628 0.00337237 6.08235e-05 0.0232214 0.00032297 0.156298 0.00511577 0.000315884 0.029796 0.183115 3.14961e-05 0.00168737 0.0269459 0.0104937 0.267878 0.0379967 0.0726183 1.94744e-05 
4.71688e-05 0.0905107 0.0957832 0.0252623 0.00610877 0.0146946 0.0530064 0.000557467 0.0044723 1.50804e-05 0.00813963 0.000209699 0.000967846 0.0049508 0.0777508 3.59691e-05 4.05705e-05 0.000829541 0.0222683 0.555697 0.00336028 0.0352907 1.06443e-06 
2.09552e-05 0.027408 0.0255125 0.00223063 0.00427759 0.00274072 0.000357685 0.0002745 0.00386375 7.20182e-06 0.00144011 0.000361409 0.00177251 0.00700497 0.00755709 1.79869e-06 1.01718e-05 0.000282206 0.000764289 0.890149 0.000454577 0.0235081 2.10043e-09 
0.000431537 9.10226e-06 0.0939838 0.0312339 0.00688118 0.0348809 0.00108642 3.02755e-05 0.0657446 0.000968324 0.00563061 0.00076046 4.94897e-06 0.00035501 0.209612 0.000104584 7.23301e-05 0.0165475 0.00718263 0.454885 0.0557489 0.0138335 1.19592e-05 
0.000676142 0.0231397 0.0371801 0.0959739 0.0159769 0.00931235 0.00273108 0.0627524 0.0130368 0.00917838 0.0206561 0.012346 0.000906002 0.0108127 0.0179294 2.24996e-06 0.00023651 0.00108764 0.00386168 0.560241 0.0145651 0.0873857 1.23382e-05 
8.5429e-06 5.6036e-05 0.0126849 0.0465263 0.000108123 0.00368453 0.00636404 3.76561e-05 0.0136624 2.08324e-07 0.162215 0.000194271 2.38286e-06 0.000958254 0.0144309 8.50883e-07 0.00127108 0.00289458 0.00698767 0.691741 0.0287076 0.00746328 6.01593e-08 
0.000522568 0.000489441 0.124916 0.0547542 0.0215884 0.0406151 0.000872102 0.00253992 0.0621329 2.68683e-06 0.00801676 9.38651e-07 0.002391 0.0640351 0.179035 8.80691e-08 2.59029e-05 0.0199619 0.00210286 0.24193 0.130149 0.043893 2.53549e-05 
0.0187306 0.000412781 0.0375069 0.0538277 0.00594849 0.00885015 0.218132 7.58731e-05 0.00511721 4.4964e-06 0.00201453 3.45313e-05 2.76116e-06 0.00260305 0.0229858 3.37977e-05 2.82398e-05 0.0108333 0.000949866 0.570688 0.0248617 0.0163583 9.81042e-09 
0.000110226 0.00937925 0.141478 0.00161481 0.0436788 0.11248 0.000165037 3.64897e-06 0.140289 3.33547e-06 0.00360648 0.000533871 0.00078062 0.00175377 0.118447 3.08888e-05 0.000111476 0.0361164 6.48234e-05 0.210753 0.0128256 0.165773 1.897e-07 
6.80088e-05 0.00030941 0.107615 0.00569109 0.00223902 0.00342207 0.000700352 0.000282481 0.00527175 2.78973e-05 0.000406864 5.24884e-05 3.50938e-05 0.000613981 0.014402 7.59009e-07 9.0791e-06 0.00061721 0.00190919 0.833295 0.00239751 0.020634 4.61254e-09 
2.06394e-05 0.00234855 0.000145971 0.00982669 0.00344218 0.00077228 0.00174828 2.86555e-06 0.00163885 1.23677e-06 0.00137747 1.48933e-07 0.000172588 0.0201321 0.00124783 1.67976e-05 4.55432e-07 0.000523617 0.00831647 0.937975 0.00213476 0.00815513 1.4801e-08 
0.00168057 1.19172e-06 0.102903 0.0278249 0.00385117 0.0338107 0.000710029 2.07974e-05 0.00642585 0.000679743 0.00318416 0.000369557 2.34377e-05 0.00111902 0.216441 7.35731e-06 0.000113143 0.0110356 0.00551681 0.571205 0.00663815 0.00641448 2.47714e-05 
0.00055008 0.0349763 0.137253 0.0564997 0.0151715 0.0203155 0.00486047 8.48039e-05 0.118105 0.00122298 0.0807349 0.00115269 0.0103663 0.00647811 0.0520068 2.45972e-06 0.000103704 0.00644702 0.0302854 0.235206 0.0155021 0.172626 4.90233e-05 
4.11833e-05 7.22903e-05 0.00742982 0.00666562 0.00423651 0.00306517 0.000931731 0.000263424 0.00253347 3.78353e-05 0.000290939 6.65296e-08 7.91008e-05 0.00146981 0.00586517 1.73323e-05 3.40546e-10 6.34136e-05 0.00142744 0.935868 0.00451594 0.0251259 5.59282e-12 
0.000491342 0.0300765 0.190846 0.0149122 0.0073274 0.010341 0.0135391 0.00129661 0.0248744 9.14891e-05 0.0266836 0.000228213 8.28649e-05 0.00642054 0.153068 2.35326e-05 0.00745559 0.00570965 0.00647492 0.469069 0.0260746 0.00490506 8.80519e-06 
4.11833e-05 7.22903e-05 0.00742982 0.00666562 0.00423651 0.00306517 0.000931731 0.000263424 0.00253347 3.78353e-05 0.000290939 6.65296e-08 7.91008e-05 0.00146981 0.00586517 1.73323e-05 3.40546e-10 6.34136e-05 0.00142744 0.935868 0.00451594 0.0251259 5.59282e-12 
5.04228e-06 0.00651309 0.0154317 0.0359786 0.0210535 0.0179239 0.00847773 0.000155877 0.0110329 6.98402e-05 0.0755996 0.00329773 0.000297911 0.00865107 0.0419902 8.90118e-05 0.000199971 1.11463e-05 0.0026129 0.654121 0.0293012 0.0669102 0.000275764 
0.253015 3.47131e-05 0.06223 0.0442345 0.0163582 0.0664697 0.000844219 6.0556e-06 0.0102554 0.000754607 0.0371956 0.000949089 0.000994823 0.00185067 0.0932265 4.33463e-06 6.54431e-05 0.0235352 0.0267587 0.324059 0.00583291 0.0313026 2.21422e-05 
0.000600852 0.00397086 0.0700625 0.0676161 0.0375262 0.037873 0.00244918 7.56638e-05 0.0235948 6.3056e-05 0.02434 0.00440904 0.00270331 0.0143754 0.0800197 4.05825e-06 0.000100799 0.00459877 0.00426317 0.567887 0.0135354 0.0391625 0.000768521 
4.11833e-05 7.22903e-05 0.00742982 0.00666562 0.00423651 0.00306517 0.000931731 0.000263424 0.00253347 3.78353e-05 0.000290939 6.65296e-08 7.91008e-05 0.00146981 0.00586517 1.73323e-05 3.40546e-10 6.34136e-05 0.00142744 0.935868 0.00451594 0.0251259 5.59282e-12 
0.000173545 4.20246e-07 0.064448 0.0104507 0.0318613 0.103168 0.00146812 9.96684e-05 0.122955 4.10229e-06 0.0475811 0.118751 0.000126296 0.00033689 0.0685412 0.000540974 2.48685e-05 0.0241914 0.0317732 0.34251 0.00602176 0.0246585 0.00031287 
0.000823109 0.017859 0.135007 0.0200378 0.0125752 0.048222 0.002821 0.000700998 0.0164495 0.000272576 0.0215694 9.39752e-05 0.000619315 0.00816123 0.242922 9.99771e-06 0.000379273 0.00409931 0.0128299 0.352491 0.0166488 0.0853551 5.23115e-05 
0.0021657 0.00321362 0.158531 0.01036 0.000832894 0.0053815 2.0429e-05 5.82404e-07 0.0153306 1.90237e-07 0.0378204 3.05132e-06 1.06736e-06 1.21841e-05 0.154632 5.05785e-11 1.55585e-07 2.04811e-11 0.0408858 0.453342 0.0821634 0.0353036 4.67457e-11 
0.000212623 3.45612e-09 0.15561 0.00247649 0.000777522 0.00642715 0.000434899 2.25967e-06 0.0206875 1.26618e-06 0.0032079 0.000311529 6.53697e-06 0.000352189 0.288699 5.60208e-06 8.15438e-05 0.00168035 0.000766997 0.515783 0.000653838 0.00182225 9.89731e-13 
0.0877363 0.00390199 0.187382 0.0667537 0.0091546 0.0236555 0.00576736 7.49044e-05 0.027696 0.00190674 0.00920308 0.00448153 0.000494791 0.00388076 0.088623 1.09005e-05 0.000155585 0.0146278 0.0251356 0.405772 0.00926764 0.0243186 3.60459e-09 
0.00033187 1.52756e-06 0.0705754 0.151385 0.00486548 0.107655 0.0240555 0.000252183 0.0213284 0.000509972 0.00333262 0.023515 0.0858165 0.00287411 0.0937458 5.23679e-05 7.59523e-07 0.0643538 0.0210473 0.158936 0.117286 0.0480795 1.93893e-07 
0.0187306 0.000412781 0.0375069 0.0538277 0.00594849 0.00885015 0.218132 7.58731e-05 0.00511721 4.4964e-06 0.00201453 3.45313e-05 2.76116e-06 0.00260305 0.0229858 3.37977e-05 2.82398e-05 0.0108333 0.000949866 0.570688 0.0248617 0.0163583 9.81042e-09 
0.00307652 5.18239e-05 0.0362142 0.00293079 0.00478035 0.0125653 0.000138753 2.38739e-05 0.157025 0.011388 0.0154749 0.00120894 0.000151141 0.000990855 0.27335 4.79289e-05 4.62315e-05 0.00877105 0.00213439 0.449788 0.00206564 0.0177755 3.43348e-09 
3.97398e-05 0.00116524 0.195038 0.0169256 0.00243968 0.00532137 0.0337583 5.37725e-05 0.061417 6.44441e-06 0.0121316 0.00199022 0.000709934 0.006341 0.0704444 8.74401e-06 7.2562e-05 0.00135932 0.00238264 0.550011 0.00583426 0.0325442 5.07127e-06 
0.000216366 0.000128633 0.0711391 0.0328016 0.000983931 0.0102569 0.00120024 1.9424e-05 0.0540037 1.21578e-05 0.00120698 1.29308e-06 0.000172455 0.00128713 0.00647916 8.91e-06 8.53849e-06 0.00438959 0.111736 0.653909 0.0195576 0.0304732 8.17892e-06 
0.122676 0.000485237 0.108468 0.0214177 0.00611034 0.0412043 0.00106249 0.000173227 0.0294035 0.000695389 0.00465412 0.000230869 0.000108958 0.000781721 0.140778 4.59079e-05 7.58884e-05 0.0180072 0.00638771 0.466985 0.010039 0.020208 1.41191e-06 
0.00107781 4.36836e-05 0.153131 0.00216183 0.00120436 0.00667304 0.000859321 1.3895e-06 0.105666 0.00086866 0.0128083 0.0002719 4.88734e-05 0.000118487 0.320291 1.2957e-05 2.82082e-05 0.00785588 0.016994 0.361465 0.00231386 0.00610484 1.16346e-11 
0.000426679 0.00304118 0.11675 0.0295824 0.0140764 0.0335717 0.00158847 0.00100043 0.0343471 0.0011098 0.0382597 0.00379831 0.00062596 0.00321603 0.23565 3.60586e-05 0.000895308 0.0185225 0.0185856 0.285968 0.0180771 0.140837 3.50929e-05 
9.95791e-08 0.00411836 8.79684e-07 4.8491e-06 4.42168e-06 9.20653e-07 1.6308e-06 0.0150818 6.26656e-07 0.000722207 0.000988294 3.51628e-11 4.81326e-07 0.0630181 0.0108598 5.54017e-08 4.07718e-08 1.18013e-11 8.62143e-07 0.905191 2.8346e-06 2.95543e-06 2.6935e-11 
1.12837e-05 4.03311e-07 0.226664 0.00167883 0.0278168 0.0594628 3.17576e-05 4.13709e-09 0.0375338 2.50931e-09 0.000247249 3.54609e-06 2.67869e-09 0.011665 0.0962802 4.72163e-07 3.26438e-09 0.00589474 4.75781e-05 0.369603 0.00580309 0.157251 3.17215e-06 
0.000216366 0.000128633 0.0711391 0.0328016 0.000983931 0.0102569 0.00120024 1.9424e-05 0.0540037 1.21578e-05 0.00120698 1.29308e-06 0.000172455 0.00128713 0.00647916 8.91e-06 8.53849e-06 0.00438959 0.111736 0.653909 0.0195576 0.0304732 8.17892e-06 
9.22526e-05 0.000700908 0.0231638 0.00398147 0.00200038 0.00438006 0.000403007 0.000634854 0.000952744 5.08363e-06 0.000155212 4.48856e-13 8.13194e-05 0.00150965 0.00612002 2.3943e-07 2.32381e-05 2.78384e-05 9.38442e-05 0.944602 0.000886409 0.0101855 1.39255e-09 
2.06394e-05 0.00234855 0.000145971 0.00982669 0.00344218 0.00077228 0.00174828 2.86555e-06 0.00163885 1.23677e-06 0.00137747 1.48933e-07 0.000172588 0.0201321 0.00124783 1.67976e-05 4.55432e-07 0.000523617 0.00831647 0.937975 0.00213476 0.00815513 1.4801e-08 
0.000348587 4.56559e-05 0.0719437 0.00103803 0.00160882 0.00429825 0.006064 9.2565e-06 0.257366 4.49082e-08 0.00442323 0.000766641 1.31437e-05 0.00119162 0.135535 1.97396e-05 3.31086e-05 0.000261076 0.00965374 0.496535 0.00160723 0.00723768 3.11063e-12 
2.06394e-05 0.00234855 0.000145971 0.00982669 0.00344218 0.00077228 0.00174828 2.86555e-06 0.00163885 1.23677e-06 0.00137747 1.48933e-07 0.000172588 0.0201321 0.00124783 1.67976e-05 4.55432e-07 0.000523617 0.00831647 0.937975 0.00213476 0.00815513 1.4801e-08 
7.56669e-05 2.74162e-05 0.0108542 0.0103778 0.0095026 0.0203622 0.00280696 1.71327e-05 0.00158378 1.98913e-06 0.0663703 1.06351e-06 1.41361e-07 0.0301529 0.034965 2.71282e-05 9.44085e-05 5.12591e-06 0.000147841 0.701209 0.0154666 0.0902614 0.00568973 
2.06394e-05 0.00234855 0.000145971 0.00982669 0.00344218 0.00077228 0.00174828 2.86555e-06 0.00163885 1.23677e-06 0.00137747 1.48933e-07 0.000172588 0.0201321 0.00124783 1.67976e-05 4.55432e-07 0.000523617 0.00831647 0.937975 0.00213476 0.00815513 1.4801e-08 
2.06394e-05 0.00234855 0.000145971 0.00982669 0.00344218 0.00077228 0.00174828 2.86555e-06 0.00163885 1.23677e-06 0.00137747 1.48933e-07 0.000172588 0.0201321 0.00124783 1.67976e-05 4.55432e-07 0.000523617 0.00831647 0.937975 0.00213476 0.00815513 1.4801e-08 
0.000245829 1.2262e-05 0.0431868 0.00245176 0.000222262 0.000823232 0.000174739 5.45092e-06 0.0514488 1.07928e-08 0.0282754 0.000282416 1.31011e-06 0.000121129 0.148718 3.57985e-05 6.35799e-06 0.00182603 2.66308e-05 0.70962 0.00347045 0.0090458 2.85049e-11 
8.17724e-05 0.00294611 0.0734467 0.00516152 0.00164432 0.00214571 0.00196628 2.95191e-05 0.0229667 9.2222e-06 0.00257735 0.000393287 0.00076511 0.00157497 0.0357224 1.11915e-05 3.04302e-05 0.000829489 0.00573853 0.829971 0.00132872 0.0106593 1.06431e-09 
0.000384557 0.0055551 0.150505 0.047802 0.0161054 0.0356871 0.00613314 0.000192921 0.010854 1.94605e-05 0.0282096 0.00199296 0.00335143 0.0116789 0.181788 1.72613e-05 0.00177297 0.00424636 0.0228301 0.287917 0.00783836 0.175116 1.63464e-06 
0.000101521 9.63581e-05 0.124928 0.015695 0.0344881 0.0108345 0.00126532 0.0012247 0.0621029 0.000113895 0.0192396 0.000483378 1.44091e-05 0.000543092 0.0127566 0.000165876 3.31631e-05 0.00229806 0.0179689 0.608886 0.0697811 0.0169786 6.16698e-07 
0.000216366 0.000128633 0.0711391 0.0328016 0.000983931 0.0102569 0.00120024 1.9424e-05 0.0540037 1.21578e-05 0.00120698 1.29308e-06 0.000172455 0.00128713 0.00647916 8.91e-06 8.53849e-06 0.00438959 0.111736 0.653909 0.0195576 0.0304732 8.17892e-06 
0.000769873 6.09279e-05 0.180106 0.00401669 0.00183076 0.00886669 0.00100122 6.74077e-06 0.103489 0.00133584 0.0138407 0.000549666 3.9843e-05 9.26375e-05 0.270366 1.54116e-05 4.83337e-05 0.00796329 0.0131673 0.378474 0.00617037 0.00778808 9.53463e-12 
1.80729e-05 0.00253326 0.0286457 0.0135783 0.00457809 0.00176688 0.00079223 1.04578e-05 0.00238038 1.389e-06 0.00119606 0.000740036 0.0636678 0.049228 0.0139107 2.51442e-06 1.00581e-05 0.000392092 0.00399747 0.762456 0.000471226 0.0496236 1.42078e-09 
7.45298e-05 0.000589752 0.0316902 0.00485666 0.00281318 0.00607751 0.000310576 0.00105797 0.00104856 8.46944e-06 0.000258681 2.9353e-13 6.36984e-05 0.00219789 0.0076008 3.98531e-07 2.13331e-05 4.63906e-05 0.000126921 0.927293 0.00123813 0.0126257 1.27947e-09 
5.89245e-05 0.00552206 0.104204 0.00938088 0.00642146 0.0150867 0.0437237 8.28204e-05 0.0235698 4.02396e-06 0.0984407 0.000469025 0.001243 0.00816757 0.154236 1.7991e-05 4.97681e-06 0.00386513 0.000748847 0.481672 0.00515848 0.0379218 1.35199e-07 
9.69648e-05 0.022544 0.013574 0.00152764 0.00166993 0.00130061 0.000266803 4.20957e-06 0.00190432 1.54041e-06 0.00192524 0.000295663 0.00180399 0.00718417 0.00562232 1.44179e-06 4.39352e-05 0.000213738 0.000785468 0.91877 0.00037595 0.0200883 1.28366e-09 
0.000111758 0.000612298 0.0798114 0.007241 0.0033068 0.00432294 0.000859809 0.000564059 0.00530291 6.67961e-05 0.000105883 2.97123e-09 8.41128e-05 0.00112988 0.00736407 5.19886e-07 2.17252e-05 0.000455004 0.00385614 0.871919 0.00354141 0.0093221 1.10394e-09 
0.141321 0.000365691 0.0862973 0.0189416 0.00535788 0.0239286 0.0182454 0.000531696 0.013653 0.000462214 0.00313163 0.0234445 5.11444e-05 0.00155919 0.0903422 1.00797e-05 0.000107033 0.00654105 0.0199601 0.520719 0.00676676 0.0182223 4.08964e-05 
7.03546e-05 0.0190576 0.0113752 0.0200554 0.00106933 0.00180419 0.0521207 0.000206604 0.00263911 1.28926e-05 0.00693899 0.001569 0.0062734 0.034328 0.0131427 2.92174e-06 4.35e-06 2.92971e-05 0.0146969 0.776625 0.00345548 0.0345229 5.44968e-09 
9.91058e-05 0.000503183 0.109835 0.00923263 0.00446459 0.00560058 0.000829291 0.000846016 0.00621053 0.000100185 0.00015882 2.64401e-09 6.72167e-05 0.00149426 0.0087806 7.7924e-07 1.96176e-05 0.000682482 0.00539476 0.829953 0.00489225 0.0108352 1.03099e-09 
3.99482e-05 0.000330105 0.0277428 0.00349895 0.00182231 0.00360287 0.000200888 0.000162747 0.000988264 9.55516e-09 1.31786e-05 4.62374e-12 2.38101e-05 0.000823337 0.0115241 1.53152e-07 6.13712e-06 0.000135751 0.000111019 0.940151 0.000472339 0.00835042 8.11897e-10 
2.95689e-05 0.00593617 0.315291 0.0151473 0.0146071 0.00607031 0.0474891 3.02545e-05 0.0616213 9.49556e-05 0.00339211 0.000708334 0.00161639 0.017471 0.0591314 8.28476e-07 1.28126e-05 0.000333981 0.0151983 0.379493 0.0364057 0.0199185 1.34015e-11 
