0.000257276 0.0332109 0.107626 0.0188013 0.0303498 0.0307167 0.0135346 0.000178441 0.0328918 0.000753903 0.00972814 0.00018353 0.000166764 0.00763169 0.0877201 7.19324e-06 9.65265e-05 0.00884007 0.00760702 0.573851 0.0135274 0.0222772 4.2843e-05 
6.9617e-05 0.00821767 0.0187382 0.00851277 0.00349998 0.00216738 0.00143038 0.000134949 0.00507115 3.55622e-05 0.00114656 0.000176821 0.000600834 0.00878579 0.00504368 6.3467e-06 2.96308e-05 0.000837727 0.00508977 0.915081 0.00343818 0.0118852 6.83484e-07 
0.000111758 0.000612298 0.0798114 0.007241 0.0033068 0.00432294 0.000859809 0.000564059 0.00530291 6.67961e-05 0.000105883 2.97123e-09 8.41128e-05 0.00112988 0.00736407 5.19886e-07 2.17252e-05 0.000455004 0.00385614 0.871919 0.00354141 0.0093221 1.10394e-09 
0.000116986 0.0130047 0.0744871 0.0203445 0.00405903 0.00898351 0.00180883 0.000233901 0.00835438 8.15053e-05 0.197691 0.00016075 0.00104491 0.0647813 0.0481366 1.39287e-05 0.0013217 0.000527656 0.0037838 0.475384 0.00841117 0.0672684 1.3025e-06 
0.000111758 0.000612298 0.0798114 0.007241 0.0033068 0.00432294 0.000859809 0.000564059 0.00530291 6.67961e-05 0.000105883 2.97123e-09 8.41128e-05 0.00112988 0.00736407 5.19886e-07 2.17252e-05 0.000455004 0.00385614 0.871919 0.00354141 0.0093221 1.10394e-09 
0.000372365 0.000236317 0.247442 0.0261917 0.00660819 0.00863484 0.0636145 0.000239698 0.00282433 0.000204298 0.0401597 2.11211e-06 4.08431e-05 0.000743468 0.222383 6.03312e-09 0.009869 0.000481205 0.000943602 0.349197 0.00409551 0.0157053 1.11878e-05 
0.00168057 1.19172e-06 0.102903 0.0278249 0.00385117 0.0338107 0.000710029 2.07974e-05 0.00642585 0.000679743 0.00318416 0.000369557 2.34377e-05 0.00111902 0.216441 7.35731e-06 0.000113143 0.0110356 0.00551681 0.571205 0.00663815 0.00641448 2.47714e-05 
5.44683e-05 1.67309e-09 0.0563382 0.000926844 0.000516363 0.0014923 0.000239653 3.73198e-06 0.00669086 7.78913e-13 0.00072644 3.12193e-09 8.31488e-13 8.85225e-05 0.0625457 5.39542e-06 3.22861e-05 0.000737426 4.78526e-05 0.867254 0.000328623 0.00197145 6.7008e-13 
3.18436e-06 0.00346726 0.1255 0.0186684 0.00211505 0.018919 0.0125802 0.000660692 0.243766 0.000145707 0.00695313 0.00733511 0.0010211 0.00267001 0.0963758 3.0419e-06 1.0332e-05 0.00155319 0.00532888 0.401594 0.0131535 0.0370791 0.00109677 
4.97113e-05 0.0139421 0.0483975 0.00424287 0.00433335 0.00361727 0.000572086 0.00172387 0.00558977 2.8677e-05 0.000855066 0.00016747 0.00108278 0.00466708 0.00803712 1.23766e-06 1.46703e-05 0.000559101 0.00334333 0.878452 0.00143288 0.0188898 2.77751e-07 
4.08462e-05 0.000130445 0.0851996 0.00156092 0.00116791 0.00239797 0.00943753 7.29067e-05 0.0179726 7.85652e-08 0.00418626 0.000126221 2.25957e-06 0.00198509 0.124789 5.40606e-06 1.73695e-05 0.000218325 0.0121338 0.727907 0.00421272 0.00641694 1.92823e-05 
0.000111758 0.000612298 0.0798114 0.007241 0.0033068 0.00432294 0.000859809 0.000564059 0.00530291 6.67961e-05 0.000105883 2.97123e-09 8.41128e-05 0.00112988 0.00736407 5.19886e-07 2.17252e-05 0.000455004 0.00385614 0.871919 0.00354141 0.0093221 1.10394e-09 
0.00134264 5.01554e-05 0.0996726 0.0106249 0.00445325 0.0116677 0.000351682 3.20515e-05 0.069697 0.00474515 0.0145534 0.000400107 4.66487e-05 0.0004717 0.22764 1.80309e-05 5.67379e-05 0.0157888 0.0050679 0.504462 0.00944718 0.01941 1.97922e-09 
0.000852259 0.000102394 0.110331 0.0177408 0.0212909 0.0283243 0.000812985 0.000393041 0.0126571 0.000450198 0.00145084 0.00019618 0.000530109 0.00145257 0.0961328 3.47421e-06 5.56278e-05 0.00784245 0.0103481 0.619617 0.00581637 0.0635847 1.41039e-05 
0.0133542 0.00830217 0.108452 0.0105619 0.0377657 0.00417263 0.00141414 1.97033e-05 0.076333 1.48512e-08 0.000238788 0.000548958 0.000490147 0.00182698 0.01086 1.27687e-05 2.59337e-06 0.0709642 0.00237973 0.557948 0.0265154 0.0678373 2.56989e-08 
4.47968e-05 0.000250193 0.193443 0.0267394 0.0495172 0.0236031 0.00209761 0.000375489 0.0142769 0.000154446 0.0243734 0.000586488 3.15027e-05 0.0040006 0.0327693 3.69398e-07 4.35054e-07 0.0112585 0.00338504 0.542743 0.0166374 0.0537124 3.48118e-07 
0.000186803 0.00651046 0.124957 0.193765 0.008801 0.026538 0.00372519 9.43048e-05 0.0379021 2.65435e-05 0.0133412 0.000324381 0.00504488 0.00537075 0.0576225 8.55429e-06 2.25057e-05 0.00329874 0.0401208 0.377726 0.00471299 0.0898941 6.24315e-06 
4.03413e-05 0.00011709 0.0827485 0.00155057 0.00118439 0.00239882 0.00625102 4.05876e-05 0.0177489 2.59788e-09 0.00417107 0.000114396 1.45641e-08 0.00141825 0.125043 5.33819e-06 1.42104e-05 0.000213612 0.00931198 0.737775 0.00399057 0.00584856 1.4587e-05 
0.00168057 1.19172e-06 0.102903 0.0278249 0.00385117 0.0338107 0.000710029 2.07974e-05 0.00642585 0.000679743 0.00318416 0.000369557 2.34377e-05 0.00111902 0.216441 7.35731e-06 0.000113143 0.0110356 0.00551681 0.571205 0.00663815 0.00641448 2.47714e-05 
0.000431431 0.00465668 0.184207 0.00792494 0.00582734 0.0211408 0.00223804 1.72798e-05 0.112536 0.00012541 0.0223934 0.00127478 0.000264634 0.000648923 0.242214 5.00466e-05 1.96081e-05 0.0159614 0.00633332 0.336357 0.00378181 0.0315901 5.63951e-06 
2.3538e-05 7.28986e-05 0.108234 0.00298818 0.00360275 0.00962329 0.00803988 0.000169622 0.0156901 2.01354e-09 0.00429738 0.000106597 5.38767e-06 0.00205007 0.272347 3.11626e-06 8.2962e-06 0.000124616 0.0199596 0.511087 0.0328209 0.00868581 5.99379e-05 
0.00307652 5.18239e-05 0.0362142 0.00293079 0.00478035 0.0125653 0.000138753 2.38739e-05 0.157025 0.011388 0.0154749 0.00120894 0.000151141 0.000990855 0.27335 4.79289e-05 4.62315e-05 0.00877105 0.00213439 0.449788 0.00206564 0.0177755 3.43348e-09 
4.89129e-06 0.00561511 0.00270847 0.00445171 0.236565 0.0268026 0.00246972 7.36994e-08 0.00293988 3.30101e-05 0.0186249 8.58026e-06 0.00145294 0.116647 0.0115919 3.00487e-06 1.91834e-05 0.00018117 0.015738 0.435219 0.0102041 0.10855 0.000169575 
0.000214238 1.59268e-05 0.100458 0.00120662 0.00275712 0.0027432 0.00122502 8.66807e-07 0.0464389 1.84148e-05 0.0124241 0.0011937 8.07251e-05 0.00166534 0.286339 3.96301e-05 2.02633e-08 0.0141261 5.87401e-05 0.518577 0.00340982 0.00700723 1.46439e-11 
0.00110253 0.0476609 0.103741 0.0320338 0.053333 0.0323477 0.00989659 0.000319632 0.0167421 0.000647602 0.0426197 0.00790666 0.000613337 0.177219 0.139321 7.33439e-06 0.0002117 0.0016153 0.0139175 0.249836 0.0151389 0.0536594 0.000110507 
0.000100109 0.00304126 0.0867658 0.00119741 0.0420646 0.028751 0.000323037 3.13107e-06 0.0275713 4.63966e-09 0.00161525 3.95675e-05 0.000197189 0.00166838 0.208721 4.45915e-06 0.000406779 0.00481227 0.000577812 0.348597 0.00092601 0.242617 7.69679e-13 
4.11833e-05 7.22903e-05 0.00742982 0.00666562 0.00423651 0.00306517 0.000931731 0.000263424 0.00253347 3.78353e-05 0.000290939 6.65296e-08 7.91008e-05 0.00146981 0.00586517 1.73323e-05 3.40546e-10 6.34136e-05 0.00142744 0.935868 0.00451594 0.0251259 5.59282e-12 
0.000287868 0.0240748 0.249358 0.0296923 0.0308739 0.0265263 0.00131982 0.000374807 0.0158366 8.0667e-05 0.0567204 0.00014765 0.000202219 0.00609587 0.0771147 4.02454e-06 3.25129e-05 0.00192182 0.000319164 0.334627 0.0180338 0.126205 0.000151032 
3.29288e-06 0.177525 0.0400917 0.011963 0.0579605 0.00413091 0.0704904 0.000123716 0.00086701 7.61386e-06 0.00354767 6.4593e-07 1.2666e-05 0.0338057 0.0137887 4.21327e-06 0.00111335 0.000281657 0.000368357 0.58092 0.00045378 0.00253939 6.59955e-07 
4.11833e-05 7.22903e-05 0.00742982 0.00666562 0.00423651 0.00306517 0.000931731 0.000263424 0.00253347 3.78353e-05 0.000290939 6.65296e-08 7.91008e-05 0.00146981 0.00586517 1.73323e-05 3.40546e-10 6.34136e-05 0.00142744 0.935868 0.00451594 0.0251259 5.59282e-12 
0.000318399 0.000841278 0.0457903 0.0695183 0.0143306 0.00429029 0.00103688 0.000467548 0.00826516 0.000105645 8.7489e-06 1.08835e-06 3.11148e-05 0.000387146 0.00573866 4.29477e-08 6.40497e-06 0.000371456 0.000261381 0.833689 0.0085615 0.00597878 8.27446e-10 
9.95791e-08 0.00411836 8.79684e-07 4.8491e-06 4.42168e-06 9.20653e-07 1.6308e-06 0.0150818 6.26656e-07 0.000722207 0.000988294 3.51628e-11 4.81326e-07 0.0630181 0.0108598 5.54017e-08 4.07718e-08 1.18013e-11 8.62143e-07 0.905191 2.8346e-06 2.95543e-06 2.6935e-11 
0.000197782 0.000238432 0.0818932 0.0274054 0.00152756 0.0094746 0.00114082 0.000154538 0.0415062 3.42918e-05 0.000891171 1.61841e-06 0.000171191 0.00137547 0.00803784 6.02525e-06 1.22745e-05 0.00326821 0.0787038 0.701876 0.0148543 0.0272224 6.78323e-06 
0.000305206 0.00339505 0.120272 0.0112976 0.0491944 0.040171 0.0113126 3.45422e-05 0.188845 1.3195e-06 0.000346452 5.81369e-06 4.94958e-05 0.00230811 0.0210634 3.96818e-07 2.28685e-05 0.0304887 0.0119677 0.314503 0.074778 0.119638 6.54016e-07 
6.60078e-05 0.0109423 0.0295517 0.0072369 0.00177227 0.0029968 0.00281429 6.44331e-05 0.00239112 2.20178e-06 0.00227732 1.00708e-07 0.00291556 0.00465844 0.0083731 1.47e-06 2.34278e-05 0.000112169 0.000344912 0.898537 0.000836418 0.0240822 2.4653e-09 
7.53781e-10 2.22603e-07 0.00447419 0.0144138 0.0652062 1.05465e-05 9.64744e-06 5.87483e-07 0.00822958 1.09046e-09 0.00135543 2.5165e-07 9.53305e-07 5.12279e-10 6.53154e-07 1.01501e-09 1.41858e-09 0.00167188 0.0044966 0.779299 0.120831 1.01842e-10 9.38093e-10 
2.47177e-07 0.0532713 0.217906 0.00610798 0.00731441 0.0171557 0.000243569 9.9225e-08 0.0187629 7.05091e-10 0.00139992 6.02083e-05 5.06981e-05 0.00105722 0.209284 2.40831e-06 0.000265513 0.00377073 0.000316304 0.353267 0.000720081 0.109006 3.7703e-05 
0.0174291 7.96198e-05 0.186571 0.0228869 0.108188 0.0766468 0.045868 4.00225e-05 0.0401167 3.12274e-06 0.00963533 0.000373237 0.000288108 0.00181891 0.185867 1.26908e-05 4.18822e-05 0.00399985 0.0093807 0.193915 0.0218264 0.0750057 5.77216e-06 
0.000277643 0.00164712 0.398302 0.00855428 0.00515042 0.000738275 0.0146646 4.80385e-05 0.022363 2.1656e-05 0.00116744 0.000263462 0.000225233 0.00172226 0.0779189 8.2677e-07 0.00123304 0.000654599 0.0477068 0.399811 0.00417899 0.0133508 3.93754e-11 
6.86911e-06 0.00425719 0.0688792 0.0435909 0.0798249 0.0156639 0.000572358 1.43565e-05 0.0147594 4.15252e-06 0.00472575 0.000132923 0.000264931 0.00521703 0.0191389 9.21257e-07 2.84944e-05 0.00249835 0.00114688 0.67811 0.00278194 0.058381 6.26326e-11 
3.99482e-05 0.000330105 0.0277428 0.00349895 0.00182231 0.00360287 0.000200888 0.000162747 0.000988264 9.55516e-09 1.31786e-05 4.62374e-12 2.38101e-05 0.000823337 0.0115241 1.53152e-07 6.13712e-06 0.000135751 0.000111019 0.940151 0.000472339 0.00835042 8.11897e-10 
0.000318399 0.000841278 0.0457903 0.0695183 0.0143306 0.00429029 0.00103688 0.000467548 0.00826516 0.000105645 8.7489e-06 1.08835e-06 3.11148e-05 0.000387146 0.00573866 4.29477e-08 6.40497e-06 0.000371456 0.000261381 0.833689 0.0085615 0.00597878 8.27446e-10 
0.000904878 0.000365777 0.0593749 0.00519809 0.00161808 0.122991 0.00622889 0.000158879 0.0113165 7.10076e-05 0.23484 4.58748e-05 0.00022107 0.00440404 0.118454 2.0857e-05 0.000135602 0.00467181 0.007907 0.336121 0.0318413 0.0529774 0.000133074 
0.00307652 5.18239e-05 0.0362142 0.00293079 0.00478035 0.0125653 0.000138753 2.38739e-05 0.157025 0.011388 0.0154749 0.00120894 0.000151141 0.000990855 0.27335 4.79289e-05 4.62315e-05 0.00877105 0.00213439 0.449788 0.00206564 0.0177755 3.43348e-09 
0.00104265 0.0104542 0.0248961 0.0211006 0.0173461 0.0179173 0.00150157 0.00098077 0.00259217 0.00453196 0.0339492 0.0618195 0.000506557 0.00848542 0.0223458 4.20144e-05 0.0215318 0.000518319 0.0600708 0.612118 0.00196405 0.0742821 2.59369e-06 
2.72434e-05 0.000122404 0.103184 0.0345231 0.00336456 0.00825965 0.00287871 4.20216e-05 0.0106163 3.28342e-08 0.018886 4.2116e-09 1.74839e-12 0.000410865 0.102619 1.07116e-05 1.61557e-05 0.000592336 0.00013645 0.695152 0.00190095 0.0172566 1.29016e-09 
6.80088e-05 0.00030941 0.107615 0.00569109 0.00223902 0.00342207 0.000700352 0.000282481 0.00527175 2.78973e-05 0.000406864 5.24884e-05 3.50938e-05 0.000613981 0.014402 7.59009e-07 9.0791e-06 0.00061721 0.00190919 0.833295 0.00239751 0.020634 4.61254e-09 
0.178911 0.0238907 0.07921 0.0211104 0.00511782 0.00238006 0.00114072 1.30269e-05 0.00983989 7.84069e-05 0.00450579 0.00218172 0.00163358 0.00429501 0.00852839 0.000145102 2.50754e-05 0.00212939 0.0168294 0.601644 0.0048464 0.0315434 5.91388e-12 
2.09552e-05 0.027408 0.0255125 0.00223063 0.00427759 0.00274072 0.000357685 0.0002745 0.00386375 7.20182e-06 0.00144011 0.000361409 0.00177251 0.00700497 0.00755709 1.79869e-06 1.01718e-05 0.000282206 0.000764289 0.890149 0.000454577 0.0235081 2.10043e-09 
0.000152855 0.00971623 0.00136242 0.0729889 0.00394605 0.00181528 0.000265072 5.22547e-08 0.000581257 4.81179e-08 0.0636113 0.000746903 0.000798191 0.359181 0.00656796 3.32311e-07 4.38512e-05 1.20663e-06 0.00249286 0.370112 0.00240825 0.103207 4.35741e-08 
2.19823e-05 0.0140687 0.172455 4.71468e-05 0.0269875 0.0822576 1.16119e-05 8.56082e-07 0.190699 7.6811e-09 0.00111073 6.21844e-06 0.000561172 0.00208612 0.0834492 4.63115e-05 0.000167196 0.00638653 8.74609e-06 0.281221 0.00087091 0.137537 1.46093e-10 
7.03546e-05 0.0190576 0.0113752 0.0200554 0.00106933 0.00180419 0.0521207 0.000206604 0.00263911 1.28926e-05 0.00693899 0.001569 0.0062734 0.034328 0.0131427 2.92174e-06 4.35e-06 2.92971e-05 0.0146969 0.776625 0.00345548 0.0345229 5.44968e-09 
0.00307652 5.18239e-05 0.0362142 0.00293079 0.00478035 0.0125653 0.000138753 2.38739e-05 0.157025 0.011388 0.0154749 0.00120894 0.000151141 0.000990855 0.27335 4.79289e-05 4.62315e-05 0.00877105 0.00213439 0.449788 0.00206564 0.0177755 3.43348e-09 
0.0187306 0.000412781 0.0375069 0.0538277 0.00594849 0.00885015 0.218132 7.58731e-05 0.00511721 4.4964e-06 0.00201453 3.45313e-05 2.76116e-06 0.00260305 0.0229858 3.37977e-05 2.82398e-05 0.0108333 0.000949866 0.570688 0.0248617 0.0163583 9.81042e-09 
3.99482e-05 0.000330105 0.0277428 0.00349895 0.00182231 0.00360287 0.000200888 0.000162747 0.000988264 9.55516e-09 1.31786e-05 4.62374e-12 2.38101e-05 0.000823337 0.0115241 1.53152e-07 6.13712e-06 0.000135751 0.000111019 0.940151 0.000472339 0.00835042 8.11897e-10 
2.06394e-05 0.00234855 0.000145971 0.00982669 0.00344218 0.00077228 0.00174828 2.86555e-06 0.00163885 1.23677e-06 0.00137747 1.48933e-07 0.000172588 0.0201321 0.00124783 1.67976e-05 4.55432e-07 0.000523617 0.00831647 0.937975 0.00213476 0.00815513 1.4801e-08 
1.69408e-05 0.00361115 0.153772 0.00573715 0.0121303 0.00404909 0.00121907 0.000341137 0.00225655 0.00019845 0.0034149 1.07262e-05 0.000463887 0.0210661 0.00687107 4.49792e-07 2.94992e-06 0.000101628 0.000315571 0.670397 0.000563271 0.11346 3.38388e-09 
0.000102872 0.00826332 0.0529466 0.00546585 0.0031795 0.00284163 0.000657149 0.000310397 0.00703191 8.34244e-05 0.00084369 0.000233645 0.000448877 0.0019309 0.00871425 1.09074e-06 8.54477e-05 0.000467853 0.00427893 0.885891 0.00369613 0.0125257 1.39154e-09 
2.89669e-07 0.137006 0.0147019 0.0239587 0.0627762 0.0126792 0.00645315 6.54826e-06 0.000765771 4.0326e-05 0.0194322 0.0001338 0.00401984 0.151472 0.0818562 8.8317e-06 0.000171237 0.000153371 0.0181487 0.275204 0.0286073 0.162404 8.69678e-10 
0.000528946 0.00154841 0.00154432 0.0167494 0.14156 0.0120418 3.46371e-05 4.60538e-05 0.0182983 0.0163962 0.118863 0.000358732 1.87434e-07 0.031318 0.117953 0.0119269 4.13629e-05 0.0170392 0.00856836 0.414684 0.0160738 0.0544134 1.25448e-05 
0.000348587 4.56559e-05 0.0719437 0.00103803 0.00160882 0.00429825 0.006064 9.2565e-06 0.257366 4.49082e-08 0.00442323 0.000766641 1.31437e-05 0.00119162 0.135535 1.97396e-05 3.31086e-05 0.000261076 0.00965374 0.496535 0.00160723 0.00723768 3.11063e-12 
0.000129629 1.20416e-05 0.0604549 0.000794029 0.000405092 0.00210445 0.000185299 4.61121e-06 0.025773 5.96615e-10 0.00376452 3.11076e-05 1.87738e-09 0.000243363 0.137733 1.21539e-05 3.7597e-05 0.00271267 3.4002e-05 0.76076 0.000372665 0.00443637 5.91371e-13 
0.00165149 0.00483071 0.0478416 0.0172837 0.0261415 0.0196191 0.00126797 4.01422e-05 0.11976 0.00653747 0.0267924 0.00205336 0.00451277 0.00339948 0.211936 3.05476e-05 2.43476e-05 0.00657434 0.00295123 0.36058 0.00246107 0.133711 2.63037e-07 
0.00168057 1.19172e-06 0.102903 0.0278249 0.00385117 0.0338107 0.000710029 2.07974e-05 0.00642585 0.000679743 0.00318416 0.000369557 2.34377e-05 0.00111902 0.216441 7.35731e-06 0.000113143 0.0110356 0.00551681 0.571205 0.00663815 0.00641448 2.47714e-05 
4.11833e-05 7.22903e-05 0.00742982 0.00666562 0.00423651 0.00306517 0.000931731 0.000263424 0.00253347 3.78353e-05 0.000290939 6.65296e-08 7.91008e-05 0.00146981 0.00586517 1.73323e-05 3.40546e-10 6.34136e-05 0.00142744 0.935868 0.00451594 0.0251259 5.59282e-12 
0.278338 0.013184 0.0131612 0.0164119 0.044869 0.00654919 0.000757108 0.000174678 0.00119795 8.11169e-05 0.0450627 0.00145499 5.62815e-05 0.0651929 0.0133842 1.20827e-06 0.00024391 0.00146552 0.00444035 0.393788 0.00501897 0.0950833 8.36369e-05 
9.67739e-05 0.022684 0.0160634 0.000996066 0.00448104 0.00220167 0.000261554 3.51279e-06 0.00270041 1.28646e-06 0.0010678 0.000246445 0.00151192 0.00368199 0.00519622 5.80431e-07 6.20454e-05 0.000348798 0.000460092 0.917272 0.000399076 0.020263 1.80608e-09 
8.00008e-07 0.00874887 0.00981691 0.00709767 0.183746 0.0134876 0.0005397 0.000292317 0.00290922 0.000441797 0.0555659 3.14147e-05 0.00030583 0.258776 0.0219505 2.1245e-07 7.40739e-05 0.00170129 0.000752933 0.283 0.00737434 0.142929 0.00045727 
3.99482e-05 0.000330105 0.0277428 0.00349895 0.00182231 0.00360287 0.000200888 0.000162747 0.000988264 9.55516e-09 1.31786e-05 4.62374e-12 2.38101e-05 0.000823337 0.0115241 1.53152e-07 6.13712e-06 0.000135751 0.000111019 0.940151 0.000472339 0.00835042 8.11897e-10 
5.89245e-05 0.00552206 0.104204 0.00938088 0.00642146 0.0150867 0.0437237 8.28204e-05 0.0235698 4.02396e-06 0.0984407 0.000469025 0.001243 0.00816757 0.154236 1.7991e-05 4.97681e-06 0.00386513 0.000748847 0.481672 0.00515848 0.0379218 1.35199e-07 
0.00808348 0.00134177 0.0495203 0.0136757 0.0136742 0.0769116 0.00029734 3.57309e-05 0.0681771 0.00992403 0.0270248 0.00215052 0.00106833 0.00324068 0.188195 1.80522e-05 0.000155328 0.0281245 0.0342397 0.255137 0.0114866 0.206857 0.000660627 
6.004e-05 0.00891516 0.0741025 0.0069146 0.0217512 0.0100838 0.000619519 0.000240873 0.0253389 1.74819e-06 0.00209623 0.000151699 0.000834819 0.00529103 0.040471 4.05823e-05 2.1947e-05 0.000670767 0.0024636 0.744036 0.00104742 0.0548424 3.69684e-06 
2.06394e-05 0.00234855 0.000145971 0.00982669 0.00344218 0.00077228 0.00174828 2.86555e-06 0.00163885 1.23677e-06 0.00137747 1.48933e-07 0.000172588 0.0201321 0.00124783 1.67976e-05 4.55432e-07 0.000523617 0.00831647 0.937975 0.00213476 0.00815513 1.4801e-08 
2.63486e-05 0.00877962 0.0310256 0.021551 0.011896 0.0101068 0.0104099 4.81895e-05 0.0225179 9.63665e-06 0.00287023 0.000617749 0.00388622 0.00572044 0.0216676 5.18539e-06 3.20521e-06 0.000205193 0.0110173 0.756072 0.00148372 0.0800803 2.19045e-09 
5.95557e-05 0.000172047 0.120223 0.158921 0.00230058 0.0163578 0.00646403 8.83986e-05 0.0267998 3.62645e-06 0.0203849 4.27225e-07 0.00589366 0.000728543 0.0725308 5.57773e-06 2.92031e-06 0.0942705 0.0817419 0.354179 0.0184674 0.0203937 1.11739e-05 
7.29441e-05 0.0662172 0.0421137 0.0275048 0.0113928 0.0122915 0.00117785 0.00298294 0.00716621 0.00245469 0.0180025 0.00144421 4.25266e-05 0.253577 0.0695407 9.53102e-05 0.000730111 0.000496199 0.000888875 0.383322 0.00873649 0.08975 7.9304e-11 
5.89245e-05 0.00552206 0.104204 0.00938088 0.00642146 0.0150867 0.0437237 8.28204e-05 0.0235698 4.02396e-06 0.0984407 0.000469025 0.001243 0.00816757 0.154236 1.7991e-05 4.97681e-06 0.00386513 0.000748847 0.481672 0.00515848 0.0379218 1.35199e-07 
0.0131605 0.00563519 0.0988303 0.0368226 0.0099017 0.0148857 0.00283606 0.000956986 0.0154789 0.000326623 0.0558729 0.000942906 0.000334371 0.00215662 0.130798 1.10443e-05 0.000179874 0.0184577 0.0113013 0.527889 0.0272766 0.0259183 2.66955e-05 
0.000688927 2.66605e-05 0.0511841 0.0248989 0.0152676 0.0292373 0.00148516 3.82648e-06 0.16388 2.01688e-05 0.0617007 0.000277642 1.51768e-05 0.000848154 0.215513 0.000327613 6.04252e-05 0.00987865 0.0124045 0.335209 0.0164168 0.060576 7.97933e-05 
0.00307652 5.18239e-05 0.0362142 0.00293079 0.00478035 0.0125653 0.000138753 2.38739e-05 0.157025 0.011388 0.0154749 0.00120894 0.000151141 0.000990855 0.27335 4.79289e-05 4.62315e-05 0.00877105 0.00213439 0.449788 0.00206564 0.0177755 3.43348e-09 
7.03546e-05 0.0190576 0.0113752 0.0200554 0.00106933 0.00180419 0.0521207 0.000206604 0.00263911 1.28926e-05 0.00693899 0.001569 0.0062734 0.034328 0.0131427 2.92174e-06 4.35e-06 2.92971e-05 0.0146969 0.776625 0.00345548 0.0345229 5.44968e-09 
0.0021657 0.00321362 0.158531 0.01036 0.000832894 0.0053815 2.0429e-05 5.82404e-07 0.0153306 1.90237e-07 0.0378204 3.05132e-06 1.06736e-06 1.21841e-05 0.154632 5.05785e-11 1.55585e-07 2.04811e-11 0.0408858 0.453342 0.0821634 0.0353036 4.67457e-11 
9.55302e-05 3.73287e-06 0.113869 0.000779388 0.00100253 0.00073111 0.000708878 3.10171e-06 0.0794636 1.94856e-08 0.00287816 0.000219704 3.14043e-06 6.92506e-05 0.0809925 2.77756e-05 5.08185e-05 0.00194685 0.0206805 0.694046 0.00108773 0.00134163 7.78478e-13 
0.000102872 0.00826332 0.0529466 0.00546585 0.0031795 0.00284163 0.000657149 0.000310397 0.00703191 8.34244e-05 0.00084369 0.000233645 0.000448877 0.0019309 0.00871425 1.09074e-06 8.54477e-05 0.000467853 0.00427893 0.885891 0.00369613 0.0125257 1.39154e-09 
9.95791e-08 0.00411836 8.79684e-07 4.8491e-06 4.42168e-06 9.20653e-07 1.6308e-06 0.0150818 6.26656e-07 0.000722207 0.000988294 3.51628e-11 4.81326e-07 0.0630181 0.0108598 5.54017e-08 4.07718e-08 1.18013e-11 8.62143e-07 0.905191 2.8346e-06 2.95543e-06 2.6935e-11 
1.3042e-05 8.33917e-05 0.0782559 0.00468666 0.0269992 0.1545 0.00359631 1.32747e-05 0.056293 5.40361e-07 0.00246259 0.000191973 4.24396e-06 0.000714609 0.185566 1.79458e-06 4.76232e-06 0.00125139 0.00320285 0.356647 0.00225092 0.123256 4.81115e-06 
0.000121849 0.00148281 0.0312484 0.0944383 0.0124074 0.00690683 0.0157164 0.000845014 0.0421284 0.000167473 0.0208082 0.000402856 0.000368102 0.05306 0.0612072 3.82809e-05 0.0012095 0.000664645 0.00770706 0.493416 0.0913863 0.0642689 1.49025e-08 
0.000272422 0.00763884 0.0818996 0.0395865 0.0106623 0.0291184 0.00176576 0.000537148 0.0416837 0.000248275 0.0103072 0.000211352 0.00145255 0.00355073 0.15851 5.07653e-05 0.000302649 0.00486955 0.0156319 0.375265 0.0148724 0.201559 4.12398e-06 
0.00438352 0.00053783 0.185996 0.0125706 0.0223139 0.0435342 0.000717799 7.17712e-06 0.0667393 0.000866142 0.0157179 0.0119687 0.000222719 0.00128293 0.120256 1.03335e-05 9.18012e-06 0.00701717 0.00457842 0.317779 0.157126 0.0263577 7.76799e-06 
2.06394e-05 0.00234855 0.000145971 0.00982669 0.00344218 0.00077228 0.00174828 2.86555e-06 0.00163885 1.23677e-06 0.00137747 1.48933e-07 0.000172588 0.0201321 0.00124783 1.67976e-05 4.55432e-07 0.000523617 0.00831647 0.937975 0.00213476 0.00815513 1.4801e-08 
3.5466e-07 0.00149396 0.0033827 0.004068 0.00120341 0.000931838 0.00208064 3.41284e-05 2.28624e-05 1.01629e-06 0.0130557 2.51933e-05 0.00248548 0.00115463 0.00290835 1.23972e-05 7.20739e-07 0.000590604 0.000260904 0.95124 0.000817749 0.0142292 2.35682e-08 
0.0476692 0.0227596 0.0519882 0.095222 0.0531259 0.0156874 0.0065081 0.000156972 0.00989234 9.1441e-05 0.131932 0.0369822 0.000251319 0.0115349 0.0673874 3.69711e-06 0.000242617 2.60482e-05 0.00474185 0.364481 0.00963098 0.0696839 1.2685e-09 
0.000102872 0.00826332 0.0529466 0.00546585 0.0031795 0.00284163 0.000657149 0.000310397 0.00703191 8.34244e-05 0.00084369 0.000233645 0.000448877 0.0019309 0.00871425 1.09074e-06 8.54477e-05 0.000467853 0.00427893 0.885891 0.00369613 0.0125257 1.39154e-09 
0.000129177 0.00183584 0.152602 0.115436 0.021281 0.03873 0.139543 0.000308707 0.0152566 1.81371e-05 0.0168657 0.0021754 0.00455469 0.00562536 0.182494 2.32973e-05 0.000534242 0.00187855 0.041427 0.190315 0.0149473 0.0540157 2.3419e-06 
0.00102687 0.00731407 0.109659 0.086046 0.0367019 0.016318 0.0523674 0.000468099 0.0229891 5.69664e-05 0.00785917 0.00300308 0.00149284 0.00569949 0.0402929 2.98802e-07 0.000552015 0.00100149 0.0236504 0.534781 0.00995588 0.0387525 1.1002e-05 
0.00168057 1.19172e-06 0.102903 0.0278249 0.00385117 0.0338107 0.000710029 2.07974e-05 0.00642585 0.000679743 0.00318416 0.000369557 2.34377e-05 0.00111902 0.216441 7.35731e-06 0.000113143 0.0110356 0.00551681 0.571205 0.00663815 0.00641448 2.47714e-05 
0.000111758 0.000612298 0.0798114 0.007241 0.0033068 0.00432294 0.000859809 0.000564059 0.00530291 6.67961e-05 0.000105883 2.97123e-09 8.41128e-05 0.00112988 0.00736407 5.19886e-07 2.17252e-05 0.000455004 0.00385614 0.871919 0.00354141 0.0093221 1.10394e-09 
0.128214 0.00081958 0.10266 0.0225028 0.00227462 0.00810756 0.00460943 0.00164105 0.0166783 0.000210983 0.0059163 0.000121539 0.000211953 0.00227571 0.0617476 8.5863e-06 0.000227151 0.00228067 0.0143846 0.583114 0.00656746 0.03542 6.13469e-06 
1.23376e-05 0.0142346 0.00629057 0.000825669 0.00100237 0.000789283 0.000404865 1.13526e-05 0.00087911 5.50177e-06 0.00194896 0.000463072 0.000740363 0.00975139 0.00576308 1.98857e-06 2.43736e-05 7.33835e-05 0.00155149 0.925015 0.000465882 0.0297397 5.44607e-06 
2.09552e-05 0.027408 0.0255125 0.00223063 0.00427759 0.00274072 0.000357685 0.0002745 0.00386375 7.20182e-06 0.00144011 0.000361409 0.00177251 0.00700497 0.00755709 1.79869e-06 1.01718e-05 0.000282206 0.000764289 0.890149 0.000454577 0.0235081 2.10043e-09 
0.00168057 1.19172e-06 0.102903 0.0278249 0.00385117 0.0338107 0.000710029 2.07974e-05 0.00642585 0.000679743 0.00318416 0.000369557 2.34377e-05 0.00111902 0.216441 7.35731e-06 0.000113143 0.0110356 0.00551681 0.571205 0.00663815 0.00641448 2.47714e-05 
0.0067179 0.00022712 0.0193639 0.249979 0.000202061 0.0143773 0.00157633 1.17387e-05 0.27769 7.05079e-05 0.0140909 0.00034484 6.94358e-08 0.0434111 0.0587271 1.24017e-07 9.04957e-05 0.00196029 0.00652697 0.291134 0.00336199 0.0101359 1.01928e-09 
4.03413e-05 0.00011709 0.0827485 0.00155057 0.00118439 0.00239882 0.00625102 4.05876e-05 0.0177489 2.59788e-09 0.00417107 0.000114396 1.45641e-08 0.00141825 0.125043 5.33819e-06 1.42104e-05 0.000213612 0.00931198 0.737775 0.00399057 0.00584856 1.4587e-05 
0.000356793 3.26119e-05 0.159003 0.0136532 0.00759635 0.0839618 0.00405135 0.000360467 0.0488869 0.000116016 0.101132 0.194632 1.04527e-05 0.000805544 0.0622257 0.000147854 0.00315559 0.0023941 0.00213918 0.234039 0.0622461 0.0190541 2.08838e-07 
1.64416e-05 0.205725 0.0554901 0.0376381 0.0252302 0.0193473 0.000955299 3.58772e-06 0.00775423 0.000202123 0.132045 0.000363301 0.00146335 0.123183 0.0350685 0.00206127 0.000775852 0.00744172 0.0243855 0.260727 0.0119705 0.0481501 1.58277e-06 
0.00154636 3.13807e-05 0.182086 0.00301766 0.00483662 0.00188103 0.000857644 1.56099e-05 0.18681 0.00011928 0.00861826 0.000619982 2.5191e-05 0.000542573 0.112811 9.64818e-05 1.67534e-05 0.00548528 0.0175483 0.442057 0.0105257 0.020452 9.16466e-13 
0.000352846 0.000147963 0.339554 0.0130969 0.00237919 0.0210773 0.00118898 0.000255205 0.000701777 5.45841e-06 0.0035331 5.94143e-05 1.58173e-05 0.000712824 0.132003 4.72034e-07 0.000226727 0.00240481 0.000429638 0.470564 0.00189785 0.00938358 8.93525e-06 
0.000782289 0.00517773 0.0254578 0.074763 0.0513022 0.0516811 0.00456699 3.19518e-05 0.00933833 0.000690665 0.035655 0.00594073 0.000114265 0.154653 0.0765796 7.01217e-05 0.00011545 0.0029959 0.0289397 0.404296 0.00894036 0.0578701 3.78562e-05 
4.03413e-05 0.00011709 0.0827485 0.00155057 0.00118439 0.00239882 0.00625102 4.05876e-05 0.0177489 2.59788e-09 0.00417107 0.000114396 1.45641e-08 0.00141825 0.125043 5.33819e-06 1.42104e-05 0.000213612 0.00931198 0.737775 0.00399057 0.00584856 1.4587e-05 
0.000186803 0.00651046 0.124957 0.193765 0.008801 0.026538 0.00372519 9.43048e-05 0.0379021 2.65435e-05 0.0133412 0.000324381 0.00504488 0.00537075 0.0576225 8.55429e-06 2.25057e-05 0.00329874 0.0401208 0.377726 0.00471299 0.0898941 6.24315e-06 
0.000484314 0.0195901 0.0322527 0.0174853 0.0411641 0.0352806 0.00147429 6.54101e-05 0.145693 1.88588e-05 0.0398405 0.00195807 0.00133649 0.00445418 0.0909576 9.03252e-06 7.09316e-07 0.00201503 0.0039356 0.409636 0.0270365 0.117703 0.00760874 
0.00212083 0.199194 0.0444578 0.00944892 0.0152293 0.0110938 0.0168097 0.000505808 0.00731454 2.07719e-05 0.00185235 0.000400775 0.000804701 0.00847295 0.0149271 1.42749e-05 0.000102532 0.00234947 0.00375153 0.608378 0.00574967 0.0469981 3.14322e-06 
1.45832e-06 0.00341932 0.14059 0.00367342 0.00849859 0.0269608 0.000335941 4.23996e-05 0.0528138 2.49389e-05 0.0619425 1.01664e-06 1.57228e-06 0.000790341 0.0228204 0.120474 0.000412213 0.000230383 0.000668578 0.518859 0.000743874 0.0366033 9.24556e-05 
0.000599737 0.000605893 0.119676 0.0628974 0.089154 0.1147 0.0100044 0.00316156 0.0223134 0.000104056 0.0155224 0.000295656 0.000575914 0.00206553 0.0725939 8.33739e-06 1.15323e-05 0.00221827 0.0132782 0.312836 0.0744732 0.0827695 0.000134993 
0.000112222 0.000114507 0.265339 0.0116848 0.0122328 0.0418775 0.00113923 0.00021529 0.151467 1.54612e-05 0.00250071 0.000726191 0.000361343 0.00158441 0.080234 6.17238e-06 1.08294e-05 0.00850629 0.000139465 0.391337 0.0160813 0.0143149 1.56941e-08 
0.000361248 0.000270667 0.204133 0.0306131 0.00666097 0.00997658 0.0561762 0.000259794 0.00189182 0.000204275 0.037425 2.11034e-06 8.53522e-07 0.0009895 0.197455 2.3935e-07 0.00812854 0.000737066 0.00095361 0.419707 0.00468743 0.0193546 1.11823e-05 
6.48449e-05 7.20398e-05 0.0878508 0.00690234 0.0032633 0.00699563 0.000558805 0.000217579 0.0380289 1.84983e-05 0.00145086 1.43776e-05 1.34583e-05 0.000648359 0.0811204 1.8784e-06 5.84317e-05 0.00262615 0.00433282 0.759137 0.00189141 0.00473207 4.13569e-09 
0.00201784 0.0716045 0.128277 0.0693914 0.0705543 0.0911925 0.0654656 0.000927723 0.0339387 4.68005e-05 0.0371239 0.000264682 0.00208227 0.00778153 0.137058 1.11159e-06 0.000357136 0.0180696 0.0012332 0.200375 0.0122899 0.0497706 0.000176413 
0.00154636 3.13807e-05 0.182086 0.00301766 0.00483662 0.00188103 0.000857644 1.56099e-05 0.18681 0.00011928 0.00861826 0.000619982 2.5191e-05 0.000542573 0.112811 9.64818e-05 1.67534e-05 0.00548528 0.0175483 0.442057 0.0105257 0.020452 9.16466e-13 
0.000445449 0.258601 0.12801 0.0202057 0.0264731 0.0299751 0.00697554 0.000258102 0.0256269 0.000588588 0.0117647 0.00246663 0.000788311 0.0131298 0.11824 1.54707e-05 6.46862e-05 0.00378251 0.0137379 0.301126 0.00790487 0.0298029 1.57863e-05 
3.98965e-05 0.0287783 0.0872248 0.00414215 0.00510746 0.00253617 0.000663093 6.33944e-06 0.0117812 2.35459e-05 0.00184614 0.000711502 0.0026899 0.00786204 0.0164377 3.15841e-06 1.64046e-05 0.00216346 0.011267 0.78451 0.00155025 0.03064 5.48928e-13 
4.15209e-05 0.00116375 0.056395 0.00395734 0.00851621 0.0293518 0.00351099 5.44028e-06 0.0544087 2.98293e-08 0.0372004 0.000987942 0.000227076 0.00588715 0.253117 1.50206e-07 1.33414e-05 0.000443112 0.000460923 0.480359 0.0346426 0.0293085 1.52045e-06 
3.99482e-05 0.000330105 0.0277428 0.00349895 0.00182231 0.00360287 0.000200888 0.000162747 0.000988264 9.55516e-09 1.31786e-05 4.62374e-12 2.38101e-05 0.000823337 0.0115241 1.53152e-07 6.13712e-06 0.000135751 0.000111019 0.940151 0.000472339 0.00835042 8.11897e-10 
3.41536e-05 0.000108711 0.346132 0.0427335 0.0244401 0.0359833 0.00883222 0.000129731 0.0201816 2.8693e-05 0.0101776 0.000136186 0.00119693 0.00332301 0.0638767 6.86944e-07 1.07917e-05 0.00819706 0.00371509 0.381311 0.036777 0.0126712 2.68299e-06 
2.06394e-05 0.00234855 0.000145971 0.00982669 0.00344218 0.00077228 0.00174828 2.86555e-06 0.00163885 1.23677e-06 0.00137747 1.48933e-07 0.000172588 0.0201321 0.00124783 1.67976e-05 4.55432e-07 0.000523617 0.00831647 0.937975 0.00213476 0.00815513 1.4801e-08 
0.000591235 0.0239857 0.235162 0.0125281 0.00306861 0.0444025 0.00355013 5.64074e-05 0.0507721 3.38776e-05 0.0369676 0.000197247 0.000401923 0.000218063 0.0983249 1.8325e-05 3.25344e-05 0.130175 0.000148064 0.350026 0.00115484 0.0081689 1.5057e-05 
0.000102872 0.00826332 0.0529466 0.00546585 0.0031795 0.00284163 0.000657149 0.000310397 0.00703191 8.34244e-05 0.00084369 0.000233645 0.000448877 0.0019309 0.00871425 1.09074e-06 8.54477e-05 0.000467853 0.00427893 0.885891 0.00369613 0.0125257 1.39154e-09 
4.35818e-05 0.0126606 0.0727559 0.0186953 0.00666697 0.0041791 0.00963293 2.4757e-05 0.0215886 1.70753e-05 0.00781812 0.00201544 0.0218906 0.0203972 0.126164 1.83814e-05 8.10324e-05 0.00407661 0.0317137 0.441942 0.0029082 0.194679 3.08494e-05 
3.4817e-05 0.0107724 0.0160661 0.0437378 0.00398728 0.00171515 0.016647 8.73699e-06 0.000540109 1.24254e-06 0.243678 2.45226e-05 5.50464e-05 0.0710201 0.016588 0.000269615 0.000369065 0.000359543 0.000357736 0.554309 0.00341843 0.0160408 2.50911e-07 
0.000111758 0.000612298 0.0798114 0.007241 0.0033068 0.00432294 0.000859809 0.000564059 0.00530291 6.67961e-05 0.000105883 2.97123e-09 8.41128e-05 0.00112988 0.00736407 5.19886e-07 2.17252e-05 0.000455004 0.00385614 0.871919 0.00354141 0.0093221 1.10394e-09 
4.53344e-06 0.0150952 0.118019 0.00724832 0.0344081 0.0238524 0.000954026 0.00238052 0.0344971 0.000639001 0.00848736 0.000724359 0.0015269 0.030547 0.0367407 8.01693e-05 0.000127845 0.00519845 0.00184535 0.590094 0.00652145 0.081008 1.67207e-07 
0.000111758 0.000612298 0.0798114 0.007241 0.0033068 0.00432294 0.000859809 0.000564059 0.00530291 6.67961e-05 0.000105883 2.97123e-09 8.41128e-05 0.00112988 0.00736407 5.19886e-07 2.17252e-05 0.000455004 0.00385614 0.871919 0.00354141 0.0093221 1.10394e-09 
0.000102872 0.00826332 0.0529466 0.00546585 0.0031795 0.00284163 0.000657149 0.000310397 0.00703191 8.34244e-05 0.00084369 0.000233645 0.000448877 0.0019309 0.00871425 1.09074e-06 8.54477e-05 0.000467853 0.00427893 0.885891 0.00369613 0.0125257 1.39154e-09 
4.71688e-05 0.0905107 0.0957832 0.0252623 0.00610877 0.0146946 0.0530064 0.000557467 0.0044723 1.50804e-05 0.00813963 0.000209699 0.000967846 0.0049508 0.0777508 3.59691e-05 4.05705e-05 0.000829541 0.0222683 0.555697 0.00336028 0.0352907 1.06443e-06 
5.89245e-05 0.00552206 0.104204 0.00938088 0.00642146 0.0150867 0.0437237 8.28204e-05 0.0235698 4.02396e-06 0.0984407 0.000469025 0.001243 0.00816757 0.154236 1.7991e-05 4.97681e-06 0.00386513 0.000748847 0.481672 0.00515848 0.0379218 1.35199e-07 
0.00621221 0.000176969 0.0597798 0.0280448 0.00841154 0.0227391 0.00593735 0.00126739 0.0748037 0.00648273 0.0454513 0.00426351 2.28856e-05 0.00514211 0.199876 3.28074e-05 5.90478e-05 0.00330392 0.0123318 0.449676 0.0127372 0.0529951 0.000252499 
6.30339e-05 0.00557222 0.0799199 0.00743891 0.0145672 0.00604897 0.0010181 0.00144977 0.00859146 8.75376e-05 0.000720263 0.000255191 0.000261207 0.00155169 0.0108278 7.46791e-07 4.32327e-05 0.000404288 0.00255082 0.834921 0.00365172 0.0200551 1.13581e-09 
5.51858e-06 0.0148317 0.0122492 0.0164029 0.0252592 0.00253836 0.100522 0.000111259 0.0091529 4.34962e-06 0.00379638 0.0015695 0.0151955 0.0232125 0.0184374 3.25464e-05 1.639e-08 1.43978e-06 0.0425487 0.668731 0.0090212 0.0363773 1.26637e-11 
4.03413e-05 0.00011709 0.0827485 0.00155057 0.00118439 0.00239882 0.00625102 4.05876e-05 0.0177489 2.59788e-09 0.00417107 0.000114396 1.45641e-08 0.00141825 0.125043 5.33819e-06 1.42104e-05 0.000213612 0.00931198 0.737775 0.00399057 0.00584856 1.4587e-05 
0.00436368 0.00733967 0.126103 0.0148399 0.0180164 0.0151946 0.00164442 8.92088e-06 0.0251949 1.15832e-05 0.000152346 0.000345002 0.000264749 0.00227133 0.0229397 3.4685e-06 9.89246e-06 0.0116468 0.0372099 0.662647 0.0351614 0.0146313 1.097e-07 
0.000111758 0.000612298 0.0798114 0.007241 0.0033068 0.00432294 0.000859809 0.000564059 0.00530291 6.67961e-05 0.000105883 2.97123e-09 8.41128e-05 0.00112988 0.00736407 5.19886e-07 2.17252e-05 0.000455004 0.00385614 0.871919 0.00354141 0.0093221 1.10394e-09 
0.00010416 0.0142174 0.0542839 0.018086 0.0182968 0.00209013 0.0014492 2.33807e-05 0.0187896 0.000923351 0.00996971 0.000289984 0.00344748 0.0518019 0.0417131 1.61096e-06 9.27087e-05 0.0011043 0.0164001 0.627416 0.00739651 0.112103 4.93296e-09 
4.62443e-07 0.000134579 0.164177 0.0329773 0.00657288 0.144191 9.03733e-05 8.44932e-06 0.0135869 4.01944e-05 0.00154299 1.75952e-05 5.51873e-07 0.000680791 0.185726 3.16895e-07 6.58585e-07 0.0051188 4.81521e-06 0.43142 0.00149839 0.0122072 2.20491e-06 
0.000522568 0.000489441 0.124916 0.0547542 0.0215884 0.0406151 0.000872102 0.00253992 0.0621329 2.68683e-06 0.00801676 9.38651e-07 0.002391 0.0640351 0.179035 8.80691e-08 2.59029e-05 0.0199619 0.00210286 0.24193 0.130149 0.043893 2.53549e-05 
0.0187306 0.000412781 0.0375069 0.0538277 0.00594849 0.00885015 0.218132 7.58731e-05 0.00511721 4.4964e-06 0.00201453 3.45313e-05 2.76116e-06 0.00260305 0.0229858 3.37977e-05 2.82398e-05 0.0108333 0.000949866 0.570688 0.0248617 0.0163583 9.81042e-09 
0.000110226 0.00937925 0.141478 0.00161481 0.0436788 0.11248 0.000165037 3.64897e-06 0.140289 3.33547e-06 0.00360648 0.000533871 0.00078062 0.00175377 0.118447 3.08888e-05 0.000111476 0.0361164 6.48234e-05 0.210753 0.0128256 0.165773 1.897e-07 
1.75439e-07 0.000639475 0.000129933 0.00209328 0.000928024 0.00446542 0.000734805 0.000251481 0.0067188 2.53799e-07 0.00445015 0.00478883 2.7093e-07 0.00208665 0.0170875 2.36239e-07 3.30169e-07 9.66189e-06 0.000250617 0.94012 0.00811189 0.00713233 2.18337e-07 
4.0978e-05 8.81168e-06 0.263666 0.0466774 0.0174605 0.0515908 0.00163538 3.91357e-05 0.0442618 2.30631e-05 0.00195575 0.000322868 0.000102084 0.00583087 0.16202 6.85976e-07 9.12287e-06 0.00860902 0.000825658 0.282346 0.0182059 0.0943403 2.86805e-05 
5.40224e-05 0.0041517 0.0457927 0.0246845 0.00271031 0.000546072 0.000205306 2.03271e-07 0.0246187 0.0141513 0.322202 9.9107e-10 9.42035e-10 0.00020855 0.108994 2.38019e-05 1.5824e-05 4.89802e-07 8.04399e-05 0.342968 0.0564057 0.0521845 1.6868e-06 
3.38874e-05 0.0296552 0.104459 0.00546806 0.00682333 0.00360996 0.0008394 1.45068e-05 0.0185813 0.000138405 0.00355953 0.00143174 0.00274721 0.00736742 0.0151678 4.10231e-06 3.32007e-05 0.00264534 0.0116835 0.748831 0.0046681 0.0322378 6.89992e-13 
3.99482e-05 0.000330105 0.0277428 0.00349895 0.00182231 0.00360287 0.000200888 0.000162747 0.000988264 9.55516e-09 1.31786e-05 4.62374e-12 2.38101e-05 0.000823337 0.0115241 1.53152e-07 6.13712e-06 0.000135751 0.000111019 0.940151 0.000472339 0.00835042 8.11897e-10 
4.03413e-05 0.00011709 0.0827485 0.00155057 0.00118439 0.00239882 0.00625102 4.05876e-05 0.0177489 2.59788e-09 0.00417107 0.000114396 1.45641e-08 0.00141825 0.125043 5.33819e-06 1.42104e-05 0.000213612 0.00931198 0.737775 0.00399057 0.00584856 1.4587e-05 
4.86792e-06 0.000338459 0.211342 0.016825 0.0396694 0.0167536 0.00105319 0.00161558 0.0170939 2.67703e-05 8.38564e-05 4.39946e-05 4.09449e-06 0.000644557 0.0188297 3.38462e-07 5.93647e-06 0.00102404 0.0110555 0.628411 0.00234212 0.0328327 6.08811e-12 
0.000107525 0.00157674 0.054498 0.0143262 0.0283088 0.00467068 0.00251047 1.48158e-05 0.0269213 9.85218e-06 0.00779624 0.000448159 0.00283853 0.0226558 0.0561444 4.93857e-05 3.5198e-06 0.00240181 0.0127175 0.734774 0.0106491 0.0165774 1.94023e-08 
7.61516e-05 0.00303793 0.114201 0.123101 0.0454802 0.030218 0.00550429 3.41818e-05 0.0344518 2.81838e-05 0.0228075 0.00128333 0.000533215 0.0268286 0.0295428 8.69185e-06 0.000163142 0.00358461 0.0214895 0.295897 0.00693504 0.234789 4.83226e-06 
0.000100905 0.00107599 0.000604837 0.16188 0.118959 0.142509 0.00175644 0.0849205 0.00283376 0.00035252 0.0564264 3.18936e-08 0.000668561 0.0188876 0.00319116 2.71377e-05 1.20039e-07 4.05122e-08 0.0046309 0.235533 0.074719 0.0909221 8.7757e-12 
0.00134264 5.01554e-05 0.0996726 0.0106249 0.00445325 0.0116677 0.000351682 3.20515e-05 0.069697 0.00474515 0.0145534 0.000400107 4.66487e-05 0.0004717 0.22764 1.80309e-05 5.67379e-05 0.0157888 0.0050679 0.504462 0.00944718 0.01941 1.97922e-09 
0.00086386 0.00326368 0.0845384 0.0245508 0.0089023 0.0803161 0.0169969 0.000526742 0.195201 6.4891e-06 0.0110937 0.001366 0.000744836 0.00758289 0.207094 7.31616e-05 1.40095e-05 0.00105246 0.00681314 0.263803 0.00584153 0.0793267 2.84186e-05 
