1.12182e-06 3.91589e-11 1.51543e-11 0.97094 5.66533e-07 0.00462631 0.00451542 3.07507e-10 3.18647e-08 1.86515e-10 2.75024e-07 2.09468e-10 6.57246e-07 8.7622e-11 2.27626e-07 1.73611e-10 2.42639e-10 4.3594e-07 4.77664e-08 2.81204e-07 0.0199141 2.97889e-07 1.60455e-10 
1.19478e-06 7.63283e-10 2.95387e-10 4.69914e-06 7.03322e-10 8.24166e-06 2.52197e-06 3.23735e-05 1.96445e-06 3.27377e-06 1.08014e-05 4.08294e-09 3.88094e-09 0.00588994 0.290237 2.22269e-06 0.0283803 0.068606 1.40411e-06 0.0116542 0.00882516 0.586339 3.12757e-09 
1.29212e-07 3.92447e-08 1.51875e-08 0.813744 0.0302256 0.0846987 0.00504703 3.08181e-07 0.000157681 0.000396003 0.0309331 2.09927e-07 1.99541e-07 0.0028301 7.09168e-05 1.73991e-07 1.69935e-05 0.000216398 5.26007e-05 0.000438165 0.0275285 0.00364319 1.60806e-07 
1.33354e-11 2.18947e-05 1.56744e-12 0.729826 3.73211e-12 2.31703e-07 0.223348 3.18061e-11 0.00193351 1.92917e-11 0.00221624 2.16658e-11 2.97067e-05 3.16304e-07 1.10769e-07 3.05447e-08 2.50967e-11 7.56301e-08 0.0023794 0.0296488 0.0105964 2.81086e-08 1.17849e-07 
4.62042e-10 1.40333e-10 5.43083e-11 7.33472e-06 2.19954e-07 7.11316e-07 0.00719927 1.10201e-09 9.50817e-11 6.68412e-10 0.992777 1.87742e-06 7.13528e-10 1.88437e-06 1.96995e-06 6.22166e-10 8.69542e-10 2.51938e-10 7.08918e-07 1.38028e-10 7.99603e-06 1.21112e-06 5.75019e-10 
4.27534e-08 4.47504e-05 5.02522e-09 0.24648 1.19651e-08 0.000379005 0.731269 1.0197e-07 0.000886769 6.1849e-08 0.00100389 6.94603e-08 9.202e-05 0.000517401 0.00018119 4.99909e-05 8.04598e-08 0.000123721 0.00104371 0.0135076 0.00418207 4.59808e-05 0.000192794 
0.114013 7.03815e-07 2.72373e-07 0.00249862 0.0131657 0.00388533 8.08738e-07 5.52692e-06 4.76865e-07 3.3523e-06 0.821313 0.0357698 3.57857e-06 1.57486e-06 0.000961582 3.12036e-06 4.36103e-06 0.00303379 4.08625e-07 0.00533107 6.20774e-07 3.13084e-07 2.8839e-06 
4.82403e-09 1.46517e-09 5.67016e-10 0.0704168 5.13164e-06 3.30929e-06 0.00909998 1.15057e-08 3.87259e-06 0.00021216 0.900443 0.0197756 7.44972e-09 1.83627e-05 1.19273e-06 6.49583e-09 9.0786e-09 2.6304e-09 7.91197e-06 1.44111e-09 1.26658e-05 6.58283e-08 6.00359e-09 
0.000113667 1.28886e-05 1.53027e-07 5.37992e-05 0.0260819 1.98426e-07 1.73893e-05 3.10518e-06 0.00104239 0.00020826 0.968616 2.11519e-06 7.21439e-06 8.84798e-07 0.00163748 6.06375e-06 5.14735e-05 9.51166e-05 0.000225381 0.00163823 3.00479e-05 0.000149249 7.35449e-06 
1.33354e-11 2.18947e-05 1.56744e-12 0.729826 3.73211e-12 2.31703e-07 0.223348 3.18061e-11 0.00193351 1.92917e-11 0.00221624 2.16658e-11 2.97067e-05 3.16304e-07 1.10769e-07 3.05447e-08 2.50967e-11 7.56301e-08 0.0023794 0.0296488 0.0105964 2.81086e-08 1.17849e-07 
0.000203655 0.000974142 1.01359e-10 0.0410723 2.41337e-10 1.25114e-06 3.68343e-06 2.05674e-09 1.77457e-10 0.000170405 0.948349 1.40102e-09 1.3317e-09 2.04149e-06 1.3312e-05 0.00865274 0.000514429 4.70207e-10 1.07832e-06 2.5761e-10 4.15443e-05 1.91587e-07 1.07319e-09 
9.84236e-06 0.00236667 3.46273e-06 0.0521241 0.0136814 0.00220633 0.000254306 1.58237e-05 0.0083655 0.00012617 0.232219 5.57892e-05 0.000216911 0.00622857 0.013884 4.95151e-06 0.00755854 0.00091636 0.0562484 0.00978751 0.0471319 0.546576 1.89381e-05 
2.05363e-07 1.14871e-07 1.26977e-11 0.0117163 0.000992023 3.67181e-07 3.77022e-11 2.57657e-10 1.6453e-07 0.00979183 0.950674 1.75512e-10 1.66828e-10 3.00285e-06 6.98983e-07 2.61985e-07 1.03078e-05 0.00367485 8.95347e-07 4.97023e-07 0.00228682 0.0208478 1.34443e-10 
3.76065e-05 1.77399e-05 3.2385e-08 1.68696e-05 0.000167238 0.000108145 1.45878e-05 6.57147e-07 8.17433e-06 3.98586e-07 0.933976 0.000731732 4.2549e-07 1.87249e-07 0.0111084 1.15537e-05 9.81995e-05 1.50235e-07 4.85852e-08 4.16372e-05 6.79275e-05 0.0535922 3.42894e-07 
5.52213e-07 0.00753282 7.50218e-11 0.000299642 6.45803e-07 9.72791e-11 7.20476e-07 1.52232e-09 0.00137047 0.584681 0.0108996 0.000673379 8.02521e-06 9.47045e-05 6.6964e-05 0.00650545 1.70367e-05 0.00011388 0.00352178 0.00427241 0.00348851 0.376449 3.21464e-06 
2.10668e-05 0.00374522 7.18201e-08 2.46293e-05 0.000407724 4.88955e-06 9.64056e-06 5.668e-05 0.000386456 8.83942e-07 0.979901 9.92723e-07 9.62917e-05 4.15262e-07 2.4774e-05 8.22784e-07 1.14993e-06 3.39995e-05 1.98413e-05 0.00951572 0.00567928 6.73388e-05 7.60434e-07 
3.40324e-05 1.0906e-07 2.93706e-11 0.0034192 6.9932e-11 0.00635144 8.7208e-11 5.9598e-10 2.25919e-07 0.580438 0.409063 1.06348e-06 3.85885e-10 1.95106e-06 7.91869e-07 3.36476e-10 4.70259e-10 0.000156186 0.0005286 4.03628e-07 6.69394e-11 4.66911e-06 3.10978e-10 
0.000255227 2.83044e-06 1.09537e-06 0.0117992 0.000165739 0.011431 0.00828904 0.000369788 0.944587 0.000395577 0.000313368 1.51406e-05 1.43915e-05 6.3334e-06 0.0208065 1.25488e-05 1.75382e-05 2.12805e-05 1.64332e-06 0.000356487 0.00038799 0.000738341 1.15978e-05 
0.00967262 7.86908e-07 3.0453e-07 0.00107002 0.192854 3.94877e-07 9.04217e-07 6.17943e-06 0.726414 3.74807e-06 0.0341032 0.00059438 4.00106e-06 1.76079e-06 5.11833e-05 3.48875e-06 0.00279104 0.0308186 6.37962e-05 7.73984e-07 0.00135384 0.000115096 7.6118e-05 
3.69418e-09 2.16133e-06 4.34213e-10 2.85218e-06 2.43193e-06 0.000430316 0.000695099 8.81092e-09 7.6021e-10 1.0358e-07 0.994251 6.00184e-09 5.70489e-09 2.51061e-09 3.2101e-07 1.62711e-05 6.95227e-09 5.75933e-07 2.97028e-06 0.00287198 4.11217e-06 0.00172001 4.59747e-09 
6.91949e-05 2.84647e-05 9.59697e-09 0.0069231 0.0722762 0.0441565 1.55902e-05 0.000133131 6.01185e-05 0.000519207 0.211957 0.000101552 0.000144729 0.370104 8.46461e-05 0.000630829 0.000381965 0.000128905 0.000942585 0.290607 0.000468262 0.000267492 1.01613e-07 
4.40956e-09 2.2499e-06 5.18299e-10 6.28367e-06 9.52872e-06 0.138883 0.00394579 1.05172e-08 0.0247059 4.12447e-07 0.58472 4.20787e-06 6.80965e-09 1.50494e-05 0.167277 3.38344e-05 5.75308e-06 2.40441e-09 7.77572e-10 0.00182581 1.29829e-06 0.0785632 3.98484e-07 
2.59019e-07 0.000490359 1.76818e-08 0.00515532 1.83741e-06 6.06354e-06 5.83316e-08 4.98249e-07 0.00592274 1.45123e-07 0.939987 3.80109e-07 5.4189e-07 0.00293991 1.4525e-06 0.000455994 1.43063e-06 0.00255947 0.00022412 2.64523e-07 0.0101767 0.0320694 5.54072e-06 
1.33354e-11 2.18947e-05 1.56744e-12 0.729826 3.73211e-12 2.31703e-07 0.223348 3.18061e-11 0.00193351 1.92917e-11 0.00221624 2.16658e-11 2.97067e-05 3.16304e-07 1.10769e-07 3.05447e-08 2.50967e-11 7.56301e-08 0.0023794 0.0296488 0.0105964 2.81086e-08 1.17849e-07 
5.54787e-09 1.3497e-06 6.52096e-10 0.0587689 2.26703e-05 1.63201e-05 1.37491e-05 1.32321e-08 0.046162 1.84674e-05 0.660104 0.00525577 8.56754e-09 3.7704e-09 0.0423316 7.47053e-09 1.04408e-08 3.02509e-09 7.83618e-07 1.65735e-09 0.187262 1.05696e-05 3.17671e-05 
7.86652e-12 7.30123e-06 9.24629e-13 0.882195 2.20156e-12 1.07723e-07 0.0776658 1.87623e-11 0.000644524 1.13801e-11 0.000849161 1.27805e-11 9.90878e-06 1.47056e-07 0.000373184 1.4203e-08 1.48044e-11 3.51626e-08 0.00149789 0.00988324 0.0268738 1.30684e-08 5.4792e-08 
8.0736e-07 0.000637804 9.48969e-08 0.00327465 0.00239531 0.00323635 2.8177e-07 1.92562e-06 0.00985245 1.16796e-06 0.0321446 0.914257 1.2468e-06 5.48692e-07 0.0165909 0.000327234 0.00380006 4.4023e-07 1.42368e-07 0.00330451 0.00441238 0.00575957 1.00477e-06 
3.17299e-08 9.63711e-09 3.72952e-09 0.000578633 0.000166953 0.000431858 0.000490579 7.56783e-08 0.838995 4.59019e-08 0.000829593 1.03617e-05 4.90002e-08 2.1564e-08 7.39447e-05 4.27261e-08 5.97141e-08 0.000591725 0.0121326 9.57458e-05 0.00030941 0.000114466 0.145179 
1.33354e-11 2.18947e-05 1.56744e-12 0.729826 3.73211e-12 2.31703e-07 0.223348 3.18061e-11 0.00193351 1.92917e-11 0.00221624 2.16658e-11 2.97067e-05 3.16304e-07 1.10769e-07 3.05447e-08 2.50967e-11 7.56301e-08 0.0023794 0.0296488 0.0105964 2.81086e-08 1.17849e-07 
7.19548e-06 6.67894e-08 3.07198e-09 0.00228853 5.83665e-06 0.00604737 0.00259385 9.4462e-06 5.37835e-09 9.45405e-05 0.870209 1.13923e-06 4.03611e-08 1.11884e-06 0.00248977 3.51932e-08 4.91861e-08 1.06491e-06 6.66413e-05 7.80766e-09 0.1137 0.00248457 3.25263e-08 
0.00339975 1.47973e-06 5.7265e-07 0.000489997 0.000388105 0.000978042 1.70033e-06 5.81233e-05 0.102715 0.0147406 0.872628 1.97943e-05 7.52375e-06 3.31105e-06 5.95919e-05 6.56039e-06 9.16882e-06 0.000531549 1.28888e-06 0.00331379 0.000116215 0.000475157 5.45933e-05 
4.64924e-09 1.13108e-06 5.46471e-10 0.138611 1.89982e-05 1.36766e-05 0.180907 1.10888e-08 0.0413832 1.54761e-05 0.388226 0.0723337 7.17979e-09 3.15968e-09 6.11527e-06 6.26047e-09 8.74965e-09 2.5351e-09 3.28017e-06 6.3903e-06 0.178465 8.85753e-06 5.78606e-09 
2.59019e-07 0.000490359 1.76818e-08 0.00515532 1.83741e-06 6.06354e-06 5.83316e-08 4.98249e-07 0.00592274 1.45123e-07 0.939987 3.80109e-07 5.4189e-07 0.00293991 1.4525e-06 0.000455994 1.43063e-06 0.00255947 0.00022412 2.64523e-07 0.0101767 0.0320694 5.54072e-06 
9.72464e-10 2.82472e-07 1.14303e-10 0.00419782 2.72158e-10 4.27116e-07 4.31772e-06 2.31941e-09 2.00119e-10 2.17252e-06 0.991026 1.12817e-06 1.50177e-09 0.00347237 0.000201509 1.63727e-06 1.83013e-09 5.30256e-10 5.46746e-05 2.22063e-06 4.80028e-06 0.00103027 1.21025e-09 
6.48662e-07 2.65594e-07 1.44859e-09 0.0681573 0.0450468 0.0420013 0.000132833 3.98314e-05 2.01388e-05 3.74174e-07 0.80596 0.000176551 1.35042e-06 0.000773968 0.0129566 4.31207e-07 3.5386e-06 0.00958686 5.52365e-07 3.6817e-09 0.000516605 0.014624 1.53378e-08 
0.000154492 6.29772e-05 2.80621e-05 0.63139 0.00662941 0.31671 0.000347758 0.00121912 0.0110765 3.89502e-05 0.00163856 0.000131466 0.000356783 4.73313e-05 0.00931135 3.62553e-05 5.06706e-05 0.00337465 0.0107272 9.02878e-05 0.00504514 0.000638542 0.000894503 
1.22307e-05 0.000104632 4.07009e-10 0.00220784 3.07376e-06 0.324377 1.1584e-05 8.25891e-09 0.130119 5.00936e-09 0.0336199 0.286584 6.9255e-06 2.48394e-05 0.0451095 4.66277e-09 6.51671e-09 1.88813e-09 3.65281e-06 0.0262589 8.72413e-06 0.151546 1.55706e-06 
3.69418e-09 2.16133e-06 4.34213e-10 2.85218e-06 2.43193e-06 0.000430316 0.000695099 8.81092e-09 7.6021e-10 1.0358e-07 0.994251 6.00184e-09 5.70489e-09 2.51061e-09 3.2101e-07 1.62711e-05 6.95227e-09 5.75933e-07 2.97028e-06 0.00287198 4.11217e-06 0.00172001 4.59747e-09 
5.52818e-05 9.21833e-07 3.18066e-09 0.0614255 9.48072e-06 0.33778 0.000404962 0.00200204 0.12458 1.95842e-05 0.26767 1.25804e-05 0.000783275 1.83905e-08 0.0969843 3.64382e-08 5.09262e-08 1.8964e-05 5.21945e-05 0.000650711 0.0126455 0.0947344 0.000170221 
2.65885e-08 2.34271e-05 3.1252e-09 6.57989e-05 1.41457e-05 2.3913e-05 9.27943e-09 6.34157e-08 5.63622e-05 3.84641e-08 0.947788 4.31977e-08 4.10604e-08 0.00908368 0.0423899 3.58029e-08 0.00017018 1.44979e-08 4.68855e-09 7.94292e-09 0.000234345 7.18821e-06 0.000142319 
6.53706e-10 1.98546e-10 7.68365e-11 0.441484 1.82949e-10 7.97155e-07 0.0475219 4.52308e-06 1.00906e-06 9.45682e-10 0.183665 1.06206e-09 1.00951e-09 4.44267e-10 2.08315e-06 8.80253e-10 4.93327e-07 3.56447e-10 0.00772542 1.95285e-10 0.319595 8.83209e-11 8.13548e-10 
9.90815e-08 1.75369e-05 1.1646e-08 0.00815242 2.77294e-08 2.78343e-05 8.48299e-05 2.36317e-07 2.03896e-08 1.43336e-07 0.927952 1.60975e-07 8.13619e-06 0.0135853 3.13847e-05 1.33419e-07 1.86467e-07 2.36263e-05 0.000129461 2.95992e-08 0.0499861 1.33867e-08 1.23309e-07 
1.33354e-11 2.18947e-05 1.56744e-12 0.729826 3.73211e-12 2.31703e-07 0.223348 3.18061e-11 0.00193351 1.92917e-11 0.00221624 2.16658e-11 2.97067e-05 3.16304e-07 1.10769e-07 3.05447e-08 2.50967e-11 7.56301e-08 0.0023794 0.0296488 0.0105964 2.81086e-08 1.17849e-07 
4.69447e-07 1.92357e-07 8.9271e-10 0.0589843 0.0450331 0.073184 0.000129822 3.87847e-05 1.98725e-05 2.69621e-07 0.783921 0.000173428 9.78045e-07 0.000771133 0.0129529 7.90959e-05 2.56576e-06 0.00957423 4.00667e-07 2.26888e-09 0.000514917 0.0146186 9.45205e-09 
3.16972e-05 6.61891e-06 2.5871e-10 1.66116e-05 3.38187e-05 4.56264e-06 1.63627e-05 5.24967e-09 5.43985e-07 3.18413e-09 0.482855 6.61593e-05 7.20635e-05 2.09435e-05 0.0458222 1.36366e-05 4.14226e-09 1.20016e-09 1.0247e-05 6.5753e-10 9.49364e-06 0.47102 2.73923e-09 
1.33354e-11 2.18947e-05 1.56744e-12 0.729826 3.73211e-12 2.31703e-07 0.223348 3.18061e-11 0.00193351 1.92917e-11 0.00221624 2.16658e-11 2.97067e-05 3.16304e-07 1.10769e-07 3.05447e-08 2.50967e-11 7.56301e-08 0.0023794 0.0296488 0.0105964 2.81086e-08 1.17849e-07 
0.0236321 7.35284e-08 2.84552e-08 0.224137 0.443561 0.0743166 0.0980344 5.77404e-07 8.33309e-05 2.92972e-05 0.0677538 3.93317e-07 3.73857e-07 0.00177977 0.00310502 3.25988e-07 4.55601e-07 0.000453964 9.31941e-05 2.07792e-05 0.0610891 0.00190757 3.01285e-07 
1.33354e-11 2.18947e-05 1.56744e-12 0.729826 3.73211e-12 2.31703e-07 0.223348 3.18061e-11 0.00193351 1.92917e-11 0.00221624 2.16658e-11 2.97067e-05 3.16304e-07 1.10769e-07 3.05447e-08 2.50967e-11 7.56301e-08 0.0023794 0.0296488 0.0105964 2.81086e-08 1.17849e-07 
3.98252e-06 6.23016e-06 3.59803e-10 1.91766e-06 8.56697e-10 4.75926e-06 1.06834e-09 7.30102e-09 6.29935e-10 4.42836e-09 0.838303 3.48183e-05 7.09563e-06 2.08037e-09 5.67464e-06 5.11166e-05 5.76088e-09 1.66914e-09 0.00113513 4.116e-06 1.06613e-05 0.160431 3.84771e-07 
1.33354e-11 2.18947e-05 1.56744e-12 0.729826 3.73211e-12 2.31703e-07 0.223348 3.18061e-11 0.00193351 1.92917e-11 0.00221624 2.16658e-11 2.97067e-05 3.16304e-07 1.10769e-07 3.05447e-08 2.50967e-11 7.56301e-08 0.0023794 0.0296488 0.0105964 2.81086e-08 1.17849e-07 
0.000281671 5.98659e-05 5.34719e-08 0.0520915 0.700497 0.0202376 1.72835e-05 0.000147373 0.0116304 4.32484e-05 0.0206066 0.0119093 0.000430092 0.00255663 0.000354594 5.01669e-05 0.00247213 0.00033834 0.00319798 0.000488628 0.065829 0.10676 5.66162e-07 
0.00672262 1.30573e-06 8.01956e-11 0.0104684 1.90947e-10 5.82434e-07 2.81004e-06 4.72082e-06 3.23071e-07 5.23222e-06 0.925572 1.3313e-06 1.05365e-09 4.63689e-10 5.96298e-07 4.50273e-06 4.88057e-06 3.7203e-10 8.06214e-07 6.7282e-07 0.0572093 1.38365e-07 8.57605e-08 
5.96525e-08 1.81179e-08 7.01154e-09 0.00119809 0.000946601 0.00239203 2.08188e-08 0.000113963 0.988944 8.62961e-08 0.00441897 2.91716e-05 9.21209e-08 4.05406e-08 0.000144809 8.03255e-08 1.12263e-07 3.25268e-08 1.06242e-06 0.000249503 0.000281267 0.00116138 0.000118856 
8.28084e-06 1.08869e-09 4.2132e-10 0.00606966 0.0140753 0.000127996 0.00022359 8.76259e-06 0.31865 5.18549e-09 0.477331 6.90216e-06 5.5355e-09 1.19241e-06 0.00312023 3.00706e-05 6.74583e-09 0.175583 0.00106084 2.6329e-05 0.00269901 2.47369e-06 0.000975686 
1.33354e-11 2.18947e-05 1.56744e-12 0.729826 3.73211e-12 2.31703e-07 0.223348 3.18061e-11 0.00193351 1.92917e-11 0.00221624 2.16658e-11 2.97067e-05 3.16304e-07 1.10769e-07 3.05447e-08 2.50967e-11 7.56301e-08 0.0023794 0.0296488 0.0105964 2.81086e-08 1.17849e-07 
0.00207447 1.27244e-06 9.16132e-10 0.00272552 0.034959 0.023201 2.36363e-06 1.85899e-08 1.60394e-09 4.34694e-06 0.827485 0.0303753 1.20366e-08 1.46947e-07 1.00006e-06 5.88735e-06 2.69839e-07 1.2544e-06 1.37442e-09 2.32841e-09 3.25412e-05 0.0791299 3.98787e-07 
1.33354e-11 2.18947e-05 1.56744e-12 0.729826 3.73211e-12 2.31703e-07 0.223348 3.18061e-11 0.00193351 1.92917e-11 0.00221624 2.16658e-11 2.97067e-05 3.16304e-07 1.10769e-07 3.05447e-08 2.50967e-11 7.56301e-08 0.0023794 0.0296488 0.0105964 2.81086e-08 1.17849e-07 
0.00102292 0.000148668 3.75377e-09 0.00267645 0.00407747 0.000139285 0.0189289 7.61704e-08 1.90576e-06 4.62004e-08 0.62535 0.00272643 0.00339394 0.000657611 0.0922682 0.000148742 6.01024e-08 1.74139e-08 0.000598765 9.54047e-09 0.000341558 0.247519 3.97451e-08 
9.18265e-07 2.78899e-07 1.07933e-07 0.000390237 0.00144193 0.000502539 1.98193e-05 2.19014e-06 0.00321276 1.32841e-06 0.981671 1.49188e-06 1.41807e-06 6.24064e-07 0.00129713 1.2365e-06 1.72813e-06 5.00703e-07 1.61925e-07 0.0104485 0.00100303 1.24065e-07 1.1428e-06 
0.00207447 1.27244e-06 9.16132e-10 0.00272552 0.034959 0.023201 2.36363e-06 1.85899e-08 1.60394e-09 4.34694e-06 0.827485 0.0303753 1.20366e-08 1.46947e-07 1.00006e-06 5.88735e-06 2.69839e-07 1.2544e-06 1.37442e-09 2.32841e-09 3.25412e-05 0.0791299 3.98787e-07 
8.89736e-08 2.70234e-08 1.04579e-08 3.52886e-05 0.000621436 4.35239e-05 3.1052e-08 2.12209e-07 1.83095e-08 1.28713e-07 0.932056 1.44553e-07 1.37401e-07 0.0619817 2.24782e-06 1.19808e-07 1.67444e-07 1.05399e-05 1.56894e-08 2.65796e-08 0.00524034 7.81073e-06 1.10729e-07 
1.00262e-05 5.34151e-10 2.06714e-10 0.456284 7.67867e-06 3.21676e-06 1.22762e-05 5.45715e-06 3.6191e-10 2.29231e-06 0.431376 2.85727e-09 2.71591e-09 3.9454e-06 1.35991e-05 2.36815e-09 3.30974e-09 9.58953e-10 0.0221145 2.10204e-06 0.0901604 5.32271e-06 2.1887e-09 
4.82238e-09 3.55781e-07 5.66821e-10 0.0013928 5.69875e-06 0.00546532 0.000126145 2.3964e-06 0.0522694 6.97628e-09 0.827053 7.8348e-09 4.12524e-06 1.1327e-06 0.0598665 0.0167922 9.07549e-09 1.45658e-06 0.000126471 1.94307e-06 0.022044 0.0086608 0.00618629 
1.33354e-11 2.18947e-05 1.56744e-12 0.729826 3.73211e-12 2.31703e-07 0.223348 3.18061e-11 0.00193351 1.92917e-11 0.00221624 2.16658e-11 2.97067e-05 3.16304e-07 1.10769e-07 3.05447e-08 2.50967e-11 7.56301e-08 0.0023794 0.0296488 0.0105964 2.81086e-08 1.17849e-07 
6.29009e-08 3.5184e-08 3.88919e-12 0.034636 0.0014278 0.0100432 5.11582e-07 7.89182e-11 3.36377e-07 3.44691e-07 0.334625 5.37577e-11 5.1098e-11 9.19747e-07 0.00565227 8.02439e-08 3.15718e-06 0.00499878 0.594656 0.00153772 0.00509828 0.00731726 1.49895e-06 
3.57087e-05 0.000461382 3.41153e-08 0.000109899 4.28608e-05 6.34015e-05 1.01296e-07 6.92257e-07 5.97282e-08 0.000752916 0.995512 4.71553e-07 4.48223e-07 0.000518351 0.000120639 4.55735e-05 0.0017792 8.24909e-05 0.000154548 8.58466e-05 7.89789e-05 0.000154428 3.61214e-07 
1.33354e-11 2.18947e-05 1.56744e-12 0.729826 3.73211e-12 2.31703e-07 0.223348 3.18061e-11 0.00193351 1.92917e-11 0.00221624 2.16658e-11 2.97067e-05 3.16304e-07 1.10769e-07 3.05447e-08 2.50967e-11 7.56301e-08 0.0023794 0.0296488 0.0105964 2.81086e-08 1.17849e-07 
1.33354e-11 2.18947e-05 1.56744e-12 0.729826 3.73211e-12 2.31703e-07 0.223348 3.18061e-11 0.00193351 1.92917e-11 0.00221624 2.16658e-11 2.97067e-05 3.16304e-07 1.10769e-07 3.05447e-08 2.50967e-11 7.56301e-08 0.0023794 0.0296488 0.0105964 2.81086e-08 1.17849e-07 
1.39841e-06 4.2473e-07 1.64369e-07 7.36493e-05 3.91365e-07 0.000810968 0.000139287 3.33532e-06 8.75851e-05 2.02301e-06 0.993636 2.27196e-06 2.15956e-06 9.50377e-07 6.79944e-05 0.00014469 0.000152323 7.62512e-07 2.46592e-07 0.000131106 0.00391672 0.000824079 1.74034e-06 
5.52213e-07 0.00753282 7.50218e-11 0.000299642 6.45803e-07 9.72791e-11 7.20476e-07 1.52232e-09 0.00137047 0.584681 0.0108996 0.000673379 8.02521e-06 9.47045e-05 6.6964e-05 0.00650545 1.70367e-05 0.00011388 0.00352178 0.00427241 0.00348851 0.376449 3.21464e-06 
1.33354e-11 2.18947e-05 1.56744e-12 0.729826 3.73211e-12 2.31703e-07 0.223348 3.18061e-11 0.00193351 1.92917e-11 0.00221624 2.16658e-11 2.97067e-05 3.16304e-07 1.10769e-07 3.05447e-08 2.50967e-11 7.56301e-08 0.0023794 0.0296488 0.0105964 2.81086e-08 1.17849e-07 
1.44771e-08 5.7166e-05 1.70164e-09 4.11782e-05 4.05163e-09 2.11843e-05 5.05254e-09 3.45291e-08 4.88617e-05 0.99778 0.00093067 2.35206e-08 3.35578e-05 0.000460466 6.32576e-05 3.51092e-05 0.000217989 8.28946e-05 7.40584e-06 2.98457e-05 6.74854e-05 8.13702e-05 4.14571e-05 
3.16971e-06 1.1739e-10 4.54294e-11 0.0123729 0.00277023 7.18727e-07 1.3489e-10 9.2184e-10 7.95367e-11 0.000141405 0.908939 6.27941e-10 5.96873e-10 2.62672e-10 4.43555e-07 9.37325e-07 7.27379e-10 2.10748e-10 0.00495846 1.15462e-10 0.070812 1.11233e-06 4.81008e-10 
1.33354e-11 2.18947e-05 1.56744e-12 0.729826 3.73211e-12 2.31703e-07 0.223348 3.18061e-11 0.00193351 1.92917e-11 0.00221624 2.16658e-11 2.97067e-05 3.16304e-07 1.10769e-07 3.05447e-08 2.50967e-11 7.56301e-08 0.0023794 0.0296488 0.0105964 2.81086e-08 1.17849e-07 
1.33354e-11 2.18947e-05 1.56744e-12 0.729826 3.73211e-12 2.31703e-07 0.223348 3.18061e-11 0.00193351 1.92917e-11 0.00221624 2.16658e-11 2.97067e-05 3.16304e-07 1.10769e-07 3.05447e-08 2.50967e-11 7.56301e-08 0.0023794 0.0296488 0.0105964 2.81086e-08 1.17849e-07 
9.98283e-06 9.77756e-10 3.78387e-10 0.00633037 6.31563e-07 2.20839e-06 1.23699e-06 1.99708e-05 4.50547e-06 4.65709e-09 0.832822 5.2302e-09 6.96498e-06 0.000101298 0.00644799 4.33487e-09 0.00928514 2.63479e-06 7.43706e-06 0.0500301 0.0949239 3.21901e-06 4.00638e-09 
1.33354e-11 2.18947e-05 1.56744e-12 0.729826 3.73211e-12 2.31703e-07 0.223348 3.18061e-11 0.00193351 1.92917e-11 0.00221624 2.16658e-11 2.97067e-05 3.16304e-07 1.10769e-07 3.05447e-08 2.50967e-11 7.56301e-08 0.0023794 0.0296488 0.0105964 2.81086e-08 1.17849e-07 
2.50098e-06 6.78231e-07 3.49916e-11 7.90189e-06 2.34959e-06 6.43845e-06 9.64184e-06 3.76392e-06 8.94494e-07 0.0167158 0.929363 2.70902e-06 4.59737e-10 1.11278e-05 0.0166213 4.00871e-10 5.60258e-10 1.25009e-06 3.88521e-07 0.0247835 0.0124662 9.0905e-07 3.70493e-10 
1.33354e-11 2.18947e-05 1.56744e-12 0.729826 3.73211e-12 2.31703e-07 0.223348 3.18061e-11 0.00193351 1.92917e-11 0.00221624 2.16658e-11 2.97067e-05 3.16304e-07 1.10769e-07 3.05447e-08 2.50967e-11 7.56301e-08 0.0023794 0.0296488 0.0105964 2.81086e-08 1.17849e-07 
0.980026 1.16745e-06 4.51797e-07 0.00299509 0.000891504 0.00244065 0.00365542 9.16772e-06 0.000339768 0.00158877 0.00313442 0.00103274 5.93592e-06 2.61228e-06 0.000453478 5.17587e-06 7.23381e-06 0.000475801 0.000147902 0.000547164 0.00189005 0.000345021 4.78364e-06 
1.33354e-11 2.18947e-05 1.56744e-12 0.729826 3.73211e-12 2.31703e-07 0.223348 3.18061e-11 0.00193351 1.92917e-11 0.00221624 2.16658e-11 2.97067e-05 3.16304e-07 1.10769e-07 3.05447e-08 2.50967e-11 7.56301e-08 0.0023794 0.0296488 0.0105964 2.81086e-08 1.17849e-07 
0.00265222 2.13794e-06 5.38014e-10 1.91598e-07 0.9681 3.89185e-06 2.35436e-06 1.09172e-08 9.41943e-10 3.10604e-07 0.0109766 7.43662e-09 1.31337e-05 3.11079e-09 5.51725e-08 6.16359e-09 8.61426e-09 0.0182476 8.0715e-10 1.0521e-06 1.2262e-09 6.18429e-10 5.69652e-09 
1.16183e-05 2.86866e-10 1.11016e-10 0.136091 1.14194e-05 0.103607 5.40629e-06 4.28238e-06 1.94364e-10 1.36636e-09 0.325149 0.00792646 1.02247e-06 3.91617e-06 3.58507e-06 1.28454e-07 1.7775e-09 5.15007e-10 1.84888e-06 9.87825e-07 0.266441 0.0471384 0.113603 
9.97084e-08 3.02838e-08 1.17197e-08 1.7124e-05 2.79048e-08 1.80085e-05 3.47984e-08 2.37813e-07 2.05186e-08 1.44243e-07 1.81941e-06 1.61994e-07 1.53979e-07 6.77631e-08 3.86281e-05 1.34263e-07 0.994922 5.43681e-08 1.75823e-08 0.005001 2.67107e-08 1.34714e-08 1.24089e-07 
0.00408687 0.000853407 3.33567e-08 0.00214181 0.00436039 0.000588282 0.00210972 6.76864e-07 7.01385e-05 4.10545e-07 0.0159591 0.00853022 0.938439 0.00270034 0.00236228 0.00175822 5.3408e-07 1.54743e-07 0.00132119 8.47783e-08 0.00122406 0.0134927 3.53182e-07 
0.000453589 1.50108e-06 1.30294e-08 0.1583 0.000143919 0.0244092 0.0456971 0.00925386 0.00201054 1.60362e-07 0.202779 1.39299e-05 0.00151817 0.12173 0.00104942 1.49267e-07 0.000917525 1.46238e-05 0.00263673 0.000839372 0.421861 0.00636979 1.37955e-07 
1.20742e-11 2.19258e-05 1.4192e-12 0.665694 3.37915e-12 0.00205696 0.20335 2.8798e-11 0.00172634 1.74672e-11 0.00198429 1.96167e-11 2.95991e-05 0.000859811 0.000811725 4.06608e-06 2.27232e-11 6.1303e-05 0.00240984 0.111418 0.00947319 3.41653e-05 6.52412e-05 
1.33354e-11 2.18947e-05 1.56744e-12 0.729826 3.73211e-12 2.31703e-07 0.223348 3.18061e-11 0.00193351 1.92917e-11 0.00221624 2.16658e-11 2.97067e-05 3.16304e-07 1.10769e-07 3.05447e-08 2.50967e-11 7.56301e-08 0.0023794 0.0296488 0.0105964 2.81086e-08 1.17849e-07 
3.69418e-09 2.16133e-06 4.34213e-10 2.85218e-06 2.43193e-06 0.000430316 0.000695099 8.81092e-09 7.6021e-10 1.0358e-07 0.994251 6.00184e-09 5.70489e-09 2.51061e-09 3.2101e-07 1.62711e-05 6.95227e-09 5.75933e-07 2.97028e-06 0.00287198 4.11217e-06 0.00172001 4.59747e-09 
0.123397 1.13277e-08 4.38375e-09 1.83275e-05 1.04378e-08 1.78254e-06 1.798e-05 8.89538e-08 2.41284e-05 5.3954e-08 0.792492 4.74895e-06 5.75958e-08 0.003298 0.0190768 5.02211e-08 7.01892e-08 2.03364e-08 1.77741e-06 1.11416e-08 0.0616638 3.03053e-06 4.64154e-08 
0.000491481 0.000338769 4.48917e-08 0.130175 0.000197565 0.0275051 0.0525177 7.25894e-06 0.000122031 0.0229188 0.703575 6.20509e-07 3.13786e-05 0.00415121 4.97601e-05 1.49492e-05 0.000134619 2.08254e-07 0.0164212 0.00049723 0.0403835 0.000466469 4.75315e-07 
4.1134e-05 1.01564e-09 3.93048e-10 0.0543972 2.52773e-06 2.85457e-06 3.15219e-06 7.9756e-09 6.88138e-10 4.83752e-09 0.802413 6.52484e-06 5.16404e-09 2.27259e-09 2.56831e-06 4.50283e-09 6.29317e-09 1.82336e-09 5.89665e-10 9.98958e-10 0.143129 6.78143e-07 4.20322e-07 
3.7146e-11 1.12821e-11 4.36613e-12 5.45466e-08 0.95597 0.00124194 1.2964e-11 8.85963e-11 0.0111978 5.37372e-11 8.51924e-12 1.0924e-06 5.73643e-11 2.52449e-11 2.1346e-07 5.00192e-11 6.9907e-11 0.000987096 6.55024e-12 0.0260696 8.95687e-08 0.0045321 4.76202e-07 
9.95471e-07 0.00112019 2.16641e-11 4.40981e-07 2.32643e-06 2.34284e-06 1.02985e-07 4.39601e-10 0.00810801 0.00141765 0.350701 2.99449e-10 1.16728e-06 0.00203058 0.0183558 5.46261e-07 0.00569601 6.04009e-08 7.47855e-08 0.0315354 0.514538 0.0664893 2.2938e-10 
5.96525e-08 1.81179e-08 7.01154e-09 0.00119809 0.000946601 0.00239203 2.08188e-08 0.000113963 0.988944 8.62961e-08 0.00441897 2.91716e-05 9.21209e-08 4.05406e-08 0.000144809 8.03255e-08 1.12263e-07 3.25268e-08 1.06242e-06 0.000249503 0.000281267 0.00116138 0.000118856 
4.71018e-07 3.25921e-06 5.48151e-10 0.490917 5.09142e-06 3.90933e-05 0.000170084 0.0071387 1.46842e-05 6.7465e-09 9.72238e-05 4.47103e-05 6.05031e-05 3.1694e-09 4.62704e-05 6.27972e-09 8.77656e-09 2.54289e-09 0.0001861 0.0485772 0.452677 2.29355e-05 5.80385e-09 
0.00138755 2.65533e-11 1.0276e-11 0.378084 2.23391e-05 0.000571503 0.00502362 3.41534e-08 4.15455e-05 0.195864 0.0143336 1.42038e-10 0.000290323 5.9388e-07 0.000153283 1.17724e-10 8.59916e-06 2.64032e-05 0.379863 7.32152e-08 0.0242042 0.000124458 1.08803e-10 
4.54697e-08 0.000120264 5.3445e-09 0.184949 0.461355 0.00070639 0.000230796 1.08449e-07 0.172884 0.00217265 0.0244179 7.38736e-08 5.62365e-05 3.09018e-08 1.21217e-05 2.33105e-05 5.19942e-06 0.0229999 0.0290771 1.35834e-08 0.0461256 0.0132682 0.0415953 
3.61112e-05 1.09678e-05 4.2445e-06 0.000154808 1.01062e-05 5.50375e-06 1.26029e-05 8.61282e-05 7.43118e-06 5.22402e-05 0.9992 5.8669e-05 5.57663e-05 2.45416e-05 6.81351e-05 4.86258e-05 6.79596e-05 1.96904e-05 6.36777e-06 1.07877e-05 9.67376e-06 4.87891e-06 4.4941e-05 
1.19478e-06 7.63283e-10 2.95387e-10 4.69914e-06 7.03322e-10 8.24166e-06 2.52197e-06 3.23735e-05 1.96445e-06 3.27377e-06 1.08014e-05 4.08294e-09 3.88094e-09 0.00588994 0.290237 2.22269e-06 0.0283803 0.068606 1.40411e-06 0.0116542 0.00882516 0.586339 3.12757e-09 
1.33354e-11 2.18947e-05 1.56744e-12 0.729826 3.73211e-12 2.31703e-07 0.223348 3.18061e-11 0.00193351 1.92917e-11 0.00221624 2.16658e-11 2.97067e-05 3.16304e-07 1.10769e-07 3.05447e-08 2.50967e-11 7.56301e-08 0.0023794 0.0296488 0.0105964 2.81086e-08 1.17849e-07 
2.97721e-05 0.000467899 8.41973e-09 0.0270562 1.51961e-05 1.09177e-08 0.000573684 1.70851e-07 0.00278508 0.000160979 0.660884 0.00023596 0.00804845 0.0502481 0.012387 2.1033e-05 0.000520884 0.00208167 0.0135561 0.0213072 0.0619694 0.137527 0.000125019 
0.471916 0.00029871 6.73221e-08 0.00188078 0.00131944 0.0371285 1.99894e-07 1.36608e-06 0.0072884 3.10873e-05 0.242926 0.000869596 8.8451e-07 3.89255e-07 0.197687 4.75806e-05 0.000554289 3.12309e-07 8.10297e-07 0.0203329 0.000423621 0.0172916 7.12809e-07 
0.000668325 8.1162e-08 3.14093e-08 4.66732e-05 0.00018704 0.998259 9.32613e-08 6.37349e-07 7.1543e-05 3.86577e-07 0.000380035 4.34151e-07 4.12671e-07 1.81608e-07 0.000113246 3.59831e-07 5.02901e-07 1.45709e-07 4.71215e-08 7.9829e-08 7.15858e-08 0.000270815 3.32563e-07 
1.33354e-11 2.18947e-05 1.56744e-12 0.729826 3.73211e-12 2.31703e-07 0.223348 3.18061e-11 0.00193351 1.92917e-11 0.00221624 2.16658e-11 2.97067e-05 3.16304e-07 1.10769e-07 3.05447e-08 2.50967e-11 7.56301e-08 0.0023794 0.0296488 0.0105964 2.81086e-08 1.17849e-07 
2.9925e-05 0.00750995 1.29913e-08 0.00108469 3.09325e-08 1.61922e-05 1.10549e-05 2.63616e-07 2.27449e-08 0.0220238 0.951203 0.000118512 1.70686e-07 7.51155e-08 0.000911455 0.0102731 0.00310618 2.58778e-05 2.58817e-06 0.000176418 0.00225153 0.00125372 1.43246e-06 
5.53563e-06 2.13881e-05 6.50657e-07 0.0197739 1.54923e-06 8.43692e-07 0.00306874 1.32029e-05 1.13916e-06 0.000159635 0.976582 8.99361e-06 8.54864e-06 3.76209e-06 1.10622e-05 0.000121707 1.04178e-05 3.01842e-06 1.68182e-05 0.000156719 1.48293e-06 2.16522e-05 6.88919e-06 
1.33354e-11 2.18947e-05 1.56744e-12 0.729826 3.73211e-12 2.31703e-07 0.223348 3.18061e-11 0.00193351 1.92917e-11 0.00221624 2.16658e-11 2.97067e-05 3.16304e-07 1.10769e-07 3.05447e-08 2.50967e-11 7.56301e-08 0.0023794 0.0296488 0.0105964 2.81086e-08 1.17849e-07 
1.7272e-07 6.06161e-05 2.03014e-08 0.0124342 0.00698178 0.00343136 0.000252912 0.00131412 0.0318659 2.49864e-07 0.739597 2.80613e-07 2.6673e-07 6.16169e-05 0.0109721 3.98257e-05 3.2505e-07 0.093657 0.000194891 5.15975e-08 0.062457 0.0274552 0.00922363 
0.998033 2.08468e-05 6.20108e-09 0.000299575 1.47649e-08 8.0408e-09 0.000289093 1.25831e-07 1.08567e-08 7.63212e-08 0.00036421 0.000205798 8.14728e-08 3.58545e-08 5.7285e-05 7.10407e-08 9.92868e-08 2.8767e-08 1.86992e-06 0.000573698 1.41331e-08 0.00015397 6.56573e-08 
9.88041e-07 3.00092e-07 1.16134e-07 0.00122768 2.76517e-07 0.00460817 3.44828e-07 0.00942859 0.00701493 0.00486121 0.00863376 0.0012858 1.52583e-06 6.71485e-07 0.948712 1.33045e-06 1.85945e-06 0.00102417 1.74229e-07 2.95163e-07 0.00092666 0.0122681 1.22963e-06 
3.53802e-08 1.07458e-08 4.15858e-09 0.0268106 9.90165e-09 2.14494e-06 2.16469e-05 8.43846e-08 7.28074e-09 3.46587e-05 0.959753 5.70284e-06 5.46374e-08 5.6916e-06 0.012859 0.000105891 6.65839e-08 1.92918e-08 0.000373152 1.05693e-08 2.40626e-05 3.64785e-06 4.40312e-08 
7.47235e-10 2.26953e-10 8.78298e-11 0.00522272 2.09124e-10 6.11241e-05 2.23044e-06 1.78222e-09 1.5377e-10 1.08099e-09 0.992321 0.000805791 1.15395e-09 5.84745e-07 0.000701801 1.00619e-09 1.40626e-09 4.07445e-10 2.19939e-07 2.31169e-07 2.4797e-06 0.000881544 9.29946e-10 
1.33354e-11 2.18947e-05 1.56744e-12 0.729826 3.73211e-12 2.31703e-07 0.223348 3.18061e-11 0.00193351 1.92917e-11 0.00221624 2.16658e-11 2.97067e-05 3.16304e-07 1.10769e-07 3.05447e-08 2.50967e-11 7.56301e-08 0.0023794 0.0296488 0.0105964 2.81086e-08 1.17849e-07 
3.34115e-11 1.72615e-08 3.92718e-12 6.14133e-08 9.35068e-12 1.18655e-07 5.24847e-08 7.96891e-11 3.57601e-08 0.0341481 0.964212 1.68331e-07 5.15971e-11 3.08835e-07 0.000839947 4.49905e-11 6.28788e-11 5.28514e-08 1.29676e-08 0.000798685 5.1922e-08 9.66075e-08 4.15811e-11 
4.1707e-05 5.02417e-07 1.94433e-07 0.068936 0.155297 0.182173 0.000359581 0.00897461 0.0033962 0.000197385 0.537653 2.68753e-06 2.55456e-06 1.12421e-06 0.00311594 2.22746e-06 0.000211299 0.0151012 5.40684e-05 4.94166e-07 0.00821263 0.0162062 6.05274e-05 
2.97829e-05 2.99581e-06 1.16913e-09 0.493666 6.52732e-05 0.000244408 4.36711e-06 2.37237e-08 2.04689e-09 4.27327e-06 1.47969e-05 1.61602e-08 0.000351796 6.75991e-09 1.94504e-07 1.33938e-08 1.03989e-06 1.80139e-08 0.505608 2.97144e-09 7.47477e-06 1.34388e-09 1.23788e-08 
0.00109476 1.06892e-07 4.13669e-08 0.926851 9.84954e-08 5.36395e-08 0.0715238 8.39405e-07 7.24243e-08 5.09133e-07 1.05002e-05 5.71788e-07 5.43498e-07 5.78101e-06 6.67757e-05 4.73907e-07 0.000113005 1.91903e-07 2.14255e-05 0.000214101 9.46503e-05 4.75499e-08 4.37995e-07 
3.9047e-06 1.27163e-05 1.71537e-10 0.0282936 3.24666e-08 1.25962e-06 0.000943952 3.48078e-09 0.000710307 3.07334e-07 0.962124 2.37105e-09 2.25374e-09 9.91825e-10 0.00145765 1.96516e-09 3.1286e-06 7.95767e-10 2.03028e-06 1.16391e-06 0.00644306 2.61681e-06 1.81624e-09 
0.000522747 4.7557e-05 8.9731e-09 0.0109405 0.000235857 0.0023028 0.00537625 1.8208e-07 0.000552469 0.000370453 0.901712 0.000869392 1.17893e-07 0.00025288 0.00763954 1.02798e-07 1.4367e-07 4.16265e-08 0.000550346 8.46287e-05 0.0569713 0.010811 0.00075982 
2.32336e-06 5.2568e-05 5.58392e-10 1.86338e-06 0.00039023 0.0825468 1.71182e-06 1.66466e-06 8.17524e-07 2.11005e-05 0.916962 7.71829e-09 7.33641e-09 2.14756e-06 2.08685e-07 1.9952e-07 2.67311e-06 1.37114e-06 1.27289e-07 3.5304e-06 1.0002e-06 6.31758e-06 1.7313e-06 
1.33354e-11 2.18947e-05 1.56744e-12 0.729826 3.73211e-12 2.31703e-07 0.223348 3.18061e-11 0.00193351 1.92917e-11 0.00221624 2.16658e-11 2.97067e-05 3.16304e-07 1.10769e-07 3.05447e-08 2.50967e-11 7.56301e-08 0.0023794 0.0296488 0.0105964 2.81086e-08 1.17849e-07 
1.02498e-08 3.11309e-09 1.20475e-09 0.0780719 0.118759 0.0463048 0.0215349 2.44465e-08 6.85854e-06 1.25072e-06 0.322076 2.50004e-05 1.58286e-08 0.276199 0.00480179 1.38019e-08 1.47394e-05 1.30192e-05 1.40121e-05 3.06197e-09 0.132117 6.13222e-05 1.2756e-08 
0.000261253 5.99394e-08 2.63564e-12 0.0133343 0.000374307 0.138579 0.000770256 1.55151e-07 0.003769 0.0184048 0.747994 1.09329e-07 3.46283e-11 0.000100787 5.80344e-07 1.81468e-08 4.21998e-11 1.28394e-07 0.000211231 2.4122e-08 0.00888423 0.0664891 0.000825771 
0.000271778 2.89268e-07 1.11945e-07 0.00150242 0.00190333 2.77543e-05 0.00842184 2.27156e-06 0.000769823 0.000426851 0.956396 0.00196064 7.96289e-05 3.62643e-05 0.00590536 6.76338e-05 1.79238e-06 7.56188e-06 0.00453126 0.00457435 0.00867219 0.00440139 3.9468e-05 
1.33309e-10 4.04891e-11 1.56691e-11 0.0156621 3.73084e-11 2.0523e-07 2.07507e-06 3.17953e-10 2.74331e-11 1.92851e-10 0.982228 5.41677e-07 2.05868e-10 5.4368e-07 0.00210355 1.79508e-10 2.50881e-10 7.26895e-11 2.04538e-07 3.98241e-11 2.30702e-06 3.49433e-07 1.65905e-10 
3.69418e-09 2.16133e-06 4.34213e-10 2.85218e-06 2.43193e-06 0.000430316 0.000695099 8.81092e-09 7.6021e-10 1.0358e-07 0.994251 6.00184e-09 5.70489e-09 2.51061e-09 3.2101e-07 1.62711e-05 6.95227e-09 5.75933e-07 2.97028e-06 0.00287198 4.11217e-06 0.00172001 4.59747e-09 
1.20742e-11 2.19258e-05 1.4192e-12 0.665694 3.37915e-12 0.00205696 0.20335 2.8798e-11 0.00172634 1.74672e-11 0.00198429 1.96167e-11 2.95991e-05 0.000859811 0.000811725 4.06608e-06 2.27232e-11 6.1303e-05 0.00240984 0.111418 0.00947319 3.41653e-05 6.52412e-05 
1.33354e-11 2.18947e-05 1.56744e-12 0.729826 3.73211e-12 2.31703e-07 0.223348 3.18061e-11 0.00193351 1.92917e-11 0.00221624 2.16658e-11 2.97067e-05 3.16304e-07 1.10769e-07 3.05447e-08 2.50967e-11 7.56301e-08 0.0023794 0.0296488 0.0105964 2.81086e-08 1.17849e-07 
3.69418e-09 2.16133e-06 4.34213e-10 2.85218e-06 2.43193e-06 0.000430316 0.000695099 8.81092e-09 7.6021e-10 1.0358e-07 0.994251 6.00184e-09 5.70489e-09 2.51061e-09 3.2101e-07 1.62711e-05 6.95227e-09 5.75933e-07 2.97028e-06 0.00287198 4.11217e-06 0.00172001 4.59747e-09 
0.00037349 5.39444e-05 1.53491e-09 0.000918227 4.64175e-05 1.99028e-09 0.000284847 3.1177e-05 2.15251e-06 0.993715 0.000765203 2.1216e-08 2.01663e-08 0.000513858 4.81838e-05 1.75842e-08 0.000390778 7.12048e-09 0.00221661 0.000246942 0.000257474 0.000135501 1.62517e-08 
1.33354e-11 2.18947e-05 1.56744e-12 0.729826 3.73211e-12 2.31703e-07 0.223348 3.18061e-11 0.00193351 1.92917e-11 0.00221624 2.16658e-11 2.97067e-05 3.16304e-07 1.10769e-07 3.05447e-08 2.50967e-11 7.56301e-08 0.0023794 0.0296488 0.0105964 2.81086e-08 1.17849e-07 
1.33354e-11 2.18947e-05 1.56744e-12 0.729826 3.73211e-12 2.31703e-07 0.223348 3.18061e-11 0.00193351 1.92917e-11 0.00221624 2.16658e-11 2.97067e-05 3.16304e-07 1.10769e-07 3.05447e-08 2.50967e-11 7.56301e-08 0.0023794 0.0296488 0.0105964 2.81086e-08 1.17849e-07 
4.11897e-06 6.76365e-09 2.61751e-09 0.0292185 0.0573041 0.0552445 4.45879e-06 5.31136e-08 4.80451e-05 0.756352 0.0884548 0.000302463 3.439e-08 1.51344e-08 0.00240975 2.99866e-08 4.19094e-08 5.55639e-05 3.92688e-09 6.65257e-09 0.000919176 0.00959219 9.00163e-05 
2.05048e-06 4.03202e-05 2.41013e-07 0.0144596 5.73855e-07 3.12516e-07 0.00010335 4.89056e-06 4.21959e-07 2.96632e-06 0.970503 3.33136e-06 4.22084e-05 5.69103e-05 1.80339e-05 2.76109e-06 3.8589e-06 0.000939067 3.61576e-07 6.12551e-07 0.0138102 2.30046e-06 2.55185e-06 
1.18223e-06 4.45536e-07 3.32164e-10 0.0266063 8.79046e-06 5.27785e-07 4.27394e-06 7.62451e-06 0.000523074 1.53377e-06 0.941104 4.59128e-09 4.36412e-09 2.4618e-06 0.00383755 0.0138452 0.00278883 1.54092e-09 0.00516557 8.44217e-10 0.00557354 0.000505769 2.38528e-05 
0.000335372 0.000192184 4.53832e-12 3.55629e-07 8.49349e-07 2.8029e-06 2.6964e-08 2.30318e-07 1.04095e-07 0.000120818 0.996374 1.75707e-07 2.50491e-07 4.38242e-07 2.04835e-09 0.000226393 0.00185233 2.23189e-07 1.03497e-07 1.15345e-11 0.000892838 4.63244e-07 4.8052e-11 
2.7891e-07 8.47115e-08 3.2783e-08 0.00201047 0.000546476 0.00163663 0.000992966 6.65223e-07 0.00119963 4.03484e-07 0.00873788 4.53138e-07 4.30719e-07 1.89551e-07 0.971513 0.000563727 0.00105031 1.52081e-07 3.93951e-05 8.33203e-08 0.00498367 0.00672267 3.47108e-07 
1.33354e-11 2.18947e-05 1.56744e-12 0.729826 3.73211e-12 2.31703e-07 0.223348 3.18061e-11 0.00193351 1.92917e-11 0.00221624 2.16658e-11 2.97067e-05 3.16304e-07 1.10769e-07 3.05447e-08 2.50967e-11 7.56301e-08 0.0023794 0.0296488 0.0105964 2.81086e-08 1.17849e-07 
1.33354e-11 2.18947e-05 1.56744e-12 0.729826 3.73211e-12 2.31703e-07 0.223348 3.18061e-11 0.00193351 1.92917e-11 0.00221624 2.16658e-11 2.97067e-05 3.16304e-07 1.10769e-07 3.05447e-08 2.50967e-11 7.56301e-08 0.0023794 0.0296488 0.0105964 2.81086e-08 1.17849e-07 
2.77684e-06 1.45034e-06 2.47245e-11 1.87482e-06 5.88696e-11 6.95728e-07 7.56224e-07 5.01703e-10 3.07382e-07 1.3907e-05 0.999956 9.43265e-06 3.24843e-10 3.30244e-06 3.04886e-06 2.83249e-10 8.71308e-07 2.9833e-07 3.37581e-07 3.51962e-07 1.22286e-06 3.652e-06 2.61785e-10 
1.54994e-07 1.03358e-08 5.38661e-12 0.988603 9.78984e-08 8.69994e-08 0.00525134 1.09303e-10 0.000251359 6.62969e-11 0.000194196 7.44556e-11 0.000120526 3.11453e-11 6.72444e-08 6.171e-11 3.47375e-07 0.000107388 0.00198707 0.000228149 0.00325591 6.19172e-12 5.70337e-11 
8.26145e-09 8.72082e-05 1.29572e-10 0.124504 1.50024e-06 6.00285e-07 0.00178583 0.293949 0.0024904 1.30272e-05 0.412714 6.8803e-07 9.30384e-07 0.00149298 0.019263 5.73097e-07 6.07254e-07 1.3894e-06 0.00804476 0.0293842 0.104799 0.00145518 1.21408e-05 
8.08891e-07 4.09346e-05 9.50769e-08 0.000370343 3.09014e-05 1.23284e-07 0.000389904 1.92927e-06 8.17233e-05 1.17018e-06 0.997983 1.31419e-06 1.24917e-06 5.49733e-07 5.62419e-05 1.08922e-06 0.000306167 4.41065e-07 0.000197989 0.000113634 0.000418912 1.09288e-07 1.00668e-06 
0.000551356 0.000214361 1.96128e-08 0.016998 0.00485317 0.00641012 0.000378445 3.97978e-07 0.000577352 0.00011823 0.909625 0.00486632 0.000150881 6.42052e-05 0.00151517 2.87223e-05 4.12388e-05 9.09846e-08 0.000461227 8.76673e-05 0.0243958 0.0286571 4.76882e-06 
5.52213e-07 0.00753282 7.50218e-11 0.000299642 6.45803e-07 9.72791e-11 7.20476e-07 1.52232e-09 0.00137047 0.584681 0.0108996 0.000673379 8.02521e-06 9.47045e-05 6.6964e-05 0.00650545 1.70367e-05 0.00011388 0.00352178 0.00427241 0.00348851 0.376449 3.21464e-06 
1.33354e-11 2.18947e-05 1.56744e-12 0.729826 3.73211e-12 2.31703e-07 0.223348 3.18061e-11 0.00193351 1.92917e-11 0.00221624 2.16658e-11 2.97067e-05 3.16304e-07 1.10769e-07 3.05447e-08 2.50967e-11 7.56301e-08 0.0023794 0.0296488 0.0105964 2.81086e-08 1.17849e-07 
1.33354e-11 2.18947e-05 1.56744e-12 0.729826 3.73211e-12 2.31703e-07 0.223348 3.18061e-11 0.00193351 1.92917e-11 0.00221624 2.16658e-11 2.97067e-05 3.16304e-07 1.10769e-07 3.05447e-08 2.50967e-11 7.56301e-08 0.0023794 0.0296488 0.0105964 2.81086e-08 1.17849e-07 
1.33354e-11 2.18947e-05 1.56744e-12 0.729826 3.73211e-12 2.31703e-07 0.223348 3.18061e-11 0.00193351 1.92917e-11 0.00221624 2.16658e-11 2.97067e-05 3.16304e-07 1.10769e-07 3.05447e-08 2.50967e-11 7.56301e-08 0.0023794 0.0296488 0.0105964 2.81086e-08 1.17849e-07 
1.33354e-11 2.18947e-05 1.56744e-12 0.729826 3.73211e-12 2.31703e-07 0.223348 3.18061e-11 0.00193351 1.92917e-11 0.00221624 2.16658e-11 2.97067e-05 3.16304e-07 1.10769e-07 3.05447e-08 2.50967e-11 7.56301e-08 0.0023794 0.0296488 0.0105964 2.81086e-08 1.17849e-07 
1.33354e-11 2.18947e-05 1.56744e-12 0.729826 3.73211e-12 2.31703e-07 0.223348 3.18061e-11 0.00193351 1.92917e-11 0.00221624 2.16658e-11 2.97067e-05 3.16304e-07 1.10769e-07 3.05447e-08 2.50967e-11 7.56301e-08 0.0023794 0.0296488 0.0105964 2.81086e-08 1.17849e-07 
