4.41091e-05 3.45621e-05 0.692455 0.00116084 0.00270788 0.0181044 2.73812e-05 6.06707e-06 0.0523615 1.7185e-06 0.000445944 3.80303e-07 1.1366e-05 0.000128754 0.109732 1.37011e-06 1.58806e-05 0.000421522 9.87933e-06 0.102333 0.000635331 0.0193611 7.91463e-12 
2.08611e-08 1.9238e-05 0.825306 0.00374326 2.16299e-08 1.78632e-05 0.000285747 7.92975e-05 0.0558849 2.00107e-06 0.0210717 2.09142e-07 1.33367e-08 0.000284539 0.0758385 3.09422e-06 0.000279674 1.12639e-07 0.0021634 0.00148456 0.0120926 0.00144323 8.34633e-12 
0.00212284 1.15269e-05 0.50599 0.0160833 0.0189027 0.0710709 0.00687526 1.17406e-05 0.139448 7.47552e-05 0.000831678 2.07753e-05 0.000132988 0.000100015 0.0846803 2.20255e-06 1.54917e-06 0.101936 0.0208181 0.0123876 0.0127339 0.00575956 4.99536e-06 
3.6451e-05 0.00565387 0.399968 0.0267877 0.0306892 0.169557 0.00964848 0.000141688 0.0338905 0.000219765 0.00500383 9.73391e-05 0.0019674 0.00229022 0.0827857 8.37008e-08 1.69422e-05 0.0646083 0.0300304 0.0625691 0.00372578 0.0679902 0.00232205 
0.10242 0.000508838 0.419002 0.0201396 0.020169 0.0431544 0.00375835 0.0001247 0.00409939 3.8648e-05 0.0267159 8.14207e-06 0.000291104 0.0076767 0.182734 1.40461e-09 0.000258855 0.00568526 0.0252118 0.067035 0.0208906 0.0499218 0.000155196 
7.07338e-06 5.19723e-06 0.64244 0.000563206 0.00247692 0.00526546 0.000610539 4.20952e-05 0.122208 9.51201e-12 0.0190256 0.000298341 2.40454e-06 0.000174143 0.187702 3.52769e-05 6.37692e-06 0.000337563 0.000507602 0.00428219 0.00333151 0.0106534 2.56276e-05 
1.05416e-06 0.00559252 0.180865 0.0350348 0.018042 1.05517e-06 0.000739514 1.05251e-06 0.135372 0.00052787 0.103716 1.05342e-06 1.05351e-06 0.0432375 0.0250106 0.00548056 0.017588 0.0181419 0.010658 0.114047 0.123229 0.162712 1.05387e-06 
4.46757e-05 0.00189393 0.416971 0.00645176 0.0266211 0.0386809 0.0100475 5.37956e-05 0.185244 4.94002e-08 0.00253853 0.000508831 0.000978158 0.00554166 0.163627 3.30971e-06 1.27922e-05 0.00107072 0.0027655 0.0985993 0.00369455 0.0346517 2.15244e-09 
0.00010744 6.65632e-05 0.480586 0.0509765 0.014113 0.0340511 0.0128404 6.13426e-05 0.194425 1.01365e-05 0.0306642 0.00102711 2.33179e-05 0.000422016 0.10316 4.716e-06 2.42647e-06 0.00867641 0.0119131 0.0195553 0.0124219 0.0248804 1.15889e-05 
0.00108442 0.00779838 0.389388 0.0470401 0.0456886 0.0236727 0.0125961 0.000377385 0.0739832 0.000763265 0.024861 0.00503253 0.0649844 0.0128873 0.0593423 4.96756e-05 0.00106101 0.0802933 0.0103006 0.0712618 0.0090061 0.058416 0.000111515 
1.02564e-05 1.14449e-05 0.303143 0.160355 0.00540333 0.174079 0.00388227 2.39813e-06 0.0131498 2.35048e-10 0.00547549 0.000313615 3.75369e-06 0.00291082 0.218239 2.02596e-06 2.56829e-08 0.0102014 0.00067395 0.00508228 0.0196508 0.077411 2.02206e-10 
8.46359e-05 2.55475e-05 0.770497 0.0117772 0.0100704 0.00611796 0.019004 0.000255292 0.0724125 2.41268e-07 0.000845761 1.57786e-05 1.60491e-06 0.00012384 0.0841663 2.40269e-06 0.000150878 0.000480489 0.00336844 0.0069838 0.011402 0.00221363 9.15493e-08 
5.43639e-05 3.0082e-05 0.62529 0.0197227 0.0113288 0.0172014 0.00651073 0.000111303 0.0252527 0.000938213 0.0185393 0.000162565 2.45222e-05 0.000197247 0.134769 5.13507e-06 0.000148287 0.0219157 0.0184527 0.0273111 0.0667269 0.00529935 7.04572e-06 
0.000630251 3.49344e-05 0.618398 0.0112097 0.00356471 0.0220497 0.000141218 3.45336e-05 0.0170785 1.32326e-06 0.00146762 6.06203e-05 0.000407357 0.000129389 0.27697 2.8429e-07 8.30547e-05 0.00235602 0.000218423 0.0329452 0.00433338 0.0078853 5.10266e-08 
0.018942 3.65776e-05 0.295299 0.0260144 0.0112934 0.177381 0.00108521 0.000112697 0.0264594 2.96437e-05 0.0132511 0.000393828 0.00243813 0.00107467 0.105439 4.49801e-06 1.0212e-05 0.00277435 0.0543777 0.037514 0.0236036 0.200481 0.00198455 
1.73887e-05 0.0420575 0.802409 0.000949727 0.00535775 0.0126021 0.0281544 0.000494891 0.00115667 9.35444e-09 0.0025183 3.97658e-05 0.000940994 0.000299032 0.0226911 9.14477e-07 1.55633e-08 0.0106397 9.51011e-05 0.0560552 0.00774657 0.00577404 1.31336e-08 
9.74662e-06 3.17694e-06 0.79904 0.029924 5.22088e-05 0.0157154 0.0132005 0.000410789 0.000109214 0.0130081 0.0804367 0.00070904 2.89058e-06 0.000461667 0.0431208 6.66642e-07 7.04802e-06 1.08521e-05 0.000113111 0.000367512 0.00178323 0.00150762 6.06407e-06 
0.00677699 6.7199e-06 0.459517 0.0797106 0.00259065 0.150508 0.0568878 1.35272e-05 0.0106082 1.33259e-05 0.00651184 1.26372e-05 7.20252e-05 0.00027393 0.108497 4.20373e-07 1.42067e-06 0.00777845 0.0607166 0.00942589 0.0278062 0.0122696 7.36921e-08 
3.28882e-07 1.17569e-08 0.318027 0.165271 0.00346474 0.0633657 0.00291907 1.01452e-07 0.16675 3.16993e-10 0.0105822 3.76103e-08 3.38389e-10 0.000200731 0.238136 4.76138e-06 2.40533e-06 0.00154752 0.000186179 0.0154812 0.00146595 0.0125953 5.82034e-08 
0.00137868 2.28473e-09 0.328961 0.197614 0.0215234 0.0482157 0.00884516 7.84598e-05 0.00604863 1.08823e-08 0.00175951 0.000859633 9.92471e-07 0.000872906 0.0791539 1.99662e-06 1.27853e-05 0.291641 0.000121162 0.000201448 0.0108023 0.00190794 3.03115e-07 
5.08365e-05 1.91738e-05 0.724853 0.00556908 0.00906485 0.00659198 0.00406055 1.16364e-05 0.0402903 1.16339e-07 0.00223177 5.44638e-05 5.42037e-06 0.00167437 0.144994 9.77609e-07 2.31444e-05 0.000261452 0.00376535 0.0485457 0.00248616 0.00544535 5.35484e-09 
6.8289e-05 9.47655e-12 0.507916 0.00512494 0.00168851 0.246517 0.000276881 3.08256e-08 0.0103268 1.71769e-05 5.27011e-05 8.51287e-08 2.40984e-07 1.18775e-05 0.0661687 7.24453e-05 9.97291e-08 0.0215967 0.00699396 0.0653551 0.00090171 0.066911 3.88304e-11 
1.8948e-08 5.83734e-06 0.278396 0.00273542 0.0491712 0.251566 6.61289e-09 4.51926e-08 0.0153758 2.74111e-08 0.0432454 1.15828e-06 6.44337e-05 0.173883 0.0311095 9.01079e-06 3.56593e-08 0.0220952 4.24571e-06 0.0171158 0.0158049 0.0887941 0.0106229 
6.64153e-05 0.000265812 0.547921 0.0414792 0.0170002 0.0360353 0.0211439 4.99836e-05 0.0356921 4.38207e-05 0.019876 0.000135427 4.12832e-06 0.000242228 0.0861572 7.41532e-05 0.0452417 0.00248725 0.0101329 0.0792592 0.0267438 0.0293179 0.000630169 
2.38721e-05 0.000106625 0.724963 0.0285586 0.00494406 0.00817624 0.00881221 5.06429e-05 0.057574 5.60175e-05 0.0241274 0.000237493 0.000412342 0.00151862 0.0594438 5.19491e-06 3.80111e-05 0.000936494 0.0378697 0.00369506 0.0225194 0.0159315 4.01744e-08 
0.000157643 0.000172717 0.371856 0.0707642 0.0458074 0.0881542 0.0118038 0.00252892 0.0233233 0.00112493 0.0371666 8.05038e-05 5.53088e-05 0.00573223 0.17926 1.8065e-06 0.000642301 0.015963 0.0152493 0.0341408 0.0751445 0.0207997 7.15591e-05 
0.0016602 3.64398e-05 0.550444 0.00342362 0.108293 0.0134918 0.000529688 6.56004e-06 0.0408083 0.000102879 0.00668048 0.0078649 7.29013e-06 4.9772e-05 0.099838 2.92525e-07 2.5378e-05 0.00623427 0.00144908 0.110611 0.0182201 0.0302229 4.11396e-12 
0.00113987 0.00215927 0.306168 0.0219934 0.0211661 0.0388148 0.00709133 0.000135744 0.122882 0.00527971 0.0366228 0.0645353 0.000323617 0.00547617 0.135891 7.45992e-06 5.28491e-06 0.000827862 0.0240315 0.0356188 0.0719213 0.0978057 0.000103432 
0.000738579 0.000436226 0.381018 0.055232 0.00256444 0.0358809 0.010335 0.00073317 0.0111448 0.000345495 0.014643 1.15233e-06 1.11246e-05 0.000171506 0.0997959 4.84566e-06 0.000404494 0.00126439 0.0143275 0.0248456 0.306563 0.0393205 0.000218644 
0.00128312 0.000193199 0.421673 0.0252753 0.0421968 0.0613699 0.00176571 6.30669e-05 0.0144204 6.82995e-05 0.00624071 3.47198e-06 3.07953e-05 0.00423022 0.0951699 4.70949e-07 3.80818e-05 0.000829823 0.0447164 0.0771939 0.166791 0.0364079 3.85201e-05 
1.993e-05 0.0011537 0.844255 0.0202946 0.00145407 0.0446698 0.00190696 1.62093e-05 0.00628575 3.24206e-06 0.0445794 1.47085e-05 0.000549932 0.000430991 0.0109009 7.54845e-06 5.6524e-06 0.0132052 0.00263566 0.00103166 0.00384776 0.00273028 7.58072e-07 
6.55147e-05 0.000374138 0.693553 0.00255878 0.0016432 0.00364298 0.000220356 1.14858e-06 0.0389839 0.00172549 0.0289747 2.0079e-05 5.75677e-05 0.000228004 0.0122435 4.36156e-05 0.00113439 0.0014916 0.000531061 0.0206692 0.00191119 0.189762 0.000165117 
1.04677e-05 9.84061e-06 0.429304 0.140836 0.0118564 0.028451 0.0132148 0.000124442 0.0838858 1.66845e-05 0.00653714 0.000156179 0.000217897 0.000562719 0.168245 3.20392e-06 7.61089e-05 0.00295392 0.0497178 0.0237306 0.00900825 0.0310226 5.95107e-05 
2.41103e-05 0.00154027 0.597776 0.0284882 0.00283789 0.0181409 0.0188839 1.85282e-05 0.0519117 1.3794e-05 0.0316289 0.000226854 0.000119781 0.000934686 0.135593 8.0197e-05 9.33323e-05 0.00830476 0.0248474 0.0255478 0.00833197 0.044654 2.40888e-06 
0.000178101 0.000182937 0.299696 0.0321659 0.00739863 0.0223324 0.0683255 0.000304338 0.172358 0.00185924 0.0636522 0.00262589 4.70087e-05 0.00826286 0.204648 0.000210047 1.43315e-05 0.00574896 0.00222178 0.0777392 0.0129475 0.0170813 2.15937e-11 
3.85829e-11 3.6054e-06 0.417457 0.032684 0.00269294 0.0186826 0.00340697 1.25621e-05 0.00496378 4.77207e-08 0.00160463 1.5008e-05 9.61477e-06 5.45359e-05 0.355474 5.86318e-07 2.09924e-05 0.12071 0.00608578 0.000509295 0.0193461 0.016266 1.17771e-07 
2.3326e-08 0.000475529 0.782726 7.87614e-06 0.00754646 0.0140887 0.0351168 0.000152095 0.00111411 1.29006e-08 0.00178694 9.28511e-12 2.76867e-08 0.000851646 0.0395601 1.68496e-09 2.6708e-08 0.000188428 8.19789e-05 0.106827 0.00435474 0.00512157 2.05901e-09 
0.00254264 0.0136008 0.59146 0.0322766 0.00700242 0.0268507 0.016691 2.27177e-05 0.00913185 8.37384e-06 0.0152489 0.00112088 0.0027498 0.00447435 0.020603 2.04255e-06 5.15131e-06 0.0102529 0.0117477 0.195684 0.0140832 0.0244412 1.08618e-09 
4.06577e-06 3.09895e-05 0.583134 0.00104231 0.00679581 0.00324669 0.0443598 0.000216348 0.185206 7.34849e-09 0.00775702 3.35665e-05 0.000172541 0.000147 0.137127 0.000285725 0.00320357 0.0037277 0.000181404 0.00875673 0.00957231 0.00499925 1.24584e-08 
1.25984e-05 9.21865e-08 0.351737 0.113146 0.0197022 0.223197 0.0013544 6.31038e-05 0.0221567 5.56669e-05 0.0057191 0.000587031 5.60743e-05 1.23902e-05 0.10716 1.09834e-07 2.19957e-07 0.00958383 0.00281172 0.00212686 0.135789 0.00472979 1.06441e-09 
0.0145623 2.75533e-05 0.428906 0.055012 0.0397344 0.130161 0.0188276 0.000492434 0.0201298 0.000111198 0.042624 0.00264685 0.00113384 0.00467399 0.122573 6.79374e-06 0.000345795 0.00697274 0.0106677 0.0158918 0.0125153 0.0717302 0.000253439 
3.6452e-05 2.3577e-05 0.53549 0.0115173 7.61088e-05 0.00344218 0.037341 2.45646e-05 0.0163456 1.03002e-09 0.0464666 2.43333e-05 1.82393e-08 0.000132466 0.207516 9.79386e-06 0.0207523 0.0355449 0.0430642 0.0306739 0.00612554 0.00537977 1.35712e-05 
0.000443914 2.66044e-05 0.271073 0.115973 0.00524944 0.101635 0.0266946 6.90096e-05 0.000979356 0.000362481 0.077616 0.000444945 7.35231e-06 0.000161588 0.250232 4.21244e-07 0.000519869 0.003865 0.0368857 0.00376093 0.0848393 0.0191598 3.8555e-10 
4.4225e-05 0.0238581 0.266002 0.0810196 0.00797794 0.0295176 0.0135419 0.000254691 0.0372777 1.28564e-06 0.196584 0.00351687 0.00114914 0.000914531 0.0423382 0.000336317 1.8968e-08 0.0303319 0.00336499 0.0413824 0.0341571 0.183976 0.00245442 
0.000116772 3.13585e-05 0.60564 0.050098 0.00215603 0.0181428 0.0569406 2.56953e-05 0.0269252 2.01555e-06 0.0211389 1.51479e-05 1.1737e-08 0.000641433 0.203994 8.2347e-07 5.68407e-05 0.000102046 0.00243471 0.00291699 0.00332653 0.00529379 2.79509e-11 
0.00014625 0.00154702 0.340799 0.0146973 0.181805 0.0158494 0.00497724 0.000820745 0.0478449 9.32529e-08 0.0135119 0.000765505 0.000448616 0.00951702 0.0800416 3.16296e-06 4.70191e-06 0.00192423 0.0417628 0.0770902 0.0611921 0.105229 2.11749e-05 
6.22869e-05 3.47881e-05 0.545568 0.0675175 0.000143561 0.0630165 0.162247 7.82089e-06 0.00406941 1.62353e-06 0.0145443 6.43404e-05 7.18611e-05 0.000348878 0.0983012 7.70358e-08 1.43949e-07 1.03123e-05 0.0131221 0.0163249 0.00478191 0.00976042 1.20508e-06 
4.86007e-06 0.000346798 0.741502 0.0606632 0.00450507 0.0039019 0.0200468 1.41437e-05 0.0053027 0.000122504 0.00970424 2.94182e-05 7.41188e-07 0.000522361 0.0252743 3.22817e-06 4.60775e-06 0.000912929 0.0213489 0.096103 0.00494266 0.00474405 1.84541e-09 
0.000297529 1.40265e-05 0.478857 0.043843 0.00374241 0.169178 0.0103128 5.82046e-05 0.00236898 4.41873e-06 0.00257832 2.52078e-05 2.20757e-05 0.00113293 0.225486 4.69087e-05 5.00796e-05 0.00692916 0.00239128 0.00892466 0.00984418 0.0338872 5.63484e-06 
0.000620166 0.000108208 0.635323 0.0156926 0.000448319 0.0185043 0.0469387 8.21383e-06 0.0700187 1.472e-06 0.0713017 0.000688789 0.000363614 0.0023494 0.0876186 3.28469e-06 3.04088e-05 0.00419891 0.000295579 0.026942 0.00125908 0.0172834 1.20702e-06 
0.00944113 0.000786657 0.225188 0.0616596 0.0712422 0.0583548 0.00462846 7.53234e-06 0.104905 0.0173462 0.136177 0.000218033 0.0013632 0.00236298 0.105446 1.45598e-05 1.3034e-05 0.0186647 0.0190491 0.0463304 0.0533575 0.0632796 0.000164437 
1.13692e-06 1.13782e-06 0.449646 0.0100162 0.0781713 0.092294 1.13776e-06 1.13514e-06 0.014453 1.13635e-06 1.13791e-06 0.000114748 0.00306893 0.00170714 0.231263 1.13648e-06 1.13579e-06 1.1375e-06 1.13798e-06 0.0851103 1.13786e-06 0.0341422 1.13661e-06 
4.14826e-12 1.18446e-08 0.969619 0.00268312 0.00113479 0.00645576 4.65309e-07 9.89395e-12 3.38166e-05 6.00107e-12 3.4659e-07 3.77485e-08 6.40613e-12 0.000665885 0.00806007 6.70863e-09 8.58829e-08 9.97535e-08 2.75702e-07 0.00235812 3.16047e-07 0.00898768 5.16258e-12 
0.000391771 0.000126779 0.522726 0.0100749 0.00491654 0.024553 0.00144057 0.000712487 0.00465849 2.00316e-07 0.017501 5.11818e-05 2.38642e-06 0.000483785 0.190555 4.44345e-07 1.18518e-06 0.0715541 0.027072 0.0836529 0.0328778 0.00664799 1.39026e-08 
8.50619e-07 4.49199e-06 0.247885 0.0728904 0.0176603 0.0794216 0.00270409 0.000997581 0.0913215 9.07828e-09 0.0100258 1.54022e-06 1.31996e-05 0.000564378 0.107431 1.62969e-06 2.38927e-05 0.00192104 0.0527108 0.0215283 0.178942 0.0713444 0.0426074 
6.22873e-05 0.0170233 0.445124 0.05941 0.0096525 0.0847799 0.00215682 3.93364e-05 0.043853 7.29754e-06 0.0307167 9.99339e-05 4.06943e-05 5.71958e-05 0.135161 2.26653e-06 4.72222e-06 0.0468022 0.00602696 0.0549534 0.0610939 0.00290328 2.90068e-05 
0.000363733 0.000643258 0.654127 0.0145046 0.0188965 0.00579001 0.0110714 1.22755e-05 0.0143175 5.98767e-06 0.00255112 1.66351e-05 1.94908e-05 7.32081e-05 0.128767 0.000121034 0.107912 5.75073e-05 0.00192215 0.0308 0.00594164 0.00208565 8.39623e-09 
3.6723e-05 5.79693e-06 0.460057 0.0865237 0.042042 0.15296 0.00648077 4.84755e-05 0.00347737 2.88396e-05 0.00929517 0.00177394 9.48786e-06 1.19507e-05 0.0811774 2.724e-11 4.74257e-06 0.0322058 0.000267779 0.0143863 0.0860331 0.0231727 5.92538e-07 
1.13692e-06 1.13782e-06 0.449646 0.0100162 0.0781713 0.092294 1.13776e-06 1.13514e-06 0.014453 1.13635e-06 1.13791e-06 0.000114748 0.00306893 0.00170714 0.231263 1.13648e-06 1.13579e-06 1.1375e-06 1.13798e-06 0.0851103 1.13786e-06 0.0341422 1.13661e-06 
0.000363182 1.76548e-05 0.263632 0.0387818 0.0219087 0.131216 0.00602521 0.000719075 0.157762 0.000275812 0.0186981 0.000240644 3.47586e-05 0.00238481 0.248201 3.49157e-05 0.000213688 0.00671044 0.00631367 0.0414181 0.0241043 0.0307742 0.000169863 
1.65115e-05 1.53452e-05 0.736198 0.0670099 0.00247015 0.0227712 0.0240196 0.000130833 0.00503986 2.10827e-05 0.00470441 1.45298e-05 0.000253018 0.000157251 0.090059 1.0195e-06 0.000371288 0.000455938 0.0191478 0.0142874 0.00354596 0.0092435 6.68514e-05 
0.000197666 5.10519e-06 0.318265 0.00168226 0.000657824 0.000431017 5.4111e-05 0.000112485 0.248066 1.82074e-09 0.017819 0.000159919 5.12395e-05 0.00729048 0.246616 0.000287901 1.22267e-06 0.0805628 0.000140128 0.0637532 0.00106027 0.0127872 1.54519e-08 
8.90897e-09 2.61486e-06 0.939143 0.000666686 0.00105571 0.0019391 3.62367e-05 2.31023e-05 0.0105021 1.12132e-11 0.00721438 5.20625e-06 1.61036e-09 6.80537e-05 0.0337823 6.24412e-07 8.19625e-06 3.92698e-05 4.07083e-08 2.84132e-05 0.0036808 0.00180425 7.86884e-08 
3.28809e-06 1.1374e-05 0.448702 0.0467567 0.0141257 0.0617826 0.00454514 0.0007311 0.0106459 0.000156941 0.138458 8.63843e-06 7.93473e-06 0.00633021 0.159965 1.32125e-07 7.54289e-05 0.0205496 0.00999869 0.0150407 0.0211123 0.0402419 0.000750924 
0.000344546 0.000305115 0.270006 0.0191866 0.00739954 0.0478648 0.0062435 0.00347343 0.221548 0.00156912 0.0235852 0.000236412 3.66927e-05 0.0014275 0.258366 0.000639099 0.0216786 0.00593621 0.0228348 0.0158471 0.00912912 0.0623266 1.64559e-05 
7.27204e-05 3.12727e-05 0.5317 0.0152654 0.00624467 0.0224567 0.00740888 2.00005e-05 0.123946 2.66572e-05 0.00299701 0.000727859 2.79414e-05 0.00160332 0.0476532 1.17118e-06 5.86429e-05 0.003203 0.00399527 0.173416 0.0299343 0.0291931 1.73286e-05 
0.000267612 2.71459e-05 0.418085 0.00876415 0.0110332 0.0187865 0.00774207 0.00174167 0.236244 0.000796959 0.0101196 0.000211329 2.53925e-06 0.000513001 0.136498 0.000976478 1.98961e-05 0.00858899 0.0239473 0.0174184 0.0511725 0.0469146 0.000128123 
6.73058e-05 2.82363e-05 0.50441 0.0441994 0.0228046 0.0712397 0.0013749 1.41884e-05 0.0713087 2.20034e-06 0.00517419 2.97677e-06 0.000180423 0.000715152 0.152386 5.78387e-06 2.95339e-05 0.0125905 0.0442629 0.0379568 0.00421804 0.0270274 1.44209e-06 
0.00027769 1.77082e-05 0.467314 0.000984057 0.00143915 0.000746199 0.000400468 8.74755e-06 0.279289 5.50541e-08 0.00723522 0.000361101 1.26318e-05 0.000924679 0.092951 2.41979e-05 2.86262e-06 0.00262677 0.000822199 0.138839 0.00309132 0.00263235 1.22886e-08 
2.3326e-08 0.000475529 0.782726 7.87614e-06 0.00754646 0.0140887 0.0351168 0.000152095 0.00111411 1.29006e-08 0.00178694 9.28511e-12 2.76867e-08 0.000851646 0.0395601 1.68496e-09 2.6708e-08 0.000188428 8.19789e-05 0.106827 0.00435474 0.00512157 2.05901e-09 
3.76424e-07 0.000114001 0.381718 0.020984 0.0309045 0.0299232 0.00119029 0.000194954 0.0305023 0.000155336 0.136532 3.01018e-06 1.88631e-05 0.00117736 0.21723 7.52411e-09 0.000124925 2.07093e-08 0.000511785 7.79985e-08 0.0863889 0.0623252 6.18626e-08 
0.000499766 0.00252121 0.584955 0.0108328 0.00840511 0.0271529 0.00494812 8.79536e-06 0.00993715 5.37039e-05 0.0129188 0.000108648 0.000476081 0.00752028 0.0546178 0.00013071 0.117842 0.00584157 0.0129045 0.0129267 0.0164715 0.10857 0.000356205 
5.62983e-05 0.000110896 0.651784 0.000168567 0.00130378 0.0160629 0.000767771 1.7245e-07 0.010199 1.50577e-07 0.0450101 1.46003e-06 9.35757e-08 0.000859009 0.203766 8.51787e-06 2.20906e-05 2.04079e-10 2.55761e-05 3.74402e-07 0.0618078 0.00804479 3.11696e-07 
3.66719e-05 0.00818226 0.401605 0.0172005 0.00961679 0.00611636 0.0326432 7.39818e-05 0.0383238 5.3364e-05 0.00124212 0.000289922 0.00113321 0.00454604 0.0608976 9.14246e-07 4.25199e-05 0.00237026 0.0571782 0.31547 0.00538348 0.037594 1.3428e-13 
0.00042654 0.0082231 0.28554 0.0757334 0.0310217 0.0589443 0.0129056 0.000130929 0.0168446 2.67167e-05 0.0203405 0.000228301 0.00332179 0.00194423 0.258009 3.12167e-06 2.57072e-06 0.0238644 0.0663363 0.00544935 0.0267303 0.103944 2.98137e-05 
1.76485e-06 0.0090751 0.213705 0.0768109 0.166203 0.0398325 0.00710577 0.00211786 0.130776 0.000203347 0.00812327 0.00119991 0.00671483 0.0333314 0.0973201 1.35555e-06 6.30226e-05 0.00176729 0.000681175 0.0733509 0.0201602 0.110347 0.00110767 
0.000490783 6.42424e-05 0.267305 0.115814 0.00196016 0.0119409 0.0182743 0.000655257 0.00985735 0.0575588 0.102542 2.42989e-07 0.00159863 4.01528e-05 0.122253 2.32068e-07 0.0348476 0.00141549 0.0784041 0.0247987 0.0824714 0.0673518 0.000355478 
0.000996526 0.00571349 0.422963 0.0973496 0.00876212 0.0246464 0.00370766 0.000162809 0.0555477 3.75572e-05 0.0125559 0.00132632 0.000791934 0.00344252 0.142746 3.76569e-05 0.000146598 0.0839203 0.00474814 0.023122 0.0331716 0.0740742 2.98555e-05 
1.35636e-05 1.05446e-05 0.59889 0.0442787 0.0667073 0.00596906 0.000200074 2.00486e-06 0.112566 3.1572e-09 1.70766e-05 7.82828e-07 0.00165086 0.000213906 0.0351966 5.42675e-07 2.95994e-05 0.0324295 3.92999e-05 0.0959607 0.00144766 0.00437687 3.70532e-10 
7.86615e-05 1.75472e-05 0.25711 0.00843468 0.0950968 0.012046 0.176596 4.58319e-11 0.0688298 9.59784e-06 0.0165139 0.00499769 0.000505269 0.000188056 0.146599 2.11561e-07 3.61638e-11 0.00520053 0.00126582 0.169643 0.0314042 0.0054639 2.39147e-11 
7.7741e-05 8.95381e-06 0.270708 0.0474478 0.0314233 0.107584 0.000834833 0.0107321 0.126196 0.010828 0.0270501 4.88723e-05 9.02381e-07 0.00167103 0.227768 8.83939e-07 7.94807e-06 0.0965106 0.000891102 0.00925907 0.0101248 0.0206248 0.000201125 
0.00254845 6.07781e-06 0.319953 0.0699801 0.0176144 0.0299967 0.00866016 7.57729e-05 0.0604507 8.47176e-06 0.00630277 4.27648e-05 0.000113033 0.000568034 0.313994 3.69369e-07 1.68892e-05 0.042414 0.0100601 0.0793898 0.0184104 0.0193903 4.1027e-06 
9.46438e-05 5.33651e-05 0.306476 0.185364 0.00727389 0.0651632 0.00452654 0.176601 0.0137705 1.2345e-05 0.0154002 4.25319e-07 3.31673e-08 0.0313989 0.125816 1.42283e-05 4.04194e-08 0.000595171 1.29884e-06 0.00815241 0.0112144 0.0479578 0.000114373 
1.81378e-05 0.000182021 0.699786 0.00970145 0.00127249 0.0014678 0.076266 1.54853e-05 0.021446 3.85002e-05 0.0154486 6.8154e-05 3.59658e-06 9.32614e-05 0.108459 0.000102172 0.0171899 0.00105643 0.0322077 0.00398318 0.00928103 0.00191397 1.38322e-09 
6.29649e-06 7.44637e-05 0.682576 0.0135302 0.0158135 0.0141856 0.000902758 0.000523403 0.141473 0.000211153 0.00508169 3.40917e-05 1.85608e-06 7.25033e-05 0.0267826 6.60117e-06 1.24363e-05 0.00494637 0.00132743 0.0433751 0.0176545 0.010128 0.0212806 
7.70211e-08 0.000724646 0.494414 0.0607004 0.00208134 0.0346773 0.024773 7.69003e-08 0.000763271 7.69822e-08 0.0280834 0.000431091 7.69737e-08 0.0022191 0.2571 9.24661e-05 0.000846464 0.00339845 0.0290565 0.0209511 0.0219231 0.0177631 7.7e-08 
0.000585419 8.1492e-05 0.264341 0.0161636 0.0397726 0.112818 0.00108384 3.42003e-06 0.0720738 3.761e-06 0.0705851 0.00239152 0.000261492 0.00037648 0.244773 0.000608279 0.00154524 0.000818432 0.0295515 0.00986886 0.0197175 0.112566 9.12253e-06 
1.73887e-05 0.0420575 0.802409 0.000949727 0.00535775 0.0126021 0.0281544 0.000494891 0.00115667 9.35444e-09 0.0025183 3.97658e-05 0.000940994 0.000299032 0.0226911 9.14477e-07 1.55633e-08 0.0106397 9.51011e-05 0.0560552 0.00774657 0.00577404 1.31336e-08 
4.69343e-05 9.82972e-05 0.328993 0.0841867 0.0193011 0.11053 0.00660795 0.000611355 0.0432371 0.000392142 0.0133131 0.000107819 7.78305e-05 0.00245449 0.222739 7.46368e-06 1.37295e-05 0.0150696 0.023473 0.00874006 0.0437491 0.0760877 0.000162117 
1.96008e-06 4.28305e-05 0.566419 0.0177331 0.00333272 0.00890757 0.000301935 5.60667e-05 0.169717 0.000352116 0.00154035 5.69355e-05 1.6895e-06 2.81252e-05 0.107118 1.03907e-05 6.10626e-05 0.00847095 0.00662426 0.0791357 0.0240695 0.006019 1.33422e-11 
0.00550914 0.000131679 0.375375 0.0158239 0.0222047 0.0479167 0.0556587 0.00178807 0.0690026 0.000917235 0.116546 5.19748e-06 9.9105e-05 0.000408913 0.0937244 0.000294758 0.0189047 0.0265273 0.00398554 0.00173954 0.130209 0.0132168 1.03308e-05 
0.000229215 1.38776e-05 0.731239 0.00792067 0.0311251 0.0195252 0.0196308 6.51871e-05 0.00130853 1.06744e-05 0.00165094 3.26038e-05 0.0011418 0.000777268 0.136496 3.85351e-08 0.00032949 0.000844329 0.000420438 0.0299808 0.00131568 0.0159383 3.79339e-06 
0.000355159 2.3645e-05 0.570043 0.0671547 0.0888899 0.131863 0.0013517 3.29721e-05 0.0123263 5.24012e-05 0.034553 2.81213e-06 4.74512e-06 0.00519963 0.0310451 1.57034e-06 7.72845e-05 0.0121911 1.24678e-05 0.00414518 0.0121554 0.0278312 0.000687322 
7.69012e-05 0.000604509 0.450436 0.0191673 0.00954053 0.0689145 0.00413214 0.000206653 0.219588 0.000724268 0.00777589 0.000164887 0.00137559 0.000601804 0.103886 4.63608e-07 5.85758e-05 0.0124531 0.0120398 0.0325479 0.00854972 0.0471419 1.34649e-05 
1.34314e-06 1.34052e-05 0.702274 0.0130616 0.0146542 0.00290484 0.0248802 8.04823e-07 0.0199892 1.93116e-06 0.00598118 0.00170531 1.61397e-05 0.000530348 0.179059 3.69876e-05 6.09103e-06 1.87294e-06 0.00640074 0.0165186 0.0062334 0.00572896 9.83455e-09 
1.13115e-11 3.43556e-12 0.916781 0.00436738 0.00131794 0.0306671 2.16339e-07 5.12865e-08 0.0200865 1.63637e-11 0.000823689 1.83774e-11 6.11563e-08 6.15069e-08 0.0091205 1.52315e-11 2.12876e-11 3.9228e-07 8.49736e-08 2.78444e-07 0.0168348 3.14672e-07 1.40773e-11 
0.000688524 1.78649e-05 0.543056 0.0550912 0.0100714 0.05137 0.00823375 9.72392e-05 0.0250292 2.59848e-06 0.00835525 0.00361082 2.69367e-06 6.20572e-05 0.195872 1.5375e-05 7.86814e-05 0.0221436 0.00120443 0.0422223 0.029227 0.00338706 0.000160684 
2.70815e-08 0.00380204 0.385998 0.0101731 0.0518911 0.0274779 0.00123576 0.00286749 0.171246 7.97267e-08 0.00141613 0.0047544 4.58691e-06 0.00507298 0.22545 2.33002e-08 9.67505e-06 0.00345841 0.000868659 0.0132904 0.0634159 0.0275666 3.63942e-11 
0.0021042 0.00373194 0.29786 0.0351233 0.0760704 0.0605102 0.0100715 0.000225621 0.16694 0.00148926 0.0191682 0.0010187 0.000292344 0.00727928 0.124993 2.07956e-05 0.000571546 0.0309613 0.00680383 0.0516317 0.0218824 0.0811932 5.76354e-05 
0.00120878 6.36202e-05 0.415847 0.0391428 0.0129451 0.230126 0.0195328 0.000385193 0.0120795 7.06717e-06 0.0192332 0.000317655 8.95969e-05 0.000526394 0.160695 1.93744e-05 9.22186e-05 0.00634113 0.0151868 0.0232126 0.0183077 0.0246354 5.02578e-06 
1.04677e-05 9.84061e-06 0.429304 0.140836 0.0118564 0.028451 0.0132148 0.000124442 0.0838858 1.66845e-05 0.00653714 0.000156179 0.000217897 0.000562719 0.168245 3.20392e-06 7.61089e-05 0.00295392 0.0497178 0.0237306 0.00900825 0.0310226 5.95107e-05 
0.00010533 0.00139121 0.419631 0.00619081 0.0106791 0.00186492 0.00199476 2.73701e-05 0.245013 6.75386e-05 0.00249446 8.17348e-05 0.00036427 0.00309354 0.0462417 1.49222e-05 7.59138e-07 0.0141834 0.00527998 0.0730591 0.0103828 0.157838 3.43146e-08 
3.3993e-05 1.06402e-05 0.843155 0.00762033 0.00316792 0.00703677 0.00636416 9.57864e-06 0.0406364 7.25481e-08 0.00136788 2.28536e-05 5.58628e-06 0.000960343 0.0577715 1.0404e-06 1.34563e-05 0.0002652 0.0020107 0.0217702 0.00516474 0.00261174 9.12116e-12 
0.00127124 7.75731e-06 0.254836 0.107519 0.0265117 0.101005 0.000851762 7.88176e-05 0.00330625 0.0101077 0.182889 0.000486518 1.40497e-05 2.11536e-05 0.0344096 0.00367779 5.75224e-08 0.0134645 0.000839533 0.00474873 0.0960241 0.157928 3.30161e-06 
4.1994e-06 0.000122811 0.779518 0.00416719 0.00409982 0.00997873 0.000205121 0.00284345 0.100884 0.000581804 0.00400833 2.2746e-05 1.56696e-05 0.000326929 0.0362362 1.79175e-05 4.84983e-05 0.00338733 0.0104225 0.0224545 0.0135488 0.0071057 4.98322e-12 
6.06861e-10 1.56535e-07 0.778348 2.74924e-07 1.69839e-10 0.00325335 4.0809e-07 4.8925e-07 0.0665174 8.77913e-10 1.3918e-10 9.85952e-10 9.37171e-10 2.80568e-08 0.00578857 8.17173e-10 1.14208e-09 0.0271605 8.76934e-08 0.093472 1.62571e-10 0.0254589 7.55248e-10 
1.38745e-06 3.93632e-06 0.879522 0.0146638 0.00315268 0.00433679 0.0137967 8.9782e-07 0.00805252 0.00013216 0.00723408 3.38338e-08 2.89027e-08 0.00112282 0.0516141 2.11623e-06 6.2223e-06 4.88652e-07 0.00317896 0.00284373 0.00402043 0.00631402 1.48429e-07 
0.00021018 5.06032e-05 0.403947 0.212247 0.0072469 0.196132 0.0315381 6.94416e-05 0.0220194 4.78845e-08 0.00342687 7.56966e-08 7.12044e-11 3.16643e-08 0.0740675 6.08445e-07 0.000175607 0.00141915 0.00306855 0.000391306 0.0346186 0.00937133 3.06538e-08 
0.000111433 0.00119182 0.295714 0.0284848 0.00570457 0.019909 0.0374072 1.85808e-05 0.101227 2.71026e-05 0.00162182 0.00503651 0.0100304 0.00150701 0.0595769 1.02258e-05 2.67491e-06 0.0213913 0.0279011 0.0899618 0.0274828 0.265611 7.12552e-05 
0.00110631 1.90873e-05 0.596275 2.95445e-08 1.34251e-08 0.0152158 0.000737113 1.04497e-10 0.000117745 1.40053e-07 0.304269 7.11813e-11 6.76595e-11 0.000304742 0.0755416 1.02189e-07 8.24533e-11 8.13101e-08 7.72581e-12 0.00369723 0.00157989 0.0010922 4.3634e-05 
0.019378 9.20624e-06 0.402943 0.358702 0.00591949 0.0876993 0.00111938 0.00489674 0.00108494 6.07771e-06 0.0185531 1.10082e-05 0.000315879 0.0292639 0.0392664 6.82629e-06 2.14218e-07 0.00995681 0.0059587 0.000290003 0.00123854 0.0133163 6.44347e-05 
5.11736e-08 5.89273e-05 0.548457 0.0232648 3.9733e-05 0.000246037 0.0747758 6.13647e-05 0.0096764 1.90662e-09 0.0765306 8.81788e-08 2.48229e-08 0.000126965 0.0522038 1.89017e-06 0.0357469 0.0584858 0.103835 0.000728223 0.0128656 0.00289467 2.43782e-08 
4.41091e-05 3.45621e-05 0.692455 0.00116084 0.00270788 0.0181044 2.73812e-05 6.06707e-06 0.0523615 1.7185e-06 0.000445944 3.80303e-07 1.1366e-05 0.000128754 0.109732 1.37011e-06 1.58806e-05 0.000421522 9.87933e-06 0.102333 0.000635331 0.0193611 7.91463e-12 
0.00415906 2.17781e-05 0.442158 0.0234504 0.0105876 0.0127056 0.00942205 1.91268e-05 0.0683104 4.03416e-05 0.0268191 0.0225024 7.22253e-05 0.0133385 0.243715 7.88881e-06 5.19185e-05 0.00227156 0.0534767 0.0387507 0.0120196 0.0160754 2.43962e-05 
0.000941717 0.0355735 0.230634 0.0356153 0.187276 0.1041 0.0260815 2.04656e-05 0.0214126 0.000534837 0.0122639 0.000759994 0.000556587 0.00252344 0.113368 0.000170032 0.000202629 0.00340572 0.0170635 0.0436182 0.105398 0.0584411 3.87181e-05 
1.88315e-05 3.92718e-07 0.354982 0.102889 0.0485431 0.209151 0.00252124 3.24682e-05 0.0365679 3.93327e-07 0.0518466 0.000115504 2.2609e-05 0.00163613 0.14072 6.60859e-05 3.92089e-08 0.0137322 0.000556087 0.00150556 0.0209293 0.00984738 0.00431577 
1.61754e-05 0.00223003 0.556858 0.019831 0.00370722 0.009973 0.0448022 6.90007e-05 0.0772719 6.73559e-06 0.00188891 0.00422831 0.00127381 0.00981564 0.0510225 1.11183e-06 0.00142369 0.00239105 0.00499287 0.141094 0.0185485 0.0485284 2.49835e-05 
7.53802e-06 4.48514e-06 0.880837 0.00297004 0.00872424 0.0210797 0.00126353 1.68639e-06 0.00176571 3.98463e-05 0.00120299 8.82075e-09 1.00459e-05 0.000635486 0.0294189 2.45022e-06 3.80919e-06 2.82339e-05 0.000707788 0.0351179 0.000166198 0.0160125 2.64571e-11 
0.000869 0.000550821 0.30229 0.0320294 0.0399889 0.136604 0.00469809 0.00166334 0.119314 0.000246784 0.0106498 0.00070355 0.000199147 0.00293747 0.213532 3.0534e-05 0.000208481 0.0196376 0.0079366 0.0294249 0.0197065 0.0550124 0.00176775 
0.000120388 6.16615e-05 0.578296 0.0273753 0.010529 0.0233882 0.0115148 0.000227542 0.0716797 0.000715544 0.00947395 9.94268e-05 0.000311888 0.00376817 0.194581 2.16074e-05 0.000188079 0.00252791 0.0165376 0.0245139 0.0116257 0.0122867 0.000156268 
0.000288578 4.22162e-05 0.374732 0.00890625 0.00267535 0.030645 0.000354446 1.961e-05 0.0629649 2.82953e-06 0.00733537 0.00019361 2.99038e-08 0.00252012 0.255755 3.2021e-06 0.000190194 0.0384012 0.00568729 0.157804 0.00322034 0.047967 0.00029148 
9.20952e-06 0.000140597 0.7049 0.00719103 0.0294132 0.0477903 0.000469691 3.08706e-05 0.0179109 2.04491e-06 0.00577398 5.01276e-05 0.000187015 0.00591486 0.0515729 8.22232e-07 8.22114e-06 0.00204505 0.00221409 0.0401103 0.00102411 0.0825208 0.000719696 
0.00515356 0.000322811 0.213288 0.136554 0.0554777 0.0829963 0.0103732 0.00188197 0.00980324 0.000607702 0.0697194 0.00270054 0.00190705 0.00805202 0.068058 2.38713e-07 6.96811e-05 0.0116322 0.0484484 0.187185 0.0284366 0.057332 3.86728e-07 
1.34547e-05 0.00194826 0.586581 0.00846371 0.00876749 0.0106637 0.00934087 4.74808e-05 0.00787359 3.34906e-05 0.00887216 0.00409048 0.00126698 0.001505 0.087425 3.52792e-06 0.000113388 0.00061499 0.0161974 0.211265 0.0207324 0.0141798 3.59666e-07 
0.000835558 5.43139e-06 0.582233 0.00875247 0.00129409 0.00515889 0.00582861 1.66988e-05 0.00524093 9.79054e-08 0.00189093 1.6443e-06 4.47565e-05 0.000943134 0.321109 9.79892e-06 4.52919e-05 0.00109831 0.002943 0.0434558 0.0063624 0.0127301 3.79624e-07 
6.34154e-05 1.98488e-05 0.834825 0.00779461 0.00285325 0.00206872 0.0098385 1.31531e-05 0.0409312 1.24777e-07 0.00152139 4.26061e-05 5.43275e-06 0.00159003 0.0543122 1.93265e-06 2.50868e-05 0.000171577 0.00273343 0.0360245 0.00222794 0.00293653 4.06857e-12 
0.00316643 6.62609e-05 0.3267 0.112367 0.0259388 0.134223 0.00892038 1.18182e-05 0.0266783 0.000283551 0.0157456 0.000449066 1.48248e-05 0.000730661 0.134613 1.21244e-05 0.000497478 0.00604107 0.00356801 0.0662875 0.0916563 0.0420276 1.34767e-06 
2.66836e-05 0.000603972 0.392263 0.0441065 0.00862806 0.0172008 0.000471261 3.99463e-05 0.0149968 1.36392e-05 0.0117596 6.52764e-06 8.4444e-06 0.00536493 0.101061 1.36233e-05 8.22384e-05 0.000462425 0.00018078 0.336705 0.0278578 0.038147 7.95281e-07 
1.78718e-05 6.70681e-08 0.686454 8.38268e-07 0.000843078 2.72738e-06 0.135085 0.000315873 1.08466e-07 2.62083e-10 0.051014 2.71287e-06 7.90809e-09 0.0144083 0.0908407 2.4395e-10 5.86002e-07 9.87843e-11 3.49903e-07 7.76249e-07 0.00750053 0.0135119 2.25464e-10 
7.37947e-06 1.65289e-05 0.611047 0.0152929 0.0150938 0.0260322 0.00250124 0.000845501 0.13269 0.000525828 0.00676615 6.95242e-07 3.60623e-07 8.82963e-05 0.0750522 9.61458e-05 0.0120007 0.0169755 0.00796522 0.00292855 0.068345 0.00564275 8.64372e-05 
0.000640068 3.23663e-06 0.450546 0.00529043 0.0407953 0.177834 0.000466345 1.20529e-05 0.0130243 2.98536e-05 0.00050137 0.00714405 0.00471227 2.95283e-05 0.0934558 4.77404e-06 5.12495e-07 0.00383942 0.0570696 0.0116642 0.0702959 0.0626002 4.11752e-05 
0.00168571 5.67071e-06 0.466214 0.00377041 0.00193756 0.0174443 0.00142091 4.96806e-09 0.373349 4.77934e-08 0.00220165 1.49879e-05 2.85797e-06 1.16197e-05 0.018957 1.99105e-06 0.000222785 0.00791746 0.0128308 0.0439213 0.00298827 0.0450964 4.46012e-06 
7.20067e-05 0.000324907 0.394989 0.0931535 0.0443018 0.0551879 0.0108214 0.000100025 0.101576 0.000351938 0.0195705 5.68237e-05 0.000164618 5.22984e-05 0.0251413 1.27919e-06 4.96558e-06 0.028282 0.00719831 0.102598 0.0412183 0.0189927 0.0558398 
0.0795063 0.000484183 0.54229 0.00805402 0.00252814 0.00884867 0.00339338 6.54781e-06 0.0190888 4.63187e-08 0.00739381 0.000499376 3.04552e-06 0.000444689 0.0641306 6.96345e-06 0.000136607 0.00145859 0.00260213 0.231284 0.00736084 0.0204793 2.34526e-08 
0.00125182 1.52067e-05 0.63755 0.00913568 0.00410529 0.00268114 0.00113652 5.26401e-05 0.0446205 1.72231e-06 0.00123122 4.05424e-07 1.51684e-08 0.0181943 0.236444 1.45092e-07 6.43517e-07 0.000653778 0.0166775 0.00119223 0.0227443 0.00230718 3.71466e-06 
1.01849e-05 2.39269e-05 0.879319 0.0131032 0.0020425 0.000735786 0.0162842 2.85205e-06 0.00429089 2.73063e-05 0.000375308 6.16973e-05 1.5435e-06 0.000182508 0.0204272 1.95689e-06 9.64114e-06 1.16927e-06 0.0418963 0.0154254 0.00492678 0.000850778 1.16248e-12 
0.000993044 6.00463e-05 0.276652 0.119153 0.00957963 0.139251 0.0088782 2.89718e-05 0.0881564 0.000110567 0.0187743 0.000786004 0.000635378 0.00259591 0.226895 0.000111926 4.02323e-05 0.0248525 0.000506112 0.0300408 0.0231559 0.0285629 0.000180654 
0.000438197 0.000791314 0.240794 0.155121 0.0201013 0.0113422 0.114754 0.000598816 0.00220755 0.00095177 0.0253357 0.000313133 0.000281358 0.001675 0.195968 5.141e-05 0.00072632 2.44914e-08 0.192789 0.00386587 0.0208513 0.0110434 2.44722e-08 
0.000394324 1.60811e-05 0.322018 0.0165151 0.00511265 0.0168616 0.00337935 2.58399e-05 0.0913542 0.000320592 0.00927662 0.000213237 1.28463e-05 0.000459316 0.192117 8.59136e-05 4.29714e-05 0.00839485 0.0188162 0.293024 0.00622931 0.0153245 5.54679e-06 
4.95594e-05 7.94264e-08 0.513729 0.00272776 0.120595 0.198639 3.30779e-08 0.000385089 0.0705441 0.0199091 6.71281e-05 5.58259e-07 0.000118945 0.000451977 0.0246595 2.69342e-06 7.30641e-08 0.0057972 0.000106795 0.0109919 0.00191118 0.0293138 8.83166e-11 
9.28052e-05 0.000226055 0.417664 0.0210664 0.00234021 0.0401526 0.00411503 1.57259e-05 0.00149885 2.14373e-12 0.00282137 4.88044e-05 7.66633e-06 0.00158477 0.158673 2.96444e-10 0.000350512 0.000273592 0.000208927 0.326531 0.0027663 0.0195624 1.8442e-12 
0.00150661 0.00506515 0.357084 0.163973 0.0268158 0.0701864 0.00986483 0.000269103 0.0221693 0.000662888 0.0281582 0.00164135 0.00108457 0.00284005 0.15397 0.00036554 0.00167757 0.0315518 0.0203966 0.0471311 0.0183237 0.0346649 0.000598061 
0.000905761 0.00582043 0.224401 0.0360996 0.0257256 0.041342 0.010923 0.000270762 0.0298403 0.000336709 0.0234259 0.000207102 0.000800086 0.0113417 0.210592 0.000259985 0.00214372 0.00160491 0.0226416 0.0227083 0.118896 0.209285 0.000428877 
0.00101118 0.00302964 0.244013 0.0737979 0.0348542 0.104987 0.00886104 0.000420124 0.216972 0.00174914 0.0142292 0.00206778 0.000995455 0.00425682 0.133812 0.000246739 0.0003529 0.0358137 0.0174694 0.0316858 0.0358039 0.033301 0.000270448 
0.000287318 9.55295e-07 0.485395 0.0209267 0.0790061 0.143702 9.55249e-07 9.53046e-07 0.00812186 9.54061e-07 0.0343944 0.00372105 9.53956e-07 9.54894e-07 0.0917321 9.54171e-07 9.53592e-07 0.0136579 9.55433e-07 0.0283734 0.0256995 0.0649734 9.54282e-07 
0.000126641 8.09066e-05 0.422664 0.0407883 0.0638308 0.176476 0.0034821 3.0691e-05 0.0276113 0.00029926 0.0384629 3.16419e-05 2.06951e-05 0.00262673 0.0606943 2.53222e-05 2.65201e-05 0.0146279 0.0016438 0.0551475 0.0420485 0.0486905 0.000563032 
2.2381e-06 0.000278704 0.188061 0.0600558 0.0679098 0.0191351 0.00381977 0.00051538 0.118935 0.000361133 0.158154 0.000572377 7.28813e-06 0.0023717 0.181898 0.00959338 0.000170131 0.00590513 0.000555571 0.0158584 0.0386429 0.115783 0.0114143 
0.000270061 8.33347e-05 0.371855 0.0321022 0.00265213 0.0317971 0.0293914 5.63694e-05 0.0173458 9.59202e-05 0.0401195 0.000588424 6.99726e-05 0.00051589 0.34639 1.16372e-05 0.000237975 0.00734062 0.031212 0.0605781 0.0039587 0.0233281 4.11689e-07 
3.08639e-05 1.68511e-05 0.597718 0.0101017 0.000966028 0.0106567 0.0266723 1.75725e-05 0.0126694 1.07758e-09 0.0413384 9.76803e-05 1.97945e-08 9.46374e-05 0.175491 7.01189e-06 0.0148244 0.0296328 0.0307604 0.0348973 0.00666621 0.00733097 9.70259e-06 
5.12058e-05 0.00499691 0.513997 0.0176425 0.014378 0.0103079 0.0290972 4.16338e-05 0.069373 1.75355e-05 0.00510194 0.00182351 0.000886608 0.0235328 0.0458173 2.75449e-06 8.91602e-05 0.00709354 0.0124595 0.210014 0.00946576 0.0238096 6.36166e-07 
8.46359e-05 2.55475e-05 0.770497 0.0117772 0.0100704 0.00611796 0.019004 0.000255292 0.0724125 2.41268e-07 0.000845761 1.57786e-05 1.60491e-06 0.00012384 0.0841663 2.40269e-06 0.000150878 0.000480489 0.00336844 0.0069838 0.011402 0.00221363 9.15493e-08 
1.83513e-05 9.30552e-06 0.783107 0.0018297 0.00379048 0.00490495 0.00100863 1.31978e-05 0.00520972 1.7002e-06 0.000671785 5.52556e-05 1.09937e-05 0.000138369 0.0848589 3.23464e-07 1.29554e-06 0.000289073 0.00316151 0.0804046 0.027685 0.00282617 3.44124e-06 
1.13692e-06 1.13782e-06 0.449646 0.0100162 0.0781713 0.092294 1.13776e-06 1.13514e-06 0.014453 1.13635e-06 1.13791e-06 0.000114748 0.00306893 0.00170714 0.231263 1.13648e-06 1.13579e-06 1.1375e-06 1.13798e-06 0.0851103 1.13786e-06 0.0341422 1.13661e-06 
4.0601e-05 5.08068e-06 0.338374 0.116097 0.0026945 0.122035 0.0017029 1.17168e-05 0.0103737 1.90899e-08 0.000417594 9.60415e-05 0.000850232 1.94627e-05 0.13576 4.23666e-05 3.24866e-05 0.0541257 0.0013483 0.101433 0.0879025 0.0266368 2.03903e-10 
1.01849e-05 2.39269e-05 0.879319 0.0131032 0.0020425 0.000735786 0.0162842 2.85205e-06 0.00429089 2.73063e-05 0.000375308 6.16973e-05 1.5435e-06 0.000182508 0.0204272 1.95689e-06 9.64114e-06 1.16927e-06 0.0418963 0.0154254 0.00492678 0.000850778 1.16248e-12 
7.1897e-05 0.00895801 0.458581 0.0262022 0.0444482 0.0228165 0.0148307 9.24771e-05 0.00965564 5.54589e-06 0.0266482 0.000426045 0.000154664 0.00509982 0.148268 1.41001e-05 0.000130026 0.00296398 0.00938088 0.04313 0.0154257 0.162638 5.86654e-05 
1.60099e-05 2.44884e-05 0.770657 0.0389195 0.00727409 0.00314703 0.0163226 1.12855e-05 0.00966265 0.000447884 0.00140647 0.000191591 0.00140587 0.000714609 0.0228294 1.46489e-06 6.58691e-06 0.00181969 0.0538576 0.0275369 0.037112 0.0066354 1.44801e-12 
9.39554e-06 0.000173609 0.767279 0.00318349 0.00260705 0.00726285 0.0182431 0.00214427 0.0753039 0.000244153 0.00890493 5.11219e-07 1.31759e-05 0.0002446 0.0596627 0.000425539 0.0089387 0.0076083 0.0033033 0.00246853 0.0194597 0.0125072 1.19842e-05 
2.31786e-05 4.86842e-05 0.817159 0.00203503 0.00181191 0.00123319 0.000712242 6.18196e-09 0.00607287 5.94378e-08 0.00192504 3.6052e-05 4.26725e-06 3.10641e-05 0.0458579 2.30662e-07 1.13942e-06 0.000396951 0.00406085 0.110663 0.00335382 0.00457396 1.07179e-11 
