2.08611e-08 1.9238e-05 0.825306 0.00374326 2.16299e-08 1.78632e-05 0.000285747 7.92975e-05 0.0558849 2.00107e-06 0.0210717 2.09142e-07 1.33367e-08 0.000284539 0.0758385 3.09422e-06 0.000279674 1.12639e-07 0.0021634 0.00148456 0.0120926 0.00144323 8.34633e-12 
0.000438197 0.000791314 0.240794 0.155121 0.0201013 0.0113422 0.114754 0.000598816 0.00220755 0.00095177 0.0253357 0.000313133 0.000281358 0.001675 0.195968 5.141e-05 0.00072632 2.44914e-08 0.192789 0.00386587 0.0208513 0.0110434 2.44722e-08 
8.60632e-13 8.35753e-06 0.537455 0.00201772 0.000175599 0.0198832 9.65369e-08 4.1074e-09 0.000100303 1.24503e-12 0.00748553 7.83161e-09 1.32907e-12 0.000365566 0.390705 1.39183e-09 1.7818e-08 2.06957e-08 5.71994e-08 0.00223625 0.0349028 0.00466427 1.07107e-12 
7.08369e-05 2.83413e-08 0.24984 0.000488839 0.0720176 0.0445363 0.00272775 6.56332e-05 0.222473 0.0601668 0.00112607 8.36493e-05 0.000469305 0.000244245 0.0594764 2.70269e-08 5.13099e-05 0.0891746 0.0184773 0.0397452 0.0199964 0.118133 0.00063584 
5.08639e-06 0.0013818 0.804552 0.00813204 0.000255177 0.00282579 0.000547976 8.28108e-06 0.000581655 1.1336e-05 0.074297 3.63352e-05 2.15379e-06 7.43303e-05 0.0987362 2.15623e-06 4.11012e-05 6.51828e-11 0.000740725 0.000111803 0.00733047 0.00032678 1.48772e-10 
5.43547e-08 8.75328e-09 0.536043 0.068961 0.0465183 0.167933 0.00313086 2.74653e-05 0.00223008 1.12714e-08 0.00497552 1.39654e-07 2.3604e-05 2.98071e-05 0.112767 1.08279e-11 1.80037e-08 0.0226203 4.30959e-05 0.00149289 0.00283344 0.0303697 1.45887e-06 
3.38693e-10 0.000166865 0.434626 0.0230665 3.28111e-05 0.00641832 0.000237818 3.77852e-07 1.20065e-07 4.76933e-07 4.08686e-07 1.04514e-06 5.23041e-10 3.38446e-06 0.0344488 4.5607e-10 6.18785e-08 0.428735 1.23809e-06 0.0656986 0.00656175 2.18776e-07 6.72611e-07 
6.35263e-05 5.78303e-05 0.255869 0.101269 0.0192111 0.054963 0.0227387 0.000130387 0.0349171 5.04168e-05 0.21708 0.000516755 4.4216e-05 0.0011109 0.137588 4.04328e-05 7.77583e-05 0.0309714 0.00664642 0.0631358 0.0259402 0.026961 0.000617774 
0.00313783 4.07673e-05 0.33718 0.0244113 0.0014845 0.0208146 0.0431752 2.21886e-05 0.202216 7.04485e-06 0.0850767 0.00248337 0.00123585 0.00309838 0.19391 7.47668e-05 7.9529e-05 0.00725018 0.00270087 0.0284141 0.00650907 0.0366523 2.44246e-05 
3.85829e-11 3.6054e-06 0.417457 0.032684 0.00269294 0.0186826 0.00340697 1.25621e-05 0.00496378 4.77207e-08 0.00160463 1.5008e-05 9.61477e-06 5.45359e-05 0.355474 5.86318e-07 2.09924e-05 0.12071 0.00608578 0.000509295 0.0193461 0.016266 1.17771e-07 
3.3993e-05 1.06402e-05 0.843155 0.00762033 0.00316792 0.00703677 0.00636416 9.57864e-06 0.0406364 7.25481e-08 0.00136788 2.28536e-05 5.58628e-06 0.000960343 0.0577715 1.0404e-06 1.34563e-05 0.0002652 0.0020107 0.0217702 0.00516474 0.00261174 9.12116e-12 
0.000523882 2.64275e-05 0.47106 0.028813 0.015986 0.0159947 0.0101454 3.85949e-05 0.00527231 0.0005764 0.0315105 0.000129931 8.74496e-05 0.00291053 0.287577 2.31469e-06 0.000284691 0.00389165 0.0192468 0.0550573 0.0134136 0.0374338 1.80214e-05 
1.05416e-06 0.00559252 0.180865 0.0350348 0.018042 1.05517e-06 0.000739514 1.05251e-06 0.135372 0.00052787 0.103716 1.05342e-06 1.05351e-06 0.0432375 0.0250106 0.00548056 0.017588 0.0181419 0.010658 0.114047 0.123229 0.162712 1.05387e-06 
9.15112e-05 2.00964e-05 0.421026 0.0218372 0.195201 0.0170845 0.0082837 2.02312e-05 0.0908293 0.00019862 0.00312126 0.000135917 0.00190454 0.00129777 0.0406389 1.41113e-05 5.51399e-06 0.0111689 0.00405346 0.0794051 0.00532547 0.0983367 1.39747e-10 
0.000151924 0.0759803 0.484627 0.0067324 0.0149379 0.128436 0.000832503 3.4938e-06 0.00355557 6.50228e-07 0.00221093 1.33462e-05 2.23894e-06 0.000179093 0.170168 1.56827e-05 2.92853e-06 0.000618744 0.000108046 0.0321068 0.00545637 0.0738127 4.7471e-05 
2.72507e-05 0.00126734 0.539274 0.0205888 0.002876 0.00660026 0.0574905 2.38432e-05 0.016589 3.73951e-05 0.0137205 0.000525123 0.000179625 0.000914841 0.185368 4.87129e-05 0.0243487 0.00291915 0.0293701 0.075151 0.0136445 0.00902476 1.09382e-05 
1.01849e-05 2.39269e-05 0.879319 0.0131032 0.0020425 0.000735786 0.0162842 2.85205e-06 0.00429089 2.73063e-05 0.000375308 6.16973e-05 1.5435e-06 0.000182508 0.0204272 1.95689e-06 9.64114e-06 1.16927e-06 0.0418963 0.0154254 0.00492678 0.000850778 1.16248e-12 
1.64298e-05 5.50154e-06 0.674316 0.103666 0.000448845 0.0283211 0.0153129 0.000129087 0.000203661 1.49942e-06 0.00371137 0.000894054 0.000251436 0.00107606 0.148581 7.01584e-07 7.67477e-05 0.000161524 0.00296676 0.0019255 0.00435106 0.0135822 9.40202e-09 
1.34394e-06 4.10869e-06 0.856209 0.00759901 0.00932095 0.00224944 0.0128768 8.07406e-07 0.0120309 1.19706e-08 0.000372523 1.30979e-05 3.78081e-09 0.000133119 0.0797019 4.71654e-07 6.09352e-06 6.49263e-07 0.00332272 0.010909 0.00396017 0.00128769 1.27437e-08 
0.000526266 7.96388e-05 0.785454 0.0143279 0.00298026 0.0180659 0.00307061 4.03726e-06 0.0187464 4.21101e-07 0.0107236 2.23426e-05 0.000335806 0.000175196 0.0853557 5.73223e-06 0.000910634 0.00062165 0.00258863 0.0535296 0.000463594 0.00201178 1.14301e-09 
3.69474e-06 7.35027e-05 0.681137 0.00737793 0.000729941 0.0098837 0.00973811 1.10046e-06 0.00153295 9.89537e-06 0.000134371 0.000106474 5.8676e-07 6.53932e-05 0.0128041 7.27362e-07 3.55136e-06 0.000622979 0.0149652 0.243933 0.0024631 0.0144128 4.42596e-11 
3.28882e-07 1.17569e-08 0.318027 0.165271 0.00346474 0.0633657 0.00291907 1.01452e-07 0.16675 3.16993e-10 0.0105822 3.76103e-08 3.38389e-10 0.000200731 0.238136 4.76138e-06 2.40533e-06 0.00154752 0.000186179 0.0154812 0.00146595 0.0125953 5.82034e-08 
0.000245054 0.00277863 0.261361 0.0372774 0.0287844 0.0598673 0.00756504 0.000181264 0.046099 0.000361187 0.0165161 0.00335569 0.0805351 0.00962245 0.176227 0.00195003 0.00228172 0.00696573 0.00767936 0.145955 0.0117875 0.0925506 5.28421e-05 
0.00452809 0.000266144 0.394814 0.00699008 0.0256995 0.0130235 0.000101339 1.96917e-05 0.0206787 0.000268835 0.00885743 0.375729 0.000229791 0.00158463 0.0596611 2.05985e-07 3.89574e-05 0.0316405 0.00385683 0.0366092 0.00370386 0.0116986 9.74768e-09 
5.08365e-05 1.91738e-05 0.724853 0.00556908 0.00906485 0.00659198 0.00406055 1.16364e-05 0.0402903 1.16339e-07 0.00223177 5.44638e-05 5.42037e-06 0.00167437 0.144994 9.77609e-07 2.31444e-05 0.000261452 0.00376535 0.0485457 0.00248616 0.00544535 5.35484e-09 
3.26639e-05 1.64923e-05 0.496704 0.0233508 0.00551639 0.00327403 0.0225593 1.00131e-05 0.0250347 1.55646e-05 0.00212396 3.41809e-05 0.000513496 0.00075053 0.314087 9.06166e-07 1.6008e-05 0.000386651 0.0317904 0.0306656 0.00400529 0.0391118 4.01022e-07 
2.39037e-09 2.07726e-08 0.683659 0.0173976 0.0648443 0.0685643 0.000122721 0.000154917 0.0225656 0.00058754 0.0058658 0.000269956 5.79915e-09 0.000206575 0.0293966 1.11056e-08 4.65196e-08 0.0145108 6.00398e-05 0.0421279 0.0234978 0.0261686 1.45713e-11 
0.00921029 0.000343989 0.288189 0.00771828 0.0186383 0.0659304 0.0290061 4.18786e-07 0.000398367 0.0141653 0.193774 0.000322883 0.000439883 0.0118349 0.162168 5.51589e-10 7.70903e-10 5.82274e-07 0.00834668 0.08832 0.0839424 0.0172495 5.18646e-07 
4.90837e-05 0.00210102 0.317383 0.0677753 0.00556232 0.0188345 0.0123077 0.00602608 0.0746094 1.24682e-05 0.052941 0.0012687 0.000117052 0.000780478 0.29806 0.00057185 1.27614e-05 0.0345254 0.013924 0.0260543 0.0533297 0.013753 1.28956e-06 
0.000307203 1.89519e-05 0.483326 0.0637348 0.00675275 0.0807248 0.0405398 1.73233e-05 0.0463944 1.33339e-05 0.0101796 8.2795e-05 1.79277e-05 0.000223372 0.160314 4.08571e-09 6.30092e-06 0.0138318 0.0164772 0.0200964 0.016446 0.0404954 5.73863e-08 
0.000793334 2.08235e-05 0.480562 0.0340772 0.0348971 0.089775 0.00392134 8.82697e-05 0.0213751 1.37515e-05 0.0234948 0.000308793 3.29873e-06 5.63103e-05 0.234848 4.40663e-06 2.31133e-05 0.0375928 0.000299757 0.00572223 0.00258565 0.0294337 0.000102703 
6.34154e-05 1.98488e-05 0.834825 0.00779461 0.00285325 0.00206872 0.0098385 1.31531e-05 0.0409312 1.24777e-07 0.00152139 4.26061e-05 5.43275e-06 0.00159003 0.0543122 1.93265e-06 2.50868e-05 0.000171577 0.00273343 0.0360245 0.00222794 0.00293653 4.06857e-12 
2.63039e-05 0.000799175 0.39891 0.133321 0.0774044 0.21095 0.0140341 3.25973e-05 0.00566439 1.22762e-05 0.010473 0.000453459 0.00432315 0.00050018 0.0388422 1.04276e-06 4.34822e-06 0.0616445 0.000246658 0.00717504 0.00675287 0.028429 1.11133e-08 
0.000157643 0.000172717 0.371856 0.0707642 0.0458074 0.0881542 0.0118038 0.00252892 0.0233233 0.00112493 0.0371666 8.05038e-05 5.53088e-05 0.00573223 0.17926 1.8065e-06 0.000642301 0.015963 0.0152493 0.0341408 0.0751445 0.0207997 7.15591e-05 
4.41755e-05 0.00031161 0.469199 8.54511e-05 0.0971521 0.0457852 0.0248608 7.60562e-05 0.00803646 1.9244e-05 0.00155366 1.26604e-07 0.000506535 0.000837957 0.0787017 9.00171e-10 1.42481e-08 0.00196143 0.000178222 0.10006 0.00383741 0.166793 1.34128e-09 
0.000184237 0.00806251 0.618644 0.0269612 0.00597583 0.0103156 0.0286365 0.000284715 0.0570186 7.52518e-05 0.00834588 0.00351928 0.000543812 0.00460491 0.0659172 6.42536e-06 0.00245734 0.00227707 0.0240306 0.0757972 0.0283286 0.0279718 4.11159e-05 
2.3326e-08 0.000475529 0.782726 7.87614e-06 0.00754646 0.0140887 0.0351168 0.000152095 0.00111411 1.29006e-08 0.00178694 9.28511e-12 2.76867e-08 0.000851646 0.0395601 1.68496e-09 2.6708e-08 0.000188428 8.19789e-05 0.106827 0.00435474 0.00512157 2.05901e-09 
6.34154e-05 1.98488e-05 0.834825 0.00779461 0.00285325 0.00206872 0.0098385 1.31531e-05 0.0409312 1.24777e-07 0.00152139 4.26061e-05 5.43275e-06 0.00159003 0.0543122 1.93265e-06 2.50868e-05 0.000171577 0.00273343 0.0360245 0.00222794 0.00293653 4.06857e-12 
0.000270406 0.0159333 0.238997 0.00904237 0.0141098 0.0259618 0.000212113 5.53763e-06 0.212061 3.1546e-05 0.0133177 0.000148888 0.00047606 0.0021473 0.146094 9.33938e-05 0.000155109 0.00942508 0.0118631 0.139132 0.0422141 0.118306 1.54564e-06 
3.34262e-06 2.27149e-05 0.83345 0.0101514 0.0094688 0.0053795 0.0181471 2.81613e-06 0.00276901 1.2479e-06 0.00154102 6.17139e-07 1.55614e-06 0.000617512 0.0845031 1.29369e-07 1.27445e-05 8.15595e-05 0.00975003 0.011401 0.0103924 0.00229384 8.35954e-06 
9.71904e-06 0.000105112 0.475819 0.0409015 0.000959127 0.00372424 0.0748063 2.56694e-05 0.0146288 2.06299e-05 0.0317258 3.65219e-05 7.44755e-06 0.000245213 0.19437 5.47434e-05 0.0183087 0.000592661 0.111868 0.00795951 0.0181885 0.00564222 2.94288e-07 
0.000942373 5.08463e-08 0.226816 0.194567 0.0491347 0.0656845 0.0049153 3.59775e-10 2.49386e-05 4.91742e-07 0.0287574 9.06576e-05 8.08122e-07 0.0010794 0.17949 2.0312e-10 0.0022366 1.37625e-05 0.000116772 0.0220787 0.210966 0.013084 2.5188e-07 
5.75284e-05 0.000221723 0.480144 0.0276577 0.0015104 0.01667 0.031556 0.0223422 0.00365181 1.51748e-05 0.067029 0.000316117 0.00181861 0.0049113 0.195446 1.37084e-05 0.000589837 4.70504e-05 0.0067978 0.101383 0.0165819 0.0212372 7.13731e-07 
0.00045712 2.11874e-06 0.342483 0.193152 0.0330447 0.0718225 0.00880172 6.75053e-05 0.00340804 3.72748e-08 0.0157906 0.00128759 0.00192391 0.0128694 0.114648 6.28009e-08 4.65261e-05 0.0690713 0.0210215 0.0115582 0.0175798 0.0807846 0.000179149 
1.993e-05 0.0011537 0.844255 0.0202946 0.00145407 0.0446698 0.00190696 1.62093e-05 0.00628575 3.24206e-06 0.0445794 1.47085e-05 0.000549932 0.000430991 0.0109009 7.54845e-06 5.6524e-06 0.0132052 0.00263566 0.00103166 0.00384776 0.00273028 7.58072e-07 
1.04677e-05 9.84061e-06 0.429304 0.140836 0.0118564 0.028451 0.0132148 0.000124442 0.0838858 1.66845e-05 0.00653714 0.000156179 0.000217897 0.000562719 0.168245 3.20392e-06 7.61089e-05 0.00295392 0.0497178 0.0237306 0.00900825 0.0310226 5.95107e-05 
2.59561e-06 6.00599e-06 0.676248 0.0109921 0.0108743 0.134767 0.00118878 5.50457e-05 0.027923 7.82512e-07 0.00109453 0.000117182 1.55023e-05 4.285e-06 0.0197808 6.35861e-08 7.97346e-07 0.0316158 0.000419536 0.0238624 0.042947 0.018083 1.18247e-06 
8.12168e-05 2.57624e-05 0.747626 0.0023902 0.00453926 0.0110652 0.000930346 6.06071e-06 0.0675216 2.01261e-07 0.000391483 1.80657e-05 8.52815e-06 0.000170982 0.0786822 4.17586e-06 7.11654e-05 0.00138592 0.00245101 0.0688298 0.00567293 0.00812776 1.74024e-08 
0.00028722 3.89647e-05 0.322993 0.0182568 0.182077 0.0629992 0.00430264 8.22947e-08 0.20801 0.000296257 0.0117274 0.000525838 2.34814e-06 6.24231e-06 0.143094 2.32875e-06 6.78074e-08 0.00355305 0.00163738 0.0134983 0.00412342 0.0225685 8.55785e-08 
0.000156667 0.00446494 0.588603 0.0420219 0.0115261 0.0118901 0.0665951 6.33032e-05 0.00991242 4.53821e-06 0.00980769 0.000166391 0.000437687 0.000784928 0.0227857 5.8817e-07 2.72289e-06 0.00446518 0.128175 0.0403646 0.0542297 0.00353922 2.6571e-06 
0.00152504 0.000117039 0.509769 0.068631 0.0322877 0.0431976 0.00413813 1.1946e-05 0.00947667 0.000169223 0.0152143 0.00100599 1.04899e-05 0.0068423 0.1365 2.09015e-06 2.32664e-05 0.00802099 0.0487717 0.0502782 0.0159205 0.0480164 7.05819e-05 
3.30444e-06 0.0144435 0.249164 0.00599881 0.122698 0.00420271 0.00283587 4.61057e-05 0.145857 5.92657e-05 0.0522752 0.00220449 0.00230712 0.00355749 0.129874 0.048067 0.00138746 0.0293567 0.00316964 0.110331 0.0234157 0.0487434 2.68002e-06 
0.00024491 6.71468e-05 0.536378 0.02197 0.0243475 0.0986501 0.0029083 1.03562e-05 0.00609893 9.76002e-05 0.033388 0.000141336 0.000979335 0.00270978 0.108824 2.81123e-07 8.46468e-06 0.023496 0.000666862 0.00767057 0.0935903 0.0377213 3.04741e-05 
6.34154e-05 1.98488e-05 0.834825 0.00779461 0.00285325 0.00206872 0.0098385 1.31531e-05 0.0409312 1.24777e-07 0.00152139 4.26061e-05 5.43275e-06 0.00159003 0.0543122 1.93265e-06 2.50868e-05 0.000171577 0.00273343 0.0360245 0.00222794 0.00293653 4.06857e-12 
8.19684e-05 0.186975 0.346104 0.0154239 0.00444492 0.00452284 0.0231928 6.32006e-05 0.00345648 1.73254e-08 0.0409149 0.000835028 2.84573e-06 0.196106 0.0703556 1.37152e-05 6.447e-06 0.00129229 0.00137565 0.0157177 0.00598012 0.0831335 9.45927e-07 
9.70545e-06 1.74274e-05 0.882527 0.00810116 0.00151813 0.00352405 0.00991134 1.18002e-05 0.00495235 1.30207e-05 0.000960849 0.000100271 7.38928e-07 9.25765e-05 0.0361345 1.4411e-06 4.59941e-06 0.000166259 0.020925 0.0226117 0.00572539 0.00269083 1.02145e-09 
1.78718e-05 6.70681e-08 0.686454 8.38268e-07 0.000843078 2.72738e-06 0.135085 0.000315873 1.08466e-07 2.62083e-10 0.051014 2.71287e-06 7.90809e-09 0.0144083 0.0908407 2.4395e-10 5.86002e-07 9.87843e-11 3.49903e-07 7.76249e-07 0.00750053 0.0135119 2.25464e-10 
3.79927e-07 0.0018363 0.268521 0.110996 0.0144168 0.00423349 0.0105737 0.000518358 0.000336265 2.6295e-07 0.161752 7.43586e-07 4.51094e-07 0.0459801 0.0118752 2.7947e-08 4.35302e-07 5.83145e-05 2.52762e-05 0.193671 0.165154 0.0100356 1.35619e-05 
1.50952e-05 0.00070291 0.376835 0.0484491 0.00786332 0.088698 0.000278462 8.23625e-06 0.018349 8.49825e-08 0.015487 0.000143358 1.75192e-06 0.00051716 0.178795 7.83303e-08 0.00012983 0.00699944 3.94547e-06 0.198731 0.00822056 0.0497708 3.57632e-07 
8.45744e-06 0.000211819 0.587402 0.0330019 0.0447677 0.0988207 0.00308811 1.7303e-05 0.0224985 3.86366e-06 0.00119385 0.0123989 8.49154e-06 0.000121146 0.101428 1.10332e-06 1.05625e-05 0.000453428 0.00122738 0.00637959 0.00356775 0.0833901 2.72097e-09 
0.000363733 0.000643258 0.654127 0.0145046 0.0188965 0.00579001 0.0110714 1.22755e-05 0.0143175 5.98767e-06 0.00255112 1.66351e-05 1.94908e-05 7.32081e-05 0.128767 0.000121034 0.107912 5.75073e-05 0.00192215 0.0308 0.00594164 0.00208565 8.39623e-09 
0.000113892 0.00763046 0.214124 0.0318557 0.00626081 0.0356958 0.00394956 3.89538e-05 0.0316609 4.71994e-05 0.12253 0.000945586 0.00360542 0.000366283 0.0520379 0.000150322 0.1224 0.163982 0.0313505 0.0131069 0.0751791 0.0829516 1.73686e-05 
8.62809e-06 1.17397e-05 0.606706 0.0329112 0.0755298 0.117341 0.000102068 5.30477e-06 0.0137435 1.23831e-08 0.00142189 9.64414e-11 4.53272e-05 0.00223583 0.0155565 2.56045e-09 3.95946e-08 0.00135256 5.87782e-05 0.080113 0.00193513 0.0509049 1.6852e-05 
1.01849e-05 2.39269e-05 0.879319 0.0131032 0.0020425 0.000735786 0.0162842 2.85205e-06 0.00429089 2.73063e-05 0.000375308 6.16973e-05 1.5435e-06 0.000182508 0.0204272 1.95689e-06 9.64114e-06 1.16927e-06 0.0418963 0.0154254 0.00492678 0.000850778 1.16248e-12 
1.13692e-06 1.13782e-06 0.449646 0.0100162 0.0781713 0.092294 1.13776e-06 1.13514e-06 0.014453 1.13635e-06 1.13791e-06 0.000114748 0.00306893 0.00170714 0.231263 1.13648e-06 1.13579e-06 1.1375e-06 1.13798e-06 0.0851103 1.13786e-06 0.0341422 1.13661e-06 
2.05773e-06 1.22658e-06 0.597951 5.36793e-06 1.74367e-09 0.00599035 2.11898e-07 1.486e-08 0.00652827 9.01319e-09 0.092057 4.67631e-06 9.62156e-09 3.7871e-05 2.31098e-06 8.38959e-09 0.297406 2.27922e-06 2.00688e-07 1.86124e-09 2.88218e-06 8.35426e-06 7.75384e-09 
5.76406e-06 1.00752e-05 0.885706 0.00932531 0.00730656 0.00904485 0.0103404 3.1202e-06 0.00315441 3.61505e-05 0.000472863 1.19158e-08 2.15208e-06 0.000756329 0.0466622 4.90175e-06 1.28265e-05 6.69329e-05 0.00249375 0.0153092 0.0048695 0.00441693 4.66734e-08 
1.65228e-10 5.01838e-11 0.33175 0.00320171 0.0756744 0.0548739 1.99985e-06 3.94083e-10 0.0364807 0.000135944 0.00303457 7.60071e-09 1.88431e-07 1.84604e-05 0.283266 1.20485e-07 0.00230413 0.014648 5.08367e-06 0.0349373 0.0118367 0.147831 1.17205e-07 
0.00141195 0.00262089 0.276261 0.0727154 0.0280681 0.140852 0.0134976 0.000303539 0.0575018 0.000188095 0.0123268 0.000266359 0.00838809 0.00472602 0.215181 1.08957e-05 0.00188834 0.0215775 0.0134344 0.0596295 0.0195552 0.0493716 0.000224124 
8.38524e-05 0.00411528 0.510497 0.0183613 0.0313483 0.059639 0.000513163 0.00296582 0.0366415 7.77483e-06 0.0124725 6.15625e-06 1.96022e-05 0.0033665 0.0507953 8.05864e-05 0.0764596 0.00197064 0.000955784 0.0234079 0.000898054 0.165364 2.94582e-05 
1.6892e-09 1.12659e-06 0.316609 0.0155611 0.0199774 0.0269347 0.00493496 7.28045e-06 0.00733857 0.0153713 0.0012057 0.000805575 0.00397994 0.000112673 0.230506 2.30878e-07 6.70098e-06 0.10512 0.00287796 0.00225081 0.0155078 0.230891 3.13266e-08 
7.33321e-05 7.73927e-05 0.460015 0.0106454 0.00420692 0.0289581 0.00922801 8.22103e-05 0.00851059 4.69874e-05 0.0130179 9.0426e-05 0.000521302 0.0044652 0.26886 4.07851e-06 0.00032013 0.00154303 0.0100038 0.0241637 0.0133583 0.141789 1.93824e-05 
2.07981e-12 9.53915e-09 0.469224 0.00752218 0.00252355 0.0142042 0.000652508 5.35196e-05 0.0184777 1.86574e-08 0.00221319 3.37902e-12 0.000120289 4.15572e-08 0.440169 5.60397e-09 6.54857e-05 0.00138358 0.000963354 9.74851e-08 0.0286737 0.0137536 4.60754e-08 
6.55831e-09 1.06789e-05 0.525465 0.00189185 0.000381244 0.0121281 0.00164282 8.16255e-09 0.000461317 2.97841e-12 0.0124104 2.60437e-05 7.11789e-09 0.000847873 0.392787 1.02977e-09 1.31611e-08 1.52843e-08 4.22415e-08 0.0042373 0.0430787 0.00463151 2.56225e-12 
1.34394e-06 4.10869e-06 0.856209 0.00759901 0.00932095 0.00224944 0.0128768 8.07406e-07 0.0120309 1.19706e-08 0.000372523 1.30979e-05 3.78081e-09 0.000133119 0.0797019 4.71654e-07 6.09352e-06 6.49263e-07 0.00332272 0.010909 0.00396017 0.00128769 1.27437e-08 
8.66153e-05 0.0486896 0.339499 0.0157816 0.0318838 0.0405404 0.0152684 6.01635e-05 0.0147856 3.93175e-05 0.0124036 0.000529835 0.000359057 0.00251266 0.198241 6.50989e-06 0.000261573 0.00458511 0.0146669 0.196645 0.0115205 0.0516325 1.29548e-06 
0.00140592 0.000195761 0.318949 0.0609492 0.0724469 0.0295579 0.00100652 3.91597e-05 0.0205395 0.00015939 0.00597014 0.000448074 0.000161706 0.00713568 0.25037 3.0161e-06 2.40526e-06 0.00966534 0.0189687 0.151308 0.0198205 0.0308215 7.57694e-05 
0.00104993 0.000171047 0.197462 0.157061 0.0199324 0.0334074 0.0275249 6.26603e-06 0.0589521 0.000287553 0.0283827 0.000785775 2.93915e-06 0.00257093 0.115713 1.1221e-07 0.00011286 0.102081 0.0483244 0.0116586 0.0847929 0.0986364 0.0110848 
0.00128058 3.56708e-08 0.392894 0.00320049 0.0196342 0.255261 0.00121465 4.78738e-05 0.0110838 2.6346e-11 0.000504947 1.46667e-07 4.24225e-05 0.000515052 0.072621 2.08251e-09 3.27916e-08 0.0080293 4.00834e-05 0.208733 0.00747928 0.0174179 1.24361e-07 
1.01849e-05 2.39269e-05 0.879319 0.0131032 0.0020425 0.000735786 0.0162842 2.85205e-06 0.00429089 2.73063e-05 0.000375308 6.16973e-05 1.5435e-06 0.000182508 0.0204272 1.95689e-06 9.64114e-06 1.16927e-06 0.0418963 0.0154254 0.00492678 0.000850778 1.16248e-12 
1.96989e-05 0.0038554 0.204733 0.0474862 0.0102311 0.0130981 0.00419382 0.000234166 0.188217 4.2343e-06 0.0312034 0.00528484 0.0010783 0.0134745 0.14601 0.000516135 0.0001625 0.00928084 0.000426871 0.118218 0.0265458 0.175623 0.00010336 
0.000553843 0.00244223 0.170916 0.064041 0.0335946 0.0739303 2.05202e-07 0.00190419 0.00664984 0.00215215 0.167016 0.00137308 2.04925e-07 0.00244121 0.13416 2.04971e-07 0.00028699 0.0458526 0.142028 0.00357093 0.0946071 0.0488501 0.00362861 
7.86615e-05 1.75472e-05 0.25711 0.00843468 0.0950968 0.012046 0.176596 4.58319e-11 0.0688298 9.59784e-06 0.0165139 0.00499769 0.000505269 0.000188056 0.146599 2.11561e-07 3.61638e-11 0.00520053 0.00126582 0.169643 0.0314042 0.0054639 2.39147e-11 
0.000162073 4.95201e-09 0.453217 0.00409139 0.00936586 0.0083107 0.00186596 1.35998e-08 0.271866 7.9005e-08 7.99097e-05 1.74094e-08 3.28229e-08 6.93552e-08 0.127128 9.36152e-05 6.6436e-09 0.0152257 0.00317224 0.00753882 0.0756515 0.0222247 7.07148e-06 
2.90092e-05 0.0327779 0.542985 0.0306127 0.00778746 0.0596297 0.00379812 8.34261e-05 0.0102441 2.6442e-07 0.00139498 0.00086325 0.000117528 0.00085422 0.0298979 1.54399e-06 3.49944e-08 0.0927521 2.37739e-05 0.155275 0.0262029 0.00466906 2.6056e-10 
9.46438e-05 5.33651e-05 0.306476 0.185364 0.00727389 0.0651632 0.00452654 0.176601 0.0137705 1.2345e-05 0.0154002 4.25319e-07 3.31673e-08 0.0313989 0.125816 1.42283e-05 4.04194e-08 0.000595171 1.29884e-06 0.00815241 0.0112144 0.0479578 0.000114373 
1.51419e-07 3.56508e-05 0.771539 0.0191452 0.00280076 0.0158914 0.00292083 1.1796e-07 1.56284e-05 9.37543e-12 0.0159506 3.67073e-05 1.00083e-11 0.000904365 0.129949 7.53829e-06 0.00590819 0.000197383 0.0131132 0.003005 0.00204106 0.0165385 8.06546e-12 
0.00524441 0.0218346 0.247683 0.134433 0.0315276 0.0485453 0.012462 0.000587257 0.0179477 0.000565137 0.0436722 0.000598544 0.000308612 0.00581792 0.0881494 2.87333e-05 0.00173017 0.0295393 0.0146426 0.205576 0.0450717 0.0430463 0.000989234 
0.000303857 0.0118379 0.382795 0.015038 0.0118567 0.0185942 0.0137541 0.000969931 0.0986639 0.000103848 0.00982063 0.00130302 0.000937582 0.00464653 0.177144 0.000107344 0.0465791 0.0207841 0.00924652 0.0437567 0.0281353 0.10344 0.000181521 
1.97618e-06 7.29602e-05 0.560216 0.0397542 0.00177835 0.0127953 0.0176987 1.76562e-05 0.00601408 1.52455e-05 0.166503 2.61597e-05 2.22027e-06 0.000313356 0.163694 1.62331e-05 0.000518949 1.38015e-05 0.00686435 0.000340298 0.0108832 0.0124598 3.226e-08 
9.63519e-06 0.0141103 0.401143 0.000442913 0.11637 0.184421 0.000195735 3.95252e-06 0.0564845 9.45349e-09 0.00347103 1.86596e-05 3.92267e-05 6.00217e-05 0.00620051 1.4214e-06 4.22609e-07 0.00848061 1.67779e-05 0.198562 0.00344254 0.00652474 1.1425e-08 
4.14839e-05 3.23899e-05 0.307842 0.0273714 0.00751928 0.0161514 0.00562044 5.77557e-05 0.158359 1.88001e-08 0.0382057 1.73206e-06 2.61746e-05 0.000474259 0.257543 0.000344142 1.15589e-05 0.0047368 0.0455041 0.0246544 0.0372763 0.0682222 4.67702e-06 
7.69012e-05 0.000604509 0.450436 0.0191673 0.00954053 0.0689145 0.00413214 0.000206653 0.219588 0.000724268 0.00777589 0.000164887 0.00137559 0.000601804 0.103886 4.63608e-07 5.85758e-05 0.0124531 0.0120398 0.0325479 0.00854972 0.0471419 1.34649e-05 
7.20067e-05 0.000324907 0.394989 0.0931535 0.0443018 0.0551879 0.0108214 0.000100025 0.101576 0.000351938 0.0195705 5.68237e-05 0.000164618 5.22984e-05 0.0251413 1.27919e-06 4.96558e-06 0.028282 0.00719831 0.102598 0.0412183 0.0189927 0.0558398 
8.54428e-06 2.44407e-05 0.459433 0.0064825 0.00336621 0.00905759 1.6084e-05 2.33855e-05 0.0989756 4.28067e-08 0.0024391 7.27874e-05 1.44842e-06 9.29e-05 0.158015 3.28624e-06 1.32262e-05 0.00359706 0.00241857 0.218776 0.0145501 0.0223207 0.000312504 
4.1994e-06 0.000122811 0.779518 0.00416719 0.00409982 0.00997873 0.000205121 0.00284345 0.100884 0.000581804 0.00400833 2.2746e-05 1.56696e-05 0.000326929 0.0362362 1.79175e-05 4.84983e-05 0.00338733 0.0104225 0.0224545 0.0135488 0.0071057 4.98322e-12 
0.018585 0.00168748 0.163864 0.117128 0.0323733 0.122975 0.00241557 5.95759e-05 0.011298 0.00105885 0.0537686 0.00048992 0.0352005 0.073488 0.118438 3.51981e-05 0.000288914 0.00907019 0.0215646 0.0718319 0.00311788 0.140059 0.0012028 
0.000178836 0.007268 0.588419 0.138974 0.00277113 0.053652 0.00393264 6.76141e-05 0.00417181 6.76711e-09 0.0123351 0.000454964 0.00172767 0.000308625 0.0880874 2.81886e-05 0.00563719 0.0143415 0.00378146 0.0208445 0.00155143 0.0514654 2.26718e-06 
5.11736e-08 5.89273e-05 0.548457 0.0232648 3.9733e-05 0.000246037 0.0747758 6.13647e-05 0.0096764 1.90662e-09 0.0765306 8.81788e-08 2.48229e-08 0.000126965 0.0522038 1.89017e-06 0.0357469 0.0584858 0.103835 0.000728223 0.0128656 0.00289467 2.43782e-08 
0.000254383 0.000164601 0.344759 0.0657652 0.0164553 0.0755238 0.0217793 8.56756e-05 0.00750949 0.000263234 0.161465 0.000101849 0.000139325 0.000902576 0.141456 4.4377e-06 0.000131108 0.00412525 0.010127 0.0155781 0.111919 0.0191255 0.0023644 
5.13545e-08 5.0657e-05 0.291724 0.033006 0.00919658 0.0298228 0.00492505 7.08331e-06 0.0531326 2.31046e-07 4.73844e-07 5.54364e-08 4.40781e-08 2.93933e-05 0.148412 8.55128e-09 1.98842e-08 0.0055167 0.0504452 0.0108927 0.159906 0.202932 3.43868e-11 
0.000650559 0.000609361 0.308064 0.0531051 0.0357353 0.0628949 0.00610839 1.06577e-05 0.0174943 0.000280378 0.0838378 0.00230895 1.55668e-05 0.00373218 0.11836 2.21333e-07 0.000520311 0.000927725 0.0313948 0.0720602 0.152085 0.0496887 0.000115968 
4.41091e-05 3.45621e-05 0.692455 0.00116084 0.00270788 0.0181044 2.73812e-05 6.06707e-06 0.0523615 1.7185e-06 0.000445944 3.80303e-07 1.1366e-05 0.000128754 0.109732 1.37011e-06 1.58806e-05 0.000421522 9.87933e-06 0.102333 0.000635331 0.0193611 7.91463e-12 
6.34154e-05 1.98488e-05 0.834825 0.00779461 0.00285325 0.00206872 0.0098385 1.31531e-05 0.0409312 1.24777e-07 0.00152139 4.26061e-05 5.43275e-06 0.00159003 0.0543122 1.93265e-06 2.50868e-05 0.000171577 0.00273343 0.0360245 0.00222794 0.00293653 4.06857e-12 
7.09079e-06 0.00398095 0.443211 0.0117689 0.00721288 0.000891103 0.0179941 1.56074e-05 0.128322 2.65679e-08 0.000938392 0.00278895 0.000242521 0.00393368 0.0540046 9.94048e-06 6.6945e-06 0.00277239 0.15293 0.0816517 0.0140482 0.0732695 2.16518e-08 
0.000145411 0.000309859 0.196858 0.0476548 0.016287 0.0206641 0.0457899 0.000389434 0.0245505 1.15614e-05 0.101362 0.000186293 7.7133e-06 0.00265694 0.177801 3.58394e-05 0.000240304 0.00298893 0.00299937 0.128576 0.191882 0.0385925 1.04334e-05 
1.73887e-05 0.0420575 0.802409 0.000949727 0.00535775 0.0126021 0.0281544 0.000494891 0.00115667 9.35444e-09 0.0025183 3.97658e-05 0.000940994 0.000299032 0.0226911 9.14477e-07 1.55633e-08 0.0106397 9.51011e-05 0.0560552 0.00774657 0.00577404 1.31336e-08 
0.00496102 8.78879e-05 0.458522 0.0532852 0.0118026 0.0134572 0.00327728 0.000200305 0.010601 0.000340195 0.158983 0.000469843 0.000284801 0.00599705 0.0540949 1.29263e-05 8.52963e-07 0.000968943 0.00140896 0.08957 0.030635 0.0981838 0.00285537 
0.000640068 3.23663e-06 0.450546 0.00529043 0.0407953 0.177834 0.000466345 1.20529e-05 0.0130243 2.98536e-05 0.00050137 0.00714405 0.00471227 2.95283e-05 0.0934558 4.77404e-06 5.12495e-07 0.00383942 0.0570696 0.0116642 0.0702959 0.0626002 4.11752e-05 
0.000305912 2.78138e-05 0.574858 0.00984673 0.0413284 0.0534852 0.0084906 9.32882e-06 0.0973628 5.06098e-05 0.106985 0.00500452 3.90697e-06 0.000247704 0.0398734 0.000629374 1.42411e-05 0.00588668 0.0205307 0.0121274 0.00810861 0.0148205 2.23042e-06 
0.000396564 1.22952e-05 0.331857 0.0393802 0.0206367 0.0636409 0.00608345 9.36043e-05 0.0202043 0.000179426 0.0135813 0.000960096 7.42515e-05 0.000574425 0.253448 1.87839e-06 3.38689e-05 0.00411538 0.0195603 0.182143 0.00916345 0.0338544 5.32417e-06 
6.55831e-09 1.06789e-05 0.525465 0.00189185 0.000381244 0.0121281 0.00164282 8.16255e-09 0.000461317 2.97841e-12 0.0124104 2.60437e-05 7.11789e-09 0.000847873 0.392787 1.02977e-09 1.31611e-08 1.52843e-08 4.22415e-08 0.0042373 0.0430787 0.00463151 2.56225e-12 
4.86007e-06 0.000346798 0.741502 0.0606632 0.00450507 0.0039019 0.0200468 1.41437e-05 0.0053027 0.000122504 0.00970424 2.94182e-05 7.41188e-07 0.000522361 0.0252743 3.22817e-06 4.60775e-06 0.000912929 0.0213489 0.096103 0.00494266 0.00474405 1.84541e-09 
3.6452e-05 2.3577e-05 0.53549 0.0115173 7.61088e-05 0.00344218 0.037341 2.45646e-05 0.0163456 1.03002e-09 0.0464666 2.43333e-05 1.82393e-08 0.000132466 0.207516 9.79386e-06 0.0207523 0.0355449 0.0430642 0.0306739 0.00612554 0.00537977 1.35712e-05 
0.000281444 2.52476e-05 0.218123 0.19232 0.00793073 0.00552371 0.027432 2.58709e-05 0.0528566 1.72045e-05 0.0100371 0.00019571 0.000164158 0.000564167 0.152058 9.31943e-08 0.000248649 0.024563 0.04999 0.0431518 0.141257 0.0732336 2.88656e-08 
0.000667839 0.0029498 0.418311 0.12939 0.0241057 0.0328802 0.0222568 0.000247408 0.0214233 0.000177358 0.0348017 0.00227996 0.000337604 0.00192867 0.139469 6.61156e-06 0.0033223 0.00563628 0.0242194 0.0292624 0.0842258 0.0219154 0.000185597 
3.08639e-05 1.68511e-05 0.597718 0.0101017 0.000966028 0.0106567 0.0266723 1.75725e-05 0.0126694 1.07758e-09 0.0413384 9.76803e-05 1.97945e-08 9.46374e-05 0.175491 7.01189e-06 0.0148244 0.0296328 0.0307604 0.0348973 0.00666621 0.00733097 9.70259e-06 
8.80155e-08 1.21134e-08 0.575133 0.176345 0.00012417 0.0433152 0.000614083 1.47012e-07 8.64288e-09 1.31361e-10 0.00396943 0.00111564 1.53345e-06 8.29172e-08 0.146666 6.96255e-09 8.78041e-08 0.000150131 0.000441413 3.43748e-07 0.0495466 0.00257676 1.13006e-10 
4.54255e-05 1.00256e-05 0.403454 0.125042 0.00259213 0.0402479 0.017473 0.000432214 0.00656472 1.59591e-07 0.0173067 8.31145e-07 1.21651e-05 0.00382558 0.162834 1.34404e-05 4.81697e-06 4.34628e-05 0.0470046 0.00302924 0.0461253 0.123938 2.9331e-08 
0.00406671 2.86886e-05 0.26974 0.193609 0.0186391 0.182133 0.020042 6.86784e-05 0.0020132 6.0163e-05 0.0290093 7.5434e-06 1.74277e-05 0.0107312 0.185532 2.92471e-08 2.53722e-06 0.000421095 0.0508422 0.00312942 0.00367602 0.00808686 0.0181431 
7.35266e-06 0.000194202 0.695204 0.00368339 0.00796581 0.00773302 0.0120085 0.00139771 0.130519 6.53776e-05 0.00762004 0.000655514 6.16407e-06 0.000214151 0.0771693 5.62836e-05 0.00417345 0.00147328 0.00510946 0.00651637 0.0201716 0.0180532 2.11603e-06 
0.000270061 8.33347e-05 0.371855 0.0321022 0.00265213 0.0317971 0.0293914 5.63694e-05 0.0173458 9.59202e-05 0.0401195 0.000588424 6.99726e-05 0.00051589 0.34639 1.16372e-05 0.000237975 0.00734062 0.031212 0.0605781 0.0039587 0.0233281 4.11689e-07 
0.000103814 1.53075e-08 0.487758 0.000916092 0.0679931 0.0226549 0.000744765 2.22628e-10 0.0874864 0.000658153 0.00685247 0.0240026 2.83903e-05 0.000351616 0.250974 1.2569e-10 0.000581207 0.00791363 0.00191597 0.0137422 0.00457738 0.0207453 1.16165e-10 
1.13692e-06 1.13782e-06 0.449646 0.0100162 0.0781713 0.092294 1.13776e-06 1.13514e-06 0.014453 1.13635e-06 1.13791e-06 0.000114748 0.00306893 0.00170714 0.231263 1.13648e-06 1.13579e-06 1.1375e-06 1.13798e-06 0.0851103 1.13786e-06 0.0341422 1.13661e-06 
1.01849e-05 2.39269e-05 0.879319 0.0131032 0.0020425 0.000735786 0.0162842 2.85205e-06 0.00429089 2.73063e-05 0.000375308 6.16973e-05 1.5435e-06 0.000182508 0.0204272 1.95689e-06 9.64114e-06 1.16927e-06 0.0418963 0.0154254 0.00492678 0.000850778 1.16248e-12 
8.23253e-05 3.87212e-05 0.356462 0.0942391 0.0017681 0.0973194 0.00385731 8.87913e-05 0.059885 4.85238e-12 0.0280759 7.55471e-05 1.47317e-05 0.00238396 0.297812 1.92005e-05 0.00535162 0.000579844 0.0118989 0.01988 0.00440066 0.0157672 1.14307e-07 
1.01849e-05 2.39269e-05 0.879319 0.0131032 0.0020425 0.000735786 0.0162842 2.85205e-06 0.00429089 2.73063e-05 0.000375308 6.16973e-05 1.5435e-06 0.000182508 0.0204272 1.95689e-06 9.64114e-06 1.16927e-06 0.0418963 0.0154254 0.00492678 0.000850778 1.16248e-12 
5.59543e-05 8.69899e-06 0.75542 0.0683762 0.0133906 0.0917239 0.00013476 7.47241e-06 0.00160924 0.000153284 0.000110356 0.000416748 2.06236e-06 0.000142494 0.021346 3.82706e-06 2.5133e-06 0.000312011 5.35503e-06 0.00746635 0.000126081 0.0391814 4.5598e-06 
0.000234137 3.63767e-05 0.537158 0.0226124 0.000830479 0.0243661 0.00204283 4.30251e-06 0.0013576 0.000258585 0.0123857 2.3185e-05 1.28145e-05 0.000352908 0.304684 1.09611e-07 5.5299e-05 0.003002 0.00179077 0.0829963 0.00290074 0.0028953 2.87007e-08 
3.82211e-11 1.16087e-11 0.701295 0.000303987 0.0504866 0.0383154 1.33392e-11 9.11605e-11 0.0012688 5.52925e-11 8.76581e-12 6.33451e-07 0.000430608 5.85227e-05 0.139307 5.14669e-11 7.19303e-11 2.08409e-11 6.73982e-12 0.0638858 1.0239e-11 0.00464788 4.75668e-11 
3.33546e-06 3.20156e-06 0.461812 0.000975923 0.0542584 0.13362 0.000114373 6.65275e-08 0.0732623 0.000159312 0.0250803 8.38473e-06 1.1951e-07 6.42298e-07 0.00698229 1.23512e-05 3.09082e-06 0.100631 0.0018688 0.0199489 0.011138 0.109393 0.000723618 
0.000568449 0.000388553 0.320625 0.0291191 0.00734831 0.021897 0.00373434 0.000192631 0.0202284 3.34494e-05 0.0381564 0.000143148 0.00186206 0.00516278 0.166057 0.000776432 1.32106e-05 0.0244757 0.00599748 0.114685 0.208225 0.0303035 7.19397e-06 
0.00295922 0.0344147 0.342807 0.070764 0.0449104 0.247085 0.00567059 2.90323e-05 0.0428556 6.38639e-06 0.0141478 0.001268 9.04955e-05 0.00161432 0.110338 4.3509e-06 5.74894e-06 0.00302575 0.00673704 0.0155187 0.0192215 0.0354879 0.00103868 
0.000589679 8.77852e-05 0.739844 0.00134298 0.000491 0.0130777 0.000899229 5.28883e-09 0.0185912 5.06439e-08 0.00532277 7.06229e-05 1.79319e-06 0.000120632 0.13778 9.8513e-08 5.21237e-05 0.00414224 0.00169195 0.0643679 0.00497615 0.00654696 2.58006e-06 
0.00063143 0.000676581 0.271254 0.0193992 0.0039175 0.0536171 0.0115538 1.6362e-06 0.134238 0.0457922 0.0517955 0.000900085 2.1428e-06 0.00197559 0.141984 0.120446 0.000174061 0.00905405 0.00830139 0.054415 0.0259969 0.0438728 1.49059e-06 
0.00932074 0.011438 0.297566 0.0334534 0.0174349 0.198037 0.00370679 0.000751195 0.0356959 0.000632363 0.126652 0.00247647 0.00346914 0.00458056 0.10881 0.000446657 0.000182955 0.0190688 0.0289475 0.0227521 0.0207479 0.052536 0.0012941 
3.6723e-05 5.79693e-06 0.460057 0.0865237 0.042042 0.15296 0.00648077 4.84755e-05 0.00347737 2.88396e-05 0.00929517 0.00177394 9.48786e-06 1.19507e-05 0.0811774 2.724e-11 4.74257e-06 0.0322058 0.000267779 0.0143863 0.0860331 0.0231727 5.92538e-07 
0.000109854 1.07843e-06 0.570979 0.0511471 0.00241705 0.0162074 0.0147249 1.50995e-05 0.000273031 0.000108007 0.00931201 0.00010574 0.000727203 0.00072697 0.290917 3.51591e-07 2.35394e-05 0.00174176 0.0106358 0.0126391 0.00174178 0.0154459 3.00443e-08 
0.00358452 0.00364406 0.281169 0.0131536 0.0772417 0.0203652 0.0159456 7.95824e-05 0.0545171 8.12421e-05 0.00762625 0.000526646 0.000551555 0.0948117 0.0665295 7.88194e-06 0.000126013 0.00120227 0.0366461 0.248702 0.00663102 0.0668584 6.0183e-12 
7.88929e-08 1.19339e-08 0.373936 0.00664815 0.0491117 0.0671721 0.00019594 0.000157122 0.0639411 2.86911e-08 0.00159858 3.93139e-06 0.0114778 0.0115188 0.157598 8.86779e-06 0.000120283 0.00428429 0.000801483 0.0154053 0.127792 0.107942 0.000285911 
8.9067e-05 0.0030165 0.391523 0.304247 0.0194378 0.0222827 0.0160754 0.000161749 0.0121733 0.000258424 0.0186827 0.0016992 0.00870577 0.00619468 0.057743 1.42208e-06 1.50007e-05 0.00304403 0.00490336 0.0766228 0.00593176 0.0471904 7.88726e-08 
3.3993e-05 1.06402e-05 0.843155 0.00762033 0.00316792 0.00703677 0.00636416 9.57864e-06 0.0406364 7.25481e-08 0.00136788 2.28536e-05 5.58628e-06 0.000960343 0.0577715 1.0404e-06 1.34563e-05 0.0002652 0.0020107 0.0217702 0.00516474 0.00261174 9.12116e-12 
0.0172828 0.000440172 0.435029 0.0255159 0.0280622 0.0255226 0.059792 5.31209e-05 0.0150479 0.000777107 0.00183298 0.0119173 4.49135e-06 0.000637309 0.0594822 3.09613e-06 1.36586e-06 0.0116446 0.0862464 0.15422 0.0575496 0.00893698 1.75595e-07 
0.000902587 8.37521e-05 0.350062 0.0050828 0.0286245 0.0751439 0.00237674 0.000372936 0.0922026 8.31907e-06 0.094343 2.13247e-06 4.64256e-06 0.000110134 0.0414315 2.105e-05 2.54814e-09 0.0582141 3.08252e-07 0.0317336 0.209553 0.00181138 0.00791541 
1.59832e-05 3.04494e-05 0.42264 0.0646168 0.0738905 0.114167 0.00135431 0.000364187 0.142343 1.68087e-06 0.00085324 1.10337e-07 0.00206031 1.99722e-05 0.0681157 9.35619e-07 1.74571e-06 0.0117333 6.02017e-05 0.0109848 0.0549104 0.0318343 6.10945e-07 
0.000249104 0.0919216 0.252427 0.035915 0.0210167 0.0312143 0.016925 1.15627e-05 0.0193012 0.000348466 0.153703 0.000305098 8.11551e-06 0.120563 0.0762659 0.000305607 0.0361551 0.00258478 0.00773152 0.0281029 0.0211916 0.0837442 9.33088e-06 
3.3993e-05 1.06402e-05 0.843155 0.00762033 0.00316792 0.00703677 0.00636416 9.57864e-06 0.0406364 7.25481e-08 0.00136788 2.28536e-05 5.58628e-06 0.000960343 0.0577715 1.0404e-06 1.34563e-05 0.0002652 0.0020107 0.0217702 0.00516474 0.00261174 9.12116e-12 
3.27804e-05 0.0177239 0.30101 0.0206267 0.0273574 0.13402 4.67705e-08 0.000134597 0.00646612 1.12434e-08 0.0173206 0.0021871 0.000151659 9.39845e-05 0.17818 1.83297e-05 6.79975e-06 0.143193 0.0678837 0.00191838 0.0332326 0.0484418 7.15983e-07 
8.37552e-06 1.21593e-05 0.343654 0.097058 0.000341378 0.0413806 0.0071439 1.51417e-05 2.24546e-05 0.00013297 0.128776 8.84515e-06 2.84189e-08 0.00718448 0.0286423 3.09974e-09 0.337103 1.8554e-06 0.000172376 0.0018162 0.00354138 0.00298446 3.37133e-07 
0.00027805 0.00207801 0.159494 0.0897139 0.0436124 0.0348307 0.000711892 2.36211e-05 0.106562 0.00116353 0.130187 0.0004476 4.09038e-05 0.00286305 0.11303 0.111966 0.00295082 0.011052 0.000109875 0.0816446 0.00121746 0.0831865 0.0228359 
0.0266111 1.6258e-05 0.289309 0.143596 0.000717366 0.0115018 0.1302 3.15792e-05 0.0222454 1.39472e-08 0.0577671 0.000747366 0.000108534 0.00015175 0.196562 8.17226e-06 0.000104743 0.0116004 0.00647918 0.0832496 0.012622 0.00637109 2.51646e-11 
0.000577391 0.0123126 0.296714 0.0355299 0.000777737 0.110026 0.0040779 1.07133e-05 0.256197 1.72204e-07 0.0115279 0.000171082 2.1262e-05 4.24543e-05 0.0969805 7.1963e-06 4.773e-06 0.0276934 0.00200185 0.0516562 0.00248806 0.0911661 1.55224e-05 
2.2433e-05 0.00041506 0.290016 0.00230136 0.00042863 0.00342576 0.00837397 6.334e-05 0.140234 1.84583e-05 0.0192548 0.00100655 1.22178e-05 0.000459761 0.15824 0.000155362 0.285834 1.44333e-05 9.42894e-05 0.0630993 0.0191403 0.00738802 2.2178e-06 
2.35687e-05 0.00046494 0.468492 0.0176243 0.0239952 0.0378849 0.0301052 0.000613267 0.0111615 7.22203e-08 0.0134974 0.000359952 0.00154394 0.0114583 0.228484 1.47821e-08 3.63685e-10 0.000208751 0.0237171 0.0831326 0.00674389 0.0404859 3.01106e-06 
5.01696e-06 0.000108029 0.667588 0.0364788 0.00271952 0.0276061 0.0457892 0.00230906 0.0623665 0.000152111 0.0142624 1.09728e-07 9.64384e-06 0.0002837 0.0939727 0.000419849 0.00299242 0.00679249 0.00419348 0.000153184 0.0200626 0.0117231 1.21061e-05 
0.00071779 0.000167539 0.516808 0.0461729 0.00107852 0.0772237 0.00760069 1.7061e-05 0.00259569 1.98585e-05 0.00839621 2.76233e-05 6.86939e-09 3.86934e-05 0.248339 4.80986e-06 0.00836368 0.00418467 0.0401101 0.0192267 0.00429073 0.0146157 2.48998e-12 
0.000227574 0.000124228 0.417894 0.157767 0.0136102 0.0937153 0.0310826 6.98057e-05 0.0109504 2.16948e-11 0.0201683 1.8279e-05 2.07397e-06 0.00536558 0.0849617 1.44981e-05 0.0293839 0.00730826 0.00330018 0.0576837 0.00132994 0.0649752 4.75609e-05 
8.34313e-07 7.5106e-08 0.852034 0.0492738 5.76373e-07 0.0283395 0.00450106 1.45625e-07 0.00282339 5.6676e-11 0.00342742 0.000638655 9.1176e-08 0.000731564 0.0171041 1.00727e-08 7.37302e-11 0.00398115 3.64489e-05 1.67713e-05 0.00393409 0.0331567 3.32663e-08 
0.00820493 2.29308e-05 0.583258 0.0873715 0.00216438 0.0615776 0.0289804 0.000205876 0.00105247 9.33447e-07 0.0359008 1.48623e-07 4.73256e-06 0.00720495 0.14284 7.82011e-07 0.00202103 0.000361499 3.20676e-05 0.0180073 0.00444178 0.0163282 1.79675e-05 
