0.000107611 6.7949e-07 6.12518e-05 0.0113963 4.02033e-05 1.73381e-05 0.000705501 2.79078e-07 0.0205248 3.95211e-06 0.00161723 1.90103e-07 1.40414e-05 6.5112e-05 0.00619973 9.1596e-05 2.33069e-06 0.00205695 0.0242844 3.90298e-05 0.932673 8.38226e-05 1.48338e-05 
4.15508e-08 2.55941e-08 0.38612 0.0087784 0.00331872 0.0442422 0.000261973 4.22023e-06 0.0148125 0.000269254 6.40806e-06 4.48614e-08 1.84668e-05 2.04013e-08 0.0214435 6.93607e-09 5.20456e-07 0.00236207 0.0305625 0.0005448 0.470561 0.0166938 4.59981e-11 
7.50467e-05 7.24115e-05 0.0226768 0.164322 0.0150747 0.0105149 0.00854233 0.00273683 0.0111029 3.38042e-05 0.115572 0.00132249 0.000384806 0.00126988 0.0599557 0.000198542 0.0112628 0.00589604 0.0401273 0.0363196 0.471364 0.0211685 6.46567e-06 
3.9492e-05 8.96728e-05 0.0197689 0.00677252 0.00505595 8.44233e-06 8.10256e-06 9.3365e-06 0.183198 0.0651047 0.0725353 0.000433618 0.000504617 0.0201287 0.00366773 1.23037e-05 0.000103477 0.00295374 7.24e-06 0.00356108 0.428353 0.187383 0.000301265 
0.000348737 3.63034e-06 0.175101 0.0291663 0.0357399 0.00590783 0.00245236 5.61325e-05 0.204286 0.000395588 0.0123078 2.33118e-07 6.09092e-05 1.79619e-06 0.0596043 6.99463e-09 4.35105e-07 0.0101391 0.0146062 0.00437489 0.33203 0.113229 0.000187812 
9.12745e-06 1.36308e-05 0.0255931 0.230755 0.0238296 0.0283629 0.00257618 1.80629e-05 5.13705e-07 0.00171215 0.0204156 1.50966e-07 2.79413e-09 1.22964e-09 0.0445977 2.43636e-09 3.40507e-09 0.00298045 0.0347413 0.00120321 0.580109 0.00308176 1.56277e-07 
0.00675581 9.44759e-05 0.0215632 0.022232 0.00528674 0.0841416 0.000348488 5.15947e-05 0.00606718 0.00127582 0.0665854 0.0199718 0.000452463 0.000629543 0.144922 4.74875e-08 2.32529e-05 0.0870598 0.00339277 0.0956649 0.283407 0.150074 2.11356e-07 
0.000202562 2.57105e-06 0.120331 0.0663699 0.00145421 0.00883213 0.152765 7.6753e-10 0.0672434 9.78278e-07 0.0384414 0.00047378 2.29079e-06 0.000341859 0.0611605 1.20159e-07 6.05621e-10 0.0214165 0.00435414 0.012704 0.37482 0.0690818 1.92525e-06 
0.000363393 0.00592592 0.092242 0.167011 0.0805953 0.113317 0.00433339 0.000126059 0.0147143 0.00417432 0.016096 0.000569839 0.000208836 0.018455 0.143779 6.67195e-07 7.06104e-06 0.034924 0.0430858 0.0221843 0.203356 0.0313108 0.00321994 
5.15018e-06 6.69517e-06 0.0611061 0.0833241 0.00247257 0.0106791 0.00149497 1.67181e-07 0.00113679 9.40218e-11 0.0135679 2.928e-07 0.000192883 5.30656e-05 0.042876 3.94782e-08 1.74397e-07 2.01779e-05 0.000404066 0.000909958 0.778079 0.00367117 8.08847e-11 
1.82914e-10 1.4659e-05 0.0859371 0.130661 0.114081 0.02694 0.00855402 0.000204394 0.0696374 7.57388e-06 0.00181177 0.00129081 3.17948e-07 0.012201 0.000854579 3.46483e-07 3.8595e-06 0.00385856 0.0678477 0.00488435 0.453113 0.0164504 0.00164616 
4.13466e-10 2.09056e-06 0.0567127 0.0960614 0.0141803 0.0108293 0.00100488 1.31317e-06 0.088583 0.000262665 0.0107418 1.53815e-07 1.55944e-07 0.000138697 0.00251337 1.83772e-07 7.78124e-10 0.00926757 0.0764499 0.00438441 0.621804 0.00396809 0.00309417 
0.00115439 0.00259304 0.116727 0.1243 0.00416897 0.0468827 0.0383166 1.24878e-05 0.0076774 1.80769e-05 0.195478 0.00360184 8.8157e-05 0.00066278 0.0521792 9.50748e-08 6.88281e-10 0.00620186 0.0010067 0.127813 0.217015 0.0539703 0.000131953 
0.000549135 0.000191608 0.029658 0.259246 0.0388668 0.0044543 0.127867 0.00783758 0.00193868 0.000230196 0.0297678 0.000118193 1.62858e-05 0.000304486 0.0115337 2.0613e-06 8.63402e-05 0.00339232 0.0659604 0.0334797 0.382742 0.00175687 1.60345e-07 
8.60953e-07 2.61492e-07 0.000214015 0.0275231 0.121147 0.00408888 0.00076582 2.05344e-06 0.0119393 1.2455e-06 0.000525708 1.39877e-06 1.32956e-06 5.85114e-07 0.00109828 5.72584e-05 1.62027e-06 0.00240246 0.00233323 0.000156156 0.816715 0.00926271 0.001762 
0.000802064 1.12901e-08 0.0115576 0.000709806 0.000520374 0.00036604 7.67614e-05 5.40368e-08 7.70017e-09 3.23347e-09 0.00111512 5.27982e-08 2.73887e-08 1.0452e-07 0.000231685 2.80315e-11 3.91769e-11 2.28911e-06 2.8843e-07 0.000113807 0.983983 0.000520686 2.59073e-11 
4.28433e-05 0.000463801 0.093053 0.0217472 0.00181647 0.0492327 0.00183693 2.97228e-06 0.000611384 1.1878e-08 0.20077 1.33397e-08 2.33774e-07 4.11945e-07 0.289074 1.19351e-06 9.85323e-06 0.000520842 0.00165923 0.00639093 0.326944 0.00581703 5.06051e-06 
9.0479e-05 4.21561e-08 0.00528446 0.00389754 0.00923554 0.0684548 0.000855593 7.89394e-08 0.0385621 0.0905249 0.0483661 0.00194184 1.30608e-10 1.886e-07 0.237647 5.81815e-07 1.19497e-07 0.00777307 0.000137119 0.000459663 0.418141 0.0686268 8.36955e-07 
0.000213589 0.000161725 0.0608665 0.0327403 0.00368424 0.0248817 0.0110456 5.43124e-05 0.00550889 0.00141408 0.175459 0.000701825 2.85471e-05 0.000654453 0.0512918 2.44501e-05 0.000355523 0.000991806 0.0102255 0.00194245 0.609492 0.00824701 1.4527e-05 
8.04902e-05 0.00121219 0.015508 0.136272 0.0332679 0.00938052 0.00205883 0.00813146 0.0510814 1.12128e-07 0.0205331 4.57475e-07 0.00229209 0.0265249 0.0928487 7.86874e-09 2.47637e-07 0.0116222 0.000453846 0.164424 0.376384 0.0479239 1.22334e-10 
0.000178902 0.000167203 0.0746337 0.18293 0.0171162 0.0101559 0.00752397 0.00396422 0.0642538 0.0448394 0.0222322 0.000195323 6.18112e-05 0.00350441 0.067394 1.47802e-05 1.6593e-05 0.104006 0.0573274 0.0715447 0.253984 0.0139546 4.88895e-07 
0.000378876 3.9578e-05 0.0636211 0.0884449 0.000783746 0.0104274 0.0845062 0.00100677 0.00158074 0.00190114 0.133459 0.000301149 0.000354291 0.00161115 0.197915 4.85776e-05 0.0851809 0.0623001 0.0385427 0.0030403 0.222205 0.00235145 2.16884e-10 
1.26759e-05 6.57992e-06 0.0656186 0.0293237 0.00427024 0.0160087 0.00418642 2.65195e-06 0.0129485 0.00017523 0.13841 0.000402145 0.000154034 0.00628969 0.140593 0.000292293 0.00361892 0.00497937 0.00217685 0.0221547 0.519708 0.019604 0.00906494 
0.000187676 0.000170335 0.212651 0.0598307 0.00715307 0.0349968 0.00366033 3.57534e-05 0.00929514 0.000499744 0.130892 0.000858371 2.44245e-05 0.00524686 0.140445 0.000757492 0.00139652 0.0089083 0.00541926 0.12214 0.220025 0.0354022 3.92305e-06 
1.40755e-05 2.89897e-06 0.0416381 0.270966 0.00221004 0.0118674 0.00929985 8.49443e-05 0.00939613 3.34325e-07 9.47514e-05 8.63982e-06 3.67642e-07 9.98002e-06 0.00673158 3.18283e-07 3.46984e-05 0.00425943 0.195095 0.0179361 0.429302 0.00104785 5.70548e-08 
0.00173885 4.7099e-05 0.0714182 0.0431467 0.0130093 0.029473 0.00462901 4.73765e-05 0.0101703 0.000251516 0.0357184 6.34917e-05 2.32251e-05 0.00108831 0.0349491 1.17238e-06 3.36357e-07 0.00394254 0.00474713 0.00498229 0.719628 0.0209189 6.11879e-06 
0.00010839 2.41919e-05 0.0857305 0.00202256 0.0125952 0.0157714 0.00219437 3.55143e-05 0.00852891 2.87388e-05 0.0196419 0.00102636 7.50454e-05 2.73881e-05 0.0238559 1.36422e-05 3.31721e-06 0.031752 4.40655e-05 0.0114168 0.760135 0.0249481 2.09683e-05 
7.34078e-07 8.54178e-05 0.0647137 0.0415316 2.67021e-06 0.0126596 5.56824e-11 3.80534e-10 0.00311975 2.30809e-10 0.0574538 1.06304e-06 2.46388e-10 1.08431e-10 1.40834e-11 3.00991e-07 3.00261e-10 0.128591 1.96968e-07 3.62283e-07 0.691839 7.07062e-07 1.9856e-10 
5.99986e-07 0.000741627 0.00218477 0.0449237 1.67915e-07 5.1007e-05 0.00699454 1.43102e-06 0.000359413 0.0026797 0.241871 9.74783e-07 9.26554e-07 0.000309564 0.00644458 8.07916e-07 0.00481669 0.000404211 0.000199393 0.000891388 0.68567 0.0014519 7.46693e-07 
6.11467e-05 7.93819e-05 0.0074461 0.111721 0.00562953 0.0370719 0.00269269 0.00026928 0.0225757 0.00199272 0.239429 0.000155213 3.85338e-09 0.00129741 0.163402 4.75495e-06 7.50967e-07 0.0784191 0.00393754 0.014836 0.277622 0.0311946 0.000162213 
0.000501442 4.91571e-05 0.101551 0.0745989 0.0184367 0.119728 0.0222723 4.68081e-05 0.0557095 0.0131885 0.143839 1.82936e-07 0.000426925 0.000109437 0.00178525 9.35693e-08 2.54867e-10 0.00796367 0.000272494 0.00180272 0.323161 0.114464 9.30413e-05 
0.00147379 9.65516e-05 0.0749236 0.152663 0.00545277 0.0137122 0.0130803 4.46773e-05 0.00285148 2.47105e-05 0.163975 8.08475e-05 1.22441e-08 0.00893324 0.021073 5.40996e-07 0.00146097 0.00720875 0.0650284 0.0328922 0.426372 0.00865262 6.47569e-10 
1.0001e-07 4.18879e-05 0.0557168 0.00307105 0.00357482 0.0995045 0.00469893 1.91246e-07 0.0134403 2.52338e-06 0.0822283 0.00286277 4.6345e-05 0.000591713 0.103914 4.41746e-05 7.51872e-07 0.000802815 0.00256991 0.00525772 0.365579 0.255512 0.000539649 
0.0375816 0.00540528 0.0744574 0.0541821 0.00419151 0.00384939 0.0250452 0.000200832 0.00145885 7.33193e-05 0.0034137 0.000382733 1.33351e-05 4.42737e-05 0.00121135 2.2866e-06 5.58463e-08 0.00988937 0.0022286 0.00562253 0.767621 0.00311525 9.96775e-06 
5.56242e-07 2.67843e-05 0.252082 0.0225862 0.243455 0.0280538 0.00150325 3.74086e-08 0.00898302 0.00161395 0.0463931 4.44814e-06 0.000180367 5.91743e-08 0.0789291 5.55641e-12 2.0975e-08 3.33023e-08 0.000488726 0.0124941 0.287027 0.016179 5.13535e-12 
3.03866e-08 1.76893e-06 0.0380498 0.134645 0.0161336 0.00675676 0.05005 1.64572e-06 0.0394969 0.000150023 0.0164949 6.53388e-10 7.07271e-07 0.000541187 0.0791266 2.04441e-06 0.000169828 0.00245409 0.0604103 0.000109163 0.544908 0.0104987 5.00501e-10 
0.000306631 0.00013332 0.0542699 0.012268 0.0149895 0.144869 0.000300455 9.92518e-08 0.0323294 0.000870812 0.213648 8.43753e-07 3.84765e-05 0.00384258 0.17613 0.00011424 0.00160341 2.80403e-05 5.42362e-05 0.00416454 0.233964 0.106074 4.0398e-08 
1.39409e-05 0.000105787 0.190796 0.115052 0.00221207 0.119269 0.0518658 0.00016576 0.0198686 0.000120637 0.0131348 0.000208025 7.77722e-06 0.00255826 0.0386567 3.62779e-06 0.00134351 0.0189891 0.0317135 0.165913 0.219798 0.00819138 1.33873e-05 
0.000289637 0.000380501 0.102425 0.0498453 0.017709 0.0174001 0.00193754 0.00161702 0.0105374 4.93883e-07 0.0274608 2.63293e-05 0.000514383 0.0101867 0.119637 3.9929e-07 0.000235757 0.00276561 0.00301245 0.0395241 0.553415 0.0410792 8.69748e-11 
0.000431426 0.0160706 0.0350741 0.0994903 0.0351778 0.0316665 0.00547192 7.97859e-05 0.039078 1.16832e-05 0.0294814 3.97832e-05 0.000693808 0.00244311 0.0791459 2.33892e-05 9.83958e-05 0.0136089 0.00734245 0.0134476 0.511814 0.079011 0.000297686 
0.217706 0.000305286 0.0309939 0.142509 0.00585844 0.0308626 0.00554619 5.02695e-05 0.00250413 0.000120143 0.0280169 0.000347617 1.31794e-05 0.106869 0.104929 7.92212e-07 0.000175495 0.0106102 0.0278475 0.0114457 0.245153 0.0280158 0.000119437 
0.000524825 0.0252343 0.208002 0.0619926 0.0117816 0.0185136 0.00160466 0.00152687 0.00233581 2.0962e-10 0.00677222 0.0274126 0.23093 3.53866e-05 0.0138105 9.31952e-05 2.72696e-10 0.00730473 0.000505559 0.00216248 0.379456 1.88752e-07 7.93116e-10 
7.44958e-07 2.26261e-07 3.1199e-05 7.64931e-08 0.013967 1.26827e-05 2.59992e-07 1.77679e-06 0.107058 5.04858e-05 0.0114859 1.21032e-06 0.000368598 5.06283e-07 0.012328 5.27413e-05 1.40198e-06 0.000230865 4.78353e-05 2.22546e-07 0.85436 1.0065e-07 9.27113e-07 
0.000562343 1.19095e-06 0.00566925 0.0388124 0.0107483 0.000369135 0.00074033 7.22641e-07 6.88592e-05 4.38981e-08 0.0318836 7.05721e-07 1.67148e-06 0.00759599 0.0018218 1.05226e-09 1.47064e-09 2.59365e-06 0.00211564 0.000115264 0.899487 3.71651e-06 9.72521e-10 
1.75801e-06 1.75939e-06 0.13304 0.0867597 0.0367743 0.133739 0.017243 0.0036878 0.10153 1.75712e-06 0.0846359 0.00896128 1.75693e-06 1.75866e-06 0.0424137 1.75732e-06 1.75626e-06 1.75891e-06 0.0452249 0.0307914 0.159234 0.101362 0.0145892 
0.00234526 0.000885107 0.0279388 0.183505 0.00543894 0.00418941 0.0810483 2.04367e-05 0.0147334 0.0027 0.0699149 0.000112804 2.61953e-05 0.0298234 0.00846894 3.52715e-08 8.17349e-08 0.00311595 0.0957104 0.0219721 0.445663 0.00238751 1.16393e-07 
0.00136545 5.19208e-06 0.0229306 0.00260007 0.00137346 0.00800849 2.02886e-07 2.07366e-07 0.000252324 1.27049e-08 0.00115331 0.000120724 3.00143e-05 0.0397432 0.00362762 4.13423e-10 5.77801e-10 0.000315352 0.000685375 0.00460606 0.905495 0.00768773 3.82094e-10 
0.0869342 0.000969911 0.168826 0.112412 0.00313234 0.0240607 0.00657703 4.30877e-05 0.0285404 0.00630073 0.15151 0.000177226 4.22155e-07 0.00988328 0.0698234 8.22086e-08 0.000525882 0.00657463 0.046687 0.0805085 0.190528 0.00598576 6.96624e-10 
0.000682142 3.23672e-08 0.00355738 0.00497337 0.000262486 0.00182563 0.00380482 0.00053402 0.000896968 1.54166e-07 0.0011023 1.73138e-07 1.64572e-07 0.000659138 0.00141668 0.000157993 0.00102303 0.00124939 0.000550624 0.000375692 0.976026 0.000450676 0.000451058 
0.000172835 0.000818965 0.161026 0.103678 0.0229654 0.0386888 0.0402131 0.00563441 0.0502645 7.7478e-05 0.136089 0.000989237 1.80025e-05 0.00525366 0.0885556 1.23966e-05 0.00273684 0.0283845 0.0237714 0.073776 0.187028 0.0180667 0.0117791 
0.00129981 8.17532e-05 0.0357547 0.181041 0.0017046 0.00710649 0.0618424 3.57467e-05 0.0355935 2.93346e-05 0.0473338 0.00294093 0.000195163 0.000804703 0.0477879 4.29079e-06 1.30873e-05 0.00964565 0.101313 0.0118351 0.443407 0.0101753 5.50738e-05 
9.74199e-05 0.000146986 0.000112653 0.0279385 0.0247076 0.000400384 0.0446031 7.46084e-07 0.041722 3.16702e-05 0.0696996 0.000298513 4.83075e-07 0.000341085 0.00228111 4.2122e-07 0.000122422 0.000144899 0.00621337 2.58493e-06 0.781134 4.22635e-08 3.89301e-07 
0.000679087 1.55717e-06 0.0116169 0.203155 0.00327809 0.021572 0.230504 0.00012763 0.0112476 0.00206654 0.0402366 0.000413934 1.15106e-10 0.00135612 0.0304451 1.04917e-06 2.47595e-08 0.000647147 0.010249 0.0105271 0.41508 0.00667909 0.000116277 
1.41754e-07 4.51171e-09 0.00102691 0.20973 0.000686591 0.000297964 0.194331 3.43321e-05 0.00470467 5.91477e-07 0.000936195 2.21918e-07 0.183565 3.41291e-08 6.4492e-05 1.93562e-07 3.99871e-10 0.0013396 0.135508 0.000157688 0.266068 0.00154868 2.64431e-10 
0.0795326 0.0131915 0.0963226 0.03187 0.000253661 0.00011644 0.0485929 9.56522e-05 0.00107089 0.000128082 0.00233548 0.000561884 3.35191e-07 1.94515e-05 0.000726634 5.20901e-06 1.06761e-07 0.0180851 0.00154913 0.0062719 0.69757 0.00170037 2.55722e-10 
4.87554e-05 9.99132e-05 0.0157759 0.00529733 0.00413489 3.81516e-05 2.1315e-05 0.000124755 0.143458 0.0527596 0.0567614 0.000430845 0.000445892 0.0159808 0.00297004 3.35928e-05 0.000319787 0.00252644 2.02434e-05 0.00287894 0.549008 0.146413 0.000451697 
0.00032379 4.80561e-05 0.0350894 0.123992 0.00375713 0.0654671 0.0249698 3.01975e-05 0.0185581 5.0042e-07 0.0588725 0.000996794 2.86491e-05 0.0109977 0.117083 6.13552e-08 4.8243e-10 0.000262771 0.101044 0.0039305 0.410214 0.024334 4.30975e-08 
0.0433667 1.7166e-08 0.0287017 0.223371 0.000515401 0.0399699 0.168598 9.00676e-05 0.0689675 2.77387e-10 2.06756e-05 1.3205e-07 0.000636328 1.68131e-07 0.00410256 2.58195e-10 3.95241e-07 7.96399e-05 0.0171325 6.48776e-05 0.402742 0.00164046 2.3863e-10 
0.00013812 9.91791e-06 0.127873 0.0859919 0.00178894 0.00372122 0.019782 1.38177e-05 0.0157053 2.29869e-07 9.99188e-06 0.00012562 1.62789e-06 4.02756e-06 0.00722032 8.54708e-09 1.98364e-08 0.000401842 0.167399 0.00720003 0.560469 0.00199752 0.000146921 
2.59364e-07 1.54213e-11 0.0592612 0.0710082 0.0204543 0.0842465 0.00691784 7.06913e-05 0.0173002 2.96233e-07 0.0146857 0.00482411 2.76182e-07 0.000243729 0.0143113 6.83701e-11 9.55543e-11 6.62261e-06 0.185349 0.00373741 0.466931 0.0461431 0.00450845 
0.00114985 0.0817417 0.0302338 0.0402751 0.00246193 0.00794729 0.00872082 2.81674e-05 0.0227788 0.0193847 0.140189 0.000188577 1.57384e-05 6.23574e-05 0.0659319 0.000258083 0.0202208 0.000650453 0.00190985 0.0692862 0.438448 0.0481171 2.45546e-07 
2.23409e-05 2.23585e-05 2.23632e-05 0.096186 2.23591e-05 2.23623e-05 2.23574e-05 2.23058e-05 2.2361e-05 2.23296e-05 0.0223827 2.23251e-05 2.23271e-05 2.23491e-05 2.2364e-05 2.23322e-05 2.23186e-05 2.23523e-05 2.23617e-05 2.23586e-05 0.880984 2.23628e-05 2.23348e-05 
0.000461468 2.33564e-05 0.0526201 0.0330671 0.00666057 0.0114071 0.00664118 3.69685e-06 0.00402319 0.00397498 0.0775935 0.0110619 0.000271903 0.000218876 0.0308888 6.161e-09 0.000139743 0.00845267 0.000934298 0.00064834 0.731487 0.0121811 0.0072387 
5.72604e-05 7.0991e-05 0.228402 0.118404 0.0119786 0.000584235 0.00894699 6.6079e-05 0.0823627 5.6495e-07 0.0186596 0.000461806 1.0795e-07 0.00126219 0.128666 2.10839e-08 1.19588e-05 0.00886249 0.0540146 0.0174782 0.313892 0.00581666 1.41518e-06 
0.000533935 0.000273348 0.047065 0.00378231 0.0011206 0.00963458 0.00955772 7.84038e-06 8.19412e-05 2.95988e-10 0.063297 3.32414e-10 3.15967e-10 0.000169784 0.00238501 2.7551e-10 1.83667e-05 0.00083364 0.017811 6.50081e-08 0.843231 0.0001964 3.79297e-07 
6.1466e-05 6.87898e-05 0.215749 0.135621 0.0108829 0.000591982 0.00816446 0.000120136 0.0762656 2.6228e-05 0.0170034 0.00042822 9.68938e-07 0.00121541 0.139334 5.56782e-08 1.27781e-05 0.00908009 0.0555528 0.0201319 0.303654 0.0053397 0.000696027 
0.0203109 5.35584e-05 0.00134181 0.248278 0.000469899 0.00427732 0.13625 0.000245382 0.0154755 0.00587504 0.189633 0.000215793 3.17728e-05 0.0185106 0.00170611 9.5646e-06 0.00157791 0.000288329 0.0332949 0.00053911 0.316914 0.00452816 0.000173928 
0.0076027 2.3685e-05 0.198372 0.0927237 0.00911746 0.0289122 0.017592 1.08631e-05 0.0219436 1.03457e-09 0.180469 0.000171864 1.04796e-07 0.000162131 0.073204 1.07523e-07 1.37775e-06 0.000461215 0.00736305 0.000130394 0.338659 0.0230694 1.05879e-05 
4.23821e-09 4.55596e-07 0.209828 0.00468337 0.0179458 0.0134942 9.84248e-05 7.95583e-05 0.005309 6.1312e-09 0.00404835 0.000826598 0.000447688 0.0270978 0.19751 2.50674e-07 2.1675e-05 0.000170265 0.00697595 4.33385e-06 0.472251 0.0392076 5.27453e-09 
0.00789656 0.000748503 0.00147924 0.139011 0.0285236 0.0124875 0.00129202 0.00446543 0.000585454 0.00266578 0.0174169 0.000484848 1.38357e-05 0.022121 0.0033985 9.66978e-07 0.000920473 0.000482527 0.00156204 0.00314327 0.738702 0.0125969 8.93701e-07 
0.000634372 0.000585566 0.0462947 0.1079 0.0833189 0.0018639 0.00601343 7.77752e-05 0.0226108 0.00157429 0.174215 0.000497739 0.000146911 0.0163775 0.00484941 0.000124605 0.00455359 0.00281077 0.000408472 0.0109008 0.512761 0.00125194 0.000228159 
0.213302 2.36585e-05 0.0456586 0.0423322 0.0628011 0.0213408 0.00225602 1.19977e-05 0.00465223 0.000828703 0.043688 0.000333901 3.37744e-05 0.00544985 0.0514956 1.14542e-08 0.00025581 0.0017599 0.0734129 0.00801903 0.23166 0.190663 2.15171e-05 
0.000311204 2.92935e-06 0.0884911 0.0237986 0.0628607 0.043088 0.00309691 0.000123464 0.230335 5.2166e-05 0.00639217 5.39076e-05 0.000246883 2.77209e-05 0.0294918 4.55972e-07 0.000176252 0.0161506 0.0029886 0.00306077 0.483368 0.00585085 3.22369e-05 
2.08454e-10 1.26724e-08 0.000213311 0.118834 0.00175428 1.34346e-06 0.00387206 1.68023e-05 1.55115e-07 2.66307e-07 9.41021e-05 3.3867e-10 3.21914e-10 1.41668e-10 4.17724e-08 2.80695e-10 1.96679e-08 0.000376486 0.0706744 3.32798e-05 0.803623 0.000506361 7.93563e-07 
0.00131131 9.48775e-06 0.0866613 0.0974737 0.0232412 0.0667922 0.0144022 5.40823e-05 0.208636 0.000222942 0.0224537 0.00141613 0.000476659 0.00490007 0.156802 0.000150523 1.77337e-06 0.0211484 0.00857263 0.0136128 0.239791 0.0307838 0.00108617 
6.14441e-07 0.00030945 0.0297444 0.0227185 0.0233733 0.0240161 0.0169629 5.72619e-05 0.0685862 0.0034967 0.128452 9.38655e-05 4.44673e-06 0.000192859 0.0669586 0.000220175 1.76237e-05 0.00677821 0.000312422 0.0145959 0.581752 0.011356 7.64681e-07 
0.0319598 0.000183921 0.142662 0.048335 0.00844173 0.0643963 0.00357879 0.000935685 0.108729 0.00375264 0.0316733 0.000133239 0.000118233 0.00031456 0.158436 4.54376e-07 1.44869e-05 0.00235421 0.106814 0.0498809 0.172742 0.0645433 5.46465e-08 
0.000828375 0.00638749 0.0970789 0.0673641 0.0573556 0.0211825 0.0102881 0.000392705 0.0113611 0.00157397 0.114631 0.000338303 0.000578515 0.0311687 0.118008 4.38773e-05 0.000741906 0.01419 0.0388232 0.00859212 0.242487 0.156449 0.000135153 
6.6594e-08 1.2631e-06 0.226119 0.0311775 0.00169723 0.0017618 2.32414e-08 7.18595e-05 0.144642 9.6338e-08 0.183293 0.000256737 1.02841e-07 0.000620083 0.078278 0.000360299 2.24592e-06 1.81778e-05 1.51495e-05 0.0443077 0.28706 0.000317484 8.28773e-08 
0.000192615 6.61388e-08 0.0453122 0.0581607 0.0157767 0.0268424 0.00103751 5.19375e-07 0.00630624 0.000173759 0.175501 3.53789e-07 0.000257838 0.000767116 0.00191956 2.93226e-07 4.48351e-05 0.000145251 0.0234926 6.48211e-05 0.642403 0.00124826 0.000352826 
9.13721e-08 1.46165e-05 0.0204703 0.148266 0.00461927 0.00177838 0.026849 5.83325e-07 0.00322471 0.000109796 0.239893 3.19825e-05 6.58618e-07 0.0428023 0.0582621 8.25045e-06 5.81397e-05 0.000974308 0.0688977 0.0088015 0.341379 0.0334613 9.67751e-05 
2.10171e-09 0.000140188 0.0128573 0.275666 0.00060965 0.00908558 0.196918 1.32816e-06 0.00475126 3.46325e-05 0.079687 0.00596356 0.00132987 0.00140583 0.0395402 7.20512e-06 0.00780085 0.000239224 0.000814683 0.000130211 0.358592 0.00442402 7.53768e-07 
6.79282e-06 2.95627e-07 5.21031e-05 0.16704 0.00515165 4.28924e-09 0.00847693 6.85972e-07 5.79134e-09 4.07123e-08 0.0198885 4.57225e-08 5.34528e-05 0.000122922 0.0496753 3.78956e-08 0.00181378 0.00833128 0.0342827 8.40718e-09 0.705103 4.49515e-07 3.50239e-08 
0.00708183 8.75027e-06 0.0390778 0.0787515 0.0146411 0.019221 0.00227642 0.00105596 0.259899 2.25664e-08 0.0192765 0.000382611 6.6623e-06 0.00021377 0.0703256 1.53417e-05 9.2431e-06 0.00534779 0.0627658 0.0175147 0.31043 0.0915181 0.000180755 
0.000422379 0.000100332 0.0340474 0.105579 0.0018752 0.0120398 0.0402419 7.49614e-05 0.00801779 4.53605e-06 0.0165132 0.000317523 5.08133e-08 9.73886e-05 0.0644244 6.08999e-07 2.45311e-05 6.44515e-05 0.000675991 0.00633709 0.687335 0.0210879 0.000718521 
0.0829218 0.0164873 0.0969542 0.032895 0.000317004 0.000102315 0.0607401 0.00011949 0.00071696 0.000160025 0.00291923 0.000702185 3.08304e-07 2.42908e-05 0.000908238 6.4842e-06 9.34848e-08 0.0209676 0.00193625 0.00783952 0.671156 0.00212539 2.25105e-10 
2.08454e-10 1.26724e-08 0.000213311 0.118834 0.00175428 1.34346e-06 0.00387206 1.68023e-05 1.55115e-07 2.66307e-07 9.41021e-05 3.3867e-10 3.21914e-10 1.41668e-10 4.17724e-08 2.80695e-10 1.96679e-08 0.000376486 0.0706744 3.32798e-05 0.803623 0.000506361 7.93563e-07 
0.00103709 6.43738e-08 5.1688e-07 0.262009 0.00277796 0.0144535 0.0760788 0.000263253 0.00433443 1.84735e-08 0.106514 3.01049e-07 0.000277859 5.95889e-07 0.0362095 2.74721e-07 5.11843e-07 3.60267e-08 0.0299502 4.50496e-07 0.38422 0.0818721 1.81556e-10 
3.64364e-06 0.00129859 0.0266929 0.0805079 0.0628332 0.108545 0.00580254 6.63315e-05 0.00502974 0.0414463 0.224603 0.00114554 0.00143669 0.00167091 0.0347337 7.07964e-06 0.000475582 0.0116103 0.00293447 0.0145412 0.274478 0.100088 5.0099e-05 
2.08454e-10 1.26724e-08 0.000213311 0.118834 0.00175428 1.34346e-06 0.00387206 1.68023e-05 1.55115e-07 2.66307e-07 9.41021e-05 3.3867e-10 3.21914e-10 1.41668e-10 4.17724e-08 2.80695e-10 1.96679e-08 0.000376486 0.0706744 3.32798e-05 0.803623 0.000506361 7.93563e-07 
0.0010541 0.000350173 0.0588359 0.191083 0.0165936 0.0355025 0.0241996 0.000183743 0.0165606 2.00443e-05 0.17004 0.000286893 0.000309841 0.00732244 0.024962 9.00611e-06 0.00124275 0.00419079 0.169091 0.0184652 0.236741 0.0227933 0.000162411 
0.00756876 4.15979e-05 0.0563758 0.0067692 0.00905891 0.000819632 0.0364746 0.000148626 0.00448188 0.00239697 0.181568 0.0292933 2.91385e-08 0.0108206 0.151906 8.63405e-06 0.170128 0.00212489 0.0022205 0.000212614 0.290869 0.0366279 8.53526e-05 
0.000193094 0.000485691 0.0437665 0.0153972 0.0692476 0.106962 9.47194e-05 1.63448e-06 0.0555348 0.000264065 0.0206589 0.000235593 0.000170024 0.00171134 0.037542 5.85211e-06 5.17015e-05 0.0187098 7.68919e-05 0.00319641 0.411725 0.213891 7.84937e-05 
7.78767e-05 6.54457e-11 0.0236689 0.0820645 0.00582399 0.00299392 0.00122645 7.74525e-07 0.00346045 1.06742e-07 0.00509599 0.000319898 0.00025453 1.46441e-10 0.000176414 2.90153e-10 4.05519e-10 2.98758e-07 5.14583e-06 0.00071835 0.874109 2.0261e-06 9.36211e-07 
0.000471159 1.32508e-05 0.20049 0.1595 0.00167599 0.0176787 0.00486542 0.000726606 0.0113194 4.13227e-10 0.0835257 0.00553404 2.23185e-08 0.0030063 0.131216 4.29987e-05 0.0113612 7.21458e-05 0.0127606 0.00554457 0.340843 0.00935234 1.26382e-07 
0.000278957 1.45085e-08 0.0123004 0.00664658 0.00296509 0.00232316 0.000812001 8.23573e-08 0.00305547 5.50096e-08 0.00789198 2.79288e-05 5.2354e-07 5.23887e-05 0.00036478 1.48389e-10 2.07389e-10 0.00116191 1.86012e-05 0.000958368 0.960999 4.38256e-05 9.85665e-05 
8.23981e-05 0.000172147 0.197021 0.082854 0.00793715 0.17262 0.00167126 5.4782e-05 0.0898351 0.00757957 0.0262785 6.62728e-05 0.000168072 0.0030941 0.0480725 6.85394e-06 2.76031e-05 0.00120395 0.0531755 0.015287 0.226246 0.0653851 0.00116127 
0.000881637 9.43987e-09 0.0149682 0.0183606 0.00128825 0.000137892 5.70715e-05 0.000104054 1.24586e-05 2.83174e-09 0.00736942 0.000863408 7.72829e-06 0.000142396 0.000343414 1.50311e-10 2.10075e-10 1.43498e-05 2.40446e-07 0.000305603 0.954825 0.000318582 2.58927e-08 
0.000184441 2.06999e-05 0.152501 0.0160905 0.0234084 0.0280254 0.00177729 0.000927453 0.0123418 0.00511822 0.035468 0.00032355 3.67767e-05 0.000444022 0.221399 9.42673e-05 4.27997e-07 0.00386071 0.00472901 0.0049925 0.419742 0.0685141 2.91528e-07 
1.75741e-09 3.73691e-06 0.000137532 0.311866 0.024616 5.56593e-05 8.17591e-05 4.19157e-09 0.000409859 2.79914e-06 0.000191974 0.00047654 7.92503e-05 4.88504e-05 0.000385603 7.35993e-05 3.30737e-09 9.79361e-05 1.95238e-05 0.000169209 0.661181 0.000103287 2.18713e-09 
0.000328428 0.0212843 0.0438433 0.112373 0.00393464 0.0647297 0.00165356 1.21256e-05 0.00606172 0.000366131 0.00543732 0.000286095 0.000162526 8.44246e-05 0.0583661 2.34599e-05 1.20648e-05 0.00837525 0.17057 0.00230476 0.489067 0.0106715 5.32087e-05 
0.00149072 5.20836e-06 0.03988 0.005864 0.0123845 0.0336067 0.000139707 1.01911e-07 0.0015812 5.25336e-06 0.0241901 1.65653e-05 5.16787e-08 0.00397033 0.0328725 1.52136e-10 0.000411797 0.000138925 0.00677862 0.00602227 0.820868 0.00977039 2.88919e-06 
0.00114533 8.37919e-05 0.0438795 0.0600521 0.0385128 0.204281 0.00674994 2.55582e-05 0.0257471 5.33508e-05 0.0658417 0.000388081 0.000375251 0.000887834 0.149282 7.04607e-05 9.78645e-05 0.00209254 0.000215855 0.00827676 0.257665 0.128794 0.00548175 
0.000248765 4.04328e-05 0.00251488 0.224088 0.00499164 0.0132766 0.000966353 3.31737e-05 0.00144745 7.75315e-07 0.0107739 0.000299773 9.00117e-05 0.000869766 0.001983 4.9579e-06 0.000146562 6.89611e-06 0.0367245 0.00231704 0.676679 0.0224971 4.92752e-08 
0.241301 8.65132e-06 0.0461407 0.0329336 0.0406895 0.0340682 0.000206477 5.70826e-06 0.0535993 0.00500948 0.0447734 7.42067e-05 0.00472033 0.0027239 0.0180765 3.14487e-06 3.6741e-06 0.000397773 7.76083e-06 0.00247494 0.355166 0.116715 0.00090069 
0.00481546 0.000345937 0.0999237 0.0397976 0.0126075 0.0391813 0.00834148 0.00389637 0.0302696 0.000812969 0.0557627 0.00104825 7.79296e-05 0.00105044 0.154057 0.000147235 0.000625675 0.00145111 0.0211375 0.0310461 0.468892 0.0244821 0.000230766 
5.63849e-05 3.98027e-07 0.00242115 0.00166639 0.0033025 0.0287233 2.80492e-06 4.50476e-07 0.00602093 7.04647e-05 0.00432117 0.221039 4.63634e-05 5.45643e-05 0.0125007 4.85932e-07 6.31788e-06 0.000198133 1.44426e-05 0.000907447 0.668722 0.049923 1.46472e-06 
7.13927e-05 9.19623e-05 0.0914144 0.0146369 0.0174192 0.106209 0.000691918 0.000577201 0.0040532 5.05764e-08 0.0383877 7.76625e-05 9.91439e-05 0.00665733 0.163854 1.84651e-07 5.38477e-05 4.12512e-05 0.00126671 0.069322 0.381623 0.103449 2.47283e-06 
0.00013627 8.89916e-06 0.0736518 0.154667 0.00478345 0.0178969 0.0593445 0.0015029 0.176164 0.0201117 0.00284421 8.16706e-05 0.000134184 0.000236506 0.0138294 1.66453e-06 1.74897e-05 0.00144214 0.126725 0.0150042 0.329755 0.00165342 6.77771e-06 
3.05074e-05 2.23328e-05 0.126669 0.0322404 0.0638321 0.0110344 0.00465466 1.51982e-06 0.0171487 0.000187691 0.0865819 0.000878126 0.000110821 0.00629613 0.172652 9.95023e-05 0.000247992 0.00380367 0.0039456 0.00922519 0.454965 0.00537234 3.26038e-07 
7.13927e-05 9.19623e-05 0.0914144 0.0146369 0.0174192 0.106209 0.000691918 0.000577201 0.0040532 5.05764e-08 0.0383877 7.76625e-05 9.91439e-05 0.00665733 0.163854 1.84651e-07 5.38477e-05 4.12512e-05 0.00126671 0.069322 0.381623 0.103449 2.47283e-06 
0.00013812 9.91791e-06 0.127873 0.0859919 0.00178894 0.00372122 0.019782 1.38177e-05 0.0157053 2.29869e-07 9.99188e-06 0.00012562 1.62789e-06 4.02756e-06 0.00722032 8.54708e-09 1.98364e-08 0.000401842 0.167399 0.00720003 0.560469 0.00199752 0.000146921 
0.00635094 7.19537e-06 0.0639259 0.0321671 0.0152484 0.0766001 0.00604423 7.2215e-06 0.0101651 2.43611e-05 0.0305059 0.000149872 0.10877 0.000778264 0.188437 2.99396e-07 0.000733795 0.00112305 0.00544642 0.00841185 0.417546 0.0275444 1.27002e-05 
0.00329977 0.0144948 0.199592 0.110608 0.0228745 0.0579833 0.015833 0.000151467 0.0303911 6.20881e-05 0.0994611 0.00564576 0.000920288 0.00174919 0.0924354 5.18274e-05 2.27739e-07 0.00445448 0.00701354 0.0584484 0.233922 0.0405576 5.09348e-05 
0.000210922 2.25997e-05 0.0251575 0.0978358 0.0288264 0.0330962 0.00310166 6.10033e-07 0.00721875 0.00576601 0.250609 8.83526e-07 3.88285e-06 0.000381135 0.0666754 4.19575e-07 3.68747e-05 5.56956e-05 0.00245812 0.0650375 0.37959 0.0338174 9.73477e-05 
0.000425087 4.31093e-05 0.063031 0.0259443 0.0307222 0.0155283 0.00171332 3.05719e-05 0.0260592 0.00694772 0.12873 5.17011e-06 9.12525e-06 0.001101 0.0603964 2.34205e-07 5.0124e-05 0.00402559 0.020489 0.0114476 0.597511 0.00436126 0.00142937 
0.000451322 1.04075e-06 0.164846 0.0999097 0.0106553 0.020703 0.00824806 7.13655e-05 0.0178129 8.81632e-05 0.00411641 0.0106566 0.000184106 0.00528686 0.0556564 1.40413e-07 9.51808e-08 0.00362528 0.0215891 0.00965967 0.556748 0.0096498 4.11394e-05 
9.95471e-07 0.00112019 2.16641e-11 4.40981e-07 2.32643e-06 2.34284e-06 1.02985e-07 4.39601e-10 0.00810801 0.00141765 0.350701 2.99449e-10 1.16728e-06 0.00203058 0.0183558 5.46261e-07 0.00569601 6.04009e-08 7.47855e-08 0.0315354 0.514538 0.0664893 2.2938e-10 
0.000728462 0.00107636 0.333399 0.00345974 0.000280254 0.00179989 7.76664e-05 2.21678e-06 0.00511734 7.24828e-07 0.0545662 1.16021e-05 4.05955e-06 4.63216e-05 0.0515585 1.67763e-09 0.00183235 6.79334e-10 0.0136749 0.151182 0.33784 0.0433426 1.5505e-09 
1.92552e-05 0.00314104 0.207139 0.0378328 0.00956161 0.011855 0.0261171 0.000849731 0.0246972 0.000498917 0.00482515 0.000524729 0.000476098 0.00625242 0.0423971 1.07217e-06 8.24153e-05 0.00941729 0.0195246 0.272698 0.308383 0.0137065 2.88794e-07 
0.0198614 0.00237903 0.130892 0.0837273 0.0308302 0.0355125 0.00129061 0.000743424 0.00617704 6.4111e-06 0.00714709 0.000177022 0.00982464 0.000346355 0.0380092 1.01879e-05 0.000294269 0.00622738 0.000597511 0.0900954 0.497766 0.038085 6.9059e-07 
0.000266209 1.06547e-05 0.0645003 0.0799094 0.0252818 0.0575247 0.0498844 7.90978e-05 0.0388007 0.000529458 0.0573744 0.000571678 0.0117402 0.00400697 0.0792686 1.6297e-06 0.00026801 0.00913125 0.013042 0.00384675 0.415888 0.0872061 0.000867507 
0.0795326 0.0131915 0.0963226 0.03187 0.000253661 0.00011644 0.0485929 9.56522e-05 0.00107089 0.000128082 0.00233548 0.000561884 3.35191e-07 1.94515e-05 0.000726634 5.20901e-06 1.06761e-07 0.0180851 0.00154913 0.0062719 0.69757 0.00170037 2.55722e-10 
0.00167606 0.000280001 0.00679334 0.0496245 0.00687592 0.00863582 0.00546713 0.000151009 0.0102266 0.00694668 0.0203218 0.00298826 0.000323787 0.0127386 0.018515 1.52304e-05 0.0134201 0.00286912 0.0281843 0.00399684 0.712703 0.0869706 0.0002758 
9.32253e-10 2.57107e-05 0.0432681 0.0549514 2.59654e-06 0.0204794 0.00304236 2.64388e-05 0.0529078 1.30854e-06 0.104538 0.00678884 1.43967e-09 1.39611e-05 0.0233835 1.25533e-09 1.75446e-09 0.0260355 2.84874e-07 6.8412e-07 0.597724 0.0666396 0.000170032 
0.000166885 1.88099e-05 0.268451 0.039184 0.013238 0.0611921 0.00122113 5.8017e-06 0.0216532 0.00273337 0.0187018 0.000766732 3.85435e-06 2.13409e-05 0.0272497 0.000629566 0.000316044 0.0181459 0.00644591 0.0703255 0.423184 0.0263462 3.0758e-09 
1.97839e-08 7.29508e-05 0.0925309 0.23976 0.0877499 0.0372804 0.0124139 0.000216351 0.031799 0.000592276 0.0117369 0.00586235 1.5722e-05 0.00105015 0.0778102 5.70229e-05 6.76136e-05 0.0144108 0.00208657 0.0206486 0.345719 0.0181193 3.79377e-11 
0.000948125 0.0114674 0.107322 0.0670395 0.0105112 0.0355479 0.0179081 0.000478498 0.0225424 0.0003875 0.0172776 0.0039963 2.95466e-05 0.00177884 0.116288 7.11732e-07 1.39584e-05 0.00344864 0.0418382 0.0568806 0.441241 0.04278 0.000273774 
0.00013812 9.91791e-06 0.127873 0.0859919 0.00178894 0.00372122 0.019782 1.38177e-05 0.0157053 2.29869e-07 9.99188e-06 0.00012562 1.62789e-06 4.02756e-06 0.00722032 8.54708e-09 1.98364e-08 0.000401842 0.167399 0.00720003 0.560469 0.00199752 0.000146921 
8.04902e-05 0.00121219 0.015508 0.136272 0.0332679 0.00938052 0.00205883 0.00813146 0.0510814 1.12128e-07 0.0205331 4.57475e-07 0.00229209 0.0265249 0.0928487 7.86874e-09 2.47637e-07 0.0116222 0.000453846 0.164424 0.376384 0.0479239 1.22334e-10 
0.00675818 9.48276e-06 0.0752821 0.119059 0.00745419 0.0161998 0.0188515 5.09991e-06 0.000470582 0.00997685 0.138013 4.6542e-06 2.59334e-09 0.00159835 0.142092 6.27235e-07 1.9464e-05 9.15676e-10 0.0376138 2.52843e-07 0.426584 6.48917e-06 9.03169e-07 
0.000477194 1.79302e-07 0.0771774 0.0186044 0.00222481 0.110408 0.0041838 1.40802e-06 0.0148415 8.5402e-07 0.300674 1.06258e-05 9.11664e-07 5.80748e-05 0.124887 0.000138874 9.42739e-05 0.00014004 4.87031e-05 0.000213552 0.345667 9.38743e-05 5.35739e-05 
2.67263e-06 3.62666e-06 0.00915224 0.0813253 0.00780642 0.00880996 0.000611805 0.000188969 0.00210019 1.30115e-05 0.00328737 3.37189e-05 2.28469e-06 0.000368114 0.00388786 2.25291e-06 1.13588e-05 7.91856e-05 0.000405957 0.000840806 0.878562 0.00249464 1.0548e-05 
0.000151976 0.000237735 0.00366802 0.0401872 0.000156332 0.0298487 0.00104616 0.000315735 0.00244261 1.50419e-07 0.025085 0.000286708 0.00046923 0.000617511 0.0496203 5.51141e-05 1.95681e-07 0.00254881 0.00486691 0.000353718 0.739837 0.098205 1.29402e-07 
0.000465161 1.6526e-07 0.0571422 0.0777373 0.00384362 0.122467 0.231682 1.82701e-06 0.00746986 8.98291e-05 0.00357502 0.000109878 6.11163e-05 0.0078718 0.0463835 9.2572e-08 1.58448e-05 0.00162679 0.0888206 0.0134463 0.291214 0.0458867 9.00186e-05 
0.0104987 0.000199122 0.0204607 0.0449332 0.00319496 0.0211647 0.0411989 0.018749 0.0171923 0.000267105 0.338739 3.08593e-05 2.79912e-05 0.00633906 0.0530307 0.00109159 1.5419e-07 0.0048015 0.0162316 0.000754248 0.340763 0.0602694 6.16321e-05 
1.612e-09 4.38509e-08 0.128667 0.177608 2.76066e-06 0.000318237 0.0285884 3.84476e-09 9.71068e-07 3.75432e-06 0.0917587 2.61898e-09 1.13241e-06 1.09554e-09 1.01146e-06 2.17065e-09 3.03371e-09 0.00191994 0.0455733 1.9268e-06 0.521949 0.00360564 2.00616e-09 
0.00103234 1.35356e-05 0.299718 0.0303834 0.0104879 0.0492239 0.00391766 3.15989e-05 0.0129685 0.000185998 0.0256093 0.000137456 0.000306619 0.00101132 0.12043 4.12154e-05 0.0026152 0.00398435 0.00549838 0.031273 0.379222 0.0197513 0.00215644 
2.53853e-06 3.56359e-10 0.0166003 0.0148722 0.00776119 5.9258e-07 5.11785e-07 2.79842e-09 0.00609438 1.69735e-09 0.0846749 1.90623e-09 1.81192e-09 1.58573e-06 0.01831 1.57992e-09 2.2081e-09 0.00456618 2.06897e-10 0.00195407 0.84516 1.61139e-06 1.46019e-09 
1.55211e-06 9.17857e-05 0.0796815 0.0120585 0.0262559 0.0548362 0.000483167 0.00071587 0.00471226 2.4445e-06 0.19956 9.58321e-10 0.000244162 1.58658e-06 0.0523282 7.94272e-10 1.46105e-06 0.000372531 0.000372501 0.00794275 0.540251 0.0200874 7.34083e-10 
3.74066e-10 0.000201711 0.00408758 0.228032 1.24172e-06 0.000277132 0.0132974 8.92178e-10 0.00773721 5.41141e-10 0.0554996 0.00172618 5.77667e-10 5.41887e-07 0.0363047 2.24027e-07 7.03975e-10 0.00112554 0.00219192 0.0010388 0.642821 0.00565721 9.22814e-08 
1.35487e-06 4.11506e-07 0.00203857 0.0134252 3.7918e-07 2.06497e-07 4.72853e-07 3.23148e-06 2.81602e-05 0.000197963 0.00422627 2.20123e-06 2.09232e-06 9.20787e-07 0.000610058 1.82441e-06 0.00714198 7.38772e-07 0.000191371 4.04748e-07 0.971484 0.000640874 1.68616e-06 
0.000644803 1.30391e-05 0.2016 0.0184436 0.0139415 0.150274 0.000522818 7.99878e-06 0.075617 1.51266e-05 0.00891268 8.97466e-05 0.00018066 0.000282772 0.176341 3.98549e-06 1.31686e-05 0.00728008 0.00249336 0.00378292 0.215105 0.12264 0.00179576 
0.000495434 0.0201201 0.114925 0.0469874 0.0351864 0.0630982 0.0461921 4.70351e-05 0.0830841 6.60503e-05 0.100243 0.000871445 0.000465061 0.00166843 0.0705251 3.6615e-05 2.94833e-05 0.008543 0.0733149 0.0348093 0.189492 0.109799 9.28826e-08 
2.11109e-10 0.000200288 0.188011 0.00499616 9.79577e-06 2.13325e-06 6.15213e-06 5.03511e-10 3.44509e-06 1.33157e-05 0.21645 3.42983e-10 4.0103e-06 1.43472e-10 0.0208203 1.99273e-07 3.97296e-10 1.70377e-06 2.74734e-06 6.83638e-06 0.558542 0.0109304 2.62728e-10 
5.55273e-11 1.68649e-11 0.110248 0.00932235 0.112567 0.137654 0.00556885 2.27805e-06 0.0123056 8.03284e-11 0.000460146 4.24095e-07 2.31612e-07 1.25668e-06 7.04043e-06 7.47706e-11 1.045e-10 2.11973e-07 3.16277e-07 1.79152e-06 0.593951 0.017907 1.33379e-06 
0.0034408 7.94152e-06 0.0297102 0.143809 0.000619541 0.0982059 0.00139333 3.13998e-05 0.00458816 1.31274e-08 0.0253344 1.08918e-06 1.91127e-05 0.000131287 0.0311693 4.24684e-07 1.70775e-08 0.00375368 8.3826e-05 0.00137921 0.598378 0.0579424 7.54993e-07 
6.2464e-05 1.1965e-05 0.149233 0.200281 0.00614687 0.0227523 0.0226609 7.5179e-06 0.0909616 0.000126396 0.0104504 0.0816705 0.00131591 2.12076e-05 0.0357774 8.30801e-06 2.57581e-07 0.0370333 0.0338624 0.0199041 0.224667 0.0630451 2.3228e-07 
0.000236626 5.58025e-06 0.0197462 0.214993 0.0929086 0.0171211 0.00396271 0.0010248 0.0118434 0.000123081 0.0603363 0.00122537 0.000146764 0.000115092 0.0272467 0.000106394 2.67327e-06 0.00119162 0.000335037 0.00555033 0.524785 0.0167255 0.000268532 
0.0022488 1.25164e-06 0.0475385 0.120203 0.0176887 0.12036 0.000656568 3.37483e-07 0.0256844 7.85187e-10 0.148375 0.000374333 0.148378 0.0039915 0.0130556 2.71895e-07 1.02145e-09 0.00531418 6.12219e-06 0.00923276 0.284976 0.0516067 0.000307847 
0.000256594 0.000253007 0.0724713 0.0638569 0.0547064 0.0177724 0.00755388 0.000946788 0.18501 0.0029902 0.0151328 0.00163311 0.000165784 0.00889814 0.104217 0.000300314 0.0148626 0.0156284 0.0237523 0.148349 0.227154 0.0338892 0.000200708 
3.21939e-10 8.13485e-08 0.0605125 0.0400567 0.0185923 0.0119572 4.83567e-05 5.25826e-07 0.00435634 4.65732e-10 0.228779 2.97085e-07 1.20991e-07 1.40361e-07 0.298854 1.2426e-07 6.05874e-10 0.00065329 0.000446722 0.00113468 0.329932 0.00467617 1.16807e-07 
1.96883e-05 2.31405e-05 0.0932241 0.0504276 0.0155588 0.19191 0.00866097 1.64927e-05 0.00169602 0.00046626 0.134496 2.98322e-05 0.000671345 3.04131e-05 0.0408726 4.81096e-08 8.32838e-05 0.00954428 0.00908974 0.0374773 0.391725 0.0139772 4.44639e-08 
0.000290758 1.44754e-06 0.0222619 0.0252367 0.000549214 0.00115307 0.0140667 5.49233e-07 0.0025811 1.9018e-05 0.0162438 5.95018e-06 2.7968e-07 1.62727e-05 0.00242477 5.49614e-09 7.68142e-09 0.00079489 0.00431185 4.16905e-05 0.906463 0.00353707 5.07964e-09 
2.08454e-10 1.26724e-08 0.000213311 0.118834 0.00175428 1.34346e-06 0.00387206 1.68023e-05 1.55115e-07 2.66307e-07 9.41021e-05 3.3867e-10 3.21914e-10 1.41668e-10 4.17724e-08 2.80695e-10 1.96679e-08 0.000376486 0.0706744 3.32798e-05 0.803623 0.000506361 7.93563e-07 
0.00184973 1.10121e-05 0.0455864 0.298119 0.00626948 0.028158 0.0896966 0.000249072 0.00107682 1.05489e-05 0.111166 0.00392622 0.00180133 0.00138557 0.0203416 4.09385e-06 0.00243627 0.00598844 0.00836318 0.000598792 0.351825 0.0211347 1.9136e-06 
1.55211e-06 9.17857e-05 0.0796815 0.0120585 0.0262559 0.0548362 0.000483167 0.00071587 0.00471226 2.4445e-06 0.19956 9.58321e-10 0.000244162 1.58658e-06 0.0523282 7.94272e-10 1.46105e-06 0.000372531 0.000372501 0.00794275 0.540251 0.0200874 7.34083e-10 
0.00255961 2.06236e-05 0.0545001 0.0376174 0.0131041 0.00944506 0.0159496 0.000425569 0.0394719 0.000157213 0.113396 5.81298e-07 3.08286e-07 0.0365153 0.062499 1.07717e-06 1.85042e-08 0.000952708 0.0135536 0.00429189 0.588108 0.00727249 0.000157746 
0.0323783 8.40657e-06 0.0215671 0.115769 0.0123303 0.0200774 0.000620947 2.37735e-05 1.892e-05 6.65217e-05 0.286766 4.14995e-06 5.30222e-05 0.0186508 0.0279969 1.04706e-06 1.78465e-07 0.000628791 0.0237447 0.0596263 0.315883 0.0637746 9.23195e-06 
