0.000276756 3.59933e-06 0.0655228 0.00762618 0.011773 0.109655 0.00076959 2.57341e-07 0.0015213 0.000192906 0.00660554 0.000505558 0.00183535 0.00189297 0.171571 1.93894e-06 1.10543e-07 4.53982e-05 0.00166379 0.00139732 0.328443 0.288697 1.68858e-07 
1.06701e-11 6.51394e-10 0.0863676 0.258196 5.93655e-07 2.09136e-07 0.185228 1.06962e-05 0.0472454 5.18648e-06 0.0356158 0.00115492 1.64777e-11 3.74185e-07 0.0558446 0.00045216 5.44205e-07 0.0140454 0.0109872 0.0019275 0.268047 0.0348716 1.32791e-11 
9.2547e-06 0.000357461 0.0323091 0.0551598 0.0041417 0.00894468 0.0846965 0.000234301 0.00890897 3.39323e-07 0.320694 2.24512e-06 1.27656e-06 0.000320893 0.0723999 0.000107204 0.0343565 0.000104953 0.000198805 0.00370234 0.365024 0.00832565 1.98783e-07 
1.80768e-06 7.28724e-05 0.0433649 0.0056677 0.0351181 0.18163 9.91188e-07 9.2571e-07 0.0423571 0.000358836 0.0080525 5.05435e-09 4.14228e-07 0.00125614 0.0493919 1.32292e-05 2.50058e-06 3.72539e-05 0.000127201 0.18241 0.350361 0.0997751 3.87167e-09 
0.00104624 9.52213e-06 0.342582 0.0295339 0.0194407 0.00689478 0.00658959 4.19811e-05 0.00746908 4.13401e-06 0.0103483 8.43683e-05 4.86446e-05 0.000255035 0.100668 3.70341e-06 6.61982e-06 0.00131101 0.00808378 0.0449879 0.413035 0.00755547 2.62578e-07 
4.15508e-08 2.55941e-08 0.38612 0.0087784 0.00331872 0.0442422 0.000261973 4.22023e-06 0.0148125 0.000269254 6.40806e-06 4.48614e-08 1.84668e-05 2.04013e-08 0.0214435 6.93607e-09 5.20456e-07 0.00236207 0.0305625 0.0005448 0.470561 0.0166938 4.59981e-11 
5.97109e-08 1.51004e-11 0.0254063 0.103057 0.00320627 3.82673e-07 0.032541 0.00396684 0.148277 7.19239e-11 7.52677e-08 8.07751e-11 7.67786e-11 0.000246164 0.105612 4.02355e-08 1.34745e-06 0.0301714 3.33159e-07 5.59641e-06 0.547508 1.63908e-07 2.41373e-07 
0.000236595 7.01497e-06 0.114827 0.0289251 0.0059872 0.0477007 0.00048036 2.12102e-05 0.00455151 6.03055e-06 0.0170196 8.89366e-06 1.72197e-05 0.000277278 0.00636705 7.51553e-06 3.9607e-07 0.000412025 0.000516181 0.0326902 0.735207 0.00471856 1.62244e-05 
7.50467e-05 7.24115e-05 0.0226768 0.164322 0.0150747 0.0105149 0.00854233 0.00273683 0.0111029 3.38042e-05 0.115572 0.00132249 0.000384806 0.00126988 0.0599557 0.000198542 0.0112628 0.00589604 0.0401273 0.0363196 0.471364 0.0211685 6.46567e-06 
3.9492e-05 8.96728e-05 0.0197689 0.00677252 0.00505595 8.44233e-06 8.10256e-06 9.3365e-06 0.183198 0.0651047 0.0725353 0.000433618 0.000504617 0.0201287 0.00366773 1.23037e-05 0.000103477 0.00295374 7.24e-06 0.00356108 0.428353 0.187383 0.000301265 
0.000415655 2.93919e-05 0.0725746 0.247782 0.0441779 0.0174947 0.060343 0.000303928 0.0323034 0.00122857 0.0375596 0.000279705 3.96097e-06 0.00141139 0.0598876 3.95946e-07 4.46052e-05 0.00342865 0.0934038 0.0398184 0.26337 0.0241191 1.97032e-05 
9.52143e-05 0.000327711 0.0499181 0.0318219 0.0166759 0.016962 0.00602641 9.20071e-05 0.0661265 8.23688e-06 0.0431039 0.000551993 3.56826e-05 0.00279882 0.100284 5.90329e-07 1.67586e-05 0.00538568 0.0551292 0.00545635 0.587727 0.0113617 9.40047e-05 
3.54817e-06 4.32237e-06 0.124206 0.0548042 0.00148838 0.00641408 0.000902668 1.08518e-06 0.000684735 2.21709e-09 0.0081536 2.00201e-06 0.00584392 3.36781e-05 0.0257387 2.57125e-07 1.19343e-06 1.28282e-05 0.000244249 0.00563196 0.763622 0.00220739 1.90731e-09 
0.000348737 3.63034e-06 0.175101 0.0291663 0.0357399 0.00590783 0.00245236 5.61325e-05 0.204286 0.000395588 0.0123078 2.33118e-07 6.09092e-05 1.79619e-06 0.0596043 6.99463e-09 4.35105e-07 0.0101391 0.0146062 0.00437489 0.33203 0.113229 0.000187812 
0.00059274 6.86896e-06 0.159449 0.0725325 0.00220138 0.00620538 0.019447 8.19163e-06 0.000257464 7.04396e-09 0.0126258 0.000285673 4.39647e-05 0.0204858 0.0363437 3.71913e-08 5.74423e-05 0.000407416 0.0246114 0.00951137 0.627963 0.00696383 4.38181e-10 
0.000588223 0.000337427 0.155541 0.0292284 0.0255386 0.0717111 0.00444971 0.00579601 0.156108 0.000518649 0.0593673 0.047202 0.00179607 0.00143553 0.152307 3.14899e-05 6.4522e-06 0.00636744 0.00809832 0.0196127 0.170588 0.0691207 0.0142494 
3.21939e-10 8.13485e-08 0.0605125 0.0400567 0.0185923 0.0119572 4.83567e-05 5.25826e-07 0.00435634 4.65732e-10 0.228779 2.97085e-07 1.20991e-07 1.40361e-07 0.298854 1.2426e-07 6.05874e-10 0.00065329 0.000446722 0.00113468 0.329932 0.00467617 1.16807e-07 
0.00136545 5.19208e-06 0.0229306 0.00260007 0.00137346 0.00800849 2.02886e-07 2.07366e-07 0.000252324 1.27049e-08 0.00115331 0.000120724 3.00143e-05 0.0397432 0.00362762 4.13423e-10 5.77801e-10 0.000315352 0.000685375 0.00460606 0.905495 0.00768773 3.82094e-10 
0.00675581 9.44759e-05 0.0215632 0.022232 0.00528674 0.0841416 0.000348488 5.15947e-05 0.00606718 0.00127582 0.0665854 0.0199718 0.000452463 0.000629543 0.144922 4.74875e-08 2.32529e-05 0.0870598 0.00339277 0.0956649 0.283407 0.150074 2.11356e-07 
0.000202562 2.57105e-06 0.120331 0.0663699 0.00145421 0.00883213 0.152765 7.6753e-10 0.0672434 9.78278e-07 0.0384414 0.00047378 2.29079e-06 0.000341859 0.0611605 1.20159e-07 6.05621e-10 0.0214165 0.00435414 0.012704 0.37482 0.0690818 1.92525e-06 
0.000363393 0.00592592 0.092242 0.167011 0.0805953 0.113317 0.00433339 0.000126059 0.0147143 0.00417432 0.016096 0.000569839 0.000208836 0.018455 0.143779 6.67195e-07 7.06104e-06 0.034924 0.0430858 0.0221843 0.203356 0.0313108 0.00321994 
8.67517e-05 0.197843 0.0557901 0.0569952 0.0104599 0.000962054 0.00153974 0.000617354 0.0433803 0.00427273 0.0888706 1.9451e-05 1.84339e-07 0.253492 0.00796785 0.000733929 9.12651e-05 3.24271e-05 9.93627e-05 0.00261203 0.263321 0.00899499 0.00181786 
2.08454e-10 1.26724e-08 0.000213311 0.118834 0.00175428 1.34346e-06 0.00387206 1.68023e-05 1.55115e-07 2.66307e-07 9.41021e-05 3.3867e-10 3.21914e-10 1.41668e-10 4.17724e-08 2.80695e-10 1.96679e-08 0.000376486 0.0706744 3.32798e-05 0.803623 0.000506361 7.93563e-07 
1.82914e-10 1.4659e-05 0.0859371 0.130661 0.114081 0.02694 0.00855402 0.000204394 0.0696374 7.57388e-06 0.00181177 0.00129081 3.17948e-07 0.012201 0.000854579 3.46483e-07 3.8595e-06 0.00385856 0.0678477 0.00488435 0.453113 0.0164504 0.00164616 
0.000312642 5.28265e-05 0.0729195 0.110189 0.0458113 0.0296035 0.00626955 8.43357e-05 0.0065642 2.25533e-05 0.109141 0.00109151 0.000320386 0.03046 0.0746487 0.000124086 0.000196193 0.00626146 0.0030754 0.0091925 0.271577 0.221965 0.000119084 
4.13466e-10 2.09056e-06 0.0567127 0.0960614 0.0141803 0.0108293 0.00100488 1.31317e-06 0.088583 0.000262665 0.0107418 1.53815e-07 1.55944e-07 0.000138697 0.00251337 1.83772e-07 7.78124e-10 0.00926757 0.0764499 0.00438441 0.621804 0.00396809 0.00309417 
0.000253183 3.89265e-05 0.0188054 0.263916 0.0102571 0.0232931 0.0459939 8.51989e-05 0.0136759 0.00689633 0.139286 7.26672e-05 1.44427e-07 0.000623971 0.0553408 2.85096e-07 5.00494e-05 0.000425834 0.00860152 0.00129768 0.3974 0.0135531 0.000132803 
0.000571804 6.04665e-05 0.0554776 0.0901924 0.0119297 0.0483173 0.0988661 6.87964e-05 0.00281035 0.000126189 0.044448 9.86881e-06 1.22819e-06 0.193504 0.0902366 9.79264e-06 0.0112071 3.06532e-05 0.00216928 0.0173608 0.230977 0.101623 2.73846e-06 
0.00115439 0.00259304 0.116727 0.1243 0.00416897 0.0468827 0.0383166 1.24878e-05 0.0076774 1.80769e-05 0.195478 0.00360184 8.8157e-05 0.00066278 0.0521792 9.50748e-08 6.88281e-10 0.00620186 0.0010067 0.127813 0.217015 0.0539703 0.000131953 
0.000965734 0.000778649 0.171048 0.0934618 0.0162759 0.0459738 0.0283168 0.000204719 0.0298657 0.00250084 0.0365145 0.00182939 0.000889568 0.00362881 0.121678 8.15266e-06 0.000449543 0.00784192 0.0359069 0.0316567 0.336163 0.0321979 0.00184342 
0.000549135 0.000191608 0.029658 0.259246 0.0388668 0.0044543 0.127867 0.00783758 0.00193868 0.000230196 0.0297678 0.000118193 1.62858e-05 0.000304486 0.0115337 2.0613e-06 8.63402e-05 0.00339232 0.0659604 0.0334797 0.382742 0.00175687 1.60345e-07 
2.08454e-10 1.26724e-08 0.000213311 0.118834 0.00175428 1.34346e-06 0.00387206 1.68023e-05 1.55115e-07 2.66307e-07 9.41021e-05 3.3867e-10 3.21914e-10 1.41668e-10 4.17724e-08 2.80695e-10 1.96679e-08 0.000376486 0.0706744 3.32798e-05 0.803623 0.000506361 7.93563e-07 
8.60953e-07 2.61492e-07 0.000214015 0.0275231 0.121147 0.00408888 0.00076582 2.05344e-06 0.0119393 1.2455e-06 0.000525708 1.39877e-06 1.32956e-06 5.85114e-07 0.00109828 5.72584e-05 1.62027e-06 0.00240246 0.00233323 0.000156156 0.816715 0.00926271 0.001762 
0.000802064 1.12901e-08 0.0115576 0.000709806 0.000520374 0.00036604 7.67614e-05 5.40368e-08 7.70017e-09 3.23347e-09 0.00111512 5.27982e-08 2.73887e-08 1.0452e-07 0.000231685 2.80315e-11 3.91769e-11 2.28911e-06 2.8843e-07 0.000113807 0.983983 0.000520686 2.59073e-11 
0.0829218 0.0164873 0.0969542 0.032895 0.000317004 0.000102315 0.0607401 0.00011949 0.00071696 0.000160025 0.00291923 0.000702185 3.08304e-07 2.42908e-05 0.000908238 6.4842e-06 9.34848e-08 0.0209676 0.00193625 0.00783952 0.671156 0.00212539 2.25105e-10 
6.3194e-07 2.30051e-05 0.0440362 0.00411969 0.0317864 0.00702399 3.14086e-07 3.22559e-07 0.0608307 5.80312e-05 0.00616351 3.14382e-07 1.63862e-07 0.00811725 0.0185598 1.66013e-09 2.32021e-09 0.0017648 1.70778e-06 0.0128454 0.803286 0.00137907 2.13383e-06 
4.28433e-05 0.000463801 0.093053 0.0217472 0.00181647 0.0492327 0.00183693 2.97228e-06 0.000611384 1.1878e-08 0.20077 1.33397e-08 2.33774e-07 4.11945e-07 0.289074 1.19351e-06 9.85323e-06 0.000520842 0.00165923 0.00639093 0.326944 0.00581703 5.06051e-06 
4.63505e-06 6.12249e-06 0.0189818 0.0189 0.00151283 0.0273222 4.94918e-11 5.45967e-07 0.0120191 2.28942e-06 0.231609 3.06591e-06 4.91858e-07 9.63756e-11 0.00964818 1.90955e-10 7.61973e-07 7.73247e-11 0.000172171 0.00384473 0.652104 0.0238672 1.76484e-10 
8.04902e-05 0.00121219 0.015508 0.136272 0.0332679 0.00938052 0.00205883 0.00813146 0.0510814 1.12128e-07 0.0205331 4.57475e-07 0.00229209 0.0265249 0.0928487 7.86874e-09 2.47637e-07 0.0116222 0.000453846 0.164424 0.376384 0.0479239 1.22334e-10 
0.000378876 3.9578e-05 0.0636211 0.0884449 0.000783746 0.0104274 0.0845062 0.00100677 0.00158074 0.00190114 0.133459 0.000301149 0.000354291 0.00161115 0.197915 4.85776e-05 0.0851809 0.0623001 0.0385427 0.0030403 0.222205 0.00235145 2.16884e-10 
0.00453353 5.25595e-05 0.0748182 0.108719 0.035122 0.0105052 0.0214475 2.74798e-05 0.00594901 0.000280892 0.0123863 0.000304832 4.92992e-06 0.00301618 0.0127958 8.39084e-07 5.58638e-08 0.00128348 0.000835707 0.00373349 0.701356 0.00280468 2.31339e-05 
6.01978e-05 7.81502e-06 0.014617 0.0477964 0.00625701 0.00345902 0.00111589 2.48016e-06 0.0198483 0.000535804 0.383823 0.000316232 4.36528e-06 0.000356089 0.00524005 1.3087e-05 2.93205e-06 0.000114076 0.00485876 0.00563945 0.505892 3.8871e-05 1.16237e-06 
9.96462e-06 5.62039e-06 0.00642658 0.0712695 0.00242819 0.00680331 0.000541909 2.43005e-05 0.00928058 3.34541e-07 0.00131949 3.75711e-07 3.57122e-07 1.57162e-07 0.00735404 3.11395e-07 2.54091e-06 1.30359e-05 0.00169847 8.49426e-05 0.891044 0.00167264 1.89489e-05 
0.000187676 0.000170335 0.212651 0.0598307 0.00715307 0.0349968 0.00366033 3.57534e-05 0.00929514 0.000499744 0.130892 0.000858371 2.44245e-05 0.00524686 0.140445 0.000757492 0.00139652 0.0089083 0.00541926 0.12214 0.220025 0.0354022 3.92305e-06 
0.00010839 2.41919e-05 0.0857305 0.00202256 0.0125952 0.0157714 0.00219437 3.55143e-05 0.00852891 2.87388e-05 0.0196419 0.00102636 7.50454e-05 2.73881e-05 0.0238559 1.36422e-05 3.31721e-06 0.031752 4.40655e-05 0.0114168 0.760135 0.0249481 2.09683e-05 
4.54754e-05 0.000155569 0.0232865 0.0385388 0.0135552 0.0034748 0.000628765 0.00639221 0.0127393 0.0715876 0.0156342 0.000110675 8.12152e-05 0.00786501 0.0151454 1.57301e-05 1.8432e-06 0.000483909 0.0018125 0.116654 0.649954 0.0216177 0.000218991 
0.00013812 9.91791e-06 0.127873 0.0859919 0.00178894 0.00372122 0.019782 1.38177e-05 0.0157053 2.29869e-07 9.99188e-06 0.00012562 1.62789e-06 4.02756e-06 0.00722032 8.54708e-09 1.98364e-08 0.000401842 0.167399 0.00720003 0.560469 0.00199752 0.000146921 
0.000427571 0.000813332 0.0178434 0.271456 0.0266353 0.0133117 0.0331588 0.000250795 0.0328058 0.000380635 0.108425 8.13162e-05 3.35174e-05 0.00351505 0.0300077 1.55704e-05 5.36217e-05 0.0130299 0.015925 0.0110718 0.404622 0.0155214 0.00061418 
0.000501442 4.91571e-05 0.101551 0.0745989 0.0184367 0.119728 0.0222723 4.68081e-05 0.0557095 0.0131885 0.143839 1.82936e-07 0.000426925 0.000109437 0.00178525 9.35693e-08 2.54867e-10 0.00796367 0.000272494 0.00180272 0.323161 0.114464 9.30413e-05 
0.00332595 1.3789e-06 0.024116 0.029424 0.00527259 0.0546189 0.000466397 6.88664e-05 0.00300563 1.67043e-08 0.0146588 6.37541e-06 0.000423647 0.000231914 0.0294885 1.23511e-06 2.17308e-08 0.000186392 0.00120807 0.00214868 0.804538 0.0267848 2.35924e-05 
2.41503e-05 4.53507e-06 0.0368615 0.136407 0.000363811 0.00515808 0.103309 0.000188009 0.00158579 0.00104884 0.00853818 1.53321e-05 4.30875e-06 1.43281e-05 0.166835 5.70249e-06 5.40214e-07 0.0127438 0.0392718 0.000170455 0.479951 0.00749492 4.42384e-06 
0.00366893 0.000342551 0.0330951 0.0330768 0.00791406 0.0288274 0.00568345 0.000190139 0.0735237 0.00100827 0.274027 0.00133032 0.000381871 0.00206063 0.0576134 3.39124e-05 0.0314067 0.0284342 0.00675628 0.04121 0.318962 0.0485763 0.0018769 
5.56242e-07 2.67843e-05 0.252082 0.0225862 0.243455 0.0280538 0.00150325 3.74086e-08 0.00898302 0.00161395 0.0463931 4.44814e-06 0.000180367 5.91743e-08 0.0789291 5.55641e-12 2.0975e-08 3.33023e-08 0.000488726 0.0124941 0.287027 0.016179 5.13535e-12 
3.03866e-08 1.76893e-06 0.0380498 0.134645 0.0161336 0.00675676 0.05005 1.64572e-06 0.0394969 0.000150023 0.0164949 6.53388e-10 7.07271e-07 0.000541187 0.0791266 2.04441e-06 0.000169828 0.00245409 0.0604103 0.000109163 0.544908 0.0104987 5.00501e-10 
0.000306631 0.00013332 0.0542699 0.012268 0.0149895 0.144869 0.000300455 9.92518e-08 0.0323294 0.000870812 0.213648 8.43753e-07 3.84765e-05 0.00384258 0.17613 0.00011424 0.00160341 2.80403e-05 5.42362e-05 0.00416454 0.233964 0.106074 4.0398e-08 
1.39409e-05 0.000105787 0.190796 0.115052 0.00221207 0.119269 0.0518658 0.00016576 0.0198686 0.000120637 0.0131348 0.000208025 7.77722e-06 0.00255826 0.0386567 3.62779e-06 0.00134351 0.0189891 0.0317135 0.165913 0.219798 0.00819138 1.33873e-05 
0.000180807 7.71941e-08 0.000694978 0.00118707 0.00701838 0.0169161 0.000690898 1.26819e-07 0.0488299 0.017787 0.0578102 0.00029623 1.51193e-10 3.45393e-07 0.230898 1.06555e-06 2.18758e-07 0.00177797 0.000274178 2.01699e-07 0.580704 0.0349311 1.03833e-06 
1.20712e-07 3.34704e-05 0.0386489 0.35108 0.0248445 0.0120589 0.0496509 7.37812e-05 0.0182329 0.000116629 2.99026e-07 0.000929653 1.25616e-05 0.000179209 0.0202506 3.88977e-06 1.67193e-05 0.0257143 0.056742 0.0050937 0.366668 0.0296487 1.75782e-07 
0.000289637 0.000380501 0.102425 0.0498453 0.017709 0.0174001 0.00193754 0.00161702 0.0105374 4.93883e-07 0.0274608 2.63293e-05 0.000514383 0.0101867 0.119637 3.9929e-07 0.000235757 0.00276561 0.00301245 0.0395241 0.553415 0.0410792 8.69748e-11 
0.000139502 2.17001e-07 0.0520257 0.269319 0.00203259 0.0502842 0.11119 8.99638e-07 0.0174567 4.02918e-05 0.000654369 3.58855e-09 0.000104555 3.13903e-05 0.121712 6.0717e-08 3.46409e-07 0.000244629 0.00237317 0.00234976 0.32927 0.0407672 2.62655e-06 
0.000431426 0.0160706 0.0350741 0.0994903 0.0351778 0.0316665 0.00547192 7.97859e-05 0.039078 1.16832e-05 0.0294814 3.97832e-05 0.000693808 0.00244311 0.0791459 2.33892e-05 9.83958e-05 0.0136089 0.00734245 0.0134476 0.511814 0.079011 0.000297686 
0.0429152 3.53419e-06 0.0611058 0.133625 0.151956 0.0983824 0.00168375 0.000196101 0.081929 0.000340665 0.0842964 0.00236736 7.88669e-06 6.55977e-05 0.068475 3.63416e-08 2.63512e-06 0.00852597 0.00100957 0.00158811 0.179169 0.0818425 0.000513203 
0.00234526 0.000885107 0.0279388 0.183505 0.00543894 0.00418941 0.0810483 2.04367e-05 0.0147334 0.0027 0.0699149 0.000112804 2.61953e-05 0.0298234 0.00846894 3.52715e-08 8.17349e-08 0.00311595 0.0957104 0.0219721 0.445663 0.00238751 1.16393e-07 
0.00136545 5.19208e-06 0.0229306 0.00260007 0.00137346 0.00800849 2.02886e-07 2.07366e-07 0.000252324 1.27049e-08 0.00115331 0.000120724 3.00143e-05 0.0397432 0.00362762 4.13423e-10 5.77801e-10 0.000315352 0.000685375 0.00460606 0.905495 0.00768773 3.82094e-10 
0.000348494 8.51541e-06 0.25235 0.0827711 0.000652764 0.01957 0.00814318 2.83548e-05 0.00146134 1.49833e-07 0.0241121 0.000250218 1.36349e-05 0.000614253 0.0599839 2.5963e-05 1.112e-06 0.000122363 0.00061595 0.0306188 0.513399 0.00488253 2.62771e-05 
8.04902e-05 0.00121219 0.015508 0.136272 0.0332679 0.00938052 0.00205883 0.00813146 0.0510814 1.12128e-07 0.0205331 4.57475e-07 0.00229209 0.0265249 0.0928487 7.86874e-09 2.47637e-07 0.0116222 0.000453846 0.164424 0.376384 0.0479239 1.22334e-10 
0.0869342 0.000969911 0.168826 0.112412 0.00313234 0.0240607 0.00657703 4.30877e-05 0.0285404 0.00630073 0.15151 0.000177226 4.22155e-07 0.00988328 0.0698234 8.22086e-08 0.000525882 0.00657463 0.046687 0.0805085 0.190528 0.00598576 6.96624e-10 
0.00437681 0.002989 0.0696026 0.0667824 0.0207666 0.0211755 0.040535 8.0962e-05 0.00369319 0.000309396 0.0221253 0.000778492 0.00604364 0.254582 0.020449 1.82959e-06 1.71148e-05 0.000864201 0.0111115 0.0148286 0.393837 0.0385152 0.00653477 
0.000682142 3.23672e-08 0.00355738 0.00497337 0.000262486 0.00182563 0.00380482 0.00053402 0.000896968 1.54166e-07 0.0011023 1.73138e-07 1.64572e-07 0.000659138 0.00141668 0.000157993 0.00102303 0.00124939 0.000550624 0.000375692 0.976026 0.000450676 0.000451058 
0.00145997 5.93981e-06 0.0701781 0.0592887 0.00759824 0.020218 0.00218612 4.21766e-05 0.00241645 6.84396e-09 0.00317249 1.0388e-07 1.33613e-05 0.000116213 0.0231545 2.10202e-05 2.20574e-07 0.000446586 0.0203285 0.00734556 0.756352 0.0256557 4.96098e-10 
3.78672e-05 2.0058e-10 0.0108289 0.00275529 0.0781204 0.0223111 9.41853e-05 1.57512e-09 0.0176792 3.1442e-05 0.00781664 1.59923e-06 1.01986e-09 4.48818e-10 0.00182669 8.89271e-10 1.16876e-06 0.00437041 5.13209e-08 0.00109298 0.847213 0.00552781 0.000291194 
0.000536129 4.25226e-08 0.0281904 0.0061616 0.000347799 0.00413368 5.14575e-05 2.03684e-07 2.90013e-08 1.24155e-08 0.00383595 1.98892e-07 1.03296e-07 0.000356359 0.00131911 3.40311e-10 4.7562e-10 1.59205e-06 1.08501e-06 7.62118e-05 0.95464 0.000348044 3.14523e-10 
1.14848e-07 1.7079e-05 0.0933544 0.0127965 0.125737 0.0217917 0.000114935 3.96021e-05 0.010451 1.66145e-07 0.0121178 1.86591e-07 1.77359e-07 0.0109643 0.103933 0.000115436 2.16139e-07 0.233225 0.000148926 0.00401158 0.336695 0.034486 1.4293e-07 
0.000117072 0.000175259 0.0173632 0.0559731 0.0649969 0.093238 0.00672363 0.0200728 0.103547 7.92507e-05 0.149051 0.0022943 0.000503948 0.00351957 0.159809 0.0237352 7.02847e-05 0.00287143 0.0117949 0.0127471 0.226946 0.0434749 0.000896114 
3.32738e-10 2.66559e-05 0.161688 0.0618991 0.0163247 0.0181541 0.0102107 4.29871e-05 0.00234283 9.18342e-05 0.194306 7.1097e-05 0.00863251 0.00296755 0.213269 2.32175e-09 1.99467e-07 0.00263329 0.00536203 0.00801438 0.264017 0.0298979 4.82183e-05 
0.00610642 0.000154388 0.237306 0.0248566 0.00497008 0.0405294 0.0139856 6.15535e-06 0.0104785 3.53093e-07 0.080281 9.45244e-05 1.88004e-06 0.00233383 0.247583 7.74124e-05 0.000449105 0.012322 0.0232383 0.0153888 0.262975 0.0168618 7.28675e-07 
0.000172835 0.000818965 0.161026 0.103678 0.0229654 0.0386888 0.0402131 0.00563441 0.0502645 7.7478e-05 0.136089 0.000989237 1.80025e-05 0.00525366 0.0885556 1.23966e-05 0.00273684 0.0283845 0.0237714 0.073776 0.187028 0.0180667 0.0117791 
9.74199e-05 0.000146986 0.000112653 0.0279385 0.0247076 0.000400384 0.0446031 7.46084e-07 0.041722 3.16702e-05 0.0696996 0.000298513 4.83075e-07 0.000341085 0.00228111 4.2122e-07 0.000122422 0.000144899 0.00621337 2.58493e-06 0.781134 4.22635e-08 3.89301e-07 
0.000679087 1.55717e-06 0.0116169 0.203155 0.00327809 0.021572 0.230504 0.00012763 0.0112476 0.00206654 0.0402366 0.000413934 1.15106e-10 0.00135612 0.0304451 1.04917e-06 2.47595e-08 0.000647147 0.010249 0.0105271 0.41508 0.00667909 0.000116277 
0.000170144 2.62543e-11 0.14087 0.0785342 0.0211868 0.190411 0.00127422 0.000504634 0.0126031 4.27157e-07 0.00285195 0.000151648 0.00040449 4.34263e-07 0.0804016 3.52697e-05 1.62678e-10 7.52022e-08 0.000994332 1.43795e-07 0.409615 0.0595849 0.000406204 
0.00318881 0.00013774 0.144069 0.101513 0.0120468 0.0314938 0.0138634 0.00303246 0.0497573 0.00197455 0.130639 0.00254439 0.000229575 0.00248607 0.180294 5.96897e-05 0.0083321 0.020675 0.0201157 0.00923231 0.215391 0.0486293 0.000293891 
4.87554e-05 9.99132e-05 0.0157759 0.00529733 0.00413489 3.81516e-05 2.1315e-05 0.000124755 0.143458 0.0527596 0.0567614 0.000430845 0.000445892 0.0159808 0.00297004 3.35928e-05 0.000319787 0.00252644 2.02434e-05 0.00287894 0.549008 0.146413 0.000451697 
6.3194e-07 2.30051e-05 0.0440362 0.00411969 0.0317864 0.00702399 3.14086e-07 3.22559e-07 0.0608307 5.80312e-05 0.00616351 3.14382e-07 1.63862e-07 0.00811725 0.0185598 1.66013e-09 2.32021e-09 0.0017648 1.70778e-06 0.0128454 0.803286 0.00137907 2.13383e-06 
0.000287883 0.00013731 0.125963 0.0552041 0.0220923 0.0201135 0.111367 0.000796538 0.00251433 0.00103222 0.167276 0.000998718 0.000269114 0.0826197 0.0129632 3.01491e-05 5.49264e-05 5.56957e-05 0.00668602 0.00176272 0.349643 0.0377703 0.000362481 
0.00210197 1.63051e-05 0.045089 0.0308824 0.00914891 0.00849408 0.00681859 7.62889e-05 0.021863 2.16875e-05 0.0585208 0.000231768 7.13551e-06 0.000121549 0.0277282 2.75564e-05 3.54284e-05 0.000404655 0.000301175 0.000817108 0.781316 0.00586399 0.000112088 
0.000455379 7.69771e-06 0.0630148 0.105453 0.00579141 0.0279536 0.00948155 4.30868e-05 0.00740312 8.26402e-05 0.0331082 0.000117763 0.00053994 0.00416514 0.022847 2.30463e-05 9.28833e-06 0.00252756 0.0334187 0.00644843 0.662254 0.0148283 2.5926e-05 
0.00147379 9.65516e-05 0.0749236 0.152663 0.00545277 0.0137122 0.0130803 4.46773e-05 0.00285148 2.47105e-05 0.163975 8.08475e-05 1.22441e-08 0.00893324 0.021073 5.40996e-07 0.00146097 0.00720875 0.0650284 0.0328922 0.426372 0.00865262 6.47569e-10 
0.0433667 1.7166e-08 0.0287017 0.223371 0.000515401 0.0399699 0.168598 9.00676e-05 0.0689675 2.77387e-10 2.06756e-05 1.3205e-07 0.000636328 1.68131e-07 0.00410256 2.58195e-10 3.95241e-07 7.96399e-05 0.0171325 6.48776e-05 0.402742 0.00164046 2.3863e-10 
0.00013812 9.91791e-06 0.127873 0.0859919 0.00178894 0.00372122 0.019782 1.38177e-05 0.0157053 2.29869e-07 9.99188e-06 0.00012562 1.62789e-06 4.02756e-06 0.00722032 8.54708e-09 1.98364e-08 0.000401842 0.167399 0.00720003 0.560469 0.00199752 0.000146921 
5.36114e-07 7.30193e-07 0.0486956 0.0686163 0.00613909 0.00999397 8.40257e-07 1.35871e-07 0.00146093 0.00246999 0.0411626 3.79252e-06 0.000153786 3.14546e-07 0.0378602 8.04276e-10 1.12406e-09 1.36768e-05 0.000311493 0.00878515 0.75895 0.0149084 0.000472753 
5.47706e-08 0.000207691 0.0821694 0.00097734 0.0509093 0.0839126 0.000688955 3.47288e-05 0.00997352 0.000903288 0.0142326 0.00133193 0.000398728 0.0301573 0.203342 4.09302e-07 0.000127409 0.00209933 0.00393925 0.0482989 0.23798 0.227585 0.000730692 
3.31316e-05 2.22256e-08 0.00191449 0.181921 1.44905e-06 1.30338e-05 0.0847923 6.05423e-05 0.00254832 0.000136007 0.000129737 5.21799e-07 0.0457276 8.62257e-07 0.000245632 4.49483e-07 1.31675e-09 0.000608831 0.184056 0.00288863 0.494896 2.50016e-05 9.24769e-08 
0.000471704 7.45022e-05 0.104336 0.083461 0.00769908 0.0782409 0.0208133 6.39678e-05 0.0147676 0.000221858 0.108971 0.000824076 3.33522e-05 0.000278982 0.188391 2.4171e-06 6.08083e-05 0.00736507 0.0150576 0.00994219 0.323864 0.0344689 0.000591146 
6.51776e-05 4.94326e-05 0.11752 0.157505 0.00926872 0.023353 0.0256893 0.00034494 0.0150974 0.00112745 0.100703 0.0385259 3.45851e-05 0.000180708 0.153117 6.49174e-06 0.000993473 0.00333287 0.0892061 0.00113959 0.244325 0.0184143 5.50404e-10 
5.50806e-05 0.000126827 0.00570468 0.164613 0.002184 0.0048339 0.00114601 8.95278e-06 0.0134658 0.00218796 0.124054 0.00127659 0.000109046 0.00903734 0.311292 0.00136886 0.00252028 0.00078214 0.00337154 0.0176501 0.325218 0.00896493 2.88315e-05 
2.23409e-05 2.23585e-05 2.23632e-05 0.096186 2.23591e-05 2.23623e-05 2.23574e-05 2.23058e-05 2.2361e-05 2.23296e-05 0.0223827 2.23251e-05 2.23271e-05 2.23491e-05 2.2364e-05 2.23322e-05 2.23186e-05 2.23523e-05 2.23617e-05 2.23586e-05 0.880984 2.23628e-05 2.23348e-05 
0.000461468 2.33564e-05 0.0526201 0.0330671 0.00666057 0.0114071 0.00664118 3.69685e-06 0.00402319 0.00397498 0.0775935 0.0110619 0.000271903 0.000218876 0.0308888 6.161e-09 0.000139743 0.00845267 0.000934298 0.00064834 0.731487 0.0121811 0.0072387 
5.72604e-05 7.0991e-05 0.228402 0.118404 0.0119786 0.000584235 0.00894699 6.6079e-05 0.0823627 5.6495e-07 0.0186596 0.000461806 1.0795e-07 0.00126219 0.128666 2.10839e-08 1.19588e-05 0.00886249 0.0540146 0.0174782 0.313892 0.00581666 1.41518e-06 
0.0203109 5.35584e-05 0.00134181 0.248278 0.000469899 0.00427732 0.13625 0.000245382 0.0154755 0.00587504 0.189633 0.000215793 3.17728e-05 0.0185106 0.00170611 9.5646e-06 0.00157791 0.000288329 0.0332949 0.00053911 0.316914 0.00452816 0.000173928 
4.23821e-09 4.55596e-07 0.209828 0.00468337 0.0179458 0.0134942 9.84248e-05 7.95583e-05 0.005309 6.1312e-09 0.00404835 0.000826598 0.000447688 0.0270978 0.19751 2.50674e-07 2.1675e-05 0.000170265 0.00697595 4.33385e-06 0.472251 0.0392076 5.27453e-09 
0.00013812 9.91791e-06 0.127873 0.0859919 0.00178894 0.00372122 0.019782 1.38177e-05 0.0157053 2.29869e-07 9.99188e-06 0.00012562 1.62789e-06 4.02756e-06 0.00722032 8.54708e-09 1.98364e-08 0.000401842 0.167399 0.00720003 0.560469 0.00199752 0.000146921 
1.07495e-05 1.24824e-05 0.0629635 0.00351095 0.00657744 0.000763395 0.000534572 5.9229e-06 0.00784161 0.000287838 9.67589e-05 1.18585e-05 2.97388e-05 1.05394e-05 0.0172215 2.34114e-06 4.86034e-06 0.000749228 0.00392311 0.0556666 0.839159 0.000615386 5.88194e-07 
0.000533881 0.000241065 0.0326271 0.0544082 0.001517 0.0217704 0.0105704 7.84066e-06 8.19506e-05 3.36964e-10 0.0762513 3.78432e-10 3.59708e-10 0.000169747 0.000559074 3.1365e-10 1.83402e-05 0.00171561 0.0178107 6.98705e-08 0.78108 0.00063716 3.65942e-07 
3.94371e-09 1.1978e-09 0.0838805 0.0587289 0.000648884 0.0378472 1.27545e-07 4.54904e-06 8.11559e-10 1.36032e-05 0.114648 6.40724e-09 5.85944e-06 3.93368e-06 0.00368081 5.31042e-09 2.31902e-05 0.124052 6.95424e-10 1.17812e-09 0.572174 0.00428798 4.90801e-09 
0.000257898 2.57768e-05 0.081438 0.0594945 0.0291195 0.217176 0.00401737 4.7242e-05 0.0581219 1.13509e-05 0.00523098 0.000955874 0.00181995 0.000536359 0.0154576 5.14679e-09 1.19853e-08 0.00141156 0.220326 0.0100788 0.249329 0.0447423 0.000401506 
0.00136545 5.19208e-06 0.0229306 0.00260007 0.00137346 0.00800849 2.02886e-07 2.07366e-07 0.000252324 1.27049e-08 0.00115331 0.000120724 3.00143e-05 0.0397432 0.00362762 4.13423e-10 5.77801e-10 0.000315352 0.000685375 0.00460606 0.905495 0.00768773 3.82094e-10 
4.10287e-06 2.52134e-06 0.146569 0.0330482 0.00916667 0.0282192 0.0138378 0.0709152 0.0070872 6.89979e-05 0.11157 0.000244982 0.000221949 0.00717288 0.0353054 1.71768e-05 0.00129497 0.0379287 0.0742844 0.0100165 0.394562 0.0174813 0.000980346 
0.0034265 0.000914678 0.140465 0.0631183 0.0246446 0.0599 0.0112412 0.000943014 0.023603 0.00227593 0.0581874 0.00141873 0.000939755 0.00437274 0.128358 0.000296237 0.00120365 0.00804287 0.0145803 0.0232889 0.382481 0.0453339 0.000964394 
0.00789656 0.000748503 0.00147924 0.139011 0.0285236 0.0124875 0.00129202 0.00446543 0.000585454 0.00266578 0.0174169 0.000484848 1.38357e-05 0.022121 0.0033985 9.66978e-07 0.000920473 0.000482527 0.00156204 0.00314327 0.738702 0.0125969 8.93701e-07 
0.000634372 0.000585566 0.0462947 0.1079 0.0833189 0.0018639 0.00601343 7.77752e-05 0.0226108 0.00157429 0.174215 0.000497739 0.000146911 0.0163775 0.00484941 0.000124605 0.00455359 0.00281077 0.000408472 0.0109008 0.512761 0.00125194 0.000228159 
0.00221872 7.0306e-09 0.178213 0.300906 0.0309399 0.0143495 0.0234602 2.66868e-10 0.00301972 6.05568e-07 0.0231559 1.49089e-06 1.10646e-05 0.0129447 0.00207607 1.50667e-10 2.19994e-08 0.00085546 0.000568217 0.000296824 0.392106 0.014877 1.50379e-08 
3.39578e-05 5.4364e-05 0.126537 0.183993 0.00349213 0.00968051 0.00765912 3.80374e-05 0.028585 2.95112e-06 0.0734089 3.31428e-06 0.000102274 0.000465246 0.0789277 1.05299e-08 1.99491e-05 8.58877e-06 0.0137914 0.227641 0.236616 0.00893996 9.73198e-09 
0.000278957 1.45085e-08 0.0123004 0.00664658 0.00296509 0.00232316 0.000812001 8.23573e-08 0.00305547 5.50096e-08 0.00789198 2.79288e-05 5.2354e-07 5.23887e-05 0.00036478 1.48389e-10 2.07389e-10 0.00116191 1.86012e-05 0.000958368 0.960999 4.38256e-05 9.85665e-05 
2.08454e-10 1.26724e-08 0.000213311 0.118834 0.00175428 1.34346e-06 0.00387206 1.68023e-05 1.55115e-07 2.66307e-07 9.41021e-05 3.3867e-10 3.21914e-10 1.41668e-10 4.17724e-08 2.80695e-10 1.96679e-08 0.000376486 0.0706744 3.32798e-05 0.803623 0.000506361 7.93563e-07 
0.00131131 9.48775e-06 0.0866613 0.0974737 0.0232412 0.0667922 0.0144022 5.40823e-05 0.208636 0.000222942 0.0224537 0.00141613 0.000476659 0.00490007 0.156802 0.000150523 1.77337e-06 0.0211484 0.00857263 0.0136128 0.239791 0.0307838 0.00108617 
6.14441e-07 0.00030945 0.0297444 0.0227185 0.0233733 0.0240161 0.0169629 5.72619e-05 0.0685862 0.0034967 0.128452 9.38655e-05 4.44673e-06 0.000192859 0.0669586 0.000220175 1.76237e-05 0.00677821 0.000312422 0.0145959 0.581752 0.011356 7.64681e-07 
0.0319598 0.000183921 0.142662 0.048335 0.00844173 0.0643963 0.00357879 0.000935685 0.108729 0.00375264 0.0316733 0.000133239 0.000118233 0.00031456 0.158436 4.54376e-07 1.44869e-05 0.00235421 0.106814 0.0498809 0.172742 0.0645433 5.46465e-08 
0.000828375 0.00638749 0.0970789 0.0673641 0.0573556 0.0211825 0.0102881 0.000392705 0.0113611 0.00157397 0.114631 0.000338303 0.000578515 0.0311687 0.118008 4.38773e-05 0.000741906 0.01419 0.0388232 0.00859212 0.242487 0.156449 0.000135153 
0.00055873 1.93582e-08 0.00620246 0.00118302 0.00175237 0.000610079 0.00012794 9.26371e-08 1.12775e-06 5.52241e-09 0.0017828 9.05249e-08 4.6948e-08 1.79244e-07 0.000386145 2.65642e-11 3.71262e-11 3.81606e-06 4.94666e-07 0.000189684 0.9872 4.77407e-07 2.45512e-11 
9.32253e-10 2.57107e-05 0.0432681 0.0549514 2.59654e-06 0.0204794 0.00304236 2.64388e-05 0.0529078 1.30854e-06 0.104538 0.00678884 1.43967e-09 1.39611e-05 0.0233835 1.25533e-09 1.75446e-09 0.0260355 2.84874e-07 6.8412e-07 0.597724 0.0666396 0.000170032 
0.00117569 4.24659e-05 0.00999599 0.0326899 0.000351704 0.000318543 0.0360337 0.000165951 0.00010004 1.34158e-05 0.00443278 0.000304412 1.62698e-08 9.36653e-05 0.00141997 4.11239e-12 5.7475e-12 6.81474e-05 0.031225 0.000568584 0.874697 0.00630264 3.80076e-12 
0.0433689 1.94147e-08 0.0135105 0.32671 5.35022e-05 0.00929713 0.174668 4.63736e-05 0.0461134 1.43648e-06 0.00088052 3.62623e-10 4.84627e-07 1.79033e-07 0.000410048 3.00547e-10 4.14188e-07 2.96427e-05 0.0262433 4.91886e-06 0.358525 0.000135056 2.77772e-10 
1.75801e-06 1.75939e-06 0.13304 0.0867597 0.0367743 0.133739 0.017243 0.0036878 0.10153 1.75712e-06 0.0846359 0.00896128 1.75693e-06 1.75866e-06 0.0424137 1.75732e-06 1.75626e-06 1.75891e-06 0.0452249 0.0307914 0.159234 0.101362 0.0145892 
6.79282e-06 2.95627e-07 5.21031e-05 0.16704 0.00515165 4.28924e-09 0.00847693 6.85972e-07 5.79134e-09 4.07123e-08 0.0198885 4.57225e-08 5.34528e-05 0.000122922 0.0496753 3.78956e-08 0.00181378 0.00833128 0.0342827 8.40718e-09 0.705103 4.49515e-07 3.50239e-08 
3.68285e-05 9.59773e-05 0.0192779 0.00147634 0.00277005 0.0464587 0.00218216 7.24591e-06 0.0276745 1.09722e-05 0.0436339 0.0119363 6.4504e-05 1.87586e-05 0.0245387 0.00136878 1.06972e-07 0.000985196 0.000170524 0.000317084 0.677162 0.139812 9.22424e-07 
0.00708183 8.75027e-06 0.0390778 0.0787515 0.0146411 0.019221 0.00227642 0.00105596 0.259899 2.25664e-08 0.0192765 0.000382611 6.6623e-06 0.00021377 0.0703256 1.53417e-05 9.2431e-06 0.00534779 0.0627658 0.0175147 0.31043 0.0915181 0.000180755 
0.00543365 0.00012538 0.00634099 0.0531344 0.0102055 0.0358589 0.0172058 1.28072e-07 0.00408743 0.000318543 0.197303 1.00152e-05 9.72528e-06 9.89653e-05 0.00894491 2.0734e-08 0.000173229 0.0319341 0.10995 0.00834821 0.502413 0.00810394 2.28132e-07 
0.00205328 6.61047e-05 0.25284 0.03758 0.00650656 0.0213578 0.0289044 0.000128343 0.00481317 0.000505484 0.0321972 0.000241494 0.00173352 0.000676126 0.0493981 2.3627e-06 4.39703e-05 0.00172299 0.0106574 0.00557042 0.526342 0.0163138 0.000345721 
9.32253e-10 2.57107e-05 0.0432681 0.0549514 2.59654e-06 0.0204794 0.00304236 2.64388e-05 0.0529078 1.30854e-06 0.104538 0.00678884 1.43967e-09 1.39611e-05 0.0233835 1.25533e-09 1.75446e-09 0.0260355 2.84874e-07 6.8412e-07 0.597724 0.0666396 0.000170032 
0.00019446 0.000148895 0.118689 0.10773 0.0214782 0.0500386 0.00242751 0.00457745 0.143056 0.000405916 0.0118234 0.000208865 0.00133839 0.00269212 0.171699 1.14653e-06 0.00162075 0.0473769 0.017054 0.0303119 0.244081 0.0229829 6.45065e-05 
0.00103709 6.43738e-08 5.1688e-07 0.262009 0.00277796 0.0144535 0.0760788 0.000263253 0.00433443 1.84735e-08 0.106514 3.01049e-07 0.000277859 5.95889e-07 0.0362095 2.74721e-07 5.11843e-07 3.60267e-08 0.0299502 4.50496e-07 0.38422 0.0818721 1.81556e-10 
3.64364e-06 0.00129859 0.0266929 0.0805079 0.0628332 0.108545 0.00580254 6.63315e-05 0.00502974 0.0414463 0.224603 0.00114554 0.00143669 0.00167091 0.0347337 7.07964e-06 0.000475582 0.0116103 0.00293447 0.0145412 0.274478 0.100088 5.0099e-05 
2.08454e-10 1.26724e-08 0.000213311 0.118834 0.00175428 1.34346e-06 0.00387206 1.68023e-05 1.55115e-07 2.66307e-07 9.41021e-05 3.3867e-10 3.21914e-10 1.41668e-10 4.17724e-08 2.80695e-10 1.96679e-08 0.000376486 0.0706744 3.32798e-05 0.803623 0.000506361 7.93563e-07 
0.0010541 0.000350173 0.0588359 0.191083 0.0165936 0.0355025 0.0241996 0.000183743 0.0165606 2.00443e-05 0.17004 0.000286893 0.000309841 0.00732244 0.024962 9.00611e-06 0.00124275 0.00419079 0.169091 0.0184652 0.236741 0.0227933 0.000162411 
0.130594 1.06249e-05 1.06271e-05 0.095656 1.06252e-05 0.05952 1.06244e-05 1.05999e-05 1.0626e-05 1.06111e-05 0.337911 0.0127414 1.061e-05 1.06204e-05 1.06275e-05 1.06124e-05 1.06059e-05 1.06219e-05 1.06264e-05 1.06249e-05 0.346396 0.015951 0.00107197 
2.08454e-10 1.26724e-08 0.000213311 0.118834 0.00175428 1.34346e-06 0.00387206 1.68023e-05 1.55115e-07 2.66307e-07 9.41021e-05 3.3867e-10 3.21914e-10 1.41668e-10 4.17724e-08 2.80695e-10 1.96679e-08 0.000376486 0.0706744 3.32798e-05 0.803623 0.000506361 7.93563e-07 
9.3593e-05 1.53084e-06 0.00900502 0.0216858 0.000144965 0.000319569 7.9329e-05 9.61698e-08 6.15259e-05 6.11358e-09 0.00634868 1.82258e-05 4.88363e-08 2.36936e-05 0.000776153 1.42137e-07 5.8732e-10 9.92309e-06 8.22314e-05 0.00368928 0.95766 4.92066e-07 2.0517e-08 
4.07314e-09 1.41831e-05 0.0133733 0.131667 0.0388044 0.0421801 0.0037183 0.000864503 0.0579762 0.000138094 0.0700304 5.69523e-05 6.7742e-05 0.000336961 0.0176072 0.00052386 0.000181698 0.0214454 0.00215333 0.00158974 0.5468 0.00831174 0.0421589 
7.78767e-05 6.54457e-11 0.0236689 0.0820645 0.00582399 0.00299392 0.00122645 7.74525e-07 0.00346045 1.06742e-07 0.00509599 0.000319898 0.00025453 1.46441e-10 0.000176414 2.90153e-10 4.05519e-10 2.98758e-07 5.14583e-06 0.00071835 0.874109 2.0261e-06 9.36211e-07 
0.000239892 0.000704527 0.0643121 0.212803 0.00299744 0.0254059 0.00911237 0.000120298 0.0147809 2.37406e-05 0.0339564 0.000143781 2.65568e-05 0.000123453 0.124675 6.18763e-06 0.000182372 0.0022409 0.0624725 0.0890101 0.334274 0.0223848 3.67895e-06 
4.69823e-07 0.000193309 0.142446 0.0501674 0.00213485 0.0073263 0.0124725 3.67949e-05 0.00338798 0.00597638 0.0248982 9.07128e-05 9.58746e-05 0.00193694 0.00912552 1.34513e-08 2.53715e-05 0.00756774 0.00102192 0.0990251 0.628256 0.00381477 1.37073e-09 
0.00141228 1.78822e-06 0.00632198 0.0788877 0.0119693 0.000980172 0.0160175 1.65792e-05 0.0141021 0.00366683 0.132324 0.00465429 0.000150765 0.209436 0.00625317 4.79537e-05 0.000939607 0.00699044 0.00078784 0.0188991 0.464432 0.0216809 2.71366e-05 
0.000278957 1.45085e-08 0.0123004 0.00664658 0.00296509 0.00232316 0.000812001 8.23573e-08 0.00305547 5.50096e-08 0.00789198 2.79288e-05 5.2354e-07 5.23887e-05 0.00036478 1.48389e-10 2.07389e-10 0.00116191 1.86012e-05 0.000958368 0.960999 4.38256e-05 9.85665e-05 
1.05128e-06 1.53e-05 0.0892691 0.184385 0.00350854 0.00390246 0.00686758 3.55956e-10 0.00479177 1.89291e-05 0.026439 0.000299573 5.21017e-05 0.000299117 0.0102571 1.50503e-08 1.36191e-05 0.0409716 0.0125296 0.000627699 0.614955 0.000795958 6.58642e-08 
5.33806e-07 0.00013314 0.0460389 0.0477554 0.0327735 0.0462185 0.00540228 2.25766e-09 2.71359e-07 1.03748e-06 0.197411 1.53788e-09 1.46179e-09 0.00211376 0.00328297 1.72374e-07 1.7409e-06 0.000577823 1.07518e-07 0.000196669 0.616818 0.001273 8.21687e-07 
5.1902e-06 3.70834e-06 0.00489897 0.207827 0.0233788 0.00502753 0.197678 2.70943e-05 0.00964092 1.18034e-05 0.0148351 0.000172219 3.92447e-07 6.67175e-07 0.0479252 4.10871e-09 4.58436e-06 0.00508722 0.0403205 0.00168987 0.434488 0.00690552 7.16682e-05 
0.000184441 2.06999e-05 0.152501 0.0160905 0.0234084 0.0280254 0.00177729 0.000927453 0.0123418 0.00511822 0.035468 0.00032355 3.67767e-05 0.000444022 0.221399 9.42673e-05 4.27997e-07 0.00386071 0.00472901 0.0049925 0.419742 0.0685141 2.91528e-07 
0.000831886 7.04505e-08 0.0830041 0.0924455 0.0130962 0.0233735 0.0303042 3.78374e-05 0.00251075 0.00034714 0.0666258 0.0182164 0.000249768 0.000220676 0.102334 6.44707e-06 4.3653e-07 0.0968623 0.00326376 0.00369094 0.442502 0.0198664 0.000209843 
0.00114533 8.37919e-05 0.0438795 0.0600521 0.0385128 0.204281 0.00674994 2.55582e-05 0.0257471 5.33508e-05 0.0658417 0.000388081 0.000375251 0.000887834 0.149282 7.04607e-05 9.78645e-05 0.00209254 0.000215855 0.00827676 0.257665 0.128794 0.00548175 
0.00481546 0.000345937 0.0999237 0.0397976 0.0126075 0.0391813 0.00834148 0.00389637 0.0302696 0.000812969 0.0557627 0.00104825 7.79296e-05 0.00105044 0.154057 0.000147235 0.000625675 0.00145111 0.0211375 0.0310461 0.468892 0.0244821 0.000230766 
4.82636e-08 1.46588e-08 0.0744811 0.129449 0.00291569 0.0109339 0.00501459 0.000493392 0.0124403 0.0388689 0.0233211 8.3125e-06 6.09619e-05 3.26055e-05 0.174812 6.49897e-08 1.66033e-05 0.000614451 0.0528622 0.000549577 0.470234 0.00288992 6.00649e-08 
4.48234e-07 8.11915e-07 4.95677e-05 0.0945866 0.00402634 1.38749e-05 0.0106755 1.44623e-05 0.155045 5.85974e-06 0.00147689 8.09436e-05 6.92204e-07 6.35255e-05 1.5153e-05 6.03572e-07 8.81935e-06 0.0203472 0.00108251 0.00254365 0.684656 0.0147118 0.0105938 
4.31723e-05 9.88184e-07 0.0020661 0.126945 0.0125562 0.000987285 0.00611479 0.00326137 0.0256971 0.000202723 0.0773968 0.00075089 0.000178557 0.00058212 0.13436 2.41205e-07 3.37109e-07 0.0010486 0.00203433 0.000373821 0.60505 0.000343445 7.07555e-06 
0.00013627 8.89916e-06 0.0736518 0.154667 0.00478345 0.0178969 0.0593445 0.0015029 0.176164 0.0201117 0.00284421 8.16706e-05 0.000134184 0.000236506 0.0138294 1.66453e-06 1.74897e-05 0.00144214 0.126725 0.0150042 0.329755 0.00165342 6.77771e-06 
3.91104e-10 2.26454e-06 0.0585198 0.0394081 0.0191791 0.0124538 0.000201659 1.21177e-05 0.00577219 5.6579e-10 0.241951 1.06271e-05 1.04881e-06 3.03679e-06 0.286387 1.25228e-06 7.36039e-10 0.00113477 0.000509493 0.00163765 0.327665 0.00513708 1.31471e-05 
3.05074e-05 2.23328e-05 0.126669 0.0322404 0.0638321 0.0110344 0.00465466 1.51982e-06 0.0171487 0.000187691 0.0865819 0.000878126 0.000110821 0.00629613 0.172652 9.95023e-05 0.000247992 0.00380367 0.0039456 0.00922519 0.454965 0.00537234 3.26038e-07 
7.13927e-05 9.19623e-05 0.0914144 0.0146369 0.0174192 0.106209 0.000691918 0.000577201 0.0040532 5.05764e-08 0.0383877 7.76625e-05 9.91439e-05 0.00665733 0.163854 1.84651e-07 5.38477e-05 4.12512e-05 0.00126671 0.069322 0.381623 0.103449 2.47283e-06 
0.00013812 9.91791e-06 0.127873 0.0859919 0.00178894 0.00372122 0.019782 1.38177e-05 0.0157053 2.29869e-07 9.99188e-06 0.00012562 1.62789e-06 4.02756e-06 0.00722032 8.54708e-09 1.98364e-08 0.000401842 0.167399 0.00720003 0.560469 0.00199752 0.000146921 
8.80257e-07 6.90752e-05 0.0388544 0.0198779 0.063865 0.0182505 0.00027723 3.92287e-07 0.092143 0.0173363 0.291438 5.0369e-07 1.51698e-09 2.58063e-06 0.0543496 4.9649e-08 0.000210688 0.0164801 5.71696e-06 0.0258102 0.349661 0.00831152 0.00305544 
