5.78983e-05 0.00261828 0.01829 0.00419032 0.0407223 0.0139971 0.00134127 0.0108257 0.0296857 0.0060184 0.202842 0.00601466 8.0468e-05 0.0503261 0.0534926 0.0227557 0.0159834 0.0152223 0.0162402 0.00911954 0.00763324 0.464175 0.00836779 
1.51819e-09 0.0244366 0.0420493 0.0196892 0.15562 0.190548 0.000984099 1.50129e-06 0.030083 1.17685e-06 0.109551 2.5073e-05 0.000403569 0.00911637 0.145528 1.26753e-05 0.00112691 0.0139243 7.72323e-05 0.0094046 0.0106978 0.236715 4.42123e-06 
6.74901e-06 0.000650174 0.0039813 0.00361439 0.0676631 0.0520951 4.83278e-06 1.98693e-07 0.000556938 1.09916e-06 0.000205046 0.193169 1.82179e-06 0.001246 0.0697794 7.67093e-08 0.000228595 0.00237681 1.94671e-05 0.000981571 0.000182084 0.603235 1.45478e-06 
2.94729e-05 0.00726142 0.0590069 0.017954 0.0366244 0.0843058 0.00264102 4.63905e-05 0.247352 7.61959e-05 0.049649 0.00871827 0.00534133 0.00235947 0.077218 0.000133144 0.000329925 0.00707852 0.00635028 0.0820885 0.0098058 0.295603 2.75409e-05 
0.0039554 0.027797 0.0202884 0.0335399 0.00550395 0.187017 0.01488 1.54753e-05 0.0142188 1.31266e-05 0.0263055 0.00853706 0.00055309 0.000378754 0.237933 1.23794e-05 1.59028e-05 0.000754097 0.0778793 0.00104573 0.00862157 0.330726 8.76928e-06 
0.00342952 0.0385988 0.0260813 0.0133072 0.0351656 0.1702 0.00110168 2.34313e-05 0.0125483 0.00132822 0.0488382 0.00316396 0.00267789 0.0301078 0.165276 2.16722e-06 0.00042862 0.00375594 0.0107077 0.00556409 0.00628919 0.419584 0.00182076 
1.26612e-10 0.000456172 0.00721425 0.0146218 0.0357734 0.00262324 0.00105405 0.00148673 0.0361113 0.033149 0.0649356 0.000102149 4.76614e-05 0.00150439 0.0793303 0.241691 0.000169871 0.00201533 0.000865031 0.002768 0.0292787 0.411483 0.033319 
0.00057325 0.000358214 0.0476531 0.0301769 0.00465201 0.00156528 0.000543246 1.82214e-09 0.0301066 9.78687e-06 0.04521 5.90588e-07 2.32692e-05 0.00607493 0.0622684 0.0016217 0.000418854 0.0073437 0.00922995 0.00132479 0.0370773 0.713766 2.36941e-06 
0.000294306 0.0265509 0.11579 0.111091 0.0261916 0.0887397 0.000309745 1.62378e-05 0.0465307 0.00130508 0.0388521 2.92714e-05 0.000213929 0.00768426 0.0975532 3.13558e-07 7.41552e-06 0.0309851 0.00124884 0.00864637 0.0843696 0.313588 2.40202e-06 
8.99871e-06 2.39119e-05 0.0636614 0.0575152 0.00696048 0.0102255 0.00886281 0.000262061 0.237192 0.00229618 0.0768704 3.65794e-07 3.04141e-08 0.00547917 0.0867936 2.15982e-06 0.000110319 0.0173367 0.0034679 0.0047336 0.0352796 0.381244 0.00167293 
1.25787e-06 0.0034912 2.51521e-05 0.0610795 4.33326e-06 5.51805e-07 0.0126311 1.68494e-08 0.164395 1.02198e-08 0.156418 0.0139674 0.00328097 0.00247223 0.204352 6.01447e-05 0.000160257 3.85207e-09 0.0191515 0.137231 0.000959266 0.22032 8.79189e-09 
4.61096e-08 8.14875e-06 0.0186968 0.0471219 0.0428429 0.178619 0.00409382 1.15815e-08 0.00558462 5.2662e-08 0.00637744 3.26451e-07 0.000284808 2.70486e-08 0.273206 1.01628e-07 4.56692e-12 1.17753e-06 0.00326249 0.00255103 0.127228 0.289974 0.000147277 
3.25534e-05 0.00185117 0.0090083 0.000505838 0.117531 0.00415545 0.000381439 1.83448e-09 0.0246284 3.473e-05 0.00048808 0.00271992 0.0533101 0.00213792 0.0387808 4.94548e-10 1.17366e-09 0.0016443 0.000448592 0.0529549 0.000435073 0.688952 4.31159e-14 
0.000684403 0.00945271 0.267601 0.0406967 0.0212107 0.0745711 0.00164648 0.0080769 0.00431159 0.000117172 0.0155893 0.0013117 0.00142429 0.0147383 0.068708 3.04102e-07 0.000141953 0.0979141 0.0248379 0.00985323 0.0388756 0.298234 2.10015e-06 
0.00185962 2.05726e-06 0.00634841 0.0238412 0.0121391 0.0129756 0.00255573 3.46097e-05 0.185678 0.00125519 0.155358 0.000434066 1.11162e-05 0.000508765 0.0635745 3.88769e-05 5.12642e-06 0.0659906 0.0243284 0.0700825 0.117516 0.245921 0.00954132 
2.94401e-05 0.026076 0.0263615 0.041435 0.0137942 0.0526889 0.000875579 0.000178379 0.0256176 2.66846e-06 0.00885017 0.000226397 0.00393422 0.00445914 0.116636 1.26713e-05 4.6701e-05 0.00112259 0.0164063 0.00494861 0.00311563 0.653182 7.28677e-09 
7.19695e-05 3.27462e-05 0.0073111 0.00597936 0.00546512 0.187219 0.000351273 1.02312e-07 0.000519349 6.40696e-05 0.0144699 0.00300843 4.97147e-08 0.00246933 0.159818 1.62924e-11 5.12725e-07 0.00236691 0.00043389 0.00242449 0.00230807 0.605687 3.07376e-08 
3.45844e-05 3.50408e-05 0.0410333 0.00845904 0.0125196 0.0121352 0.000352021 5.75905e-05 0.111838 0.00103732 0.00209342 0.000275145 0.000818407 0.00058037 0.0425757 6.23427e-06 7.68325e-06 0.0144105 0.0327784 0.00559386 0.00222054 0.711004 0.000133978 
8.9433e-09 0.0755154 0.00648072 0.00546307 0.0304876 0.00831879 1.25087e-06 5.26306e-06 0.0257617 2.62192e-08 0.0205568 0.183761 0.00104148 0.0184028 0.0142073 2.35573e-06 0.000105795 0.000555819 3.82939e-06 0.147629 0.00376413 0.457936 4.91644e-08 
6.31961e-07 0.000110853 5.76987e-06 1.0627e-05 3.06866e-05 4.8397e-07 3.26925e-06 5.82597e-07 0.0074917 0.00747196 0.0624473 0.00245322 3.89281e-05 0.00158679 0.00039301 3.40715e-05 0.00372965 0.00848575 0.0649227 0.0460712 0.00804092 0.78661 6.00446e-05 
0.000893759 3.58843e-06 0.00807252 0.020741 0.0277092 0.0769903 5.83989e-05 4.8774e-06 0.00487507 2.13271e-05 0.0900946 0.000112532 0.00020409 0.000166738 0.103506 0.000256391 8.34454e-06 0.103108 0.000371512 0.0138566 0.000110465 0.548833 2.63312e-06 
0.00169168 0.159796 0.0445232 0.024645 0.187262 0.0834844 0.00188678 1.20578e-05 0.00719033 0.000276286 0.0324036 0.00556034 0.0201156 0.0185203 0.0599045 4.23068e-06 0.000796027 0.00559148 0.00152402 0.022349 0.00107641 0.321382 4.34422e-06 
0.00121825 0.004331 0.0187429 0.0272975 0.0652863 0.0845271 0.000539549 8.59294e-05 0.00136183 0.00703875 0.0977015 0.00291568 0.0105165 0.00381606 0.0381528 1.1572e-07 6.77267e-06 0.00103215 0.00418099 0.00924522 0.0165203 0.605445 3.78111e-05 
0.100238 0.000300889 0.0348862 0.0169707 0.036832 0.0921077 0.00201121 8.79304e-06 0.0805928 0.000787094 0.150665 0.00529053 0.000373887 0.0100708 0.176461 1.57297e-05 0.0132511 0.00741887 0.0139133 0.0134817 0.0176987 0.220774 0.00584965 
4.24738e-05 1.96387e-05 0.0432979 0.00747428 0.0045568 0.0577368 0.000889089 1.02855e-05 0.00140018 3.25234e-05 0.00196184 0.000525073 0.000973261 0.00189627 0.167993 1.94068e-06 7.69808e-07 0.00686289 0.000401974 0.00141742 0.000481045 0.702024 9.75442e-13 
0.000688838 0.00527458 0.031963 0.076515 0.185582 0.013544 0.00327273 7.13135e-06 0.0030355 0.000114125 0.0567565 0.00023789 0.00172682 0.159368 0.103202 8.50881e-09 4.12756e-05 0.000336543 0.0214553 0.0358652 0.0652942 0.235706 1.41944e-05 
2.51889e-08 7.65048e-09 0.00240392 0.0122571 0.0580516 0.277864 8.79099e-09 0.000133308 0.00118451 3.64395e-08 2.84353e-05 2.50072e-05 3.88991e-08 0.0137489 3.68602e-05 3.06988e-06 4.74044e-08 0.0825499 4.44176e-09 8.22465e-06 0.0418001 0.509871 3.31802e-05 
0.00401359 0.000388386 0.031943 0.0265092 0.017236 0.227103 0.00176326 2.86442e-05 0.101566 3.02359e-06 0.0462621 5.02613e-05 7.82904e-05 0.00275428 0.0685013 1.82876e-06 0.00576302 0.0559815 0.0169024 0.0284221 0.00507325 0.34991 0.00974626 
0.0653148 0.0216438 0.0179695 0.0199668 0.0168785 0.0200427 0.00201484 2.82871e-05 0.0137479 0.0023639 0.144598 0.00212143 3.61088e-05 0.0348509 0.0822344 0.000269444 0.186491 0.00282839 0.0254872 0.0116164 0.021566 0.307698 0.000232294 
0.00351023 3.53833e-05 0.0213049 0.0410988 0.0625327 0.0727086 0.008647 2.80006e-05 0.0640941 0.00050267 0.0200342 0.158355 5.90049e-05 0.000207489 0.139842 6.30027e-06 4.17417e-05 0.00485819 0.0857623 0.018778 0.00856973 0.28431 0.00471405 
0.000964442 0.00268976 0.0363808 0.0284042 0.0259418 0.0201792 0.00246249 0.00312652 0.0441836 0.00246863 0.0548924 0.0292477 0.000641466 0.0398519 0.139997 0.000140151 0.00822359 0.00328028 0.0184507 0.0256861 0.0203885 0.489387 0.0030123 
9.99688e-05 2.5326e-05 0.203237 0.0034573 0.048649 0.0240252 0.000364117 3.97682e-06 0.0451705 0.000365489 0.000423706 0.000290535 0.000391509 0.00065298 0.184191 4.32765e-07 2.99012e-06 0.00719126 0.00380691 0.104223 0.0228939 0.350533 3.64122e-12 
4.78718e-07 0.00333988 0.018328 0.00119266 0.00976624 0.00515199 0.000242085 1.18428e-06 0.010692 1.37157e-05 0.00143865 0.000597026 0.00156738 0.00174081 0.456562 3.75846e-06 8.14453e-06 0.00194765 0.0111577 0.00765793 0.00124543 0.467346 3.07177e-08 
1.59545e-07 0.166291 0.0186366 0.221337 0.00149447 0.0326041 0.00571143 0.000109854 0.0214665 2.63032e-11 0.0109975 0.0273535 0.00155946 3.03802e-08 0.207849 0.000339873 3.4218e-11 0.00971663 0.0016757 0.00606073 0.0354741 0.231322 2.83517e-08 
0.00151522 0.00521188 0.0424557 0.0340663 0.0256379 0.0130497 0.00155348 0.000129712 0.0296828 0.00391919 0.0989064 0.00165543 0.0294276 0.242906 0.0489567 6.25382e-05 0.00246796 0.00255736 0.012603 0.0472338 0.0404142 0.313887 0.00170009 
1.72572e-05 0.0039889 0.102861 0.0203615 0.155791 0.0446495 0.0105175 2.3544e-05 0.0631216 3.51711e-06 0.000768474 0.00344674 0.0115616 0.000255882 0.224687 2.79496e-07 1.72731e-08 0.00821928 0.0543114 0.0154362 0.00422905 0.275748 5.12059e-08 
1.51093e-05 0.000132794 0.0128052 0.00655785 0.0205605 0.0925982 0.0002795 5.99279e-06 0.0158807 1.50648e-05 0.00532833 0.000236132 7.92814e-06 0.000906468 0.126157 7.75181e-07 7.22041e-08 0.00244365 0.000639391 0.00297065 0.000748016 0.71171 1.16828e-09 
5.77001e-05 0.00140915 0.0778027 0.0170305 0.0446286 0.076097 0.0265919 0.00341936 0.040708 0.117645 0.00989771 0.0011578 0.00504409 0.0729182 0.142472 4.21721e-06 0.000192342 0.00257401 0.0062384 0.0700285 0.0179318 0.26471 0.00144156 
2.34321e-05 0.00255765 0.060856 0.0234662 0.0353341 0.0934082 0.00123613 2.80986e-05 0.00803269 9.31027e-05 0.0907869 0.000954043 0.00226037 0.205841 0.143775 1.34506e-05 0.000183405 0.000115252 0.0119662 0.014715 0.0208661 0.283368 0.000119644 
8.17795e-09 1.62675e-05 0.00590948 9.14226e-05 0.0225334 0.0211165 0.000234786 4.63459e-09 0.00752747 4.28723e-09 0.000152681 4.6648e-06 0.000375288 0.000120994 0.0937899 1.38682e-09 2.18346e-10 0.000877057 6.99121e-05 0.000590626 0.000321009 0.846268 3.10295e-12 
2.94401e-05 0.026076 0.0263615 0.041435 0.0137942 0.0526889 0.000875579 0.000178379 0.0256176 2.66846e-06 0.00885017 0.000226397 0.00393422 0.00445914 0.116636 1.26713e-05 4.6701e-05 0.00112259 0.0164063 0.00494861 0.00311563 0.653182 7.28677e-09 
3.21416e-06 0.000112029 0.0986591 0.00321964 0.00699468 0.00800079 0.000568391 3.89088e-08 0.138417 7.88736e-05 0.0184327 8.53336e-05 0.000194417 0.000121092 0.0353779 0.000179812 0.0041993 0.0428851 0.0396401 0.0686109 0.0141846 0.519298 0.000736875 
5.60075e-06 0.159843 0.030632 0.128344 0.000331898 0.130142 0.00202468 2.54424e-09 0.000167094 1.54318e-09 0.0310076 7.66194e-08 5.05576e-06 9.37194e-06 0.000593641 2.60225e-06 6.16546e-06 6.04182e-06 2.97142e-06 3.61354e-05 0.149596 0.367244 2.26716e-07 
4.61096e-08 8.14875e-06 0.0186968 0.0471219 0.0428429 0.178619 0.00409382 1.15815e-08 0.00558462 5.2662e-08 0.00637744 3.26451e-07 0.000284808 2.70486e-08 0.273206 1.01628e-07 4.56692e-12 1.17753e-06 0.00326249 0.00255103 0.127228 0.289974 0.000147277 
7.32959e-11 6.97492e-08 1.95803e-07 0.0305201 3.89471e-06 0.124382 0.0157144 2.10194e-07 0.00850232 1.59694e-07 0.221947 1.19082e-10 1.1319e-10 0.000327895 0.182652 5.97193e-07 0.00273555 0.00171073 3.11673e-07 0.00507561 0.00768475 0.398742 9.1218e-11 
0.00134345 0.0352319 0.00164893 0.00334572 0.0204441 0.112247 0.000286257 7.10238e-10 0.00175017 3.6308e-06 0.30133 0.00458471 0.000221307 0.0714555 0.0283636 5.05153e-07 0.00475539 0.0030418 0.00181924 0.0147494 0.00164276 0.391254 0.000481086 
2.19595e-05 0.00580587 0.216934 0.0151678 0.011612 0.0489264 0.00548948 1.02242e-05 0.0148231 2.99961e-05 0.0628487 0.000298444 2.53041e-05 0.00121367 0.27613 1.86332e-05 0.000554404 0.00182288 0.00459035 0.00197564 0.00454751 0.327154 1.03903e-08 
0.00126793 4.04597e-05 0.0227997 0.132967 0.028037 0.0923367 0.00535668 0.000450041 0.0276295 1.9993e-05 0.0267086 0.000770891 9.39025e-05 0.00120554 0.120536 3.03593e-07 4.30027e-05 0.0212159 0.00240652 0.0139725 0.0224575 0.472453 0.00723152 
0.000138818 5.02331e-05 0.00198056 0.0120835 0.0227856 0.0349127 0.0026405 1.09129e-07 0.0451062 2.46931e-05 0.0130918 3.15175e-05 0.000221964 0.000120623 0.0985559 8.48352e-05 8.90579e-06 0.0137037 0.000547792 0.0222302 0.00962603 0.722054 6.21516e-11 
2.35716e-09 2.56056e-05 0.00131008 9.07292e-07 0.109827 0.0115562 2.2393e-05 5.62203e-09 0.11442 5.28303e-07 0.0214759 2.63655e-08 0.000411256 0.302625 0.00145127 2.22082e-05 0.000734216 0.000852889 2.7965e-08 0.0103193 5.11868e-05 0.398833 0.0260616 
4.14352e-05 0.000538331 0.0163942 0.0208115 0.020256 0.0954404 0.00125684 5.93952e-05 0.0639086 0.000146581 0.017165 0.00022243 0.000939927 0.000968217 0.118976 1.24732e-06 1.49637e-07 0.00173535 0.00210787 0.00881243 0.0082716 0.621896 5.04879e-05 
1.33297e-08 0.0244323 0.0087867 0.00127441 0.0275585 0.0408421 1.69147e-08 6.20638e-09 0.0116239 2.10685e-08 0.00201298 2.69835e-09 0.00038974 0.00347175 0.262386 7.04466e-06 0.00386465 0.00189405 0.000692629 0.0160836 0.0757506 0.518929 3.23424e-12 
0.00175724 0.00045291 0.0893869 0.0168782 0.0874663 0.0854832 0.00935368 5.93244e-06 0.0235905 0.00441851 0.0139787 0.00163131 4.65072e-05 0.00469478 0.224836 8.28901e-06 2.7159e-05 0.00723857 0.00483807 0.0708039 0.00947173 0.343526 0.00010559 
4.68394e-08 1.06615e-05 0.015932 0.00276794 0.0104236 0.0801799 0.000243239 0.000240637 0.017517 0.000869062 0.00705038 0.000310359 2.78398e-07 0.0101186 0.0847862 5.54469e-05 1.65775e-05 0.00518795 7.04636e-05 0.00162367 0.0051245 0.757471 1.11735e-11 
0.00481154 0.00994761 0.00435909 0.00423788 0.0336838 0.0581804 0.000337379 6.63335e-05 0.0025024 4.04145e-06 0.020648 6.17439e-05 7.26924e-05 0.0023923 0.0678863 1.05818e-05 8.98705e-05 0.00828602 0.0038149 0.00847793 0.00340307 0.766726 6.9501e-09 
5.72155e-10 0.000312091 0.268872 0.00119801 0.00710414 0.0120324 4.29461e-07 3.57703e-06 0.0441447 0.00279015 0.146391 3.60033e-06 8.83575e-10 0.000328233 0.0736606 7.7044e-10 1.25131e-06 6.96914e-08 0.000174398 0.0104298 0.0059826 0.426571 7.12056e-10 
0.000172011 0.00273269 0.0490714 0.0235632 0.189019 0.0216389 0.000902419 5.45469e-05 0.0222102 0.00201807 0.0209711 0.000215405 7.51799e-05 0.00723571 0.25965 3.90015e-06 5.83552e-05 0.005087 0.00940595 0.0099483 0.00784308 0.354511 0.0136132 
0.00487949 0.146308 0.0366164 0.0232238 0.0104155 0.00236465 0.0317276 3.79884e-05 0.0128835 0.000106735 0.121627 0.000431088 1.08321e-05 0.215383 0.0691591 1.74553e-07 6.23128e-05 0.00161257 0.0379343 0.0294678 0.0146719 0.24074 0.000336562 
0.000696882 0.000322349 0.00316812 0.00478421 0.0209574 0.00134088 0.00308301 3.08972e-08 0.002348 0.000116497 0.0242848 0.0147101 0.000178399 0.0503223 0.0569745 3.29372e-06 0.000231214 0.00196373 0.0493513 0.00110839 0.0369484 0.727105 1.57444e-06 
0.00508684 0.0046351 0.157849 0.028398 0.0767504 0.182956 0.0041696 0.00612186 0.109678 0.000327029 0.0117226 0.00186166 0.000830806 0.00309567 0.14004 1.8357e-05 0.000152168 0.0172333 0.00649839 0.0289132 0.0118838 0.201278 0.000499359 
0.000177706 0.115136 0.0156772 0.0151669 0.0146922 0.00566647 0.00117439 1.55483e-05 0.0167639 0.0124791 0.162654 4.31677e-05 9.41998e-06 0.194957 0.0303756 2.15037e-06 0.00650338 0.00712375 0.0518457 0.00447602 0.00638439 0.336641 0.00203497 
9.89152e-05 4.50087e-05 0.00206413 0.0010739 0.0394176 0.0480191 0.000118284 1.73546e-07 0.0352416 0.000237561 0.00552149 8.53272e-05 0.000360003 0.000208915 0.125014 7.67825e-07 1.34247e-05 0.00298807 0.000468982 0.00101355 0.00206255 0.735946 6.30425e-08 
0.000711376 0.0216738 0.0204756 0.0199953 0.016387 0.114347 0.00170718 1.43494e-05 0.0025634 0.00622399 0.0220126 0.00727363 0.000873508 0.010534 0.277696 1.28349e-06 7.18462e-06 0.00161933 0.00585595 0.0261214 0.00329487 0.440604 7.93386e-06 
5.18552e-06 4.12481e-05 0.0926226 0.0263754 0.0252457 0.0419919 0.00095368 6.82043e-07 0.20806 3.86919e-06 0.0300251 2.65271e-05 0.00011255 0.00199004 0.137026 4.64235e-08 0.0009187 0.00303176 0.0116211 0.0079286 0.00884119 0.402852 0.000326275 
3.26624e-05 0.000813907 0.00911927 0.00581321 0.0464897 0.0323193 0.000999499 3.06882e-06 0.140579 0.000724576 0.00474554 0.00309904 0.00307872 0.00314535 0.175865 1.38075e-05 2.02793e-05 0.00597077 0.0197843 0.0081847 0.00641349 0.527894 0.00488991 
2.96835e-08 6.26886e-05 0.00176842 0.0029792 0.0406504 0.00813807 0.00058975 3.83822e-05 0.241653 0.0051523 0.0191147 0.01692 0.000237509 0.000332944 0.103146 2.11815e-05 0.000139331 0.00595683 0.000200311 0.00322518 0.00697987 0.537648 0.00504638 
0.00295009 0.0192251 0.0629401 0.0163115 0.0579295 0.0240975 0.00543104 2.29906e-05 0.0218808 5.24908e-05 0.0177 0.00983646 0.000911977 0.0133013 0.0617658 1.48128e-06 3.89715e-05 0.00194297 0.000294937 0.286332 0.00430763 0.392726 1.03139e-08 
0.000247458 0.000240599 0.0389981 0.051224 0.0151476 0.0412032 0.00509774 0.00141716 0.0411246 1.25345e-05 0.085648 0.00246615 0.000276399 0.00816704 0.0895557 4.64325e-05 0.00770155 0.000402673 0.070036 0.0367914 0.167542 0.336651 3.31556e-06 
3.18109e-07 0.015028 0.0276007 0.00783449 0.0403514 0.0126516 0.00578765 0.000427593 0.0408375 2.37826e-05 0.0297856 3.42249e-05 0.00194905 0.0769778 0.0399801 0.0108942 0.00374777 0.0201953 0.000203494 0.00219944 0.00759225 0.594629 0.0612692 
7.67679e-06 0.000484178 0.0113969 0.00570404 0.00694859 0.0221325 0.000482701 5.22423e-05 0.00592178 6.47073e-05 0.00394464 0.00017995 0.000852672 0.000516928 0.087776 5.25143e-05 4.43535e-06 0.00124159 0.0329642 0.0153724 0.00120464 0.802695 3.13626e-08 
0.000117525 0.0374911 0.0252583 0.0094834 0.146697 0.00795601 0.000310791 3.39148e-06 0.0249795 0.000135513 0.00368168 0.00183514 0.00218437 0.00206053 0.0826405 4.27291e-06 3.05642e-05 0.0116821 0.00199151 0.0190915 0.00128811 0.619203 0.00187403 
0.00057325 0.000358214 0.0476531 0.0301769 0.00465201 0.00156528 0.000543246 1.82214e-09 0.0301066 9.78687e-06 0.04521 5.90588e-07 2.32692e-05 0.00607493 0.0622684 0.0016217 0.000418854 0.0073437 0.00922995 0.00132479 0.0370773 0.713766 2.36941e-06 
2.9279e-07 3.23082e-06 0.00497037 0.000527387 0.00244516 0.0104378 7.66022e-05 1.82595e-11 0.00280578 1.03145e-08 0.000190086 3.64815e-08 3.77646e-08 0.000218371 0.273355 2.34313e-09 3.46928e-10 0.000218565 0.000580036 0.00209766 0.00134126 0.700732 4.00161e-08 
0.0118574 0.0123423 0.0344016 0.0155702 0.0519105 0.0341108 0.0147005 6.24984e-05 0.0216628 0.0557775 0.100012 6.42404e-05 0.000163066 0.201154 0.183851 0.00621599 0.00688848 0.00302457 0.00259402 0.0152221 0.00517854 0.222839 0.000396539 
3.52046e-08 2.80637e-06 0.00789361 6.12236e-06 0.011563 0.00978099 4.75415e-12 3.24899e-11 0.00291009 1.97064e-11 3.39816e-05 2.49212e-09 7.7127e-08 0.00550118 0.112228 3.83593e-07 2.03316e-07 0.000297728 2.56713e-06 0.0084618 0.00146543 0.839852 1.6953e-11 
4.7101e-05 5.60034e-06 0.058756 0.0324983 0.0742158 0.0880764 0.00201763 7.55935e-07 0.0125811 4.18843e-06 0.00499706 6.89339e-05 0.000888477 0.000917911 0.107962 2.65228e-06 3.30307e-08 0.0020144 8.92771e-05 0.0160598 0.0147412 0.583936 0.000119649 
3.54804e-05 0.00282185 0.00874769 0.00506529 0.00475586 0.00198664 0.000725765 4.41174e-09 0.112857 3.74e-08 0.00218833 0.00153176 0.000412881 0.000847469 0.0562228 1.91651e-05 2.23311e-05 0.00704208 0.00182212 0.0203591 0.00497345 0.767562 2.29315e-08 
0.000718339 0.00539647 0.0414294 0.023989 0.057618 0.210384 0.00355348 1.5122e-05 0.0175853 0.00135608 0.0314928 0.00159702 0.0095134 0.00614086 0.111932 3.79721e-06 0.000328348 0.00558518 0.00329826 0.00623292 0.0193625 0.441087 0.00138013 
0.000195546 4.53887e-05 0.0383939 0.0161278 0.0438619 0.119338 0.00406743 7.92951e-05 0.0324651 9.41679e-05 0.0362204 0.00017358 4.96032e-05 0.0329912 0.139343 1.94255e-09 0.00111883 0.000576371 0.00130313 0.000670991 0.0134964 0.519362 2.55404e-05 
4.05214e-07 0.00345764 0.0468267 0.0523856 0.0523455 0.010937 0.0175027 1.72981e-07 0.0239621 8.7732e-05 0.0491951 0.000351065 0.000593207 0.0902261 0.197096 4.78786e-08 0.00284151 0.000669278 0.00100386 0.120147 0.0253876 0.304983 5.54835e-07 
0.000210571 5.04491e-05 0.0316059 0.00346826 0.00334822 0.107266 0.00469195 9.55799e-06 0.27132 3.68032e-06 0.0394078 0.00338127 3.39991e-05 0.000117873 0.136507 0.000277061 6.90031e-06 0.00426013 0.00174655 0.00708805 0.00303734 0.382161 9.0114e-10 
0.000179733 0.0176403 0.115074 0.00570159 0.0687187 0.041872 0.00201525 1.08576e-09 0.0292632 0.00010512 0.156722 8.57682e-05 0.00047135 0.00861315 0.0452835 0.000777207 0.019556 0.0154087 0.00113761 0.00470741 0.0577217 0.40875 0.000196101 
3.77907e-05 8.63224e-05 0.0350609 0.0107238 0.0407672 0.0613593 0.00134555 0.000103271 0.0149857 0.00102327 0.00337817 0.000731172 0.0100606 0.00224055 0.0874427 0.0055085 4.2984e-06 0.00402093 0.00481124 0.00514741 0.0012759 0.709472 0.000413827 
0.324948 0.0234669 0.00315797 0.0283657 0.00768075 0.0050603 0.000575975 6.54614e-10 0.00750489 0.00416974 0.127122 0.000565987 5.43286e-06 0.0170276 0.0661828 7.07948e-06 0.00160819 0.00181939 0.00113412 0.00172671 0.0027787 0.375035 5.66159e-05 
1.30814e-05 0.0351167 0.0404034 0.0212644 0.107673 0.15744 0.000276656 0.000152997 0.022321 3.95834e-05 0.145673 0.000639972 0.00245014 0.106501 0.030366 7.04476e-05 0.00263763 0.00149448 0.000690257 0.0246224 0.00874079 0.28827 0.00314322 
0.000214128 1.62539e-05 0.0406951 0.00658069 0.0409194 0.0040726 0.00139139 5.44462e-05 0.0156135 7.58476e-05 0.0833865 0.000717975 1.43213e-05 0.303012 0.0336983 0.000386684 7.08172e-05 0.039833 1.32084e-05 0.00513557 0.0291458 0.39495 2.47666e-06 
8.41326e-06 0.000273739 0.153785 0.0403522 0.0381382 0.0170599 0.00560622 0.000360824 0.038969 0.000131641 0.0236736 0.000830856 0.00210965 0.112571 0.0711216 8.39392e-06 0.00212282 0.00698225 0.0496242 0.00488088 0.00901664 0.422369 3.36142e-06 
4.65271e-06 0.121282 0.0409816 0.0123591 0.0145868 0.0106641 0.0010357 2.98047e-05 0.00452683 1.37177e-08 0.0037892 7.08858e-06 0.000643406 0.00643446 0.200734 1.36863e-07 0.000868684 0.00081562 0.00133446 0.0682374 0.000737665 0.510928 4.66996e-08 
0.000521313 0.00894596 0.0921335 0.0239489 0.0272934 0.0474843 0.00377724 4.78922e-05 0.0964588 0.00124906 0.0228529 0.00188697 0.00117295 0.00562247 0.219669 8.21579e-05 0.000123135 0.00974068 0.0217708 0.0418414 0.0169805 0.35621 0.000186818 
0.010608 0.000123582 0.036997 0.0137532 0.00612942 0.0471547 0.000739296 7.3628e-07 0.0240187 0.00012634 0.0392773 0.167068 0.000245906 5.68101e-05 0.067259 6.70726e-06 3.38716e-10 0.009801 0.0106618 0.0390411 0.0117711 0.51516 4.91145e-08 
1.6743e-07 0.00628502 0.0194014 0.014878 0.0707474 0.181118 0.00197911 2.20495e-07 0.0434466 0.000397585 0.0031467 0.00492496 3.49604e-05 0.0432749 0.0642222 0.000139082 0.000473028 0.0744729 0.0472602 0.0131331 0.0185111 0.391898 0.000254708 
0.00113707 0.00433084 0.0309819 0.0223788 0.0394558 0.0889654 0.00123967 0.000251871 0.0337879 8.85535e-05 0.0800448 0.0193876 0.000824194 0.00125749 0.0997372 3.6832e-05 0.000749542 0.00212081 0.0176161 0.0168573 0.0166894 0.517534 0.00452715 
0.000329843 4.39997e-05 0.191771 0.0213782 0.0100325 0.0700693 0.00645447 0.000114286 0.0171191 3.27231e-05 0.0195576 0.00348666 0.0021818 0.00373859 0.228593 2.46306e-06 2.5052e-05 0.0082315 0.00533412 0.0320816 0.019387 0.360027 9.24779e-06 
6.96933e-05 2.87487e-06 0.000588418 0.0236994 0.00986423 0.170536 3.35965e-06 1.1871e-08 0.000468894 0.000868526 0.0457942 0.00116631 4.27449e-05 3.56835e-05 0.00126023 1.85428e-10 2.59155e-10 0.00216045 5.61325e-06 0.000113784 0.00104334 0.74226 1.57773e-05 
2.62801e-08 1.94898e-06 0.0047362 3.67484e-06 0.00712107 0.00702722 4.32186e-12 2.95357e-11 0.00174608 1.79145e-11 2.03928e-05 1.73548e-09 5.35679e-08 0.00330079 0.0673369 2.31051e-07 1.41205e-07 0.000178659 1.54125e-06 0.00676365 0.000879283 0.900882 1.54115e-11 
0.000875217 0.0129666 0.052561 0.119336 0.160776 0.100286 0.000830474 0.00120087 0.035669 0.000983415 0.0443268 0.0171975 0.000158092 0.00373043 0.095362 7.34832e-05 5.95722e-05 0.00686987 0.00176513 0.0296069 0.00557934 0.303356 0.00643071 
0.00132776 0.000941172 0.00888181 0.135088 0.0273825 0.139142 0.00636812 6.25831e-05 0.00142868 1.45065e-06 0.255449 0.00217707 3.99128e-06 0.0032389 0.0446523 7.6163e-05 2.43862e-05 0.069392 0.00159451 0.0136349 0.0177233 0.271405 5.60633e-06 
0.00114461 8.14477e-05 0.0104319 0.0234422 0.0176522 0.0611781 0.00944246 7.0789e-05 0.0385888 0.000815125 0.138255 0.00380867 6.84698e-05 0.0305355 0.238786 7.25394e-06 6.90542e-05 0.00403264 0.0162576 0.0236642 0.0449313 0.310279 0.0264566 
3.50213e-05 0.00096992 0.0151126 0.00172628 0.00366614 6.65899e-05 0.00133191 0.00180746 0.303227 0.000606433 0.061321 0.000344326 0.000323961 0.00208319 0.0402068 1.80282e-05 0.0639321 0.0653871 0.0112181 0.00443038 0.0316083 0.36984 0.0207372 
0.000261158 0.0320027 0.0690182 0.0122745 0.0229776 0.0508768 0.0104574 9.42671e-05 0.0793505 7.03331e-06 0.0162906 0.0327842 0.00390698 0.00992568 0.208095 4.80929e-05 0.00106052 0.0030203 0.0248155 0.17571 0.0283386 0.216695 0.00198893 
0.00135204 0.00594083 0.109073 0.0349439 0.0223197 0.107276 0.00519186 0.00042172 0.0712899 0.00211987 0.0292809 0.0022288 0.0111167 0.0475112 0.17038 0.000106581 0.00634309 0.0235553 0.0200236 0.0300742 0.0171419 0.281523 0.000786744 
5.75517e-06 0.000116987 0.0225065 0.00148087 0.0560666 0.0129317 0.000349833 1.12372e-05 0.0297422 0.0100864 0.00303217 0.0156433 0.00426397 0.000426173 0.0277285 3.3374e-05 4.4844e-06 0.00559883 5.0468e-05 0.010658 0.00111689 0.798146 1.49618e-07 
1.44845e-05 0.0776393 0.091067 0.0038923 0.0328243 0.0457686 7.54981e-05 5.50965e-06 0.0449299 0.000206685 0.0128695 3.2679e-06 0.00243939 0.0172164 0.153557 4.59521e-06 0.00166382 0.0204474 0.00211131 0.0123999 0.0910603 0.389803 1.80761e-10 
0.0405644 0.0749922 0.0174685 0.0286831 0.0382118 0.0154794 0.0536926 4.17793e-05 0.00926131 5.86042e-05 0.00356931 0.000108365 0.0006613 0.0660665 0.106874 5.15382e-06 0.000247396 0.00473887 0.0281755 0.213106 0.00884465 0.289146 2.90026e-06 
0.00292424 0.0379587 0.00545457 0.0179299 0.0415995 0.118844 0.00103189 1.66399e-07 0.00705995 2.34758e-06 0.0189976 0.00779666 0.00216379 0.00282285 0.0341163 8.95599e-08 0.000516793 0.00117053 0.00722421 0.00523675 0.0131461 0.674003 1.50458e-09 
0.00332445 4.05968e-05 0.0038734 0.00241865 0.00815695 0.0473735 5.58803e-05 5.86622e-06 0.00357959 0.000111979 0.016402 0.00209223 0.00059876 0.000467873 0.12405 2.25081e-06 6.77612e-09 0.00785963 0.000374429 0.018857 0.00173229 0.758622 5.46514e-08 
1.53697e-05 0.0199268 0.034678 0.0944904 0.0396408 0.0299764 0.00104821 0.000185501 0.0573704 9.50064e-05 0.128706 0.00160234 0.001168 0.00347952 0.044215 1.57161e-05 0.000317257 0.00947036 0.0326132 0.0573077 0.00751069 0.435602 0.000565619 
0.000970763 2.06103e-05 0.0600301 0.00978064 0.00765056 0.0286187 0.0104998 1.45137e-05 0.0142143 0.00468194 0.0282829 0.0211061 0.00131296 0.0045268 0.180837 0.000752179 3.15463e-07 0.00465048 0.00581568 0.0130239 0.00412326 0.599086 7.38526e-09 
5.38899e-05 0.00089576 0.071611 0.0175253 0.0201814 0.0743862 0.0049776 1.74644e-05 0.0158262 0.000156153 0.00830693 0.0263226 0.000725402 0.000775143 0.168598 6.86701e-06 0.000279901 0.010115 0.0013727 0.0098392 0.0119221 0.555965 0.000140424 
1.50734e-07 6.59764e-05 0.0160963 0.000279362 0.00311594 1.49832e-07 1.86689e-06 5.37547e-10 0.000883543 5.47185e-06 0.000544402 6.60706e-05 0.00479703 0.00600805 0.00532556 8.59501e-07 5.00382e-05 0.00267815 0.0189002 0.138454 0.0033004 0.79942 7.20263e-06 
2.08722e-05 0.00219951 0.0115052 0.0103375 0.000136156 0.0227811 6.1012e-06 9.17611e-06 0.0436228 0.0413729 0.0944645 7.97268e-05 0.000356665 0.0133301 0.01979 0.000183735 0.0992523 0.0375889 0.00917864 0.00203042 0.00405345 0.587576 0.000123793 
5.11668e-05 7.61893e-05 0.026113 0.0132352 0.00839619 0.0494631 0.00261128 0.000120464 0.00415179 3.08716e-07 0.003671 4.70568e-05 0.00579874 0.00105013 0.303982 1.92212e-06 0.163995 0.000226489 0.0513149 0.0160301 0.00351766 0.346146 4.58981e-07 
0.00187347 0.0433995 0.0359021 0.00293008 0.00972381 0.0553819 0.000354009 7.3606e-09 0.0209738 2.62304e-06 0.0679769 0.000191201 0.00219631 0.0370411 0.019088 0.000823902 0.212562 0.0102707 0.000618841 0.00496867 0.00187175 0.471455 0.00039408 
3.11795e-07 0.00580709 0.0851084 0.0327322 0.0527042 0.250956 0.00015135 2.31254e-07 0.0169596 4.22663e-08 0.024806 7.6771e-06 0.0020777 0.144272 0.0245681 2.35105e-07 0.00543223 0.0211815 0.00292639 0.0032459 0.00436298 0.3227 1.64193e-07 
0.0909643 0.0134292 0.122591 0.010854 0.0450459 0.0643029 0.00266584 3.80783e-05 0.0750579 0.000388125 0.0383572 0.00220959 0.000120441 0.0463898 0.0877717 7.80894e-06 0.00158577 0.00714658 0.0101615 0.0763999 0.0162765 0.286376 0.00185991 
2.94401e-05 0.026076 0.0263615 0.041435 0.0137942 0.0526889 0.000875579 0.000178379 0.0256176 2.66846e-06 0.00885017 0.000226397 0.00393422 0.00445914 0.116636 1.26713e-05 4.6701e-05 0.00112259 0.0164063 0.00494861 0.00311563 0.653182 7.28677e-09 
0.000109842 0.125497 0.0427542 0.00367549 0.0107692 0.0141266 0.00105205 7.95855e-12 0.0145874 0.00113648 0.0419429 0.000836526 0.000319178 0.00813194 0.208744 0.000117792 0.000402831 0.00114412 0.0184222 0.0198891 0.0343755 0.451948 1.81849e-05 
0.00797674 0.0103418 0.0236876 0.0129254 0.0301312 0.0920252 0.00158313 0.000118805 0.0185448 0.000593517 0.0457584 0.0205799 0.000411292 0.0359434 0.243503 1.14453e-05 0.00108881 0.00320098 0.00595683 0.0144985 0.0037744 0.42613 0.00121417 
0.000199846 3.97288e-05 0.0234288 0.0179091 0.185575 0.0247641 0.00669109 0.000227557 0.0285333 0.0124584 0.0669993 0.110199 0.000279885 0.000940297 0.15525 1.96561e-05 0.000260731 0.00423237 0.0099086 0.111398 0.0475303 0.193156 7.62747e-10 
3.40561e-06 0.00254522 0.0152104 0.00119287 0.0921505 0.00717032 0.00087109 2.26407e-08 0.00606007 9.28189e-05 0.0131113 0.00115075 0.000694443 0.180896 0.0585885 1.22475e-06 0.0033477 0.000974008 0.000244759 0.0404622 0.000313606 0.574919 2.236e-08 
0.0250486 0.000130609 0.0167292 0.0138065 0.03563 0.146698 0.000440401 1.15985e-05 0.00267511 3.26726e-05 0.0373363 0.00150082 2.51104e-05 0.0205783 0.0508124 1.3526e-05 7.23359e-05 0.0107097 0.0856607 0.00599459 0.00842951 0.537204 0.000460846 
0.00444544 6.63498e-06 5.1384e-07 0.0199469 0.0210979 0.288459 0.000408677 0.000218854 7.14697e-05 1.5133e-06 0.00520517 2.11279e-06 3.25698e-07 0.00717261 2.73046e-05 1.09914e-09 0.000677962 0.00269529 0.0017138 0.00923719 0.00128969 0.636284 0.00103771 
0.00108455 9.74644e-06 0.0261631 0.00786514 0.0595965 0.104518 0.000278695 8.14901e-07 0.0410645 4.07283e-06 0.00339829 0.00152341 2.47486e-05 0.00181917 0.0125236 4.51934e-06 1.08542e-05 0.0126269 0.0231778 0.0222166 0.00212026 0.679965 4.1462e-06 
0.115895 5.6232e-05 0.0573504 0.0738971 0.02007 0.0295786 0.00680908 5.13856e-05 0.10991 0.00521395 0.0375304 0.00262602 0.00135806 0.00141057 0.0800658 7.37197e-06 0.000160728 0.0197527 0.0247196 0.00422394 0.0953085 0.313506 0.000497821 
2.87923e-07 1.07299e-05 0.00843155 0.00342669 0.0061333 0.115987 0.0279675 4.75088e-07 0.0042489 0.00429363 0.225681 0.0135905 1.32115e-07 2.12851e-05 0.0716074 0.000116034 1.04777e-07 0.00244597 5.98437e-08 0.0030357 0.122629 0.390369 2.82896e-06 
2.87923e-07 1.07299e-05 0.00843155 0.00342669 0.0061333 0.115987 0.0279675 4.75088e-07 0.0042489 0.00429363 0.225681 0.0135905 1.32115e-07 2.12851e-05 0.0716074 0.000116034 1.04777e-07 0.00244597 5.98437e-08 0.0030357 0.122629 0.390369 2.82896e-06 
0.00121157 0.00243881 0.120854 0.022726 0.0115701 0.00949306 0.0219666 0.000166527 0.0822246 0.00998932 0.0492645 0.0124729 0.00132096 0.00979984 0.191908 3.54634e-05 0.00468386 0.00553978 0.0201305 0.133741 0.0270908 0.261015 0.000357577 
1.40139e-09 0.050092 0.041853 0.000323645 0.134793 0.0363944 2.87746e-08 1.6596e-07 0.0043085 5.67976e-11 0.00433014 1.8769e-05 1.21988e-07 0.185255 0.0130251 5.50495e-09 0.00187366 0.00268411 1.99146e-06 0.00633994 0.000217658 0.518489 8.22656e-08 
1.02867e-05 0.0831538 0.265082 0.00436961 0.0334135 0.00534832 0.000869838 2.28828e-06 0.105362 3.24446e-05 0.00121702 0.000547401 0.000680462 0.00208196 0.0415243 1.83599e-06 5.56727e-05 0.0108555 0.00829463 0.135131 0.00254719 0.299419 1.19107e-11 
0.0002734 9.04886e-07 0.0169973 0.0507652 0.0255172 0.115344 0.00898063 0.000244288 0.00709128 0.00060059 0.248948 1.51076e-10 1.20716e-07 0.000420298 0.0501312 1.20639e-06 0.0430632 1.63396e-05 0.0070835 0.0792297 0.0216633 0.323628 1.15725e-10 
0.000230218 0.00722392 0.0426557 0.0999292 0.0611399 0.0221438 0.00943875 0.00386503 0.00905433 3.11479e-06 0.0440184 0.00166499 0.0289616 0.0351685 0.103594 1.84116e-06 0.000656059 0.0148693 0.0572181 0.0182348 0.0087605 0.431168 1.63449e-10 
0.0370476 0.00414671 0.00690549 0.01409 0.0252151 0.0859396 0.00511886 2.73672e-05 0.0246534 0.00124623 0.00769253 0.000861265 0.000906414 0.0126899 0.291606 1.80086e-06 1.01508e-05 0.000686196 0.0543877 0.0592497 0.00341558 0.364044 5.85879e-05 
0.0322408 0.0923713 0.0103027 0.0351142 0.028327 0.0182209 0.0058713 0.000121072 0.0216335 8.08148e-05 0.0153104 0.000943407 0.00725438 0.0247616 0.21281 1.98969e-08 6.23351e-05 0.00110175 0.0349752 0.0139169 0.00463098 0.439946 3.94672e-06 
4.03933e-05 0.0799776 0.029039 8.98911e-05 0.0746109 0.0592478 3.34276e-05 1.50691e-07 0.0109599 3.44823e-06 0.00780005 0.000404748 0.00132028 0.0288236 0.090721 1.23165e-06 7.17432e-05 0.00410484 0.00287129 0.0242003 0.000382795 0.585295 5.57493e-07 
0.00569443 0.0115806 0.0296211 0.0128016 0.0233857 0.0670678 0.00424517 8.79983e-05 0.00579544 0.000444397 0.0498812 0.0301439 0.000405855 0.0580814 0.123272 1.31105e-05 0.00110979 0.00256988 0.00202292 0.00796162 0.00306514 0.559396 0.00135325 
0.00507683 4.55658e-05 0.0570516 0.016739 0.068213 0.173242 0.000222701 6.96666e-05 0.0223735 0.000668842 0.0588242 0.00047595 0.00144031 0.00127344 0.0419298 0.000228329 0.171576 0.00906004 0.000462565 0.00078036 0.00347571 0.36377 0.0029997 
3.82351e-07 0.0386396 0.015016 0.0840023 0.0701132 0.00450738 0.00341824 0.0136195 0.0904347 0.014074 0.0540644 0.00372481 0.000581311 0.0499131 0.0653932 5.75707e-06 0.00132262 0.0113538 0.010687 0.00978936 0.126694 0.332643 1.72052e-06 
4.78718e-07 0.00333988 0.018328 0.00119266 0.00976624 0.00515199 0.000242085 1.18428e-06 0.010692 1.37157e-05 0.00143865 0.000597026 0.00156738 0.00174081 0.456562 3.75846e-06 8.14453e-06 0.00194765 0.0111577 0.00765793 0.00124543 0.467346 3.07177e-08 
1.47732e-07 1.06006e-07 0.16679 1.13084e-06 0.0151371 0.214715 1.99265e-07 3.79534e-10 0.131363 8.99877e-07 0.0618002 5.33054e-07 3.04754e-07 6.09585e-08 0.158223 2.14276e-10 2.99472e-10 0.00307877 2.50869e-08 2.58029e-07 0.00810441 0.240786 1.98038e-10 
0.000151447 0.0288863 0.0185255 0.0847795 0.032012 0.0606993 0.000419156 0.000222466 0.00367849 0.0135559 0.0448217 0.176508 0.00187948 0.139546 0.0678638 5.40883e-05 0.00336651 0.00500985 0.00167864 0.0594625 0.0182966 0.238518 6.52069e-05 
0.00124471 0.000228972 0.0183605 0.00159637 0.00036771 0.0380226 5.05858e-05 1.5185e-07 0.00344308 0.00375814 0.0134266 0.000167144 0.000405755 0.000584067 0.0345068 2.11625e-05 2.4281e-05 0.000862352 0.00793872 0.00574985 0.00596129 0.862813 0.000465822 
0.000170632 9.685e-05 0.0677121 0.0907074 0.200225 0.0646738 0.010919 0.000159358 0.0266984 1.25441e-05 0.0355283 0.000132735 0.00254753 0.0120032 0.0100123 1.40633e-05 8.05346e-08 0.0713396 0.0183649 0.0412416 0.0285306 0.318881 2.86809e-05 
0.000339936 0.00198333 0.0709246 0.0363846 0.0170287 0.174435 0.0149311 3.23567e-05 0.0230314 0.000181684 0.0281309 0.00417073 0.000336199 0.00324183 0.272245 4.57107e-05 0.00251596 0.00410899 0.0159537 0.0102372 0.0459193 0.273662 0.000159968 
4.83215e-05 0.0111336 0.0633968 0.00203928 0.0378031 0.0690915 0.000216791 2.38591e-06 0.0262739 9.77673e-07 0.0019564 0.00131884 0.00308884 0.00388459 0.143121 2.0079e-07 5.49371e-05 0.00500536 0.000537948 0.0241615 0.00226768 0.604596 4.89671e-07 
0.0159057 0.00725086 0.0116849 0.0961145 0.0186151 0.0691856 0.0019557 4.55987e-05 0.04972 4.17725e-05 0.0312492 6.98986e-06 0.000151784 0.00412012 0.263866 6.81082e-06 0.000162393 0.00136572 0.00309248 0.0210221 0.00190318 0.402531 2.32437e-06 
0.000252005 0.00287566 0.0723097 0.0445381 0.032908 0.0413362 0.0182724 4.64321e-05 0.0205561 9.78102e-05 0.0183007 0.000334164 0.00161781 0.0134778 0.209783 1.10427e-06 4.01482e-05 0.000662965 0.0202017 0.0169624 0.0172797 0.46802 0.000126785 
3.09284e-07 2.13714e-06 0.00440923 4.6949e-06 0.00628583 0.0572092 1.07941e-07 7.37667e-07 0.000999778 4.47424e-07 3.4078e-06 0.00055142 7.30717e-06 1.57102e-05 0.0646302 4.2532e-06 1.72815e-05 0.000887808 0.0104574 6.67865e-05 0.000211356 0.854234 3.84909e-07 
6.28385e-05 0.0402464 0.0818092 0.0119843 0.0696323 0.0547921 0.00155187 5.26267e-07 0.0187257 0.00269736 0.00440643 6.10096e-05 0.000236732 0.0386201 0.0820756 2.21279e-06 0.0020155 0.000642174 0.00359601 0.039155 0.0110377 0.53661 3.92029e-05 
8.32245e-05 0.00614861 0.0995376 0.0181507 0.00633604 0.0287808 0.00136752 0.000704203 0.0390616 0.00140413 0.0347965 0.0127032 0.00125756 0.00336119 0.281228 9.12985e-05 6.33258e-05 0.00581692 0.012108 0.066079 0.0120664 0.368839 1.55073e-05 
0.324948 0.0234669 0.00315797 0.0283657 0.00768075 0.0050603 0.000575975 6.54614e-10 0.00750489 0.00416974 0.127122 0.000565987 5.43286e-06 0.0170276 0.0661828 7.07948e-06 0.00160819 0.00181939 0.00113412 0.00172671 0.0027787 0.375035 5.66159e-05 
0.00119724 9.16652e-05 0.0794068 0.0581309 0.0182781 0.10591 0.0083742 2.13903e-05 0.00136543 0.000167294 0.0202475 0.00256537 0.00292875 0.0151055 0.12468 3.47064e-07 5.93412e-06 0.0168805 0.000764942 0.00240412 0.00479493 0.536636 4.20525e-05 
0.0004874 2.18341e-05 0.00224124 0.0431649 0.0414636 0.101062 0.000672566 0.000137309 0.00306102 0.000112772 0.0174547 0.00114836 0.00018203 0.000417079 0.0053496 3.09479e-07 4.32528e-07 0.00282023 0.00233222 0.00572105 0.164691 0.606308 0.00115068 
2.37032e-05 0.0117561 0.140289 0.0649551 0.0392388 0.0215367 0.0118003 0.00125055 0.0715945 0.000112923 0.0328899 0.00125976 0.000772214 0.0168463 0.191983 5.85234e-06 0.00017602 0.0126809 0.000505826 0.0810086 0.104587 0.194727 4.54988e-10 
0.00045077 0.00457728 0.0324922 0.00825271 0.0335969 0.0325082 0.000562555 1.5567e-05 0.0499898 0.000163858 0.0257199 0.00112507 0.0142288 0.000560943 0.124272 3.30086e-06 6.48692e-05 0.0113986 0.0032509 0.022028 0.0282321 0.606506 1.35186e-07 
1.33297e-08 0.0244323 0.0087867 0.00127441 0.0275585 0.0408421 1.69147e-08 6.20638e-09 0.0116239 2.10685e-08 0.00201298 2.69835e-09 0.00038974 0.00347175 0.262386 7.04466e-06 0.00386465 0.00189405 0.000692629 0.0160836 0.0757506 0.518929 3.23424e-12 
4.97635e-05 0.0454405 0.0396439 0.0865483 0.0554617 0.0179763 0.00505874 3.43026e-06 0.00568124 3.47533e-05 0.0784034 0.000881063 0.0947888 0.165147 0.0652976 3.94539e-07 0.00579798 0.000504845 0.01039 0.0219678 0.0475983 0.253316 8.92124e-06 
0.000225423 1.28269e-05 0.012199 0.00281801 0.0689294 0.0843884 7.6076e-05 1.69674e-09 0.0104191 8.76284e-07 0.0313044 4.21668e-07 4.55105e-08 8.40834e-06 0.0341849 6.41014e-08 1.01235e-06 0.00149998 1.44171e-08 0.00305004 7.97643e-07 0.750881 8.85344e-10 
1.33297e-08 0.0244323 0.0087867 0.00127441 0.0275585 0.0408421 1.69147e-08 6.20638e-09 0.0116239 2.10685e-08 0.00201298 2.69835e-09 0.00038974 0.00347175 0.262386 7.04466e-06 0.00386465 0.00189405 0.000692629 0.0160836 0.0757506 0.518929 3.23424e-12 
0.00112303 0.0108302 0.0105775 0.00289334 0.0191148 0.297317 7.24108e-05 7.87891e-07 0.00515217 0.0109566 0.286756 5.98454e-05 8.53759e-07 0.00152912 0.0416184 4.44704e-05 0.000441812 0.000382845 0.000215191 3.10073e-07 0.0081724 0.302741 3.88874e-09 
0.0015606 2.93277e-05 3.72348e-07 0.00317006 0.190066 0.0367209 8.64245e-08 1.13362e-11 1.30536e-06 1.40962e-07 0.00666795 4.87267e-07 4.01276e-06 0.000859304 1.06548e-06 6.40012e-12 8.94483e-12 0.00346304 5.09587e-08 9.58701e-07 1.36367e-07 0.757454 1.95258e-08 
0.000928195 0.00328364 0.0481611 0.0133956 0.0179406 0.0286213 6.15885e-05 6.67976e-09 0.00500341 0.000342575 0.0495208 0.000238793 0.000209341 0.0606963 0.0583329 6.07897e-07 0.191787 0.0138028 0.00779611 0.00636262 0.002888 0.490128 0.000498486 
