1.91309e-08 8.44328e-06 0.00124288 5.65082e-05 1.14784e-05 1.0278e-05 2.3464e-06 9.1064e-08 0.00166183 2.79425e-06 0.00523294 1.74298e-05 3.47122e-06 0.0468267 0.0654828 1.0252e-05 0.000327491 0.000837889 7.31718e-05 0.00316307 0.0010303 0.873998 1.13616e-07 
0.0126181 0.0101126 0.0396298 0.014964 0.0124888 0.0386568 0.00150928 4.39397e-05 0.083353 0.000999465 0.0176061 0.000224528 0.000244775 0.00954955 0.309634 2.86939e-05 0.00012929 0.00236595 0.0492088 0.0344404 0.0085579 0.350516 0.00311796 
7.20263e-05 0.00874555 0.0158283 0.0106325 0.00443618 0.0176353 0.000924242 3.30511e-08 0.0281474 4.24314e-05 0.113077 0.000817993 0.0120571 0.0129502 0.141666 0.000466672 0.000556509 0.0127282 0.0036587 0.00616354 0.00212087 0.607169 0.00010501 
0.000160818 4.16183e-07 0.00114213 0.0164633 0.0240505 0.430061 0.00264444 3.21197e-07 0.00126259 0.0004342 0.00508349 2.55052e-07 7.91797e-05 6.81486e-08 0.0502101 5.72997e-08 7.07847e-11 0.000930183 0.00187255 0.00344951 0.00894904 0.453205 4.68092e-11 
1.25787e-06 0.0034912 2.51521e-05 0.0610795 4.33326e-06 5.51805e-07 0.0126311 1.68494e-08 0.164395 1.02198e-08 0.156418 0.0139674 0.00328097 0.00247223 0.204352 6.01447e-05 0.000160257 3.85207e-09 0.0191515 0.137231 0.000959266 0.22032 8.79189e-09 
5.34461e-05 0.000511723 0.0126326 0.00841266 0.0101839 0.0610834 0.000168356 1.00586e-05 0.0296855 1.46841e-05 0.0137857 0.0243049 3.85545e-05 0.000817671 0.112542 2.69891e-06 3.81184e-06 0.00391343 0.00326223 0.00385555 0.00143971 0.713272 4.66141e-06 
0.0119025 0.00196372 0.0480562 0.0163212 0.030554 0.0205336 0.000255194 1.54895e-05 0.0141066 1.4323e-05 0.0554834 0.000303214 0.00161655 0.0124233 0.0123033 0.000161878 0.000133072 0.000878124 0.00305134 0.0542886 0.00372433 0.711854 5.57394e-05 
0.00057325 0.000358214 0.0476531 0.0301769 0.00465201 0.00156528 0.000543246 1.82214e-09 0.0301066 9.78687e-06 0.04521 5.90588e-07 2.32692e-05 0.00607493 0.0622684 0.0016217 0.000418854 0.0073437 0.00922995 0.00132479 0.0370773 0.713766 2.36941e-06 
0.000684403 0.00945271 0.267601 0.0406967 0.0212107 0.0745711 0.00164648 0.0080769 0.00431159 0.000117172 0.0155893 0.0013117 0.00142429 0.0147383 0.068708 3.04102e-07 0.000141953 0.0979141 0.0248379 0.00985323 0.0388756 0.298234 2.10015e-06 
0.00036025 9.51183e-09 0.000508897 0.0973452 2.50376e-07 0.0703029 0.00119834 2.85868e-07 2.13757e-07 1.9215e-07 0.0113655 0.00262362 1.305e-10 0.0039252 0.119663 1.1379e-10 1.59034e-10 2.18074e-06 0.00154166 0.00763937 0.0118295 0.671694 1.05167e-10 
0.149016 0.000157683 0.00289635 0.0021293 0.0156775 0.00568931 0.00013463 2.3387e-06 0.00570197 0.0160776 0.0199912 0.000222077 0.00729552 0.0239471 0.0873294 9.50084e-06 5.66557e-05 0.0287093 0.00818154 0.130357 0.221051 0.272511 0.00285592 
0.000869897 0.0424732 0.00960823 0.0115214 0.0180687 0.0105695 0.000545807 4.14635e-06 0.0303696 0.000978323 0.0136634 0.0125191 0.00139721 0.00889021 0.271895 0.000118566 0.000105222 0.001258 0.00236021 0.162699 0.00118159 0.398862 4.09268e-05 
0.00048493 7.52438e-05 0.0942734 0.0747475 0.0363144 0.10453 0.0270891 7.37477e-05 0.00440623 4.68488e-05 0.035025 0.00146802 0.015497 0.000234989 0.0829377 1.23421e-05 0.000153808 0.0148128 0.000977745 0.00638193 0.00432374 0.496133 8.77102e-08 
0.00365875 1.76257e-05 0.0137985 0.0434655 0.147046 0.155838 0.0328818 0.000136907 0.0802913 0.0123878 0.0278157 0.0311288 0.000349005 0.00133707 0.0597682 6.38063e-06 0.000100226 0.00666574 0.00756793 0.0395394 0.0301565 0.305575 0.00046824 
2.09051e-06 3.06113e-06 0.000363789 8.97041e-06 0.000478684 0.00490277 6.50198e-06 6.93888e-09 1.01303e-05 1.09803e-06 7.36981e-06 3.78589e-06 3.11438e-05 1.01215e-06 0.0108637 3.91751e-09 6.29041e-08 0.000191024 3.9595e-07 7.8407e-05 1.05899e-06 0.983045 3.62065e-09 
4.24738e-05 1.96387e-05 0.0432979 0.00747428 0.0045568 0.0577368 0.000889089 1.02855e-05 0.00140018 3.25234e-05 0.00196184 0.000525073 0.000973261 0.00189627 0.167993 1.94068e-06 7.69808e-07 0.00686289 0.000401974 0.00141742 0.000481045 0.702024 9.75442e-13 
0.00497116 2.79251e-05 0.0197047 0.0268251 0.0768598 0.20666 0.00951849 4.02805e-05 0.0273184 0.0010454 0.0599572 0.00123797 0.00024888 0.00617648 0.174128 0.000150815 1.02296e-05 0.0166937 0.0187801 0.0196284 0.0188576 0.279091 0.0320695 
6.26882e-06 0.000579092 0.000971716 0.00664673 0.0113994 0.013632 0.000194064 4.04901e-07 0.00320755 0.000337204 0.0157196 3.45579e-05 0.00323379 0.0421203 0.015572 6.87797e-07 0.0147889 0.000747857 0.0116135 0.00167534 0.00266646 0.85482 3.24549e-05 
0.0105679 0.00126105 0.0395132 0.0438413 0.15135 0.0696687 0.00320638 0.000127787 0.1242 7.89076e-06 0.0720883 0.00157924 8.29047e-05 0.00588331 0.0560196 3.40397e-05 4.50521e-05 0.0457338 0.00154467 0.0286694 0.0221836 0.32237 2.17298e-05 
0.000135071 0.00919476 0.0402856 0.0222217 0.0207774 0.0727653 0.00212983 0.00532709 0.0142196 0.0191282 0.0187286 0.00562802 0.00517405 0.0178573 0.227441 9.51124e-06 0.000207965 0.00523825 0.00539061 0.0263388 0.034913 0.446425 0.000463335 
9.15407e-05 1.69853e-05 0.0982657 0.0521931 0.00794832 0.0720143 0.00208867 3.89969e-05 0.0801918 9.34152e-06 0.00404397 0.00776258 0.00290359 0.000463965 0.136586 1.82934e-05 1.5087e-07 0.00505451 0.00359345 0.0176712 0.00689044 0.502153 5.85891e-09 
0.000243931 0.0017547 0.10835 0.0341913 0.0138811 0.0620212 0.00439755 0.000787043 0.00811057 6.09627e-05 0.0176689 0.00057651 0.00152701 0.00145835 0.25602 1.70912e-05 0.00497685 0.00804801 0.0168732 0.0592082 0.010625 0.389203 2.46042e-11 
0.000313685 0.0140215 0.0729629 0.00681155 0.0256358 0.0562331 0.000868933 0.00095119 0.0076865 4.82642e-05 0.0440366 4.14241e-07 0.000117584 0.0879373 0.0297273 0.000660734 0.00341853 0.00452051 7.15913e-05 0.0112019 0.0041598 0.628479 0.000135629 
2.20719e-05 0.0092245 0.0974855 0.00806779 0.10162 0.214762 0.0102327 0.000391195 0.0719381 4.80418e-05 0.000660967 0.00043261 0.000921165 0.00472106 0.175782 1.98752e-06 0.000259582 0.00352409 0.00255079 0.0636745 0.0164025 0.217172 0.000103319 
0.00351023 3.53833e-05 0.0213049 0.0410988 0.0625327 0.0727086 0.008647 2.80006e-05 0.0640941 0.00050267 0.0200342 0.158355 5.90049e-05 0.000207489 0.139842 6.30027e-06 4.17417e-05 0.00485819 0.0857623 0.018778 0.00856973 0.28431 0.00471405 
1.72572e-05 0.0039889 0.102861 0.0203615 0.155791 0.0446495 0.0105175 2.3544e-05 0.0631216 3.51711e-06 0.000768474 0.00344674 0.0115616 0.000255882 0.224687 2.79496e-07 1.72731e-08 0.00821928 0.0543114 0.0154362 0.00422905 0.275748 5.12059e-08 
0.00163831 0.000560142 0.0293155 0.030301 0.0272315 0.0343266 0.00484582 0.000114007 0.0138326 0.00144325 0.0935811 0.000549803 1.75606e-05 0.0924737 0.036722 2.58606e-05 0.0324241 0.0092288 0.0854581 0.00642953 0.0284618 0.47097 4.84713e-05 
5.69146e-05 0.00306922 0.0331034 0.00163064 0.0129481 0.0281802 0.000416829 2.91094e-06 0.0580786 0.000350741 0.113742 0.00400074 0.000732696 0.00509042 0.215844 5.75315e-05 3.63739e-05 0.0162183 0.00138108 0.0557601 0.00457927 0.441655 0.00306514 
0.0060904 0.0196305 0.0454027 0.027555 0.0811719 0.0771523 0.000386119 2.22112e-05 0.0161592 0.00403951 0.0106214 0.00125555 0.00329787 0.00916674 0.195417 3.1159e-06 4.2704e-05 0.0258526 0.0647438 0.0530081 0.0110557 0.347906 2.01671e-05 
0.000349899 0.000274993 0.0230184 0.00402278 0.00606443 0.0579596 0.000167245 0.000106051 0.0185771 2.78207e-06 0.0756536 2.60316e-05 7.52208e-05 0.000481646 0.128256 0.000793739 0.00174665 0.0036535 0.00384684 0.0166639 0.00345346 0.654235 0.000570851 
1.40155e-10 1.25228e-09 0.00259899 0.0106522 0.0040215 0.0811277 8.85219e-05 3.34281e-10 0.00813452 1.38307e-06 0.021028 0.000763855 2.1644e-10 1.21452e-07 0.338503 1.88727e-10 7.88644e-07 0.00264076 4.66133e-08 0.000376097 0.0162778 0.513784 3.02892e-07 
0.000175347 1.48279e-05 0.0238538 0.0334594 0.00451426 0.0577747 0.00758427 2.52157e-05 0.00152308 7.04202e-06 0.00566558 5.03516e-05 0.000141144 4.93633e-05 0.365534 3.12487e-09 1.2441e-06 0.000826013 0.000262251 0.00119311 0.000802656 0.496543 8.81474e-12 
0.0280914 2.30182e-05 0.0522186 0.0167441 0.0750704 0.112867 0.000615224 9.80628e-06 0.129328 7.85063e-08 0.0818289 0.000348407 0.000506014 0.00161345 0.135464 1.89873e-05 0.000197552 0.00176615 0.000221883 0.0316801 0.00859441 0.32279 1.70263e-06 
4.83764e-05 5.43671e-06 0.0325976 0.00138234 0.0310214 0.228785 4.56822e-05 1.49053e-07 0.0479699 1.61193e-05 0.000120354 0.000394163 0.00123789 6.20409e-06 0.0306386 1.98901e-08 4.90327e-06 0.0071845 7.38138e-06 0.00217718 7.20919e-06 0.616349 4.35472e-10 
4.61096e-08 8.14875e-06 0.0186968 0.0471219 0.0428429 0.178619 0.00409382 1.15815e-08 0.00558462 5.2662e-08 0.00637744 3.26451e-07 0.000284808 2.70486e-08 0.273206 1.01628e-07 4.56692e-12 1.17753e-06 0.00326249 0.00255103 0.127228 0.289974 0.000147277 
6.26399e-06 0.000170017 0.0298217 0.00222568 0.0382709 0.0410203 0.000343994 2.6636e-06 0.0163918 0.0023059 0.0251307 0.00811418 0.000234459 0.00097944 0.068765 2.32708e-06 0.000362468 0.00658014 0.00613963 0.00203404 0.0481685 0.702668 0.000262375 
0.000547795 0.0104975 0.0720818 0.0116697 0.181638 0.175724 0.00245947 1.54765e-05 0.0477654 0.000140654 0.024417 0.000574785 0.002284 0.00702841 0.107579 2.76327e-06 0.000233069 0.012919 0.0154697 0.00853861 0.0125243 0.305783 0.000106173 
5.72903e-07 0.0233586 0.0151448 0.0476668 0.0210589 0.00820343 0.00405443 1.15623e-05 0.00777265 8.53128e-05 0.0306944 0.000500369 0.00427097 0.0293579 0.321304 2.50982e-06 0.000259755 0.00330355 0.028863 0.0809932 0.0135939 0.359499 2.12801e-07 
0.00766211 0.00586221 0.0278229 0.0393167 0.0178275 0.0895298 0.0025512 8.02473e-05 0.0123873 9.82246e-05 0.0647693 0.00240838 0.00131612 0.0214348 0.148052 3.27379e-05 0.00486459 0.00623059 0.0268319 0.00731314 0.0120504 0.50142 0.000137642 
0.000292443 0.00429682 0.0514794 0.0299042 0.0169129 0.0336982 0.000617334 2.39032e-05 0.0721871 6.0051e-05 0.0149836 0.000183098 0.000356198 0.000808523 0.118449 4.86704e-06 2.32134e-05 0.0111018 0.00114986 0.102381 0.0023444 0.537656 0.00108601 
0.000232865 0.0229058 0.0179059 0.00983285 0.104773 0.278399 0.000832787 1.43167e-06 0.004923 4.79022e-06 0.0738686 0.00135329 0.00280842 0.00898468 0.0221114 5.28992e-06 0.000606023 0.00210503 0.00293664 0.00728678 0.00322992 0.434651 0.000242418 
0.000266623 0.000210286 0.0217901 0.011954 0.00102094 0.0199855 0.000676146 5.78688e-05 0.0113176 4.71856e-06 0.00590638 0.000216964 6.41501e-05 0.00487223 0.383593 0.000165104 0.0118941 0.00327139 0.00291095 0.00932227 0.00268075 0.507811 7.21615e-06 
3.49942e-05 0.000459076 0.0282399 0.00254761 0.0419297 0.0902757 0.000188791 0.00215479 0.0379093 0.000243478 0.00469878 0.000810275 0.000286805 0.000366423 0.135663 2.39621e-05 2.96608e-05 0.0175799 0.00393009 0.00515363 0.00484292 0.622631 1.10663e-10 
0.000203589 0.000763149 0.0784598 0.0465056 0.0225301 0.118408 0.00337475 4.43758e-05 0.0177387 1.0443e-05 0.0228608 9.2497e-06 0.000258201 0.181807 0.0378254 1.1881e-06 0.00225709 0.000921306 0.136287 0.106238 0.0131155 0.210371 9.84024e-06 
0.00111343 0.000129919 0.00232123 0.00519103 0.00671986 0.0473764 0.000422109 2.31895e-05 0.000597325 6.88232e-05 0.0114046 0.00180649 1.28957e-05 0.000115986 0.0340205 1.05413e-05 9.88969e-09 0.00239986 0.00982829 0.000864528 0.000723407 0.87384 0.00100908 
7.6841e-05 7.68785e-05 0.215421 0.0222692 0.0654814 0.0302497 0.12193 3.47382e-11 0.0115101 2.10701e-11 0.0150076 0.000267944 7.87624e-08 0.115428 0.0172645 5.79461e-09 8.0849e-07 0.0025342 0.0106686 0.0247276 0.0353912 0.31168 1.49652e-05 
2.9279e-07 3.23082e-06 0.00497037 0.000527387 0.00244516 0.0104378 7.66022e-05 1.82595e-11 0.00280578 1.03145e-08 0.000190086 3.64815e-08 3.77646e-08 0.000218371 0.273355 2.34313e-09 3.46928e-10 0.000218565 0.000580036 0.00209766 0.00134126 0.700732 4.00161e-08 
0.00383335 0.00404516 0.0749356 0.0192055 0.0209488 0.128086 0.00098079 0.00148067 0.0597989 0.00272903 0.109997 0.000804009 0.00064242 0.0203001 0.13373 9.37605e-06 0.000247146 0.0167884 0.023209 0.166802 0.0213995 0.188402 0.00162467 
9.89152e-05 4.50087e-05 0.00206413 0.0010739 0.0394176 0.0480191 0.000118284 1.73546e-07 0.0352416 0.000237561 0.00552149 8.53272e-05 0.000360003 0.000208915 0.125014 7.67825e-07 1.34247e-05 0.00298807 0.000468982 0.00101355 0.00206255 0.735946 6.30425e-08 
2.9279e-07 3.23082e-06 0.00497037 0.000527387 0.00244516 0.0104378 7.66022e-05 1.82595e-11 0.00280578 1.03145e-08 0.000190086 3.64815e-08 3.77646e-08 0.000218371 0.273355 2.34313e-09 3.46928e-10 0.000218565 0.000580036 0.00209766 0.00134126 0.700732 4.00161e-08 
0.00012603 0.000881388 0.0752391 0.0248281 0.0267031 0.0822193 0.000745359 4.26224e-05 0.0288976 0.000210588 0.00480474 0.000810016 0.00427969 0.0292015 0.166205 6.52349e-05 0.0109574 0.0109858 0.0371406 0.0576852 0.00599017 0.431914 6.77524e-05 
3.26624e-05 0.000813907 0.00911927 0.00581321 0.0464897 0.0323193 0.000999499 3.06882e-06 0.140579 0.000724576 0.00474554 0.00309904 0.00307872 0.00314535 0.175865 1.38075e-05 2.02793e-05 0.00597077 0.0197843 0.0081847 0.00641349 0.527894 0.00488991 
9.21786e-06 3.7254e-06 0.168254 0.00973039 0.0605558 0.214505 0.00105835 8.07112e-07 0.0317868 0.0040945 0.00661281 0.000928015 0.000935274 0.0226751 0.0727156 5.56784e-07 2.28676e-05 0.00336836 0.000240065 0.0291868 0.0091137 0.363703 0.000499768 
1.51778e-06 1.18903e-06 0.0214258 0.0428996 0.110076 0.0863926 0.0140836 0.000186503 0.183712 8.24712e-06 0.0309786 0.000678643 2.98451e-06 0.00272448 0.131142 2.03915e-08 0.00022892 0.0208055 0.000848568 0.00117812 0.0974415 0.255179 5.74599e-06 
5.2646e-06 7.4114e-07 0.0339411 0.247858 0.0151923 0.0505823 0.00138104 3.62638e-06 0.00268108 4.58323e-05 0.00254823 5.63997e-08 0.0367048 0.00190613 0.024097 4.38267e-06 0.00013635 7.55412e-06 0.00898175 0.217369 0.0202109 0.336342 4.32027e-08 
4.05214e-07 0.00345764 0.0468267 0.0523856 0.0523455 0.010937 0.0175027 1.72981e-07 0.0239621 8.7732e-05 0.0491951 0.000351065 0.000593207 0.0902261 0.197096 4.78786e-08 0.00284151 0.000669278 0.00100386 0.120147 0.0253876 0.304983 5.54835e-07 
0.000210571 5.04491e-05 0.0316059 0.00346826 0.00334822 0.107266 0.00469195 9.55799e-06 0.27132 3.68032e-06 0.0394078 0.00338127 3.39991e-05 0.000117873 0.136507 0.000277061 6.90031e-06 0.00426013 0.00174655 0.00708805 0.00303734 0.382161 9.0114e-10 
0.000179733 0.0176403 0.115074 0.00570159 0.0687187 0.041872 0.00201525 1.08576e-09 0.0292632 0.00010512 0.156722 8.57682e-05 0.00047135 0.00861315 0.0452835 0.000777207 0.019556 0.0154087 0.00113761 0.00470741 0.0577217 0.40875 0.000196101 
0.0211661 0.00404921 0.0248959 0.0184908 0.0936359 0.0986915 0.00260247 0.000349713 0.0153417 0.000566035 0.0371904 0.0128341 0.00297151 0.0149263 0.0573257 1.32899e-05 4.41306e-05 0.00497351 0.00894626 0.0408075 0.00338899 0.53658 0.000209041 
0.000364389 9.80684e-05 0.0112068 0.103708 0.0165842 0.0288871 0.00248071 2.31502e-07 0.00563581 0.000350378 0.0430882 0.00228767 0.000116462 0.000644971 0.0390521 1.307e-07 0.00012457 0.0019793 4.96189e-05 0.00841423 0.0139309 0.720996 1.20796e-07 
1.6743e-07 0.00628502 0.0194014 0.014878 0.0707474 0.181118 0.00197911 2.20495e-07 0.0434466 0.000397585 0.0031467 0.00492496 3.49604e-05 0.0432749 0.0642222 0.000139082 0.000473028 0.0744729 0.0472602 0.0131331 0.0185111 0.391898 0.000254708 
0.000199615 4.09051e-05 0.0398468 0.0758223 0.106533 0.134235 0.00189228 2.15314e-06 0.00900152 0.0015099 0.0156322 0.000489516 0.000917357 0.205701 0.0267883 8.69612e-10 3.48585e-07 0.0107453 0.0125685 0.0102518 0.00291484 0.344907 2.76158e-08 
1.15616e-05 0.00230911 0.00486555 0.000263472 0.0262985 0.0183157 9.56358e-05 3.20815e-06 0.00801009 8.12213e-06 0.000650299 0.00425317 0.000739718 0.00104071 0.114164 6.2267e-07 1.34298e-06 0.000973576 5.26019e-05 0.00915177 0.000785801 0.808006 1.13314e-11 
0.00187347 0.0433995 0.0359021 0.00293008 0.00972381 0.0553819 0.000354009 7.3606e-09 0.0209738 2.62304e-06 0.0679769 0.000191201 0.00219631 0.0370411 0.019088 0.000823902 0.212562 0.0102707 0.000618841 0.00496867 0.00187175 0.471455 0.00039408 
2.61746e-08 0.00250243 0.00729829 9.14499e-06 0.0362106 0.0274734 7.3328e-06 6.23121e-08 0.00294339 1.37206e-08 9.78108e-05 3.19915e-05 0.000216326 0.00156102 0.126051 3.79871e-09 2.23461e-07 0.000461138 1.84318e-05 0.00495777 0.000117071 0.790043 8.27652e-12 
4.24724e-05 1.67335e-05 0.0342214 0.00492032 0.00862795 0.1088 0.000262582 1.02843e-05 0.00137491 3.42068e-06 0.000769185 0.00123372 0.000453921 0.000377189 0.105244 6.56708e-07 1.69809e-06 0.0049787 0.00585152 0.00089989 0.000380328 0.721529 7.90099e-13 
0.00506399 0.000321294 0.0364103 0.0319863 0.0129332 0.165088 0.000264156 1.79768e-07 0.00268364 2.45596e-06 0.127765 0.000349041 0.000156202 0.00301772 0.024133 2.69479e-05 0.00217564 0.00586775 0.0150996 7.97854e-05 0.00741019 0.559114 5.18675e-05 
0.00270935 0.000301703 0.0210614 0.161612 0.0421059 0.0517534 0.0219825 0.000974239 0.0250425 0.00121857 0.0831589 0.00369858 0.000103737 0.00188399 0.0584793 6.18244e-05 0.000335323 0.00889731 0.121597 0.0209023 0.133004 0.238247 0.000869654 
0.00276706 0.00519242 0.00794067 0.0169338 0.0185165 0.0379362 0.00652735 9.22365e-05 0.00640514 0.00153916 0.0831807 0.00216069 0.00133726 0.292941 0.0855171 1.194e-06 0.000243766 0.00150188 0.0326998 0.0292141 0.0227862 0.343442 0.00112387 
0.000895061 8.09275e-07 0.0103725 0.000861633 0.0193267 0.0602926 9.2303e-05 1.00886e-07 0.00217723 8.66733e-09 0.000185494 0.00373035 0.000291011 0.000221658 0.196457 1.04801e-11 1.46471e-11 0.00062188 0.000964034 0.000912624 0.00065713 0.70194 7.40232e-08 
5.46026e-05 1.02761e-05 0.182202 0.000123042 0.00540805 0.00124062 4.48228e-06 9.0865e-10 0.00441501 5.51132e-10 0.00132315 0.000879725 0.0190854 6.31185e-05 0.0408855 3.39285e-07 7.44822e-06 0.000134786 4.09904e-07 0.0441437 5.37897e-06 0.700013 4.74126e-10 
1.53697e-05 0.0199268 0.034678 0.0944904 0.0396408 0.0299764 0.00104821 0.000185501 0.0573704 9.50064e-05 0.128706 0.00160234 0.001168 0.00347952 0.044215 1.57161e-05 0.000317257 0.00947036 0.0326132 0.0573077 0.00751069 0.435602 0.000565619 
0.00198221 0.0489508 0.0163054 0.0144032 0.0715053 0.032736 0.000621874 1.16144e-05 0.0500437 0.00459534 0.0134938 0.00374636 0.00389076 0.0428211 0.170051 1.03785e-06 3.89601e-05 0.0108597 0.00775762 0.0558684 0.00748213 0.438163 0.00467043 
0.00140408 0.00765898 0.167406 0.0163594 0.121075 0.133321 0.00104474 4.44162e-05 0.033052 0.00113937 0.0558085 0.000727178 0.00295938 0.00715885 0.0819244 1.45742e-05 0.000437499 0.0291476 0.0010186 0.0481241 0.00678016 0.283367 2.88538e-05 
0.000702554 6.52813e-05 0.0153443 0.00814999 0.0746202 0.258606 0.000826443 0.000265333 0.0227661 0.00145762 0.0269267 5.53201e-07 5.07843e-05 0.0513018 0.0648731 1.46079e-06 0.00124835 0.0255787 0.00265997 0.0604787 0.0140125 0.32088 0.0491838 
5.38899e-05 0.00089576 0.071611 0.0175253 0.0201814 0.0743862 0.0049776 1.74644e-05 0.0158262 0.000156153 0.00830693 0.0263226 0.000725402 0.000775143 0.168598 6.86701e-06 0.000279901 0.010115 0.0013727 0.0098392 0.0119221 0.555965 0.000140424 
3.05336e-07 3.05577e-07 0.114799 0.0178195 0.0805834 0.0587728 0.00440039 3.04857e-07 0.0147307 0.00106844 0.0456573 3.0512e-07 3.05148e-07 0.13678 0.163921 3.05217e-07 3.05032e-07 3.05493e-07 0.00446237 3.05579e-07 0.0435163 0.309365 0.00412121 
3.51272e-05 0.000157573 0.00438546 0.147023 0.00402219 0.0536438 0.00426996 6.69661e-05 0.00272373 6.47534e-08 0.0252556 5.00046e-05 6.34549e-08 0.0013685 0.326274 2.76176e-06 8.44451e-12 3.92481e-05 0.0117293 0.0073265 0.0149 0.396726 2.54703e-09 
5.65904e-06 0.000372373 0.024444 0.0670537 0.239974 0.160917 0.00346218 0.000429876 0.0691193 0.000295245 0.0197687 0.000614315 0.000812784 0.0044292 0.0761746 0.000251656 0.0001316 0.0203454 0.00169679 0.00653115 0.0619808 0.240794 0.000395353 
0.000141757 4.85573e-05 0.0168432 0.00215941 0.0154883 0.0237059 0.000245023 4.70932e-06 0.0400221 1.61376e-05 0.00822698 0.00125477 4.60179e-05 0.0422796 0.00708596 2.65876e-06 0.000287176 0.00181454 0.00336467 0.000393882 0.000795163 0.835749 2.46896e-05 
3.5982e-06 4.08719e-05 0.0837209 0.195959 0.00674627 0.0189813 0.00583844 1.41933e-05 0.0345523 0.000410033 0.00625792 0.000202954 5.9132e-05 0.000156648 0.093932 2.05118e-05 1.04507e-05 0.0326665 0.0172722 0.00836462 0.103678 0.39111 1.4441e-06 
0.0909643 0.0134292 0.122591 0.010854 0.0450459 0.0643029 0.00266584 3.80783e-05 0.0750579 0.000388125 0.0383572 0.00220959 0.000120441 0.0463898 0.0877717 7.80894e-06 0.00158577 0.00714658 0.0101615 0.0763999 0.0162765 0.286376 0.00185991 
3.79851e-05 1.5175e-05 0.0735057 0.0474346 0.0455246 0.242711 0.00186223 9.10858e-07 0.00210737 2.03329e-06 0.0353607 9.03549e-05 7.29592e-06 0.00784427 0.205115 6.28155e-09 0.00230073 0.00364157 0.0153389 0.00376177 0.0371468 0.276187 4.60502e-06 
6.33866e-06 9.41002e-06 0.000149112 0.0400807 7.22201e-05 4.5313e-05 2.48195e-05 4.19834e-09 7.68305e-05 2.54646e-09 0.101623 0.15177 1.14197e-05 0.000120826 8.20246e-05 2.37028e-09 3.31271e-09 3.57061e-05 5.89787e-06 7.52019e-06 4.36188e-05 0.705831 4.16443e-06 
0.00083752 0.000354059 0.0109571 0.000821287 0.0735805 0.105649 0.00237226 0.000931112 0.0520991 3.25662e-11 0.023631 0.000627716 0.000111649 0.00309313 0.217884 2.83301e-05 0.00445407 0.0057559 0.000161021 0.00805159 0.00110364 0.484391 0.00310482 
0.0125884 0.00022497 0.0173313 0.0479267 0.0705392 0.277245 0.000486652 0.000251686 0.000616162 0.000301784 0.143394 1.45484e-07 0.000788869 0.000447663 0.0444035 4.08507e-06 2.49321e-08 0.003987 0.0154799 0.0022391 0.00542126 0.356322 2.34544e-08 
1.42005e-06 8.92192e-07 0.0229382 2.32989e-05 0.102033 0.0284982 2.14988e-06 8.67201e-10 0.00564189 4.46316e-08 2.75819e-05 0.000117656 0.000212377 1.38324e-05 0.222596 2.68559e-08 1.01924e-05 0.00026431 0.00146024 0.000431579 0.00324181 0.612485 4.52498e-10 
0.00159662 0.0132239 0.047204 0.0142778 0.0117384 0.0433786 0.00108937 1.6296e-05 0.0105279 0.00253469 0.0156163 0.00906319 0.00923393 0.00634941 0.0973865 1.0693e-06 0.000228965 0.0136538 0.01723 0.00779838 0.0088073 0.664308 0.00473594 
0.000474933 2.14815e-05 0.0240616 0.10249 0.0903753 0.00473452 0.0216868 2.57984e-07 0.0351548 0.000513768 0.192496 0.00325969 1.74223e-06 0.0019191 0.014375 3.30517e-07 0.000113645 0.00709524 0.00201979 0.00701976 0.0873031 0.40488 3.37973e-06 
6.96933e-05 2.87487e-06 0.000588418 0.0236994 0.00986423 0.170536 3.35965e-06 1.1871e-08 0.000468894 0.000868526 0.0457942 0.00116631 4.27449e-05 3.56835e-05 0.00126023 1.85428e-10 2.59155e-10 0.00216045 5.61325e-06 0.000113784 0.00104334 0.74226 1.57773e-05 
0.00201052 0.0262428 0.0262648 0.150927 0.0526912 0.0556578 0.00353 2.32323e-05 0.0182937 0.00107455 0.0842818 0.127816 9.04515e-05 0.00193761 0.024411 1.05547e-06 0.000420646 0.0180013 0.0237422 0.0169197 0.0102045 0.355402 5.62619e-05 
0.000812018 0.00506863 0.0129217 0.00784787 0.0568797 0.187558 0.000296673 7.39325e-06 0.0124918 3.10292e-08 0.00133245 0.000688507 0.112123 0.000212517 0.0257518 2.85605e-05 4.80418e-07 0.00853271 0.00144878 0.00573943 0.00754349 0.550986 0.00172826 
2.87923e-07 1.07299e-05 0.00843155 0.00342669 0.0061333 0.115987 0.0279675 4.75088e-07 0.0042489 0.00429363 0.225681 0.0135905 1.32115e-07 2.12851e-05 0.0716074 0.000116034 1.04777e-07 0.00244597 5.98437e-08 0.0030357 0.122629 0.390369 2.82896e-06 
3.25911e-06 0.00418566 0.0254065 0.0012065 0.0108159 0.00729358 0.000367393 1.84488e-06 0.0110282 8.57298e-06 0.00342564 0.000431005 0.0010286 0.00153824 0.27557 1.31697e-05 2.25779e-05 0.00259752 0.00608782 0.0109967 0.00162986 0.636334 7.47782e-06 
3.70995e-08 1.58317e-05 0.0161774 0.00207596 0.0133976 0.0715404 0.000218426 0.000812031 0.0136243 0.000651847 0.00570444 0.000232778 2.09165e-07 0.0138355 0.101577 4.15899e-05 1.24387e-05 0.00391739 7.5547e-05 0.0036809 0.00474053 0.747668 1.01976e-11 
6.74901e-06 0.000650174 0.0039813 0.00361439 0.0676631 0.0520951 4.83278e-06 1.98693e-07 0.000556938 1.09916e-06 0.000205046 0.193169 1.82179e-06 0.001246 0.0697794 7.67093e-08 0.000228595 0.00237681 1.94671e-05 0.000981571 0.000182084 0.603235 1.45478e-06 
2.64343e-05 0.000112174 0.0198343 0.057113 0.0349848 0.0367704 0.0012647 9.29424e-05 0.0790926 0.00024923 0.104556 1.11596e-05 0.0024891 0.00686428 0.158139 1.96655e-05 0.000918353 0.0126385 0.0240323 0.0073419 0.158931 0.290297 0.00422185 
8.57553e-10 4.67633e-06 0.000583047 0.00440407 0.000537416 1.30701e-10 1.05314e-05 7.71272e-08 0.04163 3.55321e-06 0.00286791 4.87653e-05 3.84637e-05 0.000110402 0.000313257 3.03308e-07 0.000985673 0.000882617 0.00253991 1.58874e-05 0.00482554 0.939901 0.000296968 
2.51416e-05 2.75142e-05 0.0108379 0.00321091 0.00119674 0.0124295 0.000205166 2.17039e-05 0.00224659 9.35037e-06 0.00457018 0.000341883 0.000660014 0.0290326 0.0567969 7.91203e-06 6.76347e-05 0.0042421 0.00213158 0.00598937 0.00124116 0.864708 2.90395e-08 
0.00131853 2.2525e-07 0.0357251 0.0111662 0.179584 0.168064 0.000671258 7.50275e-05 0.125313 0.00212098 0.0117408 0.00404638 0.0023333 0.0007654 0.129053 0.000515296 6.41357e-10 0.0275571 0.00070278 0.0432909 0.0247319 0.231224 1.0812e-06 
1.43658e-06 0.00321201 0.0186012 0.000889673 0.0127732 0.0363784 7.74622e-05 1.03563e-06 0.00352812 6.28152e-07 0.000589781 2.18131e-05 4.92063e-05 0.0193318 0.00141487 8.39858e-07 0.000451029 0.00065436 4.85541e-06 0.000410592 0.000138221 0.901462 7.26983e-06 
0.00507683 4.55658e-05 0.0570516 0.016739 0.068213 0.173242 0.000222701 6.96666e-05 0.0223735 0.000668842 0.0588242 0.00047595 0.00144031 0.00127344 0.0419298 0.000228329 0.171576 0.00906004 0.000462565 0.00078036 0.00347571 0.36377 0.0029997 
0.00569712 1.93075e-05 0.13307 0.0873192 0.00492662 0.049214 0.00516497 1.49505e-08 0.0101176 0.0425546 0.152372 1.0184e-08 3.02398e-06 4.26004e-09 0.15896 8.44067e-09 5.16086e-05 0.0253908 0.00109195 0.00214787 0.15699 0.164908 7.80104e-09 
0.000524599 0.113179 0.14672 0.0524044 0.0170304 0.0318689 0.00210749 6.75725e-05 0.0670686 3.08122e-06 0.00616079 0.00117418 0.149738 0.00838414 0.120769 3.1917e-05 1.0101e-06 0.00319518 0.00315991 0.0337624 0.0344425 0.208207 7.73491e-08 
0.000112453 0.0291442 0.00831004 0.000474795 0.0379483 0.00682538 0.000258025 6.52126e-06 0.0355497 0.000270629 0.0340975 0.000363314 0.00341187 0.214835 0.00604971 5.06898e-06 0.00321442 0.00656088 0.00767391 0.0275187 0.00515858 0.572176 3.50093e-05 
0.000119872 0.00484863 0.00693422 0.0283114 0.0255376 0.0083747 5.78897e-06 0.000200633 0.00278925 2.59303e-06 0.0993684 3.55366e-06 2.27946e-05 0.0335842 0.00509763 3.30913e-06 0.00646564 0.000218491 0.0003583 0.00811022 0.00401273 0.765613 1.6991e-05 
9.2236e-07 3.1929e-05 0.0177242 0.0002027 0.00268118 0.0339182 6.68456e-05 7.16149e-10 0.0038966 5.86241e-08 0.16073 0.0328281 5.14259e-06 4.80571e-05 0.059341 1.51031e-05 4.34382e-07 0.000499776 3.14265e-06 0.000156151 0.00395321 0.683897 3.73681e-10 
0.00261671 0.000171633 0.066258 0.0364987 0.00469816 0.028993 0.00822666 2.14679e-05 0.00581973 8.5326e-06 0.0406993 0.000463797 0.00413304 0.0216247 0.184953 8.55551e-06 4.56449e-06 0.00368233 0.0057784 0.210723 0.00559141 0.369025 3.95878e-09 
5.17662e-09 0.0031032 8.30702e-09 0.00175594 0.236769 2.81971e-08 0.000508193 2.46672e-07 0.0168547 1.27176e-07 0.122937 2.14701e-07 0.000426028 0.1226 0.0816116 2.02341e-05 0.00161407 1.72934e-07 8.16563e-05 0.0999364 0.00173841 0.310037 6.28435e-06 
0.00114199 5.491e-07 6.76495e-07 0.0690106 0.0959093 0.102588 0.00775226 1.22448e-07 6.12091e-05 5.55105e-07 0.0443465 0.0350967 0.00179174 0.00065154 0.0331661 1.1313e-06 3.83918e-10 0.0405205 0.0187289 7.76841e-07 0.102631 0.446599 3.97995e-07 
2.55375e-11 0.0293518 0.0156616 7.21955e-06 1.11099e-06 0.0165031 3.0986e-06 0.000393836 0.00318603 3.69438e-11 0.070488 5.71309e-09 0.000473323 0.138598 0.0612516 7.95139e-09 0.0832767 0.000723403 0.00780736 0.00360484 0.00537319 0.563296 3.17819e-11 
0.000441277 2.98898e-05 0.00115314 0.000656651 0.00120606 0.0120028 0.000325508 7.29839e-06 0.000742556 6.9108e-06 0.0423443 2.48804e-05 0.00378912 0.000835617 0.0164629 9.63145e-06 0.000486704 0.00457014 3.60751e-05 4.09109e-05 7.43069e-06 0.914352 0.000467832 
0.000252005 0.00287566 0.0723097 0.0445381 0.032908 0.0413362 0.0182724 4.64321e-05 0.0205561 9.78102e-05 0.0183007 0.000334164 0.00161781 0.0134778 0.209783 1.10427e-06 4.01482e-05 0.000662965 0.0202017 0.0169624 0.0172797 0.46802 0.000126785 
1.67069e-06 8.56803e-05 0.0185987 6.51297e-06 1.47718e-05 5.76368e-06 0.111021 6.16532e-10 0.0460032 3.73951e-10 0.0118218 2.75558e-05 2.35449e-06 0.323005 2.60818e-06 1.05614e-07 0.00885764 0.00739025 0.00392388 3.10079e-05 0.00574003 0.46346 3.21701e-10 
0.0835736 9.29239e-05 0.0577407 0.00306149 0.0390151 0.0265564 0.000257489 0.00693624 0.116069 0.000101128 0.0346666 0.00308305 0.000201434 0.0354872 0.0351369 3.02572e-06 0.000525807 0.0371876 0.000824745 0.0583661 0.0440594 0.409477 0.00757764 
0.000495971 3.23657e-05 0.00426987 0.0252194 0.0328087 0.227748 0.000759728 2.17589e-05 0.011935 0.000111338 0.0159135 0.00422474 0.000242338 0.0091678 0.0339021 7.03596e-06 8.03798e-05 0.00127695 0.0026698 0.0197674 0.0158025 0.591564 0.00197898 
0.000117739 0.00367421 0.00673987 0.0263584 0.0146738 0.084845 0.00841114 8.60466e-05 0.0120023 1.79855e-05 0.0490028 0.0156544 0.0038288 0.00522428 0.0276261 0.000152424 0.000376345 0.00128669 0.152685 0.253559 0.0262064 0.30724 0.000230978 
2.87923e-07 1.07299e-05 0.00843155 0.00342669 0.0061333 0.115987 0.0279675 4.75088e-07 0.0042489 0.00429363 0.225681 0.0135905 1.32115e-07 2.12851e-05 0.0716074 0.000116034 1.04777e-07 0.00244597 5.98437e-08 0.0030357 0.122629 0.390369 2.82896e-06 
0.00181139 0.0117435 0.0827116 0.0904938 0.0167569 0.17174 0.00793454 0.000313106 0.00793582 3.40187e-05 0.0386513 0.0184788 0.0046147 0.00808543 0.112653 5.03011e-05 5.16003e-05 0.00428055 0.0170312 0.0127727 0.00907885 0.382031 0.000745954 
1.42211e-07 6.93577e-06 0.0021982 0.00071635 0.000987159 0.010899 0.000299981 8.35442e-06 0.000951533 3.15421e-11 0.000932983 1.16592e-05 3.23883e-05 0.00019522 0.368369 7.43717e-05 4.10334e-11 7.29223e-05 0.0276787 0.00627474 0.00247681 0.577813 2.71349e-11 
7.19695e-05 3.27462e-05 0.0073111 0.00597936 0.00546512 0.187219 0.000351273 1.02312e-07 0.000519349 6.40696e-05 0.0144699 0.00300843 4.97147e-08 0.00246933 0.159818 1.62924e-11 5.12725e-07 0.00236691 0.00043389 0.00242449 0.00230807 0.605687 3.07376e-08 
0.00686311 0.0254051 0.0324871 0.0117779 0.0326928 0.245364 0.000744732 4.47522e-10 0.0221358 1.0297e-05 0.0557784 0.0137758 0.000291367 0.00203548 0.1662 0.000169948 0.000202471 0.0089172 0.0365605 0.00544064 0.0185106 0.314624 1.26851e-05 
0.0133461 6.13209e-05 0.0208175 0.033384 0.121069 0.128147 0.0046278 4.13864e-08 0.00774149 0.000279528 0.0665218 0.0996748 0.000589735 0.000285678 0.219813 8.09005e-09 2.08374e-06 0.00585973 0.00201259 0.0055537 0.011303 0.258811 9.91679e-05 
1.74569e-06 0.000111072 0.0212952 0.000778396 0.125774 0.0616078 2.29591e-05 3.46977e-05 0.0938595 0.00597613 0.00365058 0.00953561 4.11586e-05 0.136742 0.033607 1.87987e-06 0.00211439 0.00843636 0.00123268 0.00397824 0.00402385 0.453268 0.0339068 
1.75253e-07 0.000119561 0.0517624 0.00107061 0.000285895 0.013541 6.42719e-05 6.53737e-11 0.00180981 1.18763e-07 0.268506 2.85207e-07 4.23282e-11 0.000641705 0.295935 8.66516e-08 5.15833e-11 6.89527e-08 4.83331e-12 0.00835217 0.00338095 0.35453 5.80021e-08 
1.19478e-06 7.63283e-10 2.95387e-10 4.69914e-06 7.03322e-10 8.24166e-06 2.52197e-06 3.23735e-05 1.96445e-06 3.27377e-06 1.08014e-05 4.08294e-09 3.88094e-09 0.00588994 0.290237 2.22269e-06 0.0283803 0.068606 1.40411e-06 0.0116542 0.00882516 0.586339 3.12757e-09 
0.00254521 0.000755017 0.0766866 0.0397267 0.0274811 0.0852715 0.00650066 0.0116405 0.258248 0.00088162 0.0253312 0.000104321 0.000597219 0.00140295 0.136647 1.07445e-05 0.000273229 0.00745803 0.01768 0.0122022 0.0103559 0.275713 0.00248712 
5.50834e-05 0.000320621 0.0199414 0.00158639 0.00207956 0.00382305 1.28031e-05 0.000174511 0.0051866 7.05246e-05 0.0483968 0.000691408 3.63204e-05 0.0697336 0.0297303 1.45187e-05 0.0122443 0.0117026 0.0239559 0.00428229 0.0164761 0.74836 0.00112519 
2.7223e-06 0.00858824 0.000346136 0.000212039 0.0118146 0.000132786 5.55148e-05 5.33095e-06 0.00821871 7.64957e-05 0.0174924 0.000937739 0.00265339 0.200312 0.00853802 2.29194e-06 0.00129283 0.00133922 0.0204938 0.0326802 0.0060982 0.678674 3.38182e-05 
5.02733e-05 0.00318201 0.0282016 0.0441898 0.0308358 0.0231439 0.00273004 0.000153851 0.15524 0.0540471 0.0490716 0.000830354 0.000320206 0.00936922 0.185972 2.35358e-05 4.10035e-05 0.0173412 0.000879224 0.0139208 0.00576807 0.368206 0.0064825 
0.00061483 0.0178432 0.131661 0.018515 0.0239192 0.0585968 0.00195801 5.38303e-06 0.0223035 2.54929e-05 0.00538502 3.28384e-05 0.00272854 0.0294819 0.25622 0.00010137 0.00503508 0.00535895 0.00903427 0.00677924 0.00718964 0.397188 2.25209e-05 
8.09673e-05 0.00131449 0.00716468 0.00817804 0.00142262 0.0129811 0.00582058 2.06508e-05 0.0595294 0.0105018 0.279679 0.00424557 0.000467559 0.00513248 0.193582 0.0186417 0.00492851 0.00923912 0.0388046 0.0145207 0.0089437 0.314773 2.80184e-05 
4.65231e-07 7.02897e-06 0.0254642 0.00172728 0.0338299 0.33942 1.41149e-05 4.3802e-07 0.035632 4.27653e-10 0.000194342 1.19877e-06 0.000189603 0.00719872 0.131342 4.63765e-05 5.09721e-07 0.0238489 1.89244e-05 0.011781 0.000451656 0.388547 0.000285115 
5.64251e-06 1.58923e-05 0.182487 8.4102e-05 0.0364755 0.0700001 5.84547e-05 1.09724e-08 0.0135677 4.34583e-06 0.000188344 0.00371865 0.000145806 1.51815e-05 0.040026 1.62432e-06 0.000108511 0.00597637 0.000385301 0.00257443 9.69165e-05 0.644064 5.72529e-09 
0.000429328 0.000120329 0.00743022 0.00522776 0.00974249 0.0429919 0.000124482 7.9422e-09 0.00286538 0.00263395 0.081422 0.000990461 1.08168e-05 0.000749933 0.0818021 1.03052e-05 8.58991e-05 0.00563496 0.000397468 0.000255538 0.0243245 0.732063 0.000687284 
0.00016629 0.0131962 0.0623228 0.0196745 0.0342143 0.0637329 0.00210892 0.000413559 0.0294347 5.8339e-05 0.0210088 0.00125937 0.00111665 0.00752503 0.0925862 2.00317e-05 0.000410326 0.00152566 0.00839331 0.168683 0.0096329 0.460932 0.00158428 
0.00011353 0.0104592 0.0266569 0.0267551 0.0228308 0.0744404 0.00336388 1.57588e-05 0.00693042 0.000130197 0.00545742 0.00048943 0.000673894 0.00319812 0.10832 2.76243e-05 2.21913e-05 0.00264974 0.00398016 0.033641 0.0120616 0.65778 2.17029e-06 
0.000129729 0.000389977 1.09729e-05 0.0676716 0.0178783 0.0281333 2.62838e-05 8.28068e-07 0.00239316 7.93725e-05 0.00159507 9.07206e-07 1.1248e-05 0.000964419 1.18986e-05 9.46497e-07 2.88953e-05 0.00153398 4.80701e-07 0.0213975 0.000447137 0.857294 4.32079e-07 
1.65893e-05 0.00191095 0.0171506 0.000850016 0.0298518 0.00540217 3.30253e-05 3.32677e-08 0.0139468 2.19723e-08 0.00234324 5.71974e-07 0.000136452 0.012146 0.0837729 3.39237e-07 0.000552176 0.00545617 3.34684e-05 0.00853312 0.0015452 0.816248 7.03191e-05 
3.34263e-08 0.0039992 0.0248012 0.0329295 0.00575915 0.000616859 0.00942201 1.28892e-05 0.0598459 1.76507e-05 0.117065 0.00189855 0.00101238 0.111191 0.0350479 2.97666e-06 0.000547243 0.00273869 0.00640001 0.0470685 0.0062307 0.532122 0.0012715 
9.15407e-05 1.69853e-05 0.0982657 0.0521931 0.00794832 0.0720143 0.00208867 3.89969e-05 0.0801918 9.34152e-06 0.00404397 0.00776258 0.00290359 0.000463965 0.136586 1.82934e-05 1.5087e-07 0.00505451 0.00359345 0.0176712 0.00689044 0.502153 5.85891e-09 
0.0226107 0.126159 0.00516255 0.0105092 0.0268617 0.0144413 0.00234497 8.37605e-06 0.00716528 8.50231e-05 0.00247566 6.17003e-05 0.00129993 0.0915217 0.137524 2.02444e-08 0.000150504 0.00124902 0.0454363 0.0414374 0.00223822 0.461258 1.10898e-08 
0.00288163 0.00549437 0.0143506 0.0584697 0.0213417 0.25643 0.00129558 5.63103e-05 0.0290586 0.000793378 0.0426723 2.17835e-05 0.000985895 0.0016723 0.0249006 6.44408e-05 5.40185e-05 0.0178795 0.0160695 0.00375979 0.00680937 0.494932 6.07589e-06 
0.000370331 0.0248122 0.0674263 0.0382218 0.071057 0.0552295 0.00576278 1.00543e-05 0.0347885 0.00710966 0.0916599 0.00395746 0.00785228 0.0382511 0.0323533 1.40397e-05 0.000907922 0.00292805 0.00500134 0.170599 0.0404502 0.301203 3.41738e-05 
0.000357684 3.176e-05 0.0812719 0.0356135 0.00379859 0.0991852 0.00473522 2.10002e-05 0.000768631 6.01004e-06 0.00712284 0.000286995 0.000165388 0.0025113 0.140615 5.15565e-07 3.64081e-06 0.00195488 0.000587207 0.000801905 0.00194198 0.618219 2.80136e-09 
0.000696882 0.000322349 0.00316812 0.00478421 0.0209574 0.00134088 0.00308301 3.08972e-08 0.002348 0.000116497 0.0242848 0.0147101 0.000178399 0.0503223 0.0569745 3.29372e-06 0.000231214 0.00196373 0.0493513 0.00110839 0.0369484 0.727105 1.57444e-06 
1.67076e-05 0.000328494 0.0265123 0.0134404 0.0171118 0.0377547 0.00173008 1.18835e-05 0.0141925 9.04153e-06 0.00903068 0.000182437 0.00159326 0.00347388 0.0694168 6.60948e-07 6.01892e-05 0.00160406 0.00238401 0.00512488 0.00423099 0.79179 7.89352e-08 
0.00439656 0.000199606 0.00255472 0.00258652 0.004196 0.0487898 0.000662556 2.81375e-06 0.0167771 0.00313377 0.0695156 0.000641353 5.00448e-05 0.0006158 0.0195093 3.05887e-05 0.00073525 0.00291506 0.000562904 0.000365867 0.00430929 0.817444 5.01358e-06 
2.7221e-09 0.000890027 0.0565401 0.00175317 0.0294145 0.00859793 0.00174511 2.94756e-06 0.0882146 0.000877173 0.0013918 0.00179687 0.0167302 0.00320866 0.323745 9.35482e-05 5.55467e-09 0.00363841 0.00324584 0.0261929 0.00216403 0.429757 5.33796e-09 
0.000531476 1.13923e-06 2.74966e-05 0.120916 0.000101918 0.000310775 1.30906e-06 8.94614e-06 7.71877e-07 0.00024641 0.000359981 1.59354e-05 5.79245e-06 2.81668e-05 0.0256024 5.05077e-06 4.12586e-05 0.000390144 6.6142e-07 1.12052e-06 0.183261 0.667825 0.000317521 
0.00021486 0.0155225 0.0193654 0.00419886 0.0301015 0.0244771 0.000637657 4.14806e-05 0.0121837 8.96891e-05 0.0135298 0.000614739 0.00160479 0.029938 0.0665727 1.78271e-07 6.31249e-05 0.00182776 0.00239421 0.00628619 0.00330566 0.766999 3.13033e-05 
0.000142101 4.28872e-05 0.0792044 0.0129201 0.0181888 0.0903136 0.00256965 1.06316e-05 0.0185708 0.0119269 0.0218742 0.00256135 0.00464659 0.0013743 0.150536 2.6343e-06 6.28694e-05 0.00662626 0.000603573 0.00676826 0.00672176 0.564324 8.02427e-06 
0.0101043 0.00311385 0.0121714 0.0294073 0.0232882 0.0897102 0.00204578 0.000416881 0.0107755 0.00119957 0.0571559 0.0617348 0.00148521 0.00566087 0.0939013 0.000160807 0.00313129 0.0025786 0.0279421 0.0186052 0.0095737 0.535677 0.000160498 
0.00012364 0.00209354 0.00469342 0.00641406 0.000558947 0.0405141 0.0490985 3.76101e-05 0.00632093 0.000142548 0.0244413 0.00559299 1.09879e-06 0.0154625 0.188799 1.33447e-09 1.86506e-09 0.00356509 0.00858299 0.0636518 0.0417656 0.53814 1.23335e-09 
0.000415212 0.0341915 0.119331 0.0115169 0.0865788 0.117951 0.000931216 3.95985e-05 0.0460052 0.000461593 0.0144972 0.00179507 0.0035763 0.0388885 0.228651 1.45738e-05 0.00150603 0.0192373 0.00381939 0.0125774 0.0122475 0.245734 3.33175e-05 
2.35716e-09 2.56056e-05 0.00131008 9.07292e-07 0.109827 0.0115562 2.2393e-05 5.62203e-09 0.11442 5.28303e-07 0.0214759 2.63655e-08 0.000411256 0.302625 0.00145127 2.22082e-05 0.000734216 0.000852889 2.7965e-08 0.0103193 5.11868e-05 0.398833 0.0260616 
2.93764e-05 4.83167e-05 0.0799444 0.0141128 0.0393193 0.0593137 0.0112594 4.13414e-05 0.0706931 1.82106e-05 0.0115444 0.000336743 0.000385182 0.000523409 0.321389 3.67634e-05 6.85012e-05 0.00263749 0.0482192 0.00720579 0.00520917 0.327616 4.87288e-05 
5.10996e-09 0.0026608 0.00868272 0.000407921 0.0136137 0.0472691 4.37009e-05 5.89788e-07 0.00624322 4.03067e-06 0.00116464 0.000157769 2.76291e-05 0.000676763 0.146575 1.57803e-06 1.26505e-05 0.00469336 0.000243507 0.00115274 0.000209199 0.76616 3.12267e-13 
2.83959e-05 6.59303e-05 0.0621216 0.00977651 0.00159622 0.032759 0.000161565 0.0368194 0.00133755 6.01283e-05 0.0127855 0.00119049 0.000167027 0.00300845 0.248543 1.44032e-07 7.7626e-09 0.00129039 0.000219473 0.000673104 0.0063303 0.581066 1.43175e-07 
0.00842209 0.0179578 0.0081604 0.0292909 0.00814333 0.0518636 0.00185045 2.27213e-08 0.027639 0.000344059 0.0719294 0.0687114 0.00522967 0.0155114 0.276649 6.12696e-09 2.69461e-05 0.0104133 0.00284994 0.0836185 0.0180743 0.293314 1.7073e-07 
