7.53781e-10 2.22603e-07 0.00447419 0.0144138 0.0652062 1.05465e-05 9.64744e-06 5.87483e-07 0.00822958 1.09046e-09 0.00135543 2.5165e-07 9.53305e-07 5.12279e-10 6.53154e-07 1.01501e-09 1.41858e-09 0.00167188 0.0044966 0.779299 0.120831 1.01842e-10 9.38093e-10 
1.07871e-06 3.2763e-07 0.000796241 0.00169905 0.000344949 0.000547149 0.00256069 0.970823 0.000374748 1.56052e-06 0.00574372 0.0119063 0.000354852 7.33106e-07 0.000622813 1.45255e-06 2.03008e-06 0.000720044 1.90217e-07 0.000207916 0.00328985 1.45742e-07 1.34247e-06 
3.15176e-07 1.85163e-07 0.0083637 0.0951381 3.99874e-11 6.44487e-08 0.00384743 5.90712e-07 0.0033939 1.44282e-08 0.719125 2.32136e-10 2.20651e-10 0.00235992 0.0156647 2.88049e-07 0.000257201 7.79092e-11 2.88499e-06 0.00576114 0.146085 1.93044e-11 1.77819e-10 
7.4084e-06 2.25011e-06 0.00479017 0.00159823 2.07335e-06 1.12912e-06 2.58555e-06 1.76697e-05 0.000153979 1.07173e-05 1.69908e-06 0.973746 1.14407e-05 5.03484e-06 0.00183171 9.97584e-06 1.39423e-05 0.0177783 1.30638e-06 2.21315e-06 1.98462e-06 1.00093e-06 9.21988e-06 
4.34668e-10 1.32019e-10 0.0891556 0.0145393 3.46709e-06 1.27203e-06 0.210778 1.03672e-09 0.159405 1.63554e-06 0.0420529 7.06195e-10 6.71255e-10 6.11517e-06 0.373615 5.85305e-10 8.18025e-10 2.37012e-10 1.76368e-07 0.089761 0.0206799 5.87271e-11 5.40951e-10 
4.10809e-11 1.24773e-11 2.89767e-08 0.304583 1.14971e-11 6.26119e-12 0.00339842 9.79814e-11 8.45388e-12 5.94296e-11 8.10359e-08 6.67432e-11 6.3441e-11 6.70336e-08 1.77723e-08 5.58709e-09 7.73124e-11 2.24002e-11 0.692017 6.75102e-08 5.95387e-07 5.55036e-12 5.11259e-11 
0.876313 1.42032e-07 0.0210127 0.00089376 0.000598415 0.000366618 0.00201193 1.11535e-06 0.00176765 6.76503e-07 6.55434e-05 7.59755e-07 7.22166e-07 0.00332146 0.0867566 0.00149135 0.00100668 2.54988e-07 8.24617e-08 0.00230376 0.00208633 6.31812e-08 5.81979e-07 
0.000528023 3.13123e-06 0.000778762 0.00041255 0.00409198 0.00164688 3.59802e-06 2.45889e-05 2.12154e-06 1.49142e-05 0.00360838 1.67495e-05 1.59208e-05 7.00644e-06 0.000686395 1.38823e-05 1.94019e-05 0.98452 1.81795e-06 0.000318127 0.00296146 1.39289e-06 0.000323049 
3.3055e-09 3.78488e-07 0.188679 0.0458523 0.177817 0.375572 5.94984e-06 7.88388e-09 0.122537 8.2241e-06 0.00434277 5.37036e-09 5.10466e-09 4.22671e-06 0.00489797 4.45104e-09 6.22079e-09 1.66583e-05 5.82884e-10 9.8747e-10 0.0802667 4.46599e-10 4.11375e-09 
0.000110561 3.20217e-06 1.37227e-05 0.00116176 1.90796e-06 7.39941e-10 0.0263292 1.15814e-05 0.00295002 1.28322e-05 0.422264 7.88765e-09 7.49739e-09 3.29945e-09 0.0049931 1.10434e-05 0.538896 7.05455e-06 1.97712e-06 1.65047e-06 0.00322972 6.55936e-10 6.04201e-09 
2.42315e-06 1.04988e-09 4.87964e-07 3.1838e-05 9.67403e-10 2.47666e-06 2.5456e-05 8.24448e-09 5.05121e-06 5.00061e-09 0.952333 5.616e-09 5.33814e-09 9.869e-06 2.65489e-06 4.65463e-09 6.50532e-09 0.0475587 4.0236e-06 5.78379e-06 1.87062e-05 4.67026e-10 4.3019e-09 
5.11644e-06 2.29178e-08 0.201095 0.00609228 0.155454 4.6514e-05 6.39171e-05 1.79969e-07 1.55278e-08 5.86642e-06 0.634367 1.22591e-07 1.16526e-07 0.000294696 7.43067e-06 1.01606e-07 1.42005e-07 4.11439e-08 6.51642e-06 2.25414e-08 0.00254395 1.01947e-08 1.69929e-05 
7.53781e-10 2.22603e-07 0.00447419 0.0144138 0.0652062 1.05465e-05 9.64744e-06 5.87483e-07 0.00822958 1.09046e-09 0.00135543 2.5165e-07 9.53305e-07 5.12279e-10 6.53154e-07 1.01501e-09 1.41858e-09 0.00167188 0.0044966 0.779299 0.120831 1.01842e-10 9.38093e-10 
1.23727e-06 3.75788e-07 0.00155622 0.00157547 3.46267e-07 1.88573e-07 4.31809e-07 2.95099e-06 2.54612e-07 1.78989e-06 0.991657 0.0036203 1.91071e-06 8.40863e-07 0.000906595 0.000668088 2.32848e-06 6.74646e-07 2.18177e-07 3.69616e-07 3.31449e-07 1.67165e-07 1.5398e-06 
7.53781e-10 2.22603e-07 0.00447419 0.0144138 0.0652062 1.05465e-05 9.64744e-06 5.87483e-07 0.00822958 1.09046e-09 0.00135543 2.5165e-07 9.53305e-07 5.12279e-10 6.53154e-07 1.01501e-09 1.41858e-09 0.00167188 0.0044966 0.779299 0.120831 1.01842e-10 9.38093e-10 
1.03426e-09 3.14128e-10 2.37507e-06 0.00969613 1.02843e-06 1.63191e-06 7.63823e-06 6.01078e-06 2.12835e-10 1.4962e-09 0.984298 3.5515e-05 1.05521e-06 7.02894e-10 0.00177807 1.39269e-09 1.94642e-09 2.14683e-06 1.82378e-10 0.00197675 0.00219323 1.39736e-10 1.28715e-09 
6.75588e-07 2.05192e-07 7.1547e-05 0.000166557 7.58182e-05 1.02967e-07 2.35781e-07 1.61133e-06 1.39026e-07 9.77337e-07 0.998757 1.09761e-06 1.04331e-06 4.59138e-07 0.000357869 9.09717e-07 1.27142e-06 3.68378e-07 1.19132e-07 2.01822e-07 0.000561225 9.12772e-08 8.4078e-07 
3.25297e-05 0.00574896 0.000734565 0.00282062 0.914908 0.0176588 0.049875 1.73774e-05 0.000407563 5.04972e-06 0.000149931 1.39079e-07 3.97645e-07 9.34593e-05 0.000619745 1.10547e-05 3.41916e-07 2.72357e-06 9.47146e-07 0.00592748 0.000983805 1.15658e-08 1.06917e-06 
0.002964 0.0014173 0.0152027 0.0493695 5.37124e-06 9.11929e-06 8.44478e-06 1.90753e-08 8.56183e-06 0.0309343 0.746369 1.96625e-05 1.23509e-08 5.43537e-09 0.0101968 1.07694e-08 1.50514e-08 0.14333 3.31083e-07 2.38921e-09 0.000155674 1.08056e-09 9.31668e-06 
4.34668e-10 1.32019e-10 0.0891556 0.0145393 3.46709e-06 1.27203e-06 0.210778 1.03672e-09 0.159405 1.63554e-06 0.0420529 7.06195e-10 6.71255e-10 6.11517e-06 0.373615 5.85305e-10 8.18025e-10 2.37012e-10 1.76368e-07 0.089761 0.0206799 5.87271e-11 5.40951e-10 
4.34668e-10 1.32019e-10 0.0891556 0.0145393 3.46709e-06 1.27203e-06 0.210778 1.03672e-09 0.159405 1.63554e-06 0.0420529 7.06195e-10 6.71255e-10 6.11517e-06 0.373615 5.85305e-10 8.18025e-10 2.37012e-10 1.76368e-07 0.089761 0.0206799 5.87271e-11 5.40951e-10 
6.70504e-06 0.000100415 0.00224752 0.000829411 0.973252 0.005882 2.34007e-06 1.59921e-05 0.0106895 9.69983e-06 0.00588556 1.08935e-05 0.000230447 0.000180662 0.000233053 9.02872e-06 1.26186e-05 1.4844e-05 1.18235e-06 0.000208509 0.00016882 9.05904e-07 8.34453e-06 
7.53781e-10 2.22603e-07 0.00447419 0.0144138 0.0652062 1.05465e-05 9.64744e-06 5.87483e-07 0.00822958 1.09046e-09 0.00135543 2.5165e-07 9.53305e-07 5.12279e-10 6.53154e-07 1.01501e-09 1.41858e-09 0.00167188 0.0044966 0.779299 0.120831 1.01842e-10 9.38093e-10 
9.74199e-05 0.000146986 0.000112653 0.0279385 0.0247076 0.000400384 0.0446031 7.46084e-07 0.041722 3.16702e-05 0.0696996 0.000298513 4.83075e-07 0.000341085 0.00228111 4.2122e-07 0.000122422 0.000144899 0.00621337 2.58493e-06 0.781134 4.22635e-08 3.89301e-07 
3.49071e-05 5.57712e-09 0.000204826 6.91988e-05 0.000898819 0.000321847 0.000442195 4.3796e-08 3.77874e-09 3.98726e-05 0.993321 2.98331e-08 2.8357e-08 0.00451128 5.13833e-05 2.47261e-08 3.45573e-08 1.00125e-08 4.50114e-05 5.48552e-09 5.95259e-05 2.48092e-09 2.28524e-08 
7.53781e-10 2.22603e-07 0.00447419 0.0144138 0.0652062 1.05465e-05 9.64744e-06 5.87483e-07 0.00822958 1.09046e-09 0.00135543 2.5165e-07 9.53305e-07 5.12279e-10 6.53154e-07 1.01501e-09 1.41858e-09 0.00167188 0.0044966 0.779299 0.120831 1.01842e-10 9.38093e-10 
1.46019e-08 2.52837e-05 9.8003e-05 0.000296871 2.49321e-05 5.78652e-05 0.000144735 3.48268e-08 0.272351 2.11239e-08 0.00148824 0.000109151 2.25497e-08 7.04676e-05 0.00014565 1.96624e-08 0.000101704 3.34485e-05 5.38174e-05 5.93292e-05 0.000948197 1.97284e-09 0.723991 
0.000773391 9.15496e-05 0.00095071 0.000174297 0.000471726 0.000487357 8.82475e-06 1.93686e-06 3.14312e-06 1.17479e-06 0.995728 1.31936e-06 8.1258e-06 3.57599e-06 4.55596e-06 9.58195e-06 0.000380011 4.14264e-05 1.43199e-07 0.000795426 6.26322e-05 1.09718e-07 1.01064e-06 
3.36358e-06 2.08593e-07 0.00764138 0.0858515 0.178771 0.00244136 0.237635 8.64326e-05 2.02091e-06 0.000686257 0.362036 2.74078e-07 0.000475015 0.000583796 0.0313178 2.2716e-07 3.1748e-07 0.0160485 0.00265681 5.03958e-08 0.0737624 2.27923e-08 2.09946e-07 
9.96283e-06 0.00141589 4.27916e-06 0.0199786 4.42212e-06 5.55312e-10 0.00101241 8.69008e-09 7.49783e-10 0.0189926 0.957529 1.61863e-05 5.62665e-09 2.47618e-09 0.000931018 4.9062e-09 6.85692e-09 8.67022e-05 6.42488e-10 1.19467e-06 1.77315e-05 4.92267e-10 4.53441e-09 
1.41417e-08 9.90575e-10 0.0014428 0.997993 2.75988e-12 0.000195579 0.000368328 2.35205e-11 8.46159e-10 1.42661e-11 1.35114e-08 1.60217e-11 1.5229e-11 6.70199e-12 6.67915e-11 1.81679e-10 1.85589e-11 8.46115e-09 1.73895e-12 2.94598e-12 5.96604e-09 1.33237e-12 1.22728e-11 
0.00810033 1.98725e-05 0.00403366 0.158389 0.0522037 0.0504115 0.0280377 4.52219e-07 0.0021796 0.000214046 0.627944 1.87743e-06 2.92803e-07 0.0438584 0.000903477 1.55604e-06 0.000145819 1.14854e-05 0.00356479 0.0137393 0.00623881 2.56169e-08 2.35964e-07 
1.41417e-08 9.90575e-10 0.0014428 0.997993 2.75988e-12 0.000195579 0.000368328 2.35205e-11 8.46159e-10 1.42661e-11 1.35114e-08 1.60217e-11 1.5229e-11 6.70199e-12 6.67915e-11 1.81679e-10 1.85589e-11 8.46115e-09 1.73895e-12 2.94598e-12 5.96604e-09 1.33237e-12 1.22728e-11 
4.34668e-10 1.32019e-10 0.0891556 0.0145393 3.46709e-06 1.27203e-06 0.210778 1.03672e-09 0.159405 1.63554e-06 0.0420529 7.06195e-10 6.71255e-10 6.11517e-06 0.373615 5.85305e-10 8.18025e-10 2.37012e-10 1.76368e-07 0.089761 0.0206799 5.87271e-11 5.40951e-10 
8.10171e-06 2.26408e-08 0.0857059 0.448159 0.0311622 0.0491426 0.00100001 0.000774864 0.02409 1.34286e-08 1.35024e-05 1.50812e-08 1.43351e-08 6.30857e-09 0.00454934 1.14485e-06 1.74694e-08 0.183295 0.00255614 1.07205e-06 0.169542 1.25415e-09 1.15523e-08 
1.76829e-10 2.25624e-07 4.96769e-07 0.00611685 4.94881e-11 1.24e-07 6.35712e-07 4.21752e-10 3.63889e-11 2.48161e-06 0.858146 7.47245e-07 2.73076e-10 2.07915e-06 8.58647e-08 6.66947e-07 0.00319825 9.64198e-11 1.3723e-07 5.49434e-07 0.132531 2.3891e-11 2.20067e-10 
1.42235e-07 1.67323e-07 0.00699624 0.018362 3.48114e-07 5.52461e-07 2.58592e-06 2.03439e-06 1.82823e-11 2.57173e-07 0.864332 1.20236e-05 3.5685e-07 6.03777e-11 0.0132714 1.1963e-10 6.0207e-07 7.26689e-07 1.56661e-11 2.09693e-07 0.0970188 1.20032e-11 1.10565e-10 
0.00156095 0.00014488 0.00892934 0.091339 1.71833e-05 0.000216396 0.00181595 1.67637e-07 0.00432244 0.000721854 0.880612 1.14192e-07 0.00135649 0.000448039 0.00180721 0.000106203 0.000335787 0.000294115 1.2394e-08 0.00501051 0.000961661 9.49616e-09 8.74718e-08 
2.42648e-06 3.05816e-05 0.000115985 0.000350732 6.79085e-07 6.86825e-05 0.000171714 5.78735e-06 7.89002e-05 3.51026e-06 0.997303 0.000132778 3.7472e-06 8.4831e-05 0.000172167 3.26739e-06 0.000124605 4.08028e-05 6.39614e-05 7.07635e-05 0.00112008 3.27837e-07 5.0219e-05 
1.89516e-09 5.18621e-07 3.36384e-06 0.185911 0.0113136 2.88844e-10 6.61415e-10 4.52012e-09 3.89998e-10 2.74163e-09 0.602604 3.07902e-09 9.5706e-05 4.3804e-06 0.0219046 2.55194e-09 3.56661e-09 3.82453e-06 3.34188e-10 5.66152e-10 0.178159 2.56051e-10 2.35856e-09 
6.81018e-07 2.06841e-07 0.000112145 0.000188874 1.90593e-07 0.972163 0.000142844 1.62428e-06 1.40144e-07 9.85193e-07 0.00159327 1.10643e-06 1.05169e-06 0.0252246 0.000270574 9.1703e-07 1.28164e-06 3.71339e-07 0.000192263 2.03444e-07 1.84261e-05 9.20109e-08 8.56013e-05 
7.53781e-10 2.22603e-07 0.00447419 0.0144138 0.0652062 1.05465e-05 9.64744e-06 5.87483e-07 0.00822958 1.09046e-09 0.00135543 2.5165e-07 9.53305e-07 5.12279e-10 6.53154e-07 1.01501e-09 1.41858e-09 0.00167188 0.0044966 0.779299 0.120831 1.01842e-10 9.38093e-10 
4.34668e-10 1.32019e-10 0.0891556 0.0145393 3.46709e-06 1.27203e-06 0.210778 1.03672e-09 0.159405 1.63554e-06 0.0420529 7.06195e-10 6.71255e-10 6.11517e-06 0.373615 5.85305e-10 8.18025e-10 2.37012e-10 1.76368e-07 0.089761 0.0206799 5.87271e-11 5.40951e-10 
6.88868e-10 2.09225e-10 0.00194997 0.50151 0.000473099 0.000205211 0.0299902 0.00104864 4.8889e-07 9.96549e-10 0.235428 0.00748476 1.87881e-05 0.00168341 0.000739965 9.276e-10 0.000232605 0.00670348 0.0222177 1.25299e-05 0.190301 9.30715e-11 2.58394e-07 
0.000234836 3.73775e-05 6.17078e-05 0.00624324 0.00349993 8.55431e-05 7.07152e-05 1.94346e-05 0.000232366 5.11402e-05 0.979932 1.32385e-05 0.000201622 0.000165759 0.000230124 0.000139176 1.53349e-05 0.000142882 7.25897e-05 0.0048781 0.00361607 1.10091e-06 5.52794e-05 
3.84756e-09 1.1686e-09 0.0786572 2.37838e-05 0.765349 0.14899 1.34281e-09 9.17676e-09 1.6628e-05 5.56607e-09 0.00692432 6.25105e-09 5.94177e-09 2.61485e-09 4.82305e-06 5.18096e-09 1.45543e-06 2.43386e-05 6.7847e-10 7.81711e-06 1.03072e-09 5.19836e-10 4.78836e-09 
6.9151e-05 3.39474e-05 0.00429343 0.152097 1.48023e-05 0.00027687 0.00336225 1.09906e-07 0.00027384 6.66623e-08 0.771533 0.000126205 7.11618e-08 0.000111337 0.00284574 6.20501e-08 0.000102087 0.00145313 0.00021096 0.000159124 0.0630066 6.22584e-09 2.99943e-05 
9.60866e-07 2.91838e-07 0.00102079 0.0884142 0.0342893 0.000602344 0.000164987 0.000635233 0.00154749 0.000193343 0.847577 0.000217136 0.000487011 0.000478599 0.0145304 1.29386e-06 1.8083e-06 5.23932e-07 0.000130158 0.0081412 0.00156426 1.29821e-07 1.19581e-06 
0.000224716 1.86318e-06 0.00286067 0.391198 1.75596e-08 9.56278e-09 8.71071e-05 1.49648e-07 5.98322e-06 1.76581e-05 0.253126 1.01938e-07 9.68941e-08 6.61498e-06 0.00971336 8.44875e-08 3.35361e-06 3.42121e-08 8.27378e-05 9.70251e-05 0.342575 8.47712e-09 7.80851e-08 
1.25001e-08 8.75393e-10 0.00461261 0.990069 2.20512e-12 0.00110831 0.00418627 1.87927e-11 1.62144e-12 5.37958e-09 1.19436e-08 1.28012e-11 1.21679e-11 4.31561e-07 2.2841e-05 1.59472e-10 1.48284e-11 7.47903e-09 1.38941e-12 2.35381e-12 5.27363e-09 1.06455e-12 9.80586e-12 
1.1862e-10 3.60278e-11 1.27974e-06 0.660124 9.03666e-08 8.04658e-07 0.00199529 2.64918e-07 4.63323e-07 1.71602e-10 2.72049e-11 1.9272e-10 1.83185e-10 8.06159e-11 4.62111e-07 1.59729e-10 2.23238e-10 4.52167e-07 0.00766753 7.11487e-08 0.33021 1.60265e-11 1.47625e-10 
7.53781e-10 2.22603e-07 0.00447419 0.0144138 0.0652062 1.05465e-05 9.64744e-06 5.87483e-07 0.00822958 1.09046e-09 0.00135543 2.5165e-07 9.53305e-07 5.12279e-10 6.53154e-07 1.01501e-09 1.41858e-09 0.00167188 0.0044966 0.779299 0.120831 1.01842e-10 9.38093e-10 
3.75934e-07 1.1418e-07 0.000340134 0.000621832 1.05211e-07 5.72965e-08 1.31202e-07 0.998166 7.7362e-08 5.43844e-07 0.000322814 6.10771e-07 5.80553e-07 2.5549e-07 8.51674e-05 5.06217e-07 7.07491e-07 2.04986e-07 0.000136682 1.12305e-07 0.000322004 5.07917e-08 4.67856e-07 
1.56924e-06 4.76615e-07 0.000931406 0.000119746 0.44964 2.39169e-07 5.47667e-07 0.000188047 0.0107383 0.166584 0.331981 2.5495e-06 2.42336e-06 4.98314e-05 0.00011366 2.11307e-06 2.95323e-06 8.5566e-07 0.000933677 4.68787e-07 0.0385935 2.12017e-07 0.00011186 
4.34668e-10 1.32019e-10 0.0891556 0.0145393 3.46709e-06 1.27203e-06 0.210778 1.03672e-09 0.159405 1.63554e-06 0.0420529 7.06195e-10 6.71255e-10 6.11517e-06 0.373615 5.85305e-10 8.18025e-10 2.37012e-10 1.76368e-07 0.089761 0.0206799 5.87271e-11 5.40951e-10 
1.52574e-07 0.000194956 0.000119245 0.203745 0.000229583 0.000268975 5.32487e-08 3.63902e-07 4.47612e-05 0.000100895 0.785508 2.47884e-07 2.35619e-07 1.03691e-07 3.24832e-05 2.0545e-07 2.87138e-07 0.00969927 5.47826e-05 4.55794e-08 4.08728e-08 2.0614e-08 1.89881e-07 
1.41417e-08 9.90575e-10 0.0014428 0.997993 2.75988e-12 0.000195579 0.000368328 2.35205e-11 8.46159e-10 1.42661e-11 1.35114e-08 1.60217e-11 1.5229e-11 6.70199e-12 6.67915e-11 1.81679e-10 1.85589e-11 8.46115e-09 1.73895e-12 2.94598e-12 5.96604e-09 1.33237e-12 1.22728e-11 
2.56255e-10 0.000183935 0.0290223 0.01754 0.166342 0.0110793 4.9445e-06 3.89012e-06 0.182866 3.70711e-10 0.570007 2.29901e-05 0.000254734 0.000211784 0.0173929 3.45062e-10 4.8226e-10 0.00496663 4.51874e-11 9.53645e-05 6.35279e-06 3.46221e-11 3.18913e-10 
9.13322e-06 3.82827e-06 0.39879 0.24727 0.23584 0.0729535 1.85224e-10 3.5495e-06 1.42553e-06 7.67771e-10 0.0105722 7.62111e-06 1.28454e-07 6.18308e-05 0.00198227 5.05929e-08 9.98799e-10 0.0113772 9.35867e-11 2.19758e-06 0.0208709 7.17051e-11 0.000254683 
4.34668e-10 1.32019e-10 0.0891556 0.0145393 3.46709e-06 1.27203e-06 0.210778 1.03672e-09 0.159405 1.63554e-06 0.0420529 7.06195e-10 6.71255e-10 6.11517e-06 0.373615 5.85305e-10 8.18025e-10 2.37012e-10 1.76368e-07 0.089761 0.0206799 5.87271e-11 5.40951e-10 
4.34668e-10 1.32019e-10 0.0891556 0.0145393 3.46709e-06 1.27203e-06 0.210778 1.03672e-09 0.159405 1.63554e-06 0.0420529 7.06195e-10 6.71255e-10 6.11517e-06 0.373615 5.85305e-10 8.18025e-10 2.37012e-10 1.76368e-07 0.089761 0.0206799 5.87271e-11 5.40951e-10 
3.90776e-08 1.18688e-08 0.0331158 0.0011215 0.000142184 3.93146e-05 0.000117302 0.000139898 8.04162e-09 5.65315e-08 0.359678 6.34884e-08 6.03472e-08 2.65576e-08 5.20896e-05 5.26202e-08 1.4782e-05 0.000338817 0.000126798 1.16739e-08 0.605113 5.27969e-09 4.86327e-08 
5.42094e-10 6.91681e-07 0.00274276 4.67621e-07 2.5641e-06 7.43672e-07 1.94886e-06 1.29294e-09 1.19375e-06 1.4908e-06 0.957055 2.29078e-06 8.37151e-10 0.0159411 2.6323e-07 2.04462e-06 0.00882517 2.95588e-10 0.00122044 1.68437e-06 0.0142004 7.32411e-11 6.74644e-10 
5.824e-08 0.000326374 1.4101e-07 0.00213325 2.8036e-11 7.55992e-08 0.00181618 5.02912e-07 3.44182e-08 5.57359e-07 0.988537 2.12182e-07 1.54703e-10 5.90187e-07 0.000217518 0.000419851 0.00164458 5.46236e-11 0.000118074 0.000893109 0.0038914 1.35347e-11 1.24672e-10 
4.24142e-09 2.9642e-06 0.082852 3.68883e-05 1.62634e-05 0.251122 2.35377e-05 1.01161e-08 2.07741e-05 6.13584e-09 0.272068 6.89094e-09 6.55e-09 1.73239e-06 0.393798 9.14382e-06 3.99906e-06 2.31272e-09 7.47922e-10 1.26706e-09 4.46548e-05 5.7305e-10 5.27852e-09 
7.53781e-10 2.22603e-07 0.00447419 0.0144138 0.0652062 1.05465e-05 9.64744e-06 5.87483e-07 0.00822958 1.09046e-09 0.00135543 2.5165e-07 9.53305e-07 5.12279e-10 6.53154e-07 1.01501e-09 1.41858e-09 0.00167188 0.0044966 0.779299 0.120831 1.01842e-10 9.38093e-10 
7.53781e-10 2.22603e-07 0.00447419 0.0144138 0.0652062 1.05465e-05 9.64744e-06 5.87483e-07 0.00822958 1.09046e-09 0.00135543 2.5165e-07 9.53305e-07 5.12279e-10 6.53154e-07 1.01501e-09 1.41858e-09 0.00167188 0.0044966 0.779299 0.120831 1.01842e-10 9.38093e-10 
1.11964e-05 4.6763e-06 0.0791476 0.000737945 0.000710115 0.10628 3.03887e-07 3.43453e-06 1.79184e-07 1.25964e-06 0.798309 9.11288e-05 1.34466e-06 4.00794e-05 0.000760833 1.17249e-06 1.63868e-06 0.000758549 1.53543e-07 0.000240991 0.0128818 1.41288e-07 1.69833e-05 
2.22451e-09 6.76312e-07 2.01333e-05 4.2965e-05 0.0775851 1.38331e-05 0.161937 5.09393e-05 4.57772e-10 1.57718e-05 0.755433 0.000301059 0.00447655 1.5118e-09 1.57482e-05 2.99543e-09 4.18642e-09 1.81956e-05 2.35751e-07 5.25052e-06 8.31908e-05 3.00548e-10 2.76843e-09 
3.84756e-09 1.1686e-09 0.0786572 2.37838e-05 0.765349 0.14899 1.34281e-09 9.17676e-09 1.6628e-05 5.56607e-09 0.00692432 6.25105e-09 5.94177e-09 2.61485e-09 4.82305e-06 5.18096e-09 1.45543e-06 2.43386e-05 6.7847e-10 7.81711e-06 1.03072e-09 5.19836e-10 4.78836e-09 
7.53781e-10 2.22603e-07 0.00447419 0.0144138 0.0652062 1.05465e-05 9.64744e-06 5.87483e-07 0.00822958 1.09046e-09 0.00135543 2.5165e-07 9.53305e-07 5.12279e-10 6.53154e-07 1.01501e-09 1.41858e-09 0.00167188 0.0044966 0.779299 0.120831 1.01842e-10 9.38093e-10 
7.53781e-10 2.22603e-07 0.00447419 0.0144138 0.0652062 1.05465e-05 9.64744e-06 5.87483e-07 0.00822958 1.09046e-09 0.00135543 2.5165e-07 9.53305e-07 5.12279e-10 6.53154e-07 1.01501e-09 1.41858e-09 0.00167188 0.0044966 0.779299 0.120831 1.01842e-10 9.38093e-10 
9.03697e-07 2.74474e-07 0.00335767 0.000278043 0.223402 1.37733e-07 0.000460248 2.15539e-06 0.0724596 1.30733e-06 0.689709 1.46821e-06 1.39557e-06 0.00399462 7.55358e-05 1.21688e-06 1.70072e-06 4.9276e-07 1.59356e-07 0.00527783 0.000973478 1.22097e-07 1.12467e-06 
1.46066e-08 4.43637e-09 0.00963122 2.08322e-05 1.68425e-05 0.0513083 6.12435e-05 3.4838e-08 3.00583e-09 0.015889 0.910197 2.3731e-08 2.25569e-08 9.92683e-09 0.000419964 1.96686e-08 0.0124415 1.16782e-05 2.57569e-09 1.52003e-06 6.3456e-07 1.97347e-09 1.81782e-08 
8.67083e-11 2.63354e-11 3.19813e-08 0.0366846 2.42666e-11 1.32153e-11 4.18334e-05 0.963242 1.78433e-11 1.25436e-10 6.14121e-08 1.40873e-10 1.33903e-10 5.89281e-11 2.7947e-06 1.16758e-10 1.63181e-10 4.72795e-11 2.18361e-05 2.84286e-08 7.16934e-06 1.1715e-11 1.0791e-10 
7.53781e-10 2.22603e-07 0.00447419 0.0144138 0.0652062 1.05465e-05 9.64744e-06 5.87483e-07 0.00822958 1.09046e-09 0.00135543 2.5165e-07 9.53305e-07 5.12279e-10 6.53154e-07 1.01501e-09 1.41858e-09 0.00167188 0.0044966 0.779299 0.120831 1.01842e-10 9.38093e-10 
3.31675e-05 0.000188641 0.00560706 0.14658 0.00449159 0.0309299 0.00168786 0.0127909 0.0973799 0.000113915 0.676327 0.000139331 0.000169412 1.95796e-05 0.000422099 0.000491177 9.22026e-07 2.67145e-07 0.00672962 0.0141036 0.00179385 6.61935e-08 6.09726e-07 
2.05862e-10 1.07091e-07 0.00150193 0.0918034 1.6776e-07 0.00446839 0.0109992 9.80521e-07 3.51821e-07 0.000122699 0.612608 0.0530008 1.72175e-07 9.86593e-07 0.0049116 3.16616e-07 0.00145249 0.0012001 0.000416732 0.000170713 0.217341 2.78136e-11 2.56199e-10 
2.35121e-11 7.14833e-09 3.64823e-08 0.246425 6.58019e-12 3.5835e-12 0.733072 1.34644e-07 1.13709e-07 7.48642e-08 0.00152525 3.81995e-11 3.63096e-11 1.59791e-11 0.00182018 3.16604e-11 8.89398e-09 2.70525e-07 0.00633953 6.32221e-08 0.0108165 3.17667e-12 1.55113e-07 
4.10809e-11 1.24773e-11 2.89767e-08 0.304583 1.14971e-11 6.26119e-12 0.00339842 9.79814e-11 8.45388e-12 5.94296e-11 8.10359e-08 6.67432e-11 6.3441e-11 6.70336e-08 1.77723e-08 5.58709e-09 7.73124e-11 2.24002e-11 0.692017 6.75102e-08 5.95387e-07 5.55036e-12 5.11259e-11 
0.000222632 0.000768708 9.47277e-05 0.0208732 0.000591912 4.49765e-07 0.000231373 7.03838e-06 5.27621e-05 0.00437916 0.965494 0.000361704 4.55721e-06 9.70975e-05 0.0045169 3.97369e-06 1.30062e-05 0.00191405 1.1926e-05 3.0851e-05 0.00017594 3.98704e-07 0.000153165 
5.86376e-06 1.78096e-06 0.00709971 0.0175818 1.64106e-06 0.857596 0.00491356 1.39856e-05 1.20668e-06 0.0186706 0.0445148 9.52671e-06 9.05536e-06 3.98509e-06 0.00709163 7.89589e-06 1.10353e-05 3.19734e-06 0.00930705 1.75171e-06 0.033146 7.9224e-07 7.29755e-06 
5.39016e-07 8.03386e-07 8.94928e-06 0.136403 2.56338e-06 0.00488052 0.621161 1.63605e-06 5.03961e-11 2.83778e-07 2.79148e-06 0.00384615 3.78191e-10 1.66434e-10 0.0300004 3.29766e-10 8.31898e-05 1.33535e-10 0.0993405 0.0893316 0.0149357 3.30874e-11 3.04777e-10 
3.40752e-07 0.0118411 0.00150897 0.00581494 0.866634 0.000894394 0.0977182 7.1309e-08 8.73361e-09 2.0779e-06 1.93594e-08 2.88152e-11 2.81517e-09 0.00016239 0.0012806 2.38825e-11 2.89711e-09 1.11184e-08 9.79169e-09 0.0121495 0.00199316 2.39627e-12 1.01318e-08 
2.9699e-11 9.02028e-12 0.0137502 0.704682 4.05918e-08 0.00244371 0.00200184 1.18962e-07 0.00114427 1.57186e-07 6.8113e-12 4.38946e-09 4.58639e-11 2.01838e-11 2.07608e-07 3.99914e-11 5.58921e-11 0.00351872 0.000912183 6.65487e-05 0.27148 4.01257e-12 3.69609e-11 
4.23175e-06 1.65882e-07 0.000837354 0.00480478 0.167764 0.00598345 0.00155966 2.18136e-05 0.756341 7.90102e-07 3.02028e-05 0.000106174 8.43432e-07 3.71177e-07 0.000272756 7.35436e-07 1.02785e-06 0.00408434 0.00913323 2.65526e-05 0.0490258 7.37906e-08 6.79706e-07 
4.94762e-07 8.94561e-06 0.000186393 0.000214678 1.38466e-07 5.08749e-05 1.72673e-07 1.18005e-06 1.01815e-07 7.15746e-07 0.87995 8.03827e-07 0.00169543 3.36246e-07 0.000188697 6.66225e-07 9.31118e-07 0.113579 6.84207e-05 0.00396027 9.13604e-05 6.68462e-08 6.15739e-07 
5.48361e-07 1.6655e-07 0.000354563 0.000118299 1.53467e-07 8.35763e-08 0.000861397 1.30789e-06 1.13973e-05 0.027607 0.0575872 0.000713618 8.4683e-07 3.72673e-07 0.908524 7.38399e-07 1.03199e-06 0.00131593 9.66967e-08 0.00204785 0.000852162 7.40879e-08 6.82444e-07 
2.80183e-07 0.000135914 0.00415733 0.0153518 7.84131e-08 4.2703e-08 1.499e-05 1.51113e-05 0.000609787 4.05326e-07 6.42584e-08 4.55206e-07 0.935506 1.90416e-07 0.00052876 1.26086e-05 5.27291e-07 1.22087e-05 2.38645e-05 0.00287872 0.0407509 3.78549e-08 3.48692e-07 
2.00526e-07 6.09044e-08 3.81089e-05 1.91765e-05 5.61199e-08 3.05623e-08 6.99838e-08 4.7827e-07 1.4079e-05 0.884673 0.114162 0.000942359 3.0967e-07 1.3628e-07 2.87661e-07 2.70019e-07 3.7738e-07 0.000148893 3.53602e-08 5.99041e-08 5.37184e-08 2.70926e-08 2.49557e-07 
4.71338e-08 1.14668e-05 2.9368e-05 7.93766e-05 1.3323e-06 7.18372e-09 4.60758e-05 1.12418e-07 9.69948e-09 0.000272812 0.999204 7.65772e-08 7.27884e-08 3.20327e-08 1.74785e-05 1.27571e-05 0.00028394 4.1147e-05 8.31147e-09 1.40806e-08 1.26266e-08 6.36815e-09 5.86588e-08 
4.34668e-10 1.32019e-10 0.0891556 0.0145393 3.46709e-06 1.27203e-06 0.210778 1.03672e-09 0.159405 1.63554e-06 0.0420529 7.06195e-10 6.71255e-10 6.11517e-06 0.373615 5.85305e-10 8.18025e-10 2.37012e-10 1.76368e-07 0.089761 0.0206799 5.87271e-11 5.40951e-10 
8.47527e-09 9.32408e-07 7.46706e-06 8.60058e-06 2.37192e-09 1.08996e-06 2.95788e-09 2.02142e-08 1.74409e-09 1.22607e-08 0.773326 1.37696e-08 0.00251513 5.7599e-09 7.55973e-06 1.14124e-08 1.59501e-08 0.216766 2.73949e-06 0.00736108 3.6576e-06 1.14508e-09 1.05476e-08 
5.2867e-09 1.6057e-09 6.64955e-06 0.107728 2.50061e-05 2.49862e-06 1.84507e-09 1.26092e-08 6.41987e-06 7.64799e-09 0.892177 8.58917e-09 8.16421e-09 3.59291e-09 4.90043e-06 9.9735e-06 9.94932e-09 1.18219e-05 9.33175e-07 1.57932e-09 2.66267e-05 7.14275e-10 6.57938e-09 
5.81906e-07 1.76739e-07 0.00212037 0.011281 1.62855e-07 8.86889e-08 2.03086e-07 1.38789e-06 1.19748e-07 8.41812e-07 0.00330986 9.45408e-07 8.98633e-07 0.982618 0.000287697 7.83569e-07 1.09512e-06 3.17296e-07 1.02612e-07 1.73836e-07 0.000374282 7.86201e-08 7.24191e-07 
5.38628e-07 1.63594e-07 0.000501418 0.0220892 0.0457713 0.0329024 0.000120345 1.28467e-06 0.000184319 7.79205e-07 0.127925 0.00132298 8.31799e-07 3.66058e-07 0.0101534 7.25293e-07 0.755928 2.93698e-07 9.49804e-08 1.60907e-07 0.00309587 7.27729e-08 6.70331e-07 
0.0168624 9.44711e-07 0.0776102 0.00498888 0.02162 0.014071 0.00490521 1.11784e-08 0.000523979 0.00195396 0.711595 0.054363 7.36135e-06 0.00119409 2.14754e-05 6.31105e-09 8.82035e-09 0.00155001 0.000169895 0.000226033 0.0882146 6.33224e-10 0.000122089 
9.14624e-09 2.77793e-09 0.612382 0.000475425 0.000481986 5.74388e-06 5.96628e-05 1.31655e-06 0.18527 1.32314e-08 2.09764e-09 1.48597e-08 1.41245e-08 6.2159e-09 0.103822 1.23159e-08 1.72128e-08 0.00132103 4.53862e-06 6.61999e-06 0.0961692 1.23573e-09 1.13826e-08 
1.48875e-09 4.52168e-10 2.52474e-05 0.00742091 3.13923e-06 0.0275062 0.000119627 3.55078e-09 3.06363e-10 1.21032e-05 0.964081 2.41873e-09 4.03581e-07 1.01177e-09 0.00083045 2.00468e-09 2.80175e-09 8.1177e-10 2.62522e-10 8.98039e-07 3.73876e-07 2.01141e-10 1.85277e-09 
6.09183e-10 1.34426e-06 0.000178925 0.0072625 5.23924e-05 0.00213392 0.000361438 5.24211e-05 1.25361e-10 8.81273e-10 0.980894 9.89725e-10 9.40757e-10 0.000127743 1.15389e-06 8.203e-10 8.62259e-08 3.3217e-10 0.000252955 0.000329524 0.00835121 8.23054e-11 7.58138e-10 
3.4623e-08 1.05158e-08 0.00539872 0.180111 0.00418222 0.00484345 0.0465924 8.52037e-06 1.62916e-06 1.34786e-06 0.498715 0.000317749 0.00234229 2.35303e-08 0.0214253 4.66219e-08 6.5159e-08 0.00338729 3.97118e-05 1.50736e-05 0.232602 4.67785e-09 1.57382e-05 
6.7224e-06 5.4259e-06 3.32852e-07 0.0868566 0.000986266 0.055411 0.0101381 6.04528e-07 1.6112e-07 0.00693036 0.356484 7.48411e-07 3.55513e-10 0.321556 0.00943684 3.09992e-10 4.33246e-10 9.16477e-07 6.65796e-07 3.50745e-06 0.152182 3.11033e-11 2.86501e-10 
9.15803e-08 5.53127e-11 0.132531 0.0989451 0.0843385 0.0128287 0.00055268 0.00132293 0.057737 2.63456e-10 0.00929604 0.00710144 2.88706e-07 1.23768e-10 0.456259 2.45229e-10 3.25872e-08 0.136992 3.21138e-11 0.00209357 2.18121e-06 2.46052e-11 2.26645e-10 
7.7386e-07 1.43117e-08 0.0240086 0.204967 2.98528e-06 0.0738034 0.626301 3.36043e-07 1.01358e-07 3.3914e-10 0.0633352 3.80876e-10 3.62031e-10 1.96765e-05 0.00755231 3.15676e-10 4.4119e-10 4.09181e-07 1.40557e-06 1.26767e-06 1.28122e-06 3.16736e-11 4.81423e-06 
7.53781e-10 2.22603e-07 0.00447419 0.0144138 0.0652062 1.05465e-05 9.64744e-06 5.87483e-07 0.00822958 1.09046e-09 0.00135543 2.5165e-07 9.53305e-07 5.12279e-10 6.53154e-07 1.01501e-09 1.41858e-09 0.00167188 0.0044966 0.779299 0.120831 1.01842e-10 9.38093e-10 
4.30158e-06 1.30649e-06 0.000145618 0.0130247 0.00720122 0.0397591 1.50126e-06 1.02596e-05 8.22796e-06 6.22287e-06 0.937551 6.98868e-06 6.6429e-06 0.000162971 9.34194e-05 9.63865e-05 8.09538e-06 2.34553e-06 3.63497e-05 1.28504e-06 1.15234e-06 5.81178e-07 0.00187042 
7.53781e-10 2.22603e-07 0.00447419 0.0144138 0.0652062 1.05465e-05 9.64744e-06 5.87483e-07 0.00822958 1.09046e-09 0.00135543 2.5165e-07 9.53305e-07 5.12279e-10 6.53154e-07 1.01501e-09 1.41858e-09 0.00167188 0.0044966 0.779299 0.120831 1.01842e-10 9.38093e-10 
7.53781e-10 2.22603e-07 0.00447419 0.0144138 0.0652062 1.05465e-05 9.64744e-06 5.87483e-07 0.00822958 1.09046e-09 0.00135543 2.5165e-07 9.53305e-07 5.12279e-10 6.53154e-07 1.01501e-09 1.41858e-09 0.00167188 0.0044966 0.779299 0.120831 1.01842e-10 9.38093e-10 
8.47527e-09 9.32408e-07 7.46706e-06 8.60058e-06 2.37192e-09 1.08996e-06 2.95788e-09 2.02142e-08 1.74409e-09 1.22607e-08 0.773326 1.37696e-08 0.00251513 5.7599e-09 7.55973e-06 1.14124e-08 1.59501e-08 0.216766 2.73949e-06 0.00736108 3.6576e-06 1.14508e-09 1.05476e-08 
0.000867412 3.67972e-06 0.00203037 0.0122046 9.24385e-05 0.000404528 0.0038119 0.000384373 1.3205e-08 5.71665e-06 0.833417 0.017703 2.39907e-05 4.36099e-08 0.00356071 8.64068e-08 1.32896e-05 0.000205619 1.13154e-08 3.34141e-05 0.125237 8.6697e-09 7.9859e-08 
1.85304e-06 5.62812e-07 0.00143737 0.00050548 0.000103022 0.000162964 0.000762121 0.000603432 3.81329e-07 0.00476321 0.986556 0.00354359 0.000107904 1.25935e-06 0.000185369 2.49522e-06 3.48733e-06 0.000214987 3.26761e-07 6.22948e-05 0.00097886 2.5036e-07 2.30614e-06 
1.31186e-05 1.04043e-06 9.97284e-06 0.000323619 0.965737 0.0275485 1.19554e-06 8.17032e-06 0.00282004 4.95563e-06 0.000852927 0.000131738 5.29012e-06 2.32808e-06 3.55369e-06 4.61276e-06 6.44681e-06 0.00158853 6.04061e-07 0.000138325 0.000793571 4.62825e-07 4.26321e-06 
1.18869e-11 3.61033e-12 0.00740505 0.898737 0.00110207 0.0143185 0.0129639 2.83512e-11 0.00409217 1.72306e-05 2.72619e-12 1.93123e-11 1.83568e-11 0.000330998 0.00496681 1.60064e-11 2.23706e-11 6.48157e-12 0.0506198 0.00182998 0.00361665 1.60601e-12 1.47934e-11 
0.0011657 1.22151e-06 0.130448 0.00529409 2.12092e-07 0.0778087 0.000414322 0.000164843 0.0388195 4.70362e-08 0.638659 0.02531 0.00121072 0.00030663 0.0107459 4.37819e-08 6.11898e-08 0.0187644 5.73344e-09 0.0453921 0.00549399 4.39289e-09 4.04642e-08 
2.61189e-05 0.000398017 0.00495601 0.00564637 0.195934 0.00357186 2.2065e-05 0.000166997 0.00938708 0.000343911 0.298466 0.000129965 2.762e-07 1.2155e-07 0.00475807 1.72194e-05 0.457588 0.006416 4.13531e-06 0.000138505 0.0120298 2.41643e-08 2.22584e-07 
1.01175e-05 6.82718e-10 0.00021356 5.00626e-05 5.32842e-05 0.0584173 7.84495e-10 1.07278e-05 0.108875 9.75873e-06 0.822669 3.65199e-09 0.00917641 1.3292e-05 0.000106848 3.02683e-09 4.2303e-09 0.000325909 1.03458e-05 6.71505e-10 5.79891e-05 3.03699e-10 2.82543e-07 
2.57905e-07 7.8332e-08 0.00425141 9.03511e-05 7.21785e-08 6.76971e-05 9.00095e-08 6.15126e-07 5.30733e-08 3.73098e-07 0.992781 4.19013e-07 3.98282e-07 0.000344552 4.04234e-05 3.47284e-07 4.85366e-07 1.40628e-07 4.54784e-08 0.000540521 0.00188002 3.48451e-08 3.20968e-07 
8.83435e-07 2.6832e-07 9.97854e-06 0.00109178 2.47242e-07 0.0179491 0.0204815 2.10706e-06 1.81798e-07 0.000421978 6.09698e-05 1.4353e-06 0.959489 6.00393e-07 3.61736e-05 1.1896e-06 1.66258e-06 4.81711e-07 1.55783e-07 0.000100865 0.000348201 1.19359e-07 1.09945e-06 
3.74149e-07 0.00025755 2.41278e-06 0.00189133 1.04711e-07 5.70245e-08 1.30579e-07 8.92377e-07 7.69946e-08 5.41262e-07 0.997634 6.07871e-07 5.77796e-07 2.54277e-07 4.71783e-05 0.000116559 7.04132e-07 2.04013e-07 3.99586e-06 1.44783e-05 1.0023e-07 5.05505e-08 2.8201e-05 
4.57325e-09 1.38901e-09 7.1498e-06 6.87008e-05 1.27989e-09 6.97014e-10 3.19374e-06 1.09076e-08 1.27059e-05 6.61588e-09 0.999061 7.43006e-09 7.06244e-09 1.39893e-05 4.17416e-05 6.15815e-09 6.89391e-06 2.49366e-09 0.000176046 0.000206434 0.000402331 6.17883e-10 5.69149e-09 
3.9243e-09 1.1919e-09 0.0560373 0.802737 1.09827e-09 0.00103798 0.00244612 1.15648e-05 8.07566e-10 2.01746e-07 1.05589e-05 3.5485e-06 6.06027e-09 0.137677 3.80959e-05 5.2843e-09 7.38535e-09 2.13981e-09 6.92002e-10 1.17233e-09 1.05127e-09 5.30204e-10 4.88386e-09 
3.03485e-07 0.000182099 0.00212982 0.00454634 3.16438e-07 5.07272e-05 0.000128903 7.23837e-07 1.75124e-05 0.000824844 0.986951 6.92364e-06 4.6867e-07 1.81047e-05 0.000370155 0.000346951 2.80746e-05 1.17248e-05 1.53782e-05 0.000618001 0.00371907 4.10033e-08 3.28427e-05 
1.77302e-07 6.77118e-06 1.17164e-05 1.34896e-05 4.96206e-08 2.09544e-05 6.18789e-08 4.22881e-07 3.64863e-08 2.56494e-07 0.65239 2.88059e-07 0.00133219 1.20497e-07 1.18567e-05 2.38748e-07 3.33675e-07 0.335697 0.00679062 0.00371788 5.77354e-06 2.3955e-08 2.20656e-07 
6.59262e-10 2.00234e-10 1.28091e-05 0.0820924 0.060536 0.0132705 0.00106421 1.57239e-09 1.49247e-06 2.09914e-06 0.444173 1.07109e-09 1.01809e-09 4.48043e-10 0.396517 8.87734e-10 1.2407e-09 2.33696e-06 1.16253e-10 0.00231913 8.88359e-06 8.90715e-11 1.64913e-07 
2.89277e-05 0.00424733 1.2425e-05 0.0599328 1.284e-05 1.51979e-09 2.01882e-05 2.37831e-08 2.05202e-09 2.59802e-05 0.935408 4.6998e-05 1.53991e-08 6.77684e-09 1.24998e-05 1.34274e-08 1.87661e-08 0.00025175 1.75837e-09 2.97888e-09 2.69799e-07 1.34725e-09 1.24099e-08 
6.88271e-09 2.09044e-09 0.251927 1.20213e-06 8.66993e-06 0.585777 2.40208e-09 1.64158e-08 1.23238e-05 3.99269e-06 1.89579e-06 1.90209e-05 1.06289e-08 8.13942e-05 3.76738e-06 9.26797e-09 1.29529e-08 2.74003e-05 0.162136 2.05611e-09 1.8438e-09 9.29909e-10 8.56565e-09 
0.00137284 2.72305e-05 0.0581671 0.103793 0.00598513 0.0152803 0.0408259 0.000125247 4.79122e-08 0.00012593 0.748833 0.000154082 3.59551e-07 3.68225e-05 0.00330668 3.13513e-07 0.00469873 0.000971846 0.00264756 0.000237122 0.0133408 3.14565e-08 6.97916e-05 
4.34668e-10 1.32019e-10 0.0891556 0.0145393 3.46709e-06 1.27203e-06 0.210778 1.03672e-09 0.159405 1.63554e-06 0.0420529 7.06195e-10 6.71255e-10 6.11517e-06 0.373615 5.85305e-10 8.18025e-10 2.37012e-10 1.76368e-07 0.089761 0.0206799 5.87271e-11 5.40951e-10 
0.000109467 3.75812e-06 5.42076e-06 1.5474e-05 3.15074e-06 0.0536595 1.08626e-05 9.8649e-06 2.54541e-06 3.52659e-05 0.943535 2.0096e-05 1.9777e-08 1.19818e-05 2.08567e-06 1.72447e-08 1.97075e-05 6.98303e-09 2.25827e-09 3.82577e-09 0.00255582 1.73026e-09 1.59379e-08 
8.43825e-11 2.5629e-11 1.31923e-07 0.196735 2.36156e-11 3.39538e-07 0.000383095 1.00831e-07 2.34441e-07 1.22072e-10 0.732781 1.37094e-10 1.30311e-10 0.000439061 7.70186e-07 1.13626e-10 1.27202e-07 4.60113e-11 0.0191681 3.80898e-06 0.0504875 1.14007e-11 1.05015e-10 
0.00015495 5.00605e-09 0.818691 5.58665e-06 7.84634e-06 0.180134 6.04052e-05 2.36262e-05 0.00012991 2.3844e-08 2.04164e-05 0.00049007 2.54534e-08 1.12015e-08 6.76545e-05 2.21943e-08 3.10188e-08 8.98729e-09 7.52795e-05 0.000100944 3.79768e-05 2.22688e-09 2.05124e-08 
1.194e-06 0.00173047 0.0304274 0.264293 0.00395834 0.00238416 0.0180346 0.00131187 0.000435883 1.7273e-06 0.0577066 1.93986e-06 0.00242347 5.53361e-05 0.0083532 1.60779e-06 2.24705e-06 0.599894 0.00249863 0.00175705 0.00472618 1.61319e-07 1.48595e-06 
1.41417e-08 9.90575e-10 0.0014428 0.997993 2.75988e-12 0.000195579 0.000368328 2.35205e-11 8.46159e-10 1.42661e-11 1.35114e-08 1.60217e-11 1.5229e-11 6.70199e-12 6.67915e-11 1.81679e-10 1.85589e-11 8.46115e-09 1.73895e-12 2.94598e-12 5.96604e-09 1.33237e-12 1.22728e-11 
4.34194e-05 1.54235e-05 1.76259e-05 0.00130537 4.62323e-08 2.51776e-08 7.01925e-05 3.94005e-07 3.91078e-05 0.00011019 0.994657 2.68389e-07 2.5511e-07 1.12269e-07 0.000543865 2.22445e-07 3.1089e-07 9.00762e-08 2.91302e-08 0.000544721 0.00188357 2.23192e-08 0.000768194 
1.10871e-06 3.36742e-07 4.16074e-05 2.1896e-05 1.97193e-05 1.57131e-05 3.86943e-07 2.64437e-06 2.32692e-06 1.60392e-06 0.999297 1.8013e-06 1.71218e-06 4.64994e-05 6.20132e-06 1.49294e-06 2.08654e-06 6.04549e-07 1.95508e-07 3.31212e-07 2.97011e-07 1.49796e-07 0.000534466 
7.53781e-10 2.22603e-07 0.00447419 0.0144138 0.0652062 1.05465e-05 9.64744e-06 5.87483e-07 0.00822958 1.09046e-09 0.00135543 2.5165e-07 9.53305e-07 5.12279e-10 6.53154e-07 1.01501e-09 1.41858e-09 0.00167188 0.0044966 0.779299 0.120831 1.01842e-10 9.38093e-10 
2.26078e-09 6.86653e-10 0.0118428 2.35391e-05 3.67036e-06 3.44568e-10 3.07796e-06 7.01518e-06 4.65237e-10 3.27055e-09 0.987683 4.04402e-06 3.49131e-09 2.15257e-06 2.85393e-06 3.04427e-09 4.25468e-09 2.71326e-06 2.59169e-06 6.75375e-10 0.000422129 3.05449e-10 2.81358e-09 
2.09218e-08 6.35444e-09 0.0996863 0.0395008 5.85526e-09 3.18871e-09 7.30174e-09 4.99002e-08 0.0740564 3.02664e-08 0.000131488 3.39911e-08 3.23094e-08 1.32847e-05 4.02618e-05 2.63328e-05 0.0386962 1.1408e-08 3.6893e-09 0.000138795 0.747669 2.8267e-09 4.0528e-05 
1.10995e-07 3.37119e-08 0.00094979 0.987766 0.00056539 0.00150393 0.00216547 2.64733e-07 0.000934234 0.000160732 2.54562e-08 1.80332e-07 1.71409e-07 0.000482853 0.000674091 1.49462e-07 2.08888e-07 6.05226e-08 0.00304161 0.000752727 0.00100208 1.49964e-08 1.38136e-07 
4.34668e-10 1.32019e-10 0.0891556 0.0145393 3.46709e-06 1.27203e-06 0.210778 1.03672e-09 0.159405 1.63554e-06 0.0420529 7.06195e-10 6.71255e-10 6.11517e-06 0.373615 5.85305e-10 8.18025e-10 2.37012e-10 1.76368e-07 0.089761 0.0206799 5.87271e-11 5.40951e-10 
8.88817e-05 3.89102e-07 0.00143838 0.000459995 0.00371577 0.11015 4.47108e-07 3.05554e-06 0.00481905 0.00358234 0.786125 2.08138e-06 1.9784e-06 8.70656e-07 0.0452437 0.000294836 2.41098e-06 0.000428056 2.25907e-07 0.000573772 0.0414548 1.73088e-07 0.00161397 
9.58313e-09 2.91062e-09 0.000142941 4.47731e-05 0.000139197 0.0877033 2.34151e-05 2.28565e-08 0.000119904 1.38634e-08 0.768477 1.55695e-08 1.47992e-08 6.51281e-09 0.142745 5.17461e-06 1.8035e-08 0.000464544 1.99421e-05 3.23528e-05 8.241e-05 1.29476e-09 1.19264e-08 
3.40752e-07 0.0118411 0.00150897 0.00581494 0.866634 0.000894394 0.0977182 7.1309e-08 8.73361e-09 2.0779e-06 1.93594e-08 2.88152e-11 2.81517e-09 0.00016239 0.0012806 2.38825e-11 2.89711e-09 1.11184e-08 9.79169e-09 0.0121495 0.00199316 2.39627e-12 1.01318e-08 
0.00251273 1.21927e-06 0.00644778 0.0531793 9.15841e-10 5.78274e-06 5.84429e-07 3.50862e-05 1.72742e-06 2.20066e-05 0.875803 6.82177e-06 3.27835e-05 2.224e-09 0.00739356 0.00723522 6.15859e-09 5.82498e-06 0.0176391 2.04801e-06 0.0296756 4.42134e-10 4.07262e-09 
7.53781e-10 2.22603e-07 0.00447419 0.0144138 0.0652062 1.05465e-05 9.64744e-06 5.87483e-07 0.00822958 1.09046e-09 0.00135543 2.5165e-07 9.53305e-07 5.12279e-10 6.53154e-07 1.01501e-09 1.41858e-09 0.00167188 0.0044966 0.779299 0.120831 1.01842e-10 9.38093e-10 
4.34668e-10 1.32019e-10 0.0891556 0.0145393 3.46709e-06 1.27203e-06 0.210778 1.03672e-09 0.159405 1.63554e-06 0.0420529 7.06195e-10 6.71255e-10 6.11517e-06 0.373615 5.85305e-10 8.18025e-10 2.37012e-10 1.76368e-07 0.089761 0.0206799 5.87271e-11 5.40951e-10 
7.28749e-06 8.55562e-06 4.6449e-06 4.98995e-06 1.79931e-05 2.01385e-05 8.48824e-09 0.000349737 5.00502e-09 1.31692e-05 0.978559 3.95145e-08 3.75595e-08 1.65292e-08 0.00418005 3.27503e-08 3.08009e-05 0.00822711 4.28879e-09 2.52061e-05 0.00855139 3.28602e-09 3.02685e-08 
9.09381e-05 2.14492e-06 7.19067e-06 3.73282e-05 0.26682 4.16976e-05 2.52713e-08 1.72705e-07 7.19335e-05 8.2608e-05 0.690854 0.000204524 1.11823e-07 0.000242092 0.0265315 9.75047e-08 1.36273e-07 0.0149187 1.27687e-08 5.86084e-05 6.87882e-06 9.78321e-09 2.90597e-05 
8.12458e-06 3.25085e-05 3.73161e-05 0.00204916 0.000100629 0.000105551 8.65216e-05 0.000104705 0.000191741 1.17534e-05 0.986188 1.31998e-05 1.25467e-05 5.52156e-06 0.00372558 0.000357745 0.00163511 9.85243e-05 3.48309e-05 2.4271e-06 0.00461244 1.09769e-06 0.000584843 
7.53781e-10 2.22603e-07 0.00447419 0.0144138 0.0652062 1.05465e-05 9.64744e-06 5.87483e-07 0.00822958 1.09046e-09 0.00135543 2.5165e-07 9.53305e-07 5.12279e-10 6.53154e-07 1.01501e-09 1.41858e-09 0.00167188 0.0044966 0.779299 0.120831 1.01842e-10 9.38093e-10 
2.11591e-09 2.3085e-07 0.0109878 0.00686647 0.0310607 0.000128309 9.98773e-06 7.78209e-07 0.0343693 3.06097e-09 0.00576952 2.62684e-07 0.00122234 3.70959e-06 0.00531788 2.84919e-09 3.98204e-09 0.000797933 0.00214272 0.748923 0.152399 2.85876e-10 2.63328e-09 
