0.000167682 0.000210212 0.00446031 0.000645801 0.0111996 0.0488454 5.34868e-06 3.72143e-09 0.14293 3.21902e-05 0.0221524 0.000616896 9.80453e-07 0.000186666 0.0249123 1.38551e-07 1.79305e-05 0.0110631 0.00214909 0.00319217 0.0392807 0.195605 0.492326 
7.20765e-06 3.64844e-10 0.00756225 0.00419878 0.00932277 0.0425222 0.00074013 1.25095e-06 0.213234 5.4552e-07 0.0167664 0.0280581 3.38012e-05 8.16374e-10 0.0204596 4.23418e-07 1.46363e-07 0.0141508 0.000373912 0.0718634 0.00221869 0.017721 0.550764 
0.000398643 5.1851e-05 0.0429607 0.00506436 0.0406392 0.0545563 4.94319e-05 0.000139334 0.246027 0.0115614 0.0446599 6.26094e-05 1.64476e-05 0.00146175 0.0637623 7.40656e-05 0.000288984 0.0333308 0.000182462 0.00484972 0.0157393 0.081066 0.353057 
5.89049e-07 5.89513e-07 5.89638e-07 0.0919266 0.0254683 0.0757659 0.00966813 0.00111802 5.89578e-07 5.88751e-07 0.027828 0.0025317 0.00041267 0.00359509 0.0253559 5.94706e-05 5.88462e-07 5.8935e-07 0.00654513 0.0020639 0.0190427 0.145108 0.563507 
7.86753e-05 2.38956e-05 9.24748e-06 8.07847e-06 2.20184e-05 1.1991e-05 2.74578e-05 0.000187647 1.61903e-05 0.000113815 1.80438e-05 0.000127822 0.000121498 5.34687e-05 6.94475e-06 0.000105941 0.000148063 4.28994e-05 1.38734e-05 2.35031e-05 2.10762e-05 1.06297e-05 0.998807 
0.000252042 5.55796e-07 0.0035573 0.00195452 0.0199833 0.0301643 0.000287343 3.38517e-05 0.425868 0.000605522 0.017333 0.000767372 8.66006e-07 0.000499766 0.0358555 9.16945e-06 2.9362e-05 0.0075751 0.000216725 0.00444932 0.00326499 0.0115556 0.435736 
0.0102107 4.91662e-08 0.0252621 0.000298655 0.00675937 0.000920052 5.18883e-05 3.86092e-07 2.58016e-06 0.0362847 0.00603972 0.0001008 2.49987e-07 1.10014e-07 0.000833561 2.17978e-07 0.000768922 5.14957e-06 2.85452e-08 0.000372543 0.000160013 0.000131701 0.911796 
0.000850275 0.00113788 0.0308111 0.0100851 0.0144223 0.0172821 1.09866e-07 0.00698341 0.00209899 0.0047822 0.0587545 0.00342721 4.86143e-07 0.00254612 0.0181621 4.23896e-07 0.000830006 0.0383643 0.0384137 0.00163642 0.0388767 0.0101226 0.700412 
0.00049752 2.19954e-06 0.018109 0.003089 0.00146756 0.0043656 7.66351e-05 2.26381e-05 0.124678 0.00999264 0.0320917 0.000472851 3.76401e-06 0.000160599 0.0129851 3.24809e-06 1.83402e-05 0.0162286 0.000140288 0.00361993 0.0177487 0.0119829 0.742243 
4.01514e-06 8.30918e-11 1.23358e-05 1.44167e-05 4.74423e-06 0.0284176 2.17154e-06 6.52504e-10 0.407422 0.000286187 0.00824572 1.52585e-05 4.22483e-10 1.21287e-06 0.00904674 3.68387e-10 5.14859e-10 0.00316088 5.55489e-05 0.000943953 3.20151e-06 0.0530519 0.489312 
9.12116e-12 3.24154e-08 0.0566817 0.00411281 0.0185797 0.0453914 2.89712e-08 2.17547e-11 0.0556171 0.000303615 0.00610824 1.48189e-11 3.66371e-08 0.00240616 0.00240984 0.000125631 2.33969e-06 1.6537e-06 1.02135e-07 7.68425e-08 0.0775399 0.100801 0.629919 
1.46019e-08 2.52837e-05 9.8003e-05 0.000296871 2.49321e-05 5.78652e-05 0.000144735 3.48268e-08 0.272351 2.11239e-08 0.00148824 0.000109151 2.25497e-08 7.04676e-05 0.00014565 1.96624e-08 0.000101704 3.34485e-05 5.38174e-05 5.93292e-05 0.000948197 1.97284e-09 0.723991 
0.00155158 0.000724865 0.0321601 0.00832982 0.0056828 0.0366943 0.00470004 4.22713e-05 0.204776 0.00113331 0.0268991 0.00343794 3.28105e-05 0.0020812 0.05895 1.71601e-05 0.00106939 0.00711567 0.00487084 0.0142851 0.0153416 0.0211736 0.54893 
6.67737e-06 7.15577e-05 1.13139e-05 3.49229e-05 1.86876e-06 1.01771e-06 2.33042e-06 1.59261e-05 0.000270716 9.6598e-06 0.000994512 1.08486e-05 1.03118e-05 0.000109385 0.000865989 0.000189926 1.25665e-05 0.000147462 9.95309e-06 0.000159584 7.91127e-05 0.000216063 0.996768 
0.0016024 2.3196e-06 0.014764 0.00297216 0.00829205 0.11569 2.54723e-05 0.000137648 0.138065 0.00111173 0.0732714 8.94799e-05 1.76847e-06 0.0024513 0.114133 5.2213e-05 0.000188348 0.0316761 0.000183404 0.0214514 0.00865689 0.0207552 0.444427 
6.83825e-08 4.41316e-08 0.031939 0.327717 0.00800184 2.556e-07 0.0460115 2.26493e-11 4.79637e-06 1.37377e-11 0.0409065 1.54283e-11 0.00392704 4.32466e-08 9.14531e-08 1.29151e-09 1.10821e-07 0.105 0.000636628 1.33903e-07 0.0304611 1.27918e-07 0.405394 
0.00158837 0.000303465 0.0200133 0.00846466 0.0083835 0.0714534 0.000676567 0.000356263 0.353568 0.000170727 0.0103574 0.000477226 0.000144447 0.000859504 0.0682769 0.000104607 0.000401708 0.00710695 0.0131548 0.00404494 0.00745378 0.0549815 0.367658 
0.0146846 5.37622e-05 0.0334598 0.0259994 0.0417734 0.0313054 0.000249064 2.30829e-07 0.091804 0.000823829 0.0227767 1.57236e-07 0.00115672 0.00542653 0.0177084 7.15974e-05 1.82136e-07 0.0263027 0.0160839 0.00397778 0.0371352 0.0393839 0.589823 
4.69495e-10 1.42597e-10 0.000145837 1.84339e-05 0.00108796 0.00170044 7.18001e-05 8.76463e-06 0.124531 3.37538e-07 0.00168329 0.000194985 8.60822e-07 8.51e-05 0.00104789 6.32202e-10 8.83568e-10 0.00108008 3.27384e-07 0.000169812 0.00324559 0.000492342 0.864435 
0.00305247 0.00081059 0.019102 0.131664 0.0547288 1.6127e-06 0.00486651 2.31032e-10 2.99635e-07 1.4013e-10 0.137642 1.1798e-06 0.000122404 0.000707237 0.00580081 8.19846e-09 1.82297e-10 0.00449755 1.75404e-07 8.44864e-07 0.00322888 0.0153433 0.618429 
0.000473916 2.43596e-06 0.000658075 0.00234012 0.0169712 0.00622422 0.000770427 0.000128508 0.00207656 0.000617161 0.00172372 0.00640843 0.000528033 0.00036302 0.00401435 2.84541e-06 1.37232e-05 0.0251171 0.000275623 0.0013533 0.012546 0.0653058 0.852086 
0.00766228 8.59297e-05 0.00577243 0.0193956 0.0158038 0.0680699 0.00110447 0.020728 0.0184783 0.00424797 0.00595165 0.000140949 0.000137603 0.000984237 0.0398233 2.04297e-06 1.21718e-05 0.0172594 0.000618002 0.235618 0.0058326 0.23389 0.298382 
0.000121484 2.38579e-06 0.0525015 0.0215901 0.0549279 0.113572 0.0015746 0.000198256 0.145454 0.00140826 0.0323683 0.003234 1.301e-06 0.000712915 0.0519898 1.19525e-06 2.574e-06 0.0517043 0.00400799 0.00505085 0.0259408 0.0350898 0.398546 
5.05896e-06 9.83023e-05 0.00147012 0.000987717 0.00341416 0.00451467 1.39666e-05 2.47643e-05 0.33765 0.0112444 0.0114863 0.000248423 1.08405e-05 0.00534295 0.00772017 1.25249e-06 8.6973e-06 0.00243255 0.000426247 0.00143851 0.00881297 0.0325817 0.570066 
0.0235669 0.000134869 0.0491357 0.0941196 0.0303146 0.0485291 0.00215813 0.00354197 0.0256842 0.0246142 0.164527 0.0281227 1.62822e-06 5.03403e-05 0.129864 3.09562e-06 6.16214e-05 0.0116734 0.00216954 0.0125348 0.0726334 0.109243 0.167316 
5.43167e-05 1.99308e-05 0.00675614 0.00885219 0.00458515 0.0085168 0.00027124 1.71786e-05 0.248759 4.66783e-06 0.0138202 0.000118187 2.26433e-06 8.96146e-05 0.025289 6.02304e-06 3.67912e-06 0.00264416 0.0318683 0.00151944 0.00124338 0.0518014 0.593758 
0.000322921 2.39638e-06 0.00286836 0.0108466 0.0284229 0.089433 0.00135987 4.91118e-05 0.339706 0.000856795 0.00644833 0.00271648 8.42757e-05 7.9529e-05 0.0282427 2.53757e-07 2.57606e-07 0.0072094 0.0113651 0.00453643 0.00637072 0.0101881 0.448891 
0.00012634 0.000124405 0.000465463 0.00246 0.016594 0.243406 9.22917e-05 0.000145191 0.149326 4.01168e-05 0.100409 2.02012e-06 4.00373e-07 0.00110975 0.0241392 0.180701 2.03783e-06 0.0011008 0.000104867 0.000871097 0.0147896 0.00748695 0.256504 
0.000677924 0.000210151 0.00621388 0.0199884 0.0214087 0.0369224 0.000275411 5.09529e-05 0.251216 0.00336405 0.0149712 0.00170813 0.000588832 0.00129898 0.0230756 5.62935e-05 2.11066e-05 0.0101629 0.00215937 0.00981287 0.0045354 0.0624482 0.528833 
0.000975882 3.81005e-05 0.0214236 0.0261236 0.00880418 0.0359403 0.0016393 0.000516576 0.196766 0.00127352 0.0426929 0.00184811 3.1807e-05 0.00107358 0.0689931 0.000163354 0.00151279 0.00750105 0.00674333 0.0238212 0.0229214 0.0552255 0.473971 
0.00179544 2.76229e-05 0.0397273 0.0124924 0.00675561 0.0247712 0.00111337 1.6759e-05 0.258672 0.000257665 0.01748 0.000684851 1.60825e-06 0.000166811 0.112326 2.39563e-05 0.000162896 0.00476085 0.00443104 0.0100327 0.00727625 0.0263903 0.470633 
3.42751e-05 0.000434235 0.153274 0.0644898 0.00428817 0.0246904 0.0231826 5.66133e-05 0.000274892 1.23841e-05 0.0823103 0.0106436 0.000103444 0.00592325 0.0508093 6.14583e-05 0.000157554 0.00274133 0.000773812 0.000395763 0.00354357 0.00852706 0.563273 
1.71268e-05 2.22716e-05 0.00612418 0.00170083 0.0122758 0.0302201 8.27852e-05 8.15681e-05 0.301228 0.00783238 0.0318267 2.15734e-05 1.24673e-06 0.00747148 0.037479 1.13659e-06 0.000205169 0.00665309 0.000709778 0.00627787 0.00267954 0.0172459 0.529842 
5.04052e-05 1.24893e-06 0.000194677 0.00289877 0.000112584 1.22959e-05 0.000706737 4.72827e-05 0.163989 1.85993e-07 0.0407458 0.0677603 2.74277e-05 0.000306841 0.0107889 9.94887e-07 0.0011938 0.000183711 0.00366437 9.23505e-10 0.0018188 0.00418398 0.701312 
1.39117e-08 1.08734e-05 0.179568 0.0749612 0.00205291 4.65681e-07 0.0790601 0.000473415 0.0497584 3.06242e-07 0.100175 3.43059e-10 4.28716e-07 0.00323376 0.00227084 1.06363e-07 3.97384e-10 0.045938 0.00728674 0.000752216 0.0852919 0.0395091 0.329656 
2.09566e-06 9.94762e-06 0.000131168 0.0105912 0.00282352 0.00960959 0.000318471 1.26955e-06 0.3406 0.000116562 0.00680248 4.35788e-05 3.27816e-07 4.51457e-05 0.00200574 1.13209e-06 0.000289017 0.00178559 0.000552375 0.000913877 0.00469257 0.0144598 0.604204 
0.00020783 1.88334e-05 0.00138058 0.0121537 0.00759223 0.0137028 0.0223636 4.46259e-06 0.158927 2.31601e-06 0.00414039 0.00949274 5.41206e-07 0.00737105 0.0701354 3.64476e-06 3.02169e-06 0.00215457 0.000668408 0.00152794 0.00117247 0.0188758 0.6681 
0.000167682 0.000210212 0.00446031 0.000645801 0.0111996 0.0488454 5.34868e-06 3.72143e-09 0.14293 3.21902e-05 0.0221524 0.000616896 9.80453e-07 0.000186666 0.0249123 1.38551e-07 1.79305e-05 0.0110631 0.00214909 0.00319217 0.0392807 0.195605 0.492326 
0.00453177 2.71075e-05 0.0101289 0.00260329 0.0172567 0.0177284 3.98617e-05 7.20803e-06 0.0357847 0.0375379 0.00986512 4.09147e-05 2.63791e-05 0.000574565 0.0381832 8.84592e-05 0.000701652 0.00365945 5.48052e-05 0.00640227 0.00134419 0.0143605 0.799053 
0.00147168 0.000673932 0.0228791 0.0137641 0.0273376 0.0541305 0.00328078 0.000314756 0.239019 0.00139372 0.0301413 0.00135048 0.000239601 0.00208872 0.0615262 2.01703e-05 0.000933587 0.00866171 0.00821848 0.0138557 0.0182702 0.104468 0.38596 
5.89049e-07 5.89513e-07 5.89638e-07 0.0919266 0.0254683 0.0757659 0.00966813 0.00111802 5.89578e-07 5.88751e-07 0.027828 0.0025317 0.00041267 0.00359509 0.0253559 5.94706e-05 5.88462e-07 5.8935e-07 0.00654513 0.0020639 0.0190427 0.145108 0.563507 
0.00136947 0.00150699 0.0172426 0.017948 0.0167016 0.0384968 0.00264683 6.59878e-05 0.30355 0.00250935 0.0273366 0.00122815 0.00088237 0.00240958 0.0465465 8.6764e-05 0.000664439 0.0155658 0.00489235 0.0200792 0.0143005 0.0659041 0.398066 
0.000162003 1.34783e-05 0.00607744 0.00618313 0.00816523 0.0279336 0.000332346 0.000232146 0.216064 0.00086271 0.0118712 0.00035163 2.9373e-05 0.000572433 0.0236935 2.33377e-05 0.000827364 0.0163771 0.0103752 0.00264869 0.00425365 0.0724678 0.590482 
0.00245093 7.48833e-05 0.00371862 0.00564953 0.00731062 0.028331 3.88818e-05 4.83656e-06 0.117471 0.036299 0.0173905 1.97428e-05 5.91963e-05 0.00181772 0.0605835 0.000225012 0.000121452 0.0117633 0.000143184 0.0141162 0.00272603 0.0430156 0.64667 
2.03315e-05 1.64496e-06 0.0140319 0.00431908 0.0789682 0.138356 0.00516682 8.1765e-06 0.210185 0.000397382 0.0143334 0.00179835 6.64494e-05 0.00101011 0.12729 1.61761e-06 2.15627e-06 0.00803456 0.000704921 0.0172137 0.0217262 0.0485438 0.307821 
0.0010499 0.000197599 0.010522 0.0104856 0.010342 0.0760914 0.00204613 0.000122065 0.326121 0.000718062 0.00735305 0.000486626 6.29493e-05 0.000772766 0.0343344 3.01421e-06 8.75906e-05 0.00833053 0.0105607 0.00469749 0.00737493 0.0448912 0.443349 
0.00447154 5.97997e-06 0.0386117 0.149898 0.0354681 0.00862138 0.00644339 7.83863e-05 0.0338531 1.48817e-05 0.194669 3.51075e-05 8.42109e-05 0.0293596 0.0751537 1.63446e-05 1.49319e-05 0.000178018 0.0224544 0.00328201 0.0313907 0.138621 0.227274 
9.15613e-05 2.32325e-06 0.0031519 0.00562546 0.00158475 0.000891676 9.55892e-05 2.86119e-06 0.221046 1.58919e-08 0.0124027 7.43346e-05 3.00048e-08 2.89454e-05 0.00934552 1.91051e-06 1.4201e-07 0.00100243 1.28954e-08 0.000445938 0.000159505 0.000687056 0.743359 
2.87934e-07 4.20511e-06 0.0041684 0.00424078 0.00464913 0.0158563 0.000173538 2.11853e-05 0.206369 1.18384e-06 0.0056002 1.5855e-05 3.34568e-06 7.61894e-06 0.0272962 5.87994e-06 4.70518e-07 0.00124969 0.0882534 0.00118505 0.00413115 0.106984 0.529783 
9.59287e-05 9.55978e-05 0.00662858 0.00268031 0.0109787 0.0442784 5.7618e-05 3.24393e-05 0.184608 1.18177e-05 0.00550021 5.28435e-06 0.000123095 0.000392545 0.00984056 3.516e-05 4.62393e-06 0.000650474 0.00125647 0.00490568 0.00433825 0.0672303 0.65625 
0.000416919 0.00398362 0.0151363 0.00425031 0.00549462 0.0282629 8.47092e-05 0.00258011 0.0736492 0.00239874 0.0090085 0.000282082 0.000400148 0.0073163 0.00496715 3.71296e-06 0.0002679 0.00721501 0.000147424 0.00549789 0.000977911 0.29858 0.529078 
1.19291e-05 3.72852e-07 0.00113952 0.000190688 0.000305137 0.000114026 1.74274e-09 2.38459e-05 0.301432 7.22382e-09 0.014431 8.11281e-09 7.68562e-06 0.00193066 0.00382697 2.21391e-05 9.39752e-09 3.2976e-06 8.41881e-05 0.00017478 0.00110861 0.00493752 0.670256 
0.00200996 4.29982e-05 0.0108118 0.0121733 0.00790311 0.0169957 0.0356471 0.000194515 0.163154 0.0028415 0.0150641 3.33834e-05 1.46866e-05 0.000925884 0.0449494 3.51848e-05 0.00381207 0.0051919 0.0106689 0.0213188 0.00741232 0.0189129 0.619887 
0.00033575 1.38912e-07 0.000858905 0.0118845 9.3964e-05 0.00927287 0.000973014 0.0657753 0.0236016 1.51703e-08 0.00050622 1.50811e-05 1.61943e-08 7.12677e-09 0.00279348 1.41207e-08 1.97351e-08 5.71799e-09 3.45317e-05 0.000187331 0.00039195 0.0069723 0.876303 
6.46615e-05 1.11038e-05 0.00559068 0.129237 0.0463365 0.206772 0.0138999 0.00693846 0.135931 0.000745206 0.0322194 0.00158764 4.62995e-05 0.000498638 0.0351948 2.31975e-05 0.000498773 0.0113567 0.00430777 0.00647506 0.0280487 0.0828076 0.251408 
1.57732e-05 1.14838e-08 2.60589e-07 0.000172746 0.00194901 0.00640929 0.000541305 8.27356e-10 0.480942 2.13464e-08 0.00195738 2.2268e-07 1.50389e-08 1.65891e-07 0.000565134 4.67104e-10 0.000126325 0.000439658 2.75607e-06 0.00187865 0.00048767 0.00230234 0.502209 
5.00849e-08 1.5212e-08 9.87429e-05 0.000324458 0.00354873 0.00673647 0.000105565 1.19457e-07 0.125533 0.00360716 0.0316579 8.13718e-08 7.73458e-08 3.40383e-08 5.92799e-05 7.7426e-05 0.000113058 0.0331744 8.83186e-09 0.00133304 0.00825437 0.0432982 0.742078 
1.45611e-06 1.23539e-05 0.0129278 0.0173334 0.00842609 0.0209803 0.00034639 0.000297724 0.262093 0.000687862 0.0165688 0.000558465 1.49155e-05 0.00033942 0.0365424 3.59698e-06 3.51819e-07 0.00190327 0.051893 0.00214588 0.0167387 0.0651706 0.485014 
0.00155775 2.6416e-05 0.0154866 0.00849595 0.0044062 0.0287315 0.00316555 5.66539e-06 0.224949 9.00939e-06 0.0189204 0.00152109 4.6072e-07 0.00137252 0.0483605 1.56516e-05 8.32894e-06 0.00203678 0.00615087 0.000817482 0.0184566 0.0166831 0.598823 
0.00109938 2.55084e-05 0.0143967 0.019018 0.0131429 0.0458475 0.00158371 5.26619e-05 0.374065 0.00232675 0.0212711 0.00215195 4.72615e-05 0.000513775 0.0412389 9.45588e-06 4.93767e-05 0.0111765 0.00377011 0.00723756 0.0158627 0.029309 0.395805 
3.69137e-05 2.16217e-06 0.00178353 0.0127828 0.000339523 0.0116077 5.51695e-05 2.24089e-06 0.0239858 0.00107813 0.0097506 0.00280949 4.65809e-05 1.98589e-05 0.0319803 2.6816e-08 6.05475e-06 0.00118682 0.000683949 9.08798e-05 0.0018138 0.0165049 0.883433 
7.08692e-08 2.43669e-06 0.00194971 0.00870805 0.0158066 0.00580793 0.000598322 2.8172e-05 0.103842 3.22154e-05 0.00332908 0.000217738 2.14755e-05 7.84105e-05 0.00427535 1.66338e-07 3.73855e-07 0.00494113 0.000126539 0.00276774 0.00964614 0.00408875 0.833732 
2.58602e-09 7.77657e-12 0.011301 0.0063487 0.0925831 0.299274 3.12845e-08 3.84789e-07 2.86637e-07 1.33382e-07 0.00307593 4.15984e-11 3.95402e-11 4.52596e-08 0.00578658 3.44774e-11 4.81857e-11 7.68006e-08 4.51497e-12 0.000316076 9.57576e-05 0.0177733 0.563444 
5.11403e-06 6.27153e-06 0.0504326 0.025913 0.122942 0.0532116 3.6133e-05 0.000325383 0.202987 0.000438637 0.0512822 0.00214878 1.74508e-06 5.44229e-07 0.0634585 2.28992e-07 9.22855e-06 0.0557507 1.51878e-05 0.00346002 0.0156235 0.068104 0.283848 
5.96978e-05 2.76905e-06 0.0027195 0.00376339 0.00145028 0.000632228 6.68607e-05 1.64447e-05 0.22562 1.84161e-07 0.0118771 9.93922e-05 3.97503e-08 1.55808e-05 0.0100943 2.98734e-06 3.37132e-06 0.000828028 3.08102e-08 0.000510645 0.00016871 0.000700175 0.741368 
0.000325808 0.000128251 0.00148146 0.00666076 0.0879451 0.0130368 0.000578455 0.000490304 0.000740937 1.30868e-06 0.148428 0.000256219 5.66388e-06 0.000419908 0.00317186 1.21813e-06 1.70247e-06 0.00481971 0.00943686 0.00132208 0.00364135 6.98702e-05 0.717037 
0.000574556 0.000126669 0.010473 0.0444838 0.00735631 0.0246016 0.00282644 0.00042195 0.230777 0.000432629 0.0586399 0.00028515 6.32541e-05 0.00154968 0.0479352 1.03087e-05 0.000234752 0.0124788 0.0104774 0.0284357 0.0451657 0.0136608 0.458989 
0.000820884 0.000135274 0.0121468 0.0176015 0.0143097 0.0150619 0.0117564 0.000103565 0.204683 0.00133225 0.0344711 0.000468367 5.50228e-05 0.00062274 0.0319216 2.23185e-05 0.00194111 0.00588725 0.0125833 0.015468 0.0138181 0.0303919 0.574398 
0.00405628 3.95568e-07 0.0102175 0.131661 0.126571 0.16645 0.00091505 4.56446e-06 0.0725282 0.00972349 0.0364137 0.0821479 2.91942e-05 0.00898481 0.0490699 8.44442e-06 0.00430908 0.00025127 0.0271104 1.41681e-05 0.000293457 0.00732687 0.261913 
7.86753e-05 2.38956e-05 9.24748e-06 8.07847e-06 2.20184e-05 1.1991e-05 2.74578e-05 0.000187647 1.61903e-05 0.000113815 1.80438e-05 0.000127822 0.000121498 5.34687e-05 6.94475e-06 0.000105941 0.000148063 4.28994e-05 1.38734e-05 2.35031e-05 2.10762e-05 1.06297e-05 0.998807 
7.6845e-07 0.000374613 0.0728562 0.168238 0.0355543 0.0670145 0.00556071 0.000163343 0.00344049 0.000299146 0.0537786 1.5172e-05 0.0051301 4.15959e-10 0.10701 2.62198e-05 5.23493e-05 0.000967192 0.0020474 0.00769353 0.082564 0.0273641 0.359849 
4.15065e-05 2.27026e-05 0.00487783 0.00416647 0.00784908 0.0113138 0.00844286 0.00400377 0.123381 1.98075e-05 0.0209393 6.60609e-05 7.22169e-06 0.00234523 0.00776207 4.15475e-06 1.3467e-05 0.00117815 0.00109992 0.00392854 0.00704081 0.0359844 0.755512 
0.00405628 3.95568e-07 0.0102175 0.131661 0.126571 0.16645 0.00091505 4.56446e-06 0.0725282 0.00972349 0.0364137 0.0821479 2.91942e-05 0.00898481 0.0490699 8.44442e-06 0.00430908 0.00025127 0.0271104 1.41681e-05 0.000293457 0.00732687 0.261913 
5.89049e-07 5.89513e-07 5.89638e-07 0.0919266 0.0254683 0.0757659 0.00966813 0.00111802 5.89578e-07 5.88751e-07 0.027828 0.0025317 0.00041267 0.00359509 0.0253559 5.94706e-05 5.88462e-07 5.8935e-07 0.00654513 0.0020639 0.0190427 0.145108 0.563507 
0.000294663 8.07566e-05 8.12829e-07 0.00248259 1.93536e-06 0.000702748 0.000835936 1.64937e-05 0.000540274 1.00041e-05 0.00617196 1.12352e-05 0.000499483 0.000630481 0.000785462 0.000474274 0.000554542 3.77074e-06 1.21944e-06 2.06586e-06 0.00446503 0.000315838 0.981118 
7.20765e-06 3.64844e-10 0.00756225 0.00419878 0.00932277 0.0425222 0.00074013 1.25095e-06 0.213234 5.4552e-07 0.0167664 0.0280581 3.38012e-05 8.16374e-10 0.0204596 4.23418e-07 1.46363e-07 0.0141508 0.000373912 0.0718634 0.00221869 0.017721 0.550764 
0.00441059 0.000106105 0.00727136 0.0178014 0.017145 0.07699 0.000978796 0.0108691 0.236342 0.0019029 0.0157884 0.000103269 9.74614e-05 0.000835719 0.0600516 1.26559e-06 1.03432e-06 0.0188172 0.00715347 0.0286751 0.00991313 0.179256 0.305489 
2.8249e-07 0.000661513 0.0032845 8.42938e-05 0.006973 0.00450604 3.5486e-06 1.15465e-06 0.44895 2.2077e-06 3.88909e-05 2.08912e-05 0.00213374 0.000283152 0.00125193 1.06292e-06 3.20994e-05 0.0211275 7.63535e-05 0.0104712 0.00127214 0.020457 0.478367 
0.000228445 0.000158758 0.0552151 0.0143077 0.0174182 0.0378138 0.00212534 0.00104401 0.183562 0.000327192 0.0212746 0.000269085 0.000201778 0.00317391 0.107677 4.5701e-06 0.000170078 0.00779095 0.0349968 0.00637116 0.0195215 0.212794 0.273554 
0.00053615 2.01419e-05 0.00949728 0.0134865 0.00522992 0.0164127 0.00129292 3.14836e-05 0.364778 0.000712804 0.0246954 0.00444635 0.00014754 0.00178242 0.0259101 6.10609e-05 0.000168553 0.0053919 0.000405728 0.00478618 0.0119578 0.0288306 0.479418 
0.00485347 2.94735e-06 0.0134648 0.0179291 0.00731678 0.0790792 0.00704084 0.000105866 0.110092 0.00143421 0.0588543 0.00119862 4.94258e-05 0.000463038 0.206994 2.0719e-05 5.15461e-07 0.0135326 0.000263785 0.029785 0.108511 0.0345334 0.304474 
0.00106477 0.000501569 0.0342257 0.0188636 0.0319697 0.0425661 0.00341169 0.000246843 0.30893 0.00441039 0.024989 0.00195112 0.000191862 0.00289639 0.0579534 2.54111e-05 0.000309296 0.0135069 0.00668354 0.032731 0.0153023 0.078082 0.319188 
0.00165595 6.80203e-06 0.0149746 0.01073 0.00553622 0.0257289 0.000449575 0.000137772 0.311476 0.00269038 0.0210838 0.00022743 0.00011453 0.000456825 0.0252948 1.42196e-07 8.21311e-06 0.00112317 0.00043711 0.0016371 0.0077811 0.0275747 0.540875 
8.29013e-05 1.25109e-05 0.00618876 0.00742038 0.0530822 0.00412857 0.000992296 0.000379936 0.18519 0.0143914 0.00653358 0.00016178 4.45133e-05 0.000178784 0.002944 3.9317e-05 3.04186e-05 0.0236086 0.00146663 0.00130598 0.0229397 0.0140807 0.654797 
9.15613e-05 2.32325e-06 0.0031519 0.00562546 0.00158475 0.000891676 9.55892e-05 2.86119e-06 0.221046 1.58919e-08 0.0124027 7.43346e-05 3.00048e-08 2.89454e-05 0.00934552 1.91051e-06 1.4201e-07 0.00100243 1.28954e-08 0.000445938 0.000159505 0.000687056 0.743359 
4.86131e-05 2.46361e-05 0.00128537 0.00327505 0.00733255 0.00236805 0.000182217 3.91633e-05 0.00296455 0.000107492 0.00375313 0.00019938 5.52251e-06 0.00158041 0.00291724 0.000848575 7.17513e-06 0.00171482 0.000117573 0.000454803 0.00211292 0.00372512 0.964936 
0.00132236 4.0431e-05 0.00163501 0.00401739 0.0886939 0.00402858 0.00200853 0.000154306 0.115106 0.0417944 0.0342286 0.000171564 0.00213295 0.00075807 0.138799 1.35341e-05 0.000111285 0.0577061 0.00853335 0.00641942 0.00109177 0.0319243 0.45931 
0.000387288 1.47252e-05 0.0062781 0.0192135 0.0121848 0.000286535 0.0022841 6.42884e-05 0.000827335 0.00682247 0.0550928 0.000111137 1.13535e-06 7.30135e-05 0.353838 0.000199002 1.3836e-06 0.000728004 0.00148227 0.00122209 0.0163471 0.000851163 0.521689 
1.749e-05 5.96967e-05 0.00620255 0.00414189 0.00409362 0.00285046 0.000161966 0.00265822 0.10677 0.000626409 0.0159849 1.45573e-05 5.05782e-06 0.00194947 0.0125946 3.47803e-06 7.06225e-05 0.00384189 0.00625157 0.00228811 0.00571033 0.404012 0.419691 
7.37257e-06 5.53836e-07 0.00119569 0.0188826 0.00293553 0.0479837 0.0103748 2.27259e-06 0.291657 6.4406e-05 0.0036607 7.06469e-08 3.01492e-05 0.000159939 0.00700532 5.82355e-10 1.30279e-07 0.00344823 0.000249084 0.000277562 0.00695518 0.00664814 0.598461 
0.000385927 5.02946e-06 0.0035888 0.00419583 0.0061308 0.01138 0.000307041 6.3656e-05 0.452567 0.00711706 0.00899736 5.87401e-05 5.525e-05 0.000405937 0.013333 3.08497e-05 3.04392e-05 0.000704207 0.000417249 0.00157996 0.00573543 0.0119845 0.470926 
0.00232467 0.000704123 0.0482717 0.020129 0.00856801 0.0347577 0.000506874 1.94861e-05 0.216675 0.000278821 0.0134741 0.0021136 1.16131e-05 0.000292613 0.0377928 2.43884e-05 0.000540028 0.0108294 0.00867159 0.0369667 0.0147065 0.0225485 0.519792 
0.00789816 0.00228427 0.0181884 0.0412567 0.0462589 0.0926508 0.000496268 3.93284e-05 0.11821 0.0231662 0.028629 1.70186e-05 0.000582774 0.0184661 0.126105 5.08558e-05 0.00186892 0.00741865 0.0113647 0.0164852 0.0046925 0.18918 0.244691 
0.0024705 6.58986e-05 0.015994 0.0134009 0.0190101 0.0506855 0.00130636 5.17631e-05 0.288802 0.00184591 0.0228235 0.00107272 7.33228e-05 0.000803898 0.040783 5.52801e-06 0.000202441 0.00685849 0.00472363 0.0085994 0.0198744 0.0577151 0.442832 
1.24061e-06 9.05844e-06 0.000570377 0.00625542 0.0026917 0.0716699 0.00484141 3.38156e-06 0.25018 0.0115438 0.123781 0.000871657 2.8419e-06 0.0143996 0.0135478 2.28897e-07 1.34308e-07 0.0105262 4.03106e-05 0.000800004 0.0484972 0.0251009 0.414666 
8.75939e-05 1.43122e-05 0.00857564 0.00573328 0.00394575 0.00731269 0.0028112 3.71837e-05 0.342277 0.00252938 0.0146945 0.00108066 0.000237904 0.00149637 0.0240214 7.99782e-05 3.53076e-05 0.00807127 0.00168456 0.00448037 0.00488461 0.0584208 0.507488 
9.98547e-06 2.39297e-07 0.00796115 0.0060489 0.00399585 0.00383345 0.000160458 7.85806e-06 0.278025 5.75145e-07 0.00651579 0.000891548 2.87512e-06 2.53813e-05 0.00370245 2.63315e-06 2.54974e-07 0.0118453 0.00191099 0.00175246 0.00271333 0.00252982 0.668063 
0.00123116 0.000264586 0.0171242 0.0125341 0.0138024 0.130799 0.00251101 0.000135921 0.311619 0.000670365 0.0201288 0.000334678 0.000120615 0.000827941 0.0459025 2.09615e-05 0.000334222 0.00857309 0.00575739 0.0047101 0.0136738 0.0647039 0.344221 
0.00154416 0.00118042 0.0207507 0.0133486 0.0282761 0.0463896 0.00269249 0.000221336 0.246315 0.00243869 0.0294906 0.00144128 0.000177432 0.00203746 0.0846992 7.87572e-05 0.000250981 0.0105209 0.00807969 0.0200307 0.0166242 0.0766684 0.386743 
1.33387e-05 8.8536e-06 7.3509e-05 0.00110741 0.000376719 0.131671 5.92011e-05 4.92841e-07 0.325318 1.49617e-09 7.15666e-05 2.78018e-07 9.94533e-07 9.21613e-08 0.00190406 1.39266e-09 1.94638e-09 4.15279e-05 0.00597043 7.06064e-05 1.64526e-05 0.00058796 0.532708 
0.0061151 6.83825e-05 0.0641046 0.00643335 0.0164211 0.0719861 0.000173614 7.80492e-06 0.286514 0.0011759 0.0234644 0.000268689 6.78448e-07 0.000393913 0.0393656 6.52111e-05 0.000482135 0.00745324 0.000567707 0.014869 0.0223841 0.0356205 0.402064 
8.05469e-06 4.88034e-06 0.0243638 0.00351103 0.00442238 0.0142403 2.02233e-07 9.30825e-07 0.0549197 0.0117379 0.0861539 3.18152e-05 2.59766e-07 2.89834e-08 0.0211239 3.76013e-07 1.63421e-06 0.0236592 1.8101e-06 0.00274225 0.0694748 0.0119798 0.671621 
2.74809e-05 6.2935e-06 0.00245566 0.00254596 0.00593196 0.00359231 0.000170509 4.37646e-06 0.321812 2.70464e-05 0.00551325 3.43264e-05 1.48006e-05 1.43628e-05 0.0092609 2.93282e-06 2.11369e-05 0.00684157 0.0124492 0.00190791 0.00185911 0.0187402 0.606767 
0.00136787 3.42869e-05 0.0307937 0.0266691 0.0590673 0.122901 0.00240479 1.52779e-05 0.260919 2.78684e-06 0.0332637 3.40517e-05 7.63652e-05 0.00292382 0.0468643 1.10006e-05 2.18243e-06 0.0145683 0.00733008 0.00185457 0.0356731 0.022984 0.330239 
0.000535119 3.38559e-05 0.0129587 0.0123613 0.0104837 0.0271657 0.000631236 0.000167597 0.187746 0.00419013 0.0146477 0.00157386 7.66303e-05 0.00108836 0.0209092 1.62412e-05 2.4191e-05 0.00539213 0.00488462 0.085529 0.00927755 0.0192681 0.581039 
1.5823e-12 3.8495e-08 0.000101122 0.000300843 0.00824351 1.00325e-08 0.000343867 6.7934e-08 0.00252211 7.32718e-09 0.0220244 5.91884e-05 6.74683e-05 1.08288e-07 0.00327067 0.0195093 3.5616e-05 4.76264e-08 1.80793e-05 0.00116531 0.00562052 0.00524461 0.931473 
8.86766e-06 2.69332e-06 1.0423e-06 9.10541e-07 2.48174e-06 1.35153e-06 3.09483e-06 2.11501e-05 1.82484e-06 1.28284e-05 2.03375e-06 1.44071e-05 1.36943e-05 6.02657e-06 7.82757e-07 1.19408e-05 1.66885e-05 4.83528e-06 1.5637e-06 2.64909e-06 2.37554e-06 1.19809e-06 0.999866 
3.95112e-07 2.15578e-05 3.05318e-05 0.0340334 0.0570078 0.0126962 0.000383052 7.6131e-06 0.0589181 6.40368e-05 2.22115e-05 5.27521e-06 1.44357e-05 3.514e-06 0.00462364 8.93706e-07 3.0125e-06 0.0013709 5.87405e-06 0.016938 0.0083838 0.0176259 0.78784 
0.000294928 0.00091439 0.0593377 0.0214155 0.0191529 0.124644 0.00368603 0.000910961 0.206694 0.00137857 0.0178937 0.000866844 5.84292e-05 0.000870718 0.0673723 1.20007e-05 0.000132024 0.0124623 0.00964609 0.00814885 0.0165936 0.0647795 0.362734 
0.000939738 1.4732e-08 0.00106906 0.0104733 0.0406165 0.0113338 6.49749e-05 1.15687e-07 0.120199 0.00120598 0.0535066 1.74813e-05 3.28422e-05 1.22707e-05 0.0155498 7.07226e-07 9.12832e-08 0.00411469 0.00105741 0.00654701 0.00878411 0.0797984 0.644676 
0.000348766 3.15081e-05 0.000118633 4.62411e-06 0.101159 0.0316904 1.22523e-08 8.31823e-05 0.280666 1.09354e-05 3.03727e-05 5.70369e-08 7.36372e-07 2.38589e-08 2.32506e-05 4.72731e-08 6.60691e-08 0.00162953 6.19062e-09 0.00476278 0.00642883 0.000569739 0.572442 
2.8896e-07 5.56745e-06 0.00570137 0.00325875 0.00555748 0.0157436 0.00011846 9.20537e-06 0.231113 1.47253e-06 0.00519454 2.12075e-05 4.31024e-06 1.01657e-05 0.027254 7.91395e-06 3.87259e-07 0.00172146 0.103856 0.000751458 0.00202196 0.135114 0.462533 
2.31101e-07 5.09117e-08 7.03623e-07 0.0141003 3.56019e-07 0.00306981 2.9103e-05 6.16897e-09 0.0344501 9.55698e-08 0.00159247 1.56659e-06 3.99429e-09 1.75781e-09 6.19875e-07 3.48285e-09 2.91571e-07 3.26414e-06 8.53933e-07 0.000497946 6.92888e-10 3.3061e-05 0.946219 
1.18532e-07 7.85767e-06 0.0125088 0.0216786 0.00813521 0.0184093 0.00040263 0.000531475 0.304531 0.00122417 0.0196686 0.000497571 1.20072e-05 0.000609776 0.0293232 4.77887e-07 1.79215e-07 0.00125035 0.0201186 0.00286121 0.0229153 0.0145778 0.520735 
1.34704e-07 2.76643e-05 0.0978104 0.0662135 0.0688898 0.128057 0.0120794 0.000383666 0.0106641 4.75682e-07 0.0920487 2.54249e-07 3.36675e-08 0.00266197 0.117377 1.74776e-11 1.65906e-07 0.000590478 0.000278467 0.0223986 0.0157552 0.0726302 0.292133 
2.99324e-08 9.99005e-06 0.00596518 0.001828 0.0131863 0.00530912 0.000305901 0.00994275 0.150255 2.4707e-06 0.0124129 0.00305019 1.89363e-06 0.00369077 0.0105021 7.35785e-06 0.000166201 0.00214912 7.40568e-06 0.00823533 7.71603e-05 0.0281358 0.744759 
1.73471e-07 3.81334e-08 4.34482e-07 0.000945675 2.68482e-07 0.00443805 5.22232e-05 2.30252e-09 0.0522094 7.07175e-08 1.38811e-06 9.66498e-07 1.49084e-09 6.56088e-10 1.08807e-06 1.29995e-09 2.18249e-07 2.01558e-06 5.1931e-07 0.000858629 2.58615e-10 3.82104e-07 0.941488 
1.63547e-05 3.85396e-06 0.00942307 0.00851792 0.00186564 0.0180088 2.16023e-05 6.49029e-06 0.0451015 0.00593052 0.0385223 0.00261486 1.93406e-05 6.03006e-06 0.0254305 1.55075e-06 3.55283e-06 0.0095599 0.000512858 0.00107127 0.0228996 0.0125588 0.797904 
5.89049e-07 5.89513e-07 5.89638e-07 0.0919266 0.0254683 0.0757659 0.00966813 0.00111802 5.89578e-07 5.88751e-07 0.027828 0.0025317 0.00041267 0.00359509 0.0253559 5.94706e-05 5.88462e-07 5.8935e-07 0.00654513 0.0020639 0.0190427 0.145108 0.563507 
2.24416e-06 1.75847e-05 2.63778e-07 2.30433e-07 0.000315247 3.42035e-07 7.83216e-07 5.35251e-06 0.0418408 3.24651e-06 5.14686e-07 3.64603e-06 3.46564e-06 1.52516e-06 1.98094e-07 3.02189e-06 4.22341e-06 1.22368e-06 3.9573e-07 6.70411e-07 6.01184e-07 3.03204e-07 0.957794 
0.000314015 2.28418e-05 0.0102261 0.0115898 0.0143768 0.0126606 0.00517376 7.84579e-05 0.266956 0.000280914 0.0168818 0.00850639 2.02633e-05 0.00257971 0.0384536 4.57997e-06 0.000288869 0.00748151 0.00570463 0.00605034 0.00709511 0.10171 0.483545 
1.57732e-05 1.14838e-08 2.60589e-07 0.000172746 0.00194901 0.00640929 0.000541305 8.27356e-10 0.480942 2.13464e-08 0.00195738 2.2268e-07 1.50389e-08 1.65891e-07 0.000565134 4.67104e-10 0.000126325 0.000439658 2.75607e-06 0.00187865 0.00048767 0.00230234 0.502209 
0.000210964 5.48798e-06 0.0116684 0.00834838 0.0178239 0.043047 0.000151152 0.000722296 0.182398 6.49013e-05 0.0146541 0.00395388 1.47305e-05 0.000474236 0.0175879 1.48294e-06 5.38415e-05 0.00447671 0.000451981 0.00685163 0.00526815 0.0280953 0.653676 
0.000760372 3.10791e-06 0.00711359 0.00556192 0.00347537 0.0154751 0.00051685 6.28351e-05 0.364147 0.00122514 0.0114485 0.000103558 5.5324e-05 0.000250861 0.0128806 7.24799e-08 3.37794e-05 0.000652572 0.00109645 0.00149675 0.00435736 0.0140299 0.555253 
0.000128074 5.25148e-05 0.00315712 0.0090385 0.00576754 0.0576115 0.000351289 9.89958e-06 0.185822 0.00028426 0.129356 0.000130151 0.000143974 0.000193014 0.0171327 2.14176e-05 0.00296555 0.0177624 0.00252765 0.000816321 0.0114332 0.0917494 0.463546 
3.54586e-09 6.79048e-07 0.00106582 0.0186817 0.00209286 0.00528098 1.6649e-05 5.90286e-06 0.0700813 2.67614e-05 0.0054345 5.76088e-09 1.32464e-05 0.000550371 7.27197e-06 1.34748e-05 6.67315e-09 8.97121e-06 6.25269e-10 0.0011637 0.00227446 0.0489607 0.844321 
6.00281e-05 2.32662e-06 0.00513989 0.00281521 0.00795092 0.0156745 0.000409389 3.80587e-06 0.2551 2.06489e-05 0.0138967 4.97766e-05 1.83578e-06 3.89754e-05 0.0217911 8.48738e-06 6.55988e-06 0.00441953 0.0484377 0.000912389 0.0120768 0.0827069 0.528476 
0.000247328 0.000186778 0.00639421 0.00274365 0.0149859 0.0782907 2.48705e-05 2.01866e-05 0.221433 1.76431e-08 0.00437603 1.2444e-05 0.000160113 4.59798e-05 0.0163911 3.03084e-05 1.16749e-05 0.000656237 0.00330883 0.00676643 0.00413763 0.0550974 0.58468 
3.76364e-09 1.34684e-06 5.41371e-05 0.00538089 0.00422088 0.0239119 0.000618947 5.39769e-06 0.332713 2.6372e-06 0.0251228 6.1147e-09 4.72336e-06 0.000283864 0.0104981 5.28257e-05 4.86648e-06 0.00118886 0.000151282 0.0138545 0.00470555 0.0562589 0.520965 
0.0146137 0.00018141 0.000287004 0.00648696 0.0299081 0.0727862 0.000918423 0.000490643 2.44794e-05 1.05608e-06 0.0299959 1.18604e-06 0.000194801 0.000382886 0.0110707 9.68307e-05 0.000167226 0.000521594 0.015365 0.00118046 0.0139845 0.00973834 0.791603 
0.000453054 0.134036 0.0302905 0.0582259 0.00377965 0.00973441 0.00732246 0.000636642 0.00182353 0.00288305 0.0463765 0.00242844 0.286661 0.000555447 0.00491932 0.00041215 2.77578e-05 0.0059996 0.000108435 0.00318134 0.0559689 0.0178997 0.326277 
6.70099e-08 1.15585e-06 1.94538e-06 0.0885717 0.00346409 0.0091964 0.0115128 0.00264378 0.0135945 6.22941e-05 0.0151905 1.08869e-07 6.91094e-07 0.000162476 7.56364e-06 9.02327e-08 8.12116e-06 0.0026918 0.000748278 0.00224418 0.0273944 0.000883279 0.82162 
0.00094701 1.59621e-07 0.0043944 0.0977555 0.00169353 0.00344673 1.83417e-07 1.25347e-06 0.0212004 7.6028e-07 0.00430277 0.00208778 8.11597e-07 3.57168e-07 0.00351797 7.07678e-07 0.002482 0.0108013 9.26736e-08 0.00931065 5.44733e-05 0.000178185 0.837823 
0.00245883 2.6415e-05 0.0140155 0.0116299 0.00502293 0.0274226 0.00331649 4.87474e-05 0.142643 0.00570824 0.0213847 0.00230613 2.92571e-05 0.000906607 0.0654154 4.60628e-05 0.0013121 0.010305 0.00309188 0.0241654 0.0180181 0.0244636 0.616263 
9.15613e-05 2.32325e-06 0.0031519 0.00562546 0.00158475 0.000891676 9.55892e-05 2.86119e-06 0.221046 1.58919e-08 0.0124027 7.43346e-05 3.00048e-08 2.89454e-05 0.00934552 1.91051e-06 1.4201e-07 0.00100243 1.28954e-08 0.000445938 0.000159505 0.000687056 0.743359 
2.28541e-07 0.000333255 0.00110946 0.00360219 0.00164385 0.00155355 0.00118055 5.4509e-07 0.00396003 3.30619e-07 0.00822392 0.00371344 3.52935e-07 0.000108879 0.00680659 3.07744e-07 4.30104e-07 1.24617e-07 0.0376326 6.82735e-08 0.00390612 0.00406663 0.922157 
5.57439e-05 1.97621e-06 0.0133794 0.00279736 0.00539904 0.0501845 4.30839e-05 1.07905e-05 0.318958 0.000105393 0.00780101 0.000948606 1.38929e-05 0.0023003 0.0519563 4.2177e-06 3.37288e-05 0.0100833 0.000460672 0.00033856 0.0284038 0.0503619 0.456358 
0.000693247 0.00608685 0.0184016 0.00964506 0.0153084 0.122322 0.00013319 0.000363481 0.0745225 0.00188513 0.022112 0.00322922 0.00116679 0.0088005 0.0263028 5.19498e-06 0.00157936 0.00991423 0.00590373 0.00214486 0.00169529 0.275544 0.392241 
2.66356e-06 0.00106055 0.00123325 0.00273449 0.0423667 0.293572 0.000611113 4.2605e-07 0.0447355 3.87478e-09 0.000595069 2.32337e-07 4.69228e-05 0.000124417 0.00248618 4.37778e-07 0.000437724 0.00542426 4.38453e-06 0.000134855 0.00701386 0.0993674 0.498048 
0.246409 4.51937e-07 0.00216282 0.00267279 0.000533597 0.199258 0.00147755 0.000631747 1.25415e-05 2.15259e-06 0.0196563 0.000162913 2.29789e-06 0.00136724 7.10355e-05 2.00366e-06 2.80032e-06 8.11356e-07 0.000204096 0.00023063 0.00689976 0.000965796 0.517274 
0.000141556 4.25082e-06 0.0182518 0.00683378 0.011685 0.0505476 0.00261805 0.000295762 0.181667 0.000985916 0.0175687 0.000336433 5.04227e-06 4.03629e-05 0.0442988 5.25216e-07 1.53379e-06 0.017143 0.00144869 0.00508758 0.0182218 0.0415763 0.58124 
2.8896e-07 5.56745e-06 0.00570137 0.00325875 0.00555748 0.0157436 0.00011846 9.20537e-06 0.231113 1.47253e-06 0.00519454 2.12075e-05 4.31024e-06 1.01657e-05 0.027254 7.91395e-06 3.87259e-07 0.00172146 0.103856 0.000751458 0.00202196 0.135114 0.462533 
