0.00229028 9.15128e-05 0.0301088 0.407952 0.0201405 0.0125764 0.283238 0.000162858 0.00731426 0.000120381 0.00746929 0.00157284 0.000152683 0.00184924 0.0418907 1.65136e-06 0.000320171 0.029724 0.0944767 0.01126 0.0385687 0.00619495 0.002524 
0.000334613 0.000225718 0.111995 0.263462 0.00496689 0.0390585 0.0485083 0.000247043 0.00700374 0.000221249 0.157287 0.0231584 2.25865e-05 0.00175809 0.107191 1.50713e-05 0.0230411 0.00162739 0.0912013 0.0012686 0.0307044 0.0867017 3.54147e-11 
0.00134095 5.14197e-05 0.0682492 0.271727 0.00279047 0.0111899 0.0310493 7.35019e-05 0.0142639 1.10507e-06 0.0131724 2.65617e-05 0.000172889 0.000459237 0.0782065 1.29665e-06 0.000212083 0.00117652 0.113211 0.242165 0.144848 0.00535933 0.000250838 
0.000474768 4.30435e-05 0.106832 0.393402 0.00462565 0.0587861 0.0382424 1.87757e-05 0.00923083 0.00123536 0.0212368 0.000397409 3.55532e-05 0.00509605 0.182583 5.68966e-05 0.0537551 0.0242679 0.00990253 0.0705857 0.00580033 0.0133894 1.95193e-06 
0.000286958 9.43012e-07 0.0346811 0.720112 0.0998229 0.0132552 0.0198271 0.000978339 0.00823761 0.000110927 0.00771124 0.0227 7.47714e-05 0.000138678 0.00577053 9.65121e-05 3.1531e-07 0.000671356 0.000230248 0.0225602 0.018322 0.0244108 1.60225e-08 
0.0169168 0.0072358 0.0690497 0.208439 0.0195913 0.0289007 0.115847 0.000325408 0.0132005 0.000518588 0.0992931 0.0126946 0.00200822 0.00173895 0.090498 3.45621e-05 0.00227496 0.0245096 0.0916494 0.0498972 0.11115 0.025004 0.00922288 
0.00010142 0.000134015 0.0260546 0.891914 0.00135683 0.00231699 0.0514367 0.000111579 0.000753714 2.32094e-05 0.00613251 7.25301e-09 3.41052e-10 5.25571e-05 0.00820474 2.35725e-07 4.08614e-09 0.000823497 0.00220832 0.000703546 0.00329068 0.00437913 1.39827e-06 
0.00102046 9.25229e-09 0.079416 0.232659 0.00174129 0.195057 0.0368242 0.000297566 0.00418743 6.07787e-05 0.00484041 7.19919e-08 0.00425574 3.09546e-05 0.174751 1.16878e-05 1.04479e-05 0.0602915 0.126594 0.0120889 0.0523545 0.0135063 5.37473e-08 
0.0029464 7.25965e-08 0.111521 0.466971 0.0134894 0.0032679 0.00614527 0.000665095 0.0115722 3.47161e-08 0.000719983 2.30533e-05 0.00440607 1.41716e-05 0.109503 3.23142e-08 4.08993e-06 0.00462364 0.00341903 0.141499 0.0657243 0.0534849 2.98654e-08 
1.66113e-05 4.86531e-06 0.0184435 0.387875 0.0263829 0.0637106 0.0157474 0.000594945 0.00357808 0.000118004 0.166463 6.65625e-07 0.000829942 4.5586e-05 0.0800085 3.59084e-05 0.00048085 8.9865e-05 0.000211285 0.0053475 0.120939 0.109076 5.09875e-07 
0.00109642 9.028e-05 0.0613049 0.557304 0.0985947 0.00412126 0.0368235 0.000192029 0.00303665 0.00206807 0.0175677 0.000178531 0.000333596 0.0351309 0.0645327 0.000157129 0.00389957 0.0132857 0.0630268 0.00423484 0.0101779 0.0228377 4.99828e-06 
0.000792541 0.000478483 0.0676545 0.341287 0.00495902 0.0366599 0.0227655 0.132186 0.000291404 0.0208774 0.0856139 5.48204e-11 2.20562e-08 0.023782 0.129576 1.2081e-07 3.79657e-05 3.70705e-07 0.0484894 0.00352639 0.0620554 0.0189667 1.59385e-08 
5.61598e-05 0.000182474 0.0357063 0.301412 0.0503 0.00633157 0.0394341 0.0428739 1.57268e-05 0.00336194 0.174193 7.23224e-06 2.50354e-06 0.000398145 0.0244365 0.000178088 0.00029371 0.0607368 0.0018196 0.00639307 0.248138 0.00368826 4.14636e-05 
2.41822e-06 2.42012e-06 2.42064e-06 0.596698 0.00508483 0.088594 0.0517906 2.41443e-06 0.0367924 2.417e-06 0.0150084 2.41651e-06 2.41673e-06 2.41911e-06 0.0578577 2.41728e-06 2.41581e-06 2.41946e-06 0.0476857 2.42014e-06 0.0179121 0.0825446 2.41756e-06 
0.00108874 0.000256042 0.0330346 0.435506 0.0112873 0.0213571 0.0408969 0.00151917 0.00625101 0.00729557 0.095271 0.000930878 0.000298136 0.0257924 0.0738742 2.69393e-05 0.00271325 0.00449768 0.095525 0.0205403 0.0708124 0.0472933 0.00393233 
3.18863e-07 0.000616675 0.145781 0.238426 0.0142999 0.237221 0.00941758 5.55912e-05 0.00244898 8.70228e-07 0.105291 3.04989e-06 1.87456e-09 0.000320983 0.109614 1.47454e-06 2.28443e-09 0.000169064 0.000597256 0.00554496 0.012657 0.117533 3.55999e-08 
0.000927947 2.9612e-05 0.064768 0.449003 0.00345765 0.0579781 0.0339054 0.000134182 0.00262907 0.00161346 0.0232468 0.000168476 0.00686239 0.00519011 0.0619764 1.56082e-05 0.000137599 0.00738896 0.0886949 0.00897699 0.146919 0.0359766 6.51285e-08 
4.53552e-06 2.49463e-10 0.000559197 0.924909 0.00848544 0.0409208 0.00505543 7.98502e-06 0.00656381 1.87121e-05 0.000678383 1.11213e-05 2.37188e-11 4.30231e-07 0.00193708 5.92913e-07 2.89049e-11 0.000563176 4.68222e-05 0.000803735 0.00159487 0.00783882 1.91145e-11 
1.31584e-09 5.1281e-06 0.196183 0.430736 0.00077333 0.00251625 0.104255 5.3795e-07 0.00516557 1.90355e-09 0.00630225 2.13781e-09 2.03204e-09 4.29357e-05 0.072211 1.77185e-09 0.000117261 0.131533 0.00408855 9.1531e-05 0.0333693 0.0126096 1.63758e-09 
0.00369239 0.000653212 0.0370543 0.254135 0.0104761 0.0345534 0.0390506 0.000775583 0.0226963 0.00258264 0.189282 0.00369662 0.00318742 0.00945462 0.107474 0.000120691 0.00122364 0.00465219 0.0687335 0.0095962 0.148709 0.0478667 0.000334123 
0.0548767 0.024785 0.198774 0.245952 0.0547318 0.11996 0.0297328 0.000197672 0.00969853 6.16004e-08 0.0547568 0.0413934 0.00198166 0.000562499 0.0223441 1.04025e-05 9.63427e-06 0.010693 0.0415367 0.0086803 0.0557147 0.0236083 5.69392e-10 
0.000753412 0.000112995 0.0234615 0.614014 0.00486181 0.0091347 0.0701083 0.12595 5.00462e-05 2.1779e-05 0.0221872 8.00649e-11 0.00116513 0.00572635 0.0711915 5.47071e-05 2.27597e-05 0.00154069 0.00109866 0.0316953 0.0117188 0.00512522 4.7658e-06 
0.000945012 2.02324e-06 0.0394331 0.709506 0.00152757 0.0119114 0.0462954 0.000855716 0.0100142 0.00439426 0.0221199 0.000488377 2.27134e-05 0.000148414 0.101676 3.00674e-07 6.41352e-06 0.00240703 0.0155273 0.00228714 0.0223804 0.00803289 1.7781e-05 
3.54148e-11 7.11005e-07 2.61082e-06 0.493719 0.327671 0.0551276 0.0301028 3.12614e-07 0.0107735 8.45394e-07 3.9356e-05 0.00441798 4.92766e-08 3.12913e-07 0.00039585 4.76881e-11 6.66491e-11 5.17547e-07 0.00159753 0.0249415 0.0456398 0.0055682 4.40743e-11 
1.52655e-05 1.89873e-05 0.0816067 0.267693 0.0153791 0.0721641 0.0487793 0.0187261 0.0932926 0.0415711 0.0261676 0.011936 0.0014197 0.00024948 0.120665 3.08062e-06 5.48901e-06 0.00799793 0.0210675 0.0140762 0.0981735 0.0589917 8.17333e-07 
0.0019925 4.71567e-06 0.07638 0.256062 0.00322093 0.00537993 0.239685 1.44656e-05 0.0169697 3.09405e-05 0.00324333 2.19572e-05 4.50825e-05 2.0461e-05 0.0381509 2.08043e-07 2.05817e-06 0.0312663 0.172508 0.0376183 0.112406 0.00497722 6.82653e-10 
0.00235083 0.000236994 0.0511667 0.266272 0.013804 0.0232297 0.0632295 0.000507043 0.0459909 0.00414927 0.0644104 0.00273781 0.000413601 0.00718306 0.0848398 0.000332684 0.00125851 0.0110304 0.0844262 0.0205599 0.210788 0.0400835 0.000998764 
0.000294965 0.00034271 0.0579494 0.648208 0.00254194 0.00559924 0.137311 0.000145938 0.00267989 0.00095684 0.0215233 9.38464e-05 2.04484e-07 0.00478011 0.0507145 1.08458e-05 5.3574e-05 0.00024067 0.0241014 0.00380928 0.0118746 0.0267243 4.43528e-05 
0.0146423 8.92346e-06 0.0079477 0.649566 0.00135275 0.0265741 0.0012336 0.000120294 0.00172563 0.0203626 0.184864 5.7134e-08 1.07809e-09 1.07947e-05 0.0301308 1.27556e-05 1.10184e-06 0.00860353 0.0482703 0.00277762 0.00107177 0.000723552 8.6881e-10 
5.9436e-05 0.000130934 0.0300851 0.814274 0.000713199 0.00710551 0.0138167 2.95207e-06 0.000502185 0.000306618 0.0169087 0.000773909 7.35132e-09 0.0347849 0.0183104 7.07081e-08 1.51953e-06 0.0085279 0.00476125 0.00671569 0.0388892 0.00333025 2.45878e-08 
0.0283675 0.00026827 0.0116077 0.179239 0.0834149 0.0628563 0.0218014 0.000267983 0.0229871 0.0546779 0.113417 0.0016268 6.83491e-06 0.00153353 0.159931 9.82795e-06 0.00681915 0.0693662 0.0602436 0.00327956 0.0484911 0.0692447 0.00054321 
0.0060977 0.00264494 0.0527635 0.320446 0.00763479 0.00795408 0.0519951 0.000250711 0.0246083 0.000325575 0.0190638 0.000130617 0.00403759 0.000943379 0.0498969 4.26438e-05 3.57223e-05 0.00190015 0.223312 0.0968166 0.120185 0.00888986 2.49142e-05 
1.67919e-07 0.00017803 0.132674 0.471984 0.0220213 0.0240523 0.0700773 3.83312e-11 0.000726352 5.07865e-07 0.00782936 0.000151368 1.52963e-07 0.00885079 0.0252561 8.12487e-09 9.91354e-05 8.02309e-05 0.121723 0.0100815 0.0995285 0.00468664 2.00009e-11 
0.00983735 0.0121574 0.10789 0.261142 0.00344183 0.0280049 0.0116167 2.67365e-05 0.159882 2.20227e-05 0.0352887 0.000412775 0.00120847 0.0058224 0.162561 6.43686e-07 0.000601371 0.000752166 0.0452664 0.0447137 0.0354198 0.0739318 2.65722e-07 
5.85234e-07 4.46425e-05 0.108865 0.441117 0.0332744 0.116671 0.000732622 0.000611873 0.000938714 0.00140304 0.00698577 1.1394e-10 1.08303e-10 0.116449 0.0344725 2.62506e-08 1.31983e-10 0.0589564 1.06511e-07 0.00540282 0.0555366 0.0185376 8.72791e-11 
0.00412194 2.5297e-05 0.0133652 0.342717 0.0339883 0.101816 0.00934853 5.39e-08 0.000586356 3.21671e-09 0.00446853 0.000435964 1.4464e-05 0.00205144 0.0149991 1.91176e-11 2.49531e-09 0.00039762 0.259536 0.00661564 0.0613706 0.144142 1.76689e-11 
0.000365881 1.36075e-06 0.0744734 0.406664 0.0135928 0.0817604 0.0197825 0.000271165 0.00538687 2.2773e-05 0.0255481 0.0320241 0.00161079 0.00112744 0.133922 6.07423e-06 6.48044e-06 0.00869991 0.0141744 0.00578054 0.0574656 0.117283 3.08223e-05 
0.100183 6.9126e-06 0.194755 0.444927 0.00981602 0.0445094 0.000403027 0.0001277 0.00344343 0.000136546 0.00591872 1.34866e-06 0.00087169 0.00672793 0.0787317 4.12791e-07 0.000937915 0.0267714 0.00183905 0.0231188 0.00696093 0.0498119 4.0714e-07 
0.00055922 2.25174e-05 0.0486985 0.464887 0.0113069 0.0172503 0.0756864 0.000346814 0.0103095 0.000231163 0.00496664 2.84663e-05 1.76493e-06 0.00149991 0.0428768 3.09721e-07 0.000113308 0.00101754 0.273552 0.0160837 0.0235749 0.0064342 0.000552554 
0.00010142 0.000134015 0.0260546 0.891914 0.00135683 0.00231699 0.0514367 0.000111579 0.000753714 2.32094e-05 0.00613251 7.25301e-09 3.41052e-10 5.25571e-05 0.00820474 2.35725e-07 4.08614e-09 0.000823497 0.00220832 0.000703546 0.00329068 0.00437913 1.39827e-06 
1.48561e-05 2.24661e-05 0.0834949 0.492042 0.00229937 0.0091253 0.0734977 0.00111686 0.0118162 8.40763e-05 0.00625141 0.000650163 0.000526639 0.000308289 0.0248608 6.91848e-07 2.03727e-05 0.00523606 0.202137 0.00399695 0.0758119 0.00668412 1.66861e-06 
0.000168933 1.51331e-05 0.0908715 0.409615 0.0232352 0.0435344 0.171921 1.9205e-05 0.0156914 2.77328e-08 0.0386858 2.30879e-06 0.0020343 0.00476775 0.011749 1.31592e-07 0.000755515 0.0163722 0.00660508 0.00119814 0.131141 0.0254534 0.00616334 
1.27406e-05 1.27506e-05 1.27533e-05 0.564994 0.107121 0.145394 1.275e-05 1.27206e-05 1.2752e-05 0.0713241 0.00128792 1.27316e-05 0.00637912 1.27453e-05 1.27538e-05 1.27356e-05 1.27279e-05 1.27471e-05 1.27525e-05 0.0357148 0.0675939 1.27531e-05 1.27371e-05 
1.6981e-06 0.000217346 0.105051 0.26314 3.89556e-05 0.133849 0.00638575 4.83715e-06 0.168705 0.00113218 0.0526045 7.44833e-05 0.00660329 9.07176e-05 0.0607654 1.81051e-06 0.000358496 6.88289e-06 0.00158962 0.0555176 0.0248511 0.119009 8.95975e-07 
2.27155e-06 7.74933e-08 0.00261591 0.844816 3.37767e-05 0.00532943 0.00720718 3.75231e-07 0.000963084 0.000163964 0.0510665 7.14186e-10 7.1498e-08 0.000136272 0.0221139 3.25309e-06 5.9877e-08 2.39694e-10 0.0177455 0.0296779 0.0142442 0.0038786 1.87714e-06 
0.000347805 4.73558e-05 0.0654601 0.653987 0.00144022 0.00202408 0.052466 0.000132138 0.0162011 2.26165e-06 0.0111797 7.96695e-06 7.91839e-05 6.07705e-05 0.0047539 2.84423e-07 3.33621e-05 0.0221367 0.0138192 0.000853941 0.15434 0.00062508 1.78619e-06 
0.000335307 8.77668e-08 0.153408 0.307161 0.00102525 0.13009 0.13542 0.000805633 0.000653799 4.64743e-07 0.0713952 0.00211725 1.70035e-10 1.4805e-05 0.0945603 1.53331e-08 2.38551e-07 0.00048269 0.04011 0.000186607 0.0602669 0.00196577 6.04713e-08 
8.47785e-08 5.81861e-07 0.00117253 0.938352 0.0149031 0.000684155 0.00145407 0.00536802 0.000556357 6.80005e-07 0.000553598 6.25061e-10 5.42264e-05 2.73958e-06 1.48459e-06 4.74568e-08 7.24043e-10 1.61058e-07 0.000832389 0.0241789 0.0118823 2.50533e-06 4.78802e-10 
0.000424782 0.00144938 0.136872 0.15808 0.0185589 0.0910842 0.0107289 6.47709e-05 0.00289684 2.32583e-09 0.101475 0.0272986 4.78483e-05 0.000174283 0.0868395 7.07605e-07 0.00241949 0.00160178 0.0282272 0.130868 0.106364 0.0945229 1.6075e-07 
1.32724e-05 1.04146e-05 0.0409991 0.498106 0.00233976 0.0206899 0.115378 0.0126303 0.00636205 3.1662e-05 0.0384963 0.0053324 0.000159824 8.23392e-06 0.0399213 1.86877e-05 6.97028e-05 0.0224823 0.0245334 0.00964879 0.161015 0.00174583 7.24308e-06 
0.00551398 2.78372e-05 0.0595086 0.64375 0.00583953 0.017892 0.0445552 0.000306822 0.00511078 0.000104663 0.0654072 0.00776967 8.812e-05 0.00177415 0.0212086 1.08077e-06 2.06446e-05 0.000298076 0.0545328 0.0124479 0.0408261 0.00814013 0.00487583 
0.00092194 1.08156e-08 0.0249559 0.713447 0.0488655 0.0242167 0.0431506 2.91761e-05 0.00373504 7.35735e-06 0.00248614 0.00068625 7.67529e-06 0.000100554 0.0437019 2.03853e-06 0.000130405 0.0336919 0.0209469 0.0100304 0.0224049 0.00576816 0.000713102 
4.31615e-06 2.39252e-05 0.042896 0.630517 0.0604227 0.110676 0.0038798 0.00011998 0.0233907 2.59686e-05 0.00226174 0.000407971 0.00949014 0.0035001 0.0286333 9.96893e-08 4.07115e-06 0.00273648 0.0129086 0.00262742 0.0291062 0.0363614 5.89107e-06 
0.00117022 4.30497e-05 0.0470241 0.686237 0.00562578 0.00844206 0.0745934 0.00586147 0.0171628 4.07795e-06 0.0323963 0.000150398 0.00106198 0.00216865 0.0157219 4.1185e-07 1.6408e-05 0.000448699 0.0545256 0.00338291 0.0377738 0.00618858 7.59643e-07 
1.44174e-07 5.60565e-08 1.06214e-06 0.422983 1.51068e-06 0.0587992 1.8231e-06 4.1288e-10 8.17576e-07 0.000835773 0.179617 7.65305e-06 2.67331e-10 0.00642115 0.025385 2.33102e-10 9.46181e-07 1.68897e-06 8.43444e-06 2.05366e-07 0.305124 0.000805839 4.27684e-06 
0.000765022 2.24743e-05 0.0480541 0.837538 0.000165102 0.00127616 0.0777547 0.000389032 0.000286729 1.60759e-06 0.00171764 2.39102e-11 2.27273e-11 0.00199787 0.000509066 1.85509e-06 0.000532602 0.000263437 0.00173549 0.000460117 0.0262411 0.00028809 1.83155e-11 
9.47378e-05 3.58122e-05 0.188812 0.368807 0.000936991 0.0349069 0.00818223 2.30872e-05 0.331746 4.04333e-06 0.00776095 0.000510207 0.000190555 0.0019971 0.0192318 3.79397e-07 4.31868e-06 0.00292864 0.00046598 0.00355554 0.00790361 0.0219013 9.3169e-09 
0.0003371 1.98597e-05 0.112583 0.604981 0.00868818 0.0441376 0.0258849 1.14306e-05 0.0176872 1.50144e-05 0.0447726 7.42019e-06 1.20247e-06 0.000986391 0.058459 1.50817e-06 6.40255e-05 0.000607428 0.0496668 0.00754627 0.0204029 0.00313761 1.20769e-06 
0.00101674 8.09716e-05 0.044936 0.393779 0.0531571 0.0556686 0.0441322 6.52316e-05 0.0178467 0.000127786 0.0555477 0.000509976 0.00059137 0.016103 0.0338345 8.91674e-07 1.49281e-05 0.00867935 0.144488 0.0145252 0.0903995 0.0244691 2.63001e-05 
0.000954014 4.85008e-05 0.0396393 0.487932 0.0105652 0.0195949 0.140102 0.000342862 0.0189763 0.00020046 0.0124803 0.00386048 0.00256097 0.0016767 0.0248041 1.25783e-06 3.89903e-05 0.00210862 0.160709 0.0036795 0.0614988 0.00811589 0.000109471 
1.88651e-05 1.26148e-07 0.00755141 0.569595 0.0692828 0.104733 0.00272691 6.04621e-07 0.000226838 0.000283782 0.000750737 5.90116e-07 0.000356038 2.1183e-05 0.00233069 1.54495e-09 7.62424e-06 0.00344348 0.123245 0.0023399 0.101819 0.0112662 1.35058e-06 
0.000227128 4.54623e-05 0.251599 0.264611 0.00327697 0.0042909 0.120258 3.44522e-05 0.0108462 0.000463905 0.0624661 8.59686e-05 3.39933e-05 0.000479793 0.0695521 0.000249927 0.00645384 0.0371712 0.0607723 0.00975346 0.0926385 0.00468984 7.30475e-07 
3.54148e-11 7.11005e-07 2.61082e-06 0.493719 0.327671 0.0551276 0.0301028 3.12614e-07 0.0107735 8.45394e-07 3.9356e-05 0.00441798 4.92766e-08 3.12913e-07 0.00039585 4.76881e-11 6.66491e-11 5.17547e-07 0.00159753 0.0249415 0.0456398 0.0055682 4.40743e-11 
0.00136341 2.79084e-05 0.0319416 0.726393 0.015204 0.0185528 0.034026 0.00110637 0.00316534 0.000195152 0.019705 0.00623444 0.00273115 0.00269754 0.0489233 1.75024e-06 3.09656e-05 0.00305314 0.0458954 0.0139227 0.013902 0.0109239 2.79077e-06 
0.000284444 3.26061e-05 1.66836e-06 0.542302 3.31675e-07 1.01904e-07 0.265659 8.4406e-08 2.67813e-08 8.12848e-08 0.0324408 3.00398e-08 7.44218e-05 0.000221644 0.00887192 4.12722e-07 9.69634e-05 7.87587e-13 0.13628 0.00135506 0.012317 6.16555e-05 1.79757e-12 
0.00161136 1.08768e-07 0.0984537 0.168727 0.101541 0.0331967 0.0281069 0.000101712 0.00327463 0.00582652 0.0812197 0.0196383 0.000456513 0.0861847 0.104402 6.50697e-11 2.23491e-07 0.0990589 0.0200962 0.00811612 0.0142391 0.125749 6.01388e-11 
0.00738065 0.0005073 0.0710911 0.18676 0.0271184 0.0502617 0.133937 5.80026e-05 0.0177921 1.67199e-05 0.0073273 6.00702e-06 5.41247e-08 0.000414366 0.111522 8.8383e-05 0.13587 0.00147554 0.121648 0.00124395 0.0545737 0.0707997 0.000107644 
0.00106361 0.0618516 0.0237562 0.42216 0.00768008 0.0087107 0.129573 0.00142152 0.00233726 0.000358436 0.0140995 0.000125615 4.41537e-06 0.00720422 0.0485657 5.92068e-06 8.03903e-06 0.00832582 0.00857345 0.00574726 0.118443 0.12998 4.81025e-06 
0.000350441 3.32764e-06 0.00101382 0.822177 0.000660906 0.00303127 0.0309939 1.60607e-07 2.71466e-05 3.75871e-05 0.00613535 5.7732e-08 4.94185e-08 9.95517e-05 0.00229553 8.68388e-09 2.38631e-07 1.17996e-07 0.127335 0.000571229 0.00402628 0.0012405 9.21669e-10 
5.83845e-11 1.77328e-11 6.39204e-10 0.565119 1.63397e-11 0.010169 0.207611 0.000934347 0.000159259 8.44618e-11 0.00760056 8.59494e-08 1.99482e-07 8.18866e-07 1.11489e-07 7.86181e-11 1.09877e-10 1.24704e-07 0.1541 1.92874e-07 0.0539178 0.000387159 7.26605e-11 
0.0243814 2.33706e-05 0.0018603 0.41433 0.00586552 0.00312772 0.011056 4.23686e-05 0.000385304 4.73671e-08 0.0575175 4.56563e-08 0.000150669 0.00175088 0.0266729 1.72454e-05 0.00143913 0.000218194 0.374219 0.00208128 0.0367535 0.0381016 6.01009e-06 
4.21818e-08 0.000110531 0.0396671 0.239018 0.00238879 0.140328 0.00620054 2.3121e-05 0.00725177 1.25788e-10 0.224036 1.41268e-10 8.35371e-06 0.0676769 0.15311 3.29357e-06 0.00093273 0.00546174 0.0132587 5.45791e-07 0.0773837 0.0230795 6.1087e-05 
0.00476597 0.00101932 0.0334706 0.238431 0.0358603 0.118002 0.00265345 5.96535e-05 0.0416674 9.51957e-07 0.214015 0.0020396 0.000120192 0.0437994 0.0638828 1.68997e-05 2.11314e-06 0.000286125 0.00206305 0.12577 5.38532e-05 0.0720199 7.3639e-07 
0.000289814 6.26733e-07 0.00531777 0.908139 0.000149898 0.0157595 0.0179671 1.77626e-05 0.0017345 1.44744e-05 0.00396464 1.59088e-07 0.00107212 0.00280927 0.00405313 8.79055e-06 0.002069 0.00080184 0.00692215 0.00358785 0.0206646 0.00465629 9.80174e-08 
1.90184e-07 5.19021e-05 0.0129108 0.471486 0.00269901 0.00262673 0.019852 0.00227897 0.00249092 1.16164e-05 4.07476e-05 9.9458e-07 9.35251e-05 0.000234011 0.0186088 2.435e-06 1.20253e-06 3.26299e-05 0.31202 0.0138799 0.134063 0.00661469 9.91169e-09 
0.000399404 1.05081e-06 0.0195319 0.828802 0.0175522 0.0129743 0.027172 3.99412e-05 0.000718581 0.000638878 0.0111657 0.000264705 0.00190828 0.000921963 0.0170306 6.2396e-06 0.00341218 0.00111273 0.0206199 0.00403638 0.0265908 0.00510053 1.47702e-07 
0.000376787 1.10494e-07 0.00396589 0.864737 0.00249241 1.4823e-07 0.0541414 6.0555e-06 1.00895e-07 1.29056e-07 0.00237617 5.6614e-12 7.74961e-08 0.0198237 0.00408884 2.67688e-05 1.95432e-07 1.90007e-12 0.00859245 4.45676e-06 0.0298024 0.00956484 4.33668e-12 
9.79319e-05 4.29595e-05 0.0828034 0.243519 0.000670571 0.00244821 0.151407 0.000343807 0.0940065 0.000310564 0.119046 0.000125931 0.000160046 0.00729897 0.146184 0.000443065 0.00533296 0.00403717 0.0116598 0.0804644 0.0331149 0.0164634 2.08493e-05 
0.0035279 2.45428e-09 0.130502 0.435101 0.0464227 0.145141 0.000121279 0.00132482 1.66288e-09 0.0683378 0.112391 0.000127422 1.11128e-05 3.57344e-05 0.00342742 8.69116e-05 3.52159e-07 0.00215292 1.42492e-09 2.41397e-09 0.00933663 0.041951 1.18007e-06 
0.00232355 0.000382641 0.0479509 0.334646 0.0136139 0.0248584 0.239329 0.000451903 0.00893488 0.00223673 0.0352799 0.00377506 0.001269 0.00410461 0.0389131 2.28476e-05 0.000851984 0.027278 0.0888805 0.0274995 0.0733219 0.0237778 0.000298028 
1.91264e-05 0.000515259 0.0959263 0.225451 0.062145 0.0348588 0.0788894 0.00106105 0.0106742 5.95944e-05 0.195115 0.0011028 0.000102475 0.0200149 0.102162 5.24418e-07 0.00113039 0.0169518 0.00303692 0.0188976 0.039856 0.0920297 1.08552e-09 
0.00528067 0.00123052 0.0630026 0.365593 0.0156658 0.0405539 0.117455 8.09172e-05 0.0480283 0.000746501 0.0263621 0.00268403 0.000177358 0.0163459 0.0512654 1.29489e-05 0.000303061 0.00671498 0.158679 0.0339283 0.027499 0.0181347 0.000255706 
5.64809e-05 8.6303e-05 0.0714726 0.674712 0.00488655 0.0220074 0.0482871 1.57909e-05 0.000894018 1.14483e-05 0.0238683 0.000147112 1.53445e-05 0.000142452 0.0118987 5.16691e-07 9.72266e-08 5.51292e-05 0.111544 0.00083826 0.0129207 0.0160843 5.55943e-05 
0.00308525 0.000753013 0.0306543 0.591383 0.017855 0.034275 0.0339402 0.0003217 0.0149633 0.00675532 0.0194125 0.00149572 0.00101609 0.0027926 0.039707 1.77126e-05 0.000751138 0.00785082 0.086452 0.0207641 0.0690023 0.0142365 0.00251585 
0.00101615 1.31574e-05 0.00426363 0.577741 0.00905785 0.0569105 0.100973 6.75557e-05 0.00454836 0.000294332 0.00555745 0.000885752 2.03317e-05 0.00266486 0.0212752 1.70478e-06 0.00324614 0.000731416 0.167631 0.00752221 0.00832221 0.0272566 3.25324e-07 
0.000769007 1.23952e-08 0.00334252 0.466825 0.0112975 0.178977 0.0418459 0.00233208 0.00489083 8.70207e-08 0.00314229 8.35565e-10 7.94224e-10 1.38792e-05 0.0597457 3.26779e-06 0.000213262 0.000277863 0.00355961 0.000404887 0.214861 0.007499 1.20784e-08 
4.65167e-06 1.9362e-10 0.00051905 0.930067 0.00616701 0.0401843 0.00341446 6.08787e-06 0.00654213 2.32291e-05 0.000721353 4.57653e-08 2.2169e-11 7.76578e-09 0.00182015 1.54825e-07 2.70163e-11 0.000473018 7.38686e-06 0.000872893 0.000938484 0.00823869 1.78656e-11 
0.00220231 0.000633464 0.0388414 0.645923 0.0135643 0.0261345 0.0510635 0.00521486 0.00916913 0.00415408 0.0237534 0.00422383 0.000489434 0.00248225 0.0412218 4.84615e-05 0.00126681 0.0175958 0.0216191 0.0130528 0.0646249 0.0126475 7.35682e-05 
0.00171266 0.000142167 0.0481626 0.449965 0.0141169 0.0277637 0.0428544 2.10976e-05 0.000723559 3.74537e-05 0.0814047 0.000141403 0.00297006 0.00776207 0.0591962 2.62841e-08 9.93775e-06 0.0164399 0.102578 0.00158903 0.134034 0.00746727 0.000908253 
0.00110593 7.45102e-05 0.0296297 0.277556 0.00193487 0.00965615 0.1789 1.30658e-05 0.00929845 4.37733e-06 0.210841 0.000401138 0.239761 0.000265269 0.00971386 3.38473e-06 6.12415e-05 4.86293e-05 0.00180237 0.0120535 0.00938081 0.00749433 2.05144e-07 
0.00066984 0.00459188 0.164117 0.501071 0.00525568 0.0274016 0.049959 0.00022434 0.00581588 0.000554245 0.0160387 0.000174979 5.35313e-05 0.000334965 0.0933002 4.80349e-06 4.00813e-05 0.0170187 0.0612299 0.0213707 0.020116 0.0106412 1.59319e-05 
0.00021719 6.33036e-06 0.129833 0.314464 0.0216737 0.0240788 0.0261752 0.000131941 0.0234842 0.000345819 0.00891097 0.00173146 8.10653e-05 4.77826e-05 0.00918306 3.22878e-06 6.90386e-05 0.269398 0.0228878 0.00362048 0.137724 0.00579385 0.000138217 
0.000102175 0.00159662 0.05813 0.315199 0.00124547 0.00432817 0.15792 0.000293162 0.00229184 0.000299346 0.0342261 3.38282e-06 0.000300177 0.0396266 0.0338166 7.68081e-06 6.10422e-05 0.000494215 0.0756848 0.208892 0.0389715 0.0263764 0.00013413 
2.37965e-05 0.000140028 0.107903 0.473547 0.00433863 0.00865236 0.132918 2.3598e-05 0.000922507 1.41739e-06 0.0981867 0.000326243 0.000341071 0.00849689 0.0376204 1.26485e-05 0.00311953 0.000340756 0.0922401 0.000295789 0.0272202 0.0033294 1.027e-07 
0.000619522 0.00743535 0.0403638 0.341214 0.0189123 0.0323945 0.0520591 0.000169331 0.0109452 0.00110256 0.0115316 0.00515906 0.00220279 0.00121159 0.0347109 0.000466102 0.000324135 0.0241657 0.234383 0.00986114 0.149793 0.0208884 8.75344e-05 
0.000517787 0.00139174 0.0542898 0.557243 0.00821892 0.017046 0.0666223 0.000882548 0.00871199 3.4486e-05 0.0109094 0.00925857 0.000165452 0.00172389 0.0583818 3.85116e-06 0.00293658 0.00441383 0.132936 0.00884533 0.0330874 0.0143341 0.0080452 
0.000593081 0.00517546 0.0542769 0.794437 0.0104773 0.00563606 0.0466574 0.00132492 0.00350531 2.21339e-05 0.00581313 3.00889e-05 0.00232589 0.00262565 0.0107479 2.28816e-05 1.00425e-06 0.00636463 0.0103946 0.0140301 0.0120112 0.0102378 0.00328932 
3.30133e-07 0.00161926 0.156177 0.215763 0.191105 0.0318887 0.0451959 0.00191209 0.0184052 0.00247508 0.0582205 0.00194673 0.00560914 0.00310471 0.111436 0.000396334 3.33102e-05 0.0439635 0.020025 0.0219716 0.0292744 0.0286509 0.0108257 
0.00010142 0.000134015 0.0260546 0.891914 0.00135683 0.00231699 0.0514367 0.000111579 0.000753714 2.32094e-05 0.00613251 7.25301e-09 3.41052e-10 5.25571e-05 0.00820474 2.35725e-07 4.08614e-09 0.000823497 0.00220832 0.000703546 0.00329068 0.00437913 1.39827e-06 
0.00014379 0.000138951 0.00605151 0.67598 0.0180158 0.0067272 0.108186 0.00265617 0.00465115 1.56556e-05 0.0259364 8.29431e-07 2.81298e-05 0.000585663 0.0543661 6.55375e-07 3.08665e-05 0.00249383 0.0495913 0.00810036 0.0299698 0.00632966 3.61955e-08 
0.00377623 0.00104341 0.0564962 0.373506 0.0821923 0.0360512 0.030369 2.61075e-05 0.0304043 0.00102597 0.147906 0.000633252 8.91124e-06 0.00282039 0.0198912 1.58704e-06 0.000124561 0.0950739 0.00019067 0.0350377 0.0333867 0.0500287 6.43305e-06 
0.00010142 0.000134015 0.0260546 0.891914 0.00135683 0.00231699 0.0514367 0.000111579 0.000753714 2.32094e-05 0.00613251 7.25301e-09 3.41052e-10 5.25571e-05 0.00820474 2.35725e-07 4.08614e-09 0.000823497 0.00220832 0.000703546 0.00329068 0.00437913 1.39827e-06 
5.4064e-05 1.32871e-07 0.0376225 0.819725 0.00135137 0.014821 0.0879955 0.000205366 0.00120495 6.2811e-06 0.00370871 7.32599e-09 9.36219e-09 0.000393888 0.0280287 2.16404e-07 2.89563e-06 0.000342325 0.000568676 0.000259248 0.000924398 0.00269311 9.13574e-05 
0.000446665 0.0039706 0.0542569 0.378977 0.0146705 0.024704 0.177052 0.051691 0.0217231 0.000113693 0.031352 0.00998226 0.000240947 0.0016451 0.0510892 9.0872e-06 3.76038e-05 0.018486 0.0671933 0.0259735 0.0462919 0.0195656 0.000528174 
1.73482e-05 6.37361e-05 0.0365815 0.773402 0.00383742 0.0133958 0.000724408 2.90761e-07 0.000324291 0.0915863 0.00178258 7.49946e-06 0.0167081 0.000949808 0.00426375 1.76925e-08 2.00795e-08 0.0112118 0.00290925 0.0338608 0.00297546 0.00539705 8.7852e-07 
4.45528e-05 4.45878e-05 4.45973e-05 0.892004 4.45891e-05 4.45955e-05 4.45857e-05 4.44829e-05 4.45928e-05 4.45302e-05 4.45916e-05 4.45212e-05 4.45253e-05 4.45691e-05 4.45989e-05 4.45354e-05 4.45084e-05 4.45755e-05 4.45943e-05 4.45881e-05 0.10706 4.45964e-05 4.45405e-05 
0.000610753 7.04225e-06 0.0552187 0.663029 0.00106073 0.023649 0.0209996 5.11947e-09 0.00214362 1.26291e-05 0.00996549 3.5675e-05 2.32815e-05 0.000547451 0.0833942 2.89032e-09 0.000109565 0.000985083 0.00510549 0.0022824 0.12161 0.00915008 5.9882e-05 
0.000519011 1.00329e-05 0.284113 0.345247 0.0245973 0.0952118 0.0104191 2.80294e-05 0.0262643 8.68942e-07 0.00530064 8.89034e-05 0.00369219 0.00212384 0.0546023 2.20864e-05 3.35862e-06 0.0259356 0.00048586 0.0063104 0.07739 0.0376321 2.40539e-06 
0.0010212 0.000997607 0.184988 0.223883 0.0611623 0.135875 0.0234401 1.86655e-05 0.0158818 0.000156992 0.0418179 9.30858e-05 0.000256757 0.00132439 0.0844872 1.48524e-06 0.0011046 0.00242413 0.000344329 0.000213614 0.173637 0.0468286 4.19732e-05 
0.00628497 0.000232204 0.0481769 0.386964 0.0356443 0.0409641 0.0459827 0.000542869 0.0141869 0.000576177 0.0789522 0.00056693 0.000178325 0.0037421 0.0569579 2.3568e-05 0.00532238 0.00612245 0.105541 0.0102433 0.130925 0.0212406 0.000628388 
1.50036e-05 1.66256e-06 0.0462263 0.742151 0.00344295 0.00239933 0.141323 4.35347e-07 0.00492203 8.65445e-11 0.00197024 7.02514e-05 0.000794352 1.60206e-06 0.00624139 2.00923e-07 5.48592e-06 0.00702524 0.00269174 0.00813225 0.0305968 0.00198872 7.44521e-11 
7.54332e-07 7.54926e-07 7.55087e-07 0.798893 0.0123064 0.0200852 0.0127584 7.53149e-07 0.0113259 7.53951e-07 0.00649367 7.53799e-07 0.00927335 7.5461e-07 0.0268073 7.54038e-07 0.00648154 0.0421896 0.0071736 0.0106453 0.0355592 7.55071e-07 7.54125e-07 
3.55279e-05 3.17034e-06 0.000949973 0.887923 4.87871e-08 6.40287e-06 0.0486707 0.000110102 2.26579e-07 3.4809e-07 0.0116723 6.90382e-07 0.000274639 0.000846962 0.000451363 2.01313e-07 0.000268931 3.10679e-10 0.0259596 5.76023e-07 0.0227305 9.45639e-05 7.09087e-10 
4.84611e-09 8.29257e-10 0.154105 0.41505 0.00262068 0.0655678 0.026939 0.000464189 0.000869256 3.25863e-09 0.00885948 5.57028e-08 0.00384447 0.0026152 0.221008 9.8063e-10 1.02457e-05 4.19796e-08 0.0117178 0.00345149 0.00447411 0.0784036 2.83135e-13 
1.44312e-05 1.36962e-05 0.13865 0.583601 0.0252578 0.0300057 0.0305714 6.1701e-05 0.000247906 7.62591e-06 0.00527505 0.00129764 0.00249822 0.000904117 0.0608142 8.09141e-06 4.73089e-06 0.0229566 0.00717284 0.000638202 0.0701888 0.0160629 0.00374773 
8.95468e-05 0.0117551 0.0761512 0.332606 0.018025 0.0540065 0.0819175 0.00126831 0.0349699 0.000189546 0.011346 0.00111772 4.12141e-05 0.000525442 0.107879 4.35099e-05 0.00362601 0.00829147 0.0421711 0.0406914 0.0800453 0.0924681 0.000774789 
0.000388999 4.28337e-06 0.0251112 0.568329 0.00280438 0.0134606 0.129859 4.47599e-05 0.00311713 5.14913e-05 0.00480111 3.41454e-07 0.000258659 0.00299605 0.0535339 4.093e-06 5.73071e-08 0.0015214 0.0872155 0.0581153 0.0361087 0.0122737 8.41898e-08 
0.000101758 3.66288e-05 0.0945787 0.459034 0.00971243 0.00702941 0.226873 0.000403343 0.0297206 0.000108165 0.00114328 0.000791767 0.00128666 0.00011197 0.0111357 8.16626e-07 1.3864e-06 0.00278104 0.0954716 0.00763176 0.0356358 0.0164104 1.46976e-10 
0.00079994 0.000382343 0.0643849 0.358051 0.00873152 0.0131484 0.126355 0.19084 0.023485 0.000254969 0.00452105 0.0249472 0.000402768 0.000405504 0.030237 6.87984e-06 1.72129e-05 0.00327492 0.0548841 0.04495 0.040699 0.00921927 1.23317e-06 
3.77784e-07 1.87134e-05 0.0738517 0.283534 0.00234711 0.155573 0.0550439 0.000809794 0.0152124 2.99573e-07 0.107548 3.77597e-05 0.000129158 3.57982e-05 0.19455 1.28831e-07 0.000109158 0.00143787 0.00172108 0.00619745 0.0954066 0.00630171 0.000133097 
0.000226161 0.000220125 0.0464876 0.743748 0.0123718 0.00155226 0.00603406 4.20335e-06 0.000607902 0.00047518 0.0167358 4.25585e-06 1.96078e-05 0.0735332 0.0496206 1.35431e-05 3.7583e-05 1.95316e-07 0.00753422 0.00853501 0.0136422 0.0185957 6.8605e-07 
0.000956655 0.000732799 0.0555552 0.458416 0.0117523 0.0123229 0.0478906 8.75534e-05 0.00557716 0.00305297 0.0521722 9.11348e-05 0.0240263 0.00342987 0.087168 5.34323e-05 0.000170797 0.00684119 0.0829124 0.0313527 0.0840707 0.0313515 1.57434e-05 
0.00386294 3.218e-05 0.0998206 0.26577 0.00793587 0.0495522 0.0936456 2.10035e-05 0.0063204 0.00198594 0.0664217 0.0160977 0.0216187 0.00219643 0.0846161 3.36485e-06 0.00159348 0.0172363 0.183526 0.00556822 0.0532225 0.0188885 6.39754e-05 
0.00129262 8.01427e-06 0.0384685 0.245528 0.131224 0.0819115 0.00453111 0.00842296 0.0467684 7.57154e-07 0.0943218 0.00175022 3.65522e-09 0.00177121 0.026638 3.18719e-09 4.45443e-09 0.0280344 0.000354014 0.0234223 0.238735 0.0142693 0.012548 
0.000961098 3.32944e-05 0.0105333 0.573141 0.0112768 0.00769508 0.0145035 0.00777996 0.0331523 2.02437e-05 0.0518718 0.000308301 5.69624e-05 6.11851e-05 0.0225895 5.20522e-06 2.09224e-07 0.0199712 0.0491937 0.00370474 0.171975 0.0210267 0.00013887 
0.000118474 0.000247349 0.0486418 0.433061 0.0152497 0.0139196 0.037305 0.000504891 0.0499619 7.71628e-05 0.00885129 0.00015482 0.00412708 0.000391896 0.040924 4.98128e-05 6.88646e-05 0.00693794 0.0525865 0.0109702 0.251425 0.0242307 0.000194699 
5.9225e-05 1.05958e-06 0.0210645 0.464487 0.014385 0.0184661 0.345125 0.000663516 0.00242876 3.66537e-06 0.0627099 0.00608178 1.94102e-05 0.000152406 0.0130703 7.43236e-06 6.94951e-08 0.000827531 0.00120096 0.000840971 0.0471576 0.00114448 0.00010352 
1.83014e-05 1.46118e-05 0.0180468 0.548232 0.0288531 0.243655 0.0151259 1.30805e-06 0.00171879 7.93387e-07 0.0606663 0.000154561 8.46939e-07 0.000767587 0.0263919 7.38494e-07 1.03212e-06 0.00166359 0.00159916 0.000555646 0.0192464 0.0281209 0.00516452 
0.00197103 4.04242e-05 0.0439565 0.677692 0.0202101 0.0633247 0.0119604 7.56812e-05 0.0139134 0.00345484 0.0333163 0.00462083 0.00375981 0.00741012 0.0496211 6.11109e-06 2.79848e-05 0.00413457 0.0140028 0.00574335 0.0175026 0.0219673 0.00128822 
0.000795981 0.000759438 0.0928521 0.421162 0.000720846 0.0114154 0.068283 5.25548e-05 0.000905461 0.00550356 0.115268 2.41598e-06 1.91248e-07 0.062711 0.0899046 3.07414e-05 0.00431956 9.95578e-06 0.0737141 0.00183219 0.0431839 0.00657254 8.28276e-11 
6.42852e-06 6.43358e-06 0.0772257 0.388683 6.43377e-06 6.43469e-06 6.43327e-06 0.0122014 0.303705 6.42528e-06 0.0778593 0.0308415 6.42457e-06 6.43089e-06 0.0283212 0.00707503 6.42212e-06 0.0173724 0.0366832 6.43363e-06 6.43386e-06 0.0199544 6.42676e-06 
0.00128675 3.44796e-05 0.0505153 0.617187 0.0113602 0.0616957 0.0478676 0.000157564 0.00785957 0.000697257 0.014908 1.61656e-05 1.0348e-05 0.00111955 0.0796751 9.99133e-06 0.00585142 0.0051305 0.046105 0.00227429 0.0336511 0.0101526 0.00243462 
0.0184397 0.00571086 0.0340543 0.565032 0.0141861 0.0795946 0.00612433 0.00112341 0.00428983 0.000131902 0.0211083 0.00276178 5.28551e-05 0.00396444 0.103735 1.64875e-06 0.00011267 0.0267311 0.0578379 0.000509529 0.0225609 0.0318838 5.28649e-05 
0.000931802 0.000259701 0.0223114 0.422061 0.0093304 0.059181 0.0893696 1.58651e-05 0.00106301 0.000243312 0.140699 1.54938e-05 1.00689e-05 0.00308459 0.0397804 6.07151e-05 0.0107229 0.000356782 0.0989006 0.0246493 0.0204118 0.0279628 0.0285783 
2.18486e-06 5.15178e-08 0.0149747 0.563847 0.00946794 4.33191e-05 0.0461198 2.70563e-06 0.0351116 9.10558e-06 0.0341814 0.0054393 0.000737779 1.14452e-09 0.175556 2.26771e-09 3.16935e-09 0.0333674 0.00755403 0.000460984 0.0452637 0.0278602 2.09586e-09 
0.00010142 0.000134015 0.0260546 0.891914 0.00135683 0.00231699 0.0514367 0.000111579 0.000753714 2.32094e-05 0.00613251 7.25301e-09 3.41052e-10 5.25571e-05 0.00820474 2.35725e-07 4.08614e-09 0.000823497 0.00220832 0.000703546 0.00329068 0.00437913 1.39827e-06 
0.00903222 8.48594e-05 0.123406 0.3743 0.00250061 0.022578 0.0630919 0.00259951 0.031762 0.00441722 0.0946245 0.020042 4.27568e-05 0.00282159 0.0663605 3.39647e-06 2.3788e-05 4.28113e-06 0.0276529 0.0066478 0.137748 0.0101677 8.81489e-05 
2.94402e-09 1.94681e-08 6.47661e-08 0.711543 4.59789e-11 0.0012516 0.175092 0.051505 0.000319036 2.3767e-10 0.00251972 2.6672e-07 3.60843e-07 1.11653e-10 0.00524635 2.21226e-10 3.09186e-10 8.95825e-11 0.0138002 0.000205895 0.0383104 0.000206158 2.04462e-10 
3.2461e-07 1.33351e-08 0.00122899 0.719877 0.000296666 0.00429504 0.0209549 2.15181e-05 8.31015e-05 0.00222256 0.00767873 7.79418e-08 0.000230811 0.000324207 0.0319798 2.32283e-09 0.000238604 6.06952e-08 0.182945 0.000585814 0.0185494 0.00848768 1.62696e-08 
1.69924e-06 0.000123021 0.294466 0.307357 0.0363579 0.0234963 0.0501344 0.00019538 0.0103516 0.000150248 0.0139829 1.29686e-05 2.1638e-08 0.00738194 0.0613719 5.0333e-06 1.81761e-07 7.12462e-05 0.0862295 0.00330077 0.0886363 0.0162362 0.00013762 
1.40138e-06 3.60259e-07 0.00660087 0.258509 0.000172584 0.00438229 0.0164388 0.000581373 0.199986 1.9045e-06 0.0438978 8.70371e-06 1.26011e-08 0.000126153 0.253847 0.000572011 4.97291e-07 0.00452591 0.00911741 0.000267985 0.188639 0.0123143 8.94327e-06 
1.33354e-11 2.18947e-05 1.56744e-12 0.729826 3.73211e-12 2.31703e-07 0.223348 3.18061e-11 0.00193351 1.92917e-11 0.00221624 2.16658e-11 2.97067e-05 3.16304e-07 1.10769e-07 3.05447e-08 2.50967e-11 7.56301e-08 0.0023794 0.0296488 0.0105964 2.81086e-08 1.17849e-07 
0.000250336 0.000142958 0.0879348 0.505952 0.04917 0.0110686 0.0710479 4.60207e-05 0.0239934 4.73494e-05 0.0693226 2.09624e-05 0.000459712 0.000762816 0.0210798 4.14941e-08 4.22838e-06 0.000210021 0.00100047 0.00185797 0.144877 0.0107509 2.44888e-07 
3.94318e-05 4.66346e-06 0.10633 0.58489 0.00630606 0.128731 0.00547897 9.2169e-05 0.00525419 2.56295e-09 0.0745472 1.78693e-06 1.28552e-07 6.10634e-05 0.0356965 7.77884e-08 3.53924e-07 0.000360301 0.000102162 1.81236e-05 0.035138 0.00858318 0.00836393 
0.000981106 1.89967e-05 0.31277 0.359523 0.0190924 0.156989 0.0623493 1.38199e-05 0.000281505 2.92722e-08 0.0102083 0.00469508 1.79599e-05 0.00539577 0.0297434 8.99361e-09 3.56052e-06 0.00104119 0.0047781 0.00930259 0.0099884 0.0128067 2.54684e-10 
2.0046e-06 3.0776e-06 0.0575643 0.509773 0.0207395 0.000527982 0.3195 9.80158e-06 2.56817e-05 3.62318e-05 0.000423175 0.000320382 0.000135743 0.000161989 0.01186 8.24375e-08 1.46304e-06 2.32815e-05 0.0564517 0.00100062 0.0128648 0.00857593 8.38322e-10 
9.3833e-05 4.23967e-07 0.143801 0.332045 0.00795852 0.0386235 0.0954361 0.000540512 0.0214388 5.70885e-11 0.0312212 1.09468e-07 2.6858e-09 0.0125995 0.184616 3.56123e-08 1.8932e-05 0.0133905 0.0339194 0.0366844 0.0309775 0.0165092 0.000125324 
0.00888674 0.000671122 0.0326775 0.447931 0.0205624 0.0343802 0.0610147 0.000572695 0.0254962 0.00157224 0.0575311 0.0027101 0.00291481 0.00345976 0.0571736 1.56021e-05 0.000384507 0.0240332 0.0837046 0.0172893 0.0869475 0.0294977 0.000573816 
0.000178336 5.32691e-05 0.0481824 0.693174 0.00304436 0.0259167 0.0399612 0.00033632 0.000972805 7.89695e-06 0.0259391 4.18314e-05 9.58254e-07 0.00147975 0.0820472 7.509e-07 2.60528e-06 0.000934712 0.0262977 0.0053205 0.0121182 0.0260803 0.00790913 
0.000172084 8.55502e-05 0.0363168 0.417961 0.00616548 0.0417046 0.0592245 9.32966e-05 0.000528827 0.000281402 0.0433035 3.57748e-07 2.92964e-05 0.000313876 0.193809 1.34239e-05 1.45963e-05 0.000199827 0.105214 0.00281851 0.0135779 0.0781433 2.77032e-05 
0.00348462 3.89275e-05 0.0888141 0.591033 0.00967765 0.0210167 0.0956244 0.000252773 0.00545226 4.75289e-05 0.0163769 0.00322746 0.00374558 0.00300395 0.0393609 6.624e-07 5.72103e-05 0.00662333 0.0332771 0.0298153 0.0366346 0.0120258 0.000409146 
0.00131163 3.5927e-06 0.0309148 0.586496 0.00401621 0.0125233 0.0353407 0.00023551 0.000258113 7.46377e-06 0.158659 0.000969676 0.000138921 0.00784216 0.0638168 9.8193e-07 5.57126e-06 2.42889e-05 0.078758 0.00153317 0.0156383 0.00150548 3.17121e-07 
0.00033731 0.00139425 0.0982376 0.764668 0.0130471 0.0179437 0.0173345 0.000262436 0.00757587 5.74686e-07 0.0104289 0.0026486 1.09783e-07 0.00299998 0.00203463 1.04177e-06 2.04376e-06 0.00911326 0.00706323 0.00268172 0.0379802 0.00419067 5.46999e-05 
5.4064e-05 1.32871e-07 0.0376225 0.819725 0.00135137 0.014821 0.0879955 0.000205366 0.00120495 6.2811e-06 0.00370871 7.32599e-09 9.36219e-09 0.000393888 0.0280287 2.16404e-07 2.89563e-06 0.000342325 0.000568676 0.000259248 0.000924398 0.00269311 9.13574e-05 
0.00467261 0.112235 0.0339522 0.524979 0.0116238 0.00488189 0.068145 2.88329e-07 0.00167438 6.25911e-07 0.00254725 5.83841e-07 1.27103e-06 0.11631 0.00600438 2.30744e-07 1.28263e-06 0.0750861 0.0330274 0.00145718 0.00161504 0.0017849 1.27353e-09 
0.00010142 0.000134015 0.0260546 0.891914 0.00135683 0.00231699 0.0514367 0.000111579 0.000753714 2.32094e-05 0.00613251 7.25301e-09 3.41052e-10 5.25571e-05 0.00820474 2.35725e-07 4.08614e-09 0.000823497 0.00220832 0.000703546 0.00329068 0.00437913 1.39827e-06 
0.00213032 0.000149518 0.00199527 0.682169 0.000731868 0.00121487 0.0122892 0.000104422 3.66799e-07 8.47093e-11 0.279256 0.00037083 1.30985e-08 0.00051753 0.00111967 7.88485e-11 1.90677e-07 0.00416262 0.00405654 1.74926e-11 0.00667385 0.000478658 0.00257916 
0.000233673 3.50235e-05 0.0236037 0.592044 0.00245817 0.0633627 0.071817 5.88571e-05 0.00474268 0.00161631 0.0552945 2.95552e-07 4.01914e-06 5.14563e-05 0.0200597 1.98104e-06 2.54848e-05 0.000866297 0.137124 0.0076674 0.0131863 0.00574706 1.07907e-07 
0.000930577 0.00333207 0.0621122 0.597501 0.00894015 0.0112054 0.0623021 0.000624926 0.00779564 0.000735384 0.0724793 0.000689802 0.00258052 0.0055092 0.0502763 3.05764e-05 0.000143597 0.00263571 0.024917 0.0257741 0.0332927 0.0261687 2.31173e-05 
9.01267e-06 3.06111e-05 0.176882 0.591484 0.00395443 0.0160626 0.0949709 3.93561e-05 0.00531938 3.27389e-05 0.00502749 0.000519646 0.00351811 0.000388957 0.0363929 9.09184e-07 1.2282e-05 0.00148348 0.0265876 0.00099276 0.0228767 0.0134139 6.80481e-08 
