0.00117248 0.000907031 0.0580242 0.342186 0.00457081 0.020306 0.0641068 7.39308e-06 0.0637486 6.64475e-06 0.12581 5.36908e-05 7.37578e-07 0.112616 0.0803701 8.83053e-06 0.000337971 0.00117669 0.0405045 0.00264202 0.0753306 0.00611285 6.23043e-08 
1.33354e-11 2.18947e-05 1.56744e-12 0.729826 3.73211e-12 2.31703e-07 0.223348 3.18061e-11 0.00193351 1.92917e-11 0.00221624 2.16658e-11 2.97067e-05 3.16304e-07 1.10769e-07 3.05447e-08 2.50967e-11 7.56301e-08 0.0023794 0.0296488 0.0105964 2.81086e-08 1.17849e-07 
1.75687e-05 1.47701e-08 0.063765 0.552772 0.0237752 0.133148 0.111187 0.000340409 0.00703938 1.00525e-05 0.0466099 0.00440231 3.93032e-06 0.000861165 0.0154945 3.50152e-06 4.45999e-05 0.00394218 0.0015264 0.00139516 0.0190737 0.0145871 3.29122e-07 
1.11956e-06 0.0001051 0.175212 0.289666 0.0712584 0.083881 7.78956e-07 1.70754e-09 0.121217 1.19477e-05 0.0702284 0.00680408 1.40749e-07 0.0199946 0.0508289 8.21393e-08 3.15915e-07 0.00800218 0.0222163 0.000184131 9.17028e-07 0.0803864 8.9098e-10 
0.00103374 0.000869077 0.0804611 0.498911 0.00946611 0.0272804 0.0578384 0.0010208 0.0145702 0.000885733 0.0495397 0.00150776 0.000321673 0.00831212 0.0495706 3.86192e-05 0.000365079 0.010213 0.0646511 0.00738181 0.0992427 0.0163458 0.000173412 
7.6999e-05 0.000167817 0.0312126 0.302124 0.00730135 0.00915208 0.0976413 3.32109e-05 0.000359926 9.48817e-06 0.17503 1.10522e-07 8.62227e-05 0.115674 0.0812392 1.76464e-08 0.000262746 0.000110622 0.127936 0.00635111 0.0117115 0.0335171 3.85943e-06 
2.38297e-05 2.27738e-06 0.0367735 0.658403 6.53707e-05 0.00134746 0.155368 7.53111e-06 0.0234455 7.44858e-08 0.00236928 0.000492949 4.14955e-07 0.00157086 0.0163169 2.26336e-05 1.02152e-06 0.000901087 0.0454941 0.00116666 0.0201134 0.0356438 0.000470738 
0.00279762 0.00136043 0.0604175 0.330622 0.037636 0.143137 0.0363023 5.19959e-05 0.00687329 0.00040508 0.0708789 0.00102746 0.000833364 0.00416203 0.111326 2.79201e-06 8.8112e-06 0.0643829 0.032954 0.00953418 0.0473917 0.0366583 0.00123645 
0.000410273 0.00322438 0.112423 0.321728 0.0118284 0.0323933 0.206483 0.000641491 0.0223816 1.11313e-05 0.00244636 0.0085144 0.0220869 0.00662573 0.0312718 2.49325e-05 1.10048e-07 0.0110894 0.108941 0.0516618 0.0177653 0.0253253 0.00272263 
0.0036554 0.000188601 0.040838 0.511504 0.00392231 0.00746888 0.295315 9.99942e-05 0.00248637 0.000254122 0.0128624 0.000222979 3.27281e-06 0.0110845 0.0663242 4.77314e-06 0.00125553 0.00186849 0.0061487 0.0163719 0.00855548 0.00883027 0.000734202 
9.39696e-05 2.81521e-07 0.23095 0.321231 0.155478 0.0164971 0.0134556 0.000113609 0.00149133 1.10663e-06 0.00146921 1.88824e-05 0.000171434 0.00276293 0.224595 5.41343e-06 4.17455e-05 0.00244194 0.00292264 0.00113739 0.0155832 0.00953165 6.2846e-06 
9.3673e-05 0.000839156 0.0309411 0.353622 0.00129805 0.00956655 0.0252381 3.82719e-06 0.0137765 0.000297796 0.237698 1.89636e-05 3.65613e-06 0.121524 0.122691 1.32976e-05 0.00353487 9.67319e-06 0.0564476 0.000274075 0.0177533 0.00435471 1.96034e-07 
4.81036e-06 0.000463492 0.116788 0.537868 0.0625708 0.0225192 0.00721122 0.000271859 0.00776228 2.65354e-06 0.0036916 0.00108175 0.0122991 0.00428265 0.0153832 9.11085e-06 7.85903e-06 0.00610786 0.00126441 0.130487 0.00354838 0.0663631 1.08874e-05 
2.42337e-05 9.5573e-06 0.0193138 0.821542 0.01755 0.0240916 0.000467337 0.00243661 0.032487 5.01786e-08 0.0182913 1.96976e-05 8.01113e-06 0.00041487 0.000912439 8.52899e-09 7.21662e-10 0.000545151 0.000249427 0.00273004 0.0546562 0.00424444 6.41058e-06 
7.97979e-07 1.37871e-05 0.00900955 0.525572 0.00242754 0.0225341 0.130552 4.67856e-05 0.0104751 0.00058867 0.00326984 0.0133274 0.00585071 0.000493496 0.00553969 3.35942e-10 4.70633e-07 0.00394496 0.232972 0.00441131 0.0263621 0.00256982 3.82287e-05 
0.000182231 0.00282493 0.127568 0.343918 0.00236906 0.0161489 0.0678722 2.17691e-05 0.0362561 0.000148665 0.0137672 0.0641536 0.000678913 1.98122e-05 0.068111 6.49753e-06 5.13521e-06 0.00656302 0.0767092 0.0218495 0.0886831 0.062135 8.43063e-06 
1.06562e-07 4.06651e-07 0.0497904 0.309935 0.00381541 0.00948073 0.0505216 1.46269e-07 0.0610949 1.37746e-08 0.175482 2.54857e-05 1.06798e-07 0.000470045 0.0329713 2.60613e-05 2.1623e-08 0.00712906 0.0805963 0.0265052 0.140628 0.0478114 0.00371614 
2.5688e-06 3.86784e-05 0.189179 0.249933 9.5504e-06 0.0333916 0.000539898 0.00154766 0.00682727 3.11262e-09 0.0328726 4.50188e-06 3.32272e-09 1.46226e-09 0.118399 4.94523e-05 0.0744511 0.155886 0.000300772 7.19395e-07 0.13542 0.00114724 2.67771e-09 
0.000669039 9.66283e-05 0.0191917 0.554411 0.00525998 0.00358851 0.0617112 0.18651 6.68138e-05 2.90957e-05 0.01887 2.81712e-10 0.00155505 0.000566635 0.0860702 0.000124549 3.2399e-05 0.00107563 0.00124483 0.0422644 0.0117667 0.00489563 1.31487e-08 
0.000558387 8.61396e-08 0.0331921 0.501199 0.00170831 0.0580435 0.185477 7.984e-05 0.00108898 2.01439e-07 0.107623 0.00209787 3.38329e-11 2.4646e-05 0.0267177 1.49373e-08 2.34037e-07 0.000804214 0.0557944 0.000310516 0.022004 0.00327605 2.72653e-11 
0.00010142 0.000134015 0.0260546 0.891914 0.00135683 0.00231699 0.0514367 0.000111579 0.000753714 2.32094e-05 0.00613251 7.25301e-09 3.41052e-10 5.25571e-05 0.00820474 2.35725e-07 4.08614e-09 0.000823497 0.00220832 0.000703546 0.00329068 0.00437913 1.39827e-06 
5.12077e-05 1.14192e-06 0.102954 0.691185 0.00202613 0.0117226 0.120077 0.000169052 0.00130765 9.61452e-06 0.00321071 8.73927e-07 7.21488e-08 4.85821e-06 0.0491345 3.00813e-07 5.622e-06 0.000714121 0.0134149 0.00025834 0.00164548 0.00203604 7.12824e-05 
0.000912786 8.04941e-06 0.0345848 0.336374 0.00382464 0.0290798 0.0109996 0.00405453 0.00319455 0.104485 0.030646 0.000569987 0.00630409 0.000405407 0.0180636 6.24603e-07 0.000356753 0.00408351 0.324828 0.00277841 0.0693698 0.0150325 4.25686e-05 
0.00983735 0.0121574 0.10789 0.261142 0.00344183 0.0280049 0.0116167 2.67365e-05 0.159882 2.20227e-05 0.0352887 0.000412775 0.00120847 0.0058224 0.162561 6.43686e-07 0.000601371 0.000752166 0.0452664 0.0447137 0.0354198 0.0739318 2.65722e-07 
3.22309e-05 1.08002e-05 0.0107819 0.46454 0.00777204 0.0214051 0.038227 0.00567809 0.0137184 0.0484964 0.18729 1.09835e-08 0.000263408 0.00250207 0.0319265 1.39404e-06 0.000346284 0.0120173 0.0138307 0.000262732 0.135745 0.004863 0.000290007 
1.10063e-06 1.92315e-06 0.0659282 0.845387 0.00327959 0.0223837 0.0296941 0.00040492 0.000445913 5.31964e-07 0.00406473 1.58887e-05 5.69486e-06 5.38412e-05 0.016395 1.02772e-06 9.19456e-06 0.00372698 0.00259689 0.000414434 0.00265225 0.0025367 3.8623e-07 
0.0796275 0.00282684 0.120529 0.765845 0.000487873 0.00186279 0.000306481 0.000973308 0.00374441 6.07206e-05 0.00395764 0.00291595 5.15289e-07 4.0076e-05 3.37096e-05 1.01758e-05 0.00210857 0.000160275 0.000155228 0.0140971 0.000178793 7.76586e-05 4.15261e-07 
2.937e-05 3.18193e-08 0.0234012 0.281991 0.00174704 0.154939 0.0134224 2.97704e-07 0.00335124 0.000613251 0.00239911 0.00262406 4.14501e-10 0.00719173 0.14447 3.61427e-10 5.05131e-10 2.26784e-06 0.0438616 0.0310938 0.0104233 0.27844 3.34038e-10 
0.0047051 1.1397e-05 0.0144335 0.36019 0.0459725 0.207983 0.000272533 0.000106732 0.000288888 1.90788e-07 0.0367482 3.03506e-06 0.000244708 5.99896e-06 0.0398385 6.49703e-07 9.11388e-09 6.18316e-05 5.18381e-05 0.0062098 0.159413 0.123416 4.1818e-05 
0.000318231 0.000292353 0.0411566 0.347928 0.0109121 0.0210325 0.112052 3.32523e-05 0.0152677 0.00304269 0.184822 0.000231758 6.78633e-06 0.00369399 0.0295455 1.08375e-07 6.75052e-05 0.0024407 0.140876 0.0139795 0.0689593 0.00334161 1.5598e-08 
1.27406e-05 1.27506e-05 1.27533e-05 0.564994 0.107121 0.145394 1.275e-05 1.27206e-05 1.2752e-05 0.0713241 0.00128792 1.27316e-05 0.00637912 1.27453e-05 1.27538e-05 1.27356e-05 1.27279e-05 1.27471e-05 1.27525e-05 0.0357148 0.0675939 1.27531e-05 1.27371e-05 
0.00138686 0.00073706 0.0430488 0.539711 0.0109104 0.0251943 0.0654647 0.000378005 0.0121251 0.000832973 0.020845 0.00288489 0.000732607 0.00825433 0.0414665 0.000261324 0.000878228 0.0122203 0.0794308 0.00985506 0.106787 0.0161812 0.000413129 
2.02788e-10 5.07661e-05 0.0113174 0.369755 5.67532e-11 3.39147e-07 0.280714 4.83667e-10 0.00037054 2.93363e-10 0.205417 0.000199365 1.61423e-06 1.37818e-10 0.0120427 9.33867e-08 3.81638e-10 0.00138246 0.0909342 3.773e-08 0.00528365 0.0225317 2.52373e-10 
0.000424782 0.00144938 0.136872 0.15808 0.0185589 0.0910842 0.0107289 6.47709e-05 0.00289684 2.32583e-09 0.101475 0.0272986 4.78483e-05 0.000174283 0.0868395 7.07605e-07 0.00241949 0.00160178 0.0282272 0.130868 0.106364 0.0945229 1.6075e-07 
0.000673685 0.00109652 0.0400924 0.263095 0.0284156 0.0238509 0.118049 0.000182294 0.0175819 0.000954013 0.022488 0.00378251 0.00241722 0.00306044 0.0454273 4.57457e-05 0.000222729 0.0261815 0.186211 0.0169896 0.159211 0.039073 0.000898303 
1.56238e-05 0.000364273 0.00614769 0.508292 0.0431244 0.0146169 0.0442831 9.00514e-06 0.00469242 0.00112939 0.105731 0.00803003 5.11324e-06 0.0132743 0.0255892 1.38116e-07 3.09895e-07 0.0545434 0.0735247 0.00935378 0.0516282 0.0356444 6.56879e-07 
0.0198082 0.000257299 0.00948395 0.226571 0.0199597 0.0447976 0.0485779 2.2812e-05 0.000545235 1.27156e-05 0.220769 0.00095179 0.000309862 0.00216357 0.017732 8.44416e-06 4.97374e-05 0.06351 0.101973 0.00295306 0.177889 0.0416418 1.19769e-05 
7.93311e-05 3.57512e-05 0.0132595 0.564193 0.00112031 0.00242555 0.192145 2.8186e-05 0.0186977 4.08477e-06 0.0186475 4.12791e-08 2.26532e-05 0.00426749 0.0104086 2.81022e-06 3.24882e-05 0.00022767 0.0800834 0.0162628 0.0685529 0.00891616 0.000587435 
0.0052417 1.46757e-05 0.0108643 0.776413 0.0195468 0.00388125 0.0579288 7.90456e-05 0.0026023 1.97655e-05 0.00610473 1.43116e-07 0.00252539 0.00173212 0.0142701 4.28918e-11 5.13161e-05 0.0284277 0.00303736 0.0017908 0.0576979 0.00776962 1.06779e-06 
3.48871e-05 8.56871e-05 0.135402 0.436774 0.00857532 0.00553086 0.0465173 2.66703e-06 0.0326 8.12349e-05 0.0050911 6.23805e-05 1.25513e-05 0.0122435 0.0200414 4.47463e-07 1.39951e-05 0.0543517 0.0947894 0.0136012 0.122147 0.01204 3.94666e-08 
0.00150054 1.57192e-05 0.0304455 0.548654 0.00538493 0.00900874 0.0758882 0.00152218 0.00363968 0.00194038 0.00935059 0.000463578 0.000234913 0.00965721 0.0546845 3.55152e-07 4.99292e-05 0.000673092 0.212427 0.00108609 0.0230178 0.0103548 5.66957e-07 
0.00101674 8.09716e-05 0.044936 0.393779 0.0531571 0.0556686 0.0441322 6.52316e-05 0.0178467 0.000127786 0.0555477 0.000509976 0.00059137 0.016103 0.0338345 8.91674e-07 1.49281e-05 0.00867935 0.144488 0.0145252 0.0903995 0.0244691 2.63001e-05 
2.42337e-05 9.5573e-06 0.0193138 0.821542 0.01755 0.0240916 0.000467337 0.00243661 0.032487 5.01786e-08 0.0182913 1.96976e-05 8.01113e-06 0.00041487 0.000912439 8.52899e-09 7.21662e-10 0.000545151 0.000249427 0.00273004 0.0546562 0.00424444 6.41058e-06 
0.00136341 2.79084e-05 0.0319416 0.726393 0.015204 0.0185528 0.034026 0.00110637 0.00316534 0.000195152 0.019705 0.00623444 0.00273115 0.00269754 0.0489233 1.75024e-06 3.09656e-05 0.00305314 0.0458954 0.0139227 0.013902 0.0109239 2.79077e-06 
0.000777137 9.60583e-05 0.030606 0.476262 0.100844 0.0916292 0.00605571 3.04937e-06 0.00599133 0.000207765 0.142308 6.80198e-05 0.000780914 0.0178896 0.0392327 4.49546e-08 1.25336e-06 6.12604e-05 0.00228419 0.0081807 0.0269694 0.0496985 5.25451e-05 
3.01032e-08 4.88907e-13 0.0943972 0.33413 0.00425776 0.244992 0.0293433 9.98254e-08 0.00290987 2.32868e-12 0.0241286 2.61526e-12 1.88951e-08 0.00745222 0.151469 2.16757e-12 1.57559e-08 4.20442e-08 0.000170462 4.66938e-08 0.0215034 0.0852455 1.80498e-09 
1.87834e-05 6.20702e-05 0.0249768 0.741441 0.000438228 0.000691576 0.0151041 2.57033e-08 1.18073e-05 3.64589e-06 0.00737044 1.4101e-05 4.37449e-05 0.00703406 0.0139717 3.04169e-07 0.00010577 1.72703e-05 0.168847 0.000920492 0.0174764 0.00145014 1.34118e-08 
0.000201856 1.36755e-06 0.0216818 0.399371 0.000565169 0.0406463 0.0155837 0.000382379 0.00181971 6.80981e-05 0.0422183 0.0206948 4.75153e-05 0.00806628 0.389035 1.95525e-09 0.000296125 6.78443e-05 0.0419392 0.000473791 0.00704606 0.00964917 0.00014492 
0.000529391 1.81932e-05 0.0389917 0.611582 0.0148131 0.0110775 0.0601733 0.000427235 0.0133197 3.77292e-05 0.0156236 0.00159698 0.000168059 0.000909664 0.0376571 7.25831e-06 2.01025e-05 0.0750587 0.0142576 0.0143607 0.0454148 0.0438184 0.000136811 
1.11357e-09 3.38217e-10 0.000122247 0.927609 0.000454065 0.00217354 0.0143649 0.000613515 0.00195144 2.21677e-07 0.00200735 1.80919e-09 1.00363e-08 1.49392e-08 0.00159082 7.53746e-09 4.1008e-08 0.00117521 0.012057 1.71539e-06 0.0351733 0.000330799 0.000374582 
0.00025709 3.05176e-06 0.0233453 0.354343 0.0213258 0.0240331 0.113614 0.000423633 0.00623664 0.000414016 0.0678231 0.00199739 0.0217176 0.000113662 0.0742653 9.70079e-10 1.05864e-06 0.00283713 0.0445549 0.00126688 0.224958 0.0164701 1.10378e-07 
0.00285232 0.00203549 0.0399742 0.255624 0.0167359 0.0322476 0.105642 0.00326853 0.0276054 0.00266414 0.0371793 0.00253126 0.0029573 0.00377062 0.0951069 0.00022151 0.00149275 0.0163375 0.100994 0.0300227 0.18575 0.0347654 0.000221661 
9.8233e-08 0.00270211 0.129758 0.184198 0.171252 0.0439382 0.0205196 0.000189791 0.112221 5.72355e-05 0.00368428 0.00134493 0.0108997 0.0603608 0.0273555 1.40026e-06 0.000153761 0.00408753 0.000300476 0.0365538 0.0251691 0.165207 4.59549e-05 
0.00102273 0.00231405 0.0420586 0.342895 4.84336e-05 0.0223403 0.0416565 0.000230548 5.72135e-06 3.2124e-07 0.198826 2.95772e-07 7.01856e-07 0.00258779 0.11135 7.80746e-05 0.0335495 0.000409241 0.0232912 0.0904242 0.0720317 0.0148791 4.2746e-07 
2.48365e-09 1.98235e-05 0.00326392 0.702668 0.00469154 0.00852949 0.0190199 5.9237e-09 0.00639631 0.00853995 0.0211691 6.21576e-07 3.04236e-06 2.46758e-05 0.00418019 3.34437e-09 7.14406e-07 0.000735353 0.004222 0.000488836 0.213105 0.00292528 1.6695e-05 
0.000275122 6.74107e-06 0.0680389 0.230392 0.00912355 0.0200499 0.125243 0.000337887 0.0148399 1.98294e-05 0.201166 0.000426546 0.000187472 0.00356531 0.127123 1.27855e-07 0.000276603 1.02464e-05 0.0085116 0.00021241 0.167978 0.0222157 2.95382e-08 
0.0319405 8.70624e-05 0.0113392 0.319581 0.00746015 0.0235191 0.0180287 0.000552079 0.0190076 0.00226423 0.196257 0.000400018 1.25872e-05 0.00307959 0.0974075 1.3353e-08 8.19341e-05 1.26344e-07 0.0476356 0.00577315 0.0382251 0.175764 0.00158459 
3.46871e-06 0.00972352 3.47218e-06 0.462505 0.00416933 0.0465288 0.0958107 3.46327e-06 3.47183e-06 3.46696e-06 0.312807 3.46626e-06 3.46658e-06 3.46999e-06 3.4723e-06 3.46736e-06 3.46526e-06 3.47049e-06 0.0305566 3.47147e-06 0.0156256 0.022225 3.46776e-06 
0.000399404 1.05081e-06 0.0195319 0.828802 0.0175522 0.0129743 0.027172 3.99412e-05 0.000718581 0.000638878 0.0111657 0.000264705 0.00190828 0.000921963 0.0170306 6.2396e-06 0.00341218 0.00111273 0.0206199 0.00403638 0.0265908 0.00510053 1.47702e-07 
1.03324e-10 9.94676e-05 0.034897 0.469644 0.0421347 0.0839955 0.000572267 2.46437e-10 3.04309e-06 1.67079e-07 0.000577863 1.67869e-10 1.59563e-10 0.000225033 0.135007 7.41295e-08 1.94452e-10 8.12161e-07 0.00511158 0.000368417 0.15245 0.0749136 1.28589e-10 
0.0035279 2.45428e-09 0.130502 0.435101 0.0464227 0.145141 0.000121279 0.00132482 1.66288e-09 0.0683378 0.112391 0.000127422 1.11128e-05 3.57344e-05 0.00342742 8.69116e-05 3.52159e-07 0.00215292 1.42492e-09 2.41397e-09 0.00933663 0.041951 1.18007e-06 
0.0042426 9.60754e-10 1.23024e-06 0.649408 0.0277787 0.0735478 0.0012085 7.54461e-09 0.18172 6.28611e-05 0.0206487 9.60174e-07 2.48898e-06 2.14978e-09 2.79223e-10 4.2595e-09 5.95309e-09 1.64962e-06 0.0303619 7.51687e-06 0.00965608 0.00135123 3.93672e-09 
0.00897784 5.98551e-05 0.065924 0.487655 0.00123968 0.0352523 0.178884 4.2541e-06 0.000445174 6.37975e-06 0.0127929 3.3672e-06 5.42171e-05 0.00615243 0.0201709 4.65384e-08 0.000894104 0.000657514 0.148919 0.000619317 0.0227291 0.00855946 3.04115e-11 
0.000223435 5.87591e-06 0.0681614 0.365131 0.00741395 0.0579776 0.00737214 0.223585 0.000255561 6.02106e-06 0.108493 6.25771e-05 0.000626279 0.00705357 0.0626023 1.51463e-06 0.000265443 0.000967856 0.00279133 0.00934388 0.0157415 0.0619181 3.08126e-08 
0.000407985 0.000173208 0.0869459 0.265066 0.0127186 0.00863366 0.205702 0.000140642 0.00901399 0.0013786 0.0639023 7.02201e-06 8.46923e-05 0.0389052 0.0764748 1.50206e-06 0.000136621 0.0117879 0.104194 0.0130193 0.0346261 0.0666725 7.52926e-06 
2.24205e-09 6.80964e-10 0.000106387 0.978557 1.86714e-05 0.000432679 0.00994777 0.000102928 2.27601e-05 1.74429e-05 0.000116554 3.6426e-09 1.69104e-08 2.44568e-08 2.6488e-05 1.1963e-08 6.91395e-08 0.00117706 0.0026061 6.6978e-10 0.00686782 1.1876e-07 5.56233e-08 
5.64809e-05 8.6303e-05 0.0714726 0.674712 0.00488655 0.0220074 0.0482871 1.57909e-05 0.000894018 1.14483e-05 0.0238683 0.000147112 1.53445e-05 0.000142452 0.0118987 5.16691e-07 9.72266e-08 5.51292e-05 0.111544 0.00083826 0.0129207 0.0160843 5.55943e-05 
0.00020729 0.00021015 0.0854984 0.595257 0.00716833 0.023606 0.0541851 0.00120904 0.00610421 0.00114597 0.0199384 0.00426595 0.00587501 0.00225678 0.0421558 1.29007e-06 9.04156e-05 0.00398104 0.0669979 0.0121607 0.0494076 0.0182772 8.0361e-07 
0.00308525 0.000753013 0.0306543 0.591383 0.017855 0.034275 0.0339402 0.0003217 0.0149633 0.00675532 0.0194125 0.00149572 0.00101609 0.0027926 0.039707 1.77126e-05 0.000751138 0.00785082 0.086452 0.0207641 0.0690023 0.0142365 0.00251585 
4.65167e-06 1.9362e-10 0.00051905 0.930067 0.00616701 0.0401843 0.00341446 6.08787e-06 0.00654213 2.32291e-05 0.000721353 4.57653e-08 2.2169e-11 7.76578e-09 0.00182015 1.54825e-07 2.70163e-11 0.000473018 7.38686e-06 0.000872893 0.000938484 0.00823869 1.78656e-11 
5.4146e-06 5.41886e-06 5.42001e-06 0.422773 5.41902e-06 5.4198e-06 0.331624 5.40611e-06 5.41946e-06 5.41186e-06 0.0211408 5.41077e-06 5.41127e-06 0.00379704 5.4202e-06 5.41249e-06 5.40921e-06 5.41737e-06 0.0563698 5.4189e-06 0.164204 5.4199e-06 5.41312e-06 
4.13251e-07 4.28066e-08 0.122748 0.635703 0.000366847 0.000301433 0.0327462 0.00031116 0.00524895 8.37688e-08 0.0146963 1.00227e-10 0.0058687 0.00385816 0.00473811 0.00147814 0.000122936 0.00926028 0.00725424 0.00187623 0.147034 0.00552725 0.000859122 
1.33354e-11 2.18947e-05 1.56744e-12 0.729826 3.73211e-12 2.31703e-07 0.223348 3.18061e-11 0.00193351 1.92917e-11 0.00221624 2.16658e-11 2.97067e-05 3.16304e-07 1.10769e-07 3.05447e-08 2.50967e-11 7.56301e-08 0.0023794 0.0296488 0.0105964 2.81086e-08 1.17849e-07 
0.000130354 0.000202955 0.159103 0.200641 0.0270619 0.0409275 0.0302559 5.95476e-05 0.00880956 7.89583e-05 0.0514022 0.000165701 4.28647e-05 0.00865226 0.193709 2.91901e-06 0.000660601 0.0123959 0.0350894 0.162365 0.0550999 0.013022 0.000122015 
7.77316e-07 2.08345e-05 0.0502244 0.318522 0.0893055 0.0495839 0.00369266 0.00271037 0.0704274 0.00116972 0.233813 0.00205321 1.62407e-06 0.000728848 0.0247617 4.39412e-05 0.00101022 0.0217013 0.000219226 0.0061789 0.0567799 0.067051 5.16562e-09 
1.33354e-11 2.18947e-05 1.56744e-12 0.729826 3.73211e-12 2.31703e-07 0.223348 3.18061e-11 0.00193351 1.92917e-11 0.00221624 2.16658e-11 2.97067e-05 3.16304e-07 1.10769e-07 3.05447e-08 2.50967e-11 7.56301e-08 0.0023794 0.0296488 0.0105964 2.81086e-08 1.17849e-07 
6.14005e-05 1.62874e-05 0.111976 0.2946 0.00514439 0.0106501 0.116294 4.30725e-05 0.000736376 0.000217076 0.0953343 1.06247e-06 1.77312e-05 5.80254e-05 0.24635 2.40066e-06 2.8457e-06 1.60503e-05 0.010228 0.0833918 0.00564661 0.0192116 4.98114e-09 
0.000517787 0.00139174 0.0542898 0.557243 0.00821892 0.017046 0.0666223 0.000882548 0.00871199 3.4486e-05 0.0109094 0.00925857 0.000165452 0.00172389 0.0583818 3.85116e-06 0.00293658 0.00441383 0.132936 0.00884533 0.0330874 0.0143341 0.0080452 
3.85807e-05 1.66186e-10 0.010993 0.341057 0.00125525 0.0382434 0.116612 0.00261301 0.0279069 1.37273e-05 0.00949382 0.00826228 2.6857e-07 0.000115706 0.0079995 1.24958e-05 0.00217409 0.0218906 0.186579 0.00152984 0.196675 0.0265339 3.86099e-07 
3.30133e-07 0.00161926 0.156177 0.215763 0.191105 0.0318887 0.0451959 0.00191209 0.0184052 0.00247508 0.0582205 0.00194673 0.00560914 0.00310471 0.111436 0.000396334 3.33102e-05 0.0439635 0.020025 0.0219716 0.0292744 0.0286509 0.0108257 
0.000182903 1.42198e-07 0.0287978 0.411549 0.00378135 0.0285118 0.0937685 2.27419e-05 0.000837109 1.11703e-07 0.152941 1.81996e-06 0.000147672 0.000461 0.134916 3.87366e-08 0.000454383 0.00469434 0.00204799 0.000302584 0.0450304 0.0449041 0.046647 
0.00167582 6.60994e-05 0.198678 0.312787 0.0301266 0.0282758 0.0197817 4.41003e-05 0.0383992 4.40934e-06 0.0629106 0.0152005 0.00356201 0.00096235 0.0630109 0.00040019 7.82049e-07 0.02892 0.000660137 0.00593059 0.0835836 0.104973 4.69184e-05 
0.00119198 0.000561954 0.0406439 0.560064 0.00956892 0.0319726 0.0894107 6.73782e-05 0.0220236 0.000107922 0.020214 0.000345634 0.0023662 0.0207278 0.0406871 1.234e-05 5.01324e-05 0.0190021 0.0772887 0.0129877 0.0391678 0.0113384 0.000199335 
0.0848846 1.05004e-06 0.183788 0.455318 0.00830388 0.0305369 8.96275e-10 6.12515e-09 0.0154996 3.37881e-05 0.106185 4.17235e-09 0.0119462 1.74532e-09 0.0205364 3.45811e-09 4.83306e-09 1.21537e-05 0.000476389 0.0017226 0.0774462 0.00330435 5.51976e-06 
2.33004e-05 4.10225e-06 0.00167517 0.230477 0.12009 9.44354e-06 0.151762 2.47972e-07 0.00160185 0.163485 0.162285 0.000538272 1.7158e-09 0.000397195 4.16951e-06 1.4961e-09 6.83616e-05 0.00110369 0.0228263 9.48614e-06 0.054849 0.0887852 4.14984e-06 
0.000208102 0.000238121 0.138772 0.306717 0.0123009 0.0869344 0.0168604 3.76076e-05 0.0169534 0.000177749 0.0786669 0.000190175 1.97899e-05 0.0047184 0.102285 1.51593e-06 0.000358095 0.0153835 0.0406378 0.028284 0.0552593 0.0949963 3.60083e-10 
0.0275529 2.5045e-05 2.50503e-05 0.443422 2.50457e-05 2.50493e-05 0.0325818 2.4986e-05 2.50477e-05 0.00252628 0.17786 2.50076e-05 2.50099e-05 2.50345e-05 0.130292 2.50155e-05 2.50003e-05 2.50381e-05 2.50486e-05 2.50451e-05 0.185366 2.50498e-05 2.50184e-05 
0.00819031 0.0153182 0.0702298 0.369938 0.0191484 0.0883392 0.00883457 0.00145149 0.019116 0.000446713 0.147805 0.00296882 0.00235684 0.000208936 0.0483026 3.04837e-05 2.20134e-06 0.102548 0.00506811 0.000485337 0.0779099 0.0112956 5.68007e-06 
7.54332e-07 7.54926e-07 7.55087e-07 0.798893 0.0123064 0.0200852 0.0127584 7.53149e-07 0.0113259 7.53951e-07 0.00649367 7.53799e-07 0.00927335 7.5461e-07 0.0268073 7.54038e-07 0.00648154 0.0421896 0.0071736 0.0106453 0.0355592 7.55071e-07 7.54125e-07 
1.44312e-05 1.36962e-05 0.13865 0.583601 0.0252578 0.0300057 0.0305714 6.1701e-05 0.000247906 7.62591e-06 0.00527505 0.00129764 0.00249822 0.000904117 0.0608142 8.09141e-06 4.73089e-06 0.0229566 0.00717284 0.000638202 0.0701888 0.0160629 0.00374773 
0.00204477 1.66175e-07 0.0852425 0.634144 0.00850178 0.0206848 0.00937568 8.3062e-06 0.0139411 0.000158906 0.0116989 0.000193115 0.000897082 0.00815387 0.0082597 7.578e-06 0.00102573 0.00238432 0.0157153 0.00148854 0.153105 0.0229679 4.88323e-07 
0.00259937 3.083e-05 0.228672 0.262181 0.0143965 0.189449 0.0330724 0.000108656 0.101449 6.48357e-05 0.0137291 0.000213923 0.0138763 0.023869 0.026058 7.32915e-08 5.14895e-05 0.0217589 0.0255637 0.00116354 0.0229379 0.0187539 7.15574e-08 
2.27944e-09 1.75515e-09 0.0803177 0.388325 0.00142513 0.0618985 0.0185042 4.54709e-05 0.00211712 1.17728e-12 0.0014837 3.27908e-08 1.05173e-05 3.10742e-05 0.378215 1.09582e-12 7.40866e-05 2.10999e-07 0.00348614 0.0299421 0.0279485 0.0061751 1.01278e-12 
4.83741e-08 7.82531e-06 0.0853345 0.788456 0.00255289 0.00267325 0.019975 0.00111064 0.00126008 1.51798e-07 0.00169248 8.03413e-06 4.80857e-08 0.000170268 0.0606878 7.83918e-09 8.57186e-05 1.12511e-07 0.00576724 0.024045 0.00259074 0.00358199 2.06525e-10 
0.0139059 0.000946146 0.0744424 0.40427 0.0289537 0.20207 0.0550568 0.00213648 0.000234898 0.00187598 0.118768 0.000274455 0.000137269 0.00120728 0.0630301 9.17354e-07 8.78446e-05 0.00522781 0.00422949 0.00103539 0.0182826 0.00380977 1.57708e-05 
1.33354e-11 2.18947e-05 1.56744e-12 0.729826 3.73211e-12 2.31703e-07 0.223348 3.18061e-11 0.00193351 1.92917e-11 0.00221624 2.16658e-11 2.97067e-05 3.16304e-07 1.10769e-07 3.05447e-08 2.50967e-11 7.56301e-08 0.0023794 0.0296488 0.0105964 2.81086e-08 1.17849e-07 
0.00719231 0.000874563 0.121105 0.308243 0.00726479 0.00901607 0.0113784 0.272125 0.0352749 0.000128048 0.0188079 0.00123147 0.00911779 0.00131666 0.0787533 1.45217e-05 1.94727e-05 0.00963688 0.00855227 0.071875 0.00873491 0.0192604 7.70072e-05 
7.94536e-08 4.31474e-08 0.00803718 0.951144 0.000134566 1.43723e-11 0.0189245 4.05076e-07 0.000288479 1.23773e-07 0.00372478 1.10464e-07 1.45626e-10 0.00302693 0.00061509 4.02345e-07 6.98753e-08 1.13225e-07 0.00781243 0.000514897 0.00577044 5.41277e-06 1.17358e-10 
0.00499685 2.73565e-08 0.161526 0.319582 0.102019 0.074345 0.00558849 3.15752e-05 0.036984 2.33557e-09 0.0154977 0.00160728 1.98253e-07 3.27168e-05 0.260096 3.93742e-07 3.03836e-09 0.000233564 0.00147576 0.00118765 9.18126e-07 0.0147523 4.2707e-05 
7.54332e-07 7.54926e-07 7.55087e-07 0.798893 0.0123064 0.0200852 0.0127584 7.53149e-07 0.0113259 7.53951e-07 0.00649367 7.53799e-07 0.00927335 7.5461e-07 0.0268073 7.54038e-07 0.00648154 0.0421896 0.0071736 0.0106453 0.0355592 7.55071e-07 7.54125e-07 
0.00190363 0.00116798 0.0651532 0.391918 0.0126385 0.0286224 0.121516 0.000664218 0.0155777 0.000526904 0.0386745 0.00223285 0.000734444 0.00379553 0.0791414 1.23216e-05 0.00111145 0.0079728 0.11978 0.00900339 0.0820126 0.015393 0.000446597 
0.00174492 0.000114391 0.0251553 0.398679 0.00392059 0.00531482 0.0208718 0.231211 0.00446115 0.000765597 0.0177407 0.000178114 0.00187788 0.0164623 0.0713667 9.91584e-05 0.037174 0.000522993 0.0572476 0.00701854 0.0935034 0.00457004 3.0804e-07 
1.81616e-05 1.24106e-05 0.134148 0.709905 0.0213995 0.0287698 0.00721109 0.000179787 0.000991041 0.000453933 0.0334789 0.000217086 0.000355832 0.00799311 0.0277399 4.67498e-07 8.67177e-06 0.00100862 0.000817117 0.00275394 0.00715818 0.0153791 5.55277e-07 
0.000212059 3.30327e-07 0.131487 0.432704 0.0231991 0.119885 0.0315276 0.000620774 0.00228259 6.45705e-05 0.133004 0.00107296 1.61725e-05 0.000613348 0.0415783 2.11089e-05 5.92462e-06 0.00510063 0.025182 0.0149811 0.0206072 0.0158311 2.81382e-06 
1.53414e-05 1.53535e-05 1.53567e-05 0.442295 0.00155074 1.53561e-05 1.53527e-05 1.53173e-05 1.53552e-05 1.53336e-05 0.429948 0.0168789 1.53319e-05 1.5347e-05 0.0890879 1.53354e-05 1.53261e-05 1.53492e-05 1.53557e-05 1.53536e-05 1.53541e-05 0.0199787 1.53372e-05 
2.94402e-09 1.94681e-08 6.47661e-08 0.711543 4.59789e-11 0.0012516 0.175092 0.051505 0.000319036 2.3767e-10 0.00251972 2.6672e-07 3.60843e-07 1.11653e-10 0.00524635 2.21226e-10 3.09186e-10 8.95825e-11 0.0138002 0.000205895 0.0383104 0.000206158 2.04462e-10 
0.00499685 2.73565e-08 0.161526 0.319582 0.102019 0.074345 0.00558849 3.15752e-05 0.036984 2.33557e-09 0.0154977 0.00160728 1.98253e-07 3.27168e-05 0.260096 3.93742e-07 3.03836e-09 0.000233564 0.00147576 0.00118765 9.18126e-07 0.0147523 4.2707e-05 
0.000228926 2.28054e-08 0.0259066 0.709792 0.00206918 0.0880936 0.0154779 1.10434e-05 0.00547608 3.32597e-06 0.0010721 6.04912e-07 1.58435e-09 2.68142e-05 0.0324363 5.25155e-08 0.00186452 0.000453256 0.0434692 0.000877746 0.0695083 0.00322791 4.28704e-06 
1.69924e-06 0.000123021 0.294466 0.307357 0.0363579 0.0234963 0.0501344 0.00019538 0.0103516 0.000150248 0.0139829 1.29686e-05 2.1638e-08 0.00738194 0.0613719 5.0333e-06 1.81761e-07 7.12462e-05 0.0862295 0.00330077 0.0886363 0.0162362 0.00013762 
9.79843e-05 0.00632034 0.0256168 0.537625 0.0833329 0.078149 0.00685504 0.000139308 0.00310016 0.000131584 0.00645129 2.67743e-06 0.00064085 0.00396353 0.0447232 2.10997e-07 2.9489e-07 0.00110329 0.0607851 0.0100697 0.114609 0.0151884 0.0010949 
0.000664102 1.71134e-08 0.0277003 0.775133 0.05156 0.0209109 0.0484007 1.42273e-05 0.00484437 1.25492e-06 0.000296785 0.000126718 6.80268e-09 2.55029e-05 0.0260301 3.27374e-06 4.32829e-05 0.0179614 0.00544861 0.0132468 0.00643499 0.00113718 1.63174e-05 
1.05297e-10 4.60873e-08 0.00629642 0.601115 0.000863201 0.001288 0.172356 0.000239606 0.00203329 0.000299363 0.0286396 3.42317e-07 2.93095e-08 0.000394121 0.0928527 3.94529e-07 2.03476e-07 0.000290512 0.0373065 0.00047722 0.0355567 0.0199902 1.86578e-07 
0.00301327 0.000156111 0.00500965 0.567615 4.10853e-07 0.0228574 0.19605 3.11364e-06 0.000487154 1.65182e-06 0.019262 0.0016786 9.48016e-11 4.17203e-11 0.0467745 3.13415e-08 1.1553e-10 0.00541344 0.037662 0.000617498 0.08951 0.00388847 7.63988e-11 
2.0046e-06 3.0776e-06 0.0575643 0.509773 0.0207395 0.000527982 0.3195 9.80158e-06 2.56817e-05 3.62318e-05 0.000423175 0.000320382 0.000135743 0.000161989 0.01186 8.24375e-08 1.46304e-06 2.32815e-05 0.0564517 0.00100062 0.0128648 0.00857593 8.38322e-10 
0.000178336 5.32691e-05 0.0481824 0.693174 0.00304436 0.0259167 0.0399612 0.00033632 0.000972805 7.89695e-06 0.0259391 4.18314e-05 9.58254e-07 0.00147975 0.0820472 7.509e-07 2.60528e-06 0.000934712 0.0262977 0.0053205 0.0121182 0.0260803 0.00790913 
1.41417e-08 9.90575e-10 0.0014428 0.997993 2.75988e-12 0.000195579 0.000368328 2.35205e-11 8.46159e-10 1.42661e-11 1.35114e-08 1.60217e-11 1.5229e-11 6.70199e-12 6.67915e-11 1.81679e-10 1.85589e-11 8.46115e-09 1.73895e-12 2.94598e-12 5.96604e-09 1.33237e-12 1.22728e-11 
4.26567e-05 2.75028e-05 0.122199 0.498428 0.00650433 0.00264785 0.172995 0.00109478 0.0338703 3.05013e-05 0.000370476 6.9441e-05 0.00238208 0.000231461 0.0114804 3.32741e-07 2.33169e-05 0.0140547 0.0245344 0.0118095 0.0861987 0.0110052 2.00235e-10 
0.000284444 3.26061e-05 1.66836e-06 0.542302 3.31675e-07 1.01904e-07 0.265659 8.4406e-08 2.67813e-08 8.12848e-08 0.0324408 3.00398e-08 7.44218e-05 0.000221644 0.00887192 4.12722e-07 9.69634e-05 7.87587e-13 0.13628 0.00135506 0.012317 6.16555e-05 1.79757e-12 
0.00200029 0.00124308 0.0306541 0.575549 0.010184 0.0255571 0.0641626 0.00915161 0.00811482 0.000566869 0.0252637 0.00263182 0.0015474 0.00386208 0.0432179 4.82963e-05 0.000372906 0.0215281 0.0854481 0.0144978 0.0538582 0.0189704 0.00157002 
0.000420246 0.000227606 0.028603 0.813907 0.00447932 0.00732349 0.0296673 0.000149529 0.00195326 0.0022654 0.0119153 0.000598145 8.35356e-10 0.000361301 0.0592879 1.04995e-05 0.000107911 0.0124079 0.00376171 0.00265931 0.0130864 0.00680723 6.61746e-07 
2.09578e-05 4.23657e-05 0.101715 0.431552 0.00355486 0.000649481 0.0376029 6.9578e-06 0.0681242 3.43968e-07 0.0012443 1.40422e-06 2.16285e-06 0.00147579 0.0108519 6.26065e-07 3.53084e-07 0.134024 0.0722366 0.0141649 0.105681 0.0170479 8.05425e-08 
0.000119237 1.71359e-05 0.116459 0.245291 0.0161416 0.0210928 0.0696902 0.000266133 0.0583653 0.0470622 0.00484763 1.43243e-05 0.000141039 0.00130567 0.140457 9.17748e-07 1.72313e-07 0.00740364 0.157226 0.0124205 0.0711628 0.0305021 1.30274e-05 
0.00757561 0.000159576 0.068092 0.340197 0.00512915 0.00829318 0.082676 0.000640119 0.00701009 0.000240828 0.188379 8.71534e-06 3.04628e-05 0.000796513 0.0747901 0.000257448 0.000708437 0.000256423 0.135192 0.0258627 0.0360529 0.0176513 1.01777e-06 
0.00467261 0.112235 0.0339522 0.524979 0.0116238 0.00488189 0.068145 2.88329e-07 0.00167438 6.25911e-07 0.00254725 5.83841e-07 1.27103e-06 0.11631 0.00600438 2.30744e-07 1.28263e-06 0.0750861 0.0330274 0.00145718 0.00161504 0.0017849 1.27353e-09 
3.52166e-05 7.52203e-05 0.0198544 0.481615 0.0113932 0.00115118 0.0432949 0.0102242 0.00845423 0.000100931 0.0208964 7.44465e-08 3.90761e-08 0.000504083 0.0375986 1.73741e-07 0.000141278 0.00287046 0.209754 0.0458762 0.0964069 0.0097409 1.21741e-05 
7.54332e-07 7.54926e-07 7.55087e-07 0.798893 0.0123064 0.0200852 0.0127584 7.53149e-07 0.0113259 7.53951e-07 0.00649367 7.53799e-07 0.00927335 7.5461e-07 0.0268073 7.54038e-07 0.00648154 0.0421896 0.0071736 0.0106453 0.0355592 7.55071e-07 7.54125e-07 
1.41417e-08 9.90575e-10 0.0014428 0.997993 2.75988e-12 0.000195579 0.000368328 2.35205e-11 8.46159e-10 1.42661e-11 1.35114e-08 1.60217e-11 1.5229e-11 6.70199e-12 6.67915e-11 1.81679e-10 1.85589e-11 8.46115e-09 1.73895e-12 2.94598e-12 5.96604e-09 1.33237e-12 1.22728e-11 
0.000317025 0.00485377 0.0454925 0.274843 0.000990792 0.00170734 0.174824 0.00694488 0.156972 6.2043e-05 0.0377542 0.000377933 0.000308494 0.000375378 0.0427066 1.41932e-05 2.60488e-07 0.0237328 0.0563936 0.0364113 0.131366 0.0031543 0.000396462 
0.000245453 0.00292196 0.0200259 0.636376 0.0281512 0.0409788 0.00263494 3.94015e-05 0.00808788 0.000431312 0.0108851 0.00130647 0.036322 0.0135771 0.0372843 7.56858e-07 0.000728376 0.000929769 0.0362792 0.00856433 0.0698258 0.0444042 1.12933e-10 
7.05324e-05 0.0851195 0.0874001 0.233414 0.072351 0.0244662 0.00395989 2.2009e-06 0.0210203 4.34889e-05 0.0214509 0.000367121 0.000373135 0.0693162 0.0518723 0.000514782 3.56729e-05 0.0117432 0.000289195 0.187583 0.016554 0.11006 0.0019934 
1.38365e-09 2.0101e-07 0.00151564 0.740283 0.00123233 0.0037332 0.0134683 4.90391e-06 0.000186748 0.000982306 0.0322703 1.11275e-06 7.78066e-06 0.00465273 0.00951424 1.86316e-09 1.22876e-06 0.00044671 0.063178 0.0145027 0.0925448 0.0214738 1.13645e-07 
0.00101287 8.7054e-11 0.0120181 0.75465 0.0259435 0.126054 9.58166e-05 0.000160757 9.29477e-05 2.82373e-06 0.00797477 0.00918571 8.5525e-07 0.000132602 0.0135205 2.4404e-07 5.3941e-10 0.0268358 0.000300803 0.00170699 0.00410036 0.0154679 0.00074168 
0.000702734 8.32411e-05 0.146993 0.280267 0.00231223 0.0200726 0.0537865 0.00094584 0.0332651 0.00454521 0.036962 0.000252955 0.000679793 0.0016441 0.0656087 7.9328e-05 2.87528e-05 0.0340802 0.0723285 0.0073537 0.219595 0.0179016 0.000513194 
0.00233279 3.82042e-05 0.00670191 0.533577 0.00906199 0.020301 0.0610155 3.71735e-05 0.00182286 0.000283408 0.0535905 0.000497214 6.86389e-05 0.000889163 0.00856395 4.37466e-07 3.83061e-05 0.000113652 0.152689 0.00144345 0.0539319 0.0929993 2.87032e-06 
0.000109647 0.000200313 0.01791 0.478687 0.0507916 0.0277397 0.0237046 0.000495315 0.0989825 5.04552e-05 0.12299 0.00109258 0.000729693 0.00143323 0.0428861 0.00825222 0.000505716 0.00719406 0.000539754 0.00198285 0.0618207 0.0462411 0.00566076 
0.000360323 0.000143461 0.010963 0.590549 0.00417784 0.00173192 0.0149769 2.22369e-05 0.000216387 0.000315275 0.0126359 2.1726e-05 5.14326e-05 0.000266615 0.000726614 3.11072e-06 0.00022964 0.00855256 0.01378 9.48335e-05 0.339034 0.00110674 3.99411e-05 
1.08816e-09 9.18621e-06 0.0183634 0.418781 0.00101577 0.0501415 0.0992204 0.0773039 0.00138349 5.66302e-08 0.0572579 0.00662507 8.50619e-05 6.51276e-07 0.112065 1.98619e-08 2.12338e-10 0.00985133 0.0124201 0.0087517 0.126196 0.000528043 3.97295e-08 
9.27815e-05 0.000339014 0.0949074 0.467709 0.000988796 0.0398277 0.101699 7.80416e-06 0.00240954 7.19046e-11 0.00149625 8.07534e-11 7.6758e-11 0.00391134 0.0041604 1.87148e-08 0.000109014 0.00130312 0.00324195 9.40474e-05 0.274991 0.0027095 3.00921e-06 
0.00591824 0.000353349 0.0616893 0.336326 0.0729835 0.0416966 0.116343 0.000148224 0.0897855 0.000236216 0.02608 2.45332e-05 3.8756e-06 0.000183595 0.110488 0.000178029 2.22475e-05 0.0084782 0.0285742 0.0400555 0.0310435 0.0233723 0.00601624 
3.62189e-06 1.92496e-10 0.000405237 0.939407 0.00479667 0.0312547 0.00645244 8.37669e-06 0.00549813 1.80772e-05 0.000561074 4.42071e-08 2.52372e-11 7.4703e-09 0.00141569 1.22115e-07 3.07553e-11 0.000555168 8.05677e-05 0.000678944 0.00196535 0.00689923 2.03382e-11 
0.0096679 1.53018e-05 0.0169124 0.487684 0.00196464 0.00975844 0.0641584 1.97691e-05 0.0099788 8.93098e-06 0.0214539 3.58529e-09 6.95412e-05 0.000478424 0.10194 2.97155e-09 6.90811e-06 0.00635441 0.213696 0.0141294 0.0335687 0.00813309 6.38548e-07 
0.00135473 0.00148547 0.0414359 0.557223 0.00886362 0.0293665 0.0448548 0.00188217 0.00766961 0.00209104 0.0322971 0.00111357 0.000745154 0.00296321 0.0488414 0.000325036 0.00132632 0.00627731 0.114223 0.00955327 0.0726561 0.0123929 0.00105972 
0.000414084 0.0139757 0.0198202 0.239358 0.0980861 0.0436067 0.0640962 9.58485e-05 0.00971748 0.00191932 0.0920396 0.000916432 5.73302e-05 0.0870373 0.0506697 6.36268e-05 0.00486672 0.0049485 0.0169539 0.0265888 0.142098 0.0672338 0.0154362 
0.00010142 0.000134015 0.0260546 0.891914 0.00135683 0.00231699 0.0514367 0.000111579 0.000753714 2.32094e-05 0.00613251 7.25301e-09 3.41052e-10 5.25571e-05 0.00820474 2.35725e-07 4.08614e-09 0.000823497 0.00220832 0.000703546 0.00329068 0.00437913 1.39827e-06 
0.00184139 0.000586195 0.0264966 0.5042 0.0126071 0.02403 0.0815365 0.00162984 0.00665955 0.00131287 0.0488135 0.00109266 0.00385623 0.00873298 0.0423324 0.00208016 0.00135248 0.00712128 0.132332 0.0090152 0.0623545 0.0194805 0.000535968 
4.38066e-05 0.0168152 0.0853286 0.191183 0.0207692 0.0182619 0.00386418 0.00173103 0.126395 6.14208e-05 0.0205613 0.0296487 0.00322442 0.000564314 0.164345 1.92894e-06 4.98322e-06 0.0252346 0.0532945 0.0292834 0.00976231 0.173434 0.0261872 
3.17995e-06 2.13305e-09 0.00150164 0.890066 0.0344034 0.0472665 0.00486291 4.50015e-06 0.00407597 1.51459e-05 0.000450238 7.61165e-07 4.48795e-09 1.65188e-05 0.00113424 2.4948e-07 5.46924e-09 0.00029728 4.19153e-05 0.000544874 0.0101847 0.00512954 3.61675e-09 
4.65167e-06 1.9362e-10 0.00051905 0.930067 0.00616701 0.0401843 0.00341446 6.08787e-06 0.00654213 2.32291e-05 0.000721353 4.57653e-08 2.2169e-11 7.76578e-09 0.00182015 1.54825e-07 2.70163e-11 0.000473018 7.38686e-06 0.000872893 0.000938484 0.00823869 1.78656e-11 
0.000135962 0.149495 0.0837853 0.311822 0.00302262 0.0088365 0.120321 0.000560365 0.000926076 6.1823e-05 0.0609262 8.51624e-05 0.00675722 0.00253683 0.0387784 0.097825 0.0110949 0.000251974 0.0504623 0.00780768 0.00488352 0.0396239 2.62339e-09 
0.0131816 2.56001e-05 0.154499 0.212141 0.0437962 0.0139367 0.0542956 0.000526061 0.0594925 0.000316462 0.0307452 0.0144959 0.000448949 0.000803893 0.139789 2.08757e-05 0.000740422 0.023238 0.0176774 0.00548058 0.173487 0.0381806 0.00268225 
0.00194804 8.13811e-05 0.0737788 0.405611 0.0343084 0.158423 0.00105857 7.28654e-07 0.0139371 3.12009e-09 0.112734 3.50406e-09 2.94928e-08 0.031544 0.111157 1.10059e-07 1.40965e-06 1.91373e-05 0.000416679 0.000196456 0.010829 0.0439551 2.54365e-07 
0.0023914 0.000129549 0.0772148 0.387173 0.0371925 0.0657524 0.102751 0.00220579 0.00312649 0.000167243 0.0272916 0.00110618 9.62049e-05 0.00179569 0.0859441 3.75761e-07 5.92921e-05 0.030328 0.0194099 0.0328728 0.0901971 0.0327398 5.44856e-05 
0.00109476 1.06892e-07 4.13669e-08 0.926851 9.84954e-08 5.36395e-08 0.0715238 8.39405e-07 7.24243e-08 5.09133e-07 1.05002e-05 5.71788e-07 5.43498e-07 5.78101e-06 6.67757e-05 4.73907e-07 0.000113005 1.91903e-07 2.14255e-05 0.000214101 9.46503e-05 4.75499e-08 4.37995e-07 
0.00105082 2.10586e-05 0.108398 0.571599 0.000352873 0.18541 0.0130631 2.83986e-07 0.0339748 1.22479e-10 0.00229919 1.37551e-10 1.30746e-10 0.00141369 0.0285035 1.14005e-10 1.59333e-10 0.0100897 0.0141876 0.0136582 0.00216588 0.0138117 1.89847e-07 
0.000839511 2.8228e-07 0.0164954 0.782297 0.0023518 0.0281198 0.0440777 0.000187444 4.10797e-05 2.78449e-09 0.0724243 1.25497e-05 0.000367997 3.96577e-05 0.0395216 2.45311e-07 9.94069e-06 0.000422002 0.00266834 1.14052e-06 0.00325719 0.00686465 3.82876e-08 
1.12774e-08 8.8297e-07 0.013206 0.780613 0.00659164 0.0155178 0.0518078 7.17106e-05 0.00086686 3.24222e-08 2.47425e-05 1.61841e-07 1.9902e-06 6.57265e-09 0.00132001 3.32222e-09 3.28749e-05 0.0184034 0.0302959 0.00323465 0.0766622 0.00134859 1.72476e-08 
1.67614e-06 5.23266e-06 0.0277821 0.670536 0.0077546 0.00919765 0.0512339 0.000457135 0.000519728 2.60304e-06 0.166858 4.55707e-05 0.000155146 8.75119e-05 0.0179423 2.93652e-06 0.000108656 0.00243348 0.00834548 0.00159032 0.0191635 0.00648248 0.00929414 
7.19191e-05 0.0843372 0.0748725 0.360989 0.00291117 0.0250663 0.115959 0.000139923 0.000391617 0.000105735 0.127312 0.000260567 0.000142954 0.0774142 0.0950733 1.33518e-05 6.44775e-06 0.000347913 0.00080513 0.00920385 0.0137384 0.0108378 1.16458e-07 
0.000297066 1.2907e-05 0.144386 0.248982 0.0248559 0.23008 0.00500395 0.000347513 0.0897994 2.24391e-05 0.00756893 0.000680915 0.000622729 0.00112369 0.133093 7.38137e-05 1.66539e-06 0.0109325 0.00677724 0.0402425 0.0187515 0.0350066 0.00133703 
