0.00183064 7.89536e-09 0.0676019 0.0526882 0.714313 0.00208054 0.0883232 7.47621e-06 6.4742e-05 0.000182912 0.00383477 0.000167355 1.43018e-08 5.11395e-07 0.0594253 2.2871e-09 0.000136608 0.00127192 0.0058782 0.000408757 0.000655486 0.00112819 7.76317e-09 
4.31223e-08 2.48961e-05 0.169574 0.0788798 0.307676 0.0810442 0.061134 0.0015448 0.00812948 0.00293937 0.0258102 7.28387e-06 6.80572e-05 0.000270645 0.18746 4.92134e-06 4.60514e-07 0.0155195 0.00676199 0.00763241 0.0289418 0.0148347 0.00174115 
0.00174039 0.4166 0.0301172 0.0599602 0.431536 0.00163271 0.00391897 7.89624e-05 0.00100401 6.733e-05 0.00390359 0.000484953 8.8842e-07 0.012631 0.00170472 1.1413e-06 9.47703e-10 0.00104637 0.000482428 0.0287846 0.00353906 0.000754761 1.10996e-05 
0.00183064 7.89536e-09 0.0676019 0.0526882 0.714313 0.00208054 0.0883232 7.47621e-06 6.4742e-05 0.000182912 0.00383477 0.000167355 1.43018e-08 5.11395e-07 0.0594253 2.2871e-09 0.000136608 0.00127192 0.0058782 0.000408757 0.000655486 0.00112819 7.76317e-09 
7.52714e-06 8.27566e-05 0.0498685 0.00666042 0.360448 0.0687515 0.00171242 1.09367e-06 0.186708 2.20364e-08 0.0167326 4.54498e-05 0.000305827 0.00141759 0.0476955 4.84124e-06 0.000159522 0.00396872 0.0128906 0.0748932 0.00477702 0.162692 0.000176532 
4.47392e-05 3.90781e-05 0.0373252 0.16981 0.43692 0.168444 0.00820032 6.92375e-05 0.00946609 3.60315e-07 0.0223593 0.000105096 0.003326 0.000436318 0.0131546 1.54938e-07 2.19737e-07 0.0408583 0.00110322 0.00176783 0.00662088 0.0360057 0.0439433 
0.00032946 0.00102808 0.0408578 0.0593991 0.513112 0.046986 0.00190558 0.000305401 0.0289682 0.000271234 0.0198468 0.00809081 0.00456105 0.00802905 0.040146 0.00403851 0.00134609 0.0042823 0.0182997 0.0246022 0.00949031 0.140321 0.0237834 
0.0208262 0.00883329 0.0143608 0.048875 0.529503 0.01289 0.000153201 1.19956e-05 0.00165357 0.0314853 0.261157 0.000558103 0.000216889 0.00275453 0.0165152 9.36549e-06 0.000158377 0.0116154 0.000126794 0.024419 0.0094397 0.00439337 4.39553e-05 
0.00183064 7.89536e-09 0.0676019 0.0526882 0.714313 0.00208054 0.0883232 7.47621e-06 6.4742e-05 0.000182912 0.00383477 0.000167355 1.43018e-08 5.11395e-07 0.0594253 2.2871e-09 0.000136608 0.00127192 0.0058782 0.000408757 0.000655486 0.00112819 7.76317e-09 
0.00183064 7.89536e-09 0.0676019 0.0526882 0.714313 0.00208054 0.0883232 7.47621e-06 6.4742e-05 0.000182912 0.00383477 0.000167355 1.43018e-08 5.11395e-07 0.0594253 2.2871e-09 0.000136608 0.00127192 0.0058782 0.000408757 0.000655486 0.00112819 7.76317e-09 
0.00183064 7.89536e-09 0.0676019 0.0526882 0.714313 0.00208054 0.0883232 7.47621e-06 6.4742e-05 0.000182912 0.00383477 0.000167355 1.43018e-08 5.11395e-07 0.0594253 2.2871e-09 0.000136608 0.00127192 0.0058782 0.000408757 0.000655486 0.00112819 7.76317e-09 
2.19514e-05 0.0259103 0.0129705 0.0162733 0.486622 0.148747 0.00224135 0.00111828 0.0758748 3.13339e-05 0.00357562 0.000798781 0.00052228 0.000653104 0.0132538 5.88487e-07 5.70752e-06 0.0119583 0.00498344 0.130097 0.00184601 0.0624907 3.87891e-06 
0.000117487 0.0153541 0.155294 0.0120079 0.561894 0.0416509 0.0519891 2.1906e-05 0.00910532 2.08894e-05 0.00111082 9.7569e-06 0.000281399 0.00130106 0.0459557 2.88237e-06 0.000551268 0.00194899 0.00330698 0.0618659 0.0028174 0.0333828 8.40902e-06 
0.000289365 1.32819e-05 0.00499633 0.00445083 0.652974 0.0285944 0.0254975 3.05643e-05 2.96113e-05 6.09963e-06 0.089028 0.099389 0.00083191 0.00018399 0.0122593 2.30483e-06 4.20621e-06 0.0479157 0.000158315 0.00268648 0.00039565 0.0282066 0.00205625 
8.55215e-08 0.00151206 0.0978252 0.113025 0.255544 0.0262971 0.00247088 4.03519e-05 0.0987962 5.71238e-06 0.00951385 4.35722e-05 0.00711688 0.00534492 0.110554 1.63168e-06 2.55185e-06 0.00106 0.00444588 0.102355 0.00160926 0.162435 2.26418e-11 
0.00152966 0.000398555 0.0627846 0.0237235 0.379876 0.0980069 0.00499207 2.2067e-05 0.03835 0.000127312 0.00530172 0.00224242 0.000948289 0.00214406 0.0952341 4.21549e-07 4.47835e-05 0.0166772 0.00402212 0.0614666 0.0128037 0.189226 7.73283e-05 
3.42058e-05 0.000100904 0.0587901 0.0449877 0.379386 0.0340412 0.0209634 0.0164957 0.106129 0.00321752 0.0991107 0.00138064 0.00111454 0.0542753 0.0388867 2.44857e-05 0.000681198 0.0116101 0.0131937 0.0185236 0.0762181 0.0208359 7.85512e-10 
0.00183064 7.89536e-09 0.0676019 0.0526882 0.714313 0.00208054 0.0883232 7.47621e-06 6.4742e-05 0.000182912 0.00383477 0.000167355 1.43018e-08 5.11395e-07 0.0594253 2.2871e-09 0.000136608 0.00127192 0.0058782 0.000408757 0.000655486 0.00112819 7.76317e-09 
2.38685e-05 0.0120775 0.0149497 0.00695998 0.442172 0.0366326 3.95336e-05 2.79925e-07 0.00399194 2.76757e-07 0.137802 0.0814038 2.77221e-05 0.0598659 0.0124492 2.09998e-05 0.00219139 0.000389005 1.59098e-05 0.00520448 0.000829537 0.182951 2.51536e-06 
0.00286957 3.62996e-07 0.00247255 0.00147275 0.858107 0.0144815 0.00654904 0.00798433 2.45946e-07 1.72896e-06 0.0244502 0.00563296 1.84567e-06 0.0073922 0.0187681 1.60934e-06 2.24922e-06 6.51682e-07 2.1075e-07 0.00303515 0.00992548 0.0368487 1.48739e-06 
0.00183064 7.89536e-09 0.0676019 0.0526882 0.714313 0.00208054 0.0883232 7.47621e-06 6.4742e-05 0.000182912 0.00383477 0.000167355 1.43018e-08 5.11395e-07 0.0594253 2.2871e-09 0.000136608 0.00127192 0.0058782 0.000408757 0.000655486 0.00112819 7.76317e-09 
2.22781e-05 0.000130446 0.0293191 0.0209033 0.362854 0.210935 0.000124262 2.33073e-05 0.0251163 0.210752 0.0200565 0.00153799 0.0313032 0.000496126 0.0537977 6.9027e-07 2.39188e-06 0.000833669 0.0014059 0.00258911 0.00513341 0.0223491 0.00031365 
8.52136e-05 0.000559286 0.182242 0.0783802 0.288865 0.0740654 0.0049143 0.000541199 0.0344837 0.000241913 0.0149274 0.000252072 0.00176398 0.00940866 0.208192 1.85689e-05 0.000882526 0.00720385 0.0170986 0.010126 0.0174628 0.0480102 0.00027537 
0.000244971 1.90976e-10 0.0672704 0.00692486 0.501536 0.0841053 0.0575621 1.66771e-06 0.00920934 4.41399e-06 0.134425 1.02157e-09 9.71024e-10 0.00578694 0.0041318 8.87143e-08 4.40703e-07 0.0991034 0.00126661 2.00145e-05 0.0158471 0.0121434 0.000415878 
0.014127 0.000449142 0.0330018 0.0329046 0.400735 0.048085 0.00278767 2.18344e-07 0.0106624 0.0144182 0.0022359 0.00300952 0.000223371 0.0114163 0.334894 6.81557e-06 5.42287e-05 0.0028953 0.0277187 0.0216501 0.00401598 0.0347094 1.28663e-09 
0.00155063 0.00862673 0.062997 0.03643 0.304577 0.0404553 0.00189843 0.00131733 0.0266887 0.00488901 0.0261402 0.000632977 0.00117873 0.0211338 0.137358 0.00158229 0.00119107 0.00504556 0.0106418 0.137508 0.0214649 0.146521 0.000171008 
0.000191902 9.82723e-05 0.220879 0.00591877 0.501583 0.0537675 0.00471314 0.000227749 0.00692714 1.29589e-05 0.00099578 0.00146459 0.000203223 0.000420135 0.157821 7.64387e-06 3.66579e-05 0.000976534 1.92361e-05 0.0240533 0.0134651 0.00621625 2.12714e-07 
3.33057e-06 1.07185e-05 6.93722e-05 0.0163911 0.607668 0.0136253 0.0369552 3.55621e-09 0.013809 1.40961e-05 0.000235537 2.99876e-07 5.75099e-06 5.99677e-05 0.0139772 4.46128e-06 2.37873e-05 0.00171922 0.00101407 0.11225 0.173609 0.00855417 1.8556e-09 
0.000467942 1.22975e-08 0.159512 0.130886 0.25189 0.111357 0.00133508 0.00496136 0.0191693 8.71605e-05 0.0248093 0.000189386 0.000123371 0.00188895 0.118327 3.71618e-05 4.8694e-06 0.0319562 0.000376188 0.0587719 0.0353038 0.048304 0.000241085 
0.00700054 0.000110355 0.00628094 0.0161276 0.825758 0.0837863 0.000421569 0.000272416 0.000935302 9.9399e-06 0.0025745 1.11631e-05 0.00012634 0.000233165 0.0158373 6.65255e-05 0.000112035 0.00380996 0.00338845 0.000401389 0.00103437 0.0315998 0.000101814 
0.000672834 0.000695562 0.0231398 0.147628 0.148781 0.0420283 0.00169673 0.000588535 0.0504491 0.00323796 0.0458588 0.000983146 5.64605e-08 0.133166 0.0703384 7.11403e-05 0.000394518 0.140429 0.0166583 0.104508 0.0142081 0.054152 0.000314833 
0.000596328 7.25475e-05 0.0421235 0.0337417 0.389975 0.197383 0.00247513 0.000966049 0.00537036 0.000183042 0.0112899 0.000120797 0.000169798 0.0161597 0.0790232 2.94401e-06 3.66339e-05 0.00101486 0.0218526 0.0961128 0.0122586 0.0851029 0.00396799 
0.00183064 7.89536e-09 0.0676019 0.0526882 0.714313 0.00208054 0.0883232 7.47621e-06 6.4742e-05 0.000182912 0.00383477 0.000167355 1.43018e-08 5.11395e-07 0.0594253 2.2871e-09 0.000136608 0.00127192 0.0058782 0.000408757 0.000655486 0.00112819 7.76317e-09 
0.000111803 1.58022e-05 0.0304283 0.0102668 0.32143 0.045591 0.00161024 3.15575e-05 0.19866 6.16608e-06 0.00118341 9.51876e-05 8.83722e-06 0.000647045 0.240118 1.25517e-05 0.000556663 0.0128261 0.02203 0.0172843 0.00145425 0.0956326 2.68684e-07 
2.11339e-06 3.6535e-07 0.0660242 0.0235131 0.513377 0.0382118 0.00127284 0.0499406 0.11846 0.000292766 0.00497187 0.000217375 0.000217694 0.00113669 0.0252395 0.00040362 0.000179179 0.00614637 0.00132818 0.0316033 0.00412542 0.113311 2.53833e-05 
0.00183064 7.89536e-09 0.0676019 0.0526882 0.714313 0.00208054 0.0883232 7.47621e-06 6.4742e-05 0.000182912 0.00383477 0.000167355 1.43018e-08 5.11395e-07 0.0594253 2.2871e-09 0.000136608 0.00127192 0.0058782 0.000408757 0.000655486 0.00112819 7.76317e-09 
0.000181662 0.0119397 0.0539727 0.0527832 0.533606 0.0115364 0.000923507 2.39965e-05 0.0693936 2.81878e-05 0.0211894 0.0116468 0.00074385 0.00279609 0.0972081 9.93087e-08 1.30565e-06 0.0186784 0.000318122 0.0236852 0.0135661 0.0757704 7.23758e-06 
0.000332286 0.0715832 0.0352168 0.0436075 0.287499 0.0548464 0.0924657 0.000218225 0.164032 0.00699207 0.0186006 0.00409821 0.00897048 0.0067358 0.0563492 5.97989e-07 1.73283e-06 0.00739607 0.0410927 0.0436934 0.0150122 0.0408456 0.000410183 
0.00183064 7.89536e-09 0.0676019 0.0526882 0.714313 0.00208054 0.0883232 7.47621e-06 6.4742e-05 0.000182912 0.00383477 0.000167355 1.43018e-08 5.11395e-07 0.0594253 2.2871e-09 0.000136608 0.00127192 0.0058782 0.000408757 0.000655486 0.00112819 7.76317e-09 
0.0421278 0.0581856 0.0971232 0.101036 0.37163 0.0228972 9.53801e-07 0.00685248 9.53953e-07 9.52615e-07 0.135554 0.021621 0.000381957 0.00534024 0.0222311 9.52724e-07 9.52147e-07 0.0511132 9.53985e-07 0.0339582 0.017934 9.5403e-07 0.0120067 
0.00183064 7.89536e-09 0.0676019 0.0526882 0.714313 0.00208054 0.0883232 7.47621e-06 6.4742e-05 0.000182912 0.00383477 0.000167355 1.43018e-08 5.11395e-07 0.0594253 2.2871e-09 0.000136608 0.00127192 0.0058782 0.000408757 0.000655486 0.00112819 7.76317e-09 
0.000240175 0.000145357 0.127131 0.0250715 0.309367 0.0958598 0.00189639 2.12659e-05 0.0464868 3.9083e-05 0.022037 0.000741939 1.71335e-05 0.0282014 0.05642 8.13291e-05 0.000261619 0.00504716 0.00957369 0.063373 0.0235084 0.179746 0.00473277 
0.00561739 0.00520797 0.146677 0.0326192 0.372247 0.0950442 0.0024268 3.0812e-05 0.0373253 0.000625558 0.0170081 0.0022598 0.00778686 0.0108666 0.039774 1.97439e-05 0.00138719 0.0246284 0.00449459 0.0185216 0.00696323 0.15988 0.00858767 
5.25821e-07 1.1741e-06 0.00165676 0.00330212 0.76518 0.0202439 1.69271e-07 1.60788e-06 0.155853 4.20364e-05 0.00548107 9.50041e-07 0.000231202 2.56908e-07 0.00688334 1.69784e-08 2.37291e-08 0.0108826 8.173e-06 0.000458396 0.00941695 0.0185295 0.00182626 
0.00183064 7.89536e-09 0.0676019 0.0526882 0.714313 0.00208054 0.0883232 7.47621e-06 6.4742e-05 0.000182912 0.00383477 0.000167355 1.43018e-08 5.11395e-07 0.0594253 2.2871e-09 0.000136608 0.00127192 0.0058782 0.000408757 0.000655486 0.00112819 7.76317e-09 
0.00183064 7.89536e-09 0.0676019 0.0526882 0.714313 0.00208054 0.0883232 7.47621e-06 6.4742e-05 0.000182912 0.00383477 0.000167355 1.43018e-08 5.11395e-07 0.0594253 2.2871e-09 0.000136608 0.00127192 0.0058782 0.000408757 0.000655486 0.00112819 7.76317e-09 
0.00183064 7.89536e-09 0.0676019 0.0526882 0.714313 0.00208054 0.0883232 7.47621e-06 6.4742e-05 0.000182912 0.00383477 0.000167355 1.43018e-08 5.11395e-07 0.0594253 2.2871e-09 0.000136608 0.00127192 0.0058782 0.000408757 0.000655486 0.00112819 7.76317e-09 
0.000300931 3.11524e-05 0.0162303 0.0471398 0.499404 0.0661825 0.00248701 4.08933e-07 0.0116255 0.000260702 0.00621657 0.000123503 0.000460691 7.27154e-05 0.0340694 1.32477e-07 3.04428e-08 0.0190346 0.00246521 0.0012359 0.0131274 0.279517 1.52843e-05 
0.00183064 7.89536e-09 0.0676019 0.0526882 0.714313 0.00208054 0.0883232 7.47621e-06 6.4742e-05 0.000182912 0.00383477 0.000167355 1.43018e-08 5.11395e-07 0.0594253 2.2871e-09 0.000136608 0.00127192 0.0058782 0.000408757 0.000655486 0.00112819 7.76317e-09 
7.90024e-05 0.0112328 0.136234 0.0231428 0.285941 0.0797711 0.00511614 9.9264e-05 0.0546123 0.000516107 0.00259615 0.000227536 0.00125953 0.0320109 0.114273 4.8963e-07 4.87219e-05 0.0409418 0.00645724 0.00409437 0.00642085 0.194688 0.000236294 
0.00136614 0.0217889 0.0593833 0.0427438 0.312058 0.0194308 0.0827212 0.000332715 0.0133112 0.000507581 0.0281883 0.00184057 0.00384814 0.0660448 0.0906936 3.07789e-05 6.22777e-06 0.00114267 0.0105312 0.0355842 0.0513668 0.157057 2.22826e-05 
0.00269864 3.66171e-05 0.0856591 0.0131733 0.235931 0.0622259 0.00109948 1.75658e-05 0.00663611 0.000687682 0.0151689 0.0126264 0.00237657 0.222828 0.147661 1.81765e-08 0.000455374 0.00162214 0.0011808 0.00839745 0.00466846 0.174013 0.00083702 
0.000219702 0.0172972 0.0521481 0.0645778 0.208692 0.0916356 0.0037386 0.000287745 0.0287964 0.00526858 0.0461004 0.00193861 0.00100817 0.00820707 0.197097 8.96822e-05 0.000936271 0.016167 0.0215988 0.0233804 0.0245225 0.186175 0.000117285 
1.31186e-06 1.52939e-05 0.157899 0.0379924 0.27599 0.0266956 0.00256606 0.0122077 0.0321346 8.4612e-06 9.97046e-06 8.34309e-12 1.50232e-06 0.00107344 0.160309 5.37275e-06 9.66427e-12 0.00246377 0.000173676 0.192773 0.0044653 0.0553148 0.0378996 
0.00183064 7.89536e-09 0.0676019 0.0526882 0.714313 0.00208054 0.0883232 7.47621e-06 6.4742e-05 0.000182912 0.00383477 0.000167355 1.43018e-08 5.11395e-07 0.0594253 2.2871e-09 0.000136608 0.00127192 0.0058782 0.000408757 0.000655486 0.00112819 7.76317e-09 
0.000770856 7.89652e-05 0.0328043 0.00377211 0.224043 0.0660576 0.00118728 0.000597246 0.130094 1.74303e-07 0.0720417 0.0630273 3.42395e-05 0.0193433 0.124747 9.9141e-05 1.52694e-05 0.000109644 5.08597e-06 0.0162717 0.163117 0.0325596 0.0492241 
3.31042e-07 9.06003e-07 0.00897061 0.0145182 0.625671 0.0832788 0.0329121 2.66366e-06 0.039542 0.000365133 0.093253 7.43151e-05 4.04225e-05 0.00367451 0.0129689 1.19176e-06 5.05928e-06 0.0169235 5.38019e-05 0.00719679 0.0467016 0.00305319 0.0107915 
4.31223e-08 2.48961e-05 0.169574 0.0788798 0.307676 0.0810442 0.061134 0.0015448 0.00812948 0.00293937 0.0258102 7.28387e-06 6.80572e-05 0.000270645 0.18746 4.92134e-06 4.60514e-07 0.0155195 0.00676199 0.00763241 0.0289418 0.0148347 0.00174115 
0.00183064 7.89536e-09 0.0676019 0.0526882 0.714313 0.00208054 0.0883232 7.47621e-06 6.4742e-05 0.000182912 0.00383477 0.000167355 1.43018e-08 5.11395e-07 0.0594253 2.2871e-09 0.000136608 0.00127192 0.0058782 0.000408757 0.000655486 0.00112819 7.76317e-09 
0.000274356 0.000194086 0.119808 0.024082 0.315297 0.078952 0.000435732 5.31304e-05 0.180095 0.000331355 0.00159772 0.0125481 7.14635e-07 0.00072682 0.185371 4.27571e-08 0.00613005 0.0198878 0.00709198 0.0113742 0.0102194 0.0254909 3.80641e-05 
2.29725e-06 0.00188329 0.0932541 0.019345 0.531601 0.152633 0.00166959 3.71214e-05 0.000116216 0.000134078 0.0218855 2.63173e-05 0.00287624 0.0173617 0.00184492 3.36991e-06 5.28173e-05 0.00193028 1.75169e-05 0.0522639 0.000178182 0.10088 3.57758e-06 
0.000565667 9.47209e-05 0.0337885 0.0217936 0.638798 0.0755631 0.00512112 4.72095e-05 0.0151259 6.64147e-05 0.0354239 0.00148077 3.83055e-05 0.00155981 0.0616256 0.00548327 9.29775e-05 0.000906116 0.000343199 0.0355227 0.0010406 0.0648244 0.00069403 
0.00174039 0.4166 0.0301172 0.0599602 0.431536 0.00163271 0.00391897 7.89624e-05 0.00100401 6.733e-05 0.00390359 0.000484953 8.8842e-07 0.012631 0.00170472 1.1413e-06 9.47703e-10 0.00104637 0.000482428 0.0287846 0.00353906 0.000754761 1.10996e-05 
2.27876e-06 5.14351e-05 0.104067 0.0521859 0.302442 0.00679862 0.020903 3.50779e-05 0.134372 0.00147659 0.0776681 0.00421459 9.96865e-05 0.00543085 0.0685772 4.0372e-06 5.52579e-05 0.165745 0.00403106 0.00620157 0.0231582 0.0224793 1.35556e-06 
0.051025 1.22828e-05 0.119717 0.0411791 0.619701 0.00236907 7.22037e-05 0.00406955 0.00460211 4.91728e-06 0.124804 5.52241e-06 5.24918e-06 4.16444e-05 0.000116732 3.93713e-05 6.39692e-06 0.00827318 2.75434e-05 0.00033385 9.26986e-05 0.00398937 0.0195113 
0.00178002 1.85236e-05 0.0316393 0.0130795 0.816754 0.0393717 0.00171003 4.38429e-06 0.00364686 2.10605e-05 0.00527751 0.00261971 0.0199496 0.0010194 0.0271864 2.67657e-08 1.69071e-08 0.000871517 0.000434374 0.00749251 0.0170303 0.00864414 0.00144905 
0.00183064 7.89536e-09 0.0676019 0.0526882 0.714313 0.00208054 0.0883232 7.47621e-06 6.4742e-05 0.000182912 0.00383477 0.000167355 1.43018e-08 5.11395e-07 0.0594253 2.2871e-09 0.000136608 0.00127192 0.0058782 0.000408757 0.000655486 0.00112819 7.76317e-09 
5.41448e-05 0.000971146 0.0290168 0.042426 0.548321 0.0703468 0.00480756 6.35814e-05 0.0147381 4.90437e-05 0.0228202 0.000524069 0.00159139 0.00253373 0.0299259 2.29323e-05 0.00204804 0.00130426 0.00464879 0.0146494 0.00446201 0.203907 0.000768423 
0.0243699 0.000277068 0.0393432 0.0208556 0.40893 0.0739118 0.0460853 4.35397e-05 0.00602355 0.000240263 0.032801 0.00520919 4.85786e-05 0.00013595 0.0425828 4.18759e-06 1.45116e-05 0.0521037 5.74101e-05 0.0501316 0.194988 0.00167913 0.00016382 
0.0252947 4.14041e-05 0.00449295 0.0583098 0.333862 0.0507439 0.000840026 0.00399179 0.00502633 0.294308 0.0221386 9.16444e-05 0.00513338 0.00489954 0.00937558 4.20476e-06 5.64052e-05 0.0130143 0.0132012 0.0864152 0.026239 0.0425195 1.07427e-06 
0.00473399 0.00462984 0.0466491 0.0642271 0.615463 0.0405384 0.00612603 0.000164985 0.03295 6.40071e-05 0.0103421 0.00623624 1.038e-05 0.000373092 0.0576433 1.82081e-11 7.00599e-09 0.0311927 0.000867602 0.016226 0.0582273 0.00331969 1.48024e-05 
3.28464e-07 5.09625e-07 0.00508548 0.000669043 0.984977 0.000688533 2.8243e-05 1.02766e-09 1.75601e-07 6.23316e-10 9.07248e-05 9.54792e-08 6.65389e-10 1.27409e-08 0.000537632 5.8019e-10 8.10876e-10 0.00602449 5.17787e-09 1.08168e-07 0.00162451 0.000272818 5.36224e-10 
4.29634e-06 1.91662e-06 0.026717 0.0816989 0.592538 0.106092 0.00013407 2.28355e-06 0.0290644 0.0133192 0.0285323 0.000834583 0.000220804 1.72834e-05 0.0189085 1.97332e-06 0.000130858 0.0516603 0.00111836 0.000737728 0.0158735 0.0323891 2.35197e-06 
0.000531846 0.000596561 0.00948058 0.00509116 0.605744 0.0432957 0.00123552 5.35298e-05 0.0380294 0.00243836 0.0140001 0.000278535 0.00063736 0.000244578 0.0665789 4.87627e-06 3.84136e-05 0.0103389 9.09725e-05 0.00708327 0.0855195 0.108637 5.02071e-05 
0.000315243 0.00240466 0.0420678 0.0949651 0.282153 0.0302342 0.00245466 0.0018865 0.236578 1.991e-05 0.0906956 0.000414432 0.000927339 0.00249495 0.0687775 0.0281536 0.00715067 0.0177924 0.00536133 0.0220059 0.010246 0.0494553 0.00344622 
0.000592228 0.00665571 0.0896241 0.0855811 0.325941 0.0636844 0.0074558 0.00134244 0.0543322 0.000751477 0.0174042 0.000385214 0.000713415 0.0125564 0.155113 2.00336e-05 0.000842601 0.00480208 0.0100323 0.0269706 0.0418737 0.0933167 9.41412e-06 
0.000685834 0.0209936 0.0704934 0.104357 0.248443 0.0512566 0.00638048 0.000352412 0.0238723 7.99414e-05 0.0270947 0.00256259 0.0063082 0.0159125 0.137049 3.34071e-06 6.97951e-05 0.0187587 0.0206379 0.0173525 0.0147618 0.212568 6.74529e-06 
0.000723028 0.00550519 0.0552582 0.00797488 0.628697 0.0191145 0.069766 4.74473e-05 0.00652468 0.000219836 0.0465124 0.00464159 0.00039666 0.00255769 0.0147413 6.96819e-10 3.94456e-08 0.00221208 0.00359993 0.0621975 0.0555343 0.0137761 1.06153e-07 
1.21696e-05 1.79156e-05 0.00952582 0.00977278 0.646729 0.0369559 0.000287807 8.88784e-05 0.0813412 8.57643e-06 0.00576554 0.00122977 0.000274424 0.000862287 0.103057 0.000513534 1.89754e-06 0.00376456 0.000230856 0.0047722 0.0213515 0.0734341 1.77661e-06 
4.31223e-08 2.48961e-05 0.169574 0.0788798 0.307676 0.0810442 0.061134 0.0015448 0.00812948 0.00293937 0.0258102 7.28387e-06 6.80572e-05 0.000270645 0.18746 4.92134e-06 4.60514e-07 0.0155195 0.00676199 0.00763241 0.0289418 0.0148347 0.00174115 
2.34918e-07 0.0122569 0.0445989 0.00214088 0.436731 0.000669347 0.234725 0.000101571 6.04165e-07 1.19827e-07 0.0028981 1.45544e-06 0.000451213 0.0492907 0.01144 3.81969e-10 3.08023e-06 4.72254e-08 0.000534918 0.18014 0.0197915 0.00422427 8.44271e-08 
0.0019525 3.16437e-06 0.0546913 0.0775669 0.540322 0.00173096 0.01836 6.58921e-05 0.0809875 0.00208534 0.0636261 0.000362114 0.000106997 0.000439084 0.0299182 2.59062e-06 2.08419e-08 0.025476 0.00811687 0.0137163 0.0677334 0.0127361 1.03161e-06 
2.24417e-06 0.123668 0.0843387 0.0452808 0.520973 0.00746878 0.0136145 1.40463e-05 0.00262773 4.18688e-05 0.000634442 2.57559e-06 0.0006533 0.000439924 0.161953 4.78298e-06 7.23315e-06 0.00434641 0.0113862 0.00396085 0.00177606 0.0168057 2.18744e-08 
3.69866e-06 2.78975e-05 0.00308414 0.124009 0.672258 0.0877811 0.00357331 4.26613e-06 0.0294711 4.36535e-05 0.00637715 0.000968974 0.000102572 0.000282608 0.0039688 3.35246e-08 4.68541e-08 0.00651144 0.00147172 0.00828143 0.0146952 0.0365889 0.000494965 
0.00183064 7.89536e-09 0.0676019 0.0526882 0.714313 0.00208054 0.0883232 7.47621e-06 6.4742e-05 0.000182912 0.00383477 0.000167355 1.43018e-08 5.11395e-07 0.0594253 2.2871e-09 0.000136608 0.00127192 0.0058782 0.000408757 0.000655486 0.00112819 7.76317e-09 
0.000190614 0.00314454 0.0177824 0.0234765 0.660819 0.102262 0.00138452 4.79467e-05 0.0278113 0.00118255 0.0321742 0.000249723 2.77428e-05 0.00445535 0.0214373 1.13105e-06 0.00408261 0.0151526 0.0013296 0.00644491 0.0286975 0.0444296 0.0034169 
1.09481e-06 1.2745e-05 0.0514416 0.0107931 0.563941 0.0490496 0.000459096 1.71781e-07 0.127767 4.35368e-05 0.00960126 0.000767479 2.38391e-07 0.00110973 0.0322034 1.94909e-06 0.000194329 0.0364035 5.50906e-05 0.0444427 0.0417162 0.0292575 0.000737685 
0.000155729 9.17349e-05 0.0419763 0.0265082 0.400406 0.0365758 0.00026053 1.67125e-05 0.0642591 0.00110348 0.100295 0.00453319 5.56041e-05 0.00790595 0.138029 8.5976e-05 2.43524e-06 0.00557052 0.00643743 0.000103006 0.0674426 0.0947364 0.00344946 
1.29246e-06 0.00035363 0.00566854 0.0626576 0.42018 0.0031455 0.00298233 0.00028026 0.0205887 0.000284546 0.0175176 0.000304393 0.00214703 0.0118092 0.0846449 0.00103821 1.26181e-05 0.00274779 0.0034083 0.0178657 0.0237353 0.318626 7.58926e-09 
0.00148644 3.27351e-05 0.0597314 0.270072 0.303114 0.189637 0.00283851 0.00105882 0.00191239 0.00315677 0.016121 0.000123554 0.00244362 0.0839408 0.0183927 7.00104e-06 1.25479e-06 0.00719467 0.000565132 0.00232816 0.00449676 0.0312914 5.35405e-05 
0.000968911 0.00307794 0.020297 0.0164177 0.364171 0.107715 0.000525711 8.43306e-05 0.290357 0.00473977 0.00642793 0.000194205 4.53992e-05 0.000403045 0.0239918 6.38387e-07 2.23796e-06 0.0826736 0.00352363 0.00943044 0.00904806 0.0541567 0.00174801 
0.00052995 0.00683175 0.0278422 0.0682856 0.667446 0.0693322 5.25089e-06 5.23879e-06 5.25173e-06 5.24437e-06 0.0252129 0.00682155 5.24379e-06 5.24895e-06 0.0546307 5.24497e-06 5.24179e-06 5.2497e-06 5.25191e-06 5.25118e-06 0.0729993 5.25216e-06 5.24558e-06 
0.000185728 9.95973e-06 0.0204072 0.106638 0.465677 0.146471 0.000422953 6.30606e-05 0.0304259 5.35358e-07 0.00713573 0.000905056 0.0106514 0.000635053 0.0456505 0.000168455 0.000546505 0.000352707 0.0140235 0.000264298 0.0746091 0.0734319 0.00132491 
0.00052995 0.00683175 0.0278422 0.0682856 0.667446 0.0693322 5.25089e-06 5.23879e-06 5.25173e-06 5.24437e-06 0.0252129 0.00682155 5.24379e-06 5.24895e-06 0.0546307 5.24497e-06 5.24179e-06 5.2497e-06 5.25191e-06 5.25118e-06 0.0729993 5.25216e-06 5.24558e-06 
0.000360825 1.53507e-05 0.0677805 0.0182157 0.383523 0.10449 0.0126175 1.86578e-05 0.0203343 0.0301522 0.0843631 5.66114e-05 0.000684139 0.00037405 0.0209268 5.45865e-05 1.1487e-05 0.0444693 0.00719016 0.00783385 0.028561 0.167842 0.000124562 
1.92333e-05 0.0189098 0.0865493 0.0767005 0.253587 0.152892 0.00202272 8.26459e-05 0.011606 6.49154e-06 0.0404438 0.000298046 1.76276e-05 0.00114466 0.217431 1.6837e-05 5.02628e-05 0.0502871 0.0231459 0.00101362 0.0196696 0.0437741 0.000332196 
0.00183064 7.89536e-09 0.0676019 0.0526882 0.714313 0.00208054 0.0883232 7.47621e-06 6.4742e-05 0.000182912 0.00383477 0.000167355 1.43018e-08 5.11395e-07 0.0594253 2.2871e-09 0.000136608 0.00127192 0.0058782 0.000408757 0.000655486 0.00112819 7.76317e-09 
0.00183064 7.89536e-09 0.0676019 0.0526882 0.714313 0.00208054 0.0883232 7.47621e-06 6.4742e-05 0.000182912 0.00383477 0.000167355 1.43018e-08 5.11395e-07 0.0594253 2.2871e-09 0.000136608 0.00127192 0.0058782 0.000408757 0.000655486 0.00112819 7.76317e-09 
1.26151e-06 3.26562e-07 0.00581927 0.000923409 0.888912 0.000705053 1.75612e-05 7.41993e-06 0.0783643 4.36511e-06 0.00506834 9.67206e-07 1.20186e-06 1.49516e-06 0.00311686 0.000602367 3.76004e-08 0.00328077 9.46289e-06 0.00819154 0.00377955 0.00119207 2.48648e-08 
0.00696866 0.0310385 0.00601874 0.0487569 0.689154 0.0269832 0.00126276 2.35123e-06 0.000217874 0.000215216 0.011649 0.0308975 0.0021204 3.89461e-06 0.0426021 7.85422e-07 4.18621e-05 0.0663724 0.00895841 0.0033995 0.00442586 0.0189045 5.46634e-06 
0.00530174 0.000192208 0.0334834 0.00480966 0.510442 0.0404864 0.00175636 0.000138518 0.000836624 3.30153e-05 0.0350111 6.35856e-05 7.50956e-05 0.000458973 0.116629 0.00102363 7.5138e-05 0.135311 0.00763884 0.00302512 0.0996628 0.00321214 0.000334112 
3.17678e-06 2.5297e-06 0.00176987 0.00173649 0.964813 0.00243118 4.51553e-06 1.96795e-09 0.00162947 0.0179777 0.000410164 2.95117e-06 7.24223e-05 5.6458e-05 8.95735e-07 2.64483e-08 7.84163e-07 4.84732e-07 1.33961e-07 0.000618813 4.6901e-05 0.00842208 1.82913e-07 
0.000595916 2.1163e-08 0.0349818 0.0324768 0.67994 0.0736764 0.000241482 5.36978e-07 0.00600653 1.47367e-05 0.0198436 0.00151219 6.79209e-05 0.0428251 0.0275915 8.61071e-07 0.000236508 0.0319836 1.71522e-06 0.000631082 0.00762911 0.0397427 8.07546e-10 
0.0018275 0.00960978 0.31023 0.0177872 0.450277 0.0186061 0.00541551 5.50896e-05 0.00785137 4.52279e-08 0.00566198 6.46226e-05 3.74147e-05 0.00122473 0.0355418 1.91238e-08 6.89421e-06 0.00213842 0.000374292 0.112316 0.00882617 0.0113848 0.000763593 
0.00183064 7.89536e-09 0.0676019 0.0526882 0.714313 0.00208054 0.0883232 7.47621e-06 6.4742e-05 0.000182912 0.00383477 0.000167355 1.43018e-08 5.11395e-07 0.0594253 2.2871e-09 0.000136608 0.00127192 0.0058782 0.000408757 0.000655486 0.00112819 7.76317e-09 
4.27297e-10 3.4385e-07 0.0670309 0.0549644 0.676238 0.0747713 0.00184227 1.52107e-07 0.0332361 5.48736e-05 0.00041677 0.000113109 0.00115251 1.51552e-07 1.62938e-05 6.51577e-08 8.04153e-10 0.010879 0.000347886 0.060751 7.0276e-07 0.0181839 4.31405e-07 
0.00175978 0.00341131 0.0611767 0.00642321 0.379276 0.20167 0.00498914 5.33856e-07 0.0396258 2.37178e-06 0.0039733 0.00217334 0.00288531 0.0103254 0.0260989 1.46088e-07 1.80813e-05 0.00418112 6.72697e-05 0.0683932 0.00069985 0.182849 3.84843e-09 
0.00118086 0.000133213 0.0754964 0.0477989 0.337324 0.0840745 0.0243203 0.031035 0.0042457 0.000612406 0.0338681 0.000422686 2.78743e-05 0.000209807 0.192934 0.000628007 0.000177209 0.0754878 0.0207016 0.0132889 0.043558 0.0121916 0.000283272 
2.48983e-06 6.24882e-05 0.0378051 0.0179547 0.789006 0.0207861 0.000182523 2.31608e-05 0.0132498 0.000623786 0.00356528 4.68277e-05 0.000248758 0.0128607 0.0395825 1.06054e-06 4.12908e-05 0.010053 0.000244503 0.00119948 0.0021901 0.050055 0.000215334 
0.00183064 7.89536e-09 0.0676019 0.0526882 0.714313 0.00208054 0.0883232 7.47621e-06 6.4742e-05 0.000182912 0.00383477 0.000167355 1.43018e-08 5.11395e-07 0.0594253 2.2871e-09 0.000136608 0.00127192 0.0058782 0.000408757 0.000655486 0.00112819 7.76317e-09 
0.0010128 0.00497851 0.129512 0.103905 0.2021 0.084321 0.00387553 0.00388965 0.0251585 0.00564853 0.0129822 0.00545121 0.00134135 0.00373923 0.102662 0.000152771 9.42358e-06 0.137307 0.00170856 0.0263963 0.0106972 0.128374 0.00477657 
0.00183064 7.89536e-09 0.0676019 0.0526882 0.714313 0.00208054 0.0883232 7.47621e-06 6.4742e-05 0.000182912 0.00383477 0.000167355 1.43018e-08 5.11395e-07 0.0594253 2.2871e-09 0.000136608 0.00127192 0.0058782 0.000408757 0.000655486 0.00112819 7.76317e-09 
0.0404992 5.63348e-10 0.0113096 0.0171052 0.758869 1.40262e-06 0.000225761 1.63655e-06 1.38517e-07 0.00276707 0.0587235 0.072533 8.07447e-08 4.8109e-07 0.000319849 1.0814e-05 3.49065e-09 0.00508431 8.45152e-07 0.0036994 1.29745e-06 0.0288475 2.30833e-09 
3.42058e-05 0.000100904 0.0587901 0.0449877 0.379386 0.0340412 0.0209634 0.0164957 0.106129 0.00321752 0.0991107 0.00138064 0.00111454 0.0542753 0.0388867 2.44857e-05 0.000681198 0.0116101 0.0131937 0.0185236 0.0762181 0.0208359 7.85512e-10 
0.00116264 0.00253642 0.0895212 0.0298354 0.268586 0.126303 0.00301016 9.0731e-05 0.120917 0.000470299 0.00682423 0.00207635 0.000430022 0.00114729 0.188959 0.000113762 7.85706e-05 0.0180918 0.0155312 0.0201038 0.0292255 0.0742058 0.000780814 
0.00221396 0.000348726 0.0121887 0.00802849 0.429192 0.0268969 0.0007286 9.33676e-05 0.139079 0.00533494 0.0544012 0.00183359 0.00016124 0.00729707 0.0160405 1.62802e-05 0.000119612 0.0334215 0.0454096 0.078424 0.0143456 0.115312 0.00911272 
1.32006e-06 4.38237e-08 0.148914 0.0408239 0.30072 0.0284768 0.00275852 0.00742387 0.030268 4.74587e-06 6.79991e-06 8.82393e-12 3.07415e-08 0.00106898 0.168889 4.77585e-06 1.02212e-11 0.000491651 0.000153413 0.193728 0.00481298 0.059207 0.0122451 
0.000170053 2.81175e-05 0.0096266 0.00558255 0.910963 0.00247198 2.21575e-05 4.04102e-09 0.00082387 1.2937e-05 0.046967 2.75267e-09 2.61648e-09 2.32536e-05 0.00338559 2.28146e-09 3.18857e-09 0.0129278 0.000916452 1.6486e-06 0.0040739 0.00200273 2.10857e-09 
7.90909e-06 0.000777477 0.130616 0.00472439 0.214694 0.0462283 0.00137024 4.36567e-05 0.178612 1.70135e-06 0.125506 7.29986e-06 1.55672e-06 0.0966946 0.119241 9.72622e-06 1.06986e-06 0.00710183 0.00085083 0.0127454 0.0160404 0.0447233 1.25453e-06 
5.64418e-06 5.64862e-06 0.0836229 5.64992e-06 0.340063 5.64959e-06 5.64835e-06 5.63533e-06 0.189256 5.64133e-06 5.6491e-06 5.64019e-06 0.00903077 5.64625e-06 5.65002e-06 5.64197e-06 5.63855e-06 5.64707e-06 5.64944e-06 0.244028 5.64886e-06 0.133904 5.64263e-06 
0.000182991 8.60175e-05 0.258268 0.0101906 0.311008 0.0955647 0.0158455 3.60812e-05 0.0582663 0.00193758 0.027338 0.0854693 3.4016e-05 0.000953873 0.0198082 3.36148e-06 2.71079e-05 0.0327074 4.44136e-05 0.0190224 0.00921981 0.0535696 0.000417282 
3.69491e-05 0.00203999 0.0326156 0.0124285 0.445136 0.0546215 0.000414638 0.000100123 0.00358895 0.00176415 0.051941 0.00209183 0.000902193 0.0349935 0.119003 5.23502e-07 0.000562906 0.0315557 0.00224773 0.029106 0.00788169 0.166928 3.94511e-05 
0.00226351 0.0177997 0.0248964 0.0371672 0.31247 0.0679447 0.0053692 0.000519727 0.0126663 0.00199958 0.0521643 0.00197733 0.0047748 0.0777844 0.0590424 0.000893118 0.000388359 0.00671531 0.0106563 0.0312026 0.0170925 0.251855 0.00235721 
0.000426233 1.10907e-05 0.00679174 0.11284 0.393334 0.0449327 0.00329891 0.000431091 0.0284124 1.47668e-05 0.0934571 3.96351e-05 0.000425499 0.00109427 0.24445 8.28431e-05 1.32242e-05 0.026863 0.00106216 0.00203218 0.00576757 0.0339791 0.000240674 
0.000295217 1.66225e-08 0.0821386 0.0451444 0.523903 0.0810073 0.000672085 0.000139864 0.038376 1.78787e-05 0.0352956 0.000750302 3.38527e-05 0.0260972 0.0419271 5.97229e-05 0.000121378 0.0374099 3.22658e-05 0.010537 0.0165537 0.0594874 1.31459e-09 
0.00116677 0.00612139 0.0268884 0.0184558 0.666677 0.0194287 0.0538905 2.34883e-07 0.00852877 2.77903e-05 0.000955038 0.00120464 0.000239456 0.0127606 0.0178592 5.3911e-11 7.53462e-11 0.000803863 0.0117352 0.119924 0.0209365 0.0123961 1.30484e-08 
0.00084268 0.00491035 0.0629174 0.0210622 0.485043 0.0993375 0.00155805 3.76411e-05 0.034215 0.00639003 0.027225 0.000782573 0.000820052 0.00201003 0.118676 0.00191622 5.9944e-05 0.00960861 0.000706128 0.0347478 0.00647858 0.0794808 0.00117419 
1.97359e-05 0.000588872 2.68253e-05 0.00721036 0.61567 0.149647 6.10336e-05 4.93671e-05 0.00150757 0.00869592 0.0822065 1.31267e-06 2.0074e-05 0.000234283 2.97772e-05 1.08796e-06 1.52054e-06 0.0167865 1.34933e-05 0.00223475 0.000567158 0.114089 0.000337937 
0.000142164 0.000379883 0.0164699 0.0119627 0.680167 0.105465 0.00020277 3.24946e-05 0.00610548 0.0024898 0.0258586 0.00173571 0.00021126 0.0447039 0.0166982 1.21457e-05 0.00800072 0.00149806 0.00752889 0.00265941 0.00320654 0.0644559 1.30219e-05 
2.64244e-05 1.30703e-05 0.0248766 0.00113071 0.659623 0.0102484 7.80147e-05 3.28558e-08 0.08725 4.7574e-05 4.03759e-07 0.000611021 0.000423996 9.24999e-06 0.00891713 1.16954e-08 2.72021e-08 0.00575763 0.0357634 0.0992658 0.00204805 0.0639095 1.64955e-07 
7.29809e-08 2.2166e-08 0.00911401 0.00108013 0.810726 0.0762073 2.00449e-06 2.73886e-05 0.0282372 1.05578e-07 0.0053381 1.1857e-07 4.34019e-06 4.95987e-08 0.00105775 9.82729e-08 0.000134542 0.0404216 1.04727e-06 0.00125779 0.011656 0.014584 0.000150447 
0.0404992 5.63348e-10 0.0113096 0.0171052 0.758869 1.40262e-06 0.000225761 1.63655e-06 1.38517e-07 0.00276707 0.0587235 0.072533 8.07447e-08 4.8109e-07 0.000319849 1.0814e-05 3.49065e-09 0.00508431 8.45152e-07 0.0036994 1.29745e-06 0.0288475 2.30833e-09 
0.000866364 0.000405 0.0563784 0.0156007 0.315715 0.0299919 0.00119221 0.000182743 0.220127 0.00287365 0.0154405 0.000432976 0.000122509 0.00153981 0.049217 5.73992e-05 3.58622e-05 0.239896 0.00431149 0.00859454 0.0142527 0.0218952 0.000870909 
0.00183064 7.89536e-09 0.0676019 0.0526882 0.714313 0.00208054 0.0883232 7.47621e-06 6.4742e-05 0.000182912 0.00383477 0.000167355 1.43018e-08 5.11395e-07 0.0594253 2.2871e-09 0.000136608 0.00127192 0.0058782 0.000408757 0.000655486 0.00112819 7.76317e-09 
1.12939e-05 3.40344e-05 0.128239 0.0399727 0.371749 0.231729 0.0011495 2.76882e-10 0.0268641 0.000453098 0.0353956 0.0035443 1.57127e-05 0.000302492 0.0732316 4.51953e-07 2.25811e-05 0.00437061 9.82579e-05 0.00140878 0.0100894 0.0713188 2.84083e-08 
4.31223e-08 2.48961e-05 0.169574 0.0788798 0.307676 0.0810442 0.061134 0.0015448 0.00812948 0.00293937 0.0258102 7.28387e-06 6.80572e-05 0.000270645 0.18746 4.92134e-06 4.60514e-07 0.0155195 0.00676199 0.00763241 0.0289418 0.0148347 0.00174115 
0.00145569 0.0063825 0.0515848 0.0339378 0.33093 0.101225 0.00525812 0.000433876 0.035158 0.00128978 0.0261447 0.00310505 0.00317913 0.0108311 0.0961532 0.00205799 0.000730663 0.0115067 0.00834528 0.0276357 0.0159585 0.224103 0.00259435 
0.000179561 3.5197e-06 0.0319835 0.101582 0.703563 0.0405569 0.00200047 1.56728e-05 0.00755679 0.000437897 0.00944178 0.00253341 7.67258e-06 9.97141e-05 0.0133211 4.2424e-06 1.9598e-05 0.00297338 0.00518475 0.0234258 0.0348683 0.0202406 7.50416e-08 
0.000200691 8.36522e-07 0.103383 0.0197515 0.397579 0.114062 0.0081341 7.21058e-05 0.00281561 4.81445e-07 0.166437 4.68179e-05 1.79619e-05 0.00527465 0.158196 1.69482e-06 1.30188e-05 1.76426e-05 0.000960537 0.000721515 0.00440803 0.0178304 7.51191e-05 
0.000120628 0.000161776 0.157203 0.0918486 0.232867 0.0828212 0.0316679 0.000150384 0.0666716 1.25437e-07 0.0397184 0.000156313 5.44346e-05 0.00113877 0.069886 3.19346e-06 0.000548286 0.0467966 0.00451859 0.000650484 0.0093454 0.163524 0.000147413 
0.00174039 0.4166 0.0301172 0.0599602 0.431536 0.00163271 0.00391897 7.89624e-05 0.00100401 6.733e-05 0.00390359 0.000484953 8.8842e-07 0.012631 0.00170472 1.1413e-06 9.47703e-10 0.00104637 0.000482428 0.0287846 0.00353906 0.000754761 1.10996e-05 
0.000632621 0.000158699 0.158233 0.0289578 0.207219 0.168528 0.00227904 0.000361926 0.0581771 0.000550493 0.00618412 0.000192423 0.000198849 0.013993 0.0793023 5.32321e-06 0.0052386 0.0058983 0.00793025 0.106116 0.0228191 0.119609 0.00741443 
0.000734827 0.0045923 0.0872546 0.0434897 0.242453 0.0447997 0.149735 4.34019e-05 0.142363 0.00225532 0.0191022 0.00365938 0.00245745 0.00598987 0.0634056 0.00124116 0.00109355 0.0162816 0.00688841 0.0836605 0.015677 0.0622681 0.000553894 
0.00183064 7.89536e-09 0.0676019 0.0526882 0.714313 0.00208054 0.0883232 7.47621e-06 6.4742e-05 0.000182912 0.00383477 0.000167355 1.43018e-08 5.11395e-07 0.0594253 2.2871e-09 0.000136608 0.00127192 0.0058782 0.000408757 0.000655486 0.00112819 7.76317e-09 
0.00182376 0.0109023 0.0667242 0.0667143 0.208304 0.0537676 0.00390004 0.00111478 0.0125495 0.00405844 0.0327149 0.00306601 0.00729411 0.120018 0.090251 0.00199377 0.00779065 0.00591578 0.0174824 0.0687738 0.0198682 0.194682 0.000290281 
0.00174039 0.4166 0.0301172 0.0599602 0.431536 0.00163271 0.00391897 7.89624e-05 0.00100401 6.733e-05 0.00390359 0.000484953 8.8842e-07 0.012631 0.00170472 1.1413e-06 9.47703e-10 0.00104637 0.000482428 0.0287846 0.00353906 0.000754761 1.10996e-05 
0.00183064 7.89536e-09 0.0676019 0.0526882 0.714313 0.00208054 0.0883232 7.47621e-06 6.4742e-05 0.000182912 0.00383477 0.000167355 1.43018e-08 5.11395e-07 0.0594253 2.2871e-09 0.000136608 0.00127192 0.0058782 0.000408757 0.000655486 0.00112819 7.76317e-09 
4.50457e-07 2.67743e-08 0.0912392 0.103184 0.689673 0.00117924 9.20545e-06 2.10253e-07 0.00163179 1.27527e-07 0.0674369 0.00017184 1.36135e-07 5.99102e-08 0.0155964 0.000111159 9.23498e-07 4.80675e-08 0.000990828 2.6729e-05 0.0202982 0.00844939 1.09709e-07 
0.00183064 7.89536e-09 0.0676019 0.0526882 0.714313 0.00208054 0.0883232 7.47621e-06 6.4742e-05 0.000182912 0.00383477 0.000167355 1.43018e-08 5.11395e-07 0.0594253 2.2871e-09 0.000136608 0.00127192 0.0058782 0.000408757 0.000655486 0.00112819 7.76317e-09 
0.000274356 0.000194086 0.119808 0.024082 0.315297 0.078952 0.000435732 5.31304e-05 0.180095 0.000331355 0.00159772 0.0125481 7.14635e-07 0.00072682 0.185371 4.27571e-08 0.00613005 0.0198878 0.00709198 0.0113742 0.0102194 0.0254909 3.80641e-05 
4.0792e-05 4.3208e-06 3.47138e-05 6.52842e-05 0.414628 0.191888 2.02861e-05 2.06736e-05 2.94691e-06 1.22791e-06 0.11948 0.0262864 1.04761e-05 4.00152e-05 2.03901e-05 1.26854e-09 1.77291e-09 2.41481e-06 0.000110437 3.02537e-05 0.247207 0.000106584 1.17241e-09 
0.00183064 7.89536e-09 0.0676019 0.0526882 0.714313 0.00208054 0.0883232 7.47621e-06 6.4742e-05 0.000182912 0.00383477 0.000167355 1.43018e-08 5.11395e-07 0.0594253 2.2871e-09 0.000136608 0.00127192 0.0058782 0.000408757 0.000655486 0.00112819 7.76317e-09 
7.84584e-05 0.00192256 0.0613992 0.0321933 0.661403 0.0714953 0.00144709 3.64756e-05 0.0142725 0.000272844 0.00483465 0.000947997 0.000138832 0.0013727 0.0303687 1.42134e-06 5.19161e-06 0.00867528 0.0193683 0.0224583 0.0185963 0.04408 0.00463168 
3.30357e-05 6.12783e-06 0.0305595 0.138889 0.370645 0.0879284 0.00257074 0.000576963 0.0218929 0.00289457 0.0496115 4.07448e-05 0.000134408 0.0249739 0.0596268 6.29012e-09 0.00784283 0.0536329 0.00723708 0.000708484 0.013663 0.113124 0.013408 
2.24806e-08 3.67639e-07 0.00891948 0.0152243 0.827057 0.0066471 0.000673005 1.62302e-07 0.0280465 4.37445e-07 0.0022078 6.0133e-07 0.000268692 0.000194756 0.0101835 0.000349368 1.77067e-07 0.00644912 0.000280833 0.00995304 0.0185754 0.0649638 4.05331e-06 
0.000190446 0.0040925 0.0930609 0.0402427 0.237249 0.0949129 0.00336469 0.000129494 0.0104481 0.000114725 0.0371687 0.00160215 0.000691167 0.0144086 0.051209 1.02683e-06 6.06078e-05 0.00790747 0.00673496 0.153293 0.021933 0.20689 0.0142949 
0.00886099 0.000157094 0.0441782 0.00935836 0.346989 0.197537 0.000847719 5.2994e-05 0.109652 5.63094e-05 0.0252967 0.00901776 4.97264e-06 0.000182576 0.0872412 8.54268e-06 0.00051944 0.0203395 0.00986094 0.0188153 0.00459972 0.105793 0.000630538 
4.28578e-05 0.00872663 0.0573265 0.0155371 0.37943 0.0477144 0.000832662 0.00135647 0.0325539 4.74509e-05 0.0155566 0.00197236 0.015884 0.0117007 0.0975417 1.79205e-06 0.00454504 0.0284064 0.00172816 0.0295247 0.0061076 0.241195 0.00226768 
0.000319305 1.2306e-06 0.0253698 0.0208217 0.430666 0.00567211 0.000808497 0.00276394 0.184887 0.00284171 0.00754159 0.0132182 3.53951e-06 8.17508e-05 0.274458 4.86112e-06 1.78653e-05 0.00402668 2.06157e-05 0.00245365 0.0108973 0.0131246 1.15483e-10 
0.00183064 7.89536e-09 0.0676019 0.0526882 0.714313 0.00208054 0.0883232 7.47621e-06 6.4742e-05 0.000182912 0.00383477 0.000167355 1.43018e-08 5.11395e-07 0.0594253 2.2871e-09 0.000136608 0.00127192 0.0058782 0.000408757 0.000655486 0.00112819 7.76317e-09 
