0.00171785 5.91899e-05 0.000408106 0.191172 3.06258e-08 0.0056404 0.112785 0.000167952 0.00665275 0.000466058 0.651256 1.7779e-07 7.94258e-06 7.43705e-08 0.0122334 6.58666e-06 2.67311e-05 1.66655e-05 0.00121666 0.00118067 0.0114942 0.00349168 1.36188e-07 
0.0779806 1.08249e-05 0.102475 0.00304518 1.51137e-07 0.00527923 1.88474e-07 1.28803e-06 4.46882e-06 7.81243e-07 0.133614 8.77385e-07 8.33975e-07 3.67016e-07 0.0180179 7.2719e-07 0.502126 0.00520494 4.36632e-07 0.00113513 0.144486 0.00661529 6.72085e-07 
2.05773e-06 1.22658e-06 0.597951 5.36793e-06 1.74367e-09 0.00599035 2.11898e-07 1.486e-08 0.00652827 9.01319e-09 0.092057 4.67631e-06 9.62156e-09 3.7871e-05 2.31098e-06 8.38959e-09 0.297406 2.27922e-06 2.00688e-07 1.86124e-09 2.88218e-06 8.35426e-06 7.75384e-09 
8.40842e-05 5.60426e-05 0.00219998 0.0161244 8.20847e-07 0.000155112 0.000160374 2.47581e-05 0.0868065 4.24304e-06 0.872127 0.000243923 3.55435e-05 0.00048911 0.012914 8.47584e-05 0.00107298 0.000209149 1.62471e-05 6.35234e-05 0.00667936 0.000418359 2.98198e-05 
8.05525e-08 0.000556925 2.89745e-06 0.00135753 2.59094e-12 0.000808408 3.39287e-08 9.49689e-08 0.0118902 8.30491e-08 0.270363 0.594238 0.000231725 0.0116151 0.0765637 2.54323e-07 3.99001e-07 5.04803e-12 2.74277e-08 0.00704329 0.00652058 0.0188076 1.15215e-11 
3.97434e-06 1.2071e-06 4.20255e-05 0.0125794 1.11228e-06 0.0912725 1.38705e-06 9.47913e-06 5.75156e-05 6.05521e-05 0.86848 8.33904e-05 6.13755e-06 0.000666358 0.00699073 5.35168e-06 1.30549e-05 8.6287e-06 0.000358805 0.00129087 0.000105824 0.017732 0.00022985 
1.22496e-05 3.72049e-06 8.43794e-05 0.00126735 3.42822e-06 0.000208634 5.16221e-05 0.000870708 0.143839 1.77208e-05 0.837027 0.00131481 1.8917e-05 0.000284921 0.000695642 1.64948e-05 2.30532e-05 0.000479386 7.69183e-05 0.000104979 0.0133028 0.000281176 1.52448e-05 
9.0846e-09 2.75921e-09 3.93537e-05 0.040615 2.54245e-09 0.00364685 8.0218e-05 0.000329349 5.0841e-05 3.52343e-05 0.627099 9.32197e-06 1.40293e-08 6.17401e-09 0.0613428 1.22329e-08 1.3136e-05 0.00736074 3.90003e-06 2.71389e-09 0.00199679 0.257378 1.13059e-08 
0.000107464 0.000411733 0.0326225 0.026945 5.50895e-08 0.000225936 0.000285866 5.91354e-05 0.0221336 2.11105e-07 0.644974 0.000143844 1.31918e-07 0.00363211 0.209148 0.00101504 0.00659296 0.0144764 0.000926538 0.0132904 0.00228621 0.0128349 0.00788735 
5.99986e-07 0.000741627 0.00218477 0.0449237 1.67915e-07 5.1007e-05 0.00699454 1.43102e-06 0.000359413 0.0026797 0.241871 9.74783e-07 9.26554e-07 0.000309564 0.00644458 8.07916e-07 0.00481669 0.000404211 0.000199393 0.000891388 0.68567 0.0014519 7.46693e-07 
2.02788e-10 5.07661e-05 0.0113174 0.369755 5.67532e-11 3.39147e-07 0.280714 4.83667e-10 0.00037054 2.93363e-10 0.205417 0.000199365 1.61423e-06 1.37818e-10 0.0120427 9.33867e-08 3.81638e-10 0.00138246 0.0909342 3.773e-08 0.00528365 0.0225317 2.52373e-10 
0.000107464 0.000411733 0.0326225 0.026945 5.50895e-08 0.000225936 0.000285866 5.91354e-05 0.0221336 2.11105e-07 0.644974 0.000143844 1.31918e-07 0.00363211 0.209148 0.00101504 0.00659296 0.0144764 0.000926538 0.0132904 0.00228621 0.0128349 0.00788735 
5.49874e-06 6.72765e-05 0.000197565 0.000381972 1.91747e-09 1.27101e-06 2.31562e-06 6.49034e-06 0.00012867 0.00257533 0.99143 5.50847e-05 0.000352609 2.15836e-05 0.00278469 0.000276031 2.72178e-05 3.73588e-09 3.17585e-05 0.00125149 1.35978e-05 0.000389566 8.52672e-09 
3.63755e-07 1.10481e-07 0.00435875 0.168405 1.01802e-07 0.00182466 0.00229279 8.67586e-07 0.000138864 5.26226e-07 0.738522 5.0498e-06 5.61745e-07 4.72356e-06 0.00010724 4.89817e-07 6.8457e-07 8.10322e-05 4.75266e-06 7.58782e-05 0.082987 0.000328977 0.000860072 
4.49264e-12 7.51238e-05 0.00763477 0.000522461 1.25733e-12 1.21204e-08 1.59945e-08 1.07153e-11 0.0266574 6.49926e-12 0.0680653 0.000274519 7.00733e-10 0.000352289 0.889056 0.000235294 1.09999e-08 0.000192517 8.9529e-09 0.00047422 0.000115899 0.00634419 5.59116e-12 
0.000107464 0.000411733 0.0326225 0.026945 5.50895e-08 0.000225936 0.000285866 5.91354e-05 0.0221336 2.11105e-07 0.644974 0.000143844 1.31918e-07 0.00363211 0.209148 0.00101504 0.00659296 0.0144764 0.000926538 0.0132904 0.00228621 0.0128349 0.00788735 
5.83845e-11 1.77328e-11 6.39204e-10 0.565119 1.63397e-11 0.010169 0.207611 0.000934347 0.000159259 8.44618e-11 0.00760056 8.59494e-08 1.99482e-07 8.18866e-07 1.11489e-07 7.86181e-11 1.09877e-10 1.24704e-07 0.1541 1.92874e-07 0.0539178 0.000387159 7.26605e-11 
0.000122706 0.00017616 0.24645 9.56798e-05 9.6938e-12 8.47855e-06 2.75994e-05 3.5258e-06 0.078118 4.38666e-06 0.391012 0.00149104 3.19253e-05 0.000455455 0.264776 0.00112483 0.00331056 4.09895e-08 1.52299e-05 0.00414881 0.00204375 0.00658366 4.3107e-11 
0.00153218 3.78251e-06 0.0204753 0.0707185 1.67476e-07 0.023043 2.0885e-07 1.42728e-06 6.24108e-06 0.00086582 0.67447 3.20864e-05 6.21794e-05 0.00483263 0.174016 8.05807e-07 1.1262e-06 7.72116e-05 2.13932e-05 0.002265 0.00803611 0.0195214 1.75418e-05 
2.05773e-06 1.22658e-06 0.597951 5.36793e-06 1.74367e-09 0.00599035 2.11898e-07 1.486e-08 0.00652827 9.01319e-09 0.092057 4.67631e-06 9.62156e-09 3.7871e-05 2.31098e-06 8.38959e-09 0.297406 2.27922e-06 2.00688e-07 1.86124e-09 2.88218e-06 8.35426e-06 7.75384e-09 
5.83845e-11 1.77328e-11 6.39204e-10 0.565119 1.63397e-11 0.010169 0.207611 0.000934347 0.000159259 8.44618e-11 0.00760056 8.59494e-08 1.99482e-07 8.18866e-07 1.11489e-07 7.86181e-11 1.09877e-10 1.24704e-07 0.1541 1.92874e-07 0.0539178 0.000387159 7.26605e-11 
4.22673e-08 1.60269e-11 1.42903e-06 0.865291 1.47679e-11 8.13904e-07 6.7035e-06 7.30092e-07 2.24791e-07 7.63369e-11 0.0180963 8.57311e-11 5.78657e-07 1.13685e-06 0.00285309 7.10553e-11 6.00818e-06 1.20875e-07 0.0917939 1.57637e-11 0.0219459 1.73601e-06 6.56708e-11 
0.068384 1.41614e-06 6.63846e-06 0.0678789 1.38738e-09 0.192774 1.41234e-05 4.17115e-06 8.92679e-06 7.17151e-09 0.609058 8.05406e-09 0.0171349 3.36907e-09 0.0273811 6.67533e-09 9.32947e-09 0.0140387 5.18541e-06 3.47997e-06 5.79422e-06 0.00330055 6.16948e-09 
5.98477e-10 6.97392e-05 0.000584121 0.0653641 1.67492e-10 0.000169396 0.00164404 1.42742e-09 0.00164461 8.65786e-10 0.636081 1.4189e-06 9.24224e-10 0.000281865 0.124738 8.05884e-10 0.00229544 4.3483e-07 0.000531535 0.00483339 0.158515 0.00324622 5.20206e-07 
1.29809e-07 3.9426e-08 0.000125128 0.000149297 3.63288e-08 0.00011279 4.53035e-08 3.09604e-07 0.994072 1.87787e-07 0.00239361 2.10897e-07 2.00463e-07 0.000220637 0.00053397 1.74795e-07 2.46737e-05 2.83832e-05 0.000267838 0.00017842 0.000459054 0.000447241 0.000985609 
2.50517e-10 0.000838441 0.00254907 0.000175004 7.01107e-11 3.93508e-07 5.19306e-07 5.97504e-10 0.00889445 3.6241e-10 0.613985 9.60619e-05 1.6781e-08 0.000119261 0.361748 8.06536e-05 0.00272343 6.53981e-05 2.90678e-07 0.00547569 0.00112951 0.00211865 3.11773e-10 
0.000443965 7.57557e-06 0.00225721 0.000304147 4.26566e-07 2.72985e-05 2.51586e-05 3.63532e-06 0.00405271 0.00044986 0.952541 2.47631e-06 1.67792e-05 0.00213541 4.11082e-05 2.05241e-06 9.62717e-06 5.418e-05 0.00349051 0.00106421 0.0313948 0.00167205 3.46784e-06 
1.63409e-05 1.63713e-05 0.000587778 9.835e-06 5.25599e-10 3.77859e-06 6.8828e-06 1.92654e-05 0.000382805 0.00170159 0.995313 0.000163854 0.00105483 6.42013e-05 0.000396207 5.15921e-05 8.09416e-05 1.02405e-09 5.564e-06 4.20225e-05 4.04503e-05 4.31105e-05 2.33726e-09 
0.000184611 0.000941093 0.00690663 0.11769 9.29271e-10 0.00315342 0.00697467 0.107914 0.00151409 4.8035e-09 0.700027 5.39463e-09 8.39522e-07 9.70107e-05 0.00539195 7.98167e-07 0.000367035 1.43856e-06 1.70426e-06 0.00102127 0.0456527 0.00215396 5.50577e-06 
1.07802e-05 0.00166845 0.000676096 0.000822743 2.63155e-11 9.59237e-09 0.00010464 2.24268e-10 0.000800432 0.000174111 0.335219 1.23305e-06 1.64382e-07 0.000720793 0.00931768 0.638144 0.00850948 4.02926e-05 1.23117e-06 4.19385e-05 0.00126483 0.00248196 1.17021e-10 
1.01774e-08 2.66266e-08 0.00550712 0.974119 2.31061e-12 0.000738886 0.019233 1.96917e-11 1.87284e-08 4.50604e-09 0.00012008 1.80674e-08 1.275e-11 3.61293e-07 9.26726e-05 4.4302e-08 1.55377e-11 1.26929e-05 3.71266e-08 2.78381e-09 0.000176069 1.22961e-08 1.02749e-11 
2.54317e-07 5.63343e-05 6.57934e-05 0.000230757 7.11742e-08 0.000189734 0.000141043 6.06567e-07 2.50324e-05 0.0102993 0.98398 0.000426811 2.33776e-05 0.00124343 0.00144444 8.18377e-06 0.000819459 0.000177542 7.89524e-06 7.26727e-05 8.42326e-05 0.000674492 2.88133e-05 
2.05773e-06 1.22658e-06 0.597951 5.36793e-06 1.74367e-09 0.00599035 2.11898e-07 1.486e-08 0.00652827 9.01319e-09 0.092057 4.67631e-06 9.62156e-09 3.7871e-05 2.31098e-06 8.38959e-09 0.297406 2.27922e-06 2.00688e-07 1.86124e-09 2.88218e-06 8.35426e-06 7.75384e-09 
2.94402e-09 1.94681e-08 6.47661e-08 0.711543 4.59789e-11 0.0012516 0.175092 0.051505 0.000319036 2.3767e-10 0.00251972 2.6672e-07 3.60843e-07 1.11653e-10 0.00524635 2.21226e-10 3.09186e-10 8.95825e-11 0.0138002 0.000205895 0.0383104 0.000206158 2.04462e-10 
5.83845e-11 1.77328e-11 6.39204e-10 0.565119 1.63397e-11 0.010169 0.207611 0.000934347 0.000159259 8.44618e-11 0.00760056 8.59494e-08 1.99482e-07 8.18866e-07 1.11489e-07 7.86181e-11 1.09877e-10 1.24704e-07 0.1541 1.92874e-07 0.0539178 0.000387159 7.26605e-11 
1.28777e-06 6.03789e-08 5.73737e-06 0.126278 1.05135e-09 0.00375326 0.00816683 8.95988e-09 0.000203361 8.75407e-07 0.77511 8.54105e-06 5.80134e-09 1.04086e-06 0.0413666 6.3975e-07 7.05708e-07 0.000468279 2.19364e-06 9.77062e-07 0.044631 6.74664e-07 4.29451e-07 
0.000852936 0.000101941 0.102616 0.00514562 1.29838e-12 0.0183078 0.000817251 1.10652e-11 0.39871 6.71149e-12 0.0432318 0.000196815 1.21868e-08 2.57598e-07 0.414353 4.51398e-05 3.65314e-05 0.00396357 5.34837e-05 0.00293016 1.32995e-08 0.00863777 5.77373e-12 
5.83845e-11 1.77328e-11 6.39204e-10 0.565119 1.63397e-11 0.010169 0.207611 0.000934347 0.000159259 8.44618e-11 0.00760056 8.59494e-08 1.99482e-07 8.18866e-07 1.11489e-07 7.86181e-11 1.09877e-10 1.24704e-07 0.1541 1.92874e-07 0.0539178 0.000387159 7.26605e-11 
0.000233863 0.00089045 0.000654774 0.00895076 4.04933e-08 0.000676818 0.000468861 7.09961e-08 2.25911e-06 0.0171779 0.832606 1.56903e-07 4.07453e-08 0.00319482 0.0141762 0.000739963 0.110563 0.000240848 0.00211798 0.000165941 0.00569305 0.00144605 5.03215e-08 
0.000216914 0.000238285 1.80555e-07 0.00310805 3.96272e-11 2.93165e-07 0.00128005 3.37714e-10 2.25142e-07 2.57246e-07 0.974418 2.71705e-07 2.04424e-07 0.00161443 0.000776467 0.000791012 0.00226587 7.72073e-11 4.98888e-08 1.9971e-07 0.0152878 1.31575e-07 1.34662e-06 
3.06883e-07 4.8462e-05 0.000120146 0.0123367 8.58856e-08 9.80263e-05 0.00413284 0.000344005 0.0153574 4.43952e-07 0.963418 4.98586e-07 4.73918e-07 2.08562e-07 0.00015384 0.000111377 0.00261484 1.67334e-07 2.86234e-06 0.000101639 0.000354484 5.59838e-05 0.000746702 
1.11835e-07 1.12043e-07 0.459795 6.73094e-08 3.59713e-12 0.000408616 4.7105e-08 1.3185e-07 0.0178177 1.15301e-07 0.247485 1.12139e-06 7.14764e-08 4.39385e-07 0.269805 0.000600605 0.00099767 4.0656e-08 0.00010666 2.87596e-07 2.76837e-07 0.00298023 1.59959e-11 
3.20453e-09 1.16893e-06 3.65397e-06 0.161664 8.96834e-10 5.37735e-07 4.44011e-05 7.64308e-09 2.11089e-06 2.27203e-05 0.838187 5.20633e-09 4.94874e-09 1.32869e-05 1.09472e-05 4.31509e-09 6.03078e-09 1.74734e-09 1.22628e-05 9.57308e-10 3.41674e-05 3.4208e-06 3.98809e-09 
8.14751e-05 0.000148434 0.168446 0.400735 3.03245e-05 0.0012649 3.46165e-05 9.40446e-05 0.098101 8.29917e-05 0.213569 0.000996695 5.08156e-05 0.000385195 0.0463072 0.000271894 0.000431502 0.0603721 0.000195192 0.000277375 0.00507022 0.00300891 4.45256e-05 
0.000300054 0.000485074 0.0056699 0.0083171 3.40823e-06 0.030114 0.00019753 4.2285e-05 0.0274688 0.033879 0.727989 0.0629003 4.12252e-06 0.000180054 0.0624695 0.0194708 0.00400167 3.43003e-05 6.85389e-05 0.00317382 0.0118804 0.0013273 2.34492e-05 
0.00637866 7.58651e-10 3.06594e-06 3.75693e-07 6.99054e-10 0.323491 0.00180237 5.95753e-09 0.615906 3.61348e-09 0.0373728 2.44255e-05 3.85738e-09 1.69756e-09 9.25432e-07 3.36347e-09 4.7008e-09 1.36199e-09 0.00990652 7.46191e-10 0.00510537 8.93625e-06 3.10859e-09 
0.000107464 0.000411733 0.0326225 0.026945 5.50895e-08 0.000225936 0.000285866 5.91354e-05 0.0221336 2.11105e-07 0.644974 0.000143844 1.31918e-07 0.00363211 0.209148 0.00101504 0.00659296 0.0144764 0.000926538 0.0132904 0.00228621 0.0128349 0.00788735 
2.51778e-05 7.30908e-08 0.0037171 1.91436e-05 6.7349e-08 1.04252e-05 3.56859e-06 1.53329e-06 0.899588 3.40184e-05 0.0871179 0.000452519 8.83163e-07 8.3889e-07 0.00868968 7.30209e-05 4.5289e-07 0.000221952 2.63559e-07 3.583e-05 3.40471e-06 2.63778e-06 1.71286e-06 
0.000928023 0.000924942 0.342378 0.000555108 1.95526e-06 0.000214049 0.000390387 0.541309 0.0215803 0.000959646 0.0400487 0.00924765 0.000599349 0.00362372 0.0223349 0.00291752 0.00457565 3.80951e-06 0.000314858 0.00237088 0.00228204 0.00243108 8.69476e-06 
0.0343382 0.000663544 0.00268984 2.19104e-05 1.28028e-07 0.00834463 8.14195e-05 0.504455 9.20669e-06 0.0443598 0.16294 7.43235e-07 0.000403936 2.57018e-05 0.0442189 0.174612 0.00071489 0.000756973 5.18406e-05 0.00234566 0.0168363 0.00212839 5.69324e-07 
0.000323778 0.0029933 1.98981e-05 0.000126066 4.42994e-10 1.28147e-07 2.33532e-07 6.55813e-07 1.29593e-05 0.000515624 0.97529 5.54938e-06 3.559e-07 2.17443e-06 0.0168667 0.000525625 2.74296e-06 8.63103e-10 1.88625e-07 0.000466744 0.00196512 0.000882131 1.96993e-09 
2.12e-07 0.000134681 3.13193e-06 0.00563367 4.37182e-10 9.00671e-06 0.00450381 3.72579e-09 0.0012329 7.12598e-07 0.880049 7.98304e-06 5.44044e-07 1.08252e-05 0.00855076 4.50768e-07 0.00774251 0.000911576 6.15653e-07 6.3436e-07 0.052714 0.0384926 1.94409e-09 
2.44279e-07 1.05945e-07 0.124524 0.297503 9.75246e-11 8.07338e-07 0.577946 8.31963e-07 1.8e-06 1.10956e-06 1.26282e-06 7.24733e-06 5.38142e-10 2.36825e-10 5.01417e-07 4.22782e-07 1.31817e-07 4.00943e-06 8.41908e-07 9.78652e-07 3.78082e-06 7.01557e-07 2.29892e-06 
5.91333e-11 1.79602e-11 8.82785e-08 0.0499407 1.65493e-11 0.00165694 0.00303844 1.41038e-10 2.25135e-07 8.5545e-11 0.885774 2.40277e-07 9.13191e-11 0.00147135 0.0373896 4.45988e-07 4.00741e-07 3.22437e-11 0.00143361 1.76652e-11 0.0137139 0.00558022 2.94443e-07 
6.61934e-06 7.30344e-05 0.0174224 0.000663679 5.13886e-07 3.68114e-05 0.000216212 2.99864e-05 0.119321 0.00283973 0.0333791 0.219753 0.00286298 4.66364e-05 0.450849 0.000342763 8.15793e-05 0.0005904 2.81947e-06 0.0139759 0.000336097 0.137168 1.77607e-06 
2.05773e-06 1.22658e-06 0.597951 5.36793e-06 1.74367e-09 0.00599035 2.11898e-07 1.486e-08 0.00652827 9.01319e-09 0.092057 4.67631e-06 9.62156e-09 3.7871e-05 2.31098e-06 8.38959e-09 0.297406 2.27922e-06 2.00688e-07 1.86124e-09 2.88218e-06 8.35426e-06 7.75384e-09 
2.10369e-10 0.0034092 0.00100528 0.00941839 5.88748e-11 2.56822e-08 0.00650486 5.01748e-10 2.29014e-06 3.0433e-10 0.801684 0.00373461 3.24872e-10 0.01237 0.00994964 7.9345e-07 0.00722584 1.14708e-10 0.000538918 0.0751049 0.0690464 3.45052e-06 9.68946e-07 
1.06202e-07 5.18994e-09 0.00154875 0.826253 2.07832e-12 1.14543e-07 0.0697181 0.000205597 3.16354e-08 1.07431e-11 0.0312087 1.20651e-11 8.14358e-08 0.000656127 5.01275e-07 9.99979e-12 8.45545e-07 1.70111e-08 0.0536187 2.21847e-12 0.0167894 2.44313e-07 9.24201e-12 
2.51778e-05 7.30908e-08 0.0037171 1.91436e-05 6.7349e-08 1.04252e-05 3.56859e-06 1.53329e-06 0.899588 3.40184e-05 0.0871179 0.000452519 8.83163e-07 8.3889e-07 0.00868968 7.30209e-05 4.5289e-07 0.000221952 2.63559e-07 3.583e-05 3.40471e-06 2.63778e-06 1.71286e-06 
0.000509753 0.000704652 0.275711 0.352089 2.50336e-05 0.00252652 0.00741325 0.000614928 0.000222498 0.000983064 0.180598 3.86835e-05 0.000203034 0.0215414 0.0387935 0.000145464 0.0148039 0.0458183 0.00256796 0.0393092 0.0075563 0.00777178 5.36719e-05 
1.23651e-07 0.00045457 0.00112244 0.00882979 7.22616e-11 0.000814395 0.000201553 7.99092e-05 0.00369765 1.32397e-07 0.92656 0.000231299 0.000366555 0.000332131 0.00210965 3.47684e-10 2.48087e-07 0.00022737 0.000508937 0.000969753 0.0304598 0.0229737 6.00061e-05 
2.9297e-05 0.000381135 0.0203035 0.000581567 7.92426e-07 1.94254e-05 0.00575418 6.75328e-06 0.000169203 0.000646446 0.965818 4.60022e-06 4.37261e-06 0.000138739 0.00155351 1.68948e-05 5.32869e-06 0.000296989 5.15658e-05 0.00060841 0.00237068 0.00122643 1.22791e-05 
0.00202467 1.41589e-07 0.00186229 0.234279 1.30466e-07 0.0237988 0.00331772 2.57597e-05 7.68578e-06 6.74393e-07 0.0814952 7.57386e-07 2.02559e-05 3.87023e-05 0.129761 6.27734e-07 0.000203744 4.33466e-06 0.000939037 1.39264e-07 0.126544 0.395675 5.80165e-07 
1.5169e-05 1.85971e-05 0.0831739 0.0014095 2.35709e-10 5.97662e-05 2.20009e-05 1.22298e-07 0.0240959 0.000234936 0.711096 0.000113139 6.76301e-07 0.000179267 0.159157 0.00134386 0.000846572 2.33576e-05 3.68479e-05 0.00590819 0.00627293 0.00599217 1.04816e-09 
1.07128e-05 1.76478e-06 1.86946e-05 6.18722e-06 2.47143e-09 2.66683e-05 0.000119246 1.3928e-06 0.389929 1.35707e-05 0.597746 7.81938e-06 7.45074e-07 2.90225e-05 0.0108618 0.00020697 4.6653e-06 4.30304e-06 0.000136648 1.38679e-05 3.05818e-05 0.000301251 0.000528474 
8.6247e-11 0.000326012 0.0193916 0.00017444 2.41374e-11 1.48379e-07 1.95812e-07 2.05706e-10 0.042614 1.10467e-07 0.127086 9.31688e-05 5.19028e-09 0.000118056 0.800022 0.000935841 1.34716e-07 6.45932e-05 1.09604e-07 0.00657083 0.000486807 0.00211597 1.07336e-10 
5.83845e-11 1.77328e-11 6.39204e-10 0.565119 1.63397e-11 0.010169 0.207611 0.000934347 0.000159259 8.44618e-11 0.00760056 8.59494e-08 1.99482e-07 8.18866e-07 1.11489e-07 7.86181e-11 1.09877e-10 1.24704e-07 0.1541 1.92874e-07 0.0539178 0.000387159 7.26605e-11 
7.54793e-10 2.29249e-10 0.0173015 0.774402 2.1124e-10 0.00260924 0.0752392 0.000442714 5.20635e-06 1.09192e-09 0.00385866 1.22629e-09 0.000118966 7.2948e-07 0.0395996 1.01637e-09 3.854e-06 7.79025e-08 0.0599283 2.25483e-10 0.0240974 0.00239245 9.39352e-10 
1.52853e-06 1.09599e-05 7.18453e-08 0.281679 1.86295e-10 1.06499e-05 0.00260871 2.55963e-05 0.0833546 0.000238321 0.62686 1.08148e-09 1.02797e-09 2.62711e-05 1.99132e-06 3.69203e-06 1.09107e-05 6.9458e-07 0.000108864 1.98856e-10 0.00505503 3.49113e-06 8.28425e-10 
1.30363e-07 6.46482e-07 0.0183452 0.00436144 1.35075e-11 5.73845e-08 2.76265e-07 4.03017e-07 0.747054 6.98218e-11 0.228461 2.49366e-06 9.83932e-07 7.6102e-07 6.60313e-06 6.2652e-06 1.66949e-05 2.26356e-07 8.00106e-08 3.22986e-07 0.0017381 4.38076e-06 6.00661e-11 
1.07128e-05 1.76478e-06 1.86946e-05 6.18722e-06 2.47143e-09 2.66683e-05 0.000119246 1.3928e-06 0.389929 1.35707e-05 0.597746 7.81938e-06 7.45074e-07 2.90225e-05 0.0108618 0.00020697 4.6653e-06 4.30304e-06 0.000136648 1.38679e-05 3.05818e-05 0.000301251 0.000528474 
0.000623298 0.000202697 0.010167 7.65007e-06 1.64126e-08 1.808e-05 5.36957e-06 1.51103e-05 0.0178752 0.000543777 0.969612 0.000127447 1.84347e-05 4.9939e-05 0.000307955 4.01766e-05 6.3019e-05 3.19774e-08 4.33467e-06 3.26788e-05 0.000110636 0.000174733 7.29846e-08 
0.00111508 1.08174e-06 0.000183942 0.004447 8.83525e-10 2.69168e-06 0.000621746 7.52965e-09 0.000287095 4.56703e-09 0.984716 5.12906e-09 1.08592e-06 9.92983e-05 0.00343093 0.000252939 0.000605511 4.77208e-06 2.70365e-06 8.8971e-07 0.00421748 4.71933e-06 4.83362e-06 
5.35922e-12 3.22305e-08 0.0104208 0.261577 1.49985e-12 0.01764 0.00531107 7.41494e-08 0.000440645 7.75291e-12 0.103245 8.707e-12 8.2336e-05 0.0369013 0.313641 7.2165e-12 0.00128203 1.22763e-08 0.0999806 1.60099e-12 0.130278 0.0192006 2.40173e-08 
5.35922e-12 3.22305e-08 0.0104208 0.261577 1.49985e-12 0.01764 0.00531107 7.41494e-08 0.000440645 7.75291e-12 0.103245 8.707e-12 8.2336e-05 0.0369013 0.313641 7.2165e-12 0.00128203 1.22763e-08 0.0999806 1.60099e-12 0.130278 0.0192006 2.40173e-08 
1.77198e-11 5.38191e-12 0.0518747 0.662952 4.95913e-12 0.007817 0.0351188 0.00129964 1.51726e-05 2.56342e-11 0.0115638 2.87889e-11 0.000349963 3.8176e-07 0.118774 2.38607e-11 2.01757e-06 4.05904e-08 0.0933897 5.29352e-12 0.00967178 0.00717099 2.20525e-11 
0.000259091 0.00014793 2.06441e-06 0.0315263 1.64759e-11 0.000637983 0.00214422 0.000181088 0.0103249 0.016745 0.834447 5.75573e-07 1.09794e-05 0.0539156 0.0316427 6.47248e-05 0.00507191 8.26249e-05 0.0004011 0.000588623 0.00658041 0.00522478 8.57261e-08 
0.999125 1.18063e-05 6.99399e-05 2.99481e-05 7.86035e-13 6.92707e-06 1.0167e-07 1.77532e-08 3.30178e-07 4.0631e-12 4.11955e-05 4.56312e-12 2.2289e-08 3.24732e-09 5.32521e-05 3.78198e-12 5.28571e-12 1.53146e-12 6.70323e-05 0.000586437 1.60072e-08 8.20743e-06 3.49539e-12 
4.13141e-07 9.86474e-05 0.000768036 0.000255637 1.367e-10 4.31604e-07 6.74374e-05 1.16499e-09 0.00267527 0.000429011 0.855494 3.24837e-05 1.85699e-08 0.000742889 0.136353 0.000585111 6.08714e-05 2.06032e-05 3.18832e-07 0.00074241 0.000320337 0.00135255 6.07884e-10 
1.22881e-07 0.000715086 0.00458477 0.409448 3.43899e-08 0.00980858 0.00259941 5.53452e-05 0.000636087 1.77765e-07 0.0396052 1.99641e-07 0.000328315 0.0382119 0.113915 1.65466e-07 0.00135039 9.18093e-06 0.320016 3.67088e-08 0.0499025 0.0082805 0.000532866 
1.9574e-06 3.9095e-11 2.29785e-07 0.568282 3.60239e-11 0.000850401 0.0618787 1.17677e-07 6.62085e-05 3.61461e-08 0.139583 2.09127e-10 0.000136707 6.70844e-05 0.00511504 1.73328e-10 9.66273e-07 0.000199763 0.154363 3.8453e-11 0.0666699 0.00278523 1.60193e-10 
2.20207e-05 5.81996e-05 0.0637334 0.00010564 1.60109e-07 0.00158566 9.53664e-06 2.45783e-05 0.175571 0.00437533 0.462764 0.138731 1.4383e-05 0.000298424 0.14968 0.000260217 0.000135405 2.68006e-05 8.50543e-06 0.000561638 0.00019153 0.00184111 7.1198e-07 
4.85214e-07 9.81818e-11 0.0552389 0.704637 9.0469e-11 1.66532e-06 0.0624999 7.71002e-10 0.020039 4.67644e-10 0.0228726 5.25193e-10 2.79607e-06 1.59718e-05 0.0163038 2.00276e-06 5.46922e-05 0.0237575 0.00176891 1.46795e-06 0.0927966 5.46378e-06 1.328e-06 
4.68212e-07 1.42207e-07 0.000533878 0.00874514 1.31036e-07 0.400775 0.0064874 1.11672e-06 0.555465 0.00331964 0.0120054 7.60692e-07 7.23056e-07 0.00194134 0.00159949 6.30474e-07 8.81153e-07 0.00183844 0.00179171 1.39871e-07 0.00499216 0.00049981 5.82697e-07 
0.00436278 1.32576e-05 0.000473396 0.00124698 6.77068e-08 0.00166493 0.00125716 1.60889e-05 0.0816922 0.000343188 0.858388 0.00013235 8.78225e-06 0.0162466 0.000319107 4.18735e-05 6.56389e-05 1.31916e-07 4.52337e-06 0.00368089 3.26411e-05 0.0300093 3.01082e-07 
1.51535e-05 1.29212e-05 0.0470032 7.50405e-06 9.06537e-07 0.00015077 6.14888e-06 2.17707e-05 0.00212329 1.6969e-05 0.921643 0.000124741 1.26157e-05 4.90154e-05 0.0276585 0.000203399 0.000314871 0.000141851 3.71598e-05 3.16097e-05 3.03634e-05 0.000390309 4.03124e-06 
1.59381e-05 4.13455e-08 0.000149878 0.0455457 3.80975e-08 0.0166439 0.00292196 3.24678e-07 0.000345962 1.9693e-07 0.92785 1.06371e-05 2.10223e-07 1.05495e-05 0.000226333 1.83305e-07 2.56188e-07 0.000201554 3.95822e-06 4.06665e-08 4.44156e-05 0.00388485 0.00214278 
4.33535e-05 4.14934e-05 0.00145975 2.47053e-05 7.79244e-07 9.80572e-06 1.80598e-05 5.4465e-05 0.00095106 4.58526e-05 0.995093 0.000411357 3.02243e-05 0.000161298 0.00098401 0.000131844 0.000206206 1.51823e-06 1.43053e-05 0.00010517 0.000101181 0.000107417 3.46519e-06 
3.6917e-08 1.86565e-11 1.66349e-06 0.623636 1.71909e-11 0.00511714 0.05151 8.49879e-07 2.61673e-07 8.88616e-11 0.27241 9.97972e-11 6.73598e-07 1.32338e-06 0.047272 8.27135e-11 6.99395e-06 1.40708e-07 3.23705e-05 2.2022e-07 7.98082e-06 2.02084e-06 7.64455e-11 
1.11835e-07 1.12043e-07 0.459795 6.73094e-08 3.59713e-12 0.000408616 4.7105e-08 1.3185e-07 0.0178177 1.15301e-07 0.247485 1.12139e-06 7.14764e-08 4.39385e-07 0.269805 0.000600605 0.00099767 4.0656e-08 0.00010666 2.87596e-07 2.76837e-07 0.00298023 1.59959e-11 
0.000498447 0.00611559 4.05771e-05 0.00504479 1.24273e-10 2.3753e-08 0.00531582 1.05909e-09 0.00139387 0.0338293 0.731039 9.98711e-09 0.000180983 0.000652069 0.00487654 0.202556 0.00205439 0.00039235 7.28094e-05 0.00284369 0.000465346 0.0026279 6.37228e-07 
7.93469e-10 0.000537748 3.66035e-06 7.34378e-06 2.22064e-10 1.41065e-05 0.000156349 1.89249e-09 0.000948913 5.15861e-07 0.939207 1.28913e-09 9.38921e-07 0.0226949 0.015552 9.19561e-07 0.000114786 4.32656e-10 2.70754e-06 1.19304e-06 0.015357 0.00539813 1.94413e-06 
2.05773e-06 1.22658e-06 0.597951 5.36793e-06 1.74367e-09 0.00599035 2.11898e-07 1.486e-08 0.00652827 9.01319e-09 0.092057 4.67631e-06 9.62156e-09 3.7871e-05 2.31098e-06 8.38959e-09 0.297406 2.27922e-06 2.00688e-07 1.86124e-09 2.88218e-06 8.35426e-06 7.75384e-09 
1.27604e-07 1.83909e-05 0.0335618 9.06186e-06 3.57119e-08 7.36744e-05 4.4404e-06 3.04347e-07 0.162951 0.000776571 0.165762 2.07316e-07 1.97059e-07 3.43893e-06 1.31122e-05 0.167171 1.68166e-05 6.9579e-08 3.64206e-07 1.05633e-05 0.469622 4.12289e-06 1.58806e-07 
0.000107652 0.000727962 0.00289302 0.00100467 2.32636e-10 0.000212085 0.000479483 2.47776e-06 0.0942751 0.000270246 0.857252 7.53208e-05 8.48047e-08 0.0305828 0.00529026 1.48858e-05 0.000816546 9.65727e-05 1.20629e-05 0.00204465 0.00136976 0.00234366 0.000128735 
1.07128e-05 1.76478e-06 1.86946e-05 6.18722e-06 2.47143e-09 2.66683e-05 0.000119246 1.3928e-06 0.389929 1.35707e-05 0.597746 7.81938e-06 7.45074e-07 2.90225e-05 0.0108618 0.00020697 4.6653e-06 4.30304e-06 0.000136648 1.38679e-05 3.05818e-05 0.000301251 0.000528474 
5.35922e-12 3.22305e-08 0.0104208 0.261577 1.49985e-12 0.01764 0.00531107 7.41494e-08 0.000440645 7.75291e-12 0.103245 8.707e-12 8.2336e-05 0.0369013 0.313641 7.2165e-12 0.00128203 1.22763e-08 0.0999806 1.60099e-12 0.130278 0.0192006 2.40173e-08 
0.00092039 0.00144906 0.0296096 0.676597 2.74328e-05 0.023969 0.000809674 0.00152633 0.00499949 0.000458614 0.0982789 0.00140583 0.000481505 0.0157357 0.00581658 5.87537e-05 0.000299113 0.000169703 0.000131334 0.030175 0.0320228 0.0737159 0.00134199 
7.09629e-06 0.000271648 0.00192596 0.00159483 4.40973e-09 9.0191e-06 0.00152469 1.22989e-05 0.00456355 2.24855e-05 0.960058 6.40969e-05 2.43329e-08 0.00121397 0.0171288 0.00131022 0.00143531 0.000382737 0.00013242 0.000760393 0.00321679 0.00436373 2.36199e-06 
0.000217383 6.29355e-06 0.0151655 0.00159159 1.16397e-09 0.000124376 4.69274e-05 6.40832e-07 1.254e-05 1.27799e-05 0.906198 5.37385e-06 3.48427e-07 0.00200038 0.062337 0.000170117 2.65904e-06 2.2678e-09 1.82977e-07 1.37771e-06 0.0121056 1.41268e-06 5.17599e-09 
3.14001e-07 9.53695e-08 0.0188154 0.0532993 8.78776e-08 0.0818031 0.0175502 9.1695e-05 8.43423e-05 4.54248e-07 0.392623 0.00732022 0.000316042 0.00192423 0.0139501 0.000101489 0.00276112 0.000244835 0.00270244 7.41829e-05 0.40313 0.00320684 3.90779e-07 
2.05773e-06 1.22658e-06 0.597951 5.36793e-06 1.74367e-09 0.00599035 2.11898e-07 1.486e-08 0.00652827 9.01319e-09 0.092057 4.67631e-06 9.62156e-09 3.7871e-05 2.31098e-06 8.38959e-09 0.297406 2.27922e-06 2.00688e-07 1.86124e-09 2.88218e-06 8.35426e-06 7.75384e-09 
4.49264e-12 7.51238e-05 0.00763477 0.000522461 1.25733e-12 1.21204e-08 1.59945e-08 1.07153e-11 0.0266574 6.49926e-12 0.0680653 0.000274519 7.00733e-10 0.000352289 0.889056 0.000235294 1.09999e-08 0.000192517 8.9529e-09 0.00047422 0.000115899 0.00634419 5.59116e-12 
0.790789 9.79304e-06 0.000867199 0.0576563 1.94228e-08 0.0105678 0.0151698 1.65527e-07 0.000167485 0.000165789 0.0930451 5.93962e-07 0.00112218 0.0031177 0.00176339 5.68193e-07 0.00152199 2.40716e-06 0.00232784 0.000946853 0.00109578 0.0196623 8.63704e-08 
5.83845e-11 1.77328e-11 6.39204e-10 0.565119 1.63397e-11 0.010169 0.207611 0.000934347 0.000159259 8.44618e-11 0.00760056 8.59494e-08 1.99482e-07 8.18866e-07 1.11489e-07 7.86181e-11 1.09877e-10 1.24704e-07 0.1541 1.92874e-07 0.0539178 0.000387159 7.26605e-11 
1.07128e-05 1.76478e-06 1.86946e-05 6.18722e-06 2.47143e-09 2.66683e-05 0.000119246 1.3928e-06 0.389929 1.35707e-05 0.597746 7.81938e-06 7.45074e-07 2.90225e-05 0.0108618 0.00020697 4.6653e-06 4.30304e-06 0.000136648 1.38679e-05 3.05818e-05 0.000301251 0.000528474 
7.469e-07 0.00164605 0.00109543 0.0133698 3.32082e-07 0.00165645 0.000784722 5.82927e-07 4.88534e-06 0.000245608 0.676692 1.28695e-06 8.3482e-07 0.00257813 0.0189754 9.55236e-05 0.269391 0.000404011 0.00353643 0.000277977 0.00724861 0.00199335 1.03111e-06 
7.63588e-05 5.1055e-05 5.5271e-05 0.107996 3.23008e-06 4.73114e-05 0.125441 5.9019e-05 1.23612e-05 2.14098e-05 0.000100177 6.21485e-06 4.05969e-05 0.000243711 2.81276e-05 9.76895e-06 3.07565e-05 1.54563e-05 0.00767053 0.724712 0.0332356 0.000118022 2.58874e-05 
1.31923e-06 3.16248e-06 0.0015419 0.00330849 1.26909e-06 0.00413692 0.000583066 0.0652363 5.81384e-05 3.20892e-06 0.0961272 1.9748e-06 4.49338e-06 1.76597e-06 0.0150055 0.804072 3.91423e-06 3.19756e-05 0.00172506 9.08375e-05 0.00730174 0.0007586 1.51271e-06 
2.05773e-06 1.22658e-06 0.597951 5.36793e-06 1.74367e-09 0.00599035 2.11898e-07 1.486e-08 0.00652827 9.01319e-09 0.092057 4.67631e-06 9.62156e-09 3.7871e-05 2.31098e-06 8.38959e-09 0.297406 2.27922e-06 2.00688e-07 1.86124e-09 2.88218e-06 8.35426e-06 7.75384e-09 
8.12302e-08 0.0018296 0.0240163 0.384349 2.27334e-08 1.3532e-06 0.000362275 1.3963e-06 0.00018422 1.17511e-07 0.403886 0.000111392 1.0786e-06 0.000331483 0.00594801 1.09381e-07 0.00046631 5.08794e-05 0.0312743 2.42663e-08 0.145835 0.00135033 1.01092e-07 
5.25053e-09 1.59471e-09 0.0636641 0.00308077 1.46944e-09 2.20701e-05 2.70909e-06 1.25229e-08 2.75637e-06 0.00133474 0.850332 3.54577e-05 8.10836e-09 7.67933e-05 0.0131533 7.07014e-09 1.34844e-05 2.86296e-09 4.65218e-08 1.56852e-09 0.000454559 0.0678276 6.53437e-09 
1.93055e-06 0.000332621 0.0343883 0.0199405 3.96498e-10 0.00390077 1.81914e-06 3.37907e-09 1.08862e-06 2.04954e-09 0.872262 4.76863e-07 2.18788e-09 4.7739e-07 0.0244537 1.78228e-06 2.63729e-06 0.000625201 0.000127544 3.26159e-07 0.0421412 0.00181746 1.76317e-09 
0.000107464 0.000411733 0.0326225 0.026945 5.50895e-08 0.000225936 0.000285866 5.91354e-05 0.0221336 2.11105e-07 0.644974 0.000143844 1.31918e-07 0.00363211 0.209148 0.00101504 0.00659296 0.0144764 0.000926538 0.0132904 0.00228621 0.0128349 0.00788735 
4.33294e-05 4.14786e-05 0.00145937 2.46975e-05 7.75508e-07 9.80122e-06 1.80506e-05 5.44206e-05 0.000950807 0.00285655 0.992283 0.000411228 3.01969e-05 0.000161247 0.00098375 0.000131792 0.000206128 1.51095e-06 1.42993e-05 0.000105139 0.000101151 0.000107387 3.44857e-06 
2.82301e-06 0.000132302 0.00767122 0.000376476 3.68625e-08 7.68255e-05 0.000135866 3.14153e-07 0.000122629 1.66575e-06 0.986835 1.28366e-05 2.03408e-07 9.34587e-05 0.000406656 7.53406e-05 0.000556802 7.18208e-08 6.49798e-06 1.84474e-06 0.000295625 0.00319516 1.63922e-07 
8.31166e-10 0.00459813 1.88561e-06 0.00851326 2.32614e-10 1.21624e-06 2.90079e-10 3.5703e-06 0.154293 0.000567176 0.742757 1.35038e-09 1.92663e-06 2.64365e-05 0.0435849 2.0157e-06 1.25153e-05 4.75918e-06 0.00591052 1.71351e-06 3.8745e-06 0.0397137 2.38015e-06 
6.49968e-05 7.29296e-06 1.64848e-05 0.0237253 6.97322e-09 0.000198688 0.00366156 5.94278e-08 1.11736e-05 5.11667e-06 0.941322 0.000129021 3.84783e-08 0.00019 0.00463648 3.35514e-08 1.71469e-05 5.63764e-06 0.000163726 9.98473e-06 0.0257124 0.000115973 6.75473e-06 
5.83845e-11 1.77328e-11 6.39204e-10 0.565119 1.63397e-11 0.010169 0.207611 0.000934347 0.000159259 8.44618e-11 0.00760056 8.59494e-08 1.99482e-07 8.18866e-07 1.11489e-07 7.86181e-11 1.09877e-10 1.24704e-07 0.1541 1.92874e-07 0.0539178 0.000387159 7.26605e-11 
2.51778e-05 7.30908e-08 0.0037171 1.91436e-05 6.7349e-08 1.04252e-05 3.56859e-06 1.53329e-06 0.899588 3.40184e-05 0.0871179 0.000452519 8.83163e-07 8.3889e-07 0.00868968 7.30209e-05 4.5289e-07 0.000221952 2.63559e-07 3.583e-05 3.40471e-06 2.63778e-06 1.71286e-06 
2.94402e-09 1.94681e-08 6.47661e-08 0.711543 4.59789e-11 0.0012516 0.175092 0.051505 0.000319036 2.3767e-10 0.00251972 2.6672e-07 3.60843e-07 1.11653e-10 0.00524635 2.21226e-10 3.09186e-10 8.95825e-11 0.0138002 0.000205895 0.0383104 0.000206158 2.04462e-10 
2.51778e-05 7.30908e-08 0.0037171 1.91436e-05 6.7349e-08 1.04252e-05 3.56859e-06 1.53329e-06 0.899588 3.40184e-05 0.0871179 0.000452519 8.83163e-07 8.3889e-07 0.00868968 7.30209e-05 4.5289e-07 0.000221952 2.63559e-07 3.583e-05 3.40471e-06 2.63778e-06 1.71286e-06 
4.48781e-07 2.07192e-08 0.0709757 0.00946384 1.58964e-11 0.07536 0.00351979 1.35474e-10 1.98825e-08 0.00152087 0.675069 9.22823e-11 8.77165e-11 3.62899e-07 0.134346 2.21883e-07 1.06896e-10 1.7657e-07 1.90315e-07 0.000784828 0.00994482 0.0190137 1.48518e-07 
0.000112402 0.000223281 0.00172206 0.0221325 4.61626e-11 0.000146825 0.000120686 1.08575e-07 0.00915958 0.268581 0.573955 9.20556e-07 5.88977e-08 0.0387076 0.0452126 0.0179561 0.0100347 1.93736e-07 1.88354e-06 0.000253816 0.00255144 0.00912743 2.05279e-10 
2.05773e-06 1.22658e-06 0.597951 5.36793e-06 1.74367e-09 0.00599035 2.11898e-07 1.486e-08 0.00652827 9.01319e-09 0.092057 4.67631e-06 9.62156e-09 3.7871e-05 2.31098e-06 8.38959e-09 0.297406 2.27922e-06 2.00688e-07 1.86124e-09 2.88218e-06 8.35426e-06 7.75384e-09 
1.32656e-05 6.14812e-05 0.00291336 0.000252343 5.49505e-07 1.81117e-05 0.000222891 4.64058e-05 0.0304722 1.55471e-06 0.0134988 0.852881 0.000129012 0.000101302 0.0818153 0.000729537 0.00135444 0.000318756 1.5261e-05 0.000127245 0.000261662 0.0147147 5.12197e-05 
5.83845e-11 1.77328e-11 6.39204e-10 0.565119 1.63397e-11 0.010169 0.207611 0.000934347 0.000159259 8.44618e-11 0.00760056 8.59494e-08 1.99482e-07 8.18866e-07 1.11489e-07 7.86181e-11 1.09877e-10 1.24704e-07 0.1541 1.92874e-07 0.0539178 0.000387159 7.26605e-11 
5.08619e-11 0.000883891 5.73975e-08 0.0133821 1.42344e-11 0.000349876 3.24859e-07 1.2131e-10 1.71664e-07 3.47074e-05 0.921073 8.26341e-11 1.17897e-07 0.0103551 0.00435613 1.23348e-07 0.0275714 2.9123e-07 0.000413722 0.00010496 0.0199872 0.00148683 1.4565e-07 
5.34166e-10 0.000296023 3.00035e-07 0.00540197 1.49494e-10 0.000117196 1.69806e-06 1.27403e-09 9.62884e-07 0.000194669 0.936981 8.67846e-10 6.6165e-07 0.00346133 0.00145365 6.92171e-07 0.0447466 1.6336e-06 0.000138743 3.56144e-05 0.00666928 0.000497293 8.17234e-07 
5.83845e-11 1.77328e-11 6.39204e-10 0.565119 1.63397e-11 0.010169 0.207611 0.000934347 0.000159259 8.44618e-11 0.00760056 8.59494e-08 1.99482e-07 8.18866e-07 1.11489e-07 7.86181e-11 1.09877e-10 1.24704e-07 0.1541 1.92874e-07 0.0539178 0.000387159 7.26605e-11 
6.18369e-05 6.18898e-08 0.379747 0.00141288 1.98697e-12 0.000397126 2.60197e-08 5.10545e-05 1.44715e-06 6.36898e-08 2.68571e-06 0.0554398 3.94819e-08 2.42706e-07 0.55105 1.95038e-07 3.05991e-07 1.78119e-08 0.000103088 1.58862e-07 0.001774 0.00995791 8.83577e-12 
0.0247088 2.92779e-06 0.039572 1.75307e-05 2.48807e-09 0.0238551 3.64536e-06 1.62535e-05 4.74941e-06 0.000188973 0.857276 1.44438e-08 0.000953645 4.80039e-05 0.0496094 1.19713e-08 1.90666e-05 4.84761e-09 0.000348756 6.60067e-06 0.00336005 8.64928e-06 1.10641e-08 
3.79903e-10 1.15386e-10 0.00779066 8.4263e-07 1.06321e-10 0.0583689 1.32587e-10 2.72736e-07 3.53375e-06 5.49586e-10 8.6694e-06 5.41925e-05 5.86682e-10 2.58187e-10 0.33627 5.11562e-10 7.14961e-10 6.0283e-06 9.38549e-08 1.13491e-10 1.09924e-06 0.597424 7.20546e-05 
1.84791e-05 1.55572e-06 0.00101628 0.0326155 3.16865e-08 0.00113392 0.00270641 9.13489e-05 2.80541e-05 0.0171 0.882393 8.83607e-05 1.74846e-07 0.000382599 0.00497395 4.64899e-06 2.17595e-05 5.59754e-05 0.000112606 0.000632752 0.0564376 0.000154125 3.06164e-05 
2.92739e-08 0.000116788 0.0111329 0.0318679 8.19272e-09 0.000203221 3.61071e-05 4.00054e-06 0.0166817 0.00042718 0.821778 4.75606e-08 2.65943e-05 0.0617679 0.00789224 1.55659e-06 0.00125934 3.63923e-05 0.0021928 0.00414196 0.00306162 0.0371437 0.000227744 
0.00249569 9.55304e-05 0.0637509 0.000412883 1.07477e-07 0.0386159 0.00170826 3.38584e-05 0.0187886 0.000549063 0.826157 0.000364952 1.95648e-06 0.000579209 0.0385736 6.12422e-05 0.00235503 3.28127e-07 1.28197e-05 0.000129872 0.000465359 0.00472535 0.000122407 
3.94546e-10 0.00030544 0.000959012 0.0123017 1.10419e-10 0.00159929 0.00502801 0.000802467 0.00124161 2.53598e-07 0.720586 0.000331354 6.09295e-10 0.100767 0.0113921 0.000681089 7.68792e-07 2.15135e-10 0.00157717 3.65656e-05 0.139208 0.00318305 4.91019e-10 
5.35922e-12 3.22305e-08 0.0104208 0.261577 1.49985e-12 0.01764 0.00531107 7.41494e-08 0.000440645 7.75291e-12 0.103245 8.707e-12 8.2336e-05 0.0369013 0.313641 7.2165e-12 0.00128203 1.22763e-08 0.0999806 1.60099e-12 0.130278 0.0192006 2.40173e-08 
3.8218e-09 1.16077e-09 1.89599e-06 0.325263 1.06959e-09 0.00532913 8.89325e-06 0.000236031 0.00467533 5.5288e-09 0.234011 6.20919e-09 7.73361e-07 1.51054e-06 0.153399 5.14628e-09 7.97668e-06 1.62382e-07 0.0461005 6.35519e-06 0.164918 0.0660394 4.7563e-09 
5.83845e-11 1.77328e-11 6.39204e-10 0.565119 1.63397e-11 0.010169 0.207611 0.000934347 0.000159259 8.44618e-11 0.00760056 8.59494e-08 1.99482e-07 8.18866e-07 1.11489e-07 7.86181e-11 1.09877e-10 1.24704e-07 0.1541 1.92874e-07 0.0539178 0.000387159 7.26605e-11 
3.46762e-08 2.79816e-05 0.00844216 0.0167244 9.70464e-09 0.000415252 0.00898413 1.77576e-05 7.34863e-05 5.01643e-08 0.941678 0.000120804 5.35503e-08 7.79836e-05 0.00700143 4.66935e-08 0.000406715 3.70203e-05 0.00038472 6.56522e-05 0.0154194 7.83509e-05 4.42794e-05 
9.13918e-07 2.77578e-07 0.000418502 0.141231 2.55773e-07 0.0172661 0.26308 0.000109666 0.000207514 1.32212e-06 0.0490236 0.00015809 0.000422787 0.345532 0.000211303 0.00113129 1.71995e-06 0.00568023 0.0412683 2.7302e-07 0.133806 0.000448073 1.13739e-06 
6.26635e-06 4.76004e-07 0.00251281 0.211325 2.39078e-10 0.0321156 0.0378718 0.225825 2.26159e-06 2.46553e-05 0.458372 1.3879e-09 3.87164e-06 5.80569e-10 4.66366e-06 1.07272e-05 1.60769e-09 0.0013218 0.00422983 1.02979e-06 0.0163854 0.00998642 1.06315e-09 
2.41723e-06 6.54142e-09 9.55834e-05 0.840995 6.02755e-09 8.74748e-07 0.0210557 8.32967e-07 2.45112e-07 3.1157e-08 0.0210565 3.49913e-08 6.5276e-07 1.23187e-06 0.00298888 1.1405e-05 0.000361631 1.41138e-07 0.0107009 7.97629e-06 0.102547 0.000172893 2.68036e-08 
4.33309e-08 0.000126958 0.00425351 0.0941269 1.21268e-08 0.00690927 0.00465079 0.00030753 0.000325381 6.26845e-08 0.0377157 7.03986e-08 0.000316795 0.0173638 0.730734 5.83475e-08 0.00304095 5.09184e-05 0.0451691 1.29445e-08 0.0473713 0.00744183 9.46284e-05 
5.51174e-10 0.00110576 7.38611e-07 0.0941166 1.54254e-10 7.8973e-07 0.0140648 1.05299e-06 0.00142314 7.97354e-10 0.751434 8.95478e-10 8.51173e-10 0.0050971 0.0068321 7.42187e-10 1.03728e-09 3.00539e-10 2.91675e-07 1.4656e-06 0.12592 1.4522e-06 6.85944e-10 
0.000462277 8.62639e-05 0.00612546 0.00845615 5.37383e-11 0.00222426 0.0146162 4.57973e-10 0.000190035 0.0110493 0.871865 3.11963e-10 2.96529e-10 0.00404233 0.0398234 0.0305219 2.04359e-06 0.00251701 0.000269647 0.000808465 0.00645857 0.000481461 2.27101e-07 
0.00223613 0.00147449 0.000385735 0.00522379 4.13912e-10 9.61321e-05 2.76238e-05 1.25874e-07 0.00237901 0.0731219 0.860136 1.04319e-06 6.86055e-08 0.0102814 0.0107376 0.0273551 0.00346913 6.29864e-07 4.56641e-07 5.69087e-05 0.000839524 0.00217712 1.84061e-09 
0.000259091 0.00014793 2.06441e-06 0.0315263 1.64759e-11 0.000637983 0.00214422 0.000181088 0.0103249 0.016745 0.834447 5.75573e-07 1.09794e-05 0.0539156 0.0316427 6.47248e-05 0.00507191 8.26249e-05 0.0004011 0.000588623 0.00658041 0.00522478 8.57261e-08 
2.24365e-07 1.50878e-06 0.000365526 0.00017445 2.45236e-09 1.80744e-05 0.0133215 0.356958 0.39303 1.26765e-08 0.0893493 0.00133588 0.0001974 1.88882e-05 0.110255 8.64171e-05 1.6491e-08 8.40501e-05 0.00189866 1.7264e-05 0.0293412 0.00350683 3.95281e-05 
1.07128e-05 1.76478e-06 1.86946e-05 6.18722e-06 2.47143e-09 2.66683e-05 0.000119246 1.3928e-06 0.389929 1.35707e-05 0.597746 7.81938e-06 7.45074e-07 2.90225e-05 0.0108618 0.00020697 4.6653e-06 4.30304e-06 0.000136648 1.38679e-05 3.05818e-05 0.000301251 0.000528474 
2.51674e-10 7.64394e-11 9.28894e-07 0.27048 7.04345e-11 0.0167771 0.0278183 6.00263e-10 2.1442e-06 3.64084e-10 0.678499 1.02263e-06 3.88658e-10 1.02641e-06 1.07303e-06 3.38893e-10 4.73639e-10 1.24894e-06 3.86147e-07 7.5184e-11 4.35543e-06 0.00639971 1.32805e-05 
0.00210976 0.00021505 0.123582 5.17825e-07 2.94643e-11 0.0736867 9.00245e-07 2.51103e-10 6.59711e-06 1.52304e-10 0.315957 5.13312e-07 1.62584e-10 7.15502e-11 0.415873 5.38853e-07 3.76652e-07 0.0375963 0.000159837 0.00993811 0.002958 0.0179146 1.57359e-07 
