0.0421023 3.55372e-06 0.105641 0.15003 0.234981 0.155113 0.000357585 2.09431e-08 0.000613418 7.82257e-06 0.127819 1.42661e-08 3.9493e-05 0.00164809 0.0811888 1.57834e-06 7.51514e-06 1.266e-05 3.67874e-06 2.62316e-09 6.3955e-05 0.100285 8.06397e-05 
0.014127 0.000449142 0.0330018 0.0329046 0.400735 0.048085 0.00278767 2.18344e-07 0.0106624 0.0144182 0.0022359 0.00300952 0.000223371 0.0114163 0.334894 6.81557e-06 5.42287e-05 0.0028953 0.0277187 0.0216501 0.00401598 0.0347094 1.28663e-09 
4.31223e-08 2.48961e-05 0.169574 0.0788798 0.307676 0.0810442 0.061134 0.0015448 0.00812948 0.00293937 0.0258102 7.28387e-06 6.80572e-05 0.000270645 0.18746 4.92134e-06 4.60514e-07 0.0155195 0.00676199 0.00763241 0.0289418 0.0148347 0.00174115 
7.52714e-06 8.27566e-05 0.0498685 0.00666042 0.360448 0.0687515 0.00171242 1.09367e-06 0.186708 2.20364e-08 0.0167326 4.54498e-05 0.000305827 0.00141759 0.0476955 4.84124e-06 0.000159522 0.00396872 0.0128906 0.0748932 0.00477702 0.162692 0.000176532 
3.83381e-07 3.74195e-05 0.00671848 1.06715e-05 0.753388 2.51721e-06 3.04999e-07 6.23746e-10 0.00579395 2.23415e-07 0.0056402 3.33591e-08 1.02851e-06 4.12154e-06 1.13909e-06 4.63251e-08 2.71111e-06 2.65701e-06 4.03071e-08 0.0129406 0.000900881 0.214554 3.25466e-10 
2.1469e-06 2.11908e-06 0.00174796 0.00343524 0.92236 0.000533111 0.0161892 1.63265e-06 0.00773768 3.46391e-06 0.0016771 0.000170964 1.79648e-06 1.08309e-05 0.0115753 2.85584e-06 4.34615e-06 0.0261326 1.79829e-05 7.86039e-05 0.00817727 0.000136555 8.51902e-07 
2.19514e-05 0.0259103 0.0129705 0.0162733 0.486622 0.148747 0.00224135 0.00111828 0.0758748 3.13339e-05 0.00357562 0.000798781 0.00052228 0.000653104 0.0132538 5.88487e-07 5.70752e-06 0.0119583 0.00498344 0.130097 0.00184601 0.0624907 3.87891e-06 
0.00183064 7.89536e-09 0.0676019 0.0526882 0.714313 0.00208054 0.0883232 7.47621e-06 6.4742e-05 0.000182912 0.00383477 0.000167355 1.43018e-08 5.11395e-07 0.0594253 2.2871e-09 0.000136608 0.00127192 0.0058782 0.000408757 0.000655486 0.00112819 7.76317e-09 
2.65591e-08 0.0346685 0.0888732 0.00976778 0.285581 0.079066 0.000755612 0.00627933 0.0115845 3.99496e-07 0.00775325 3.89812e-06 0.118327 0.0049758 0.0909361 1.96765e-07 0.00977786 0.00208707 0.0236979 0.0150896 0.0686214 0.142153 4.72876e-10 
2.94544e-05 3.17232e-05 0.00173518 3.78365e-05 0.97127 0.00718266 1.02796e-05 7.02511e-05 0.00106769 4.26101e-05 3.97205e-05 0.00201506 0.000125107 0.000159113 0.00581692 8.59457e-05 0.000234789 0.00159465 0.00328202 0.000291639 0.000530643 0.00430994 3.66564e-05 
0.00759776 0.000177221 0.0176244 0.0980831 0.379989 0.270479 0.000978878 1.18378e-06 0.0496425 0.000256857 0.0421671 3.88219e-06 0.000341396 0.00816278 0.0294842 3.83423e-07 0.003924 0.00802479 0.00291619 0.00302415 0.00200124 0.0750124 0.000108043 
0.00269864 3.66171e-05 0.0856591 0.0131733 0.235931 0.0622259 0.00109948 1.75658e-05 0.00663611 0.000687682 0.0151689 0.0126264 0.00237657 0.222828 0.147661 1.81765e-08 0.000455374 0.00162214 0.0011808 0.00839745 0.00466846 0.174013 0.00083702 
3.42058e-05 0.000100904 0.0587901 0.0449877 0.379386 0.0340412 0.0209634 0.0164957 0.106129 0.00321752 0.0991107 0.00138064 0.00111454 0.0542753 0.0388867 2.44857e-05 0.000681198 0.0116101 0.0131937 0.0185236 0.0762181 0.0208359 7.85512e-10 
3.26449e-05 0.00411242 0.0218935 0.00281572 0.785199 0.0690615 0.000446764 1.29832e-06 0.0114114 2.15603e-06 0.0273586 0.000935093 0.000501421 0.000693458 0.0187483 0.00296948 0.000575615 0.00281313 0.00012101 0.00380721 0.00567088 0.0408285 1.3852e-06 
0.00183064 7.89536e-09 0.0676019 0.0526882 0.714313 0.00208054 0.0883232 7.47621e-06 6.4742e-05 0.000182912 0.00383477 0.000167355 1.43018e-08 5.11395e-07 0.0594253 2.2871e-09 0.000136608 0.00127192 0.0058782 0.000408757 0.000655486 0.00112819 7.76317e-09 
0.00286957 3.62996e-07 0.00247255 0.00147275 0.858107 0.0144815 0.00654904 0.00798433 2.45946e-07 1.72896e-06 0.0244502 0.00563296 1.84567e-06 0.0073922 0.0187681 1.60934e-06 2.24922e-06 6.51682e-07 2.1075e-07 0.00303515 0.00992548 0.0368487 1.48739e-06 
0.00790092 9.28231e-05 0.052837 0.0125112 0.596747 0.0993045 0.0226958 2.6699e-08 0.024898 3.35772e-06 0.0219988 0.0077442 0.000162701 0.00125664 0.0760575 1.76832e-05 4.09134e-05 0.00545189 0.00197058 0.0051694 0.0241204 0.0390122 6.14087e-06 
2.22781e-05 0.000130446 0.0293191 0.0209033 0.362854 0.210935 0.000124262 2.33073e-05 0.0251163 0.210752 0.0200565 0.00153799 0.0313032 0.000496126 0.0537977 6.9027e-07 2.39188e-06 0.000833669 0.0014059 0.00258911 0.00513341 0.0223491 0.00031365 
0.00772489 0.000193891 0.0403709 0.00458638 0.695754 0.0355341 0.000123255 3.89376e-05 0.0036833 0.000202753 0.0315076 8.01683e-07 4.03274e-05 0.0107901 0.0321717 9.11147e-06 5.95681e-05 0.0053893 0.00726085 0.0326458 0.0275541 0.0643439 1.43691e-05 
0.00183064 7.89536e-09 0.0676019 0.0526882 0.714313 0.00208054 0.0883232 7.47621e-06 6.4742e-05 0.000182912 0.00383477 0.000167355 1.43018e-08 5.11395e-07 0.0594253 2.2871e-09 0.000136608 0.00127192 0.0058782 0.000408757 0.000655486 0.00112819 7.76317e-09 
3.32694e-05 8.0914e-08 0.00314027 0.00304508 0.72373 0.0423116 2.18287e-05 5.4269e-06 0.0059835 2.07524e-05 0.0048596 0.000180544 1.50341e-05 0.000290441 0.00173211 1.13425e-08 4.07093e-05 0.00247439 1.92238e-07 0.00112502 0.00043032 0.078502 0.132058 
0.00229808 2.55024e-05 0.057952 0.0774806 0.321713 0.148733 0.00911355 4.53835e-05 0.00729278 0.00139927 0.0593773 0.00170807 0.0115268 0.00250618 0.065602 3.29574e-05 1.32163e-05 0.0545403 0.0102552 0.0152407 0.0296414 0.123475 2.73775e-05 
0.000572481 5.01012e-05 0.0390364 0.0271108 0.60266 0.0914857 0.0194773 1.17979e-05 0.00961715 6.25529e-05 0.0434673 7.30432e-05 1.6098e-05 0.000112341 0.028018 9.28875e-07 4.36708e-08 0.00586144 0.00628034 0.0283642 0.00602506 0.0916967 1.69463e-07 
2.63856e-05 2.47811e-05 0.0380268 0.00113063 0.461163 0.0159104 0.000136222 2.27804e-08 0.0480794 4.74673e-05 1.10265e-06 0.000610856 0.000423708 2.25188e-05 0.0465118 8.10844e-09 1.88606e-08 0.00575729 0.0357627 0.0799095 0.00204782 0.264408 1.17327e-07 
2.86304e-07 3.4411e-05 0.0853697 0.0195419 0.38677 0.0762508 0.00165286 1.05895e-06 0.0512641 0.000133052 0.0110265 1.12803e-07 1.68683e-05 0.000105861 0.194747 3.0862e-10 7.95549e-06 0.0865516 0.0366527 0.00157095 0.046309 0.00199347 7.56384e-08 
0.00174039 0.4166 0.0301172 0.0599602 0.431536 0.00163271 0.00391897 7.89624e-05 0.00100401 6.733e-05 0.00390359 0.000484953 8.8842e-07 0.012631 0.00170472 1.1413e-06 9.47703e-10 0.00104637 0.000482428 0.0287846 0.00353906 0.000754761 1.10996e-05 
0.000596328 7.25475e-05 0.0421235 0.0337417 0.389975 0.197383 0.00247513 0.000966049 0.00537036 0.000183042 0.0112899 0.000120797 0.000169798 0.0161597 0.0790232 2.94401e-06 3.66339e-05 0.00101486 0.0218526 0.0961128 0.0122586 0.0851029 0.00396799 
0.00155982 0.317402 0.0204277 0.0202832 0.413709 0.0189583 0.00428664 8.60121e-05 0.0019738 5.29777e-05 0.0419111 2.6659e-05 6.53407e-06 0.044866 0.00356404 1.15671e-07 1.67162e-10 0.0414319 0.000314272 0.0592921 0.00266485 0.00718214 2.75822e-07 
0.000111803 1.58022e-05 0.0304283 0.0102668 0.32143 0.045591 0.00161024 3.15575e-05 0.19866 6.16608e-06 0.00118341 9.51876e-05 8.83722e-06 0.000647045 0.240118 1.25517e-05 0.000556663 0.0128261 0.02203 0.0172843 0.00145425 0.0956326 2.68684e-07 
0.00100422 0.00905324 0.00802372 0.0327693 0.870643 0.022905 0.00135757 1.1697e-07 0.0100203 5.05219e-07 0.00516067 9.13369e-11 0.000159272 0.000213695 0.00428534 4.57518e-09 4.3038e-06 0.026905 2.2891e-05 0.000600992 0.00632422 0.000544207 2.7427e-06 
0.000181662 0.0119397 0.0539727 0.0527832 0.533606 0.0115364 0.000923507 2.39965e-05 0.0693936 2.81878e-05 0.0211894 0.0116468 0.00074385 0.00279609 0.0972081 9.93087e-08 1.30565e-06 0.0186784 0.000318122 0.0236852 0.0135661 0.0757704 7.23758e-06 
2.38711e-06 0.00994575 0.0413868 0.0347922 0.509029 0.0208283 0.00809574 4.86805e-06 0.092852 3.08877e-05 0.00133611 0.00204904 0.000260304 0.000129228 0.0866361 0.000118369 1.95619e-07 0.0457901 0.036731 0.0499742 0.0124102 0.0475876 1.0243e-05 
1.21834e-06 6.92647e-06 0.0686407 0.00609473 0.429139 0.00923621 0.000210858 1.39381e-07 0.255564 7.8152e-05 0.00406118 0.00023648 9.1882e-06 0.000940091 0.00532648 5.0953e-05 1.19669e-07 0.0371828 0.0742116 0.0891094 0.0145706 0.00532858 3.44438e-07 
0.00183064 7.89536e-09 0.0676019 0.0526882 0.714313 0.00208054 0.0883232 7.47621e-06 6.4742e-05 0.000182912 0.00383477 0.000167355 1.43018e-08 5.11395e-07 0.0594253 2.2871e-09 0.000136608 0.00127192 0.0058782 0.000408757 0.000655486 0.00112819 7.76317e-09 
0.00183064 7.89536e-09 0.0676019 0.0526882 0.714313 0.00208054 0.0883232 7.47621e-06 6.4742e-05 0.000182912 0.00383477 0.000167355 1.43018e-08 5.11395e-07 0.0594253 2.2871e-09 0.000136608 0.00127192 0.0058782 0.000408757 0.000655486 0.00112819 7.76317e-09 
2.97586e-07 7.5446e-06 0.0195532 0.00455285 0.778996 0.00912294 9.53373e-07 1.40323e-07 0.0850033 2.98817e-06 3.95602e-09 0.000150353 5.73403e-06 1.46207e-07 0.00148106 5.02594e-08 4.9092e-06 0.00124855 0.0144859 0.08006 0.0009299 0.00439266 6.31164e-07 
0.000186634 2.09527e-06 0.0113611 0.03238 0.503699 0.0219556 0.000515024 0.000378341 0.226722 1.24222e-05 0.0764687 2.37548e-06 7.41292e-09 4.2103e-06 0.0216189 0.000489268 0.0886315 3.31917e-06 4.59234e-07 2.45605e-05 0.0131775 0.00236319 4.241e-06 
3.25297e-05 0.00574896 0.000734565 0.00282062 0.914908 0.0176588 0.049875 1.73774e-05 0.000407563 5.04972e-06 0.000149931 1.39079e-07 3.97645e-07 9.34593e-05 0.000619745 1.10547e-05 3.41916e-07 2.72357e-06 9.47146e-07 0.00592748 0.000983805 1.15658e-08 1.06917e-06 
0.00183064 7.89536e-09 0.0676019 0.0526882 0.714313 0.00208054 0.0883232 7.47621e-06 6.4742e-05 0.000182912 0.00383477 0.000167355 1.43018e-08 5.11395e-07 0.0594253 2.2871e-09 0.000136608 0.00127192 0.0058782 0.000408757 0.000655486 0.00112819 7.76317e-09 
0.00183064 7.89536e-09 0.0676019 0.0526882 0.714313 0.00208054 0.0883232 7.47621e-06 6.4742e-05 0.000182912 0.00383477 0.000167355 1.43018e-08 5.11395e-07 0.0594253 2.2871e-09 0.000136608 0.00127192 0.0058782 0.000408757 0.000655486 0.00112819 7.76317e-09 
4.89129e-05 0.00638779 0.00608164 0.0650564 0.465158 0.0579992 0.000175412 0.000370421 0.11304 0.00205713 0.0687274 2.08979e-05 0.000105652 0.000848008 0.114692 9.81443e-07 0.00012208 0.0120146 0.0106005 0.0115555 0.00151394 0.0634236 4.31375e-07 
0.00183064 7.89536e-09 0.0676019 0.0526882 0.714313 0.00208054 0.0883232 7.47621e-06 6.4742e-05 0.000182912 0.00383477 0.000167355 1.43018e-08 5.11395e-07 0.0594253 2.2871e-09 0.000136608 0.00127192 0.0058782 0.000408757 0.000655486 0.00112819 7.76317e-09 
0.00142009 0.278921 0.0772998 0.0782606 0.349923 0.01052 0.00527969 0.000111459 0.00172123 0.000216526 0.0127882 0.00195487 5.62549e-07 0.00786391 0.00860569 7.24549e-07 1.15929e-06 0.00409576 0.000853196 0.102959 0.054818 0.00237827 6.97763e-06 
0.00183064 7.89536e-09 0.0676019 0.0526882 0.714313 0.00208054 0.0883232 7.47621e-06 6.4742e-05 0.000182912 0.00383477 0.000167355 1.43018e-08 5.11395e-07 0.0594253 2.2871e-09 0.000136608 0.00127192 0.0058782 0.000408757 0.000655486 0.00112819 7.76317e-09 
0.00183064 7.89536e-09 0.0676019 0.0526882 0.714313 0.00208054 0.0883232 7.47621e-06 6.4742e-05 0.000182912 0.00383477 0.000167355 1.43018e-08 5.11395e-07 0.0594253 2.2871e-09 0.000136608 0.00127192 0.0058782 0.000408757 0.000655486 0.00112819 7.76317e-09 
0.000770856 7.89652e-05 0.0328043 0.00377211 0.224043 0.0660576 0.00118728 0.000597246 0.130094 1.74303e-07 0.0720417 0.0630273 3.42395e-05 0.0193433 0.124747 9.9141e-05 1.52694e-05 0.000109644 5.08597e-06 0.0162717 0.163117 0.0325596 0.0492241 
3.31042e-07 9.06003e-07 0.00897061 0.0145182 0.625671 0.0832788 0.0329121 2.66366e-06 0.039542 0.000365133 0.093253 7.43151e-05 4.04225e-05 0.00367451 0.0129689 1.19176e-06 5.05928e-06 0.0169235 5.38019e-05 0.00719679 0.0467016 0.00305319 0.0107915 
0.0016463 1.13564e-05 0.0706172 0.0256391 0.302679 0.0610407 0.000192494 0.000414691 0.0404145 3.80579e-07 0.1367 4.55178e-07 0.000514461 0.00491774 0.153277 0.000231204 3.6494e-06 0.00210165 0.000224161 0.154746 0.0308954 0.0130161 0.000716465 
1.27057e-05 0.0340907 0.040895 0.00150824 0.467598 0.00055098 0.000244839 0.000451723 0.329802 0.0429057 0.00137892 0.000306653 0.00882967 0.000105196 0.00766374 1.21482e-05 5.7032e-06 0.0125401 0.000230025 0.00514479 0.00272094 0.00605163 0.0369508 
4.31223e-08 2.48961e-05 0.169574 0.0788798 0.307676 0.0810442 0.061134 0.0015448 0.00812948 0.00293937 0.0258102 7.28387e-06 6.80572e-05 0.000270645 0.18746 4.92134e-06 4.60514e-07 0.0155195 0.00676199 0.00763241 0.0289418 0.0148347 0.00174115 
0.00215366 0.000137539 0.00681453 0.174104 0.427513 0.0358817 0.0423329 3.02869e-07 0.0299552 5.98311e-05 0.0119392 9.34321e-06 0.171496 0.00154502 0.0644358 3.03494e-05 2.38979e-07 0.00088731 0.000775664 0.00254028 0.0230785 0.00424637 6.34269e-05 
0.00183064 7.89536e-09 0.0676019 0.0526882 0.714313 0.00208054 0.0883232 7.47621e-06 6.4742e-05 0.000182912 0.00383477 0.000167355 1.43018e-08 5.11395e-07 0.0594253 2.2871e-09 0.000136608 0.00127192 0.0058782 0.000408757 0.000655486 0.00112819 7.76317e-09 
0.00790092 9.28231e-05 0.052837 0.0125112 0.596747 0.0993045 0.0226958 2.6699e-08 0.024898 3.35772e-06 0.0219988 0.0077442 0.000162701 0.00125664 0.0760575 1.76832e-05 4.09134e-05 0.00545189 0.00197058 0.0051694 0.0241204 0.0390122 6.14087e-06 
4.31223e-08 2.48961e-05 0.169574 0.0788798 0.307676 0.0810442 0.061134 0.0015448 0.00812948 0.00293937 0.0258102 7.28387e-06 6.80572e-05 0.000270645 0.18746 4.92134e-06 4.60514e-07 0.0155195 0.00676199 0.00763241 0.0289418 0.0148347 0.00174115 
1.88528e-06 1.88676e-06 0.0198171 1.8872e-06 0.549445 0.0886952 1.88667e-06 1.88232e-06 1.88697e-06 0.0184683 0.0769884 1.88395e-06 1.88412e-06 0.115423 0.0428421 1.88454e-06 1.8834e-06 0.00886727 1.88704e-06 0.0635864 0.00830399 1.88713e-06 0.00754095 
0.00183064 7.89536e-09 0.0676019 0.0526882 0.714313 0.00208054 0.0883232 7.47621e-06 6.4742e-05 0.000182912 0.00383477 0.000167355 1.43018e-08 5.11395e-07 0.0594253 2.2871e-09 0.000136608 0.00127192 0.0058782 0.000408757 0.000655486 0.00112819 7.76317e-09 
1.8513e-05 0.163559 0.0611104 0.0165552 0.315211 0.0679787 0.00170002 0.00868398 0.0917814 1.02592e-05 0.0266884 7.2348e-05 5.29854e-05 0.0480661 0.0375708 9.19827e-07 0.000414916 0.0121349 0.000670942 0.0363885 0.0809309 0.0186855 0.0117135 
0.00178002 1.85236e-05 0.0316393 0.0130795 0.816754 0.0393717 0.00171003 4.38429e-06 0.00364686 2.10605e-05 0.00527751 0.00261971 0.0199496 0.0010194 0.0271864 2.67657e-08 1.69071e-08 0.000871517 0.000434374 0.00749251 0.0170303 0.00864414 0.00144905 
0.00183064 7.89536e-09 0.0676019 0.0526882 0.714313 0.00208054 0.0883232 7.47621e-06 6.4742e-05 0.000182912 0.00383477 0.000167355 1.43018e-08 5.11395e-07 0.0594253 2.2871e-09 0.000136608 0.00127192 0.0058782 0.000408757 0.000655486 0.00112819 7.76317e-09 
0.0224704 0.0014849 0.123626 0.023194 0.212123 0.112259 0.00208536 0.000632607 0.022257 0.00103314 0.0643997 0.110523 0.000383325 0.00351868 0.18774 1.66628e-07 0.000449788 1.66778e-07 0.00151849 0.0155983 0.0403566 0.0543453 1.66647e-07 
6.70504e-06 0.000100415 0.00224752 0.000829411 0.973252 0.005882 2.34007e-06 1.59921e-05 0.0106895 9.69983e-06 0.00588556 1.08935e-05 0.000230447 0.000180662 0.000233053 9.02872e-06 1.26186e-05 1.4844e-05 1.18235e-06 0.000208509 0.00016882 9.05904e-07 8.34453e-06 
0.00183064 7.89536e-09 0.0676019 0.0526882 0.714313 0.00208054 0.0883232 7.47621e-06 6.4742e-05 0.000182912 0.00383477 0.000167355 1.43018e-08 5.11395e-07 0.0594253 2.2871e-09 0.000136608 0.00127192 0.0058782 0.000408757 0.000655486 0.00112819 7.76317e-09 
0.0497917 2.9101e-06 0.0332889 0.0289439 0.284247 0.0991567 0.000313437 3.40409e-05 0.0305294 0.00491967 0.0274217 0.00599524 1.7335e-05 0.000608875 0.227668 4.62634e-05 6.6698e-07 0.0110554 0.0251293 0.0526151 0.00811468 0.110087 1.29007e-05 
0.0236321 7.35284e-08 2.84552e-08 0.224137 0.443561 0.0743166 0.0980344 5.77404e-07 8.33309e-05 2.92972e-05 0.0677538 3.93317e-07 3.73857e-07 0.00177977 0.00310502 3.25988e-07 4.55601e-07 0.000453964 9.31941e-05 2.07792e-05 0.0610891 0.00190757 3.01285e-07 
0.0252947 4.14041e-05 0.00449295 0.0583098 0.333862 0.0507439 0.000840026 0.00399179 0.00502633 0.294308 0.0221386 9.16444e-05 0.00513338 0.00489954 0.00937558 4.20476e-06 5.64052e-05 0.0130143 0.0132012 0.0864152 0.026239 0.0425195 1.07427e-06 
0.0212235 3.82952e-05 0.0117553 0.0173176 0.259816 0.0871783 3.8042e-05 1.69464e-07 0.0064145 4.98813e-05 0.0980761 0.178568 2.79862e-06 0.000147473 0.0882416 3.01769e-10 4.21753e-10 0.00338383 0.000165317 0.00533732 0.0145987 0.207646 6.823e-07 
1.52364e-09 4.62765e-10 3.94353e-06 0.0139371 0.253506 0.213503 8.91678e-07 3.634e-09 0.0336536 2.20417e-09 0.138772 7.74647e-05 2.35294e-09 3.67274e-06 0.0938693 2.05167e-09 2.86742e-09 8.30796e-10 2.68675e-10 4.55165e-10 0.024261 0.228408 4.50373e-06 
0.00473399 0.00462984 0.0466491 0.0642271 0.615463 0.0405384 0.00612603 0.000164985 0.03295 6.40071e-05 0.0103421 0.00623624 1.038e-05 0.000373092 0.0576433 1.82081e-11 7.00599e-09 0.0311927 0.000867602 0.016226 0.0582273 0.00331969 1.48024e-05 
0.00162979 7.55938e-05 0.0462869 0.0247883 0.670119 0.151574 0.000209043 9.51377e-07 0.0136937 0.00154569 0.000651674 1.58314e-06 1.76054e-05 6.21846e-05 0.0182761 7.72492e-08 1.35911e-05 0.0217056 0.0130115 0.0209348 0.00699336 0.00832212 8.72339e-05 
3.28464e-07 5.09625e-07 0.00508548 0.000669043 0.984977 0.000688533 2.8243e-05 1.02766e-09 1.75601e-07 6.23316e-10 9.07248e-05 9.54792e-08 6.65389e-10 1.27409e-08 0.000537632 5.8019e-10 8.10876e-10 0.00602449 5.17787e-09 1.08168e-07 0.00162451 0.000272818 5.36224e-10 
0.00183064 7.89536e-09 0.0676019 0.0526882 0.714313 0.00208054 0.0883232 7.47621e-06 6.4742e-05 0.000182912 0.00383477 0.000167355 1.43018e-08 5.11395e-07 0.0594253 2.2871e-09 0.000136608 0.00127192 0.0058782 0.000408757 0.000655486 0.00112819 7.76317e-09 
0.00183064 7.89536e-09 0.0676019 0.0526882 0.714313 0.00208054 0.0883232 7.47621e-06 6.4742e-05 0.000182912 0.00383477 0.000167355 1.43018e-08 5.11395e-07 0.0594253 2.2871e-09 0.000136608 0.00127192 0.0058782 0.000408757 0.000655486 0.00112819 7.76317e-09 
0.00359006 2.61545e-10 0.00533255 0.00766152 0.479845 0.1865 0.000175882 7.91278e-05 0.080973 1.39325e-05 0.0311557 5.80443e-05 0.000189523 0.000647012 0.110353 5.17861e-06 1.6206e-09 0.00583776 0.0267984 0.0246752 0.00245038 0.0317536 0.00190551 
0.000511675 2.26116e-07 0.000188356 0.00740553 0.797968 0.0194289 0.000325801 1.60994e-09 2.32671e-06 9.7649e-10 0.0426983 1.09666e-09 1.0424e-09 4.5874e-10 0.0101137 9.08929e-10 1.27032e-09 0.0939649 1.19028e-10 1.18527e-06 0.00495363 0.0224365 4.52422e-07 
0.000592228 0.00665571 0.0896241 0.0855811 0.325941 0.0636844 0.0074558 0.00134244 0.0543322 0.000751477 0.0174042 0.000385214 0.000713415 0.0125564 0.155113 2.00336e-05 0.000842601 0.00480208 0.0100323 0.0269706 0.0418737 0.0933167 9.41412e-06 
4.37573e-05 0.00304003 0.0104642 0.00204298 0.824491 0.105662 2.94502e-05 5.11597e-08 0.0073844 1.11417e-06 0.00814577 2.32531e-05 0.000189149 0.00102619 0.00356199 0.00130107 8.33586e-05 0.00066242 6.23556e-06 0.000777336 0.00523259 0.0258309 8.17314e-07 
0.000407248 0.0113509 0.0865775 0.0142905 0.418267 0.127441 0.00143679 3.6789e-05 0.0163242 0.000172723 0.0147916 0.00841602 0.0195359 0.00866497 0.0475532 1.4899e-06 0.000328532 0.00187478 0.00393573 0.0633777 0.00157305 0.153641 8.6072e-07 
0.00863447 0.00761713 0.0994636 0.0384757 0.219678 0.0579692 0.00544768 2.52677e-05 0.0523652 0.00024829 0.0776579 0.00208696 0.0114082 0.00533352 0.129487 3.21658e-05 0.000382055 0.0101826 0.0256019 0.0846334 0.0180538 0.145125 9.09819e-05 
1.21696e-05 1.79156e-05 0.00952582 0.00977278 0.646729 0.0369559 0.000287807 8.88784e-05 0.0813412 8.57643e-06 0.00576554 0.00122977 0.000274424 0.000862287 0.103057 0.000513534 1.89754e-06 0.00376456 0.000230856 0.0047722 0.0213515 0.0734341 1.77661e-06 
0.00018955 0.00102762 0.21632 0.0554462 0.359373 0.122959 0.0042994 0.000291536 0.0162997 0.000145853 0.0141613 0.000575458 9.39952e-05 0.00120003 0.0937791 2.80501e-06 2.82507e-05 0.00806685 0.0133214 0.0424772 0.0146369 0.0328883 0.00241655 
2.34918e-07 0.0122569 0.0445989 0.00214088 0.436731 0.000669347 0.234725 0.000101571 6.04165e-07 1.19827e-07 0.0028981 1.45544e-06 0.000451213 0.0492907 0.01144 3.81969e-10 3.08023e-06 4.72254e-08 0.000534918 0.18014 0.0197915 0.00422427 8.44271e-08 
9.58143e-06 0.000215225 0.050754 0.0245128 0.727627 0.0731318 0.000978624 9.80988e-05 0.00263495 5.05127e-05 0.0302796 0.000341884 1.25303e-06 0.000682711 0.0121539 1.09259e-06 0.000138036 0.00740155 0.0263634 0.0244631 0.00665003 0.011438 7.256e-05 
0.00183064 7.89536e-09 0.0676019 0.0526882 0.714313 0.00208054 0.0883232 7.47621e-06 6.4742e-05 0.000182912 0.00383477 0.000167355 1.43018e-08 5.11395e-07 0.0594253 2.2871e-09 0.000136608 0.00127192 0.0058782 0.000408757 0.000655486 0.00112819 7.76317e-09 
0.000190614 0.00314454 0.0177824 0.0234765 0.660819 0.102262 0.00138452 4.79467e-05 0.0278113 0.00118255 0.0321742 0.000249723 2.77428e-05 0.00445535 0.0214373 1.13105e-06 0.00408261 0.0151526 0.0013296 0.00644491 0.0286975 0.0444296 0.0034169 
6.63798e-07 2.10916e-05 0.00895513 0.0388708 0.667108 0.000192841 0.00106325 5.80301e-05 0.0583964 3.51937e-09 0.0136008 2.25153e-08 0.000240555 2.32459e-06 0.00698724 8.99606e-06 1.53237e-06 0.00186059 4.69209e-05 0.00818718 0.0110791 0.183319 3.02763e-09 
1.09481e-06 1.2745e-05 0.0514416 0.0107931 0.563941 0.0490496 0.000459096 1.71781e-07 0.127767 4.35368e-05 0.00960126 0.000767479 2.38391e-07 0.00110973 0.0322034 1.94909e-06 0.000194329 0.0364035 5.50906e-05 0.0444427 0.0417162 0.0292575 0.000737685 
0.000949408 0.000135048 0.0424923 0.0280573 0.397498 0.0446496 0.00370903 0.000134771 0.047267 0.0039 0.0239093 0.00129127 0.000273146 0.00252673 0.297586 1.99706e-06 7.24212e-06 0.00272824 0.0244582 0.011904 0.0317889 0.0346694 6.28452e-05 
0.00148644 3.27351e-05 0.0597314 0.270072 0.303114 0.189637 0.00283851 0.00105882 0.00191239 0.00315677 0.016121 0.000123554 0.00244362 0.0839408 0.0183927 7.00104e-06 1.25479e-06 0.00719467 0.000565132 0.00232816 0.00449676 0.0312914 5.35405e-05 
3.43716e-07 5.88485e-08 0.0684484 0.0465295 0.727507 0.0374631 0.00286795 1.26591e-06 0.00351009 2.31311e-07 0.00556146 0.000653476 0.00386445 0.00275833 0.000261633 6.9832e-08 0.000161133 0.00352029 2.62904e-06 0.00119964 0.00212345 0.0935657 3.2423e-10 
0.00052995 0.00683175 0.0278422 0.0682856 0.667446 0.0693322 5.25089e-06 5.23879e-06 5.25173e-06 5.24437e-06 0.0252129 0.00682155 5.24379e-06 5.24895e-06 0.0546307 5.24497e-06 5.24179e-06 5.2497e-06 5.25191e-06 5.25118e-06 0.0729993 5.25216e-06 5.24558e-06 
4.47392e-05 3.90781e-05 0.0373252 0.16981 0.43692 0.168444 0.00820032 6.92375e-05 0.00946609 3.60315e-07 0.0223593 0.000105096 0.003326 0.000436318 0.0131546 1.54938e-07 2.19737e-07 0.0408583 0.00110322 0.00176783 0.00662088 0.0360057 0.0439433 
0.000185728 9.95973e-06 0.0204072 0.106638 0.465677 0.146471 0.000422953 6.30606e-05 0.0304259 5.35358e-07 0.00713573 0.000905056 0.0106514 0.000635053 0.0456505 0.000168455 0.000546505 0.000352707 0.0140235 0.000264298 0.0746091 0.0734319 0.00132491 
0.00108537 0.00012339 0.0387802 0.0645551 0.387118 0.0371552 0.00614253 0.00213172 0.000769554 0.000164119 0.0143704 0.000190993 0.000251013 0.00581166 0.0690498 5.89945e-06 5.32553e-05 0.000395966 0.0496012 0.197085 0.012999 0.106722 0.00543895 
0.000238477 3.29089e-05 0.032294 0.0325325 0.299669 0.0201275 0.199993 0.000395707 0.0124199 3.79382e-05 0.0128165 0.000421529 0.000680667 0.0573173 0.0235133 1.80524e-06 7.93121e-05 0.00142561 0.00878077 0.0379611 0.209906 0.0493499 4.52453e-06 
3.49957e-05 0.00294269 0.0969545 0.0671087 0.637983 0.0961229 0.0073535 0.000106133 0.00412614 0.000186357 0.00425513 0.00226955 0.000252702 0.000137471 0.0092546 1.32662e-06 1.9501e-05 0.0020663 1.91221e-05 0.0264853 0.00892787 0.0333921 4.19523e-08 
6.71138e-05 1.99619e-05 0.0516133 0.241576 0.371474 0.209285 0.000559023 0.00331921 0.023667 1.17974e-06 0.00272654 1.0515e-09 2.33369e-07 0.0321567 0.0210416 3.94702e-05 1.21802e-09 3.10815e-08 0.000252199 0.0267278 0.00320851 0.0122652 3.07023e-07 
0.00183064 7.89536e-09 0.0676019 0.0526882 0.714313 0.00208054 0.0883232 7.47621e-06 6.4742e-05 0.000182912 0.00383477 0.000167355 1.43018e-08 5.11395e-07 0.0594253 2.2871e-09 0.000136608 0.00127192 0.0058782 0.000408757 0.000655486 0.00112819 7.76317e-09 
0.00102929 6.29158e-05 0.163775 0.0389958 0.306808 0.0387891 0.0147274 2.07799e-05 0.0753762 0.000141063 0.0441051 0.00029517 0.00885926 0.000557941 0.0374579 1.72759e-06 0.000169857 0.0656756 0.00141164 0.0234373 0.0713828 0.106914 5.87951e-06 
0.00198804 1.12347e-05 0.122978 0.0627598 0.342454 0.154301 0.0156249 6.96615e-05 0.0397198 0.000124906 0.0353302 0.000219716 0.00381724 0.0210021 0.0737684 1.61588e-06 3.95873e-05 0.0117925 0.00503896 0.0139851 0.023429 0.0707051 0.000837772 
0.000290583 0.000217083 0.0764386 0.072141 0.229866 0.151254 0.00689815 0.000139425 0.00709178 0.00495773 0.0123416 3.80515e-05 5.38931e-05 0.0606209 0.207067 3.13614e-07 0.000177685 0.00407709 0.00373571 0.00966109 0.0893533 0.0633802 0.000197635 
2.59812e-05 1.30967e-05 0.102857 0.0432392 0.304985 0.201933 0.00768865 1.64988e-05 0.0856713 1.06545e-06 0.0306043 5.10756e-05 6.04667e-05 0.00370096 0.123262 1.41676e-05 1.73551e-06 0.0127828 0.00362935 0.00459528 0.0327244 0.0421428 5.55878e-10 
0.00183064 7.89536e-09 0.0676019 0.0526882 0.714313 0.00208054 0.0883232 7.47621e-06 6.4742e-05 0.000182912 0.00383477 0.000167355 1.43018e-08 5.11395e-07 0.0594253 2.2871e-09 0.000136608 0.00127192 0.0058782 0.000408757 0.000655486 0.00112819 7.76317e-09 
0.00183064 7.89536e-09 0.0676019 0.0526882 0.714313 0.00208054 0.0883232 7.47621e-06 6.4742e-05 0.000182912 0.00383477 0.000167355 1.43018e-08 5.11395e-07 0.0594253 2.2871e-09 0.000136608 0.00127192 0.0058782 0.000408757 0.000655486 0.00112819 7.76317e-09 
1.26151e-06 3.26562e-07 0.00581927 0.000923409 0.888912 0.000705053 1.75612e-05 7.41993e-06 0.0783643 4.36511e-06 0.00506834 9.67206e-07 1.20186e-06 1.49516e-06 0.00311686 0.000602367 3.76004e-08 0.00328077 9.46289e-06 0.00819154 0.00377955 0.00119207 2.48648e-08 
0.00696866 0.0310385 0.00601874 0.0487569 0.689154 0.0269832 0.00126276 2.35123e-06 0.000217874 0.000215216 0.011649 0.0308975 0.0021204 3.89461e-06 0.0426021 7.85422e-07 4.18621e-05 0.0663724 0.00895841 0.0033995 0.00442586 0.0189045 5.46634e-06 
0.00183064 7.89536e-09 0.0676019 0.0526882 0.714313 0.00208054 0.0883232 7.47621e-06 6.4742e-05 0.000182912 0.00383477 0.000167355 1.43018e-08 5.11395e-07 0.0594253 2.2871e-09 0.000136608 0.00127192 0.0058782 0.000408757 0.000655486 0.00112819 7.76317e-09 
9.29158e-05 0.000250371 0.0101616 0.0267907 0.444888 0.00233494 0.00208766 0.000327773 0.391472 0.0338794 0.00260149 0.000762225 1.6069e-05 0.00107949 0.028521 2.06843e-10 3.19586e-05 0.010695 0.000615828 0.0108706 0.0099145 0.0206453 0.00196085 
3.17678e-06 2.5297e-06 0.00176987 0.00173649 0.964813 0.00243118 4.51553e-06 1.96795e-09 0.00162947 0.0179777 0.000410164 2.95117e-06 7.24223e-05 5.6458e-05 8.95735e-07 2.64483e-08 7.84163e-07 4.84732e-07 1.33961e-07 0.000618813 4.6901e-05 0.00842208 1.82913e-07 
1.91547e-06 0.00599998 0.0186476 0.00507203 0.673954 0.0382941 0.000281715 2.19789e-08 0.0349816 1.07075e-07 0.0320382 0.00506526 7.08554e-05 0.00206509 0.0310981 0.00284607 0.00101486 0.00549721 4.92288e-05 0.00145351 0.00296987 0.138598 7.82284e-08 
0.0001236 0.00297728 0.0896037 0.0220942 0.245651 0.152308 0.0555156 7.12938e-05 0.0670809 0.000531208 0.0026368 0.000829519 0.00282186 0.0015791 0.111451 2.97544e-05 0.0212832 0.00703204 0.0296965 0.116789 0.01275 0.0571292 1.51777e-05 
0.000595916 2.1163e-08 0.0349818 0.0324768 0.67994 0.0736764 0.000241482 5.36978e-07 0.00600653 1.47367e-05 0.0198436 0.00151219 6.79209e-05 0.0428251 0.0275915 8.61071e-07 0.000236508 0.0319836 1.71522e-06 0.000631082 0.00762911 0.0397427 8.07546e-10 
1.42552e-07 0.000466163 0.0771108 0.0168781 0.232038 0.0199263 0.00292038 1.14495e-05 0.0807457 1.38594e-06 0.0111983 0.0549031 0.00141054 0.00160617 0.212423 2.6555e-05 0.00198833 0.12856 0.012276 0.0931659 0.0144347 0.0379086 8.61249e-10 
1.51466e-05 0.0283511 0.0364112 0.00629306 0.469315 0.240177 6.2408e-05 1.08883e-06 0.01371 0.000498765 0.115804 1.13295e-05 2.85203e-08 0.00105432 0.00438056 0.00028388 9.419e-06 0.00592014 8.47687e-06 0.000728161 0.00675699 0.0619573 0.00825064 
0.00183064 7.89536e-09 0.0676019 0.0526882 0.714313 0.00208054 0.0883232 7.47621e-06 6.4742e-05 0.000182912 0.00383477 0.000167355 1.43018e-08 5.11395e-07 0.0594253 2.2871e-09 0.000136608 0.00127192 0.0058782 0.000408757 0.000655486 0.00112819 7.76317e-09 
0.00183064 7.89536e-09 0.0676019 0.0526882 0.714313 0.00208054 0.0883232 7.47621e-06 6.4742e-05 0.000182912 0.00383477 0.000167355 1.43018e-08 5.11395e-07 0.0594253 2.2871e-09 0.000136608 0.00127192 0.0058782 0.000408757 0.000655486 0.00112819 7.76317e-09 
0.0376753 0.00235472 0.091095 0.0245624 0.389621 0.068957 0.00138261 5.17002e-05 0.0390727 6.84654e-05 0.0282205 0.000303824 0.00247827 0.0244812 0.0733904 0.00252051 0.000367132 0.0268102 0.000280254 0.0261139 0.00859573 0.143533 0.00806354 
7.15364e-07 7.04797e-06 0.26502 0.14696 0.345171 0.126045 0.000180864 4.44454e-07 0.0192096 7.36504e-09 0.00974147 8.2714e-09 0.000555855 0.00190256 0.010561 5.79403e-08 5.14452e-06 0.00234064 0.000269073 0.0536089 0.00482684 0.0135943 6.33597e-09 
4.27297e-10 3.4385e-07 0.0670309 0.0549644 0.676238 0.0747713 0.00184227 1.52107e-07 0.0332361 5.48736e-05 0.00041677 0.000113109 0.00115251 1.51552e-07 1.62938e-05 6.51577e-08 8.04153e-10 0.010879 0.000347886 0.060751 7.0276e-07 0.0181839 4.31405e-07 
0.00175978 0.00341131 0.0611767 0.00642321 0.379276 0.20167 0.00498914 5.33856e-07 0.0396258 2.37178e-06 0.0039733 0.00217334 0.00288531 0.0103254 0.0260989 1.46088e-07 1.80813e-05 0.00418112 6.72697e-05 0.0683932 0.00069985 0.182849 3.84843e-09 
0.000279991 0.00121991 0.0267347 0.0546891 0.435439 0.162211 0.00113554 0.000101316 0.0262693 1.99496e-05 0.0588137 0.000235441 0.00410904 0.0318325 0.0218044 6.33617e-07 3.94893e-06 0.00485755 0.000376523 0.00872749 0.0200654 0.137538 0.00353549 
0.00183064 7.89536e-09 0.0676019 0.0526882 0.714313 0.00208054 0.0883232 7.47621e-06 6.4742e-05 0.000182912 0.00383477 0.000167355 1.43018e-08 5.11395e-07 0.0594253 2.2871e-09 0.000136608 0.00127192 0.0058782 0.000408757 0.000655486 0.00112819 7.76317e-09 
0.00146041 0.00210782 0.0278856 0.0268148 0.457551 0.0424767 0.00522296 5.73288e-05 0.0140118 0.00395571 0.0408638 0.0025469 0.00112438 0.00962565 0.0794539 0.0032139 0.000478884 0.00965847 0.00626222 0.0163267 0.00843667 0.238697 0.00176699 
0.000103584 0.00304151 0.246038 0.0450817 0.258905 0.0387318 0.00143482 0.0121549 0.0394976 5.83859e-06 0.0678917 0.000413529 0.00547093 0.00606429 0.0414583 3.50405e-05 1.81041e-05 0.00596039 0.000491169 0.0734632 0.0582539 0.0954805 4.16911e-06 
0.00183064 7.89536e-09 0.0676019 0.0526882 0.714313 0.00208054 0.0883232 7.47621e-06 6.4742e-05 0.000182912 0.00383477 0.000167355 1.43018e-08 5.11395e-07 0.0594253 2.2871e-09 0.000136608 0.00127192 0.0058782 0.000408757 0.000655486 0.00112819 7.76317e-09 
3.30071e-06 4.74556e-05 0.0928321 0.0178653 0.479576 0.0490171 0.00157772 3.62355e-06 0.134118 0.000314551 0.0485554 0.00116627 0.000123145 6.13281e-05 0.0155997 2.51646e-07 7.4062e-06 0.0374492 1.4274e-05 0.0202249 0.0207187 0.0768368 0.00388718 
0.00183064 7.89536e-09 0.0676019 0.0526882 0.714313 0.00208054 0.0883232 7.47621e-06 6.4742e-05 0.000182912 0.00383477 0.000167355 1.43018e-08 5.11395e-07 0.0594253 2.2871e-09 0.000136608 0.00127192 0.0058782 0.000408757 0.000655486 0.00112819 7.76317e-09 
0.00104149 2.26683e-08 0.00558532 0.00014068 0.605223 0.0133 3.80936e-07 6.80011e-07 0.239126 7.26571e-10 1.04087e-06 8.15985e-10 7.75613e-10 4.62558e-08 3.93632e-07 2.10057e-07 6.04154e-06 0.0116122 3.60899e-05 0.0156747 0.100387 0.00786458 6.25052e-10 
0.00116264 0.00253642 0.0895212 0.0298354 0.268586 0.126303 0.00301016 9.0731e-05 0.120917 0.000470299 0.00682423 0.00207635 0.000430022 0.00114729 0.188959 0.000113762 7.85706e-05 0.0180918 0.0155312 0.0201038 0.0292255 0.0742058 0.000780814 
0.00221396 0.000348726 0.0121887 0.00802849 0.429192 0.0268969 0.0007286 9.33676e-05 0.139079 0.00533494 0.0544012 0.00183359 0.00016124 0.00729707 0.0160405 1.62802e-05 0.000119612 0.0334215 0.0454096 0.078424 0.0143456 0.115312 0.00911272 
0.000756361 5.14228e-05 0.030094 0.0484792 0.351901 0.190138 0.000780518 2.98531e-05 0.179592 0.000400982 0.00826253 2.45149e-05 3.34765e-05 0.00108924 0.07555 4.71141e-06 7.99777e-06 0.0284035 0.000100939 0.00111857 0.00336808 0.0149061 0.0649076 
0.00417278 0.000806027 0.0903494 0.0522607 0.503918 0.103119 0.00279763 0.000494835 0.0278143 9.38948e-05 0.0133482 0.000691714 0.000282861 0.00443836 0.0581085 7.82945e-06 0.00020547 0.0136808 0.0102031 0.0144948 0.00395175 0.0884716 0.00628822 
0.000143904 3.72334e-05 0.0325098 0.0306365 0.756641 0.0729322 0.00115503 4.54944e-06 0.00757757 3.28437e-08 0.00239177 0.00176628 0.000378332 0.000175941 0.0331112 1.0862e-08 1.86988e-08 2.26395e-05 0.0431766 0.0028454 0.00684939 0.00764451 4.92628e-07 
0.00379555 7.44285e-07 0.010942 0.0338668 0.5834 0.120456 0.00806332 1.39002e-06 0.00161215 0.000141612 0.0164583 0.00341625 7.47853e-06 6.293e-05 0.012247 5.8192e-08 5.29682e-07 0.0383189 6.77865e-07 9.61759e-05 0.0224821 0.144629 1.29896e-07 
0.000182991 8.60175e-05 0.258268 0.0101906 0.311008 0.0955647 0.0158455 3.60812e-05 0.0582663 0.00193758 0.027338 0.0854693 3.4016e-05 0.000953873 0.0198082 3.36148e-06 2.71079e-05 0.0327074 4.44136e-05 0.0190224 0.00921981 0.0535696 0.000417282 
1.22846e-05 5.44743e-06 0.119107 0.0201994 0.607348 0.0138355 0.01205 0.000188471 0.000442879 3.78613e-05 0.00790624 4.12801e-05 0.0564823 0.000172493 0.12393 1.68971e-06 1.71939e-05 3.06419e-05 0.00558194 0.00231315 0.0251282 0.00484576 0.000321888 
9.66321e-05 0.0110304 0.0717166 0.122285 0.38579 0.199284 0.000697375 0.000391951 0.0158187 4.49702e-05 0.0105831 5.52549e-05 4.20192e-06 0.0258268 0.0270162 0.00022297 6.60744e-06 0.00073361 0.000163438 0.0574371 0.00923675 0.0615568 1.46893e-06 
0.00172242 0.0120578 0.0173356 0.0279781 0.601527 0.0143462 0.00273633 0.000124551 0.08328 0.131309 0.00286629 0.0039726 0.00273442 0.000884787 0.0200753 5.64634e-07 3.07963e-06 0.0264492 0.00303741 0.00531498 0.0144205 0.0219343 0.0058888 
2.06153e-07 1.2501e-08 0.0182383 0.0554398 0.680671 0.0425416 0.000212536 0.000473612 0.0816259 1.26257e-06 0.00341394 3.37086e-05 4.64995e-06 1.35776e-06 0.0436601 2.61013e-06 0.0294105 0.0210862 7.25789e-09 0.000179655 0.0198273 0.00317582 5.12231e-08 
1.34325e-06 7.12477e-06 0.0220823 0.0278481 0.530329 0.307191 0.0238773 5.48338e-05 0.0203986 7.08544e-05 0.00354221 0.00152364 9.33426e-05 0.000240584 0.0118955 4.38368e-06 1.55966e-07 0.00392689 0.00754864 0.00752483 0.0113105 0.0195147 0.00101439 
0.0136893 0.034236 0.100655 0.0930486 0.206348 0.01944 0.00128735 0.000146588 0.0129113 0.0685515 0.125737 0.000264641 0.000108977 0.0386585 0.0769906 0.00018816 2.56086e-05 0.0178204 0.000140297 0.0526731 0.125324 0.00787809 0.00387751 
1.93475e-08 6.62787e-11 5.63048e-05 1.05098e-05 0.970318 0.000522105 1.3455e-06 5.20474e-10 0.0120125 3.15688e-10 4.94067e-05 0.000143287 6.32634e-07 7.71928e-07 1.62658e-07 4.96496e-05 1.89413e-07 0.000366345 3.84805e-11 0.00899933 5.84586e-11 0.00746919 2.48554e-07 
2.28638e-09 6.94429e-10 0.000378156 0.00107982 0.985419 0.000319104 6.69278e-07 5.45321e-09 0.000727365 3.30759e-09 0.00617506 2.85093e-07 3.53085e-09 2.50036e-07 2.01821e-10 3.07875e-09 4.0518e-08 0.00537459 4.03175e-10 0.000288531 8.38256e-06 0.000228714 2.84544e-09 
0.00183064 7.89536e-09 0.0676019 0.0526882 0.714313 0.00208054 0.0883232 7.47621e-06 6.4742e-05 0.000182912 0.00383477 0.000167355 1.43018e-08 5.11395e-07 0.0594253 2.2871e-09 0.000136608 0.00127192 0.0058782 0.000408757 0.000655486 0.00112819 7.76317e-09 
0.000269718 0.00609315 0.052397 0.0196095 0.466814 0.104915 0.000138369 3.25744e-05 0.0136449 0.00232882 0.0605004 0.000354406 0.018806 0.000748221 0.0374421 3.23611e-05 5.51049e-05 0.110982 6.03892e-05 0.00220641 0.00693258 0.0956374 2.11068e-08 
0.000237681 1.40793e-05 4.90447e-06 0.00462254 0.494397 0.00231977 5.77432e-05 1.43508e-07 1.89688e-05 9.70044e-05 0.319177 8.34316e-05 9.29184e-08 0.152671 0.00231099 8.10209e-08 3.32075e-05 5.31158e-05 2.93836e-05 0.00161784 0.00912096 0.0131109 2.22215e-05 
3.28464e-07 5.09625e-07 0.00508548 0.000669043 0.984977 0.000688533 2.8243e-05 1.02766e-09 1.75601e-07 6.23316e-10 9.07248e-05 9.54792e-08 6.65389e-10 1.27409e-08 0.000537632 5.8019e-10 8.10876e-10 0.00602449 5.17787e-09 1.08168e-07 0.00162451 0.000272818 5.36224e-10 
0.00116677 0.00612139 0.0268884 0.0184558 0.666677 0.0194287 0.0538905 2.34883e-07 0.00852877 2.77903e-05 0.000955038 0.00120464 0.000239456 0.0127606 0.0178592 5.3911e-11 7.53462e-11 0.000803863 0.0117352 0.119924 0.0209365 0.0123961 1.30484e-08 
0.00183064 7.89536e-09 0.0676019 0.0526882 0.714313 0.00208054 0.0883232 7.47621e-06 6.4742e-05 0.000182912 0.00383477 0.000167355 1.43018e-08 5.11395e-07 0.0594253 2.2871e-09 0.000136608 0.00127192 0.0058782 0.000408757 0.000655486 0.00112819 7.76317e-09 
4.54697e-08 0.000120264 5.3445e-09 0.184949 0.461355 0.00070639 0.000230796 1.08449e-07 0.172884 0.00217265 0.0244179 7.38736e-08 5.62365e-05 3.09018e-08 1.21217e-05 2.33105e-05 5.19942e-06 0.0229999 0.0290771 1.35834e-08 0.0461256 0.0132682 0.0415953 
6.30099e-05 0.0525581 0.153003 0.0450379 0.226634 0.0419381 0.000758015 1.25891e-06 0.183895 9.25871e-05 0.0273402 0.000190637 0.0066332 0.000948557 0.0026399 7.81276e-07 0.00123345 0.00974974 0.00336971 0.0625738 0.0555208 0.125818 2.41729e-08 
0.0252947 4.14041e-05 0.00449295 0.0583098 0.333862 0.0507439 0.000840026 0.00399179 0.00502633 0.294308 0.0221386 9.16444e-05 0.00513338 0.00489954 0.00937558 4.20476e-06 5.64052e-05 0.0130143 0.0132012 0.0864152 0.026239 0.0425195 1.07427e-06 
2.95682e-06 2.34688e-06 0.163867 0.217267 0.27698 0.0231291 0.174411 0.000127101 0.0173857 1.02546e-05 0.000525031 7.12873e-06 4.23761e-06 0.000278355 0.0551769 2.03628e-07 1.2772e-05 3.29982e-06 0.0367571 0.0123729 0.0210094 0.000614464 5.62336e-05 
0.00183064 7.89536e-09 0.0676019 0.0526882 0.714313 0.00208054 0.0883232 7.47621e-06 6.4742e-05 0.000182912 0.00383477 0.000167355 1.43018e-08 5.11395e-07 0.0594253 2.2871e-09 0.000136608 0.00127192 0.0058782 0.000408757 0.000655486 0.00112819 7.76317e-09 
1.24065e-06 2.84997e-05 0.0863112 0.127534 0.348051 0.108536 0.0110509 0.0085263 0.00230533 0.000209469 0.0249044 8.55598e-06 1.27053e-05 0.00119642 0.165395 6.13435e-07 1.06001e-05 0.00183155 0.00568591 0.00919846 0.0509043 0.0482958 2.96527e-06 
0.000468223 0.00353321 0.125943 0.0585714 0.242266 0.22875 0.00832728 0.000313437 0.0147565 0.000525167 0.0390205 0.00188589 5.95407e-05 0.00283076 0.162158 2.65058e-06 0.00132217 0.00908199 0.0106677 0.0277701 0.0187568 0.042863 0.000126101 
0.00183064 7.89536e-09 0.0676019 0.0526882 0.714313 0.00208054 0.0883232 7.47621e-06 6.4742e-05 0.000182912 0.00383477 0.000167355 1.43018e-08 5.11395e-07 0.0594253 2.2871e-09 0.000136608 0.00127192 0.0058782 0.000408757 0.000655486 0.00112819 7.76317e-09 
1.16991e-07 0.00335152 0.063956 0.112666 0.174834 0.0975564 0.0010917 0.00113138 0.106505 3.38038e-07 0.0996153 0.00520446 0.000218835 0.109731 0.120294 0.00033477 5.58263e-06 0.0146781 0.0021748 0.00469206 0.00130441 0.0806541 5.45419e-09 
0.000117332 0.000831409 0.0343569 0.00220423 0.470011 0.00833265 0.0011468 3.82943e-06 0.00294151 0.029575 0.248669 0.000100996 6.26994e-07 7.0934e-05 0.141657 0.000450758 0.000981829 0.0125694 2.7736e-05 0.00370308 0.0197822 0.022451 1.45784e-05 
6.98006e-06 7.77062e-05 0.287152 0.0559156 0.314068 0.162123 0.00152487 8.77636e-05 0.0195244 4.10675e-11 0.00521044 0.000763965 2.50658e-07 0.0117812 0.0467782 1.12016e-07 2.56509e-06 0.0268917 0.000192209 0.0032906 0.0107432 0.0538645 3.85485e-07 
