0.0086959 1.36452e-05 0.0485813 0.0224069 0.121721 0.407582 9.41949e-05 5.32696e-07 0.00931289 0.000493013 0.0415554 0.0448887 7.50553e-05 0.000125399 0.0900197 1.55771e-06 2.81094e-06 0.00133157 0.000589863 0.00468192 0.00374547 0.193837 0.000243305 
0.000277825 3.63306e-07 0.00265939 0.0390588 0.0153458 0.602457 0.00146236 2.85297e-06 0.00644511 0.0213414 0.00141547 1.94339e-06 0.000398529 8.12934e-07 0.281409 1.61072e-06 2.25114e-06 0.00531248 2.1093e-07 0.00125765 0.00956562 0.0115816 1.48866e-06 
0.000353197 0.00606324 0.0553389 0.0206779 0.0296957 0.763502 0.00579428 5.38036e-06 0.00327395 1.36024e-05 0.00646719 1.22527e-05 1.09553e-05 6.05113e-05 0.0446686 8.45826e-06 2.02306e-05 0.000355705 0.0260095 0.00149933 0.0223731 0.0137958 5.84822e-07 
0.000137695 0.00190416 0.299393 0.100387 0.0237042 0.337294 0.00750561 3.97637e-05 0.0112895 4.19256e-05 0.0292895 0.00288139 2.86414e-06 6.69924e-05 0.0914896 4.5803e-06 1.92429e-07 0.058803 0.00647996 0.00397595 0.00480548 0.0205032 4.1359e-10 
5.27682e-05 7.93528e-05 0.073877 0.0060846 0.0726602 0.368878 0.000720546 3.89963e-07 0.0461442 3.099e-06 0.112149 0.00598989 0.00643893 0.0027592 0.065704 0.000221764 0.0740342 0.0265181 6.50785e-05 0.0129108 0.0235268 0.101182 2.03479e-07 
0.000297555 3.36007e-05 0.235295 0.0576064 0.125391 0.282413 0.00270768 2.61283e-07 0.000111998 4.88788e-10 0.0250388 0.0025167 0.0018489 0.00286335 0.184682 4.5497e-10 5.05118e-07 7.21995e-07 0.000171954 0.00408839 0.0385191 0.0364139 4.20493e-10 
9.22811e-05 0.0563838 0.12484 0.0204707 0.0679386 0.378689 0.000839926 3.04555e-05 0.0418024 2.06214e-05 0.0528902 0.00647784 0.00519511 0.00215679 0.108074 2.74617e-05 0.000227775 0.0121302 0.010557 0.021531 0.0225893 0.0669599 7.48884e-05 
0.000217556 2.14587e-06 0.0337542 0.0470808 0.00317867 0.468334 0.0103845 0.000214547 0.0127128 1.67652e-05 0.0253432 0.000136422 7.16988e-05 0.000234013 0.0811857 5.58612e-06 6.67661e-05 0.000628628 0.00075426 0.013082 0.292226 0.00698608 0.00338348 
0.000303386 1.898e-07 0.0766398 0.124997 0.0104766 0.326844 0.0265544 2.0558e-06 0.0069013 0.000918676 0.0687184 8.42156e-06 9.56378e-06 4.35474e-05 0.257844 1.612e-08 2.24792e-07 0.00100363 0.0377893 0.00238611 0.02313 0.0349844 0.000445031 
1.86849e-08 3.30757e-06 0.0739319 0.0242277 0.00126733 0.532772 0.00211026 0.00013909 0.000799779 2.70305e-08 0.00786802 3.03569e-08 2.36129e-05 7.10145e-06 0.163549 6.1863e-07 7.13235e-05 0.0016775 0.00640216 0.000890947 0.00717607 0.177082 2.32537e-08 
0.000295175 0.0012197 0.0316212 0.00921698 0.0693174 0.564405 0.00101225 3.57822e-05 0.0244264 0.00166515 0.00997177 7.94213e-05 0.00205114 0.00257874 0.0621922 2.96713e-07 2.64852e-05 0.0163231 0.000338819 0.0198874 0.0049233 0.177512 0.000900858 
0.000211244 1.77153e-05 0.000635018 0.00112029 0.00521133 0.848418 8.66349e-05 4.37012e-05 0.00220833 1.61362e-05 0.0205587 0.000261899 3.39963e-05 2.11758e-05 0.0380971 9.55789e-06 1.17879e-05 0.000761795 0.0148925 0.00010161 0.000522486 0.0666908 6.83174e-05 
0.00950145 1.84061e-07 0.0065918 0.0305051 0.0384666 0.794046 0.00180082 2.36571e-07 7.22879e-08 2.86881e-07 0.0491507 9.94758e-07 2.04621e-06 0.00238309 0.00688263 5.86485e-05 3.88758e-07 0.0031846 0.00129565 0.000929565 0.000802317 0.054397 1.20142e-07 
2.28154e-05 5.72841e-05 0.375839 7.62307e-05 2.96821e-05 0.3889 0.000947174 0.0270296 5.87381e-05 8.82016e-06 3.2352e-05 0.000141472 4.94874e-05 0.000564905 0.000115447 2.34502e-09 3.27742e-09 9.49587e-10 0.000611297 0.00079015 0.204654 7.17872e-05 2.16732e-09 
1.5747e-05 0.000169887 0.000157918 0.0436951 0.00501618 0.8458 0.0010485 8.20074e-05 0.010962 0.00147684 0.0419415 5.39338e-09 6.09779e-06 2.12711e-05 0.0038198 7.43768e-07 6.24746e-09 0.000296269 0.000609753 0.00393877 0.00250555 0.037532 0.000903988 
0.000751727 3.80413e-05 0.0230474 0.0108105 0.0247269 0.28753 0.00228394 0.000111967 0.192627 0.0001906 0.0839296 0.000159269 3.56717e-05 0.00324538 0.193036 1.83233e-05 0.000461977 0.00404112 0.0105509 0.01039 0.0200689 0.112426 0.0195183 
0.00378641 0.00594997 0.039955 0.185412 0.0714489 0.220827 0.0203043 0.000479183 0.0118296 0.0102656 0.0413267 0.0532668 0.0174979 0.00599566 0.0425724 0.000218617 5.94469e-06 0.0116967 0.00475171 0.0440609 0.0517303 0.156618 1.19513e-10 
0.000225055 8.40281e-06 0.101812 0.0639608 0.0798919 0.183411 0.0290822 0.000569684 0.0258675 0.000131316 0.00712062 0.000572583 7.71007e-06 0.00186086 0.157006 1.07898e-05 0.00170193 0.00996232 0.0144533 0.0928067 0.171599 0.057927 1.08641e-05 
1.96011e-05 2.31009e-05 0.00131716 6.26784e-05 0.0871172 0.837718 2.90816e-05 7.83614e-06 1.19732e-05 2.28023e-05 0.0688985 0.000131327 2.15253e-05 1.16253e-05 8.12035e-05 1.8394e-06 2.57076e-06 0.000466449 1.08691e-05 0.00371851 0.000199801 0.000109573 1.66302e-05 
0.000343487 0.000124842 0.1058 0.0288196 0.0175702 0.266864 5.29652e-05 0.000118579 0.0176982 5.16466e-10 0.257561 1.45377e-06 1.79919e-07 0.0186844 0.0543428 1.13503e-08 0.0001447 0.000725919 0.000368044 0.128371 0.0297103 0.0726982 4.44304e-10 
2.30408e-05 1.7674e-05 0.120875 0.102452 0.000490495 0.646102 0.00151705 0.00018838 0.00419935 2.20102e-07 0.000393075 0.000329614 4.29426e-05 2.85033e-05 0.064792 2.04874e-07 0.000143358 0.0197916 0.000712955 0.0121506 0.0247094 0.00104081 1.89349e-07 
0.00195363 5.28854e-05 0.0401102 0.129093 0.00865505 0.623181 0.00751422 0.000215774 0.00548752 0.000700301 0.060788 0.00236544 0.000185085 0.00586457 0.0246514 9.20756e-08 9.29953e-07 0.00887344 0.00625732 0.00569673 0.0089752 0.0592409 0.000137359 
2.9332e-07 5.15358e-08 0.172522 0.003861 0.0956525 0.656775 3.55499e-07 2.57335e-09 0.0394225 0.000388594 8.96257e-07 0.000148755 1.66619e-09 7.33258e-10 0.0038977 8.43215e-07 2.03051e-09 0.0250415 1.25507e-05 0.0015548 7.85713e-07 0.000720558 6.16083e-08 
2.89047e-08 9.84762e-06 0.0117749 0.0677143 0.284761 0.304449 9.92369e-06 1.76491e-07 0.00194246 7.42242e-07 0.0404484 0.0876398 1.91381e-05 0.0123145 0.0276027 1.48548e-06 4.16627e-07 0.00114552 0.000366755 0.000643946 0.0523792 0.106755 2.10669e-05 
0.000236611 2.35309e-05 0.22046 0.19806 0.00405483 0.237725 0.00631772 9.21533e-05 0.00525379 0.10722 0.0682858 4.1908e-10 1.6709e-06 0.00102001 0.11501 6.94386e-08 1.08621e-06 0.0011346 0.00124935 0.00550539 0.000860779 0.0274876 6.17592e-07 
0.000384043 0.00109151 0.110622 0.0510978 0.00621835 0.310144 0.0183998 2.6547e-06 0.0369454 0.000308269 0.02682 0.000663626 4.60212e-05 0.0364451 0.17524 2.17014e-07 1.1468e-05 0.00381602 0.069084 0.00588109 0.122111 0.0245283 0.000139566 
1.76345e-08 8.29743e-06 0.105831 6.41045e-05 0.000334285 0.838188 4.89177e-05 4.20596e-08 0.00013147 2.55109e-08 0.0075575 2.86503e-08 1.4081e-05 0.00306828 0.040832 2.37458e-08 0.000647419 0.000704943 0.00107847 0.000187591 0.000691714 0.000612377 2.19464e-08 
3.57774e-05 1.35964e-06 0.0337598 0.0680595 0.0151105 0.53125 0.00924716 0.00186276 0.019154 2.52544e-06 0.00681575 0.000940021 0.0019524 0.00016012 0.125602 0.000148006 0.00459015 0.0114771 0.0393312 0.0153847 0.0173206 0.0977785 1.62901e-05 
0.00136185 0.000230247 0.128933 0.203702 0.0278323 0.287733 0.00474648 1.20894e-05 0.00182254 6.35467e-06 0.121686 0.000127923 0.00242886 0.0313944 0.0296693 4.0064e-06 0.00807779 0.00319252 0.0249172 0.00605428 0.0786421 0.0373889 3.69899e-05 
0.000127945 1.01127e-06 0.0850351 0.00654636 0.0291401 0.364654 0.000451225 1.6956e-05 0.104005 8.78887e-05 0.0237778 0.000111271 0.000115198 0.00226153 0.233612 2.45446e-05 3.87889e-08 0.00597643 0.00196609 0.00153756 0.00599385 0.126479 0.00807923 
0.000161095 2.86902e-05 0.168586 0.0209884 0.119754 0.213782 0.00164166 0.000314315 0.00522882 0.00017602 0.0217151 9.86373e-06 2.364e-05 0.0319382 0.180754 2.46601e-07 0.00116421 0.00176097 0.00747878 0.0998177 0.0237827 0.100791 0.000103571 
0.00175443 2.57033e-09 0.0151009 0.0037769 0.0171994 0.338507 0.00168959 2.48936e-06 0.310403 5.44746e-08 0.00227447 1.87267e-05 1.58813e-05 1.52227e-05 0.229502 1.22231e-08 5.22765e-09 0.00250039 0.0258826 0.000293449 0.00344143 0.0475045 0.000117566 
0.000506151 5.40268e-05 0.0378296 0.0716903 0.0134642 0.307526 0.0111848 6.8137e-05 0.0125515 7.5786e-05 0.0291209 0.000119 4.03843e-07 0.00115868 0.24952 4.35846e-06 0.000926386 0.00453286 0.00197985 0.0061818 0.00909799 0.24237 3.77645e-05 
3.80748e-08 1.15642e-08 1.9334e-06 4.72611e-07 0.0392907 0.931708 1.32882e-08 8.3931e-06 0.00111964 5.50808e-08 0.00180843 1.54122e-05 5.87986e-08 2.58761e-08 0.000569108 5.12699e-08 7.16549e-08 7.19134e-06 4.28336e-07 3.34331e-05 5.13979e-05 0.0253832 1.5352e-06 
0.000488679 2.80697e-05 0.012561 0.0380076 0.150109 0.515418 0.00327272 0.000147114 0.000945544 0.000172042 0.00573697 0.00512413 0.000182242 0.000195333 0.0155168 5.45223e-05 2.83854e-08 0.11062 0.0014218 0.00571129 0.0342884 0.0602358 0.0397633 
0.000106055 3.97393e-06 0.140134 0.00504781 0.0145563 0.535547 0.000531145 6.20743e-07 0.000636604 2.26099e-07 0.00352577 1.13188e-06 4.631e-08 0.000228238 0.221443 3.18725e-07 8.59295e-06 0.000790743 0.00137048 0.000956891 0.00214011 0.0729706 1.46041e-07 
5.44013e-05 0.00250793 0.101541 0.00901659 0.00562339 0.246322 0.00185748 1.72086e-05 0.11165 7.55789e-06 0.0382619 0.00262512 0.00353622 0.0502887 0.178147 7.57264e-05 1.58218e-05 0.00259879 0.00676899 0.0584232 0.0205239 0.160048 8.96472e-05 
2.71705e-05 7.57475e-05 0.143033 0.0478093 0.0302426 0.331022 0.000315441 8.31758e-06 0.192724 0.00681811 0.0177867 5.02548e-05 0.000251951 0.000424258 0.0746291 1.72157e-05 1.83679e-05 0.0143006 0.000819922 0.0620021 0.00895524 0.0686627 5.93044e-06 
0.000288977 0.00169858 0.0414776 0.0556295 0.0138232 0.309359 0.00439607 1.16948e-05 0.00716956 0.002746 0.0200098 0.00369134 0.00355948 0.0757344 0.177847 7.16856e-07 6.39772e-05 0.0137876 0.00177051 0.0141006 0.0162415 0.236256 0.000337229 
6.68415e-05 8.07893e-07 0.133952 0.095625 0.00960072 0.400886 0.0906486 5.33203e-05 0.0134772 1.39512e-05 0.0127946 0.00374642 1.00304e-05 0.000268296 0.162443 1.58794e-09 7.42318e-05 0.000981307 0.0160947 0.0026477 0.015888 0.0407271 3.90844e-12 
0.000885628 0.00823098 0.0753605 0.0251378 0.0131215 0.469335 0.00862877 4.46205e-05 0.0191524 0.000415864 0.025285 0.000149606 0.000314794 0.00231658 0.154709 0.0166872 5.66488e-05 0.01187 0.00278451 0.0175606 0.008098 0.139822 3.26145e-05 
0.00526002 9.6239e-06 0.0321344 0.022788 0.00369848 0.684733 0.000740424 0.00038126 0.00635071 0.000367528 0.00181494 6.76827e-08 0.000103185 0.000266102 0.112133 1.76041e-05 4.27582e-08 0.0584674 7.23606e-05 0.00525914 0.00462191 0.0574701 0.00331125 
7.38983e-07 7.46995e-05 0.0980153 0.0126092 0.201018 0.222654 0.00055864 2.73216e-07 0.0287167 1.85296e-10 0.100287 0.00806753 0.000142885 0.000482756 0.0487852 0.000345841 0.000139508 0.00320735 0.00152378 0.00153422 0.0510303 0.220806 6.06414e-08 
1.28658e-05 1.44227e-06 0.21496 0.21763 0.0359545 0.306288 0.011545 2.64544e-05 0.00013471 4.7186e-05 0.0145835 1.29823e-06 0.0264012 0.000169586 0.111391 2.41076e-08 6.69877e-07 0.0238014 0.00159415 0.00134593 0.000593871 0.0335161 1.39373e-06 
1.22307e-05 0.000104632 4.07009e-10 0.00220784 3.07376e-06 0.324377 1.1584e-05 8.25891e-09 0.130119 5.00936e-09 0.0336199 0.286584 6.9255e-06 2.48394e-05 0.0451095 4.66277e-09 6.51671e-09 1.88813e-09 3.65281e-06 0.0262589 8.72413e-06 0.151546 1.55706e-06 
6.6894e-05 3.23675e-05 0.177578 0.0865836 0.0296055 0.460424 0.0111102 2.42401e-05 0.00794212 0.000311708 0.0155414 0.00100082 0.00351009 0.000634914 0.0911283 1.90743e-07 3.78641e-05 0.00130183 0.0184826 0.0113385 0.0254472 0.0578983 6.95771e-11 
0.0034143 2.6187e-05 0.150058 0.00286804 0.000339655 0.383693 0.000310388 4.10816e-07 0.106859 4.59279e-10 0.000836739 1.05335e-06 7.48039e-07 0.000125688 0.0709801 1.9002e-06 9.922e-07 0.00361716 0.0400383 0.099868 0.000550636 0.136411 2.81773e-08 
3.86786e-06 0.0222115 0.0678157 0.10263 0.170174 0.536712 2.86762e-05 0.000112072 0.0263387 0.000262244 0.00124994 0.00142922 9.73396e-07 0.000141261 0.0176977 2.39397e-05 2.11034e-06 0.013773 1.06276e-05 0.00109141 0.00528544 0.0329466 5.82325e-05 
0.00015414 3.6776e-05 0.144649 0.0491556 0.0108848 0.264669 0.0346423 4.81662e-05 0.0538374 1.34424e-05 0.037377 0.000206149 3.24591e-06 0.00196179 0.25326 6.56565e-05 0.00011417 0.00109192 0.0339799 0.0346783 0.0201847 0.0589861 5.82448e-07 
0.00021391 0.000347393 0.106336 0.0100299 0.00124012 0.396513 0.000843502 0.000190961 0.0395933 4.62492e-07 0.0471239 0.0146789 5.8436e-05 0.000241301 0.117839 0.00057701 6.02855e-07 0.00738443 0.0021979 0.00477497 0.156692 0.0931235 3.89267e-10 
0.00373875 0.000205333 0.0609427 0.0883605 0.172224 0.230206 0.00376144 4.27411e-05 0.0137807 0.000723909 0.0396461 0.000139016 1.3226e-05 0.00304592 0.0916082 0.000171133 0.00188649 0.0182456 0.000221734 0.0154593 0.0353202 0.220247 1.0966e-05 
0.00377391 2.00798e-07 0.00139838 0.0227064 0.0341214 0.702429 0.000911221 2.02981e-06 0.000714958 0.00513437 0.0146689 1.0043e-09 7.26454e-08 0.000134403 0.0405296 5.67649e-08 3.21432e-05 0.00855434 0.00057573 0.00320206 0.00271557 0.157865 0.000530124 
0.000918087 0.0109289 0.0697649 0.0795154 0.0648126 0.300809 0.00244719 1.93482e-05 0.190107 0.000230577 0.0205404 0.000981683 0.00985793 0.00420948 0.0499683 9.39426e-06 0.000657222 0.0193063 0.0125365 0.01762 0.0152197 0.123653 0.00588632 
0.000151739 1.56141e-07 0.0301937 0.00446184 0.00293316 0.698975 1.12314e-06 1.42281e-08 0.00704983 1.71195e-07 0.0611904 2.36724e-06 2.58202e-07 2.1692e-05 3.82981e-06 8.03285e-09 1.96805e-06 0.0749995 8.06552e-06 9.47078e-05 0.000787485 0.119123 7.42412e-09 
0.000476749 0.0044023 0.208906 0.0504585 0.066588 0.257611 0.00792028 9.18191e-05 0.0378345 0.000490227 0.010802 0.000626153 0.000857419 0.00229607 0.171902 0.0011052 0.000191444 0.00600969 0.0109838 0.0495575 0.0219605 0.0888688 5.9997e-05 
0.00161379 9.08239e-06 0.1285 0.111866 0.0242059 0.39106 0.0015645 2.91692e-05 0.0174714 2.28057e-07 0.0355187 0.00887055 2.25736e-05 0.00116492 0.160345 5.0208e-06 0.00124799 0.0564334 0.00348372 0.00684578 0.0184737 0.0312064 6.1896e-05 
0.000591785 1.39062e-05 0.075358 0.0798697 0.0086822 0.36179 0.0465051 0.000111821 0.00543495 1.72352e-07 0.0188371 8.67351e-05 3.07826e-05 0.00263214 0.199737 6.80569e-08 0.000100492 0.00123801 0.0941833 0.00554115 0.00597522 0.0932433 3.75821e-05 
0.126533 0.000264442 0.0434464 0.0291738 0.208904 0.290374 0.000103208 3.8363e-06 0.0206838 0.0371931 0.137811 4.89023e-06 0.000526324 0.0131028 0.00710391 4.2838e-05 0.00035987 0.011052 4.20654e-05 0.0405976 0.00365231 0.0290239 1.42959e-06 
0.000947407 2.29558e-05 0.000355843 0.0432846 0.114321 0.83723 2.39582e-08 1.6373e-07 0.000649843 0.000158994 0.000404635 1.1153e-07 4.25109e-05 0.000405933 0.000881678 9.2438e-08 1.29192e-07 0.00104438 3.64367e-06 2.05075e-08 1.83899e-08 0.000203128 4.2802e-05 
0.000309326 0.000333641 0.0130607 0.0756614 0.0327014 0.426787 0.0150657 0.000128065 0.00707866 0.0153542 0.0197905 0.212417 0.000107679 0.00032066 0.0259553 4.49722e-06 3.52912e-09 0.00155208 0.00193064 0.0699504 0.0174822 0.0637203 0.000288435 
9.09918e-05 4.95904e-07 0.0551656 0.0636732 0.0255564 0.386866 0.00491696 0.000116013 0.0850954 0.000678596 0.0132784 0.00195806 5.73873e-05 0.00177965 0.137048 0.00185583 8.69363e-08 0.00941515 0.00583887 0.00191453 0.132314 0.071604 0.000776932 
0.0025773 0.000110341 0.10472 0.0377283 0.016481 0.280183 0.00697403 0.000190688 0.0285753 0.000672369 0.0339003 0.00634439 0.00147436 0.00446265 0.273499 3.94593e-05 0.000193027 0.00615724 0.0217739 0.0243718 0.0306731 0.118793 0.000105817 
0.000816107 0.000451134 0.191776 0.0482702 0.182541 0.221631 2.45117e-05 2.80613e-06 0.00861673 0.00463712 0.0815421 0.00616229 8.86342e-06 0.018432 0.000851739 1.13651e-08 0.0232372 0.175996 4.43644e-07 0.00366581 0.00553968 0.0248952 0.000902473 
0.000173409 6.43309e-07 0.20465 0.040593 0.0403049 0.461164 4.92058e-05 4.47275e-06 0.0215926 0.000261788 0.0042772 0.000156414 0.00123239 0.00074385 0.0778487 3.39022e-09 4.5692e-05 0.006266 0.012412 0.0155336 0.00382489 0.108865 1.06739e-08 
0.000225898 4.41281e-05 0.0532842 0.174869 0.0266505 0.514268 0.000576665 6.18694e-09 0.00407375 1.63433e-06 0.0198395 0.000871995 3.90874e-07 0.00535266 0.0342925 3.49299e-09 4.88181e-09 0.002235 0.00329549 0.0250779 5.95151e-05 0.134977 3.4312e-06 
9.24933e-05 5.89412e-05 0.00210648 0.0792052 0.0195968 0.626371 0.000250969 0.0021273 0.00913008 0.00258605 0.0035351 0.00543517 4.91575e-06 0.0303388 0.109331 1.38106e-06 5.61251e-05 0.00660768 0.022132 0.00222053 0.0229398 0.0554248 0.000446897 
1.19568e-07 0.00403442 0.00856638 0.0449173 0.0471069 0.726409 0.0121161 0.000589951 0.00929082 1.72972e-07 0.00344983 1.94259e-07 0.00033359 0.000645341 0.0724683 6.87052e-05 0.0307235 0.00123479 0.00036521 0.00150827 0.032772 0.00338264 1.66077e-05 
6.95916e-05 7.38099e-05 0.109109 0.0218577 0.0754175 0.23268 0.0175877 6.5609e-05 0.0623263 0.00429897 0.112579 8.6109e-05 2.93819e-05 0.00086952 0.197763 8.55998e-06 0.0120294 0.00152371 0.00544993 0.0167856 0.0155498 0.111785 0.00205533 
0.000180749 5.24706e-07 0.184339 0.023124 0.0160786 0.475968 0.000155209 3.42797e-05 0.0250723 7.22381e-06 0.0668989 2.19819e-07 1.87797e-05 0.00023844 0.0844437 4.20279e-08 7.67118e-05 0.00537914 0.00164503 0.0241219 0.0122486 0.0799664 2.02754e-06 
0.00160179 1.47871e-05 0.0307676 0.014863 0.00996943 0.510516 0.0067615 4.36251e-05 0.134281 0.00694979 0.177317 0.00195265 0.000135515 0.00103648 0.0649458 7.29293e-05 3.28334e-05 0.00722473 0.00286716 0.00324616 0.00482239 0.0175716 0.00300578 
7.64439e-05 0.00161422 0.163517 0.0608088 0.0547445 0.358354 0.00206711 0.000265823 0.024373 4.45417e-05 0.0103535 0.000323356 0.000297617 0.00156344 0.170699 5.57424e-07 0.00135489 0.00201456 0.00677491 0.0159993 0.00856003 0.115708 0.000485101 
8.69453e-11 1.29423e-07 0.0204049 1.31683e-06 4.01516e-07 0.504511 9.61936e-07 2.07372e-10 6.94231e-07 0.00182481 0.00963533 1.41258e-10 1.34269e-10 5.90891e-11 0.230434 1.17077e-10 1.63627e-10 4.74088e-11 2.91318e-07 5.97656e-08 0.0179903 0.215196 1.08205e-10 
0.000482772 0.00345745 0.163415 0.0175877 0.0280852 0.289319 0.00173206 4.70765e-06 0.0220503 4.64514e-05 0.00935513 0.00071004 1.64724e-05 0.00314623 0.25465 1.51214e-06 5.94169e-06 0.0055582 0.0239652 0.0182371 0.0194514 0.138478 0.000244044 
0.000319912 0.000320164 0.000320232 0.000320237 0.000320173 0.544692 0.000320148 0.00031941 0.000320199 0.00031975 0.448588 0.000319686 0.000319715 0.00032003 0.000320243 0.000319787 0.000319593 0.000320076 0.00032021 0.000320166 0.000320177 0.000320225 0.000319824 
0.00129786 0.000931618 9.29628e-05 0.0211817 0.00714039 0.846417 1.0119e-05 1.17124e-05 0.00418098 0.0461186 0.0610675 9.17442e-06 0.000386442 1.04735e-05 0.000159063 1.49631e-07 3.29933e-07 0.00244944 0.000341166 0.000911528 0.00114332 0.00603824 9.99755e-05 
0.000189534 0.0844175 0.0358702 0.017067 0.027569 0.577656 0.00452942 2.37065e-05 0.00394766 0.00383309 0.0315447 0.000651686 1.96011e-06 0.00109373 0.0393412 7.21835e-06 2.3879e-05 0.00207103 0.000447924 0.00745986 0.0095361 0.152698 1.88634e-05 
0.0125057 5.23256e-05 0.121941 0.0664768 0.0613995 0.472129 0.00378136 0.000409215 0.0505407 0.000454882 0.0661025 2.78842e-05 0.000348778 0.000871076 0.0572227 1.13307e-05 1.59309e-05 0.00318789 0.000534547 0.0141662 0.0409757 0.0259012 0.000943648 
3.39431e-05 1.06697e-05 0.17529 0.0198794 0.0029237 0.301041 0.0267319 4.5467e-05 0.0165007 0.014909 0.0120699 0.0359812 4.39408e-05 0.0335739 0.278906 0.000413701 0.00120303 0.00232087 0.0353948 0.00510326 0.0181446 0.0194485 3.03807e-05 
0.0614118 0.000494587 0.0540842 0.0358556 0.0291698 0.297959 0.00263193 0.00129978 0.0325124 0.00972944 0.0161526 0.0031129 0.0141288 0.00482151 0.0545155 4.09169e-07 2.57398e-05 0.0179636 0.0214591 0.269718 0.012589 0.0544567 0.00590728 
0.00517473 1.34837e-05 0.00415476 0.140821 0.0504015 0.680536 0.00160216 3.16881e-05 0.00146181 0.000844217 0.0139021 0.00122072 0.000848435 0.000206484 0.0106119 7.07429e-07 6.5258e-05 0.00652619 0.0251612 0.0163978 0.00178656 0.0382053 2.55159e-05 
0.000498336 7.85133e-05 0.0917783 0.0244798 0.0303899 0.604947 3.86315e-05 2.20901e-05 0.00400646 0.00011187 0.0507625 0.00152085 4.36388e-06 0.00238103 0.0855668 9.52943e-07 9.56519e-06 0.0320039 0.000230531 0.00786901 0.00287803 0.0600701 0.000351225 
3.68205e-07 5.83871e-08 0.0813831 0.00308415 0.0247363 0.263383 0.0132413 4.71415e-07 0.00571444 1.30027e-06 0.21187 6.94977e-07 9.20171e-08 1.25479e-06 0.196055 2.55541e-08 4.53488e-07 0.000179912 7.20891e-08 0.0151638 0.0166057 0.168578 1.28061e-07 
0.000365835 0.0114895 0.115806 0.101763 0.0246144 0.608224 0.00102816 0.0101169 0.00444869 7.3465e-07 0.00106484 5.36377e-06 0.000515157 0.00351704 0.0530205 1.40867e-05 3.32133e-07 0.0041944 0.0398708 0.00483673 0.00252143 0.012581 5.52265e-07 
4.92228e-06 7.62124e-08 0.00733244 0.138676 0.112239 0.241583 0.0170305 1.80289e-07 0.0104898 8.91878e-08 0.221735 7.4522e-07 0.00111949 0.00115664 0.0263283 4.03623e-08 6.98241e-08 0.00176295 2.38399e-06 0.00358059 0.144111 0.0726963 0.00015168 
0.000357367 3.29e-06 0.0263769 0.0788172 0.156365 0.597777 3.68889e-05 5.1262e-05 0.0106714 0.00429927 0.0274137 0.000115598 0.00221016 9.80548e-06 0.0136544 9.05856e-07 3.44175e-05 0.0340956 2.83928e-05 0.00712194 0.0243231 0.0162342 1.44355e-06 
0.00625127 0.000980467 0.169613 0.050266 0.014884 0.395214 0.00608992 2.8853e-05 0.00609862 0.00103273 0.0262292 0.000479339 0.00130903 0.00500254 0.13306 4.71154e-06 0.000378947 0.00616945 0.0364442 0.0317322 0.0268357 0.0818809 1.457e-05 
6.21533e-11 7.54265e-07 0.105564 0.0027767 0.013465 0.420697 4.64341e-05 1.48241e-10 0.00971506 4.62547e-05 0.0030773 9.30806e-05 1.19291e-05 1.96648e-05 0.0465911 1.56272e-06 8.7393e-06 0.00317242 0.00955545 0.00170955 0.00369134 0.379756 8.84789e-08 
1.44227e-05 4.85498e-06 0.12864 0.0215702 0.146625 0.544963 0.00394941 3.71588e-05 0.0228214 5.72796e-05 0.00407617 0.000196046 3.25081e-05 0.00754606 0.0424502 6.04596e-08 0.000507523 0.0021189 6.03849e-05 0.00231885 0.00938344 0.0624846 0.000142531 
5.49464e-06 3.04108e-06 0.118337 0.0247619 0.00913755 0.470953 0.0331375 2.2502e-08 0.0401966 1.36484e-08 0.0028307 1.00293e-05 5.49931e-05 0.00361694 0.148413 2.25093e-06 0.000225802 0.0084117 0.000409706 0.0012134 0.0219886 0.115902 0.000389343 
0.000194788 6.28735e-05 0.00145493 0.00123398 0.0264764 0.831886 9.09063e-06 4.10138e-05 0.00124229 0.00188401 0.027839 6.44761e-05 1.73391e-06 0.00164621 0.0379099 3.51721e-06 2.2469e-05 0.00578047 0.000531495 0.00278826 0.000481122 0.0581956 0.000250268 
0.000838204 1.08728e-05 0.0222775 0.0308238 0.000591597 0.357077 0.00388302 1.32322e-05 0.152096 6.10749e-12 0.00510644 6.8591e-12 6.51973e-12 0.000185756 0.264229 5.68493e-12 7.94527e-12 0.000458746 0.116477 0.01838 0.000727329 0.0267543 7.03717e-05 
0.000312147 0.0085366 0.124104 0.00949408 0.0169591 0.375795 0.00310859 0.000346596 0.0558979 3.82934e-05 0.0193906 0.000678218 0.000227717 0.00253985 0.236758 0.000117156 4.52731e-05 0.000218906 0.000691759 0.00845826 0.00810072 0.128175 6.24819e-06 
0.00157436 2.6394e-05 0.177003 0.0958554 0.0688553 0.472521 6.24522e-06 0.000155924 0.0108922 0.000240288 0.029616 0.000604502 1.75016e-05 0.0111589 0.000334349 1.90374e-05 0.000663038 0.00130565 0.0288836 0.0123958 0.00061578 0.0872418 1.41042e-05 
0.0044175 1.41009e-06 0.109207 0.0455077 0.0105804 0.345446 0.00611336 3.38986e-05 0.0332957 3.98904e-05 0.0183121 5.54495e-05 4.09965e-06 0.000521971 0.152991 9.52769e-06 0.130849 0.06659 0.00722875 0.0293436 0.0287492 0.0107013 1.19805e-06 
3.96365e-05 3.23021e-06 0.0986278 0.0119653 0.0310617 0.406867 0.00372023 0.000924104 0.151482 0.000121609 0.00606345 0.000126354 0.000402372 8.7248e-05 0.117364 1.09147e-07 7.53207e-06 0.0229275 0.0112933 0.00184452 0.0419537 0.0931139 3.32456e-06 
0.000431105 1.71813e-08 0.00970464 0.220824 0.00259452 0.562489 0.000507689 3.6652e-05 0.000192994 0.125121 0.0273956 9.19059e-08 8.73587e-08 9.16472e-05 0.00443741 7.6173e-08 3.26367e-06 0.0160957 0.00103388 0.0251001 0.00104717 0.00243418 0.000459028 
2.91667e-05 9.01159e-07 0.093067 0.17172 0.11058 0.372702 0.00278366 2.73739e-05 0.0111181 2.85847e-05 0.0180287 0.000670054 0.0031652 0.0187204 0.0678437 3.45545e-08 0.000773562 0.00332659 0.00510118 0.0103928 0.0382261 0.0716797 1.52705e-05 
0.00734847 4.88527e-05 0.0390828 0.0257174 0.0357455 0.263975 0.0125738 0.00083587 0.165674 0.0180152 0.135886 0.000846892 1.47583e-05 0.00891554 0.0639967 0.0118961 5.76826e-05 0.00595562 0.0185277 0.022626 0.0358093 0.126452 2.48385e-07 
0.00506424 0.00502988 0.0902642 0.037262 0.0266904 0.274508 0.013282 0.00012986 0.0173089 0.00268088 0.0544764 0.00293592 0.00146931 0.00467721 0.240129 6.69957e-06 0.00191285 0.0218355 0.029488 0.00952778 0.0310406 0.129847 0.000433235 
0.000129409 0.0141384 0.0413821 0.0631672 0.0125936 0.689649 0.0103273 2.84638e-05 0.00609829 2.60745e-05 0.0097154 0.00161899 0.000127033 0.000134353 0.0632561 3.42463e-06 7.183e-06 0.00762134 0.00887662 0.00406538 0.022136 0.044231 0.000666877 
1.91452e-06 3.3278e-05 0.068954 0.0128729 0.0653578 0.799899 1.87578e-08 1.28191e-07 0.000855751 7.77531e-08 0.00068014 0.0022819 4.8943e-07 1.14971e-05 0.00706549 3.08632e-07 1.01669e-06 0.00285936 1.67363e-05 0.000411255 0.000179116 0.0385133 4.7991e-06 
0.00159468 2.86523e-05 0.0294263 0.0185411 0.0354297 0.297237 0.00252083 1.52514e-06 0.128813 0.00220827 0.0182309 0.000541838 0.000166893 0.0116374 0.198379 8.6823e-06 0.000915243 0.00998208 0.00386424 0.0035554 0.0129517 0.222342 0.00162435 
2.24452e-05 0.000260287 0.061127 0.039871 0.0103987 0.324107 0.0174696 0.00166457 0.0404714 6.33995e-06 0.00687832 0.00315633 0.000171346 0.000555057 0.17668 0.0766162 0.0379932 0.00937668 0.015309 0.040681 0.0361045 0.101079 2.84257e-07 
1.81192e-05 0.00444303 0.108851 0.123797 0.0220452 0.266793 0.00770823 3.7484e-05 0.0276683 7.37491e-05 0.254137 0.00461052 0.000309421 0.00344145 0.0359722 6.65394e-06 1.44088e-05 0.00494656 0.000226049 0.0601636 0.0281653 0.0465724 6.06529e-08 
4.73523e-06 3.54315e-05 0.0598115 0.0520621 0.00777494 0.571985 0.00144209 5.16009e-05 0.00225618 1.08784e-06 0.000764861 0.000173009 0.00178369 0.0790246 0.0400227 3.91015e-07 0.0012557 0.0116587 0.000502469 0.0351136 0.0340265 0.100245 4.18505e-06 
1.5727e-06 8.48417e-06 0.106269 0.0589645 0.0192125 0.440486 0.0166037 7.68751e-07 0.0332545 1.33172e-07 0.0130617 0.000634531 5.52236e-06 0.000110825 0.10405 1.92693e-08 1.39696e-06 0.0362803 0.00171003 0.000402315 0.108049 0.0580953 0.00279713 
2.73966e-07 2.99823e-11 0.0616069 0.0165424 0.00105661 0.562486 0.000506541 0.00127465 0.00237771 5.16163e-08 8.98144e-08 1.60381e-10 0.000117448 0.00101884 0.326017 2.26239e-07 0.000915921 0.0149776 3.05002e-05 0.000494318 0.00767328 0.0027069 0.000196313 
0.00235144 1.65135e-05 0.00319764 0.0107811 0.0113898 0.645034 8.65448e-05 2.47567e-05 0.0018758 0.00348695 0.0291042 4.8178e-06 0.000634323 6.94281e-05 0.0165036 7.49283e-07 5.24519e-05 0.0753178 9.48765e-06 0.0171255 0.000608016 0.182314 1.16192e-05 
0.000945875 7.51298e-05 0.00482663 0.0451048 0.00259893 0.281652 0.00329196 5.20899e-11 0.181303 3.15946e-11 0.0787606 0.000282587 2.00267e-05 0.0158539 0.241776 0.000348586 1.67199e-05 9.2056e-05 0.00035898 0.0385125 0.00382687 0.100353 2.56574e-07 
0.00193781 0.0151891 0.00488309 0.0780404 0.0258887 0.446877 0.00246256 0.00023187 0.00468133 0.00281717 0.0352061 0.000125999 0.00167852 0.0128619 0.112921 5.12645e-06 6.23982e-05 0.00947881 0.0290547 0.0288359 0.0292029 0.157468 9.00349e-05 
7.46455e-06 1.36945e-05 0.207571 0.00344506 0.0539028 0.395546 0.000125475 2.82052e-05 0.00291619 4.96878e-07 0.0265066 0.0110789 7.92476e-06 0.0059505 0.234724 1.8415e-06 4.58365e-06 0.000224877 0.00263055 0.000319547 0.0342637 0.020731 3.74568e-08 
0.000120004 3.49343e-05 0.0224111 0.0108914 0.000674605 0.738539 1.8399e-06 0.00125794 0.00280442 1.47706e-05 0.0576911 5.35583e-06 6.70928e-09 3.75857e-07 0.128609 5.8502e-09 8.17626e-09 0.00063562 5.42698e-05 4.53909e-05 0.00245113 0.031802 0.00195632 
0.00113017 4.69387e-05 0.344615 0.0600573 0.00126286 0.378707 0.0175781 0.000378618 0.0217532 3.27369e-07 0.00923213 1.3028e-07 0.00240199 0.000504997 0.039546 1.38497e-06 0.00125248 0.013859 0.0120104 0.00180144 0.0767154 0.0170611 8.3749e-05 
0.000710213 1.20671e-05 0.0441461 0.0114409 0.0379464 0.420777 0.00204876 0.0155013 0.000920843 4.41519e-10 0.0005717 1.44239e-07 8.6756e-05 0.00256293 0.337661 1.3341e-07 1.22053e-07 0.0288216 0.000564847 0.00564326 0.0559794 0.0346049 4.52529e-07 
0.001179 8.62513e-05 0.0188189 0.0316007 0.00622179 0.708658 0.00346475 2.29962e-06 0.00228926 0.00102011 0.0882528 4.37231e-07 3.79641e-05 4.3544e-05 0.0613448 3.62384e-07 0.00018556 0.000140907 0.00115159 0.022349 0.0149643 0.0381625 2.55512e-05 
0.000448837 1.35424e-05 0.00466804 0.06625 0.0543968 0.333957 0.0309716 2.70499e-05 0.0102223 0.00043449 0.0236482 0.000196494 0.00015017 0.0013289 0.326297 2.7925e-06 3.71626e-05 0.00226697 0.0582514 0.00299093 0.0303653 0.0528165 0.000259399 
2.2737e-05 5.34879e-06 0.0216005 0.126871 0.00406826 0.361763 0.0618233 8.37722e-05 0.0671529 0.000100251 0.0851934 0.00739991 0.00206035 0.00186221 0.0333002 4.06634e-07 5.34539e-08 0.0122844 0.000955562 0.000737782 0.0565158 0.155608 0.00059058 
0.000530972 2.82389e-05 0.0412537 0.0945674 0.00312435 0.461844 0.0271651 0.000305459 0.00581482 0.000382201 0.00864172 0.000154809 8.69997e-06 0.00122715 0.191312 1.15596e-06 1.08165e-05 0.00290139 0.0362241 0.00107091 0.00505677 0.118371 3.30924e-06 
0.00128596 0.0029997 0.156538 0.023733 0.0438242 0.411832 0.00541423 2.43441e-05 0.0582633 0.00400773 0.0573289 0.00276961 0.00230296 0.00424618 0.0774579 5.00998e-05 8.39052e-05 0.0126533 0.0213214 0.0514334 0.00654567 0.038494 0.0173897 
9.02076e-07 7.01991e-08 0.114839 0.00214745 0.112191 0.29131 0.000250605 1.08766e-06 0.0582614 4.72692e-07 0.00105079 0.000142421 0.000678665 0.000267141 0.199165 3.38803e-08 7.93355e-11 0.00625293 0.000101362 0.00636012 0.166698 0.0388952 0.00138622 
7.56084e-07 7.56172e-07 4.84279e-06 3.322e-06 0.0397483 0.374806 1.81953e-06 5.89004e-07 4.77241e-05 3.68266e-11 0.264766 1.30284e-06 3.93123e-11 3.91009e-07 0.258914 1.21692e-06 0.000107166 0.00349265 6.96639e-06 0.00488769 0.0104906 0.0427185 3.1681e-11 
0.00140996 0.00235042 0.031569 0.0384377 0.0498267 0.319838 0.00296945 9.6374e-06 0.183857 0.00264627 0.0099455 0.000469897 0.00144428 0.000482307 0.147808 2.29052e-06 5.8392e-06 0.00539882 0.0254418 0.0086434 0.0136527 0.153726 6.34058e-05 
0.0507791 1.43448e-09 0.0383613 0.0054928 0.00468023 0.759984 0.000311075 0.000196942 0.00184537 6.83248e-09 0.00286386 2.90262e-06 9.02798e-06 6.88493e-06 0.0310182 7.98606e-07 8.88842e-09 0.0395599 0.000202713 0.0598718 0.0018077 0.00300483 5.87782e-09 
1.81536e-10 1.32383e-07 1.82226e-06 0.0742906 0.00257473 0.429494 2.00212e-06 0.00198927 3.48176e-06 2.62618e-10 0.266397 2.94937e-10 2.80345e-10 2.91174e-06 8.10846e-07 2.44449e-10 1.05912e-05 1.83135e-06 3.20116e-11 3.09173e-07 0.151455 0.0641429 0.00963263 
0.000601952 4.97211e-07 0.262809 0.105456 0.00804021 0.455921 0.0126867 5.63949e-06 0.00309455 4.73135e-06 0.00426945 0.00153158 5.31385e-06 9.32568e-07 0.0748888 3.11956e-08 4.59692e-07 0.0349465 7.55384e-05 0.030174 0.00257592 0.00290847 3.31582e-06 
7.56548e-07 1.86028e-08 0.0935934 0.000347107 0.0247537 0.401404 2.35438e-06 1.41407e-09 0.00415896 8.57692e-10 7.16359e-05 1.59208e-06 6.53143e-08 1.12906e-07 0.357973 3.82335e-08 1.46184e-07 0.0404844 0.00976384 2.28944e-07 0.0351326 0.032308 4.12577e-06 
1.31483e-05 4.56799e-07 0.0771159 0.00128227 0.0176042 0.847494 0.000130819 0.000390707 0.011916 3.72729e-05 0.00106875 2.44351e-06 9.3193e-06 0.000568306 0.00823198 2.02522e-06 0.000463805 0.00687671 4.7477e-06 0.00120088 0.0163257 0.00925867 1.87175e-06 
3.06416e-05 6.88796e-06 0.0833121 0.0511461 0.0263044 0.436937 0.000962926 2.2357e-05 0.0198091 6.63559e-07 0.00407224 0.000368256 6.45196e-07 0.000647798 0.24904 7.37716e-07 8.29031e-06 0.00252743 0.00149248 0.00239292 0.0293386 0.091578 7.02817e-09 
0.000810812 0.0013535 0.136287 0.0383824 0.0265149 0.448133 0.00456486 4.12725e-05 0.0154436 0.00172437 0.0223434 0.00135379 0.00121228 0.00243165 0.1959 4.80026e-05 0.000741076 0.0131389 0.0114298 0.0138894 0.0311426 0.0327006 0.000413183 
0.00773596 3.19073e-06 0.0347981 0.115611 0.00758211 0.294922 0.00355134 2.81287e-06 0.00168224 0.0321905 0.0933443 7.05181e-09 2.228e-06 0.00380755 0.175476 5.13412e-07 4.22516e-05 0.000376709 0.0751103 0.00277688 0.108319 0.0425143 0.000151338 
0.000542439 0.000119878 0.0476581 0.0358756 0.0337173 0.273399 0.00964142 0.000414147 0.142592 0.0009224 0.0203101 0.00101406 0.000245234 0.00567412 0.166643 3.79275e-05 0.000733522 0.00711323 0.0206233 0.0681536 0.0336609 0.128322 0.00258687 
0.0236169 0.0226301 0.0787864 0.0312519 0.0429763 0.349043 0.00202975 1.50319e-05 0.020022 0.00893558 0.00675757 0.000842688 0.00589184 0.00591009 0.04522 3.21946e-05 0.000823679 0.00639129 0.0292841 0.248772 0.014215 0.0552625 0.00129061 
0.000825832 0.000112359 0.0283289 0.0102739 0.0177318 0.645348 0.000139486 1.52776e-07 0.00122546 2.85008e-05 0.0138791 3.55424e-09 3.37839e-09 0.125821 5.57294e-06 2.94581e-09 0.00214932 0.0239999 5.22514e-06 0.0337714 0.00276989 0.0935841 3.88039e-07 
0.00015503 0.000123478 0.118403 0.0371952 0.0179224 0.53326 0.00934436 1.50131e-06 0.00290392 0.000135103 0.0279162 0.000946683 7.27245e-05 0.000475353 0.153217 5.69456e-05 6.94949e-05 0.000390013 0.000295223 0.00415729 0.0258321 0.0671225 5.61395e-06 
8.28917e-09 1.2578e-05 0.0172496 0.220416 0.0243811 0.225856 0.0603691 2.46265e-05 0.00598989 2.06079e-07 0.0265146 0.000607523 0.00165624 3.22707e-05 0.0635024 2.40081e-07 1.55998e-08 0.09444 0.17045 0.00591751 0.0135559 0.0689879 3.64288e-05 
0.000381282 1.48529e-05 0.0136748 0.0106084 0.00622974 0.677573 0.00121619 2.36062e-06 0.0443388 1.59417e-06 0.0838891 4.83563e-07 0.000117667 0.000749447 0.0214022 9.94639e-07 0.0053123 0.00352391 0.0130149 0.000224811 0.00461472 0.113066 4.21676e-05 
0.0246675 0.000824612 0.153955 0.091772 0.0245248 0.232105 0.000626598 7.82338e-06 0.00647008 0.000119511 0.0644217 0.0200455 4.92763e-06 0.000174346 0.0926683 2.21329e-05 0.00116669 0.0345421 0.000656994 0.0299756 0.00435359 0.216828 6.76286e-05 
1.33082e-05 1.57357e-07 0.193789 0.0198343 0.0265619 0.612195 0.000137167 1.05066e-05 0.011787 0.000171558 0.00323138 1.87683e-05 5.87459e-05 0.00117392 0.0768672 1.27351e-05 0.000170069 0.00626413 0.00020259 0.0107135 0.00508586 0.0317005 1.00229e-07 
0.0507791 1.43448e-09 0.0383613 0.0054928 0.00468023 0.759984 0.000311075 0.000196942 0.00184537 6.83248e-09 0.00286386 2.90262e-06 9.02798e-06 6.88493e-06 0.0310182 7.98606e-07 8.88842e-09 0.0395599 0.000202713 0.0598718 0.0018077 0.00300483 5.87782e-09 
9.08086e-05 1.27068e-05 0.00878992 0.0101333 0.088058 0.451188 0.000291382 0.000550476 0.137485 2.84698e-08 0.045543 4.72056e-05 5.29476e-06 0.000970647 0.120251 1.53904e-06 0.000135044 0.0148872 0.00237747 0.0046527 0.0924839 0.0185996 0.00344491 
8.35642e-05 0.00126542 0.115069 0.0531412 0.0361833 0.528128 0.00127678 0.000161657 0.0322105 7.22518e-06 0.00526175 1.06176e-05 0.000295737 0.000659168 0.101579 4.20845e-06 0.000457547 0.000337953 0.0118921 0.0710651 0.0111036 0.0277713 0.00203504 
7.59316e-06 3.4634e-06 0.0546134 0.00124058 0.0879782 0.664251 1.53926e-05 6.13261e-05 0.012765 8.23989e-05 0.00432771 2.4965e-05 7.89894e-06 7.57197e-06 0.0369951 2.40534e-06 1.72474e-06 0.000573357 0.00445766 0.00247293 0.0016719 0.128059 0.000379298 
0.0167532 1.12875e-07 0.0644062 0.183406 0.0135057 0.358485 0.00357207 0.000126269 1.58601e-07 1.50791e-07 0.257059 2.48302e-07 7.39517e-05 2.38221e-07 0.0459002 6.3887e-06 5.03849e-05 0.00213388 0.00974449 4.16247e-07 0.0107351 0.0339638 7.74327e-05 
8.69453e-11 1.29423e-07 0.0204049 1.31683e-06 4.01516e-07 0.504511 9.61936e-07 2.07372e-10 6.94231e-07 0.00182481 0.00963533 1.41258e-10 1.34269e-10 5.90891e-11 0.230434 1.17077e-10 1.63627e-10 4.74088e-11 2.91318e-07 5.97656e-08 0.0179903 0.215196 1.08205e-10 
0.000465084 0.000128166 0.00927559 0.065051 0.0498355 0.489024 0.000778999 2.40804e-05 0.00984372 0.0124573 0.0380965 0.00436626 3.87834e-05 0.011205 0.0549395 1.7776e-07 7.90035e-07 0.0149032 0.018003 0.00908977 0.0222532 0.190216 4.0189e-06 
1.36952e-06 0.000641757 0.0271373 0.0136654 0.0418444 0.768878 0.00324349 0.000277182 0.00265782 0.000216551 0.0214017 2.68416e-05 0.00308444 0.000324176 0.00932192 6.47456e-07 4.24004e-05 0.00546723 4.53383e-05 0.0157177 0.00779953 0.0781735 3.11554e-05 
0.00204661 0.000355022 0.0913594 0.0454745 0.0262056 0.35998 0.0133977 4.49216e-05 0.00686196 0.000495848 0.0279967 0.00192862 0.000595922 0.00187577 0.251199 1.6304e-05 0.00193605 0.0018317 0.0228288 0.0235864 0.0287977 0.0886488 0.00253671 
0.0034478 6.82417e-05 0.115721 0.0155374 0.0142241 0.321036 0.00112298 1.47362e-05 0.0216936 0.103812 0.102646 0.000404856 0.00012569 0.000936224 0.0929998 1.32536e-05 0.0039308 0.0564464 0.060726 0.0216361 0.0170364 0.0458624 0.00055837 
0.000628641 1.04973e-05 0.0404254 0.0918579 0.0576684 0.606442 0.00336857 6.33868e-05 0.0117088 2.16774e-05 0.0464417 2.89866e-05 0.000141401 3.43601e-05 0.0387831 1.98642e-09 1.62321e-06 0.00178181 0.0265109 0.000837859 0.0396146 0.0334296 0.000199164 
1.58448e-07 5.40114e-11 6.17842e-07 2.76035e-05 0.0278854 0.795313 6.20633e-11 2.51157e-07 2.82993e-07 2.57258e-10 4.07845e-11 1.85057e-06 5.29014e-06 1.20856e-10 0.11609 4.63117e-07 3.34669e-10 0.00091531 3.13583e-11 5.28725e-09 0.000423511 0.0593369 2.21313e-10 
1.76345e-08 8.29743e-06 0.105831 6.41045e-05 0.000334285 0.838188 4.89177e-05 4.20596e-08 0.00013147 2.55109e-08 0.0075575 2.86503e-08 1.4081e-05 0.00306828 0.040832 2.37458e-08 0.000647419 0.000704943 0.00107847 0.000187591 0.000691714 0.000612377 2.19464e-08 
0.00546021 2.28505e-09 0.00793641 0.20863 0.0485757 0.573436 0.000857527 4.47909e-07 0.030485 1.08838e-08 0.00647663 2.54519e-07 5.03666e-05 2.57862e-06 0.0394884 3.37993e-05 1.09804e-05 0.000727339 0.017804 0.00484602 0.003435 0.0517403 2.3875e-06 
1.4041e-08 2.75669e-10 0.0973391 0.00133607 0.0432652 0.533624 0.000145071 3.54909e-11 0.0201376 2.15266e-11 0.000626914 5.21711e-05 4.75419e-08 2.72115e-08 0.14305 2.00372e-11 2.80041e-11 5.44093e-05 3.70736e-05 0.00109333 0.00533368 0.153905 4.47138e-09 
0.00125905 0.00356807 0.070548 0.108913 0.00781716 0.240977 0.00700171 1.61346e-05 0.0125512 0.00018488 0.0258077 9.3601e-05 0.000745176 0.00420723 0.174518 1.25815e-05 8.1935e-05 0.0184235 0.0212353 0.00179601 0.133161 0.167068 1.43409e-05 
0.00136254 0.000774262 0.0127109 0.00527943 0.00265181 0.628159 0.00125417 0.000243216 0.00146602 4.59122e-05 0.0187276 0.00346194 0.000373216 0.00539825 0.196399 0.0364882 2.05877e-05 0.0234478 0.0121494 0.00333745 0.00260486 0.0433851 0.000259288 
1.90384e-05 5.97269e-06 0.0867126 0.0316605 0.000713162 0.526323 0.00148631 6.38263e-05 0.00843828 1.58713e-08 0.0616194 8.48585e-06 7.44791e-05 0.00444682 0.200414 1.10586e-07 2.06471e-08 0.000933019 0.00260038 0.000838985 0.0648255 0.00881054 5.87501e-06 
0.0003825 0.0176655 0.0121153 0.0225498 0.0275255 0.600865 0.00129208 3.28179e-05 0.014548 0.00702807 0.12718 0.000264681 2.54038e-05 0.000809155 0.0282084 3.40861e-05 0.000113454 0.00993091 0.00643048 0.00337255 0.00927875 0.110251 9.55774e-05 
2.52429e-06 4.45835e-07 0.0202022 0.00435059 0.049678 0.349633 0.000407734 3.72685e-09 0.0036133 6.13798e-06 0.0656161 1.61637e-06 2.41306e-09 2.57277e-06 0.0696803 2.10409e-09 1.45691e-06 7.43521e-05 7.48182e-07 1.37584e-06 0.140328 0.296383 1.68771e-05 
4.12279e-05 0.0124673 0.00240195 0.0192553 0.07987 0.445308 0.0048187 5.87704e-07 0.0147478 6.76839e-07 0.000892591 0.000579249 0.000378878 0.000158067 0.032371 3.01766e-06 2.20351e-09 0.00181668 0.0033052 0.00147304 0.00216517 0.377942 3.23659e-06 
0.025707 1.60695e-05 1.60729e-05 0.0868114 0.22821 0.29896 1.60687e-05 1.60317e-05 1.60713e-05 1.60487e-05 0.175188 1.60455e-05 1.6047e-05 1.60628e-05 1.60735e-05 1.60506e-05 1.60409e-05 1.60651e-05 1.60718e-05 1.60696e-05 1.60702e-05 0.184851 1.60525e-05 
