0.00623123 8.20141e-10 0.0163338 0.113253 0.0392581 0.382819 0.000274436 9.09103e-07 0.00966849 1.04073e-07 0.0284379 0.00014248 3.32348e-05 1.83515e-09 0.0400324 2.04227e-06 8.03766e-06 0.00161767 4.76162e-10 4.66454e-05 0.018451 0.343386 3.38772e-06 
8.09604e-07 1.89597e-05 0.00707301 0.00888416 0.0690813 0.523244 0.00752519 0.000238623 0.00124443 3.09563e-06 0.277955 0.000690686 6.05236e-08 0.0253267 0.0205509 2.89567e-07 0.000484027 0.00203266 2.92496e-08 0.000268783 0.00732551 0.0480366 1.48062e-05 
4.02145e-06 4.02461e-06 0.256426 4.02553e-06 0.0402513 0.320821 4.02442e-06 4.01514e-06 0.0374371 4.01941e-06 4.02495e-06 4.0186e-06 4.01897e-06 0.0060384 0.289445 4.01987e-06 4.01744e-06 4.0235e-06 4.02519e-06 4.02464e-06 4.02478e-06 0.0495162 4.02034e-06 
0.001344 1.79875e-05 0.013961 0.370327 0.0096425 0.43011 0.00265723 6.74657e-06 0.00196741 0.000255077 0.007152 0.0010897 0.0117608 0.000702239 0.0405369 5.13453e-08 6.20839e-07 0.0138898 0.000662134 0.0227667 0.00610059 0.0650489 3.23541e-07 
0.000137695 0.00190416 0.299393 0.100387 0.0237042 0.337294 0.00750561 3.97637e-05 0.0112895 4.19256e-05 0.0292895 0.00288139 2.86414e-06 6.69924e-05 0.0914896 4.5803e-06 1.92429e-07 0.058803 0.00647996 0.00397595 0.00480548 0.0205032 4.1359e-10 
0.00422128 4.25639e-05 0.0952586 0.0694402 0.0294194 0.265621 0.0117747 0.00011973 0.0381319 0.000270194 0.0278096 0.00386303 0.00545414 0.00138698 0.0793578 1.09114e-05 0.000202023 0.00693832 0.0350731 0.00946717 0.0664057 0.249628 0.000103626 
0.117093 0.0140734 0.0818994 0.0569036 0.0274347 0.229469 0.0058523 4.18844e-05 0.0246986 0.00376786 0.0192837 0.000715793 0.00650357 0.013161 0.0672506 1.12462e-05 0.000238936 0.00466184 0.0313703 0.225622 0.02072 0.0481191 0.00110877 
0.000140222 5.55141e-05 0.220474 0.00598652 0.00844995 0.372734 0.00250784 0.0204783 0.0876116 0.000253234 0.019039 0.000327353 8.20121e-06 0.000816868 0.13225 5.94288e-06 2.45826e-05 0.00855325 0.00164986 0.00116968 0.0304098 0.0870303 2.35186e-05 
5.27682e-05 7.93528e-05 0.073877 0.0060846 0.0726602 0.368878 0.000720546 3.89963e-07 0.0461442 3.099e-06 0.112149 0.00598989 0.00643893 0.0027592 0.065704 0.000221764 0.0740342 0.0265181 6.50785e-05 0.0129108 0.0235268 0.101182 2.03479e-07 
0.000141077 0.00145807 0.083451 0.032214 0.00239171 0.488765 0.000516165 0.000205847 0.00187834 8.57048e-05 0.278831 4.86413e-05 5.32245e-07 0.000817633 0.000710879 9.86133e-05 0.00431704 0.037131 0.00149015 0.000272274 0.0187111 0.0463525 0.000111234 
0.00108037 0.00195218 0.0695937 0.0285724 0.0734221 0.335348 0.00954693 0.000107195 0.0841952 0.000476413 0.0175892 0.000532893 0.00202793 0.00419344 0.191088 4.35879e-05 0.000871811 0.0145654 0.015616 0.0163991 0.0190582 0.11165 0.00206881 
0.000176376 0.00015764 0.0186502 0.0233867 0.0137225 0.270822 0.0473033 0.000256461 0.0849944 1.79016e-05 0.0319091 0.00329514 4.67063e-05 0.000447304 0.122203 0.000190059 0.000279012 0.00234895 0.12275 0.050646 0.0206144 0.185742 4.13635e-05 
0.00128522 0.00372266 0.0511636 0.0148874 0.121921 0.414178 0.00443231 3.14794e-05 0.0613597 2.23897e-05 0.0150947 0.00088896 0.0527359 0.00238061 0.144583 4.75517e-05 4.26368e-05 0.00123011 0.00617525 0.0129294 0.0154736 0.0751973 0.000216587 
4.92228e-06 7.62124e-08 0.00733244 0.138676 0.112239 0.241583 0.0170305 1.80289e-07 0.0104898 8.91878e-08 0.221735 7.4522e-07 0.00111949 0.00115664 0.0263283 4.03623e-08 6.98241e-08 0.00176295 2.38399e-06 0.00358059 0.144111 0.0726963 0.00015168 
5.68646e-05 5.47909e-07 0.179627 0.0245169 0.0524585 0.399424 0.00175089 2.20999e-06 0.0048626 4.5721e-08 0.00164451 9.30491e-06 5.01549e-07 4.85183e-06 0.246858 5.03523e-08 1.9963e-06 0.00209676 0.0221161 0.0079019 0.015755 0.0409113 8.65787e-09 
1.70108e-07 1.13512e-05 0.139117 0.00493215 0.00503415 0.58126 2.40824e-11 2.02543e-05 0.00339343 9.98241e-11 0.0127973 1.38141e-06 9.58206e-07 0.00177679 0.130532 1.72868e-07 1.29862e-10 5.52197e-08 8.18611e-08 0.000567029 0.0163292 0.104227 8.58763e-11 
0.00950145 1.84061e-07 0.0065918 0.0305051 0.0384666 0.794046 0.00180082 2.36571e-07 7.22879e-08 2.86881e-07 0.0491507 9.94758e-07 2.04621e-06 0.00238309 0.00688263 5.86485e-05 3.88758e-07 0.0031846 0.00129565 0.000929565 0.000802317 0.054397 1.20142e-07 
2.28154e-05 5.72841e-05 0.375839 7.62307e-05 2.96821e-05 0.3889 0.000947174 0.0270296 5.87381e-05 8.82016e-06 3.2352e-05 0.000141472 4.94874e-05 0.000564905 0.000115447 2.34502e-09 3.27742e-09 9.49587e-10 0.000611297 0.00079015 0.204654 7.17872e-05 2.16732e-09 
0.00247917 0.0030807 0.1052 0.067679 0.0407778 0.320693 0.00779676 0.000127604 0.0728447 0.000947759 0.0327411 0.0023696 0.00192011 0.00568826 0.137015 1.09347e-05 0.0018448 0.0119113 0.0127455 0.0182263 0.0389482 0.0961185 0.0188335 
7.38904e-06 0.00888122 0.0318119 7.39655e-06 0.186363 0.258132 7.39449e-06 7.37745e-06 7.39567e-06 7.3853e-06 0.0569526 7.38381e-06 7.38449e-06 7.39175e-06 0.158296 7.38615e-06 7.38167e-06 7.39282e-06 7.39592e-06 7.3949e-06 0.000746912 0.210061 0.0886514 
0.00378641 0.00594997 0.039955 0.185412 0.0714489 0.220827 0.0203043 0.000479183 0.0118296 0.0102656 0.0413267 0.0532668 0.0174979 0.00599566 0.0425724 0.000218617 5.94469e-06 0.0116967 0.00475171 0.0440609 0.0517303 0.156618 1.19513e-10 
0.00378641 0.00594997 0.039955 0.185412 0.0714489 0.220827 0.0203043 0.000479183 0.0118296 0.0102656 0.0413267 0.0532668 0.0174979 0.00599566 0.0425724 0.000218617 5.94469e-06 0.0116967 0.00475171 0.0440609 0.0517303 0.156618 1.19513e-10 
8.8496e-11 0.00109054 0.0613547 0.0252023 0.0218611 0.298349 0.0307428 2.1107e-10 0.00335198 1.28023e-10 0.162596 0.000122987 6.97123e-07 0.00370393 3.87846e-06 3.21864e-07 1.66545e-10 0.00346706 0.0013439 0.0118153 0.208269 0.166725 1.10135e-10 
6.11749e-05 1.2884e-05 0.152332 0.0390613 0.00799588 0.40471 0.00771163 6.7109e-05 0.00557483 5.3585e-05 0.00849711 0.000413445 6.27201e-05 0.000148971 0.203644 1.72204e-06 2.08049e-05 0.000620194 0.028918 0.0210456 0.0708947 0.0481427 9.7961e-06 
0.0152042 4.65348e-05 0.0272935 0.0154794 0.0357923 0.500496 0.00121297 1.56992e-05 0.00299044 0.00241824 0.0598583 1.55484e-05 0.00427056 0.000437648 0.0597349 2.35898e-06 4.24397e-05 0.0499466 0.000491957 0.0326593 0.00247351 0.188909 0.000208152 
2.9332e-07 5.15358e-08 0.172522 0.003861 0.0956525 0.656775 3.55499e-07 2.57335e-09 0.0394225 0.000388594 8.96257e-07 0.000148755 1.66619e-09 7.33258e-10 0.0038977 8.43215e-07 2.03051e-09 0.0250415 1.25507e-05 0.0015548 7.85713e-07 0.000720558 6.16083e-08 
0.000113067 1.11296e-05 0.155556 0.0518605 0.0173242 0.407103 0.00421757 5.86256e-06 0.0318287 4.58402e-05 0.00496936 0.000671066 0.00010733 0.00376114 0.175302 6.61254e-06 0.00950629 0.0137913 0.020745 0.0486873 0.022136 0.0322389 1.22857e-05 
0.000296465 5.72948e-08 0.116645 0.100058 0.0870176 0.397289 0.000524047 0.00022136 0.00554357 0.000407955 0.0687503 0.000397179 3.83453e-05 0.0346819 0.0692001 1.1245e-06 0.00166684 0.0405913 2.94312e-05 0.0021216 0.0270022 0.0475162 1.08898e-09 
2.89047e-08 9.84762e-06 0.0117749 0.0677143 0.284761 0.304449 9.92369e-06 1.76491e-07 0.00194246 7.42242e-07 0.0404484 0.0876398 1.91381e-05 0.0123145 0.0276027 1.48548e-06 4.16627e-07 0.00114552 0.000366755 0.000643946 0.0523792 0.106755 2.10669e-05 
1.70108e-07 1.13512e-05 0.139117 0.00493215 0.00503415 0.58126 2.40824e-11 2.02543e-05 0.00339343 9.98241e-11 0.0127973 1.38141e-06 9.58206e-07 0.00177679 0.130532 1.72868e-07 1.29862e-10 5.52197e-08 8.18611e-08 0.000567029 0.0163292 0.104227 8.58763e-11 
1.76345e-08 8.29743e-06 0.105831 6.41045e-05 0.000334285 0.838188 4.89177e-05 4.20596e-08 0.00013147 2.55109e-08 0.0075575 2.86503e-08 1.4081e-05 0.00306828 0.040832 2.37458e-08 0.000647419 0.000704943 0.00107847 0.000187591 0.000691714 0.000612377 2.19464e-08 
0.0436672 4.56932e-05 0.0423157 0.0595749 0.000854219 0.32196 0.00235381 0.000391943 0.0446985 2.42288e-05 0.181845 2.34548e-05 1.76121e-06 0.000621463 0.128744 6.25126e-06 7.32499e-05 0.00788349 0.00278868 0.0229408 0.0873566 0.0518297 5.21174e-08 
0.00184926 1.10677e-05 0.0695202 0.0401139 0.000488535 0.637693 0.0178068 8.66711e-05 0.000804299 9.99105e-05 0.00845445 0.000379292 4.27265e-05 0.000455248 0.184356 3.90444e-05 4.60095e-05 0.000358375 0.00140236 0.0095524 0.00518709 0.0211377 0.000115426 
0.00108752 2.84545e-05 0.0853487 0.0715766 0.00433411 0.200467 0.101501 2.11802e-06 0.0871648 0.000174742 0.0729081 0.0523249 0.00155888 0.00043813 0.142444 0.000383223 1.02421e-07 0.00472821 0.00342621 0.122955 0.00660259 0.0405455 1.91397e-10 
7.57564e-05 8.65003e-05 0.112089 0.00912099 0.0679902 0.398548 0.000275372 6.01585e-06 0.308212 2.04885e-08 0.00247783 3.68777e-08 5.95324e-08 0.000261027 0.0603702 1.0905e-08 1.11007e-09 0.0112198 0.00102065 0.00212793 0.0041379 0.0168081 0.00517219 
5.71318e-05 6.7353e-08 0.0423883 0.0159919 0.00768331 0.841346 5.32044e-05 1.36231e-05 0.00577849 6.28892e-05 5.18676e-05 1.38826e-07 9.26519e-07 0.00111056 0.027828 3.32018e-09 0.00446228 0.0146285 0.0139553 0.00814585 0.00246178 0.0139661 1.34135e-05 
0.000573288 0.000127336 0.126882 0.0251176 0.152903 0.219582 0.00729446 1.7e-05 0.106966 0.000558024 0.0395221 0.000256811 2.4768e-06 0.00070865 0.141575 6.51189e-06 2.23842e-07 0.0169827 0.00197819 0.0107642 0.0456233 0.102391 0.000169117 
0.000161095 2.86902e-05 0.168586 0.0209884 0.119754 0.213782 0.00164166 0.000314315 0.00522882 0.00017602 0.0217151 9.86373e-06 2.364e-05 0.0319382 0.180754 2.46601e-07 0.00116421 0.00176097 0.00747878 0.0998177 0.0237827 0.100791 0.000103571 
0.000677334 0.0173655 0.140815 0.109086 0.0250639 0.477043 0.00121034 9.16552e-05 0.00524344 5.43999e-06 0.00485852 0.00158785 0.000625248 0.00098716 0.13895 9.96356e-07 0.000383645 0.0168449 0.00776394 0.00865285 0.00452103 0.0382107 1.12256e-05 
0.000179945 0.000179966 0.00115256 0.475164 8.00326e-05 0.490071 0.00043304 0.000140181 1.24801e-06 8.76458e-09 0.00208646 0.00031007 9.35617e-09 9.30586e-05 0.00168818 0.000289622 0.025505 0.000213083 0.00165797 0.000193842 0.00034197 0.000218637 7.53996e-09 
0.00101559 6.4433e-05 0.00933872 0.029993 0.0880704 0.680325 0.00136128 1.09876e-06 0.0530796 0.00612048 0.0111369 2.79794e-05 1.05195e-08 2.15419e-05 0.0188182 1.793e-07 3.79078e-05 0.070121 0.000499365 0.0017762 0.0108106 0.0140165 0.00336392 
0.000335275 1.68449e-05 0.103564 0.0464165 0.00775727 0.541883 0.00739217 3.85991e-05 0.0830717 0.0150534 0.0260826 0.000620443 0.0104604 2.66361e-05 0.0492412 1.14483e-05 0.000202737 7.54185e-05 0.00849766 0.00252156 0.0169736 0.0645853 0.0151719 
3.80748e-08 1.15642e-08 1.9334e-06 4.72611e-07 0.0392907 0.931708 1.32882e-08 8.3931e-06 0.00111964 5.50808e-08 0.00180843 1.54122e-05 5.87986e-08 2.58761e-08 0.000569108 5.12699e-08 7.16549e-08 7.19134e-06 4.28336e-07 3.34331e-05 5.13979e-05 0.0253832 1.5352e-06 
5.09119e-05 1.55575e-06 0.0330017 0.00088417 0.0245053 0.609174 0.000123661 4.51669e-07 0.0445768 1.36665e-08 0.00130572 9.86022e-05 4.29229e-05 0.00702197 0.0216469 9.4815e-08 4.88197e-06 0.00194506 0.00105705 0.000572252 0.00345589 0.250501 2.9136e-05 
9.89005e-06 5.48428e-07 0.23158 0.00167441 0.00565323 0.673743 3.19476e-09 2.1833e-08 1.51516e-05 1.32426e-08 0.00657591 1.00099e-05 1.41364e-08 0.00024215 0.011043 1.23264e-08 1.72274e-08 0.064471 1.06674e-07 1.12996e-06 0.00110222 0.00387673 7.52861e-07 
0.00301542 2.07944e-05 0.0790277 0.0202839 0.00287911 0.584954 0.000801043 0.000159724 0.00534989 0.000872563 0.0451038 0.00029542 0.000721782 0.000923221 0.185505 4.06038e-05 1.59141e-05 0.0274254 0.00100483 0.00494388 0.00205784 0.0345432 5.57052e-05 
0.00059653 4.34748e-05 0.058457 0.0220221 0.0595773 0.331012 0.000441831 0.00303701 0.0231748 0.000131465 0.00957304 0.00281535 4.88926e-05 0.000566419 0.269886 0.000121361 7.6316e-05 0.00821476 0.00818743 0.0020912 0.0479386 0.15032 0.00166747 
0.000885628 0.00823098 0.0753605 0.0251378 0.0131215 0.469335 0.00862877 4.46205e-05 0.0191524 0.000415864 0.025285 0.000149606 0.000314794 0.00231658 0.154709 0.0166872 5.66488e-05 0.01187 0.00278451 0.0175606 0.008098 0.139822 3.26145e-05 
0.000967386 0.00987603 0.0965355 0.0636368 0.0369843 0.312497 0.00154105 0.000189875 0.0205335 7.65404e-05 0.00431331 0.000303785 0.000275057 0.000603606 0.274903 0.00277676 1.15108e-05 0.0867064 0.00172029 0.005223 0.0364136 0.0434226 0.000488161 
3.46381e-07 2.14242e-10 0.0370491 0.138636 0.00480533 0.736286 0.00253198 1.6824e-09 0.0112708 0.000131047 0.00159754 0.000604415 1.08932e-09 1.0489e-07 0.0375142 9.49839e-10 1.3275e-09 0.00162467 0.00800091 0.00127209 0.00192973 0.0167457 8.77862e-10 
0.000737127 2.9868e-05 0.17507 0.068265 0.0268632 0.277967 0.0160039 0.000119059 0.0274972 7.94569e-05 0.0319238 0.00190044 0.000230305 0.00211972 0.263454 6.90124e-05 0.000216813 0.00292679 0.0177256 0.0183907 0.026348 0.0414187 0.00064408 
1.28658e-05 1.44227e-06 0.21496 0.21763 0.0359545 0.306288 0.011545 2.64544e-05 0.00013471 4.7186e-05 0.0145835 1.29823e-06 0.0264012 0.000169586 0.111391 2.41076e-08 6.69877e-07 0.0238014 0.00159415 0.00134593 0.000593871 0.0335161 1.39373e-06 
5.52818e-05 9.21833e-07 3.18066e-09 0.0614255 9.48072e-06 0.33778 0.000404962 0.00200204 0.12458 1.95842e-05 0.26767 1.25804e-05 0.000783275 1.83905e-08 0.0969843 3.64382e-08 5.09262e-08 1.8964e-05 5.21945e-05 0.000650711 0.0126455 0.0947344 0.000170221 
0.0110693 2.12394e-05 0.0143545 0.0443827 0.00718239 0.39426 0.00148739 6.59451e-05 0.00521318 0.00632785 0.0243594 0.000547204 0.000247112 0.00173372 0.269509 7.82372e-06 8.91177e-06 0.0408083 0.00100717 0.0385177 0.0140136 0.122661 0.00221459 
0.000150457 3.5934e-05 0.0397676 0.0852112 0.0256202 0.570012 0.00012839 5.25026e-07 0.000380794 5.69712e-07 0.0182475 0.000101638 2.09344e-07 0.0448622 0.0284478 1.12973e-07 9.46192e-09 0.000801854 1.82319e-05 0.0223504 0.000151865 0.163709 1.94039e-06 
0.00168102 4.23325e-07 0.318238 0.0201209 0.0117467 0.522094 0.00663204 4.78517e-07 0.0124969 1.13393e-06 0.00160528 8.57058e-08 5.0265e-06 4.8198e-07 0.0302252 2.49953e-08 0.000610027 0.00165538 5.86599e-05 0.000387478 0.0120732 0.060367 1.21824e-09 
4.48471e-07 7.22138e-08 0.365327 0.0579764 7.66323e-08 0.376096 4.56759e-06 2.55336e-07 2.72688e-07 9.29296e-08 1.23474e-06 1.83065e-11 1.74008e-11 1.64649e-07 0.185373 1.51728e-11 1.4846e-07 0.000219367 3.29489e-05 0.00356916 7.99909e-07 0.0113978 1.4023e-11 
1.17032e-05 2.39043e-05 0.0781321 0.0110735 0.0370025 0.30791 0.000314119 0.000235488 0.0167914 0.000704864 0.0825701 0.0242966 5.72909e-05 0.000473466 0.119835 1.61339e-06 2.18911e-06 0.00570784 6.14218e-05 0.0109053 0.0281573 0.275729 3.35144e-06 
0.00373875 0.000205333 0.0609427 0.0883605 0.172224 0.230206 0.00376144 4.27411e-05 0.0137807 0.000723909 0.0396461 0.000139016 1.3226e-05 0.00304592 0.0916082 0.000171133 0.00188649 0.0182456 0.000221734 0.0154593 0.0353202 0.220247 1.0966e-05 
8.31697e-05 2.22077e-07 0.0804659 0.0283156 0.0713865 0.40954 0.0011091 2.16846e-05 0.0171133 8.09455e-09 0.0187521 0.0305055 8.34856e-05 5.74167e-05 0.167176 2.39172e-07 1.79917e-06 0.0499336 0.0125564 0.017474 0.0168613 0.0782921 0.000270351 
8.92346e-07 2.71027e-07 6.54002e-05 0.000127143 0.00326284 0.621267 3.11431e-07 2.12832e-06 0.000870931 1.29091e-06 0.327517 1.44977e-06 1.37804e-06 0.0466696 7.87682e-08 1.2016e-06 1.67935e-06 4.8657e-07 9.68806e-05 2.66576e-07 2.39049e-07 0.000110421 1.11054e-06 
0.000679022 2.29727e-05 0.0508522 0.027773 0.0890861 0.521709 0.000418161 0.00039959 0.0484294 4.20822e-05 0.00422352 0.0204693 0.00180049 0.00128417 0.0477659 3.19791e-05 0.000212399 0.00336129 0.0133743 0.0533903 0.0066466 0.107641 0.000387398 
6.19459e-08 1.88144e-08 5.98042e-05 0.00420509 0.00283958 0.463813 0.000166011 1.47746e-07 3.9532e-05 8.96138e-08 0.034878 1.00642e-07 9.56626e-08 4.20992e-08 5.46802e-09 8.34137e-08 4.80673e-05 0.000452433 0.000359334 0.000528853 0.423749 0.0685353 0.000325211 
0.00066997 0.000213379 0.0305567 0.0351099 0.0324472 0.590756 0.000653591 1.55959e-05 0.00578921 0.000629833 0.0274465 0.000768922 7.39192e-05 0.0852909 0.0860685 7.89568e-07 0.0018659 0.0073854 0.00115476 0.00692627 0.00521984 0.0806317 0.000325169 
2.85724e-05 7.18004e-05 0.206705 0.0229147 0.0163129 0.387804 5.39375e-07 2.81118e-08 0.107656 0.0001753 0.00289335 0.000355365 0.000225693 2.13051e-08 0.0571865 6.6031e-11 0.000125876 0.0404456 7.28099e-05 0.0326201 0.0103306 0.114075 6.10273e-11 
0.000918087 0.0109289 0.0697649 0.0795154 0.0648126 0.300809 0.00244719 1.93482e-05 0.190107 0.000230577 0.0205404 0.000981683 0.00985793 0.00420948 0.0499683 9.39426e-06 0.000657222 0.0193063 0.0125365 0.01762 0.0152197 0.123653 0.00588632 
0.00275874 0.0142219 0.00256105 0.0516605 0.041834 0.65134 0.00155238 1.02773e-07 0.00628358 0.00192307 0.0544001 1.63704e-05 0.000220685 0.00240314 0.00417197 4.30413e-05 0.000178598 0.00226749 0.00318279 0.00650941 0.0020422 0.150386 4.29756e-05 
0.0457562 0.000140684 0.0338823 0.0561564 0.0146362 0.3437 0.002145 6.81145e-07 0.0226492 0.000261144 0.0945523 1.48152e-05 4.84853e-06 0.00517768 0.276033 1.14581e-08 0.000283862 0.00354299 0.00525781 0.00890773 0.0159132 0.0707474 0.000236471 
0.000476749 0.0044023 0.208906 0.0504585 0.066588 0.257611 0.00792028 9.18191e-05 0.0378345 0.000490227 0.010802 0.000626153 0.000857419 0.00229607 0.171902 0.0011052 0.000191444 0.00600969 0.0109838 0.0495575 0.0219605 0.0888688 5.9997e-05 
3.01981e-08 5.29901e-06 0.0638583 0.0515158 0.0772867 0.560209 0.000701768 9.5096e-11 0.0098147 0.00494869 0.0117894 0.00343628 3.31144e-06 0.0394481 0.0498792 8.00646e-09 1.34972e-05 0.0317137 5.08669e-05 0.0131319 0.00291417 0.0792797 4.96203e-11 
0.0125292 7.76929e-05 0.0145598 0.0653491 0.0560175 0.38132 8.8051e-05 8.23794e-05 0.0161579 0.000622986 0.348421 3.31656e-07 3.15247e-07 0.00718927 0.0423467 9.92638e-05 3.89052e-05 0.00331063 7.04438e-05 0.0024878 0.0312357 0.0179885 6.15261e-06 
8.58296e-05 1.33602e-05 0.207843 0.0271163 0.0913596 0.288283 0.000355542 3.62263e-06 0.0412003 4.70856e-05 0.0154758 0.00718269 2.28321e-05 0.00978048 0.0810392 0.000172661 7.95235e-08 0.0202779 0.000114968 0.0219152 0.00961428 0.178096 3.53798e-08 
6.21533e-11 7.54265e-07 0.105564 0.0027767 0.013465 0.420697 4.64341e-05 1.48241e-10 0.00971506 4.62547e-05 0.0030773 9.30806e-05 1.19291e-05 1.96648e-05 0.0465911 1.56272e-06 8.7393e-06 0.00317242 0.00955545 0.00170955 0.00369134 0.379756 8.84789e-08 
0.000188579 1.90693e-08 0.167784 0.0344792 0.00462947 0.77016 0.000396401 7.95601e-05 0.000216256 1.24247e-07 8.81072e-05 5.4966e-09 0.000556923 5.22393e-06 0.00269499 9.58934e-08 9.37967e-07 0.00483208 7.35152e-06 0.000653489 0.000210625 0.0130168 4.21045e-09 
7.43406e-05 3.87697e-05 0.00025341 0.0329501 0.0104412 0.513889 0.00059682 3.00452e-06 0.0345002 4.34706e-06 0.14099 8.23046e-08 1.17259e-07 0.00013828 0.00621715 9.81367e-06 0.00146826 0.00975324 0.000453089 0.00314002 0.0122176 0.232321 0.000540197 
0.000214859 0.000216862 0.283353 0.0364452 0.00242141 0.331582 0.00180819 0.000408981 0.000499845 3.81568e-05 0.15476 0.000344205 0.000159112 0.00054407 0.0928411 0.00023964 0.0353609 0.00144541 0.039243 0.000251614 0.0103563 0.00746655 3.34518e-08 
5.74459e-05 5.756e-06 0.0727607 0.00652986 0.00650143 0.729651 0.000191978 5.24056e-06 0.0834648 6.76933e-08 0.00119733 9.03739e-06 1.64393e-05 0.000143285 0.0279897 2.53079e-09 1.18079e-05 0.00745088 0.0406264 0.000257095 0.00538763 0.0177393 2.51323e-06 
0.0286191 0.000118176 0.0291516 0.0497921 0.0537703 0.56972 0.000707866 4.66522e-05 0.0189781 0.00499343 0.0872912 0.000253474 8.84952e-05 0.000765394 0.00447957 6.95209e-07 1.84225e-07 0.0451686 0.0009159 0.011149 0.0470039 0.0468877 9.84486e-05 
0.0025773 0.000110341 0.10472 0.0377283 0.016481 0.280183 0.00697403 0.000190688 0.0285753 0.000672369 0.0339003 0.00634439 0.00147436 0.00446265 0.273499 3.94593e-05 0.000193027 0.00615724 0.0217739 0.0243718 0.0306731 0.118793 0.000105817 
7.74549e-05 0.215568 0.00758973 0.0175927 0.0390552 0.296704 0.00212484 6.82038e-06 0.0162444 2.90768e-05 0.00210961 0.003838 0.00166136 0.00159847 0.115932 1.36773e-05 4.47537e-05 0.00134379 0.0924027 0.00798791 0.00261022 0.175441 2.45716e-05 
2.24452e-05 0.000260287 0.061127 0.039871 0.0103987 0.324107 0.0174696 0.00166457 0.0404714 6.33995e-06 0.00687832 0.00315633 0.000171346 0.000555057 0.17668 0.0766162 0.0379932 0.00937668 0.015309 0.040681 0.0361045 0.101079 2.84257e-07 
1.04928e-10 3.07013e-08 0.0386871 0.095255 4.27672e-06 0.272766 0.00927295 2.50263e-10 0.0312705 1.51794e-10 0.236042 0.00312629 1.0737e-07 0.000530574 0.178355 6.24619e-08 2.417e-07 0.0102224 0.0181093 3.80872e-07 0.0214484 0.0849043 5.01338e-06 
0.000180749 5.24706e-07 0.184339 0.023124 0.0160786 0.475968 0.000155209 3.42797e-05 0.0250723 7.22381e-06 0.0668989 2.19819e-07 1.87797e-05 0.00023844 0.0844437 4.20279e-08 7.67118e-05 0.00537914 0.00164503 0.0241219 0.0122486 0.0799664 2.02754e-06 
0.0129639 3.15736e-07 0.0485153 7.1097e-05 0.0499973 0.565318 6.31819e-12 4.31786e-11 0.00264875 8.95933e-05 0.00224717 0.000159931 2.85748e-07 1.92676e-06 0.214699 1.12794e-07 1.16961e-06 0.00880412 0.00408226 0.000954556 0.0319405 0.0557398 0.00176471 
0.0256579 0.014858 0.0531564 0.0188376 0.0242888 0.292754 2.69782e-05 9.44662e-07 0.00273522 0.000828268 0.0408557 2.88392e-06 0.000319057 0.160746 0.0186625 1.8861e-05 0.00228521 0.00328592 0.0205339 0.0284692 0.00293957 0.288703 3.44877e-05 
0.000116203 0.000113003 0.0662582 0.0172367 0.0654729 0.366948 0.0187218 0.000287596 0.0299113 3.02339e-06 0.0282984 0.0166809 3.95267e-05 0.000682005 0.198919 9.04666e-06 7.96671e-06 0.00595707 0.00655017 0.137128 0.0157785 0.0236013 0.00127972 
8.69453e-11 1.29423e-07 0.0204049 1.31683e-06 4.01516e-07 0.504511 9.61936e-07 2.07372e-10 6.94231e-07 0.00182481 0.00963533 1.41258e-10 1.34269e-10 5.90891e-11 0.230434 1.17077e-10 1.63627e-10 4.74088e-11 2.91318e-07 5.97656e-08 0.0179903 0.215196 1.08205e-10 
0.000888766 0.00926042 0.118178 0.0411019 0.0512295 0.271375 0.00563226 1.4083e-07 1.41178e-07 0.000930612 0.090733 1.40952e-07 0.00102919 0.0131509 0.179222 1.40997e-07 0.00870845 0.00773375 0.00460272 0.00365628 0.017985 0.173791 0.000789815 
3.39431e-05 1.06697e-05 0.17529 0.0198794 0.0029237 0.301041 0.0267319 4.5467e-05 0.0165007 0.014909 0.0120699 0.0359812 4.39408e-05 0.0335739 0.278906 0.000413701 0.00120303 0.00232087 0.0353948 0.00510326 0.0181446 0.0194485 3.03807e-05 
0.00359492 3.31693e-05 0.01732 0.0703593 0.0502712 0.321117 0.000360591 3.36061e-05 0.144872 0.00188647 0.0625806 0.00161853 0.000216806 0.00138122 0.114909 2.86523e-05 2.03642e-05 0.0397323 0.0915767 0.00965864 0.0219217 0.0452696 0.00123721 
0.000365835 0.0114895 0.115806 0.101763 0.0246144 0.608224 0.00102816 0.0101169 0.00444869 7.3465e-07 0.00106484 5.36377e-06 0.000515157 0.00351704 0.0530205 1.40867e-05 3.32133e-07 0.0041944 0.0398708 0.00483673 0.00252143 0.012581 5.52265e-07 
2.17189e-06 4.22827e-11 0.205023 0.0129074 0.0753638 0.372023 0.00228032 0.000419197 0.0125305 2.01394e-10 0.047652 2.26178e-10 1.29208e-07 9.46118e-11 0.0351405 1.8746e-10 0.0117066 7.66763e-07 1.39952e-07 0.0005787 0.205862 0.0185092 1.73255e-10 
0.000292032 5.21511e-08 0.100096 0.0698933 0.0401565 0.278036 0.0217627 1.85552e-05 0.161297 1.90544e-06 0.00551998 1.00667e-07 1.63477e-07 0.000143561 0.222272 4.64151e-06 1.38451e-09 0.00500632 0.0144544 0.00139389 0.0114918 0.0681569 1.58572e-06 
1.34164e-10 4.07488e-11 0.142945 0.000771085 0.0171862 0.740867 0.000375158 3.19992e-10 0.00101914 1.94088e-10 3.07698e-11 2.17973e-10 2.07189e-10 9.11795e-11 0.0934475 3.3531e-07 1.65519e-06 0.00153174 1.83987e-08 0.000705225 0.00107356 7.59393e-05 3.98658e-08 
6.21533e-11 7.54265e-07 0.105564 0.0027767 0.013465 0.420697 4.64341e-05 1.48241e-10 0.00971506 4.62547e-05 0.0030773 9.30806e-05 1.19291e-05 1.96648e-05 0.0465911 1.56272e-06 8.7393e-06 0.00317242 0.00955545 0.00170955 0.00369134 0.379756 8.84789e-08 
0.000838204 1.08728e-05 0.0222775 0.0308238 0.000591597 0.357077 0.00388302 1.32322e-05 0.152096 6.10749e-12 0.00510644 6.8591e-12 6.51973e-12 0.000185756 0.264229 5.68493e-12 7.94527e-12 0.000458746 0.116477 0.01838 0.000727329 0.0267543 7.03717e-05 
0.00642341 0.0177297 0.0539184 0.0426921 0.00618144 0.455537 0.0061982 2.55682e-05 0.00636317 0.001201 0.0185742 0.00109972 0.00159743 0.000393073 0.251468 8.45206e-06 0.000160338 0.0215617 0.00874797 0.00611146 0.0137509 0.0801877 6.95224e-05 
0.000355309 1.88234e-05 0.0188477 0.0878916 0.00203134 0.541318 0.00138936 9.28399e-05 0.0443848 0.000378288 0.158792 1.8279e-07 6.23785e-10 0.000306005 0.0714089 2.80872e-09 7.7923e-12 0.00139963 0.013257 1.64531e-05 0.0127886 0.0453238 2.50488e-08 
0.000312147 0.0085366 0.124104 0.00949408 0.0169591 0.375795 0.00310859 0.000346596 0.0558979 3.82934e-05 0.0193906 0.000678218 0.000227717 0.00253985 0.236758 0.000117156 4.52731e-05 0.000218906 0.000691759 0.00845826 0.00810072 0.128175 6.24819e-06 
5.3342e-05 2.99549e-07 0.0278645 0.000669155 0.0460483 0.684383 7.64484e-05 5.50156e-07 0.00622447 7.68989e-09 0.000353222 5.79355e-07 3.37273e-05 1.29975e-05 0.0394188 1.19619e-06 1.00038e-08 0.00890346 0.034941 0.0476988 0.000385856 0.10293 4.40959e-07 
0.000586678 2.77332e-05 0.114516 0.0378326 0.00961029 0.4554 0.00527782 1.40402e-05 0.0226185 0.0010545 0.020502 0.000116181 7.76408e-05 0.00194997 0.211645 6.61087e-07 0.00169678 0.000731094 0.0307792 0.0112338 0.0154055 0.0589172 7.76577e-06 
0.00157436 2.6394e-05 0.177003 0.0958554 0.0688553 0.472521 6.24522e-06 0.000155924 0.0108922 0.000240288 0.029616 0.000604502 1.75016e-05 0.0111589 0.000334349 1.90374e-05 0.000663038 0.00130565 0.0288836 0.0123958 0.00061578 0.0872418 1.41042e-05 
6.21533e-11 7.54265e-07 0.105564 0.0027767 0.013465 0.420697 4.64341e-05 1.48241e-10 0.00971506 4.62547e-05 0.0030773 9.30806e-05 1.19291e-05 1.96648e-05 0.0465911 1.56272e-06 8.7393e-06 0.00317242 0.00955545 0.00170955 0.00369134 0.379756 8.84789e-08 
0.000838204 1.08728e-05 0.0222775 0.0308238 0.000591597 0.357077 0.00388302 1.32322e-05 0.152096 6.10749e-12 0.00510644 6.8591e-12 6.51973e-12 0.000185756 0.264229 5.68493e-12 7.94527e-12 0.000458746 0.116477 0.01838 0.000727329 0.0267543 7.03717e-05 
0.00792636 0.000487274 0.00515639 0.0365005 0.179077 0.668557 0.00079404 0.000163152 0.0140894 0.000307591 0.0275108 0.000402369 1.31245e-05 6.89838e-05 0.0127667 2.24582e-08 1.07376e-06 0.00624074 0.00197065 0.00575673 0.00463172 0.0267691 0.000809212 
6.46607e-11 1.12066e-06 0.108059 0.00327928 0.0139863 0.417599 5.48877e-05 1.54221e-10 0.00947762 6.51812e-05 0.00324843 0.000115198 1.43409e-05 2.07977e-05 0.0486243 1.88554e-06 1.0098e-05 0.00350189 0.012843 0.00179401 0.00539107 0.371906 5.8153e-06 
5.06766e-08 1.88252e-05 0.00218871 0.123435 0.00232755 0.448399 0.00385952 0.0499386 1.04285e-08 6.8739e-06 3.85159e-05 8.23331e-08 7.82595e-08 0.000871851 0.14755 2.05442e-06 9.5371e-08 2.76325e-08 0.000257837 2.0357e-05 1.35757e-08 0.221085 6.30679e-08 
0.000146752 2.60211e-05 0.142904 0.0185588 0.0522332 0.322548 0.00759074 7.07591e-05 0.0760855 0.000492575 0.00160435 0.000144777 3.03109e-05 0.00137258 0.159916 2.92322e-07 0.000156933 0.0243469 0.00202562 0.045472 0.035914 0.107909 0.000451168 
0.00177496 4.23586e-06 0.00183278 0.121118 0.100232 0.335824 0.024811 3.36038e-05 0.00145079 0.00039127 0.032242 0.00655829 0.000192926 0.000826401 0.0153375 0.000138235 1.192e-07 0.00194286 0.0380658 0.0027874 0.00394086 0.310489 4.63475e-06 
1.3664e-05 3.66033e-05 0.181317 0.0865949 0.00977831 0.472397 6.3837e-05 1.74673e-06 0.0160609 1.30309e-07 0.0841483 4.80026e-09 1.74963e-05 0.0186549 0.0581625 3.59543e-08 7.75953e-06 0.00205488 0.00826272 0.0284376 0.021484 0.0125022 3.46927e-06 
0.000657044 9.63572e-05 0.0665613 0.0101664 0.0324766 0.396501 0.000342538 2.81705e-05 0.00109515 1.17579e-07 0.025369 0.0441343 0.000925299 0.000303308 0.0502668 1.50156e-05 3.67024e-05 0.0191284 0.000660581 0.0107393 0.119924 0.220572 1.86384e-08 
6.82016e-08 1.97452e-09 0.00118693 0.0343636 0.00788621 0.627191 0.000414634 1.04563e-06 0.0130457 0.000491644 0.146142 1.07488e-06 1.00395e-08 0.000697775 0.00510672 8.75402e-09 1.22346e-08 0.0259858 2.85208e-06 8.36932e-07 0.0256471 0.00309511 0.10874 
6.51813e-05 2.55976e-05 0.148638 0.000480921 0.0794766 0.695184 4.18773e-07 3.65708e-07 0.00806361 0.00298003 0.00291678 2.307e-08 3.75609e-05 2.81953e-06 7.79233e-07 3.18969e-08 1.85488e-06 0.00576702 2.27476e-06 0.000830788 1.17007e-07 0.0555246 6.39924e-07 
2.12615e-05 2.98841e-06 0.0951211 0.0342012 0.0113331 0.524089 0.00122861 1.15612e-05 0.00865362 0.00111035 0.00155844 0.000306785 0.000152991 0.000742231 0.185618 2.28696e-07 1.72542e-05 0.00273996 0.00116546 0.00639851 0.0032065 0.122321 2.38372e-07 
6.77119e-08 1.40658e-08 0.0485554 0.117837 0.0123135 0.430903 0.0028207 2.19287e-07 0.0204499 1.95818e-07 0.0184855 9.13188e-11 1.64967e-08 3.0199e-08 0.243035 2.60075e-09 1.0578e-10 0.0044267 0.032588 1.47346e-07 0.0593134 0.00927046 3.69248e-07 
2.91667e-05 9.01159e-07 0.093067 0.17172 0.11058 0.372702 0.00278366 2.73739e-05 0.0111181 2.85847e-05 0.0180287 0.000670054 0.0031652 0.0187204 0.0678437 3.45545e-08 0.000773562 0.00332659 0.00510118 0.0103928 0.0382261 0.0716797 1.52705e-05 
0.00292569 0.000992532 0.0801038 0.0334609 0.0538033 0.312372 0.00300699 0.000334488 0.0378124 0.00106562 0.0313186 0.00218064 0.00180167 0.00475027 0.156819 0.000206727 0.00120735 0.00786736 0.0156097 0.0280344 0.0163936 0.206198 0.00173532 
9.1915e-05 0.000425335 0.0512821 0.0464671 0.0163931 0.288893 0.00873662 6.24197e-05 0.0212141 7.56987e-05 0.0190574 0.000252276 0.000640433 0.000112261 0.164627 6.2005e-06 0.00102781 0.00285445 0.104345 0.00203244 0.00767996 0.148297 0.115426 
1.91452e-06 3.3278e-05 0.068954 0.0128729 0.0653578 0.799899 1.87578e-08 1.28191e-07 0.000855751 7.77531e-08 0.00068014 0.0022819 4.8943e-07 1.14971e-05 0.00706549 3.08632e-07 1.01669e-06 0.00285936 1.67363e-05 0.000411255 0.000179116 0.0385133 4.7991e-06 
6.41141e-06 2.7287e-07 0.0889947 0.0772169 0.00324244 0.286703 0.00251092 0.000536708 0.00310524 1.31673e-07 0.175089 6.16659e-07 2.91617e-05 0.000619956 0.168746 3.71538e-07 0.00627473 0.0124614 0.0105104 0.00178045 0.133545 0.0286186 7.78284e-06 
2.09254e-05 4.21598e-06 0.00900278 0.0262095 0.167893 0.66202 3.18653e-05 2.78101e-05 0.007169 4.98556e-06 0.00396191 5.36498e-05 0.00021037 0.0212841 0.0099959 7.88005e-07 0.000286903 0.0357365 0.000475104 0.00364121 0.00048629 0.0492195 0.00226387 
2.82856e-06 0.00186668 0.0270156 0.0834276 0.00802791 0.481022 0.00496544 0.00378592 0.065561 2.06176e-07 0.0177716 0.000421428 2.20092e-07 0.000243946 0.0942833 1.91911e-07 2.68215e-07 0.00253482 0.00904314 0.0659588 0.0674996 0.0665522 1.48343e-05 
0.00039056 2.61356e-07 0.13457 0.336092 0.0150977 0.339586 0.00735784 1.94729e-05 0.003286 7.33216e-09 0.00333537 0.000188602 0.00136527 0.000407313 0.0463946 2.59421e-06 4.45554e-09 0.00189507 0.030487 0.00968843 0.00688872 0.0629465 2.40729e-08 
6.9536e-07 2.28446e-11 0.127726 0.00172592 0.0312887 0.51722 6.11038e-08 2.7111e-08 0.150956 2.56497e-07 0.00275361 1.222e-10 1.16154e-10 3.33996e-09 0.0725949 1.28605e-07 1.41551e-10 0.00643343 1.32632e-11 0.00266528 0.0103128 0.076321 7.34667e-07 
0.0015009 6.9861e-08 0.00249464 0.0857181 0.0724271 0.294493 0.0114148 0.000766731 0.0717203 6.97707e-08 0.0080697 0.000634855 0.00239993 0.000502856 0.0918271 6.97788e-08 6.97365e-08 0.00680966 0.254478 0.00324164 0.0280225 0.0553406 0.00813722 
1.5727e-06 8.48417e-06 0.106269 0.0589645 0.0192125 0.440486 0.0166037 7.68751e-07 0.0332545 1.33172e-07 0.0130617 0.000634531 5.52236e-06 0.000110825 0.10405 1.92693e-08 1.39696e-06 0.0362803 0.00171003 0.000402315 0.108049 0.0580953 0.00279713 
9.38068e-05 2.64934e-08 0.0602915 0.0488422 0.0134859 0.712073 0.0155234 8.82411e-06 0.00914743 1.95755e-07 0.00195062 7.09688e-05 1.77255e-05 0.000429164 0.0396468 1.45302e-08 7.3845e-08 0.00111371 0.00111895 0.000917381 0.0474988 0.0477691 3.88891e-07 
2.73966e-07 2.99823e-11 0.0616069 0.0165424 0.00105661 0.562486 0.000506541 0.00127465 0.00237771 5.16163e-08 8.98144e-08 1.60381e-10 0.000117448 0.00101884 0.326017 2.26239e-07 0.000915921 0.0149776 3.05002e-05 0.000494318 0.00767328 0.0027069 0.000196313 
0.000581294 4.22523e-05 0.123787 0.0208744 0.0248335 0.429439 0.00584042 0.00213836 0.0372879 0.00530263 0.0254267 0.00344326 2.13507e-05 0.000876655 0.202295 1.45376e-05 0.0106814 0.00453897 0.0212296 0.0172437 0.0184863 0.0401277 0.00548819 
0.000506151 5.40268e-05 0.0378296 0.0716903 0.0134642 0.307526 0.0111848 6.8137e-05 0.0125515 7.5786e-05 0.0291209 0.000119 4.03843e-07 0.00115868 0.24952 4.35846e-06 0.000926386 0.00453286 0.00197985 0.0061818 0.00909799 0.24237 3.77645e-05 
0.000387539 6.13941e-05 0.253144 0.000322002 0.0188896 0.545343 8.08227e-08 2.25708e-05 0.0737916 3.3296e-05 5.27577e-05 5.07369e-10 1.1153e-05 3.63512e-05 0.0708604 1.30036e-06 1.7868e-07 0.00934572 5.91517e-08 0.0154268 0.000934838 0.0113347 3.88649e-10 
0.000541978 1.18148e-07 0.0369366 0.0118289 0.256973 0.578712 0.000765738 1.07169e-05 0.000748947 8.69346e-09 0.0250333 7.83357e-06 9.28025e-09 8.5781e-06 0.078129 2.05277e-07 2.16707e-05 3.27674e-09 7.5785e-07 9.67964e-06 0.0102561 1.4643e-05 7.2243e-07 
0.00153439 0.00323414 0.0198549 0.0143216 0.323337 0.323505 0.000992885 0.00206491 0.0149632 0.00202288 0.022851 0.00368997 0.0013964 0.0106962 0.0345726 0.000196093 0.000793306 0.010526 0.00233285 0.00721269 0.00885895 0.189658 0.00138511 
0.000145297 8.03277e-06 0.0869602 0.106824 0.0520653 0.458368 0.00165627 0.000136642 0.00255363 0.00200147 0.0219274 2.52999e-06 2.02728e-06 0.000788131 0.170688 1.96743e-07 0.00172579 0.0331338 0.00385054 0.00260203 0.0424602 0.0120471 5.39012e-05 
0.0132243 0.00113974 0.0664478 0.0832505 0.0475745 0.638713 0.00116242 1.04405e-05 0.0101151 0.00183644 0.035813 0.000549878 0.000682742 0.00564911 0.0277644 1.58539e-05 0.000164767 0.00875434 0.000737235 0.00792293 0.0240751 0.0239442 0.000451984 
4.32427e-05 6.1624e-09 0.0169363 0.0589615 0.0121507 0.340344 0.00103061 5.58772e-11 0.0280054 1.70312e-08 0.074686 0.00085678 3.61794e-11 0.000140534 0.336764 6.23368e-09 4.409e-11 0.0029374 0.0103315 0.00491285 0.0402022 0.0716969 2.91563e-11 
0.0190711 0.0351507 0.024058 0.0131607 0.0362344 0.40646 0.00323153 0.000240816 0.0197655 2.23808e-11 0.00443074 2.95999e-05 0.000364255 0.00804855 0.178447 1.90146e-06 0.00146683 0.0103507 0.0139603 0.0021519 0.00702208 0.214432 0.0019221 
0.000778948 1.13544e-05 0.10376 0.0597296 0.0285045 0.363792 0.00560627 6.63345e-05 0.060424 0.000165048 0.0592576 0.000731826 0.000104638 0.00787742 0.209869 1.46029e-05 0.000255565 0.00470235 0.0241795 0.00869335 0.0186372 0.0421019 0.000736802 
0.00288116 6.15398e-07 0.0195093 0.0168093 0.13058 0.313955 0.000254226 7.69701e-07 0.0273817 2.12868e-05 0.105122 0.00124698 0.000705897 0.0209694 0.123347 1.77918e-08 3.17812e-05 0.00081467 0.054746 0.0262157 0.00370785 0.151695 4.09935e-06 
1.84892e-07 7.05395e-08 0.0179639 0.10395 0.206714 0.214137 0.00320465 7.35856e-07 0.0563966 3.14217e-08 0.0894648 0.000395942 7.76507e-07 0.000204699 0.0071821 2.36048e-07 2.03721e-10 0.0164755 0.157482 0.00205287 0.00770562 0.113758 0.00291125 
0.0504172 0.000129085 0.00791703 0.157654 0.006318 0.521936 0.0280653 0.0467884 0.00807394 7.36565e-05 0.0354743 0.00355017 0.00338323 0.00253803 0.00602135 1.54248e-05 0.000120849 0.0075884 0.0241416 0.0104853 0.035711 0.0435559 4.16395e-05 
0.000435153 0.000192652 0.0098914 0.0225167 0.0123025 0.75977 0.00148069 2.02079e-06 0.001291 0.0014926 0.0549596 0.0114794 0.000352653 0.000102857 0.00883245 1.41403e-07 3.02595e-09 0.00509903 0.00518695 0.00227516 0.00197428 0.100248 0.000115526 
2.62131e-05 1.90931e-07 0.0748509 0.00135532 0.00288532 0.760831 2.04651e-05 4.39105e-08 0.00222118 0.00389785 0.0190301 1.00968e-06 2.3531e-06 3.80941e-05 0.0911131 1.81219e-05 0.00108695 3.83187e-05 0.0108789 8.95827e-06 0.0101794 0.0215071 8.68145e-06 
0.00171052 0.00520511 0.0673078 0.0430792 0.0577062 0.537867 0.00867982 0.000124477 0.0164963 0.00489061 0.0362898 8.89028e-05 0.000628174 0.000386619 0.134405 0.00135019 0.0116435 0.00326008 0.00652628 0.00527442 0.031567 0.0253844 0.000128394 
0.000601952 4.97211e-07 0.262809 0.105456 0.00804021 0.455921 0.0126867 5.63949e-06 0.00309455 4.73135e-06 0.00426945 0.00153158 5.31385e-06 9.32568e-07 0.0748888 3.11956e-08 4.59692e-07 0.0349465 7.55384e-05 0.030174 0.00257592 0.00290847 3.31582e-06 
0.000710213 1.20671e-05 0.0441461 0.0114409 0.0379464 0.420777 0.00204876 0.0155013 0.000920843 4.41519e-10 0.0005717 1.44239e-07 8.6756e-05 0.00256293 0.337661 1.3341e-07 1.22053e-07 0.0288216 0.000564847 0.00564326 0.0559794 0.0346049 4.52529e-07 
0.00752253 4.81047e-05 0.046855 0.00955157 0.305103 0.401582 0.000496428 2.16125e-05 0.00872105 3.34607e-05 0.0171524 0.00410754 1.70433e-05 3.18268e-05 0.0586198 1.89921e-06 2.1866e-07 0.0103608 0.035017 0.0111533 0.00255326 0.0810214 2.9077e-05 
3.39888e-07 1.19342e-05 0.221946 0.00656742 0.171316 0.420946 9.91248e-06 2.56498e-06 0.0087512 0.000479951 0.0015643 0.0233595 0.000419593 0.000135143 0.069484 7.52682e-06 3.9221e-07 0.0182198 0.000455649 0.0133354 0.0272882 0.0156988 5.24009e-09 
3.06416e-05 6.88796e-06 0.0833121 0.0511461 0.0263044 0.436937 0.000962926 2.2357e-05 0.0198091 6.63559e-07 0.00407224 0.000368256 6.45196e-07 0.000647798 0.24904 7.37716e-07 8.29031e-06 0.00252743 0.00149248 0.00239292 0.0293386 0.091578 7.02817e-09 
0.00180293 5.26003e-06 0.111748 0.0436043 0.00232431 0.503398 0.00557152 7.14996e-05 0.0541804 2.07728e-06 0.0023499 0.00536437 1.76261e-05 0.000869234 0.116502 4.89109e-07 0.000345952 0.0132233 0.00358226 0.000927534 0.023458 0.109919 0.000731167 
0.0507791 1.43448e-09 0.0383613 0.0054928 0.00468023 0.759984 0.000311075 0.000196942 0.00184537 6.83248e-09 0.00286386 2.90262e-06 9.02798e-06 6.88493e-06 0.0310182 7.98606e-07 8.88842e-09 0.0395599 0.000202713 0.0598718 0.0018077 0.00300483 5.87782e-09 
0.00773596 3.19073e-06 0.0347981 0.115611 0.00758211 0.294922 0.00355134 2.81287e-06 0.00168224 0.0321905 0.0933443 7.05181e-09 2.228e-06 0.00380755 0.175476 5.13412e-07 4.22516e-05 0.000376709 0.0751103 0.00277688 0.108319 0.0425143 0.000151338 
0.000542439 0.000119878 0.0476581 0.0358756 0.0337173 0.273399 0.00964142 0.000414147 0.142592 0.0009224 0.0203101 0.00101406 0.000245234 0.00567412 0.166643 3.79275e-05 0.000733522 0.00711323 0.0206233 0.0681536 0.0336609 0.128322 0.00258687 
0.00201416 0.000348233 0.00130768 0.0441949 0.0446312 0.247347 0.00220322 0.000326718 0.0017117 0.10999 0.0823833 0.0435355 8.8095e-05 0.0175285 0.0408336 2.01239e-06 0.000173204 0.00703775 0.00999638 0.0834941 0.036844 0.223664 0.000345348 
1.66797e-05 2.03007e-06 0.0314979 0.0172403 0.00529212 0.732816 0.00106176 2.81986e-05 0.00344476 3.11656e-07 0.0426226 9.01298e-06 8.11258e-07 0.000297908 0.111944 4.35203e-07 5.47906e-05 0.00237639 2.42709e-05 0.0014308 0.00363329 0.0461982 7.00142e-06 
2.98496e-10 1.32369e-05 0.231936 0.262612 0.0068892 0.356773 2.77231e-06 8.96634e-07 0.00113852 4.31818e-10 0.0350654 4.84959e-10 0.0024179 1.10364e-05 0.080939 4.01942e-10 1.41947e-07 0.00298315 0.00204143 4.19172e-07 1.01372e-06 0.017171 4.50209e-06 
0.00238654 6.94376e-05 0.0674569 0.0492125 0.0286595 0.315417 0.00779254 2.75114e-05 0.0147895 0.00143949 0.0163911 0.00065842 0.00122281 0.00181255 0.304677 1.91231e-06 0.0011406 0.0255791 0.029454 0.00853181 0.0318368 0.0912034 0.000239731 
0.00938752 0.000696604 0.0976623 0.0343958 0.0473719 0.280173 0.00260015 0.000402808 0.0838309 0.000626856 0.0237058 0.00419593 0.00820883 0.00138799 0.152584 0.000150548 0.000302685 0.00941006 0.00346816 0.071208 0.0520339 0.115507 0.000687903 
0.00175103 0.040958 0.0105639 0.0170535 0.0136943 0.747682 0.00242349 4.62153e-05 0.0424324 0.00061399 0.00391823 0.0020383 6.70051e-06 0.000156603 0.036669 2.10236e-06 1.76775e-05 0.00812176 0.0197439 0.00964541 0.00988881 0.0192943 0.0132781 
6.81018e-07 2.06841e-07 0.000112145 0.000188874 1.90593e-07 0.972163 0.000142844 1.62428e-06 1.40144e-07 9.85193e-07 0.00159327 1.10643e-06 1.05169e-06 0.0252246 0.000270574 9.1703e-07 1.28164e-06 3.71339e-07 0.000192263 2.03444e-07 1.84261e-05 9.20109e-08 8.56013e-05 
