1.27291e-08 2.54465e-06 0.015742 1.22289e-05 0.0231252 0.0160098 1.25177e-12 8.55463e-12 0.00379782 5.18873e-12 6.79196e-05 2.24547e-09 6.99207e-08 0.0110014 0.192994 3.13115e-09 1.84338e-07 0.000595198 5.12331e-06 0.00784533 0.00140362 0.727397 4.46374e-12 
2.62801e-08 1.94898e-06 0.0047362 3.67484e-06 0.00712107 0.00702722 4.32186e-12 2.95357e-11 0.00174608 1.79145e-11 2.03928e-05 1.73548e-09 5.35679e-08 0.00330079 0.0673369 2.31051e-07 1.41205e-07 0.000178659 1.54125e-06 0.00676365 0.000879283 0.900882 1.54115e-11 
2.18551e-07 6.57237e-08 0.00694539 1.95129e-05 5.02825e-05 0.000743582 2.94348e-10 1.04051e-06 0.000119311 1.2201e-09 4.30042e-06 1.37025e-09 1.30246e-09 0.0012996 0.340407 5.87447e-07 4.76453e-06 4.59881e-10 6.18959e-08 2.19752e-07 1.15207e-06 0.650403 1.04962e-09 
0.999282 5.59076e-06 1.66661e-05 8.19862e-06 2.5934e-05 7.54138e-05 4.43018e-10 3.02759e-09 1.49421e-05 3.67454e-06 8.10791e-05 3.30181e-06 5.88287e-06 6.98866e-06 3.2192e-05 1.19822e-06 2.38892e-09 3.0871e-05 0.000294059 1.0277e-05 4.51934e-05 4.2859e-05 1.32716e-05 
2.42966e-06 0.000309496 0.0308149 0.0122148 0.0134157 0.0142944 1.71301e-11 1.17067e-10 3.21211e-07 1.20007e-06 0.678393 2.4003e-08 2.57792e-07 1.44775e-06 0.0264959 6.60933e-11 9.23722e-11 1.05719e-06 0.00063025 0.0450006 0.164982 0.0134415 5.74258e-07 
2.94544e-05 3.17232e-05 0.00173518 3.78365e-05 0.97127 0.00718266 1.02796e-05 7.02511e-05 0.00106769 4.26101e-05 3.97205e-05 0.00201506 0.000125107 0.000159113 0.00581692 8.59457e-05 0.000234789 0.00159465 0.00328202 0.000291639 0.000530643 0.00430994 3.66564e-05 
1.70108e-07 1.13512e-05 0.139117 0.00493215 0.00503415 0.58126 2.40824e-11 2.02543e-05 0.00339343 9.98241e-11 0.0127973 1.38141e-06 9.58206e-07 0.00177679 0.130532 1.72868e-07 1.29862e-10 5.52197e-08 8.18611e-08 0.000567029 0.0163292 0.104227 8.58763e-11 
9.43922e-10 2.37983e-06 0.0303195 0.344868 1.65373e-05 1.3883e-05 3.2943e-10 2.25133e-09 6.17723e-06 1.36552e-09 0.360687 4.61603e-07 1.45769e-09 2.78417e-05 1.73308e-05 1.27104e-09 1.77642e-09 2.03309e-05 0.00363733 0.115037 0.145302 3.35663e-05 1.10436e-05 
1.8948e-08 5.83734e-06 0.278396 0.00273542 0.0491712 0.251566 6.61289e-09 4.51926e-08 0.0153758 2.74111e-08 0.0432454 1.15828e-06 6.44337e-05 0.173883 0.0311095 9.01079e-06 3.56593e-08 0.0220952 4.24571e-06 0.0171158 0.0158049 0.0887941 0.0106229 
0.999282 5.59076e-06 1.66661e-05 8.19862e-06 2.5934e-05 7.54138e-05 4.43018e-10 3.02759e-09 1.49421e-05 3.67454e-06 8.10791e-05 3.30181e-06 5.88287e-06 6.98866e-06 3.2192e-05 1.19822e-06 2.38892e-09 3.0871e-05 0.000294059 1.0277e-05 4.51934e-05 4.2859e-05 1.32716e-05 
4.63505e-06 6.12249e-06 0.0189818 0.0189 0.00151283 0.0273222 4.94918e-11 5.45967e-07 0.0120191 2.28942e-06 0.231609 3.06591e-06 4.91858e-07 9.63756e-11 0.00964818 1.90955e-10 7.61973e-07 7.73247e-11 0.000172171 0.00384473 0.652104 0.0238672 1.76484e-10 
1.70108e-07 1.13512e-05 0.139117 0.00493215 0.00503415 0.58126 2.40824e-11 2.02543e-05 0.00339343 9.98241e-11 0.0127973 1.38141e-06 9.58206e-07 0.00177679 0.130532 1.72868e-07 1.29862e-10 5.52197e-08 8.18611e-08 0.000567029 0.0163292 0.104227 8.58763e-11 
3.54253e-05 0.00860909 0.00498504 0.00193369 0.0434212 0.031722 3.21973e-06 2.30047e-05 0.00997782 1.37265e-05 0.0112323 0.00364336 0.00101533 3.14279e-05 0.0927261 0.000100518 0.183565 0.0391468 0.00029393 0.00683439 0.149682 0.410999 5.47663e-06 
3.86071e-09 1.14663e-07 0.401986 1.56779e-06 3.75565e-06 0.00535498 1.34739e-09 9.2081e-09 0.0105704 1.66479e-07 0.00491133 6.2724e-09 0.559572 9.08225e-06 0.0132198 6.13592e-08 3.78657e-05 0.00323216 3.00987e-08 4.00474e-06 0.00108667 4.78081e-06 5.12011e-06 
5.87178e-05 2.41915e-06 0.336823 0.0134679 0.00335608 0.00459166 3.11129e-08 2.20268e-05 0.0863662 7.92896e-05 0.237998 0.000228751 1.37671e-07 1.57728e-05 0.0508367 0.0451142 1.67773e-07 7.46417e-05 1.8533e-05 0.000200249 0.171126 0.049597 2.2248e-05 
0.0153098 0.000120002 0.00014392 0.000105332 0.657616 0.0461042 3.72037e-08 5.31643e-05 0.073766 8.32295e-05 0.043352 2.78781e-07 0.00243876 0.00640179 0.000716211 2.90936e-07 0.00224514 0.000864079 1.50396e-05 0.00363666 0.0184581 0.12857 1.32666e-07 
0.48122 0.00360578 0.00582553 0.0175665 0.00720629 0.00012173 1.57173e-08 5.16664e-08 0.000139871 9.06471e-06 0.450432 0.00435132 1.97349e-06 9.42318e-06 0.00368305 2.21239e-07 0.000521058 0.000347371 0.0033954 0.000645712 0.00860373 0.0123142 2.69591e-08 
0.28344 0.00019712 0.0123717 0.0062513 0.148197 0.156759 4.75546e-06 0.000112216 0.00858893 0.000538687 0.0853687 0.0113725 5.11542e-06 0.00013781 0.0110377 0.000361935 0.00369156 0.0134164 0.00512049 0.00337015 0.0068262 0.241654 0.00117579 
1.20366e-06 0.00135801 4.06423e-06 0.00702844 6.29655e-07 0.213218 1.82563e-10 1.24764e-09 1.00122e-06 7.56742e-10 0.655192 8.49869e-10 8.07821e-10 1.26919e-05 0.00228052 4.23335e-07 0.0480137 2.85232e-10 0.000111088 3.03177e-06 0.0176858 0.0550893 6.51008e-10 
5.75212e-06 0.000297692 0.00904797 0.00198224 0.0126727 0.116494 8.47322e-10 5.7906e-09 0.00230523 5.30218e-07 0.616682 7.64232e-06 5.50211e-05 0.000970973 0.0255539 3.26923e-09 2.38238e-06 1.70573e-05 2.60028e-07 0.00194825 4.07492e-06 0.211952 3.02149e-09 
9.89005e-06 5.48428e-07 0.23158 0.00167441 0.00565323 0.673743 3.19476e-09 2.1833e-08 1.51516e-05 1.32426e-08 0.00657591 1.00099e-05 1.41364e-08 0.00024215 0.011043 1.23264e-08 1.72274e-08 0.064471 1.06674e-07 1.12996e-06 0.00110222 0.00387673 7.52861e-07 
0.000255197 0.000615768 0.000695154 0.0173148 0.00109172 0.00280919 1.81611e-10 2.62969e-06 3.97594e-07 0.000803051 0.924438 5.41215e-07 8.03606e-10 0.0130432 0.00241055 2.74284e-05 0.00247556 0.00927163 0.000509501 0.00383768 0.0171608 0.00323725 6.47611e-10 
2.00617e-12 1.48412e-06 0.00499632 1.06596e-09 0.0268265 0.0609179 7.00156e-13 2.95699e-09 0.0378038 2.90222e-12 6.79072e-05 1.30949e-09 4.07797e-08 0.0110613 0.100616 1.82607e-09 1.07512e-07 0.000991908 5.12088e-06 0.00615964 0.000125034 0.750427 2.49671e-12 
7.51636e-07 0.0303573 0.00779499 0.21397 0.139478 0.0177134 6.98131e-10 8.98742e-07 0.0249723 2.89382e-09 0.170244 2.26023e-07 6.95744e-06 0.0351993 0.00712357 5.23686e-05 0.00991897 0.00905105 7.84848e-05 0.00438465 0.00283245 0.32682 2.48949e-09 
5.35651e-08 1.6277e-05 0.135475 2.57036e-05 0.000229435 0.00374163 2.08643e-08 0.81461 0.00529809 2.36163e-05 0.0104804 4.15842e-07 4.69564e-07 0.00242787 0.022649 5.36124e-06 1.43915e-05 8.54033e-05 9.83564e-07 2.16625e-05 0.00121764 0.00367582 3.82207e-07 
3.1296e-06 1.76057e-05 0.05234 0.00575982 0.0454389 0.639753 9.06313e-10 6.19375e-09 1.45673e-06 2.51336e-07 0.0134549 3.59466e-06 3.8321e-07 5.58674e-05 0.075815 3.49684e-09 9.46241e-06 0.00726911 1.06237e-05 0.000235124 0.00234481 0.157487 2.95875e-07 
5.83239e-07 3.10756e-05 0.0152713 3.82907e-06 0.00694591 0.0186289 1.70505e-10 1.16524e-09 0.00174922 7.06762e-10 0.000360879 2.81444e-08 8.54563e-07 0.00331017 0.0673521 3.33603e-07 2.25199e-06 0.000181119 1.64894e-06 0.00870774 0.000882026 0.87657 6.08011e-10 
5.35651e-08 1.6277e-05 0.135475 2.57036e-05 0.000229435 0.00374163 2.08643e-08 0.81461 0.00529809 2.36163e-05 0.0104804 4.15842e-07 4.69564e-07 0.00242787 0.022649 5.36124e-06 1.43915e-05 8.54033e-05 9.83564e-07 2.16625e-05 0.00121764 0.00367582 3.82207e-07 
0.999282 5.59076e-06 1.66661e-05 8.19862e-06 2.5934e-05 7.54138e-05 4.43018e-10 3.02759e-09 1.49421e-05 3.67454e-06 8.10791e-05 3.30181e-06 5.88287e-06 6.98866e-06 3.2192e-05 1.19822e-06 2.38892e-09 3.0871e-05 0.000294059 1.0277e-05 4.51934e-05 4.2859e-05 1.32716e-05 
9.45538e-05 1.45097e-06 0.243162 8.00251e-06 0.217683 0.0830159 6.66642e-10 4.55584e-09 1.72994e-06 0.0747709 0.154596 3.10336e-09 1.00323e-05 1.29815e-09 0.0813046 2.57211e-09 3.59479e-09 1.04154e-09 2.35814e-06 8.16056e-06 0.14534 1.98744e-06 2.3772e-09 
2.18551e-07 6.57237e-08 0.00694539 1.95129e-05 5.02825e-05 0.000743582 2.94348e-10 1.04051e-06 0.000119311 1.2201e-09 4.30042e-06 1.37025e-09 1.30246e-09 0.0012996 0.340407 5.87447e-07 4.76453e-06 4.59881e-10 6.18959e-08 2.19752e-07 1.15207e-06 0.650403 1.04962e-09 
3.52046e-08 2.80637e-06 0.00789361 6.12236e-06 0.011563 0.00978099 4.75415e-12 3.24899e-11 0.00291009 1.97064e-11 3.39816e-05 2.49212e-09 7.7127e-08 0.00550118 0.112228 3.83593e-07 2.03316e-07 0.000297728 2.56713e-06 0.0084618 0.00146543 0.839852 1.6953e-11 
7.6303e-08 7.54934e-09 0.031894 1.15262e-08 0.0379009 0.16159 1.16123e-11 7.93583e-11 0.219156 4.8134e-11 1.6645e-05 6.51196e-07 2.64057e-08 4.2147e-05 0.476138 1.53646e-08 5.94296e-08 0.0114475 0.00206612 0.0223722 0.000103335 0.0372732 4.14085e-11 
8.53058e-06 7.8897e-05 0.0740133 0.0985978 0.00209453 0.0162692 1.56892e-09 2.72208e-05 0.000278292 1.01417e-06 0.595087 7.29422e-07 1.51289e-06 4.069e-05 0.0252408 2.27951e-06 0.000105205 0.0174522 0.00171865 0.000155712 0.164659 0.00416589 1.4669e-06 
4.98312e-11 1.10131e-08 0.482462 0.0162253 0.124704 0.00332587 1.73912e-11 0.000363795 0.166213 2.97209e-07 2.36951e-07 2.14578e-07 7.6954e-11 6.33693e-08 0.0538869 6.71006e-11 9.378e-11 0.0865388 2.71915e-07 0.0241242 0.0330961 0.00905804 5.89656e-07 
0.00056057 5.39879e-05 0.000134734 0.00472694 0.0238016 7.55861e-05 5.46639e-08 0.000931938 9.20937e-06 0.000317246 0.914366 1.52371e-05 2.41881e-07 1.12379e-05 0.0047345 2.1091e-07 3.92122e-06 0.00487827 0.00454052 0.000121316 0.040418 4.42803e-05 0.00025417 
0.000850275 0.00113788 0.0308111 0.0100851 0.0144223 0.0172821 1.09866e-07 0.00698341 0.00209899 0.0047822 0.0587545 0.00342721 4.86143e-07 0.00254612 0.0181621 4.23896e-07 0.000830006 0.0383643 0.0384137 0.00163642 0.0388767 0.0101226 0.700412 
7.82067e-12 6.66941e-09 0.828382 0.000132418 0.00150231 2.14013e-08 2.72943e-12 9.23172e-09 0.150305 1.13137e-11 0.000265516 1.02083e-07 2.76972e-07 0.000115219 0.002805 6.2228e-06 1.47181e-11 0.00432935 0.000935497 0.0026329 0.00196135 0.00662742 8.17338e-08 
2.62801e-08 1.94898e-06 0.0047362 3.67484e-06 0.00712107 0.00702722 4.32186e-12 2.95357e-11 0.00174608 1.79145e-11 2.03928e-05 1.73548e-09 5.35679e-08 0.00330079 0.0673369 2.31051e-07 1.41205e-07 0.000178659 1.54125e-06 0.00676365 0.000879283 0.900882 1.54115e-11 
4.92022e-09 1.00778e-06 1.47028e-05 3.4863e-06 1.42477e-07 0.039484 1.71716e-09 4.53542e-06 1.22338e-05 7.11782e-09 0.882145 7.99376e-09 7.59826e-09 3.78619e-07 2.86737e-05 1.75237e-06 1.72619e-06 0.00169156 0.0080938 4.46051e-05 0.065974 0.00248403 1.44852e-05 
3.02931e-08 7.50909e-07 0.0134841 0.0709928 2.70546e-07 3.02226e-06 1.05723e-08 9.3106e-05 1.26645e-06 9.67784e-07 0.783273 0.000912085 4.67814e-08 0.014039 0.000953053 4.07914e-08 5.70102e-08 1.65179e-08 6.54589e-05 0.000822605 0.0404277 0.0749274 3.49768e-06 
5.28402e-06 0.000426716 2.97172e-06 5.24754e-07 0.000516192 0.00197234 7.34572e-10 5.02007e-09 0.0164861 3.04487e-09 0.692982 9.52747e-06 4.70469e-06 4.71916e-05 0.0638853 0.0171345 0.000112773 1.14767e-09 0.000101987 0.00152535 0.00169356 0.203092 1.06841e-07 
3.02931e-08 7.50909e-07 0.0134841 0.0709928 2.70546e-07 3.02226e-06 1.05723e-08 9.3106e-05 1.26645e-06 9.67784e-07 0.783273 0.000912085 4.67814e-08 0.014039 0.000953053 4.07914e-08 5.70102e-08 1.65179e-08 6.54589e-05 0.000822605 0.0404277 0.0749274 3.49768e-06 
0.0129639 3.15736e-07 0.0485153 7.1097e-05 0.0499973 0.565318 6.31819e-12 4.31786e-11 0.00264875 8.95933e-05 0.00224717 0.000159931 2.85748e-07 1.92676e-06 0.214699 1.12794e-07 1.16961e-06 0.00880412 0.00408226 0.000954556 0.0319405 0.0557398 0.00176471 
2.42116e-05 0.000266501 0.109681 0.0460719 3.68813e-05 0.0107355 7.44878e-07 0.000183231 0.000775131 3.80826e-05 0.715271 3.639e-05 8.25733e-06 0.0446 0.0282321 5.18062e-05 0.00995628 0.000837783 0.00011023 0.000532834 0.0278304 0.00469599 2.38081e-05 
4.92022e-09 1.00778e-06 1.47028e-05 3.4863e-06 1.42477e-07 0.039484 1.71716e-09 4.53542e-06 1.22338e-05 7.11782e-09 0.882145 7.99376e-09 7.59826e-09 3.78619e-07 2.86737e-05 1.75237e-06 1.72619e-06 0.00169156 0.0080938 4.46051e-05 0.065974 0.00248403 1.44852e-05 
0.999282 5.59076e-06 1.66661e-05 8.19862e-06 2.5934e-05 7.54138e-05 4.43018e-10 3.02759e-09 1.49421e-05 3.67454e-06 8.10791e-05 3.30181e-06 5.88287e-06 6.98866e-06 3.2192e-05 1.19822e-06 2.38892e-09 3.0871e-05 0.000294059 1.0277e-05 4.51934e-05 4.2859e-05 1.32716e-05 
5.35651e-08 1.6277e-05 0.135475 2.57036e-05 0.000229435 0.00374163 2.08643e-08 0.81461 0.00529809 2.36163e-05 0.0104804 4.15842e-07 4.69564e-07 0.00242787 0.022649 5.36124e-06 1.43915e-05 8.54033e-05 9.83564e-07 2.16625e-05 0.00121764 0.00367582 3.82207e-07 
2.08722e-05 0.00219951 0.0115052 0.0103375 0.000136156 0.0227811 6.1012e-06 9.17611e-06 0.0436228 0.0413729 0.0944645 7.97268e-05 0.000356665 0.0133301 0.01979 0.000183735 0.0992523 0.0375889 0.00917864 0.00203042 0.00405345 0.587576 0.000123793 
6.68681e-09 2.31827e-05 0.0762245 0.00901527 0.0107623 0.113807 1.53749e-11 1.14178e-07 0.0221063 0.00226768 0.0120453 7.15734e-11 1.04856e-07 0.00285819 0.731483 3.9007e-06 1.15621e-07 0.00199149 0.000198011 1.62662e-07 0.00340177 0.0138111 5.48258e-11 
5.09848e-12 1.81193e-08 0.00890707 0.000291894 0.0108115 0.0162402 1.77938e-12 1.21603e-11 0.0273339 3.39356e-08 0.000320577 8.28338e-12 2.04791e-08 0.0129824 0.00471482 5.01243e-08 1.30782e-06 9.24373e-07 0.000325475 0.00363815 0.00629896 0.908131 1.44543e-06 
0.0848846 1.05004e-06 0.183788 0.455318 0.00830388 0.0305369 8.96275e-10 6.12515e-09 0.0154996 3.37881e-05 0.106185 4.17235e-09 0.0119462 1.74532e-09 0.0205364 3.45811e-09 4.83306e-09 1.21537e-05 0.000476389 0.0017226 0.0774462 0.00330435 5.51976e-06 
2.7385e-07 0.000505387 0.0237386 0.00665021 0.00280636 0.0204413 1.05069e-10 3.35112e-06 5.09383e-07 7.50398e-07 0.700602 4.89119e-10 4.64919e-10 0.216109 0.000401162 4.05389e-10 2.66224e-06 1.6409e-06 8.5714e-05 7.71622e-07 0.0262264 0.00211596 0.000307576 
0.000127204 2.78903e-05 2.33799e-05 4.5164e-05 0.000177683 0.0680836 1.01596e-06 5.71112e-05 0.000187583 0.000645984 0.928395 4.72951e-06 0.000462207 4.87619e-05 1.59545e-05 3.91989e-06 0.00049405 0.000497039 4.26623e-05 0.000491461 3.10027e-05 0.000132799 3.62285e-06 
6.6594e-08 1.2631e-06 0.226119 0.0311775 0.00169723 0.0017618 2.32414e-08 7.18595e-05 0.144642 9.6338e-08 0.183293 0.000256737 1.02841e-07 0.000620083 0.078278 0.000360299 2.24592e-06 1.81778e-05 1.51495e-05 0.0443077 0.28706 0.000317484 8.28773e-08 
0.00157436 2.6394e-05 0.177003 0.0958554 0.0688553 0.472521 6.24522e-06 0.000155924 0.0108922 0.000240288 0.029616 0.000604502 1.75016e-05 0.0111589 0.000334349 1.90374e-05 0.000663038 0.00130565 0.0288836 0.0123958 0.00061578 0.0872418 1.41042e-05 
0.000310822 0.000381931 0.0301033 0.027236 0.0390761 0.183347 1.3264e-10 4.65994e-07 0.000463396 0.00138689 0.452647 6.17467e-10 0.000282103 0.00803279 0.09817 7.13239e-06 0.0288214 0.000154582 2.12176e-08 0.000844348 0.0266332 0.102101 4.72985e-10 
1.85006e-05 6.05765e-05 0.938941 0.00570323 2.97742e-05 0.00632957 6.45675e-06 4.41255e-05 6.76404e-05 2.67639e-05 0.000548471 3.00575e-05 2.85704e-05 0.000103924 0.00361 2.49121e-05 3.48173e-05 0.000356822 0.000451424 5.18595e-05 4.51196e-05 0.0434638 2.30243e-05 
1.91452e-06 3.3278e-05 0.068954 0.0128729 0.0653578 0.799899 1.87578e-08 1.28191e-07 0.000855751 7.77531e-08 0.00068014 0.0022819 4.8943e-07 1.14971e-05 0.00706549 3.08632e-07 1.01669e-06 0.00285936 1.67363e-05 0.000411255 0.000179116 0.0385133 4.7991e-06 
7.8542e-06 0.000691973 0.0155148 0.00135313 0.131687 0.100783 4.97167e-10 1.73658e-06 0.0418634 8.97609e-06 0.0903963 3.68175e-05 1.27275e-06 6.39166e-06 0.00160646 1.91823e-09 2.98146e-06 0.0421309 5.37549e-06 0.000110132 0.00243624 0.571355 1.77286e-09 
6.68681e-09 2.31827e-05 0.0762245 0.00901527 0.0107623 0.113807 1.53749e-11 1.14178e-07 0.0221063 0.00226768 0.0120453 7.15734e-11 1.04856e-07 0.00285819 0.731483 3.9007e-06 1.15621e-07 0.00199149 0.000198011 1.62662e-07 0.00340177 0.0138111 5.48258e-11 
0.0309549 1.12622e-05 0.0075387 1.87404e-05 0.00191524 0.0158765 5.88671e-07 3.07549e-05 0.00502973 2.4401e-06 0.174754 2.74038e-06 0.000164771 0.000283462 0.0529039 2.27127e-06 3.17434e-06 0.000874079 9.66698e-06 3.54687e-05 2.87573e-06 0.709396 0.000188981 
9.34352e-05 0.000367058 0.00157311 0.00816294 0.001162 0.00307207 3.54185e-10 2.4205e-09 0.00607983 3.44015e-06 0.494693 1.6488e-09 1.56723e-09 6.46243e-06 0.107976 1.36655e-09 1.77385e-05 1.84328e-06 0.000525056 0.000116832 0.0544843 0.321658 7.29834e-06 
2.4554e-09 0.00235312 0.0150208 0.000196561 0.812113 0.0107604 8.56938e-10 5.85633e-09 0.0496379 1.09546e-06 0.00185379 1.00949e-07 3.03061e-06 1.21352e-05 0.0138739 1.38653e-07 7.98485e-06 0.000930311 1.18964e-07 0.0024333 0.000548444 0.0902541 3.05578e-09 
0.999282 5.59076e-06 1.66661e-05 8.19862e-06 2.5934e-05 7.54138e-05 4.43018e-10 3.02759e-09 1.49421e-05 3.67454e-06 8.10791e-05 3.30181e-06 5.88287e-06 6.98866e-06 3.2192e-05 1.19822e-06 2.38892e-09 3.0871e-05 0.000294059 1.0277e-05 4.51934e-05 4.2859e-05 1.32716e-05 
4.98312e-11 1.10131e-08 0.482462 0.0162253 0.124704 0.00332587 1.73912e-11 0.000363795 0.166213 2.97209e-07 2.36951e-07 2.14578e-07 7.6954e-11 6.33693e-08 0.0538869 6.71006e-11 9.378e-11 0.0865388 2.71915e-07 0.0241242 0.0330961 0.00905804 5.89656e-07 
0.000140807 9.91856e-05 0.00658679 0.00179115 0.000607565 0.0373115 2.65753e-09 1.51257e-05 0.00799721 0.00197481 0.794517 4.10299e-06 1.17593e-08 0.0198696 0.00799415 4.74877e-06 3.47916e-06 0.000373621 1.77868e-05 0.00526015 0.0270928 0.0883358 2.21781e-06 
2.77108e-06 2.55157e-06 0.195966 0.00222712 0.00266958 0.042046 2.69152e-12 3.32513e-05 0.00638823 1.11566e-11 3.64105e-05 0.0189057 1.11745e-08 4.6634e-05 0.67204 5.50526e-06 2.51599e-08 0.00642773 0.0059596 3.96557e-08 0.0036645 0.0435777 9.59779e-12 
3.09284e-07 2.13714e-06 0.00440923 4.6949e-06 0.00628583 0.0572092 1.07941e-07 7.37667e-07 0.000999778 4.47424e-07 3.4078e-06 0.00055142 7.30717e-06 1.57102e-05 0.0646302 4.2532e-06 1.72815e-05 0.000887808 0.0104574 6.67865e-05 0.000211356 0.854234 3.84909e-07 
3.02931e-08 7.50909e-07 0.0134841 0.0709928 2.70546e-07 3.02226e-06 1.05723e-08 9.3106e-05 1.26645e-06 9.67784e-07 0.783273 0.000912085 4.67814e-08 0.014039 0.000953053 4.07914e-08 5.70102e-08 1.65179e-08 6.54589e-05 0.000822605 0.0404277 0.0749274 3.49768e-06 
1.98291e-06 0.000659382 6.99666e-05 0.00468877 3.27623e-05 0.0003868 1.84865e-08 1.59813e-05 4.77677e-06 0.00059054 0.987799 0.000407571 8.18006e-08 5.8168e-06 0.0015983 1.6514e-05 1.98297e-06 8.71394e-05 0.00118487 0.000376378 8.82885e-05 0.00175604 0.00022675 
7.8542e-06 0.000691973 0.0155148 0.00135313 0.131687 0.100783 4.97167e-10 1.73658e-06 0.0418634 8.97609e-06 0.0903963 3.68175e-05 1.27275e-06 6.39166e-06 0.00160646 1.91823e-09 2.98146e-06 0.0421309 5.37549e-06 0.000110132 0.00243624 0.571355 1.77286e-09 
7.8542e-06 0.000691973 0.0155148 0.00135313 0.131687 0.100783 4.97167e-10 1.73658e-06 0.0418634 8.97609e-06 0.0903963 3.68175e-05 1.27275e-06 6.39166e-06 0.00160646 1.91823e-09 2.98146e-06 0.0421309 5.37549e-06 0.000110132 0.00243624 0.571355 1.77286e-09 
0.00159436 7.12625e-06 0.0044383 0.00712878 0.0401325 0.771944 2.72091e-08 5.80697e-05 0.0562516 0.00104405 0.00394395 1.75255e-07 4.36827e-05 9.00053e-07 0.0696918 5.5758e-06 1.19233e-07 0.00267793 0.00194714 0.014245 0.00230644 0.0223872 0.000151153 
2.7385e-07 0.000505387 0.0237386 0.00665021 0.00280636 0.0204413 1.05069e-10 3.35112e-06 5.09383e-07 7.50398e-07 0.700602 4.89119e-10 4.64919e-10 0.216109 0.000401162 4.05389e-10 2.66224e-06 1.6409e-06 8.5714e-05 7.71622e-07 0.0262264 0.00211596 0.000307576 
1.95491e-11 8.19441e-08 0.247093 0.00547832 0.00117362 9.95184e-08 6.82266e-12 3.68393e-07 0.0969193 9.90102e-08 0.0425669 3.17609e-11 3.01895e-11 8.25708e-05 0.29068 1.42176e-07 1.3984e-07 0.109795 9.97979e-07 0.0995179 0.106692 1.26518e-07 2.43291e-11 
4.69201e-06 6.11868e-07 0.0134814 0.0146593 0.0795439 0.250803 1.60472e-09 1.09667e-08 0.000420328 0.000172595 0.00142901 2.60973e-06 2.81934e-07 2.65844e-06 0.0182262 1.6499e-06 5.11916e-05 0.000464063 0.000624373 0.00108582 1.96326e-06 0.436075 0.182949 
2.03479e-10 0.000542717 0.00797176 0.00198786 0.00518934 0.00264667 7.10145e-11 3.89441e-07 1.96181e-08 2.94362e-10 0.0235608 3.30587e-10 3.14231e-10 0.830459 0.000731354 2.73996e-10 0.00529693 1.10951e-10 8.76542e-08 0.00092853 0.00335591 0.117329 2.53233e-10 
5.50834e-05 0.000320621 0.0199414 0.00158639 0.00207956 0.00382305 1.28031e-05 0.000174511 0.0051866 7.05246e-05 0.0483968 0.000691408 3.63204e-05 0.0697336 0.0297303 1.45187e-05 0.0122443 0.0117026 0.0239559 0.00428229 0.0164761 0.74836 0.00112519 
2.70277e-05 2.30006e-06 0.00566688 6.68638e-09 0.0244575 0.0653939 1.74651e-12 1.19357e-11 0.00871002 7.23946e-12 0.000281291 7.20398e-06 1.04519e-05 2.53332e-07 0.065492 2.83256e-09 1.66624e-07 0.00117399 1.52382e-05 0.00154837 0.000586562 0.826627 4.94313e-08 
3.1854e-11 2.62081e-08 0.190694 0.00374244 1.41181e-06 0.00751251 1.11171e-11 7.59744e-11 0.0777432 4.60815e-11 0.0241255 4.60354e-08 1.48964e-07 0.00010729 0.576422 0.00027258 5.99477e-11 0.000761834 1.38302e-08 0.00716329 2.99759e-08 0.111453 3.96428e-11 
3.20985e-07 0.000897904 4.3863e-07 0.00378275 0.000814221 5.73909e-07 5.89291e-11 4.02722e-10 3.30132e-07 0.0158325 0.916721 2.74327e-10 2.60755e-10 4.69349e-06 0.030264 4.09487e-07 1.61112e-05 7.45852e-07 1.39944e-06 0.00978915 0.0218713 1.39846e-06 5.04539e-07 
2.18551e-07 6.57237e-08 0.00694539 1.95129e-05 5.02825e-05 0.000743582 2.94348e-10 1.04051e-06 0.000119311 1.2201e-09 4.30042e-06 1.37025e-09 1.30246e-09 0.0012996 0.340407 5.87447e-07 4.76453e-06 4.59881e-10 6.18959e-08 2.19752e-07 1.15207e-06 0.650403 1.04962e-09 
4.66341e-08 9.61502e-08 0.790242 0.0142303 0.00100104 1.12927e-06 3.24857e-11 0.000480468 3.51111e-06 1.34656e-10 0.00100495 1.51228e-10 1.43745e-10 6.45309e-07 0.0913229 4.51347e-07 1.75175e-10 0.101708 6.18816e-07 7.7887e-08 2.18936e-06 1.03125e-06 1.15842e-10 
3.00412e-08 0.000132709 0.289239 0.0188139 0.00687953 0.034316 3.88168e-12 0.00222083 0.00665219 1.68961e-07 0.405004 0.00161058 1.7176e-11 0.000665774 0.11621 1.49767e-11 2.93251e-08 1.35545e-06 0.00692307 0.00311639 0.0416202 0.0665938 2.45014e-07 
2.08311e-08 6.81408e-07 0.306738 0.00255942 0.0248449 0.498125 1.80039e-12 1.23039e-11 0.00792223 1.27735e-08 0.000133397 0.000615543 1.08309e-05 1.6801e-08 0.110324 5.59628e-09 4.45281e-05 0.00273216 0.000168068 0.000606146 0.00176592 0.0434086 6.42006e-12 
1.89311e-06 1.58073e-05 0.0757166 0.0193448 0.075104 0.00158665 7.28536e-08 4.97882e-07 0.000334571 2.73867e-06 0.820065 3.33805e-06 3.22369e-07 6.62858e-06 0.00439469 2.81092e-07 3.92855e-07 1.33659e-05 1.83541e-06 2.17615e-06 0.00264407 0.000760046 2.59791e-07 
6.68681e-09 2.31827e-05 0.0762245 0.00901527 0.0107623 0.113807 1.53749e-11 1.14178e-07 0.0221063 0.00226768 0.0120453 7.15734e-11 1.04856e-07 0.00285819 0.731483 3.9007e-06 1.15621e-07 0.00199149 0.000198011 1.62662e-07 0.00340177 0.0138111 5.48258e-11 
0.999282 5.59076e-06 1.66661e-05 8.19862e-06 2.5934e-05 7.54138e-05 4.43018e-10 3.02759e-09 1.49421e-05 3.67454e-06 8.10791e-05 3.30181e-06 5.88287e-06 6.98866e-06 3.2192e-05 1.19822e-06 2.38892e-09 3.0871e-05 0.000294059 1.0277e-05 4.51934e-05 4.2859e-05 1.32716e-05 
0.000431627 0.00012852 0.0462534 0.0185608 0.0414001 0.0669266 7.92483e-05 0.000134215 0.121639 8.59571e-05 0.142965 0.000725397 0.000321452 0.0545978 0.342851 0.00525158 0.00106226 0.0603156 0.000408648 0.00271774 0.0320606 0.0600877 0.000996477 
1.7566e-07 2.35078e-07 0.108217 0.0345882 0.0199659 0.108899 2.26974e-11 0.00144416 0.021422 0.00405165 1.21382e-05 0.00134598 1.00434e-10 5.2601e-07 3.75215e-06 7.89039e-08 1.71473e-07 7.92577e-06 7.93599e-06 3.38073e-07 0.571861 0.113558 0.0146147 
1.95491e-11 8.19441e-08 0.247093 0.00547832 0.00117362 9.95184e-08 6.82266e-12 3.68393e-07 0.0969193 9.90102e-08 0.0425669 3.17609e-11 3.01895e-11 8.25708e-05 0.29068 1.42176e-07 1.3984e-07 0.109795 9.97979e-07 0.0995179 0.106692 1.26518e-07 2.43291e-11 
2.54339e-05 2.58747e-06 0.303394 0.00197779 0.00759925 0.424255 4.1672e-11 2.84787e-10 0.0120655 4.00238e-05 1.95305e-06 1.93992e-10 0.120969 4.41558e-05 0.0734989 0.000123231 0.000274217 0.0137573 8.51898e-06 0.0092591 0.00271217 0.0299904 6.37299e-07 
0.0010159 1.21064e-06 0.0688578 0.0105926 0.283432 0.12079 4.91877e-08 3.36149e-07 0.0244385 1.23933e-06 0.239599 0.000161232 0.0508556 5.85282e-05 0.079744 5.51205e-07 0.0394662 0.0120491 2.14173e-07 2.58074e-05 0.0394327 0.0281979 0.00127955 
7.13742e-13 2.5033e-06 0.00939894 4.17814e-10 0.0284849 0.0195845 2.49097e-13 1.70233e-12 0.00535614 1.03253e-12 0.000203694 2.2044e-09 6.878e-08 0.0330029 0.0867637 3.07647e-09 1.81337e-07 1.77741e-07 1.53558e-05 0.0129328 0.00037505 0.803879 8.88264e-13 
9.90667e-10 4.15259e-06 6.06666e-05 0.123714 5.82506e-07 3.62523e-07 3.45744e-10 1.86686e-05 5.04771e-05 1.43315e-09 0.801269 1.60951e-09 1.52988e-09 1.54919e-06 0.000118316 7.20488e-06 7.08652e-06 6.06092e-05 5.05735e-05 0.00018405 7.34594e-05 0.0743788 9.87554e-07 
0.0112852 1.66399e-05 0.0124988 0.0005196 0.0599111 0.0433079 3.21074e-07 1.39789e-06 0.0488489 5.39317e-05 0.0103598 1.00381e-05 3.49416e-07 0.000221007 0.0130291 1.1826e-06 2.67387e-06 0.690088 1.39457e-05 4.08992e-06 0.0962075 0.0136045 1.44414e-05 
1.27291e-08 2.54465e-06 0.015742 1.22289e-05 0.0231252 0.0160098 1.25177e-12 8.55463e-12 0.00379782 5.18873e-12 6.79196e-05 2.24547e-09 6.99207e-08 0.0110014 0.192994 3.13115e-09 1.84338e-07 0.000595198 5.12331e-06 0.00784533 0.00140362 0.727397 4.46374e-12 
5.05285e-09 2.4394e-06 0.0091209 0.010685 0.153378 0.0371906 1.76346e-09 1.20515e-08 0.0223986 0.188774 0.577829 8.20925e-09 5.4618e-06 4.36741e-06 0.000384362 6.80396e-09 9.50924e-09 2.75517e-09 1.62053e-06 0.000195506 1.23563e-05 1.2859e-05 5.11365e-06 
2.00617e-12 1.48412e-06 0.00499632 1.06596e-09 0.0268265 0.0609179 7.00156e-13 2.95699e-09 0.0378038 2.90222e-12 6.79072e-05 1.30949e-09 4.07797e-08 0.0110613 0.100616 1.82607e-09 1.07512e-07 0.000991908 5.12088e-06 0.00615964 0.000125034 0.750427 2.49671e-12 
1.06238e-05 1.42173e-05 0.00038497 0.000126009 0.0001802 0.000215932 1.37272e-09 8.72546e-05 2.62259e-05 0.0418858 0.955078 4.28215e-05 6.07414e-09 3.18126e-05 0.000226927 5.29639e-09 1.03706e-05 0.000479344 0.000479962 2.04464e-05 0.000485747 0.000126478 8.66469e-05 
5.35651e-08 1.6277e-05 0.135475 2.57036e-05 0.000229435 0.00374163 2.08643e-08 0.81461 0.00529809 2.36163e-05 0.0104804 4.15842e-07 4.69564e-07 0.00242787 0.022649 5.36124e-06 1.43915e-05 8.54033e-05 9.83564e-07 2.16625e-05 0.00121764 0.00367582 3.82207e-07 
0.00157197 1.48773e-05 0.0307701 0.000181931 0.0105424 0.325967 6.91146e-08 1.67178e-07 0.00225541 2.28089e-07 0.0400907 0.00299891 3.64686e-07 0.000116586 0.385293 1.93412e-05 4.36878e-07 0.000388786 0.000802887 0.000545513 0.0406779 0.157761 8.21332e-07 
5.11179e-07 0.000255063 0.0951648 0.0100135 0.0186848 0.0988783 2.62505e-11 4.62661e-07 0.140282 8.98828e-06 0.357145 1.22201e-10 1.23523e-07 6.88385e-05 0.188818 4.706e-05 0.00102911 1.5017e-06 0.0795764 0.00286252 0.00285955 0.00430325 2.585e-07 
7.8542e-06 0.000691973 0.0155148 0.00135313 0.131687 0.100783 4.97167e-10 1.73658e-06 0.0418634 8.97609e-06 0.0903963 3.68175e-05 1.27275e-06 6.39166e-06 0.00160646 1.91823e-09 2.98146e-06 0.0421309 5.37549e-06 0.000110132 0.00243624 0.571355 1.77286e-09 
0.000223348 0.000166075 0.104941 0.0119827 0.00938 0.0565566 4.58011e-12 2.91126e-07 0.00490027 0.000757776 0.243715 1.42875e-07 2.02665e-11 0.000615737 0.482454 1.76715e-11 3.46015e-08 1.59934e-06 1.6014e-06 0.00334966 0.0363054 0.0446476 2.89099e-07 
2.40342e-05 3.68815e-07 0.0631026 0.083604 0.025865 0.0259369 1.69451e-10 1.15803e-09 5.59625e-07 0.011883 0.509088 7.8883e-10 2.55008e-06 1.81518e-06 0.14554 6.53795e-10 9.13746e-10 2.64746e-10 5.99406e-07 2.0743e-06 0.134948 5.05178e-07 6.04251e-10 
0.000889434 5.62799e-06 0.00216464 0.00963962 0.16349 0.00662097 4.99984e-08 3.09803e-05 8.84119e-06 0.00440103 0.443387 2.32753e-07 2.21237e-07 0.00014612 0.00338891 1.2926e-05 0.000501518 2.32805e-05 0.00198411 0.000731258 0.0197139 0.34286 1.78291e-07 
0.999282 5.59076e-06 1.66661e-05 8.19862e-06 2.5934e-05 7.54138e-05 4.43018e-10 3.02759e-09 1.49421e-05 3.67454e-06 8.10791e-05 3.30181e-06 5.88287e-06 6.98866e-06 3.2192e-05 1.19822e-06 2.38892e-09 3.0871e-05 0.000294059 1.0277e-05 4.51934e-05 4.2859e-05 1.32716e-05 
5.79111e-07 4.07483e-07 0.00601776 4.92439e-05 0.0046205 0.533145 2.40327e-11 1.6424e-10 0.00056797 1.0183e-05 0.00022402 1.14248e-06 4.63426e-08 8.08203e-08 0.290679 4.14241e-06 0.0143484 9.16736e-07 0.0672289 0.000479748 0.000949684 0.0816722 2.92841e-07 
8.61711e-06 0.00101439 0.0373746 0.00228705 0.000140957 1.66214e-06 1.61875e-09 1.10626e-08 0.0248919 1.22761e-06 0.798674 2.48548e-05 7.16279e-09 0.00142524 0.00569017 3.25029e-07 2.3849e-06 0.000894705 8.1503e-06 0.0331908 0.0536753 0.0406939 5.77236e-09 
4.68565e-09 0.00010916 0.630003 0.00840114 0.00969704 0.0285337 7.15832e-12 0.000820918 0.0371906 2.96719e-11 0.000554097 3.33234e-11 3.16747e-11 0.00122781 0.165748 4.52567e-08 8.64418e-08 0.0184481 0.0370284 5.31213e-07 0.000812104 0.061423 2.18309e-06 
6.86591e-06 0.0250541 0.244983 0.0204137 0.0815778 0.0912568 9.43073e-11 6.44497e-10 0.00649787 0.00698256 0.082689 1.28202e-08 0.000652163 0.0324851 0.0356963 1.76468e-08 0.000142945 0.022205 0.000416044 0.00955669 0.0397268 0.299657 3.36293e-10 
1.27291e-08 2.54465e-06 0.015742 1.22289e-05 0.0231252 0.0160098 1.25177e-12 8.55463e-12 0.00379782 5.18873e-12 6.79196e-05 2.24547e-09 6.99207e-08 0.0110014 0.192994 3.13115e-09 1.84338e-07 0.000595198 5.12331e-06 0.00784533 0.00140362 0.727397 4.46374e-12 
0.0015608 6.51266e-07 1.90681e-06 0.00234241 0.216333 2.00894e-06 2.21727e-10 1.39698e-07 3.3992e-07 0.298555 0.0205338 1.03219e-09 4.10736e-06 0.437742 0.00108885 8.55492e-10 1.96379e-06 1.39761e-07 5.10928e-07 0.0106203 0.000399371 0.0108118 2.55348e-07 
1.70108e-07 1.13512e-05 0.139117 0.00493215 0.00503415 0.58126 2.40824e-11 2.02543e-05 0.00339343 9.98241e-11 0.0127973 1.38141e-06 9.58206e-07 0.00177679 0.130532 1.72868e-07 1.29862e-10 5.52197e-08 8.18611e-08 0.000567029 0.0163292 0.104227 8.58763e-11 
2.00649e-05 2.19163e-06 1.67366e-06 0.00108417 0.0316113 0.037008 4.26266e-10 2.26675e-05 0.0102151 1.76692e-09 0.0119293 1.98436e-09 1.88618e-09 0.239473 0.00844838 1.64467e-09 0.126323 0.000345009 3.96363e-05 0.066161 0.00278578 0.464525 4.03324e-06 
5.35651e-08 1.6277e-05 0.135475 2.57036e-05 0.000229435 0.00374163 2.08643e-08 0.81461 0.00529809 2.36163e-05 0.0104804 4.15842e-07 4.69564e-07 0.00242787 0.022649 5.36124e-06 1.43915e-05 8.54033e-05 9.83564e-07 2.16625e-05 0.00121764 0.00367582 3.82207e-07 
4.98312e-11 1.10131e-08 0.482462 0.0162253 0.124704 0.00332587 1.73912e-11 0.000363795 0.166213 2.97209e-07 2.36951e-07 2.14578e-07 7.6954e-11 6.33693e-08 0.0538869 6.71006e-11 9.378e-11 0.0865388 2.71915e-07 0.0241242 0.0330961 0.00905804 5.89656e-07 
5.35651e-08 1.6277e-05 0.135475 2.57036e-05 0.000229435 0.00374163 2.08643e-08 0.81461 0.00529809 2.36163e-05 0.0104804 4.15842e-07 4.69564e-07 0.00242787 0.022649 5.36124e-06 1.43915e-05 8.54033e-05 9.83564e-07 2.16625e-05 0.00121764 0.00367582 3.82207e-07 
4.8686e-07 0.000108431 0.00907044 0.00575184 0.00482465 0.00360288 2.82551e-10 0.000243808 0.00567778 2.73562e-06 0.929095 1.96088e-06 1.25026e-09 1.45643e-06 0.0152575 1.09017e-09 0.000727376 0.00631184 0.00693231 9.35978e-07 0.0123785 5.78872e-06 3.96644e-06 
1.27291e-08 2.54465e-06 0.015742 1.22289e-05 0.0231252 0.0160098 1.25177e-12 8.55463e-12 0.00379782 5.18873e-12 6.79196e-05 2.24547e-09 6.99207e-08 0.0110014 0.192994 3.13115e-09 1.84338e-07 0.000595198 5.12331e-06 0.00784533 0.00140362 0.727397 4.46374e-12 
6.98396e-05 0.0570883 0.00322367 2.52075e-05 0.0601533 0.0221029 2.80809e-09 2.82053e-05 0.000551651 0.324795 0.0155621 8.27321e-06 0.00488251 0.00512627 0.00319781 1.15412e-05 0.000679859 0.000666368 0.000171709 0.000572439 0.00033622 0.500747 1.00135e-08 
3.85182e-09 5.61665e-06 0.0431205 8.58293e-06 0.000783051 0.0017697 1.34429e-09 9.18691e-09 0.942504 5.57223e-09 0.00732342 0.000484999 1.96355e-05 3.4295e-05 0.00143346 1.14159e-05 4.42258e-05 0.000389186 0.000807867 6.97321e-05 0.00012888 0.00106159 4.79366e-09 
1.37032e-05 1.45914e-05 0.0179814 6.23934e-08 0.0122321 0.136186 2.87789e-11 1.96676e-10 0.0257025 1.19292e-10 0.000141037 3.9585e-06 5.62055e-06 1.60715e-06 0.0327486 1.80378e-08 1.05714e-06 0.000588184 7.67711e-06 0.000775207 0.00475709 0.768839 4.61282e-07 
2.48512e-05 3.23202e-05 0.0393179 0.000284111 0.000406416 0.0439964 3.19161e-07 0.000198828 5.92983e-05 0.000135987 0.896111 0.0046362 1.41225e-06 7.23196e-05 0.000511562 0.000245172 2.50791e-05 0.0112357 0.00108197 4.63557e-05 0.00109509 0.000285197 0.000196425 
7.0751e-06 1.73871e-07 0.405235 8.83809e-06 0.00553898 0.435605 8.5945e-10 5.87349e-09 0.000369863 3.56251e-09 3.43638e-06 0.000164737 4.83896e-07 2.26798e-06 0.109985 2.29075e-07 1.61207e-06 0.00254194 0.00409026 0.00105836 0.000791044 0.0345955 3.06474e-09 
6.48864e-07 6.01608e-06 0.000155241 3.76079e-05 0.000284772 0.0648547 2.26455e-07 1.54759e-06 0.00816737 9.38677e-07 0.68224 0.00409978 8.13618e-06 9.77923e-05 0.230228 5.02083e-06 1.72919e-05 0.000141798 0.000293724 0.000109528 0.00183499 0.00725168 0.000163638 
3.37453e-05 5.01645e-06 0.105387 0.00141144 0.0097646 0.801212 7.58998e-12 5.187e-11 0.00144303 1.52498e-08 6.07981e-09 3.62551e-07 5.45627e-06 2.56471e-08 0.0406368 8.55842e-09 2.23553e-05 0.00190374 0.000295206 0.00211148 9.63384e-08 0.0357671 2.70654e-11 
5.35651e-08 1.6277e-05 0.135475 2.57036e-05 0.000229435 0.00374163 2.08643e-08 0.81461 0.00529809 2.36163e-05 0.0104804 4.15842e-07 4.69564e-07 0.00242787 0.022649 5.36124e-06 1.43915e-05 8.54033e-05 9.83564e-07 2.16625e-05 0.00121764 0.00367582 3.82207e-07 
1.27291e-08 2.54465e-06 0.015742 1.22289e-05 0.0231252 0.0160098 1.25177e-12 8.55463e-12 0.00379782 5.18873e-12 6.79196e-05 2.24547e-09 6.99207e-08 0.0110014 0.192994 3.13115e-09 1.84338e-07 0.000595198 5.12331e-06 0.00784533 0.00140362 0.727397 4.46374e-12 
4.87959e-08 0.000299788 0.00388611 0.000131088 0.803763 0.0392481 2.02801e-10 1.38594e-09 2.48241e-06 8.4063e-10 4.61884e-05 0.000742292 1.87066e-07 3.25626e-07 0.0945248 1.09003e-07 4.20466e-07 3.69137e-06 7.66197e-06 6.61508e-07 0.00209613 0.0552469 7.23174e-10 
1.27291e-08 2.54465e-06 0.015742 1.22289e-05 0.0231252 0.0160098 1.25177e-12 8.55463e-12 0.00379782 5.18873e-12 6.79196e-05 2.24547e-09 6.99207e-08 0.0110014 0.192994 3.13115e-09 1.84338e-07 0.000595198 5.12331e-06 0.00784533 0.00140362 0.727397 4.46374e-12 
0.0128108 5.33237e-05 2.26597e-07 0.00611481 0.145837 0.0977998 1.26923e-10 4.94224e-07 3.1803e-07 0.0261581 0.65054 2.60387e-05 4.50172e-06 0.00510602 0.00309867 2.35808e-07 0.020659 4.28999e-07 0.00111106 0.000921422 0.000601248 0.0291564 4.52597e-10 
0.00263654 2.37535e-05 0.000484917 0.00189453 0.000453789 0.102532 9.29119e-08 0.000260047 0.00407191 1.67223e-05 0.864415 5.7823e-06 4.11124e-07 0.00313298 0.00339426 0.000130118 0.000150159 0.00945181 1.30464e-05 0.001692 0.00267022 0.00257003 3.31317e-07 
0.000146771 0.00199729 0.00917751 0.00571979 0.00194513 0.00213679 3.69186e-07 1.22377e-05 0.00584999 0.0133024 0.897748 0.000579367 1.74263e-06 0.00224862 0.0279077 8.23005e-05 0.000656733 0.00123286 0.000403042 0.00822677 0.0143617 0.00599123 0.00027144 
6.82115e-07 3.10479e-06 0.854087 0.00289923 0.000404249 0.106993 2.38059e-07 1.6269e-06 0.000135196 3.77358e-05 0.000432801 0.000251367 1.11824e-05 0.000617303 0.0222672 6.80651e-06 0.00167343 0.000201193 0.00644114 0.00126768 6.6685e-05 0.00220032 8.48903e-07 
2.00649e-05 2.19163e-06 1.67366e-06 0.00108417 0.0316113 0.037008 4.26266e-10 2.26675e-05 0.0102151 1.76692e-09 0.0119293 1.98436e-09 1.88618e-09 0.239473 0.00844838 1.64467e-09 0.126323 0.000345009 3.96363e-05 0.066161 0.00278578 0.464525 4.03324e-06 
7.8542e-06 0.000691973 0.0155148 0.00135313 0.131687 0.100783 4.97167e-10 1.73658e-06 0.0418634 8.97609e-06 0.0903963 3.68175e-05 1.27275e-06 6.39166e-06 0.00160646 1.91823e-09 2.98146e-06 0.0421309 5.37549e-06 0.000110132 0.00243624 0.571355 1.77286e-09 
1.27291e-08 2.54465e-06 0.015742 1.22289e-05 0.0231252 0.0160098 1.25177e-12 8.55463e-12 0.00379782 5.18873e-12 6.79196e-05 2.24547e-09 6.99207e-08 0.0110014 0.192994 3.13115e-09 1.84338e-07 0.000595198 5.12331e-06 0.00784533 0.00140362 0.727397 4.46374e-12 
0.999282 5.59076e-06 1.66661e-05 8.19862e-06 2.5934e-05 7.54138e-05 4.43018e-10 3.02759e-09 1.49421e-05 3.67454e-06 8.10791e-05 3.30181e-06 5.88287e-06 6.98866e-06 3.2192e-05 1.19822e-06 2.38892e-09 3.0871e-05 0.000294059 1.0277e-05 4.51934e-05 4.2859e-05 1.32716e-05 
3.24545e-07 0.000127652 0.0720792 0.00110344 1.55026e-05 0.000131478 1.13267e-07 7.74066e-07 4.30197e-05 0.16576 0.493482 4.03587e-06 5.01192e-07 2.73723e-05 0.189076 5.88947e-06 4.12527e-05 0.0158438 9.14057e-07 4.85485e-06 0.0619778 0.000273732 4.03901e-07 
3.02851e-06 0.0541862 0.000934752 0.0946143 0.0969276 0.598418 1.05696e-06 7.22325e-06 0.038708 4.38119e-06 0.0016097 7.04038e-06 7.08581e-05 0.00842207 0.0051189 7.03742e-06 0.000180187 0.0189546 3.12571e-06 0.00725752 1.18134e-05 0.0745486 3.76903e-06 
1.27291e-08 2.54465e-06 0.015742 1.22289e-05 0.0231252 0.0160098 1.25177e-12 8.55463e-12 0.00379782 5.18873e-12 6.79196e-05 2.24547e-09 6.99207e-08 0.0110014 0.192994 3.13115e-09 1.84338e-07 0.000595198 5.12331e-06 0.00784533 0.00140362 0.727397 4.46374e-12 
1.06902e-07 0.00183866 0.0506178 0.00155643 0.0758445 0.173589 1.00474e-07 1.47552e-05 0.190871 1.86863e-07 0.000890753 1.55531e-07 6.86946e-06 0.00029494 0.0687538 5.83973e-06 3.97625e-07 0.0418067 0.000516517 0.00541997 0.00397985 0.383991 4.1211e-07 
0.00637379 0.000139727 0.000711567 0.0202956 0.00569018 0.00610944 5.54468e-07 3.78924e-06 0.000332495 0.000280483 0.791519 2.58116e-06 4.16038e-05 0.0344937 0.0210734 2.13931e-06 0.000445513 0.000643421 0.00112049 0.00315626 0.053264 0.0541243 0.00017544 
4.69201e-06 6.11868e-07 0.0134814 0.0146593 0.0795439 0.250803 1.60472e-09 1.09667e-08 0.000420328 0.000172595 0.00142901 2.60973e-06 2.81934e-07 2.65844e-06 0.0182262 1.6499e-06 5.11916e-05 0.000464063 0.000624373 0.00108582 1.96326e-06 0.436075 0.182949 
5.60546e-07 3.12428e-07 4.24462e-06 0.0115192 0.000285068 0.0722264 1.62717e-09 5.6974e-05 0.0134954 3.05412e-06 0.86299 7.57484e-09 0.000145392 0.00333279 1.89342e-06 7.1541e-07 2.79244e-05 1.29473e-06 0.0184346 1.34737e-06 1.23958e-06 0.0174173 5.45529e-05 
0.000702284 8.80466e-08 0.788937 0.0459386 0.0260672 1.03126e-06 3.19255e-10 0.00313706 3.20616e-06 4.0924e-06 0.0173295 5.08284e-05 1.41267e-09 5.89795e-07 0.0304473 4.13241e-07 1.72155e-09 0.0339159 5.65187e-07 7.203e-07 1.99932e-06 0.0534616 1.13844e-09 
0.00045186 1.89724e-05 0.0582146 0.00498121 0.0667224 0.582741 7.93286e-12 9.43337e-08 0.0127147 1.60106e-08 0.000281015 0.000130472 5.45319e-06 8.69039e-05 0.192895 1.05253e-05 2.23483e-05 0.000620904 0.000217235 0.00777371 0.00195863 0.0701524 4.0135e-07 
7.8542e-06 0.000691973 0.0155148 0.00135313 0.131687 0.100783 4.97167e-10 1.73658e-06 0.0418634 8.97609e-06 0.0903963 3.68175e-05 1.27275e-06 6.39166e-06 0.00160646 1.91823e-09 2.98146e-06 0.0421309 5.37549e-06 0.000110132 0.00243624 0.571355 1.77286e-09 
4.98312e-11 1.10131e-08 0.482462 0.0162253 0.124704 0.00332587 1.73912e-11 0.000363795 0.166213 2.97209e-07 2.36951e-07 2.14578e-07 7.6954e-11 6.33693e-08 0.0538869 6.71006e-11 9.378e-11 0.0865388 2.71915e-07 0.0241242 0.0330961 0.00905804 5.89656e-07 
0.00045186 1.89724e-05 0.0582146 0.00498121 0.0667224 0.582741 7.93286e-12 9.43337e-08 0.0127147 1.60106e-08 0.000281015 0.000130472 5.45319e-06 8.69039e-05 0.192895 1.05253e-05 2.23483e-05 0.000620904 0.000217235 0.00777371 0.00195863 0.0701524 4.0135e-07 
2.0001e-05 1.13781e-05 0.0393436 0.037352 0.0567585 0.0908221 3.8085e-08 4.1803e-07 0.00012363 5.44195e-05 0.739557 6.65781e-05 1.68522e-07 0.000365874 0.000111941 1.46944e-07 9.48341e-06 0.03161 0.000399868 1.07042e-05 0.00173286 0.00161271 3.67482e-05 
