7.28188e-06 2.47218e-05 0.0240492 0.0112464 0.000318048 0.000610406 0.930697 1.16844e-05 0.000237811 7.67338e-07 0.000811881 1.17185e-06 3.22622e-07 3.13338e-05 0.0181095 1.41135e-06 0.000747036 2.68956e-05 0.0112601 0.000475541 0.000798496 0.000532643 6.41228e-08 
0.00587901 0.00053799 0.0214919 0.0599968 0.00799783 0.0104459 0.735724 6.04277e-05 0.00479121 3.1341e-06 0.00243611 7.46659e-05 2.53748e-08 0.000209727 0.0311117 4.66575e-05 0.055418 0.000555986 0.0319891 0.00103727 0.0138574 0.0162962 3.92086e-05 
7.28188e-06 2.47218e-05 0.0240492 0.0112464 0.000318048 0.000610406 0.930697 1.16844e-05 0.000237811 7.67338e-07 0.000811881 1.17185e-06 3.22622e-07 3.13338e-05 0.0181095 1.41135e-06 0.000747036 2.68956e-05 0.0112601 0.000475541 0.000798496 0.000532643 6.41228e-08 
3.62471e-05 4.81192e-06 0.0103972 0.0153734 0.000143296 0.001604 0.934309 3.39378e-05 0.00036851 1.75817e-05 0.00230379 0.000132423 3.27233e-09 0.000391483 0.0195049 7.18137e-10 2.69184e-06 2.90868e-05 0.00365897 0.00120402 0.00950705 0.000972813 4.49899e-06 
0.000478524 2.83576e-05 0.0809575 0.0234864 0.0443231 0.0180136 0.286017 0.00123168 0.00501111 1.40974e-05 0.0301793 0.00113163 0.000694812 0.170978 0.0294711 2.70322e-07 4.90468e-06 2.49916e-05 0.0110305 0.00271728 0.207731 0.0864627 1.22905e-05 
0.000652807 2.50053e-05 0.0340942 0.117098 0.000734354 0.0288422 0.490015 5.27712e-05 0.00199154 6.84338e-09 0.00112109 0.00140135 0.157054 0.00019644 0.0128928 4.8456e-09 1.66827e-11 0.00061732 0.11032 0.00556807 0.031553 0.00577024 5.31972e-10 
2.04728e-05 5.07972e-05 0.0199421 0.0131477 0.000229266 0.00241261 0.686609 2.33308e-05 0.0003083 4.98506e-06 0.00122363 0.000113457 5.33812e-06 0.000265414 0.0150455 2.11154e-06 0.000294864 1.92745e-05 0.254967 0.00189811 0.00249253 0.000923781 4.35681e-08 
2.92722e-05 3.15286e-06 0.0109171 0.0103959 0.000367388 0.00251109 0.944348 2.22362e-05 0.000513627 2.39835e-05 0.00246078 0.000168186 2.35413e-09 0.000256294 0.0154107 1.1069e-09 1.77289e-06 5.44583e-05 0.00250863 0.00113015 0.00794044 0.000933759 2.9548e-06 
7.28188e-06 2.47218e-05 0.0240492 0.0112464 0.000318048 0.000610406 0.930697 1.16844e-05 0.000237811 7.67338e-07 0.000811881 1.17185e-06 3.22622e-07 3.13338e-05 0.0181095 1.41135e-06 0.000747036 2.68956e-05 0.0112601 0.000475541 0.000798496 0.000532643 6.41228e-08 
7.28188e-06 2.47218e-05 0.0240492 0.0112464 0.000318048 0.000610406 0.930697 1.16844e-05 0.000237811 7.67338e-07 0.000811881 1.17185e-06 3.22622e-07 3.13338e-05 0.0181095 1.41135e-06 0.000747036 2.68956e-05 0.0112601 0.000475541 0.000798496 0.000532643 6.41228e-08 
0.000288235 0.000417033 0.0505259 0.153044 0.00552488 0.0155051 0.614098 2.98228e-05 0.00955931 6.28714e-05 0.0299525 8.61037e-06 1.47658e-06 0.000915606 0.0260096 4.58982e-05 0.0280388 0.0010879 0.0143834 0.00807371 0.0335998 0.00882747 7.99338e-07 
7.28188e-06 2.47218e-05 0.0240492 0.0112464 0.000318048 0.000610406 0.930697 1.16844e-05 0.000237811 7.67338e-07 0.000811881 1.17185e-06 3.22622e-07 3.13338e-05 0.0181095 1.41135e-06 0.000747036 2.68956e-05 0.0112601 0.000475541 0.000798496 0.000532643 6.41228e-08 
2.92722e-05 3.15286e-06 0.0109171 0.0103959 0.000367388 0.00251109 0.944348 2.22362e-05 0.000513627 2.39835e-05 0.00246078 0.000168186 2.35413e-09 0.000256294 0.0154107 1.1069e-09 1.77289e-06 5.44583e-05 0.00250863 0.00113015 0.00794044 0.000933759 2.9548e-06 
0.000108333 0.000253207 0.0412223 0.139971 0.00838234 0.0044264 0.72551 6.04472e-05 0.0031662 9.91546e-05 0.00150436 0.0108062 1.86925e-06 0.000117954 0.0110571 1.73248e-06 0.0008228 0.000672952 0.0141586 0.00442493 0.0309213 0.00230053 9.44168e-06 
0.000652807 2.50053e-05 0.0340942 0.117098 0.000734354 0.0288422 0.490015 5.27712e-05 0.00199154 6.84338e-09 0.00112109 0.00140135 0.157054 0.00019644 0.0128928 4.8456e-09 1.66827e-11 0.00061732 0.11032 0.00556807 0.031553 0.00577024 5.31972e-10 
0.000992148 3.86959e-05 0.048521 0.379613 0.0135072 0.00984897 0.432942 0.000379697 0.00333114 0.000231391 0.0134687 0.000342086 0.000469179 0.00440266 0.0385844 4.18551e-06 0.00109693 0.00708996 0.00664264 0.00143707 0.0236966 0.0131652 0.000194758 
0.000100959 0.208826 0.149315 0.0353531 0.000349262 0.0545724 0.225147 5.27395e-05 0.00157077 4.48575e-06 0.0295624 0.00044765 2.34955e-05 5.76888e-05 0.200064 9.32618e-06 2.88065e-05 0.00163634 0.000443916 0.00120291 0.0141019 0.0771294 5.60452e-07 
0.000186556 0.00125419 0.0336845 0.208943 0.016258 0.0391799 0.404595 0.000133275 0.00190877 8.06798e-06 0.0600936 0.00730448 0.000110241 0.000498908 0.0292541 1.00956e-06 1.67224e-06 0.00792562 0.0120596 0.00492451 0.16093 0.0107425 2.82282e-06 
4.84562e-06 1.62815e-05 0.0273423 0.0397362 0.00196646 0.0167129 0.636645 8.83296e-05 0.0101696 2.30439e-05 0.00478614 0.0508697 3.15543e-05 0.0529347 0.0174231 2.96366e-09 0.000343793 0.000361286 0.0723187 0.0088222 0.0308852 0.0285146 4.12468e-06 
7.41554e-09 7.53503e-06 0.0191819 0.0513611 0.000352906 0.0128789 0.612906 0.000213743 0.0105364 5.3032e-05 0.00213206 0.129046 1.86915e-05 0.00485488 0.0137724 5.1247e-12 3.11196e-06 0.000345565 0.0856919 0.0103438 0.0413306 0.00496212 7.29784e-06 
7.28188e-06 2.47218e-05 0.0240492 0.0112464 0.000318048 0.000610406 0.930697 1.16844e-05 0.000237811 7.67338e-07 0.000811881 1.17185e-06 3.22622e-07 3.13338e-05 0.0181095 1.41135e-06 0.000747036 2.68956e-05 0.0112601 0.000475541 0.000798496 0.000532643 6.41228e-08 
7.9488e-06 1.25485e-06 0.0038546 0.0298201 5.13672e-06 0.00217124 0.723447 2.25902e-05 0.000128879 6.7158e-07 0.000171309 0.000972899 1.13162e-05 0.000306775 0.0023819 2.11945e-10 2.96216e-10 5.32124e-06 0.165574 0.000856373 0.0699201 0.000340996 1.2637e-08 
2.32898e-06 4.39769e-06 0.0138339 0.0421825 0.000296103 0.00751272 0.635579 0.000142178 0.0062885 3.09436e-05 0.00152153 0.0850807 1.09074e-05 0.00421004 0.00803733 6.3537e-10 1.81887e-06 0.000305815 0.14582 0.00603568 0.0386306 0.00446891 4.26131e-06 
1.65368e-05 2.29038e-06 0.00328222 0.0249168 0.0129476 0.000308114 0.947193 4.00355e-07 0.00017656 2.91507e-11 0.000255862 2.71305e-08 1.03059e-07 1.23791e-06 0.00276207 7.41885e-09 8.64902e-07 3.6586e-05 0.00118892 0.00177463 0.00507808 5.8002e-05 2.50777e-11 
4.58977e-05 0.000143953 0.0303857 0.0908537 0.00503604 0.0181811 0.626261 0.000145975 0.00126952 1.27338e-08 0.0508469 0.000273772 1.5319e-05 0.000324471 0.123353 5.29191e-07 2.63256e-05 1.90606e-05 0.0184862 0.00765365 0.0180461 0.00863213 1.79751e-07 
2.32898e-06 4.39769e-06 0.0138339 0.0421825 0.000296103 0.00751272 0.635579 0.000142178 0.0062885 3.09436e-05 0.00152153 0.0850807 1.09074e-05 0.00421004 0.00803733 6.3537e-10 1.81887e-06 0.000305815 0.14582 0.00603568 0.0386306 0.00446891 4.26131e-06 
0.000192615 9.56058e-05 0.0492877 0.261467 0.00654917 0.0152841 0.458541 5.15852e-05 0.00819661 0.000226268 0.0119521 8.23119e-05 0.000172956 0.00086612 0.0388062 3.70842e-06 0.00234722 0.00106988 0.0862864 0.00780118 0.0439468 0.00677233 8.90935e-07 
4.47695e-08 1.35976e-08 0.0220979 0.0782923 0.0117611 0.0105621 0.569431 1.06779e-07 0.0162529 6.47657e-08 0.135814 7.2736e-08 6.91373e-08 0.00142753 0.0105522 5.59211e-05 8.42542e-08 0.00239181 0.00367875 0.00015525 0.134917 0.00261007 5.57164e-08 
5.03345e-06 2.8536e-05 0.0216134 0.0278986 0.000401865 0.00390604 0.826006 6.2467e-05 0.00248187 1.20893e-05 0.0012676 0.0196778 4.81052e-06 0.00114905 0.0151571 6.22258e-07 0.000372229 0.000147991 0.0624748 0.00277319 0.0123818 0.00217556 1.78183e-06 
0.00376397 6.10039e-05 0.0198151 0.0989859 0.0310946 0.0690848 0.288864 4.64325e-05 0.0187813 0.00599245 0.00671942 0.00705487 7.12953e-06 2.42356e-05 0.120126 9.67238e-07 5.87596e-09 0.00676319 0.0701079 0.0082956 0.227432 0.0169779 9.39893e-07 
0.000150973 2.54112e-06 0.00959803 0.00891938 0.000218533 0.00609051 0.9324 9.29884e-06 2.39783e-05 1.54352e-05 0.00520832 1.69216e-07 2.24358e-08 5.52948e-05 0.0211523 4.03552e-11 6.61233e-06 1.44965e-06 1.21712e-05 0.000315521 0.000415318 0.0154039 3.1203e-08 
0.000858293 7.67797e-06 0.145285 0.216929 7.61158e-05 0.034268 0.374265 3.40541e-05 0.0212363 0.000118343 0.0192811 0.000420266 4.22002e-07 3.52853e-05 0.108866 1.31496e-06 8.55797e-06 0.0142132 0.00787566 0.0121101 0.0399897 0.0041203 1.39063e-08 
0.000418027 0.000668597 0.0432693 0.181312 0.00871149 0.00701031 0.37797 0.00113843 0.0199829 0.00379423 0.0212437 0.00328029 0.00225967 0.00437432 0.0516785 0.0451366 0.000196521 0.00576524 0.146404 0.0145065 0.0457264 0.0145074 0.000645449 
3.62471e-05 4.81192e-06 0.0103972 0.0153734 0.000143296 0.001604 0.934309 3.39378e-05 0.00036851 1.75817e-05 0.00230379 0.000132423 3.27233e-09 0.000391483 0.0195049 7.18137e-10 2.69184e-06 2.90868e-05 0.00365897 0.00120402 0.00950705 0.000972813 4.49899e-06 
6.32328e-10 0.00280179 0.00168551 9.03457e-07 2.46404e-07 0.00246935 0.952495 1.50815e-09 0.000888974 9.14755e-10 0.0372654 1.02733e-09 9.76499e-10 8.39209e-06 6.04677e-08 1.07187e-07 1.19001e-09 4.27039e-05 2.59739e-07 0.00173666 3.27578e-06 0.000601659 7.86942e-10 
3.34847e-06 3.09421e-05 0.000202249 0.0010023 7.41844e-05 3.5169e-06 0.997267 2.63381e-06 2.04426e-05 4.44409e-09 0.000259085 3.87129e-10 3.57709e-12 7.41991e-06 0.000169872 2.29381e-06 0.000634838 2.07457e-05 8.80496e-05 7.72667e-05 0.000100321 3.36133e-05 1.39087e-07 
4.70674e-06 3.51883e-06 0.0120613 0.038793 0.000236886 0.00629446 0.64758 0.000113748 0.00552337 2.47573e-05 0.00121723 0.0680648 8.72727e-06 0.014827 0.00642987 5.39409e-10 1.45596e-06 0.000273094 0.150502 0.00482855 0.0395577 0.00365078 3.41024e-06 
2.20819e-05 3.44595e-05 0.066737 0.180427 0.00210747 0.00719712 0.308441 1.04225e-05 0.0356791 2.21773e-05 0.0474267 0.00015766 0.000103624 0.000371501 0.0748691 2.3283e-08 6.36693e-05 0.00402939 0.210871 0.000506041 0.0479873 0.00380001 0.00913565 
0.000216416 0.000102549 0.0361391 0.207262 0.00298028 0.0145479 0.519054 3.2213e-05 0.00627154 3.86043e-05 0.00428574 6.00975e-05 5.60487e-07 0.0135679 0.0303299 3.37256e-05 0.0364573 0.00096384 0.0219621 0.00189822 0.0896234 0.0141688 4.17856e-06 
4.56235e-05 7.70079e-09 0.00949235 0.00781109 7.09841e-05 0.00284463 0.664702 9.80448e-06 0.00299541 1.97281e-07 0.000404347 0.00202364 9.18842e-06 0.0162731 0.00394295 2.89344e-09 2.12011e-12 0.000151077 0.266869 0.00179312 0.0178066 0.00275407 7.10054e-11 
9.66096e-06 5.27786e-05 0.00228747 0.0129077 6.54619e-05 0.000487607 0.915489 1.12323e-05 0.00046172 1.69216e-06 0.000322811 0.000124529 0.00208169 0.00017943 0.0015423 6.22314e-07 0.000171177 2.8155e-05 0.0603482 0.00127689 0.00193241 0.000217338 3.22848e-07 
0.000478524 2.83576e-05 0.0809575 0.0234864 0.0443231 0.0180136 0.286017 0.00123168 0.00501111 1.40974e-05 0.0301793 0.00113163 0.000694812 0.170978 0.0294711 2.70322e-07 4.90468e-06 2.49916e-05 0.0110305 0.00271728 0.207731 0.0864627 1.22905e-05 
3.12787e-05 4.24216e-05 0.000312435 0.00127387 9.16016e-05 4.91662e-06 0.996669 2.48427e-06 2.85948e-05 2.45015e-11 6.27025e-05 1.60069e-10 9.349e-13 4.80421e-06 0.000181519 3.19182e-06 0.000887711 2.90229e-05 8.48178e-05 0.000108145 0.000133933 4.70451e-05 1.92094e-07 
0.00362183 0.00326089 0.0483203 0.248545 0.00589438 0.00852267 0.558213 5.8827e-05 0.00253203 0.000155007 0.0108315 0.00358858 0.00156278 0.00672489 0.0318611 3.54875e-06 0.00218543 0.0147303 0.0252084 0.0025538 0.00502872 0.0165623 3.41844e-05 
8.71369e-05 0.00937577 0.0802667 0.0777277 0.00126336 0.00317951 0.676375 0.000216076 0.00512793 6.1726e-06 0.0217694 0.00308575 0.00245256 0.0232918 0.0172164 5.06826e-06 7.10122e-06 0.00371389 0.0291199 0.0277622 0.0160179 0.00193202 3.28822e-08 
0.00107787 0.000183454 0.0324869 0.0683969 0.00356316 0.00517116 0.73933 5.73507e-05 0.00131408 2.51909e-06 0.0128008 4.49633e-06 6.45859e-06 0.000389432 0.0621035 2.17003e-05 0.00722786 0.000125076 0.0411466 0.00432578 0.0115526 0.00871098 1.75237e-06 
7.89846e-06 3.00176e-05 0.029934 0.0127061 0.000392774 0.000763004 0.915473 1.21941e-05 0.000297261 9.58744e-07 0.000965973 1.46443e-06 4.02953e-07 3.58885e-05 0.0226368 1.7636e-06 0.000849783 3.36186e-05 0.0136658 0.000594424 0.000931298 0.000665801 8.00777e-08 
0.000944349 6.72618e-09 1.34321e-07 0.17216 0.00137751 8.89461e-08 0.357455 6.61684e-05 0.108281 0.00276894 0.015997 5.42508e-06 2.09537e-07 5.09308e-08 0.0472446 2.29406e-08 1.07906e-09 0.00484838 0.0216725 0.0247236 0.151432 0.0910236 6.07663e-08 
3.12733e-05 0.000646308 0.0288924 0.0350189 0.00460798 0.00306277 0.851184 5.24056e-05 0.00220024 0.000127851 0.00410779 0.000591881 0.00611795 0.00251935 0.0273404 4.19971e-07 5.16963e-06 0.000911929 0.00711769 0.00773322 0.0108091 0.00683965 8.14879e-05 
0.00429905 0.000607864 0.0944906 0.0802354 0.00542587 0.0246886 0.387185 6.65534e-05 0.0038276 0.000503013 0.0182871 0.00926079 5.21191e-05 0.00134395 0.0985523 1.7083e-05 0.00218656 0.00558469 0.0129847 0.226071 0.00709712 0.0171529 8.05323e-05 
3.12787e-05 4.24216e-05 0.000312435 0.00127387 9.16016e-05 4.91662e-06 0.996669 2.48427e-06 2.85948e-05 2.45015e-11 6.27025e-05 1.60069e-10 9.349e-13 4.80421e-06 0.000181519 3.19182e-06 0.000887711 2.90229e-05 8.48178e-05 0.000108145 0.000133933 4.70451e-05 1.92094e-07 
1.47008e-05 1.27536e-05 0.0424269 0.0310156 0.000472484 0.00603555 0.617412 0.000127794 0.00237103 3.58746e-05 0.00947494 0.00304616 2.82733e-05 0.0216716 0.0117987 2.46913e-09 4.50627e-08 0.000232252 0.170748 0.000279769 0.0102524 0.0725429 1.88475e-07 
0.000150973 2.54112e-06 0.00959803 0.00891938 0.000218533 0.00609051 0.9324 9.29884e-06 2.39783e-05 1.54352e-05 0.00520832 1.69216e-07 2.24358e-08 5.52948e-05 0.0211523 4.03552e-11 6.61233e-06 1.44965e-06 1.21712e-05 0.000315521 0.000415318 0.0154039 3.1203e-08 
1.51739e-08 4.20842e-05 0.0386563 0.141765 1.42745e-05 0.0069821 0.492311 0.000262459 0.00506164 3.19787e-05 0.00777908 2.36673e-05 9.62967e-06 9.51937e-05 0.0333004 2.65889e-05 3.942e-05 0.000392511 0.225372 0.000955099 0.0459139 0.000953924 1.24454e-05 
7.28188e-06 2.47218e-05 0.0240492 0.0112464 0.000318048 0.000610406 0.930697 1.16844e-05 0.000237811 7.67338e-07 0.000811881 1.17185e-06 3.22622e-07 3.13338e-05 0.0181095 1.41135e-06 0.000747036 2.68956e-05 0.0112601 0.000475541 0.000798496 0.000532643 6.41228e-08 
1.74389e-05 1.43276e-05 0.0222874 0.02487 0.000227819 0.00125538 0.913036 0.000220995 0.000458129 7.57161e-06 0.00176553 4.31822e-05 1.14767e-07 0.000176614 0.0211428 6.78355e-07 0.000448986 2.98497e-05 0.00821503 0.00117987 0.00386887 0.000732173 1.26913e-06 
7.89846e-06 3.00176e-05 0.029934 0.0127061 0.000392774 0.000763004 0.915473 1.21941e-05 0.000297261 9.58744e-07 0.000965973 1.46443e-06 4.02953e-07 3.58885e-05 0.0226368 1.7636e-06 0.000849783 3.36186e-05 0.0136658 0.000594424 0.000931298 0.000665801 8.00777e-08 
4.70674e-06 3.51883e-06 0.0120613 0.038793 0.000236886 0.00629446 0.64758 0.000113748 0.00552337 2.47573e-05 0.00121723 0.0680648 8.72727e-06 0.014827 0.00642987 5.39409e-10 1.45596e-06 0.000273094 0.150502 0.00482855 0.0395577 0.00365078 3.41024e-06 
9.97752e-05 0.0118064 0.0210422 0.169923 0.0017844 0.00340983 0.556833 0.0003901 0.00697878 8.67407e-05 0.00559527 0.00389406 1.37474e-05 0.000470922 0.013765 1.52932e-05 0.000512666 0.00251533 0.14608 0.0137884 0.0353681 0.00558153 4.65206e-05 
0.0222495 3.82648e-06 0.00124511 0.15229 0.00101094 1.62869e-08 0.668436 0.000149097 0.0407128 1.77588e-05 0.00060156 5.17689e-05 0.000139783 1.60645e-07 9.03848e-05 2.16535e-08 1.7805e-05 0.000386707 0.0607247 0.000212798 0.0515683 9.1036e-05 1.11614e-08 
7.28188e-06 2.47218e-05 0.0240492 0.0112464 0.000318048 0.000610406 0.930697 1.16844e-05 0.000237811 7.67338e-07 0.000811881 1.17185e-06 3.22622e-07 3.13338e-05 0.0181095 1.41135e-06 0.000747036 2.68956e-05 0.0112601 0.000475541 0.000798496 0.000532643 6.41228e-08 
1.47976e-05 8.12953e-06 0.104756 0.22738 0.00396777 0.00346326 0.44907 5.24595e-05 0.00701433 9.91278e-05 0.00831221 3.74898e-05 0.000103987 0.00229772 0.013969 1.88602e-08 3.98109e-05 0.0116784 0.0774955 0.00784821 0.0773145 0.00507208 4.20078e-06 
8.42068e-06 0.00828545 0.00981298 0.237069 0.0125403 0.00121797 0.583297 3.40576e-05 0.00908919 0.000243988 0.00464438 0.000107555 0.000114567 0.00122398 0.00955351 4.75042e-07 3.17564e-08 0.0142292 0.0254788 0.0493039 0.0224693 0.0112747 1.26196e-06 
0.00341267 0.00587781 0.0111378 0.0935609 0.00106459 0.0058533 0.762258 1.90564e-05 0.000482649 0.0673761 0.00769389 0.00016824 0.000231678 0.00398343 0.029594 2.47721e-06 0.000893714 0.00103906 5.80803e-05 0.000707664 0.00214722 0.00243506 2.28949e-06 
3.62471e-05 4.81192e-06 0.0103972 0.0153734 0.000143296 0.001604 0.934309 3.39378e-05 0.00036851 1.75817e-05 0.00230379 0.000132423 3.27233e-09 0.000391483 0.0195049 7.18137e-10 2.69184e-06 2.90868e-05 0.00365897 0.00120402 0.00950705 0.000972813 4.49899e-06 
0.000478524 2.83576e-05 0.0809575 0.0234864 0.0443231 0.0180136 0.286017 0.00123168 0.00501111 1.40974e-05 0.0301793 0.00113163 0.000694812 0.170978 0.0294711 2.70322e-07 4.90468e-06 2.49916e-05 0.0110305 0.00271728 0.207731 0.0864627 1.22905e-05 
0.00164616 0.00295327 0.0392187 0.127032 0.00688754 0.0014434 0.685953 0.00123518 0.005489 3.52931e-05 0.018973 0.000502134 0.000912448 0.00541117 0.0151499 9.34149e-05 6.95969e-05 0.00243543 0.0372929 0.0132871 0.0227506 0.0112277 1.21498e-06 
2.92722e-05 3.15286e-06 0.0109171 0.0103959 0.000367388 0.00251109 0.944348 2.22362e-05 0.000513627 2.39835e-05 0.00246078 0.000168186 2.35413e-09 0.000256294 0.0154107 1.1069e-09 1.77289e-06 5.44583e-05 0.00250863 0.00113015 0.00794044 0.000933759 2.9548e-06 
2.30181e-05 8.35996e-06 0.00861907 0.199881 0.00138792 0.00178954 0.724768 3.81925e-05 0.00606661 0.000130409 0.00139876 1.30804e-05 5.56354e-06 4.59757e-05 0.012661 4.93339e-09 2.12674e-11 0.0118789 0.0122795 0.00282811 0.014983 0.00119334 9.50613e-07 
0.000150973 2.54112e-06 0.00959803 0.00891938 0.000218533 0.00609051 0.9324 9.29884e-06 2.39783e-05 1.54352e-05 0.00520832 1.69216e-07 2.24358e-08 5.52948e-05 0.0211523 4.03552e-11 6.61233e-06 1.44965e-06 1.21712e-05 0.000315521 0.000415318 0.0154039 3.1203e-08 
3.12787e-05 4.24216e-05 0.000312435 0.00127387 9.16016e-05 4.91662e-06 0.996669 2.48427e-06 2.85948e-05 2.45015e-11 6.27025e-05 1.60069e-10 9.349e-13 4.80421e-06 0.000181519 3.19182e-06 0.000887711 2.90229e-05 8.48178e-05 0.000108145 0.000133933 4.70451e-05 1.92094e-07 
0.00555784 0.000928176 0.0625122 0.228457 0.00881244 0.000829463 0.444428 0.000141017 0.037542 9.24672e-06 0.00207458 4.90813e-05 9.53343e-05 5.18539e-05 0.0217943 1.07185e-05 0.000511772 0.0379124 0.111971 0.00595318 0.0268999 0.00342554 3.23867e-05 
3.70389e-05 5.15483e-06 0.0118298 0.0156712 0.00016316 0.00181352 0.92626 3.45197e-05 0.000412755 2.36298e-05 0.00248111 0.000179254 3.7268e-09 0.000545518 0.02313 3.25188e-08 4.17504e-06 3.08513e-05 0.00398813 0.00133815 0.0109588 0.00108341 9.67287e-06 
7.28188e-06 2.47218e-05 0.0240492 0.0112464 0.000318048 0.000610406 0.930697 1.16844e-05 0.000237811 7.67338e-07 0.000811881 1.17185e-06 3.22622e-07 3.13338e-05 0.0181095 1.41135e-06 0.000747036 2.68956e-05 0.0112601 0.000475541 0.000798496 0.000532643 6.41228e-08 
3.19269e-05 1.13633e-05 0.0499562 0.091001 0.00105006 0.0055858 0.600638 1.92432e-05 0.0333547 9.10037e-06 0.00220457 0.00049385 7.36364e-07 7.30756e-06 0.0272364 3.74682e-05 0.000100113 0.000463809 0.0285511 0.00649225 0.145824 0.00693058 4.21086e-07 
1.34257e-05 1.34363e-05 0.0927436 0.227138 1.34367e-05 0.00942046 0.455482 1.34047e-05 1.34378e-05 0.0295351 0.155888 1.34162e-05 1.34175e-05 1.34307e-05 1.34396e-05 1.34205e-05 1.34123e-05 1.34326e-05 1.34382e-05 0.00135707 1.34369e-05 0.0282351 1.3422e-05 
7.0278e-06 9.70665e-07 0.00700806 0.0317652 0.0201646 0.000218553 0.882631 2.65322e-08 2.26966e-08 0.000467942 0.0376671 6.72836e-10 6.39547e-10 1.41655e-05 0.000320233 2.19232e-08 4.03449e-08 0.00309791 0.0127567 1.92567e-07 0.00387757 2.47723e-06 5.15398e-10 
7.28188e-06 2.47218e-05 0.0240492 0.0112464 0.000318048 0.000610406 0.930697 1.16844e-05 0.000237811 7.67338e-07 0.000811881 1.17185e-06 3.22622e-07 3.13338e-05 0.0181095 1.41135e-06 0.000747036 2.68956e-05 0.0112601 0.000475541 0.000798496 0.000532643 6.41228e-08 
6.33891e-05 1.34407e-05 0.045102 0.249335 0.00140108 0.00662192 0.64866 0.000152774 0.00111165 4.9348e-06 0.00280439 1.41566e-06 3.81727e-07 0.000463922 0.0325292 3.72001e-06 0.00082535 0.000271115 0.00614461 0.000826463 0.00168713 0.00194268 3.29323e-05 
7.28188e-06 2.47218e-05 0.0240492 0.0112464 0.000318048 0.000610406 0.930697 1.16844e-05 0.000237811 7.67338e-07 0.000811881 1.17185e-06 3.22622e-07 3.13338e-05 0.0181095 1.41135e-06 0.000747036 2.68956e-05 0.0112601 0.000475541 0.000798496 0.000532643 6.41228e-08 
3.62471e-05 4.81192e-06 0.0103972 0.0153734 0.000143296 0.001604 0.934309 3.39378e-05 0.00036851 1.75817e-05 0.00230379 0.000132423 3.27233e-09 0.000391483 0.0195049 7.18137e-10 2.69184e-06 2.90868e-05 0.00365897 0.00120402 0.00950705 0.000972813 4.49899e-06 
0.000210515 2.41953e-06 0.0426243 0.110117 0.000480654 6.34244e-05 0.690152 1.65072e-06 0.000458393 0.000321146 0.00386063 2.43449e-05 0.000135561 0.00347417 0.00285413 2.74622e-08 1.80807e-06 0.000180133 0.0943286 0.00220677 0.0462203 0.00228176 3.0912e-11 
0.000305334 1.43979e-05 0.0267749 0.294683 0.00318638 0.00474444 0.314488 0.000326933 0.0093225 7.95144e-05 0.0239476 0.000192852 1.87778e-05 0.000364931 0.0476262 8.55177e-07 9.18658e-05 0.000558224 0.0784259 0.00592831 0.169215 0.0197031 1.71271e-06 
5.15459e-06 8.79377e-05 0.0295977 0.0234111 0.000231075 0.000416854 0.845913 8.28162e-06 0.000620131 1.21016e-05 0.0530518 9.33939e-07 2.68286e-07 2.16347e-05 0.015693 1.13851e-06 0.00404454 1.86264e-05 0.01459 0.00109916 0.00341969 0.00775619 7.51052e-08 
2.86992e-05 0.000139496 0.0158958 0.166902 0.000658597 0.00864271 0.518792 6.68477e-05 0.00265106 3.83075e-05 0.00418925 0.0339991 5.63854e-06 0.0488162 0.0108133 5.27194e-09 9.9813e-06 0.000186963 0.162275 0.00356217 0.0188629 0.00346261 1.69651e-06 
0.000504038 4.90553e-09 0.00237947 0.102991 0.00305137 1.08762e-06 0.837919 0.000104592 1.40448e-07 2.5018e-07 0.00681098 1.55086e-06 2.33241e-07 0.000398474 9.7397e-07 1.55237e-11 5.86006e-08 5.59405e-06 0.00366419 3.50253e-07 0.0421651 1.31398e-06 1.79356e-07 
7.87646e-06 1.76999e-05 0.00618341 0.0671808 0.000233949 0.00133514 0.863302 5.11827e-05 0.00176412 1.0717e-10 0.00186447 5.49575e-10 1.45483e-08 0.000209348 0.0351392 1.35409e-06 0.00386381 0.000653071 0.000836056 0.000617814 0.0158064 0.000932616 1.3669e-09 
7.28188e-06 2.47218e-05 0.0240492 0.0112464 0.000318048 0.000610406 0.930697 1.16844e-05 0.000237811 7.67338e-07 0.000811881 1.17185e-06 3.22622e-07 3.13338e-05 0.0181095 1.41135e-06 0.000747036 2.68956e-05 0.0112601 0.000475541 0.000798496 0.000532643 6.41228e-08 
0.000825761 0.000223861 0.0380493 0.1039 0.00434145 0.0126507 0.591717 8.31609e-05 0.00299984 6.8638e-07 0.0052214 4.78383e-05 5.22057e-05 0.000467302 0.039926 5.52205e-07 0.0014784 0.0031877 0.0932412 0.0146549 0.0792775 0.00760959 4.374e-05 
0.000677656 1.53494e-05 0.0217335 0.211179 4.5494e-05 1.70765e-06 0.585142 1.51884e-05 2.90609e-07 9.91854e-08 0.0065097 1.94719e-10 1.85085e-10 2.54357e-05 0.00925861 1.58081e-07 0.000611627 6.60386e-05 0.0863114 0.000187881 0.0770036 0.00121479 1.49156e-10 
3.61484e-05 5.13043e-06 0.0119194 0.0156318 0.000162747 0.00182801 0.926552 3.41269e-05 0.000415867 2.35571e-05 0.00245593 0.000166455 3.85596e-09 0.000542049 0.023179 3.02483e-08 3.87792e-06 2.99412e-05 0.00395502 0.00133528 0.0106663 0.00104885 8.98269e-06 
3.91213e-05 2.1014e-06 0.0164782 0.321393 5.34913e-05 0.000708887 0.626105 7.28618e-05 0.000209759 2.93946e-09 0.00280551 1.05626e-12 5.66197e-10 7.09545e-05 0.012034 2.62089e-09 1.34607e-05 0.00162366 0.00712893 0.00110105 0.00666428 0.00349602 2.22127e-09 
0.000478524 2.83576e-05 0.0809575 0.0234864 0.0443231 0.0180136 0.286017 0.00123168 0.00501111 1.40974e-05 0.0301793 0.00113163 0.000694812 0.170978 0.0294711 2.70322e-07 4.90468e-06 2.49916e-05 0.0110305 0.00271728 0.207731 0.0864627 1.22905e-05 
4.42462e-05 1.01977e-06 0.0157351 0.361915 0.00523461 0.00420081 0.58183 7.32874e-06 0.00205482 8.17817e-07 0.00179691 1.16113e-06 4.27646e-06 0.000390374 0.0194376 4.67409e-09 2.05785e-06 0.000517652 0.00143287 0.00165805 0.00253085 0.00116042 4.4084e-05 
0.00482245 6.49596e-06 0.0029583 0.340425 0.032184 0.00347769 0.513011 3.20788e-06 0.00151407 0.000151191 0.0200387 0.000326314 1.01585e-10 2.16222e-06 0.0008576 3.27779e-09 1.70738e-05 0.0053262 0.013988 0.000363004 0.0603102 0.000217137 1.40996e-08 
3.12787e-05 4.24216e-05 0.000312435 0.00127387 9.16016e-05 4.91662e-06 0.996669 2.48427e-06 2.85948e-05 2.45015e-11 6.27025e-05 1.60069e-10 9.349e-13 4.80421e-06 0.000181519 3.19182e-06 0.000887711 2.90229e-05 8.48178e-05 0.000108145 0.000133933 4.70451e-05 1.92094e-07 
5.46556e-05 6.19482e-06 0.0160051 0.0643921 0.000999516 0.00818253 0.842617 3.04975e-05 0.000535978 2.54177e-05 0.00357384 0.0006009 1.18078e-07 0.000825766 0.0330088 1.856e-07 5.62769e-06 4.76631e-05 0.0197593 0.00165703 0.00551273 0.00215081 7.70669e-06 
4.05415e-06 3.91859e-05 0.0308699 0.0763344 0.00173746 0.00965488 0.715963 9.72284e-05 0.000634972 9.60691e-07 0.0011739 1.46883e-06 4.04439e-07 1.94628e-05 0.0222776 4.03283e-07 0.000557486 0.000253358 0.112688 0.000899824 0.0237404 0.00305124 8.86906e-10 
0.000478524 2.83576e-05 0.0809575 0.0234864 0.0443231 0.0180136 0.286017 0.00123168 0.00501111 1.40974e-05 0.0301793 0.00113163 0.000694812 0.170978 0.0294711 2.70322e-07 4.90468e-06 2.49916e-05 0.0110305 0.00271728 0.207731 0.0864627 1.22905e-05 
7.28188e-06 2.47218e-05 0.0240492 0.0112464 0.000318048 0.000610406 0.930697 1.16844e-05 0.000237811 7.67338e-07 0.000811881 1.17185e-06 3.22622e-07 3.13338e-05 0.0181095 1.41135e-06 0.000747036 2.68956e-05 0.0112601 0.000475541 0.000798496 0.000532643 6.41228e-08 
7.28188e-06 2.47218e-05 0.0240492 0.0112464 0.000318048 0.000610406 0.930697 1.16844e-05 0.000237811 7.67338e-07 0.000811881 1.17185e-06 3.22622e-07 3.13338e-05 0.0181095 1.41135e-06 0.000747036 2.68956e-05 0.0112601 0.000475541 0.000798496 0.000532643 6.41228e-08 
0.000163315 8.71705e-06 0.0290923 0.330349 0.000630964 0.00209922 0.59745 0.000942218 0.00199843 6.03618e-10 0.00144544 2.37295e-06 8.10221e-05 0.00101666 5.43288e-05 5.61855e-10 1.70112e-07 0.000440583 0.0208147 4.5582e-09 0.0122755 0.00113526 5.19278e-10 
7.89846e-06 3.00176e-05 0.029934 0.0127061 0.000392774 0.000763004 0.915473 1.21941e-05 0.000297261 9.58744e-07 0.000965973 1.46443e-06 4.02953e-07 3.58885e-05 0.0226368 1.7636e-06 0.000849783 3.36186e-05 0.0136658 0.000594424 0.000931298 0.000665801 8.00777e-08 
6.32328e-10 0.00280179 0.00168551 9.03457e-07 2.46404e-07 0.00246935 0.952495 1.50815e-09 0.000888974 9.14755e-10 0.0372654 1.02733e-09 9.76499e-10 8.39209e-06 6.04677e-08 1.07187e-07 1.19001e-09 4.27039e-05 2.59739e-07 0.00173666 3.27578e-06 0.000601659 7.86942e-10 
5.8802e-06 4.39504e-06 0.0142393 0.0382823 0.000296096 0.00656573 0.625635 0.00011697 0.00258353 1.29907e-05 0.00132069 0.0680356 1.09043e-05 0.0185336 0.00324535 5.10074e-10 1.81691e-06 0.000239018 0.174106 0.00603563 0.0367787 0.00394985 4.1548e-08 
0.000115426 2.54888e-06 0.00888278 0.0715138 0.00434293 0.00464964 0.674402 0.000187601 0.00145685 8.76553e-06 0.0981922 0.0147046 4.66786e-05 7.62872e-05 0.00886864 5.22319e-08 2.60545e-10 0.000599946 0.00147653 0.00151165 0.107694 0.00126242 4.27907e-06 
0.000884991 0.000934883 0.0470455 0.292543 0.00763532 0.0100734 0.410618 0.00243204 0.0102615 0.000433333 0.0107723 0.0042664 0.00580916 0.00368693 0.0311622 0.00438234 0.0031854 0.00583164 0.0785265 0.0125606 0.0438657 0.0130389 5.01599e-05 
5.97587e-06 2.02477e-05 0.0479432 0.01669 0.000729833 0.00117022 0.896828 9.5891e-06 0.00163575 6.34269e-07 0.00103283 5.84221e-06 2.68583e-07 2.56626e-05 0.0207297 1.17159e-06 0.000612095 0.000239181 0.00921305 0.000888486 0.00178233 0.000435842 5.53896e-08 
0.000171917 0.000330237 0.0470517 0.0954266 0.00928511 0.00371678 0.685996 0.000265023 0.000767788 1.23372e-05 0.0384511 7.75402e-05 6.86783e-06 0.000182572 0.0223252 1.67306e-06 0.000536149 0.00585406 0.0196663 0.00125238 0.0633356 0.00516774 0.000119729 
2.32898e-06 4.39769e-06 0.0138339 0.0421825 0.000296103 0.00751272 0.635579 0.000142178 0.0062885 3.09436e-05 0.00152153 0.0850807 1.09074e-05 0.00421004 0.00803733 6.3537e-10 1.81887e-06 0.000305815 0.14582 0.00603568 0.0386306 0.00446891 4.26131e-06 
5.10889e-05 7.67417e-05 0.0186925 0.0461599 0.00566578 0.00171208 0.802252 8.81166e-06 0.000761969 2.19096e-07 0.00242181 1.18353e-06 1.91523e-06 0.000984269 0.0303973 7.48367e-07 0.000619138 0.00030643 0.0818234 0.00385243 0.00272607 0.00147987 4.45611e-06 
2.32898e-06 4.39769e-06 0.0138339 0.0421825 0.000296103 0.00751272 0.635579 0.000142178 0.0062885 3.09436e-05 0.00152153 0.0850807 1.09074e-05 0.00421004 0.00803733 6.3537e-10 1.81887e-06 0.000305815 0.14582 0.00603568 0.0386306 0.00446891 4.26131e-06 
0.00154872 1.75368e-06 0.157656 0.132418 0.0134093 0.0158718 0.241539 8.12549e-05 0.0119452 0.000824769 0.0456902 0.0119881 0.00346549 0.00155395 0.151362 2.74953e-09 2.43527e-06 0.00707894 0.114209 0.0143862 0.0593233 0.0156443 6.63144e-10 
3.62471e-05 4.81192e-06 0.0103972 0.0153734 0.000143296 0.001604 0.934309 3.39378e-05 0.00036851 1.75817e-05 0.00230379 0.000132423 3.27233e-09 0.000391483 0.0195049 7.18137e-10 2.69184e-06 2.90868e-05 0.00365897 0.00120402 0.00950705 0.000972813 4.49899e-06 
7.28188e-06 2.47218e-05 0.0240492 0.0112464 0.000318048 0.000610406 0.930697 1.16844e-05 0.000237811 7.67338e-07 0.000811881 1.17185e-06 3.22622e-07 3.13338e-05 0.0181095 1.41135e-06 0.000747036 2.68956e-05 0.0112601 0.000475541 0.000798496 0.000532643 6.41228e-08 
0.000229446 1.12407e-05 0.00628395 0.15872 0.00846183 0.00109816 0.688217 1.91345e-06 0.0133801 1.16058e-06 0.00156761 5.25163e-05 9.5872e-05 0.00738325 0.0235731 8.16126e-05 1.50981e-06 0.00177188 0.0320389 0.00263594 0.0526817 0.00165529 5.52798e-05 
6.8428e-05 0.00285548 0.062404 0.00212426 0.000354528 0.00579191 0.392032 8.056e-06 0.0448592 8.26883e-06 0.124491 9.10718e-05 9.95538e-06 0.00224174 0.061041 4.4125e-05 1.73745e-06 0.00814749 0.00553404 0.267876 0.0152968 0.00471933 1.33825e-09 
3.53173e-05 3.04271e-05 0.0148453 0.0389863 0.000398179 0.00754157 0.895565 3.08549e-05 0.00118144 2.35049e-05 0.00235091 0.000160464 1.52892e-07 0.000536833 0.0195296 3.3036e-08 8.68665e-06 0.000337193 0.0058049 0.00127743 0.0099217 0.00140974 2.40739e-05 
0.000137722 0.000981585 0.0434976 0.338407 0.00617211 0.00489299 0.403566 0.0039421 0.00472118 4.39713e-05 0.00681931 0.00627563 0.0111663 0.0023415 0.0267433 6.15746e-05 1.81533e-06 0.00458147 0.0951269 0.0138762 0.0194591 0.00718058 4.11769e-06 
2.32898e-06 4.39769e-06 0.0138339 0.0421825 0.000296103 0.00751272 0.635579 0.000142178 0.0062885 3.09436e-05 0.00152153 0.0850807 1.09074e-05 0.00421004 0.00803733 6.3537e-10 1.81887e-06 0.000305815 0.14582 0.00603568 0.0386306 0.00446891 4.26131e-06 
0.000580255 0.0137383 0.0497987 0.156007 0.012638 0.0294858 0.182595 0.000106475 0.0356039 1.08898e-05 0.099963 0.000144175 0.000442941 0.0549135 0.0374537 2.68684e-05 0.178608 0.00869617 0.0179986 0.016448 0.035816 0.0687793 0.000145798 
0.00798196 5.0298e-07 0.00141202 0.123579 0.00108187 0.00447385 0.455779 0.000208884 0.0101937 7.99425e-05 0.00633547 0.138892 3.13567e-07 3.63036e-06 0.0198898 5.71994e-11 7.99421e-11 3.31331e-05 0.163972 0.00158535 0.055035 0.00938634 7.68134e-05 
2.34491e-06 0.0038933 0.110628 0.27382 0.01217 0.0081748 0.416508 7.31064e-05 0.00795118 0.00515169 0.00470207 0.00253788 0.00512122 0.000762198 0.0346897 3.29777e-06 1.38211e-06 0.0123703 0.0136124 0.0323317 0.0109466 0.0445495 7.96057e-09 
1.71715e-06 9.00337e-11 0.00303846 0.00289079 0.0069003 0.225523 0.691918 4.30412e-07 1.6889e-07 0.000162861 0.00300409 1.80838e-06 4.57779e-10 2.01459e-10 0.0161644 0.00212406 0.0016004 0.000479412 0.0020802 0.00360118 0.0384977 0.00201093 1.83303e-07 
4.83806e-05 0.000147491 0.0341358 0.351816 0.00223869 0.0155824 0.358991 0.000154314 0.00111684 8.88068e-06 0.0814855 0.000317124 2.51678e-05 0.000293148 0.0622232 4.86692e-06 0.00134109 0.000409692 0.0360318 5.39235e-05 0.0370743 0.0164786 2.19129e-05 
3.42299e-05 0.0547169 0.0349504 0.127028 0.0529405 0.109915 0.31437 5.56169e-05 0.00992917 7.66138e-05 0.0806979 0.00880245 1.59107e-05 0.000708679 0.0452171 9.69119e-05 1.20516e-07 0.0121543 0.00179768 0.00242127 0.0557411 0.0883291 7.96957e-08 
7.9988e-05 0.000375786 0.0638013 0.0613247 0.0054851 0.025115 0.651805 5.35128e-05 0.00353448 8.21685e-06 0.00572661 0.0167034 1.60056e-05 0.00110782 0.0306997 4.13192e-07 0.000245801 0.000341863 0.0327973 0.0230806 0.0715526 0.00607222 7.26592e-05 
1.57454e-05 1.74704e-05 0.0287637 0.207084 0.00167897 0.001231 0.52126 2.61323e-05 8.53184e-05 1.31168e-06 0.00130658 5.62963e-05 0.0108889 0.0105427 0.0140738 3.86309e-07 7.68459e-06 1.71817e-06 0.197056 0.000274398 0.00062048 0.00500768 1.95404e-10 
4.3576e-05 0.000137841 0.0209548 0.193047 0.0216323 0.03427 0.236007 0.00360321 0.00764674 4.24402e-05 0.0153161 0.0173286 3.01332e-05 0.0110769 0.0606622 3.57531e-07 8.84103e-06 0.00625163 0.1749 0.0717817 0.100569 0.0246831 6.6339e-06 
0.0191133 4.63886e-05 0.00983993 0.209561 0.0174667 0.103504 0.227227 7.1331e-05 0.026175 6.43673e-08 0.123577 6.70701e-06 2.25824e-06 0.00237341 0.134031 1.19907e-05 3.2592e-05 0.000101848 0.00247398 0.0735094 0.0350037 0.0158704 2.81521e-07 
3.65163e-06 3.82586e-05 0.00285394 0.19219 0.000107994 0.00274207 0.736536 2.36428e-05 0.00217901 9.48262e-11 0.00229776 4.76931e-10 4.32027e-06 0.0009648 0.0220117 1.00279e-05 0.00178389 0.000692398 0.0012891 0.0172537 0.0164143 0.000595952 6.94183e-06 
3.62471e-05 4.81192e-06 0.0103972 0.0153734 0.000143296 0.001604 0.934309 3.39378e-05 0.00036851 1.75817e-05 0.00230379 0.000132423 3.27233e-09 0.000391483 0.0195049 7.18137e-10 2.69184e-06 2.90868e-05 0.00365897 0.00120402 0.00950705 0.000972813 4.49899e-06 
7.28188e-06 2.47218e-05 0.0240492 0.0112464 0.000318048 0.000610406 0.930697 1.16844e-05 0.000237811 7.67338e-07 0.000811881 1.17185e-06 3.22622e-07 3.13338e-05 0.0181095 1.41135e-06 0.000747036 2.68956e-05 0.0112601 0.000475541 0.000798496 0.000532643 6.41228e-08 
0.000546373 0.00197272 0.0369378 0.0640491 0.011902 0.110836 0.562556 0.000412261 0.00712648 8.01582e-05 0.00779516 0.0146785 0.00051589 6.69245e-06 0.0304634 0.00189922 0.00120806 0.04497 0.00143857 0.00331555 0.0929394 0.00434544 4.60497e-06 
0.000405538 0.000491787 0.0673403 0.129037 0.00601822 0.0115462 0.387451 8.91175e-06 0.00635908 1.67386e-05 0.00529115 2.88152e-11 2.73896e-11 0.00041442 0.0369935 0.000311652 0.189877 0.00147562 0.0387533 0.00196653 0.0958337 0.0204084 2.7126e-08 
0.00712677 7.81057e-06 0.0217108 0.0406373 0.00209659 0.0959311 0.388301 0.000653542 0.00310562 0.00053148 0.0176514 0.262147 0.0040471 0.00601813 0.0216095 7.21182e-06 2.10025e-06 0.00255992 0.0485406 0.00650204 0.0602654 0.0105168 3.11281e-05 
3.61484e-05 5.13043e-06 0.0119194 0.0156318 0.000162747 0.00182801 0.926552 3.41269e-05 0.000415867 2.35571e-05 0.00245593 0.000166455 3.85596e-09 0.000542049 0.023179 3.02483e-08 3.87792e-06 2.99412e-05 0.00395502 0.00133528 0.0106663 0.00104885 8.98269e-06 
7.28188e-06 2.47218e-05 0.0240492 0.0112464 0.000318048 0.000610406 0.930697 1.16844e-05 0.000237811 7.67338e-07 0.000811881 1.17185e-06 3.22622e-07 3.13338e-05 0.0181095 1.41135e-06 0.000747036 2.68956e-05 0.0112601 0.000475541 0.000798496 0.000532643 6.41228e-08 
0.000270294 0.00010782 0.0956972 0.242562 0.00825957 0.0275129 0.306484 7.213e-05 0.0201645 1.48074e-05 0.011471 3.14923e-05 3.07561e-05 0.00513917 0.0465385 9.36733e-06 6.22595e-05 0.000825869 0.118154 0.0124421 0.0830995 0.0210504 3.33584e-08 
9.67199e-05 6.15564e-06 0.00758665 0.0501949 0.00099925 0.00662249 0.85562 3.46767e-05 0.000572342 7.57896e-05 0.00395098 0.000887611 1.55457e-07 0.000367008 0.0237636 4.93323e-07 6.72291e-06 8.38358e-05 0.0374493 0.00079135 0.00789716 0.00298984 2.95481e-06 
2.58971e-05 0.00406558 0.0257214 0.179642 0.00722863 0.00186795 0.641948 9.27559e-05 0.0134402 0.000166978 0.00329327 0.0002732 0.00082325 0.00126619 0.0309789 2.27488e-07 1.68492e-06 0.00939162 0.0230212 0.0314311 0.0138368 0.0114827 5.91822e-07 
0.00284517 0.000189733 0.0297152 0.225652 0.00347782 0.0320223 0.303059 0.000357051 0.0040401 8.25851e-05 0.0167971 0.0185319 2.47166e-05 0.0278721 0.0873917 1.64497e-08 0.000119074 0.00305278 0.182981 0.00572986 0.031544 0.0244688 4.64132e-05 
0.00013896 0.00348973 0.0335859 0.230219 0.00676126 0.00157586 0.579103 7.28106e-05 0.00931159 0.000131737 0.006722 0.000206722 0.00119116 0.00137283 0.0356498 3.61118e-07 9.03369e-06 0.00640347 0.0357718 0.0258578 0.0137308 0.00869454 4.04554e-07 
3.62471e-05 4.81192e-06 0.0103972 0.0153734 0.000143296 0.001604 0.934309 3.39378e-05 0.00036851 1.75817e-05 0.00230379 0.000132423 3.27233e-09 0.000391483 0.0195049 7.18137e-10 2.69184e-06 2.90868e-05 0.00365897 0.00120402 0.00950705 0.000972813 4.49899e-06 
9.61055e-05 1.83254e-06 0.00475926 0.236953 0.00529394 0.0081891 0.558415 0.00196591 0.000355786 7.96369e-05 0.0447788 0.00108626 8.04166e-08 0.015069 0.0139385 6.3434e-07 0.00941899 0.0012873 0.054402 0.0002772 0.0262483 0.0173798 3.82048e-06 
3.32241e-05 4.31077e-06 0.0114296 0.013311 0.000237846 0.00205023 0.933277 2.86766e-05 0.000508899 2.73916e-05 0.0024225 0.000172088 3.31683e-09 0.000455338 0.0204257 2.58077e-08 3.26127e-06 4.30921e-05 0.00338543 0.00126034 0.00991595 0.00100001 7.54912e-06 
0.000611521 0.000200837 0.0221058 0.0371282 0.0232833 0.0490722 0.669098 0.000153895 0.0016949 0.000117277 0.0222906 0.000826217 1.90315e-05 0.003445 0.0456866 2.38937e-08 8.31992e-07 0.000103363 0.0758925 0.00864634 0.0168933 0.0226235 0.000107215 
2.92722e-05 3.15286e-06 0.0109171 0.0103959 0.000367388 0.00251109 0.944348 2.22362e-05 0.000513627 2.39835e-05 0.00246078 0.000168186 2.35413e-09 0.000256294 0.0154107 1.1069e-09 1.77289e-06 5.44583e-05 0.00250863 0.00113015 0.00794044 0.000933759 2.9548e-06 
2.48636e-07 3.47354e-07 0.00459772 0.362723 0.029524 0.00727812 0.556637 2.39946e-10 0.00102916 1.45537e-10 0.00112098 7.34218e-05 1.32293e-07 6.8371e-11 0.00228541 2.31239e-08 3.16558e-07 0.000385112 0.00340023 0.000867092 0.0297831 0.000295095 1.25202e-10 
0.000403232 1.43185e-05 0.0629793 0.33118 0.0145157 0.0119309 0.350779 0.00019482 0.00511644 0.000109966 0.0230739 0.00658177 0.00871998 0.000656073 0.0365942 3.13114e-06 0.00255638 0.00325622 0.0480307 0.00654753 0.0806332 0.00600736 0.000115352 
0.00733142 0.000115537 0.022169 0.258902 0.0155844 0.0252662 0.300432 3.69106e-05 0.00525625 4.6016e-05 0.106323 0.00245959 0.000556719 0.000595422 0.155473 1.38156e-05 0.000147973 0.00593554 0.0434331 0.00608236 0.0294158 0.012075 0.00234867 
0.000183113 2.02394e-05 0.0312835 0.0193494 0.00109785 0.00144722 0.904016 9.57909e-06 0.000619617 6.32057e-07 0.00243961 9.65624e-07 0.00483082 2.56527e-05 0.0191172 1.16585e-06 0.000611806 0.000205814 0.0104766 0.00121551 0.00194747 0.00110001 5.4141e-08 
2.92722e-05 3.15286e-06 0.0109171 0.0103959 0.000367388 0.00251109 0.944348 2.22362e-05 0.000513627 2.39835e-05 0.00246078 0.000168186 2.35413e-09 0.000256294 0.0154107 1.1069e-09 1.77289e-06 5.44583e-05 0.00250863 0.00113015 0.00794044 0.000933759 2.9548e-06 
0.00194815 0.00130102 0.0210437 0.0483511 0.00110131 0.000714671 0.868652 5.91937e-06 0.00110536 4.88262e-06 0.00506609 8.36757e-06 1.08002e-05 2.99423e-05 0.00563751 0.00366166 0.00690869 0.00290556 0.0211138 0.00103757 0.00773718 0.0016542 1.43314e-07 
3.75943e-05 0.000206071 0.0331436 0.135915 0.00128386 0.00154393 0.783545 4.57623e-05 0.000748005 7.92624e-06 0.00308194 5.28587e-06 3.659e-07 6.4878e-05 0.0204886 4.53486e-06 0.00242004 0.00031498 0.0121395 0.00141902 0.00179903 0.00178451 7.67839e-07 
0.000757324 1.69063e-05 0.0191028 0.109512 0.00255948 0.0862774 0.502262 4.38552e-05 0.0172907 4.94443e-05 0.00476493 4.01128e-05 2.25798e-08 0.00297524 0.0689804 2.29871e-08 2.16268e-06 0.00124259 0.152968 0.00325516 0.011956 0.0157562 0.00018818 
