0.000272265 0.00499677 0.0313442 0.0191104 0.0150097 0.0172164 0.00224127 7.48799e-06 0.0229344 0.000115471 0.0141471 0.000148319 0.000225538 0.00581786 0.45215 6.74772e-05 0.000390573 0.00459165 0.0118379 0.0128612 0.0032818 0.38077 0.000462532 
0.000666833 0.00303274 0.122565 0.0440552 0.045481 0.137052 0.00656068 0.000297036 0.110474 0.00115324 0.0202932 0.00334766 0.000494604 0.00546002 0.176474 0.000451674 0.000838328 0.0198404 0.0130188 0.0207092 0.0350027 0.231692 0.00103974 
4.1179e-06 0.0131918 0.108001 4.12209e-06 0.106745 0.0943944 4.12094e-06 4.11144e-06 0.0449295 0.0222295 4.12149e-06 4.11499e-06 4.11537e-06 0.0300758 0.136036 4.11629e-06 4.1138e-06 4.12001e-06 4.12174e-06 4.12117e-06 0.0581147 0.386229 4.11677e-06 
3.88789e-07 0.00536993 0.0190701 0.00416465 0.0512456 3.89162e-07 0.000584002 3.88179e-07 0.0344002 3.88592e-07 0.0408977 0.0128214 0.000116954 0.00836241 0.00385339 0.775253 3.88401e-07 0.003229 0.0013235 0.0084827 3.89111e-07 0.0308227 3.88682e-07 
0.00378826 0.000202552 0.00279803 0.0112842 0.00730889 0.00302293 0.0103647 1.63176e-09 6.56641e-06 0.000305657 0.940214 9.39758e-08 5.77452e-07 0.000186783 0.00660281 9.39402e-07 1.8665e-07 0.000751076 0.00655224 0.000851192 0.00161526 0.004117 2.63132e-05 
7.20263e-05 0.00874555 0.0158283 0.0106325 0.00443618 0.0176353 0.000924242 3.30511e-08 0.0281474 4.24314e-05 0.113077 0.000817993 0.0120571 0.0129502 0.141666 0.000466672 0.000556509 0.0127282 0.0036587 0.00616354 0.00212087 0.607169 0.00010501 
3.02925e-07 3.03163e-07 0.0167081 0.106101 0.0120059 0.146271 0.0122475 3.02449e-07 0.0453888 3.02772e-07 0.051603 0.00305768 3.02738e-07 0.00415188 0.338506 3.02806e-07 3.02623e-07 0.00584975 0.0109157 0.0486282 0.115541 0.0830222 3.02842e-07 
0.000200805 2.30347e-06 0.000704123 0.0266477 0.00948694 0.156457 6.03738e-05 1.98377e-06 0.00162825 0.525393 0.213938 1.43214e-05 0.000148954 0.00395735 0.0160571 7.2365e-06 7.78282e-06 0.00129729 0.00699422 0.00181777 0.00953923 0.0131293 0.0125089 
0.000382343 0.000101164 0.092575 0.0030798 0.00299613 0.03061 0.000120086 4.60052e-06 0.0766194 0.000118139 0.0298927 1.00021e-05 3.30031e-05 0.00107634 0.463119 0.000110152 0.00225578 0.0094253 0.000155461 0.00437248 0.17284 0.108008 0.00209586 
1.05416e-06 0.00559252 0.180865 0.0350348 0.018042 1.05517e-06 0.000739514 1.05251e-06 0.135372 0.00052787 0.103716 1.05342e-06 1.05351e-06 0.0432375 0.0250106 0.00548056 0.017588 0.0181419 0.010658 0.114047 0.123229 0.162712 1.05387e-06 
0.00057325 0.000358214 0.0476531 0.0301769 0.00465201 0.00156528 0.000543246 1.82214e-09 0.0301066 9.78687e-06 0.04521 5.90588e-07 2.32692e-05 0.00607493 0.0622684 0.0016217 0.000418854 0.0073437 0.00922995 0.00132479 0.0370773 0.713766 2.36941e-06 
0.000684642 0.00801094 0.0946907 0.0271235 0.101436 0.0727742 0.000762782 3.91575e-06 0.0514153 0.000522724 0.0298825 0.00125255 0.00247535 0.0209277 0.0986006 0.000304797 0.000268472 0.0104346 0.0153175 0.0220199 0.00279641 0.437322 0.000972209 
0.000167682 0.000210212 0.00446031 0.000645801 0.0111996 0.0488454 5.34868e-06 3.72143e-09 0.14293 3.21902e-05 0.0221524 0.000616896 9.80453e-07 0.000186666 0.0249123 1.38551e-07 1.79305e-05 0.0110631 0.00214909 0.00319217 0.0392807 0.195605 0.492326 
2.41822e-06 2.42012e-06 2.42064e-06 0.596698 0.00508483 0.088594 0.0517906 2.41443e-06 0.0367924 2.417e-06 0.0150084 2.41651e-06 2.41673e-06 2.41911e-06 0.0578577 2.41728e-06 2.41581e-06 2.41946e-06 0.0476857 2.42014e-06 0.0179121 0.0825446 2.41756e-06 
0.00190562 0.000507362 0.0339584 0.0561049 0.0212549 0.0292626 0.00387474 2.74408e-05 0.0102788 0.0037168 0.557416 0.00117795 3.66435e-05 0.00510024 0.0569403 4.71535e-05 0.000600935 0.000328095 0.00540983 0.0185375 0.103411 0.0890029 0.00110055 
0.00128503 0.00582617 0.010377 0.0191108 0.0166398 0.00638201 0.00405061 8.95999e-05 0.0533573 0.0134437 0.624146 0.00385892 0.00014895 0.00365192 0.0349266 0.0993808 0.000408251 0.00181945 0.0112813 0.00516474 0.0218592 0.0625611 0.000230736 
0.00506209 5.40352e-05 0.049498 0.0582644 0.0321887 0.154013 0.00467952 4.43276e-06 0.00204988 0.0176123 0.0409556 4.90742e-05 0.000176229 0.359499 0.048752 5.07401e-06 0.000688931 0.0109718 0.0111115 0.0134284 0.00446472 0.184623 0.001848 
0.100238 0.000300889 0.0348862 0.0169707 0.036832 0.0921077 0.00201121 8.79304e-06 0.0805928 0.000787094 0.150665 0.00529053 0.000373887 0.0100708 0.176461 1.57297e-05 0.0132511 0.00741887 0.0139133 0.0134817 0.0176987 0.220774 0.00584965 
0.000287318 9.55295e-07 0.485395 0.0209267 0.0790061 0.143702 9.55249e-07 9.53046e-07 0.00812186 9.54061e-07 0.0343944 0.00372105 9.53956e-07 9.54894e-07 0.0917321 9.54171e-07 9.53592e-07 0.0136579 9.55433e-07 0.0283734 0.0256995 0.0649734 9.54282e-07 
3.26449e-05 0.00411242 0.0218935 0.00281572 0.785199 0.0690615 0.000446764 1.29832e-06 0.0114114 2.15603e-06 0.0273586 0.000935093 0.000501421 0.000693458 0.0187483 0.00296948 0.000575615 0.00281313 0.00012101 0.00380721 0.00567088 0.0408285 1.3852e-06 
4.89129e-06 0.00561511 0.00270847 0.00445171 0.236565 0.0268026 0.00246972 7.36994e-08 0.00293988 3.30101e-05 0.0186249 8.58026e-06 0.00145294 0.116647 0.0115919 3.00487e-06 1.91834e-05 0.00018117 0.015738 0.435219 0.0102041 0.10855 0.000169575 
5.45981e-05 0.000298527 0.0128275 0.014109 0.00248748 0.00857881 0.00583516 5.7818e-06 0.044864 0.0103705 0.736495 0.000255433 5.19762e-05 0.0155637 0.0493559 0.00158348 0.000804085 0.0287626 3.42641e-05 0.0229268 0.00474552 0.0398984 9.15523e-05 
4.45932e-05 1.69759e-05 0.0164315 0.00199884 0.0345198 0.694715 2.48571e-08 6.87641e-12 8.66527e-08 1.70469e-08 0.0254404 1.60572e-07 6.61558e-06 0.000147083 0.0836632 3.78165e-09 0.000125876 0.000980843 0.00121127 8.30808e-05 0.00186365 0.138751 1.24436e-08 
0.00235505 0.000789922 0.0284193 0.113953 0.0539267 0.0454352 0.00517558 0.000201071 0.00277017 0.00635159 0.311718 0.00586406 0.000224565 0.00242592 0.10426 0.000585759 0.0887862 0.0109518 0.0163201 0.0112807 0.129258 0.0516496 0.00729772 
0.0195429 2.1753e-05 0.231908 0.189126 0.00340986 0.115722 0.0178364 8.99375e-10 0.0603726 0.00080421 0.101831 2.14283e-07 0.000575934 3.35402e-05 0.0412506 2.67381e-05 1.32619e-06 0.0271426 0.00103022 0.00190017 0.0504672 0.13627 0.000726979 
2.16603e-05 0.0108603 2.16819e-05 0.672171 2.16779e-05 0.0824093 2.16763e-05 2.16263e-05 2.16797e-05 2.16493e-05 0.10625 2.16449e-05 2.16469e-05 2.16682e-05 2.16827e-05 2.16518e-05 2.16387e-05 2.16713e-05 0.0693993 2.16775e-05 2.16782e-05 0.0433846 0.0151796 
0.0240871 0.000223246 0.0217364 0.0149286 0.0159071 0.0648446 0.000753149 4.06967e-05 0.00271317 0.000170508 0.493623 0.0499335 0.000399452 0.00188061 0.167266 5.9119e-05 0.00389015 0.00403425 0.00183316 0.00749309 0.0030519 0.121042 8.9799e-05 
0.000113067 1.11296e-05 0.155556 0.0518605 0.0173242 0.407103 0.00421757 5.86256e-06 0.0318287 4.58402e-05 0.00496936 0.000671066 0.00010733 0.00376114 0.175302 6.61254e-06 0.00950629 0.0137913 0.020745 0.0486873 0.022136 0.0322389 1.22857e-05 
0.620305 6.1192e-05 0.00544832 0.0355324 0.096222 0.00199014 0.0123386 1.83086e-06 0.0164866 4.25712e-05 0.00749491 9.97091e-05 5.64298e-05 0.00404981 0.0232022 6.13709e-06 0.000211024 0.00489172 0.0634976 0.0292727 0.0199693 0.0587828 3.67546e-05 
4.11936e-05 9.26067e-05 8.41049e-05 0.0232589 9.10367e-06 0.00869904 0.00417248 9.66406e-09 0.00186365 7.88018e-05 0.929848 6.06945e-07 3.1646e-05 0.000397841 0.00387003 0.00224913 0.00106353 0.00388678 0.0124829 0.000447808 0.00484877 0.0025717 1.54051e-06 
1.58193e-05 0.83948 0.00127657 0.000312679 0.00076963 0.0023428 4.67262e-05 3.32616e-07 0.00178032 0.110346 0.00644663 0.000544639 8.48083e-05 0.00662271 0.00224148 0.000323221 0.000522965 0.000153547 3.20559e-05 0.00321722 0.000422483 0.0230165 5.25759e-07 
1.26759e-05 6.57992e-06 0.0656186 0.0293237 0.00427024 0.0160087 0.00418642 2.65195e-06 0.0129485 0.00017523 0.13841 0.000402145 0.000154034 0.00628969 0.140593 0.000292293 0.00361892 0.00497937 0.00217685 0.0221547 0.519708 0.019604 0.00906494 
0.00250856 5.30887e-05 0.00420008 0.0117433 0.00671245 0.0774746 0.0002146 4.86936e-05 0.00636223 0.000146484 0.0831277 0.00126076 0.000495468 0.0105899 0.13166 0.000303724 6.72333e-05 0.00290683 0.0280744 0.00762344 0.0182496 0.605911 0.000265486 
5.22164e-06 0.000218612 0.00261696 0.000132089 0.000786383 0.00290323 0.00126789 2.24517e-06 0.613781 0.00203556 0.119771 0.0111648 1.62049e-05 1.56727e-05 0.13449 0.00053441 1.0578e-05 0.00371823 0.00031927 0.00237777 0.0491146 0.0187185 0.0359996 
0.0011761 0.000263699 0.00118941 0.00149054 0.000598023 0.00340824 0.000246747 3.14974e-05 0.00254057 4.79512e-05 0.0222253 0.000514727 0.000473197 0.00105558 0.0243044 5.48493e-05 0.000136871 0.00168277 0.0416245 0.00206575 0.00257272 0.891945 0.000351413 
0.000323103 0.000249812 0.0297949 0.0256783 0.0205396 0.0160087 0.00325097 8.06329e-08 0.00604737 0.0556024 0.0439783 2.42782e-07 9.89725e-07 0.0698293 0.384187 4.62992e-06 3.24023e-05 0.000321549 0.000246058 0.0382805 0.00479435 0.300667 0.000162213 
3.52184e-05 3.57969e-05 0.0273844 0.00463279 0.0334882 0.017863 0.000786829 8.32103e-07 0.280449 6.98149e-05 0.00329325 0.0522416 0.00123712 0.000175238 0.0270349 1.37536e-05 8.17377e-05 0.011428 0.000792135 0.0158966 0.00601786 0.516425 0.000617289 
0.000503397 0.00310491 0.0883224 0.0678186 0.0108583 0.0896075 0.0224866 2.14781e-05 0.00892198 0.000382155 0.0841428 0.000415531 0.000262067 0.00102142 0.375144 0.000180254 4.12023e-05 0.00129197 0.0234514 0.0144156 0.0676038 0.139947 5.59884e-05 
0.000362961 0.519764 0.0103612 0.00286488 0.00516379 0.0105536 0.000303245 1.89444e-06 0.00432591 2.68887e-05 0.0200743 0.000154261 0.000258761 0.0261556 0.0179417 0.000430772 0.15877 0.00410022 0.00416819 0.00314105 0.00264704 0.208362 6.81654e-05 
1.69824e-06 0.0215864 0.0028916 0.0882299 1.69963e-06 0.0013616 0.0146174 1.69558e-06 0.0899196 1.69739e-06 0.0832882 0.0071293 1.6972e-06 0.00849602 0.165582 1.69758e-06 0.00322514 1.69911e-06 0.00561111 0.195285 0.100111 0.20637 0.00628344 
7.07548e-05 0.000362644 0.38294 0.194559 0.100547 0.0462667 0.00295029 2.06885e-05 0.0220279 0.0011804 0.0255051 0.000195094 0.00053688 0.00081584 0.126409 0.000135268 6.17358e-05 0.00568361 0.00125376 0.0370854 0.0152052 0.0360967 9.0415e-05 
0.188391 0.00108846 0.0175164 0.046488 0.0180529 0.00884125 0.00468688 6.01083e-06 0.0782657 4.08808e-05 0.313369 0.00336607 0.000487481 0.00972697 0.0849272 0.000169251 0.000241342 0.0206582 0.0383744 0.0151983 0.0548716 0.095194 3.81434e-05 
0.0534612 0.000330359 0.066253 0.148964 0.0344076 0.0755727 0.00643174 1.40954e-05 0.0205364 0.00197614 0.333723 0.000546998 4.76548e-05 0.00132343 0.0933472 0.0001915 1.82729e-05 0.00109232 0.0242527 0.00893503 0.090733 0.0372601 0.000580976 
5.83829e-05 9.78687e-05 0.0339656 0.0217884 0.0584485 0.0069157 0.0130068 5.25069e-06 0.248824 0.0103805 0.450488 0.00027594 2.6379e-05 0.00348314 0.119172 2.28228e-05 0.00022815 0.00402112 0.00952405 0.00100173 0.0102402 0.00727478 0.000750125 
4.48532e-05 0.000305554 0.00555557 0.00302677 0.00492166 0.000250799 8.22216e-05 1.97566e-07 0.263587 1.21768e-05 0.00875985 0.000286119 4.3743e-05 0.00157396 0.0882995 2.22871e-05 8.42211e-05 0.0308872 0.00916746 0.00218392 0.0162646 0.564459 0.000181254 
0.000215914 0.0045803 0.0461766 0.0114709 0.0239892 0.0455295 0.000834721 6.17876e-10 0.0484819 3.22798e-05 0.00843654 0.000163896 0.000740443 0.00598492 0.0996095 7.88687e-05 1.61451e-05 0.00109386 0.000527514 0.00272177 0.0149017 0.673706 0.0107074 
0.000160556 0.000160682 0.000160716 0.000160719 0.000160687 0.00016071 0.000160674 0.000160304 0.176931 0.000160475 0.659013 0.000160442 0.000160457 0.000160615 0.000160722 0.000160493 0.000160396 0.000160638 0.000160705 0.160844 0.000160689 0.000160713 0.000160512 
0.00337198 0.00585277 0.435153 0.0148066 0.044634 0.061877 0.0195236 1.00976e-05 0.0286387 0.000176058 0.046098 0.026034 0.000319918 0.000301776 0.169637 1.79342e-05 0.00206825 0.00625299 0.0112121 0.0343051 0.0157016 0.0739704 3.67416e-05 
0.000443177 3.05663e-05 0.0673603 0.0154445 0.0224792 0.121225 0.00311683 1.44128e-06 0.0858897 0.00088719 0.00718907 5.36792e-05 0.00011885 0.0125929 0.366103 1.61536e-05 6.96403e-06 0.00208355 0.0133701 0.0600152 0.0135381 0.207306 0.000727941 
0.000943442 8.32451e-05 0.450445 0.0118441 0.0418424 0.019969 0.00139367 8.95035e-07 0.0284793 3.39903e-05 0.0015769 0.00089526 1.44815e-05 0.00104345 0.276033 9.63861e-07 0.000135287 0.00232666 0.00890911 0.0755496 0.00579522 0.0726622 2.30833e-05 
0.0188416 0.00838451 0.175972 0.159914 0.0153662 0.000705229 0.0104784 6.96484e-06 6.98204e-06 6.97225e-06 0.282074 6.97085e-06 6.97149e-06 0.025129 0.15084 6.97306e-06 6.96883e-06 6.97935e-06 6.98228e-06 6.98132e-06 0.113807 0.0384113 6.97387e-06 
0.00012603 0.000881388 0.0752391 0.0248281 0.0267031 0.0822193 0.000745359 4.26224e-05 0.0288976 0.000210588 0.00480474 0.000810016 0.00427969 0.0292015 0.166205 6.52349e-05 0.0109574 0.0109858 0.0371406 0.0576852 0.00599017 0.431914 6.77524e-05 
0.0011843 0.000187002 0.0468254 0.0267101 0.0212604 0.0438862 0.00354114 9.10855e-06 0.0567425 0.00113358 0.382496 0.00173865 2.25443e-05 0.00132748 0.111069 0.000239216 0.0170949 0.0621664 0.0368268 0.0023594 0.0289953 0.153306 0.000877845 
0.620305 6.1192e-05 0.00544832 0.0355324 0.096222 0.00199014 0.0123386 1.83086e-06 0.0164866 4.25712e-05 0.00749491 9.97091e-05 5.64298e-05 0.00404981 0.0232022 6.13709e-06 0.000211024 0.00489172 0.0634976 0.0292727 0.0199693 0.0587828 3.67546e-05 
0.00146269 0.0139272 0.12505 0.0281551 0.0255296 0.0483948 0.00974387 4.83292e-05 0.0329948 0.000656076 0.0102541 0.00103393 0.000682666 0.00468615 0.513125 6.6461e-05 0.000938344 0.0124741 0.0230585 0.0244386 0.00981429 0.112765 0.000700919 
0.0020398 9.98733e-05 0.0238375 0.0833881 0.0190925 0.0570888 0.0100528 1.77813e-05 0.0176037 0.00959183 0.0570949 2.69345e-05 0.000349254 0.00247519 0.391365 5.89639e-05 0.000288273 0.010334 0.0259778 0.00843713 0.0168913 0.262079 0.00180969 
0.00057325 0.000358214 0.0476531 0.0301769 0.00465201 0.00156528 0.000543246 1.82214e-09 0.0301066 9.78687e-06 0.04521 5.90588e-07 2.32692e-05 0.00607493 0.0622684 0.0016217 0.000418854 0.0073437 0.00922995 0.00132479 0.0370773 0.713766 2.36941e-06 
0.569266 4.62738e-05 0.00284841 0.000933391 0.000550136 0.000893003 3.18365e-05 2.59366e-05 0.00185618 0.000220338 0.396733 0.000311662 0.000198449 0.000687725 0.0015889 0.00019189 5.26795e-05 0.00235843 8.1787e-05 0.0205 0.000276513 0.000313777 3.37612e-05 
0.763097 8.2252e-05 0.00310529 0.0447028 0.00239931 0.00150009 0.000385731 1.28441e-07 0.000548667 8.07975e-06 0.00439093 3.81128e-05 0.000135059 0.033648 0.0462761 2.36366e-06 0.000812998 0.000248365 0.0531824 0.0027832 0.00571228 0.0369384 1.90241e-06 
0.757788 0.000159295 0.024719 0.0298692 0.0191471 0.00449238 0.00740504 3.54379e-06 0.00786044 6.13312e-05 0.0113767 0.0010523 0.00526266 0.00129339 0.0169915 9.95509e-06 4.44343e-05 0.00557561 0.0223213 0.0529915 0.00670264 0.0248676 5.25631e-06 
3.54804e-05 0.00282185 0.00874769 0.00506529 0.00475586 0.00198664 0.000725765 4.41174e-09 0.112857 3.74e-08 0.00218833 0.00153176 0.000412881 0.000847469 0.0562228 1.91651e-05 2.23311e-05 0.00704208 0.00182212 0.0203591 0.00497345 0.767562 2.29315e-08 
3.90969e-07 0.0436419 0.0569164 0.00583655 0.00187751 0.0562491 0.000161558 6.80812e-10 0.00147146 0.000182103 0.188441 4.15563e-06 9.55635e-08 0.00101306 0.195988 7.31038e-06 0.00169263 0.000425532 0.000210379 0.000106871 0.0279381 0.417832 3.2503e-06 
0.00140928 0.00235363 0.116845 0.0263021 0.0616585 0.121815 0.0154258 0.00014375 0.0641013 0.00129179 0.0183878 0.00428571 0.00129609 0.00336744 0.312985 0.000185112 0.000595006 0.0178263 0.0208754 0.0323777 0.0243045 0.149801 0.00236707 
1.13692e-06 1.13782e-06 0.449646 0.0100162 0.0781713 0.092294 1.13776e-06 1.13514e-06 0.014453 1.13635e-06 1.13791e-06 0.000114748 0.00306893 0.00170714 0.231263 1.13648e-06 1.13579e-06 1.1375e-06 1.13798e-06 0.0851103 1.13786e-06 0.0341422 1.13661e-06 
0.000367572 0.000137055 0.0639951 0.148933 0.0023191 0.0278996 0.015248 5.83382e-06 0.0100208 0.000111415 0.236012 0.000345197 4.9965e-05 0.0127327 0.119161 2.3384e-05 0.00010121 0.0181895 0.075403 0.0343449 0.169084 0.0646736 0.000842466 
0.324948 0.0234669 0.00315797 0.0283657 0.00768075 0.0050603 0.000575975 6.54614e-10 0.00750489 0.00416974 0.127122 0.000565987 5.43286e-06 0.0170276 0.0661828 7.07948e-06 0.00160819 0.00181939 0.00113412 0.00172671 0.0027787 0.375035 5.66159e-05 
0.00192736 0.0114005 0.0624668 0.0261689 0.00727496 0.00250611 0.0287789 0.000148618 0.0378986 0.00191795 0.281884 0.00100015 0.000188153 0.0115252 0.0745962 0.296877 0.00324927 0.000586312 0.024328 0.101647 0.00465272 0.0186854 0.000292296 
2.60469e-06 7.30402e-07 0.372798 0.00156659 0.00423323 0.0183034 0.000155945 3.72757e-07 0.15704 1.59924e-05 0.276586 4.92634e-06 5.35068e-05 3.28322e-06 0.123579 9.13195e-07 8.06102e-07 0.00150882 1.23753e-05 0.0264885 0.000635336 0.0170097 4.85521e-07 
0.0299288 0.00608102 0.1409 0.00184324 0.34663 0.175756 0.000308267 2.44875e-07 0.0570904 0.000165818 0.0767834 4.64953e-06 0.0158061 0.00255275 0.0127937 6.20036e-06 0.0131696 0.0426451 3.08985e-05 0.000199446 0.00638213 0.070646 0.000276542 
0.000521313 0.00894596 0.0921335 0.0239489 0.0272934 0.0474843 0.00377724 4.78922e-05 0.0964588 0.00124906 0.0228529 0.00188697 0.00117295 0.00562247 0.219669 8.21579e-05 0.000123135 0.00974068 0.0217708 0.0418414 0.0169805 0.35621 0.000186818 
0.0290694 5.38647e-06 0.0625016 0.615279 5.38663e-06 0.0188613 0.0253206 5.37379e-06 5.38707e-06 5.37951e-06 0.025324 5.37843e-06 5.37892e-06 5.38421e-06 5.3878e-06 5.38013e-06 5.37687e-06 5.38499e-06 5.38725e-06 5.38651e-06 0.196081 0.0274817 5.38076e-06 
0.000533383 0.0034411 0.149929 0.0100888 0.0126939 0.0395404 0.00345466 5.44114e-06 0.0303545 9.84352e-05 0.00947536 0.000240285 2.32388e-05 0.164855 0.136092 9.64386e-06 0.000799502 0.0042644 0.0101596 0.350175 0.00853111 0.0652128 2.19785e-05 
0.983019 1.38952e-05 1.38981e-05 1.38983e-05 1.38956e-05 1.38975e-05 1.38945e-05 1.38624e-05 1.38967e-05 1.38772e-05 0.0166895 1.38744e-05 1.38757e-05 1.38893e-05 1.38986e-05 1.38788e-05 1.38704e-05 1.38913e-05 1.38972e-05 1.38952e-05 1.38957e-05 1.38978e-05 1.38804e-05 
0.00209393 0.0018238 0.0334718 0.13796 0.0255896 0.0198844 0.0141036 2.19896e-09 0.0144347 1.54417e-06 0.390639 0.00128967 2.16665e-07 0.0305893 0.0388874 0.000124742 0.000822356 0.0163453 0.0099262 0.15613 0.074366 0.0315153 6.91323e-07 
0.00121273 0.00531274 0.00822554 0.0230396 0.0186085 0.0729091 0.000682946 9.66889e-09 0.00389029 2.0655e-05 0.00278824 0.00146255 0.000364501 0.0156782 0.230698 8.34193e-07 4.19742e-05 0.000180453 0.052611 0.0283724 0.000544887 0.533354 1.05927e-08 
3.10543e-07 0.000746201 0.218064 0.119214 0.0515302 0.020609 0.0259498 3.10056e-07 0.0246485 0.0135331 0.0394737 3.10323e-07 0.00381764 3.10657e-07 0.0598727 3.10422e-07 3.10234e-07 0.00459871 0.0229397 0.0336899 0.333614 0.0276967 3.10458e-07 
0.0747288 6.15289e-05 0.00267928 0.0923714 0.00618295 0.437547 0.00337222 4.08916e-08 0.00062388 0.0800795 0.108111 0.000215105 0.000144819 0.00145112 0.00314417 3.26955e-05 3.26505e-05 0.000276578 0.000595475 0.00322994 0.00863283 0.176437 4.98469e-05 
4.08739e-07 5.20423e-05 0.0349215 0.0990144 0.00816834 0.066572 0.0264499 4.08033e-07 0.0601274 3.92326e-05 0.117379 0.000184362 1.21264e-06 0.000649311 0.229968 3.30033e-05 9.73144e-06 0.00086216 0.0073063 0.0983711 0.136205 0.113677 8.59441e-06 
0.00863447 0.00761713 0.0994636 0.0384757 0.219678 0.0579692 0.00544768 2.52677e-05 0.0523652 0.00024829 0.0776579 0.00208696 0.0114082 0.00533352 0.129487 3.21658e-05 0.000382055 0.0101826 0.0256019 0.0846334 0.0180538 0.145125 9.09819e-05 
0.00506399 0.000321294 0.0364103 0.0319863 0.0129332 0.165088 0.000264156 1.79768e-07 0.00268364 2.45596e-06 0.127765 0.000349041 0.000156202 0.00301772 0.024133 2.69479e-05 0.00217564 0.00586775 0.0150996 7.97854e-05 0.00741019 0.559114 5.18675e-05 
0.00347636 0.0185824 0.0607006 0.0257486 0.00589462 0.0100921 0.0218727 3.03888e-05 0.0904924 0.000562225 0.0568117 0.0105852 0.00501352 0.0100812 0.326652 0.000714159 0.00252051 0.00142703 0.0144047 0.0205175 0.044737 0.269052 3.07986e-05 
5.14805e-06 0.000500335 0.00155301 0.0387616 0.00136745 0.0285617 0.00189212 4.09122e-10 0.01215 0.0191597 0.11258 0.64382 0.000793861 0.00621363 0.0261691 1.71964e-07 0.0281987 0.00262665 0.000140144 0.000552717 0.0617903 0.0131609 2.42521e-06 
3.76667e-05 0.00104352 0.239281 0.0400358 0.0169965 0.0211146 0.015633 2.99282e-06 0.230909 1.17291e-05 0.0147807 0.00278462 0.000367316 0.0101601 0.0433419 9.12973e-06 0.000222712 0.010245 0.0547641 0.238449 0.0291628 0.0305759 7.21879e-05 
0.161144 0.000614388 0.0401688 0.161532 0.00489476 0.0283741 0.00599358 2.96239e-06 0.00792901 0.000512345 0.258084 0.0258233 6.12136e-06 0.0192817 0.102252 6.7773e-06 1.02636e-05 0.0194022 0.00899401 0.0300467 0.0273969 0.0637306 0.0337998 
0.00270302 0.0119219 0.0598429 0.0205595 0.0125552 0.0183852 0.0022526 5.91267e-05 0.083445 0.0017338 0.122513 0.00143755 0.000120914 0.00840507 0.331728 0.000240571 0.00106511 0.0318475 0.0243614 0.0455956 0.0108113 0.208301 0.000115347 
0.000594303 0.0011185 0.00107047 0.0111876 0.00630881 0.0327585 9.42624e-05 1.58611e-06 0.00402587 0.124121 0.0625129 0.0915404 0.000170268 0.0152033 0.161112 7.11416e-06 0.00037399 0.00450978 0.00499052 0.00986461 0.00551501 0.462718 0.000200494 
2.23409e-05 2.23585e-05 2.23632e-05 0.096186 2.23591e-05 2.23623e-05 2.23574e-05 2.23058e-05 2.2361e-05 2.23296e-05 0.0223827 2.23251e-05 2.23271e-05 2.23491e-05 2.2364e-05 2.23322e-05 2.23186e-05 2.23523e-05 2.23617e-05 2.23586e-05 0.880984 2.23628e-05 2.23348e-05 
0.00412632 0.000127296 0.0167328 0.0573849 0.0111619 0.0484835 0.0126516 1.02898e-06 0.0303167 0.0019104 0.679363 1.09709e-05 7.43598e-05 5.98597e-05 0.0269574 0.00729522 0.00182493 0.00525597 0.000337308 0.00176528 0.0803784 0.012899 0.00088157 
3.05336e-07 3.05577e-07 0.114799 0.0178195 0.0805834 0.0587728 0.00440039 3.04857e-07 0.0147307 0.00106844 0.0456573 3.0512e-07 3.05148e-07 0.13678 0.163921 3.05217e-07 3.05032e-07 3.05493e-07 0.00446237 3.05579e-07 0.0435163 0.309365 0.00412121 
0.00464763 0.000112689 0.320287 0.269933 0.0125395 0.0236192 0.0233223 9.94959e-07 0.0504857 4.1286e-05 0.074019 4.10885e-05 0.000247378 0.000935938 0.0818807 2.576e-05 0.000145475 0.0023227 0.00621759 0.0474208 0.0763913 0.00535897 3.86994e-06 
3.74558e-05 0.00144425 0.0123584 7.57699e-05 0.0207305 0.131257 1.76136e-06 6.31901e-09 0.0111406 1.40454e-06 0.00324403 5.24476e-05 0.000176331 9.6201e-05 0.0616795 7.26595e-08 9.09232e-08 0.00585939 8.36348e-06 0.000735694 0.000339424 0.750762 5.30669e-08 
2.47356e-06 2.47551e-06 2.47603e-06 0.00743069 0.0118853 2.47593e-06 0.0111417 2.46968e-06 2.47578e-06 2.47231e-06 0.265152 0.00371019 2.47204e-06 0.0195508 2.47612e-06 0.00074425 2.4711e-06 0.628609 2.47587e-06 0.0259955 0.0257488 2.47598e-06 2.47288e-06 
3.44832e-05 0.000131198 0.0103775 0.00306758 0.00104293 3.10701e-05 0.0471317 6.39179e-07 0.135356 2.22263e-06 0.0979205 0.000282032 0.00100912 0.273737 0.00381944 0.00040865 0.257045 0.000496685 0.00360291 0.00143176 0.0376472 0.117444 0.00798095 
0.000525076 0.0051 0.00338781 0.00309651 0.0348204 0.0555102 3.61403e-05 5.69647e-07 0.0286525 4.22534e-05 0.0314212 1.10476e-05 0.000233457 0.0295376 0.00176003 5.85701e-05 0.00277543 0.00797284 0.00020615 0.00350255 0.0200388 0.770508 0.000802431 
0.0333216 0.0111175 0.0333549 0.0340651 0.0856154 0.118742 0.0236505 2.35936e-06 0.0113553 2.36187e-06 0.373929 2.3614e-06 2.36161e-06 0.0361705 0.0749891 2.36215e-06 2.36071e-06 2.36428e-06 2.36527e-06 0.064329 0.0775752 0.0217639 2.36242e-06 
0.00135288 7.56406e-05 0.0795006 0.0785988 0.00386715 0.0201247 0.00706739 2.13119e-05 0.0238738 0.00284157 0.607654 0.0152315 8.66351e-05 0.00719881 0.0767429 0.00230116 8.10408e-05 0.00238854 0.0213528 0.00579028 0.0182911 0.0254815 7.62945e-05 
0.000990858 0.00196379 0.0130031 0.077738 0.0220311 0.0541429 0.00398726 3.85466e-05 0.00594007 0.018902 0.286629 0.000678902 7.45355e-05 0.0175371 0.171341 0.000173312 0.0179221 0.000862595 0.0370306 0.00736651 0.0317742 0.229746 0.000126489 
0.00403714 0.0077607 0.0327667 0.123022 0.0549632 0.042225 0.0155454 8.66242e-06 0.0131915 0.000681476 0.458049 0.000356643 4.57139e-05 0.0393349 0.0411798 4.65551e-05 0.00809445 0.0249743 0.00277905 0.0233402 0.0429318 0.0621499 0.00251599 
0.0275529 2.5045e-05 2.50503e-05 0.443422 2.50457e-05 2.50493e-05 0.0325818 2.4986e-05 2.50477e-05 0.00252628 0.17786 2.50076e-05 2.50099e-05 2.50345e-05 0.130292 2.50155e-05 2.50003e-05 2.50381e-05 2.50486e-05 2.50451e-05 0.185366 2.50498e-05 2.50184e-05 
0.00702124 0.000222536 0.0725686 0.0694881 0.0120062 0.0283483 0.00531042 9.01383e-05 0.103051 0.0141779 0.341845 0.000221672 0.000467513 0.00351609 0.227474 0.00360206 0.000194257 0.00978563 0.053007 0.0112472 0.00591205 0.0296849 0.000758859 
0.000230529 0.0389432 0.00867216 0.0263084 0.0249692 0.00175354 0.00397565 4.81322e-05 0.0055389 0.000217682 0.212885 0.00126643 0.00254954 0.0120966 0.0122366 0.000213541 0.50939 0.00513626 0.00241839 0.00619127 0.0264612 0.0980105 0.000487346 
0.000474933 2.14815e-05 0.0240616 0.10249 0.0903753 0.00473452 0.0216868 2.57984e-07 0.0351548 0.000513768 0.192496 0.00325969 1.74223e-06 0.0019191 0.014375 3.30517e-07 0.000113645 0.00709524 0.00201979 0.00701976 0.0873031 0.40488 3.37973e-06 
3.57816e-05 3.58097e-05 0.211358 3.58179e-05 3.58108e-05 3.58159e-05 0.00719742 3.57255e-05 3.58137e-05 0.0322229 0.633922 3.57563e-05 3.57596e-05 3.57947e-05 0.114655 3.57676e-05 3.57459e-05 3.57999e-05 3.58149e-05 3.581e-05 3.58113e-05 3.58166e-05 3.57718e-05 
0.00121403 0.00121498 0.00121524 0.00121526 0.00121502 0.00121519 0.00121492 0.00121212 0.00121512 0.00121341 0.973283 0.00121317 0.00121328 0.00121447 0.00121528 0.00121355 0.00121282 0.00121465 0.00121516 0.00121499 0.00121503 0.00121522 0.00121369 
0.000402985 0.00404098 0.0477045 0.0236233 0.0158679 0.0241003 0.00337645 2.99498e-05 0.0516967 0.00588749 0.402836 0.00334502 0.000983143 0.00393761 0.162517 0.0573864 0.00490014 0.00374378 0.00515262 0.0257406 0.0387711 0.108964 0.00499227 
0.000594303 0.0011185 0.00107047 0.0111876 0.00630881 0.0327585 9.42624e-05 1.58611e-06 0.00402587 0.124121 0.0625129 0.0915404 0.000170268 0.0152033 0.161112 7.11416e-06 0.00037399 0.00450978 0.00499052 0.00986461 0.00551501 0.462718 0.000200494 
2.48721e-05 4.04171e-06 0.0109629 0.00097391 0.01055 0.00799424 5.98665e-05 3.05226e-10 0.480092 4.41461e-07 6.63005e-05 1.57333e-05 0.00104078 9.59878e-05 0.0969111 6.63389e-06 5.72811e-08 0.00220935 0.000377006 0.00456063 0.000926473 0.383127 3.2421e-07 
0.000509221 3.21334e-05 0.370198 0.220319 0.0108134 0.0905013 0.00809409 2.11346e-07 0.00820279 7.1503e-05 0.034932 3.67106e-05 3.46405e-06 0.000140689 0.155363 1.73654e-06 1.12314e-05 0.00456471 0.00401479 0.0022641 0.0621789 0.0275739 0.000173102 
0.000170524 3.81496e-06 0.0125223 0.000526192 0.0105236 0.00876767 1.52612e-05 1.18575e-08 0.0126934 1.21319e-05 0.000259462 1.34986e-05 0.000269694 0.00205255 0.237644 7.83724e-07 1.2575e-08 0.00294928 0.000913141 0.0024633 0.0011396 0.70706 6.49006e-08 
0.00408162 0.000108021 0.0283208 0.0146986 0.0137107 0.0368268 0.00114276 1.03494e-05 0.072805 0.00454096 0.0798708 0.00123965 0.00484282 0.00251336 0.39822 0.000147191 7.60506e-05 0.0041274 0.0429847 0.192513 0.00829527 0.0872826 0.00164174 
0.162607 0.0399601 0.0175964 0.0126553 0.0117841 0.0174769 0.00142089 5.56307e-05 0.0243206 0.0108431 0.0334658 0.000772622 0.00011377 0.00250986 0.0457903 0.419051 0.00022839 0.00541948 0.0103083 0.127352 0.0178302 0.0380989 0.000339973 
2.8005e-05 0.000446315 0.0776784 0.00330914 0.00727483 0.0126599 0.000602842 8.09567e-06 0.0321044 0.00418917 0.0151804 0.00127181 8.43698e-05 0.000897128 0.034842 8.55624e-06 0.00108235 0.0196924 0.015106 0.49667 0.0247769 0.252072 1.45606e-05 
7.54332e-07 7.54926e-07 7.55087e-07 0.798893 0.0123064 0.0200852 0.0127584 7.53149e-07 0.0113259 7.53951e-07 0.00649367 7.53799e-07 0.00927335 7.5461e-07 0.0268073 7.54038e-07 0.00648154 0.0421896 0.0071736 0.0106453 0.0355592 7.55071e-07 7.54125e-07 
0.000186369 0.000493089 0.0100179 0.0319046 0.0144306 0.0168918 0.000412999 1.82585e-05 0.137582 0.010103 0.614726 0.00280223 3.97068e-05 0.000758376 0.01816 0.0468956 0.000234596 0.0115501 0.00070855 0.00380621 0.0705966 0.0073116 0.000369088 
0.000518721 9.68831e-05 0.0334782 0.0305192 0.708215 0.0532016 0.000224699 1.10528e-05 0.0124471 4.84241e-05 0.0188613 2.86177e-05 0.000217633 0.00256875 0.0462699 0.000843519 2.324e-05 0.00423454 0.00373138 0.00301759 0.00818946 0.0573008 0.0159523 
0.0838399 0.00243276 0.0480602 0.0165038 0.0795446 0.0743396 0.00339495 8.56654e-07 0.0327956 0.00098707 0.381846 7.93155e-05 0.0172267 0.000328755 0.0403133 1.35702e-06 7.37004e-05 0.0562887 0.000119955 0.0242067 0.0527176 0.0842284 0.000669825 
0.0158621 5.4721e-06 5.47326e-06 0.386423 0.0744282 0.147777 5.47183e-06 5.45922e-06 0.01916 5.46503e-06 5.47257e-06 5.46393e-06 5.46443e-06 5.4698e-06 5.47345e-06 5.46566e-06 5.46235e-06 5.47059e-06 5.47289e-06 5.47214e-06 0.219993 0.122057 0.0142178 
1.53414e-05 1.53535e-05 1.53567e-05 0.442295 0.00155074 1.53561e-05 1.53527e-05 1.53173e-05 1.53552e-05 1.53336e-05 0.429948 0.0168789 1.53319e-05 1.5347e-05 0.0890879 1.53354e-05 1.53261e-05 1.53492e-05 1.53557e-05 1.53536e-05 1.53541e-05 0.0199787 1.53372e-05 
0.000470688 0.00188846 0.0120674 0.0371594 0.0130684 0.0434118 3.38054e-05 7.40727e-06 0.0198365 0.00514157 0.288816 9.84139e-05 1.64035e-05 0.00409904 0.365858 0.000500223 0.000397878 0.0372963 0.0105777 0.0243564 0.0629021 0.0575589 0.0144368 
4.60892e-05 0.00110533 0.0081487 0.0629176 0.000371849 0.00519834 0.00138326 2.64658e-06 0.00272044 0.000208082 0.790461 1.38515e-05 2.1044e-05 0.00141747 0.041511 7.42931e-05 0.0391243 0.000686319 0.00206249 0.0114755 0.00918923 0.0218527 8.65747e-06 
4.03933e-05 0.0799776 0.029039 8.98911e-05 0.0746109 0.0592478 3.34276e-05 1.50691e-07 0.0109599 3.44823e-06 0.00780005 0.000404748 0.00132028 0.0288236 0.090721 1.23165e-06 7.17432e-05 0.00410484 0.00287129 0.0242003 0.000382795 0.585295 5.57493e-07 
3.02925e-07 3.03163e-07 0.0167081 0.106101 0.0120059 0.146271 0.0122475 3.02449e-07 0.0453888 3.02772e-07 0.051603 0.00305768 3.02738e-07 0.00415188 0.338506 3.02806e-07 3.02623e-07 0.00584975 0.0109157 0.0486282 0.115541 0.0830222 3.02842e-07 
0.00182751 9.0584e-06 0.231134 0.150287 0.0475953 0.0911441 0.0896898 1.11611e-07 9.84397e-05 3.57875e-05 0.115168 0.0141571 0.000550995 0.0425478 0.110005 1.27646e-07 0.00543709 0.0499827 0.0119918 0.000539487 0.011169 0.014041 0.0125894 
0.000100801 3.81287e-05 0.00852918 0.00316419 0.000935325 0.000569958 0.00042125 2.54316e-07 0.246149 0.00125566 0.37001 3.18123e-05 1.7309e-06 0.000296527 0.329302 0.000859162 2.75965e-05 0.00049637 0.000861519 0.0190016 0.00247645 0.0154704 7.87148e-07 
0.00114533 8.37919e-05 0.0438795 0.0600521 0.0385128 0.204281 0.00674994 2.55582e-05 0.0257471 5.33508e-05 0.0658417 0.000388081 0.000375251 0.000887834 0.149282 7.04607e-05 9.78645e-05 0.00209254 0.000215855 0.00827676 0.257665 0.128794 0.00548175 
0.00168571 5.67071e-06 0.466214 0.00377041 0.00193756 0.0174443 0.00142091 4.96806e-09 0.373349 4.77934e-08 0.00220165 1.49879e-05 2.85797e-06 1.16197e-05 0.018957 1.99105e-06 0.000222785 0.00791746 0.0128308 0.0439213 0.00298827 0.0450964 4.46012e-06 
0.0136959 0.00276202 0.0976998 0.052366 0.00366347 0.0240912 0.00518833 6.35487e-05 0.0442474 0.000206684 0.129404 0.0113992 0.000486452 0.00554345 0.40192 0.00013961 0.000585454 0.0114467 0.0422858 0.0355608 0.0210975 0.0959143 0.000233118 
4.46031e-07 4.46382e-07 0.156714 4.46485e-07 0.000893238 0.119785 4.46361e-07 4.45332e-07 0.0296882 4.45806e-07 0.0138841 0.00267474 0.00325447 0.00312382 0.246866 0.00102592 4.45587e-07 4.4626e-07 4.46447e-07 0.0169185 0.319579 0.0855884 4.45909e-07 
5.14805e-06 0.000500335 0.00155301 0.0387616 0.00136745 0.0285617 0.00189212 4.09122e-10 0.01215 0.0191597 0.11258 0.64382 0.000793861 0.00621363 0.0261691 1.71964e-07 0.0281987 0.00262665 0.000140144 0.000552717 0.0617903 0.0131609 2.42521e-06 
0.00057325 0.000358214 0.0476531 0.0301769 0.00465201 0.00156528 0.000543246 1.82214e-09 0.0301066 9.78687e-06 0.04521 5.90588e-07 2.32692e-05 0.00607493 0.0622684 0.0016217 0.000418854 0.0073437 0.00922995 0.00132479 0.0370773 0.713766 2.36941e-06 
3.02925e-07 3.03163e-07 0.0167081 0.106101 0.0120059 0.146271 0.0122475 3.02449e-07 0.0453888 3.02772e-07 0.051603 0.00305768 3.02738e-07 0.00415188 0.338506 3.02806e-07 3.02623e-07 0.00584975 0.0109157 0.0486282 0.115541 0.0830222 3.02842e-07 
0.000303025 6.77127e-05 0.0147355 0.0123405 0.00795182 0.00468928 0.00129731 7.57362e-08 0.00162315 0.00399978 0.0612169 5.99971e-05 2.30154e-06 0.753374 0.066876 3.60358e-06 0.000137856 0.000542084 0.000518515 0.0243001 0.00853836 0.0363508 0.00107169 
0.00128596 0.0029997 0.156538 0.023733 0.0438242 0.411832 0.00541423 2.43441e-05 0.0582633 0.00400773 0.0573289 0.00276961 0.00230296 0.00424618 0.0774579 5.00998e-05 8.39052e-05 0.0126533 0.0213214 0.0514334 0.00654567 0.038494 0.0173897 
1.30424e-05 0.0313395 1.30554e-05 0.118819 1.3053e-05 1.30549e-05 0.0352535 1.30219e-05 1.30541e-05 1.30358e-05 0.126635 1.30332e-05 1.30344e-05 0.45014 0.0639871 1.30373e-05 1.30294e-05 1.30491e-05 1.30546e-05 0.101825 0.0718058 1.30552e-05 1.30388e-05 
0.00686311 0.0254051 0.0324871 0.0117779 0.0326928 0.245364 0.000744732 4.47522e-10 0.0221358 1.0297e-05 0.0557784 0.0137758 0.000291367 0.00203548 0.1662 0.000169948 0.000202471 0.0089172 0.0365605 0.00544064 0.0185106 0.314624 1.26851e-05 
0.00204487 7.19799e-06 0.0168629 0.0138524 0.0136786 0.0177557 0.00183067 2.47747e-06 0.449751 2.03377e-05 0.0222425 0.0271646 0.000223602 0.000197364 0.123805 5.10928e-05 0.000104638 0.00753866 0.0100549 0.0424061 0.0195817 0.228482 0.00234257 
9.58005e-05 1.10094e-08 0.227543 0.00218484 0.000626235 0.00278258 0.000421523 1.85275e-10 0.593374 2.99886e-07 0.0101751 1.52882e-05 7.29541e-08 1.54051e-07 0.00462713 2.48846e-05 7.42166e-06 0.0368867 1.06217e-06 0.00673314 5.3979e-07 0.1145 8.35062e-08 
0.0182851 0.00374886 0.137264 0.0624332 0.0150086 0.0311326 0.0281093 2.91586e-05 0.138046 0.0107816 0.0277175 0.000807317 0.0010481 0.00462075 0.210591 0.000127631 0.00132426 0.0122782 0.0238161 0.177615 0.0158902 0.0792382 8.71244e-05 
2.9279e-07 3.23082e-06 0.00497037 0.000527387 0.00244516 0.0104378 7.66022e-05 1.82595e-11 0.00280578 1.03145e-08 0.000190086 3.64815e-08 3.77646e-08 0.000218371 0.273355 2.34313e-09 3.46928e-10 0.000218565 0.000580036 0.00209766 0.00134126 0.700732 4.00161e-08 
0.000993044 6.00463e-05 0.276652 0.119153 0.00957963 0.139251 0.0088782 2.89718e-05 0.0881564 0.000110567 0.0187743 0.000786004 0.000635378 0.00259591 0.226895 0.000111926 4.02323e-05 0.0248525 0.000506112 0.0300408 0.0231559 0.0285629 0.000180654 
0.00172849 0.00042528 0.187584 0.0170527 0.059516 0.0668095 0.00263412 8.39359e-05 0.168694 0.000467444 0.00877173 0.000541175 0.000218676 0.00183373 0.28884 0.000963293 0.000105033 0.023889 0.0136192 0.0375693 0.0465352 0.0704534 0.00166451 
0.0100724 0.000192335 0.0444807 0.0993327 0.00511499 0.0362789 0.0351657 6.40979e-05 0.00276012 0.00464148 0.568807 7.74876e-05 9.96727e-05 0.00575054 0.0540581 0.000745867 0.000144571 0.0041657 0.0326264 0.00364494 0.064728 0.0267599 0.000288568 
0.00289443 0.0010925 4.74893e-07 0.00246996 0.0703191 0.0187105 4.74769e-07 4.73675e-07 0.021321 4.74179e-07 0.00992452 0.0126112 0.00203922 0.0131467 0.139054 4.74234e-07 0.00715706 0.00208899 4.74861e-07 0.0565961 4.74812e-07 0.640571 4.74289e-07 
0.00168571 5.67071e-06 0.466214 0.00377041 0.00193756 0.0174443 0.00142091 4.96806e-09 0.373349 4.77934e-08 0.00220165 1.49879e-05 2.85797e-06 1.16197e-05 0.018957 1.99105e-06 0.000222785 0.00791746 0.0128308 0.0439213 0.00298827 0.0450964 4.46012e-06 
0.00304461 0.00186568 0.0102882 0.00548428 0.0969147 0.00345717 0.000213264 3.73448e-07 0.384264 3.93543e-06 0.0149865 7.06861e-05 0.000208692 0.000148111 0.0118749 2.83105e-05 0.000165732 0.360876 0.000297633 0.00957763 0.00368779 0.0925191 2.28162e-05 
0.000507542 0.0152256 0.288824 0.315586 0.0905972 0.0454951 0.0214292 1.273e-08 0.000710247 6.24266e-05 0.0410724 5.79575e-07 2.32331e-05 0.000471659 0.044263 2.22543e-07 7.04774e-05 0.00498421 0.00124177 0.00644432 0.021785 0.101206 1.52536e-07 
2.15815e-05 6.77424e-07 0.0733761 0.0157985 0.0615444 0.218898 0.00050939 9.71093e-09 0.000385611 3.29925e-07 0.433929 0.000178014 0.0147352 0.000154403 0.00308098 0.000200443 3.9548e-06 0.0889124 8.7263e-05 3.01728e-05 0.0348326 0.0533211 2.4159e-07 
4.79761e-05 0.0333521 0.0438543 0.00170944 0.00334056 0.0102484 4.9496e-05 8.83406e-09 0.022727 1.8587e-08 0.0239738 7.71493e-05 8.98631e-05 0.00135486 0.0539349 0.000538821 0.510448 0.00885718 0.00201426 0.00182904 0.0030105 0.278541 7.91392e-07 
3.78071e-05 0.395627 0.0361266 0.00667526 0.0128706 0.0131654 0.00116337 1.87787e-05 0.041521 0.000370622 0.118116 0.00248331 0.000169128 0.0172503 0.195529 0.000546148 0.00231694 0.0101846 0.00229928 0.0471434 0.0121851 0.0823822 0.0018178 
1.13692e-06 1.13782e-06 0.449646 0.0100162 0.0781713 0.092294 1.13776e-06 1.13514e-06 0.014453 1.13635e-06 1.13791e-06 0.000114748 0.00306893 0.00170714 0.231263 1.13648e-06 1.13579e-06 1.1375e-06 1.13798e-06 0.0851103 1.13786e-06 0.0341422 1.13661e-06 
5.27876e-05 0.00557613 0.106032 0.00690449 0.0109981 0.0328531 0.000343311 1.66271e-08 0.0163323 1.60125e-05 0.00195866 0.000218008 7.18944e-05 0.00069343 0.15139 2.96174e-05 0.00284015 0.00753484 0.019521 0.0587035 0.0148363 0.563091 3.33785e-06 
0.000287318 9.55295e-07 0.485395 0.0209267 0.0790061 0.143702 9.55249e-07 9.53046e-07 0.00812186 9.54061e-07 0.0343944 0.00372105 9.53956e-07 9.54894e-07 0.0917321 9.54171e-07 9.53592e-07 0.0136579 9.55433e-07 0.0283734 0.0256995 0.0649734 9.54282e-07 
4.11878e-06 2.00897e-05 0.0109145 0.0971132 0.0270778 0.0891958 0.000442387 1.61915e-07 0.0028792 0.000331287 0.660414 0.00129477 6.55637e-06 0.0191111 0.0151702 3.48009e-06 2.68282e-05 0.00166302 0.000800596 0.015677 0.0413437 0.0118406 0.00466966 
0.0306353 3.03474e-05 0.00916264 0.0100253 0.0104315 0.0284775 0.105626 1.26098e-10 0.00135336 0.000564461 0.00164094 3.81785e-06 1.47199e-07 0.0429251 0.393627 2.26617e-07 1.82154e-08 0.000345183 0.0838153 0.00914934 0.00284467 0.268232 0.00110905 
0.00015503 0.000123478 0.118403 0.0371952 0.0179224 0.53326 0.00934436 1.50131e-06 0.00290392 0.000135103 0.0279162 0.000946683 7.27245e-05 0.000475353 0.153217 5.69456e-05 6.94949e-05 0.000390013 0.000295223 0.00415729 0.0258321 0.0671225 5.61395e-06 
0.000548456 9.39281e-05 0.407209 0.0427339 0.017534 0.110224 0.0224813 4.27746e-06 0.00877135 8.01448e-06 0.0166139 0.0245965 0.0310397 0.000261642 0.15327 9.24766e-05 0.0037674 0.0188672 0.00794435 0.011779 0.0706829 0.0514596 1.6592e-05 
8.2225e-06 0.0123517 8.23072e-06 8.23086e-06 8.22921e-06 8.23039e-06 8.22857e-06 8.2096e-06 0.186827 0.061646 0.395032 8.21668e-06 0.0221953 8.22552e-06 0.100427 8.21929e-06 0.000829644 8.2267e-06 8.23016e-06 8.22903e-06 0.124271 0.0963057 8.22024e-06 
0.000888766 0.00926042 0.118178 0.0411019 0.0512295 0.271375 0.00563226 1.4083e-07 1.41178e-07 0.000930612 0.090733 1.40952e-07 0.00102919 0.0131509 0.179222 1.40997e-07 0.00870845 0.00773375 0.00460272 0.00365628 0.017985 0.173791 0.000789815 
0.000420647 0.00127809 3.73555e-05 0.00637808 7.57405e-06 0.000648748 7.17336e-05 1.91133e-10 0.000425102 0.812213 0.158481 0.000350731 1.26844e-08 0.00142824 0.00405491 9.37832e-06 0.000268397 1.06116e-05 0.000125426 0.000298727 9.4063e-05 0.0133977 1.56207e-08 
0.00888663 1.52799e-05 0.0578894 0.0337463 0.0221068 0.00736905 0.00371119 1.36757e-05 0.160571 0.00493613 0.0880887 0.00332206 1.93356e-05 0.00417529 0.407687 0.000307806 0.000225371 0.00106358 0.0210622 0.00904324 0.00892455 0.156539 0.000296641 
