1.50734e-07 6.59764e-05 0.0160963 0.000279362 0.00311594 1.49832e-07 1.86689e-06 5.37547e-10 0.000883543 5.47185e-06 0.000544402 6.60706e-05 0.00479703 0.00600805 0.00532556 8.59501e-07 5.00382e-05 0.00267815 0.0189002 0.138454 0.0033004 0.79942 7.20263e-06 
0.000634603 0.0327096 0.00653277 0.00157121 0.00610563 0.00964004 0.000208541 1.32616e-07 0.0065156 5.39206e-05 0.0455154 9.64794e-05 6.00242e-05 0.0278353 0.0203315 0.00044213 0.425293 0.00135781 0.00727861 0.00113179 0.0026822 0.403832 0.00017115 
0.000303777 0.00159346 0.0646122 0.0137554 0.00641135 0.0224834 0.00361457 5.29516e-06 0.0182711 1.80085e-05 0.0210271 0.000607984 0.000282547 0.00230331 0.691185 1.15953e-05 0.000149748 0.00304172 0.00414864 0.0146427 0.0125994 0.118895 3.71186e-05 
0.00057325 0.000358214 0.0476531 0.0301769 0.00465201 0.00156528 0.000543246 1.82214e-09 0.0301066 9.78687e-06 0.04521 5.90588e-07 2.32692e-05 0.00607493 0.0622684 0.0016217 0.000418854 0.0073437 0.00922995 0.00132479 0.0370773 0.713766 2.36941e-06 
0.000959782 3.75543e-05 0.0727584 0.0193143 0.000275027 0.00344534 0.00459508 8.48216e-09 0.00489089 9.13622e-06 0.0272969 7.20793e-08 1.98236e-06 0.000218829 0.860224 8.54182e-06 3.56099e-08 1.22913e-06 5.88385e-05 0.00274099 0.000713683 0.00242559 2.36239e-05 
1.05416e-06 0.00559252 0.180865 0.0350348 0.018042 1.05517e-06 0.000739514 1.05251e-06 0.135372 0.00052787 0.103716 1.05342e-06 1.05351e-06 0.0432375 0.0250106 0.00548056 0.017588 0.0181419 0.010658 0.114047 0.123229 0.162712 1.05387e-06 
0.0221926 0.000372103 0.0752337 0.0391188 0.019672 0.0186723 0.0223442 1.6277e-05 0.0891588 0.0284553 0.461581 0.0292239 8.04303e-05 0.00470768 0.124983 9.30595e-05 0.000282095 0.00224979 0.00537302 0.0160366 0.0163257 0.021156 0.00267077 
3.10183e-05 0.0234395 0.028704 0.000238171 0.00255732 0.00460949 2.20609e-06 5.782e-09 0.0229026 3.44717e-06 0.00976201 2.65181e-05 0.000147599 0.00121061 0.0220397 0.000364095 0.610834 0.0074094 7.47319e-05 0.00104384 0.00198502 0.262468 0.000146711 
4.22972e-06 4.23305e-06 0.0660539 4.23402e-06 0.162135 0.0783291 0.00635349 4.22309e-06 4.23352e-06 4.22759e-06 0.440703 4.22673e-06 4.22712e-06 4.23128e-06 0.0694434 4.22807e-06 0.0118356 0.0122767 4.23367e-06 0.049108 0.0550362 0.0338752 0.0148042 
0.00107596 0.0130924 0.0870176 0.0312683 0.0339514 0.204405 0.00239164 5.48944e-06 0.0272705 6.6529e-05 0.0060531 0.00165285 9.16855e-05 0.00060307 0.40197 2.77601e-05 5.68726e-05 0.00386457 0.00733369 0.0224785 0.00647787 0.148424 0.000421245 
0.00012062 0.000416134 0.0233651 0.00221993 0.00178352 0.0336692 0.00421179 1.96032e-06 0.00566153 0.00639512 0.732567 0.000140217 1.81698e-05 0.0377743 0.0459003 0.017117 0.00174716 6.50883e-05 6.73668e-05 0.0515407 0.00164297 0.0335037 7.14745e-05 
1.69364e-05 0.05004 0.038956 0.019374 0.096518 0.452671 0.0187595 4.79384e-07 0.00235636 3.12347e-05 0.0120161 1.65176e-05 1.97128e-05 0.0442339 0.0131573 1.00968e-05 0.000928576 0.0314368 0.00014844 0.00353146 0.00659353 0.208614 0.000570484 
0.000287318 9.55295e-07 0.485395 0.0209267 0.0790061 0.143702 9.55249e-07 9.53046e-07 0.00812186 9.54061e-07 0.0343944 0.00372105 9.53956e-07 9.54894e-07 0.0917321 9.54171e-07 9.53592e-07 0.0136579 9.55433e-07 0.0283734 0.0256995 0.0649734 9.54282e-07 
0.011081 0.00792678 0.265596 0.0619277 0.0142357 0.114138 0.00280401 3.47458e-06 0.0180368 0.00301954 0.021678 3.8541e-05 3.48229e-05 0.00368889 0.306022 1.47992e-05 0.000159708 0.0279519 0.0465002 0.0296973 0.0309591 0.0341592 0.000326654 
0.00918805 0.000592927 0.0101556 0.0144147 0.00874336 0.0178171 0.0016397 2.72885e-05 0.010983 0.000224673 0.618142 0.00179807 7.20052e-05 0.00587639 0.0566253 0.000202525 0.00402917 0.00702581 0.0499953 0.0468966 0.0159741 0.119356 0.000220675 
0.00158807 0.000853305 0.0156101 0.0140574 0.0196362 0.00299386 0.00242005 0.000169998 0.0889944 0.0132786 0.326537 0.00206278 0.00223509 0.0102969 0.047333 0.00034333 0.0598134 0.00537009 0.00658291 0.0256816 0.0406815 0.309112 0.00434905 
0.000267773 0.00188476 0.15249 0.0881468 0.0360399 0.0164233 0.025876 4.31612e-05 0.0322583 0.000114328 0.130931 0.00212346 6.51259e-05 0.224544 0.109437 0.0445215 0.00170441 0.0103726 0.00353387 0.0142007 0.0669585 0.0219509 0.0161124 
0.000959782 3.75543e-05 0.0727584 0.0193143 0.000275027 0.00344534 0.00459508 8.48216e-09 0.00489089 9.13622e-06 0.0272969 7.20793e-08 1.98236e-06 0.000218829 0.860224 8.54182e-06 3.56099e-08 1.22913e-06 5.88385e-05 0.00274099 0.000713683 0.00242559 2.36239e-05 
0.210208 0.00788385 0.139939 0.0462115 0.0197019 0.0579557 0.00377381 1.90684e-05 0.0190871 8.60735e-05 0.0602396 0.000823864 0.000413883 0.0033436 0.234006 0.000208478 0.000225204 0.00221656 0.0114022 0.0596711 0.0103349 0.105388 0.00685968 
0.000458865 1.66354e-05 0.0364859 0.192168 0.0244565 0.176249 0.00090218 1.69387e-07 0.0185087 0.000345148 0.243452 0.000507599 0.00642736 0.00991177 0.119454 1.59559e-06 0.014014 0.00173824 0.0715587 0.00183258 0.0111063 0.0704033 1.33409e-06 
0.00262278 0.0172042 0.00423985 0.00298142 0.0173419 0.0248866 0.000545107 1.19598e-06 0.000638803 0.000165 0.0123387 0.00147136 4.60364e-06 0.583745 0.176725 5.28534e-06 1.82824e-05 0.000137553 0.0108685 0.00859724 0.00484921 0.129249 0.00136296 
0.000362961 0.519764 0.0103612 0.00286488 0.00516379 0.0105536 0.000303245 1.89444e-06 0.00432591 2.68887e-05 0.0200743 0.000154261 0.000258761 0.0261556 0.0179417 0.000430772 0.15877 0.00410022 0.00416819 0.00314105 0.00264704 0.208362 6.81654e-05 
0.000475806 0.000657507 3.07929e-08 0.00343718 0.00219493 8.80978e-08 0.00080388 1.85378e-08 0.00168458 0.000446892 0.0240983 0.00543784 0.000255691 0.00124592 0.000781863 5.02608e-05 0.000163956 0.00383795 0.186941 0.00417006 0.00775444 0.749985 0.00557724 
3.02925e-07 3.03163e-07 0.0167081 0.106101 0.0120059 0.146271 0.0122475 3.02449e-07 0.0453888 3.02772e-07 0.051603 0.00305768 3.02738e-07 0.00415188 0.338506 3.02806e-07 3.02623e-07 0.00584975 0.0109157 0.0486282 0.115541 0.0830222 3.02842e-07 
0.000113067 1.11296e-05 0.155556 0.0518605 0.0173242 0.407103 0.00421757 5.86256e-06 0.0318287 4.58402e-05 0.00496936 0.000671066 0.00010733 0.00376114 0.175302 6.61254e-06 0.00950629 0.0137913 0.020745 0.0486873 0.022136 0.0322389 1.22857e-05 
6.86434e-05 0.000370778 0.018746 0.010671 0.00492448 0.024253 0.00115944 1.81851e-06 0.000364023 0.00121374 0.61467 0.000146173 0.000481854 0.000502184 0.185608 0.000344264 0.0777919 0.00216651 0.0164227 0.00883862 0.00293643 0.028281 3.73143e-05 
0.000287318 9.55295e-07 0.485395 0.0209267 0.0790061 0.143702 9.55249e-07 9.53046e-07 0.00812186 9.54061e-07 0.0343944 0.00372105 9.53956e-07 9.54894e-07 0.0917321 9.54171e-07 9.53592e-07 0.0136579 9.55433e-07 0.0283734 0.0256995 0.0649734 9.54282e-07 
0.000634603 0.0327096 0.00653277 0.00157121 0.00610563 0.00964004 0.000208541 1.32616e-07 0.0065156 5.39206e-05 0.0455154 9.64794e-05 6.00242e-05 0.0278353 0.0203315 0.00044213 0.425293 0.00135781 0.00727861 0.00113179 0.0026822 0.403832 0.00017115 
0.0479326 0.000994363 0.0404569 0.0130619 0.0102438 0.0277877 0.0017193 2.04029e-07 0.0462322 0.0015295 0.535744 0.00269779 0.00142594 0.0136542 0.112099 7.68336e-05 0.00299728 0.00124922 0.0183306 0.011718 0.00933414 0.100594 0.000120195 
1.58193e-05 0.83948 0.00127657 0.000312679 0.00076963 0.0023428 4.67262e-05 3.32616e-07 0.00178032 0.110346 0.00644663 0.000544639 8.48083e-05 0.00662271 0.00224148 0.000323221 0.000522965 0.000153547 3.20559e-05 0.00321722 0.000422483 0.0230165 5.25759e-07 
1.26759e-05 6.57992e-06 0.0656186 0.0293237 0.00427024 0.0160087 0.00418642 2.65195e-06 0.0129485 0.00017523 0.13841 0.000402145 0.000154034 0.00628969 0.140593 0.000292293 0.00361892 0.00497937 0.00217685 0.0221547 0.519708 0.019604 0.00906494 
5.22164e-06 0.000218612 0.00261696 0.000132089 0.000786383 0.00290323 0.00126789 2.24517e-06 0.613781 0.00203556 0.119771 0.0111648 1.62049e-05 1.56727e-05 0.13449 0.00053441 1.0578e-05 0.00371823 0.00031927 0.00237777 0.0491146 0.0187185 0.0359996 
0.000214069 7.26372e-08 0.0147995 0.0200379 0.00852123 0.0203585 0.000200662 3.3228e-10 0.0445806 0.00467742 0.499166 2.09359e-07 4.68213e-07 0.00316292 0.0720184 0.000222377 2.19107e-05 0.00127011 0.0118425 0.290535 0.00736289 0.00100712 1.11922e-07 
0.0726379 0.000182043 0.0696598 0.266742 0.00609591 0.0560478 0.037227 1.90027e-05 0.00503346 0.0112212 0.148999 0.000864537 5.69776e-05 0.0475916 0.0913328 0.000103911 2.67786e-05 0.000594094 0.106715 0.0331065 0.0173611 0.0282131 0.000168935 
3.52184e-05 3.57969e-05 0.0273844 0.00463279 0.0334882 0.017863 0.000786829 8.32103e-07 0.280449 6.98149e-05 0.00329325 0.0522416 0.00123712 0.000175238 0.0270349 1.37536e-05 8.17377e-05 0.011428 0.000792135 0.0158966 0.00601786 0.516425 0.000617289 
0.000503397 0.00310491 0.0883224 0.0678186 0.0108583 0.0896075 0.0224866 2.14781e-05 0.00892198 0.000382155 0.0841428 0.000415531 0.000262067 0.00102142 0.375144 0.000180254 4.12023e-05 0.00129197 0.0234514 0.0144156 0.0676038 0.139947 5.59884e-05 
1.13692e-06 1.13782e-06 0.449646 0.0100162 0.0781713 0.092294 1.13776e-06 1.13514e-06 0.014453 1.13635e-06 1.13791e-06 0.000114748 0.00306893 0.00170714 0.231263 1.13648e-06 1.13579e-06 1.1375e-06 1.13798e-06 0.0851103 1.13786e-06 0.0341422 1.13661e-06 
1.27406e-05 1.27506e-05 1.27533e-05 0.564994 0.107121 0.145394 1.275e-05 1.27206e-05 1.2752e-05 0.0713241 0.00128792 1.27316e-05 0.00637912 1.27453e-05 1.27538e-05 1.27356e-05 1.27279e-05 1.27471e-05 1.27525e-05 0.0357148 0.0675939 1.27531e-05 1.27371e-05 
4.83448e-05 0.000223683 0.0297972 0.0983275 0.0209105 0.0305336 0.00679903 4.05016e-06 0.0184217 0.00317985 0.676465 8.22448e-05 3.07616e-05 0.000250138 0.0422534 0.000331967 5.67936e-06 0.0107364 0.00104023 0.00125409 0.0272532 0.0312213 0.000830319 
6.55147e-05 0.000374138 0.693553 0.00255878 0.0016432 0.00364298 0.000220356 1.14858e-06 0.0389839 0.00172549 0.0289747 2.0079e-05 5.75677e-05 0.000228004 0.0122435 4.36156e-05 0.00113439 0.0014916 0.000531061 0.0206692 0.00191119 0.189762 0.000165117 
1.30424e-05 0.0313395 1.30554e-05 0.118819 1.3053e-05 1.30549e-05 0.0352535 1.30219e-05 1.30541e-05 1.30358e-05 0.126635 1.30332e-05 1.30344e-05 0.45014 0.0639871 1.30373e-05 1.30294e-05 1.30491e-05 1.30546e-05 0.101825 0.0718058 1.30552e-05 1.30388e-05 
0.0089744 0.00266814 0.18351 0.0302409 0.0659872 0.184916 0.00751067 2.36199e-05 0.033193 0.000239031 0.0143965 0.0026129 0.000127097 0.00320076 0.330561 4.10396e-05 0.00299729 0.0028264 0.017338 0.0224181 0.0106639 0.0745681 0.000985876 
0.000680017 6.66813e-06 0.000140526 0.0547285 0.00414549 6.13895e-06 0.0207676 5.07821e-08 0.0163645 0.00107598 0.654652 0.00596471 0.000433471 0.0512021 0.00430021 2.96118e-06 0.000115806 0.0185187 0.00118575 0.0569952 0.0775396 0.0190416 0.0121329 
0.00154119 9.91584e-05 0.00890511 0.00600007 0.00591743 0.0219066 0.0026631 8.33197e-07 0.0222335 0.00851567 0.145437 0.676053 0.00013391 0.00157123 0.0284289 6.09095e-05 0.0017453 0.0235444 8.91324e-05 0.0125507 0.0143498 0.0157826 0.00247039 
2.28534e-06 0.0105231 0.00412 0.0153296 2.2872e-06 2.28753e-06 2.28703e-06 2.28175e-06 0.0601607 2.28418e-06 0.199 2.28372e-06 2.28393e-06 0.00708942 0.450679 0.00617028 2.28306e-06 0.0121208 0.00228975 0.0242461 0.0132682 0.0732045 0.121777 
0.000106334 0.00182485 0.0263131 0.0993621 0.00804001 0.0951351 0.00234418 1.00895e-06 0.00330829 4.38749e-06 0.130595 0.0119433 6.76809e-05 0.016604 0.362701 3.70364e-06 0.0237779 3.85462e-05 0.0826052 0.00185284 0.054407 0.0789611 4.1073e-06 
0.0449853 1.36385e-05 1.36414e-05 1.36416e-05 1.36389e-05 0.00956223 1.36378e-05 1.36064e-05 0.184154 1.36209e-05 0.581063 1.36181e-05 1.36194e-05 1.36328e-05 1.36419e-05 0.029983 1.36142e-05 0.0927301 0.0300227 1.36386e-05 1.36391e-05 0.0272958 1.3624e-05 
0.000597346 6.76961e-05 0.24193 0.0138488 0.000615179 0.00227397 0.00244159 7.46332e-08 0.0215713 4.58712e-06 0.0308896 1.31952e-05 9.37124e-06 0.000711432 0.392142 7.38079e-05 0.000396154 0.000253546 0.000884856 0.268699 0.0071719 0.015395 9.67848e-06 
0.0109641 0.000865362 0.0416526 0.031173 0.0969836 0.238436 0.00390302 8.26643e-05 0.0848665 0.00134821 0.0376062 0.00742046 0.000769387 0.0105244 0.112706 0.00075022 0.00571357 0.00982921 0.0122273 0.0159567 0.0174435 0.257215 0.00156392 
0.00209263 4.07169e-06 0.550359 0.00269346 0.00138429 0.012461 0.00188443 1.20388e-08 0.333278 1.15246e-07 0.00157293 1.07859e-05 2.08473e-06 8.37041e-06 0.0135413 1.46166e-06 0.000159471 0.00565632 0.00916583 0.031374 0.00213495 0.0322129 3.26247e-06 
2.40381e-05 2.40161e-05 0.0812787 0.00732177 0.00518932 0.00875349 8.15346e-05 1.45713e-08 0.811574 0.000143709 0.000617459 0.000180562 4.46086e-06 0.000334139 0.0152555 5.60467e-06 0.000155981 0.0125672 0.0205147 0.0028014 0.0200321 0.0131192 2.14778e-05 
1.09364e-07 0.000602082 0.101273 0.0148996 0.0207524 0.0695782 0.00717966 1.09192e-07 0.0243883 0.00267817 0.01944 0.000666755 0.000885411 0.00920098 0.548861 0.000645101 0.000196767 0.0229126 0.00384235 0.0112078 0.012664 0.128125 1.09334e-07 
0.000475806 0.000657507 3.07929e-08 0.00343718 0.00219493 8.80978e-08 0.00080388 1.85378e-08 0.00168458 0.000446892 0.0240983 0.00543784 0.000255691 0.00124592 0.000781863 5.02608e-05 0.000163956 0.00383795 0.186941 0.00417006 0.00775444 0.749985 0.00557724 
0.00032045 4.26151e-05 0.207214 0.00848892 0.0150598 0.0185202 0.0159759 3.89232e-06 0.256758 0.00015069 0.0157912 0.000151563 0.000660682 0.0022235 0.309863 3.89907e-05 2.45968e-05 0.00348707 0.0128263 0.042317 0.0149386 0.0751279 1.54754e-05 
0.00621078 0.00121141 0.102768 0.0263429 0.00369852 0.0184704 0.00114523 5.39108e-05 0.0843237 0.00222703 0.486711 0.00181293 0.000146311 0.00269038 0.158642 0.00798821 0.00734488 0.00723627 0.00877144 0.0242873 0.0160913 0.0317397 8.57347e-05 
0.00101867 0.000248269 0.00115866 0.00840416 0.0102631 0.00108663 0.00145752 1.46732e-06 0.00165489 7.47421e-05 0.0352385 0.00107038 0.0132463 0.0260979 0.0243465 2.06341e-05 0.000205854 0.000320468 0.0624267 0.000420222 0.0114139 0.799721 0.000103405 
0.000165867 0.000104457 0.0823994 0.00684646 0.00656668 0.059768 0.00881626 2.24592e-05 0.0206759 0.00214855 0.0422953 0.00207045 5.94551e-05 0.00362484 0.35939 3.68317e-05 0.000387157 0.00134108 0.0264153 0.0840455 0.141633 0.15106 0.00012661 
0.00140928 0.00235363 0.116845 0.0263021 0.0616585 0.121815 0.0154258 0.00014375 0.0641013 0.00129179 0.0183878 0.00428571 0.00129609 0.00336744 0.312985 0.000185112 0.000595006 0.0178263 0.0208754 0.0323777 0.0243045 0.149801 0.00236707 
0.000133865 0.00381348 0.0172457 0.0040337 0.000691593 0.00451477 7.00101e-05 2.98605e-06 0.160182 0.300904 0.0685601 9.15181e-05 3.10446e-06 0.000209772 0.373954 0.00470469 0.0150779 0.00102254 0.000225044 0.00933187 0.00435722 0.0308465 2.34104e-05 
0.000179733 0.0176403 0.115074 0.00570159 0.0687187 0.041872 0.00201525 1.08576e-09 0.0292632 0.00010512 0.156722 8.57682e-05 0.00047135 0.00861315 0.0452835 0.000777207 0.019556 0.0154087 0.00113761 0.00470741 0.0577217 0.40875 0.000196101 
0.324948 0.0234669 0.00315797 0.0283657 0.00768075 0.0050603 0.000575975 6.54614e-10 0.00750489 0.00416974 0.127122 0.000565987 5.43286e-06 0.0170276 0.0661828 7.07948e-06 0.00160819 0.00181939 0.00113412 0.00172671 0.0027787 0.375035 5.66159e-05 
1.25888e-07 5.85131e-05 0.01118 0.0048986 0.122627 0.0607341 0.00600121 3.51515e-10 0.0371953 7.77647e-05 0.0224309 0.0103528 0.000196237 0.000629374 0.0406019 6.59632e-06 2.6433e-05 0.0181019 0.0059945 0.00844652 0.0240704 0.626052 0.00031789 
0.000836225 0.0023012 0.0616339 0.0305379 0.0181759 0.0219513 0.00675553 1.07775e-05 0.0483632 3.02589e-05 0.0615087 0.0286991 0.000859795 0.0013897 0.55025 2.40167e-05 3.18223e-05 0.000370449 0.0173258 0.0188102 0.00538165 0.124736 1.68464e-05 
0.000214069 7.26372e-08 0.0147995 0.0200379 0.00852123 0.0203585 0.000200662 3.3228e-10 0.0445806 0.00467742 0.499166 2.09359e-07 4.68213e-07 0.00316292 0.0720184 0.000222377 2.19107e-05 0.00127011 0.0118425 0.290535 0.00736289 0.00100712 1.11922e-07 
0.00122103 9.03185e-05 0.0172401 0.0707472 0.0801634 0.0526444 0.00184061 1.00221e-05 0.0447261 0.000956274 0.137608 0.00561178 0.00127527 0.0050162 0.0466492 1.65453e-05 7.1627e-05 0.0435079 0.018409 0.0171525 0.077043 0.37378 0.00421914 
1.09364e-07 0.000602082 0.101273 0.0148996 0.0207524 0.0695782 0.00717966 1.09192e-07 0.0243883 0.00267817 0.01944 0.000666755 0.000885411 0.00920098 0.548861 0.000645101 0.000196767 0.0229126 0.00384235 0.0112078 0.012664 0.128125 1.09334e-07 
7.74549e-05 0.215568 0.00758973 0.0175927 0.0390552 0.296704 0.00212484 6.82038e-06 0.0162444 2.90768e-05 0.00210961 0.003838 0.00166136 0.00159847 0.115932 1.36773e-05 4.47537e-05 0.00134379 0.0924027 0.00798791 0.00261022 0.175441 2.45716e-05 
0.00480024 0.000173309 0.076264 0.133655 0.00563357 0.0456691 0.00545197 1.15866e-10 0.0070282 0.000359178 0.0628804 0.000200172 1.72642e-05 0.0794973 0.240077 0.000411993 9.26925e-06 0.174913 0.0664455 0.0170055 0.0396865 0.0387905 0.00103083 
1.50734e-07 6.59764e-05 0.0160963 0.000279362 0.00311594 1.49832e-07 1.86689e-06 5.37547e-10 0.000883543 5.47185e-06 0.000544402 6.60706e-05 0.00479703 0.00600805 0.00532556 8.59501e-07 5.00382e-05 0.00267815 0.0189002 0.138454 0.0033004 0.79942 7.20263e-06 
0.000438131 9.2262e-05 0.0720847 0.00357674 0.068636 0.0190974 0.000305522 1.36683e-05 0.108101 0.00228348 0.0160975 0.00149023 7.94822e-05 0.000328541 0.498416 6.73541e-05 0.000145309 0.0301379 0.0047709 0.110756 0.00889922 0.053841 0.000341633 
3.76667e-05 0.00104352 0.239281 0.0400358 0.0169965 0.0211146 0.015633 2.99282e-06 0.230909 1.17291e-05 0.0147807 0.00278462 0.000367316 0.0101601 0.0433419 9.12973e-06 0.000222712 0.010245 0.0547641 0.238449 0.0291628 0.0305759 7.21879e-05 
0.161144 0.000614388 0.0401688 0.161532 0.00489476 0.0283741 0.00599358 2.96239e-06 0.00792901 0.000512345 0.258084 0.0258233 6.12136e-06 0.0192817 0.102252 6.7773e-06 1.02636e-05 0.0194022 0.00899401 0.0300467 0.0273969 0.0637306 0.0337998 
0.00270302 0.0119219 0.0598429 0.0205595 0.0125552 0.0183852 0.0022526 5.91267e-05 0.083445 0.0017338 0.122513 0.00143755 0.000120914 0.00840507 0.331728 0.000240571 0.00106511 0.0318475 0.0243614 0.0455956 0.0108113 0.208301 0.000115347 
5.50806e-05 0.000126827 0.00570468 0.164613 0.002184 0.0048339 0.00114601 8.95278e-06 0.0134658 0.00218796 0.124054 0.00127659 0.000109046 0.00903734 0.311292 0.00136886 0.00252028 0.00078214 0.00337154 0.0176501 0.325218 0.00896493 2.88315e-05 
2.72054e-05 2.72268e-05 2.72326e-05 2.72331e-05 2.72276e-05 0.215156 2.72255e-05 2.71627e-05 0.345846 2.71917e-05 0.185185 2.71862e-05 2.71887e-05 2.72154e-05 0.190662 2.71948e-05 2.71783e-05 2.72193e-05 2.72308e-05 2.7227e-05 2.7228e-05 0.062661 2.71979e-05 
0.000450805 0.338418 0.0395537 0.00941232 0.0244827 0.0283196 0.0101258 6.9687e-08 0.00256359 2.3722e-06 0.106196 0.000230706 2.63277e-06 0.158128 0.0839252 3.11573e-05 0.000457173 0.000196319 0.0277489 0.0324573 0.00763105 0.129635 3.20019e-05 
0.000125573 0.00193225 0.305924 0.00717073 0.0102319 0.237405 0.000331585 2.5611e-08 0.00422649 9.09377e-07 0.0497905 0.00021476 0.0037514 0.00738734 0.275586 1.01121e-06 0.00193872 0.0191033 0.00124749 0.0411022 0.0110298 0.02089 0.000609206 
0.00412632 0.000127296 0.0167328 0.0573849 0.0111619 0.0484835 0.0126516 1.02898e-06 0.0303167 0.0019104 0.679363 1.09709e-05 7.43598e-05 5.98597e-05 0.0269574 0.00729522 0.00182493 0.00525597 0.000337308 0.00176528 0.0803784 0.012899 0.00088157 
5.70875e-06 0.00471929 0.13908 0.00249908 0.00112427 0.000384803 0.000483 2.4177e-06 0.0391403 1.70543e-05 0.105154 0.00118815 0.000152968 0.00176371 0.321472 0.000306119 0.0132287 0.0021769 0.00388415 0.294755 0.00465116 0.0634722 0.000338395 
0.000476774 0.00200759 0.0526585 0.0258886 0.0218971 0.087381 0.00141082 3.23067e-06 0.0456107 0.000158888 0.0293216 0.000532887 0.000112233 0.000715387 0.153819 7.6966e-06 0.00241592 0.0070139 0.00843189 0.00475173 0.0251441 0.53007 0.000170969 
0.0455595 0.00181356 0.0206451 0.0177445 0.0193078 0.0371384 0.00280712 2.78675e-05 0.0393908 0.0284802 0.451729 0.00435317 4.57702e-05 0.00663286 0.0940212 0.0432609 0.0136762 0.00641942 0.0123647 0.0812459 0.0148525 0.0584325 5.12579e-05 
5.35381e-07 7.85795e-06 0.0612878 0.0621058 0.017939 0.0669898 0.00176769 3.54624e-08 0.0766701 0.000192795 0.0707689 0.0386943 0.000988108 0.000356669 0.33365 8.37111e-05 1.52665e-06 0.00835983 0.00176927 0.0119889 0.0882273 0.0517254 0.106424 
9.58005e-05 1.10094e-08 0.227543 0.00218484 0.000626235 0.00278258 0.000421523 1.85275e-10 0.593374 2.99886e-07 0.0101751 1.52882e-05 7.29541e-08 1.54051e-07 0.00462713 2.48846e-05 7.42166e-06 0.0368867 1.06217e-06 0.00673314 5.3979e-07 0.1145 8.35062e-08 
2.29529e-06 0.00390736 2.29759e-06 0.0411297 2.29716e-06 0.0535338 2.29699e-06 2.29169e-06 0.0119485 0.0465732 0.631297 0.00711265 2.29388e-06 0.0312296 0.0976532 2.29439e-06 2.293e-06 0.00666206 0.00505665 0.0147038 2.29719e-06 0.0491696 2.29466e-06 
0.000634603 0.0327096 0.00653277 0.00157121 0.00610563 0.00964004 0.000208541 1.32616e-07 0.0065156 5.39206e-05 0.0455154 9.64794e-05 6.00242e-05 0.0278353 0.0203315 0.00044213 0.425293 0.00135781 0.00727861 0.00113179 0.0026822 0.403832 0.00017115 
4.76432e-07 0.000101735 0.00358435 0.0378824 0.0144155 0.0497229 3.72836e-05 1.15128e-07 0.0929058 0.0226323 0.656484 8.27133e-06 0.00086669 0.00654519 0.0354022 0.00088386 0.00485985 0.000324641 0.000266135 7.27088e-05 0.0523071 0.0206838 1.31456e-05 
0.0250517 0.000123055 0.0271635 0.0537804 0.0287631 0.254969 0.00131515 1.3681e-05 0.0886208 0.00140287 0.0820536 0.0096157 2.49078e-05 0.00130983 0.251128 0.000262784 2.06243e-05 0.018748 0.0156172 0.0240829 0.0196571 0.0955341 0.000741909 
0.0014848 4.4977e-05 0.0239393 0.18509 0.0163004 0.0297854 0.0183209 1.93507e-09 0.00145033 0.00282368 0.399108 0.00029654 5.44156e-05 0.0135399 0.163704 5.86078e-08 0.000417122 0.0178059 0.0224011 0.00080551 0.0723926 0.026983 0.00325187 
0.000509654 7.66756e-05 0.0856802 0.00360348 0.0265324 0.237556 0.000497321 1.70646e-10 0.0185698 0.000110715 0.0256264 5.28231e-06 4.02917e-06 0.00349784 0.496239 9.2868e-07 0.00136767 0.00104425 0.000109065 0.00815714 0.0135448 0.0772178 4.9787e-05 
0.000230529 0.0389432 0.00867216 0.0263084 0.0249692 0.00175354 0.00397565 4.81322e-05 0.0055389 0.000217682 0.212885 0.00126643 0.00254954 0.0120966 0.0122366 0.000213541 0.50939 0.00513626 0.00241839 0.00619127 0.0264612 0.0980105 0.000487346 
0.521225 2.08915e-05 0.00739731 0.0642613 0.0175725 0.00401315 0.00620057 3.1304e-06 0.0295247 7.29383e-05 0.0169082 8.04111e-05 9.67067e-05 0.0308401 0.0518905 0.000104211 0.000254796 0.00806635 0.0780598 0.0229586 0.0403935 0.0999922 6.29635e-05 
9.31719e-05 0.00941778 9.32651e-05 9.32666e-05 9.3248e-05 9.32613e-05 9.32407e-05 9.30258e-05 0.0373955 9.31248e-05 0.662191 9.3106e-05 9.31145e-05 9.32062e-05 0.289225 9.31355e-05 9.30791e-05 9.32196e-05 9.32587e-05 9.32459e-05 9.32492e-05 9.32631e-05 9.31463e-05 
0.324948 0.0234669 0.00315797 0.0283657 0.00768075 0.0050603 0.000575975 6.54614e-10 0.00750489 0.00416974 0.127122 0.000565987 5.43286e-06 0.0170276 0.0661828 7.07948e-06 0.00160819 0.00181939 0.00113412 0.00172671 0.0027787 0.375035 5.66159e-05 
6.71807e-06 0.0228662 0.0665821 0.187631 6.72356e-06 6.72452e-06 0.0827004 6.70754e-06 0.0753168 0.0288799 0.297877 6.71332e-06 6.71394e-06 6.72054e-06 6.72502e-06 6.71545e-06 6.71138e-06 6.72151e-06 0.0396804 0.0403472 0.0309354 0.127103 6.71623e-06 
6.59934e-06 7.54819e-05 0.00208913 0.0484053 0.0031014 0.0567172 0.000953082 1.99839e-07 0.00777628 0.00319588 0.677091 8.17182e-05 2.07675e-06 0.0123815 0.0746481 5.78457e-06 0.0086336 0.00370968 8.06494e-05 0.00370033 0.0651048 0.0313888 0.000851467 
2.72054e-05 2.72268e-05 2.72326e-05 2.72331e-05 2.72276e-05 0.215156 2.72255e-05 2.71627e-05 0.345846 2.71917e-05 0.185185 2.71862e-05 2.71887e-05 2.72154e-05 0.190662 2.71948e-05 2.71783e-05 2.72193e-05 2.72308e-05 2.7227e-05 2.7228e-05 0.062661 2.71979e-05 
2.48721e-05 4.04171e-06 0.0109629 0.00097391 0.01055 0.00799424 5.98665e-05 3.05226e-10 0.480092 4.41461e-07 6.63005e-05 1.57333e-05 0.00104078 9.59878e-05 0.0969111 6.63389e-06 5.72811e-08 0.00220935 0.000377006 0.00456063 0.000926473 0.383127 3.2421e-07 
0.000416856 0.00145375 0.316149 0.225329 0.00933137 0.0502585 0.00448875 4.75219e-05 0.0733751 0.00150087 0.0402248 0.000957566 0.000605204 0.0129056 0.131561 0.000110394 0.00131034 0.00461121 0.0113491 0.0524791 0.0146015 0.0468799 5.38779e-05 
0.0619523 4.32772e-05 0.145623 0.0315916 0.00673938 0.0638737 0.0167524 1.70344e-05 0.0505722 0.000701441 0.0258555 0.000398285 0.000466585 0.000526838 0.201051 1.78919e-05 4.9801e-05 0.114599 0.00153158 0.180185 0.00533165 0.092036 8.47844e-05 
9.12294e-08 0.00108004 0.133859 0.0936066 0.0366182 0.0273892 0.00579809 5.59065e-09 0.0901 9.73454e-08 0.0055263 9.60685e-06 1.5693e-05 0.00113777 0.294146 7.97398e-09 4.69113e-07 0.0538296 0.0190993 0.046098 0.0129196 0.177706 0.0010608 
0.000518721 9.68831e-05 0.0334782 0.0305192 0.708215 0.0532016 0.000224699 1.10528e-05 0.0124471 4.84241e-05 0.0188613 2.86177e-05 0.000217633 0.00256875 0.0462699 0.000843519 2.324e-05 0.00423454 0.00373138 0.00301759 0.00818946 0.0573008 0.0159523 
0.620305 6.1192e-05 0.00544832 0.0355324 0.096222 0.00199014 0.0123386 1.83086e-06 0.0164866 4.25712e-05 0.00749491 9.97091e-05 5.64298e-05 0.00404981 0.0232022 6.13709e-06 0.000211024 0.00489172 0.0634976 0.0292727 0.0199693 0.0587828 3.67546e-05 
0.000193094 0.000485691 0.0437665 0.0153972 0.0692476 0.106962 9.47194e-05 1.63448e-06 0.0555348 0.000264065 0.0206589 0.000235593 0.000170024 0.00171134 0.037542 5.85211e-06 5.17015e-05 0.0187098 7.68919e-05 0.00319641 0.411725 0.213891 7.84937e-05 
0.0015715 0.0028986 0.0908557 0.0583834 0.018772 0.106535 0.0168698 6.48794e-05 0.0111522 0.000355825 0.206495 0.00145536 0.000137816 0.0994656 0.157271 0.00418019 0.000144487 0.000651984 0.000489179 0.08332 0.0396098 0.0989095 0.00041059 
1.05128e-06 1.53e-05 0.0892691 0.184385 0.00350854 0.00390246 0.00686758 3.55956e-10 0.00479177 1.89291e-05 0.026439 0.000299573 5.21017e-05 0.000299117 0.0102571 1.50503e-08 1.36191e-05 0.0409716 0.0125296 0.000627699 0.614955 0.000795958 6.58642e-08 
9.30908e-06 0.0116588 0.348753 0.0314344 0.00770037 0.0238706 0.00243808 1.08473e-06 0.035401 5.92741e-05 0.0681395 4.40217e-05 3.09129e-05 0.004019 0.229519 1.62222e-05 0.000704894 0.0135871 0.0130672 0.105424 0.0321133 0.0720063 2.56617e-06 
0.00109443 0.00156786 0.0708648 0.049289 0.276393 0.0356807 0.0405731 2.24248e-05 0.0701595 0.000341508 0.0550558 0.000717384 0.00528573 0.0210933 0.171655 2.88439e-05 0.00303773 0.0200239 0.00204426 0.0140055 0.00792662 0.153096 4.35841e-05 
0.00132476 0.00638393 0.232601 0.0146333 0.0485986 0.0318774 0.00811996 5.37526e-05 0.156721 0.000290495 0.0213267 0.00172408 8.03114e-05 0.00314126 0.156819 0.010145 0.00212816 0.0161994 0.0100227 0.162605 0.00941575 0.10241 0.00337884 
0.000845341 0.00132659 0.0538911 0.523554 0.0115841 0.0324266 0.016028 0.00014411 0.0120689 0.000509185 0.0834235 0.00068188 0.000523249 0.004306 0.0480294 0.000345227 0.00218718 0.00815083 0.026338 0.00592592 0.140467 0.0269739 0.000270373 
0.000106439 0.000126523 0.00808385 0.0474729 0.366842 0.228207 0.00157252 1.61831e-08 0.00641269 5.47356e-06 0.223422 7.91244e-07 2.4804e-06 0.00180012 0.0206949 2.51633e-07 9.66225e-06 0.00874491 0.000158279 0.000552926 0.0313051 0.054411 6.79328e-05 
0.000941717 0.0355735 0.230634 0.0356153 0.187276 0.1041 0.0260815 2.04656e-05 0.0214126 0.000534837 0.0122639 0.000759994 0.000556587 0.00252344 0.113368 0.000170032 0.000202629 0.00340572 0.0170635 0.0436182 0.105398 0.0584411 3.87181e-05 
0.000100801 3.81287e-05 0.00852918 0.00316419 0.000935325 0.000569958 0.00042125 2.54316e-07 0.246149 0.00125566 0.37001 3.18123e-05 1.7309e-06 0.000296527 0.329302 0.000859162 2.75965e-05 0.00049637 0.000861519 0.0190016 0.00247645 0.0154704 7.87148e-07 
0.00124471 0.000228972 0.0183605 0.00159637 0.00036771 0.0380226 5.05858e-05 1.5185e-07 0.00344308 0.00375814 0.0134266 0.000167144 0.000405755 0.000584067 0.0345068 2.11625e-05 2.4281e-05 0.000862352 0.00793872 0.00574985 0.00596129 0.862813 0.000465822 
0.000266247 9.98987e-05 0.0384212 0.0175862 0.0359177 0.053999 0.000830693 8.77908e-06 0.0301303 0.00222777 0.0787357 0.00701202 6.07844e-05 0.00145267 0.0843407 5.93963e-05 8.84136e-05 0.00431768 0.0494722 0.00341409 0.00974627 0.581363 0.000449338 
1.11758e-05 0.000648474 0.0205778 0.00131331 0.0053102 0.00185464 2.48285e-05 2.38123e-06 0.0160051 2.18763e-05 0.0933181 0.000414897 8.55463e-05 0.0317366 0.0770425 2.7915e-05 0.000520301 0.0170667 0.00705826 0.0178878 0.00181329 0.706974 0.00028397 
2.13992e-05 0.0367324 0.00343571 0.00611602 0.0115795 0.0141228 0.00105769 1.03447e-05 0.0280054 0.0181051 0.533859 0.000242148 0.00217189 0.0679951 0.0167903 0.0843005 0.0107029 0.00234918 0.0136541 0.018038 0.00291966 0.127776 1.51599e-05 
0.000153472 7.83817e-05 0.0186514 0.0320486 0.166296 0.144031 0.00483336 1.20713e-05 0.240429 3.5706e-05 0.0606321 0.0164002 0.00041784 0.000348885 0.0230833 1.91696e-05 0.000112056 0.0644708 0.0043509 0.0023236 0.131494 0.0841417 0.00563651 
0.000194433 5.65719e-05 0.0410026 0.00373846 0.00196905 0.00671348 0.000177976 1.42921e-09 0.0257682 0.00135993 0.048486 0.000155528 4.55779e-06 0.000860325 0.770352 5.02752e-05 3.6182e-05 0.000499579 0.00684976 0.0638062 0.00547128 0.022406 4.18861e-05 
5.14805e-06 0.000500335 0.00155301 0.0387616 0.00136745 0.0285617 0.00189212 4.09122e-10 0.01215 0.0191597 0.11258 0.64382 0.000793861 0.00621363 0.0261691 1.71964e-07 0.0281987 0.00262665 0.000140144 0.000552717 0.0617903 0.0131609 2.42521e-06 
0.000266624 0.00324899 0.161118 0.0415298 0.00978121 0.0694559 0.00235692 0.000211802 0.0813109 0.000267302 0.0366591 0.000686756 0.00971881 0.00742095 0.321381 0.000923437 0.00229472 0.0402325 0.00118435 0.0558455 0.0622289 0.0913747 0.000501834 
0.00168571 5.67071e-06 0.466214 0.00377041 0.00193756 0.0174443 0.00142091 4.96806e-09 0.373349 4.77934e-08 0.00220165 1.49879e-05 2.85797e-06 1.16197e-05 0.018957 1.99105e-06 0.000222785 0.00791746 0.0128308 0.0439213 0.00298827 0.0450964 4.46012e-06 
0.00222465 1.63694e-07 0.0837311 0.00767914 0.00749755 0.124854 0.00446878 1.63308e-07 0.0317439 1.63482e-07 0.00183369 1.63449e-07 0.0037435 0.000392863 0.031257 0.000359866 1.63402e-07 0.011341 0.533966 0.0503528 0.0138001 0.0907528 1.6352e-07 
0.00208306 0.279825 0.00362245 0.00334004 0.0124611 0.00971245 0.000319518 5.03176e-07 0.00163353 2.52598e-05 0.258083 8.56075e-05 1.16441e-05 0.279788 0.0193568 0.000215313 0.00472896 0.000140136 3.24289e-05 0.00732198 0.00210093 0.115111 1.2492e-06 
0.00204487 7.19799e-06 0.0168629 0.0138524 0.0136786 0.0177557 0.00183067 2.47747e-06 0.449751 2.03377e-05 0.0222425 0.0271646 0.000223602 0.000197364 0.123805 5.10928e-05 0.000104638 0.00753866 0.0100549 0.0424061 0.0195817 0.228482 0.00234257 
0.0023046 0.00297012 0.0474656 0.0212756 0.0142723 0.0327689 0.00260089 3.68506e-05 0.0475051 0.00117651 0.0310834 0.000477027 0.000110547 0.0137808 0.664708 0.000757194 0.000494449 0.00287648 0.0202084 0.0108897 0.0108977 0.0706145 0.000725082 
0.00112077 0.0509097 0.0172305 0.0536176 0.00842574 0.0112954 0.0534304 1.58894e-05 0.0142573 6.98823e-05 0.0307927 0.000523038 0.00363512 0.0159328 0.090316 8.53966e-05 0.00165096 0.00253298 0.0409628 0.0696439 0.00761333 0.525798 0.000140298 
0.00084268 0.00491035 0.0629174 0.0210622 0.485043 0.0993375 0.00155805 3.76411e-05 0.034215 0.00639003 0.027225 0.000782573 0.000820052 0.00201003 0.118676 0.00191622 5.9944e-05 0.00960861 0.000706128 0.0347478 0.00647858 0.0794808 0.00117419 
0.00045998 2.02256e-05 0.00445679 0.0309205 0.00318591 0.0226519 2.03749e-05 3.07059e-07 0.0403131 0.000206268 0.871908 9.68711e-05 2.4887e-05 0.000456702 0.0196357 4.70233e-06 7.64165e-06 4.34901e-05 1.11354e-05 6.1456e-05 0.00122317 0.00428593 5.22026e-06 
0.0133949 0.0100754 0.0587401 0.00505969 0.0143565 0.272966 0.00112195 2.82259e-06 0.0420077 0.0067827 0.0231979 0.000912385 0.00100005 0.00486511 0.102174 5.04104e-05 0.00119777 0.00496805 0.0286006 0.0830488 0.0224579 0.302591 0.00042877 
0.00150661 0.00506515 0.357084 0.163973 0.0268158 0.0701864 0.00986483 0.000269103 0.0221693 0.000662888 0.0281582 0.00164135 0.00108457 0.00284005 0.15397 0.00036554 0.00167757 0.0315518 0.0203966 0.0471311 0.0183237 0.0346649 0.000598061 
0.000634603 0.0327096 0.00653277 0.00157121 0.00610563 0.00964004 0.000208541 1.32616e-07 0.0065156 5.39206e-05 0.0455154 9.64794e-05 6.00242e-05 0.0278353 0.0203315 0.00044213 0.425293 0.00135781 0.00727861 0.00113179 0.0026822 0.403832 0.00017115 
0.00280591 7.13562e-05 0.00701437 0.00246737 0.0717129 0.0136678 0.000661244 1.55928e-05 0.00852846 0.00109232 0.640343 9.94344e-05 2.3046e-05 0.00536059 0.0319163 0.000591532 0.000287221 0.00975801 0.0132094 0.000679114 0.179013 0.00833529 0.00234625 
0.000928195 0.00328364 0.0481611 0.0133956 0.0179406 0.0286213 6.15885e-05 6.67976e-09 0.00500341 0.000342575 0.0495208 0.000238793 0.000209341 0.0606963 0.0583329 6.07897e-07 0.191787 0.0138028 0.00779611 0.00636262 0.002888 0.490128 0.000498486 
0.0434641 0.0434983 0.0435076 0.0435083 0.0434996 0.0435058 0.0434962 0.043396 0.0435032 0.0434422 0.043502 0.0434334 0.0434374 0.0434801 0.0435091 0.0434472 0.0434208 0.0434864 0.0435046 0.0434986 0.0435002 0.0435067 0.0434522 
7.70384e-08 0.000370153 0.0727198 0.00167351 0.0560064 0.232456 7.70953e-08 7.69175e-08 0.0254609 7.69994e-08 0.000709448 0.00596634 0.000254148 0.00100965 0.32513 0.000169495 0.000469542 0.0142826 0.091715 0.00467231 0.00963015 0.157304 7.70172e-08 
0.000817285 0.00778453 0.112218 0.0449353 0.166884 0.101104 0.00545526 0.000420722 0.0336933 0.000834245 0.024043 0.00187276 0.000996544 0.01266 0.211877 0.000988352 0.00151661 0.0175313 0.0118603 0.0654004 0.0374866 0.137874 0.00174665 
0.000608845 4.90431e-05 0.0424506 0.00443564 0.00463083 0.00476407 0.000135573 7.65866e-07 0.0922731 0.0023308 0.036692 5.46299e-06 6.54859e-05 0.0444517 0.617613 0.000124546 2.87104e-05 0.000289922 8.75745e-05 0.109575 0.00765565 0.03173 1.86455e-06 
0.000649482 0.00490142 0.00563558 0.0154305 0.0134998 0.0149409 0.00264049 1.22678e-05 0.0138298 0.0333081 0.0574111 0.144373 0.00128117 0.0313729 0.143591 3.45235e-05 0.0002748 0.00471416 0.0151828 0.0158534 0.0242837 0.456703 7.62938e-05 
3.29498e-05 3.51678e-06 0.119018 0.197503 0.0612539 0.417809 0.000416268 9.18896e-08 0.00635057 5.39145e-06 0.0868765 7.94729e-05 3.64722e-05 0.00206885 0.0556097 2.40006e-06 3.25009e-07 0.00421976 0.00303448 0.00754006 0.00969596 0.0284434 1.11942e-07 
1.13692e-06 1.13782e-06 0.449646 0.0100162 0.0781713 0.092294 1.13776e-06 1.13514e-06 0.014453 1.13635e-06 1.13791e-06 0.000114748 0.00306893 0.00170714 0.231263 1.13648e-06 1.13579e-06 1.1375e-06 1.13798e-06 0.0851103 1.13786e-06 0.0341422 1.13661e-06 
2.25102e-05 7.13318e-05 0.367844 0.0064767 0.112857 0.0017343 0.0569474 3.32883e-06 0.219324 0.00638808 0.00233459 0.000189331 1.56946e-05 0.000312262 0.0122539 7.71482e-05 1.34351e-05 0.153871 0.0110175 0.00433586 0.0129237 0.030918 6.84513e-05 
9.30289e-05 0.000908236 0.0425221 0.0503774 0.0604238 0.0549123 2.14892e-05 9.10391e-06 0.346878 3.5544e-05 0.0329962 0.0030561 0.00311912 0.00369631 0.121304 2.89847e-05 6.21595e-05 0.000428863 0.00794605 0.0920119 0.0802938 0.0987434 0.000131934 
0.00219814 8.77934e-05 0.0201231 0.0234051 0.00878493 0.313177 0.00361517 1.74498e-06 0.38019 0.000137958 0.0505491 0.000779428 7.39299e-06 0.00191008 0.0931058 1.80246e-06 0.000168484 0.000519095 0.0636731 0.0041101 0.00129118 0.029799 0.00236423 
0.00222401 0.000325249 0.0176106 0.0126154 0.00197594 0.0132711 0.000944985 1.37148e-05 0.00244725 1.4166e-05 0.780922 0.000155818 2.52597e-05 0.000361574 0.0453478 0.0002086 0.0109169 0.0542332 0.019138 0.00220917 0.0105334 0.0244657 4.05457e-05 
0.0236169 0.0226301 0.0787864 0.0312519 0.0429763 0.349043 0.00202975 1.50319e-05 0.020022 0.00893558 0.00675757 0.000842688 0.00589184 0.00591009 0.04522 3.21946e-05 0.000823679 0.00639129 0.0292841 0.248772 0.014215 0.0552625 0.00129061 
4.92398e-05 0.000185112 0.0518908 0.0569133 0.0249729 0.00548615 0.00102152 9.39744e-06 0.177296 0.000688899 0.216352 0.00138422 0.00013711 0.0111607 0.0229886 0.000294423 0.0861022 0.100407 0.00328521 0.00591206 0.0387492 0.182825 0.0118892 
0.000734827 0.0045923 0.0872546 0.0434897 0.242453 0.0447997 0.149735 4.34019e-05 0.142363 0.00225532 0.0191022 0.00365938 0.00245745 0.00598987 0.0634056 0.00124116 0.00109355 0.0162816 0.00688841 0.0836605 0.015677 0.0622681 0.000553894 
0.00104538 0.000516039 0.00719762 0.0257698 0.042827 0.0879379 0.00570285 5.94648e-09 0.253686 0.00847377 0.117773 9.20249e-05 2.71589e-06 7.8695e-07 0.0955545 3.84881e-07 0.0165598 0.0109223 0.0103514 0.00066239 0.0160111 0.24849 0.0504227 
0.000251746 0.00138167 0.0559717 0.0264655 0.0111408 0.0208504 0.00847382 3.2064e-05 0.21495 0.000120942 0.0522474 0.00146711 0.000212028 0.00144208 0.357751 0.000269134 0.004201 0.00157465 0.00558166 0.0134548 0.0144727 0.207647 4.15726e-05 
0.0102077 0.0113289 0.0475097 0.0343932 0.081463 0.0258705 0.0207302 0.000268837 0.131264 0.000979325 0.0582352 0.00329028 0.00429133 0.00712478 0.139613 0.0203782 0.00442954 0.0102795 0.00961467 0.109495 0.0240334 0.225884 0.019317 
0.0123096 0.00559402 0.0752301 0.044542 0.0510986 0.262679 0.00846843 9.26529e-05 0.0424387 0.000894129 0.040877 0.00614353 0.00242022 0.00681159 0.13489 0.000166255 0.00113588 0.0168965 0.00855881 0.041097 0.0295904 0.20705 0.00101568 
0.00888663 1.52799e-05 0.0578894 0.0337463 0.0221068 0.00736905 0.00371119 1.36757e-05 0.160571 0.00493613 0.0880887 0.00332206 1.93356e-05 0.00417529 0.407687 0.000307806 0.000225371 0.00106358 0.0210622 0.00904324 0.00892455 0.156539 0.000296641 
0.00465158 0.0404938 0.0472267 0.0107637 0.0184767 0.00820699 0.000878281 7.33423e-06 0.0241155 0.0326239 0.038795 0.000162048 0.00175262 0.476873 0.0402247 0.0411698 0.0609271 0.00214463 0.0138469 0.0438569 0.00982058 0.0822485 0.000734015 
0.00136677 9.4283e-05 0.00151005 0.0335669 0.00124313 0.00267237 0.00400587 1.21014e-07 0.0046362 0.00640742 0.822388 0.0147741 1.05003e-05 0.000466476 0.0777695 9.74717e-06 0.000123435 0.0024604 0.000249672 0.00340917 0.00702681 0.0157857 2.32295e-05 
2.85982e-05 0.000390434 0.0499994 0.00177568 0.0200969 0.0164172 0.00776099 1.18967e-11 0.191771 1.49637e-09 0.0387314 0.00364268 3.99692e-05 0.0536745 0.20882 0.00495579 0.0271152 0.00420397 0.00399666 0.0079939 0.00826451 0.350282 4.03205e-05 
1.07679e-05 0.000309082 0.00233751 0.000529053 0.0283709 0.0473743 0.000299704 6.82079e-06 0.0166469 0.00144687 0.00653815 0.00128118 0.000257514 0.0316571 0.0675981 1.65551e-05 0.000815401 0.000867599 0.000938481 0.00268188 0.00260586 0.787401 8.83014e-06 
0.00057325 0.000358214 0.0476531 0.0301769 0.00465201 0.00156528 0.000543246 1.82214e-09 0.0301066 9.78687e-06 0.04521 5.90588e-07 2.32692e-05 0.00607493 0.0622684 0.0016217 0.000418854 0.0073437 0.00922995 0.00132479 0.0370773 0.713766 2.36941e-06 
4.81986e-07 3.308e-07 0.0172231 0.100974 0.0229615 0.270852 0.00212783 1.15881e-07 0.0297799 5.74011e-07 0.0599105 0.00272231 1.47335e-07 0.000252924 0.200795 1.71903e-05 1.86921e-07 0.00223084 0.00482922 9.97985e-05 0.0618542 0.22279 0.000577636 
0.000696882 0.000322349 0.00316812 0.00478421 0.0209574 0.00134088 0.00308301 3.08972e-08 0.002348 0.000116497 0.0242848 0.0147101 0.000178399 0.0503223 0.0569745 3.29372e-06 0.000231214 0.00196373 0.0493513 0.00110839 0.0369484 0.727105 1.57444e-06 
0.0137935 0.0110832 0.041604 0.0231301 0.0451969 0.14045 0.00532461 8.74103e-06 0.0366605 0.000571232 0.0168506 0.000680338 0.00180213 0.00917056 0.188251 9.81555e-06 0.000112956 0.0016613 0.0400179 0.153453 0.0087847 0.261353 2.94724e-05 
0.00439656 0.000199606 0.00255472 0.00258652 0.004196 0.0487898 0.000662556 2.81375e-06 0.0167771 0.00313377 0.0695156 0.000641353 5.00448e-05 0.0006158 0.0195093 3.05887e-05 0.00073525 0.00291506 0.000562904 0.000365867 0.00430929 0.817444 5.01358e-06 
