8.01886e-07 0.000709516 0.267281 0.0868346 0.0124555 0.0330303 0.00516086 5.24578e-06 1.87069e-10 1.21523e-06 0.306582 2.68038e-06 1.43469e-06 8.05358e-06 0.193445 1.22409e-09 0.0690029 3.79954e-06 0.000660426 0.00725825 0.0175347 2.1144e-05 8.87204e-07 
4.34273e-07 7.7542e-11 0.201278 2.95444e-06 2.83517e-05 0.0544777 0.00206677 2.44177e-07 5.2538e-11 3.69335e-10 2.27302e-05 4.14787e-10 3.86419e-06 1.73508e-10 0.578304 3.43782e-10 1.68213e-06 1.3921e-10 0.00109998 1.76188e-06 2.12025e-06 0.162709 3.1773e-10 
0.00850495 0.000383039 0.047256 0.609118 0.00705626 9.59083e-08 0.113714 7.94721e-08 2.52079e-08 7.65211e-08 0.108768 0.000290707 2.48869e-05 0.00137147 0.0465416 1.42003e-07 3.24025e-05 9.18805e-08 0.0454282 0.000451812 0.00970429 0.00135257 8.82215e-07 
2.13655e-07 0.000397744 8.60793e-08 7.24494e-07 2.13474e-11 5.46519e-08 4.87193e-07 1.81929e-10 1.56969e-11 1.98736e-07 0.983148 1.23927e-10 1.17795e-10 3.31824e-07 7.93177e-05 2.97969e-07 0.0144755 4.15921e-11 2.13879e-07 2.28097e-08 0.00189658 5.36e-08 9.49291e-11 
1.23376e-06 0.0014457 0.00645377 0.129425 0.00192066 0.00202786 0.0207347 1.3923e-06 1.25171e-09 0.00045424 0.690945 1.82201e-06 7.83351e-08 0.0965171 0.00241621 6.7571e-07 0.00460836 0.0263948 0.00109187 0.00397369 0.0076103 0.00397533 1.00762e-06 
8.58882e-06 0.000990918 0.00697462 0.0563204 0.0165241 0.00938915 0.000695633 3.15375e-07 1.79763e-07 9.31573e-05 0.828744 9.14462e-07 1.85022e-05 0.000320724 0.0119632 2.84506e-06 3.49e-05 3.82674e-07 0.00055084 0.000330251 0.0131361 0.0538583 4.18602e-05 
5.17772e-05 1.47255e-05 0.00398612 0.102905 0.00378374 0.00614637 0.00026153 0.000105125 2.06817e-07 0.000125878 0.871425 1.63281e-06 1.55203e-06 0.000765547 0.00619205 9.99728e-05 0.000382155 0.000432417 0.000365896 3.62022e-05 0.0011941 0.000701346 0.00102228 
8.58882e-06 0.000990918 0.00697462 0.0563204 0.0165241 0.00938915 0.000695633 3.15375e-07 1.79763e-07 9.31573e-05 0.828744 9.14462e-07 1.85022e-05 0.000320724 0.0119632 2.84506e-06 3.49e-05 3.82674e-07 0.00055084 0.000330251 0.0131361 0.0538583 4.18602e-05 
0.0443312 0.000416409 0.00100657 0.100561 0.043246 0.0192755 0.0144191 7.0523e-05 4.43902e-06 0.0018053 0.667578 0.000166868 7.10393e-06 0.00467564 0.0181505 0.000183767 0.0477402 0.00277626 0.0151629 0.00220754 0.00699108 0.00921751 6.70821e-06 
0.00950145 1.84061e-07 0.0065918 0.0305051 0.0384666 0.794046 0.00180082 2.36571e-07 7.22879e-08 2.86881e-07 0.0491507 9.94758e-07 2.04621e-06 0.00238309 0.00688263 5.86485e-05 3.88758e-07 0.0031846 0.00129565 0.000929565 0.000802317 0.054397 1.20142e-07 
7.08465e-05 3.42067e-05 8.37818e-05 0.32569 0.00377704 0.000185064 0.0271661 0.000519825 3.56218e-08 2.50416e-07 0.530103 2.81233e-07 2.67319e-07 0.00203182 0.0127197 1.14679e-05 3.25768e-07 0.000176612 0.00220155 5.17115e-08 0.0212129 0.0739848 3.0755e-05 
2.05993e-05 0.270663 0.0231294 0.0607862 0.0814478 0.00189823 0.120355 0.00206623 4.33208e-07 0.0113085 0.0491086 1.01948e-06 3.35635e-06 0.00582419 0.000156034 2.23651e-06 5.3708e-07 1.9824e-05 0.000295176 0.370579 0.0012427 0.00107377 1.84117e-05 
0.000464579 0.000269912 0.0043367 0.114466 0.000650843 0.000881828 0.00120591 3.95905e-05 3.27379e-06 4.34572e-06 0.816813 0.000990056 0.000296142 0.000254962 0.0183887 0.00027619 0.00590592 5.09313e-05 0.0154435 4.57401e-05 0.00222731 0.0169453 3.90088e-05 
1.28431e-09 1.66897e-05 0.0295278 0.0431181 1.10502e-05 0.00115277 0.148297 3.06318e-09 2.64292e-10 3.55865e-06 0.744501 0.000113093 2.08319e-06 0.00291533 0.013886 2.16524e-05 0.000577042 8.36546e-05 0.00117242 0.000191514 0.0138239 0.00058554 1.59834e-09 
9.5997e-05 9.78754e-05 0.00117475 0.497049 5.50731e-06 0.000263992 0.000846473 1.02463e-05 1.49662e-07 4.58693e-07 0.289808 2.15081e-05 4.89653e-07 8.98312e-05 0.00730906 2.00356e-05 0.194394 1.45996e-05 0.00272583 3.40113e-05 0.00590705 0.000130853 3.94602e-07 
0.00122932 4.95264e-06 0.0043298 0.00857101 0.000336009 0.039119 0.000322619 5.30299e-06 2.82606e-08 0.0316816 0.755305 0.000295092 5.46217e-05 5.07678e-05 0.011383 1.84923e-07 2.58449e-07 7.48821e-08 4.95836e-05 0.00900496 0.122009 0.016248 1.7091e-07 
6.81559e-05 0.00170684 0.00754813 0.0120259 0.048079 9.81612e-06 4.08574e-06 2.50131e-06 5.45351e-10 3.83374e-09 0.871071 4.30554e-09 1.13187e-06 2.22848e-06 0.00615124 0.00107297 9.70753e-07 3.0364e-06 3.30091e-05 0.0020111 1.00627e-05 0.050198 9.12143e-07 
1.49287e-06 5.63023e-07 0.0178606 0.780715 0.00024504 0.0118074 0.0670669 3.56063e-06 3.07212e-07 3.34373e-06 0.0947942 4.28201e-05 0.000107631 5.73437e-05 0.01071 2.01024e-06 2.80952e-06 0.00503635 0.00172498 4.45974e-07 0.00934191 0.000473902 1.85791e-06 
2.85345e-05 0.000262275 0.10199 0.0050329 0.0159065 0.227922 0.000385644 2.58692e-06 2.56479e-08 3.83595e-05 0.511489 5.67033e-06 9.8234e-07 0.00045782 0.0932203 5.29396e-06 0.0348268 0.000260921 0.00120867 0.000113611 0.000958645 0.00588343 6.11434e-07 
0.000594043 0.00124995 0.00745498 0.00633317 5.31609e-06 3.21525e-05 2.84897e-05 9.7579e-06 1.30363e-07 0.000682159 0.229506 2.07235e-05 3.64526e-07 6.2648e-06 0.0259079 1.93166e-05 0.719025 1.41067e-05 0.000108805 1.27865e-05 0.00897448 1.43745e-05 2.93765e-07 
8.58882e-06 0.000990918 0.00697462 0.0563204 0.0165241 0.00938915 0.000695633 3.15375e-07 1.79763e-07 9.31573e-05 0.828744 9.14462e-07 1.85022e-05 0.000320724 0.0119632 2.84506e-06 3.49e-05 3.82674e-07 0.00055084 0.000330251 0.0131361 0.0538583 4.18602e-05 
5.11888e-10 2.57893e-07 0.0788138 0.115799 4.65394e-05 1.791e-06 0.000416808 0.489155 1.05339e-10 6.5946e-07 0.062461 4.49716e-06 2.66321e-06 1.90241e-07 0.129363 0.00043041 5.44527e-06 2.79118e-10 3.29206e-07 0.00847189 0.115024 2.11483e-06 6.37053e-10 
0.00025186 1.9804e-05 2.64099e-05 0.000109519 4.26859e-05 6.31716e-05 0.000117594 4.26607e-07 3.68078e-08 0.00155546 0.973487 2.90597e-07 2.76219e-07 0.0128563 0.000120224 4.52717e-05 0.00954488 8.21535e-05 0.000154009 8.55252e-05 0.00101451 0.000421923 2.226e-07 
0.000291964 0.000721777 0.00267058 0.000105266 0.021662 0.000212293 1.65002e-07 0.000118782 9.72919e-08 0.00150577 0.943962 7.68118e-07 0.00107416 0.000110038 0.00135244 0.00176025 8.89754e-07 2.57794e-07 9.89313e-05 1.41237e-07 7.10055e-05 0.0242803 5.88385e-07 
4.97939e-07 0.000172696 0.00199133 0.0285018 0.000253998 2.29571e-05 0.0030461 6.54437e-08 8.74702e-10 0.000332063 0.931772 6.72596e-07 8.89981e-07 0.00708119 0.0127212 1.99341e-05 0.00114422 2.34389e-06 0.00180938 0.000128634 0.00996601 0.00103105 5.51427e-07 
0.145804 2.95867e-08 1.90922e-08 0.00229794 8.37063e-13 3.92815e-09 2.33796e-08 2.31427e-09 6.15498e-13 4.32687e-12 1.11709e-08 2.84302e-08 4.61892e-12 1.63916e-08 9.5379e-09 3.50609e-09 1.11295e-08 1.04441e-08 0.851509 2.90082e-07 9.62114e-09 0.000388627 3.7223e-12 
4.68714e-06 0.000188596 0.000292444 0.137555 0.00196742 0.0766593 1.88966e-08 0.00346348 1.11422e-08 0.0421124 0.7054 8.79675e-08 0.000292181 1.78065e-06 2.1896e-05 0.000100642 1.01898e-07 0.0122571 0.00250748 2.7562e-05 0.0144673 0.00267591 5.25147e-06 
9.55756e-07 2.89996e-10 5.94913e-07 0.0379077 2.67214e-10 1.46992e-06 1.48623e-05 2.27728e-09 1.96484e-10 6.92012e-07 0.94841 3.87966e-06 1.47449e-09 0.0136329 4.07087e-06 1.28569e-09 1.79689e-09 2.03096e-06 1.46497e-06 2.85233e-10 1.65236e-05 2.50275e-06 1.18826e-09 
0.0097065 1.05368e-07 0.00341549 0.26366 0.00074852 0.00631629 0.0249529 1.20236e-08 2.29545e-12 1.45695e-08 0.000492598 1.81225e-11 9.70971e-08 0.0185734 0.232556 1.40271e-09 4.35199e-05 4.22439e-08 0.434894 4.18262e-05 0.000305868 0.00429354 2.38016e-08 
5.06766e-08 1.88252e-05 0.00218871 0.123435 0.00232755 0.448399 0.00385952 0.0499386 1.04285e-08 6.8739e-06 3.85159e-05 8.23331e-08 7.82595e-08 0.000871851 0.14755 2.05442e-06 9.5371e-08 2.76325e-08 0.000257837 2.0357e-05 1.35757e-08 0.221085 6.30679e-08 
2.47857e-05 0.00103674 0.0314171 0.0277317 0.00629779 0.0352353 0.00189529 2.40084e-05 2.78624e-10 6.00502e-08 0.499519 6.8469e-08 7.08996e-08 0.0014215 0.0794427 6.39511e-08 0.28245 0.00122909 0.00593746 0.000151008 0.0177051 0.00848145 4.38357e-08 
0.000148266 0.00154381 0.126149 0.0300958 0.00379794 0.123054 0.00225946 1.83308e-08 1.63197e-10 7.56545e-09 0.175353 4.05466e-08 8.93253e-09 0.00113415 0.280206 3.78727e-08 0.206118 0.00152697 0.00706809 0.000656537 0.00569711 0.0351918 5.52241e-09 
2.78666e-05 2.69813e-05 0.017092 0.000539209 0.000572663 0.0101307 6.44361e-05 0.00040375 4.46974e-07 1.84702e-06 0.849615 4.78924e-05 1.97169e-06 1.46185e-05 0.0874383 4.45159e-05 0.0296389 3.21832e-05 0.000245226 2.90255e-05 8.28593e-05 0.00394801 1.58894e-06 
1.08202e-06 1.26926e-06 0.000899205 0.0235547 1.34466e-09 3.63302e-07 0.0128849 1.14595e-08 9.88735e-10 0.00461242 0.933466 0.000204156 7.41983e-09 9.63694e-07 0.00278042 1.48725e-06 4.57038e-06 8.91018e-07 3.62189e-07 1.43533e-09 0.0206996 0.000887894 5.9795e-09 
4.41302e-05 9.49226e-05 0.0184349 0.0614134 0.000146403 0.0272267 0.0197076 3.42058e-05 3.40646e-06 4.01452e-05 0.750025 8.30429e-05 3.94562e-05 0.000120741 0.0757271 2.27314e-05 0.0373174 3.13105e-05 0.00265728 0.000830755 0.00268042 0.00331433 4.67341e-06 
0.001028 0.0018191 2.96999e-05 0.0178483 0.000343453 0.00491162 0.000172824 2.53218e-07 2.18478e-08 0.111173 0.855683 1.72488e-07 1.63954e-07 6.04699e-05 0.00113564 9.38427e-05 0.000843196 5.78901e-08 1.19649e-05 0.000787226 0.000941968 0.00311631 1.32127e-07 
0.00135774 0.000779732 0.0229223 0.0334407 0.00795684 0.0435118 0.00145476 2.34303e-06 3.17206e-07 0.000293876 0.562419 0.000102028 6.82379e-06 0.00146636 0.0839379 1.71206e-05 0.168882 0.000379357 0.0124308 0.000161256 0.00896119 0.0485574 0.000959295 
1.87448e-06 0.00101739 0.000483154 0.00792275 5.47497e-05 0.000923406 0.000601067 1.20273e-07 1.03772e-08 0.000887775 0.969423 8.19281e-08 7.78746e-08 2.67192e-05 0.00861966 9.95422e-06 0.00780219 3.02087e-05 7.96546e-06 4.4317e-06 0.000235775 0.00194775 6.27577e-08 
0.0444273 0.000243737 0.00573084 0.00367321 0.0431427 0.0030396 3.17567e-08 5.09958e-07 1.8725e-08 1.31635e-07 0.882854 0.000307847 1.4052e-07 9.99364e-05 1.00641e-07 1.22527e-07 1.71244e-07 0.000650707 1.08009e-05 4.56768e-05 0.00141925 0.0143417 1.12023e-05 
1.01535e-09 3.24688e-07 5.9355e-07 0.053075 2.84161e-10 0.000434366 2.44643e-06 2.4217e-09 2.08946e-10 1.46886e-09 0.903838 6.39934e-07 1.56801e-09 6.41484e-07 0.000701943 1.36723e-09 1.91085e-09 2.1232e-07 2.41265e-07 3.03323e-10 0.0419447 4.12035e-07 1.26363e-09 
2.24371e-05 7.29017e-06 0.000693429 0.0176902 1.60458e-05 0.136247 0.0156639 0.731241 9.01615e-09 1.62929e-05 0.00705345 7.11824e-08 6.76605e-08 6.18109e-06 0.0761928 2.0335e-05 0.000149924 1.06272e-05 2.33853e-06 2.7402e-05 0.00978783 0.00515056 4.00839e-07 
0.00158149 5.89619e-05 0.62487 0.0743652 0.0346015 0.0770183 0.000928236 4.7052e-07 4.05967e-08 0.00189941 0.0320471 0.00059412 3.04653e-07 0.000887238 0.0846806 6.49658e-06 3.71265e-07 0.00603851 0.00035648 0.000432736 0.00754375 0.00826865 0.0438203 
0.000632406 0.000970078 0.0464634 0.00690961 0.000380887 0.0302988 0.00728814 0.000280671 9.33727e-10 0.000613585 0.681349 2.26757e-07 1.15954e-07 0.000143782 0.136189 0.000171426 0.069354 0.000774618 0.000708058 0.000641493 0.00328559 0.0135456 7.17155e-08 
6.92639e-08 0.000197523 0.00401825 0.00795475 0.00128211 0.00584515 0.000226895 1.652e-07 1.42535e-08 1.002e-07 0.975876 1.12531e-07 1.06964e-07 4.70726e-08 0.000209656 2.5168e-05 0.000255 3.77676e-08 2.49408e-05 2.06916e-08 0.000205905 0.00387831 8.62001e-08 
1.75091e-05 1.74251e-05 0.000111371 0.0854652 7.767e-06 4.73204e-05 4.18817e-05 1.38382e-05 1.45989e-07 1.79485e-07 0.911328 3.01584e-05 1.916e-07 9.07488e-06 0.000163117 2.81485e-05 0.00246443 2.06545e-05 0.000160209 1.87652e-05 3.30729e-05 2.11406e-05 1.54407e-07 
1.50093e-05 3.95892e-05 2.30391e-05 0.0306941 0.000112284 0.0077207 2.67478e-08 1.82795e-07 1.57716e-08 1.10872e-07 0.911194 1.24517e-07 0.000554528 1.04702e-06 0.00210544 1.03201e-07 1.44235e-07 0.0439657 7.56723e-05 0.00232874 0.00116745 2.11558e-06 9.53809e-08 
1.25585e-09 3.26069e-05 0.00547456 0.0119637 1.09826e-06 0.000376253 0.00132448 8.54208e-06 2.58435e-10 1.11089e-05 0.926356 6.82661e-07 1.93939e-09 1.89524e-06 0.00187484 6.0919e-07 0.00772925 1.05103e-06 0.000146461 5.00966e-07 0.044696 5.82882e-07 1.56292e-09 
2.34649e-05 7.37079e-05 0.00770636 0.0739939 0.0139638 0.00108298 0.010139 4.18725e-07 3.61277e-08 3.55498e-05 0.796705 2.85228e-07 4.19456e-05 0.000234268 0.0511079 2.36401e-07 0.000430277 0.00584465 2.1282e-05 0.000530423 0.0233088 0.0147301 2.5982e-05 
6.37696e-06 7.54141e-07 0.0085839 0.762551 0.0767182 0.0725513 0.0091349 2.27998e-06 3.14758e-10 4.47565e-06 0.00358917 0.00520877 1.06356e-06 0.000156463 3.99034e-06 1.59566e-06 2.87852e-09 2.39472e-06 0.0418907 2.98846e-06 0.00444803 0.0151067 3.49224e-05 
9.64581e-06 1.01507e-10 0.143148 0.314295 0.0189145 8.84389e-05 0.0063083 3.18978e-06 6.87753e-11 3.52049e-06 0.0704731 5.96927e-07 5.16115e-10 8.63631e-07 0.0957294 4.02329e-07 0.00020254 0.00336748 0.00988489 9.98398e-11 0.337569 1.27425e-06 5.98439e-08 
0.00155374 1.2818e-09 0.00337597 0.00514572 0.00601686 0.00117033 0.00802373 0.000217318 8.68477e-10 6.10528e-09 0.828134 0.00495374 3.05532e-06 0.00595174 0.0319025 5.68287e-09 9.47345e-06 0.0546801 3.07434e-07 0.00277282 0.00676034 0.0393251 3.42063e-06 
0.0835154 1.99942e-08 1.78505e-05 0.0254563 2.66682e-10 2.97512e-06 0.000226294 1.02214e-09 5.19651e-13 2.76484e-06 1.44742e-05 1.92133e-08 1.37034e-09 3.03443e-05 1.24092e-05 2.37002e-09 4.84322e-05 7.0582e-09 0.889959 6.20065e-05 0.000443884 0.000208021 3.14265e-12 
0.650127 3.07377e-07 2.22025e-05 0.0578035 0.0138138 0.0984708 0.000775894 0.000552292 2.08261e-07 2.34299e-05 0.00786578 0.00059025 1.56287e-06 0.0649696 0.000315394 1.36276e-06 0.0028066 0.0107565 0.0066673 0.00038191 0.00746168 0.0159694 0.0606234 
6.55428e-07 1.07599e-11 5.18842e-07 0.673796 0.000275525 1.47891e-06 0.0309714 4.4791e-07 7.29029e-12 5.12498e-11 2.17097e-06 4.86937e-06 2.74093e-08 0.00360246 3.22724e-07 4.77039e-11 6.66712e-11 2.02849e-07 0.253214 1.05832e-11 0.0357074 0.00242215 5.37928e-07 
7.81533e-07 4.36156e-07 0.000145083 0.0549676 0.00120246 0.00677381 4.30934e-05 3.37735e-05 8.88599e-10 0.00121182 0.74295 7.01547e-09 6.66837e-09 0.00603636 0.122218 9.97295e-07 0.014927 0.000514647 0.00623937 0.0147059 0.00215648 0.0258729 5.37392e-09 
4.99149e-07 1.51603e-07 0.00226289 0.446233 1.39694e-07 0.000644266 0.0533886 1.38658e-05 1.02718e-07 7.22092e-07 0.0480261 0.000422477 0.443073 3.39228e-07 0.00295334 6.72132e-07 8.84523e-05 0.000191323 0.00100651 6.21757e-05 0.0015743 5.62523e-05 6.21199e-07 
5.94521e-07 9.83173e-11 0.000199368 0.322355 9.05939e-11 0.0158927 0.00778997 7.72067e-10 6.66142e-11 0.2059 0.0939969 0.164951 1.23038e-06 0.000168012 4.9032e-07 4.35889e-10 3.90353e-06 1.76508e-10 0.106426 0.000620665 0.0810282 0.000666423 4.02858e-10 
4.61116e-07 1.40052e-07 0.920208 0.00533614 1.2905e-07 0.000801251 0.0185715 0.000441019 9.48911e-08 6.67072e-07 0.041054 7.49164e-07 7.12098e-07 3.1338e-07 0.00386278 6.20919e-07 0.00303816 2.51433e-07 0.000902645 1.37752e-07 0.00382946 0.00195006 5.73866e-07 
6.37696e-06 7.54141e-07 0.0085839 0.762551 0.0767182 0.0725513 0.0091349 2.27998e-06 3.14758e-10 4.47565e-06 0.00358917 0.00520877 1.06356e-06 0.000156463 3.99034e-06 1.59566e-06 2.87852e-09 2.39472e-06 0.0418907 2.98846e-06 0.00444803 0.0151067 3.49224e-05 
2.13655e-07 0.000397744 8.60793e-08 7.24494e-07 2.13474e-11 5.46519e-08 4.87193e-07 1.81929e-10 1.56969e-11 1.98736e-07 0.983148 1.23927e-10 1.17795e-10 3.31824e-07 7.93177e-05 2.97969e-07 0.0144755 4.15921e-11 2.13879e-07 2.28097e-08 0.00189658 5.36e-08 9.49291e-11 
3.54442e-10 8.07538e-05 0.0514867 0.0432904 9.91957e-11 0.0187843 0.000942562 3.48927e-06 7.29392e-11 5.12753e-10 0.635028 9.49474e-07 5.47363e-10 0.00107945 0.142883 8.47432e-07 0.00931587 1.93267e-10 0.00196951 0.00593018 0.0892033 1.01293e-07 4.41109e-10 
5.19455e-06 0.00111719 2.46299e-06 0.000726082 2.81259e-06 1.29864e-06 1.41686e-06 6.98828e-08 6.02952e-09 0.00660867 0.924211 9.24122e-05 4.52477e-08 0.059246 0.00237386 0.00149801 0.00222295 2.48011e-06 6.76182e-06 8.74521e-07 0.000801909 0.00107862 3.64643e-08 
0.0434071 8.49116e-05 0.025775 0.101828 0.0199383 0.0373147 0.00250153 0.000908015 6.16287e-06 8.88882e-06 0.493734 5.90512e-05 6.63167e-05 0.00158561 0.0732207 6.90954e-06 0.0350491 0.00611444 0.0104318 8.36426e-05 0.0755314 0.0722147 0.000129724 
0.00667698 1.279e-07 1.7391e-07 0.0285 0.000828475 0.00793166 3.48464e-07 3.15856e-07 2.47523e-11 0.00814584 0.916588 1.95419e-10 1.8575e-10 0.0157175 0.00490385 2.91701e-07 1.14769e-05 5.31312e-07 9.969e-07 5.53397e-07 0.0106924 9.962e-07 1.49692e-10 
8.58882e-06 0.000990918 0.00697462 0.0563204 0.0165241 0.00938915 0.000695633 3.15375e-07 1.79763e-07 9.31573e-05 0.828744 9.14462e-07 1.85022e-05 0.000320724 0.0119632 2.84506e-06 3.49e-05 3.82674e-07 0.00055084 0.000330251 0.0131361 0.0538583 4.18602e-05 
7.33847e-05 0.00763791 0.00348668 0.00577699 0.000100469 9.78332e-05 0.000322166 1.9845e-06 2.28319e-08 2.37005e-06 0.842852 0.00305468 4.3341e-08 0.000296581 0.00973467 0.000174539 0.114404 0.000121244 0.0012539 0.00314575 0.00696874 0.000493952 3.49277e-08 
8.73934e-05 3.07415e-08 0.000786242 0.0566809 2.83265e-08 6.95184e-06 0.00881007 2.41407e-07 2.08287e-08 0.000123836 0.921146 0.00115821 4.85475e-05 7.39852e-05 0.0022601 1.36292e-07 0.000150429 5.51897e-08 4.88569e-06 0.000206991 0.00844434 1.09003e-05 1.25964e-07 
1.05486e-06 6.30335e-07 0.0541826 5.13485e-07 0.00114689 5.68227e-06 1.54452e-07 8.11325e-10 7.00015e-11 4.92101e-10 0.904945 6.63248e-06 5.25317e-10 0.0181657 1.46831e-05 2.7529e-07 1.24841e-05 2.96959e-07 1.80553e-08 7.92737e-07 0.00683965 0.0146774 4.23343e-10 
1.34769e-08 1.1757e-07 0.0398133 0.0630023 7.09567e-07 0.00593587 0.0870656 1.27619e-07 2.7459e-11 1.93033e-10 0.748448 2.16788e-10 2.06062e-10 9.07744e-08 0.0283929 2.71331e-06 0.000792125 1.266e-05 2.61202e-07 3.50823e-07 0.0239371 0.00259633 1.66062e-10 
4.37464e-09 0.000218784 0.0867981 0.247676 0.0597066 0.01156 0.20777 1.04339e-08 9.00239e-10 6.32856e-09 0.211231 5.33997e-05 3.24014e-07 0.000288855 0.149762 5.89071e-09 0.00180776 3.16046e-05 0.00138732 6.07927e-06 0.0192559 0.00244666 5.44431e-09 
7.92858e-07 2.19909e-05 1.8458e-05 0.00863709 2.21893e-07 9.20064e-05 0.000104223 1.89103e-06 1.63159e-07 0.000145385 0.0905359 1.28814e-06 1.2244e-06 7.13288e-05 2.82281e-05 1.06763e-06 0.00262485 4.32322e-07 4.57721e-05 5.09888e-06 0.89765 1.15415e-05 9.86725e-07 
0.00207727 0.000575407 0.00728421 0.0135003 0.00357502 0.0237053 0.00178516 0.000163434 2.24542e-06 0.000119639 0.822064 2.40593e-05 2.68978e-05 0.000332466 0.0240422 0.000208117 0.047112 0.000349586 0.0292019 0.000532471 0.00392244 0.0193777 1.81398e-05 
8.51832e-09 2.58721e-09 1.1665e-06 2.48882e-06 2.04684e-05 1.11472e-05 9.57402e-06 2.03169e-08 1.75295e-09 6.09226e-06 0.733797 1.64014e-05 1.31548e-08 5.78915e-09 0.0278739 1.14704e-08 1.60311e-08 9.47524e-06 5.78214e-06 4.69271e-06 0.0218555 0.216368 1.82131e-05 
1.60475e-05 0.000408309 0.00521144 0.0340275 0.0322614 0.0532027 0.000219185 3.50593e-06 4.48258e-09 2.80165e-06 0.815592 0.000266635 3.30439e-06 0.00110116 0.0131968 1.56613e-05 0.0185554 0.00052843 0.000218938 4.31046e-05 0.0122789 0.0128443 2.04912e-06 
1.43696e-07 0.000192077 0.000162161 0.00136484 4.02155e-08 0.000102956 0.000917801 3.42728e-07 2.95707e-08 2.07878e-07 0.00928373 2.3346e-07 2.21909e-07 0.000625108 0.000248623 1.93495e-07 0.983309 7.83534e-08 0.000402917 4.29702e-05 0.00324513 0.000100975 1.78832e-07 
0.0359333 1.24514e-07 1.09188e-06 0.0231881 0.000774176 0.00610104 2.32367e-05 5.86412e-07 7.91244e-11 0.113363 0.604723 6.24686e-10 8.30361e-05 0.0138614 0.00949189 3.67802e-07 7.23608e-10 2.09656e-10 0.0745296 0.002939 0.0941225 0.0208644 4.78515e-10 
0.0522644 1.26412e-05 8.4281e-05 0.000335491 0.00033237 0.000239829 9.43088e-05 7.21481e-06 6.22497e-07 0.000382331 0.941097 0.00012309 4.67145e-06 0.000178603 0.000326933 4.0733e-06 5.69286e-06 5.5881e-05 7.14716e-05 2.44069e-05 0.000273609 0.000251109 0.00382976 
9.06855e-05 1.30388e-09 0.024234 0.00317612 0.195814 0.442805 0.0380679 1.02391e-08 8.83434e-10 8.37404e-05 0.291963 6.9747e-09 6.62962e-09 2.58823e-05 0.00203874 5.78074e-09 8.07919e-09 2.34084e-09 0.000789011 1.28247e-09 0.000910119 1.21213e-06 5.34268e-09 
0.00237807 0.000164015 3.49167e-07 0.147723 0.0127414 0.0179412 0.289916 4.04547e-05 1.75131e-10 2.58101e-06 0.486455 1.38265e-09 1.31424e-09 0.00191063 8.61798e-06 5.069e-07 0.000381222 0.00554375 0.000334814 1.1352e-06 0.034115 4.20432e-08 0.000342202 
0.00182341 2.06661e-09 0.00491521 0.113431 4.28644e-05 1.72475e-05 2.37469e-09 3.9229e-06 1.40022e-09 9.84334e-09 0.801415 2.00574e-06 1.05077e-08 4.62425e-09 0.0559686 9.1623e-09 1.28053e-08 0.00504933 4.04487e-06 3.3044e-06 0.0166276 0.000584461 0.000111614 
7.37753e-08 3.86889e-07 0.0310403 0.0472104 0.0179816 0.00303632 1.31757e-05 0.000238594 3.76021e-10 1.91399e-05 0.813821 2.96868e-09 6.00271e-06 1.24182e-09 0.0013136 2.46049e-09 3.43879e-09 4.98839e-06 3.43138e-06 4.6861e-06 0.00750085 0.0777976 7.97135e-06 
0.00311205 9.13018e-05 0.00199561 0.0232047 0.0675515 0.0711308 0.000271028 2.25964e-06 1.99866e-06 5.27481e-06 0.111932 0.00441509 0.000863934 0.000333335 0.0114465 7.79881e-05 0.00499914 0.0194594 0.00191127 0.00103731 0.0217303 0.634857 0.0195705 
0.0732014 9.81421e-06 7.76067e-06 0.0479875 9.41128e-05 0.0989312 3.77985e-05 0.0015108 4.9332e-08 3.46797e-07 0.755864 3.89475e-07 1.07829e-05 2.07217e-05 2.88473e-05 5.47596e-06 9.368e-06 2.81523e-05 0.000304808 0.010745 9.29655e-05 0.0111005 8.68965e-06 
0.000424086 0.771617 0.00263568 0.00900963 0.142604 5.76361e-05 0.043072 0.000342803 6.86664e-08 7.61992e-07 0.00279862 0.000256005 6.90297e-06 0.00793119 0.000231596 2.35176e-07 1.41589e-06 0.000401893 1.55359e-07 0.0179087 0.00059063 5.96827e-07 0.00010886 
8.58882e-06 0.000990918 0.00697462 0.0563204 0.0165241 0.00938915 0.000695633 3.15375e-07 1.79763e-07 9.31573e-05 0.828744 9.14462e-07 1.85022e-05 0.000320724 0.0119632 2.84506e-06 3.49e-05 3.82674e-07 0.00055084 0.000330251 0.0131361 0.0538583 4.18602e-05 
2.46906e-07 0.00132806 0.191601 0.0223723 0.00875945 1.14793e-05 0.0139152 9.34601e-11 8.06377e-12 0.00247005 0.671742 1.14658e-07 4.4181e-07 0.0588259 4.39041e-06 4.22648e-08 0.0209691 0.00468483 0.00060845 0.00269877 1.33736e-06 6.51669e-06 2.73143e-07 
8.58882e-06 0.000990918 0.00697462 0.0563204 0.0165241 0.00938915 0.000695633 3.15375e-07 1.79763e-07 9.31573e-05 0.828744 9.14462e-07 1.85022e-05 0.000320724 0.0119632 2.84506e-06 3.49e-05 3.82674e-07 0.00055084 0.000330251 0.0131361 0.0538583 4.18602e-05 
0.00560166 1.86754e-06 0.0296759 0.0016386 0.812809 0.00602733 2.14594e-06 1.46654e-05 1.26534e-06 8.89515e-06 0.0877757 5.56003e-05 9.49556e-06 0.000252229 0.0560287 8.27972e-06 1.15718e-05 3.35276e-06 2.79014e-05 1.83687e-06 2.69086e-05 9.68097e-06 7.65229e-06 
1.11138e-05 0.000126781 0.00394384 0.0336109 6.89635e-06 0.0130218 0.00151882 7.71659e-05 3.29244e-08 6.80873e-05 0.222521 0.000328519 4.61976e-08 9.12584e-05 0.044846 2.02286e-05 0.644338 2.35094e-05 0.0184573 5.69469e-05 0.0148101 0.00212126 3.72297e-08 
2.65087e-10 1.04748e-07 3.3654e-07 0.00252909 7.41884e-11 4.08102e-07 4.1263e-06 6.32254e-10 5.45512e-11 3.83487e-10 0.945708 1.07713e-06 4.09372e-10 1.08112e-06 0.00655643 2.50225e-07 4.98881e-10 1.44544e-10 4.06727e-07 7.91909e-11 0.0422101 0.00298856 3.29905e-10 
6.37696e-06 7.54141e-07 0.0085839 0.762551 0.0767182 0.0725513 0.0091349 2.27998e-06 3.14758e-10 4.47565e-06 0.00358917 0.00520877 1.06356e-06 0.000156463 3.99034e-06 1.59566e-06 2.87852e-09 2.39472e-06 0.0418907 2.98846e-06 0.00444803 0.0151067 3.49224e-05 
2.22075e-10 6.74494e-11 3.83735e-07 0.0394873 5.5812e-06 0.0698133 0.216398 5.29667e-10 4.56999e-11 9.96243e-07 0.310616 9.02362e-07 3.42949e-10 9.05698e-07 0.132368 2.99037e-10 4.17935e-10 1.21091e-10 0.00122698 8.89046e-07 0.217913 0.0121667 4.1484e-07 
0.000329074 0.00211072 0.0588059 0.0203656 0.00127547 0.041625 0.000960217 3.27489e-06 3.85528e-09 0.000117655 0.422283 2.29957e-05 7.23981e-08 0.000383406 0.145735 2.41787e-05 0.269617 0.000541355 0.00835316 0.00026741 0.0153115 0.0118679 4.47604e-08 
5.11888e-10 2.57893e-07 0.0788138 0.115799 4.65394e-05 1.791e-06 0.000416808 0.489155 1.05339e-10 6.5946e-07 0.062461 4.49716e-06 2.66321e-06 1.90241e-07 0.129363 0.00043041 5.44527e-06 2.79118e-10 3.29206e-07 0.00847189 0.115024 2.11483e-06 6.37053e-10 
0.00790041 1.01607e-05 0.00564615 0.0882057 0.0227196 0.320141 4.39491e-06 3.81891e-06 3.31085e-08 0.00142157 0.444008 5.55715e-06 0.00014968 0.000515903 0.0165661 0.000134288 5.53705e-06 8.77275e-08 0.000508952 0.00685658 0.0369389 0.0196591 0.0285986 
8.58882e-06 0.000990918 0.00697462 0.0563204 0.0165241 0.00938915 0.000695633 3.15375e-07 1.79763e-07 9.31573e-05 0.828744 9.14462e-07 1.85022e-05 0.000320724 0.0119632 2.84506e-06 3.49e-05 3.82674e-07 0.00055084 0.000330251 0.0131361 0.0538583 4.18602e-05 
8.58882e-06 0.000990918 0.00697462 0.0563204 0.0165241 0.00938915 0.000695633 3.15375e-07 1.79763e-07 9.31573e-05 0.828744 9.14462e-07 1.85022e-05 0.000320724 0.0119632 2.84506e-06 3.49e-05 3.82674e-07 0.00055084 0.000330251 0.0131361 0.0538583 4.18602e-05 
7.54094e-07 2.48651e-05 0.00232546 0.00855679 2.11044e-07 0.00116258 0.00473259 1.79858e-06 1.55182e-07 0.00752991 0.963512 0.000787926 1.16454e-06 5.12492e-07 0.000335544 1.01543e-06 1.41917e-06 4.11185e-07 0.000109338 2.26208e-05 0.0105365 0.000355488 9.38482e-07 
1.50564e-07 2.28268e-06 0.00732469 0.0468759 0.000221222 0.00943114 6.69844e-05 1.94459e-06 3.09839e-08 2.17813e-07 0.88409 2.44617e-07 0.000611178 2.06255e-06 0.00420233 2.02743e-07 1.12299e-05 0.0446386 0.00027974 0.00154141 0.000690844 7.04821e-06 1.87379e-07 
0.306296 4.45603e-05 0.0021535 0.0814427 0.0150919 0.029645 0.00209903 3.75574e-06 3.69996e-08 7.4259e-05 0.174437 0.0863501 0.00449882 3.1657e-06 0.0226549 4.15173e-06 0.000183374 6.73302e-06 0.00400559 0.136862 0.0733691 0.0130585 0.0477159 
8.58882e-06 0.000990918 0.00697462 0.0563204 0.0165241 0.00938915 0.000695633 3.15375e-07 1.79763e-07 9.31573e-05 0.828744 9.14462e-07 1.85022e-05 0.000320724 0.0119632 2.84506e-06 3.49e-05 3.82674e-07 0.00055084 0.000330251 0.0131361 0.0538583 4.18602e-05 
1.25194e-07 0.00597826 2.80029e-07 5.93649e-07 1.12461e-10 0.00146296 1.40244e-10 9.58426e-10 8.26934e-11 5.76801e-05 0.918772 0.0602868 6.20562e-10 2.73097e-10 0.00423082 1.76495e-06 0.00348976 4.24702e-06 6.61447e-08 2.1448e-07 0.000494866 0.00516916 5.07628e-05 
8.58882e-06 0.000990918 0.00697462 0.0563204 0.0165241 0.00938915 0.000695633 3.15375e-07 1.79763e-07 9.31573e-05 0.828744 9.14462e-07 1.85022e-05 0.000320724 0.0119632 2.84506e-06 3.49e-05 3.82674e-07 0.00055084 0.000330251 0.0131361 0.0538583 4.18602e-05 
9.38985e-10 2.85192e-10 2.20846e-07 1.4906e-05 8.67465e-07 1.44557e-06 0.0818647 2.23956e-09 1.9323e-10 1.35838e-09 0.866086 3.81539e-06 1.45007e-09 3.8295e-06 4.00343e-06 1.2644e-09 1.76713e-09 5.12001e-10 1.4407e-06 2.80508e-10 0.0520159 2.46129e-06 1.16858e-09 
0.0835154 1.99942e-08 1.78505e-05 0.0254563 2.66682e-10 2.97512e-06 0.000226294 1.02214e-09 5.19651e-13 2.76484e-06 1.44742e-05 1.92133e-08 1.37034e-09 3.03443e-05 1.24092e-05 2.37002e-09 4.84322e-05 7.0582e-09 0.889959 6.20065e-05 0.000443884 0.000208021 3.14265e-12 
0.0309044 6.05504e-06 0.00330182 0.357898 3.71096e-09 9.70079e-05 0.0713264 6.40661e-05 2.72869e-09 1.91823e-08 0.00228027 5.83522e-06 2.04771e-08 3.36109e-06 1.95185e-06 7.34113e-07 0.000365141 2.14298e-06 0.530996 5.93326e-05 0.00255226 8.93179e-05 4.67213e-05 
9.67577e-06 2.93576e-08 0.0267209 0.713008 5.07226e-06 0.174764 1.48224e-05 1.213e-05 1.98911e-08 1.39103e-05 1.18458e-05 1.5704e-07 1.4927e-07 0.0538588 0.0161237 1.65293e-06 1.81908e-07 6.20106e-05 1.36259e-05 2.88755e-08 2.58938e-08 0.0153744 4.25965e-06 
1.09782e-06 3.47145e-06 0.533096 0.0125039 0.00532627 5.10404e-05 2.42624e-06 4.15552e-10 3.5854e-11 1.66377e-06 0.323611 2.83067e-10 1.96442e-06 1.10358e-05 0.0878645 2.3461e-10 2.02641e-05 5.20623e-06 1.00161e-06 1.34811e-06 0.0374677 2.89752e-05 1.21447e-06 
0.00331846 3.63568e-05 0.00505811 0.0317554 0.000508671 0.0152486 0.00429713 0.00054523 2.1463e-08 9.70514e-05 0.260206 0.000867776 0.00010578 0.000395955 0.123469 7.58712e-05 0.387185 0.000761386 0.00581578 0.00086068 0.0535917 0.00687364 0.0989261 
0.00128476 0.000209322 0.0530401 0.623572 4.92536e-09 1.53993e-06 3.75904e-05 4.19753e-08 3.62165e-09 2.54597e-08 0.278542 2.67745e-05 2.71782e-08 1.19606e-08 0.00422479 1.53277e-06 3.31207e-08 0.00777231 2.30909e-05 0.031077 3.06271e-05 0.00015648 2.19024e-08 
1.30462e-08 3.78822e-06 7.47063e-05 1.76351e-05 0.000262002 8.25317e-05 2.00786e-05 3.11162e-08 2.68472e-09 1.73225e-05 0.999297 2.11958e-08 2.01471e-08 8.86633e-09 4.70015e-05 1.94794e-05 6.03335e-05 5.33245e-05 3.53835e-07 1.22124e-05 1.65126e-05 1.57661e-05 1.62362e-08 
0.000231637 8.63119e-06 6.17716e-05 0.000246699 0.000244009 0.00017618 6.86394e-05 2.60588e-08 2.24836e-09 0.000278196 0.994916 8.69965e-05 1.68725e-08 0.000129949 0.000240432 1.47121e-08 2.05617e-08 3.99212e-05 5.22134e-05 1.73019e-05 0.000200786 0.000184521 0.002816 
0.0225019 5.39074e-05 0.0222204 0.726418 0.0285152 0.0389976 0.0155135 3.33741e-07 6.36164e-11 6.54864e-07 0.0208949 0.00155901 1.55719e-07 0.00151915 0.00349107 2.33543e-07 5.81784e-10 0.00125746 0.0650253 2.27667e-05 0.0407623 0.0112409 5.10889e-06 
0.00169802 0.00101072 0.0177564 0.0282909 2.15062e-06 1.66335e-06 3.82251e-07 2.91584e-07 3.76605e-11 5.16775e-07 0.479503 2.97329e-10 1.30115e-06 0.246203 0.023365 2.46431e-10 0.200989 4.03704e-06 4.63948e-08 5.65588e-05 1.39649e-06 0.00111561 2.27757e-10 
8.58882e-06 0.000990918 0.00697462 0.0563204 0.0165241 0.00938915 0.000695633 3.15375e-07 1.79763e-07 9.31573e-05 0.828744 9.14462e-07 1.85022e-05 0.000320724 0.0119632 2.84506e-06 3.49e-05 3.82674e-07 0.00055084 0.000330251 0.0131361 0.0538583 4.18602e-05 
0.113712 6.89223e-10 1.22554e-06 5.45411e-06 6.3508e-10 0.0738989 3.92767e-06 5.41233e-09 4.66978e-10 3.2828e-09 0.788758 3.68679e-09 3.50438e-09 0.00050754 0.00401445 3.05567e-09 0.00844627 0.0106426 1.66355e-06 6.77904e-10 8.06802e-06 6.70982e-07 2.82411e-09 
0.00163603 0.000595637 0.030612 0.0410673 0.00566751 0.0308309 0.000758465 9.76064e-06 6.37191e-10 0.00309972 0.563505 1.55292e-07 5.83096e-05 0.000569051 0.0443447 1.45041e-07 0.122546 0.000491998 0.00413507 0.000610337 0.143879 0.00558154 5.62493e-08 
0.00017459 4.44119e-09 2.21643e-08 0.0151621 4.0923e-09 0.00473224 0.000481444 3.48758e-08 3.0091e-09 1.37355e-05 0.970767 1.06377e-06 2.25814e-08 0.00283923 0.00116026 1.969e-08 2.75188e-08 7.9732e-09 0.000293182 4.36825e-09 4.43507e-06 0.00437018 1.81979e-08 
5.17989e-07 4.91488e-11 0.259801 0.520858 4.43825e-06 1.0435e-05 0.0373778 4.32309e-06 3.33004e-11 2.34097e-10 0.171794 2.8946e-07 2.49898e-10 1.10085e-07 9.11181e-06 5.44969e-07 3.5025e-06 2.08247e-06 1.87478e-06 4.83416e-11 0.0101297 1.72721e-06 8.07568e-08 
2.13655e-07 0.000397744 8.60793e-08 7.24494e-07 2.13474e-11 5.46519e-08 4.87193e-07 1.81929e-10 1.56969e-11 1.98736e-07 0.983148 1.23927e-10 1.17795e-10 3.31824e-07 7.93177e-05 2.97969e-07 0.0144755 4.15921e-11 2.13879e-07 2.28097e-08 0.00189658 5.36e-08 9.49291e-11 
0.039735 1.736e-06 0.0571665 0.0163803 0.00946772 0.000260774 0.000409284 4.26051e-07 1.5906e-09 1.38012e-05 0.633463 4.74468e-06 1.19365e-08 5.253e-09 0.00311701 1.04081e-08 0.000101912 4.21462e-09 0.000208478 2.30905e-09 0.00437833 0.235291 9.61938e-09 
3.10077e-07 9.76929e-07 0.00445895 0.0787179 3.19777e-06 0.00027861 1.51682e-05 0.00339284 2.15134e-10 1.51237e-09 0.883114 1.69848e-09 1.61445e-09 7.10486e-10 0.00539654 1.40773e-09 0.00418298 3.05952e-06 0.000271742 3.12307e-10 0.0201623 1.59277e-06 1.30105e-09 
9.17349e-05 1.58981e-05 0.000385577 0.0104442 0.00128242 0.000282694 1.8167e-07 0.000590451 1.0712e-07 7.53039e-07 0.934555 8.4571e-07 8.03867e-07 0.000926207 0.00113223 7.00938e-07 0.00543757 0.0368588 0.000799544 0.000175956 0.00408611 0.0029315 6.47821e-07 
0.0997077 1.72952e-05 0.00339802 0.00557371 0.000999193 0.0241845 7.69952e-06 8.51432e-07 1.13157e-08 7.95477e-08 0.843357 2.28544e-05 8.4917e-08 3.57498e-05 0.0163181 9.22906e-07 0.000310606 2.99832e-08 2.86302e-07 5.1683e-06 0.00516176 0.000898581 6.8433e-08 
0.000196418 0.000539022 5.36475e-05 0.000532692 0.00362766 0.0245132 7.61771e-06 1.73888e-07 1.50031e-08 0.00106204 0.934765 1.18449e-07 6.25903e-06 0.00170965 0.0170947 9.81727e-08 6.35488e-05 1.63314e-05 3.14711e-06 0.00175687 1.86273e-05 0.0140292 3.89053e-06 
2.18826e-05 2.58712e-06 1.29829e-05 0.424185 7.81795e-05 3.7144e-05 0.0644675 7.81581e-06 2.69633e-10 1.53553e-05 0.383602 6.72704e-05 3.64419e-06 8.37126e-06 5.0901e-07 5.4712e-06 2.46585e-09 8.21687e-06 0.127285 1.02556e-05 9.7582e-06 5.13909e-05 0.000119854 
8.58882e-06 0.000990918 0.00697462 0.0563204 0.0165241 0.00938915 0.000695633 3.15375e-07 1.79763e-07 9.31573e-05 0.828744 9.14462e-07 1.85022e-05 0.000320724 0.0119632 2.84506e-06 3.49e-05 3.82674e-07 0.00055084 0.000330251 0.0131361 0.0538583 4.18602e-05 
5.50603e-06 2.18307e-10 0.719833 6.37849e-05 0.00297857 0.0976705 0.000106954 2.96273e-06 1.47912e-10 1.03981e-09 0.00562467 4.3153e-06 1.10999e-09 1.07858e-06 0.0356817 9.67863e-10 1.35269e-09 3.91924e-10 6.0589e-05 2.14722e-10 0.129657 0.00830915 8.9452e-10 
8.45471e-08 9.69119e-07 0.035615 0.757288 0.00113102 0.00202074 1.77386e-06 0.000134231 2.02485e-10 3.16283e-07 0.0236182 1.59862e-09 7.62111e-08 0.162143 0.00700911 8.9233e-08 0.00999852 3.36575e-07 0.00012376 2.14685e-05 3.38732e-05 0.000859116 1.4224e-08 
0.00118395 3.30488e-05 0.000568147 0.00287557 0.000433297 0.000807691 1.07025e-09 7.31409e-09 6.31063e-10 0.00213387 0.922007 4.98223e-09 6.52578e-06 1.06626e-05 0.00275111 0.000348635 0.0375086 1.69559e-06 0.000696662 0.022318 0.00555067 0.000765084 3.81643e-09 
6.38002e-09 1.93776e-09 8.39968e-06 0.107566 1.33933e-05 0.144715 2.22664e-09 1.52169e-08 1.31292e-09 0.0510013 0.696605 1.55586e-05 9.85262e-09 1.99496e-05 1.41361e-05 8.59106e-09 1.20069e-08 3.47884e-09 2.3637e-06 2.38262e-05 1.70913e-09 1.50857e-05 7.94004e-09 
8.52176e-07 2.58826e-07 0.132118 0.00144505 2.38494e-07 0.000514462 2.97411e-07 2.03251e-06 1.75366e-07 7.15776e-05 0.862859 1.38451e-06 0.000376035 0.000423579 7.47606e-05 1.1475e-06 0.00175863 4.64667e-07 7.38917e-05 0.000264634 2.28288e-07 1.19407e-05 1.06055e-06 
8.58882e-06 0.000990918 0.00697462 0.0563204 0.0165241 0.00938915 0.000695633 3.15375e-07 1.79763e-07 9.31573e-05 0.828744 9.14462e-07 1.85022e-05 0.000320724 0.0119632 2.84506e-06 3.49e-05 3.82674e-07 0.00055084 0.000330251 0.0131361 0.0538583 4.18602e-05 
0.000829713 3.98501e-05 0.0181914 0.0886454 0.000523815 0.00378236 0.0237933 9.88612e-06 1.89118e-07 3.22926e-07 0.715613 0.000376222 2.54597e-07 0.000220539 0.00629674 7.31064e-05 0.000162707 0.000505259 0.00214939 0.000402925 0.119089 0.0192936 1.51494e-06 
0.0265164 2.35602e-06 0.0381234 0.0684983 0.0242357 0.000177033 0.000291152 7.32309e-07 2.71338e-09 1.58443e-05 0.42239 5.45194e-06 2.03622e-08 8.96099e-09 0.00208421 1.77549e-08 7.2357e-05 7.18964e-09 0.00281393 3.93896e-09 0.0029376 0.411834 1.01607e-06 
7.92858e-07 2.19909e-05 1.8458e-05 0.00863709 2.21893e-07 9.20064e-05 0.000104223 1.89103e-06 1.63159e-07 0.000145385 0.0905359 1.28814e-06 1.2244e-06 7.13288e-05 2.82281e-05 1.06763e-06 0.00262485 4.32322e-07 4.57721e-05 5.09888e-06 0.89765 1.15415e-05 9.86725e-07 
8.15829e-05 2.11765e-09 5.24576e-06 1.51066e-05 1.95129e-09 6.48325e-06 3.91791e-05 1.66295e-08 1.4348e-09 1.00864e-08 0.715018 6.34467e-05 4.52331e-05 7.11241e-06 0.0177452 1.03368e-05 0.266926 3.80178e-09 4.55031e-06 4.18658e-07 2.1855e-05 1.01747e-05 8.67712e-09 
3.10077e-07 9.76929e-07 0.00445895 0.0787179 3.19777e-06 0.00027861 1.51682e-05 0.00339284 2.15134e-10 1.51237e-09 0.883114 1.69848e-09 1.61445e-09 7.10486e-10 0.00539654 1.40773e-09 0.00418298 3.05952e-06 0.000271742 3.12307e-10 0.0201623 1.59277e-06 1.30105e-09 
6.00811e-10 1.82481e-10 0.0228831 0.473417 0.0485995 0.259175 0.0137608 1.43298e-09 1.23638e-10 8.69162e-10 0.00039869 0.00430881 9.27829e-10 0.000102488 0.0757815 8.09027e-10 1.1307e-09 3.27605e-10 0.0716253 1.79484e-10 0.0247517 0.00519646 7.47719e-10 
0.0533384 0.000566719 0.00865394 0.0134247 1.20601e-06 8.33593e-07 1.60034e-06 6.588e-10 5.68416e-11 6.75345e-06 0.549731 4.48763e-10 1.45073e-06 9.76332e-07 7.16854e-07 3.71942e-10 5.19827e-10 1.50613e-10 3.41001e-07 1.18006e-06 0.373321 0.000948692 3.43757e-10 
0.0997077 1.72952e-05 0.00339802 0.00557371 0.000999193 0.0241845 7.69952e-06 8.51432e-07 1.13157e-08 7.95477e-08 0.843357 2.28544e-05 8.4917e-08 3.57498e-05 0.0163181 9.22906e-07 0.000310606 2.99832e-08 2.86302e-07 5.1683e-06 0.00516176 0.000898581 6.8433e-08 
5.7635e-07 2.01854e-10 0.337476 0.0129811 7.02853e-07 0.00161733 0.000819046 1.76738e-06 1.36765e-10 9.61439e-10 0.210332 2.28089e-06 1.02633e-09 0.00152284 0.00263306 7.17143e-06 1.25074e-09 3.62386e-10 9.87764e-07 7.31016e-07 0.432604 8.7592e-08 8.27103e-10 
6.37696e-06 7.54141e-07 0.0085839 0.762551 0.0767182 0.0725513 0.0091349 2.27998e-06 3.14758e-10 4.47565e-06 0.00358917 0.00520877 1.06356e-06 0.000156463 3.99034e-06 1.59566e-06 2.87852e-09 2.39472e-06 0.0418907 2.98846e-06 0.00444803 0.0151067 3.49224e-05 
4.00551e-07 0.000114614 0.0258574 0.0327058 2.62511e-07 0.0048216 0.0111737 0.00594497 1.92988e-11 1.35668e-10 0.632678 1.52363e-10 1.44825e-10 8.20804e-05 0.106892 1.26281e-10 0.169182 0.00288473 0.000460086 0.000393014 0.00654484 0.000264436 1.16712e-10 
0.00027799 2.52986e-06 0.0374133 0.247225 0.447446 0.109594 0.000752374 0.00206988 4.23371e-07 4.86748e-05 0.0888165 0.000321757 1.43814e-06 0.0404946 0.0044383 2.7286e-05 1.47682e-05 0.00637627 0.000113295 3.33117e-05 0.00132176 0.0131969 1.32474e-05 
2.22894e-05 2.16469e-05 0.000136942 9.39581e-05 0.000816023 0.0704142 5.17339e-05 1.88515e-05 3.38775e-07 1.34101e-06 0.677795 3.83165e-05 1.43153e-06 1.16774e-05 0.000200503 3.56313e-05 0.250026 2.58023e-05 0.000196998 2.32897e-05 4.08468e-05 2.60818e-05 1.15364e-06 
1.406e-05 0.00169094 0.0518753 0.0625521 0.0577355 0.0109137 0.00103972 0.0116083 5.22017e-08 0.00031671 0.639719 0.00629212 1.71522e-06 0.00851416 0.0644997 3.93752e-05 0.0323161 0.00105752 0.00154738 4.19525e-05 0.0414238 0.00679984 1.0861e-06 
4.01468e-06 6.04807e-08 0.01117 0.229144 0.0719127 0.0146266 0.012923 4.74943e-07 4.09783e-08 2.88072e-07 0.615116 3.23523e-07 3.07516e-07 0.000886937 0.0329852 2.68141e-07 3.74755e-07 8.08386e-06 5.06971e-05 2.51923e-05 0.001882 0.00822763 0.00103563 
8.58882e-06 0.000990918 0.00697462 0.0563204 0.0165241 0.00938915 0.000695633 3.15375e-07 1.79763e-07 9.31573e-05 0.828744 9.14462e-07 1.85022e-05 0.000320724 0.0119632 2.84506e-06 3.49e-05 3.82674e-07 0.00055084 0.000330251 0.0131361 0.0538583 4.18602e-05 
7.69162e-06 1.62317e-06 0.00272559 0.0366598 4.30472e-05 0.000802937 0.777255 0.0020274 1.00627e-06 8.27892e-06 0.163186 0.00202194 0.0012001 7.80039e-06 0.00363771 0.000526509 9.20254e-06 2.66631e-06 1.9572e-06 0.0011792 0.00774027 0.000947903 6.08555e-06 
2.6495e-07 0.00530831 0.0347271 0.162236 0.000128095 0.00994039 0.00308739 6.31927e-07 5.45229e-08 0.000470292 0.700323 8.49911e-05 4.0916e-07 0.00113709 0.0170446 3.5677e-07 0.000405135 0.000159254 0.011215 0.00144993 0.0322214 0.0200598 3.29734e-07 
0.0105558 0.000712666 0.0199155 0.136942 0.000221583 0.000530901 0.0059431 7.79135e-06 2.33826e-07 5.5526e-06 0.763805 0.000806867 1.81707e-05 0.0244489 0.0019835 3.24594e-05 0.0203227 6.31189e-05 0.00448364 0.00529111 0.00337964 0.000529012 1.10934e-06 
0.000998259 0.00073772 0.129594 0.0192891 0.000649294 0.536895 0.000450517 1.3996e-05 6.36773e-06 0.000399 0.171585 3.09366e-05 0.000135229 0.000475413 0.0232755 0.0581112 0.0201997 0.000922534 0.00617595 0.00114115 0.00120693 0.0276414 6.60025e-05 
2.40961e-06 2.84881e-07 0.0257345 0.371945 0.146357 0.217598 0.0273715 8.60639e-07 2.96906e-11 1.69086e-06 0.0107224 0.0155631 4.01281e-07 0.000461822 4.81421e-07 6.02462e-07 2.71527e-10 9.04801e-07 0.125623 1.1293e-06 0.0133252 0.045277 1.31977e-05 
