8.38828e-07 1.43594e-07 0.367071 0.00996717 0.000502149 0.211439 0.000527568 7.19654e-05 0.00303881 1.94647e-09 0.281434 7.39198e-07 2.07785e-09 1.14908e-05 0.0675995 1.24319e-07 0.000910775 0.000157825 8.37981e-08 0.00430803 0.0501163 0.00284296 2.30347e-07 
5.78398e-05 2.77904e-07 0.00262604 0.0519505 0.0031888 2.21303e-07 0.00697898 0.082657 0.000454376 1.30623e-09 0.774431 2.89249e-05 6.41813e-07 0.00101974 0.0241029 2.31152e-07 1.22739e-06 1.51636e-07 0.000169471 0.0323403 0.0158415 0.00414955 7.29735e-07 
0.00265287 0.000130721 0.0166132 0.00665758 0.000203142 0.275161 0.000959337 4.76519e-06 0.421879 5.56279e-09 0.013945 1.70393e-07 1.75066e-08 0.000271383 0.170331 3.15595e-08 2.78411e-08 0.00660578 0.0024989 0.0632017 0.000303681 0.0185374 4.27748e-05 
2.03555e-05 6.55428e-07 0.056586 0.0108229 1.4687e-05 0.0620793 0.00133589 0.00100618 1.29093e-05 3.28967e-09 0.00710078 8.35968e-07 3.51171e-09 8.63723e-05 0.82337 5.55358e-06 0.000297197 0.0011806 0.0037924 0.00635436 0.0229258 0.00300687 1.76831e-07 
0.00100552 8.85006e-07 0.0742997 0.00729527 0.00138715 0.335226 0.00100377 0.00239274 0.0198207 1.63316e-08 0.000545606 3.79506e-08 0.000237566 5.61467e-05 0.44119 0.000435099 0.0443705 0.02886 0.00011108 0.0332784 0.00374221 0.00474057 6.46141e-08 
9.80073e-05 0.0111042 0.0982625 0.541096 0.00824596 0.00481823 0.0458209 0.00187457 0.022289 3.60274e-07 0.0439447 0.00023698 0.000515729 0.00335774 0.0866205 9.37218e-05 4.68683e-07 0.00302051 0.00365074 0.00754149 0.112773 0.00463462 6.28421e-07 
3.82662e-07 0.0479728 0.0388101 0.0230075 0.0908641 0.046098 0.00640878 9.93098e-11 0.0536382 6.02353e-11 0.00658011 1.46762e-05 6.52497e-08 0.124145 0.0339723 3.48937e-05 0.218113 0.00637796 0.000250577 0.00429556 0.0396456 0.25977 3.38378e-08 
0.000168398 3.16431e-09 0.184242 0.00262115 5.83024e-05 0.0188993 0.0168587 0.000350677 0.000745562 5.36358e-12 0.0162104 0.000148207 3.65802e-10 9.51575e-05 0.686099 5.57821e-09 0.00146172 0.000918273 6.03097e-05 0.0644609 0.000375051 0.00622693 8.25201e-09 
0.000229293 0.000260263 0.0269577 0.0108403 0.000272442 0.00134466 0.000592015 7.53646e-09 0.0214638 2.39851e-09 0.00366292 5.73555e-09 8.80777e-05 0.00388521 0.00987373 1.64283e-05 1.87702e-05 0.000438481 0.00642661 0.862721 0.00340391 0.0474762 2.85981e-05 
8.90897e-09 2.61486e-06 0.939143 0.000666686 0.00105571 0.0019391 3.62367e-05 2.31023e-05 0.0105021 1.12132e-11 0.00721438 5.20625e-06 1.61036e-09 6.80537e-05 0.0337823 6.24412e-07 8.19625e-06 3.92698e-05 4.07083e-08 2.84132e-05 0.0036808 0.00180425 7.86884e-08 
0.00265476 5.72901e-06 0.0563951 0.182126 0.00213891 0.0307767 0.0567975 0.000144252 0.00061487 4.62824e-08 0.508226 4.88466e-06 1.35234e-05 0.000814202 0.120069 9.06076e-06 5.51575e-06 0.00611713 0.00841981 0.00162549 0.00905397 0.0139585 2.88176e-05 
2.20666e-05 0.538455 0.0417655 0.00164159 0.00860979 0.00950394 0.000975736 2.12455e-05 0.0911732 5.07662e-07 0.0130176 0.000355184 0.000141632 0.0139318 0.185459 0.00523108 4.44688e-06 0.0131459 0.000209439 0.0427697 0.00156314 0.0320016 8.71803e-07 
0.000151924 0.0759803 0.484627 0.0067324 0.0149379 0.128436 0.000832503 3.4938e-06 0.00355557 6.50228e-07 0.00221093 1.33462e-05 2.23894e-06 0.000179093 0.170168 1.56827e-05 2.92853e-06 0.000618744 0.000108046 0.0321068 0.00545637 0.0738127 4.7471e-05 
2.38297e-05 2.27738e-06 0.0367735 0.658403 6.53707e-05 0.00134746 0.155368 7.53111e-06 0.0234455 7.44858e-08 0.00236928 0.000492949 4.14955e-07 0.00157086 0.0163169 2.26336e-05 1.02152e-06 0.000901087 0.0454941 0.00116666 0.0201134 0.0356438 0.000470738 
3.24466e-06 0.00472566 0.120322 0.0866181 0.0149397 0.00758769 0.0156402 3.10546e-05 0.0294228 2.2328e-06 0.329719 5.6584e-05 0.000127993 0.00267985 0.0893162 3.30225e-06 0.000957842 9.08346e-05 0.0290338 0.129434 0.0362858 0.102996 5.76385e-06 
0.000160037 0.000332009 0.0918495 0.00190077 5.47266e-08 0.0247991 0.000204272 1.05272e-10 0.263549 6.38518e-11 0.0104984 0.000272344 4.40527e-08 0.00124755 0.5942 3.87564e-06 6.52329e-05 0.0041235 3.57173e-05 0.00178508 7.28374e-05 0.00490052 2.11331e-08 
0.000110784 0.00755573 0.0981846 0.00475255 0.0632446 0.0435857 0.00271966 2.75981e-05 0.0855762 1.71098e-09 0.00380391 4.31089e-05 0.000131338 0.00147557 0.255777 4.19289e-05 4.08e-05 0.0038122 0.0106123 0.025079 0.00808745 0.385338 3.14793e-07 
0.00606568 6.72552e-05 0.138082 0.145864 0.00288831 0.0532792 0.0163541 0.000119568 0.166727 3.69972e-08 0.0250259 0.0900199 4.39842e-05 0.000360744 0.220308 0.00372654 0.000506688 0.00132656 0.000129627 0.00783411 0.0132996 0.107956 1.54124e-05 
0.000156614 4.85274e-05 0.232163 0.0251364 0.00400921 0.0244815 0.023671 0.000351259 0.151292 9.92934e-06 0.040885 0.00373797 0.00112607 0.00215091 0.257825 9.79425e-05 1.78433e-05 0.0246528 0.00600254 0.0267943 0.0175531 0.157826 1.14388e-05 
0.000544065 0.223385 0.0531792 0.00242754 0.13694 0.00649459 0.100077 0.000123077 0.150147 2.04685e-08 0.0124356 1.41962e-05 0.000158425 0.0152188 0.0714949 1.17415e-05 5.05706e-07 4.59289e-05 1.05124e-05 0.215734 0.00174034 0.00981618 2.83567e-08 
0.00223684 7.5733e-06 0.210929 0.000312099 0.000604632 0.000106167 2.53754e-05 1.80968e-06 0.69247 5.73e-10 0.000697446 0.00078419 0.0396035 0.00143787 0.0198998 3.87031e-06 5.31515e-07 0.000666903 0.000413473 0.0165852 0.00146849 0.0117456 4.51491e-08 
0.00113149 0.00447792 0.0493441 0.0101975 0.0414845 0.0500887 0.022992 2.87524e-05 0.0832554 7.67183e-06 0.16418 0.0102271 0.00309534 0.00291693 0.379696 4.05423e-05 0.000349718 0.00430856 0.00863561 0.0264551 0.00635915 0.10706 0.0236677 
2.47177e-07 0.0532713 0.217906 0.00610798 0.00731441 0.0171557 0.000243569 9.9225e-08 0.0187629 7.05091e-10 0.00139992 6.02083e-05 5.06981e-05 0.00105722 0.209284 2.40831e-06 0.000265513 0.00377073 0.000316304 0.353267 0.000720081 0.109006 3.7703e-05 
0.000288073 6.03553e-05 0.0413923 0.237726 0.000472254 0.0162416 0.296285 0.00544121 0.00335786 1.79406e-06 0.0402895 0.0196554 0.000495447 0.000618264 0.189249 4.32554e-05 0.0103773 0.00593309 0.031986 0.00465712 0.0838574 0.0114707 0.000102361 
4.66478e-06 2.3302e-05 0.0535763 0.0156349 0.122761 0.643106 0.000400004 3.4302e-06 0.0660505 4.00014e-08 0.00992738 2.5072e-06 4.68867e-06 2.54674e-05 0.0235114 1.60827e-05 9.88577e-07 0.00926235 0.000564866 0.0135308 0.00350814 0.0241471 0.013938 
7.07141e-08 1.05733e-05 0.00284923 7.28068e-05 0.0178261 0.0224296 6.38104e-05 3.77421e-08 0.652249 1.29309e-08 9.07814e-05 0.000111286 2.36524e-08 5.98324e-05 0.28796 8.72793e-05 4.17365e-08 0.000263891 1.26467e-06 0.00180958 0.000398842 0.0137159 1.80814e-08 
0.00129098 0.0197499 0.15269 0.0884025 0.00212271 0.261235 0.00696346 7.15349e-05 0.11569 4.90621e-12 0.00771254 1.18383e-07 2.57872e-07 0.000164722 0.199963 4.67331e-08 6.38253e-12 0.0299884 0.0646008 0.0215539 0.00520668 0.0225579 3.59328e-05 
1.30393e-05 2.76458e-05 0.48064 0.0109929 0.000733166 0.0100899 0.00837223 2.69573e-06 0.0107074 6.22748e-08 0.0618363 5.4616e-07 6.9716e-05 0.00014922 0.37121 0.000500629 0.00108173 7.53768e-05 0.000534632 0.00077248 0.0157743 0.0261699 0.000245759 
3.39192e-05 0.000172056 0.343985 0.0396235 0.041061 0.00776384 0.110939 5.1056e-05 0.00725721 1.9869e-06 0.0719965 2.98516e-05 2.20724e-05 0.000186352 0.221704 2.80662e-06 0.00476615 0.0822356 0.0275204 0.000477303 0.0179274 0.0222357 8.35035e-06 
0.000681272 0.0021823 0.0537009 0.419206 0.00643893 0.0220572 0.147531 0.011091 0.0113872 0.000331531 0.0240126 0.0101212 0.00279084 0.0038235 0.0591069 0.000992727 0.00175325 0.00447132 0.122798 0.0135907 0.06043 0.0206189 0.000882348 
0.000349899 0.000274993 0.0230184 0.00402278 0.00606443 0.0579596 0.000167245 0.000106051 0.0185771 2.78207e-06 0.0756536 2.60316e-05 7.52208e-05 0.000481646 0.128256 0.000793739 0.00174665 0.0036535 0.00384684 0.0166639 0.00345346 0.654235 0.000570851 
3.28882e-07 1.17569e-08 0.318027 0.165271 0.00346474 0.0633657 0.00291907 1.01452e-07 0.16675 3.16993e-10 0.0105822 3.76103e-08 3.38389e-10 0.000200731 0.238136 4.76138e-06 2.40533e-06 0.00154752 0.000186179 0.0154812 0.00146595 0.0125953 5.82034e-08 
1.51011e-08 3.20386e-06 0.0775649 6.64251e-05 0.000729023 0.0176557 0.000218148 1.0049e-05 0.200846 2.8218e-12 0.0168189 0.00130784 1.1174e-06 0.000196835 0.620029 4.3238e-05 2.86208e-09 0.000106517 3.64186e-05 0.00949732 0.00639224 0.0484773 6.06752e-09 
0.00160182 0.0186254 0.198539 0.0260201 0.00274022 0.142972 0.00509232 3.59405e-05 0.163816 5.16335e-06 0.0365489 0.000196023 0.000219062 0.000312058 0.167559 1.21951e-05 1.17999e-05 0.0387158 0.00274352 0.178051 0.00120324 0.014946 3.41629e-05 
1.58636e-05 3.25378e-05 0.0757348 0.225633 0.0246568 0.119065 0.0335889 9.89356e-06 0.0551099 5.79632e-07 0.0657572 3.05592e-05 0.00139681 0.000667448 0.0429768 2.93505e-06 0.00985351 0.041237 0.0615988 0.000833472 0.185876 0.0259158 0.0300061 
5.27957e-09 0.00532121 0.0310434 0.0032711 0.102508 0.040632 9.76907e-06 1.02136e-06 0.0023645 1.21786e-09 0.00423611 1.45702e-07 4.507e-06 0.591116 0.00101357 2.0261e-07 0.00102102 0.0126893 9.41635e-06 0.00202691 0.000118089 0.202614 2.68903e-07 
8.73495e-07 7.88016e-06 0.190629 0.0171621 0.00435137 0.138977 0.000977627 1.12457e-05 0.0243568 8.45817e-09 0.0291037 8.56857e-07 1.03881e-06 0.0137639 0.432409 2.42162e-07 6.05356e-06 0.00398014 0.00857783 0.109326 0.012452 0.0139055 1.82483e-07 
0.000620102 0.000680155 0.0238446 0.164516 0.00421781 0.00681725 0.0304805 0.365496 0.0511959 1.98858e-05 0.0658735 0.000229429 0.0641534 0.0154955 0.0759996 3.64827e-05 0.000262145 0.0323282 0.00214547 0.0452644 0.0403753 0.00992143 2.69961e-05 
1.7926e-05 6.21781e-05 0.576611 0.0981055 0.0114435 0.0327376 0.000363163 3.10109e-05 0.0716794 3.67016e-12 0.0102105 4.12182e-12 1.21464e-08 0.00232673 0.0492903 6.62664e-07 1.1717e-08 0.00189965 0.000323109 0.0980756 0.00468659 0.042135 3.14689e-07 
4.03413e-05 0.00011709 0.0827485 0.00155057 0.00118439 0.00239882 0.00625102 4.05876e-05 0.0177489 2.59788e-09 0.00417107 0.000114396 1.45641e-08 0.00141825 0.125043 5.33819e-06 1.42104e-05 0.000213612 0.00931198 0.737775 0.00399057 0.00584856 1.4587e-05 
0.000168933 1.51331e-05 0.0908715 0.409615 0.0232352 0.0435344 0.171921 1.9205e-05 0.0156914 2.77328e-08 0.0386858 2.30879e-06 0.0020343 0.00476775 0.011749 1.31592e-07 0.000755515 0.0163722 0.00660508 0.00119814 0.131141 0.0254534 0.00616334 
0.000115685 7.30092e-06 0.189514 0.00697279 0.00463566 0.0452706 0.000290754 1.33403e-05 0.207343 3.13198e-09 0.00296641 1.97844e-05 2.39866e-06 0.000393621 0.303546 3.8247e-06 3.11238e-05 0.00424892 0.0150098 0.0442878 0.00118777 0.174134 3.89633e-06 
0.00019832 2.65881e-05 0.0854228 0.00027026 0.00244714 0.0478284 0.000324582 1.32568e-05 0.502685 1.87977e-10 0.00400938 0.000505527 9.44147e-06 0.000248201 0.25564 1.39851e-05 7.26753e-06 0.00224114 0.000651106 0.0780003 0.000230561 0.0192258 9.29642e-08 
0.000266623 0.000210286 0.0217901 0.011954 0.00102094 0.0199855 0.000676146 5.78688e-05 0.0113176 4.71856e-06 0.00590638 0.000216964 6.41501e-05 0.00487223 0.383593 0.000165104 0.0118941 0.00327139 0.00291095 0.00932227 0.00268075 0.507811 7.21615e-06 
0.00332595 1.3789e-06 0.024116 0.029424 0.00527259 0.0546189 0.000466397 6.88664e-05 0.00300563 1.67043e-08 0.0146588 6.37541e-06 0.000423647 0.000231914 0.0294885 1.23511e-06 2.17308e-08 0.000186392 0.00120807 0.00214868 0.804538 0.0267848 2.35924e-05 
4.79085e-06 2.12426e-05 0.681206 0.0256959 0.00349791 0.00559876 0.000434022 1.12692e-07 0.00515598 6.83522e-08 0.0114744 0.000340263 7.29658e-08 1.19816e-06 0.0467133 0.000721106 8.89199e-08 0.000320061 0.000142946 0.00453061 0.184237 0.0296538 0.000250363 
7.87882e-06 5.18953e-05 0.0856472 0.613638 2.23164e-07 0.0308513 0.0423648 6.072e-07 0.000476333 5.41283e-09 0.0821249 7.28611e-05 6.83701e-06 0.000827217 0.0549511 5.25365e-08 6.82028e-06 7.08884e-07 0.0252019 0.00231049 0.0564652 0.00499259 8.48185e-07 
0.000110953 0.000203853 0.630769 0.027344 0.0495343 0.0127472 0.00632168 5.03989e-05 0.0106121 5.70112e-06 0.00489141 3.51212e-05 0.000383875 0.0123079 0.150657 4.91957e-05 0.0306213 0.00471318 0.00446956 0.0136841 0.0111831 0.0292654 3.93412e-05 
0.00026876 1.62078e-05 0.0434426 0.0984765 0.00763521 0.0561617 0.00369363 0.000127276 0.00939008 1.04007e-09 0.00536359 5.79986e-07 8.00879e-05 0.000104892 0.43078 0.000573101 4.44406e-07 0.0936929 0.0142882 0.000508473 0.0598992 0.175496 9.17224e-08 
1.89893e-05 0.00896067 0.489022 0.0201957 0.00618146 0.00902081 0.0120945 6.46096e-05 0.248618 1.12535e-06 0.00570327 0.00328866 2.30199e-05 6.17625e-06 0.0808915 7.66517e-06 0.000167579 0.0811584 0.000500141 0.00189619 0.023103 0.00897724 9.97366e-05 
1.25552e-05 0.000350256 0.0134206 0.0280109 0.00102928 0.0109877 0.0018518 0.000791786 9.73313e-06 6.82904e-11 0.134087 0.000443092 7.28999e-11 0.000257216 0.0571762 2.41221e-05 0.38567 3.21473e-05 0.336031 0.000395584 0.00346746 0.0259511 5.35864e-07 
3.28882e-07 1.17569e-08 0.318027 0.165271 0.00346474 0.0633657 0.00291907 1.01452e-07 0.16675 3.16993e-10 0.0105822 3.76103e-08 3.38389e-10 0.000200731 0.238136 4.76138e-06 2.40533e-06 0.00154752 0.000186179 0.0154812 0.00146595 0.0125953 5.82034e-08 
0.751969 1.47952e-06 0.00971424 0.074384 0.00972521 0.0523471 0.000323516 2.51342e-08 0.000255962 1.52449e-08 0.0133553 0.000497375 1.62739e-08 0.0184361 0.036406 4.19363e-08 9.40399e-08 0.000167651 0.0175697 8.48854e-05 0.00411179 0.0106376 1.25032e-05 
0.0134583 0.10684 0.0654909 0.0345427 0.0116704 0.0301824 0.00389986 2.85013e-05 0.0322634 4.35127e-08 0.169823 0.000872789 0.000607849 0.0114283 0.0897339 0.136316 0.000572453 0.0074973 0.000999935 0.230971 0.000412399 0.0523832 5.58537e-06 
0.00265287 0.000130721 0.0166132 0.00665758 0.000203142 0.275161 0.000959337 4.76519e-06 0.421879 5.56279e-09 0.013945 1.70393e-07 1.75066e-08 0.000271383 0.170331 3.15595e-08 2.78411e-08 0.00660578 0.0024989 0.0632017 0.000303681 0.0185374 4.27748e-05 
0.000141148 0.00071373 0.559209 0.165662 0.0021493 0.0945417 0.0191391 0.000168892 0.000790753 6.85197e-07 0.00786715 0.000298063 0.000191282 0.00595746 0.116521 4.82083e-06 7.12644e-06 0.000386701 0.00308636 0.0019752 0.00122725 0.0199496 1.11529e-05 
0.000770856 7.89652e-05 0.0328043 0.00377211 0.224043 0.0660576 0.00118728 0.000597246 0.130094 1.74303e-07 0.0720417 0.0630273 3.42395e-05 0.0193433 0.124747 9.9141e-05 1.52694e-05 0.000109644 5.08597e-06 0.0162717 0.163117 0.0325596 0.0492241 
0.00149025 8.29373e-06 0.00727838 0.0504561 0.00938559 0.0803238 0.000231064 5.06851e-09 4.12162e-07 3.07425e-09 0.681171 0.000814766 1.45843e-06 1.11559e-05 0.00366079 2.5693e-08 3.99932e-09 3.4941e-05 0.00137327 0.000891003 0.106638 0.0562268 3.11526e-06 
0.00096692 9.26896e-05 0.00194278 0.0134414 0.015619 0.0454484 0.000168411 0.000414932 0.000486698 3.21518e-06 0.5082 0.000164879 0.00121861 0.0403037 0.0264487 3.51362e-05 0.115632 1.79804e-05 0.0378781 0.0280733 0.0416761 0.121746 2.14503e-05 
0.000165975 0.0201156 0.056231 0.0491075 0.0679856 0.0275048 0.000935988 3.70378e-05 0.0694911 1.69171e-05 0.0187681 0.00678833 0.000351366 0.000497481 0.113779 7.75625e-05 0.000287178 0.0278673 0.0120663 0.0051063 0.0258998 0.496889 3.11936e-05 
8.31697e-05 2.22077e-07 0.0804659 0.0283156 0.0713865 0.40954 0.0011091 2.16846e-05 0.0171133 8.09455e-09 0.0187521 0.0305055 8.34856e-05 5.74167e-05 0.167176 2.39172e-07 1.79917e-06 0.0499336 0.0125564 0.017474 0.0168613 0.0782921 0.000270351 
2.83158e-05 1.17353e-05 0.75086 0.0485643 0.03015 0.0147209 0.0062554 1.56149e-06 0.0074539 3.3459e-08 0.0048373 6.706e-07 4.42924e-07 0.00106139 0.103413 2.77202e-07 3.28835e-06 0.00744121 0.00624662 0.00922739 0.00736208 0.00231271 4.78501e-05 
0.00197225 0.00404836 0.298133 0.167948 0.0163273 0.0395227 0.0146586 0.00105349 0.0389727 0.000258066 0.0673739 0.000668747 0.000275745 0.00571122 0.131622 0.0769628 0.0213808 0.0241234 0.011601 0.00903462 0.0353303 0.0317125 0.00130901 
0.00131908 2.79347e-05 0.279626 0.0180785 0.0448002 0.16535 0.0021114 0.00125072 0.0469798 2.41216e-06 0.00603777 0.00018182 8.40701e-05 0.00231605 0.235615 9.21032e-05 0.00113654 0.0365047 0.00154158 0.0777725 0.00646239 0.0726307 7.79951e-05 
3.02967e-06 1.48969e-05 0.164666 0.00324075 0.00244021 0.00206938 0.000580807 7.86107e-07 0.177857 3.81175e-07 0.0173703 6.08235e-05 1.03609e-06 0.000340861 0.436456 0.000288575 3.28516e-06 0.00324805 0.000978718 0.0305444 0.00701901 0.152787 2.83777e-05 
1.08111e-05 3.73687e-05 0.587279 0.202615 0.00686676 0.0196434 0.0012893 1.87228e-05 0.0486967 2.8672e-11 0.00612689 3.22005e-11 4.50707e-08 0.00139645 0.0295749 4.24498e-07 4.34815e-08 0.00222372 0.000193962 0.0588478 0.00656956 0.0286072 1.61749e-06 
2.20075e-05 2.67632e-06 0.297423 0.00475249 0.0207364 0.323057 6.54767e-05 6.1077e-06 0.0318463 1.66399e-06 0.017362 0.000317735 4.48263e-05 0.000342184 0.256396 3.27896e-06 8.61141e-06 0.00897627 1.3368e-05 0.000675041 0.00325429 0.0346877 6.10562e-06 
1.44187e-05 0.0495486 0.0790387 0.0710169 0.0557402 0.0680015 0.0204983 4.50705e-05 0.0565349 1.12014e-06 0.0421936 0.000400496 0.000997728 0.0355187 0.0910981 2.31977e-06 0.000359086 0.00244825 0.00568935 0.109746 0.0307213 0.280341 4.40954e-05 
0.00161379 9.08239e-06 0.1285 0.111866 0.0242059 0.39106 0.0015645 2.91692e-05 0.0174714 2.28057e-07 0.0355187 0.00887055 2.25736e-05 0.00116492 0.160345 5.0208e-06 0.00124799 0.0564334 0.00348372 0.00684578 0.0184737 0.0312064 6.1896e-05 
2.454e-05 0.00169334 0.256228 0.0790359 0.15005 0.0865072 0.0267503 0.000144627 0.0133433 2.03937e-05 0.0576557 0.00084909 0.0110352 0.0153863 0.100237 4.62108e-05 0.000189787 0.00958848 0.0767645 0.0157484 0.0255126 0.0730625 0.000126513 
4.65271e-06 0.121282 0.0409816 0.0123591 0.0145868 0.0106641 0.0010357 2.98047e-05 0.00452683 1.37177e-08 0.0037892 7.08858e-06 0.000643406 0.00643446 0.200734 1.36863e-07 0.000868684 0.00081562 0.00133446 0.0682374 0.000737665 0.510928 4.66996e-08 
0.0111315 5.39962e-05 0.0737381 0.00931112 0.0719827 0.392322 0.000341708 3.30183e-05 0.00469692 4.46501e-08 0.00185379 5.26273e-06 0.000117364 0.00715607 0.318483 1.45688e-07 1.27301e-05 0.000344233 0.00448275 0.0700034 0.0238883 0.0100355 6.76358e-06 
3.30143e-06 6.76996e-06 0.869712 0.00718488 0.0128863 0.00232316 0.00101399 0.00370273 0.0265927 3.12713e-08 0.0194115 6.30291e-05 4.79906e-06 0.000295503 0.0313475 8.90231e-07 3.35198e-05 0.000236084 0.000280479 0.000226854 0.0203686 0.00430173 3.40719e-06 
0.00010157 0.00277273 0.100347 0.0140027 0.0316147 0.114805 0.000937673 2.22073e-08 0.215118 2.04885e-08 0.032833 5.20439e-07 0.00122734 0.0244871 0.16329 1.55293e-05 0.000187374 0.00112868 0.00131679 0.0275332 0.00569986 0.262256 0.00032555 
0.00293665 0.501823 0.0100631 0.0627835 0.0221984 0.000521464 0.0150486 4.7382e-08 1.68989e-06 1.1758e-09 0.0802663 0.187135 2.61588e-07 0.0287167 0.0146698 4.56274e-08 0.000412196 0.00221956 5.94669e-05 0.00233088 0.000422156 0.06532 0.00307132 
0.000551056 2.97394e-06 0.0107196 0.00128574 0.00471645 0.382221 4.40387e-06 1.68893e-07 0.00759859 5.8111e-10 0.0566562 1.50709e-06 9.53436e-05 0.0032238 0.407091 1.96476e-08 0.00943692 5.4582e-07 2.23021e-05 0.00556486 0.0102322 0.100574 3.03402e-07 
7.41883e-06 1.84903e-05 0.393408 0.0407933 0.00285794 0.0176208 0.0164236 8.96976e-06 0.00772084 1.96334e-06 0.027737 9.77081e-05 3.43587e-05 9.59729e-05 0.404476 0.000202139 0.000579036 0.0294138 0.0102447 0.000494088 0.0209848 0.0266852 9.38867e-05 
1.98659e-05 4.4417e-05 0.172941 0.0717064 0.00777423 0.00361785 0.000821122 2.62677e-05 0.503775 3.81521e-06 0.00559309 5.94227e-05 4.46178e-05 0.000130836 0.0384877 3.8963e-06 6.48526e-06 0.0617415 0.0371384 0.0232634 0.0384809 0.0343005 1.95411e-05 
8.9908e-06 0.00622384 0.0538133 0.00912564 0.0319962 0.15902 8.80777e-06 9.13156e-09 0.00462827 5.53865e-09 0.0108572 4.00932e-08 0.000229641 0.0635269 0.00610558 8.44329e-07 0.000970754 0.225197 0.000162669 0.00112352 2.83053e-06 0.426986 1.21711e-05 
5.29419e-05 3.25632e-07 0.0480339 0.123482 0.00104852 0.050885 0.0067925 0.000173633 0.0667259 4.51027e-09 0.576623 3.52426e-07 4.8147e-09 0.00329394 0.106333 2.88318e-06 0.000834275 2.9037e-05 0.000521757 0.000215198 0.011478 0.00302345 0.000450776 
0.000211444 0.000127302 0.264954 0.0305257 0.0113275 0.00514007 0.0823899 0.000279111 0.01334 6.15095e-09 0.0325456 0.000353686 0.00013077 0.305775 0.00944373 2.87199e-06 8.8703e-05 0.00178445 0.0316601 0.00169507 0.0322934 0.175931 3.22276e-08 
0.000606249 8.59225e-05 0.139899 0.132482 0.00474723 0.119937 0.0140881 0.000106564 0.125619 4.62659e-07 0.0121103 0.000896968 0.00996942 0.00123824 0.198851 1.51936e-06 1.43846e-05 0.0126057 0.0513698 0.106091 0.00632359 0.0629502 6.12399e-06 
0.000108447 2.34816e-05 0.298693 0.0138085 0.0341061 0.249901 0.000203125 1.93217e-05 0.249044 2.93534e-08 0.014331 1.3819e-05 0.000565771 0.000390798 0.0629876 8.19805e-07 5.53221e-07 0.000535311 0.00500087 0.0261182 0.0128541 0.0312012 9.2924e-05 
6.76307e-05 5.63835e-05 0.0871617 0.0415938 0.00800804 0.0441919 0.0116488 0.000290688 0.0180869 2.95374e-08 0.246461 0.000440938 0.000193817 0.00158169 0.388992 9.35352e-05 6.25282e-05 2.75742e-07 0.00569876 0.000658077 0.00701345 0.137698 5.09721e-08 
5.53738e-05 0.000999425 0.133938 0.0417959 0.0122796 0.0629806 0.0119117 0.000208445 0.0103646 3.08092e-05 0.280524 0.000928678 4.80544e-05 0.00426089 0.123637 0.000410392 0.15422 0.00220415 0.00028293 0.00154188 0.0218345 0.135353 0.000190236 
0.000495601 0.000609386 0.0474181 0.0148111 0.0365892 0.0211081 0.00340769 3.66933e-05 0.0446655 1.41024e-06 0.203012 0.000357679 7.13617e-05 0.00228495 0.0379485 1.7888e-06 0.000335386 0.0143933 0.0131471 0.0217778 0.033512 0.502718 0.00129743 
0.00329569 0.00180008 0.0455203 0.0928342 0.0299822 0.165332 0.0205947 8.32756e-05 0.048255 6.26861e-05 0.040807 0.00122425 0.000454132 0.00289597 0.27334 0.000126225 0.000600736 0.0107993 0.0199274 0.0247093 0.0182545 0.198859 0.000242252 
5.40356e-05 0.00429745 0.24096 0.0338647 0.126338 0.0454794 0.00219139 0.00048611 0.423264 1.25936e-05 0.00618722 0.000478854 7.34854e-05 0.000488994 0.0273264 1.31686e-05 0.000827973 0.0112768 0.0284837 0.0301853 0.00315702 0.0145379 1.58872e-05 
0.00087698 0.000227809 0.0467289 0.00760182 6.81077e-05 0.00201051 5.22188e-05 1.65721e-05 0.00239798 1.42362e-05 0.899256 0.000133474 0.000912778 0.00127555 0.0252796 0.000117528 0.000454181 0.000221849 0.000161254 3.41839e-05 0.00085564 0.0112622 4.10692e-05 
9.36836e-06 0.00350341 0.241356 0.0436845 0.0468495 0.208836 0.00110375 2.11643e-05 0.0433598 1.09401e-08 0.0136994 8.55021e-07 0.000227656 0.0203073 0.0859048 8.92718e-07 0.00394466 0.0067309 0.040519 0.0420165 0.0112033 0.186699 2.24412e-05 
0.00555784 0.000928176 0.0625122 0.228457 0.00881244 0.000829463 0.444428 0.000141017 0.037542 9.24672e-06 0.00207458 4.90813e-05 9.53343e-05 5.18539e-05 0.0217943 1.07185e-05 0.000511772 0.0379124 0.111971 0.00595318 0.0268999 0.00342554 3.23867e-05 
0.000631437 0.000348565 0.0668006 0.0434999 0.00586463 0.0738062 0.0139739 2.54633e-05 0.00273787 9.01096e-06 0.398665 0.0200267 0.000120988 7.67661e-05 0.130244 0.0205309 0.056727 0.042649 0.0280362 0.00577103 0.0303164 0.0591196 1.82497e-05 
6.23016e-07 5.60208e-08 0.0413872 4.61868e-05 7.80227e-06 0.364218 0.00296159 5.41056e-10 0.000288488 3.28172e-10 6.88771e-06 4.83278e-06 1.95937e-07 1.76957e-06 0.56387 1.14001e-07 4.41015e-07 0.000365585 8.04952e-06 0.000814284 0.0001613 0.0258555 1.03371e-06 
7.08301e-05 0.0302752 0.00460139 0.000687489 0.0233983 0.0599983 0.00023639 1.00156e-05 0.0040508 5.35383e-10 0.0029281 1.316e-08 3.92619e-07 0.00699789 0.0112995 1.82986e-05 0.609485 4.35883e-05 5.37791e-06 0.00179025 0.0100603 0.234041 9.61375e-07 
0.00882677 0.00163046 0.605917 0.0168015 0.00136143 0.0166614 0.00072773 7.87799e-05 0.0308541 1.4832e-06 0.112739 0.000191711 0.00175521 0.00260526 0.0892132 0.000101926 0.000789506 0.0242508 0.0147962 0.0470583 0.00871237 0.0149215 3.5128e-06 
7.33393e-08 0.000440877 0.0166128 0.0643544 3.2617e-08 0.00330077 0.00578962 5.71472e-08 5.84575e-06 1.66477e-11 0.570473 0.000300347 1.77714e-11 0.000535666 0.0484332 1.18038e-07 0.203087 0.000188439 0.0130177 0.000629814 0.0726057 0.000224154 2.82527e-08 
3.27804e-05 0.0177239 0.30101 0.0206267 0.0273574 0.13402 4.67705e-08 0.000134597 0.00646612 1.12434e-08 0.0173206 0.0021871 0.000151659 9.39845e-05 0.17818 1.83297e-05 6.79975e-06 0.143193 0.0678837 0.00191838 0.0332326 0.0484418 7.15983e-07 
0.190669 9.29772e-06 0.0503 0.00272637 0.00692557 0.0195573 0.00142214 0.000149452 0.151538 7.72655e-08 0.324086 0.0292872 0.000427616 0.000677312 0.147288 7.25479e-05 0.000210402 0.00143721 0.00579411 0.00515785 0.00193832 0.0603254 1.38605e-07 
8.90897e-09 2.61486e-06 0.939143 0.000666686 0.00105571 0.0019391 3.62367e-05 2.31023e-05 0.0105021 1.12132e-11 0.00721438 5.20625e-06 1.61036e-09 6.80537e-05 0.0337823 6.24412e-07 8.19625e-06 3.92698e-05 4.07083e-08 2.84132e-05 0.0036808 0.00180425 7.86884e-08 
0.000185728 9.95973e-06 0.0204072 0.106638 0.465677 0.146471 0.000422953 6.30606e-05 0.0304259 5.35358e-07 0.00713573 0.000905056 0.0106514 0.000635053 0.0456505 0.000168455 0.000546505 0.000352707 0.0140235 0.000264298 0.0746091 0.0734319 0.00132491 
7.33393e-08 0.000440877 0.0166128 0.0643544 3.2617e-08 0.00330077 0.00578962 5.71472e-08 5.84575e-06 1.66477e-11 0.570473 0.000300347 1.77714e-11 0.000535666 0.0484332 1.18038e-07 0.203087 0.000188439 0.0130177 0.000629814 0.0726057 0.000224154 2.82527e-08 
7.33977e-06 1.14796e-05 0.25459 0.000825769 8.80438e-05 0.000197633 9.1617e-05 7.39787e-09 0.0101888 4.4871e-09 0.0079355 2.74768e-06 4.52016e-06 4.42184e-05 0.0653262 3.22398e-05 5.05001e-05 0.00014109 0.00018016 0.64859 0.00360696 0.00808414 3.61657e-07 
1.76933e-05 1.45604e-05 0.438691 0.00311988 0.0189956 0.030473 0.010477 0.00013951 0.193325 4.56453e-08 0.0167145 0.00729641 0.000101183 0.00509928 0.215066 7.49391e-06 1.79483e-05 0.0012343 0.000584524 0.010487 0.0115091 0.0366286 1.08773e-07 
2.16867e-07 0.117627 0.177128 0.219676 3.46834e-07 0.0117997 0.0138201 2.58629e-07 0.00811507 8.21262e-12 0.160679 0.00241467 1.14322e-06 0.000293171 0.0413828 2.07171e-07 3.95408e-08 0.0281477 0.00158601 0.0071252 0.210201 2.17601e-07 1.57058e-06 
0.000176864 0.282405 0.146436 0.000384433 0.00948209 0.00908046 0.000198148 2.38481e-05 0.0542384 1.93377e-10 0.00966442 6.68543e-05 2.26468e-06 0.0502027 0.146276 2.01045e-05 3.28593e-05 0.000780724 8.18132e-05 0.280749 0.000449749 0.00924782 1.35985e-08 
9.37625e-05 0.000413829 0.0040023 0.0811573 0.0430363 0.0163051 0.00359161 0.000106591 0.00661954 1.74021e-05 0.469041 0.000443468 9.13923e-05 0.0153231 0.149643 0.012567 0.0225833 0.00113062 0.00237237 0.0183275 0.138767 0.0131774 0.00118905 
5.70767e-06 3.53782e-05 0.656053 0.0177196 0.00116535 0.00831187 0.0448659 3.68742e-05 0.00717594 1.85877e-09 0.0614605 0.000126829 2.91e-08 7.62072e-05 0.055362 1.16478e-06 0.0214509 0.0434453 0.0623016 0.00234036 0.0123154 0.00575009 2.85778e-08 
4.03413e-05 0.00011709 0.0827485 0.00155057 0.00118439 0.00239882 0.00625102 4.05876e-05 0.0177489 2.59788e-09 0.00417107 0.000114396 1.45641e-08 0.00141825 0.125043 5.33819e-06 1.42104e-05 0.000213612 0.00931198 0.737775 0.00399057 0.00584856 1.4587e-05 
1.76445e-05 7.50011e-05 0.14803 0.0192835 0.000326589 0.0183891 0.0154835 2.19244e-05 0.0143059 1.68147e-06 0.0119032 1.27797e-05 6.92929e-06 0.00884959 0.698628 2.40768e-06 2.55285e-05 0.0023299 0.0143437 0.0180951 0.00697517 0.0228864 5.88874e-06 
1.73887e-05 0.0420575 0.802409 0.000949727 0.00535775 0.0126021 0.0281544 0.000494891 0.00115667 9.35444e-09 0.0025183 3.97658e-05 0.000940994 0.000299032 0.0226911 9.14477e-07 1.55633e-08 0.0106397 9.51011e-05 0.0560552 0.00774657 0.00577404 1.31336e-08 
5.70767e-06 3.53782e-05 0.656053 0.0177196 0.00116535 0.00831187 0.0448659 3.68742e-05 0.00717594 1.85877e-09 0.0614605 0.000126829 2.91e-08 7.62072e-05 0.055362 1.16478e-06 0.0214509 0.0434453 0.0623016 0.00234036 0.0123154 0.00575009 2.85778e-08 
0.000219331 9.37738e-06 0.0439831 0.00500741 0.0067316 0.0585206 0.00525835 2.18842e-05 0.380364 1.92543e-06 0.0441502 0.00126772 0.000122369 0.0035198 0.12023 4.85736e-05 3.69521e-06 0.002365 0.00462179 0.00237143 0.0169482 0.304226 7.11944e-06 
3.6452e-05 2.3577e-05 0.53549 0.0115173 7.61088e-05 0.00344218 0.037341 2.45646e-05 0.0163456 1.03002e-09 0.0464666 2.43333e-05 1.82393e-08 0.000132466 0.207516 9.79386e-06 0.0207523 0.0355449 0.0430642 0.0306739 0.00612554 0.00537977 1.35712e-05 
2.03768e-06 1.75529e-07 0.0577943 0.0140238 0.00866881 0.00883475 0.000297616 5.13942e-07 0.052406 8.02234e-08 0.624868 0.000491513 0.000210512 0.0173112 0.0476047 7.63551e-07 0.000436519 0.00182186 9.25435e-05 0.00664507 0.0901606 0.0679103 0.00041886 
0.00148806 1.17688e-05 0.4931 0.00520973 0.0024365 0.0265012 0.00106327 1.10918e-05 0.29962 4.28901e-08 0.0117806 0.000132206 1.53814e-06 5.66046e-05 0.0220419 1.07237e-06 0.000247635 0.00777114 0.00744845 0.0383107 0.00321616 0.0795473 2.40076e-06 
0.00227146 0.000336864 0.00656922 0.0498445 0.000485013 0.00720117 0.00398698 5.95104e-05 1.29899e-05 1.28934e-08 0.732932 0.000143966 1.10612e-05 0.000501907 0.0251981 5.42837e-05 0.0662153 0.000344157 0.0540054 0.000937073 0.0469399 0.00192228 2.732e-05 
0.00045803 0.0825411 0.402599 0.0110935 0.0536842 0.0567797 0.00026956 1.98219e-07 0.070419 4.536e-10 0.00208378 4.01236e-07 2.53896e-06 4.07056e-05 0.0963395 0.00128819 6.75513e-09 0.0127452 2.44068e-05 0.191324 0.00346075 0.0148466 1.62846e-07 
0.00022105 0.00327185 0.120105 0.0847656 0.0340076 0.078814 0.00928744 0.00106502 0.0533155 1.07735e-05 0.00958075 0.00160477 0.00146943 0.00507491 0.345746 2.39893e-05 0.00131462 0.00639092 0.00373176 0.0523675 0.00399763 0.183067 0.000766425 
0.00466888 0.000392143 8.31544e-07 0.0159917 5.84049e-08 0.202318 0.00182913 3.37565e-08 0.464051 1.46269e-08 0.0375875 4.4824e-07 4.60467e-08 2.98764e-07 0.11238 8.30161e-08 7.32316e-08 0.00742222 0.00413209 0.124837 0.00052639 0.0238623 3.58504e-08 
3.78651e-05 0.000182989 0.26179 0.000772434 0.0260336 0.0420648 0.0102441 2.1939e-05 0.154209 1.28131e-10 0.00113853 0.000929084 4.14205e-06 5.67063e-05 0.404997 0.000222997 0.016783 0.0056864 0.00481321 0.00232649 0.00745209 0.0602338 2.20153e-09 
1.75622e-05 0.000162658 0.0315445 0.00523361 0.0133694 0.0769134 0.00162246 8.80614e-07 0.0775233 5.34128e-07 0.00110305 0.000178287 1.96822e-05 0.000165918 0.108098 2.26549e-05 7.04491e-06 0.0029442 0.0183803 0.0440741 0.0271322 0.591241 0.00024489 
6.41141e-06 2.7287e-07 0.0889947 0.0772169 0.00324244 0.286703 0.00251092 0.000536708 0.00310524 1.31673e-07 0.175089 6.16659e-07 2.91617e-05 0.000619956 0.168746 3.71538e-07 0.00627473 0.0124614 0.0105104 0.00178045 0.133545 0.0286186 7.78284e-06 
0.233911 0.000334251 0.00329486 0.0154738 0.0952983 0.148177 1.76877e-06 1.08152e-06 4.57853e-06 7.72416e-10 0.277734 1.28397e-06 4.89112e-07 0.000177083 0.0934108 2.42369e-07 4.19148e-07 0.00207415 0.0105791 0.0138692 0.0222502 0.0832799 0.000125628 
5.57731e-05 0.203714 0.0216145 0.000555136 0.0303062 0.00226667 0.00028612 3.85426e-05 0.17454 1.50314e-05 0.0474804 0.00533385 0.00185 0.0524228 0.127561 0.035001 0.0063492 0.00786964 0.000290493 0.106928 0.00185201 0.145533 0.0281369 
5.11736e-08 5.89273e-05 0.548457 0.0232648 3.9733e-05 0.000246037 0.0747758 6.13647e-05 0.0096764 1.90662e-09 0.0765306 8.81788e-08 2.48229e-08 0.000126965 0.0522038 1.89017e-06 0.0357469 0.0584858 0.103835 0.000728223 0.0128656 0.00289467 2.43782e-08 
0.000112117 0.008016 0.0855427 0.0462168 0.0667083 0.234398 0.00133314 0.000176937 0.00471693 4.50247e-09 0.0475509 0.000461721 0.000225618 0.0986589 0.00261303 6.8355e-07 0.00200647 0.0063017 0.00644178 0.0240213 0.0505741 0.313923 2.79553e-07 
0.000190859 8.63275e-06 0.13631 0.019652 0.0147092 0.154772 0.00826976 0.000261601 0.0794999 4.09201e-06 0.0183071 0.00095327 0.0003527 0.000324957 0.339114 3.50911e-05 6.37732e-06 0.157765 0.0108826 0.0160753 0.007972 0.0344958 3.7417e-05 
0.000304143 0.00477999 0.0766761 0.00166323 0.0169542 0.0533996 6.32773e-05 1.48845e-08 0.0104967 3.75107e-11 0.00554658 1.10665e-06 1.20264e-07 0.663865 0.0197999 1.0076e-07 0.000320352 0.000672139 8.05026e-06 0.0061293 0.00364484 0.135665 9.71845e-06 
0.000494533 7.30768e-06 0.0571303 0.00191614 0.0182743 0.0221841 0.000274641 0.000111662 0.77098 6.90797e-09 0.00333915 0.00024509 1.12634e-06 5.3084e-06 0.1014 8.71488e-06 8.2528e-06 0.00112693 0.000422479 0.0060998 0.000555544 0.0147393 0.000674713 
5.11736e-08 5.89273e-05 0.548457 0.0232648 3.9733e-05 0.000246037 0.0747758 6.13647e-05 0.0096764 1.90662e-09 0.0765306 8.81788e-08 2.48229e-08 0.000126965 0.0522038 1.89017e-06 0.0357469 0.0584858 0.103835 0.000728223 0.0128656 0.00289467 2.43782e-08 
0.000304143 0.00477999 0.0766761 0.00166323 0.0169542 0.0533996 6.32773e-05 1.48845e-08 0.0104967 3.75107e-11 0.00554658 1.10665e-06 1.20264e-07 0.663865 0.0197999 1.0076e-07 0.000320352 0.000672139 8.05026e-06 0.0061293 0.00364484 0.135665 9.71845e-06 
6.67741e-05 4.81896e-06 0.122785 0.0193688 0.0199827 0.112013 0.00493756 3.20891e-05 0.117415 2.85183e-07 0.00433244 0.000455021 0.000158351 0.0020232 0.332499 2.99137e-06 3.13711e-07 0.00860681 0.0403209 0.00295208 0.00562677 0.206415 1.1338e-06 
4.89743e-05 4.20824e-08 0.48334 0.00550044 0.00328705 0.0699194 0.00482338 0.0025326 0.00854482 6.14383e-10 0.0126079 4.87475e-05 6.84066e-05 4.76715e-05 0.335829 7.5748e-08 0.000422056 0.000263893 1.75233e-05 0.0494267 0.00260521 0.0206666 7.6458e-08 
0.000945875 7.51298e-05 0.00482663 0.0451048 0.00259893 0.281652 0.00329196 5.20899e-11 0.181303 3.15946e-11 0.0787606 0.000282587 2.00267e-05 0.0158539 0.241776 0.000348586 1.67199e-05 9.2056e-05 0.00035898 0.0385125 0.00382687 0.100353 2.56574e-07 
3.94318e-05 4.66346e-06 0.10633 0.58489 0.00630606 0.128731 0.00547897 9.2169e-05 0.00525419 2.56295e-09 0.0745472 1.78693e-06 1.28552e-07 6.10634e-05 0.0356965 7.77884e-08 3.53924e-07 0.000360301 0.000102162 1.81236e-05 0.035138 0.00858318 0.00836393 
0.00112709 0.00109528 0.128672 0.0405318 0.00374348 0.088841 0.112775 0.000627931 0.00261578 8.16257e-08 0.0634127 0.00827527 2.45668e-05 0.00404407 0.433701 8.16351e-08 0.00154205 8.17088e-08 0.00985013 0.0128974 0.0277245 0.0584982 8.16446e-08 
2.63681e-05 0.0324243 0.147524 0.00890752 0.0910563 0.0325344 0.000934044 3.38606e-05 0.0377474 4.50472e-06 0.0419853 0.000359721 0.000824401 0.0302915 0.0981636 7.81602e-05 0.000552211 0.0120435 0.00264187 0.182296 0.00344171 0.276101 2.81269e-05 
0.00149025 8.29373e-06 0.00727838 0.0504561 0.00938559 0.0803238 0.000231064 5.06851e-09 4.12162e-07 3.07425e-09 0.681171 0.000814766 1.45843e-06 1.11559e-05 0.00366079 2.5693e-08 3.99932e-09 3.4941e-05 0.00137327 0.000891003 0.106638 0.0562268 3.11526e-06 
3.65343e-07 0.000221081 0.0583838 0.194422 1.62455e-07 0.00165166 0.00289722 0.000564338 3.24351e-06 3.34227e-10 0.465574 0.000151263 3.56787e-10 0.000268968 0.0487986 5.87964e-07 0.1016 9.4769e-05 0.0245873 0.000315588 0.100352 0.000112577 2.06036e-07 
0.000120676 0.0244907 0.13066 0.0883156 0.0129784 0.0426 0.00366742 0.000128548 0.013235 8.20661e-06 0.0471503 0.0002742 0.00405655 0.182828 0.150249 0.000102213 0.00383013 0.00372147 0.000604169 0.047379 0.0243054 0.214357 0.00493857 
0.000835558 5.43139e-06 0.582233 0.00875247 0.00129409 0.00515889 0.00582861 1.66988e-05 0.00524093 9.79054e-08 0.00189093 1.6443e-06 4.47565e-05 0.000943134 0.321109 9.79892e-06 4.52919e-05 0.00109831 0.002943 0.0434558 0.0063624 0.0127301 3.79624e-07 
0.00111297 7.45636e-06 0.229922 0.0870052 0.00196796 0.0901689 0.00415027 0.000523494 0.00839961 2.96791e-12 0.0026526 1.8966e-07 0.00524732 0.000126836 0.0481338 7.48683e-08 3.86097e-12 0.497108 0.000200212 0.005339 0.00968371 0.00824914 1.34121e-06 
0.000160917 0.00314119 0.229023 0.0378073 0.0300661 0.0971661 0.0199379 0.00286638 0.0580555 1.53659e-05 0.0352974 0.00103875 0.000232459 0.00675228 0.290583 0.00541728 0.00013358 0.00490206 0.0314236 0.0506548 0.0669614 0.0282049 0.000159448 
4.73392e-07 0.000141046 0.107965 0.0525418 0.112089 0.10969 0.000790067 0.00033563 0.00034794 3.62611e-10 0.113215 0.000375986 9.45246e-05 0.161571 0.0671396 2.71587e-06 0.00199953 0.00681935 0.0262482 0.00914989 0.0923918 0.137091 1.70212e-07 
1.73887e-05 0.0420575 0.802409 0.000949727 0.00535775 0.0126021 0.0281544 0.000494891 0.00115667 9.35444e-09 0.0025183 3.97658e-05 0.000940994 0.000299032 0.0226911 9.14477e-07 1.55633e-08 0.0106397 9.51011e-05 0.0560552 0.00774657 0.00577404 1.31336e-08 
2.06733e-07 1.01188e-05 0.452134 0.106249 0.00329424 0.028028 0.0019055 1.81469e-09 0.00498495 1.10068e-09 0.0677578 0.000200918 1.17497e-09 1.76752e-05 0.0463411 9.53844e-05 1.43188e-09 0.000248347 7.95589e-05 0.00429061 0.245798 0.0293087 0.00925605 
0.00181139 0.0117435 0.0827116 0.0904938 0.0167569 0.17174 0.00793454 0.000313106 0.00793582 3.40187e-05 0.0386513 0.0184788 0.0046147 0.00808543 0.112653 5.03011e-05 5.16003e-05 0.00428055 0.0170312 0.0127727 0.00907885 0.382031 0.000745954 
0.000125196 1.25474e-05 0.186278 0.00695136 0.00457981 0.0447394 0.000300957 1.6109e-05 0.213697 8.58052e-08 0.00379088 2.4195e-05 3.26428e-06 0.000386262 0.298119 5.2077e-06 3.86424e-05 0.00436374 0.016347 0.0477894 0.001426 0.171001 5.3056e-06 
4.05615e-09 3.69594e-06 0.199131 0.0433561 0.000989723 0.0241023 0.00816383 2.67292e-05 0.00555948 8.12942e-13 0.0190424 1.54921e-08 3.73194e-09 7.66557e-05 0.575297 1.22078e-09 3.11206e-09 1.41156e-08 0.00780157 0.0498426 0.00477409 0.061833 8.3975e-10 
1.73887e-05 0.0420575 0.802409 0.000949727 0.00535775 0.0126021 0.0281544 0.000494891 0.00115667 9.35444e-09 0.0025183 3.97658e-05 0.000940994 0.000299032 0.0226911 9.14477e-07 1.55633e-08 0.0106397 9.51011e-05 0.0560552 0.00774657 0.00577404 1.31336e-08 
8.20712e-07 0.00916636 0.395389 0.00474905 0.0664147 0.0263145 0.00375381 0.000449296 0.431342 4.1205e-08 0.00961883 1.98063e-07 8.11603e-06 0.00115287 0.00847654 3.04139e-06 0.000481473 0.0063415 9.89878e-05 0.000535918 0.00959278 0.0226006 0.00350928 
0.000229446 1.12407e-05 0.00628395 0.15872 0.00846183 0.00109816 0.688217 1.91345e-06 0.0133801 1.16058e-06 0.00156761 5.25163e-05 9.5872e-05 0.00738325 0.0235731 8.16126e-05 1.50981e-06 0.00177188 0.0320389 0.00263594 0.0526817 0.00165529 5.52798e-05 
0.990892 3.33335e-05 0.00136651 0.000176083 2.50066e-06 0.00127864 3.13097e-05 1.04898e-05 4.7948e-05 5.50163e-10 0.00250128 0.000395132 5.87298e-10 4.65999e-06 3.08097e-08 1.30944e-06 1.34052e-07 3.521e-05 9.46972e-07 0.00250772 0.00040102 0.000313599 4.31192e-07 
0.000524825 0.0252343 0.208002 0.0619926 0.0117816 0.0185136 0.00160466 0.00152687 0.00233581 2.0962e-10 0.00677222 0.0274126 0.23093 3.53866e-05 0.0138105 9.31952e-05 2.72696e-10 0.00730473 0.000505559 0.00216248 0.379456 1.88752e-07 7.93116e-10 
6.83825e-08 4.41316e-08 0.031939 0.327717 0.00800184 2.556e-07 0.0460115 2.26493e-11 4.79637e-06 1.37377e-11 0.0409065 1.54283e-11 0.00392704 4.32466e-08 9.14531e-08 1.29151e-09 1.10821e-07 0.105 0.000636628 1.33903e-07 0.0304611 1.27918e-07 0.405394 
8.37273e-05 0.0290113 0.120176 0.00499893 0.0349244 0.0153709 0.000337793 1.94711e-05 0.00214291 1.99891e-07 0.00819989 4.55793e-05 0.000121298 0.143817 0.173659 2.14952e-07 0.00564961 0.00325036 0.000344035 0.279848 0.0013795 0.175811 0.000808874 
0.00177157 4.38728e-06 0.0826268 0.0369383 0.0179007 0.0983189 0.00356188 3.27782e-05 0.0270728 1.66979e-11 0.0231396 6.49006e-08 0.00013154 3.12429e-05 0.404429 6.37865e-06 3.04542e-08 0.00103781 0.000410669 0.00102114 0.227651 0.0739136 4.4924e-08 
0.00241495 0.000279644 0.0252693 0.819869 0.00206216 0.0154724 0.0252714 0.000377422 0.000259927 2.97193e-06 0.034465 4.32623e-05 1.20759e-05 6.76454e-05 0.0328106 3.24681e-06 0.00321212 0.000876481 0.0174178 1.31123e-05 0.0107621 0.00868037 0.000357369 
0.000497941 0.000409776 0.107505 0.085037 0.0707931 0.0333743 0.011604 0.000603143 0.0704613 8.70009e-05 0.143455 0.00136334 0.00108127 0.0309199 0.245635 0.00225187 0.000168637 0.0050178 0.00272314 0.0556097 0.064994 0.0474856 0.0189219 
