0.00265287 0.000130721 0.0166132 0.00665758 0.000203142 0.275161 0.000959337 4.76519e-06 0.421879 5.56279e-09 0.013945 1.70393e-07 1.75066e-08 0.000271383 0.170331 3.15595e-08 2.78411e-08 0.00660578 0.0024989 0.0632017 0.000303681 0.0185374 4.27748e-05 
1.90453e-06 0.00376341 0.0638481 0.0101341 0.0714241 0.0117645 0.00299221 2.52259e-05 0.511686 6.46302e-07 0.0252642 0.000307268 0.000229556 0.0599195 0.042976 0.0343346 0.000527881 0.023637 0.00103361 0.0286196 0.00707296 0.100028 0.00041001 
0.0390701 4.70454e-08 0.0534137 0.0076704 0.00584197 0.0810828 0.0010855 3.0711e-08 0.57623 1.85806e-11 0.0051764 1.72617e-07 5.67096e-08 0.0010709 0.0836824 6.19617e-09 1.62582e-07 0.00696785 0.000953075 0.0499332 0.00122149 0.0864429 0.00015706 
4.05342e-05 7.01986e-05 0.130811 0.0223078 0.0279207 0.0421989 0.000133776 7.51736e-05 0.564555 3.22858e-07 0.0495644 6.1041e-05 2.95307e-06 0.000690091 0.0902586 1.84233e-05 1.14264e-05 0.00138477 0.00354357 0.0172776 0.00110524 0.047644 0.000323653 
9.93299e-05 3.03721e-05 0.012454 0.000293848 0.00028567 0.00120597 0.00720018 4.69517e-06 0.0123686 2.84781e-06 0.542502 0.000173541 8.3531e-05 0.000128492 0.393042 6.98612e-05 0.00019093 0.00594843 9.16364e-05 0.0203415 0.000785764 0.00256405 0.000132269 
8.74164e-05 2.24227e-06 0.659448 0.0995951 0.0459422 0.0342709 0.00098389 7.59851e-08 0.0102231 2.17822e-10 0.00516855 2.86697e-08 3.95315e-08 0.00024493 0.102272 4.25539e-07 6.49599e-08 0.0159946 0.00267255 0.0190874 0.00130179 0.00261 9.47867e-05 
1.46872e-05 5.38923e-06 0.161019 0.0232742 0.00277331 0.0761495 0.00292154 7.57119e-05 0.0153937 4.26294e-12 0.022451 3.82756e-09 4.55068e-12 0.00235907 0.617792 1.16563e-07 2.36251e-05 9.50561e-05 0.00497087 0.0026964 0.0182231 0.0497543 7.69855e-06 
5.10471e-05 0.000131357 0.136908 0.398507 0.00244131 0.0189284 0.00694186 0.00403516 0.00638057 1.83302e-07 0.00241763 8.94819e-07 0.071639 0.00288642 0.083434 8.84889e-06 0.000668507 0.0085348 0.028085 0.0430387 0.164727 0.0202007 3.32334e-05 
0.00313783 4.07673e-05 0.33718 0.0244113 0.0014845 0.0208146 0.0431752 2.21886e-05 0.202216 7.04485e-06 0.0850767 0.00248337 0.00123585 0.00309838 0.19391 7.47668e-05 7.9529e-05 0.00725018 0.00270087 0.0284141 0.00650907 0.0366523 2.44246e-05 
2.20666e-05 0.538455 0.0417655 0.00164159 0.00860979 0.00950394 0.000975736 2.12455e-05 0.0911732 5.07662e-07 0.0130176 0.000355184 0.000141632 0.0139318 0.185459 0.00523108 4.44688e-06 0.0131459 0.000209439 0.0427697 0.00156314 0.0320016 8.71803e-07 
4.04273e-05 0.081154 0.0206644 0.00662956 0.0849463 0.0410267 0.0101562 2.33173e-05 0.0123842 1.26953e-06 0.00735126 0.00272844 0.000852825 0.0395993 0.0295643 2.33458e-06 0.000565139 0.0012156 0.00403289 0.364612 0.00912445 0.283288 3.72823e-05 
0.012296 0.00110509 0.0227774 0.0568081 0.0178604 0.0244788 0.00294437 9.57579e-05 0.0430883 4.28111e-05 0.339508 7.38858e-05 0.000179339 0.00412822 0.146321 9.90953e-05 0.0217131 0.0121496 0.0397235 0.231634 0.0144595 0.00836745 0.000146999 
0.000170493 0.00620517 0.834168 0.0216507 0.00211419 0.012585 0.00173966 0.000150117 0.00541886 4.30961e-09 0.0189376 0.000278414 0.00190329 0.000819032 0.0624774 4.01803e-05 0.00182137 0.00446294 0.00412773 0.00189784 0.00911123 0.00992109 1.51677e-07 
4.05342e-05 7.01986e-05 0.130811 0.0223078 0.0279207 0.0421989 0.000133776 7.51736e-05 0.564555 3.22858e-07 0.0495644 6.1041e-05 2.95307e-06 0.000690091 0.0902586 1.84233e-05 1.14264e-05 0.00138477 0.00354357 0.0172776 0.00110524 0.047644 0.000323653 
0.228362 4.64744e-05 0.233527 0.0265082 0.00204241 0.0310591 0.0580043 3.94575e-05 0.0346427 3.50729e-05 0.00393523 0.000440381 0.00981918 0.00663921 0.0360752 3.95361e-05 0.245734 0.00823881 0.0282467 0.018455 0.0106987 0.0170506 0.000360037 
4.03413e-05 0.00011709 0.0827485 0.00155057 0.00118439 0.00239882 0.00625102 4.05876e-05 0.0177489 2.59788e-09 0.00417107 0.000114396 1.45641e-08 0.00141825 0.125043 5.33819e-06 1.42104e-05 0.000213612 0.00931198 0.737775 0.00399057 0.00584856 1.4587e-05 
1.77872e-05 0.00020824 0.116466 0.0193927 0.00208831 0.00303662 0.0101601 7.47018e-05 0.18961 3.67179e-09 0.0167188 6.23919e-05 2.11489e-05 0.0034675 0.117876 3.43648e-05 1.29781e-05 0.00495898 0.102649 0.372408 0.0154251 0.025061 0.00025025 
0.000312642 5.28265e-05 0.0729195 0.110189 0.0458113 0.0296035 0.00626955 8.43357e-05 0.0065642 2.25533e-05 0.109141 0.00109151 0.000320386 0.03046 0.0746487 0.000124086 0.000196193 0.00626146 0.0030754 0.0091925 0.271577 0.221965 0.000119084 
0.000110784 0.00755573 0.0981846 0.00475255 0.0632446 0.0435857 0.00271966 2.75981e-05 0.0855762 1.71098e-09 0.00380391 4.31089e-05 0.000131338 0.00147557 0.255777 4.19289e-05 4.08e-05 0.0038122 0.0106123 0.025079 0.00808745 0.385338 3.14793e-07 
7.50561e-05 6.365e-06 0.31356 0.0995364 0.00502827 0.013211 0.00657756 3.30973e-05 0.139307 1.81937e-06 0.00191024 0.000700145 0.0450889 0.00892873 0.0525446 2.03692e-05 3.33113e-06 0.014921 0.0511281 0.0268469 0.00802572 0.212536 9.70237e-06 
2.3538e-05 7.28986e-05 0.108234 0.00298818 0.00360275 0.00962329 0.00803988 0.000169622 0.0156901 2.01354e-09 0.00429738 0.000106597 5.38767e-06 0.00205007 0.272347 3.11626e-06 8.2962e-06 0.000124616 0.0199596 0.511087 0.0328209 0.00868581 5.99379e-05 
2.06513e-07 1.6764e-06 0.336521 0.116824 0.0422129 0.029402 0.0125864 3.07545e-05 0.000392963 1.55076e-07 0.0111886 0.000249743 0.00115792 0.00015663 0.402838 1.40553e-05 7.65049e-07 0.00116782 0.00931266 0.0011447 0.00374233 0.0310546 5.81292e-07 
2.0447e-06 1.19215e-05 0.314469 0.236626 0.00696315 0.017252 0.00327459 1.85971e-05 0.0171263 3.51911e-10 0.116141 3.54743e-08 4.12884e-07 0.00300547 0.102108 6.76439e-07 3.89109e-06 0.000621597 0.00123799 0.151155 0.0214067 0.00857112 4.66297e-06 
0.000308351 1.3011e-08 0.0648742 0.0242616 0.00274507 0.0225501 0.00276816 3.10867e-05 0.0776351 6.74364e-09 0.00701539 4.57527e-08 7.20074e-06 4.63409e-05 0.60736 1.01729e-07 1.01991e-06 0.000262481 0.00429552 0.00537226 0.0022393 0.178227 9.87173e-08 
0.00014693 8.38904e-05 0.0222954 0.0030576 0.000463874 0.0618661 4.5295e-05 0.000357288 0.0472899 8.06657e-07 0.145919 6.05402e-06 8.61104e-07 3.91645e-05 0.0643517 3.26239e-06 1.92135e-05 0.0100357 0.000781636 0.615048 0.00618776 0.0186059 0.00339479 
0.00339931 0.000179765 0.0218021 0.2293 0.041413 0.0161707 0.423412 0.000310581 0.00671008 1.15202e-05 0.00174052 0.00229577 2.58834e-05 0.00159808 0.0472991 0.000182314 0.0558187 0.00104745 0.0709701 0.00213273 0.0511732 0.0229462 6.07682e-05 
0.00113149 0.00447792 0.0493441 0.0101975 0.0414845 0.0500887 0.022992 2.87524e-05 0.0832554 7.67183e-06 0.16418 0.0102271 0.00309534 0.00291693 0.379696 4.05423e-05 0.000349718 0.00430856 0.00863561 0.0264551 0.00635915 0.10706 0.0236677 
2.47177e-07 0.0532713 0.217906 0.00610798 0.00731441 0.0171557 0.000243569 9.9225e-08 0.0187629 7.05091e-10 0.00139992 6.02083e-05 5.06981e-05 0.00105722 0.209284 2.40831e-06 0.000265513 0.00377073 0.000316304 0.353267 0.000720081 0.109006 3.7703e-05 
1.50875e-05 4.9911e-06 0.150701 0.0760419 0.00199233 0.0246337 0.00515063 3.53553e-05 0.00373933 1.63481e-12 0.00279146 4.54492e-05 1.41598e-05 0.000257931 0.401804 1.19354e-09 7.41828e-06 0.00167241 0.00497979 0.30599 0.00827144 0.0118508 1.06403e-09 
4.81036e-06 0.000463492 0.116788 0.537868 0.0625708 0.0225192 0.00721122 0.000271859 0.00776228 2.65354e-06 0.0036916 0.00108175 0.0122991 0.00428265 0.0153832 9.11085e-06 7.85903e-06 0.00610786 0.00126441 0.130487 0.00354838 0.0663631 1.08874e-05 
1.31126e-05 0.000119072 0.209622 0.00981129 0.00767035 0.0309975 0.0397893 0.000112704 0.246189 4.47179e-09 0.0536782 1.33486e-06 8.35895e-06 0.0140984 0.122353 3.65646e-05 0.107575 0.00484027 0.00595239 0.0308173 0.00524137 0.111072 8.89656e-07 
4.65436e-05 0.130158 0.0393905 0.000669391 0.030388 0.00165935 0.0895737 4.99437e-05 0.0185307 2.07844e-08 0.00561807 0.000149953 0.000288651 0.0237423 0.0506854 1.84634e-05 6.02514e-06 6.76792e-05 0.00324761 0.604105 0.000498376 0.00110113 5.38405e-06 
0.000349399 0.0213211 0.0244176 0.1896 0.0015992 0.0633387 0.0726491 5.54108e-06 0.0115659 7.18604e-09 0.0105511 5.33535e-06 4.23438e-06 1.32086e-05 0.161364 1.23198e-06 1.67189e-05 0.000253007 0.302921 0.00146531 0.108869 0.0296171 7.13421e-05 
0.00160182 0.0186254 0.198539 0.0260201 0.00274022 0.142972 0.00509232 3.59405e-05 0.163816 5.16335e-06 0.0365489 0.000196023 0.000219062 0.000312058 0.167559 1.21951e-05 1.17999e-05 0.0387158 0.00274352 0.178051 0.00120324 0.014946 3.41629e-05 
5.27957e-09 0.00532121 0.0310434 0.0032711 0.102508 0.040632 9.76907e-06 1.02136e-06 0.0023645 1.21786e-09 0.00423611 1.45702e-07 4.507e-06 0.591116 0.00101357 2.0261e-07 0.00102102 0.0126893 9.41635e-06 0.00202691 0.000118089 0.202614 2.68903e-07 
5.60075e-06 0.159843 0.030632 0.128344 0.000331898 0.130142 0.00202468 2.54424e-09 0.000167094 1.54318e-09 0.0310076 7.66194e-08 5.05576e-06 9.37194e-06 0.000593641 2.60225e-06 6.16546e-06 6.04182e-06 2.97142e-06 3.61354e-05 0.149596 0.367244 2.26716e-07 
0.00217776 4.28933e-05 0.361258 0.0182737 0.0193693 0.0208541 0.0117909 1.90155e-05 0.168617 1.8949e-05 0.0120605 0.00072736 0.0162972 0.000879281 0.226304 5.10573e-05 7.38985e-05 0.024666 0.00938889 0.0524197 0.0229596 0.0315075 0.00024264 
0.000126074 1.42552e-05 0.0372989 0.0425686 0.000337496 0.0327127 0.0011572 5.58064e-06 0.0944947 2.92112e-11 0.0471617 9.06203e-08 0.000290145 0.00252155 0.623262 0.000287721 2.81144e-06 0.0120844 0.000900758 0.00979247 0.00780424 0.0871734 2.9586e-06 
0.000620102 0.000680155 0.0238446 0.164516 0.00421781 0.00681725 0.0304805 0.365496 0.0511959 1.98858e-05 0.0658735 0.000229429 0.0641534 0.0154955 0.0759996 3.64827e-05 0.000262145 0.0323282 0.00214547 0.0452644 0.0403753 0.00992143 2.69961e-05 
0.000948279 0.000236598 0.0103314 0.0171885 0.00105442 0.0248994 0.0245181 4.50598e-05 0.0011356 1.28705e-08 0.164439 0.611487 1.39104e-07 3.50195e-05 0.0972776 1.85733e-06 0.000215102 5.04838e-08 0.0392748 0.00133589 0.00303172 0.00254176 2.03992e-06 
4.05342e-05 7.01986e-05 0.130811 0.0223078 0.0279207 0.0421989 0.000133776 7.51736e-05 0.564555 3.22858e-07 0.0495644 6.1041e-05 2.95307e-06 0.000690091 0.0902586 1.84233e-05 1.14264e-05 0.00138477 0.00354357 0.0172776 0.00110524 0.047644 0.000323653 
4.03413e-05 0.00011709 0.0827485 0.00155057 0.00118439 0.00239882 0.00625102 4.05876e-05 0.0177489 2.59788e-09 0.00417107 0.000114396 1.45641e-08 0.00141825 0.125043 5.33819e-06 1.42104e-05 0.000213612 0.00931198 0.737775 0.00399057 0.00584856 1.4587e-05 
0.000397442 3.78584e-06 0.0726974 0.290241 0.0136472 0.122668 0.00253744 5.37267e-05 0.0294486 1.26423e-06 0.0273913 0.000299512 3.89123e-05 0.00372496 0.130683 2.73798e-05 5.0332e-06 0.000904478 0.0708601 0.00394328 0.191442 0.0275606 0.011424 
0.00100496 0.000125059 0.201852 0.0104455 0.281473 0.0203371 0.00955679 0.00217242 0.0216964 1.44171e-05 0.0122342 0.0105372 0.00739366 0.0144976 0.0573212 3.56453e-05 0.000503011 0.00259228 0.00890868 0.283142 0.00483085 0.0491841 0.00014114 
3.33638e-08 4.15849e-08 0.634162 0.000567343 0.00715185 0.0361473 1.73104e-08 2.03088e-08 0.0326383 1.43217e-12 8.39285e-05 1.60842e-12 3.95985e-08 0.000530337 0.0822748 2.40088e-09 3.81958e-08 0.00136346 1.26742e-08 0.134205 0.00172879 0.0691468 2.16855e-08 
0.000154461 3.12013e-05 0.173206 0.00350509 0.000191973 0.00941256 0.00678161 0.000264974 0.00898653 4.72187e-12 0.0248996 0.000312066 2.31995e-07 0.000265322 0.49542 0.000181154 0.00507579 0.000905677 0.000103965 0.250918 0.000985276 0.0183986 3.48422e-09 
0.000274398 0.00658938 0.176496 0.024051 0.0590126 0.213426 0.0027019 6.93451e-06 0.0232255 3.6229e-07 0.062 4.00742e-05 1.32696e-05 0.0117543 0.280719 1.35476e-05 0.000916657 0.0546529 0.0311078 0.0191805 0.0240091 0.00921419 0.000594448 
7.87882e-06 5.18953e-05 0.0856472 0.613638 2.23164e-07 0.0308513 0.0423648 6.072e-07 0.000476333 5.41283e-09 0.0821249 7.28611e-05 6.83701e-06 0.000827217 0.0549511 5.25365e-08 6.82028e-06 7.08884e-07 0.0252019 0.00231049 0.0564652 0.00499259 8.48185e-07 
7.6841e-05 7.68785e-05 0.215421 0.0222692 0.0654814 0.0302497 0.12193 3.47382e-11 0.0115101 2.10701e-11 0.0150076 0.000267944 7.87624e-08 0.115428 0.0172645 5.79461e-09 8.0849e-07 0.0025342 0.0106686 0.0247276 0.0353912 0.31168 1.49652e-05 
0.000869895 0.000425034 0.00716154 0.0984187 0.0784039 0.108856 0.00362763 8.07472e-10 0.127445 4.89764e-10 0.0145683 5.50036e-10 7.13356e-07 0.0401309 0.0775198 5.66257e-07 0.000125121 0.0864867 0.00500737 0.0232643 0.000439631 0.327248 5.62957e-07 
1.25552e-05 0.000350256 0.0134206 0.0280109 0.00102928 0.0109877 0.0018518 0.000791786 9.73313e-06 6.82904e-11 0.134087 0.000443092 7.28999e-11 0.000257216 0.0571762 2.41221e-05 0.38567 3.21473e-05 0.336031 0.000395584 0.00346746 0.0259511 5.35864e-07 
0.00315499 6.85778e-05 0.0468366 0.0706171 0.128553 0.287136 0.000446247 3.09653e-07 0.00769674 5.97876e-10 0.249291 1.64402e-06 6.71509e-08 0.0105876 0.01372 3.92205e-08 0.000201657 0.0766283 0.00909833 0.00936001 0.0290351 0.0568841 0.000681839 
1.14649e-08 0.00171955 0.00330417 0.000182249 0.0194077 0.0141149 2.30002e-06 4.98029e-08 0.00712992 1.33362e-11 0.000253485 1.75716e-06 3.17835e-06 0.00144581 0.115956 2.67388e-09 1.56941e-07 0.00270692 1.92081e-05 0.00317259 9.93575e-05 0.830333 0.000147582 
0.000144904 8.00486e-05 0.19394 0.231944 0.0157659 0.00121003 0.0150862 1.21765e-05 0.00260843 1.02734e-09 0.390256 7.03639e-07 1.09668e-09 2.27738e-05 0.0681839 3.3813e-05 0.00403727 0.00629268 0.0241283 0.0285567 0.0104418 0.00725362 1.34447e-06 
0.000297529 1.40265e-05 0.478857 0.043843 0.00374241 0.169178 0.0103128 5.82046e-05 0.00236898 4.41873e-06 0.00257832 2.52078e-05 2.20757e-05 0.00113293 0.225486 4.69087e-05 5.00796e-05 0.00692916 0.00239128 0.00892466 0.00984418 0.0338872 5.63484e-06 
4.35043e-06 0.0618914 0.0335502 0.00937428 0.0247782 0.0188545 0.00190048 1.34117e-05 0.00745889 2.03262e-08 0.0142277 1.41733e-06 0.000110565 0.201397 0.023287 3.25164e-05 0.409436 0.000426944 0.00021044 0.0115932 0.0091611 0.172284 6.49275e-06 
0.00265287 0.000130721 0.0166132 0.00665758 0.000203142 0.275161 0.000959337 4.76519e-06 0.421879 5.56279e-09 0.013945 1.70393e-07 1.75066e-08 0.000271383 0.170331 3.15595e-08 2.78411e-08 0.00660578 0.0024989 0.0632017 0.000303681 0.0185374 4.27748e-05 
6.32744e-06 2.60369e-05 0.162405 0.00102803 0.00615212 0.0109712 0.000584352 1.93262e-08 0.0083931 2.60867e-11 0.0171357 0.00036964 5.9152e-06 0.000542911 0.317677 2.72419e-07 1.33592e-08 0.000396867 0.000390328 0.00696807 0.00173645 0.465211 2.07324e-08 
0.000141148 0.00071373 0.559209 0.165662 0.0021493 0.0945417 0.0191391 0.000168892 0.000790753 6.85197e-07 0.00786715 0.000298063 0.000191282 0.00595746 0.116521 4.82083e-06 7.12644e-06 0.000386701 0.00308636 0.0019752 0.00122725 0.0199496 1.11529e-05 
0.000431426 0.0160706 0.0350741 0.0994903 0.0351778 0.0316665 0.00547192 7.97859e-05 0.039078 1.16832e-05 0.0294814 3.97832e-05 0.000693808 0.00244311 0.0791459 2.33892e-05 9.83958e-05 0.0136089 0.00734245 0.0134476 0.511814 0.079011 0.000297686 
1.89348e-05 0.000133433 0.232259 0.00399422 0.00995486 0.01771 0.0584833 3.57221e-05 0.0857142 8.04664e-11 0.00422297 2.44546e-05 3.10073e-06 0.00019057 0.506588 9.26508e-05 0.00357293 0.00071313 0.0085921 0.0123358 0.00613784 0.0492216 1.36671e-06 
0.000239725 0.000267073 0.366509 0.017032 0.0539339 0.0375424 0.00404683 8.52756e-05 0.0636118 9.04862e-06 0.00650973 0.000103322 0.000452261 0.00604188 0.245465 2.62016e-05 5.41521e-05 0.0241131 0.002565 0.0287483 0.082447 0.060047 0.000150282 
0.00149025 8.29373e-06 0.00727838 0.0504561 0.00938559 0.0803238 0.000231064 5.06851e-09 4.12162e-07 3.07425e-09 0.681171 0.000814766 1.45843e-06 1.11559e-05 0.00366079 2.5693e-08 3.99932e-09 3.4941e-05 0.00137327 0.000891003 0.106638 0.0562268 3.11526e-06 
0.000479061 6.16924e-06 0.0128651 0.0149702 0.0461699 0.0408505 0.000165179 0.000103975 0.344593 1.87997e-08 0.00658806 2.86396e-07 9.02398e-06 0.00107531 0.319142 7.05274e-07 1.09374e-07 0.00431983 0.00391607 0.00988439 0.00842273 0.185899 0.00053931 
1.88992e-05 7.39295e-05 0.186892 0.0139735 0.0164238 0.234343 0.00629367 3.47422e-06 0.00039671 6.41303e-11 0.122404 1.99073e-08 8.02884e-06 0.00199365 0.303179 4.52936e-07 8.34276e-11 0.00259064 0.00208474 1.62961e-05 0.0743231 0.0349809 3.18182e-07 
0.000125455 5.55903e-05 0.0807535 0.0430375 0.00145879 0.138037 0.0134993 1.07433e-05 0.0093206 1.46777e-10 0.0113374 0.000237139 9.70547e-06 0.0789287 0.56749 4.85718e-07 0.000169205 0.000187044 0.000392786 0.00879351 0.00561468 0.0405171 2.368e-05 
0.00223684 7.5733e-06 0.210929 0.000312099 0.000604632 0.000106167 2.53754e-05 1.80968e-06 0.69247 5.73e-10 0.000697446 0.00078419 0.0396035 0.00143787 0.0198998 3.87031e-06 5.31515e-07 0.000666903 0.000413473 0.0165852 0.00146849 0.0117456 4.51491e-08 
0.000165975 0.0201156 0.056231 0.0491075 0.0679856 0.0275048 0.000935988 3.70378e-05 0.0694911 1.69171e-05 0.0187681 0.00678833 0.000351366 0.000497481 0.113779 7.75625e-05 0.000287178 0.0278673 0.0120663 0.0051063 0.0258998 0.496889 3.11936e-05 
1.17508e-08 2.15989e-06 0.306116 0.0214693 0.00112454 0.0142856 0.00173317 2.55153e-08 0.154187 1.74574e-12 0.0017958 6.24088e-09 3.29816e-06 0.000191302 0.311791 6.98183e-07 2.37527e-09 0.00438715 0.0674585 0.0139016 0.00801828 0.0933364 0.000198366 
0.00308792 6.66134e-05 0.0957012 0.0875586 0.00041622 0.0225833 0.243655 9.0894e-06 0.0345967 4.44417e-09 0.00785307 2.80622e-05 8.84347e-06 0.0114623 0.0890448 7.52091e-07 5.59606e-06 0.00101517 0.311728 0.0108522 0.0574436 0.0228826 1.1084e-08 
6.004e-05 0.00891516 0.0741025 0.0069146 0.0217512 0.0100838 0.000619519 0.000240873 0.0253389 1.74819e-06 0.00209623 0.000151699 0.000834819 0.00529103 0.040471 4.05823e-05 2.1947e-05 0.000670767 0.0024636 0.744036 0.00104742 0.0548424 3.69684e-06 
0.000143623 6.40188e-05 0.033048 0.441918 0.00450195 0.0077852 0.0827604 1.69443e-05 0.0100498 6.19396e-06 0.0044633 4.72174e-05 0.000110909 0.00540826 0.00281079 1.24671e-05 1.34106e-05 0.00391973 0.308136 0.0250864 0.0620469 0.00763861 1.1715e-05 
0.00028858 2.2723e-05 0.351863 0.0507574 0.000548397 0.0120465 0.0667514 0.000106091 0.00117443 3.63713e-08 0.16569 0.000113636 4.97656e-05 0.000139136 0.210833 8.51364e-05 0.0489818 0.000304345 0.0381614 0.0297413 0.0144081 0.0079343 3.65693e-08 
1.88132e-05 1.24183e-09 0.169871 9.78588e-05 0.000131287 0.00248676 0.000497052 4.5047e-06 0.160913 2.50616e-12 0.00585125 0.000277919 4.27181e-05 3.72106e-06 0.632274 4.32337e-05 1.66801e-06 0.00154142 2.90867e-05 0.019273 0.00089562 0.00573409 1.13186e-05 
2.20075e-05 2.67632e-06 0.297423 0.00475249 0.0207364 0.323057 6.54767e-05 6.1077e-06 0.0318463 1.66399e-06 0.017362 0.000317735 4.48263e-05 0.000342184 0.256396 3.27896e-06 8.61141e-06 0.00897627 1.3368e-05 0.000675041 0.00325429 0.0346877 6.10562e-06 
0.00631502 0.000122037 0.0554101 0.0162378 0.0133279 0.0251883 0.0197415 0.000168319 0.0197052 2.93539e-07 0.458126 0.00306374 5.45599e-05 0.00987783 0.138649 2.23259e-05 0.000761517 0.00455607 0.0101146 0.046092 0.0256146 0.146546 0.000305104 
0.00610642 0.000154388 0.237306 0.0248566 0.00497008 0.0405294 0.0139856 6.15535e-06 0.0104785 3.53093e-07 0.080281 9.45244e-05 1.88004e-06 0.00233383 0.247583 7.74124e-05 0.000449105 0.012322 0.0232383 0.0153888 0.262975 0.0168618 7.28675e-07 
4.63954e-08 6.04324e-05 0.161781 0.0104986 0.00432218 0.0110801 0.000995692 9.45248e-05 0.580812 4.58747e-09 0.0209841 6.49388e-08 3.03575e-06 0.000422982 0.136036 7.06893e-06 4.22326e-05 0.0119414 0.0250357 0.0162069 0.0122581 0.00741615 1.30843e-06 
3.79617e-05 0.000100547 0.417505 0.0258456 0.0239312 0.00807709 0.0923403 2.84199e-05 0.00624362 1.12223e-06 0.0487503 3.08674e-05 1.22845e-05 0.000161596 0.26049 3.05569e-06 0.00362547 0.0605936 0.0169553 0.00755192 0.0113058 0.0164008 8.07034e-06 
8.90897e-09 2.61486e-06 0.939143 0.000666686 0.00105571 0.0019391 3.62367e-05 2.31023e-05 0.0105021 1.12132e-11 0.00721438 5.20625e-06 1.61036e-09 6.80537e-05 0.0337823 6.24412e-07 8.19625e-06 3.92698e-05 4.07083e-08 2.84132e-05 0.0036808 0.00180425 7.86884e-08 
8.36966e-06 7.87166e-05 0.258794 0.064553 0.00339369 0.0268607 0.030018 5.51746e-06 0.017202 1.47849e-07 0.0282119 0.000438687 2.41739e-05 0.00137272 0.372512 1.49441e-06 2.92795e-05 0.00781305 0.000534284 0.0978833 0.057138 0.0330806 4.61699e-05 
1.46006e-05 1.55094e-06 0.0434409 0.0940373 0.00849891 0.0226397 0.00386388 1.12971e-05 0.0446321 1.13633e-06 0.00197041 6.18225e-05 6.11396e-05 5.4351e-05 0.420816 0.0051827 0.000220185 0.291237 0.00712374 0.000187002 0.0346168 0.0172773 0.00404992 
6.45787e-05 0.000123069 0.0797937 0.132949 0.00688469 0.144277 0.00100566 0.000169197 0.0536481 4.78173e-06 0.0211048 0.000392652 7.74122e-05 0.00183314 0.493393 1.49487e-05 4.30204e-05 0.00334389 0.00122592 0.0151325 0.0202078 0.0242808 3.05813e-05 
1.80117e-08 2.87213e-07 2.3095e-08 0.0158764 0.000118482 0.00031014 0.00112942 6.53318e-06 1.47115e-05 8.70612e-12 0.000492986 9.77752e-12 9.29377e-12 3.72245e-08 0.00011794 1.01834e-09 1.15414e-08 1.63437e-08 0.973905 0.000869852 0.00713778 2.72057e-06 1.763e-05 
0.000471619 0.000378784 0.0263569 0.0114057 0.0346641 0.0187805 0.00486585 0.000356687 0.00386888 2.21648e-08 0.00256275 2.61988e-07 2.56025e-05 0.00198543 0.043868 4.48182e-08 1.12145e-05 0.000492248 2.58837e-05 0.786342 0.0101302 0.0534068 2.94723e-08 
0.000261158 0.0320027 0.0690182 0.0122745 0.0229776 0.0508768 0.0104574 9.42671e-05 0.0793505 7.03331e-06 0.0162906 0.0327842 0.00390698 0.00992568 0.208095 4.80929e-05 0.00106052 0.0030203 0.0248155 0.17571 0.0283386 0.216695 0.00198893 
3.28882e-07 1.17569e-08 0.318027 0.165271 0.00346474 0.0633657 0.00291907 1.01452e-07 0.16675 3.16993e-10 0.0105822 3.76103e-08 3.38389e-10 0.000200731 0.238136 4.76138e-06 2.40533e-06 0.00154752 0.000186179 0.0154812 0.00146595 0.0125953 5.82034e-08 
0.000495601 0.000609386 0.0474181 0.0148111 0.0365892 0.0211081 0.00340769 3.66933e-05 0.0446655 1.41024e-06 0.203012 0.000357679 7.13617e-05 0.00228495 0.0379485 1.7888e-06 0.000335386 0.0143933 0.0131471 0.0217778 0.033512 0.502718 0.00129743 
0.000514229 0.421387 0.00373223 0.00346526 0.00149187 0.010443 0.00021664 1.31841e-05 0.000513217 3.55277e-08 0.473255 1.74355e-06 0.000468901 0.0471101 0.0175568 0.000337886 0.000273412 1.8783e-06 0.00514534 0.000662044 0.000167688 0.0132383 3.85853e-06 
0.0076027 2.3685e-05 0.198372 0.0927237 0.00911746 0.0289122 0.017592 1.08631e-05 0.0219436 1.03457e-09 0.180469 0.000171864 1.04796e-07 0.000162131 0.073204 1.07523e-07 1.37775e-06 0.000461215 0.00736305 0.000130394 0.338659 0.0230694 1.05879e-05 
4.05342e-05 7.01986e-05 0.130811 0.0223078 0.0279207 0.0421989 0.000133776 7.51736e-05 0.564555 3.22858e-07 0.0495644 6.1041e-05 2.95307e-06 0.000690091 0.0902586 1.84233e-05 1.14264e-05 0.00138477 0.00354357 0.0172776 0.00110524 0.047644 0.000323653 
0.000835558 5.43139e-06 0.582233 0.00875247 0.00129409 0.00515889 0.00582861 1.66988e-05 0.00524093 9.79054e-08 0.00189093 1.6443e-06 4.47565e-05 0.000943134 0.321109 9.79892e-06 4.52919e-05 0.00109831 0.002943 0.0434558 0.0063624 0.0127301 3.79624e-07 
0.00122879 3.10554e-05 0.406887 0.00253457 0.0261878 0.0334447 0.000193516 6.51449e-06 0.00337245 1.42004e-09 0.00043043 4.84202e-07 0.201733 4.41076e-05 0.163112 8.64267e-08 2.49515e-06 0.00044625 0.00436591 0.0157804 0.0200025 0.120188 7.75667e-06 
1.40098e-09 9.54015e-10 0.242511 0.00633236 6.17654e-09 0.015289 0.00111284 1.48811e-08 0.000190952 6.13972e-13 0.000304511 6.89529e-13 1.11486e-09 1.23094e-06 0.725368 1.72019e-10 7.9872e-13 0.000369078 1.79182e-07 0.000425163 0.000594458 0.00750141 2.32454e-09 
5.70767e-06 3.53782e-05 0.656053 0.0177196 0.00116535 0.00831187 0.0448659 3.68742e-05 0.00717594 1.85877e-09 0.0614605 0.000126829 2.91e-08 7.62072e-05 0.055362 1.16478e-06 0.0214509 0.0434453 0.0623016 0.00234036 0.0123154 0.00575009 2.85778e-08 
7.35702e-06 1.67116e-05 0.619287 0.00815823 0.00172188 0.0138493 0.00743354 1.30735e-06 0.00548742 4.97066e-08 0.0376613 9.26209e-05 3.2729e-05 0.000107131 0.27282 0.000238502 0.000605436 0.00104515 0.00055638 0.00126485 0.0106103 0.0188879 0.000115121 
9.6801e-05 8.0569e-09 0.0265252 0.00699432 0.265855 0.176591 0.000904432 1.22194e-05 0.0384451 2.39222e-11 0.000372607 2.81543e-05 8.77874e-06 2.13988e-06 0.428485 1.22934e-08 3.11206e-11 0.00016206 0.0048093 0.00121053 0.0305962 0.0189013 1.46678e-07 
8.41204e-05 0.000188978 0.00942506 0.00756964 0.0440854 0.260423 0.000226845 2.55977e-05 0.266175 4.47135e-07 0.275104 3.46491e-06 1.4578e-05 0.0107882 0.085432 6.47648e-07 1.05168e-05 0.00203783 0.0013709 0.000128919 0.0141169 0.00598598 0.0168024 
0.0134583 0.10684 0.0654909 0.0345427 0.0116704 0.0301824 0.00389986 2.85013e-05 0.0322634 4.35127e-08 0.169823 0.000872789 0.000607849 0.0114283 0.0897339 0.136316 0.000572453 0.0074973 0.000999935 0.230971 0.000412399 0.0523832 5.58537e-06 
0.190669 9.29772e-06 0.0503 0.00272637 0.00692557 0.0195573 0.00142214 0.000149452 0.151538 7.72655e-08 0.324086 0.0292872 0.000427616 0.000677312 0.147288 7.25479e-05 0.000210402 0.00143721 0.00579411 0.00515785 0.00193832 0.0603254 1.38605e-07 
5.83092e-06 3.74337e-05 0.0956446 0.00604443 0.0205909 0.00508412 6.85344e-05 9.25505e-05 0.768865 2.82494e-06 0.000229392 3.10232e-06 5.84509e-06 0.000709872 0.0247816 6.89507e-06 1.51824e-05 0.00191798 0.0138559 0.0211933 0.000328673 0.0405096 6.69084e-06 
5.95852e-06 0.0023436 0.125968 0.0328779 0.0242703 0.48014 0.00463461 0.000557387 0.0764042 1.78115e-07 0.000557222 2.85498e-05 2.25546e-05 0.0116226 0.0675487 5.4473e-06 2.05281e-05 0.0147331 4.39728e-05 0.0278882 0.00414271 0.12617 1.36057e-05 
9.63519e-06 0.0141103 0.401143 0.000442913 0.11637 0.184421 0.000195735 3.95252e-06 0.0564845 9.45349e-09 0.00347103 1.86596e-05 3.92267e-05 6.00217e-05 0.00620051 1.4214e-06 4.22609e-07 0.00848061 1.67779e-05 0.198562 0.00344254 0.00652474 1.1425e-08 
6.07775e-05 5.747e-07 0.124461 0.0160221 0.0233043 0.018085 8.75749e-06 4.48203e-07 0.448128 3.25663e-10 0.174433 5.7379e-07 2.20889e-07 1.804e-07 0.136178 0.000228585 4.23658e-10 0.00279389 1.21637e-07 0.000653013 0.0345995 0.0210389 2.61168e-06 
0.00149025 8.29373e-06 0.00727838 0.0504561 0.00938559 0.0803238 0.000231064 5.06851e-09 4.12162e-07 3.07425e-09 0.681171 0.000814766 1.45843e-06 1.11559e-05 0.00366079 2.5693e-08 3.99932e-09 3.4941e-05 0.00137327 0.000891003 0.106638 0.0562268 3.11526e-06 
7.87646e-06 1.76999e-05 0.00618341 0.0671808 0.000233949 0.00133514 0.863302 5.11827e-05 0.00176412 1.0717e-10 0.00186447 5.49575e-10 1.45483e-08 0.000209348 0.0351392 1.35409e-06 0.00386381 0.000653071 0.000836056 0.000617814 0.0158064 0.000932616 1.3669e-09 
5.11736e-08 5.89273e-05 0.548457 0.0232648 3.9733e-05 0.000246037 0.0747758 6.13647e-05 0.0096764 1.90662e-09 0.0765306 8.81788e-08 2.48229e-08 0.000126965 0.0522038 1.89017e-06 0.0357469 0.0584858 0.103835 0.000728223 0.0128656 0.00289467 2.43782e-08 
3.45496e-08 8.30854e-05 0.0670374 0.0651123 0.0039831 0.0341142 1.51899e-06 2.71743e-07 0.00568542 4.99312e-11 0.0566765 5.60758e-11 5.33014e-11 0.00230601 0.640259 4.69412e-09 1.44209e-06 6.02432e-08 5.70653e-06 0.0350495 0.0363966 0.053288 7.73611e-08 
5.70767e-06 3.53782e-05 0.656053 0.0177196 0.00116535 0.00831187 0.0448659 3.68742e-05 0.00717594 1.85877e-09 0.0614605 0.000126829 2.91e-08 7.62072e-05 0.055362 1.16478e-06 0.0214509 0.0434453 0.0623016 0.00234036 0.0123154 0.00575009 2.85778e-08 
5.70767e-06 3.53782e-05 0.656053 0.0177196 0.00116535 0.00831187 0.0448659 3.68742e-05 0.00717594 1.85877e-09 0.0614605 0.000126829 2.91e-08 7.62072e-05 0.055362 1.16478e-06 0.0214509 0.0434453 0.0623016 0.00234036 0.0123154 0.00575009 2.85778e-08 
1.80117e-08 2.87213e-07 2.3095e-08 0.0158764 0.000118482 0.00031014 0.00112942 6.53318e-06 1.47115e-05 8.70612e-12 0.000492986 9.77752e-12 9.29377e-12 3.72245e-08 0.00011794 1.01834e-09 1.15414e-08 1.63437e-08 0.973905 0.000869852 0.00713778 2.72057e-06 1.763e-05 
6.27852e-05 4.59605e-05 0.271574 0.0306276 0.000958298 0.00745579 0.00147861 5.43467e-05 0.269347 1.20639e-05 0.251416 0.000678419 2.98389e-05 0.00134677 0.14541 0.00629103 8.89562e-05 0.000236291 0.00300381 0.00128259 0.00527674 0.00305215 0.000271098 
0.000304143 0.00477999 0.0766761 0.00166323 0.0169542 0.0533996 6.32773e-05 1.48845e-08 0.0104967 3.75107e-11 0.00554658 1.10665e-06 1.20264e-07 0.663865 0.0197999 1.0076e-07 0.000320352 0.000672139 8.05026e-06 0.0061293 0.00364484 0.135665 9.71845e-06 
0.000455163 3.12114e-05 0.147152 0.00904756 0.00384559 0.0232785 0.00446079 1.99868e-06 0.0656467 4.62569e-08 0.336975 0.00490149 0.000282018 0.000154783 0.325723 0.000351614 6.85878e-07 0.00586385 0.000193313 0.00239747 0.00172458 0.0675111 1.1587e-06 
0.00045803 0.0825411 0.402599 0.0110935 0.0536842 0.0567797 0.00026956 1.98219e-07 0.070419 4.536e-10 0.00208378 4.01236e-07 2.53896e-06 4.07056e-05 0.0963395 0.00128819 6.75513e-09 0.0127452 2.44068e-05 0.191324 0.00346075 0.0148466 1.62846e-07 
0.00297889 1.73297e-08 0.0685244 0.00439318 0.00211252 0.0320304 0.000902961 3.08192e-05 0.0239598 3.81438e-09 0.0784644 0.10906 0.000232967 7.79112e-08 0.43539 2.16488e-08 1.90972e-08 0.0259505 0.000582514 0.171979 0.00253399 0.0408735 6.18255e-08 
0.00499685 2.73565e-08 0.161526 0.319582 0.102019 0.074345 0.00558849 3.15752e-05 0.036984 2.33557e-09 0.0154977 0.00160728 1.98253e-07 3.27168e-05 0.260096 3.93742e-07 3.03836e-09 0.000233564 0.00147576 0.00118765 9.18126e-07 0.0147523 4.2707e-05 
0.000168398 3.16431e-09 0.184242 0.00262115 5.83024e-05 0.0188993 0.0168587 0.000350677 0.000745562 5.36358e-12 0.0162104 0.000148207 3.65802e-10 9.51575e-05 0.686099 5.57821e-09 0.00146172 0.000918273 6.03097e-05 0.0644609 0.000375051 0.00622693 8.25201e-09 
0.000304143 0.00477999 0.0766761 0.00166323 0.0169542 0.0533996 6.32773e-05 1.48845e-08 0.0104967 3.75107e-11 0.00554658 1.10665e-06 1.20264e-07 0.663865 0.0197999 1.0076e-07 0.000320352 0.000672139 8.05026e-06 0.0061293 0.00364484 0.135665 9.71845e-06 
7.41883e-06 1.84903e-05 0.393408 0.0407933 0.00285794 0.0176208 0.0164236 8.96976e-06 0.00772084 1.96334e-06 0.027737 9.77081e-05 3.43587e-05 9.59729e-05 0.404476 0.000202139 0.000579036 0.0294138 0.0102447 0.000494088 0.0209848 0.0266852 9.38867e-05 
4.03413e-05 0.00011709 0.0827485 0.00155057 0.00118439 0.00239882 0.00625102 4.05876e-05 0.0177489 2.59788e-09 0.00417107 0.000114396 1.45641e-08 0.00141825 0.125043 5.33819e-06 1.42104e-05 0.000213612 0.00931198 0.737775 0.00399057 0.00584856 1.4587e-05 
4.35818e-05 0.0126606 0.0727559 0.0186953 0.00666697 0.0041791 0.00963293 2.4757e-05 0.0215886 1.70753e-05 0.00781812 0.00201544 0.0218906 0.0203972 0.126164 1.83814e-05 8.10324e-05 0.00407661 0.0317137 0.441942 0.0029082 0.194679 3.08494e-05 
0.00499685 2.73565e-08 0.161526 0.319582 0.102019 0.074345 0.00558849 3.15752e-05 0.036984 2.33557e-09 0.0154977 0.00160728 1.98253e-07 3.27168e-05 0.260096 3.93742e-07 3.03836e-09 0.000233564 0.00147576 0.00118765 9.18126e-07 0.0147523 4.2707e-05 
4.89743e-05 4.20824e-08 0.48334 0.00550044 0.00328705 0.0699194 0.00482338 0.0025326 0.00854482 6.14383e-10 0.0126079 4.87475e-05 6.84066e-05 4.76715e-05 0.335829 7.5748e-08 0.000422056 0.000263893 1.75233e-05 0.0494267 0.00260521 0.0206666 7.6458e-08 
2.27634e-06 3.61147e-05 0.683963 0.00409781 0.0074084 0.0161929 0.000233397 4.28007e-05 0.0141321 1.77313e-11 0.0450573 8.132e-06 2.56857e-07 0.00162347 0.140832 2.69078e-06 2.94046e-06 0.0011248 0.000770639 0.0364111 0.0128072 0.0348891 0.000361499 
4.35043e-06 0.0618914 0.0335502 0.00937428 0.0247782 0.0188545 0.00190048 1.34117e-05 0.00745889 2.03262e-08 0.0142277 1.41733e-06 0.000110565 0.201397 0.023287 3.25164e-05 0.409436 0.000426944 0.00021044 0.0115932 0.0091611 0.172284 6.49275e-06 
4.35043e-06 0.0618914 0.0335502 0.00937428 0.0247782 0.0188545 0.00190048 1.34117e-05 0.00745889 2.03262e-08 0.0142277 1.41733e-06 0.000110565 0.201397 0.023287 3.25164e-05 0.409436 0.000426944 0.00021044 0.0115932 0.0091611 0.172284 6.49275e-06 
0.000945875 7.51298e-05 0.00482663 0.0451048 0.00259893 0.281652 0.00329196 5.20899e-11 0.181303 3.15946e-11 0.0787606 0.000282587 2.00267e-05 0.0158539 0.241776 0.000348586 1.67199e-05 9.2056e-05 0.00035898 0.0385125 0.00382687 0.100353 2.56574e-07 
0.000938535 0.00216544 0.0722458 0.00279985 0.0102895 0.057527 0.00534667 8.50759e-06 0.26998 3.22717e-06 0.0468477 0.0143236 0.000375632 0.0037294 0.224214 1.74738e-05 0.000153017 0.00151066 0.00956226 0.0916794 0.00545109 0.180824 6.6743e-06 
0.000835558 5.43139e-06 0.582233 0.00875247 0.00129409 0.00515889 0.00582861 1.66988e-05 0.00524093 9.79054e-08 0.00189093 1.6443e-06 4.47565e-05 0.000943134 0.321109 9.79892e-06 4.52919e-05 0.00109831 0.002943 0.0434558 0.0063624 0.0127301 3.79624e-07 
3.65343e-07 0.000221081 0.0583838 0.194422 1.62455e-07 0.00165166 0.00289722 0.000564338 3.24351e-06 3.34227e-10 0.465574 0.000151263 3.56787e-10 0.000268968 0.0487986 5.87964e-07 0.1016 9.4769e-05 0.0245873 0.000315588 0.100352 0.000112577 2.06036e-07 
0.000710213 1.20671e-05 0.0441461 0.0114409 0.0379464 0.420777 0.00204876 0.0155013 0.000920843 4.41519e-10 0.0005717 1.44239e-07 8.6756e-05 0.00256293 0.337661 1.3341e-07 1.22053e-07 0.0288216 0.000564847 0.00564326 0.0559794 0.0346049 4.52529e-07 
0.000503942 0.000232769 0.0833654 0.00291087 0.0260038 0.00292601 0.00182656 0.000189847 0.39364 1.65599e-05 0.133801 0.000168123 1.82911e-05 0.00286717 0.13643 0.057271 8.7856e-05 0.00342644 0.0132482 0.0267204 0.0130394 0.0856486 0.0156579 
4.03413e-05 0.00011709 0.0827485 0.00155057 0.00118439 0.00239882 0.00625102 4.05876e-05 0.0177489 2.59788e-09 0.00417107 0.000114396 1.45641e-08 0.00141825 0.125043 5.33819e-06 1.42104e-05 0.000213612 0.00931198 0.737775 0.00399057 0.00584856 1.4587e-05 
0.000160917 0.00314119 0.229023 0.0378073 0.0300661 0.0971661 0.0199379 0.00286638 0.0580555 1.53659e-05 0.0352974 0.00103875 0.000232459 0.00675228 0.290583 0.00541728 0.00013358 0.00490206 0.0314236 0.0506548 0.0669614 0.0282049 0.000159448 
0.0134583 0.10684 0.0654909 0.0345427 0.0116704 0.0301824 0.00389986 2.85013e-05 0.0322634 4.35127e-08 0.169823 0.000872789 0.000607849 0.0114283 0.0897339 0.136316 0.000572453 0.0074973 0.000999935 0.230971 0.000412399 0.0523832 5.58537e-06 
0.000175311 5.81266e-05 0.132028 0.0272344 0.284003 0.0925231 0.00996889 2.52488e-05 0.00180973 1.15223e-10 0.0311003 8.34655e-05 1.55091e-06 0.00749651 0.299313 2.60248e-07 1.97488e-05 2.32056e-05 0.0101299 0.0223304 0.0203308 0.0613455 4.78544e-09 
1.26053e-05 0.000188234 0.00441537 0.0163741 0.00362931 0.0010441 0.0102177 3.119e-05 7.94612e-06 2.24335e-07 0.828912 0.00268295 2.39477e-07 0.000130787 0.0140273 2.02476e-05 0.0954965 0.00018728 0.0035115 0.000146044 0.0188987 6.15853e-05 4.20745e-06 
0.000313826 0.00027477 0.047449 0.1346 0.0185043 0.260308 0.00819988 0.000258623 0.0273759 1.41878e-05 0.0812124 0.00112566 0.000261083 0.0195071 0.127018 0.000159048 0.000109204 0.00537927 0.00066655 0.195871 0.0115192 0.0592476 0.000626222 
0.000140972 0.0531678 0.0384081 0.0159389 0.307435 0.163494 0.000512865 6.66074e-06 0.188504 5.41061e-06 0.011395 0.00052492 2.65115e-05 0.000669271 0.0781965 0.000167296 0.000106135 0.000553093 0.00806249 0.0246753 0.0480184 0.059955 3.55064e-05 
0.00181139 0.0117435 0.0827116 0.0904938 0.0167569 0.17174 0.00793454 0.000313106 0.00793582 3.40187e-05 0.0386513 0.0184788 0.0046147 0.00808543 0.112653 5.03011e-05 5.16003e-05 0.00428055 0.0170312 0.0127727 0.00907885 0.382031 0.000745954 
4.04722e-05 0.0240101 0.16877 0.0135716 0.0361384 0.0273365 0.000740902 2.9867e-05 0.0186708 4.19877e-06 0.0169853 0.00101691 0.00571573 0.386816 0.0335427 6.26015e-06 0.00032088 0.00221818 0.00113897 0.0928855 0.00239356 0.167594 5.29091e-05 
1.73887e-05 0.0420575 0.802409 0.000949727 0.00535775 0.0126021 0.0281544 0.000494891 0.00115667 9.35444e-09 0.0025183 3.97658e-05 0.000940994 0.000299032 0.0226911 9.14477e-07 1.55633e-08 0.0106397 9.51011e-05 0.0560552 0.00774657 0.00577404 1.31336e-08 
6.85291e-06 8.451e-06 0.0701028 0.338515 2.86951e-05 0.00458819 0.129443 2.76331e-05 8.25239e-05 6.2769e-11 0.256043 2.647e-05 5.05075e-07 0.00410311 0.125416 1.09043e-08 4.20491e-05 0.00121992 0.0116801 0.00256156 0.0533798 0.0027242 3.12039e-08 
1.30642e-05 2.36418e-05 0.540583 0.0162867 0.00337914 0.0160871 0.0166901 5.98567e-06 0.00702084 2.99683e-06 0.0489679 0.000116891 4.735e-05 0.000119758 0.306854 0.000296447 0.000787904 0.000241621 0.00339733 0.00122654 0.0141758 0.0235327 0.000143404 
1.80117e-08 2.87213e-07 2.3095e-08 0.0158764 0.000118482 0.00031014 0.00112942 6.53318e-06 1.47115e-05 8.70612e-12 0.000492986 9.77752e-12 9.29377e-12 3.72245e-08 0.00011794 1.01834e-09 1.15414e-08 1.63437e-08 0.973905 0.000869852 0.00713778 2.72057e-06 1.763e-05 
0.000109647 0.000200313 0.01791 0.478687 0.0507916 0.0277397 0.0237046 0.000495315 0.0989825 5.04552e-05 0.12299 0.00109258 0.000729693 0.00143323 0.0428861 0.00825222 0.000505716 0.00719406 0.000539754 0.00198285 0.0618207 0.0462411 0.00566076 
0.00177157 4.38728e-06 0.0826268 0.0369383 0.0179007 0.0983189 0.00356188 3.27782e-05 0.0270728 1.66979e-11 0.0231396 6.49006e-08 0.00013154 3.12429e-05 0.404429 6.37865e-06 3.04542e-08 0.00103781 0.000410669 0.00102114 0.227651 0.0739136 4.4924e-08 
0.00241495 0.000279644 0.0252693 0.819869 0.00206216 0.0154724 0.0252714 0.000377422 0.000259927 2.97193e-06 0.034465 4.32623e-05 1.20759e-05 6.76454e-05 0.0328106 3.24681e-06 0.00321212 0.000876481 0.0174178 1.31123e-05 0.0107621 0.00868037 0.000357369 
7.56548e-07 1.86028e-08 0.0935934 0.000347107 0.0247537 0.401404 2.35438e-06 1.41407e-09 0.00415896 8.57692e-10 7.16359e-05 1.59208e-06 6.53143e-08 1.12906e-07 0.357973 3.82335e-08 1.46184e-07 0.0404844 0.00976384 2.28944e-07 0.0351326 0.032308 4.12577e-06 
0.00258805 9.45372e-06 0.0787377 0.386416 0.00129827 0.0117602 0.157073 7.14167e-05 0.0148432 2.94913e-07 0.143304 0.0274011 3.92143e-06 0.00104301 0.0691058 1.60527e-06 0.0011067 5.55387e-07 0.0865953 0.00366031 0.000590173 0.0139768 0.000412699 
8.15702e-06 3.76104e-05 0.046074 0.00853757 0.201155 0.0950445 0.000641323 3.66828e-07 0.29313 1.08734e-07 0.00332222 8.72722e-05 0.000777117 0.000309048 0.039452 6.61379e-05 1.59666e-05 0.0924247 0.00784309 0.0416695 0.00537245 0.164025 6.52101e-06 
0.00138711 0.000245366 0.0146168 0.219771 0.00466978 0.0259597 0.00455955 0.00836017 0.00108852 5.11319e-07 0.370023 2.66591e-05 0.000220026 0.000367806 0.132891 2.4666e-05 0.00269164 0.0459558 0.0529363 0.00376945 0.0748582 0.0355762 1.0769e-06 
4.65231e-07 7.02897e-06 0.0254642 0.00172728 0.0338299 0.33942 1.41149e-05 4.3802e-07 0.035632 4.27653e-10 0.000194342 1.19877e-06 0.000189603 0.00719872 0.131342 4.63765e-05 5.09721e-07 0.0238489 1.89244e-05 0.011781 0.000451656 0.388547 0.000285115 
0.00023225 0.00360154 0.0808058 0.0306559 0.0196933 0.0825398 0.0256779 0.000145587 0.164084 2.79629e-05 0.00551129 0.00176672 8.42382e-05 0.00209562 0.419695 4.31973e-05 0.00322042 0.0050863 0.0331974 0.0118911 0.00910905 0.0898309 0.0110043 
0.000706481 0.000104779 0.156707 0.0878481 0.019052 0.174976 0.00937314 0.000178471 0.0297948 7.39416e-06 0.0108608 0.00255828 3.89188e-05 0.00406485 0.231627 9.31454e-06 0.000505352 0.00760969 0.00251019 0.00747319 0.0113909 0.241208 0.00139534 
1.4679e-05 0.0257026 0.0060614 0.00210904 0.0052571 0.0521862 7.26638e-07 4.12955e-10 0.000878264 2.50474e-10 0.0587973 6.96182e-08 0.00156193 0.00470481 0.0279999 4.04179e-06 0.000642122 0.00362346 5.11615e-05 4.80518e-06 3.59877e-07 0.810399 1.20181e-06 
0.000514229 0.421387 0.00373223 0.00346526 0.00149187 0.010443 0.00021664 1.31841e-05 0.000513217 3.55277e-08 0.473255 1.74355e-06 0.000468901 0.0471101 0.0175568 0.000337886 0.000273412 1.8783e-06 0.00514534 0.000662044 0.000167688 0.0132383 3.85853e-06 
1.08906e-06 1.81198e-06 0.0342813 0.439755 0.0110351 0.0074171 0.0173908 2.22743e-05 0.00650828 6.3684e-08 0.417109 0.000219707 0.000310314 0.000356788 0.0359815 5.68497e-05 8.28469e-08 1.01606e-05 0.000469693 1.84843e-05 0.027648 0.00140631 3.95013e-07 
