0.472202 3.97638e-05 0.0338382 0.0677394 0.173672 0.0636753 0.000616222 0.0164887 0.131049 0.0318675 0.00582715 0.00151554 0.00146938 
0.399072 0.00240349 4.71764e-07 0.152059 0.0788824 0.0419298 0.00110328 0.0107234 0.264376 0.0223924 0.0106251 0.0141758 0.00225766 
0.4864 7.87307e-08 0.000275836 0.338018 1.23082e-13 0.00107223 1.45161e-12 1.10764e-13 0.142557 0.0308767 3.71834e-09 0.000748251 5.10671e-05 
0.675874 0.0223414 3.53582e-07 0.0429791 0.00827895 0.00308815 0.000473895 0.0084988 0.166495 0.000266645 1.81506e-05 0.00058074 0.0711047 
0.399281 0.00427138 0.00065466 0.233878 0.0284221 0.00739242 0.00105046 1.7236e-07 0.262628 0.0525471 0.00218864 0.00208474 0.00560133 
0.675874 0.0223414 3.53582e-07 0.0429791 0.00827895 0.00308815 0.000473895 0.0084988 0.166495 0.000266645 1.81506e-05 0.00058074 0.0711047 
0.689283 5.43831e-05 2.26931e-06 0.132645 0.0101464 0.00168318 1.60883e-08 0.00251527 0.0666173 0.0961166 0.000515885 0.000340095 8.01801e-05 
0.347006 0.000352287 0.000229116 0.2227 0.0960331 0.0071661 4.38217e-06 0.0215685 0.255015 0.0447432 9.68795e-05 0.000104788 0.00498052 
0.48457 0.0343362 3.29796e-07 0.0494834 0.289581 0.0235392 0.000853613 0.0222559 0.0549098 0.0145975 0.0121683 0.00608176 0.0076227 
0.317233 0.00541332 2.54004e-05 0.12364 0.175878 0.0225225 0.000202931 0.0546224 0.0502772 0.215782 3.45402e-05 0.000969676 0.0333986 
0.439137 0.00215962 0.000135755 0.211985 0.00505835 0.0199681 1.5666e-06 0.0162457 0.266265 0.0250304 0.000284836 0.00961723 0.00411153 
0.329368 0.00109289 4.08006e-05 0.0851212 0.0744064 0.00468026 0.00159934 0.0542298 0.283799 0.0955304 0.000171343 0.033716 0.0362452 
0.689283 5.43831e-05 2.26931e-06 0.132645 0.0101464 0.00168318 1.60883e-08 0.00251527 0.0666173 0.0961166 0.000515885 0.000340095 8.01801e-05 
0.675183 0.00011005 5.71522e-06 0.0114218 0.0358567 3.31314e-05 1.5941e-06 0.019288 0.168019 0.0821592 1.08843e-05 0.00701995 0.000891341 
0.909484 0.00197996 2.70579e-08 0.00131973 0.00471533 0.000142615 0.00032403 0.00768494 0.0582111 0.000357326 0.0001689 3.65031e-06 0.0156082 
0.675874 0.0223414 3.53582e-07 0.0429791 0.00827895 0.00308815 0.000473895 0.0084988 0.166495 0.000266645 1.81506e-05 0.00058074 0.0711047 
0.675874 0.0223414 3.53582e-07 0.0429791 0.00827895 0.00308815 0.000473895 0.0084988 0.166495 0.000266645 1.81506e-05 0.00058074 0.0711047 
0.500548 0.00163669 0.000117463 0.0769744 0.109581 0.0158832 0.000445026 0.00742906 0.269048 0.0178039 5.0323e-05 0.00043281 4.97227e-05 
0.964519 0.000315464 4.95972e-06 1.19819e-07 0.00136824 5.46495e-07 6.84584e-05 0.00359534 0.000357713 0.0296965 4.88404e-07 4.21215e-05 3.12373e-05 
0.675874 0.0223414 3.53582e-07 0.0429791 0.00827895 0.00308815 0.000473895 0.0084988 0.166495 0.000266645 1.81506e-05 0.00058074 0.0711047 
0.650677 0.000129054 1.2269e-05 0.0706577 0.0661574 1.43904e-05 1.44572e-06 7.99375e-06 0.198844 0.0134953 4.06477e-09 7.1991e-09 3.39579e-06 
0.287406 0.00251134 0.00371472 0.181684 0.067731 0.0133705 0.000720041 0.123753 0.107704 0.196414 0.002048 0.00426758 0.00867547 
0.675874 0.0223414 3.53582e-07 0.0429791 0.00827895 0.00308815 0.000473895 0.0084988 0.166495 0.000266645 1.81506e-05 0.00058074 0.0711047 
0.60649 0.00524047 0.000877898 0.122485 0.123033 0.0347954 8.11358e-05 0.0127275 0.0837546 0.0065712 0.000129746 0.000948925 0.00286536 
0.698069 0.00201198 0.00208115 0.0367427 0.091802 0.0257072 0.00132005 0.0698101 0.0314447 0.0401698 3.25701e-05 7.80211e-05 0.000730666 
0.675874 0.0223414 3.53582e-07 0.0429791 0.00827895 0.00308815 0.000473895 0.0084988 0.166495 0.000266645 1.81506e-05 0.00058074 0.0711047 
0.266144 0.0213248 0.000134531 0.181319 0.0857446 0.00440657 4.69451e-05 0.0499972 0.235973 0.115222 0.00633407 0.00162914 0.0317244 
0.280082 0.0347127 0.000255636 0.104208 0.12481 0.0348437 0.00703621 0.0171372 0.261795 0.018567 7.29285e-06 0.00621859 0.110328 
0.447907 0.000669226 6.78752e-05 0.0346138 0.102497 0.00191311 0.00354946 0.0895319 0.269739 0.0444265 8.32568e-05 0.000866979 0.00413479 
0.675874 0.0223414 3.53582e-07 0.0429791 0.00827895 0.00308815 0.000473895 0.0084988 0.166495 0.000266645 1.81506e-05 0.00058074 0.0711047 
0.323472 0.000195827 6.01596e-05 0.307215 0.0607444 0.00032058 9.30346e-06 0.0236198 0.226402 0.0575903 4.12011e-06 3.29958e-05 0.000333878 
0.759805 3.39251e-05 4.56853e-05 0.0530428 0.0184588 0.00435844 9.71535e-07 0.0922527 0.0466144 0.0246563 2.08472e-05 2.69401e-05 0.000683409 
0.337829 0.00114428 7.14344e-06 0.210178 0.328206 0.0331434 0.00215733 0.0111708 0.0667778 0.00743343 0.00141113 0.00015046 0.000391251 
0.521224 0.0422947 6.41821e-06 0.00909108 0.036462 0.00105655 3.56623e-07 0.00597667 0.23106 0.122779 0.00021416 0.0249772 0.00485806 
0.637184 0.00056226 2.91864e-06 0.105626 0.012845 0.00940534 6.56305e-05 0.0116957 0.186568 0.00567657 3.80174e-05 0.000316028 0.0300141 
0.351088 0.0880765 2.7389e-07 0.0314767 0.223388 1.55763e-05 9.84908e-05 0.020779 0.00864956 0.276372 1.24182e-05 8.472e-06 3.50003e-05 
0.448042 0.000290342 9.51191e-10 0.0719556 0.361569 0.000166713 1.48407e-06 0.0115303 0.0399401 0.062023 0.000260805 0.000169443 0.00405139 
0.780677 0.000245629 1.69026e-07 0.0373014 0.0134915 0.00227345 9.52656e-06 0.0220272 0.118544 0.00212915 1.47842e-05 0.000134163 0.023152 
0.324107 0.00124163 6.03798e-06 0.143159 0.0629189 0.0043945 3.17961e-06 0.0614643 0.278293 0.0302094 4.74346e-05 0.0745485 0.0196081 
0.675874 0.0223414 3.53582e-07 0.0429791 0.00827895 0.00308815 0.000473895 0.0084988 0.166495 0.000266645 1.81506e-05 0.00058074 0.0711047 
0.477685 0.000142024 0.000217237 0.304763 0.00407118 0.000439966 5.15053e-05 0.00530115 0.103617 0.0546373 0.000129769 0.0399441 0.00900026 
0.675874 0.0223414 3.53582e-07 0.0429791 0.00827895 0.00308815 0.000473895 0.0084988 0.166495 0.000266645 1.81506e-05 0.00058074 0.0711047 
0.640449 2.24926e-05 0.0016835 0.200027 0.0409482 0.000268114 0.000203262 0.00363401 0.0498081 0.0613852 0.000482065 0.00089058 0.000198707 
0.675874 0.0223414 3.53582e-07 0.0429791 0.00827895 0.00308815 0.000473895 0.0084988 0.166495 0.000266645 1.81506e-05 0.00058074 0.0711047 
0.675874 0.0223414 3.53582e-07 0.0429791 0.00827895 0.00308815 0.000473895 0.0084988 0.166495 0.000266645 1.81506e-05 0.00058074 0.0711047 
0.347922 0.000173335 2.08205e-07 0.183482 0.103729 1.08348e-05 8.26619e-05 0.0112968 0.32664 0.000623156 4.32958e-08 6.04788e-06 0.0260349 
0.675874 0.0223414 3.53582e-07 0.0429791 0.00827895 0.00308815 0.000473895 0.0084988 0.166495 0.000266645 1.81506e-05 0.00058074 0.0711047 
0.363643 0.00609566 1.98421e-08 0.287595 0.0270382 0.000673584 1.84394e-07 0.0036188 0.188876 0.12222 4.91806e-05 7.17195e-05 0.000120274 
0.612968 0.000388063 3.97761e-06 0.0216683 0.0425002 0.00697324 0.0038919 0.171404 0.134793 0.0045509 7.07257e-05 0.000459362 0.000328062 
0.557838 0.00210907 2.59898e-07 0.0826312 0.0776303 2.54122e-05 1.62033e-05 0.0230399 0.254543 0.000623531 1.56118e-05 0.000174956 0.00135247 
0.596183 0.00143309 0.00045601 0.110874 0.137121 0.00827666 0.00130018 0.0303903 0.0689278 0.0300436 0.0013699 0.00138186 0.0122431 
0.675874 0.0223414 3.53582e-07 0.0429791 0.00827895 0.00308815 0.000473895 0.0084988 0.166495 0.000266645 1.81506e-05 0.00058074 0.0711047 
0.771774 1.06421e-06 0.0473177 0.0386469 0.076876 0.0015383 1.04455e-08 0.00571048 0.0451226 0.0112939 0.00138223 5.17965e-06 0.000331358 
0.336052 0.000215359 6.75744e-07 0.0486341 0.132862 0.00605293 7.12933e-05 0.0972221 0.267343 0.0987293 0.000357367 0.00679186 0.00566804 
0.675874 0.0223414 3.53582e-07 0.0429791 0.00827895 0.00308815 0.000473895 0.0084988 0.166495 0.000266645 1.81506e-05 0.00058074 0.0711047 
0.289168 0.0209935 0.00107802 0.0319357 0.235423 0.000564819 0.154579 0.0654258 0.0402662 0.160315 2.72474e-05 0.000165432 5.93406e-05 
0.675874 0.0223414 3.53582e-07 0.0429791 0.00827895 0.00308815 0.000473895 0.0084988 0.166495 0.000266645 1.81506e-05 0.00058074 0.0711047 
0.746338 0.00046793 4.9954e-08 0.00727492 0.134109 0.000545214 1.68922e-06 0.0514982 0.0480139 0.0113429 1.41962e-06 3.15025e-05 0.000375221 
0.675874 0.0223414 3.53582e-07 0.0429791 0.00827895 0.00308815 0.000473895 0.0084988 0.166495 0.000266645 1.81506e-05 0.00058074 0.0711047 
0.659693 0.000199889 9.80548e-07 0.152263 0.115234 0.00195507 2.87982e-07 0.00691311 0.0360654 0.0271575 5.29606e-07 0.000419392 9.81659e-05 
0.675874 0.0223414 3.53582e-07 0.0429791 0.00827895 0.00308815 0.000473895 0.0084988 0.166495 0.000266645 1.81506e-05 0.00058074 0.0711047 
0.675874 0.0223414 3.53582e-07 0.0429791 0.00827895 0.00308815 0.000473895 0.0084988 0.166495 0.000266645 1.81506e-05 0.00058074 0.0711047 
0.675874 0.0223414 3.53582e-07 0.0429791 0.00827895 0.00308815 0.000473895 0.0084988 0.166495 0.000266645 1.81506e-05 0.00058074 0.0711047 
0.675874 0.0223414 3.53582e-07 0.0429791 0.00827895 0.00308815 0.000473895 0.0084988 0.166495 0.000266645 1.81506e-05 0.00058074 0.0711047 
0.398132 0.000857796 0.0300521 0.0758997 0.140053 0.00797238 0.000381187 0.127873 0.11615 0.0943691 0.00306749 0.00113551 0.00405666 
0.733702 0.00110946 0.00125773 0.00298128 0.000187762 0.0213433 1.96999e-06 0.000121408 0.000460499 0.238661 5.13057e-05 8.7223e-05 3.47297e-05 
0.33958 0.000163229 0.0668994 0.10048 0.0238857 0.0070461 1.7482e-07 0.166578 0.0923446 0.0862273 0.0634218 0.00513363 0.0482404 
0.675874 0.0223414 3.53582e-07 0.0429791 0.00827895 0.00308815 0.000473895 0.0084988 0.166495 0.000266645 1.81506e-05 0.00058074 0.0711047 
0.308277 0.00481429 9.81459e-07 0.2124 0.236515 0.0121408 0.00127861 0.0243454 0.151489 0.0452893 0.00237101 0.000217575 0.000861101 
0.675874 0.0223414 3.53582e-07 0.0429791 0.00827895 0.00308815 0.000473895 0.0084988 0.166495 0.000266645 1.81506e-05 0.00058074 0.0711047 
0.553123 0.0057001 2.0557e-06 0.00518311 0.258095 0.0212877 3.90339e-05 0.0348377 0.10383 0.0126921 0.000364537 0.000755923 0.00408947 
0.675874 0.0223414 3.53582e-07 0.0429791 0.00827895 0.00308815 0.000473895 0.0084988 0.166495 0.000266645 1.81506e-05 0.00058074 0.0711047 
0.655536 7.59962e-05 1.21175e-06 0.0434255 0.000981761 0.00643189 5.54119e-05 0.0173025 0.265581 0.00262788 9.17165e-06 4.85514e-05 0.00792336 
0.342164 0.00245238 0.00152539 0.0548289 0.078578 0.000701084 2.13472e-06 0.0281982 0.29179 0.189756 5.00729e-05 0.000485665 0.00946829 
0.439287 0.00133867 4.28966e-06 0.0899685 0.192314 0.00954195 2.28506e-05 0.0535727 0.1062 0.0923025 0.0120084 0.000823994 0.00261522 
0.681087 0.00076089 9.18966e-07 0.0908479 0.123824 0.00571662 0.000436043 0.0103148 0.0652195 0.00044709 2.09036e-06 0.000179269 0.0211636 
0.675874 0.0223414 3.53582e-07 0.0429791 0.00827895 0.00308815 0.000473895 0.0084988 0.166495 0.000266645 1.81506e-05 0.00058074 0.0711047 
0.780813 5.32708e-06 0.00587916 0.0825851 0.0506111 0.00157875 3.2452e-05 0.0161011 0.0278971 0.0321533 9.24263e-05 0.00162471 0.000626547 
0.760247 0.00529679 4.16308e-09 0.00851836 0.141182 0.000331864 0.000819192 0.0561946 0.0158135 0.000881809 3.20575e-05 0.00063995 0.010043 
0.447325 0.000178669 3.00891e-05 0.191333 0.020502 0.000148848 8.20397e-06 0.0183769 0.168759 0.153308 7.40441e-08 6.13876e-06 2.48229e-05 
0.270509 0.00521415 6.70783e-06 0.113523 0.0903304 0.00725981 2.7702e-07 0.263062 0.135677 0.0455481 2.20043e-05 0.00123774 0.0676103 
0.791458 0.000607359 1.25353e-05 0.0148306 0.0982962 0.000689455 7.99402e-06 0.0211573 0.0461891 0.0223353 5.19482e-05 0.0038507 0.000513941 
0.327404 0.000217407 3.43875e-06 0.0238517 0.180832 0.00276824 1.3848e-08 0.150689 0.0224977 0.290204 8.61645e-06 2.84798e-06 0.00151983 
0.407056 0.0122692 5.05954e-07 0.0656839 0.0882111 0.000409975 0.00607852 0.309645 0.0776381 0.00270687 4.54141e-06 0.000989848 0.0293061 
0.675874 0.0223414 3.53582e-07 0.0429791 0.00827895 0.00308815 0.000473895 0.0084988 0.166495 0.000266645 1.81506e-05 0.00058074 0.0711047 
0.540298 0.000905232 4.16156e-05 0.0591749 0.213986 0.00516062 5.14357e-05 0.0904531 0.0771165 0.00527173 0.00017384 0.00227771 0.00508859 
0.202161 0.183056 4.81519e-06 0.16251 0.1813 0.0119759 1.86662e-05 0.122198 0.0416702 0.0538608 0.000118117 0.00123297 0.0398933 
0.546501 4.95509e-05 2.47595e-07 0.183656 0.172423 0.000164033 3.83882e-06 0.000129801 0.0257789 0.0314287 9.19624e-06 0.00444411 0.0354128 
0.956155 6.18447e-05 3.11149e-10 0.010508 0.00211244 1.34559e-10 1.16661e-06 0.000374989 0.0292028 0.000104855 1.20256e-10 1.28388e-05 0.00146605 
0.266147 0.00408936 0.00012232 0.241973 0.0632645 0.0829197 0.00137412 0.00964582 0.188348 0.126775 8.47679e-05 0.0144476 0.00080872 
0.675874 0.0223414 3.53582e-07 0.0429791 0.00827895 0.00308815 0.000473895 0.0084988 0.166495 0.000266645 1.81506e-05 0.00058074 0.0711047 
0.711796 0.00262014 2.55575e-12 0.121643 0.0165223 0.000229752 8.32868e-08 0.00154186 0.134675 0.0019797 1.40377e-05 0.000668817 0.00830944 
0.689283 5.43831e-05 2.26931e-06 0.132645 0.0101464 0.00168318 1.60883e-08 0.00251527 0.0666173 0.0961166 0.000515885 0.000340095 8.01801e-05 
0.675874 0.0223414 3.53582e-07 0.0429791 0.00827895 0.00308815 0.000473895 0.0084988 0.166495 0.000266645 1.81506e-05 0.00058074 0.0711047 
0.796918 0.000489192 0.000448044 0.0319005 0.0354905 0.000152597 7.10571e-06 0.03344 0.0148658 0.0262224 0.000526882 0.0549053 0.00463369 
0.675874 0.0223414 3.53582e-07 0.0429791 0.00827895 0.00308815 0.000473895 0.0084988 0.166495 0.000266645 1.81506e-05 0.00058074 0.0711047 
0.675874 0.0223414 3.53582e-07 0.0429791 0.00827895 0.00308815 0.000473895 0.0084988 0.166495 0.000266645 1.81506e-05 0.00058074 0.0711047 
0.825585 0.000250285 3.02915e-08 0.0414507 0.0777468 0.000443565 0.000324588 0.00584464 0.0470062 0.00106129 2.15542e-06 6.30983e-06 0.000278042 
0.675874 0.0223414 3.53582e-07 0.0429791 0.00827895 0.00308815 0.000473895 0.0084988 0.166495 0.000266645 1.81506e-05 0.00058074 0.0711047 
0.530217 0.041942 3.7003e-07 0.186415 0.0499172 0.0131248 3.30459e-07 0.0111055 0.142815 0.00442802 5.24047e-05 0.00279602 0.0171862 
0.30389 0.00121959 3.64364e-06 0.122626 0.228269 0.000495192 0.0011363 0.0471689 0.11821 0.139511 2.11095e-05 0.000392105 0.037057 
0.625165 0.000595534 8.72425e-05 0.0489402 0.164616 0.00128002 0.00262418 0.0349097 0.115455 0.00142543 3.06428e-05 0.000209336 0.0046624 
0.961041 2.54564e-07 7.4389e-06 0.00811161 0.00015292 1.8596e-06 5.91539e-10 0.000124852 0.0302761 1.66867e-06 1.67548e-05 0.000264784 7.50375e-07 
0.497102 4.91007e-05 3.23952e-08 0.209067 0.246209 0.00320714 7.69579e-06 0.000720624 0.042649 0.000936812 3.44074e-05 2.45973e-06 1.50811e-05 
0.675874 0.0223414 3.53582e-07 0.0429791 0.00827895 0.00308815 0.000473895 0.0084988 0.166495 0.000266645 1.81506e-05 0.00058074 0.0711047 
0.462393 0.00171142 0.00807711 0.0864451 0.107173 0.00750735 1.19558e-05 0.0593567 0.224544 0.0410595 0.000205769 0.00110797 0.000407537 
0.675874 0.0223414 3.53582e-07 0.0429791 0.00827895 0.00308815 0.000473895 0.0084988 0.166495 0.000266645 1.81506e-05 0.00058074 0.0711047 
0.857371 5.84759e-05 0.00517492 0.0262254 0.0202295 0.000377981 1.46582e-05 0.0216977 0.0509539 0.0166555 2.01055e-05 2.50141e-05 0.00119615 
0.673327 0.00133905 4.5158e-08 0.0398005 0.00764652 0.000732554 0.000230295 0.00155069 0.228651 0.000114708 9.27652e-06 0.000122286 0.0464761 
0.693784 0.000731651 0.0335743 0.038212 0.100381 0.00608001 0.00181365 0.0200546 0.07568 0.0247297 7.95661e-05 0.000185081 0.00469446 
0.675874 0.0223414 3.53582e-07 0.0429791 0.00827895 0.00308815 0.000473895 0.0084988 0.166495 0.000266645 1.81506e-05 0.00058074 0.0711047 
0.675874 0.0223414 3.53582e-07 0.0429791 0.00827895 0.00308815 0.000473895 0.0084988 0.166495 0.000266645 1.81506e-05 0.00058074 0.0711047 
0.406895 0.00171462 0.00075281 0.0177926 0.137274 0.00316872 0.00344823 0.180027 0.186337 0.0555495 0.000252418 0.00484873 0.00194045 
0.345016 0.00503869 2.65401e-05 0.0565297 0.31345 0.0710068 0.00356251 0.0683402 0.119939 0.00654419 0.00277436 0.00528213 0.00249052 
0.429841 0.0270007 9.67347e-09 0.0993012 0.0967451 0.0396378 0.000120545 0.00220305 0.280804 0.00258459 6.61473e-06 0.00369408 0.0180605 
0.675874 0.0223414 3.53582e-07 0.0429791 0.00827895 0.00308815 0.000473895 0.0084988 0.166495 0.000266645 1.81506e-05 0.00058074 0.0711047 
0.279416 0.000485171 0.000221676 0.184747 0.262101 0.00352417 2.17028e-09 0.0322214 0.031563 0.193082 5.6149e-05 0.00515225 0.00742967 
0.4982 0.00100882 0.00193562 0.219232 0.0393074 0.0160968 0.00095799 0.0461523 0.139 0.0316603 1.78165e-05 0.00211938 0.00431166 
0.461531 0.00026258 7.38212e-08 0.112709 0.349045 0.000890366 7.0546e-06 4.56049e-06 0.0647786 0.000645651 0.0100957 7.85806e-06 2.23311e-05 
0.675874 0.0223414 3.53582e-07 0.0429791 0.00827895 0.00308815 0.000473895 0.0084988 0.166495 0.000266645 1.81506e-05 0.00058074 0.0711047 
0.405478 0.000217945 1.24529e-06 0.297547 0.166225 0.00400447 0.000747021 0.023585 0.0374653 0.00808775 1.78555e-05 0.00232659 0.054297 
0.646521 1.1213e-05 2.03093e-08 0.259263 0.00274087 0.0160159 1.16788e-07 0.0404879 0.0320217 0.00288459 1.44207e-11 2.55404e-11 5.41485e-05 
0.416042 5.05026e-05 0.00814106 0.139768 0.0462209 0.0482099 9.05346e-08 0.0930426 0.0581341 0.183047 0.00132549 8.37198e-05 0.00593432 
0.507684 0.00113173 5.17219e-05 0.196892 0.123662 0.00448384 3.8473e-05 0.091164 0.0629788 0.00573666 1.13093e-05 0.00391165 0.00225398 
0.334461 0.000600926 8.78109e-05 0.162593 1.26096e-06 0.00705616 2.99596e-09 0.0337854 0.180822 0.2614 1.53958e-05 0.00239044 0.0167867 
0.751185 0.0600073 1.65019e-06 0.00198311 0.0223325 0.000140847 1.27367e-06 0.0375621 0.12496 0.00100104 3.27413e-05 0.000781343 1.16492e-05 
0.521591 0.0101814 2.72238e-05 0.0812603 0.125049 0.155265 0.00160041 0.0248145 0.0714619 0.00758832 7.2419e-05 0.000207007 0.000881415 
0.316619 1.20967e-07 1.1455e-07 0.0331693 0.00012538 7.85896e-05 0.203195 0.012757 0.206651 0.227375 4.42723e-08 2.93292e-05 2.55314e-08 
0.763159 0.000857273 1.57073e-05 0.0499156 0.101369 0.00105544 0.00225615 0.0151379 0.0392963 0.0168925 0.000684778 0.000232894 0.00912731 
0.675874 0.0223414 3.53582e-07 0.0429791 0.00827895 0.00308815 0.000473895 0.0084988 0.166495 0.000266645 1.81506e-05 0.00058074 0.0711047 
0.296848 0.00115614 0.00318691 0.282417 0.0752746 0.0498088 0.0547509 0.0462588 0.163007 0.0248092 5.45004e-05 0.000655769 0.00177265 
0.371226 0.00127926 2.10788e-09 0.0121279 0.0115897 0.000239411 0.000971045 0.28142 0.0111356 0.00212138 4.7698e-06 0.00865747 0.299227 
0.610258 1.9786e-08 6.88461e-06 0.0403805 0.0282802 7.0426e-05 3.77482e-06 0.00912623 0.255055 0.0567674 7.24139e-09 6.68034e-06 4.46538e-05 
0.671646 0.000165805 1.04094e-06 0.00398797 0.106061 7.65577e-05 0.000197784 0.000177187 0.217202 0.000112761 7.04e-06 3.40286e-05 0.000330857 
0.735581 0.000693486 0.000181172 0.0688647 0.0967777 0.00538359 4.07965e-05 0.00852667 0.00894774 0.0578263 0.000780986 0.000328536 0.0160668 
0.680778 0.0124767 1.98108e-05 0.0341706 0.114235 0.00399991 7.55929e-05 0.0485478 0.0599418 0.0295044 0.00186024 0.000739558 0.0136502 
0.675874 0.0223414 3.53582e-07 0.0429791 0.00827895 0.00308815 0.000473895 0.0084988 0.166495 0.000266645 1.81506e-05 0.00058074 0.0711047 
0.675874 0.0223414 3.53582e-07 0.0429791 0.00827895 0.00308815 0.000473895 0.0084988 0.166495 0.000266645 1.81506e-05 0.00058074 0.0711047 
0.654716 5.69605e-06 4.94186e-06 0.0855653 2.96656e-06 0.000198502 4.35261e-07 0.000143956 3.6007e-05 0.259258 4.10012e-07 1.18606e-06 6.6233e-05 
0.675874 0.0223414 3.53582e-07 0.0429791 0.00827895 0.00308815 0.000473895 0.0084988 0.166495 0.000266645 1.81506e-05 0.00058074 0.0711047 
0.675874 0.0223414 3.53582e-07 0.0429791 0.00827895 0.00308815 0.000473895 0.0084988 0.166495 0.000266645 1.81506e-05 0.00058074 0.0711047 
0.374146 0.00270578 1.01577e-05 0.173643 0.0466122 0.026737 0.00703628 0.0444811 0.273966 0.0175403 0.00623946 0.00440362 0.0224796 
0.675874 0.0223414 3.53582e-07 0.0429791 0.00827895 0.00308815 0.000473895 0.0084988 0.166495 0.000266645 1.81506e-05 0.00058074 0.0711047 
0.519039 0.000904048 8.22223e-08 0.00865696 0.0456243 0.165248 0.000135734 0.00340767 0.00393387 0.248736 0.00415855 3.10819e-05 0.000123923 
0.407625 0.0105755 0.0170584 7.89779e-10 0.137852 9.35452e-06 0.00836 0.0641353 0.347338 0.00652265 8.74538e-05 0.000436363 9.67469e-07 
0.606438 0.00168373 2.24859e-07 0.0464527 0.164425 0.0216761 0.000707615 0.00430321 0.150581 0.00250871 7.0596e-06 0.000430941 0.000786344 
0.781406 0.00190089 0.00719384 0.0160082 0.0387563 0.00213899 0.00262379 0.0394862 0.0586675 0.0411071 0.000202015 0.00334963 0.00715924 
0.965085 1.05723e-05 8.79374e-09 0.00391728 0.00117421 0.000690482 2.18196e-06 0.0242363 0.00226425 0.00261779 3.39869e-09 6.01941e-09 1.97594e-06 
0.675874 0.0223414 3.53582e-07 0.0429791 0.00827895 0.00308815 0.000473895 0.0084988 0.166495 0.000266645 1.81506e-05 0.00058074 0.0711047 
0.420125 0.00515097 6.051e-07 0.0573424 0.0342594 0.0012113 4.78502e-10 0.0254923 0.158556 0.297861 4.57702e-08 3.86412e-07 1.69684e-07 
0.301144 0.00461297 8.35263e-05 0.158152 0.170051 0.0301754 0.00232624 0.0950032 0.0585784 0.176244 0.00232398 0.000715416 0.000589936 
0.313273 0.00390333 0.0530481 0.230341 0.0347702 0.0100127 4.19686e-05 0.00822092 0.311253 0.0288035 4.45463e-05 8.13305e-05 0.00620631 
0.787438 0.000149329 8.33255e-07 0.0129187 0.0651378 2.79936e-05 4.43952e-09 0.022069 0.0980294 0.0141108 5.44396e-05 1.63343e-06 6.18264e-05 
0.675874 0.0223414 3.53582e-07 0.0429791 0.00827895 0.00308815 0.000473895 0.0084988 0.166495 0.000266645 1.81506e-05 0.00058074 0.0711047 
0.324999 8.54901e-05 4.03005e-07 0.0678647 0.133019 0.0211479 1.7537e-05 0.135176 0.10057 0.212798 6.9778e-05 0.00325738 0.000995366 
0.701094 0.000351553 6.06482e-06 0.0365225 0.120639 0.000462326 0.00274845 0.0104939 0.0811512 0.00030301 0.000717674 0.000109677 0.0454007 
0.675874 0.0223414 3.53582e-07 0.0429791 0.00827895 0.00308815 0.000473895 0.0084988 0.166495 0.000266645 1.81506e-05 0.00058074 0.0711047 
0.353004 0.00335607 2.7718e-06 0.200308 0.227432 0.00099055 6.39102e-07 0.0249903 0.0511752 0.0583638 0.000168203 0.00221894 0.0779906 
0.287073 0.00789308 0.000965025 0.118015 0.115379 0.141968 0.000807655 0.0673566 0.233002 0.0119863 0.000246135 0.00149259 0.0138154 
0.427023 1.76328e-05 1.01475e-06 0.186669 0.0763645 0.000785548 0.000127053 0.0504108 0.240818 0.00524169 2.5274e-06 1.4145e-05 0.0125249 
0.591476 0.000191958 1.1243e-07 0.0596339 0.0178975 0.00156584 7.41186e-06 0.0283612 0.280214 0.00358969 9.6873e-06 0.000145863 0.0169067 
0.545856 0.000720502 1.81018e-05 0.163477 0.0632827 0.00377339 0.00136886 0.0204587 0.148809 0.0119447 0.000889724 0.00174894 0.0376525 
0.358701 0.00347611 0.0309646 0.162283 0.0988557 0.045239 0.000957476 0.0179494 0.19465 0.0404142 0.027605 0.00384125 0.0150636 
0.455432 0.000936512 0.00312261 0.153605 0.205952 0.0361485 9.96907e-06 0.0536723 0.0665386 0.0215866 0.000203994 0.00193237 0.000859017 
0.432958 0.000746065 0.00422094 0.135919 0.0703833 0.00792468 7.60468e-05 0.0179246 0.292875 0.032184 0.000202622 0.000604825 0.0039813 
0.347006 0.000352287 0.000229116 0.2227 0.0960331 0.0071661 4.38217e-06 0.0215685 0.255015 0.0447432 9.68795e-05 0.000104788 0.00498052 
0.823735 4.0109e-05 1.57266e-07 0.0844344 0.00154064 0.0015313 2.18327e-07 1.66593e-08 0.0199786 0.0643543 6.07816e-08 6.60119e-05 0.00431944 
0.484583 0.00140083 4.30495e-06 0.0345278 0.0998741 0.00722136 0.00723951 0.0333775 0.318614 0.00424746 8.11182e-05 0.00445909 0.0043695 
0.5924 0.000838374 4.29326e-06 0.171213 0.0935698 0.00451844 0.000316946 0.0295803 0.0618345 0.0174515 7.80813e-05 0.0150005 0.013194 
0.683412 0.000780737 1.42018e-07 0.00881343 0.14372 9.45048e-05 0.00021775 0.0206604 0.140934 0.000677424 0.000280437 0.000409668 3.20792e-08 
0.41762 0.00565605 2.99271e-06 0.18016 0.0820834 0.00897766 7.89982e-07 0.00179733 0.280486 0.0224206 0.000601487 8.89402e-05 0.00010484 
0.676685 0.00343248 0.0108445 0.0615925 0.123098 0.0125664 2.78565e-05 0.0323028 0.0660103 0.00443762 0.00105965 0.00461283 0.00332972 
0.675874 0.0223414 3.53582e-07 0.0429791 0.00827895 0.00308815 0.000473895 0.0084988 0.166495 0.000266645 1.81506e-05 0.00058074 0.0711047 
0.3561 0.000203079 0.0568835 0.117534 0.0219572 0.0132529 3.42459e-06 0.144509 0.112428 0.0765953 0.0546964 0.00457104 0.0412663 
0.93416 0.000354145 7.30161e-07 0.000587073 0.0193304 0.000104188 1.57036e-08 6.17396e-07 0.0393618 0.00599882 5.83178e-07 0.000101016 8.79574e-07 
0.762886 0.000172098 3.66163e-06 0.00364153 0.0179811 0.000846754 0.00101963 0.0251153 0.00773171 0.18031 0.000123463 2.20891e-05 0.000146887 
0.380128 0.00109619 9.54183e-05 0.102762 0.165834 0.0445258 0.119737 0.0448713 0.0576379 0.0824958 0.000292608 0.000290924 0.000233261 
0.347006 0.000352287 0.000229116 0.2227 0.0960331 0.0071661 4.38217e-06 0.0215685 0.255015 0.0447432 9.68795e-05 0.000104788 0.00498052 
0.675874 0.0223414 3.53582e-07 0.0429791 0.00827895 0.00308815 0.000473895 0.0084988 0.166495 0.000266645 1.81506e-05 0.00058074 0.0711047 
0.341149 0.000594066 0.00140097 0.31953 0.0171676 0.0114351 0.0036586 0.0241007 0.22239 0.0446452 0.00203165 0.00348991 0.00840753 
0.309953 0.0157118 0.0331108 0.00682866 0.0553218 0.0246201 0.000311594 0.235106 0.139044 0.087338 0.0483176 0.00225428 0.0420831 
0.966243 2.38878e-10 0.000872295 1.40702e-06 3.27538e-07 3.22919e-07 3.14035e-10 1.48328e-06 1.83525e-07 0.0328812 8.74262e-11 1.5484e-10 1.6643e-07 
0.344258 0.000337176 0.000140374 0.109905 0.0439142 0.0317966 0.000549789 0.00380623 0.212805 0.240452 0.00203645 0.000243759 0.00975534 
0.344583 0.00291642 1.19137e-06 0.0365205 0.0145626 0.0225315 5.95317e-05 0.140367 0.135951 0.30135 0.000107938 0.000776457 0.000272964 
0.675874 0.0223414 3.53582e-07 0.0429791 0.00827895 0.00308815 0.000473895 0.0084988 0.166495 0.000266645 1.81506e-05 0.00058074 0.0711047 
0.305087 2.72193e-05 2.72204e-05 0.215229 0.220674 2.72331e-05 0.0245178 2.72404e-05 0.0354401 0.198862 2.72342e-05 2.72275e-05 2.72378e-05 
0.815719 3.76211e-05 2.0012e-06 0.028846 0.0613696 0.00115563 0.000704855 0.00803961 0.0773959 0.00197571 0.000288426 5.23097e-05 0.00441301 
0.423156 0.000240486 0.0469078 0.136775 0.0119044 0.0140893 1.05498e-05 0.0756249 0.0985477 0.0664811 0.0666448 0.00735296 0.0522652 
0.661293 1.27351e-07 1.20595e-07 0.000134938 0.000550795 0.000245168 0.00038523 0.00111781 0.335528 0.000576857 0.000167838 8.25486e-08 2.68788e-08 
0.853237 0.000726353 2.21204e-05 0.0310872 0.0559712 0.00646526 0.00105366 0.0151459 0.0128106 0.0211832 0.000427018 0.000188426 0.00168199 
0.286194 0.0447283 0.000188286 0.136301 0.245931 0.0319009 1.58242e-05 0.0201828 0.0377138 0.161355 0.0004983 0.0159121 0.0190784 
0.822594 0.00407948 1.88797e-06 0.0149966 0.0364326 0.001003 0.000573169 0.0573444 0.0466061 0.0146369 4.3242e-05 2.64986e-05 0.00166197 
0.675874 0.0223414 3.53582e-07 0.0429791 0.00827895 0.00308815 0.000473895 0.0084988 0.166495 0.000266645 1.81506e-05 0.00058074 0.0711047 
0.675874 0.0223414 3.53582e-07 0.0429791 0.00827895 0.00308815 0.000473895 0.0084988 0.166495 0.000266645 1.81506e-05 0.00058074 0.0711047 
0.420873 0.000357028 0.00046334 0.32031 0.210599 0.0134569 2.68091e-05 0.000979885 0.00392667 0.0286344 8.34801e-05 6.32672e-05 0.000225891 
0.770653 0.000148454 0.0121912 0.0661094 0.00774199 0.0696712 3.55487e-07 0.00216271 0.0663481 0.0044523 0.000420031 9.68927e-05 4.79367e-06 
0.773695 1.05995e-06 9.04168e-11 0.0909945 0.0146424 2.55728e-06 3.76695e-07 0.120657 5.70309e-06 3.53676e-07 3.49452e-11 6.18913e-11 9.25024e-07 
0.527573 0.000358952 0.124652 0.0162276 0.197579 0.00980096 6.23527e-06 0.0288262 0.0567608 0.0361168 0.000340826 0.00145298 0.000305035 
0.925065 0.00116045 6.54053e-07 0.00194996 0.00150545 5.67203e-07 1.68852e-09 5.24514e-07 0.050265 0.0199647 5.26124e-07 8.59591e-05 7.46644e-07 
0.675874 0.0223414 3.53582e-07 0.0429791 0.00827895 0.00308815 0.000473895 0.0084988 0.166495 0.000266645 1.81506e-05 0.00058074 0.0711047 
0.855915 0.00438736 3.55755e-08 0.00996843 0.0175946 0.00335416 7.67412e-05 0.0268749 0.0651309 0.00601445 0.000294513 0.000440931 0.00994829 
0.528757 5.68175e-07 0.00191315 0.00177162 0.3606 0.00381965 4.8999e-06 0.0406778 0.0510289 0.0113735 3.46805e-05 1.68072e-05 1.14517e-06 
0.443157 0.000225241 0.000116206 0.042235 0.0282074 0.0152092 0.000866286 0.040473 0.281291 0.0136282 0.0023668 4.54038e-07 0.132224 
0.596847 7.2952e-06 6.57186e-08 0.0928721 0.113027 0.000155886 2.5209e-11 0.148769 0.00368678 0.00989764 7.01809e-12 3.33947e-07 0.034737 
0.246498 0.0048324 0.000154629 0.193912 0.125233 0.001088 0.0261658 0.0364926 0.166692 0.188503 0.000169273 0.00176617 0.00849291 
0.675874 0.0223414 3.53582e-07 0.0429791 0.00827895 0.00308815 0.000473895 0.0084988 0.166495 0.000266645 1.81506e-05 0.00058074 0.0711047 
0.675874 0.0223414 3.53582e-07 0.0429791 0.00827895 0.00308815 0.000473895 0.0084988 0.166495 0.000266645 1.81506e-05 0.00058074 0.0711047 
0.674236 0.000728145 1.60634e-08 0.0933062 0.0107868 0.00104885 3.62897e-05 0.00357955 0.213663 0.00251379 2.20322e-05 3.48982e-08 7.92808e-05 
0.875868 1.94051e-05 8.48305e-07 0.0501167 0.00307765 0.003031 0.00142953 0.0277333 0.0274763 0.0054837 1.53387e-07 0.00562144 0.000142023 
0.605174 0.000817062 2.71513e-05 0.113023 0.0839314 0.0178786 6.84618e-07 0.0443689 0.109809 0.00952748 4.31679e-05 0.00692651 0.0084737 
0.689283 5.43831e-05 2.26931e-06 0.132645 0.0101464 0.00168318 1.60883e-08 0.00251527 0.0666173 0.0961166 0.000515885 0.000340095 8.01801e-05 
0.487413 0.000311548 0.0025214 0.148268 0.0988063 0.009634 1.40748e-05 0.0309034 0.156122 0.0529706 0.000190194 0.000764999 0.0120808 
0.675874 0.0223414 3.53582e-07 0.0429791 0.00827895 0.00308815 0.000473895 0.0084988 0.166495 0.000266645 1.81506e-05 0.00058074 0.0711047 
0.229769 0.0147303 0.00014904 0.182115 0.229562 0.0136655 0.00676374 0.0557487 0.14856 0.0953892 0.00152956 0.00305249 0.0189657 
0.347006 0.000352287 0.000229116 0.2227 0.0960331 0.0071661 4.38217e-06 0.0215685 0.255015 0.0447432 9.68795e-05 0.000104788 0.00498052 
0.689283 5.43831e-05 2.26931e-06 0.132645 0.0101464 0.00168318 1.60883e-08 0.00251527 0.0666173 0.0961166 0.000515885 0.000340095 8.01801e-05 
0.353004 0.00335607 2.7718e-06 0.200308 0.227432 0.00099055 6.39102e-07 0.0249903 0.0511752 0.0583638 0.000168203 0.00221894 0.0779906 
0.657853 0.00846052 2.75182e-05 0.185129 0.0251626 7.79371e-08 2.50192e-07 0.0046413 0.0996707 0.0186029 6.96526e-08 1.23361e-07 0.00045181 
0.675874 0.0223414 3.53582e-07 0.0429791 0.00827895 0.00308815 0.000473895 0.0084988 0.166495 0.000266645 1.81506e-05 0.00058074 0.0711047 
0.588444 0.00024707 7.71845e-05 0.255072 0.00197448 0.0013013 5.32673e-08 0.00350578 0.12769 0.0201083 3.13545e-05 0.00150394 4.46615e-05 
0.663599 0.000136104 0.00058814 0.273657 0.00291507 0.000199901 2.99574e-05 2.88826e-05 0.0405066 0.0181558 2.31599e-05 0.000160414 6.59267e-13 
0.549767 0.0238497 2.0009e-05 0.0313972 0.0536784 0.00119823 0.000418941 0.0541726 0.269814 0.00620163 2.29511e-05 0.00063686 0.00882225 
0.675874 0.0223414 3.53582e-07 0.0429791 0.00827895 0.00308815 0.000473895 0.0084988 0.166495 0.000266645 1.81506e-05 0.00058074 0.0711047 
0.675874 0.0223414 3.53582e-07 0.0429791 0.00827895 0.00308815 0.000473895 0.0084988 0.166495 0.000266645 1.81506e-05 0.00058074 0.0711047 
0.487413 0.000311548 0.0025214 0.148268 0.0988063 0.009634 1.40748e-05 0.0309034 0.156122 0.0529706 0.000190194 0.000764999 0.0120808 
0.675874 0.0223414 3.53582e-07 0.0429791 0.00827895 0.00308815 0.000473895 0.0084988 0.166495 0.000266645 1.81506e-05 0.00058074 0.0711047 
0.675874 0.0223414 3.53582e-07 0.0429791 0.00827895 0.00308815 0.000473895 0.0084988 0.166495 0.000266645 1.81506e-05 0.00058074 0.0711047 
0.593994 7.74879e-05 0.000409328 0.00925237 0.0189287 0.00326036 0.00622566 0.198401 0.142062 0.00278512 3.70827e-05 0.00254854 0.0220184 
0.600734 0.203613 4.11778e-10 0.0415101 0.0551898 0.000304164 0.000525392 0.035504 0.039048 0.00276081 0.000571779 0.000216821 0.0200216 
0.553134 0.0160481 0.000566364 0.0112589 0.250538 0.000370378 7.17177e-06 0.0222856 0.116671 0.028837 9.00549e-06 0.000267068 7.36595e-06 
0.407398 0.000110677 0.000206441 0.236644 0.146391 0.000165135 4.47052e-08 0.0108135 0.124968 0.0728069 4.34715e-05 3.45292e-06 0.000449388 
0.532147 0.000322808 1.40596e-05 0.0666836 0.110477 0.0223487 4.26173e-06 0.00096963 0.25981 0.00172764 0.00542722 4.32338e-05 2.52115e-05 
0.995634 3.16797e-05 3.94803e-06 0.00158684 0.00237198 1.20805e-06 1.47376e-06 9.4732e-05 0.000130124 2.80985e-06 0.00014027 7.26664e-07 6.22618e-07 
0.675874 0.0223414 3.53582e-07 0.0429791 0.00827895 0.00308815 0.000473895 0.0084988 0.166495 0.000266645 1.81506e-05 0.00058074 0.0711047 
0.587339 0.341351 1.18562e-06 0.011653 0.0156437 0.000414477 7.42537e-11 0.0140288 0.00501965 0.0184827 0.000117856 0.00177908 0.0041694 
0.419375 3.52756e-06 8.94924e-07 0.125831 0.301899 0.0173619 0.00177156 0.0050929 0.0875905 0.00173661 0.0337676 0.000320282 0.0052495 
0.675874 0.0223414 3.53582e-07 0.0429791 0.00827895 0.00308815 0.000473895 0.0084988 0.166495 0.000266645 1.81506e-05 0.00058074 0.0711047 
0.675874 0.0223414 3.53582e-07 0.0429791 0.00827895 0.00308815 0.000473895 0.0084988 0.166495 0.000266645 1.81506e-05 0.00058074 0.0711047 
0.398936 0.000144749 4.23543e-05 0.244559 0.0438592 0.0018054 4.98814e-07 0.0408199 0.0477251 0.21141 5.32721e-07 0.00857607 0.00212153 
0.923886 0.00273674 0.000247751 0.0204173 0.00186715 0.00172748 0.00437688 0.0088997 0.0150943 0.00269523 6.37928e-08 0.013931 0.00412037 
0.249105 0.000187843 2.00665e-09 0.0133344 0.0248739 0.209681 2.78578e-09 0.0792471 0.199658 0.223845 5.96765e-05 1.37357e-09 7.88059e-06 
0.692823 0.00113524 5.68542e-06 0.0856191 0.0333463 0.00413767 0.00027783 0.00333622 0.10678 0.00324932 2.05053e-05 0.00065295 0.0686163 
0.609648 0.000180909 4.81098e-05 0.0245906 0.199158 0.00236956 0.00132255 0.0379414 0.0806639 0.0279396 0.00449124 0.000186923 0.0114587 
0.499443 0.000355241 0.00201318 0.251486 0.0115856 0.00465288 0.000684005 0.0171074 0.157587 0.0502486 0.000137739 0.00220772 0.00249151 
0.675874 0.0223414 3.53582e-07 0.0429791 0.00827895 0.00308815 0.000473895 0.0084988 0.166495 0.000266645 1.81506e-05 0.00058074 0.0711047 
0.675874 0.0223414 3.53582e-07 0.0429791 0.00827895 0.00308815 0.000473895 0.0084988 0.166495 0.000266645 1.81506e-05 0.00058074 0.0711047 
0.664586 0.00242067 4.96529e-10 1.0781e-06 0.204134 0.000863815 6.89318e-10 0.0283522 0.0996268 3.2593e-06 5.33268e-08 1.95842e-06 9.51042e-06 
0.675874 0.0223414 3.53582e-07 0.0429791 0.00827895 0.00308815 0.000473895 0.0084988 0.166495 0.000266645 1.81506e-05 0.00058074 0.0711047 
0.675874 0.0223414 3.53582e-07 0.0429791 0.00827895 0.00308815 0.000473895 0.0084988 0.166495 0.000266645 1.81506e-05 0.00058074 0.0711047 
0.333872 0.00645225 0.00295792 0.0392531 0.209712 0.0173018 0.00241 0.085081 0.249921 0.0176695 7.19602e-05 0.0098862 0.025411 
0.602447 0.000476272 0.00160206 0.182072 0.116419 0.00384984 0.000476986 0.0245892 0.0469788 0.016832 0.000122452 0.00257851 0.0015557 
0.675874 0.0223414 3.53582e-07 0.0429791 0.00827895 0.00308815 0.000473895 0.0084988 0.166495 0.000266645 1.81506e-05 0.00058074 0.0711047 
0.675874 0.0223414 3.53582e-07 0.0429791 0.00827895 0.00308815 0.000473895 0.0084988 0.166495 0.000266645 1.81506e-05 0.00058074 0.0711047 
0.911987 0.000163386 1.19966e-07 0.0196325 0.00580484 1.48187e-11 4.75707e-11 8.20381e-08 0.00943023 0.0528044 1.32435e-11 0.000177454 3.1321e-08 
0.688095 0.000413025 0.000168775 0.132854 0.000858724 0.0099705 6.00455e-07 0.0615779 0.00368833 0.0993333 0.000159755 1.33413e-05 0.00286727 
0.644252 0.000134272 1.28538e-06 0.0877797 0.111017 0.00761111 0.000806872 0.039114 0.0940132 0.0109157 0.00182439 7.17906e-05 0.00245829 
0.420873 0.000357028 0.00046334 0.32031 0.210599 0.0134569 2.68091e-05 0.000979885 0.00392667 0.0286344 8.34801e-05 6.32672e-05 0.000225891 
0.675874 0.0223414 3.53582e-07 0.0429791 0.00827895 0.00308815 0.000473895 0.0084988 0.166495 0.000266645 1.81506e-05 0.00058074 0.0711047 
0.5775 0.00400003 0.000200239 0.0939859 0.0960216 0.00525141 9.664e-06 0.0321736 0.147883 0.00917798 7.61665e-06 0.0025419 0.0312464 
0.675874 0.0223414 3.53582e-07 0.0429791 0.00827895 0.00308815 0.000473895 0.0084988 0.166495 0.000266645 1.81506e-05 0.00058074 0.0711047 
0.675874 0.0223414 3.53582e-07 0.0429791 0.00827895 0.00308815 0.000473895 0.0084988 0.166495 0.000266645 1.81506e-05 0.00058074 0.0711047 
0.26758 0.00155346 5.14443e-05 0.216557 0.184971 0.00401876 0.000218357 0.0791489 0.219337 0.00746136 4.14664e-05 0.00109964 0.0179622 
0.675874 0.0223414 3.53582e-07 0.0429791 0.00827895 0.00308815 0.000473895 0.0084988 0.166495 0.000266645 1.81506e-05 0.00058074 0.0711047 
0.734075 3.61573e-05 3.21831e-08 0.0188565 0.00280884 1.39179e-08 4.46789e-08 0.0590366 0.174985 0.00153292 5.4841e-07 0.00402751 0.00464077 
0.524725 0.00102077 3.31645e-05 0.123149 0.0560065 0.0723966 0.000414504 0.00806003 0.201096 0.0059653 0.000684852 0.000599778 0.0058484 
0.59127 0.000185258 0.0427621 0.0285197 0.0283321 0.00310565 0.00159696 0.0520159 0.13756 0.102777 0.000254963 0.00486017 0.0067607 
0.353004 0.00335607 2.7718e-06 0.200308 0.227432 0.00099055 6.39102e-07 0.0249903 0.0511752 0.0583638 0.000168203 0.00221894 0.0779906 
0.365209 0.000161756 9.90252e-06 0.111616 0.134705 0.0810534 0.000128612 0.0705682 0.221372 0.00431519 0.00067397 0.00953339 0.000653701 
0.864294 0.00027678 0.000922014 0.0430937 0.0403501 0.00301906 0.000230646 0.00742262 0.0128269 0.016297 4.63915e-05 0.000475019 0.0107455 
0.64985 0.000595327 3.62903e-05 0.0751869 0.00890388 0.00299267 0.000159311 0.0598941 0.0129703 0.187836 0.000560725 0.000167187 0.000847824 
0.3561 0.000203079 0.0568835 0.117534 0.0219572 0.0132529 3.42459e-06 0.144509 0.112428 0.0765953 0.0546964 0.00457104 0.0412663 
0.403055 0.0073483 3.5127e-05 0.0997489 0.108533 0.0106032 0.0020049 0.0419207 0.284494 0.0300775 0.000428918 0.00163357 0.0101168 
0.465222 0.00072805 3.36271e-10 0.00609472 0.107689 0.0113359 0.00355767 0.236926 0.129491 0.0360407 0.000130725 0.000429781 0.00235394 
0.784639 0.00214887 0.00153343 0.0637961 0.0464188 0.0149923 0.000983554 0.0230306 0.0420244 0.0159307 6.43824e-05 0.00124212 0.0031953 
0.360151 0.00339071 2.40701e-06 0.156185 0.0852039 0.00255344 0.00101829 0.0810284 0.270132 0.0182342 0.000362837 0.000703915 0.0210342 
0.601895 0.000302708 1.4505e-06 0.0915372 0.02856 0.0110382 7.7426e-05 0.00205377 0.210209 0.00456671 0.000124906 0.000181921 0.0494514 
0.897201 7.11009e-05 2.53088e-07 0.0113836 0.0580178 1.0945e-07 0.000541018 0.0010546 0.00732297 0.000189835 6.54698e-07 3.38346e-05 0.0241834 
0.99973 4.8991e-05 4.6392e-05 4.39874e-06 5.46086e-06 2.00626e-05 6.44047e-05 4.91435e-06 4.42759e-06 1.09311e-05 1.793e-05 3.17558e-05 1.03401e-05 
0.267466 0.00261507 0.000264003 0.0558354 0.247949 0.0674709 0.000214669 0.129381 0.0825295 0.126962 0.000189648 0.00434767 0.0147757 
0.675874 0.0223414 3.53582e-07 0.0429791 0.00827895 0.00308815 0.000473895 0.0084988 0.166495 0.000266645 1.81506e-05 0.00058074 0.0711047 
0.442183 0.000692209 8.42242e-06 0.314835 0.154483 0.00237639 0.00021859 0.0027618 0.0628719 0.00340701 7.88251e-06 0.00132888 0.0148249 
0.585579 8.76185e-05 6.00094e-07 0.323895 0.0235335 0.00408857 0.000159432 0.0018012 0.0521093 0.00177339 4.69487e-06 0.0020232 0.00494376 
0.734967 2.6075e-09 2.46917e-09 9.66936e-06 0.0489949 0.000400004 3.42788e-09 3.63312e-05 1.74408e-06 0.215589 1.24156e-06 1.69017e-09 5.50342e-10 
0.393069 0.000211196 0.00183273 0.0883197 0.167091 0.00581776 6.06659e-06 0.0535657 0.245508 0.00553546 0.000189457 0.00133177 0.0375222 
0.665892 2.38462e-05 3.58049e-05 0.0179625 0.158601 3.40686e-06 4.29856e-06 0.0392736 0.111973 0.00622102 3.98161e-07 6.29127e-06 2.06877e-06 
0.40575 0.000125648 3.3382e-07 0.311786 0.142352 0.0139978 4.75347e-07 0.00749739 0.0946897 0.0233744 2.76222e-05 0.000265801 0.000132075 
0.675874 0.0223414 3.53582e-07 0.0429791 0.00827895 0.00308815 0.000473895 0.0084988 0.166495 0.000266645 1.81506e-05 0.00058074 0.0711047 
