0.00664914 0.0136508 0.000394068 0.330638 0.00867571 0.0142117 0.00250062 0.0328956 0.538036 0.0254356 0.000115551 0.00538423 0.0214124 
0.0178871 0.00502529 0.000116059 0.00728901 0.0669227 0.021783 7.34751e-05 0.783757 0.0833989 0.0115756 9.82436e-07 0.00184157 0.000328992 
0.0259617 0.0188259 1.45374e-05 0.0968106 0.170128 0.00277845 0.00576583 0.248557 0.0778349 0.259027 5.87879e-06 0.0045509 0.0897385 
0.0019915 0.000135515 0.000527902 0.01152 0.0122246 0.736127 4.09363e-05 0.191071 0.0187633 0.00154096 5.77587e-06 0.0217339 0.00431748 
0.00130377 8.82607e-06 3.86343e-05 0.0737032 0.0917694 0.000466951 0.000596822 0.645297 0.0611599 0.124341 5.27276e-06 0.00112667 0.000182953 
0.00213386 4.28203e-05 3.35887e-06 0.00175663 0.0116639 5.20989e-06 0.000603577 0.964624 0.0177241 0.00122218 3.89448e-08 9.49044e-05 0.000124935 
0.00228018 0.00365244 0.0119882 0.0490359 0.216954 0.000410213 0.000363793 0.150157 0.396473 0.151818 5.52971e-05 0.015405 0.00140681 
0.268527 0.000681039 0.000355892 0.122732 0.0844111 0.0045802 1.99368e-05 0.127333 0.324039 0.0393482 1.47909e-07 0.00023676 0.0277354 
0.161495 0.00102362 1.5429e-05 0.506002 0.0902049 0.00289585 0.000895919 0.0343034 0.132782 0.0293734 4.84269e-06 0.00179039 0.039212 
0.00323422 0.00210321 0.00319054 0.441149 0.0532338 0.0198308 0.00491972 0.111295 0.266694 0.0343065 0.00113067 0.00153882 0.0573732 
0.781978 9.16207e-05 7.39037e-06 0.0479954 0.0136994 0.00145258 3.69931e-07 0.0584014 0.0598688 0.0138237 2.62711e-07 9.39349e-05 0.0225867 
0.00421653 0.00053166 6.16127e-05 0.419457 0.0229438 0.000425556 7.27816e-05 0.127667 0.263721 0.0134559 5.5989e-08 0.0058439 0.141604 
0.0893536 0.000430242 3.16189e-05 0.0275896 0.0995156 0.00831287 4.46661e-05 0.0701796 0.145312 0.558438 5.08719e-06 0.000768532 1.87388e-05 
0.00421653 0.00053166 6.16127e-05 0.419457 0.0229438 0.000425556 7.27816e-05 0.127667 0.263721 0.0134559 5.5989e-08 0.0058439 0.141604 
0.00978333 9.1664e-08 9.43388e-12 0.0298031 0.00749962 4.40655e-08 1.57293e-08 0.0098522 0.940258 0.00280316 3.6461e-12 1.16244e-07 1.2427e-07 
0.00174541 1.38515e-05 1.31167e-05 0.000495897 0.000451596 0.983708 1.82095e-05 0.00507729 0.000332046 0.00355608 5.06947e-06 0.00103627 0.00354699 
0.102153 0.00596123 6.00768e-05 0.111423 0.518674 0.0185288 0.00108044 0.0679124 0.0538562 0.0891884 2.39141e-05 0.0216309 0.00950775 
0.0149296 0.0163799 0.00406497 0.0875533 0.0863382 0.0106937 0.00248706 0.45217 0.0873518 0.0483275 0.00200397 0.0943095 0.0933906 
0.0925493 0.000661408 0.000225389 0.390129 0.0601933 0.00336566 0.000479555 0.0978336 0.222096 0.111475 7.10765e-05 0.002137 0.0187829 
0.00270754 0.0906937 2.37667e-06 0.0418077 0.0383659 1.88038e-05 9.37624e-05 0.00612343 0.00642679 0.811007 9.18559e-07 0.000615366 0.00213629 
0.0712629 0.000453522 8.7098e-05 0.386838 0.063316 0.0112936 0.000855395 0.0407525 0.372428 0.0345331 7.40633e-05 0.0052925 0.0128128 
0.0456841 0.000923941 0.000213346 0.124791 0.0538301 0.0076861 0.000634537 0.264246 0.17949 0.307052 0.000186717 0.00847336 0.00678897 
0.0309896 9.63317e-05 0.00331187 0.0471979 0.14439 0.00469937 5.84421e-05 0.182151 0.125726 0.457041 5.51003e-05 0.00121069 0.00307257 
0.00254897 0.000187378 4.35756e-06 0.134676 0.201067 0.0037076 7.60996e-05 0.324241 0.323497 0.00199575 6.06555e-07 0.00277217 0.0052263 
0.0653255 0.00930772 0.00412765 0.086202 0.0935732 0.0329438 0.000970547 0.0763527 0.598537 0.0139929 5.94177e-05 0.00137751 0.0172296 
0.0066493 0.00626789 0.0145851 0.0869663 0.0352178 0.0393118 0.247007 0.0895031 0.121774 0.209315 0.0014529 0.0385943 0.103355 
0.00609946 0.00373235 0.000150106 0.0454688 0.0540305 0.0075983 0.000112736 0.28102 0.0362484 0.00721066 8.01553e-05 0.489915 0.068334 
0.274041 0.00301033 5.1951e-05 0.309954 0.0522316 0.0256589 0.000127816 0.0500408 0.207939 0.0132546 4.17834e-05 0.00124634 0.0624011 
0.00518957 5.50054e-05 2.05148e-12 0.462423 0.065876 7.99348e-10 1.33575e-07 0.0453613 0.419721 2.91966e-08 7.92875e-13 0.000151374 0.00122247 
0.0234626 0.000437298 0.00426952 0.034449 0.0473563 0.00167153 0.00036082 0.7833 0.0455173 0.0451224 0.00013859 0.00234366 0.0115713 
0.759468 0.000315752 0.00115513 0.0669996 0.0608932 0.00351729 0.00377101 0.008558 0.0574213 0.037405 7.50583e-05 0.000241102 0.000179735 
0.213696 0.00587705 0.00140517 0.353525 0.140366 0.0120898 0.000775172 0.0557002 0.176326 0.0173032 3.50828e-05 0.00640621 0.0164948 
0.388174 0.000608057 1.51858e-07 0.235965 0.277764 0.000267583 0.00469205 0.0179192 0.0673188 0.00414191 2.15051e-08 1.65229e-05 0.00313302 
0.00800491 3.49752e-05 1.03841e-05 0.00756521 0.0122694 0.00125102 0.00491595 0.60031 0.0250003 0.0186112 7.39015e-06 0.00710758 0.314912 
6.37548e-06 2.84074e-06 2.12229e-09 0.0116212 7.04237e-06 4.58094e-06 2.94631e-09 0.00266965 0.868236 0.117322 8.20243e-10 0.000128848 1.52389e-06 
0.650677 0.000129054 1.2269e-05 0.0706577 0.0661574 1.43904e-05 1.44572e-06 7.99375e-06 0.198844 0.0134953 4.06477e-09 7.1991e-09 3.39579e-06 
0.0849051 0.00277765 0.000143445 0.454062 0.0309624 0.00773336 0.000125014 0.0195411 0.379731 0.0152231 5.5725e-05 0.000841812 0.00389826 
0.00122896 1.88178e-10 3.56568e-07 0.5105 0.0718265 7.70619e-11 1.08873e-06 1.26284e-06 0.397507 0.0189321 6.88705e-11 9.77032e-08 2.01369e-06 
0.0228488 0.0012004 1.08578e-05 0.0771283 0.334015 0.00939228 0.00172286 0.133778 0.387714 0.0312888 4.6498e-07 0.000403682 0.000496722 
0.174369 4.43215e-05 2.85009e-06 0.229066 0.0764449 0.00588708 0.00281824 0.00285773 0.491118 0.0172864 4.41066e-08 6.03128e-05 4.51e-05 
0.000757954 8.51274e-05 1.68812e-12 0.00159083 0.00267684 2.75542e-06 3.13165e-07 0.0377363 0.00472369 0.00132939 6.52442e-13 6.7235e-06 0.95109 
0.0442372 0.000238198 8.18353e-05 0.291573 0.39476 0.000164416 0.0010217 0.0933718 0.142769 0.00683015 5.78855e-05 0.00205749 0.0228365 
0.0321632 0.00338628 0.00174214 0.104248 0.580022 0.013809 0.0228816 0.109203 0.0422146 0.0747458 0.000268889 0.000851425 0.0144642 
0.00411753 1.90807e-05 0.000941169 0.293821 0.0304283 0.000288476 0.00338016 0.0452157 0.510423 0.0871383 2.9703e-06 0.0051097 0.0191146 
0.319913 0.00853219 5.03534e-05 0.0353294 0.404048 0.00105789 0.0035215 0.0650076 0.0851496 0.05469 3.46416e-05 0.000622504 0.0220427 
0.188819 0.0262744 9.74774e-07 0.03502 0.283115 8.2699e-07 4.244e-06 0.00963046 0.0999568 0.356968 3.50767e-07 2.40233e-06 0.000208301 
3.16917e-05 6.74457e-06 1.24252e-06 0.102642 0.0735672 1.36073e-06 7.36595e-06 0.0104892 0.79177 0.00425274 2.74369e-07 0.000328032 0.0169022 
0.00052422 0.000513333 5.40054e-08 0.00848922 0.00657105 0.00372482 1.12984e-07 0.936842 0.0333443 0.00691356 4.80313e-12 0.0028347 0.000242317 
0.086667 0.000188853 2.11621e-05 0.783766 0.0388744 0.00428748 0.00033552 0.0133546 0.0621653 0.00226558 1.00111e-05 0.000661764 0.00740229 
0.00843624 0.00190741 5.59192e-07 0.00432643 4.0794e-05 2.41828e-07 7.076e-05 0.00170981 0.0652172 0.917511 2.16122e-07 0.000772585 6.25325e-06 
0.0126412 0.000323611 5.80599e-06 0.00332086 0.00178318 0.000166679 0.000125616 0.799217 0.0932039 0.0523937 2.86536e-06 0.0225344 0.0142818 
0.0706304 0.000991063 0.00323757 0.577942 0.023716 0.00715703 0.00133125 0.0406159 0.122989 0.0604194 0.000352709 0.0761462 0.014472 
0.0511205 0.0126147 0.000996839 0.343027 0.0146315 0.0780905 0.000625747 0.00818434 0.433269 0.0241938 0.000573678 0.000651223 0.0320204 
0.00444733 4.08944e-06 2.47974e-06 0.00597774 0.984994 4.45454e-06 4.96233e-08 2.08239e-06 0.0027124 0.00185079 1.3815e-08 2.44676e-08 4.38765e-06 
0.00494948 0.00035059 0.000136474 0.603787 0.0293949 0.00776018 0.000201309 0.0493992 0.231436 0.0441654 0.000132951 0.00617026 0.0221169 
0.00569042 7.27164e-05 1.11296e-06 0.343941 0.00378278 7.4952e-05 7.83595e-07 0.2875 0.116112 0.0536489 5.74768e-07 0.145606 0.0435684 
0.358271 1.58681e-05 2.19068e-05 0.354432 0.0392577 0.00213299 1.41155e-05 0.0132078 0.216736 0.0113114 5.25449e-06 0.00294262 0.00165132 
0.133609 0.000355653 0.000131314 0.110427 0.0335222 0.0059256 0.00027751 0.0150349 0.660882 0.0259179 0.00012041 0.00131746 0.0124783 
0.000757954 8.51274e-05 1.68812e-12 0.00159083 0.00267684 2.75542e-06 3.13165e-07 0.0377363 0.00472369 0.00132939 6.52442e-13 6.7235e-06 0.95109 
0.000282451 0.00696492 0.000601851 0.147518 0.00776387 2.17443e-08 6.98031e-08 0.0156563 0.00989029 0.81089 1.94329e-08 3.44176e-08 0.000431556 
0.0769527 0.000190436 0.00167403 0.527395 0.117243 0.0457351 0.00433974 0.0272769 0.165156 0.0171848 0.000122489 0.00878466 0.00794621 
0.000757954 8.51274e-05 1.68812e-12 0.00159083 0.00267684 2.75542e-06 3.13165e-07 0.0377363 0.00472369 0.00132939 6.52442e-13 6.7235e-06 0.95109 
1.92144e-06 6.77886e-08 1.89312e-07 0.232284 0.00655712 3.27467e-07 2.69583e-07 0.0368247 0.20401 0.467069 3.36019e-08 0.051603 0.00164949 
7.6626e-07 1.44196e-07 5.94266e-10 0.0133913 0.129794 2.56996e-10 8.25003e-10 0.630399 0.186223 0.0303832 2.29678e-10 0.00190839 0.0079008 
0.307141 0.00230718 0.00337398 0.317245 0.293612 0.012933 0.000111952 0.00576036 0.00581816 0.0509016 9.18062e-05 0.000306346 0.000397378 
0.00966132 0.0235477 0.000385932 0.0191795 0.0589149 0.00888119 0.00112114 0.0671346 0.0805965 0.728234 0.000221347 0.00102628 0.00109572 
0.0318027 0.00195007 0.000102229 0.544845 0.157851 0.00525488 0.000816671 0.108409 0.0642632 0.0546633 9.74542e-05 0.0031993 0.0267457 
0.0573132 3.78663e-07 5.64323e-07 0.00629459 0.0138684 6.99274e-10 0.00742279 0.721766 0.0173073 0.00125799 6.24943e-10 0.0581924 0.116576 
0.0733619 0.00221566 0.00333766 0.52235 0.0636876 0.00344943 0.00957432 0.0884248 0.200543 0.0194343 3.2833e-05 0.00759862 0.00598914 
0.0152241 5.74335e-07 0.0260981 0.715076 0.0437476 2.4783e-05 0.000952837 0.0153538 0.0236438 0.159216 1.55705e-07 0.000118739 0.000543278 
0.086667 0.000188853 2.11621e-05 0.783766 0.0388744 0.00428748 0.00033552 0.0133546 0.0621653 0.00226558 1.00111e-05 0.000661764 0.00740229 
0.0204627 0.00475575 0.00119565 0.386444 0.0319964 0.0307186 0.00105191 0.0503538 0.38842 0.0170438 0.000122014 0.0432964 0.0241394 
0.0447208 0.000450001 0.0225477 0.637326 0.00682953 0.00282096 0.000112887 0.0350252 0.0739323 0.150147 8.83725e-05 0.0213138 0.0046856 
0.0170806 0.00218709 0.000451397 0.0483963 0.0365317 0.012307 0.000532095 0.646915 0.0608479 0.0414316 0.000266506 0.027295 0.105758 
0.00163485 4.01176e-05 1.00648e-07 0.000136343 0.919571 0.000551904 1.26156e-05 0.0252668 0.00941792 0.0421345 3.88994e-08 0.000239975 0.000993423 
0.00251584 0.0037673 0.000329126 0.137341 0.0129951 0.0148439 0.000137172 0.0312988 0.524742 0.253334 5.11421e-05 6.30836e-05 0.0185812 
0.000992038 0.000221146 1.78889e-05 0.63954 0.0466045 0.00352534 0.00440002 0.100705 0.152381 0.0382893 1.62482e-05 0.0112235 0.00208396 
0.0373522 0.000998353 0.000156896 0.0565225 0.0196278 0.00840326 0.00274277 0.652581 0.0803777 0.0455342 0.000137974 0.0287853 0.0667795 
0.00100693 0.000393346 3.16976e-08 0.149953 0.0198634 0.000710253 0.0383673 0.691127 0.00833374 0.00494677 6.37683e-10 0.0034483 0.0818505 
0.0320345 0.00179212 0.00124649 0.141578 0.36546 0.0339406 0.000344644 0.1075 0.290873 0.0223225 0.000184447 0.00087521 0.00184843 
0.0269739 3.96018e-05 0.000157172 0.0144384 0.0887211 0.000246234 0.000222061 0.103294 0.0874875 0.674263 2.4981e-05 0.00346674 0.000664827 
0.00494948 0.00035059 0.000136474 0.603787 0.0293949 0.00776018 0.000201309 0.0493992 0.231436 0.0441654 0.000132951 0.00617026 0.0221169 
0.115334 0.00111633 0.00377757 0.136734 0.147148 0.00107956 0.00197429 0.316199 0.00432032 0.156789 0.000139327 0.0674237 0.0479648 
0.0322276 0.000590692 0.00106315 0.167893 0.0802057 0.00195052 0.00161439 0.0539038 0.56169 0.0820103 0.000415828 0.000848291 0.0155868 
0.0145707 7.63077e-10 1.25485e-11 0.013341 0.000127282 3.07388e-06 1.74207e-11 0.877343 0.0037268 0.000133491 4.84987e-12 0.089737 0.00101751 
0.117483 0.00030491 8.27367e-05 0.386814 0.0608902 0.00442034 0.00162914 0.0115221 0.385903 0.0274748 2.42209e-05 0.000305369 0.00314627 
0.0107382 0.00130385 0.000786034 0.198363 0.339973 0.00366031 0.00101082 0.0876412 0.249511 0.0463815 0.00018395 0.0446893 0.0157566 
0.0100029 4.47743e-11 4.23989e-11 0.141744 0.135703 1.83358e-11 3.10193e-08 0.0465775 0.665177 0.000313082 1.63868e-11 0.000389051 9.26216e-05 
0.251927 7.53598e-05 4.27433e-05 0.210302 0.214591 0.0402459 1.07438e-07 0.00595792 0.272032 0.000613189 5.17718e-09 8.11303e-05 0.00413117 
0.194792 0.0353271 0.015564 0.064764 0.24854 0.00104962 0.110344 0.0241429 0.186804 0.0804603 4.47452e-05 0.037819 0.000348584 
0.123741 0.00108257 0.00192621 0.45795 0.0965878 0.014188 0.000186946 0.0890035 0.181931 0.0171859 3.87634e-05 0.00130028 0.0148771 
0.00716102 0.00117937 0.000298345 0.473879 0.0164473 0.00256793 0.00366373 0.0367022 0.351028 0.0695538 0.000252614 0.00690166 0.0303654 
0.0221324 9.72791e-05 0.000425698 0.279387 0.0321472 0.00469842 0.00886593 0.136095 0.495939 0.0139163 4.06723e-05 0.00513822 0.00111596 
0.00119294 0.00100571 0.000467397 0.159847 0.0044502 0.0379695 0.000664085 0.717821 0.0529681 0.00855642 9.02523e-05 0.0133564 0.00161069 
0.0451339 0.00833313 0.00125868 0.225563 0.148477 0.00154547 0.000901246 0.0734701 0.186058 0.285522 0.000297337 0.00462217 0.0188186 
0.000837176 0.000120082 1.51442e-05 0.0995519 0.890496 0.00118504 9.13099e-05 0.00170357 0.000671277 0.00520862 1.33432e-05 6.76353e-05 3.86808e-05 
0.042618 0.00224649 0.00131156 0.178112 0.429312 0.00217811 0.000192318 0.16781 0.0711798 0.0955911 0.000159287 0.000827958 0.00846179 
0.0132855 0.00045369 0.00210359 0.128393 0.0239596 0.00358787 0.039863 0.0900464 0.337094 0.278578 8.97616e-06 0.0038072 0.0788183 
0.0508423 0.00230239 0.00511548 0.215156 0.0641204 0.00782646 0.00724598 0.0946004 0.488738 0.0551866 0.000952165 0.00196502 0.00594821 
0.000572544 1.64971e-09 2.16941e-13 0.897527 0.0786088 0.000317998 3.01174e-13 0.0116426 0.00889871 0.00140108 8.38457e-14 0.000413536 0.000618147 
0.0126491 0.00137228 0.00123009 0.0625333 0.0323928 0.0088498 0.00119209 0.71201 0.0657047 0.0423403 0.000618448 0.0126107 0.0464962 
9.0936e-07 0.000162566 1.11398e-07 0.0904662 0.0605331 0.0127772 3.63481e-07 0.0491079 0.101976 0.681312 5.38031e-08 0.00253878 0.00112502 
0.00988925 0.000287208 3.71049e-07 0.672217 0.0291311 0.00719214 0.00963589 0.0603464 0.18335 0.00345944 2.20579e-09 0.000765541 0.0237255 
0.00054476 6.23874e-05 1.83643e-10 0.0037865 0.00191577 2.27397e-06 5.8872e-07 0.0362302 0.00337788 0.000952752 7.09761e-11 0.000293301 0.952834 
0.0010744 0.000329382 3.71091e-05 0.00239458 0.000219863 0.000206024 0.000524358 0.0010443 0.0017705 0.000317901 3.12317e-06 0.991594 0.000484889 
0.0216045 0.0116864 0.000521303 0.0634901 0.0627893 0.00654911 0.000684877 0.515079 0.0855095 0.0964258 0.000301067 0.0295386 0.105821 
0.321234 0.00025561 2.10115e-09 0.00541312 0.0274603 2.55878e-06 3.4376e-05 0.00989268 0.635098 0.000601426 8.12073e-10 6.66988e-06 1.05958e-06 
0.0422475 0.025606 0.00443454 0.203556 0.120036 0.0549654 0.00124869 0.0425646 0.469931 0.025922 0.000618262 0.00211094 0.00675945 
0.00635747 0.0203185 0.000645976 0.511766 0.170238 0.000144413 0.000902228 0.0791767 0.185489 0.0142383 3.4361e-06 0.00247834 0.00824163 
0.0116621 0.00138437 4.40899e-06 0.0160008 0.0388948 0.00896181 0.00270102 0.743358 0.120174 0.0381974 2.10459e-06 0.000897779 0.0177612 
0.133393 0.00067485 7.32896e-05 0.0901612 0.350351 0.0448544 0.000260665 0.0147299 0.275784 0.0872957 6.74509e-06 0.000366842 0.00204814 
0.0304059 0.0019561 0.0298896 0.0296786 0.00894276 0.00924632 0.0023638 0.0365343 0.0182748 0.762916 0.000456439 0.0583593 0.0109757 
0.0246336 0.0101217 9.14776e-05 0.482025 0.0323342 0.0164153 4.72559e-05 0.0177856 0.390374 0.00839185 3.91937e-05 0.00232037 0.0154204 
0.0012192 0.000313304 0.00012456 0.00100501 5.01441e-05 0.00598865 0.000539231 0.887155 3.92335e-05 0.101149 6.35736e-08 0.00170448 0.000712032 
0.70996 0.000594705 0.00146464 0.0573876 0.14047 0.0110918 0.000107948 0.0136047 0.0432682 0.0205935 1.9391e-05 0.000431061 0.00100658 
0.0161147 5.57793e-05 8.45677e-07 0.0101837 0.0131163 0.00130585 0.00026093 0.00322699 0.0189029 0.000169163 2.3332e-07 0.000185318 0.936477 
0.184532 0.000661169 2.4701e-07 0.0717367 0.0508396 0.0481443 0.0051783 0.038025 0.0888343 0.457839 2.13523e-07 0.0539605 0.000249043 
0.0081881 7.38663e-05 7.28402e-12 0.211469 0.118272 3.15004e-12 0.000115132 0.0100713 0.651072 7.66682e-05 2.8152e-12 0.000138351 0.000524318 
0.0363298 5.16269e-08 5.70607e-09 0.223802 0.208939 1.69181e-08 9.3489e-09 0.237821 0.226551 0.0247197 1.98175e-11 3.67408e-07 0.0418379 
0.0061058 0.726395 0.00119598 0.0011468 0.133228 3.54912e-07 9.66196e-05 0.0178182 0.00620808 0.107791 3.17186e-07 4.08975e-06 1.02351e-05 
0.0145002 0.008803 0.000483268 0.186414 0.0236576 0.0149274 0.000871416 0.0145887 0.661845 0.0359105 0.000149066 0.0237492 0.0141011 
0.412937 3.05282e-05 0.000286367 0.261474 0.196377 0.0101578 0.000732201 0.0614036 0.0463783 0.00321818 4.02154e-06 0.00507598 0.00192536 
0.019616 0.000196324 2.13248e-05 0.178192 0.042605 0.000181645 0.000238714 0.334644 0.366605 0.0509842 9.8889e-06 0.00261376 0.00409326 
0.0235146 1.77557e-07 2.15546e-05 0.0233107 0.0947463 0.00499317 6.20308e-06 0.0381024 0.814555 0.000748604 4.95175e-08 6.46677e-07 7.91436e-07 
0.0319599 0.00127436 2.476e-06 0.523913 0.00355068 0.0079874 0.000152766 0.0142345 0.407994 0.00485972 4.35475e-09 0.00335943 0.000710889 
0.0305403 0.00331756 0.000576677 0.475193 0.312385 0.0340421 0.000856639 0.0322561 0.0680207 0.0305654 0.000331495 0.0080388 0.00387531 
0.0314113 1.52094e-05 1.20886e-07 0.808101 0.079548 0.00304891 0.000963277 0.0124356 0.0586972 0.00201873 1.12655e-08 0.00135482 0.00240533 
0.0537331 0.00105023 0.00786822 0.474816 0.0964399 0.0196328 0.000560815 0.0392219 0.259688 0.0201743 0.000205002 0.00323968 0.0233699 
0.956155 6.18447e-05 3.11149e-10 0.010508 0.00211244 1.34559e-10 1.16661e-06 0.000374989 0.0292028 0.000104855 1.20256e-10 1.28388e-05 0.00146605 
0.0372312 2.67582e-05 2.39784e-05 0.00765624 0.94096 0.000381301 0.000824841 0.00210261 0.00619568 0.00454733 3.65333e-08 3.24053e-05 1.76355e-05 
0.00359054 1.36244e-05 5.70558e-09 0.00602431 0.0464899 0.000248298 1.92034e-11 0.939501 0.0030313 0.000628189 5.34615e-12 0.000306223 0.000166799 
0.139583 0.00293797 0.000419123 0.199724 0.0816566 0.0451372 0.00219335 0.0631893 0.390166 0.0600486 0.000354709 0.00119174 0.0133973 
0.0657557 0.000698898 0.000139535 0.573376 0.00834813 0.00384956 0.000104928 0.117404 0.158543 0.0428851 9.80477e-05 0.0114811 0.0173158 
0.038283 4.70451e-05 3.82214e-05 0.331247 0.0203747 0.00226775 1.3514e-06 0.078767 0.0378884 0.485147 2.36877e-07 0.00528284 0.000655778 
0.072804 0.00338407 0.000151437 0.234412 0.0330062 0.0417938 6.1041e-05 0.0286091 0.569234 0.00807311 4.73466e-05 0.00025007 0.00817413 
6.07616e-05 3.46539e-07 2.22629e-05 0.0418663 0.00557834 0.00290133 6.79689e-06 0.733851 0.00138423 0.00846177 3.32402e-08 0.0127582 0.193108 
0.0170554 0.000176443 3.22413e-07 0.139233 0.48005 0.000120698 4.03968e-05 0.151473 0.200373 0.00394994 3.02107e-08 0.000308748 0.00721855 
0.288923 5.67864e-06 1.86166e-06 0.610655 0.0728616 0.000202434 2.65098e-06 0.000225556 0.0173379 0.000957151 3.30715e-07 3.62378e-05 0.0087908 
0.133737 0.00125736 0.000167094 0.271885 0.134496 0.012467 0.00352929 0.133362 0.233408 0.0509948 5.9346e-05 0.00319459 0.0214427 
0.0467315 0.00106298 0.00939218 0.259684 0.0656828 0.0685754 0.000438114 0.0312148 0.437964 0.0511718 0.000294733 0.00886532 0.0189225 
0.000557861 0.00042552 1.59003e-07 0.207187 0.0352699 3.8555e-05 2.83444e-06 0.139946 0.0680574 0.539221 7.93274e-08 0.00782551 0.0014688 
0.0392295 0.00451512 0.0025814 0.359757 0.287775 0.00307067 0.00198406 0.0294724 0.204401 0.0327485 5.14574e-05 0.0122033 0.0222106 
0.0486545 0.00877588 0.000386511 0.110571 0.64927 0.00468854 0.00157917 0.0136499 0.0990625 0.0617199 0.000165614 0.000731172 0.000745158 
0.0600623 8.4583e-06 1.69525e-07 0.182688 0.0516849 0.00027157 1.93785e-06 0.421594 0.147577 0.0480823 4.0853e-08 0.00459003 0.08344 
0.00536831 0.00219576 0.00310113 1.73753e-06 0.303534 1.13357e-06 2.43314e-06 0.528926 0.0791526 0.0777128 2.70374e-07 3.48851e-06 1.03139e-06 
0.00283458 0.020388 0.000590783 0.129189 0.0684705 0.0295476 0.00730745 0.244521 0.304472 0.10031 2.34339e-05 0.0796544 0.0126917 
0.0122874 0.00101601 0.000323429 0.0558734 0.459979 0.00440994 0.000479513 0.233813 0.182623 0.0410003 0.00028118 0.00444699 0.00346757 
0.000525131 0.000853033 3.17689e-05 0.000501378 0.989901 1.37388e-05 4.41039e-05 0.00339491 0.000513065 0.00254285 1.22784e-05 0.00151675 0.00014973 
0.011506 0.309488 1.81735e-07 6.09634e-07 0.530933 3.33248e-07 0.000949113 0.0430914 0.0233064 0.0805655 7.31281e-10 0.000159062 1.32765e-06 
0.00978333 9.1664e-08 9.43388e-12 0.0298031 0.00749962 4.40655e-08 1.57293e-08 0.0098522 0.940258 0.00280316 3.6461e-12 1.16244e-07 1.2427e-07 
0.0674433 0.000144001 3.2692e-05 0.285021 0.0337356 0.0662183 0.000137392 0.0487518 0.347908 0.0143521 3.07195e-05 0.00345639 0.132769 
0.0557875 3.99955e-05 1.7762e-07 0.000246649 0.0344917 1.94353e-05 0.773359 0.025293 0.00729205 0.103468 6.86483e-08 1.21583e-07 2.02732e-06 
0.00131777 0.000349291 3.4867e-05 0.0170103 0.0235298 0.0300228 0.00543277 0.00640943 0.902838 0.00219851 2.31777e-05 0.00453017 0.00630344 
0.014693 0.00764618 0.00276922 0.0809482 0.0385717 0.0200349 0.0101713 0.512485 0.116796 0.0273892 0.000118132 0.0800995 0.0882771 
0.0771566 0.00175537 0.000783569 0.405603 0.0164031 0.0167052 0.00216557 0.0216841 0.391024 0.0341787 5.47655e-05 0.000552586 0.0319331 
0.010321 0.00241913 0.00115147 0.0570291 0.0780443 0.00500379 0.00262114 0.680541 0.0667638 0.0622874 0.000640604 0.00667054 0.0265068 
0.625165 0.000595534 8.72425e-05 0.0489402 0.164616 0.00128002 0.00262418 0.0349097 0.115455 0.00142543 3.06428e-05 0.000209336 0.0046624 
0.0926056 0.0015632 0.00198883 0.205256 0.0311479 0.0217499 0.000522127 0.0735358 0.398713 0.15717 1.74988e-05 0.00071595 0.0150141 
0.0136123 0.000336827 2.13008e-05 0.0113205 0.00128917 0.00371139 6.71453e-06 0.569281 0.270276 0.127657 3.57386e-06 5.08882e-06 0.00247906 
0.0219161 0.00087404 1.4935e-05 0.00630291 0.0247592 0.0149671 2.55523e-05 0.0178215 0.0180389 0.873194 7.14805e-06 0.000980413 0.0210981 
0.00302836 3.53085e-05 2.75198e-05 0.170425 0.0354152 0.00106693 0.000739926 0.0727722 0.0999837 0.611045 4.89114e-06 0.00200522 0.00345066 
7.11031e-07 1.12704e-09 8.85926e-06 0.00307947 4.02021e-06 0.629768 4.15007e-06 0.367036 5.26611e-06 2.6958e-05 4.12483e-10 1.04476e-05 5.64004e-05 
0.0502923 0.00466065 0.00280579 0.118234 0.0344199 0.00251744 0.000104643 0.0962466 0.0551862 0.632645 4.9005e-05 0.000256517 0.00258236 
0.0185508 0.181199 2.03439e-07 0.0585695 0.217492 3.07431e-06 1.06995e-06 0.0147759 0.50305 0.00613413 1.10757e-07 1.35955e-05 0.000210991 
0.070689 8.92902e-06 1.17012e-10 0.369869 0.0881323 8.0244e-06 1.62444e-10 0.0395221 0.417989 0.0136648 4.52239e-11 3.23649e-07 0.000116114 
0.00269767 1.79903e-07 4.67606e-06 0.751824 0.0758069 0.088529 6.36881e-09 0.051238 0.0294388 8.25515e-06 1.77305e-09 2.90584e-06 0.000449939 
0.0412544 0.000171612 3.62537e-09 0.674391 0.220895 4.48769e-08 1.41797e-08 0.00766417 0.0318571 0.00513679 2.99267e-09 0.000495089 0.0181348 
0.0508955 0.000419935 8.20369e-08 0.133113 0.0306006 5.64821e-07 1.96811e-06 0.0261467 0.755737 0.000735353 3.17064e-08 0.00131184 0.00103735 
1.25604e-08 8.55842e-07 6.13604e-11 0.0188852 0.00343494 2.65359e-11 6.35327e-06 0.85844 0.0171803 0.0415032 2.37152e-11 0.0413941 0.0191547 
0.0662575 0.000277159 3.35991e-05 0.0947891 0.113553 0.00362683 0.000679144 0.0356046 0.0312688 0.644513 1.46217e-05 0.000426406 0.00895566 
0.208122 0.00151257 6.11094e-05 0.346716 0.069485 0.00231986 0.000139078 0.0764037 0.240111 0.0347321 8.73364e-06 0.00762087 0.0127681 
0.369946 0.000861568 2.48527e-05 0.0335522 0.0725083 0.00497816 1.49448e-05 0.289869 0.043396 0.0537688 7.73041e-06 0.00681452 0.124258 
0.0105002 0.00121045 8.96819e-05 0.0128816 0.0178969 0.00233563 0.000943373 0.0724592 0.0558806 0.0138765 3.67726e-05 0.00501213 0.806877 
0.00421653 0.00053166 6.16127e-05 0.419457 0.0229438 0.000425556 7.27816e-05 0.127667 0.263721 0.0134559 5.5989e-08 0.0058439 0.141604 
0.0041167 0.000225056 1.32778e-09 0.0257047 0.0145569 0.000614773 2.18607e-08 0.884164 0.0208252 0.00343235 5.13174e-10 0.00303354 0.0433267 
0.0301985 0.00033407 5.57066e-05 0.044593 0.128768 0.0290049 7.15599e-05 0.0325269 0.0291755 0.699349 3.36255e-06 0.000246104 0.00567398 
0.0280637 0.000841733 0.00776291 0.124389 0.0138241 0.00171876 0.000639224 0.18619 0.0288923 0.578027 8.406e-05 0.00429545 0.0252713 
0.000908188 9.96539e-06 7.72504e-12 0.00233172 0.000227826 7.8943e-05 0.0900833 0.283636 0.0128777 0.00146549 2.98565e-12 0.220812 0.387568 
1.1379e-07 0.000967486 6.05496e-07 0.0142673 0.156112 1.11299e-10 3.57291e-10 0.062526 0.0639527 0.00841359 9.94685e-11 0.686691 0.00706963 
0.0368209 0.00153846 6.56153e-07 0.29177 0.0271667 4.37901e-06 2.73549e-06 0.599445 0.00353446 0.0370381 3.79497e-07 8.10309e-07 0.0026776 
0.0239504 0.00189148 0.000521476 0.589912 0.147531 0.0152474 0.00033569 0.0240766 0.155105 0.0233361 0.000202333 0.00363213 0.0142579 
0.00978333 9.1664e-08 9.43388e-12 0.0298031 0.00749962 4.40655e-08 1.57293e-08 0.0098522 0.940258 0.00280316 3.6461e-12 1.16244e-07 1.2427e-07 
0.00978333 9.1664e-08 9.43388e-12 0.0298031 0.00749962 4.40655e-08 1.57293e-08 0.0098522 0.940258 0.00280316 3.6461e-12 1.16244e-07 1.2427e-07 
0.289714 0.0750806 0.000127185 0.234137 9.6769e-05 1.95319e-10 4.64049e-06 5.77997e-05 0.219743 0.181025 1.74557e-10 7.60558e-06 7.04667e-06 
0.00296034 7.92739e-08 7.64594e-10 8.16849e-07 0.000816043 1.88723e-06 3.97335e-07 0.544619 0.214726 0.201803 2.95508e-10 0.000727253 0.0343451 
0.644388 0.00576333 2.52569e-09 0.0161741 0.225228 1.09226e-09 9.39121e-06 0.0155932 4.16099e-06 0.075815 9.76154e-10 0.000760289 0.016264 
0.00790355 6.03661e-06 2.92015e-05 0.000483508 0.955281 0.000376965 0.000110304 0.00478514 0.0293056 0.000368854 4.66465e-06 0.000285993 0.00105943 
0.0101914 0.00680056 0.0014606 0.107736 0.0360635 0.0064453 0.000484487 0.0781448 0.621275 0.120944 1.97137e-05 0.00271839 0.00771675 
0.000943922 1.28979e-05 1.77159e-06 0.0609958 0.00020132 1.72054e-06 2.56354e-05 0.000580835 0.934223 0.00265039 1.64701e-06 0.000192033 0.000168979 
0.0516134 0.00180982 0.00221181 0.125927 0.0339345 0.00407802 0.00338419 0.417563 0.164845 0.0625306 8.29969e-05 0.0159358 0.116083 
0.0414912 0.00311449 0.000148817 0.127522 0.0542859 0.016584 0.00534813 0.0227785 0.671105 0.0113675 0.000146847 0.0312666 0.014841 
0.00569944 1.1233e-06 1.0637e-06 0.0101211 0.214855 4.60008e-07 2.38989e-05 0.193914 0.0034192 0.571829 4.11111e-07 7.28117e-07 0.000135018 
0.000153691 0.000104647 7.94002e-07 0.000347166 0.000237805 0.000495692 1.10229e-06 0.831695 0.0177767 0.131335 3.06874e-07 0.0177521 0.0001002 
0.0345178 0.000544896 0.00094614 0.376928 0.0623337 0.00906469 0.000932938 0.110635 0.144863 0.155965 0.000130438 0.00546739 0.0976709 
0.087558 0.00362658 0.000151565 0.0688242 0.206149 0.00383015 0.00121675 0.422206 0.0596908 0.100466 9.83994e-05 0.00393406 0.0422483 
0.0232403 0.00138102 0.000413105 0.116997 0.744396 0.00687624 0.00383756 0.0210838 0.0279986 0.0446455 0.000118185 0.000483387 0.00852951 
0.0198551 0.000289289 0.000905943 0.337927 0.0929346 0.000579819 0.000608335 0.0862812 0.122283 0.323443 0.000147172 0.0143603 0.000385796 
0.0101132 0.000583145 0.000530285 0.30323 0.0280486 0.00488934 0.000767227 0.0858098 0.104878 0.448754 0.000346713 0.0054673 0.00658235 
0.01775 0.000328452 0.0042048 0.00390279 0.0695314 0.00314446 0.00029515 0.761261 0.0601796 0.0736872 5.40573e-05 0.000187736 0.0054736 
0.00247849 9.86696e-07 3.7773e-05 0.0232929 0.00488749 0.0047738 1.29713e-06 0.0143862 0.000137208 0.941611 3.61117e-07 0.00256228 0.00583016 
0.0454224 5.17943e-07 1.44314e-06 0.302378 0.0702854 2.49412e-06 0.000114529 0.106579 0.455291 0.0193356 2.56505e-07 0.00013594 0.000454467 
0.0518109 0.00550876 4.69016e-06 0.42755 0.220396 0.000203214 2.98576e-05 0.019215 0.0241207 0.249348 4.2668e-06 0.000252415 0.00155669 
0.0250669 0.0197822 0.000399101 0.11743 0.176013 0.00445116 0.00219173 0.020376 0.33289 0.237687 9.56962e-05 0.00330157 0.0603152 
0.654716 5.69605e-06 4.94186e-06 0.0855653 2.96656e-06 0.000198502 4.35261e-07 0.000143956 3.6007e-05 0.259258 4.10012e-07 1.18606e-06 6.6233e-05 
0.0100254 4.12703e-07 2.45058e-09 0.160086 0.491083 1.05977e-09 3.40207e-09 0.116657 0.0436194 0.168971 9.47123e-10 0.00890872 0.000649486 
0.264317 0.000367374 0.000227903 0.27213 0.0341506 0.00789453 0.000220275 0.0156051 0.185331 0.215872 0.000125643 0.00324929 0.000508737 
0.0171766 0.00198324 9.30765e-05 0.0728764 0.28688 0.348148 0.000971432 0.0404069 0.108192 0.115787 6.73344e-05 0.00244932 0.00496822 
0.190636 0.00156326 0.000974996 0.320785 0.209701 0.0186941 0.00119623 0.0413911 0.184497 0.0124167 0.000287083 0.00193663 0.0159197 
0.0820307 0.000770919 0.000271808 0.28493 0.104002 0.00284782 4.79713e-07 0.246019 0.1771 0.100308 5.6071e-08 0.00111187 0.000608549 
0.00283843 0.000706268 3.07791e-07 0.164077 0.126248 0.000393612 5.21894e-05 0.342872 0.348753 0.00298859 5.73799e-08 0.00296327 0.00810722 
0.000448212 0.000110026 6.48028e-09 0.829388 0.0157845 9.20499e-05 0.000567864 0.0308821 0.0934164 0.00362334 2.59275e-09 0.00236139 0.0233259 
0.0622446 0.013338 0.0028607 0.297104 0.536961 0.00181542 0.000145849 0.00508744 0.0140107 0.0659317 2.22403e-05 0.000214747 0.000263806 
0.00292552 0.00449003 0.000549319 0.0452803 0.0518657 0.00109066 0.0332101 0.0197428 0.0204309 0.81776 2.06126e-05 0.00189791 0.00073568 
0.0741373 7.425e-06 2.17524e-07 0.00807263 0.0458758 6.81521e-06 3.01983e-07 0.136166 0.00508305 0.730624 8.40709e-08 8.28096e-06 1.78648e-05 
7.60059e-05 1.27431e-08 4.4623e-06 0.000230427 0.000137408 0.97964 4.40121e-07 0.0191496 0.000457568 3.84262e-05 5.49234e-09 1.10995e-05 0.000254087 
0.125693 0.000780429 0.00125975 0.316364 0.272542 0.00547204 0.00012947 0.0249331 0.199554 0.0445178 3.00233e-05 0.000996368 0.00772853 
0.00424448 0.00313793 0.000661954 0.0396455 0.0205393 0.0126658 0.00179213 0.450179 0.0781366 0.0388654 0.00050155 0.210939 0.138691 
0.0148175 0.00099504 0.00186457 0.133312 0.0699927 0.0260818 0.001883 0.248653 0.0394069 0.46055 7.97814e-05 0.000980474 0.00138329 
2.56185e-07 5.31479e-11 2.06397e-07 0.049039 0.00163577 7.40226e-08 6.98695e-11 0.0693754 1.67639e-07 0.876697 1.94514e-11 7.71723e-07 0.00325121 
0.0526802 0.00638351 0.0123003 0.247804 0.157739 0.031453 0.00311887 0.0476282 0.0525861 0.315949 0.00152317 0.0279822 0.0428523 
1.11704e-06 0.00147794 1.04935e-07 0.0394512 0.0144534 3.79987e-05 8.94431e-08 0.14181 0.0558436 0.719509 1.97915e-09 0.023786 0.00362981 
0.202097 0.0208611 0.00197254 0.0111438 0.148582 0.000372247 8.48472e-06 0.184501 0.0405335 0.388388 4.90691e-06 4.01782e-05 0.00149518 
0.000757954 8.51274e-05 1.68812e-12 0.00159083 0.00267684 2.75542e-06 3.13165e-07 0.0377363 0.00472369 0.00132939 6.52442e-13 6.7235e-06 0.95109 
0.111793 8.68446e-06 3.42208e-05 0.0473775 0.131781 0.000449751 0.000699678 0.484845 0.027602 0.0480311 3.6281e-06 0.00239209 0.144982 
0.0112014 0.00275817 0.00306593 0.0381216 0.0171252 0.00998619 0.00712 0.455715 0.0705873 0.0172511 0.0012955 0.241615 0.124158 
0.0357071 0.00259272 0.000493541 0.121218 0.098033 0.0329834 0.00265703 0.0623487 0.58446 0.0172529 5.28639e-05 0.01391 0.0282905 
0.000347598 0.000224412 4.92295e-07 0.000724937 0.133459 5.22476e-10 1.67724e-09 0.551974 0.257513 0.0339257 4.66939e-10 0.013925 0.00790572 
0.65771 0.0032714 0.00287767 0.0919481 0.111411 0.00363581 5.57168e-05 0.0382583 0.0646923 0.00935888 2.30507e-05 0.000111667 0.0166459 
0.0485371 0.00285123 0.0001901 0.035031 0.301537 0.0117373 0.0646312 0.222586 0.274968 0.0291881 3.32982e-05 0.000742586 0.00796695 
0.172146 0.000200875 1.20892e-05 0.378771 0.341977 0.0156637 0.000970472 0.00311896 0.0813938 0.00055481 6.60715e-06 7.08728e-05 0.00511345 
0.0862536 1.48036e-07 4.55686e-08 0.000829248 0.000382213 1.45049e-07 1.77691e-08 0.445472 0.00137256 0.00379309 1.76972e-08 0.459461 0.00243611 
0.00205773 0.00358457 0.000557523 0.183925 0.128763 5.75888e-05 8.4553e-05 0.0141943 0.587878 0.0736006 1.52251e-05 3.27944e-05 0.00524999 
0.0333681 0.00292244 8.33182e-05 0.364314 0.0264383 0.052409 0.000105063 0.00653943 0.376331 0.120656 4.17261e-05 0.0150519 0.00173969 
0.00770923 0.0128209 0.000275733 0.437337 0.0127805 0.00924449 0.00232319 0.070463 0.0705249 0.37565 5.66359e-05 0.000350523 0.000463737 
0.050148 0.011442 0.00103923 0.352502 0.0293096 0.0563869 0.0114312 0.0132603 0.445362 0.0217757 0.000167996 0.000302986 0.00687246 
0.0767674 7.64499e-06 4.67666e-08 0.527043 0.11698 0.000723556 5.36834e-06 0.00268699 0.27512 0.000149166 2.51672e-09 4.89373e-05 0.00046772 
0.0365592 0.00433785 0.00256458 0.056865 0.0312959 0.0215562 0.00626428 0.624057 0.100236 0.0473959 0.000364898 0.0333099 0.0351931 
0.00775154 0.00301149 0.00276036 0.294894 0.144535 0.00625392 0.00287708 0.130412 0.0784382 0.303912 0.000406811 0.0108939 0.0138533 
0.207378 0.000279908 0.031866 0.243671 0.138664 0.0206728 6.8471e-05 0.123592 0.0291386 0.203674 7.84312e-07 4.11773e-06 0.000990558 
0.0670531 8.16896e-05 1.04393e-05 0.278611 0.0681449 0.000477335 1.64798e-06 0.109866 0.448308 0.0202812 3.01204e-07 0.000114597 0.00705013 
0.0610411 0.000233003 6.79347e-05 0.261406 0.17139 0.00210926 0.00418767 0.142665 0.340534 0.0160169 5.02036e-08 5.90586e-05 0.000289561 
0.201768 0.000235795 0.00013089 0.40214 0.0922636 0.00407264 0.000123808 0.0465978 0.219617 0.0274107 8.99082e-05 0.00169702 0.00385303 
0.000254825 1.38609e-05 1.14564e-06 0.0335505 0.00924252 0.00195779 1.43007e-05 0.713468 0.0162619 0.192072 5.995e-08 1.80338e-05 0.0331453 
0.0298036 0.00457285 0.0452227 0.0767711 0.223262 0.00577398 0.00104239 0.367084 0.100406 0.143043 0.00019437 0.00205468 0.000770531 
0.174803 0.00659096 7.53972e-05 0.154415 0.191685 0.00403375 5.2541e-05 0.0399059 0.306552 0.105904 2.30252e-05 0.000114877 0.0158452 
0.0999125 0.000197193 0.000267373 0.123085 0.622999 0.0200817 0.000599699 0.00395154 0.124188 0.00411466 2.9992e-05 9.91794e-05 0.000473984 
3.85511e-07 6.19054e-07 6.8441e-09 0.0325529 0.00130233 2.95979e-09 4.25248e-06 0.230935 0.202451 0.399839 2.64518e-09 0.130649 0.00226606 
0.00336249 3.52191e-05 1.33468e-07 0.0306305 0.0592574 6.17116e-05 5.94757e-05 0.00149369 0.0127805 0.000121849 6.31314e-08 8.39353e-06 0.892189 
0.0345178 0.000544896 0.00094614 0.376928 0.0623337 0.00906469 0.000932938 0.110635 0.144863 0.155965 0.000130438 0.00546739 0.0976709 
0.00155547 0.00336633 0.000134808 0.0459171 0.00939686 0.00056376 5.90773e-06 0.487421 0.202508 0.231518 4.29717e-07 0.0167567 0.00085603 
0.0752422 0.00975095 0.00141381 0.145112 0.109826 0.0332357 0.00653435 0.153605 0.419515 0.0278102 0.00102161 0.00529894 0.011635 
0.0172623 0.00336128 0.00516679 0.00957006 0.106593 0.0117204 0.000895896 0.672461 0.120678 0.00924752 0.000413706 0.0386668 0.00396372 
0.0765084 0.00647521 7.95946e-10 0.0450523 0.32281 2.41766e-08 0.000578453 0.0182007 0.431537 0.0971316 3.07625e-10 8.57576e-06 0.00169768 
0.00172333 0.00170727 0.000266014 0.154959 0.0741275 0.000190326 5.78958e-05 0.0269915 0.69107 0.0426915 7.26423e-06 8.64362e-05 0.00612236 
0.265114 0.000547314 0.000116729 0.486075 0.0107493 0.00115057 0.000329162 0.00303049 0.210207 0.0205481 2.89759e-05 0.00132106 0.000782837 
0.394593 0.00253073 0.0293444 0.0546695 0.227149 0.0173694 0.000582977 0.0599201 0.0233995 0.182897 0.000129307 0.000520263 0.00689532 
0.082333 8.40887e-05 3.18384e-08 1.21054e-06 0.000651735 1.37688e-08 4.42003e-08 1.28195e-05 0.849343 0.0675659 1.23052e-08 2.17937e-08 8.52266e-06 
0.0255067 0.000593917 5.50245e-05 0.104003 0.0271812 0.0116308 0.0039225 0.0704124 0.718721 0.0295809 2.70196e-05 0.00318576 0.0051796 
0.0316691 0.000186285 8.99462e-05 0.0928903 0.376664 0.0345723 0.00191778 0.0635462 0.38845 0.00499485 4.01824e-05 0.000600552 0.00437923 
0.119459 0.00496388 0.00277079 0.0560881 0.596996 0.00883658 0.00010825 0.0484859 0.0456493 0.114923 3.418e-05 0.000122948 0.00156217 
0.437153 6.38677e-07 3.34697e-06 0.000990508 7.50765e-05 8.12279e-10 5.08251e-07 0.00902951 0.375366 0.00184621 7.25937e-10 1.2857e-09 0.175535 
0.00978333 9.1664e-08 9.43388e-12 0.0298031 0.00749962 4.40655e-08 1.57293e-08 0.0098522 0.940258 0.00280316 3.6461e-12 1.16244e-07 1.2427e-07 
0.023982 0.00427686 4.86374e-05 0.0350684 0.024782 0.00136323 0.000171583 0.326576 0.00985398 0.4543 2.15599e-06 0.118393 0.00118133 
0.00113269 0.000123151 0.0112039 0.131672 0.0459937 0.00161506 9.44494e-05 0.370669 0.0860868 0.065054 2.96719e-06 0.128209 0.158143 
0.00052422 0.000513333 5.40054e-08 0.00848922 0.00657105 0.00372482 1.12984e-07 0.936842 0.0333443 0.00691356 4.80313e-12 0.0028347 0.000242317 
0.0550218 0.000719036 5.76089e-05 0.14689 0.0252515 0.00633276 0.00109073 0.037412 0.672 0.0281219 3.88428e-05 0.00556338 0.0214998 
0.324612 2.17727e-05 0.0558533 0.162635 0.0291035 0.00394426 0.00143483 0.02441 0.0847703 0.263346 4.67126e-06 0.0495648 0.000299991 
0.0441076 0.00576943 0.000315241 0.236695 0.0231844 0.0244395 0.00173948 0.0186283 0.600277 0.0247649 0.0001151 0.000120071 0.0198447 
0.0841349 0.00208207 0.00177995 0.271382 0.0515659 0.0330761 0.0041522 0.0956496 0.406966 0.0248948 0.000248736 0.00238927 0.0216789 
3.9032e-08 4.53156e-07 3.36987e-08 2.13972e-05 9.91155e-07 0.459672 6.38848e-11 0.540012 1.12372e-06 3.26768e-07 1.77853e-11 0.000255079 3.70012e-05 
0.00793405 0.000374851 0.000411454 0.0765646 0.0204274 0.0128586 0.00033162 0.679286 0.123837 0.02276 2.79061e-05 0.0100275 0.0451589 
0.133228 0.00183702 0.00138641 0.170776 0.314766 0.0178141 0.0029747 0.0576545 0.24726 0.0314805 0.000825373 0.00221057 0.0177876 
0.0040213 0.00377298 0.000108923 0.0352071 0.0845414 0.00674659 0.00022217 0.633031 0.19625 0.0339183 5.05119e-05 0.00103544 0.00109486 
0.00990597 0.000439166 0.000126396 0.170308 0.0325616 0.00646164 0.000844224 0.345965 0.386356 0.0233752 5.75792e-05 0.0150084 0.00859107 
0.0102856 0.00178389 0.00260881 0.0178689 0.0853517 0.100994 0.00612392 0.15234 0.149982 0.469612 0.000680194 0.00129893 0.00106992 
0.0981398 0.00650511 0.000579588 0.164994 0.0303781 0.22021 0.00151851 0.0365387 0.338327 0.0863724 0.000474608 0.00241648 0.0135454 
0.0154605 0.00520606 0.0493356 0.0465447 0.0664913 0.000946862 0.00111977 0.45493 0.0302808 0.269094 3.6967e-05 0.00934761 0.0512065 
0.0332593 0.000586821 9.51735e-05 0.060487 0.0527248 0.0411573 0.00875424 0.0406023 0.717856 0.00799182 2.87286e-05 0.0259417 0.0105152 
0.00177623 0.00728788 0.000486996 0.6271 0.100362 0.0473597 0.00129604 0.03874 0.10884 0.0214996 0.000191515 0.000523153 0.0445367 
0.00263193 0.0026383 0.000309156 0.0983106 0.0464059 0.0004678 0.000113529 0.409555 0.396129 0.0239653 2.95176e-06 0.00614082 0.0133299 
0.0218052 9.71552e-06 1.71106e-06 0.0294872 4.21628e-06 5.10516e-06 3.85879e-06 1.66255e-05 4.58522e-07 0.948416 4.2241e-07 1.23712e-05 0.000237444 
0.0215539 0.00377879 6.87208e-06 0.195466 0.292382 0.00393109 0.0365537 0.148593 0.0800365 0.217438 3.306e-06 0.000224305 3.17437e-05 
0.000640945 0.0019578 2.59619e-10 0.0016996 0.000122864 9.82643e-09 8.90212e-07 0.242693 0.080022 0.672863 1.0034e-10 1.74044e-07 2.27801e-08 
0.000597456 0.00011152 1.59027e-07 0.0909709 0.177649 7.93475e-07 4.6771e-07 1.18058e-07 0.726121 6.20893e-05 9.1185e-10 1.61497e-09 0.00448647 
0.146641 0.0889185 0.000127117 0.172612 0.217978 0.00151149 7.59727e-06 0.0663771 0.00683394 0.291921 1.25661e-07 0.000314518 0.00675789 
0.660731 1.3421e-05 4.20482e-05 0.010318 0.0330003 0.000954709 0.00086486 0.13824 0.154056 0.000344314 2.3837e-07 0.000964739 0.000470355 
0.202063 0.000708316 0.000436503 0.0497955 0.188606 0.00497145 0.00102104 0.126927 0.305508 0.100053 0.000107111 0.000912235 0.0188906 
0.00133655 0.000106963 6.52479e-07 0.112959 0.0151379 0.00017132 1.25695e-05 0.00749986 0.161884 0.000490452 1.86123e-10 2.64528e-08 0.700401 
