0.00748569 7.54784e-06 2.68492e-09 0.158189 0.112302 2.43741e-08 1.7991e-08 0.0422001 0.679036 0.000290051 1.47784e-09 0.00038293 0.000106446 
0.506722 0.00185803 2.55352e-05 0.032976 0.0735961 0.0123361 3.34326e-05 0.0683168 0.261868 0.0417864 1.4346e-05 5.7315e-05 0.000409995 
0.0344904 0.000201332 3.83725e-09 0.144111 0.459771 4.20268e-09 0.00289654 0.048 0.303917 0.00337827 3.49189e-09 6.51727e-05 0.00316895 
0.0021776 7.30956e-05 5.73032e-06 0.00178092 0.011743 8.87813e-06 0.000695123 0.964231 0.0177882 0.00125385 6.98128e-08 0.00010838 0.000134149 
0.0570751 4.83441e-05 0.000185264 0.490091 0.252301 0.00155105 0.000181408 0.0549552 0.12841 0.014492 2.64736e-08 0.000130231 0.000579107 
0.00455741 0.00567562 0.00047688 0.0454243 0.00887623 0.00203826 0.000218126 0.0283108 0.0075059 0.895488 0.000124067 0.000649364 0.000654949 
1.91488e-07 2.48094e-07 1.67689e-10 0.463417 0.198286 2.13211e-06 1.74622e-06 3.17612e-06 0.326385 0.0106387 6.48101e-11 1.01241e-05 0.00125636 
0.0255495 0.000265273 0.000272827 0.127628 0.108849 0.00214129 0.00142232 0.0279291 0.100118 0.596876 0.000210132 0.000380455 0.00835869 
0.000357531 0.000171276 1.28641e-08 0.0507698 0.0182127 0.000155846 1.78589e-08 0.220402 0.0136106 0.663529 4.97186e-09 0.00286411 0.0299267 
0.000693212 0.00273436 2.84981e-05 0.0122215 0.0265788 0.00180376 2.99543e-05 0.217125 0.0594555 0.00850141 4.819e-06 0.587486 0.0833376 
0.0174007 0.00088896 1.04261e-05 0.232628 0.0410516 0.00212059 8.25997e-06 0.370188 0.261005 0.0556337 6.47163e-06 0.0104155 0.00864368 
0.268527 0.000681039 0.000355892 0.122732 0.0844111 0.0045802 1.99368e-05 0.127333 0.324039 0.0393482 1.47909e-07 0.00023676 0.0277354 
0.00323422 0.00210321 0.00319054 0.441149 0.0532338 0.0198308 0.00491972 0.111295 0.266694 0.0343065 0.00113067 0.00153882 0.0573732 
0.0209074 0.00314628 0.000317536 0.331084 0.0526523 0.0156087 0.00170188 0.00924562 0.495933 0.0307129 0.000164367 0.00344157 0.0350838 
0.0625696 5.24492e-05 1.97398e-05 0.078776 0.0155487 0.00174111 0.000677463 7.16963e-05 0.115413 0.723612 5.57875e-07 0.000163924 0.00135334 
0.102153 0.00596123 6.00768e-05 0.111423 0.518674 0.0185288 0.00108044 0.0679124 0.0538562 0.0891884 2.39141e-05 0.0216309 0.00950775 
0.267466 0.00261507 0.000264003 0.0558354 0.247949 0.0674709 0.000214669 0.129381 0.0825295 0.126962 0.000189648 0.00434767 0.0147757 
0.0712629 0.000453522 8.7098e-05 0.386838 0.063316 0.0112936 0.000855395 0.0407525 0.372428 0.0345331 7.40633e-05 0.0052925 0.0128128 
0.0309896 9.63317e-05 0.00331187 0.0471979 0.14439 0.00469937 5.84421e-05 0.182151 0.125726 0.457041 5.51003e-05 0.00121069 0.00307257 
0.0653255 0.00930772 0.00412765 0.086202 0.0935732 0.0329438 0.000970547 0.0763527 0.598537 0.0139929 5.94177e-05 0.00137751 0.0172296 
0.0066493 0.00626789 0.0145851 0.0869663 0.0352178 0.0393118 0.247007 0.0895031 0.121774 0.209315 0.0014529 0.0385943 0.103355 
0.159421 0.00440115 0.000129746 0.22802 0.513929 0.0330874 0.000968419 0.0043215 0.00635964 0.0457786 9.64844e-05 0.000692828 0.00279452 
0.274041 0.00301033 5.1951e-05 0.309954 0.0522316 0.0256589 0.000127816 0.0500408 0.207939 0.0132546 4.17834e-05 0.00124634 0.0624011 
6.58479e-05 0.000534744 1.47197e-06 0.0578881 0.86398 3.20386e-07 6.39351e-06 0.0100355 0.0179061 0.0495635 2.8633e-07 9.30099e-06 8.31297e-06 
0.0234626 0.000437298 0.00426952 0.034449 0.0473563 0.00167153 0.00036082 0.7833 0.0455173 0.0451224 0.00013859 0.00234366 0.0115713 
0.157058 0.00493697 1.82824e-05 0.167652 0.0867735 0.000532151 2.36638e-05 0.0289825 0.102387 0.451406 1.35556e-05 0.00017673 3.98241e-05 
0.213696 0.00587705 0.00140517 0.353525 0.140366 0.0120898 0.000775172 0.0557002 0.176326 0.0173032 3.50828e-05 0.00640621 0.0164948 
0.104715 0.0133239 0.000873723 0.130022 0.54569 0.0294133 0.00937662 0.02654 0.0859247 0.0312219 0.000405481 0.000959874 0.0215337 
0.014291 0.000489917 7.07977e-05 0.170592 0.180832 0.00757263 0.018493 0.217605 0.0687517 0.255148 4.25206e-05 0.00235587 0.0637564 
2.74165e-06 4.44862e-07 8.13332e-08 9.25612e-05 0.00272123 2.00323e-06 6.43976e-07 0.645146 0.0208548 0.248784 8.45682e-10 0.0487954 0.0335994 
0.374598 0.0207543 0.00381205 0.192097 0.0493566 0.0110882 0.0014367 0.0982016 0.128356 0.0990493 0.00126454 0.00755951 0.0124261 
0.0782008 6.63577e-05 0.000137392 0.516919 0.0266509 0.00176111 0.000136135 0.0798211 0.185941 0.0991373 3.18819e-05 0.00146044 0.00973698 
0.00904261 0.0143296 7.70852e-05 0.0825231 0.572389 0.00274546 0.123014 0.0214968 0.118274 0.0554434 2.57565e-05 0.00018909 0.000449646 
0.101228 2.79054e-05 0.00616234 0.660946 0.0459503 0.0412723 5.13493e-05 0.041851 0.0574383 0.0439079 2.56714e-05 0.00021388 0.000925051 
0.032451 0.00364921 0.000388824 0.236551 0.024454 0.0117974 0.000530366 0.034263 0.566288 0.0595689 5.53596e-05 0.00169484 0.0283087 
0.00119294 0.00100571 0.000467397 0.159847 0.0044502 0.0379695 0.000664085 0.717821 0.0529681 0.00855642 9.02523e-05 0.0133564 0.00161069 
0.170853 0.000477405 4.61801e-05 0.215813 5.20313e-05 0.000843232 1.31254e-07 0.00482083 0.566651 0.0382708 1.66036e-08 0.00170051 0.0004719 
0.00582277 0.000193241 7.11513e-05 0.0584509 0.0352764 0.00370635 0.410836 0.134574 0.0276915 0.011762 5.97667e-06 0.0116369 0.299973 
0.00705824 6.51042e-05 3.1835e-07 0.009997 0.00360378 0.000207419 8.15253e-05 0.191411 0.0867582 0.692541 1.23039e-07 0.00127126 0.00700561 
0.0275351 3.44412e-08 3.94052e-05 0.00910961 0.0165006 0.00115536 2.64936e-05 0.170188 0.0517908 0.640375 1.2605e-08 0.0532208 0.0300586 
0.0524573 1.76391e-06 1.94715e-05 0.0364479 0.118387 2.46923e-10 0.00304318 0.234553 0.0149456 0.539818 2.20676e-10 0.000326644 4.63679e-07 
0.086667 0.000188853 2.11621e-05 0.783766 0.0388744 0.00428748 0.00033552 0.0133546 0.0621653 0.00226558 1.00111e-05 0.000661764 0.00740229 
0.00843624 0.00190741 5.59192e-07 0.00432643 4.0794e-05 2.41828e-07 7.076e-05 0.00170981 0.0652172 0.917511 2.16122e-07 0.000772585 6.25325e-06 
0.0239173 0.00108445 0.000853305 0.141634 0.26575 2.49263e-05 0.000232139 0.147569 0.372606 0.0268981 1.98838e-06 0.00029234 0.0191355 
0.0348545 0.000134693 0.000329001 0.188447 0.342472 0.11228 5.55928e-05 0.0366069 0.284416 9.85011e-06 4.42878e-08 0.000259443 0.000135432 
0.0228757 0.00199501 0.0230908 0.0187134 0.75013 0.0011129 8.91339e-05 0.0737668 0.0938823 0.0125134 2.00455e-05 0.0001641 0.00164642 
0.0168597 0.00235384 2.42252e-07 0.0384558 0.849343 0.00113156 0.000403911 0.0107652 0.0694415 0.00506882 9.36281e-08 0.00298501 0.00319113 
0.00938554 0.000705059 0.00134251 0.247154 0.0231843 0.00137098 0.000118376 0.208351 0.0781273 0.421504 2.38142e-05 0.00116964 0.00756321 
0.00744208 0.00175135 0.00399409 0.0486083 0.0647277 0.13708 0.0390737 0.0969877 0.0468274 0.515205 0.000599153 0.0323727 0.00533108 
0.0269237 0.000178928 0.000956929 0.476515 0.136901 0.0108356 0.00117853 0.0798755 0.219636 0.0155657 4.83774e-05 0.0248416 0.00654294 
1.92144e-06 6.77886e-08 1.89312e-07 0.232284 0.00655712 3.27467e-07 2.69583e-07 0.0368247 0.20401 0.467069 3.36019e-08 0.051603 0.00164949 
7.6626e-07 1.44196e-07 5.94266e-10 0.0133913 0.129794 2.56996e-10 8.25003e-10 0.630399 0.186223 0.0303832 2.29678e-10 0.00190839 0.0079008 
0.0573132 3.78663e-07 5.64323e-07 0.00629459 0.0138684 6.99274e-10 0.00742279 0.721766 0.0173073 0.00125799 6.24943e-10 0.0581924 0.116576 
0.0152241 5.74335e-07 0.0260981 0.715076 0.0437476 2.4783e-05 0.000952837 0.0153538 0.0236438 0.159216 1.55705e-07 0.000118739 0.000543278 
0.0204627 0.00475575 0.00119565 0.386444 0.0319964 0.0307186 0.00105191 0.0503538 0.38842 0.0170438 0.000122014 0.0432964 0.0241394 
1.80715e-06 4.89205e-10 4.63252e-10 1.50664e-06 5.50752e-09 1.20403e-07 6.4312e-10 0.828859 8.66602e-07 0.159723 1.79042e-10 0.00760406 0.00381052 
0.0169457 0.00106039 0.000634339 0.235961 0.0402132 0.0201523 0.0021198 0.0507197 0.124285 0.488132 0.000322006 0.0185603 0.000894663 
0.850056 6.65167e-05 9.3259e-05 0.0142252 0.000194323 8.28939e-07 2.66105e-06 0.0453201 0.0513421 0.0386873 7.40826e-07 1.31207e-06 9.62133e-06 
0.0474209 1.45692e-06 0.00379319 0.408582 0.166099 0.0106153 1.32329e-08 0.037326 0.297608 0.0267615 1.30017e-08 0.000985346 0.000807944 
0.00161175 5.06991e-08 3.6093e-06 0.902309 0.066973 0.000257234 3.13947e-08 0.00712046 0.000683777 0.0154016 2.14673e-08 0.000159011 0.00548037 
0.631048 7.5702e-05 2.12363e-05 0.317624 0.0189881 0.00432387 0.000229654 0.00777669 0.0109545 0.00842242 1.42299e-05 3.36909e-05 0.0004878 
0.0064822 0.0183804 4.13723e-05 0.0386569 0.0422822 0.000319113 2.18526e-05 0.0499743 1.78946e-05 0.796677 1.50015e-07 0.0064454 0.0407011 
0.0118294 0.00134873 0.00112094 0.0678961 0.113135 0.00665168 0.00233214 0.137257 0.279434 0.37436 0.000316882 0.000835994 0.00348164 
0.0454045 0.000197091 3.07553e-05 0.483455 0.0115245 0.00191014 0.000671366 0.0238892 0.390551 0.0327565 1.33878e-05 0.000234133 0.00936218 
0.000592941 9.2164e-05 1.9219e-07 0.00877672 0.0249122 0.00139904 0.00644007 0.92671 0.0224069 0.0078743 1.0031e-08 0.000399938 0.000395099 
0.014426 0.0014999 0.0198231 0.0246873 0.753628 0.00730744 0.00178463 0.0644449 0.0136363 0.0887395 0.000116642 0.00148976 0.00841689 
0.623631 0.000136872 0.0220117 0.104202 0.112434 0.000406338 0.000237488 0.0121197 0.100552 0.00729437 8.37255e-06 0.000219644 0.0167463 
0.00859197 0.000243562 0.00537041 0.233371 0.653989 0.0127137 0.00793095 0.0110752 0.0508114 0.00903717 0.000125079 0.000574453 0.00616579 
0.00784278 0.0305295 0.000592326 0.0909054 0.382154 0.203529 0.000235665 0.0941393 0.117193 0.0190256 0.000204502 0.00104943 0.0526 
0.0189851 0.000133746 0.000223266 0.00648376 0.102216 0.00373546 7.05146e-05 0.214899 0.00489195 0.59988 2.85275e-05 0.0295273 0.0189243 
0.018262 0.00438772 0.000637848 0.0446505 0.0404442 0.0239016 0.002565 0.51482 0.0855254 0.0502522 0.000550212 0.102478 0.111525 
0.0876278 8.76872e-10 1.81641e-07 0.0414658 0.569807 3.59094e-10 1.15276e-09 0.0301034 0.0400926 0.230903 3.20923e-10 1.42008e-07 1.84403e-07 
0.0456044 0.000637716 0.00118825 0.177155 0.268975 0.00911202 0.00118958 0.0816585 0.0280309 0.0623292 3.95037e-05 0.000284036 0.323796 
0.0594334 4.48677e-06 1.43269e-08 0.0147473 0.332236 6.19578e-09 1.98896e-08 0.023029 0.0124702 0.558075 5.53719e-09 5.06362e-06 2.6939e-07 
0.00265986 0.00269526 0.000987461 0.0483232 0.0588284 0.00209226 0.000415531 0.151122 0.0141098 0.574056 5.97314e-05 0.00388299 0.140767 
0.0189811 0.00416551 0.000543461 0.279029 0.0153403 0.0574507 0.000426747 0.0226589 0.513702 0.0338354 0.000137017 0.000307278 0.0534227 
0.117483 0.00030491 8.27367e-05 0.386814 0.0608902 0.00442034 0.00162914 0.0115221 0.385903 0.0274748 2.42209e-05 0.000305369 0.00314627 
0.00650125 0.00122419 1.16663e-08 0.00312602 0.977472 6.48098e-07 1.60487e-06 0.00124679 0.000449922 0.0097234 3.36603e-09 6.57017e-05 0.000188229 
0.0100029 4.47743e-11 4.23989e-11 0.141744 0.135703 1.83358e-11 3.10193e-08 0.0465775 0.665177 0.000313082 1.63868e-11 0.000389051 9.26216e-05 
0.194792 0.0353271 0.015564 0.064764 0.24854 0.00104962 0.110344 0.0241429 0.186804 0.0804603 4.47452e-05 0.037819 0.000348584 
0.00330675 0.00824122 0.00239861 0.0542949 0.0798996 0.00408866 0.00645004 0.0258939 0.0114694 0.732223 0.00157457 0.0599261 0.0102334 
0.00218351 0.000370141 2.54997e-07 0.000449434 1.76265e-05 0.000477377 0.0497823 0.574472 0.0145389 0.00152329 1.62273e-08 0.0310877 0.325098 
0.0112789 0.000554706 0.00199318 0.179468 0.165247 0.251605 0.000870996 0.0600625 0.307063 0.0163351 5.44307e-05 0.000790337 0.00467825 
0.0038315 5.5924e-05 3.93297e-05 0.301867 0.0464378 7.36262e-05 2.94355e-06 0.496523 0.0447405 0.0751355 1.40256e-06 0.00752786 0.0237642 
0.00716102 0.00117937 0.000298345 0.473879 0.0164473 0.00256793 0.00366373 0.0367022 0.351028 0.0695538 0.000252614 0.00690166 0.0303654 
0.0922569 0.00182621 0.00182588 0.103399 0.132797 0.00219191 0.0138351 0.0145086 0.395231 0.238481 0.000312845 0.000841289 0.00249331 
0.0391205 0.000388429 9.11689e-05 0.0101759 0.0366012 0.00039667 5.72839e-05 0.661353 0.214347 0.0100287 6.43215e-06 0.00162127 0.0258119 
0.581109 0.000310657 2.70772e-05 0.0880039 0.107044 0.000699679 0.000179335 0.00241566 0.152014 0.0605342 2.64599e-05 0.000142859 0.00749266 
0.0452467 0.00250031 5.64313e-05 0.121711 0.0606209 0.0267826 0.152229 0.151853 0.277195 0.144221 1.30565e-05 0.00864112 0.00893024 
0.0508423 0.00230239 0.00511548 0.215156 0.0641204 0.00782646 0.00724598 0.0946004 0.488738 0.0551866 0.000952165 0.00196502 0.00594821 
0.00205773 0.00358457 0.000557523 0.183925 0.128763 5.75888e-05 8.4553e-05 0.0141943 0.587878 0.0736006 1.52251e-05 3.27944e-05 0.00524999 
0.014831 0.00148061 0.000450884 0.182931 0.0161105 0.159387 0.0276727 0.0264348 0.459695 0.082927 0.000388548 0.00316318 0.0245278 
0.00978333 9.1664e-08 9.43388e-12 0.0298031 0.00749962 4.40655e-08 1.57293e-08 0.0098522 0.940258 0.00280316 3.6461e-12 1.16244e-07 1.2427e-07 
0.000572544 1.64971e-09 2.16941e-13 0.897527 0.0786088 0.000317998 3.01174e-13 0.0116426 0.00889871 0.00140108 8.38457e-14 0.000413536 0.000618147 
0.00967962 4.13475e-07 6.98358e-05 0.34657 0.257699 0.0137951 7.6067e-06 0.0128586 0.147612 0.211708 1.25319e-07 6.72806e-07 1.62261e-07 
0.00334434 0.000236047 0.0238496 0.144039 0.0522502 0.000500901 0.00333806 0.482826 0.0394709 0.227425 1.04041e-05 0.0205541 0.00215526 
0.0451713 9.45676e-05 9.54772e-06 0.0785465 0.028968 0.00390234 0.000382998 0.418931 0.315545 0.00842993 7.86332e-06 0.00784072 0.0921705 
3.92506e-07 1.37321e-07 1.56209e-10 0.0813189 0.224082 6.75541e-11 2.16861e-10 0.0019409 0.692637 9.18454e-08 6.03734e-11 3.00507e-06 1.78398e-05 
0.0218337 0.00282043 0.00167102 0.107006 0.040118 0.00422618 0.00344606 0.420138 0.131537 0.248324 0.00117639 0.00553937 0.0121644 
0.00164609 0.00243812 0.00340938 0.0654547 0.0463834 0.0437944 0.00167667 0.161198 0.0407568 0.618151 0.000854991 0.00647147 0.00776482 
0.0349829 0.00166776 0.000160135 0.137733 0.0417493 0.0931687 0.0059021 0.0509869 0.560751 0.0699794 0.000126554 0.00138532 0.00140691 
0.000553678 4.69084e-05 8.15949e-05 0.00913348 0.926686 1.0491e-08 2.79856e-06 0.0189648 0.0439838 0.000505029 9.3758e-09 8.08344e-07 4.06466e-05 
0.369835 0.000557894 0.0146999 0.0723782 0.117882 0.00393193 0.000378675 0.0171911 0.206416 0.195312 2.08507e-05 0.000824149 0.000572718 
0.00610321 0.000172184 0.000100793 0.60948 0.0846673 0.00035252 1.39474e-05 0.0853512 0.146187 0.0178723 8.45621e-06 0.00322547 0.0464662 
0.0216045 0.0116864 0.000521303 0.0634901 0.0627893 0.00654911 0.000684877 0.515079 0.0855095 0.0964258 0.000301067 0.0295386 0.105821 
0.164399 0.00013982 0.000456793 0.0398267 0.32662 0.0670942 0.0128849 0.0140773 0.373145 0.000662432 6.99112e-06 0.000272673 0.000414685 
0.0079208 0.000164912 0.000146892 0.422707 0.0356692 0.00134425 0.00116906 0.0631598 0.344012 0.0460279 0.000138062 0.0109594 0.0665812 
0.0945589 0.00986708 0.0034533 0.26295 0.0406162 0.00622492 0.00042843 0.0697385 0.115836 0.324619 0.000249257 0.00320977 0.0682492 
0.00844445 0.000836139 0.000231979 0.152031 0.0630992 0.00534633 0.000983226 0.152026 0.0293864 0.438445 0.000121004 0.147395 0.00165447 
0.167701 6.00529e-05 2.14439e-06 0.235779 0.252987 0.00123822 0.000893954 0.0184923 0.298227 0.0105453 1.63081e-06 0.00028387 0.0137881 
0.0110561 0.0113185 0.0689147 0.263314 0.167885 0.0048783 0.0121001 0.0756019 0.022112 0.29977 0.000685052 0.0488305 0.013534 
0.0081881 7.38663e-05 7.28402e-12 0.211469 0.118272 3.15004e-12 0.000115132 0.0100713 0.651072 7.66682e-05 2.8152e-12 0.000138351 0.000524318 
0.0121095 0.00684402 9.79656e-05 0.33727 0.0981503 0.0231755 0.00116431 0.0410498 0.427649 0.0360567 8.49902e-05 0.00505174 0.0112961 
0.0165461 0.00386915 0.000547045 0.0560037 0.0709568 0.00684429 0.00041967 0.706594 0.0733947 0.0466084 6.81172e-05 0.00370746 0.0144402 
0.0320548 0.00593887 0.011015 0.174206 0.187499 0.00139639 0.00022511 0.0315442 0.0370192 0.517708 0.000198706 0.000805549 0.000390024 
0.00684018 1.36278e-05 4.49291e-09 0.20837 0.260941 1.89275e-05 0.0150553 3.86891e-06 0.508687 4.32631e-05 1.73646e-09 1.35635e-05 1.38869e-05 
0.0458495 0.00773193 0.0382156 0.0240459 0.0476957 0.00387857 0.000183051 0.506964 0.0540613 0.253376 0.000169412 0.01245 0.0053785 
0.000104405 2.10519e-05 1.98178e-08 0.557552 0.00581307 1.91079e-05 2.92772e-07 0.0762699 0.247302 0.00193326 7.32339e-10 0.045474 0.0655115 
0.00333306 0.00266351 1.18154e-05 0.0680356 0.103985 1.28745e-05 9.06302e-05 0.0486073 0.00784233 0.765386 2.1218e-06 2.29217e-05 6.79343e-06 
0.0480829 0.00134037 0.000797918 0.336113 0.0658006 0.0106321 0.00066651 0.185078 0.108039 0.150308 0.00023655 0.00592098 0.0869842 
0.103387 0.000632005 0.00163953 0.0175218 0.438153 0.00784844 0.00287048 0.0276495 0.381102 0.0180474 1.4468e-06 1.85043e-05 0.00112935 
6.07616e-05 3.46539e-07 2.22629e-05 0.0418663 0.00557834 0.00290133 6.79689e-06 0.733851 0.00138423 0.00846177 3.32402e-08 0.0127582 0.193108 
0.0170554 0.000176443 3.22413e-07 0.139233 0.48005 0.000120698 4.03968e-05 0.151473 0.200373 0.00394994 3.02107e-08 0.000308748 0.00721855 
0.942389 1.5878e-06 0.000221694 9.53974e-05 0.000124912 6.50229e-07 2.08735e-06 0.000305033 0.0516012 0.0052317 5.81112e-07 1.0292e-06 2.48736e-05 
3.38064e-06 1.52776e-05 2.53763e-09 3.10412e-06 1.16526e-06 6.72729e-05 3.17415e-06 0.0227586 0.0247274 0.952412 9.80769e-10 2.25989e-06 6.16562e-06 
0.0392295 0.00451512 0.0025814 0.359757 0.287775 0.00307067 0.00198406 0.0294724 0.204401 0.0327485 5.14574e-05 0.0122033 0.0222106 
0.0207841 0.00395915 0.00812394 0.113593 0.669378 0.0256471 0.00298628 0.0368874 0.0570161 0.0488984 0.00291028 0.00307885 0.00673793 
0.114921 4.99357e-11 6.11471e-09 0.00726317 0.00261126 2.92444e-08 1.06526e-07 0.595236 0.279966 1.33665e-08 1.82758e-11 1.15081e-06 1.04173e-07 
0.0117423 5.86021e-05 6.63965e-05 0.00236551 0.0151744 0.000261347 0.00211002 0.0295905 0.0182475 0.919207 7.0414e-06 8.12137e-05 0.00108793 
0.0299054 0.00690252 0.0836181 0.0654763 0.11974 0.0394086 0.100136 0.1099 0.35995 0.048677 0.00205001 0.0197903 0.0144449 
0.00213348 0.000368742 2.57986e-05 0.744264 0.0482212 0.000687657 0.00126272 0.0500689 0.138237 0.0115647 5.92196e-06 0.00202877 0.00113164 
0.034208 0.000852689 0.00746463 0.0651868 0.117371 0.000753973 0.00665727 0.357203 0.300164 0.0840306 6.11785e-07 0.0209752 0.00513158 
0.110269 4.11523e-06 2.1681e-09 0.71664 0.0380703 0.00936715 0.000612837 0.00408386 0.120586 0.00028188 6.87127e-12 1.21697e-11 8.571e-05 
0.0204659 0.000142777 2.23029e-05 0.135424 0.0597706 0.018512 3.51663e-05 0.132994 0.556664 0.0669715 1.10439e-05 0.00129935 0.00768682 
0.129385 0.000904908 0.0648805 0.0338445 0.0408106 0.00284771 0.000628032 0.520861 0.171492 0.0166468 0.000597298 0.00984027 0.00726181 
0.00338809 0.000460943 0.000225987 0.00693838 0.0203008 0.000347124 2.25713e-05 0.139494 0.657697 0.170251 5.99947e-06 0.000614967 0.000253117 
0.494792 0.0010017 1.23363e-05 0.0632457 0.0624523 0.0107391 5.09329e-07 0.0024514 0.351258 0.013322 2.45678e-08 1.34536e-07 0.00072406 
0.339108 0.00137457 0.000675941 0.0653963 0.15886 0.00901131 1.77109e-06 0.0958989 0.270449 0.0502428 1.30856e-06 0.00136291 0.0076168 
0.0530485 0.0226074 0.000232668 0.349067 0.0531278 0.0165512 0.000971737 0.0422955 0.429842 0.0296708 9.00134e-05 0.000288624 0.00220748 
0.0185508 0.181199 2.03439e-07 0.0585695 0.217492 3.07431e-06 1.06995e-06 0.0147759 0.50305 0.00613413 1.10757e-07 1.35955e-05 0.000210991 
0.00144051 9.31193e-07 2.19871e-08 0.30675 0.0915462 1.32525e-07 1.61215e-07 0.379532 0.0644063 0.14787 8.17995e-12 0.00740144 0.00105181 
0.00529908 0.000299531 5.61491e-05 0.078224 0.108349 0.000855207 0.000394709 0.134553 0.150103 0.50944 1.77395e-05 0.00741063 0.00499752 
0.235123 1.34032e-07 0.000764695 0.0327046 0.030971 0.000374073 0.173203 0.198866 0.243641 0.00659037 1.23744e-08 0.0259616 0.0518014 
0.693784 0.000731651 0.0335743 0.038212 0.100381 0.00608001 0.00181365 0.0200546 0.07568 0.0247297 7.95661e-05 0.000185081 0.00469446 
0.711393 0.0023866 2.15287e-05 0.0688466 0.0840854 0.000974939 0.00381151 0.00486076 0.047211 0.0760346 3.65688e-06 1.14932e-05 0.000358481 
0.126075 1.87926e-07 3.42983e-10 0.0139472 0.00106395 1.48326e-10 4.76154e-10 0.16106 0.688417 0.00922887 1.3256e-10 2.34776e-10 0.00020874 
0.0870626 7.20805e-07 3.2538e-05 0.011316 0.00709561 2.95182e-07 0.000125327 0.251038 0.318971 0.32417 2.63805e-07 0.000147654 3.95418e-05 
0.0215492 0.00241504 0.0012447 0.116562 0.0346865 0.0403286 0.00200733 0.46826 0.103199 0.0491545 0.000225145 0.00466144 0.155707 
0.0682958 1.00656e-05 4.36742e-05 0.0125363 0.0294551 0.0800236 7.22489e-06 0.396797 0.100862 0.300423 1.76889e-06 0.000381307 0.0111635 
0.564996 0.00019762 0.00106523 0.202545 0.118497 0.00699089 8.49226e-05 0.0249531 0.0639034 0.0153675 1.58933e-05 0.000227619 0.00115544 
0.0330597 0.000230933 0.000274897 0.407885 0.0822305 0.00880643 0.00123997 0.28851 0.140466 0.0310738 7.13742e-05 0.000792061 0.00535895 
0.0319326 0.000287296 0.00032149 0.117775 0.00536351 0.00830309 0.00360426 0.0394334 0.776489 0.0149965 1.86374e-06 3.31935e-05 0.00145881 
0.000908188 9.96539e-06 7.72504e-12 0.00233172 0.000227826 7.8943e-05 0.0900833 0.283636 0.0128777 0.00146549 2.98565e-12 0.220812 0.387568 
7.15218e-07 1.11213e-07 2.14604e-08 0.51716 0.156575 4.38568e-08 0.000150341 1.6123e-07 0.10862 0.00468808 3.76839e-12 1.10131e-07 0.212806 
0.0510263 0.00873397 0.000528129 0.00835074 0.022696 0.00476609 0.000726924 0.200366 0.0105401 0.672826 2.37839e-05 0.0130993 0.00631662 
0.00978333 9.1664e-08 9.43388e-12 0.0298031 0.00749962 4.40655e-08 1.57293e-08 0.0098522 0.940258 0.00280316 3.6461e-12 1.16244e-07 1.2427e-07 
0.0256701 6.2922e-09 5.95839e-09 0.129193 0.125521 0.0137117 8.27187e-09 0.231709 0.0383569 0.153234 2.30286e-09 0.00274545 0.279859 
0.00978333 9.1664e-08 9.43388e-12 0.0298031 0.00749962 4.40655e-08 1.57293e-08 0.0098522 0.940258 0.00280316 3.6461e-12 1.16244e-07 1.2427e-07 
0.0740086 0.00203047 0.000383555 0.130656 0.0771372 0.00727816 0.000190039 0.00999765 0.615657 0.0525838 1.3223e-05 0.000628531 0.0294359 
0.00790355 6.03661e-06 2.92015e-05 0.000483508 0.955281 0.000376965 0.000110304 0.00478514 0.0293056 0.000368854 4.66465e-06 0.000285993 0.00105943 
7.60059e-05 1.27431e-08 4.4623e-06 0.000230427 0.000137408 0.97964 4.40121e-07 0.0191496 0.000457568 3.84262e-05 5.49234e-09 1.10995e-05 0.000254087 
0.0354881 0.00387905 0.0193078 0.0790496 0.0627428 0.00580154 0.000391686 0.259642 0.36257 0.140485 2.86785e-05 0.00550356 0.02511 
0.0961482 0.00205569 0.00190761 0.227463 0.03951 0.0104608 0.000189233 0.0477664 0.447042 0.115542 4.8479e-05 0.00549634 0.00637058 
1.82816e-09 1.5669e-13 1.48378e-13 0.539723 0.00940938 3.45226e-09 3.70985e-10 0.249251 0.0833841 0.00334502 5.73465e-14 0.108716 0.0061711 
0.168319 9.67573e-05 0.000162109 0.421737 0.0647591 0.0161618 0.000866532 0.0427574 0.21191 0.0729369 2.13526e-08 3.71034e-07 0.000293133 
0.0107127 0.00381563 0.00019782 0.123638 0.123255 0.0055324 0.00766854 0.555688 0.045194 0.0484884 2.34744e-05 0.00758934 0.068197 
0.455159 7.85706e-05 8.38894e-05 0.275779 0.0729708 0.00674504 0.000104655 0.0164917 0.091645 0.0179616 3.77146e-05 0.00403275 0.0589104 
0.0490471 5.34765e-05 3.33126e-07 1.35036e-05 0.0304432 1.0421e-06 0.821959 8.22216e-05 0.010701 0.0876873 2.73124e-07 7.56409e-06 3.90977e-06 
0.0135588 0.00521745 0.00214777 0.135783 0.129879 0.00524147 0.000951398 0.244837 0.366903 0.0831173 3.9701e-05 0.00100634 0.0113176 
0.0198551 0.000289289 0.000905943 0.337927 0.0929346 0.000579819 0.000608335 0.0862812 0.122283 0.323443 0.000147172 0.0143603 0.000385796 
0.0538197 0.0513078 0.0114888 0.0417502 0.228025 0.12935 0.00597779 0.0665065 0.395654 0.0102096 0.00123108 0.00245677 0.00222251 
0.000385671 8.13542e-09 3.77081e-09 0.720459 0.0702666 3.81287e-08 2.27505e-12 0.0415573 0.0429016 0.0538989 6.33366e-13 5.78378e-07 0.0705307 
0.0744215 0.000662508 0.00858052 0.134544 0.101368 0.00229487 0.00555219 0.37867 0.2295 0.040331 0.00011257 0.023408 0.000553668 
0.0305959 5.91551e-11 5.60168e-11 0.225521 0.149028 1.37116e-06 2.64484e-07 0.115047 0.457157 0.0202477 2.165e-11 1.36509e-06 0.00239986 
0.0526781 0.00075319 0.000135895 0.194025 0.0867153 0.00114353 9.92872e-05 0.039116 0.459451 0.164398 9.50217e-05 0.0004986 0.000892226 
0.0255848 0.0143443 0.00014275 0.103983 0.446282 0.00148857 0.000202209 0.0433253 0.0442195 0.316809 1.73358e-05 2.58132e-05 0.00357484 
0.0087396 0.00467136 0.000388591 0.0383681 0.0311192 0.00395209 0.0161863 0.38359 0.073897 0.0314817 0.000135922 0.0361019 0.371369 
0.00978333 9.1664e-08 9.43388e-12 0.0298031 0.00749962 4.40655e-08 1.57293e-08 0.0098522 0.940258 0.00280316 3.6461e-12 1.16244e-07 1.2427e-07 
0.078798 0.00395321 2.32631e-06 0.087362 0.46222 5.12549e-13 9.01254e-05 0.183241 0.138866 0.0436826 4.58067e-13 0.000490997 0.00129444 
0.0149149 0.00123372 0.000105432 0.361437 0.0773826 0.00344597 0.0372042 0.0346789 0.42132 0.0252358 2.63285e-05 0.00327628 0.0197382 
0.0111003 7.44658e-06 0.00322784 0.343683 0.0407622 0.00498978 0.00019266 0.107067 0.419217 0.0689969 4.1381e-06 0.000473349 0.000277929 
0.0604922 0.000512221 4.51879e-05 0.187057 0.0343911 0.00991863 0.00035381 0.15702 0.486115 0.00468934 1.68219e-05 0.00415339 0.0552356 
0.00674784 2.19234e-05 1.65362e-06 0.0472046 0.0106081 0.00564736 2.50971e-05 0.781524 0.126217 0.00602055 1.37198e-07 0.0007889 0.0151922 
0.0634649 0.000498608 0.000239162 0.165726 0.154178 0.016914 0.00333282 0.285219 0.294847 0.00823654 2.26539e-05 0.000869619 0.00645148 
0.0518109 0.00550876 4.69016e-06 0.42755 0.220396 0.000203214 2.98576e-05 0.019215 0.0241207 0.249348 4.2668e-06 0.000252415 0.00155669 
0.075602 0.0199007 0.000606321 0.129335 0.0785544 0.005806 0.00671138 0.059185 0.514546 0.0836571 4.66466e-05 0.0181941 0.00785531 
0.654716 5.69605e-06 4.94186e-06 0.0855653 2.96656e-06 0.000198502 4.35261e-07 0.000143956 3.6007e-05 0.259258 4.10012e-07 1.18606e-06 6.6233e-05 
0.155557 0.0117639 0.0247669 0.0801243 0.0900079 0.000470114 0.000169896 0.0490056 0.539025 0.0487289 2.75631e-06 0.000188577 0.000189031 
0.0384049 2.39603e-05 0.000579733 0.76113 0.0344795 0.00113964 8.0098e-05 0.0533423 0.0486664 0.0594414 1.41695e-05 0.000146429 0.00255163 
0.00010815 1.98613e-11 1.88076e-11 0.568068 0.123727 1.08692e-07 2.61101e-11 0.0533162 0.2527 0.000433868 7.26897e-12 0.000994503 0.000652112 
0.0651952 0.000838017 8.72664e-05 0.147012 0.0988834 0.00289704 6.29046e-06 0.0745882 0.399418 0.145125 2.59482e-06 1.77507e-05 0.0659285 
0.00283843 0.000706268 3.07791e-07 0.164077 0.126248 0.000393612 5.21894e-05 0.342872 0.348753 0.00298859 5.73799e-08 0.00296327 0.00810722 
0.199925 0.0581598 2.57882e-09 0.0950693 0.343296 1.18127e-06 2.11759e-06 0.153258 0.125765 0.0241757 9.96687e-10 9.81416e-06 0.000337731 
0.140868 0.0107988 1.16494e-06 0.135729 0.00829043 0.0125137 8.1731e-06 0.0128827 0.116489 0.56239 3.95461e-07 2.16008e-06 2.64394e-05 
0.00309177 0.00305497 0.000446001 0.0862422 0.0474004 0.0053321 0.0258664 0.0147213 0.028114 0.777725 3.04227e-05 0.000236857 0.00773832 
0.0383803 0.0055045 0.000666714 0.48008 0.303914 0.0530154 0.000330239 0.0136352 0.0610558 0.034342 0.000271568 0.00580617 0.00299763 
0.0301193 0.00235359 1.23908e-06 0.0131259 0.0790131 0.0012873 5.73091e-05 0.678135 0.130444 0.0584727 8.293e-07 0.000224408 0.00676528 
0.624269 0.000572071 0.000666583 0.0435302 0.03101 0.00150505 0.000558979 0.0217449 0.118398 0.15605 0.000146036 0.000478093 0.00107167 
0.0724802 0.00124139 0.0410576 0.27837 0.09246 0.00868237 0.000339589 0.0812602 0.116773 0.293332 0.00014835 0.00586589 0.00798915 
0.0769243 2.01243e-06 4.87664e-09 0.04762 0.426208 6.5341e-08 6.77011e-09 0.167587 0.113721 0.145833 1.88477e-09 2.88032e-07 0.0221045 
0.00461636 1.75093e-05 6.15688e-09 0.00774548 0.0578368 0.000319218 1.74698e-11 0.925296 0.00319519 0.000802382 4.86353e-12 0.000153336 1.79987e-05 
6.97106e-06 9.87029e-09 6.92629e-08 0.0996345 0.900282 3.88329e-07 1.29757e-08 9.50878e-06 2.46469e-05 2.95648e-05 3.61239e-09 1.08339e-05 1.57791e-06 
0.0873491 0.000629895 0.000852284 0.0545595 0.0447058 0.00421003 0.00016808 0.158177 0.570307 0.0303388 0.000105085 0.00819558 0.0404024 
0.0881257 0.0119646 0.000429476 0.318522 0.327139 0.0161831 0.00349658 0.0316244 0.0926795 0.101578 6.04622e-05 0.00044386 0.00775377 
0.0320372 0.00551509 0.00889554 0.162407 0.478021 0.0133569 0.000223875 0.0467867 0.161363 0.0751377 0.000182888 0.000698591 0.0153737 
0.097834 0.00136294 2.37283e-05 0.124007 0.0166753 0.00436622 5.01814e-05 0.0101068 0.723211 0.0012693 1.33935e-05 0.000646589 0.0204333 
0.0357071 0.00259272 0.000493541 0.121218 0.098033 0.0329834 0.00265703 0.0623487 0.58446 0.0172529 5.28639e-05 0.01391 0.0282905 
0.000347598 0.000224412 4.92295e-07 0.000724937 0.133459 5.22476e-10 1.67724e-09 0.551974 0.257513 0.0339257 4.66939e-10 0.013925 0.00790572 
0.65771 0.0032714 0.00287767 0.0919481 0.111411 0.00363581 5.57168e-05 0.0382583 0.0646923 0.00935888 2.30507e-05 0.000111667 0.0166459 
0.245282 1.59849e-05 6.5265e-09 0.625088 0.0125208 0.00133875 8.29513e-08 0.000173843 0.115312 0.000229321 1.06288e-11 3.16693e-08 3.90287e-05 
0.0663488 0.000203145 6.96138e-06 0.683493 0.0280179 0.000833107 5.19276e-06 0.00828973 0.100909 0.111833 4.87759e-06 1.92125e-05 3.57839e-05 
0.0360209 9.65725e-09 0.000377598 0.0579651 0.00886109 4.55289e-05 3.7167e-10 0.733564 0.0534801 0.0802599 1.03472e-10 0.00319633 0.0262289 
0.0132641 0.00192989 0.00238636 0.0866649 0.0556228 0.0539227 0.0041233 0.422496 0.055176 0.226563 0.00113474 0.00567309 0.0710428 
0.00461636 1.75093e-05 6.15688e-09 0.00774548 0.0578368 0.000319218 1.74698e-11 0.925296 0.00319519 0.000802382 4.86353e-12 0.000153336 1.79987e-05 
0.0130263 0.000132135 0.000138727 0.047031 0.0393355 0.00125825 0.000152157 0.751699 0.0662476 0.00805555 2.57885e-05 0.04549 0.027408 
0.050148 0.011442 0.00103923 0.352502 0.0293096 0.0563869 0.0114312 0.0132603 0.445362 0.0217757 0.000167996 0.000302986 0.00687246 
0.093005 0.000248453 2.41546e-05 0.080864 0.0143612 0.00349922 0.000109321 0.0230358 0.753642 0.000271769 2.29891e-05 0.000119904 0.0307957 
5.55407e-07 9.21871e-11 8.72965e-11 4.64479e-07 0.000323035 3.77521e-11 1.21191e-10 0.981454 0.00548095 2.65585e-07 3.37392e-11 3.37598e-08 0.0127406 
0.205298 0.000449749 0.000795922 0.413334 0.187652 0.00318771 0.000109261 0.0310278 0.144573 0.00604435 3.45687e-05 0.000450606 0.00704214 
0.0616875 0.317197 0.0131146 0.0104314 0.0434367 0.00401502 0.00296401 0.329273 0.0716865 0.0476311 0.000140262 0.0872572 0.0111658 
0.0161157 0.00125643 0.0213812 0.198008 0.551721 0.000393376 0.000717316 0.0538377 0.0604845 0.0517013 1.56422e-05 0.00114455 0.0432227 
0.0735214 0.000563711 1.40288e-05 0.298026 0.0503517 0.00255235 0.000152972 0.0371442 0.500773 0.0260876 1.26197e-05 0.00130713 0.0094933 
0.0477458 0.000171862 1.251e-05 0.501734 0.20332 0.0795763 0.00225389 0.089533 0.0322227 0.0428239 1.22656e-05 0.000499552 9.4319e-05 
0.0227177 5.41076e-05 0.000808852 0.0564724 0.180509 0.00327172 0.00032526 0.109197 0.62129 0.00490951 1.31992e-06 0.000176954 0.000266559 
0.00619977 1.7179e-05 6.72046e-08 0.0386165 0.78656 2.94981e-05 6.05432e-05 0.00680123 0.140172 9.76322e-05 3.67401e-10 0.000257685 0.0211884 
0.0879479 0.00146314 0.000212198 0.208933 0.0626705 0.0128629 0.00168414 0.062359 0.528886 0.00896227 0.000174183 0.00366822 0.0201767 
0.00806079 0.000703099 0.00441032 0.0597382 0.0296503 0.00175909 0.000158699 0.634508 0.0412654 0.213575 8.90611e-05 0.00458422 0.00149753 
0.0327043 0.00514152 0.00104558 0.606205 0.0736277 0.00402123 0.00350481 0.039495 0.159372 0.0546613 0.000419169 0.0017955 0.018007 
0.0999125 0.000197193 0.000267373 0.123085 0.622999 0.0200817 0.000599699 0.00395154 0.124188 0.00411466 2.9992e-05 9.91794e-05 0.000473984 
0.0358496 0.00111065 0.000142359 0.0306744 0.0606189 0.00179055 0.00389554 0.768791 0.0233517 0.0601788 8.02813e-06 0.00101036 0.0125786 
0.041674 0.0733159 4.55567e-05 0.0074771 0.010882 0.000270211 4.81031e-05 0.529115 0.217743 0.0240847 8.57949e-07 0.0457736 0.0495701 
0.0808423 0.000560646 0.000175581 0.518647 0.0378845 0.0160595 0.000125616 0.0701018 0.180448 0.0259501 9.54632e-05 0.0332834 0.0358267 
0.0752422 0.00975095 0.00141381 0.145112 0.109826 0.0332357 0.00653435 0.153605 0.419515 0.0278102 0.00102161 0.00529894 0.011635 
0.0103461 0.00250558 0.0046359 0.546047 0.153453 0.0044163 0.000630731 0.0155566 0.236354 0.022023 9.79748e-06 0.000271415 0.00375032 
6.57171e-08 7.93472e-05 9.23234e-12 0.0744202 0.114814 3.99261e-12 0.00403229 0.399204 0.401975 0.00431135 3.56821e-12 2.86013e-06 0.00116126 
0.158392 0.000458111 4.59179e-05 0.11923 0.00784463 0.00432549 0.0121862 0.0247076 0.526658 0.0229229 4.30452e-05 0.0672645 0.0559212 
0.0666057 1.45658e-05 5.34418e-07 0.161579 0.132659 9.23957e-07 0.00691567 0.309808 0.30209 0.0163165 9.49319e-08 1.65074e-06 0.00400836 
0.00858394 0.00512891 6.02547e-09 0.0436793 0.00304454 6.37835e-07 8.36499e-09 0.169513 1.39663e-05 0.770031 2.32878e-09 4.1245e-09 3.82091e-06 
0.0242756 0.0217664 0.000528368 0.0184956 0.198011 0.0198444 0.000363951 0.149779 0.0551551 0.510616 0.000120696 0.000684419 0.000359356 
0.000589842 7.32988e-09 7.99382e-06 0.798272 0.0238996 0.000482881 9.63603e-09 0.047009 2.79806e-05 0.128946 2.68264e-09 0.00034376 0.000420138 
0.023342 0.00640701 0.000618039 0.24153 0.389555 0.0670782 0.00123086 0.0352309 0.178269 0.05099 0.00011001 0.000143371 0.00549526 
0.000713766 0.0476407 0.0333267 0.0676561 0.679363 0.000391455 0.0198552 0.0310316 0.00565356 0.112288 9.01831e-05 0.000123639 0.00186633 
2.66287e-05 2.60412e-05 1.16684e-08 0.012598 0.00173732 5.0461e-09 7.07363e-06 0.937911 0.017037 0.0215838 4.50972e-09 0.00833125 0.00074138 
0.0353033 0.000638828 0.000238136 0.0337594 0.120312 0.0179529 0.00348002 0.142644 0.0387489 0.531225 0.000128214 0.0346888 0.0408813 
0.00571109 0.112084 0.00151063 0.0157633 0.0184213 0.000523962 0.00027636 0.446361 0.347831 0.0484032 6.01469e-05 0.00109296 0.00196089 
0.00222319 8.95877e-06 0.000144393 0.655721 0.0820755 0.000421643 0.00551714 0.100189 0.0511722 0.100225 6.33502e-06 0.00094474 0.00135122 
0.00228069 7.70311e-05 1.14549e-06 0.357553 0.153194 9.74269e-05 2.06179e-05 0.148164 0.306342 0.00881191 3.90542e-07 0.0119842 0.0114743 
0.0550218 0.000719036 5.76089e-05 0.14689 0.0252515 0.00633276 0.00109073 0.037412 0.672 0.0281219 3.88428e-05 0.00556338 0.0214998 
0.19373 0.00217392 0.00375934 0.519131 0.098111 0.0374201 0.00193379 0.0105925 0.0904611 0.0419685 0.000115331 0.000351254 0.00025264 
0.00287255 1.52717e-08 1.44616e-08 0.0636495 0.0342122 0.0302637 2.37819e-05 0.710102 0.0324701 0.115011 5.58925e-09 0.0090368 0.00235827 
0.0423152 0.0230346 5.1679e-05 0.0690358 0.0532085 0.000441769 0.00236142 0.536535 0.0599182 0.0212722 1.93016e-05 0.0726851 0.119121 
3.9032e-08 4.53156e-07 3.36987e-08 2.13972e-05 9.91155e-07 0.459672 6.38848e-11 0.540012 1.12372e-06 3.26768e-07 1.77853e-11 0.000255079 3.70012e-05 
0.00714959 5.46051e-06 1.50149e-11 0.135286 0.178114 3.45765e-09 0.00139828 0.0581687 0.60695 0.0128559 5.8031e-12 3.07049e-08 7.18292e-05 
0.0088498 0.00148052 0.000934792 0.0763733 0.119749 0.00610312 0.000306067 0.0578795 0.263426 0.42195 8.72232e-05 0.022222 0.0206395 
0.00216941 0.000834081 0.00024517 0.153384 0.0300259 0.00492763 0.00935209 0.650253 0.0648092 0.0569157 5.55435e-05 0.00888712 0.0181403 
0.0448278 0.00491227 9.39686e-05 0.0731508 0.0359862 0.000419136 0.000101342 0.0530363 0.481028 0.216391 5.08194e-05 0.0825715 0.00743089 
0.00587753 3.53771e-05 5.23026e-06 0.0223566 0.748664 0.00779498 0.0026694 0.114189 0.036405 0.0538211 5.1518e-06 0.00323005 0.00494637 
0.0406782 3.03923e-05 1.90641e-07 0.116447 0.33939 0.00715425 0.0134308 0.110422 0.362999 0.00915918 6.20567e-08 5.42768e-07 0.000288276 
0.00177965 0.00086652 0.00242843 0.156959 0.0400902 0.00207921 0.00170562 0.667006 0.0479097 0.0413504 2.46828e-05 0.00880812 0.0289926 
0.035644 0.000608736 7.51054e-05 0.00818537 0.0288223 0.00031883 0.00185284 0.837883 0.0686643 0.00450385 2.23255e-08 0.0108818 0.00256023 
0.0981398 0.00650511 0.000579588 0.164994 0.0303781 0.22021 0.00151851 0.0365387 0.338327 0.0863724 0.000474608 0.00241648 0.0135454 
0.0448278 0.00491227 9.39686e-05 0.0731508 0.0359862 0.000419136 0.000101342 0.0530363 0.481028 0.216391 5.08194e-05 0.0825715 0.00743089 
0.0154605 0.00520606 0.0493356 0.0465447 0.0664913 0.000946862 0.00111977 0.45493 0.0302808 0.269094 3.6967e-05 0.00934761 0.0512065 
0.0656633 0.00802575 0.000458587 0.53798 0.088046 0.0160015 0.000416029 0.0383122 0.15656 0.0622982 0.000395656 0.00253457 0.0233082 
2.49331e-07 2.12841e-10 2.0155e-10 0.14553 0.125335 2.96438e-07 2.79806e-10 0.262961 2.95846e-06 0.326157 7.78969e-11 0.137222 0.00279051 
0.00177623 0.00728788 0.000486996 0.6271 0.100362 0.0473597 0.00129604 0.03874 0.10884 0.0214996 0.000191515 0.000523153 0.0445367 
0.0168255 0.000478802 1.3574e-05 0.572479 0.0303804 0.00303323 5.80701e-05 0.0286741 0.336476 0.00946416 8.92163e-06 0.00171962 0.00038872 
0.00142921 0.000911078 8.77815e-08 0.236699 0.0114027 0.00114347 0.00119825 0.00143222 0.744728 0.000607825 3.39267e-08 0.000305845 0.000141953 
0.000640945 0.0019578 2.59619e-10 0.0016996 0.000122864 9.82643e-09 8.90212e-07 0.242693 0.080022 0.672863 1.0034e-10 1.74044e-07 2.27801e-08 
0.0316681 0.00312904 0.00462453 0.0868129 0.515804 0.0484761 0.00049632 0.0937776 0.129785 0.0784845 0.000152794 0.00114069 0.00564821 
0.00133655 0.000106963 6.52479e-07 0.112959 0.0151379 0.00017132 1.25695e-05 0.00749986 0.161884 0.000490452 1.86123e-10 2.64528e-08 0.700401 
0.023851 0.000326861 0.000530336 0.00756881 0.89299 0.00455938 0.000682631 0.00633044 0.0598864 0.0028518 2.9717e-05 0.000231349 0.000160892 
0.0641368 0.000117545 0.000494816 0.448069 0.208363 0.0180341 0.00235847 0.00926442 0.118624 0.113015 5.06299e-05 0.000150839 0.0173216 
8.14058e-05 0.000196748 4.34849e-08 0.154147 1.47423e-05 1.88054e-08 5.33601e-07 0.76627 6.29736e-05 0.0584321 1.68065e-08 0.000269144 0.0205253 
0.0815367 0.00141509 0.000567869 0.302896 0.14206 0.00349527 0.00208366 0.170104 0.127701 0.150538 9.44932e-05 0.000499418 0.0170098 
0.00978333 9.1664e-08 9.43388e-12 0.0298031 0.00749962 4.40655e-08 1.57293e-08 0.0098522 0.940258 0.00280316 3.6461e-12 1.16244e-07 1.2427e-07 
0.0313852 1.00777e-05 8.19749e-06 0.0625788 0.514612 0.0381227 0.000614113 0.230717 0.0930991 0.023381 3.6496e-06 0.00160825 0.00386037 
7.60059e-05 1.27431e-08 4.4623e-06 0.000230427 0.000137408 0.97964 4.40121e-07 0.0191496 0.000457568 3.84262e-05 5.49234e-09 1.10995e-05 0.000254087 
3.64632e-05 2.0152e-08 5.63679e-06 0.0114077 0.0134194 8.25257e-09 2.64923e-08 0.112998 0.00786067 0.854257 7.37535e-09 3.39655e-06 1.24735e-05 
0.00133655 0.000106963 6.52479e-07 0.112959 0.0151379 0.00017132 1.25695e-05 0.00749986 0.161884 0.000490452 1.86123e-10 2.64528e-08 0.700401 
0.0554396 0.00223702 0.0191943 0.111219 0.105193 0.00520283 0.000301256 0.160209 0.486181 0.0345913 0.000284538 0.00203308 0.0179147 
0.00894132 7.16262e-08 1.59981e-11 0.549653 0.192775 1.48777e-07 5.54671e-09 0.0876221 0.135486 0.0134348 6.18309e-12 0.011607 0.000480503 
0.0114908 0.00450607 0.00118529 0.0611638 0.0362647 0.0123346 0.000417174 0.672796 0.0823295 0.027878 0.00024216 0.0357796 0.0536124 
0.0616594 0.00259539 0.000156095 0.262343 0.0393983 0.0195962 0.000776913 0.107716 0.148168 0.32357 0.000117819 0.0130313 0.0208719 
0.00430672 0.000301043 0.000364763 0.680698 0.11846 0.000499819 4.92169e-05 0.0363731 0.143737 0.00693318 1.15513e-05 0.00180736 0.00645793 
0.00168697 6.44283e-05 5.97096e-06 0.545989 0.321407 0.0182885 0.00022221 0.0329757 0.0770254 0.000130776 1.22115e-06 0.00192367 0.000279747 
0.0989287 0.00086557 0.000210336 0.0114227 0.0715354 0.000135064 0.000343889 0.00894064 0.021589 0.78485 6.89362e-05 0.000241308 0.000868251 
0.017133 3.13765e-05 5.20558e-05 0.0129687 0.0273602 0.00976451 1.18544e-05 0.011575 0.0958295 0.823958 1.99929e-06 0.00125536 5.84918e-05 
