0.00122541 0.00164737 0.0153142 0.498006 0.165522 0.0363848 0.00179012 0.0359116 0.0353055 0.188894 0.00920583 0.000937788 0.00985551 
0.0403175 0.000185618 8.40035e-05 0.000350445 0.00258227 0.000121578 9.71167e-06 0.700954 0.0142267 0.174364 8.37423e-06 8.36548e-07 0.0667949 
0.00293628 0.00184752 0.000970322 0.147419 0.0739759 0.604524 0.00379385 0.0296885 0.0418471 0.0152869 0.0686064 0.000431928 0.00867234 
0.00293628 0.00184752 0.000970322 0.147419 0.0739759 0.604524 0.00379385 0.0296885 0.0418471 0.0152869 0.0686064 0.000431928 0.00867234 
0.00918293 0.017709 0.0035807 0.026182 0.119833 0.00313976 0.0207398 0.313742 0.219573 0.261499 0.0036232 0.000374087 0.000821729 
0.0921631 0.00497743 0.109198 0.230635 0.0781715 0.0523439 0.00271204 0.0599931 0.280031 0.0771745 0.00147447 0.00131828 0.0098081 
0.000627131 0.000280105 6.69309e-10 0.000607561 0.00478278 0.000345333 9.29183e-10 0.0237692 0.00241849 0.967109 6.06093e-05 4.58149e-10 1.21245e-07 
0.00293628 0.00184752 0.000970322 0.147419 0.0739759 0.604524 0.00379385 0.0296885 0.0418471 0.0152869 0.0686064 0.000431928 0.00867234 
0.00551957 0.00456708 9.84969e-09 0.0676836 0.423425 1.92242e-05 7.36686e-05 0.0285314 0.0156917 0.454465 7.07664e-06 6.74222e-09 1.62859e-05 
0.00750764 0.000705692 0.00201362 0.381482 0.267434 0.0201559 0.000501603 0.0111997 0.00268795 0.300431 0.0022787 2.48889e-05 0.00357697 
0.00293628 0.00184752 0.000970322 0.147419 0.0739759 0.604524 0.00379385 0.0296885 0.0418471 0.0152869 0.0686064 0.000431928 0.00867234 
0.0334063 0.0109324 0.00144022 0.205701 0.256838 0.0130495 0.0526923 0.0627419 0.0780742 0.260645 0.0222734 0.000708811 0.00149622 
0.000468755 0.980686 8.53646e-08 0.000651691 0.00057821 2.34099e-07 3.18027e-10 9.70092e-07 0.00343799 0.012578 0.00159831 1.56808e-10 1.97398e-07 
0.00457128 0.000816373 0.000992031 0.233418 0.474582 0.13555 0.027852 0.00416846 0.042807 0.0352649 0.0362805 7.86626e-05 0.00361785 
0.0137686 0.181217 0.0028229 0.0772548 0.540578 0.0809163 0.0101402 0.0172501 0.046851 0.0256482 0.00335225 4.23398e-05 0.000158745 
0.000627131 0.000280105 6.69309e-10 0.000607561 0.00478278 0.000345333 9.29183e-10 0.0237692 0.00241849 0.967109 6.06093e-05 4.58149e-10 1.21245e-07 
0.00293628 0.00184752 0.000970322 0.147419 0.0739759 0.604524 0.00379385 0.0296885 0.0418471 0.0152869 0.0686064 0.000431928 0.00867234 
0.679149 0.000270719 9.37203e-05 0.0420897 0.179324 0.00672003 0.00231714 0.0142688 0.0521004 0.0170048 0.00263793 7.40027e-05 0.00394966 
0.00536827 6.93132e-05 2.07212e-08 0.495095 0.0104461 0.000144787 4.05392e-07 0.0275089 0.449181 0.00682054 1.96382e-08 1.61154e-09 0.00536558 
0.0649058 0.000342382 0.0029846 0.171338 0.119475 0.0134442 0.00605811 0.276361 0.244622 0.0406896 0.00898901 7.20529e-05 0.0507182 
0.00528153 0.00221364 0.000302638 0.135934 0.607924 0.0169046 0.00439256 0.0298079 0.0215049 0.168316 0.00341808 6.8552e-06 0.00399299 
0.00131967 2.14329e-08 1.52158e-05 0.177634 1.52194e-05 2.1673e-06 2.81761e-08 0.00325465 0.00351543 0.813891 3.41588e-06 1.38927e-08 0.000349175 
6.06423e-06 1.45807e-05 4.97668e-05 0.306645 0.0507382 0.133316 0.110454 0.00402498 0.351216 0.0435297 9.94294e-07 3.97414e-07 3.02519e-06 
0.00293628 0.00184752 0.000970322 0.147419 0.0739759 0.604524 0.00379385 0.0296885 0.0418471 0.0152869 0.0686064 0.000431928 0.00867234 
0.0782893 0.00281479 0.00234559 0.270833 0.225641 0.0718281 0.00493221 0.0487994 0.271964 0.0144309 0.00271237 0.00168016 0.00372943 
0.004049 0.00332681 1.36971e-05 0.500274 0.0146371 0.109192 0.00130258 0.00215709 0.331992 0.00312785 9.23273e-05 1.33284e-05 0.0298227 
0.00027845 0.00130773 0.000284642 0.048506 0.140319 0.000501872 0.000218315 0.0198354 0.0131695 0.774155 0.00032355 8.88037e-05 0.00101088 
0.000468755 0.980686 8.53646e-08 0.000651691 0.00057821 2.34099e-07 3.18027e-10 9.70092e-07 0.00343799 0.012578 0.00159831 1.56808e-10 1.97398e-07 
0.00499029 0.000578373 0.000699622 0.184743 0.158742 0.0141423 0.00135908 0.0197734 0.00639571 0.600538 0.000977828 0.000526574 0.00653444 
0.049249 0.000724812 1.04259e-08 0.0447721 0.139235 0.206829 0.00314843 0.00878309 0.517379 0.02987 6.90486e-06 7.13667e-09 3.8536e-06 
0.0303672 0.00100318 8.43714e-06 0.0610742 0.199545 0.00362399 0.0531391 0.279627 0.155529 0.21272 7.61408e-06 4.44208e-07 0.003355 
0.0507495 0.00954751 0.00506882 0.0854037 0.330527 0.0507584 0.00316279 0.122072 0.103915 0.220585 0.00179733 0.000478749 0.0159346 
0.249105 0.000187843 2.00665e-09 0.0133344 0.0248739 0.209681 2.78578e-09 0.0792471 0.199658 0.223845 5.96765e-05 1.37357e-09 7.88059e-06 
0.00351206 0.000875525 2.90082e-05 0.0150906 0.0988309 0.790715 6.45117e-06 0.00167014 0.0112739 0.0561457 0.0213204 4.73208e-07 0.000529485 
0.0334209 0.00316263 0.000179397 0.550552 0.165182 0.0482574 0.0101583 0.0446214 0.116388 0.00749779 0.000498117 0.000173115 0.0199082 
0.358187 0.000187904 0.000701829 0.200953 0.204661 0.00583936 0.000204321 0.0286836 0.0595483 0.129271 0.0003577 0.000152496 0.0112521 
0.00528153 0.00221364 0.000302638 0.135934 0.607924 0.0169046 0.00439256 0.0298079 0.0215049 0.168316 0.00341808 6.8552e-06 0.00399299 
0.000468755 0.980686 8.53646e-08 0.000651691 0.00057821 2.34099e-07 3.18027e-10 9.70092e-07 0.00343799 0.012578 0.00159831 1.56808e-10 1.97398e-07 
0.182285 0.00122104 0.00223273 0.125625 0.161534 0.0322275 0.00265839 0.0622405 0.406018 0.0102784 0.00203675 0.000739653 0.0109039 
0.000627131 0.000280105 6.69309e-10 0.000607561 0.00478278 0.000345333 9.29183e-10 0.0237692 0.00241849 0.967109 6.06093e-05 4.58149e-10 1.21245e-07 
0.0662546 0.015031 0.00139553 0.404683 0.0143234 0.0514135 0.000576204 0.00352224 0.41207 0.0275717 0.000187745 6.40555e-05 0.00290765 
0.0103977 0.0879806 0.00695955 9.53942e-07 0.250121 0.020505 0.00714795 0.13441 0.280174 0.126193 0.0761076 9.53482e-07 9.53843e-07 
0.00517221 0.807887 0.000587781 0.0371236 0.0365448 0.0183116 0.000409127 0.0306096 0.00556002 0.0314308 0.00380787 2.24698e-05 0.0225331 
0.000627131 0.000280105 6.69309e-10 0.000607561 0.00478278 0.000345333 9.29183e-10 0.0237692 0.00241849 0.967109 6.06093e-05 4.58149e-10 1.21245e-07 
0.0344189 0.00963068 0.000313683 0.289627 0.0158136 0.0444744 0.000240158 0.0156182 0.558031 0.0235243 0.000171362 0.000114064 0.00802258 
0.00178301 0.000801005 2.10138e-09 0.102979 0.201498 0.00256001 0.000515986 0.00313797 0.0136917 0.672238 0.000794463 1.43842e-09 8.48878e-07 
0.000121632 0.00344772 3.49541e-05 0.0698732 0.107988 0.000255787 6.34901e-06 0.000431438 0.000517072 0.81724 4.23302e-05 3.13048e-06 3.79542e-05 
5.66419e-06 2.03847e-08 9.3669e-07 0.260008 7.31181e-07 1.24814e-06 2.65329e-10 2.3789e-06 0.739977 1.94548e-06 1.77353e-07 1.30825e-10 1.87437e-06 
0.0680586 0.00161826 0.00374952 0.209385 0.604505 0.0133406 0.0021159 0.0201659 0.0546627 0.013664 0.0061785 0.000158517 0.0023981 
0.65115 0.00407551 0.00240359 0.0501567 0.0865567 0.0375151 0.000960745 0.0213777 0.106538 0.0364586 0.000408909 0.000239214 0.00215941 
0.0617133 0.000987608 0.000323558 0.369477 0.361317 0.0200189 0.000904087 0.010272 0.0273695 0.127406 0.0143691 0.000242414 0.00559913 
0.00765257 0.0112284 0.00027504 0.147371 0.0630072 0.0111152 0.0041898 0.00856869 0.029587 0.714453 0.000168541 7.41375e-05 0.00230862 
0.00536827 6.93132e-05 2.07212e-08 0.495095 0.0104461 0.000144787 4.05392e-07 0.0275089 0.449181 0.00682054 1.96382e-08 1.61154e-09 0.00536558 
0.307239 0.044654 0.000955314 0.0104921 0.357717 0.00154797 0.149329 0.0305123 0.066027 0.0312256 0.000266959 8.81661e-07 3.28397e-05 
0.0182624 0.0219411 0.0014361 0.0107401 0.416643 6.8385e-07 0.0017773 0.0953549 0.0420007 0.375906 0.00307813 6.83709e-07 0.0128593 
0.00293628 0.00184752 0.000970322 0.147419 0.0739759 0.604524 0.00379385 0.0296885 0.0418471 0.0152869 0.0686064 0.000431928 0.00867234 
0.227815 0.00819262 0.0218253 1.36424e-05 0.0450328 1.36386e-05 0.0368091 1.36422e-05 1.36424e-05 0.613851 1.36392e-05 1.36358e-05 0.046393 
0.0662546 0.015031 0.00139553 0.404683 0.0143234 0.0514135 0.000576204 0.00352224 0.41207 0.0275717 0.000187745 6.40555e-05 0.00290765 
0.000627131 0.000280105 6.69309e-10 0.000607561 0.00478278 0.000345333 9.29183e-10 0.0237692 0.00241849 0.967109 6.06093e-05 4.58149e-10 1.21245e-07 
0.0608025 3.28687e-10 3.1125e-10 0.0776951 1.17728e-06 0.000649341 4.32099e-10 0.0201881 0.000884217 0.786327 0.000358175 2.13054e-10 0.0530949 
3.97762e-06 2.85013e-06 4.35041e-05 0.0175042 9.18775e-06 9.38924e-06 1.14091e-07 0.751002 0.0976688 0.133754 4.75649e-08 2.79874e-10 1.91383e-06 
0.133497 0.000204406 1.46601e-07 0.00750098 0.104407 0.00373545 0.192646 0.0426331 0.0413677 0.47397 2.3584e-06 1.0035e-07 3.54412e-05 
0.130629 0.00111345 0.00890273 0.14043 0.186759 0.0857586 0.00296916 0.0326685 0.282877 0.126785 8.77916e-05 6.62325e-06 0.0010131 
0.0493983 0.0128286 0.0262226 0.023906 0.0929126 0.151438 0.00431425 0.0103299 0.017214 0.593344 0.0153977 2.99752e-05 0.00266305 
0.0309795 0.00284506 0.00241751 0.157235 0.255909 0.220542 0.00372183 0.0476167 0.222384 0.0244615 0.0101839 0.00124725 0.0204566 
0.00023974 0.00729085 5.38861e-10 0.007689 0.0436564 0.279879 1.04063e-06 0.0548115 0.374812 0.223961 9.16734e-06 3.68856e-10 0.00764988 
0.00542023 0.0385842 0.0008272 0.0187374 0.569582 0.285086 3.03386e-05 0.039787 0.000192878 0.0400056 0.00149919 2.75904e-05 0.000220132 
0.000468755 0.980686 8.53646e-08 0.000651691 0.00057821 2.34099e-07 3.18027e-10 9.70092e-07 0.00343799 0.012578 0.00159831 1.56808e-10 1.97398e-07 
0.0328719 0.000843948 5.31843e-09 0.00902305 0.845549 2.65699e-07 0.000275414 0.0072513 0.0362548 0.0679251 9.89849e-08 3.64052e-09 4.62492e-06 
0.11348 0.000383663 5.37431e-06 0.180919 0.0664873 0.00172049 8.57018e-08 0.0867563 0.0275455 0.522641 5.69636e-05 4.22567e-08 4.04633e-06 
0.0449577 0.053451 0.000247128 0.0544172 0.370984 0.00336524 0.000219046 0.0794458 0.0387136 0.354069 9.51083e-05 5.90573e-06 2.91552e-05 
0.021566 0.000208518 0.46504 0.0361648 0.11156 0.000208518 0.00152933 0.00565983 0.0144897 0.337913 0.00564661 2.82029e-06 1.06381e-05 
0.0152298 5.32648e-05 0.000652728 0.525838 0.0535376 0.00566566 0.000531052 0.0313601 0.357013 0.0099991 3.64251e-05 2.64451e-05 5.6535e-05 
0.0257692 0.0012395 0.000103586 0.281415 0.505698 0.00550453 9.04093e-05 0.0199521 0.107898 0.00498633 1.41598e-05 2.04228e-08 0.0473287 
0.020669 0.00133099 0.00181613 0.024277 0.523477 0.0544268 0.0817586 0.0303879 0.0732149 0.187922 0.000155527 0.000110992 0.000452893 
0.108967 2.2028e-07 9.48733e-05 0.0487356 0.0561848 0.332798 4.21636e-07 0.0213748 0.341606 0.0769925 0.000733438 1.11368e-07 0.0125118 
0.0224365 0.001616 0.000817054 0.0264433 0.0989952 0.65714 0.00179397 0.0807478 0.0566923 0.0499931 0.00200158 0.000133481 0.00118979 
0.692518 0.000291959 7.75575e-07 0.00127881 0.0144127 0.000176301 1.07671e-06 0.00874013 0.00601327 0.276552 7.02235e-06 5.3089e-07 7.53888e-06 
0.00293628 0.00184752 0.000970322 0.147419 0.0739759 0.604524 0.00379385 0.0296885 0.0418471 0.0152869 0.0686064 0.000431928 0.00867234 
0.050489 0.00142066 0.000256253 0.110285 0.624826 0.0271943 0.0017802 0.0151827 0.101054 0.00920159 3.58193e-05 2.73018e-05 0.0582479 
0.00395885 6.72053e-06 6.90133e-06 0.0652285 0.584823 0.236372 0.00373434 0.000205346 0.0462789 0.00572583 0.000231052 5.77332e-06 0.0534231 
0.0449755 0.00155952 0.00157056 0.30267 0.423133 0.00702455 0.001574 0.0278965 0.163332 0.0121213 0.000916159 0.0003351 0.012892 
0.014516 0.0016736 1.82605e-05 0.00245929 0.873397 0.00729487 6.27795e-05 0.0685808 0.0109041 0.0164688 7.44016e-05 9.89116e-07 0.00454881 
0.610431 0.00195374 3.43566e-05 0.0216074 0.116717 0.00219362 9.53687e-05 0.0712852 0.144069 0.0220034 1.66216e-05 8.46269e-06 0.00958424 
0.0100974 0.0118142 0.000845336 0.0675115 0.0669563 0.536066 0.00919894 0.0293907 0.00848357 0.199085 0.0438897 0.000417374 0.0162442 
2.81464e-06 1.90464e-08 1.8036e-08 0.0109611 0.0193698 3.85462e-05 2.50389e-08 0.0730113 0.00492721 0.891522 1.41295e-06 1.23458e-08 0.000165457 
0.000924434 0.000214787 3.04958e-06 0.000115053 0.916637 4.99637e-05 7.3318e-05 0.0527247 0.025072 0.00416078 9.79333e-06 2.08747e-06 1.3138e-05 
0.0243959 0.00122808 0.00144042 0.268076 0.473647 0.0299695 0.000250419 0.0250708 0.100562 0.0726298 0.00132932 0.000135811 0.00126494 
5.66419e-06 2.03847e-08 9.3669e-07 0.260008 7.31181e-07 1.24814e-06 2.65329e-10 2.3789e-06 0.739977 1.94548e-06 1.77353e-07 1.30825e-10 1.87437e-06 
0.103243 0.00262943 0.00295318 0.134688 0.489965 0.00978246 0.00923718 0.076249 0.12841 0.0269253 0.00965451 9.70291e-05 0.00616675 
0.0322571 0.00233058 0.000751858 0.128877 0.466444 0.0116925 0.00855938 0.018945 0.272268 0.0458921 0.01029 0.000462502 0.00122989 
3.33267e-06 4.25573e-09 4.02995e-09 0.00758714 0.0168273 6.04545e-06 4.32697e-06 0.010764 0.120857 0.843872 7.79154e-05 2.75855e-09 1.73547e-07 
0.00782486 0.00576506 0.00305993 0.443231 0.0806453 0.0372642 0.00224236 0.0374778 0.159547 0.204879 0.00020925 1.98119e-05 0.0178337 
0.000468755 0.980686 8.53646e-08 0.000651691 0.00057821 2.34099e-07 3.18027e-10 9.70092e-07 0.00343799 0.012578 0.00159831 1.56808e-10 1.97398e-07 
0.0044115 0.000365476 0.000288279 0.156809 0.299838 0.458479 0.000114659 0.0169853 0.0269088 0.0332009 0.00210077 7.42333e-05 0.000423511 
0.00658505 0.00620233 0.00182231 0.427512 0.157236 0.0112294 0.00626893 0.0255074 0.0357453 0.32032 0.000337777 8.18346e-05 0.0011511 
0.217902 0.000747194 7.48281e-06 0.155043 0.311228 0.0017382 0.00553447 0.0873321 0.0647782 0.0773985 8.70247e-05 7.01274e-06 0.0781961 
0.180566 0.00395831 0.00121315 0.0932967 0.482294 0.00342698 0.0290273 0.00763881 0.0410708 0.149175 0.000184768 0.000130568 0.00801638 
0.0119798 0.145645 0.00078439 0.182169 0.18026 0.223735 0.00647115 0.166335 0.0496037 0.0102154 0.000299186 0.000128553 0.0223735 
0.00612948 0.018676 0.00519779 0.385345 0.0247775 0.240875 0.000593911 0.0332452 0.0895502 0.0506342 0.00070294 8.54232e-05 0.144188 
0.00516435 0.027422 0.000409239 0.0123602 0.0291322 0.0113505 0.00071496 0.00331012 0.00685107 0.00739375 0.877574 0.000300816 0.018017 
0.00313064 1.76194e-05 1.47682e-05 0.625948 0.0310333 0.00117149 8.886e-05 0.00741952 0.291327 0.0376416 1.34696e-05 9.86148e-06 0.00218476 
0.00258156 0.000234769 2.45138e-08 0.198769 0.324336 2.44132e-05 0.0120902 0.0109081 0.0642966 0.386683 1.62073e-05 1.678e-08 6.03551e-05 
0.00922953 2.18035e-06 7.1045e-07 0.124581 0.634974 1.09967e-05 1.57153e-05 0.00367927 0.213318 0.00390281 1.16848e-06 2.86538e-08 0.0102838 
0.00566558 7.86601e-05 0.000258206 0.0462135 0.878891 0.0027591 0.000377848 0.001198 0.0224069 0.0413213 0.000127017 8.9331e-07 0.000702033 
0.00195499 3.30525e-06 1.51332e-08 0.00420205 0.044835 7.88001e-05 4.98841e-06 0.178453 0.000103664 0.767638 0.000100558 1.03588e-08 0.00262559 
0.0162687 0.00234308 0.0038465 0.21522 0.0464061 0.428809 0.002032 0.031256 0.190291 0.0261599 0.0322849 0.000434384 0.00464774 
0.00922953 2.18035e-06 7.1045e-07 0.124581 0.634974 1.09967e-05 1.57153e-05 0.00367927 0.213318 0.00390281 1.16848e-06 2.86538e-08 0.0102838 
0.0103557 2.97683e-06 2.39828e-06 0.126686 0.62525 5.79719e-05 2.07964e-05 0.0044458 0.215249 0.00428549 4.29675e-06 1.14397e-06 0.0136388 
0.00595168 0.0242419 0.00020104 0.107157 0.627746 0.0292671 0.000194322 0.0179354 0.0362301 0.0577952 0.000261484 0.000163237 0.0928556 
0.0662546 0.015031 0.00139553 0.404683 0.0143234 0.0514135 0.000576204 0.00352224 0.41207 0.0275717 0.000187745 6.40555e-05 0.00290765 
0.00293628 0.00184752 0.000970322 0.147419 0.0739759 0.604524 0.00379385 0.0296885 0.0418471 0.0152869 0.0686064 0.000431928 0.00867234 
0.0422237 0.0021607 0.000453079 0.128421 0.585907 0.0598186 0.00034467 0.0110574 0.111294 0.0263795 0.0300495 0.000304053 0.00158715 
0.144284 0.00406936 0.000141584 0.199144 0.142359 0.349855 0.00115171 0.0215865 0.0662381 0.0433176 0.0225828 9.28586e-05 0.00517785 
0.00023974 0.00729085 5.38861e-10 0.007689 0.0436564 0.279879 1.04063e-06 0.0548115 0.374812 0.223961 9.16734e-06 3.68856e-10 0.00764988 
0.00750764 0.000705692 0.00201362 0.381482 0.267434 0.0201559 0.000501603 0.0111997 0.00268795 0.300431 0.0022787 2.48889e-05 0.00357697 
0.000468755 0.980686 8.53646e-08 0.000651691 0.00057821 2.34099e-07 3.18027e-10 9.70092e-07 0.00343799 0.012578 0.00159831 1.56808e-10 1.97398e-07 
0.00407296 0.158686 0.000243599 0.103146 0.0329316 0.000920446 5.01445e-05 0.0423407 0.0296252 0.615409 0.00116777 2.37217e-05 0.0113827 
0.00583178 0.000212178 8.79678e-06 0.0154353 0.0427908 0.225716 4.27898e-05 0.120962 0.0129941 0.572442 0.00140466 3.30253e-06 0.00215555 
0.22333 0.00101943 0.00191728 0.49493 0.0317108 0.0271604 0.00126002 0.00725584 0.0873321 0.0956738 0.00485771 0.000339883 0.0232122 
0.513382 0.0150463 0.00239545 0.111598 0.156965 0.00555766 0.000250968 0.0335121 0.127527 0.0215856 0.000118272 5.03632e-05 0.0120117 
0.042834 2.58372e-05 9.83227e-06 0.850741 0.0221316 0.0146041 2.95176e-12 0.0121029 0.0507899 0.00667945 6.24618e-09 1.45541e-12 8.0765e-05 
0.0109985 0.0251676 0.000796427 0.19179 0.226033 0.0691497 0.0259869 0.102858 0.215248 0.101746 0.0028322 0.000485304 0.0269088 
0.0495302 0.0155235 0.0195761 0.112397 0.563271 0.0434508 0.00348427 0.0395571 0.0954831 0.0381071 0.00964729 0.00345818 0.00651458 
0.0502693 0.0128434 0.00106309 0.351776 0.0144484 0.0726866 0.000480339 0.00549135 0.46838 0.0196941 0.000187265 0.000103417 0.00257616 
0.00206737 0.690347 2.26203e-08 0.0215311 0.0492182 4.35071e-05 0.000143187 0.021545 0.00459618 0.199133 0.000825168 1.54839e-08 0.0105499 
0.00293628 0.00184752 0.000970322 0.147419 0.0739759 0.604524 0.00379385 0.0296885 0.0418471 0.0152869 0.0686064 0.000431928 0.00867234 
0.000468755 0.980686 8.53646e-08 0.000651691 0.00057821 2.34099e-07 3.18027e-10 9.70092e-07 0.00343799 0.012578 0.00159831 1.56808e-10 1.97398e-07 
0.0432306 0.000177007 6.15536e-05 0.618063 0.013445 0.0152997 5.59858e-05 0.0211473 0.278321 0.0101126 5.89288e-05 7.6289e-06 1.95483e-05 
0.038153 7.6994e-08 7.29093e-08 9.34738e-06 0.891428 0.00229596 0.000158598 0.0235303 0.00726812 0.0371531 2.55261e-06 4.99072e-08 5.25787e-07 
0.0437912 0.327987 2.44294e-05 0.197121 0.144155 0.0045828 0.00253252 0.0488245 0.135414 0.0476054 0.0433447 1.76674e-05 0.00459898 
0.00295028 0.00149864 8.0241e-06 0.000505242 0.109362 0.00145918 0.0213759 0.0503319 0.028753 0.766566 3.83582e-05 5.15976e-09 0.017152 
0.0150378 0.00177614 0.0137991 0.392839 0.0471387 0.00697783 0.012159 0.0620261 0.0765531 0.359967 0.00204623 1.72425e-05 0.00966271 
0.00035551 0.000299942 1.18697e-07 0.211313 0.770038 0.000159622 3.10813e-05 0.00259144 0.0143735 0.000790005 1.58366e-05 2.95558e-09 3.28386e-05 
0.00402303 0.0410588 3.61877e-05 0.159726 0.674221 0.00107892 0.000106243 9.1023e-06 0.00512093 0.114508 8.96371e-05 8.4187e-07 2.21701e-05 
0.00716875 0.000111127 9.41021e-10 0.371062 0.0869762 1.17117e-05 1.30639e-09 0.0190758 0.0105672 0.503026 0.000833084 6.44139e-10 0.00116851 
0.0237015 0.00243402 0.0018241 0.0637958 0.792415 0.0172112 0.00269375 0.0186918 0.0401602 0.0299434 0.00408308 0.000799808 0.00224628 
0.0824594 6.63693e-11 0.000984564 0.0413603 0.196039 0.00671394 9.30262e-08 0.223078 0.44645 0.00268708 1.03659e-05 4.30203e-11 0.000217233 
0.0103977 0.0879806 0.00695955 9.53942e-07 0.250121 0.020505 0.00714795 0.13441 0.280174 0.126193 0.0761076 9.53482e-07 9.53843e-07 
0.0330041 0.00471186 0.000261936 0.0703547 0.13884 0.0230469 0.00307501 0.0137369 0.159325 0.00383099 0.000212961 1.6365e-07 0.549599 
0.000140027 0.00801705 1.13513e-05 0.189359 0.588199 9.82677e-05 0.0098276 0.000667837 0.0146149 0.188998 5.74276e-05 4.4582e-06 4.82908e-06 
0.0234961 8.1458e-05 5.57944e-05 0.359843 0.377012 0.0720283 6.34607e-05 0.00328438 0.0210941 0.130519 0.00232185 4.21316e-05 0.0101579 
0.0180178 0.00325804 1.24663e-05 0.366983 0.0106047 0.015704 4.60004e-05 0.221626 0.0312832 0.289226 0.00336263 4.00388e-07 0.0398758 
0.0097802 1.6493e-06 1.33899e-06 0.0620608 0.0497781 0.00595529 9.83897e-09 0.00496873 0.0496899 0.817088 0.000524672 4.85127e-09 0.000151146 
0.00922953 2.18035e-06 7.1045e-07 0.124581 0.634974 1.09967e-05 1.57153e-05 0.00367927 0.213318 0.00390281 1.16848e-06 2.86538e-08 0.0102838 
0.0403043 0.00751718 0.0203641 0.246508 0.216002 0.0888233 0.00375831 0.0101379 0.299368 0.0398043 0.00477561 0.000739738 0.0218975 
0.000627131 0.000280105 6.69309e-10 0.000607561 0.00478278 0.000345333 9.29183e-10 0.0237692 0.00241849 0.967109 6.06093e-05 4.58149e-10 1.21245e-07 
0.0227204 0.00291565 3.13424e-05 0.026629 0.0654582 0.000217969 0.000170414 0.00325495 0.0094422 0.852499 0.016004 1.24988e-05 0.000644681 
0.0109597 0.000146319 5.77812e-08 0.139819 0.795645 0.000131766 9.69586e-06 0.00389422 0.0317066 0.0176655 1.61834e-05 2.95848e-08 6.3982e-06 
0.0449983 0.00932466 9.57846e-10 0.00845371 0.849907 1.43602e-07 5.50058e-07 0.00244532 0.0419362 0.0427762 0.000157838 6.55656e-10 4.18364e-08 
0.0341477 0.00321032 0.000478328 0.0773469 0.0296765 0.042638 2.76943e-05 0.00582996 0.110119 0.688446 0.00790109 1.47527e-05 0.000164123 
0.000627131 0.000280105 6.69309e-10 0.000607561 0.00478278 0.000345333 9.29183e-10 0.0237692 0.00241849 0.967109 6.06093e-05 4.58149e-10 1.21245e-07 
0.000627131 0.000280105 6.69309e-10 0.000607561 0.00478278 0.000345333 9.29183e-10 0.0237692 0.00241849 0.967109 6.06093e-05 4.58149e-10 1.21245e-07 
0.0237791 0.000832251 0.000169601 0.393943 0.309398 0.000801836 0.000285095 7.71127e-08 0.170152 0.00408663 7.70953e-08 7.70764e-08 0.0965517 
0.0498987 0.00431953 0.00402385 0.134541 0.570162 0.0321374 0.00401236 0.0442533 0.104494 0.0325648 0.00722224 0.0029854 0.00938579 
0.00362414 0.815541 7.01523e-06 0.0140774 0.00734938 0.00229773 1.20621e-05 0.0145987 0.0302354 0.112008 0.000110626 5.02594e-08 0.000139275 
0.0480842 0.00264701 0.276611 0.295174 0.0361713 0.0191972 0.00480579 0.0214695 0.0825705 0.15967 0.00149214 0.00107782 0.0510294 
0.00023974 0.00729085 5.38861e-10 0.007689 0.0436564 0.279879 1.04063e-06 0.0548115 0.374812 0.223961 9.16734e-06 3.68856e-10 0.00764988 
0.0344189 0.00963068 0.000313683 0.289627 0.0158136 0.0444744 0.000240158 0.0156182 0.558031 0.0235243 0.000171362 0.000114064 0.00802258 
0.000468755 0.980686 8.53646e-08 0.000651691 0.00057821 2.34099e-07 3.18027e-10 9.70092e-07 0.00343799 0.012578 0.00159831 1.56808e-10 1.97398e-07 
0.100604 0.000958964 2.92945e-07 0.00461622 0.019394 1.0485e-05 0.000234283 0.239957 0.363126 0.24418 5.2953e-06 1.82518e-07 0.026913 
0.0180178 0.00325804 1.24663e-05 0.366983 0.0106047 0.015704 4.60004e-05 0.221626 0.0312832 0.289226 0.00336263 4.00388e-07 0.0398758 
0.0894347 0.00295598 0.000931924 0.353076 0.298325 0.0363178 0.00198262 0.0319248 0.148867 0.0183823 0.00294169 0.000672062 0.0141873 
0.0237548 0.00326013 0.00197669 0.0917348 0.0702596 0.309035 0.0148267 0.0965314 0.327882 0.0483442 0.00548852 0.000966301 0.00593982 
0.00685434 0.761407 2.63413e-07 0.0514356 0.143701 0.00329228 0.0126167 0.00187794 0.0104029 0.00624399 0.0012116 1.80309e-07 0.000957047 
0.0181125 0.000453754 0.000709627 0.281798 0.342546 0.317825 0.00547219 0.000483383 0.0109327 0.00304576 0.0181947 3.69686e-05 0.000389808 
0.0155341 7.83147e-05 1.1412e-08 0.274079 0.195789 2.28326e-05 1.5843e-08 0.018035 0.298769 0.197541 0.000140486 7.81163e-09 1.12907e-05 
0.0726964 0.0107256 0.000144141 0.0651002 0.116475 0.48871 0.00290004 0.0149621 0.134357 0.0502087 0.000919822 0.000103556 0.0426976 
2.23213e-06 1.59868e-08 3.69129e-07 8.26251e-06 0.0012393 4.91863e-07 1.0456e-10 0.0231565 0.975591 7.6667e-07 6.98911e-08 5.15552e-11 7.38647e-07 
0.0259435 0.000322834 0.000508397 0.658051 0.0063008 0.0227701 9.34565e-05 0.00514252 0.182271 0.0441506 0.000382524 8.3547e-05 0.0539792 
0.00517221 0.807887 0.000587781 0.0371236 0.0365448 0.0183116 0.000409127 0.0306096 0.00556002 0.0314308 0.00380787 2.24698e-05 0.0225331 
0.0476901 0.000915911 0.00138855 0.237917 0.283038 0.11346 0.000124105 0.0278205 0.233281 0.0426238 0.00958476 5.80763e-05 0.00209816 
0.028899 0.0294423 0.000293044 0.134985 0.451424 0.0224426 6.60553e-05 0.023409 0.0432562 0.265116 0.000478502 7.6106e-07 0.000187943 
0.028565 1.18991e-05 0.00842551 0.384636 0.276353 0.00628064 4.93631e-08 0.0294526 0.198246 0.0679731 5.00856e-06 1.22266e-10 5.19349e-05 
0.0639552 4.6217e-10 4.37651e-10 0.26877 0.180566 0.00282529 3.6645e-08 0.0425073 0.337682 0.103628 2.96431e-07 2.99577e-10 6.52195e-05 
0.0412213 0.0104114 0.00255867 0.10758 0.249904 0.16588 0.002802 0.0310086 0.232444 0.131859 0.00869407 0.000350311 0.0152868 
0.0265309 0.00594553 4.59849e-05 0.0317795 0.1197 0.302718 0.000211048 0.00544351 0.500749 0.00626129 0.000514914 3.9587e-05 6.03296e-05 
0.00552335 0.00259872 0.000582935 0.174111 0.209263 0.455243 0.00361025 0.0300516 0.0546382 0.0179385 0.0406557 0.000512985 0.00527065 
0.0354864 0.000366991 2.03392e-05 0.203422 0.0599617 0.0197541 0.000694941 0.0534136 0.0161139 0.607978 0.000624198 1.03603e-05 0.00215268 
0.00145757 8.05442e-06 2.01576e-05 0.0103172 0.139502 3.75107e-06 8.31998e-07 0.791713 0.0107527 0.00615619 8.44211e-07 8.15943e-10 0.0400674 
0.0064968 0.00166564 1.77465e-07 0.11447 0.0312274 4.61332e-05 3.55807e-07 0.185756 0.108863 0.519892 0.00139103 1.56239e-07 0.0301908 
0.0868401 0.00412842 0.0048126 0.0813853 0.481851 0.153615 0.00585529 0.0291771 0.126265 0.0200484 0.00319726 0.000331929 0.00249251 
0.0216265 0.00184074 0.00301144 0.0624347 0.481308 0.0952893 0.0028548 0.0528513 0.219601 0.0452894 0.00543985 0.000834199 0.00761871 
0.0441895 0.00095107 0.00141938 0.135974 0.580803 0.0343606 0.0245841 0.0204759 0.127738 0.0172813 0.0099663 0.000686824 0.00156991 
0.0369578 0.00827328 0.000885369 0.257237 0.0865724 0.045775 0.00250893 0.109026 0.40234 0.0253106 0.021245 0.000556891 0.00331148 
0.00662684 0.00997826 0.000621019 0.0374871 0.061601 0.00735372 0.00113186 0.0562265 0.0309173 0.766443 0.00156436 0.000330357 0.0197187 
0.066751 0.0342715 0.000814535 0.137163 0.202227 0.0164181 0.00438891 0.0578644 0.0593077 0.386536 0.00962776 0.000758127 0.0238722 
0.0253621 0.00149874 3.67805e-07 0.124575 0.214783 0.0994485 0.00130519 0.0080068 4.86183e-06 0.525013 7.61127e-08 4.11985e-11 1.59957e-06 
0.0180178 0.00325804 1.24663e-05 0.366983 0.0106047 0.015704 4.60004e-05 0.221626 0.0312832 0.289226 0.00336263 4.00388e-07 0.0398758 
0.816439 0.000129646 3.54107e-05 0.0432417 0.0076698 0.0023459 0.0002925 0.00591991 0.12236 0.00144358 2.16872e-05 8.2889e-06 9.27982e-05 
0.0662546 0.015031 0.00139553 0.404683 0.0143234 0.0514135 0.000576204 0.00352224 0.41207 0.0275717 0.000187745 6.40555e-05 0.00290765 
0.00293628 0.00184752 0.000970322 0.147419 0.0739759 0.604524 0.00379385 0.0296885 0.0418471 0.0152869 0.0686064 0.000431928 0.00867234 
0.118283 0.000558569 0.00900194 0.365859 0.0921847 0.0189616 0.000230098 0.0373869 0.124875 0.230419 0.00144573 7.48938e-05 0.00071831 
0.0343112 0.00981238 2.5094e-05 0.0183534 0.0393478 0.000542857 9.58602e-05 0.0371929 0.0322436 0.827576 0.000492035 3.34265e-06 3.39238e-06 
0.0237791 0.000832251 0.000169601 0.393943 0.309398 0.000801836 0.000285095 7.71127e-08 0.170152 0.00408663 7.70953e-08 7.70764e-08 0.0965517 
0.728181 0.000826188 1.17268e-05 0.0444849 0.0591501 0.0137472 0.00382679 0.013505 0.110986 0.0251471 3.14882e-05 4.89805e-09 0.000102454 
0.000756516 0.00542348 2.80636e-06 0.15264 0.174633 0.0685658 0.000230599 0.260414 0.0292661 0.306751 0.000930703 1.4803e-06 0.000384318 
0.00143114 0.000257481 0.000571994 0.00399822 0.0198513 0.00271433 0.000416454 0.0542788 0.00233543 0.913524 6.69869e-05 4.44285e-05 0.000509 
0.0100593 1.57774e-09 1.83183e-07 0.00148168 0.0680374 2.16653e-05 2.07413e-09 0.0859135 0.0740652 0.760354 6.7123e-05 1.02269e-09 1.30562e-07 
0.0588919 0.000915201 3.69369e-06 0.0421942 0.506867 0.0321036 1.55309e-06 0.0770553 0.27844 0.00297777 1.7898e-05 1.21238e-06 0.00053028 
0.00197309 0.00943634 0.000659909 0.0601366 0.588152 0.230535 0.000178483 0.0304932 0.039091 0.0248357 0.013533 8.2167e-05 0.000894077 
0.0062688 0.00275282 0.0431371 0.149195 0.12858 0.135626 0.0383292 0.14739 0.078856 0.0847481 0.0059906 0.0014133 0.177714 
0.00153635 0.0104654 0.00755447 0.399664 0.100308 0.303432 0.000528421 0.0253241 0.128112 0.021957 0.000393278 3.06164e-05 0.000694394 
0.0493998 0.00111936 0.00124698 0.127436 0.277465 0.0762852 0.00681218 0.0925289 0.054023 0.123932 0.0320737 0.000585946 0.157091 
0.0328719 0.000843948 5.31843e-09 0.00902305 0.845549 2.65699e-07 0.000275414 0.0072513 0.0362548 0.0679251 9.89849e-08 3.64052e-09 4.62492e-06 
0.0414954 0.00684372 2.89586e-05 0.0987573 0.0407398 0.0726156 1.74831e-07 0.00682185 0.724791 0.00790595 4.71137e-07 2.67451e-08 2.93023e-08 
0.00293628 0.00184752 0.000970322 0.147419 0.0739759 0.604524 0.00379385 0.0296885 0.0418471 0.0152869 0.0686064 0.000431928 0.00867234 
0.0402847 0.00495705 0.0040972 0.198874 0.215498 0.291714 0.00546166 0.0161005 0.149883 0.0488955 0.00821497 0.000959219 0.0150601 
0.458883 7.38058e-05 0.000137792 0.247958 0.136782 0.000110105 1.39056e-05 0.00720917 0.0999632 0.0485383 2.89915e-05 2.30522e-06 0.000299615 
0.0547308 0.00674038 0.0435594 0.116203 0.0300898 0.064521 0.000402198 0.0479641 0.307023 0.301629 0.00226378 0.000280808 0.0245921 
0.000468755 0.980686 8.53646e-08 0.000651691 0.00057821 2.34099e-07 3.18027e-10 9.70092e-07 0.00343799 0.012578 0.00159831 1.56808e-10 1.97398e-07 
0.0625953 0.00135789 0.0249105 0.0642962 0.0855049 0.00151145 0.00174364 0.0334588 0.605069 0.100452 0.012708 0.000419056 0.00597279 
0.0332729 0.0538074 0.00207093 0.086711 0.136277 1.38034e-06 0.265785 0.0762165 0.15271 0.184445 1.3804e-06 1.38006e-06 0.00869905 
0.640904 0.00202862 6.86271e-05 0.101854 0.18669 0.00181958 0.000206479 0.00199485 0.0612793 0.00305123 5.44702e-05 1.48963e-05 3.29608e-05 
0.0278781 2.58723e-10 2.44997e-10 0.0513611 1.78705e-07 1.263e-07 3.40123e-10 0.0330236 0.887732 1.07304e-06 6.99352e-08 1.67703e-10 3.25438e-06 
0.0104361 0.000714464 0.00731986 0.350593 0.196882 0.0292473 0.00351248 0.0604799 0.28191 0.0519863 0.00035146 0.000159599 0.00640753 
0.012305 0.000832244 0.00600633 0.0872926 0.135191 0.00679232 0.000239129 0.0284796 0.0638063 0.655273 0.000553825 3.59774e-07 0.00322836 
0.0330545 0.00282224 0.0202153 0.217852 0.380533 0.133052 0.00427299 0.0561045 0.0671765 0.038939 0.0184598 0.00244902 0.0250689 
0.0445055 0.0303185 0.000199236 0.330968 0.360026 0.00597563 0.000515152 0.0451343 0.0742838 0.0907588 0.00373906 2.12891e-05 0.0135544 
0.0135052 0.0189158 0.00840601 0.337103 0.0371048 0.240869 0.00100161 0.0399291 0.139273 0.0676802 0.00122895 0.000313972 0.094669 
0.00754456 0.361589 3.2663e-06 0.216161 0.0654722 0.0636158 0.000183904 0.187452 0.0597946 0.0228185 6.9197e-06 4.47678e-07 0.0153574 
0.00231026 0.00278541 4.7917e-07 0.576559 0.260133 2.46863e-07 1.90034e-07 0.00300846 0.0735061 0.0782053 0.00012091 1.62725e-07 0.00337065 
0.0741593 0.00492125 0.0182104 0.156324 0.0350335 0.00341579 0.00207865 0.0237843 0.601597 0.0632404 0.000638632 0.000546048 0.0160508 
0.069779 0.000123204 4.78975e-06 0.439148 0.329323 0.00475636 0.000253437 0.00918302 0.143989 0.00337563 8.43156e-06 1.51759e-07 5.54663e-05 
0.00023974 0.00729085 5.38861e-10 0.007689 0.0436564 0.279879 1.04063e-06 0.0548115 0.374812 0.223961 9.16734e-06 3.68856e-10 0.00764988 
0.000213768 1.07417e-05 5.75217e-07 0.00028156 0.118935 0.00029384 0.000264083 0.79018 0.0696338 0.010801 8.39878e-06 3.93742e-07 0.00937677 
0.0113468 0.000186978 4.69654e-06 0.24024 0.504552 0.00682123 0.000901952 0.00697024 0.211749 0.0014766 0.00155349 2.19561e-06 0.0141941 
0.0107136 2.16947e-07 0.000912589 0.652491 0.19081 0.042511 6.74034e-06 0.027493 0.0743311 0.00026474 3.19697e-05 1.40624e-07 0.000434248 
0.0259266 0.0044542 0.000178587 0.145855 0.557169 0.00361503 0.000593563 0.0819655 0.0742922 0.0495157 3.42578e-05 2.78839e-06 0.0563981 
0.066855 0.00427199 0.010635 0.399654 0.245516 0.024745 0.00382766 0.0287754 0.0945357 0.084611 0.0136709 0.00268518 0.0202169 
0.0513158 0.0057326 0.0564034 0.346242 0.127783 0.0211885 0.000663875 0.0237655 0.249639 0.086908 0.00255249 0.000240968 0.0275644 
0.0449983 0.00932466 9.57846e-10 0.00845371 0.849907 1.43602e-07 5.50058e-07 0.00244532 0.0419362 0.0427762 0.000157838 6.55656e-10 4.18364e-08 
0.0153377 0.00153626 0.00852972 0.0221581 0.666336 0.0110438 0.0223358 0.069174 0.150733 0.0304939 0.00187227 0.000222194 0.00022774 
0.0695965 0.00323151 0.000226087 0.480618 0.155349 0.0187722 0.000202917 0.0207233 0.166076 0.0844311 0.000113515 0.000100742 0.000558898 
0.00750764 0.000705692 0.00201362 0.381482 0.267434 0.0201559 0.000501603 0.0111997 0.00268795 0.300431 0.0022787 2.48889e-05 0.00357697 
8.61369e-05 0.0100154 0.000142802 0.0164206 0.117056 0.000458578 1.79512e-05 0.377525 0.0242939 0.447089 0.000175225 4.85688e-07 0.00671911 
0.0596244 6.50888e-06 2.28196e-09 0.0279169 0.0657507 0.0103125 3.16799e-09 0.0111592 4.13817e-06 0.825223 2.02938e-06 1.56203e-09 2.03955e-07 
0.0140967 5.61262e-05 0.0320381 0.110523 0.345646 0.0253055 5.28227e-05 0.0406573 0.00885714 0.408388 0.0018937 1.478e-05 0.0124717 
0.0245057 0.000110485 0.0012649 0.0471516 0.0457518 0.0257044 0.00196046 0.0643816 0.745465 0.0216132 0.0216592 7.52208e-05 0.00035681 
0.0509142 0.00249699 0.00614918 0.0893612 0.0412046 0.0344854 2.1549e-05 0.00652373 0.147425 0.614999 0.00614549 1.14771e-05 0.000261499 
0.00351206 0.000875525 2.90082e-05 0.0150906 0.0988309 0.790715 6.45117e-06 0.00167014 0.0112739 0.0561457 0.0213204 4.73208e-07 0.000529485 
0.0553303 0.000835538 0.000476105 0.40327 0.0900521 0.00421231 0.00104474 0.033489 0.0602354 0.347948 0.000243844 8.94047e-05 0.00277364 
0.00779297 0.00240455 0.00230214 0.23584 0.0678446 0.442823 0.00184005 0.0284262 0.112127 0.0441746 0.0339285 0.00092852 0.0195677 
0.00507296 0.0103844 0.000317779 0.0548208 0.677721 0.0233539 0.0010434 0.0772555 0.124515 0.0167384 0.00765605 0.00019965 0.000921301 
0.0707748 0.000546545 8.13902e-05 0.0300095 0.134133 0.00123994 0.00049611 0.234367 0.264242 0.0336512 2.82883e-06 2.9346e-10 0.230456 
0.000319348 0.274916 0.000185519 0.0422494 0.0485199 0.0238476 0.00344275 0.122153 0.029157 0.351472 0.099122 0.000102098 0.00451389 
0.0760616 0.000154319 6.43136e-05 0.202062 0.0178886 0.000834187 0.000419145 0.0289396 0.113243 0.556763 0.000140227 3.10229e-05 0.00339889 
0.323174 0.000631295 0.00416084 0.369554 0.186232 0.0181822 0.00072463 0.0151539 0.056747 0.0193255 8.17937e-05 5.30941e-05 0.00598055 
0.0146474 8.57028e-06 1.31297e-07 0.00510028 0.0173907 0.00586896 8.16539e-06 0.00407727 0.104841 0.847429 0.000628676 1.75429e-09 9.70842e-08 
0.0360371 0.00325542 0.00914592 0.0278809 0.675491 0.00530771 0.000751919 0.0586018 0.147088 0.0115776 0.00253619 0.000379781 0.0219459 
0.0471861 3.22469e-05 0.000219331 0.0260521 0.198931 0.00084548 0.000437679 0.0458497 0.677118 0.00309703 3.04643e-06 2.5138e-06 0.000225734 
0.00391393 0.00288544 0.00153513 0.239922 0.0403264 0.0634063 0.00112828 0.0187411 0.0797782 0.539327 0.000104919 1.00417e-05 0.00892123 
0.692565 0.000282064 0.000218411 0.0710806 0.0195888 0.0104903 0.000845713 0.0245956 0.155931 0.0201592 0.00118891 7.81062e-05 0.00297582 
0.0656988 0.00196136 0.00889801 0.14331 0.10367 0.340843 0.0106561 0.00764972 0.255005 0.049871 0.00829881 0.000623357 0.00351499 
0.000468755 0.980686 8.53646e-08 0.000651691 0.00057821 2.34099e-07 3.18027e-10 9.70092e-07 0.00343799 0.012578 0.00159831 1.56808e-10 1.97398e-07 
8.35971e-05 0.000141578 0.000155003 0.126746 0.756321 5.31794e-05 1.73661e-06 0.00076154 0.000415406 0.11498 0.000209109 2.53408e-07 0.00013165 
0.0809795 0.264641 0.000619914 0.00776453 0.560425 0.00490605 0.000532501 0.0134186 0.0385452 0.0110569 0.0165234 0.000276377 0.000311312 
0.00915994 0.142161 0.00043082 0.00720805 0.188643 0.00114284 0.00159828 0.15071 0.00272481 0.494881 0.000535685 2.05669e-05 0.000784365 
0.233285 0.000123688 4.78549e-05 0.254441 0.483455 0.0114868 5.16565e-05 0.00058453 0.0135228 0.000696178 0.0022907 2.81439e-06 1.24471e-05 
0.000468755 0.980686 8.53646e-08 0.000651691 0.00057821 2.34099e-07 3.18027e-10 9.70092e-07 0.00343799 0.012578 0.00159831 1.56808e-10 1.97398e-07 
0.0205768 0.000993345 2.16334e-05 0.58465 0.0168477 0.080718 0.000158213 0.00702925 0.268567 0.0126407 1.09782e-05 1.01324e-09 0.00778636 
0.0449806 0.00430932 0.000227685 0.345084 0.178327 0.256692 0.00301836 0.00254049 0.0406545 0.0859073 0.021584 0.000162779 0.0165125 
0.0190826 4.11686e-05 0.00115442 0.0788196 0.309128 0.0308245 0.00259722 0.0104951 0.542624 0.0045085 0.000495465 3.19294e-05 0.000198085 
0.287089 0.00263527 0.0018363 0.146473 0.261758 0.0477996 0.00197606 0.0465948 0.157232 0.0293239 0.00198344 0.00162944 0.013669 
0.196236 8.68795e-05 3.3805e-11 0.0303079 0.0458071 0.00353775 4.69306e-11 0.0191169 0.703431 0.000920468 2.67365e-05 2.31399e-11 0.000529009 
0.00922953 2.18035e-06 7.1045e-07 0.124581 0.634974 1.09967e-05 1.57153e-05 0.00367927 0.213318 0.00390281 1.16848e-06 2.86538e-08 0.0102838 
0.00293628 0.00184752 0.000970322 0.147419 0.0739759 0.604524 0.00379385 0.0296885 0.0418471 0.0152869 0.0686064 0.000431928 0.00867234 
0.101199 0.00640601 0.00363116 0.144584 0.131871 0.275508 0.0525421 0.0853303 0.0825365 0.0795031 0.0110831 0.0033914 0.0224143 
0.000468755 0.980686 8.53646e-08 0.000651691 0.00057821 2.34099e-07 3.18027e-10 9.70092e-07 0.00343799 0.012578 0.00159831 1.56808e-10 1.97398e-07 
0.0911784 5.64104e-06 4.29732e-05 0.165473 0.119472 0.000457043 4.82367e-05 0.0371962 0.406321 0.179311 0.000158009 1.51931e-06 0.000334805 
1.97722e-07 0.000349061 4.77714e-09 0.000460807 0.00309832 1.60604e-06 1.48936e-06 0.132376 0.0780078 0.78537 1.77537e-07 3.27001e-09 0.000334042 
0.00922953 2.18035e-06 7.1045e-07 0.124581 0.634974 1.09967e-05 1.57153e-05 0.00367927 0.213318 0.00390281 1.16848e-06 2.86538e-08 0.0102838 
0.174133 0.000868385 0.000591582 0.109707 0.394765 0.0321435 0.00275496 0.0310883 0.165921 0.0395131 0.0433466 0.000190802 0.00497641 
0.00145757 8.05442e-06 2.01576e-05 0.0103172 0.139502 3.75107e-06 8.31998e-07 0.791713 0.0107527 0.00615619 8.44211e-07 8.15943e-10 0.0400674 
0.00349999 0.00228174 0.000341903 0.223436 0.734483 0.00244685 2.83507e-05 0.00506149 0.00304219 0.0129132 0.000210789 8.70285e-06 0.0122454 
0.443157 0.000225241 0.000116206 0.042235 0.0282074 0.0152092 0.000866286 0.040473 0.281291 0.0136282 0.0023668 4.54038e-07 0.132224 
0.0352484 0.000266424 0.000123433 0.416921 0.0183499 0.0188726 8.809e-05 0.024755 0.470999 0.014299 6.00239e-05 3.68617e-06 1.38876e-05 
0.0311151 0.00213538 0.000284706 0.536556 0.20304 0.0486651 0.0011539 0.0174562 0.0881171 0.0491607 0.00726013 0.000213208 0.0148424 
0.00163013 9.02796e-06 2.02572e-07 0.0891933 0.0694887 0.281825 2.10417e-09 0.188814 0.151668 0.200773 0.0161913 1.0375e-09 0.000408142 
0.10018 0.200167 0.00643325 0.12874 0.110834 0.123337 0.0176716 0.175566 0.0930871 0.0135995 0.0142047 0.00254393 0.013637 
0.684668 2.20429e-05 9.25516e-09 0.0466197 0.113223 1.15028e-05 3.38236e-07 0.03405 0.0329887 0.0884131 3.14885e-06 9.87323e-10 1.67491e-07 
0.000385838 0.0937825 9.57397e-05 0.117906 0.0251936 0.000415403 1.05503e-05 0.0110743 0.0117288 0.735614 0.00307142 7.22048e-07 0.000721341 
0.0284713 0.0107088 0.000216471 0.188508 0.66709 0.0022166 0.00017561 0.0024473 0.0705274 0.00657348 0.00346141 0.000114116 0.0194895 
0.00384217 0.00141196 0.012645 0.133508 0.0116718 0.00410215 0.00451197 0.013166 0.0296478 0.77349 0.000812112 0.000377998 0.0108125 
0.000627131 0.000280105 6.69309e-10 0.000607561 0.00478278 0.000345333 9.29183e-10 0.0237692 0.00241849 0.967109 6.06093e-05 4.58149e-10 1.21245e-07 
0.000468755 0.980686 8.53646e-08 0.000651691 0.00057821 2.34099e-07 3.18027e-10 9.70092e-07 0.00343799 0.012578 0.00159831 1.56808e-10 1.97398e-07 
0.0131584 5.33357e-07 0.0484518 0.0898 0.626801 0.0225392 7.01163e-07 0.0251339 0.0318004 0.14218 0.000110591 3.07475e-07 2.30563e-05 
0.00293628 0.00184752 0.000970322 0.147419 0.0739759 0.604524 0.00379385 0.0296885 0.0418471 0.0152869 0.0686064 0.000431928 0.00867234 
