0.0403175 0.000185618 8.40035e-05 0.000350445 0.00258227 0.000121578 9.71167e-06 0.700954 0.0142267 0.174364 8.37423e-06 8.36548e-07 0.0667949 
0.00293628 0.00184752 0.000970322 0.147419 0.0739759 0.604524 0.00379385 0.0296885 0.0418471 0.0152869 0.0686064 0.000431928 0.00867234 
0.0373139 0.00538795 0.000683311 0.440701 0.0749256 0.105662 0.00364805 0.0168916 0.242242 0.0368751 0.00135145 0.000118087 0.0342 
0.0156215 0.00377763 0.000259204 0.294446 0.469918 0.0259608 0.00103838 0.0183192 0.0456552 0.0677186 0.0463222 0.000222577 0.0107408 
0.000627131 0.000280105 6.69309e-10 0.000607561 0.00478278 0.000345333 9.29183e-10 0.0237692 0.00241849 0.967109 6.06093e-05 4.58149e-10 1.21245e-07 
0.0921631 0.00497743 0.109198 0.230635 0.0781715 0.0523439 0.00271204 0.0599931 0.280031 0.0771745 0.00147447 0.00131828 0.0098081 
0.103158 0.00802526 0.014919 0.248329 0.071665 0.0320365 0.00368556 0.0603846 0.386512 0.0465389 0.00275864 0.00241819 0.0195696 
0.000627131 0.000280105 6.69309e-10 0.000607561 0.00478278 0.000345333 9.29183e-10 0.0237692 0.00241849 0.967109 6.06093e-05 4.58149e-10 1.21245e-07 
0.0617133 0.000987608 0.000323558 0.369477 0.361317 0.0200189 0.000904087 0.010272 0.0273695 0.127406 0.0143691 0.000242414 0.00559913 
0.245418 0.00013107 4.00788e-05 0.251198 0.00739131 0.00791511 2.74093e-05 0.0771163 0.323016 0.0874114 0.000131716 1.75896e-05 0.000185875 
0.00750764 0.000705692 0.00201362 0.381482 0.267434 0.0201559 0.000501603 0.0111997 0.00268795 0.300431 0.0022787 2.48889e-05 0.00357697 
0.00293628 0.00184752 0.000970322 0.147419 0.0739759 0.604524 0.00379385 0.0296885 0.0418471 0.0152869 0.0686064 0.000431928 0.00867234 
0.00224032 0.000848627 0.00475272 0.0146335 0.192028 0.00112192 8.72965e-05 0.0290574 0.0138902 0.733085 3.89656e-05 1.8596e-07 0.00821602 
4.2238e-07 0.00867913 1.4743e-08 0.0293482 0.0388761 2.63298e-06 0.00575074 0.0406255 0.0718525 0.803421 0.000484795 2.51664e-11 0.000958943 
0.000627131 0.000280105 6.69309e-10 0.000607561 0.00478278 0.000345333 9.29183e-10 0.0237692 0.00241849 0.967109 6.06093e-05 4.58149e-10 1.21245e-07 
0.00748419 0.000345422 0.000323736 0.794362 0.0274812 0.0178537 0.00202926 0.00418864 0.132876 0.0101124 0.000888667 8.53709e-05 0.00196993 
0.00536827 6.93132e-05 2.07212e-08 0.495095 0.0104461 0.000144787 4.05392e-07 0.0275089 0.449181 0.00682054 1.96382e-08 1.61154e-09 0.00536558 
0.00293628 0.00184752 0.000970322 0.147419 0.0739759 0.604524 0.00379385 0.0296885 0.0418471 0.0152869 0.0686064 0.000431928 0.00867234 
0.0287731 3.45655e-05 3.4818e-05 0.00673768 0.115938 1.41035e-05 1.13532e-07 0.00187594 0.846392 0.00018163 3.96208e-06 5.59789e-08 1.40864e-05 
0.00922953 2.18035e-06 7.1045e-07 0.124581 0.634974 1.09967e-05 1.57153e-05 0.00367927 0.213318 0.00390281 1.16848e-06 2.86538e-08 0.0102838 
0.00528153 0.00221364 0.000302638 0.135934 0.607924 0.0169046 0.00439256 0.0298079 0.0215049 0.168316 0.00341808 6.8552e-06 0.00399299 
0.062837 0.120605 0.0951067 0.0969644 0.239011 0.0122027 0.00144127 0.0464698 0.0652163 0.246392 0.00198266 0.00135391 0.0104176 
0.0977541 0.0164077 0.000315721 0.49301 0.182207 0.0383681 0.00266024 0.0373571 0.0562502 0.0617235 0.000433838 0.000202281 0.0133101 
0.00120124 0.000541014 6.05371e-05 0.00457815 0.0563295 0.00288731 0.000207048 0.00502449 0.00646418 0.0703067 0.852101 2.5148e-05 0.000273483 
0.000966373 8.6917e-05 0.00787214 0.684795 0.074083 0.00422907 0.00438064 0.01712 0.0423715 0.163047 0.000469409 1.18237e-05 0.000567453 
0.00293628 0.00184752 0.000970322 0.147419 0.0739759 0.604524 0.00379385 0.0296885 0.0418471 0.0152869 0.0686064 0.000431928 0.00867234 
0.0263442 0.000470536 0.00306578 0.0142847 0.83831 0.000248977 0.00153858 0.0154114 0.0900014 0.00981978 1.67061e-05 1.33482e-05 0.000474221 
0.0483015 0.00749472 0.00885722 0.3833 0.132508 0.121579 0.00256943 0.020881 0.229028 0.0258139 0.00344514 0.00243801 0.0137835 
0.0782893 0.00281479 0.00234559 0.270833 0.225641 0.0718281 0.00493221 0.0487994 0.271964 0.0144309 0.00271237 0.00168016 0.00372943 
0.004049 0.00332681 1.36971e-05 0.500274 0.0146371 0.109192 0.00130258 0.00215709 0.331992 0.00312785 9.23273e-05 1.33284e-05 0.0298227 
0.00293628 0.00184752 0.000970322 0.147419 0.0739759 0.604524 0.00379385 0.0296885 0.0418471 0.0152869 0.0686064 0.000431928 0.00867234 
0.0166689 0.000861043 0.00090241 0.00535638 0.0716994 0.327011 9.17537e-05 0.0121333 0.000148842 0.564976 4.41953e-05 3.72749e-08 0.00010644 
0.0303672 0.00100318 8.43714e-06 0.0610742 0.199545 0.00362399 0.0531391 0.279627 0.155529 0.21272 7.61408e-06 4.44208e-07 0.003355 
0.0507495 0.00954751 0.00506882 0.0854037 0.330527 0.0507584 0.00316279 0.122072 0.103915 0.220585 0.00179733 0.000478749 0.0159346 
0.358187 0.000187904 0.000701829 0.200953 0.204661 0.00583936 0.000204321 0.0286836 0.0595483 0.129271 0.0003577 0.000152496 0.0112521 
0.0220891 0.00961703 0.000126344 0.28532 0.383441 0.0351731 0.00519191 0.0299414 0.108342 0.0270211 0.0265662 9.13324e-05 0.0670799 
0.000468755 0.980686 8.53646e-08 0.000651691 0.00057821 2.34099e-07 3.18027e-10 9.70092e-07 0.00343799 0.012578 0.00159831 1.56808e-10 1.97398e-07 
0.00528153 0.00221364 0.000302638 0.135934 0.607924 0.0169046 0.00439256 0.0298079 0.0215049 0.168316 0.00341808 6.8552e-06 0.00399299 
0.000627131 0.000280105 6.69309e-10 0.000607561 0.00478278 0.000345333 9.29183e-10 0.0237692 0.00241849 0.967109 6.06093e-05 4.58149e-10 1.21245e-07 
0.000286474 1.99056e-07 9.24031e-08 0.42118 0.31978 0.000813963 0.0123107 0.00688956 0.216144 0.0225615 9.24049e-06 4.35497e-11 2.43876e-05 
0.00405289 0.00259567 0.000323423 0.037095 0.0118303 0.00101774 0.00942499 0.58086 0.0217536 0.297824 5.31372e-05 9.36779e-08 0.0331693 
0.022681 0.000451634 9.79979e-05 0.0420982 0.727057 0.0219796 0.0187115 0.00395149 0.084515 0.0563587 0.0175226 5.73678e-05 0.00451759 
0.0765779 6.69069e-06 2.47887e-07 0.344875 0.052529 0.00771145 1.43014e-06 0.0265346 0.0218955 0.453515 0.000425476 1.26534e-09 0.0159283 
0.182285 0.00122104 0.00223273 0.125625 0.161534 0.0322275 0.00265839 0.0622405 0.406018 0.0102784 0.00203675 0.000739653 0.0109039 
0.0294762 0.000444959 4.44358e-05 0.697075 0.149045 0.00653137 2.43133e-05 0.00911869 0.0775382 0.0293842 7.03261e-05 5.56238e-06 0.00124155 
0.132068 0.000161279 4.63634e-05 0.101484 0.128762 0.139594 0.00380507 0.0440288 0.246419 0.119969 0.0357443 8.22747e-06 0.0479091 
0.00785351 5.69894e-06 2.07696e-07 8.23943e-07 1.60763e-06 1.85563e-07 3.70172e-05 0.147019 0.226977 0.618105 6.95762e-08 9.47165e-11 1.94328e-07 
0.0103977 0.0879806 0.00695955 9.53942e-07 0.250121 0.020505 0.00714795 0.13441 0.280174 0.126193 0.0761076 9.53482e-07 9.53843e-07 
0.000627131 0.000280105 6.69309e-10 0.000607561 0.00478278 0.000345333 9.29183e-10 0.0237692 0.00241849 0.967109 6.06093e-05 4.58149e-10 1.21245e-07 
0.000468755 0.980686 8.53646e-08 0.000651691 0.00057821 2.34099e-07 3.18027e-10 9.70092e-07 0.00343799 0.012578 0.00159831 1.56808e-10 1.97398e-07 
0.0128853 0.00152064 0.013215 0.146133 0.554523 0.0402921 0.00749666 0.0498456 0.0634297 0.0785194 0.0186029 0.00081829 0.0127181 
0.0170425 0.496017 6.02513e-07 0.0138744 0.000896821 0.121877 0.00344357 0.0274005 0.00187408 0.307502 0.000183361 4.12427e-07 0.0098875 
0.0344189 0.00963068 0.000313683 0.289627 0.0158136 0.0444744 0.000240158 0.0156182 0.558031 0.0235243 0.000171362 0.000114064 0.00802258 
0.000121632 0.00344772 3.49541e-05 0.0698732 0.107988 0.000255787 6.34901e-06 0.000431438 0.000517072 0.81724 4.23302e-05 3.13048e-06 3.79542e-05 
0.0680586 0.00161826 0.00374952 0.209385 0.604505 0.0133406 0.0021159 0.0201659 0.0546627 0.013664 0.0061785 0.000158517 0.0023981 
0.00349999 0.00228174 0.000341903 0.223436 0.734483 0.00244685 2.83507e-05 0.00506149 0.00304219 0.0129132 0.000210789 8.70285e-06 0.0122454 
0.00765257 0.0112284 0.00027504 0.147371 0.0630072 0.0111152 0.0041898 0.00856869 0.029587 0.714453 0.000168541 7.41375e-05 0.00230862 
0.0628048 0.00266691 0.000252983 0.4289 0.0396232 0.0317882 0.000232126 0.0185925 0.366681 0.0347736 0.000242938 2.98816e-05 0.0134123 
0.307239 0.044654 0.000955314 0.0104921 0.357717 0.00154797 0.149329 0.0305123 0.066027 0.0312256 0.000266959 8.81661e-07 3.28397e-05 
0.0182624 0.0219411 0.0014361 0.0107401 0.416643 6.8385e-07 0.0017773 0.0953549 0.0420007 0.375906 0.00307813 6.83709e-07 0.0128593 
0.0134498 0.0447097 3.73114e-05 0.0713989 0.202627 0.10479 0.00027799 0.0952214 0.0521235 0.411283 0.000616481 3.09719e-05 0.00343403 
0.00293628 0.00184752 0.000970322 0.147419 0.0739759 0.604524 0.00379385 0.0296885 0.0418471 0.0152869 0.0686064 0.000431928 0.00867234 
0.0267215 0.0014018 0.000701468 0.153659 0.648935 0.00568026 6.59476e-05 0.109661 0.0155674 0.0328714 6.97106e-05 1.61799e-05 0.00464966 
0.000627131 0.000280105 6.69309e-10 0.000607561 0.00478278 0.000345333 9.29183e-10 0.0237692 0.00241849 0.967109 6.06093e-05 4.58149e-10 1.21245e-07 
0.00391393 0.00288544 0.00153513 0.239922 0.0403264 0.0634063 0.00112828 0.0187411 0.0797782 0.539327 0.000104919 1.00417e-05 0.00892123 
0.00682139 0.000104288 0.0501706 0.175534 0.712845 0.0066015 3.19295e-05 0.00659635 0.0315521 0.00829978 5.23598e-05 2.76933e-05 0.00136307 
0.000258483 0.00034744 3.18984e-06 0.0809971 0.692048 0.0489248 0.000802337 0.0851777 0.0755508 0.0158272 4.13991e-05 9.62025e-08 2.11171e-05 
0.130629 0.00111345 0.00890273 0.14043 0.186759 0.0857586 0.00296916 0.0326685 0.282877 0.126785 8.77916e-05 6.62325e-06 0.0010131 
0.00175342 0.000422175 0.00238946 0.502316 0.450407 0.0167643 0.000482037 0.00214301 0.00306598 0.0196048 0.000479206 1.2095e-05 0.000160175 
0.29077 0.00207445 4.8806e-08 0.456593 0.155814 0.00803692 3.83075e-06 0.0206952 0.0558979 0.00555664 2.29717e-05 2.19621e-08 0.00453568 
0.00565201 0.0134044 0.00088561 0.0261732 0.0935217 0.53472 0.00137664 0.0498148 0.00866295 0.19422 0.0589445 0.000472152 0.0121521 
5.02598e-06 2.70111e-05 5.55926e-09 0.998743 0.00110088 2.47652e-05 3.31941e-05 9.54074e-06 2.25496e-05 1.97808e-05 9.45599e-06 3.80537e-09 4.46193e-06 
0.0736342 0.0104257 0.00282245 0.0154964 0.796834 0.00485504 5.26482e-05 0.0213098 0.0134481 0.0283645 0.0125275 4.4586e-05 0.0201846 
0.00413316 1.08382e-07 1.02632e-07 0.0910923 0.0432858 0.01712 0.000346522 0.0503975 0.055875 0.7377 4.767e-05 7.02527e-08 1.78699e-06 
0.109267 0.000134866 0.177669 0.14856 0.376085 0.0107136 0.000462867 0.00480203 0.00547724 0.082467 0.084195 4.15293e-05 0.000124635 
0.0402974 0.00103048 0.0214611 0.133105 0.772311 0.00682201 6.54201e-05 0.00230731 0.00403529 0.0168159 0.000612658 6.43259e-05 0.00107154 
0.0328719 0.000843948 5.31843e-09 0.00902305 0.845549 2.65699e-07 0.000275414 0.0072513 0.0362548 0.0679251 9.89849e-08 3.64052e-09 4.62492e-06 
0.0222301 0.0156487 0.000259294 0.261178 0.539847 0.0461699 0.00234909 0.0100365 0.0671515 0.013981 0.007912 3.3023e-05 0.0132038 
0.0473375 0.02033 0.0010017 0.289073 0.0102335 0.0901426 0.000417515 0.0206633 0.424697 0.0581428 0.00294301 4.64594e-05 0.0349712 
0.522949 0.00098023 0.00384857 0.244697 0.0977826 0.0466454 0.000958927 0.00496022 0.0249484 0.050592 0.000715703 3.51891e-05 0.000887024 
0.023503 0.00111507 0.25795 0.120397 0.111224 0.00943929 0.00908915 0.027849 0.032826 0.345848 0.00197998 2.82118e-05 0.0587519 
0.00922953 2.18035e-06 7.1045e-07 0.124581 0.634974 1.09967e-05 1.57153e-05 0.00367927 0.213318 0.00390281 1.16848e-06 2.86538e-08 0.0102838 
0.020669 0.00133099 0.00181613 0.024277 0.523477 0.0544268 0.0817586 0.0303879 0.0732149 0.187922 0.000155527 0.000110992 0.000452893 
0.0662546 0.015031 0.00139553 0.404683 0.0143234 0.0514135 0.000576204 0.00352224 0.41207 0.0275717 0.000187745 6.40555e-05 0.00290765 
0.0224365 0.001616 0.000817054 0.0264433 0.0989952 0.65714 0.00179397 0.0807478 0.0566923 0.0499931 0.00200158 0.000133481 0.00118979 
0.692518 0.000291959 7.75575e-07 0.00127881 0.0144127 0.000176301 1.07671e-06 0.00874013 0.00601327 0.276552 7.02235e-06 5.3089e-07 7.53888e-06 
0.050489 0.00142066 0.000256253 0.110285 0.624826 0.0271943 0.0017802 0.0151827 0.101054 0.00920159 3.58193e-05 2.73018e-05 0.0582479 
0.000468755 0.980686 8.53646e-08 0.000651691 0.00057821 2.34099e-07 3.18027e-10 9.70092e-07 0.00343799 0.012578 0.00159831 1.56808e-10 1.97398e-07 
0.00317731 4.41139e-07 0.00255187 0.884964 0.0709907 0.00354829 0.000283243 0.00264106 0.00919378 0.0226216 1.73085e-05 4.14915e-07 9.56271e-06 
0.014516 0.0016736 1.82605e-05 0.00245929 0.873397 0.00729487 6.27795e-05 0.0685808 0.0109041 0.0164688 7.44016e-05 9.89116e-07 0.00454881 
0.0734874 0.0033936 0.00106096 0.198059 0.433002 0.0363715 0.0244896 0.0326131 0.151912 0.0361706 0.00341012 0.000587911 0.00544213 
0.454717 0.00110675 1.85282e-07 0.174041 0.0546108 0.00888889 6.43466e-06 0.0580869 0.0373513 0.0564812 2.70532e-05 1.36963e-09 0.154683 
0.0100974 0.0118142 0.000845336 0.0675115 0.0669563 0.536066 0.00919894 0.0293907 0.00848357 0.199085 0.0438897 0.000417374 0.0162442 
0.00853668 0.031601 0.000604558 0.327883 0.00359875 0.0395468 0.000410331 0.00228194 0.55222 0.0312111 0.000107753 4.32277e-05 0.00195493 
0.000924434 0.000214787 3.04958e-06 0.000115053 0.916637 4.99637e-05 7.3318e-05 0.0527247 0.025072 0.00416078 9.79333e-06 2.08747e-06 1.3138e-05 
0.00023974 0.00729085 5.38861e-10 0.007689 0.0436564 0.279879 1.04063e-06 0.0548115 0.374812 0.223961 9.16734e-06 3.68856e-10 0.00764988 
0.00395885 6.72053e-06 6.90133e-06 0.0652285 0.584823 0.236372 0.00373434 0.000205346 0.0462789 0.00572583 0.000231052 5.77332e-06 0.0534231 
0.20703 0.00358009 1.7944e-05 0.187943 0.023358 0.00128272 8.75837e-05 0.000770027 0.112541 0.463372 1.1963e-05 4.47927e-07 4.96429e-06 
0.0671036 0.00112931 0.00456749 0.0256574 0.730097 0.00859997 0.000502348 0.042934 0.068643 0.0458462 0.00328257 0.00033716 0.00129981 
0.217902 0.000747194 7.48281e-06 0.155043 0.311228 0.0017382 0.00553447 0.0873321 0.0647782 0.0773985 8.70247e-05 7.01274e-06 0.0781961 
0.180566 0.00395831 0.00121315 0.0932967 0.482294 0.00342698 0.0290273 0.00763881 0.0410708 0.149175 0.000184768 0.000130568 0.00801638 
0.134181 0.000550935 0.00105436 0.116069 0.482829 0.00936112 0.000365031 0.109879 0.108413 0.0325447 0.000774449 0.000274941 0.00370416 
0.00589684 0.00936526 0.000453204 0.0468595 0.109228 0.00351346 0.00318237 0.0468412 0.0178687 0.753812 0.000858512 0.000155107 0.00196574 
0.00258156 0.000234769 2.45138e-08 0.198769 0.324336 2.44132e-05 0.0120902 0.0109081 0.0642966 0.386683 1.62073e-05 1.678e-08 6.03551e-05 
0.542151 0.0104896 0.00360363 0.15283 0.109996 0.000228225 0.00379699 0.132066 0.0142408 0.0157058 4.66907e-05 5.60029e-06 0.0148389 
0.00566558 7.86601e-05 0.000258206 0.0462135 0.878891 0.0027591 0.000377848 0.001198 0.0224069 0.0413213 0.000127017 8.9331e-07 0.000702033 
0.0882217 2.67425e-06 0.000107437 0.101091 0.000846916 0.0705172 2.35372e-07 0.0428813 0.382898 0.313415 1.03071e-06 1.94951e-07 1.73784e-05 
0.00922953 2.18035e-06 7.1045e-07 0.124581 0.634974 1.09967e-05 1.57153e-05 0.00367927 0.213318 0.00390281 1.16848e-06 2.86538e-08 0.0102838 
0.00298493 0.0167803 6.83566e-07 0.0977298 0.655891 0.0001689 0.000971358 0.0526332 0.0236296 0.131328 0.000199185 4.00956e-08 0.0176823 
0.00293628 0.00184752 0.000970322 0.147419 0.0739759 0.604524 0.00379385 0.0296885 0.0418471 0.0152869 0.0686064 0.000431928 0.00867234 
0.00539919 0.00155861 2.07084e-06 0.0649088 0.0418952 2.59338e-06 2.30442e-05 0.00335572 0.00537506 0.876705 0.000771733 1.30193e-06 1.91978e-06 
0.184134 0.0147529 0.0511633 0.0663218 0.0303848 0.00250563 0.00858171 0.287933 0.311406 0.00577951 0.0296829 0.000642895 0.00671158 
0.00023974 0.00729085 5.38861e-10 0.007689 0.0436564 0.279879 1.04063e-06 0.0548115 0.374812 0.223961 9.16734e-06 3.68856e-10 0.00764988 
0.0473605 0.00095327 0.000174187 0.0735483 0.736041 0.0181494 0.00119678 0.0101305 0.067395 0.00614246 2.53633e-05 1.99043e-05 0.0388629 
0.00197309 0.00943634 0.000659909 0.0601366 0.588152 0.230535 0.000178483 0.0304932 0.039091 0.0248357 0.013533 8.2167e-05 0.000894077 
0.00766949 3.15547e-05 0.000108195 0.0835923 0.369232 0.458127 0.0419624 0.00116057 0.00665615 0.0185704 0.0128087 1.5557e-05 6.51161e-05 
0.00750764 0.000705692 0.00201362 0.381482 0.267434 0.0201559 0.000501603 0.0111997 0.00268795 0.300431 0.0022787 2.48889e-05 0.00357697 
0.00750764 0.000705692 0.00201362 0.381482 0.267434 0.0201559 0.000501603 0.0111997 0.00268795 0.300431 0.0022787 2.48889e-05 0.00357697 
5.46159e-05 0.00135616 1.8278e-06 0.284019 0.00948213 3.78881e-06 0.000374576 0.0309023 0.577786 0.0960153 2.77706e-06 1.30835e-08 1.52719e-06 
0.0436105 0.00578297 0.000166223 0.0756764 0.0763399 0.0518633 6.96212e-05 0.00934566 0.646586 0.00176381 0.0887198 2.91901e-05 4.63905e-05 
0.22333 0.00101943 0.00191728 0.49493 0.0317108 0.0271604 0.00126002 0.00725584 0.0873321 0.0956738 0.00485771 0.000339883 0.0232122 
0.0760616 0.000154319 6.43136e-05 0.202062 0.0178886 0.000834187 0.000419145 0.0289396 0.113243 0.556763 0.000140227 3.10229e-05 0.00339889 
0.00237501 3.4856e-05 2.03047e-07 0.0157569 0.919214 7.3217e-06 4.28346e-07 0.0103469 0.0506602 0.00151791 6.70437e-05 3.30713e-08 1.96405e-05 
0.00880385 0.0002434 4.84642e-07 0.546716 0.240334 0.0407511 0.030575 0.00879917 0.0761243 0.0343006 0.010305 1.88398e-07 0.00304644 
0.311197 0.00141361 0.00259855 0.102061 0.255833 0.0162071 0.00169581 0.0767447 0.15334 0.0375314 0.00432095 0.000780253 0.0362781 
0.00272906 4.31749e-07 2.29686e-12 0.923591 0.00876592 2.83091e-07 4.0013e-05 1.79684e-07 0.0200077 4.98991e-08 1.90868e-08 1.57223e-12 0.0448652 
0.000468755 0.980686 8.53646e-08 0.000651691 0.00057821 2.34099e-07 3.18027e-10 9.70092e-07 0.00343799 0.012578 0.00159831 1.56808e-10 1.97398e-07 
0.000468755 0.980686 8.53646e-08 0.000651691 0.00057821 2.34099e-07 3.18027e-10 9.70092e-07 0.00343799 0.012578 0.00159831 1.56808e-10 1.97398e-07 
0.0124033 0.000660405 0.000252503 0.0503598 0.249622 0.000260251 0.000124021 0.0900576 0.0569339 0.531035 0.00338067 8.69285e-06 0.00490181 
0.0449983 0.00932466 9.57846e-10 0.00845371 0.849907 1.43602e-07 5.50058e-07 0.00244532 0.0419362 0.0427762 0.000157838 6.55656e-10 4.18364e-08 
0.0354739 0.00477695 0.00317882 0.104523 0.0607368 0.061768 0.00168741 0.0326828 0.0983899 0.025897 0.568967 0.0008968 0.00102123 
0.183951 0.00272416 0.000122726 0.154703 0.39011 0.00168619 0.00342046 0.0173133 0.214314 0.0309365 1.36517e-05 3.42431e-06 0.000701633 
0.00035551 0.000299942 1.18697e-07 0.211313 0.770038 0.000159622 3.10813e-05 0.00259144 0.0143735 0.000790005 1.58366e-05 2.95558e-09 3.28386e-05 
0.0128853 0.00152064 0.013215 0.146133 0.554523 0.0402921 0.00749666 0.0498456 0.0634297 0.0785194 0.0186029 0.00081829 0.0127181 
0.0824594 6.63693e-11 0.000984564 0.0413603 0.196039 0.00671394 9.30262e-08 0.223078 0.44645 0.00268708 1.03659e-05 4.30203e-11 0.000217233 
0.000468755 0.980686 8.53646e-08 0.000651691 0.00057821 2.34099e-07 3.18027e-10 9.70092e-07 0.00343799 0.012578 0.00159831 1.56808e-10 1.97398e-07 
0.0205768 0.000993345 2.16334e-05 0.58465 0.0168477 0.080718 0.000158213 0.00702925 0.268567 0.0126407 1.09782e-05 1.01324e-09 0.00778636 
0.013371 0.00286419 0.000794199 0.114459 0.118734 0.462028 0.000802299 0.0349854 0.0461138 0.170358 0.033192 0.000787056 0.00151037 
0.0330041 0.00471186 0.000261936 0.0703547 0.13884 0.0230469 0.00307501 0.0137369 0.159325 0.00383099 0.000212961 1.6365e-07 0.549599 
0.0234961 8.1458e-05 5.57944e-05 0.359843 0.377012 0.0720283 6.34607e-05 0.00328438 0.0210941 0.130519 0.00232185 4.21316e-05 0.0101579 
0.00615114 0.00486359 0.000499892 0.0322407 0.448188 0.259503 0.00448017 0.0569218 0.089609 0.0954095 0.00158578 1.68157e-05 0.000530914 
0.000815493 0.170254 2.28823e-05 0.0548664 0.142226 0.509744 4.10381e-05 4.76876e-05 1.49239e-05 0.121784 8.40982e-06 6.66751e-06 0.000167499 
0.0579615 6.29334e-06 2.3439e-07 0.0689632 0.380294 1.49027e-05 1.34669e-06 0.223796 0.240152 0.0287874 6.54652e-07 2.06252e-09 2.20874e-05 
0.00344474 1.29776e-05 4.0909e-06 0.624284 0.0769242 2.56342e-05 7.77875e-09 0.00280359 0.285889 0.000203385 4.72275e-09 4.2609e-12 0.00640826 
0.00293628 0.00184752 0.000970322 0.147419 0.0739759 0.604524 0.00379385 0.0296885 0.0418471 0.0152869 0.0686064 0.000431928 0.00867234 
0.0403043 0.00751718 0.0203641 0.246508 0.216002 0.0888233 0.00375831 0.0101379 0.299368 0.0398043 0.00477561 0.000739738 0.0218975 
0.0454417 0.0414143 0.00444379 0.0636167 0.145802 0.0102315 0.000272508 0.0171102 0.102728 0.561753 0.000717573 4.40826e-06 0.00646382 
0.000468755 0.980686 8.53646e-08 0.000651691 0.00057821 2.34099e-07 3.18027e-10 9.70092e-07 0.00343799 0.012578 0.00159831 1.56808e-10 1.97398e-07 
0.100127 0.000534766 0.109454 0.586374 0.0189945 0.00772792 0.00101758 0.0034003 0.0751496 0.0944725 0.000537723 0.000373887 0.00183625 
0.0353099 0.00512051 0.00134527 0.172042 0.514249 0.021959 0.00161971 0.0673722 0.136547 0.0288859 0.0035775 0.00133379 0.0106379 
0.000435726 9.63828e-06 0.000159897 0.00247139 0.0010638 0.000223342 6.8977e-08 0.00625395 0.00428093 0.98431 0.000701713 3.40102e-08 8.9252e-05 
0.0257449 0.0295546 0.000501413 0.0335073 0.432024 0.242206 0.000961498 0.0826752 0.0441634 0.0901914 0.000277484 9.15894e-05 0.0181015 
0.00229196 0.000212357 0.00452542 0.0584118 0.0571953 0.742461 0.000678975 0.023129 0.0585006 0.0520286 0.000147846 0.000120203 0.000296954 
0.00375678 0.00103312 4.49275e-08 0.0133953 0.124624 7.37816e-05 2.1524e-06 0.782237 0.0377449 0.0367677 1.23399e-05 3.37327e-08 0.000352847 
0.0341477 0.00321032 0.000478328 0.0773469 0.0296765 0.042638 2.76943e-05 0.00582996 0.110119 0.688446 0.00790109 1.47527e-05 0.000164123 
0.0344189 0.00963068 0.000313683 0.289627 0.0158136 0.0444744 0.000240158 0.0156182 0.558031 0.0235243 0.000171362 0.000114064 0.00802258 
0.000627131 0.000280105 6.69309e-10 0.000607561 0.00478278 0.000345333 9.29183e-10 0.0237692 0.00241849 0.967109 6.06093e-05 4.58149e-10 1.21245e-07 
0.0237791 0.000832251 0.000169601 0.393943 0.309398 0.000801836 0.000285095 7.71127e-08 0.170152 0.00408663 7.70953e-08 7.70764e-08 0.0965517 
0.00293628 0.00184752 0.000970322 0.147419 0.0739759 0.604524 0.00379385 0.0296885 0.0418471 0.0152869 0.0686064 0.000431928 0.00867234 
0.00853668 0.031601 0.000604558 0.327883 0.00359875 0.0395468 0.000410331 0.00228194 0.55222 0.0312111 0.000107753 4.32277e-05 0.00195493 
0.0344189 0.00963068 0.000313683 0.289627 0.0158136 0.0444744 0.000240158 0.0156182 0.558031 0.0235243 0.000171362 0.000114064 0.00802258 
0.0180178 0.00325804 1.24663e-05 0.366983 0.0106047 0.015704 4.60004e-05 0.221626 0.0312832 0.289226 0.00336263 4.00388e-07 0.0398758 
0.00164474 0.00111418 3.49388e-06 0.00411181 0.93887 0.00953456 5.71912e-06 0.0404182 0.00258185 0.00114761 0.000483671 2.15844e-06 8.24653e-05 
0.00285348 1.04574e-05 2.07337e-05 0.081443 0.00294547 0.00604596 3.7761e-09 0.252047 0.0355026 0.618842 0.000231288 1.86187e-09 5.82823e-05 
8.35971e-05 0.000141578 0.000155003 0.126746 0.756321 5.31794e-05 1.73661e-06 0.00076154 0.000415406 0.11498 0.000209109 2.53408e-07 0.00013165 
0.0181125 0.000453754 0.000709627 0.281798 0.342546 0.317825 0.00547219 0.000483383 0.0109327 0.00304576 0.0181947 3.69686e-05 0.000389808 
0.0155341 7.83147e-05 1.1412e-08 0.274079 0.195789 2.28326e-05 1.5843e-08 0.018035 0.298769 0.197541 0.000140486 7.81163e-09 1.12907e-05 
0.0434432 0.0004581 0.00665167 0.114137 0.622533 0.0584794 0.000233981 0.0417298 0.0569232 0.0497959 0.000309096 9.48036e-05 0.00521052 
0.456372 0.00348108 0.000177869 0.0255896 0.233893 0.0211551 0.00291589 0.0645132 0.137056 0.0158367 0.0283001 0.000145486 0.0105636 
0.00351206 0.000875525 2.90082e-05 0.0150906 0.0988309 0.790715 6.45117e-06 0.00167014 0.0112739 0.0561457 0.0213204 4.73208e-07 0.000529485 
0.0639552 4.6217e-10 4.37651e-10 0.26877 0.180566 0.00282529 3.6645e-08 0.0425073 0.337682 0.103628 2.96431e-07 2.99577e-10 6.52195e-05 
0.0265309 0.00594553 4.59849e-05 0.0317795 0.1197 0.302718 0.000211048 0.00544351 0.500749 0.00626129 0.000514914 3.9587e-05 6.03296e-05 
0.0064968 0.00166564 1.77465e-07 0.11447 0.0312274 4.61332e-05 3.55807e-07 0.185756 0.108863 0.519892 0.00139103 1.56239e-07 0.0301908 
0.00415312 1.16458e-05 3.09602e-09 0.123028 0.340085 6.32351e-09 3.83086e-05 0.00355519 0.527885 0.00087385 1.30815e-10 2.46653e-12 0.000370039 
0.0344189 0.00963068 0.000313683 0.289627 0.0158136 0.0444744 0.000240158 0.0156182 0.558031 0.0235243 0.000171362 0.000114064 0.00802258 
0.0441895 0.00095107 0.00141938 0.135974 0.580803 0.0343606 0.0245841 0.0204759 0.127738 0.0172813 0.0099663 0.000686824 0.00156991 
0.0369578 0.00827328 0.000885369 0.257237 0.0865724 0.045775 0.00250893 0.109026 0.40234 0.0253106 0.021245 0.000556891 0.00331148 
0.00662684 0.00997826 0.000621019 0.0374871 0.061601 0.00735372 0.00113186 0.0562265 0.0309173 0.766443 0.00156436 0.000330357 0.0197187 
0.00396062 0.00262237 1.68073e-05 0.150466 0.193277 0.283841 3.58017e-06 0.041364 0.0532116 0.270473 0.000357802 1.84649e-06 0.000404152 
0.0253621 0.00149874 3.67805e-07 0.124575 0.214783 0.0994485 0.00130519 0.0080068 4.86183e-06 0.525013 7.61127e-08 4.11985e-11 1.59957e-06 
0.116591 0.00931046 0.00882715 0.200753 0.136 0.01092 0.01428 0.237302 0.198421 0.0414116 0.00290435 0.00119355 0.0220857 
0.0294762 0.000444959 4.44358e-05 0.697075 0.149045 0.00653137 2.43133e-05 0.00911869 0.0775382 0.0293842 7.03261e-05 5.56238e-06 0.00124155 
0.728181 0.000826188 1.17268e-05 0.0444849 0.0591501 0.0137472 0.00382679 0.013505 0.110986 0.0251471 3.14882e-05 4.89805e-09 0.000102454 
0.000627131 0.000280105 6.69309e-10 0.000607561 0.00478278 0.000345333 9.29183e-10 0.0237692 0.00241849 0.967109 6.06093e-05 4.58149e-10 1.21245e-07 
0.00293628 0.00184752 0.000970322 0.147419 0.0739759 0.604524 0.00379385 0.0296885 0.0418471 0.0152869 0.0686064 0.000431928 0.00867234 
0.0555215 2.74643e-05 3.22134e-05 0.0440785 4.69447e-05 0.00976616 5.65176e-07 2.58656e-05 0.101523 0.788145 0.000828773 2.78669e-07 3.61685e-06 
0.00197309 0.00943634 0.000659909 0.0601366 0.588152 0.230535 0.000178483 0.0304932 0.039091 0.0248357 0.013533 8.2167e-05 0.000894077 
0.0242578 0.451666 0.000128138 0.108498 0.00901498 0.0309462 0.000154656 0.0121015 0.308348 0.0351599 0.000234949 4.26978e-05 0.0194473 
0.0062688 0.00275282 0.0431371 0.149195 0.12858 0.135626 0.0383292 0.14739 0.078856 0.0847481 0.0059906 0.0014133 0.177714 
0.0282465 0.00720571 0.000205381 0.300858 0.066793 0.0302179 0.000468131 0.0123865 0.527926 0.0200394 0.000139957 7.46698e-05 0.00543828 
0.0274293 0.00452717 0.00129237 0.133192 0.587182 0.0738034 0.000350381 0.0648258 0.0578817 0.0406978 0.00660376 0.000112667 0.00210145 
0.0670021 0.00160056 0.00538063 0.144612 0.0686329 0.0389665 0.000522425 0.00987722 0.571902 0.086878 0.00347529 0.000308742 0.000841212 
0.0158804 0.757666 1.16841e-06 0.00159032 0.181436 1.38404e-05 6.72736e-05 0.000989592 0.0259934 0.0161012 3.52419e-06 9.57034e-07 0.000256812 
0.0328719 0.000843948 5.31843e-09 0.00902305 0.845549 2.65699e-07 0.000275414 0.0072513 0.0362548 0.0679251 9.89849e-08 3.64052e-09 4.62492e-06 
0.000468755 0.980686 8.53646e-08 0.000651691 0.00057821 2.34099e-07 3.18027e-10 9.70092e-07 0.00343799 0.012578 0.00159831 1.56808e-10 1.97398e-07 
2.40937e-07 0.0024448 0.000287026 0.000152549 2.72006e-06 1.65705e-09 1.36989e-07 5.60222e-07 2.22315e-07 0.996834 0.000277249 2.59687e-11 1.58976e-07 
0.111373 0.0102934 0.0293661 0.0293713 0.689356 0.032591 0.000232147 0.0354049 0.0198006 0.0320105 0.00549777 0.000199391 0.00450416 
0.0131911 2.19418e-05 2.25624e-05 0.0813301 0.652559 0.107142 0.00121939 8.97567e-05 0.00343427 0.00815076 0.000768586 1.88954e-05 0.132052 
0.00293628 0.00184752 0.000970322 0.147419 0.0739759 0.604524 0.00379385 0.0296885 0.0418471 0.0152869 0.0686064 0.000431928 0.00867234 
0.0402847 0.00495705 0.0040972 0.198874 0.215498 0.291714 0.00546166 0.0161005 0.149883 0.0488955 0.00821497 0.000959219 0.0150601 
0.0630032 0.00391876 0.0243552 0.543082 0.265984 0.0201007 0.00128944 0.0141414 0.0279925 0.0128731 0.0069745 0.000644996 0.0156408 
0.458883 7.38058e-05 0.000137792 0.247958 0.136782 0.000110105 1.39056e-05 0.00720917 0.0999632 0.0485383 2.89915e-05 2.30522e-06 0.000299615 
0.0853975 0.000508693 3.11772e-05 0.199276 0.0953324 0.000381613 0.000302366 0.0153939 0.59949 0.00332387 0.000142201 2.36378e-05 0.000396998 
0.000468755 0.980686 8.53646e-08 0.000651691 0.00057821 2.34099e-07 3.18027e-10 9.70092e-07 0.00343799 0.012578 0.00159831 1.56808e-10 1.97398e-07 
0.0625953 0.00135789 0.0249105 0.0642962 0.0855049 0.00151145 0.00174364 0.0334588 0.605069 0.100452 0.012708 0.000419056 0.00597279 
0.640904 0.00202862 6.86271e-05 0.101854 0.18669 0.00181958 0.000206479 0.00199485 0.0612793 0.00305123 5.44702e-05 1.48963e-05 3.29608e-05 
0.000187564 1.73313e-05 8.78904e-06 0.0183537 0.0240502 1.8086e-05 5.11715e-08 0.091749 4.31154e-05 0.863654 0.00191643 2.52309e-08 2.17318e-06 
0.00152151 1.42916e-07 0.000112827 0.00438023 0.012389 0.356411 1.87881e-07 0.0626296 0.0209849 0.40486 0.122786 9.26378e-08 0.0139245 
0.0309112 0.000287858 0.000480151 0.0226006 0.0514501 0.411865 0.00305488 0.0104972 0.301098 0.00434744 0.162697 0.000256752 0.000453621 
0.000910158 0.044183 4.30056e-05 0.0196935 0.841982 0.00182943 0.0011625 0.00187939 0.0137696 0.0275098 0.000215363 4.84115e-06 0.0468177 
0.0414658 0.000477247 0.000476774 0.690375 0.134828 0.0413467 0.00194552 0.0063643 0.02807 0.0355798 0.0113042 0.000134046 0.00763235 
0.0104361 0.000714464 0.00731986 0.350593 0.196882 0.0292473 0.00351248 0.0604799 0.28191 0.0519863 0.00035146 0.000159599 0.00640753 
0.00293628 0.00184752 0.000970322 0.147419 0.0739759 0.604524 0.00379385 0.0296885 0.0418471 0.0152869 0.0686064 0.000431928 0.00867234 
0.114035 0.0248566 0.00467864 0.109745 0.152945 0.0053306 0.00186785 0.193826 0.0654392 0.307763 0.00884534 0.00100626 0.00966186 
0.123475 2.02313e-05 1.57575e-05 0.044355 0.796099 0.00319885 1.54424e-05 0.00214583 0.000324069 0.0024187 0.0275622 1.39316e-05 0.000356171 
0.00231026 0.00278541 4.7917e-07 0.576559 0.260133 2.46863e-07 1.90034e-07 0.00300846 0.0735061 0.0782053 0.00012091 1.62725e-07 0.00337065 
0.000468755 0.980686 8.53646e-08 0.000651691 0.00057821 2.34099e-07 3.18027e-10 9.70092e-07 0.00343799 0.012578 0.00159831 1.56808e-10 1.97398e-07 
0.000627131 0.000280105 6.69309e-10 0.000607561 0.00478278 0.000345333 9.29183e-10 0.0237692 0.00241849 0.967109 6.06093e-05 4.58149e-10 1.21245e-07 
0.0155271 0.0029206 0.000173332 0.162098 0.014361 0.000257835 0.000363248 0.0136058 0.012125 0.774977 0.00238744 0.000142191 0.00106162 
0.000213768 1.07417e-05 5.75217e-07 0.00028156 0.118935 0.00029384 0.000264083 0.79018 0.0696338 0.010801 8.39878e-06 3.93742e-07 0.00937677 
0.0113468 0.000186978 4.69654e-06 0.24024 0.504552 0.00682123 0.000901952 0.00697024 0.211749 0.0014766 0.00155349 2.19561e-06 0.0141941 
0.0324504 0.00355111 0.000307381 0.218886 0.184098 0.0167711 0.000668889 0.0312935 0.479702 0.011129 0.00506186 0.000302677 0.0157789 
0.019276 0.000289258 3.11951e-09 0.0247833 0.0280191 0.000390653 4.33073e-09 0.15023 0.0165506 0.757379 0.00178476 2.13534e-09 0.00129701 
0.000468755 0.980686 8.53646e-08 0.000651691 0.00057821 2.34099e-07 3.18027e-10 9.70092e-07 0.00343799 0.012578 0.00159831 1.56808e-10 1.97398e-07 
0.066855 0.00427199 0.010635 0.399654 0.245516 0.024745 0.00382766 0.0287754 0.0945357 0.084611 0.0136709 0.00268518 0.0202169 
0.00668338 1.76931e-06 1.40328e-08 0.0225517 0.0195163 0.00297784 1.38585e-05 0.0390475 0.00972105 0.896186 0.00150124 9.60562e-09 0.00179935 
0.0695965 0.00323151 0.000226087 0.480618 0.155349 0.0187722 0.000202917 0.0207233 0.166076 0.0844311 0.000113515 0.000100742 0.000558898 
8.61369e-05 0.0100154 0.000142802 0.0164206 0.117056 0.000458578 1.79512e-05 0.377525 0.0242939 0.447089 0.000175225 4.85688e-07 0.00671911 
0.0140967 5.61262e-05 0.0320381 0.110523 0.345646 0.0253055 5.28227e-05 0.0406573 0.00885714 0.408388 0.0018937 1.478e-05 0.0124717 
0.000918843 0.000107926 0.000446795 0.0200563 0.0246151 0.00147331 1.8237e-05 0.34725 0.125728 0.479316 1.78898e-05 3.33879e-06 4.80393e-05 
0.0509142 0.00249699 0.00614918 0.0893612 0.0412046 0.0344854 2.1549e-05 0.00652373 0.147425 0.614999 0.00614549 1.14771e-05 0.000261499 
0.00351206 0.000875525 2.90082e-05 0.0150906 0.0988309 0.790715 6.45117e-06 0.00167014 0.0112739 0.0561457 0.0213204 4.73208e-07 0.000529485 
0.0473605 0.00095327 0.000174187 0.0735483 0.736041 0.0181494 0.00119678 0.0101305 0.067395 0.00614246 2.53633e-05 1.99043e-05 0.0388629 
0.0261345 0.000547523 0.00170309 0.0228018 0.36472 0.00125145 1.17239e-06 0.0571327 0.121252 0.401726 0.00142771 2.79659e-07 0.00130208 
0.00698548 0.00160572 5.49708e-06 0.150429 0.00506897 0.0181574 8.6839e-06 0.000615974 0.522346 0.293925 8.76494e-05 4.42057e-07 0.000764061 
0.000319348 0.274916 0.000185519 0.0422494 0.0485199 0.0238476 0.00344275 0.122153 0.029157 0.351472 0.099122 0.000102098 0.00451389 
0.0760616 0.000154319 6.43136e-05 0.202062 0.0178886 0.000834187 0.000419145 0.0289396 0.113243 0.556763 0.000140227 3.10229e-05 0.00339889 
0.0344189 0.00963068 0.000313683 0.289627 0.0158136 0.0444744 0.000240158 0.0156182 0.558031 0.0235243 0.000171362 0.000114064 0.00802258 
0.00761618 0.00146561 0.0236767 0.204099 0.519249 0.00441401 0.00285678 0.0608826 0.147596 0.0223356 0.000605949 0.000449061 0.00475321 
0.0360371 0.00325542 0.00914592 0.0278809 0.675491 0.00530771 0.000751919 0.0586018 0.147088 0.0115776 0.00253619 0.000379781 0.0219459 
0.200784 0.0019792 0.00149231 0.15969 0.094772 0.172943 0.00355916 0.00705445 0.30666 0.0307343 0.00921279 0.000379503 0.0107396 
0.0471861 3.22469e-05 0.000219331 0.0260521 0.198931 0.00084548 0.000437679 0.0458497 0.677118 0.00309703 3.04643e-06 2.5138e-06 0.000225734 
0.692565 0.000282064 0.000218411 0.0710806 0.0195888 0.0104903 0.000845713 0.0245956 0.155931 0.0201592 0.00118891 7.81062e-05 0.00297582 
0.0209103 1.58448e-11 0.00109571 0.182058 0.0529367 0.00428922 2.08299e-11 0.0077325 0.701884 0.000591026 9.80424e-05 1.02705e-11 0.028405 
0.00398636 0.00143447 4.48549e-05 0.0789954 0.769508 0.000311681 0.000526887 0.0438773 0.076688 0.0233542 4.96634e-05 9.64526e-06 0.00121387 
0.0656988 0.00196136 0.00889801 0.14331 0.10367 0.340843 0.0106561 0.00764972 0.255005 0.049871 0.00829881 0.000623357 0.00351499 
0.00366787 0.0253697 1.51822e-07 1.07131e-05 0.072017 0.00280481 2.1077e-07 4.65281e-05 0.000798214 0.895251 1.49992e-05 1.03924e-07 1.91693e-05 
0.0662546 0.015031 0.00139553 0.404683 0.0143234 0.0514135 0.000576204 0.00352224 0.41207 0.0275717 0.000187745 6.40555e-05 0.00290765 
8.35971e-05 0.000141578 0.000155003 0.126746 0.756321 5.31794e-05 1.73661e-06 0.00076154 0.000415406 0.11498 0.000209109 2.53408e-07 0.00013165 
0.259834 0.000158938 3.00242e-08 0.402105 0.318623 0.00181785 0.00109496 0.0018098 0.0124495 0.00205205 3.44797e-06 7.39119e-11 5.07681e-05 
0.000286474 1.99056e-07 9.24031e-08 0.42118 0.31978 0.000813963 0.0123107 0.00688956 0.216144 0.0225615 9.24049e-06 4.35497e-11 2.43876e-05 
0.0214152 0.000577205 0.0013538 0.0550878 0.732158 0.0372208 0.00650095 0.00192202 0.0713599 0.0384636 0.0309249 5.40146e-05 0.00296224 
0.101796 0.000695432 0.000161339 0.160716 0.587065 0.00131337 6.02735e-05 0.0101302 0.0674058 0.0230138 0.0472873 2.39101e-05 0.000331162 
0.0712515 0.00443072 0.00820666 0.293273 0.356545 0.103009 0.00685156 0.0184654 0.0443563 0.0226647 0.0630249 7.58522e-05 0.00784526 
0.0587061 0.000248533 0.000218737 0.218261 0.290402 0.00233902 0.000598592 0.0214943 0.320936 0.0289292 2.21569e-05 8.48676e-06 0.0578353 
0.287089 0.00263527 0.0018363 0.146473 0.261758 0.0477996 0.00197606 0.0465948 0.157232 0.0293239 0.00198344 0.00162944 0.013669 
0.00315153 0.00279561 4.07652e-05 0.161534 0.609281 0.00731405 0.00412847 0.0280637 0.160452 0.019693 3.66742e-05 1.40496e-05 0.00349547 
0.437346 0.000976808 0.00399727 0.0653603 0.220242 0.0640486 0.00531672 0.0354994 0.0754701 0.0510196 0.0302063 0.000877232 0.00963955 
0.00293628 0.00184752 0.000970322 0.147419 0.0739759 0.604524 0.00379385 0.0296885 0.0418471 0.0152869 0.0686064 0.000431928 0.00867234 
0.0373543 0.00190127 0.000118949 0.0364796 0.165599 0.41672 0.000417633 0.00728237 0.331448 0.000532075 0.000230274 8.41131e-05 0.00183277 
0.000627131 0.000280105 6.69309e-10 0.000607561 0.00478278 0.000345333 9.29183e-10 0.0237692 0.00241849 0.967109 6.06093e-05 4.58149e-10 1.21245e-07 
0.0278317 0.0113582 0.00034157 0.570757 0.0143699 0.0432302 0.000661322 0.00354538 0.271777 0.0534818 0.000165151 2.01088e-05 0.00246106 
0.00293628 0.00184752 0.000970322 0.147419 0.0739759 0.604524 0.00379385 0.0296885 0.0418471 0.0152869 0.0686064 0.000431928 0.00867234 
0.0644582 0.00239778 0.0029208 0.0336037 0.376557 0.290538 0.000806307 0.027042 0.174225 0.0138129 0.00612441 0.000381887 0.00713276 
0.000603229 3.77454e-07 0.00015469 0.0689243 0.136128 0.00576456 2.83229e-05 0.0242425 0.0359207 0.727106 0.00111204 2.44665e-07 1.5745e-05 
0.000468755 0.980686 8.53646e-08 0.000651691 0.00057821 2.34099e-07 3.18027e-10 9.70092e-07 0.00343799 0.012578 0.00159831 1.56808e-10 1.97398e-07 
0.174133 0.000868385 0.000591582 0.109707 0.394765 0.0321435 0.00275496 0.0310883 0.165921 0.0395131 0.0433466 0.000190802 0.00497641 
0.00145757 8.05442e-06 2.01576e-05 0.0103172 0.139502 3.75107e-06 8.31998e-07 0.791713 0.0107527 0.00615619 8.44211e-07 8.15943e-10 0.0400674 
0.00622245 0.000598785 7.15451e-08 0.236474 0.0535827 0.0478861 1.24033e-07 0.0250309 0.0777431 0.550975 0.000600065 4.77791e-08 0.0008868 
0.0384753 0.000966719 0.000372323 0.0627065 0.0949458 0.00149762 0.000126098 0.0247619 0.111632 0.619187 6.62903e-05 6.13248e-08 0.0452624 
0.163105 3.701e-06 1.73684e-09 0.0234021 0.0684386 0.000255772 2.4112e-09 0.0510487 0.661171 0.0325014 2.14464e-08 1.18888e-09 7.36754e-05 
0.0394296 0.00264589 0.00620428 0.0379628 0.630387 0.00997159 0.0005925 0.0590265 0.179253 0.0160766 0.00234549 0.000376511 0.0157277 
0.10018 0.200167 0.00643325 0.12874 0.110834 0.123337 0.0176716 0.175566 0.0930871 0.0135995 0.0142047 0.00254393 0.013637 
0.0599498 3.13833e-06 0.000231819 0.0435294 0.00863029 0.00200635 4.12572e-06 0.00150648 0.0456095 0.838256 0.000189395 2.03425e-06 8.16316e-05 
0.000468755 0.980686 8.53646e-08 0.000651691 0.00057821 2.34099e-07 3.18027e-10 9.70092e-07 0.00343799 0.012578 0.00159831 1.56808e-10 1.97398e-07 
0.0278125 0.00169105 0.00145909 0.42998 0.0885109 0.0512725 0.000826511 0.043121 0.278694 0.0483818 0.0147967 0.000522055 0.0129314 
0.00384217 0.00141196 0.012645 0.133508 0.0116718 0.00410215 0.00451197 0.013166 0.0296478 0.77349 0.000812112 0.000377998 0.0108125 
0.0150378 0.00177614 0.0137991 0.392839 0.0471387 0.00697783 0.012159 0.0620261 0.0765531 0.359967 0.00204623 1.72425e-05 0.00966271 
0.00386632 0.000665375 0.000257304 0.0605421 0.0615433 2.42114e-05 0.00440362 0.171534 0.00864049 0.688173 3.16071e-05 3.28264e-06 0.000315678 
0.0131584 5.33357e-07 0.0484518 0.0898 0.626801 0.0225392 7.01163e-07 0.0251339 0.0318004 0.14218 0.000110591 3.07475e-07 2.30563e-05 
0.143298 0.00015744 3.78707e-05 0.0244229 0.74861 0.00171704 0.000248037 0.0134995 0.0389871 0.0267392 0.00138353 1.7652e-05 0.000881363 
0.000476373 0.00015405 9.19002e-06 0.224051 0.758404 0.000549672 0.00388379 0.000380012 0.00749708 0.0042975 5.14824e-06 7.68048e-07 0.000291179 
0.00303095 0.000216753 0.000215773 0.0102545 0.021188 0.000172495 0.000136205 0.015585 0.0151635 0.0986816 4.33645e-05 1.2121e-06 0.835311 
0.000627131 0.000280105 6.69309e-10 0.000607561 0.00478278 0.000345333 9.29183e-10 0.0237692 0.00241849 0.967109 6.06093e-05 4.58149e-10 1.21245e-07 
0.0318442 0.0266708 0.00172197 0.0986521 0.330878 0.213413 0.00318745 0.0155305 0.191792 0.0654959 0.0194179 0.000210513 0.00118492 
0.0262996 0.00858211 6.48597e-05 0.0322972 0.764801 0.00229468 0.000235612 0.0458933 0.0999504 0.0101184 0.002958 6.07222e-06 0.00649912 
0.00813038 0.000216735 4.70894e-05 0.0335223 0.592599 0.0411462 8.18561e-05 0.202207 0.114709 0.00674954 3.2441e-05 1.42841e-05 0.000544203 
