0.00546093 0.00036515 9.44994e-05 0.0123425 0.0342639 0.0223293 2.19483e-05 0.35534 0.0110728 0.171362 1.13646e-05 0.00366309 0.383673 
0.00134655 0.000468443 3.64864e-08 0.00905479 0.0141994 0.000750751 4.31238e-05 0.148268 0.013902 0.0430347 3.90852e-05 0.0152847 0.753609 
0.0391905 8.41371e-09 7.96735e-09 0.0552086 0.00885599 2.02963e-05 1.10609e-08 0.0329756 0.0850612 0.328758 8.48594e-06 0.0239795 0.425941 
0.0120953 0.00124191 1.9975e-10 0.127035 0.00494613 0.000868482 3.13734e-06 0.0533949 0.0242589 0.000706149 7.08547e-06 0.00112033 0.774322 
7.35952e-12 3.26751e-11 3.09416e-11 3.52348e-09 3.64218e-12 1.03047e-07 4.29554e-11 0.290449 3.0419e-08 5.03126e-08 1.19586e-11 2.13917e-09 0.709551 
0.292176 0.000495359 1.1488e-12 0.0570143 0.0237952 4.9681e-13 1.24414e-08 0.0183555 0.0444446 0.00102748 4.44001e-13 0.00022 0.562471 
0.0120953 0.00124191 1.9975e-10 0.127035 0.00494613 0.000868482 3.13734e-06 0.0533949 0.0242589 0.000706149 7.08547e-06 0.00112033 0.774322 
0.0137325 0.000107969 2.49918e-09 0.00631749 0.0100731 0.000209041 1.37018e-06 0.316673 0.0269149 0.00167889 0.000145142 0.00252502 0.621621 
0.0330041 0.00471186 0.000261936 0.0703547 0.13884 0.0230469 0.00307501 0.0137369 0.159325 0.00383099 0.000212961 1.6365e-07 0.549599 
0.00806354 0.00082795 1.6429e-10 0.0846902 0.00329742 0.000578996 2.09307e-06 0.0406748 0.0161726 0.00047077 4.7245e-06 0.000785738 0.844431 
5.45246e-05 0.000352665 9.11261e-08 0.200823 0.00221447 3.5417e-05 3.21513e-07 0.0737447 0.218553 0.0141824 1.24913e-05 0.0163418 0.473686 
0.000744285 0.00615421 3.16599e-07 0.0555612 0.0109824 0.0002679 2.46596e-06 0.204139 0.102185 0.0550443 2.18783e-05 0.00073316 0.564164 
0.00501838 0.00159873 1.89301e-08 0.128241 0.0672288 3.93669e-05 2.21031e-08 0.158118 0.0378554 0.250242 0.000384373 0.0412624 0.310011 
0.0013448 0.000488394 7.33575e-09 0.012947 0.0173199 0.000748397 4.15231e-05 0.119542 0.0231976 0.0394463 3.86866e-05 0.0121181 0.772768 
0.00771352 0.000200382 1.06211e-07 0.213405 0.037964 8.50771e-05 5.61193e-06 0.291449 0.0479934 0.0183818 0.0237535 0.0277631 0.331286 
2.59029e-08 5.21017e-05 2.85082e-12 0.00860543 0.00137804 0.0157269 8.50578e-09 0.0347884 1.95837e-07 0.000852663 7.86593e-05 0.00113216 0.937385 
0.0391905 8.41371e-09 7.96735e-09 0.0552086 0.00885599 2.02963e-05 1.10609e-08 0.0329756 0.0850612 0.328758 8.48594e-06 0.0239795 0.425941 
0.000965405 0.00154108 2.78063e-08 0.0294351 0.0047942 0.00876755 7.95604e-05 0.0900398 0.010178 0.00371235 9.74192e-05 0.00140577 0.848984 
0.00931462 0.000489903 2.962e-05 0.0701943 0.0463303 0.00966127 0.00040535 0.0573749 0.0228251 0.0756906 0.00182259 0.0252108 0.680651 
0.000279122 0.00401149 4.32214e-07 0.0723354 0.00569149 0.00457773 3.91918e-05 0.094562 0.0201903 0.00682108 6.02554e-05 0.00331116 0.78812 
0.000150625 0.000152028 1.49601e-10 0.000984164 0.000223736 7.46386e-06 1.87768e-07 0.0610829 0.0111002 0.00209846 3.94577e-07 0.0135549 0.910645 
0.0161147 5.57793e-05 8.45677e-07 0.0101837 0.0131163 0.00130585 0.00026093 0.00322699 0.0189029 0.000169163 2.3332e-07 0.000185318 0.936477 
0.00806354 0.00082795 1.6429e-10 0.0846902 0.00329742 0.000578996 2.09307e-06 0.0406748 0.0161726 0.00047077 4.7245e-06 0.000785738 0.844431 
0.00389731 0.000271429 7.70811e-12 7.01948e-05 0.00247224 9.28343e-05 1.0701e-11 0.205249 0.0206632 0.000524487 0.000339376 0.277994 0.488426 
0.006848 0.000533977 1.73901e-09 0.00793762 0.0734248 3.40163e-05 0.00167626 0.0244446 0.00788274 0.001771 1.8499e-06 1.26108e-05 0.875432 
3.8394e-09 0.000226167 6.82334e-07 0.0036199 0.000515653 0.00152289 1.28506e-05 0.268746 0.0149851 0.000338982 3.62577e-05 0.0529768 0.657018 
0.0014154 0.000200129 5.83699e-09 0.00730373 0.000307296 0.00540342 8.4845e-06 0.0435112 0.0480767 0.000425399 3.86362e-05 0.016455 0.876855 
0.00374451 0.00189846 2.78945e-08 0.0369559 0.00794118 0.00937109 9.23831e-05 0.123133 0.0115762 0.00545563 0.000107502 0.0300744 0.769649 
0.0057164 3.29606e-05 1.37686e-06 0.012703 0.00533587 0.00747649 2.05164e-06 0.23711 0.0477569 0.0604909 0.00088371 0.0350281 0.587463 
0.00173293 0.00136575 3.61102e-07 0.0894125 0.0064392 0.000257966 2.47335e-06 0.303272 0.116426 0.012239 7.72027e-06 0.0572516 0.411593 
0.000199374 0.00286535 3.08789e-07 0.0518094 0.00409025 0.00334116 2.90457e-05 0.0690205 0.0144452 0.00490422 4.30401e-05 0.00236512 0.846887 
1.19351e-09 1.17419e-08 1.35581e-12 0.000777803 2.61735e-08 1.40896e-07 5.27213e-09 0.476931 6.62523e-09 0.00308878 2.98165e-08 0.00829973 0.510902 
0.00199035 0.00365594 5.96128e-06 0.119954 0.0265019 0.00112537 0.0042084 0.231549 0.0703817 0.00934173 5.83387e-05 0.0378383 0.493388 
0.0106149 0.000235605 1.64241e-08 0.0435062 0.0244683 0.000482748 0.000169906 0.279059 0.0905344 0.0117772 0.00169619 0.243269 0.294186 
0.0335044 0.00103933 1.63044e-06 0.0833561 0.0198291 0.000585021 5.62904e-06 0.245906 0.186174 0.00686334 3.10651e-05 0.106863 0.315842 
0.0014283 0.000151684 1.03776e-09 0.00526245 0.0023761 0.00128121 2.25221e-06 0.062036 0.0274374 0.00272793 0.00172995 0.11188 0.783686 
0.00239957 0.00438124 1.48131e-07 0.0181623 0.00390248 0.00220335 3.11504e-05 0.0591574 0.0132855 0.00405363 4.29938e-05 0.0180197 0.874361 
0.000757954 8.51274e-05 1.68812e-12 0.00159083 0.00267684 2.75542e-06 3.13165e-07 0.0377363 0.00472369 0.00132939 6.52442e-13 6.7235e-06 0.95109 
0.000520657 0.00332224 8.04204e-08 0.0603234 0.00447844 0.0246709 0.000186073 0.130051 0.0108636 0.00501226 0.000284116 0.00370772 0.75658 
0.0030601 0.000645393 6.87412e-10 4.10901e-05 2.08808e-05 0.000250909 6.20778e-07 0.102069 0.00381049 0.000138924 1.45618e-05 0.00334595 0.886602 
0.00125669 1.98439e-07 3.71923e-09 0.0648913 0.0299881 0.00423967 0.00162272 0.302179 0.000930308 0.0173802 0.000197963 0.00684577 0.570468 
0.000277531 0.00681409 1.72738e-06 0.0251142 0.0164187 0.0687032 2.74303e-05 0.328793 0.11055 0.014114 0.000255133 0.0372383 0.391692 
0.00135766 0.00217488 1.27112e-06 0.0785288 0.0207972 0.0617869 0.000103324 0.334659 0.0170259 0.0150592 0.000234794 0.0181113 0.45016 
0.00806354 0.00082795 1.6429e-10 0.0846902 0.00329742 0.000578996 2.09307e-06 0.0406748 0.0161726 0.00047077 4.7245e-06 0.000785738 0.844431 
0.00157606 0.000301171 1.47464e-05 0.0338158 0.0119487 0.000258798 0.00444056 0.414396 0.0512288 0.00987085 2.23275e-05 0.0361488 0.435977 
0.00649348 1.36349e-05 1.7207e-06 0.0104371 0.00504299 0.00234851 7.52942e-09 0.268699 0.0362584 0.0678687 0.000244028 0.0379167 0.564676 
0.00294376 0.000111865 1.57161e-09 0.0438502 0.041826 0.00419427 2.59401e-07 0.112531 0.041305 0.0238286 0.0030207 0.0115272 0.714861 
0.0030601 0.000645393 6.87412e-10 4.10901e-05 2.08808e-05 0.000250909 6.20778e-07 0.102069 0.00381049 0.000138924 1.45618e-05 0.00334595 0.886602 
0.00119291 0.000142849 3.69223e-10 0.0346717 0.0126514 3.01068e-05 3.78842e-06 0.0695666 0.0147763 0.00365576 4.05339e-06 0.000743064 0.862561 
0.00639958 6.20538e-05 2.27927e-06 0.0178341 0.0292576 0.00157387 5.38232e-05 0.00992991 0.011122 0.00165384 5.01138e-05 0.000740925 0.92132 
0.00367829 0.000139495 1.10418e-09 0.0537077 0.0522785 0.00524147 3.031e-07 0.0872202 0.0458849 0.0110474 0.00377506 0.0144072 0.72262 
0.0173221 0.000104522 5.0956e-09 0.105529 0.0146326 0.00220685 0.00188879 0.174771 0.160257 0.0134755 0.0045831 0.0481969 0.457033 
0.000109683 3.41684e-05 1.12877e-09 0.0013436 0.000612003 0.0032757 5.43673e-06 0.107131 0.00949199 0.00311221 0.000470829 0.0292175 0.845196 
0.00621686 2.77275e-05 1.72027e-06 0.0158788 0.00637927 0.00862186 2.5635e-06 0.237198 0.0537037 0.0722672 3.28576e-05 0.0350391 0.56463 
3.10589e-05 6.64828e-05 1.28217e-09 0.00312512 0.00108716 0.000738616 2.59313e-09 0.0266158 0.013008 0.00198401 1.22122e-05 0.00816929 0.945162 
0.0994458 0.000363991 6.47809e-05 0.13509 0.0378314 0.00654567 4.68694e-05 0.160531 0.0938864 0.0526936 0.000199381 0.0370505 0.376251 
0.000270849 2.58479e-05 6.49806e-07 0.0442771 0.00721209 0.000113638 0.00259173 0.0757319 0.00511039 0.00227876 1.13742e-05 0.00529235 0.857083 
0.00635067 0.000382061 3.81769e-07 0.0296728 0.0801948 0.00459792 6.21806e-05 0.0585269 0.00807703 0.034158 0.000143322 1.02857e-05 0.777824 
0.012985 6.17184e-05 5.44595e-06 0.0705666 0.173199 0.00204652 8.09781e-05 0.00134617 0.00957741 0.00233417 0.000120181 2.60491e-05 0.72765 
0.0686472 5.39751e-05 1.51375e-07 0.00321174 0.0167274 0.00170571 0.0423822 0.394938 0.0397404 0.0018971 0.000371284 0.00366892 0.426656 
0.0106405 3.1441e-05 3.56902e-06 0.0326944 0.0996503 0.00125493 5.61362e-05 0.0129057 0.00663574 0.00189618 0.000108725 0.000510004 0.833612 
0.0030601 0.000645393 6.87412e-10 4.10901e-05 2.08808e-05 0.000250909 6.20778e-07 0.102069 0.00381049 0.000138924 1.45618e-05 0.00334595 0.886602 
0.0456044 0.000637716 0.00118825 0.177155 0.268975 0.00911202 0.00118958 0.0816585 0.0280309 0.0623292 3.95037e-05 0.000284036 0.323796 
2.59029e-08 5.21017e-05 2.85082e-12 0.00860543 0.00137804 0.0157269 8.50578e-09 0.0347884 1.95837e-07 0.000852663 7.86593e-05 0.00113216 0.937385 
5.45246e-05 0.000352665 9.11261e-08 0.200823 0.00221447 3.5417e-05 3.21513e-07 0.0737447 0.218553 0.0141824 1.24913e-05 0.0163418 0.473686 
0.0525859 0.00422093 1.27154e-06 0.0614475 0.07044 0.0279625 0.0339048 0.103956 0.27816 0.0320373 0.00237418 0.00612525 0.326784 
2.59029e-08 5.21017e-05 2.85082e-12 0.00860543 0.00137804 0.0157269 8.50578e-09 0.0347884 1.95837e-07 0.000852663 7.86593e-05 0.00113216 0.937385 
0.0140423 0.000654654 1.40072e-08 0.00106305 0.00492445 0.000772993 8.30054e-06 0.155382 0.159052 0.0132835 1.80133e-05 0.0145687 0.63623 
0.000669414 0.00427144 7.70912e-08 0.0772423 0.00575799 0.031541 0.000202722 0.134801 0.0139674 0.00616571 0.000365289 0.00451917 0.720497 
0.0750751 0.000222851 3.50923e-06 0.060196 0.0120891 0.0255033 0.00585965 0.0104818 0.294155 0.00362293 0.00346612 0.000144128 0.50918 
3.10589e-05 6.64828e-05 1.28217e-09 0.00312512 0.00108716 0.000738616 2.59313e-09 0.0266158 0.013008 0.00198401 1.22122e-05 0.00816929 0.945162 
0.00719271 2.95222e-05 4.582e-09 0.00144069 0.000810541 0.0081576 5.51386e-06 0.44164 0.0724924 0.00111128 7.0207e-05 0.00104332 0.466007 
0.0450297 0.000199336 2.56774e-06 0.0231804 0.00286547 0.00207551 1.58666e-05 0.0562116 0.0300043 0.00839403 0.000571061 0.0196254 0.811825 
0.00719271 2.95222e-05 4.582e-09 0.00144069 0.000810541 0.0081576 5.51386e-06 0.44164 0.0724924 0.00111128 7.0207e-05 0.00104332 0.466007 
0.000520657 0.00332224 8.04204e-08 0.0603234 0.00447844 0.0246709 0.000186073 0.130051 0.0108636 0.00501226 0.000284116 0.00370772 0.75658 
0.0115493 0.000271668 1.70595e-06 0.0221251 0.0537922 0.00172212 4.37023e-05 0.0279248 0.0151065 0.00120523 7.44921e-05 0.00115811 0.865025 
0.000124922 0.000110078 9.50274e-13 0.00162241 0.00107988 0.00179367 1.9277e-09 0.0653018 0.0167355 0.00164363 0.00225236 0.132434 0.776901 
2.59029e-08 5.21017e-05 2.85082e-12 0.00860543 0.00137804 0.0157269 8.50578e-09 0.0347884 1.95837e-07 0.000852663 7.86593e-05 0.00113216 0.937385 
0.00123639 0.000815987 9.79921e-09 0.00123719 0.000741015 2.44823e-05 2.24886e-11 0.151296 0.00697282 0.00223374 3.77577e-07 0.00863473 0.826808 
0.000666491 0.000123695 1.30695e-12 0.00443244 0.000726767 0.00149862 0.00159631 0.123281 0.0171961 0.00123845 1.89263e-08 0.20327 0.64597 
0.000360294 0.000491978 1.73517e-06 0.0255492 0.0028697 0.00428524 0.00799692 0.0748151 0.00362866 0.00201524 5.1378e-05 0.00161964 0.876315 
0.00257798 0.000311884 6.50718e-07 0.0170405 0.0112164 0.0172737 5.97806e-05 0.343737 0.0678552 0.0498739 0.000855129 0.0877289 0.401469 
0.00518966 0.000347636 2.06276e-08 0.0244787 0.000722408 0.00235814 1.44735e-05 0.0735912 0.176168 0.00098761 1.12581e-05 0.0443005 0.67183 
0.00180618 0.0775328 5.99253e-06 0.153546 0.0377068 0.215605 0.00180317 0.115958 0.0940111 0.0301988 0.00370274 0.00058762 0.267536 
0.000979295 0.00653814 3.35078e-06 0.217422 0.0212398 0.15045 0.0401787 0.221248 0.0261033 0.034557 0.000127253 0.00118764 0.279966 
0.00147405 0.00137558 1.38865e-07 0.0325617 0.00199026 0.00322034 2.52971e-05 0.0594922 0.0538044 0.002287 2.44462e-05 0.0136268 0.830118 
0.000669414 0.00427144 7.70912e-08 0.0772423 0.00575799 0.031541 0.000202722 0.134801 0.0139674 0.00616571 0.000365289 0.00451917 0.720497 
0.0112514 0.000307473 3.24051e-07 0.00342533 0.00363103 0.00105673 8.50506e-05 0.0395177 0.0183652 0.000243228 5.75265e-06 0.00156285 0.920548 
0.00370691 0.000248318 1.47858e-08 0.0174848 0.000516008 0.0016844 1.03393e-05 0.0585815 0.125834 0.000705439 8.04203e-06 0.0320718 0.759148 
0.00635067 0.000382061 3.81769e-07 0.0296728 0.0801948 0.00459792 6.21806e-05 0.0585269 0.00807703 0.034158 0.000143322 1.02857e-05 0.777824 
0.00054476 6.23874e-05 1.83643e-10 0.0037865 0.00191577 2.27397e-06 5.8872e-07 0.0362302 0.00337788 0.000952752 7.09761e-11 0.000293301 0.952834 
0.0126475 5.92067e-05 4.67643e-06 0.104403 0.157919 0.00272258 9.77887e-05 0.00286312 0.0159238 0.00312724 0.000151074 9.91998e-05 0.699982 
0.000669414 0.00427144 7.70912e-08 0.0772423 0.00575799 0.031541 0.000202722 0.134801 0.0139674 0.00616571 0.000365289 0.00451917 0.720497 
0.00209875 0.0070457 6.65233e-07 0.033544 0.00273881 0.000420372 4.08484e-05 0.109267 0.0208809 0.00861695 3.32983e-05 0.0112044 0.804108 
2.07062e-05 4.43227e-05 9.06913e-10 0.00211392 0.000733018 0.000556781 1.08522e-07 0.0184903 0.00869054 0.00133738 8.14214e-06 0.0054462 0.962559 
0.000669414 0.00427144 7.70912e-08 0.0772423 0.00575799 0.031541 0.000202722 0.134801 0.0139674 0.00616571 0.000365289 0.00451917 0.720497 
0.000167941 1.91367e-08 4.10746e-10 0.000187276 0.000189401 4.71069e-05 6.29724e-12 0.0208501 0.000380862 0.000452997 2.20222e-07 0.000125455 0.977599 
0.00621686 2.77275e-05 1.72027e-06 0.0158788 0.00637927 0.00862186 2.5635e-06 0.237198 0.0537037 0.0722672 3.28576e-05 0.0350391 0.56463 
0.0134589 0.00105136 6.01115e-05 0.0828135 0.0577049 0.00680081 0.000287069 0.250277 0.138561 0.0548412 0.00105169 0.0108732 0.38222 
0.00543909 0.000618478 4.5793e-08 0.166996 0.0803204 0.00955596 0.000799011 0.304066 0.0217464 0.012778 0.000134013 0.0882475 0.3093 
0.0161147 5.57793e-05 8.45677e-07 0.0101837 0.0131163 0.00130585 0.00026093 0.00322699 0.0189029 0.000169163 2.3332e-07 0.000185318 0.936477 
0.000757954 8.51274e-05 1.68812e-12 0.00159083 0.00267684 2.75542e-06 3.13165e-07 0.0377363 0.00472369 0.00132939 6.52442e-13 6.7235e-06 0.95109 
0.00949906 0.00129981 9.73006e-06 0.0666135 0.0138482 0.0159909 0.00512725 0.190733 0.0762804 0.0190369 0.00298312 0.0132165 0.585361 
0.00217301 0.000904769 0.0233875 0.0985767 0.0158497 0.00993886 0.0218434 0.252896 0.0836339 0.03649 0.000254351 0.170129 0.283923 
0.0120953 0.00124191 1.9975e-10 0.127035 0.00494613 0.000868482 3.13734e-06 0.0533949 0.0242589 0.000706149 7.08547e-06 0.00112033 0.774322 
0.00543236 0.00121436 4.62651e-07 0.0357333 0.0033066 0.00157195 0.00171682 0.0521935 0.00930166 0.00343999 1.40033e-05 0.000687948 0.885387 
0.00294376 0.000111865 1.57161e-09 0.0438502 0.041826 0.00419427 2.59401e-07 0.112531 0.041305 0.0238286 0.0030207 0.0115272 0.714861 
0.000431817 1.30519e-05 4.20069e-07 0.017033 0.0123013 1.11493e-05 7.80412e-06 0.00826597 0.000435185 0.000411302 2.22273e-06 1.10292e-05 0.961076 
0.00806485 0.000648731 4.45366e-07 0.0568139 0.0343834 0.00522458 1.21956e-05 0.165716 0.0575748 0.037156 0.000308034 0.0201409 0.613956 
9.03151e-06 9.04968e-05 2.74906e-07 0.0159502 0.000918963 0.00257957 0.000203818 0.374027 0.0115119 0.000602818 6.07013e-05 0.0527486 0.541297 
0.00806354 0.00082795 1.6429e-10 0.0846902 0.00329742 0.000578996 2.09307e-06 0.0406748 0.0161726 0.00047077 4.7245e-06 0.000785738 0.844431 
0.192793 0.000548142 5.3121e-06 0.0715245 0.00393681 0.00487762 2.38723e-06 0.227824 0.123537 0.0174493 8.15611e-05 0.00898142 0.348438 
2.07062e-05 4.43227e-05 9.06913e-10 0.00211392 0.000733018 0.000556781 1.08522e-07 0.0184903 0.00869054 0.00133738 8.14214e-06 0.0054462 0.962559 
0.0120953 0.00124191 1.9975e-10 0.127035 0.00494613 0.000868482 3.13734e-06 0.0533949 0.0242589 0.000706149 7.08547e-06 0.00112033 0.774322 
0.0461624 0.000802007 4.63153e-10 0.131969 0.153875 0.000413727 1.54595e-06 0.167999 0.0334489 0.00271723 3.39062e-06 0.000533669 0.462075 
0.00656927 8.7485e-05 1.43198e-05 0.146778 0.0577463 0.00542821 0.00500431 0.184406 0.128948 0.183581 2.88479e-05 0.0410208 0.240388 
0.0445853 0.00480794 4.37724e-07 0.088211 0.0329071 0.00544296 0.00435548 0.144158 0.0715079 0.0163147 2.04064e-05 0.0178922 0.569796 
0.00190351 0.000983631 3.20914e-06 0.0406807 0.00590804 0.00751673 3.10204e-05 0.0581878 0.0171909 0.0121643 0.000123422 0.0218343 0.833472 
0.00350903 3.00244e-05 3.05034e-10 0.00537869 0.000598571 0.000350193 4.23471e-10 0.142414 0.0156351 0.00181847 1.24692e-07 0.00807179 0.822194 
0.00218306 4.11907e-05 3.66029e-07 0.00688353 0.00624658 0.00915579 2.56168e-06 0.221007 0.0505479 0.0624326 0.00110458 0.0336881 0.606707 
1.50484e-05 5.46263e-05 6.4915e-08 0.0127433 4.14705e-05 6.12132e-05 0.0286681 0.0260851 0.306398 0.002218 0.000158312 0.0827946 0.540762 
0.000520657 0.00332224 8.04204e-08 0.0603234 0.00447844 0.0246709 0.000186073 0.130051 0.0108636 0.00501226 0.000284116 0.00370772 0.75658 
0.00945527 0.00469178 6.11008e-07 0.0155975 0.0133466 0.000646118 0.00160664 0.107657 0.0288318 0.00660012 1.55111e-05 0.0105489 0.801002 
2.07062e-05 4.43227e-05 9.06913e-10 0.00211392 0.000733018 0.000556781 1.08522e-07 0.0184903 0.00869054 0.00133738 8.14214e-06 0.0054462 0.962559 
0.00957595 5.44317e-05 7.94077e-06 0.0786282 0.118698 0.00209779 8.53642e-05 0.00217472 0.0120558 0.0023923 0.000127544 8.97061e-05 0.774012 
0.0187135 0.000869335 3.22134e-09 0.00141577 0.00656151 0.00102707 1.05676e-05 0.207157 0.141406 0.0177006 2.35608e-05 0.0194082 0.585707 
0.00432019 0.000443631 7.69578e-09 0.0489434 0.00176652 0.000346316 8.87303e-06 0.265866 0.0118782 0.000473866 2.53641e-06 0.000489521 0.665461 
0.000771593 9.26776e-05 4.25023e-10 0.00283552 0.00290816 0.00016955 1.79575e-06 0.0328662 0.00832034 0.0017497 8.35351e-07 0.000692418 0.949591 
0.0583782 0.00149909 1.0717e-06 0.0830777 0.0111578 0.0199349 0.00131381 0.0215043 0.140305 0.00172735 0.00202985 0.000688359 0.658382 
1.92965e-05 0.00145244 5.10333e-09 0.000292408 0.000445494 6.08324e-06 3.34647e-05 0.402106 1.38088e-05 0.134576 2.88164e-11 0.00030041 0.460755 
0.00621686 2.77275e-05 1.72027e-06 0.0158788 0.00637927 0.00862186 2.5635e-06 0.237198 0.0537037 0.0722672 3.28576e-05 0.0350391 0.56463 
0.0242148 0.000182572 1.37402e-10 0.0114643 0.00164887 6.2446e-05 1.90751e-10 0.320472 0.0840905 0.031192 0.00248675 0.19855 0.325636 
0.025938 0.00792011 1.16187e-06 0.043725 0.0130973 0.113998 0.00279483 0.236272 0.189798 0.00573974 0.00391483 0.00769924 0.349101 
0.000167941 1.91367e-08 4.10746e-10 0.000187276 0.000189401 4.71069e-05 6.29724e-12 0.0208501 0.000380862 0.000452997 2.20222e-07 0.000125455 0.977599 
0.00991582 3.56412e-05 5.44688e-06 0.0542689 0.143241 0.00204653 6.93099e-05 0.000425614 0.00995518 0.00183701 0.000112717 9.66155e-05 0.77799 
3.49232e-13 2.37677e-08 1.46827e-12 2.28106e-05 2.47136e-05 0.00140445 4.24396e-07 0.00935923 9.50149e-11 4.5343e-05 3.42309e-08 0.000323968 0.988819 
0.00370691 0.000248318 1.47858e-08 0.0174848 0.000516008 0.0016844 1.03393e-05 0.0585815 0.125834 0.000705439 8.04203e-06 0.0320718 0.759148 
9.92761e-05 0.000842833 5.6594e-05 0.0180833 0.00418032 0.00139795 8.28492e-05 0.341012 0.000909819 0.104128 4.79432e-05 0.00312335 0.526035 
0.000824756 0.000127933 8.02427e-10 0.0192322 0.00268997 0.00705981 3.02952e-06 0.0532919 0.0214327 0.00220579 0.00138625 0.0529164 0.838829 
0.00868413 0.00110236 1.49343e-05 0.13936 0.0296906 0.00545206 0.00040789 0.287848 0.0510609 0.0127206 0.00312222 0.085388 0.375149 
4.81782e-13 0.0796916 1.82108e-09 0.000192573 0.000120671 7.0405e-05 4.29221e-10 0.02474 3.23851e-06 8.87351e-05 2.43562e-08 0.000197724 0.894895 
0.00294376 0.000111865 1.57161e-09 0.0438502 0.041826 0.00419427 2.59401e-07 0.112531 0.041305 0.0238286 0.0030207 0.0115272 0.714861 
2.67417e-07 2.67238e-07 2.67249e-07 2.67448e-07 2.67444e-07 0.00133714 2.67165e-07 0.135809 0.00211311 0.000214201 2.67385e-07 0.0191938 0.841331 
3.49232e-13 2.37677e-08 1.46827e-12 2.28106e-05 2.47136e-05 0.00140445 4.24396e-07 0.00935923 9.50149e-11 4.5343e-05 3.42309e-08 0.000323968 0.988819 
0.000757954 8.51274e-05 1.68812e-12 0.00159083 0.00267684 2.75542e-06 3.13165e-07 0.0377363 0.00472369 0.00132939 6.52442e-13 6.7235e-06 0.95109 
0.0335044 0.00103933 1.63044e-06 0.0833561 0.0198291 0.000585021 5.62904e-06 0.245906 0.186174 0.00686334 3.10651e-05 0.106863 0.315842 
0.00194626 0.000289921 5.36644e-10 0.0214781 0.0249085 0.00312909 0.000439797 0.0312717 0.0069517 0.00178583 3.12525e-05 0.000217449 0.90755 
1.96648e-05 9.77389e-06 0.0350824 0.0014099 0.00142184 0.00877389 2.55409e-05 0.368477 0.00201666 0.0197655 0.000410552 0.0101234 0.552464 
0.100981 2.14989e-05 1.78105e-09 0.160174 0.00444916 0.000118816 2.91865e-09 0.180288 0.0220274 0.00526986 1.14631e-08 0.0144007 0.51227 
0.00106671 0.00860508 8.293e-08 0.0571999 0.00864118 0.00148489 1.66715e-05 0.024682 0.0379239 0.00551534 2.08278e-05 0.000871546 0.853972 
0.004434 0.000500367 7.10486e-07 0.0426219 0.00780641 0.00895009 0.00198953 0.18557 0.115292 0.0322089 0.00053049 0.0317905 0.568305 
0.00357928 0.000336911 1.41318e-06 0.0225552 0.0248454 0.0059279 0.000127559 0.0966421 0.0295865 0.0314014 0.000631983 0.010894 0.77347 
0.00447077 0.000495216 2.86958e-08 0.114742 0.0609863 0.0119202 5.93521e-05 0.206257 0.130058 0.0536696 3.16706e-05 0.00874808 0.408562 
0.0158568 0.00101851 0.000567189 0.0354294 0.0225795 0.00410117 0.00196267 0.4066 0.0479523 0.0229318 0.000630356 0.0321843 0.408186 
0.000666491 0.000123695 1.30695e-12 0.00443244 0.000726767 0.00149862 0.00159631 0.123281 0.0171961 0.00123845 1.89263e-08 0.20327 0.64597 
0.00350979 2.23905e-06 1.19532e-07 0.0875755 6.03118e-07 0.19411 2.15482e-11 0.0867439 0.10745 0.248818 2.94009e-08 4.30313e-07 0.271788 
0.0144329 0.000912441 4.0369e-05 0.271887 0.119478 0.0399444 0.0025768 0.037801 0.108159 0.013671 0.0236672 0.0029649 0.364466 
0.00356184 0.00101971 3.2961e-07 0.0247397 0.00477577 0.00684988 0.000124536 0.0521106 0.0173752 0.0028236 5.6887e-05 0.00407407 0.882488 
0.0369707 1.8929e-06 0.104235 0.0399678 0.0561711 0.00140587 3.22417e-05 0.120451 0.144571 0.161272 0.000981206 0.00298427 0.330956 
0.0161147 5.57793e-05 8.45677e-07 0.0101837 0.0131163 0.00130585 0.00026093 0.00322699 0.0189029 0.000169163 2.3332e-07 0.000185318 0.936477 
0.000129139 0.00170337 1.87348e-06 0.0482914 0.0261847 0.000812632 1.97721e-06 0.0907207 0.00547496 0.0535763 0.000204001 0.0222613 0.750638 
0.000787864 8.41344e-05 7.24994e-11 0.00049364 0.00165538 0.0239171 8.82467e-08 0.229179 0.0553054 0.118679 0.000352176 0.0107666 0.55878 
0.0026367 6.32978e-05 8.72123e-08 0.00292189 0.000367171 0.00827704 3.68789e-06 0.425845 0.046849 0.00215689 3.96377e-05 0.00303824 0.507801 
1.19351e-09 1.17419e-08 1.35581e-12 0.000777803 2.61735e-08 1.40896e-07 5.27213e-09 0.476931 6.62523e-09 0.00308878 2.98165e-08 0.00829973 0.510902 
0.0420078 2.99264e-05 0.00703998 0.0461866 0.00620172 0.00898474 1.84536e-05 0.150928 0.0743635 0.253494 3.29422e-05 0.0969852 0.313728 
0.0206609 0.00124381 0.00575669 0.0448069 0.0184173 0.00942662 0.00709335 0.101013 0.0185266 0.00974068 0.000108623 0.00269077 0.760515 
0.00331081 8.1511e-05 1.17155e-09 0.00025759 7.40017e-05 0.000431038 2.35651e-08 0.00442964 0.0330958 9.94781e-06 7.15752e-09 4.72908e-05 0.958262 
0.0161147 5.57793e-05 8.45677e-07 0.0101837 0.0131163 0.00130585 0.00026093 0.00322699 0.0189029 0.000169163 2.3332e-07 0.000185318 0.936477 
2.07062e-05 4.43227e-05 9.06913e-10 0.00211392 0.000733018 0.000556781 1.08522e-07 0.0184903 0.00869054 0.00133738 8.14214e-06 0.0054462 0.962559 
0.0599999 0.00178017 5.45664e-05 0.137341 0.101775 0.0493524 0.000612153 0.0605878 0.0615849 0.0152924 0.161859 0.00480112 0.34496 
0.000520657 0.00332224 8.04204e-08 0.0603234 0.00447844 0.0246709 0.000186073 0.130051 0.0108636 0.00501226 0.000284116 0.00370772 0.75658 
4.521e-05 0.00109102 2.89651e-07 0.0117288 0.00269384 0.000919695 3.56045e-05 0.0470381 0.0108161 0.00717255 4.73845e-05 0.00243879 0.915973 
0.00621686 2.77275e-05 1.72027e-06 0.0158788 0.00637927 0.00862186 2.5635e-06 0.237198 0.0537037 0.0722672 3.28576e-05 0.0350391 0.56463 
0.016594 0.000293581 3.31959e-06 0.0162021 0.029586 0.0176437 0.000111685 0.0835903 0.0626033 0.0176189 0.000144928 0.0219024 0.733706 
0.00038527 0.000785277 3.34086e-10 0.055793 0.00163887 0.00134239 1.25028e-09 0.260519 0.210614 0.00301607 0.00212042 0.0966363 0.36715 
0.00543909 0.000618478 4.5793e-08 0.166996 0.0803204 0.00955596 0.000799011 0.304066 0.0217464 0.012778 0.000134013 0.0882475 0.3093 
0.0195728 0.000730174 0.000144314 0.056874 0.0397813 0.00464914 2.90352e-05 0.355979 0.0291232 0.0317057 0.0108088 0.0204935 0.430109 
0.0621612 1.86075e-08 6.87167e-06 0.0287403 0.0927521 0.0369311 0.000215173 0.0363834 0.042257 0.00546167 3.78463e-05 0.000729032 0.694324 
0.00806354 0.00082795 1.6429e-10 0.0846902 0.00329742 0.000578996 2.09307e-06 0.0406748 0.0161726 0.00047077 4.7245e-06 0.000785738 0.844431 
0.000979295 0.00653814 3.35078e-06 0.217422 0.0212398 0.15045 0.0401787 0.221248 0.0261033 0.034557 0.000127253 0.00118764 0.279966 
0.000105628 0.000428567 2.77268e-07 0.0362371 0.0120404 0.00236594 3.33243e-05 0.03523 0.00673256 0.00963846 0.000110316 0.00506011 0.892017 
0.0187135 0.000869335 3.22134e-09 0.00141577 0.00656151 0.00102707 1.05676e-05 0.207157 0.141406 0.0177006 2.35608e-05 0.0194082 0.585707 
0.0062688 0.00275282 0.0431371 0.149195 0.12858 0.135626 0.0383292 0.14739 0.078856 0.0847481 0.0059906 0.0014133 0.177714 
0.0030601 0.000645393 6.87412e-10 4.10901e-05 2.08808e-05 0.000250909 6.20778e-07 0.102069 0.00381049 0.000138924 1.45618e-05 0.00334595 0.886602 
0.000511304 0.00913088 2.25317e-07 0.074412 0.010871 0.0019038 0.000177354 0.105608 0.0194878 0.0191789 6.61278e-05 0.00108439 0.757568 
0.00638142 0.00744501 0.00181835 0.086433 0.0247675 0.0143844 0.000180216 0.330122 0.060119 0.0360823 0.000120306 0.0395532 0.392593 
0.00331081 8.1511e-05 1.17155e-09 0.00025759 7.40017e-05 0.000431038 2.35651e-08 0.00442964 0.0330958 9.94781e-06 7.15752e-09 4.72908e-05 0.958262 
0.000834009 0.00615906 9.01447e-09 0.000431147 0.000269498 0.00170496 5.12334e-05 0.231196 0.0124864 0.000376451 5.29718e-05 0.0018505 0.744588 
0.00269126 0.000245732 0.000157502 0.043369 0.033216 0.00067579 2.01679e-05 0.0991084 0.0158446 0.0227575 2.85767e-05 0.00397091 0.777915 
0.000757954 8.51274e-05 1.68812e-12 0.00159083 0.00267684 2.75542e-06 3.13165e-07 0.0377363 0.00472369 0.00132939 6.52442e-13 6.7235e-06 0.95109 
4.74645e-05 0.0185672 3.00404e-06 0.0284388 0.00371964 0.000309209 4.99041e-05 0.226579 0.0198159 0.0237418 8.50255e-05 0.0097648 0.668878 
0.000199374 0.00286535 3.08789e-07 0.0518094 0.00409025 0.00334116 2.90457e-05 0.0690205 0.0144452 0.00490422 4.30401e-05 0.00236512 0.846887 
0.0187135 0.000869335 3.22134e-09 0.00141577 0.00656151 0.00102707 1.05676e-05 0.207157 0.141406 0.0177006 2.35608e-05 0.0194082 0.585707 
0.00806354 0.00082795 1.6429e-10 0.0846902 0.00329742 0.000578996 2.09307e-06 0.0406748 0.0161726 0.00047077 4.7245e-06 0.000785738 0.844431 
0.00123639 0.000815987 9.79921e-09 0.00123719 0.000741015 2.44823e-05 2.24886e-11 0.151296 0.00697282 0.00223374 3.77577e-07 0.00863473 0.826808 
0.000199374 0.00286535 3.08789e-07 0.0518094 0.00409025 0.00334116 2.90457e-05 0.0690205 0.0144452 0.00490422 4.30401e-05 0.00236512 0.846887 
0.0057164 3.29606e-05 1.37686e-06 0.012703 0.00533587 0.00747649 2.05164e-06 0.23711 0.0477569 0.0604909 0.00088371 0.0350281 0.587463 
0.0226828 6.42124e-07 6.4215e-07 0.0478125 0.0190222 6.42451e-07 6.41948e-07 0.0944661 0.210398 0.00777556 6.42476e-07 6.42318e-07 0.597839 
0.0736709 0.00243903 8.41883e-05 0.0788355 0.319528 0.0211167 2.00733e-05 0.0626127 0.00757947 0.0889795 0.000301712 0.000899816 0.343932 
0.00621686 2.77275e-05 1.72027e-06 0.0158788 0.00637927 0.00862186 2.5635e-06 0.237198 0.0537037 0.0722672 3.28576e-05 0.0350391 0.56463 
5.96199e-05 0.000786378 8.74255e-07 0.0225467 0.0121047 0.000434081 9.86216e-07 0.0999007 0.00262115 0.0249788 9.41807e-05 0.010398 0.826074 
0.0184511 0.00429887 8.67405e-06 0.0578043 0.0026095 0.00835656 4.25447e-06 0.0235266 0.292846 0.00987012 6.25265e-06 0.000182192 0.582035 
9.98606e-05 0.00053302 9.47399e-08 0.0192823 0.000771396 0.000284982 1.02217e-06 0.171674 0.00697521 0.00699316 5.72553e-06 0.0243824 0.768996 
2.02629e-06 8.99642e-06 8.51915e-06 8.07758e-07 1.0028e-06 3.68418e-06 1.18269e-05 9.02442e-07 2.50757e-05 0.0278678 3.29257e-06 0.000179777 0.971886 
0.00623352 0.000173082 1.44279e-09 0.0197875 0.0203986 0.000592174 0.000421545 0.126593 0.0266317 0.00798921 3.94835e-06 0.0273261 0.763849 
0.00456454 0.000250862 2.53185e-10 0.0353078 0.000257747 0.000150651 8.82708e-06 0.322385 0.0295253 0.00933948 1.85486e-05 0.0158269 0.582364 
0.00326026 0.000980914 1.27037e-07 0.0323375 0.0153145 0.00213126 0.000520954 0.107739 0.0247716 0.00769617 1.55699e-05 0.0199524 0.78528 
0.00458906 5.89935e-05 2.42966e-06 0.0339676 0.00754843 0.000521847 8.42065e-06 0.265884 0.154992 0.00553425 3.47255e-05 0.134573 0.392286 
0.000543245 0.000122676 1.69989e-07 0.0179064 0.000838256 0.00497889 0.00557842 0.311506 0.0308326 0.0165753 5.92577e-05 0.147868 0.46319 
0.00389102 0.000434778 1.63937e-07 0.0155671 0.0005363 0.00169757 8.81231e-06 0.0394913 0.122821 0.000894889 9.1558e-06 0.0155923 0.799055 
0.00125009 0.0136694 0.00037274 0.222567 0.0250019 0.202617 0.000365544 0.0928063 0.146763 0.0165206 0.000663957 0.0016428 0.27576 
0.0140578 4.51334e-06 4.28182e-07 0.00257194 0.00423897 9.48035e-10 6.09503e-06 0.135778 0.00710365 0.000639184 1.32354e-06 0.000131561 0.835466 
9.03151e-06 9.04968e-05 2.74906e-07 0.0159502 0.000918963 0.00257957 0.000203818 0.374027 0.0115119 0.000602818 6.07013e-05 0.0527486 0.541297 
0.00965807 0.00259401 9.59553e-07 0.0691763 0.0129937 0.00782998 0.000727047 0.11599 0.0338658 0.00963915 6.73557e-05 0.00463974 0.732818 
0.0247559 0.00142236 0.000933483 0.172186 0.0331837 0.0980178 0.000904857 0.175307 0.0848906 0.1283 0.000357569 0.01394 0.2658 
0.00543909 0.000618478 4.5793e-08 0.166996 0.0803204 0.00955596 0.000799011 0.304066 0.0217464 0.012778 0.000134013 0.0882475 0.3093 
0.00106671 0.00860508 8.293e-08 0.0571999 0.00864118 0.00148489 1.66715e-05 0.024682 0.0379239 0.00551534 2.08278e-05 0.000871546 0.853972 
0.000275323 0.000309987 4.54157e-08 0.0468702 0.00969089 0.000135722 3.95609e-05 0.174823 0.0208767 0.00467316 2.72795e-06 0.0146974 0.727605 
0.000129139 0.00170337 1.87348e-06 0.0482914 0.0261847 0.000812632 1.97721e-06 0.0907207 0.00547496 0.0535763 0.000204001 0.0222613 0.750638 
9.03151e-06 9.04968e-05 2.74906e-07 0.0159502 0.000918963 0.00257957 0.000203818 0.374027 0.0115119 0.000602818 6.07013e-05 0.0527486 0.541297 
6.61246e-05 0.00263653 2.26281e-07 0.0250324 0.00554528 0.000257081 0.000106421 0.0967856 0.00933667 0.0167337 3.36549e-05 0.00108443 0.842382 
2.59029e-08 5.21017e-05 2.85082e-12 0.00860543 0.00137804 0.0157269 8.50578e-09 0.0347884 1.95837e-07 0.000852663 7.86593e-05 0.00113216 0.937385 
0.0159866 0.0018805 0.00017788 0.0240708 0.0339788 0.0123758 0.000416924 0.391435 0.0848124 0.0244972 0.00464837 0.00740431 0.398316 
0.000150625 0.000152028 1.49601e-10 0.000984164 0.000223736 7.46386e-06 1.87768e-07 0.0610829 0.0111002 0.00209846 3.94577e-07 0.0135549 0.910645 
0.00269108 0.000192449 5.71893e-10 0.0107053 0.00914957 0.000416786 1.53697e-08 0.152762 0.0181625 0.00165687 2.03335e-08 0.0117541 0.79251 
0.000150625 0.000152028 1.49601e-10 0.000984164 0.000223736 7.46386e-06 1.87768e-07 0.0610829 0.0111002 0.00209846 3.94577e-07 0.0135549 0.910645 
0.0120953 0.00124191 1.9975e-10 0.127035 0.00494613 0.000868482 3.13734e-06 0.0533949 0.0242589 0.000706149 7.08547e-06 0.00112033 0.774322 
0.00748187 0.0029983 1.76699e-08 0.0134008 0.00721878 0.0012807 5.40629e-05 0.156871 0.0436297 0.00348302 0.00310463 0.123565 0.636912 
0.002203 0.00168822 2.98299e-08 0.0148708 0.00180174 0.00189174 4.58933e-05 0.0491986 0.0447111 0.00195903 1.08163e-05 0.0073156 0.874303 
0.071927 4.90973e-07 4.90993e-07 0.215265 0.0381785 0.00147416 4.90838e-07 0.102988 0.027664 0.0772824 0.00260407 4.91121e-07 0.462615 
0.00331081 8.1511e-05 1.17155e-09 0.00025759 7.40017e-05 0.000431038 2.35651e-08 0.00442964 0.0330958 9.94781e-06 7.15752e-09 4.72908e-05 0.958262 
0.0060547 8.07677e-05 2.84283e-07 0.0253269 0.0082949 0.00767158 0.000107437 0.0126764 0.0140567 0.000433454 2.46791e-05 0.000538487 0.924734 
0.00554771 0.00276388 3.73721e-07 0.165494 0.0469948 0.00148024 0.00200026 0.123997 0.0443939 0.048597 3.03206e-05 0.00778983 0.55091 
0.00278555 0.000639586 1.28835e-07 0.0254052 0.0158327 5.5716e-08 0.00838868 0.0155583 0.0136202 0.00183358 4.97936e-08 0.00380106 0.912135 
0.013959 0.00178418 2.92451e-07 2.92669e-07 0.00679012 0.0076661 2.92359e-07 0.271858 0.0603489 0.0105645 0.16134 0.0456054 0.420083 
0.00602818 0.00536733 0.0105128 0.0566336 0.0211405 0.00679263 0.0102018 0.213756 0.0615245 0.025211 0.000549351 0.038216 0.544067 
0.00458906 5.89935e-05 2.42966e-06 0.0339676 0.00754843 0.000521847 8.42065e-06 0.265884 0.154992 0.00553425 3.47255e-05 0.134573 0.392286 
0.0178959 0.000969173 1.63299e-10 0.198454 0.0182377 0.000579008 0.000354886 0.0913479 0.0432255 0.000929327 4.72568e-06 0.00169617 0.626306 
0.000199374 0.00286535 3.08789e-07 0.0518094 0.00409025 0.00334116 2.90457e-05 0.0690205 0.0144452 0.00490422 4.30401e-05 0.00236512 0.846887 
0.319837 0.000319963 1.9438e-06 0.00110355 0.00012597 0.00158633 1.167e-05 0.305782 0.000124292 0.0068528 3.10349e-05 0.0010493 0.363174 
0.00997902 0.00186903 1.44286e-05 0.0566386 0.0138342 0.00639026 4.07384e-05 0.257619 0.0610752 0.0338042 0.0141425 0.035916 0.508677 
0.0179414 0.00203655 4.66194e-05 0.0244621 0.0601035 0.0172457 2.92285e-06 0.105963 0.0447097 0.109038 0.000748181 0.00062841 0.617074 
0.00265083 0.000528745 3.78053e-07 0.00980374 0.000490706 0.00104909 1.12351e-06 0.0197251 0.101478 0.000928311 8.35408e-06 0.000659859 0.862675 
0.00395464 0.002243 1.69825e-07 0.0659561 0.0130223 0.000611105 0.0165234 0.183914 0.324493 0.0101212 1.61236e-05 0.0372493 0.341896 
0.00609481 0.00539152 6.35351e-05 0.0654159 0.0826432 0.00090098 0.000368982 0.141533 0.103354 0.0609683 0.000107783 0.00777283 0.525385 
0.00813652 0.00181791 1.79574e-08 0.0564279 0.010261 0.00588997 0.000545516 0.115738 0.0191813 0.00976932 9.28342e-05 0.00320587 0.768934 
0.00206301 0.00116402 6.75431e-07 0.0478477 0.0408486 0.0683825 0.00331129 0.0799401 0.0266156 0.0107067 0.00399259 0.00648482 0.708642 
0.0463351 0.00120381 0.00167158 0.00643014 0.0207852 0.000755728 1.05668e-06 4.43188e-05 7.26431e-08 0.0510148 2.94177e-07 0.00409842 0.867659 
0.000520657 0.00332224 8.04204e-08 0.0603234 0.00447844 0.0246709 0.000186073 0.130051 0.0108636 0.00501226 0.000284116 0.00370772 0.75658 
0.00125419 0.0879702 4.60767e-08 0.0124061 0.0155227 0.0135217 0.000936391 0.119458 0.0398586 0.0192727 0.000140329 0.290739 0.398919 
0.00295723 0.00131802 1.56269e-08 0.0258739 0.00642349 0.00538305 6.0082e-05 0.107067 0.0111582 0.0048157 5.9728e-05 0.017215 0.817669 
0.00133655 0.000106963 6.52479e-07 0.112959 0.0151379 0.00017132 1.25695e-05 0.00749986 0.161884 0.000490452 1.86123e-10 2.64528e-08 0.700401 
9.60224e-05 1.46087e-08 4.1524e-12 0.000228996 0.000187967 1.43705e-08 3.36948e-08 0.0294641 1.38342e-05 0.00012312 1.79653e-07 0.000172592 0.969713 
9.03151e-06 9.04968e-05 2.74906e-07 0.0159502 0.000918963 0.00257957 0.000203818 0.374027 0.0115119 0.000602818 6.07013e-05 0.0527486 0.541297 
0.00555563 0.000993054 0.000284687 0.0346297 0.0239917 0.019134 0.00388338 0.37404 0.0650609 0.0257923 0.000123872 0.0370531 0.409458 
0.00223306 0.000637635 9.78283e-06 0.11594 0.0162285 0.00576337 6.12273e-06 0.110606 0.0780708 0.105426 0.000314059 0.0103483 0.554417 
0.00106671 0.00860508 8.293e-08 0.0571999 0.00864118 0.00148489 1.66715e-05 0.024682 0.0379239 0.00551534 2.08278e-05 0.000871546 0.853972 
0.000666491 0.000123695 1.30695e-12 0.00443244 0.000726767 0.00149862 0.00159631 0.123281 0.0171961 0.00123845 1.89263e-08 0.20327 0.64597 
0.000879554 6.25819e-05 9.31586e-10 0.00269911 0.00121804 0.000502033 7.96851e-06 0.0495392 0.0079702 0.00117207 0.000489455 0.034462 0.900998 
0.0364255 0.000552097 1.07527e-05 0.0481642 0.0325968 0.0012571 0.000335234 0.0814028 0.0954945 0.00288073 1.03965e-05 0.0290565 0.671813 
0.0179177 0.00078163 7.68978e-06 0.0580381 0.107096 0.0194974 3.67596e-05 0.253051 0.204521 0.0268858 4.20606e-05 0.0119161 0.300209 
5.45246e-05 0.000352665 9.11261e-08 0.200823 0.00221447 3.5417e-05 3.21513e-07 0.0737447 0.218553 0.0141824 1.24913e-05 0.0163418 0.473686 
0.00650927 0.000249476 2.51624e-08 0.0454789 0.000516688 0.00168622 1.08573e-05 0.0863016 0.250225 0.0258864 8.19069e-06 0.0316566 0.55147 
0.00263756 3.0307e-05 1.39522e-06 0.0408042 0.0342791 0.000348546 2.81359e-05 0.0256212 0.00324162 0.00151082 2.63346e-05 0.0014219 0.890049 
0.00806354 0.00082795 1.6429e-10 0.0846902 0.00329742 0.000578996 2.09307e-06 0.0406748 0.0161726 0.00047077 4.7245e-06 0.000785738 0.844431 
0.00657441 0.0111747 8.52902e-07 0.0176744 0.0033512 0.000806391 3.53718e-05 0.122611 0.0360442 0.0102286 2.64285e-05 0.0156163 0.775856 
0.00518966 0.000347636 2.06276e-08 0.0244787 0.000722408 0.00235814 1.44735e-05 0.0735912 0.176168 0.00098761 1.12581e-05 0.0443005 0.67183 
0.00133655 0.000106963 6.52479e-07 0.112959 0.0151379 0.00017132 1.25695e-05 0.00749986 0.161884 0.000490452 1.86123e-10 2.64528e-08 0.700401 
0.0100089 0.0012249 6.57649e-05 0.0325444 0.030208 0.00195238 0.00016427 0.225171 0.0344898 0.023508 0.000175124 0.0324604 0.608027 
2.07062e-05 4.43227e-05 9.06913e-10 0.00211392 0.000733018 0.000556781 1.08522e-07 0.0184903 0.00869054 0.00133738 8.14214e-06 0.0054462 0.962559 
0.00621686 2.77275e-05 1.72027e-06 0.0158788 0.00637927 0.00862186 2.5635e-06 0.237198 0.0537037 0.0722672 3.28576e-05 0.0350391 0.56463 
0.00251639 0.00115296 1.12942e-05 0.0606916 0.0104712 0.011363 0.000446274 0.265273 0.068189 0.0174609 0.000141327 0.244018 0.318265 
9.03151e-06 9.04968e-05 2.74906e-07 0.0159502 0.000918963 0.00257957 0.000203818 0.374027 0.0115119 0.000602818 6.07013e-05 0.0527486 0.541297 
0.000757954 8.51274e-05 1.68812e-12 0.00159083 0.00267684 2.75542e-06 3.13165e-07 0.0377363 0.00472369 0.00132939 6.52442e-13 6.7235e-06 0.95109 
0.000178429 0.00873598 5.43958e-07 0.0380466 0.0113565 0.0176037 0.000789354 0.427976 0.00738075 0.0104167 0.000211558 0.00486476 0.472439 
0.0126475 5.92067e-05 4.67643e-06 0.104403 0.157919 0.00272258 9.77887e-05 0.00286312 0.0159238 0.00312724 0.000151074 9.91998e-05 0.699982 
3.10589e-05 6.64828e-05 1.28217e-09 0.00312512 0.00108716 0.000738616 2.59313e-09 0.0266158 0.013008 0.00198401 1.22122e-05 0.00816929 0.945162 
0.00458906 5.89935e-05 2.42966e-06 0.0339676 0.00754843 0.000521847 8.42065e-06 0.265884 0.154992 0.00553425 3.47255e-05 0.134573 0.392286 
0.00256401 0.000437202 8.13137e-09 0.00282217 0.00249961 0.000562506 3.73578e-08 0.342899 0.0347409 0.014112 2.03789e-07 0.00754398 0.591818 
0.00991582 3.56412e-05 5.44688e-06 0.0542689 0.143241 0.00204653 6.93099e-05 0.000425614 0.00995518 0.00183701 0.000112717 9.66155e-05 0.77799 
0.00105935 0.000539061 0.00657671 0.0529616 0.0064447 0.0151145 4.60791e-05 0.323353 0.0156633 0.00781943 0.000192351 0.0115669 0.558663 
0.0044025 0.000299907 0.00204736 0.041006 0.00569971 0.00331465 1.42953e-05 0.162645 0.0281738 0.00863354 9.37733e-05 0.018505 0.725164 
0.0013448 0.000488394 7.33575e-09 0.012947 0.0173199 0.000748397 4.15231e-05 0.119542 0.0231976 0.0394463 3.86866e-05 0.0121181 0.772768 
0.0126475 5.92067e-05 4.67643e-06 0.104403 0.157919 0.00272258 9.77887e-05 0.00286312 0.0159238 0.00312724 0.000151074 9.91998e-05 0.699982 
0.0071047 0.00923185 8.02683e-06 0.0485391 0.021383 0.0406515 0.000964431 0.220194 0.0636917 0.0532481 0.00841176 0.0232475 0.503324 
