6.97882e-05 1.35624e-07 0.000396766 0.000116609 0.000140734 9.14783e-05 8.44541e-06 2.57194e-05 0.000110837 0.998871 0.000122224 4.59458e-05 2.86249e-08 
0.000933917 7.33621e-06 1.51543e-05 0.0530274 0.529558 0.0209238 0.0683137 0.0188248 0.0564056 0.25163 0.000102668 0.000257803 3.91407e-08 
0.437625 0.0005605 3.58171e-06 0.063945 0.109895 0.0565627 0.000112583 0.00031536 0.329957 0.00101393 8.31997e-06 1.29722e-06 1.51028e-07 
0.00180478 0.0016413 7.16269e-05 0.00733295 0.00706833 0.000308691 3.95395e-05 0.0177144 0.000114508 0.961968 0.00167785 0.000230925 2.69202e-05 
0.0247122 0.00148971 0.467371 0.0771599 0.0972385 0.00506535 7.59379e-05 0.000612002 1.45275e-06 0.325963 0.000309051 1.07413e-06 5.27201e-07 
0.00561895 0.000112604 0.0254279 0.0839985 0.247224 0.381068 0.000228232 0.0579433 0.125311 0.0439118 0.0266628 0.00244744 4.56008e-05 
0.00096265 2.83842e-09 4.45327e-06 0.00945584 0.0481686 1.16238e-09 4.63768e-06 0.0130026 0.103289 0.825109 8.78628e-07 2.40093e-06 5.99079e-10 
0.00131228 0.00270335 5.31989e-05 0.0383018 0.845172 5.49659e-05 0.000196729 0.0078578 0.0054509 0.0985139 0.00012406 0.000259015 2.44652e-07 
0.0163983 0.00279793 0.133916 0.00395002 0.825009 0.000740518 8.89205e-06 0.00324822 0.010024 0.00388772 3.53211e-06 1.48194e-05 1.14598e-06 
0.00197816 0.00166442 0.000224839 0.000273718 0.0418126 2.054e-07 2.5271e-06 0.00563212 0.0186441 0.929614 2.12462e-05 0.000131948 1.05861e-07 
7.52105e-06 0.000127989 4.7903e-09 2.67075e-05 0.332149 2.07161e-09 6.65024e-09 3.29842e-05 1.54988e-05 0.667634 6.29661e-06 3.27901e-09 1.06769e-09 
4.79972e-06 2.131e-05 2.01794e-05 0.0201606 0.00509681 8.72678e-06 2.80146e-05 0.0105299 0.959726 0.00437788 7.79916e-06 1.3813e-05 4.4977e-06 
0.00465535 0.000603181 0.00515591 0.118993 0.21042 0.132834 0.0071093 0.0490064 0.174689 0.088683 0.206654 0.000950829 0.00024585 
0.000842844 0.0992992 1.1217e-05 0.006968 0.43672 1.46607e-05 1.73593e-07 0.17317 0.0266077 0.254542 0.00123525 0.000589995 2.47447e-10 
0.195348 0.173595 0.000276794 0.00673938 0.602915 0.000809541 0.000166292 0.0092891 0.00432225 0.00653315 1.49215e-07 5.22056e-06 1.49008e-10 
0.0020969 1.04327e-06 0.0206632 0.0219142 0.0592055 0.00631426 3.50605e-06 2.77064e-05 0.0182364 0.00123833 0.870294 5.18369e-06 2.13972e-07 
0.000134368 0.333429 0.000120697 0.332914 6.6498e-05 9.87835e-08 0.000470688 0.00025924 0.331975 7.32267e-05 8.82832e-08 0.000556777 5.09121e-08 
0.00190793 0.000661786 4.70328e-05 0.000409166 0.990139 2.03398e-05 6.52944e-05 0.000864615 0.00154172 0.00428228 1.81777e-05 3.21945e-05 1.04829e-05 
4.76028e-12 2.95909e-07 2.00136e-11 4.26986e-08 0.00050216 8.65508e-12 2.77844e-11 0.999496 8.70995e-07 1.97593e-07 8.51632e-09 1.36995e-11 4.46074e-12 
0.00074733 0.0470043 0.000411279 0.0528621 0.638033 0.000233249 3.26421e-05 0.116772 0.00725592 0.135491 0.00115708 1.88683e-07 1.62136e-08 
1.62573e-07 2.9732e-07 0.0292959 0.00681716 0.00828639 0.000337174 3.90864e-07 0.0273112 5.10353e-05 0.92642 0.00146442 1.52955e-05 8.35313e-08 
0.0653376 1.18992e-05 2.35875e-06 0.884674 0.0098775 0.00090851 3.27458e-06 0.0147292 0.00450107 0.0142498 4.9735e-06 0.00569917 5.25729e-07 
0.151568 2.52612e-09 2.3921e-09 6.47422e-05 0.194798 2.37642e-06 3.32089e-09 0.189088 0.457435 0.00703959 3.56132e-07 4.76489e-06 5.33164e-10 
4.76028e-12 2.95909e-07 2.00136e-11 4.26986e-08 0.00050216 8.65508e-12 2.77844e-11 0.999496 8.70995e-07 1.97593e-07 8.51632e-09 1.36995e-11 4.46074e-12 
0.00551885 0.0138476 1.0528e-10 0.0356263 0.175985 0.0115039 0.00112752 0.163149 0.569115 0.0219871 7.76759e-06 0.0021314 2.34652e-11 
3.32996e-06 3.52361e-09 1.91288e-05 0.25467 0.239013 0.015702 4.63222e-09 0.00294371 1.39966e-06 0.482309 3.32552e-06 0.00533554 7.43697e-10 
0.912579 0.000105014 6.1244e-06 0.0504435 0.0146956 7.73364e-05 1.08149e-05 0.000244585 0.0193517 0.00233891 2.78706e-05 0.000113738 5.99799e-06 
0.0163983 0.00279793 0.133916 0.00395002 0.825009 0.000740518 8.89205e-06 0.00324822 0.010024 0.00388772 3.53211e-06 1.48194e-05 1.14598e-06 
0.0432308 0.00086296 1.80217e-05 0.0305165 0.144204 9.38349e-06 0.443717 0.0568269 0.0231634 0.257386 4.80184e-05 1.76199e-05 2.42716e-07 
1.75843e-06 0.0135065 1.83981e-06 2.93875e-06 0.299102 0.00242064 2.10114e-07 0.00446264 0.0367214 0.643779 4.88419e-10 1.15664e-06 2.81667e-10 
0.160753 0.0367381 8.97374e-05 0.00543533 0.70191 0.00180086 0.000246012 0.00074079 0.0885156 0.00329876 0.000434756 3.68662e-05 2.52195e-08 
1.3129e-06 0.00348012 6.72391e-10 0.0924733 0.627714 7.46916e-06 8.00991e-05 0.00775284 0.101888 0.16555 4.29687e-07 0.00105254 1.49866e-10 
0.0746487 0.000658302 0.00184092 0.237228 0.00147834 0.0524394 8.16081e-05 0.0126126 0.172033 0.0308072 0.000964236 0.415158 4.9883e-05 
0.000911557 0.000434016 8.79117e-07 0.728556 0.118788 5.85798e-05 0.000180526 0.0280917 0.0265584 0.0942574 8.64799e-05 0.00207588 1.95942e-07 
0.0293852 0.00371261 0.0501505 0.0470816 0.561102 0.00260027 0.000530008 0.0239801 0.0208736 0.068215 0.00775026 0.184609 9.26357e-06 
5.63234e-05 1.05426e-11 9.9833e-12 0.979486 0.00500641 4.25178e-05 1.38595e-11 0.000123352 0.0152836 2.1795e-06 3.85845e-12 6.83368e-12 2.22513e-12 
0.0524698 6.02536e-05 0.392583 0.256241 0.0980705 0.0219754 0.000296114 0.000590686 0.0828541 0.0914007 0.00171711 0.00169538 4.54702e-05 
0.000809559 3.54105e-06 1.10393e-05 0.0148844 0.00746356 5.66549e-05 1.34356e-06 0.0080199 0.0133547 0.955388 2.80395e-08 6.94374e-06 1.61701e-08 
0.00162176 7.54728e-05 9.62699e-05 0.0215482 0.0499254 0.637516 0.0228258 0.0272768 0.0227465 0.0422497 0.000794793 0.173314 9.92211e-06 
3.23258e-06 3.42347e-07 1.71343e-10 2.03493e-06 0.050848 0.00244204 1.12693e-07 0.594239 0.199303 0.153077 8.5089e-05 1.17286e-10 3.81897e-11 
7.45778e-07 5.0732e-06 2.62164e-05 0.00561407 4.86865e-05 4.53734e-05 6.45808e-05 0.00220623 0.000191237 0.991686 1.42209e-05 9.67538e-05 6.9885e-07 
0.0247122 0.00148971 0.467371 0.0771599 0.0972385 0.00506535 7.59379e-05 0.000612002 1.45275e-06 0.325963 0.000309051 1.07413e-06 5.27201e-07 
0.0020969 1.04327e-06 0.0206632 0.0219142 0.0592055 0.00631426 3.50605e-06 2.77064e-05 0.0182364 0.00123833 0.870294 5.18369e-06 2.13972e-07 
0.00343225 0.00284725 0.00929885 0.0889386 0.11967 0.611347 0.000607476 0.00919116 0.00958905 0.142251 0.00127911 0.00152085 2.71276e-05 
2.8274e-07 8.96018e-10 8.48483e-10 0.0320119 5.74298e-06 3.66934e-10 1.17793e-09 0.930927 0.0124061 0.0246353 3.2793e-10 1.38236e-05 1.89114e-10 
0.0149925 0.004127 5.39219e-08 0.218297 0.0180539 2.83921e-07 8.74726e-07 0.0079502 0.35376 0.3789 0.000763089 0.00315499 4.8873e-12 
0.277943 3.50349e-07 9.57496e-06 0.00421112 0.323152 0.347374 2.87374e-05 5.00678e-07 0.00504878 0.0242618 0.0175 0.000469941 5.06394e-08 
0.000157399 2.91167e-08 2.7572e-08 0.000377245 0.000299891 1.19238e-08 0.000118698 0.000151297 0.000277618 0.998618 1.06563e-08 1.88733e-08 6.14539e-09 
0.238329 0.000260267 0.000312872 0.0322767 0.401467 0.000338685 4.11786e-07 0.0592394 0.0426108 0.224629 4.79772e-06 0.000531254 3.0577e-07 
0.000774423 0.00357256 2.42725e-06 0.00516225 0.0710521 7.63419e-06 0.781381 0.00222267 0.000654998 0.135113 4.70097e-05 9.71725e-06 6.56366e-08 
0.195348 0.173595 0.000276794 0.00673938 0.602915 0.000809541 0.000166292 0.0092891 0.00432225 0.00653315 1.49215e-07 5.22056e-06 1.49008e-10 
7.05811e-06 1.99761e-05 1.1822e-09 1.1995e-06 0.0939947 1.94327e-06 1.64121e-09 0.0370329 0.588406 0.280536 5.03055e-07 8.09227e-10 2.63494e-10 
0.0526101 0.0210374 0.0358161 0.0466651 0.159131 0.00201442 0.0033139 0.242472 0.286188 0.145204 0.0005717 0.00468925 0.000287796 
0.941655 2.16036e-08 0.00168349 3.09779e-06 0.0015831 8.84701e-09 3.05479e-05 0.031397 0.0169538 0.00666032 7.90661e-09 3.32412e-05 4.55966e-09 
1.14076e-05 1.10284e-07 1.04433e-07 3.13606e-05 0.000119605 4.5163e-08 0.666595 1.66021e-05 4.94235e-06 0.333176 4.03624e-08 4.47421e-05 2.32766e-08 
0.00216916 0.0084781 2.08589e-05 0.00176508 0.839323 5.58726e-06 1.85704e-05 0.0362575 0.10633 0.00512646 1.18982e-05 0.000491684 2.36934e-06 
0.00210848 8.94771e-07 8.47302e-07 0.0125162 0.00719402 0.000399037 1.17629e-06 0.000802327 0.000167057 0.976809 3.27474e-07 5.79987e-07 1.88851e-07 
0.0670814 8.11998e-05 7.70072e-06 0.122987 0.0352284 0.0109516 8.62029e-07 0.0738979 0.217022 0.471374 1.66608e-05 0.00135071 3.42419e-10 
0.000312846 4.22547e-05 9.47779e-08 0.00795178 0.039385 0.00152359 1.31578e-07 0.0597532 0.0058268 0.885204 3.66307e-08 6.48765e-08 2.11246e-08 
0.147674 1.15505e-08 1.09378e-08 0.0337184 2.37055e-05 0.000592084 1.51846e-08 1.2906e-05 0.0141545 0.802534 4.22733e-09 0.00129029 2.43786e-09 
0.0149925 0.004127 5.39219e-08 0.218297 0.0180539 2.83921e-07 8.74726e-07 0.0079502 0.35376 0.3789 0.000763089 0.00315499 4.8873e-12 
0.238329 0.000260267 0.000312872 0.0322767 0.401467 0.000338685 4.11786e-07 0.0592394 0.0426108 0.224629 4.79772e-06 0.000531254 3.0577e-07 
0.0310838 0.00499448 1.3431e-05 0.0272781 0.00806919 0.00894069 0.000110106 0.690391 0.00142349 0.225444 0.000197137 0.00205292 1.92557e-06 
0.0783512 4.1662e-05 1.71607e-06 0.254559 0.363091 8.75706e-06 2.47893e-06 0.0243585 0.223513 0.0547686 2.06251e-07 0.0013045 1.90988e-07 
2.80453e-10 1.24517e-09 1.17911e-09 8.75401e-06 0.0145542 0.0350165 1.63693e-09 0.143145 0.0955811 0.711671 1.0486e-06 2.17122e-05 2.62806e-10 
0.0953795 0.0017452 3.73458e-07 0.0226609 0.525448 0.00684648 0.00162542 0.00160639 0.341297 0.00335992 8.10326e-06 2.32817e-05 3.24616e-11 
0.00155062 0.0486418 0.00165766 0.0329898 0.54323 0.00825144 2.42807e-07 0.195522 0.0187822 0.147806 0.00115244 0.00041623 2.37166e-11 
2.48003e-06 0.0329972 1.24988e-06 0.00606317 0.0267776 0.00918757 1.90907e-08 0.130314 0.0185824 0.751933 0.000652388 0.0234888 3.06499e-09 
0.1887 0.00717235 0.000155323 0.0569893 0.189592 0.000838507 6.64037e-09 0.0361546 0.260516 0.259637 0.000244486 3.27415e-09 1.0661e-09 
0.277943 3.50349e-07 9.57496e-06 0.00421112 0.323152 0.347374 2.87374e-05 5.00678e-07 0.00504878 0.0242618 0.0175 0.000469941 5.06394e-08 
0.957103 2.00777e-05 3.28845e-06 0.00026867 0.0373045 2.58556e-09 8.83188e-05 0.000144862 0.0050597 4.47834e-07 6.96989e-06 5.65618e-07 1.33257e-09 
0.0583494 0.00314338 0.00447642 0.00448161 0.809616 0.0771596 0.00022227 0.0298234 0.00713724 0.00549849 3.06673e-05 6.1208e-05 6.46431e-07 
0.0624266 1.14238e-06 4.75956e-07 0.300045 0.0954568 0.0139777 5.04234e-10 0.0940702 0.0907526 0.342954 0.00031517 3.05451e-07 8.09541e-11 
0.0100307 0.0125932 0.0159471 0.0235687 0.195683 0.0292989 0.0182294 0.0231083 0.0256522 0.64426 0.00125368 0.000277626 9.67634e-05 
0.00041083 0.00924795 3.28272e-07 0.000234554 0.000577652 2.29419e-06 0.326027 0.0234208 0.131023 0.509032 2.32083e-05 2.24706e-07 7.31669e-08 
0.12984 0.0518176 0.000212636 0.0201875 0.0379613 4.40466e-06 3.06504e-06 0.0743211 0.0778008 0.581991 1.41959e-06 0.0258594 2.22173e-09 
0.0202681 1.30778e-06 8.83088e-05 0.0563878 0.850348 0.0141115 1.13642e-07 0.015822 0.0393042 0.00352193 0.000136907 9.80665e-06 2.74772e-11 
0.019978 0.0148967 0.000458589 0.17884 0.333562 0.224894 0.0738246 0.0182854 0.0271505 0.105617 0.00064347 0.00179826 5.18898e-05 
0.0163983 0.00279793 0.133916 0.00395002 0.825009 0.000740518 8.89205e-06 0.00324822 0.010024 0.00388772 3.53211e-06 1.48194e-05 1.14598e-06 
4.45745e-07 0.0126222 2.98173e-05 0.0240755 0.206336 0.00552845 8.95898e-06 0.388099 0.0620504 0.301245 1.08852e-06 3.37159e-06 4.16199e-07 
0.112257 0.000338702 0.0598969 0.272528 0.516999 0.00201077 0.000114465 0.021006 0.0116655 0.00296316 8.68605e-06 0.000211404 1.53062e-12 
0.930816 0.00615959 7.32079e-07 0.000447272 0.000985077 3.16594e-07 1.01632e-06 0.000204703 0.018929 0.0421619 1.13386e-05 0.000282692 1.6317e-07 
0.00107675 0.00135737 1.42802e-07 0.988326 0.0017566 0.000957281 1.98248e-07 0.000500726 0.00231556 0.00345566 0.000253937 9.77497e-08 3.18285e-08 
0.0407625 1.21559e-05 1.26485e-06 0.0153343 0.164845 1.50836e-06 0.698634 0.00389392 0.00986303 0.0666467 3.61869e-06 2.13387e-06 1.16757e-07 
0.0247122 0.00148971 0.467371 0.0771599 0.0972385 0.00506535 7.59379e-05 0.000612002 1.45275e-06 0.325963 0.000309051 1.07413e-06 5.27201e-07 
0.0149925 0.004127 5.39219e-08 0.218297 0.0180539 2.83921e-07 8.74726e-07 0.0079502 0.35376 0.3789 0.000763089 0.00315499 4.8873e-12 
0.916763 6.10891e-06 8.86308e-07 0.0262699 0.0229631 0.000347272 1.23044e-06 4.88616e-05 0.000902161 0.0326964 3.42549e-07 6.06687e-07 1.97545e-07 
0.0288656 0.000374132 0.0204909 0.0347965 0.673175 0.179274 0.0022935 0.000880329 0.0369762 0.0095926 0.0111456 0.00208108 5.51979e-05 
0.0433953 0.00331211 7.83042e-06 0.000667796 0.346629 0.0386132 1.3777e-05 0.0654951 0.363965 0.137282 0.000615241 3.35702e-06 1.44574e-09 
0.00683512 0.0107754 3.36582e-07 0.186563 0.0249397 0.000740315 3.60352e-07 0.0504385 0.0346749 0.684551 0.000246424 0.00023459 5.34621e-11 
0.00265245 0.296653 1.16625e-08 0.0103742 0.336271 0.0100345 1.61907e-08 0.0978593 0.222023 0.0238523 5.68718e-06 0.000274465 2.5994e-09 
0.005227 0.0736184 0.00121358 0.102985 0.236789 0.00326035 0.00653194 0.119841 0.00943406 0.440004 4.81017e-05 0.00103026 1.71187e-05 
0.0020969 1.04327e-06 0.0206632 0.0219142 0.0592055 0.00631426 3.50605e-06 2.77064e-05 0.0182364 0.00123833 0.870294 5.18369e-06 2.13972e-07 
0.0020969 1.04327e-06 0.0206632 0.0219142 0.0592055 0.00631426 3.50605e-06 2.77064e-05 0.0182364 0.00123833 0.870294 5.18369e-06 2.13972e-07 
0.10666 4.93539e-05 0.000522251 0.00071268 0.277396 0.0291647 0.422691 0.0170644 0.0766045 0.068768 0.000349198 1.74771e-05 9.61802e-07 
0.00245571 0.00042137 0.000273333 0.034779 0.11127 0.00258181 6.97747e-07 0.0243189 0.0354387 0.785602 0.000128395 0.00272904 4.68521e-07 
6.11342e-07 2.61906e-07 0.0023025 0.00275986 1.23319e-06 8.09238e-05 7.26288e-08 2.25283e-07 9.71211e-07 0.994853 2.11826e-07 4.01958e-07 2.90784e-11 
0.000415828 7.53307e-08 3.88921e-11 0.00214356 0.0119935 0.00980863 0.000222518 0.903938 0.000988348 0.0701971 8.45801e-07 0.000291918 8.66846e-12 
0.00183695 0.00151953 0.000207358 0.0401224 0.695022 0.00670733 0.00195858 0.0775935 0.161961 0.0107077 0.000825964 0.00150061 3.71489e-05 
0.000654826 0.0008932 9.09748e-06 0.00628705 0.571966 0.071133 0.0319353 0.00193927 0.0103712 0.30465 9.30692e-07 0.000160676 2.1243e-10 
0.000547099 0.000313722 3.36606e-05 0.0402052 0.000977239 0.000161007 9.25175e-06 3.33699e-05 0.0180769 0.939565 2.28078e-05 5.37719e-05 1.30961e-06 
2.16227e-06 9.65199e-06 1.38378e-06 0.0077785 0.206214 0.000475456 1.56962e-06 0.156202 0.0943575 0.533947 0.000108888 0.000901988 1.44988e-07 
0.0223218 6.7775e-05 0.0107013 0.0561603 0.742818 0.0180846 3.5937e-05 0.0147968 0.0904386 0.0437836 3.35535e-05 0.000741987 1.61654e-05 
0.0174313 0.00118239 4.64599e-06 0.000640645 0.152124 0.00927364 6.4499e-06 0.497198 0.0265157 0.290915 0.00143827 0.00326816 1.03552e-06 
0.0149925 0.004127 5.39219e-08 0.218297 0.0180539 2.83921e-07 8.74726e-07 0.0079502 0.35376 0.3789 0.000763089 0.00315499 4.8873e-12 
2.16227e-06 9.65199e-06 1.38378e-06 0.0077785 0.206214 0.000475456 1.56962e-06 0.156202 0.0943575 0.533947 0.000108888 0.000901988 1.44988e-07 
0.00878906 0.000874467 7.87443e-06 0.838407 0.0209757 0.00495345 5.17134e-06 0.0156705 0.0721756 0.0377833 0.000189945 0.000167266 2.86005e-07 
1.6446e-06 6.76442e-05 0.000248276 0.00153226 0.0494143 0.00060379 2.32312e-05 0.00170203 0.00108391 0.944214 0.00110926 1.19814e-07 1.17997e-10 
0.00736182 0.00081624 0.000285031 0.348257 4.43244e-05 0.00597719 5.2824e-09 0.000172896 0.613982 0.0231034 3.52828e-08 1.67901e-08 5.20397e-09 
2.09727e-06 0.0829151 4.57067e-06 0.00196277 0.0143771 7.88297e-07 0.000233256 0.0280728 0.0521124 0.816139 0.00324872 0.000931441 1.43696e-07 
0.00155464 0.00236925 1.1183e-05 0.094141 0.00554064 7.81368e-07 2.59704e-06 0.00773378 0.73439 0.152476 6.91504e-05 0.0017098 3.31346e-07 
0.0247122 0.00148971 0.467371 0.0771599 0.0972385 0.00506535 7.59379e-05 0.000612002 1.45275e-06 0.325963 0.000309051 1.07413e-06 5.27201e-07 
0.000654054 0.513069 8.70067e-05 0.00431639 0.127969 0.00060788 4.60919e-07 0.0131023 0.00153425 0.336644 3.55501e-05 0.00197981 7.39999e-08 
0.0191623 0.00114023 0.000170107 0.0490304 0.127523 0.00864535 0.0230515 0.0826652 0.662857 0.0253676 6.06956e-05 0.000297407 2.90072e-05 
0.0325176 2.63411e-06 0.359089 5.60249e-05 0.123965 4.01765e-08 1.04426e-05 0.0483583 3.41356e-05 0.435829 0.000138165 6.35926e-08 2.07066e-08 
0.00216916 0.0084781 2.08589e-05 0.00176508 0.839323 5.58726e-06 1.85704e-05 0.0362575 0.10633 0.00512646 1.18982e-05 0.000491684 2.36934e-06 
8.43198e-06 1.97025e-09 1.86572e-09 0.143457 0.007436 8.06848e-10 5.20616e-07 0.778538 2.7849e-05 0.0705278 5.0483e-06 1.27711e-09 4.15842e-10 
3.54566e-06 2.40515e-07 3.70842e-06 5.92618e-06 0.0615165 4.64695e-06 4.21233e-07 1.3066e-06 5.63283e-06 0.938456 2.92443e-10 2.33128e-06 1.68649e-10 
7.86386e-05 2.82823e-07 1.40791e-05 0.000213831 0.000751052 0.000393394 4.50561e-08 0.00277133 0.000113384 0.995605 2.61232e-05 3.28316e-05 7.23369e-09 
0.0874397 0.0273597 0.000101619 0.0116887 0.505435 0.0050217 0.00292396 0.0335214 0.320509 0.00266151 0.00258596 0.000693529 5.80763e-05 
0.00778089 0.61714 2.29373e-06 0.000371854 0.235373 0.000718567 1.54326e-06 0.00272171 0.0739942 0.0363743 0.0107021 0.0148196 5.61877e-07 
0.101098 0.00189635 9.77336e-09 0.0283621 0.112399 4.22658e-09 3.47842e-06 0.000333433 0.000117988 0.755749 3.77731e-09 3.98696e-05 2.17834e-09 
0.000120135 0.000257754 5.25313e-06 0.007429 0.874203 0.0117746 0.000105681 0.0405168 0.00860163 0.056956 1.74094e-06 2.86265e-05 1.26061e-07 
0.00551562 6.59046e-06 0.00358168 0.00386158 0.309597 2.6989e-06 0.00122312 0.00154912 0.00284193 0.367154 0.302622 0.0020438 1.39099e-06 
0.192604 7.90793e-06 9.86404e-08 0.00379058 0.0245507 0.00516032 2.47586e-05 0.0415625 0.0091848 0.437043 0.000125334 0.285946 2.19855e-08 
4.15679e-08 6.14606e-05 1.57586e-12 2.72689e-08 0.00374878 5.78594e-08 8.81926e-05 0.000493854 2.37643e-09 0.995608 4.4467e-09 1.31611e-08 3.51235e-13 
0.0633086 0.0387113 0.00318418 0.102065 0.551886 0.0379972 0.00836272 0.0326275 0.129886 0.0277908 0.0032262 0.000651207 0.0003034 
0.0020969 1.04327e-06 0.0206632 0.0219142 0.0592055 0.00631426 3.50605e-06 2.77064e-05 0.0182364 0.00123833 0.870294 5.18369e-06 2.13972e-07 
0.0067942 0.00182224 0.00669837 0.0742094 0.0221846 0.00320438 5.00957e-05 0.182645 0.0584648 0.635925 4.63968e-05 0.00795579 1.12732e-07 
0.0137028 2.80124e-05 2.22523e-06 0.156718 6.68701e-06 0.0259512 8.07118e-07 1.13576e-06 9.3856e-05 0.803487 5.33028e-06 2.53996e-06 7.87313e-07 
0.258476 0.000610306 4.16224e-05 0.0199782 0.465302 0.00303318 0.00464679 0.0321764 0.196172 0.0192695 7.12964e-05 0.000204784 1.69023e-05 
0.00869689 0.854876 1.51406e-06 6.27442e-08 0.124894 1.8545e-09 8.9672e-06 7.7677e-05 0.00110439 0.0100094 0.000326614 4.61579e-06 9.55791e-10 
0.564579 2.05128e-05 3.37915e-08 0.0378719 0.188897 0.000378867 4.69118e-08 0.119573 0.0807442 0.0078949 3.55804e-08 4.04238e-05 7.53163e-09 
0.000298542 0.000329904 1.51611e-06 0.0735891 0.153488 0.760163 9.25398e-07 0.00184148 0.00090047 0.00916987 0.000212021 5.00672e-06 7.14402e-07 
8.21281e-05 0.901157 9.29831e-07 0.0356134 0.000567602 5.62261e-05 1.29086e-06 0.00350917 0.00644425 0.0525666 3.5937e-07 6.36479e-07 2.07245e-07 
2.23786e-12 1.74587e-08 9.40865e-12 2.51875e-09 1.17876e-05 4.06885e-12 1.30618e-11 0.998428 0.00155439 1.16542e-08 5.05394e-10 5.49873e-06 2.09705e-12 
0.00811258 0.0273802 4.4365e-05 0.373464 0.262019 0.00456088 1.52829e-06 0.0785028 0.0528737 0.19272 0.000156839 0.00016293 2.58774e-09 
0.00771432 0.000766166 0.0030708 0.230998 0.149445 0.242805 0.00216611 0.0962088 0.174292 0.0630414 0.0275286 0.00155828 0.000404671 
0.0048429 0.000688669 0.000206559 0.0377322 0.908577 0.00244283 0.0016388 0.000887931 0.00144456 0.0410324 9.65508e-05 0.000369921 4.00671e-05 
0.0247122 0.00148971 0.467371 0.0771599 0.0972385 0.00506535 7.59379e-05 0.000612002 1.45275e-06 0.325963 0.000309051 1.07413e-06 5.27201e-07 
0.00325545 0.289964 5.07256e-10 0.00214239 0.0555895 4.4093e-08 4.29639e-06 0.0473927 0.15955 0.442097 1.9605e-10 4.51426e-06 1.1306e-10 
0.0020969 1.04327e-06 0.0206632 0.0219142 0.0592055 0.00631426 3.50605e-06 2.77064e-05 0.0182364 0.00123833 0.870294 5.18369e-06 2.13972e-07 
0.11618 0.113127 0.000859823 6.60762e-07 0.75595 7.93748e-05 3.02204e-07 1.50494e-05 0.0137544 6.62634e-07 7.79931e-08 3.37164e-05 1.3113e-10 
0.0161074 9.89564e-08 2.95727e-05 0.0101257 0.0413044 4.51503e-05 1.3009e-07 1.10596e-05 0.00994243 0.922434 3.62167e-08 6.41432e-08 2.08858e-08 
0.0137028 2.80124e-05 2.22523e-06 0.156718 6.68701e-06 0.0259512 8.07118e-07 1.13576e-06 9.3856e-05 0.803487 5.33028e-06 2.53996e-06 7.87313e-07 
0.0113863 1.70196e-06 1.77428e-07 0.10267 0.00709438 0.0332355 4.25295e-07 0.0528655 5.76767e-07 0.791393 0.00134989 2.30559e-06 3.62774e-09 
0.001098 0.000221623 3.38439e-08 0.000366147 0.00146326 1.46361e-08 4.69845e-08 0.000684762 0.000384052 0.995782 1.30803e-08 2.31665e-08 7.5433e-09 
0.0658482 0.00171393 1.59886e-07 0.0931607 0.192876 4.07487e-06 0.00011164 0.000389948 0.645608 0.000279136 8.00169e-06 6.31174e-08 5.89597e-08 
0.0592008 1.42377e-05 0.00370192 0.000120379 0.00893009 3.62165e-05 0.000699157 0.154424 0.0536099 0.719241 1.86436e-05 3.44188e-06 3.20112e-08 
0.0254684 0.811177 3.28886e-06 9.18281e-08 0.138591 4.24929e-08 5.09587e-08 0.00177901 0.0222943 0.000518879 0.000163646 4.18231e-06 1.07264e-10 
0.00237542 6.05961e-06 2.37612e-06 0.000689728 0.960527 9.29454e-08 2.98372e-07 0.0204447 0.00142318 0.0145256 2.31476e-06 3.415e-06 4.79032e-08 
0.0916058 0.000171534 3.70814e-07 0.709428 0.0454953 6.05912e-06 9.11412e-08 0.0231264 0.109883 0.0201556 1.27027e-07 0.000127702 1.30867e-08 
6.99582e-06 1.83354e-10 1.73627e-10 0.058911 0.346265 2.14755e-06 2.41041e-10 0.164579 0.0596772 0.370555 1.54408e-07 3.19718e-06 3.86988e-11 
0.00102921 7.3948e-07 7.00249e-07 0.00696103 0.190047 0.00068731 0.00108022 0.112752 0.0145258 0.671923 0.000470555 0.000521595 1.56075e-07 
0.0748272 1.624e-06 4.43985e-07 0.0222042 0.176801 0.0176206 3.61196e-06 0.00750959 0.379173 0.103133 0.21872 5.59097e-06 3.85366e-07 
0.0311696 0.0105651 0.000371286 0.0485716 0.0799363 0.000835384 2.83446e-05 0.20794 0.0422856 0.57719 7.35995e-05 0.00103318 7.18142e-07 
0.0247352 0.000205153 0.179834 0.0137374 0.326284 0.331862 9.88272e-06 8.00968e-05 0.0271364 0.0326076 0.0633752 0.000128965 3.80136e-06 
5.57994e-08 0.000169137 6.01377e-11 0.0101261 0.00055386 2.60071e-11 1.50361e-07 0.042393 0.00820334 0.93172 8.83452e-08 0.00683381 1.34038e-11 
0.00481243 0.0113444 1.31589e-07 0.0108933 0.248054 0.00869001 6.50176e-06 0.507393 0.00654196 0.201993 9.09527e-06 0.000261326 3.92357e-10 
0.0898894 0.000374027 0.0244356 0.146416 0.0485695 0.00490681 9.78479e-05 0.0527315 0.108468 0.516015 0.000203909 0.00786978 2.19695e-05 
0.108721 0.103272 0.00211596 0.0190598 0.55502 0.00982337 0.00104283 0.0665107 0.111964 0.00612835 0.0160783 0.000200864 6.28166e-05 
0.125602 0.000117608 0.0232776 0.295799 0.0724087 0.0129652 1.0786e-06 0.0886189 0.132219 0.248679 0.00031081 6.5456e-07 2.57593e-07 
0.00139395 1.94711e-05 1.9758e-09 0.00229623 0.972996 8.54452e-10 2.74295e-09 0.00366091 0.00338201 0.0162349 7.77833e-06 9.08798e-06 4.40376e-10 
0.0783602 0.000318462 0.0093544 0.231967 0.197297 0.000264005 3.33146e-06 0.0398755 0.100601 0.341367 4.49725e-06 0.000586197 1.74884e-06 
0.0455642 0.000751719 2.2264e-07 5.77774e-05 0.0695612 0.000812736 0.0128852 0.118596 0.624499 0.105633 1.9854e-05 0.0216192 4.96232e-08 
0.00199589 0.00463747 0.00667574 0.0124958 0.0476838 0.00101806 0.00415772 0.0637746 0.00987706 0.836493 0.00194544 0.0084145 0.000830614 
0.298171 0.000280531 1.21044e-05 0.00303004 0.0328558 0.0470063 9.98428e-05 0.0606522 0.428332 0.129454 3.15935e-06 0.000103616 3.22143e-07 
0.0145922 0.0373159 3.30857e-06 0.052629 0.0236881 0.0104148 0.0142001 0.0260512 0.00625551 0.811014 0.000147141 0.00368751 9.00975e-07 
0.00404979 0.0017372 5.15757e-05 0.0352756 0.790251 1.21252e-05 0.000222969 0.00173781 0.126405 0.0401825 4.29536e-06 6.73026e-05 2.19972e-06 
0.00124498 5.77316e-06 1.79626e-05 0.00532394 0.000839998 0.013089 1.53104e-08 0.160041 0.252545 0.566885 2.82099e-06 5.41199e-06 2.45806e-09 
0.0104441 0.00897963 6.86221e-05 0.383419 0.532826 0.0326823 9.23916e-05 0.00862445 0.01258 0.0097666 0.000251801 0.000205017 5.97261e-05 
0.0674794 0.0299786 4.01981e-07 0.441484 0.125833 0.00782628 0.0580265 0.00155663 0.0233115 0.243975 0.000387213 0.00014143 1.3109e-07 
0.00127295 0.000313899 3.66799e-05 0.00160596 0.00761596 5.48132e-06 0.00134715 0.0822219 0.0499181 0.855092 0.000100227 0.000468108 1.92984e-06 
0.00416673 6.27085e-07 5.93817e-07 0.983805 0.00355092 2.56802e-07 8.2438e-07 0.000836683 0.000697134 0.00694008 2.29504e-07 4.06474e-07 1.32353e-07 
7.82811e-05 0.0357427 1.40432e-05 0.0431648 0.284394 0.000992017 2.65977e-06 0.00738415 0.0890227 0.527384 3.31931e-06 0.0118168 1.33334e-06 
0.197567 4.20173e-05 0.000145954 0.00631342 0.184036 0.0108755 0.00672523 0.219856 0.038659 0.334305 3.97067e-05 0.00143385 2.09703e-06 
0.654992 1.29261e-06 7.89018e-06 0.000532576 0.273855 0.000181415 5.30697e-07 0.0243668 0.0333504 0.012664 1.28179e-05 3.47275e-05 3.8037e-08 
3.26024e-10 1.44749e-09 1.3707e-09 0.000422534 0.00697235 1.5418e-06 6.0895e-05 0.359483 4.36945e-06 0.633054 6.36245e-07 4.7007e-07 3.05509e-10 
0.0247122 0.00148971 0.467371 0.0771599 0.0972385 0.00506535 7.59379e-05 0.000612002 1.45275e-06 0.325963 0.000309051 1.07413e-06 5.27201e-07 
0.0330619 3.70474e-07 0.00235706 0.153513 0.0545856 0.00446368 2.13563e-09 1.27293e-06 0.0570921 0.694925 5.94552e-10 1.05301e-09 3.42873e-10 
4.29337e-09 0.010322 1.80506e-08 0.162726 0.692242 7.80614e-09 2.50591e-08 0.0887705 2.13635e-05 0.0458879 1.60526e-05 1.36038e-05 4.02321e-09 
0.00783662 1.7675e-06 1.67373e-06 4.52136e-05 0.0611305 0.000136813 2.32359e-06 0.0201585 0.00740463 0.903222 6.4688e-07 5.93055e-05 3.73049e-07 
0.0233931 0.00133449 0.0110888 0.00422603 0.0449776 0.0013313 0.000184116 0.906088 0.00387591 0.00315312 8.80686e-05 0.000192104 6.75243e-05 
0.0830919 0.00171705 3.70939e-07 0.123522 0.765912 0.000112638 0.00353491 0.00176665 0.0202042 7.36434e-05 6.38701e-05 8.61394e-07 7.16292e-09 
0.00262393 0.344745 2.26164e-06 0.00837651 0.585103 7.42792e-05 0.00123626 0.000834914 0.0517708 0.004721 0.000299189 0.000210246 2.23e-06 
6.83726e-07 6.89759e-10 6.53167e-10 0.00771953 6.8813e-06 5.25419e-06 9.06773e-10 0.116307 0.0281695 0.847791 2.52442e-10 4.471e-10 1.45581e-10 
0.00303958 0.144167 8.70738e-06 0.036612 0.361 0.0212691 2.56317e-06 0.105907 0.137589 0.18953 0.000402516 0.000470598 9.63837e-07 
0.000150961 0.000564471 3.3387e-07 0.00131694 0.000789974 0.000981961 4.63502e-07 0.00263842 0.000414265 0.992399 0.000400144 0.000343036 7.44146e-08 
0.00103415 0.00133131 0.000117544 0.00157741 0.0659396 0.0203652 0.0045628 0.0697863 0.144557 0.688925 0.00117518 0.000532842 9.57355e-05 
6.06253e-10 2.69167e-09 4.33564e-06 2.22366e-06 4.80349e-07 5.40229e-06 3.53852e-09 6.31837e-06 7.05699e-07 0.99998 3.9503e-07 1.74473e-09 5.68105e-10 
0.0154533 0.00556066 0.000237625 0.0712328 0.270705 0.125884 0.000981659 0.0797928 0.0842361 0.193925 0.0233259 0.128497 0.0001685 
0.00415543 0.00954324 2.08736e-05 0.00108362 0.0252288 2.11571e-05 0.000307093 0.0191121 0.0712367 0.869212 4.4743e-05 2.50506e-05 9.40832e-06 
0.000140072 0.165511 4.43458e-05 0.0106806 0.363567 0.000852204 3.23077e-06 0.314761 5.13921e-05 0.144385 8.99434e-07 2.74347e-06 5.18695e-07 
3.29852e-06 6.47628e-09 6.1327e-09 4.55208e-06 3.63321e-07 1.83197e-05 8.51386e-09 0.000527426 4.86586e-06 0.998975 0.000466125 4.1979e-09 1.36689e-09 
0.0202937 0.000298144 0.0796071 0.0689101 0.209838 0.0327508 0.00265061 0.283289 0.194392 0.10588 0.00108159 0.000771842 0.000237504 
2.97989e-05 4.84606e-09 4.58897e-09 3.30729e-06 0.708307 1.19092e-05 6.37075e-09 3.17924e-05 0.285122 0.00649295 1.77359e-09 3.17261e-07 1.02281e-09 
0.00102424 0.0178139 9.38787e-05 0.0159424 0.141767 0.488817 0.00229692 0.00118112 0.0102225 0.319178 0.000606661 0.00103183 2.38845e-05 
0.0567133 5.32382e-05 0.430321 0.27523 0.00188848 0.0051193 4.45492e-05 0.0003285 0.0699311 0.158672 0.00117286 0.000497057 2.92512e-05 
0.000500818 9.5883e-08 1.17513e-10 0.209291 0.764412 9.85455e-09 4.63698e-06 9.31335e-05 0.0256987 2.76891e-11 4.54177e-11 1.57028e-08 2.6192e-11 
0.0466198 0.000711028 0.00126991 0.0311993 0.728711 0.0862053 0.000403496 0.0359384 0.0575813 0.00979453 0.000812405 0.000668838 8.4981e-05 
0.223805 0.0030957 4.19767e-06 0.0355393 0.00255671 0.000191403 1.52406e-08 0.000501691 0.000912568 0.733392 1.50159e-06 7.51465e-09 2.44686e-09 
0.0046087 2.59983e-06 1.87407e-06 0.255823 0.000282469 1.82732e-06 0.000103306 0.00012263 0.0463417 0.692581 0.000124255 5.78125e-06 6.42788e-07 
0.0115669 0.200626 0.0516797 0.00320625 0.702237 0.00195185 0.00015424 0.000934352 0.00394814 0.00433977 0.0193499 4.73765e-06 1.22834e-06 
2.42988e-09 8.64138e-06 3.16797e-05 3.94247e-05 0.000205875 5.03693e-05 0.00175155 1.74242e-05 3.25658e-05 0.997862 3.94836e-09 6.99291e-09 2.27698e-09 
0.999945 3.34091e-08 3.16367e-08 5.09419e-06 2.1106e-05 1.36816e-08 4.39204e-08 3.76474e-06 1.02521e-05 1.4904e-05 1.22273e-08 2.16557e-08 7.05136e-09 
2.93404e-07 0.00143037 3.75608e-08 0.913463 0.00242626 3.50128e-05 1.08482e-06 6.02012e-05 0.0210023 0.0615808 3.54359e-08 1.17493e-07 1.29642e-08 
0.277943 3.50349e-07 9.57496e-06 0.00421112 0.323152 0.347374 2.87374e-05 5.00678e-07 0.00504878 0.0242618 0.0175 0.000469941 5.06394e-08 
0.00387923 9.05896e-05 8.31007e-09 0.148259 0.133087 0.000181875 1.15366e-08 0.100217 0.606225 0.00729594 3.21176e-09 0.000763714 1.85219e-09 
1.66816e-12 1.48369e-08 7.01345e-12 5.64698e-05 4.18467e-05 2.2313e-07 9.73658e-12 0.995544 0.00335572 1.15189e-05 1.77683e-06 0.00098832 1.56319e-12 
0.00138751 1.93828e-05 1.97446e-09 0.00228561 0.972956 8.53873e-10 2.74109e-09 0.00368198 0.00338573 0.016267 7.743e-06 9.04726e-06 4.40078e-10 
0.00542252 0.00435181 0.00387475 0.0945622 0.186806 0.437011 0.00373688 0.0202124 0.0618991 0.177948 0.00127446 0.00252864 0.000371414 
0.0104441 0.00897963 6.86221e-05 0.383419 0.532826 0.0326823 9.23916e-05 0.00862445 0.01258 0.0097666 0.000251801 0.000205017 5.97261e-05 
0.0020969 1.04327e-06 0.0206632 0.0219142 0.0592055 0.00631426 3.50605e-06 2.77064e-05 0.0182364 0.00123833 0.870294 5.18369e-06 2.13972e-07 
1.71855e-06 0.0145831 1.56172e-07 0.0112356 1.3465e-05 6.47863e-05 1.24636e-06 1.11821e-06 4.96645e-06 0.973255 0.000838015 5.93761e-07 1.15038e-07 
0.00191472 0.000355247 0.000552178 0.171961 0.0311207 0.000207192 0.000135834 0.00055333 0.00982584 0.781019 0.00122337 0.00111211 1.95065e-05 
0.244021 0.0069475 0.000371766 0.084835 0.519295 0.00149753 6.11747e-06 0.00271349 0.121901 0.00185497 0.016549 4.99355e-06 2.60061e-06 
0.005227 0.0736184 0.00121358 0.102985 0.236789 0.00326035 0.00653194 0.119841 0.00943406 0.440004 4.81017e-05 0.00103026 1.71187e-05 
0.0247122 0.00148971 0.467371 0.0771599 0.0972385 0.00506535 7.59379e-05 0.000612002 1.45275e-06 0.325963 0.000309051 1.07413e-06 5.27201e-07 
0.00259012 0.142331 0.00041127 0.0244271 0.48193 7.13254e-07 5.04871e-07 0.199438 0.00707532 0.140767 0.000942932 8.70718e-05 2.42043e-11 
0.00637849 0.0012397 2.1128e-05 0.000104803 0.896277 0.0367465 2.05136e-05 0.00100212 0.00948023 0.0190641 0.0295869 7.54181e-05 2.77184e-06 
0.0283732 0.121283 0.00597529 0.156741 0.0097261 0.00729757 0.00240572 0.0131843 0.197471 0.442908 0.00323223 0.0107694 0.000633358 
0.164165 0.131876 0.0011934 0.00404378 0.661714 0.000485857 0.000775318 0.00919643 0.0226278 0.00392011 9.63668e-08 3.15225e-06 1.35277e-10 
0.00389617 0.00135792 0.0088962 0.0688105 0.24507 0.119687 0.00176263 0.0495881 0.12075 0.37402 0.00550729 0.000345309 0.000309806 
0.00132823 1.55259e-06 1.34782e-07 0.176614 0.611902 0.00097658 0.00539601 0.0042956 0.18964 0.00980604 4.03291e-05 1.2019e-07 2.32892e-08 
0.00113586 0.000112726 1.17367e-06 0.0312864 0.0478484 0.052316 2.80884e-06 0.0341896 0.00801617 0.35352 0.471054 0.00051644 3.96836e-07 
0.00216916 0.0084781 2.08589e-05 0.00176508 0.839323 5.58726e-06 1.85704e-05 0.0362575 0.10633 0.00512646 1.18982e-05 0.000491684 2.36934e-06 
0.00162176 7.54728e-05 9.62699e-05 0.0215482 0.0499254 0.637516 0.0228258 0.0272768 0.0227465 0.0422497 0.000794793 0.173314 9.92211e-06 
0.0154533 0.00556066 0.000237625 0.0712328 0.270705 0.125884 0.000981659 0.0797928 0.0842361 0.193925 0.0233259 0.128497 0.0001685 
0.234501 9.04752e-08 8.55899e-11 0.671519 0.0542758 3.70141e-11 1.18822e-10 0.00112112 0.0305695 0.00801281 3.30797e-11 2.40267e-07 1.90767e-11 
0.683412 0.000780737 1.42018e-07 0.00881343 0.14372 9.45048e-05 0.00021775 0.0206604 0.140934 0.000677424 0.000280437 0.000409668 3.20792e-08 
6.14704e-11 5.18818e-07 9.30645e-07 6.61866e-08 5.9933e-07 3.72624e-05 3.58785e-10 4.10927e-08 2.91072e-07 0.999582 0.000378072 1.76905e-10 5.76024e-11 
0.00185588 4.35946e-07 4.12819e-07 0.00306487 0.00237626 1.78527e-07 5.73105e-07 0.00291248 0.00243489 0.987353 1.5955e-07 2.82579e-07 9.20111e-08 
0.0020969 1.04327e-06 0.0206632 0.0219142 0.0592055 0.00631426 3.50605e-06 2.77064e-05 0.0182364 0.00123833 0.870294 5.18369e-06 2.13972e-07 
0.00193023 0.113368 3.09732e-07 0.831417 0.0181311 1.33946e-07 4.29993e-07 0.00376665 0.022726 0.0032623 0.000203625 0.00519459 6.90347e-08 
1.49264e-06 8.76666e-05 2.39514e-10 0.344388 1.40207e-05 2.38337e-07 3.32511e-10 0.0142753 0.534264 0.106966 1.57462e-07 4.01695e-06 5.33842e-11 
0.680292 0.00024223 0.00518607 0.0114705 0.260071 0.000994465 0.000112612 0.0115167 0.0274956 0.00239226 2.37041e-05 0.000184172 1.81325e-05 
0.071111 8.53287e-05 0.613513 0.150375 0.0540963 0.000227212 1.31054e-07 9.54059e-05 0.0112685 0.098285 0.000526501 0.000415834 6.96579e-08 
0.0154533 0.00556066 0.000237625 0.0712328 0.270705 0.125884 0.000981659 0.0797928 0.0842361 0.193925 0.0233259 0.128497 0.0001685 
0.0488852 0.00076394 0.000178651 0.899176 0.018043 0.00774574 8.22427e-05 0.000210634 0.0146548 0.0096946 0.000349661 0.000149769 6.55553e-05 
0.00392279 0.00571393 0.000154098 0.117419 0.610871 0.00568215 0.00690594 0.0208216 0.0355866 0.192769 4.79441e-05 0.000101521 4.38304e-06 
7.40508e-06 0.000529051 0.000268282 3.99831e-05 0.139706 3.20491e-09 4.12563e-06 0.000264404 4.47013e-05 0.859036 6.81719e-05 3.24713e-05 1.65178e-09 
0.0242111 0.00172869 0.000877688 0.0239848 0.17959 0.00173077 9.95828e-06 0.0561373 0.0336225 0.677406 7.12864e-05 0.000620612 9.90809e-06 
0.0550253 4.19528e-06 5.43002e-05 0.0219367 0.516085 0.00524045 5.77317e-07 0.187662 2.73004e-06 0.213703 0.000284749 4.9809e-07 2.57394e-11 
0.000106622 0.0342072 0.000178996 1.22552e-05 0.548917 0.00528762 0.00156461 0.00267415 0.00780339 0.399211 1.3529e-06 3.6095e-05 8.25103e-09 
2.23786e-12 1.74587e-08 9.40865e-12 2.51875e-09 1.17876e-05 4.06885e-12 1.30618e-11 0.998428 0.00155439 1.16542e-08 5.05394e-10 5.49873e-06 2.09705e-12 
0.0175582 0.00011881 0.000603571 0.217718 0.0430157 0.00677235 0.000278107 0.04321 0.000671938 0.669512 6.05137e-05 0.000434191 4.67006e-05 
0.0832968 0.000104627 0.000481234 0.0307041 0.0246777 0.00174532 1.10146e-05 0.0884829 0.182274 0.587939 0.000279261 1.93116e-06 1.68801e-06 
0.277943 3.50349e-07 9.57496e-06 0.00421112 0.323152 0.347374 2.87374e-05 5.00678e-07 0.00504878 0.0242618 0.0175 0.000469941 5.06394e-08 
0.00082861 1.30375e-05 9.76782e-07 0.00304984 0.0861969 1.24378e-06 1.39318e-06 0.23937 0.653478 0.0170555 4.12536e-06 2.61137e-10 8.50293e-11 
2.35657e-05 1.90543e-07 6.6936e-05 6.70635e-05 0.000592466 0.000436833 0.00194716 0.000741499 0.00308583 0.992117 0.000807814 0.000113515 4.02162e-08 
0.036589 0.000547933 0.000584251 0.0113295 0.000446238 0.000223997 0.00015541 4.21408e-05 0.0014978 0.947606 0.000725498 0.000252457 1.85836e-08 
0.116073 0.00355486 0.0644954 0.143469 0.0538275 0.0371592 0.00264931 0.0343295 0.166077 0.312095 0.046282 0.01856 0.0014281 
0.0247122 0.00148971 0.467371 0.0771599 0.0972385 0.00506535 7.59379e-05 0.000612002 1.45275e-06 0.325963 0.000309051 1.07413e-06 5.27201e-07 
3.23258e-06 3.42347e-07 1.71343e-10 2.03493e-06 0.050848 0.00244204 1.12693e-07 0.594239 0.199303 0.153077 8.5089e-05 1.17286e-10 3.81897e-11 
0.0020969 1.04327e-06 0.0206632 0.0219142 0.0592055 0.00631426 3.50605e-06 2.77064e-05 0.0182364 0.00123833 0.870294 5.18369e-06 2.13972e-07 
0.0238023 1.28016e-05 0.000280152 0.0330846 0.248184 0.480642 1.44589e-05 0.0905002 0.0486153 0.0405934 0.0325031 0.00176006 7.07168e-06 
0.0100307 0.0125932 0.0159471 0.0235687 0.195683 0.0292989 0.0182294 0.0231083 0.0256522 0.64426 0.00125368 0.000277626 9.67634e-05 
0.0020969 1.04327e-06 0.0206632 0.0219142 0.0592055 0.00631426 3.50605e-06 2.77064e-05 0.0182364 0.00123833 0.870294 5.18369e-06 2.13972e-07 
0.0293877 2.44524e-05 0.09678 0.000117774 0.180488 0.0168399 4.66776e-05 0.0253068 0.0906404 0.560257 0.000105837 5.87703e-06 3.74111e-08 
0.0731209 4.52466e-05 0.0061508 0.155571 0.387383 0.00535026 3.96958e-06 0.00259245 0.367864 0.00108375 0.000827306 4.33085e-06 2.17241e-06 
0.0324185 6.93031e-10 2.37834e-05 0.0124145 0.329138 0.268837 7.42681e-07 3.97528e-05 0.356877 2.04598e-06 0.000247468 9.18846e-08 1.46272e-10 
0.048263 0.00699964 0.00513204 0.38499 0.0695084 0.0205024 0.00591007 0.0871723 0.208251 0.13021 0.0115641 0.0181013 0.00339593 
0.122724 0.00270671 0.000110731 0.000360336 0.030456 0.000932802 0.000121936 0.0602085 0.603176 0.146283 0.0300549 0.00280007 6.51489e-05 
0.0237994 0.0593358 0.0455515 0.0730351 0.196895 0.00319544 0.00708139 0.0627228 0.0429095 0.425984 0.00340372 0.0541605 0.00192545 
0.0110924 0.000528629 0.000617616 0.0253229 0.473073 0.0026784 0.138988 0.0329129 0.144938 0.169721 2.45597e-05 8.96188e-05 1.31272e-05 
0.896145 0.00679424 2.57249e-06 0.0223917 0.0199555 1.1125e-06 0.017503 0.00449663 0.00343745 0.0271559 9.94242e-07 0.00211484 5.7337e-07 
5.53295e-07 2.56302e-07 0.000779642 0.000407614 2.82586e-07 0.00131691 1.64492e-09 0.0251813 3.06643e-09 0.966288 0.00529475 0.000730476 2.6409e-10 
0.00392429 0.00472406 3.22467e-07 0.00413288 0.218839 0.00585098 0.00958179 0.0292211 0.719024 0.0038603 0.000784715 5.72128e-05 3.55328e-08 
0.113943 0.000146712 3.59955e-07 0.283759 0.207917 1.24225e-06 0.000247648 0.0376066 0.356376 1.27072e-06 3.04604e-07 2.39201e-07 1.17407e-07 
0.13837 3.96175e-09 6.00629e-06 0.289594 9.98067e-06 4.86883e-06 5.20821e-09 5.03521e-05 0.263759 0.308189 4.49628e-06 1.20722e-05 8.3617e-10 
0.332742 0.0152634 0.00333338 0.127031 0.180874 0.0646919 0.000453649 0.00394247 0.00272998 0.268146 0.000211614 0.000406987 0.000173865 
0.005227 0.0736184 0.00121358 0.102985 0.236789 0.00326035 0.00653194 0.119841 0.00943406 0.440004 4.81017e-05 0.00103026 1.71187e-05 
0.0125489 0.000193294 2.36416e-05 0.105378 0.370627 0.049615 0.00031462 0.00237388 0.00741561 0.0263707 0.0726879 0.352438 1.29113e-05 
0.0020969 1.04327e-06 0.0206632 0.0219142 0.0592055 0.00631426 3.50605e-06 2.77064e-05 0.0182364 0.00123833 0.870294 5.18369e-06 2.13972e-07 
7.68937e-07 1.22608e-06 8.28719e-10 5.83831e-06 0.0251781 2.87068e-07 0.000416477 0.0925413 1.28446e-05 0.881817 3.52641e-07 2.61517e-05 1.84709e-10 
6.80091e-06 1.20773e-08 1.14563e-06 1.24471e-05 0.632785 0.0816186 7.8349e-06 0.0194925 0.266052 7.07575e-06 1.01743e-05 6.68462e-06 2.54904e-09 
0.0122467 0.00848779 3.42938e-05 0.163556 0.493274 0.00065071 0.00787627 0.017614 0.0354789 0.258213 0.000334131 0.00222051 1.39791e-05 
5.81231e-05 0.000651468 0.000120663 0.0296754 0.0289611 0.00339006 0.000223289 0.0876011 4.05334e-05 0.847714 0.00155005 1.36998e-05 1.78285e-09 
0.162975 7.10239e-07 0.000190122 0.349132 0.029819 0.0576222 2.00158e-05 0.00298426 0.351911 0.0446869 5.00895e-08 0.000658682 3.18379e-08 
0.040593 0.000999938 1.56598e-08 0.00424824 0.0694639 0.0924603 1.5628e-05 0.00888713 0.494608 0.288658 6.58989e-05 1.07193e-08 3.49034e-09 
0.127072 0.00922619 0.0150462 0.0218715 0.00214994 0.000301657 0.058665 0.010385 0.0604173 0.678418 4.65686e-05 0.0163914 9.14402e-06 
