0.00403171 0.00547678 7.64398e-05 0.874656 0.0526946 3.62701e-06 0.000190754 0.0574274 0.00245266 0.00291178 9.03782e-08 7.82926e-05 5.21203e-08 
0.437625 0.0005605 3.58171e-06 0.063945 0.109895 0.0565627 0.000112583 0.00031536 0.329957 0.00101393 8.31997e-06 1.29722e-06 1.51028e-07 
0.0428599 0.00275992 0.765858 3.8897e-07 0.0603676 0.0173048 0.000155812 0.0021786 0.0388198 0.0587282 0.00995567 0.00101123 3.8893e-07 
0.00180478 0.0016413 7.16269e-05 0.00733295 0.00706833 0.000308691 3.95395e-05 0.0177144 0.000114508 0.961968 0.00167785 0.000230925 2.69202e-05 
0.00561895 0.000112604 0.0254279 0.0839985 0.247224 0.381068 0.000228232 0.0579433 0.125311 0.0439118 0.0266628 0.00244744 4.56008e-05 
0.00096265 2.83842e-09 4.45327e-06 0.00945584 0.0481686 1.16238e-09 4.63768e-06 0.0130026 0.103289 0.825109 8.78628e-07 2.40093e-06 5.99079e-10 
0.0120506 0.32784 0.00060326 0.0263978 0.263093 0.00867302 0.000487586 0.103551 0.187855 0.0612109 0.007857 0.000203218 0.000178158 
0.0163983 0.00279793 0.133916 0.00395002 0.825009 0.000740518 8.89205e-06 0.00324822 0.010024 0.00388772 3.53211e-06 1.48194e-05 1.14598e-06 
0.00197816 0.00166442 0.000224839 0.000273718 0.0418126 2.054e-07 2.5271e-06 0.00563212 0.0186441 0.929614 2.12462e-05 0.000131948 1.05861e-07 
7.52105e-06 0.000127989 4.7903e-09 2.67075e-05 0.332149 2.07161e-09 6.65024e-09 3.29842e-05 1.54988e-05 0.667634 6.29661e-06 3.27901e-09 1.06769e-09 
4.79972e-06 2.131e-05 2.01794e-05 0.0201606 0.00509681 8.72678e-06 2.80146e-05 0.0105299 0.959726 0.00437788 7.79916e-06 1.3813e-05 4.4977e-06 
0.00772822 0.00072776 0.000461626 0.00902659 0.289036 0.0328484 0.00854168 0.243583 0.141414 0.253625 0.012947 4.43213e-05 1.55855e-05 
0.000842844 0.0992992 1.1217e-05 0.006968 0.43672 1.46607e-05 1.73593e-07 0.17317 0.0266077 0.254542 0.00123525 0.000589995 2.47447e-10 
0.0644657 0.00454989 1.83978e-05 0.0689926 0.0561017 0.00580457 0.14005 0.0134306 0.0630247 0.583247 4.27664e-05 0.000271976 8.85772e-07 
0.00414601 0.00118124 0.000187204 0.0206844 0.0597639 0.00740854 0.00663113 0.00350559 0.00130038 0.894537 0.000219253 0.000273801 0.000161804 
0.00706647 0.000329798 1.60143e-06 0.142972 0.0195331 0.0113036 2.52524e-05 0.0313342 0.0279276 0.75947 1.44313e-05 2.09281e-05 5.5191e-07 
0.000134368 0.333429 0.000120697 0.332914 6.6498e-05 9.87835e-08 0.000470688 0.00025924 0.331975 7.32267e-05 8.82832e-08 0.000556777 5.09121e-08 
0.0349906 0.518583 4.66426e-05 0.00156045 0.414186 0.000268839 2.60497e-05 0.000715212 0.0155511 0.00568308 0.00833023 5.89271e-05 3.32153e-07 
0.00074733 0.0470043 0.000411279 0.0528621 0.638033 0.000233249 3.26421e-05 0.116772 0.00725592 0.135491 0.00115708 1.88683e-07 1.62136e-08 
1.62573e-07 2.9732e-07 0.0292959 0.00681716 0.00828639 0.000337174 3.90864e-07 0.0273112 5.10353e-05 0.92642 0.00146442 1.52955e-05 8.35313e-08 
0.0372037 0.314419 0.00864664 0.0196424 0.50178 0.00175721 0.000416426 0.00498584 0.0638133 0.0315861 0.0129157 0.00274043 9.30314e-05 
0.0015821 0.00414287 8.52659e-07 0.021101 0.0203446 0.919935 1.18372e-06 0.00335108 0.00400381 0.021859 3.29544e-07 0.00367762 1.90045e-07 
0.0653376 1.18992e-05 2.35875e-06 0.884674 0.0098775 0.00090851 3.27458e-06 0.0147292 0.00450107 0.0142498 4.9735e-06 0.00569917 5.25729e-07 
0.151568 2.52612e-09 2.3921e-09 6.47422e-05 0.194798 2.37642e-06 3.32089e-09 0.189088 0.457435 0.00703959 3.56132e-07 4.76489e-06 5.33164e-10 
4.76028e-12 2.95909e-07 2.00136e-11 4.26986e-08 0.00050216 8.65508e-12 2.77844e-11 0.999496 8.70995e-07 1.97593e-07 8.51632e-09 1.36995e-11 4.46074e-12 
0.276373 0.00756505 0.000108696 0.167309 0.00760007 9.38392e-05 6.37384e-07 2.63099e-05 0.0684696 0.47221 3.2647e-05 0.000211684 1.74335e-07 
0.500548 0.00163669 0.000117463 0.0769744 0.109581 0.0158832 0.000445026 0.00742906 0.269048 0.0178039 5.0323e-05 0.00043281 4.97227e-05 
0.0154533 0.00556066 0.000237625 0.0712328 0.270705 0.125884 0.000981659 0.0797928 0.0842361 0.193925 0.0233259 0.128497 0.0001685 
3.32996e-06 3.52361e-09 1.91288e-05 0.25467 0.239013 0.015702 4.63222e-09 0.00294371 1.39966e-06 0.482309 3.32552e-06 0.00533554 7.43697e-10 
0.912579 0.000105014 6.1244e-06 0.0504435 0.0146956 7.73364e-05 1.08149e-05 0.000244585 0.0193517 0.00233891 2.78706e-05 0.000113738 5.99799e-06 
0.0432308 0.00086296 1.80217e-05 0.0305165 0.144204 9.38349e-06 0.443717 0.0568269 0.0231634 0.257386 4.80184e-05 1.76199e-05 2.42716e-07 
0.0982124 1.10637e-10 5.59251e-05 0.0606178 0.124271 0.00357464 1.45446e-10 0.0187559 0.694512 2.12323e-07 6.88763e-08 7.17144e-11 2.33511e-11 
0.160753 0.0367381 8.97374e-05 0.00543533 0.70191 0.00180086 0.000246012 0.00074079 0.0885156 0.00329876 0.000434756 3.68662e-05 2.52195e-08 
0.000911557 0.000434016 8.79117e-07 0.728556 0.118788 5.85798e-05 0.000180526 0.0280917 0.0265584 0.0942574 8.64799e-05 0.00207588 1.95942e-07 
7.05811e-06 1.99761e-05 1.1822e-09 1.1995e-06 0.0939947 1.94327e-06 1.64121e-09 0.0370329 0.588406 0.280536 5.03055e-07 8.09227e-10 2.63494e-10 
0.0293852 0.00371261 0.0501505 0.0470816 0.561102 0.00260027 0.000530008 0.0239801 0.0208736 0.068215 0.00775026 0.184609 9.26357e-06 
1.11415e-05 2.04436e-06 2.14862e-09 3.7895e-06 0.00232198 6.2265e-06 2.98287e-09 6.30491e-06 0.0901284 0.90752 8.30421e-10 1.47075e-09 4.78896e-10 
5.63234e-05 1.05426e-11 9.9833e-12 0.979486 0.00500641 4.25178e-05 1.38595e-11 0.000123352 0.0152836 2.1795e-06 3.85845e-12 6.83368e-12 2.22513e-12 
0.00162176 7.54728e-05 9.62699e-05 0.0215482 0.0499254 0.637516 0.0228258 0.0272768 0.0227465 0.0422497 0.000794793 0.173314 9.92211e-06 
7.45778e-07 5.0732e-06 2.62164e-05 0.00561407 4.86865e-05 4.53734e-05 6.45808e-05 0.00220623 0.000191237 0.991686 1.42209e-05 9.67538e-05 6.9885e-07 
1.65898e-07 2.6503e-07 9.23032e-10 0.00110032 8.22141e-07 1.13468e-06 4.47596e-07 0.0178853 2.76833e-06 0.981003 3.56743e-10 5.63671e-06 2.0573e-10 
0.0020969 1.04327e-06 0.0206632 0.0219142 0.0592055 0.00631426 3.50605e-06 2.77064e-05 0.0182364 0.00123833 0.870294 5.18369e-06 2.13972e-07 
0.00197143 2.37842e-07 2.25224e-07 0.00605846 0.00102602 9.74977e-05 3.12673e-07 0.00109512 0.000999543 0.988377 0.000374389 1.54169e-07 5.01992e-08 
2.8274e-07 8.96018e-10 8.48483e-10 0.0320119 5.74298e-06 3.66934e-10 1.17793e-09 0.930927 0.0124061 0.0246353 3.2793e-10 1.38236e-05 1.89114e-10 
0.014704 0.000768078 0.000349315 0.0313837 0.0555899 0.430039 0.00328192 0.0125358 0.185393 0.0893338 0.174922 0.00151664 0.000183295 
0.0247352 0.000205153 0.179834 0.0137374 0.326284 0.331862 9.88272e-06 8.00968e-05 0.0271364 0.0326076 0.0633752 0.000128965 3.80136e-06 
0.0247122 0.00148971 0.467371 0.0771599 0.0972385 0.00506535 7.59379e-05 0.000612002 1.45275e-06 0.325963 0.000309051 1.07413e-06 5.27201e-07 
0.0113374 2.78946e-05 1.89916e-08 0.0274308 0.140003 3.26697e-07 2.63655e-08 0.00356165 0.816474 0.00116484 3.03344e-08 1.29999e-08 4.23294e-09 
7.05811e-06 1.99761e-05 1.1822e-09 1.1995e-06 0.0939947 1.94327e-06 1.64121e-09 0.0370329 0.588406 0.280536 5.03055e-07 8.09227e-10 2.63494e-10 
1.14076e-05 1.10284e-07 1.04433e-07 3.13606e-05 0.000119605 4.5163e-08 0.666595 1.66021e-05 4.94235e-06 0.333176 4.03624e-08 4.47421e-05 2.32766e-08 
0.0753073 4.60471e-06 7.03181e-10 0.0486956 0.0790766 3.34811e-07 2.14863e-06 0.159362 0.0183609 0.619191 2.71773e-10 4.81335e-10 1.56729e-10 
0.00216916 0.0084781 2.08589e-05 0.00176508 0.839323 5.58726e-06 1.85704e-05 0.0362575 0.10633 0.00512646 1.18982e-05 0.000491684 2.36934e-06 
0.00210848 8.94771e-07 8.47302e-07 0.0125162 0.00719402 0.000399037 1.17629e-06 0.000802327 0.000167057 0.976809 3.27474e-07 5.79987e-07 1.88851e-07 
0.0670814 8.11998e-05 7.70072e-06 0.122987 0.0352284 0.0109516 8.62029e-07 0.0738979 0.217022 0.471374 1.66608e-05 0.00135071 3.42419e-10 
0.000312846 4.22547e-05 9.47779e-08 0.00795178 0.039385 0.00152359 1.31578e-07 0.0597532 0.0058268 0.885204 3.66307e-08 6.48765e-08 2.11246e-08 
0.147674 1.15505e-08 1.09378e-08 0.0337184 2.37055e-05 0.000592084 1.51846e-08 1.2906e-05 0.0141545 0.802534 4.22733e-09 0.00129029 2.43786e-09 
0.0149925 0.004127 5.39219e-08 0.218297 0.0180539 2.83921e-07 8.74726e-07 0.0079502 0.35376 0.3789 0.000763089 0.00315499 4.8873e-12 
0.0783512 4.1662e-05 1.71607e-06 0.254559 0.363091 8.75706e-06 2.47893e-06 0.0243585 0.223513 0.0547686 2.06251e-07 0.0013045 1.90988e-07 
2.80453e-10 1.24517e-09 1.17911e-09 8.75401e-06 0.0145542 0.0350165 1.63693e-09 0.143145 0.0955811 0.711671 1.0486e-06 2.17122e-05 2.62806e-10 
0.0953795 0.0017452 3.73458e-07 0.0226609 0.525448 0.00684648 0.00162542 0.00160639 0.341297 0.00335992 8.10326e-06 2.32817e-05 3.24616e-11 
2.48003e-06 0.0329972 1.24988e-06 0.00606317 0.0267776 0.00918757 1.90907e-08 0.130314 0.0185824 0.751933 0.000652388 0.0234888 3.06499e-09 
0.1887 0.00717235 0.000155323 0.0569893 0.189592 0.000838507 6.64037e-09 0.0361546 0.260516 0.259637 0.000244486 3.27415e-09 1.0661e-09 
0.0190586 0.000146718 1.81984e-07 0.0181903 0.00130622 0.000435361 2.52644e-07 0.0754445 0.0732553 0.812162 7.03352e-08 1.2457e-07 4.05616e-08 
0.0583494 0.00314338 0.00447642 0.00448161 0.809616 0.0771596 0.00022227 0.0298234 0.00713724 0.00549849 3.06673e-05 6.1208e-05 6.46431e-07 
0.0624266 1.14238e-06 4.75956e-07 0.300045 0.0954568 0.0139777 5.04234e-10 0.0940702 0.0907526 0.342954 0.00031517 3.05451e-07 8.09541e-11 
0.277943 3.50349e-07 9.57496e-06 0.00421112 0.323152 0.347374 2.87374e-05 5.00678e-07 0.00504878 0.0242618 0.0175 0.000469941 5.06394e-08 
0.0100307 0.0125932 0.0159471 0.0235687 0.195683 0.0292989 0.0182294 0.0231083 0.0256522 0.64426 0.00125368 0.000277626 9.67634e-05 
0.00041083 0.00924795 3.28272e-07 0.000234554 0.000577652 2.29419e-06 0.326027 0.0234208 0.131023 0.509032 2.32083e-05 2.24706e-07 7.31669e-08 
0.005227 0.0736184 0.00121358 0.102985 0.236789 0.00326035 0.00653194 0.119841 0.00943406 0.440004 4.81017e-05 0.00103026 1.71187e-05 
0.0202681 1.30778e-06 8.83088e-05 0.0563878 0.850348 0.0141115 1.13642e-07 0.015822 0.0393042 0.00352193 0.000136907 9.80665e-06 2.74772e-11 
0.019978 0.0148967 0.000458589 0.17884 0.333562 0.224894 0.0738246 0.0182854 0.0271505 0.105617 0.00064347 0.00179826 5.18898e-05 
0.0163983 0.00279793 0.133916 0.00395002 0.825009 0.000740518 8.89205e-06 0.00324822 0.010024 0.00388772 3.53211e-06 1.48194e-05 1.14598e-06 
4.45745e-07 0.0126222 2.98173e-05 0.0240755 0.206336 0.00552845 8.95898e-06 0.388099 0.0620504 0.301245 1.08852e-06 3.37159e-06 4.16199e-07 
0.112257 0.000338702 0.0598969 0.272528 0.516999 0.00201077 0.000114465 0.021006 0.0116655 0.00296316 8.68605e-06 0.000211404 1.53062e-12 
0.930816 0.00615959 7.32079e-07 0.000447272 0.000985077 3.16594e-07 1.01632e-06 0.000204703 0.018929 0.0421619 1.13386e-05 0.000282692 1.6317e-07 
0.00107675 0.00135737 1.42802e-07 0.988326 0.0017566 0.000957281 1.98248e-07 0.000500726 0.00231556 0.00345566 0.000253937 9.77497e-08 3.18285e-08 
0.0407625 1.21559e-05 1.26485e-06 0.0153343 0.164845 1.50836e-06 0.698634 0.00389392 0.00986303 0.0666467 3.61869e-06 2.13387e-06 1.16757e-07 
0.0254684 0.811177 3.28886e-06 9.18281e-08 0.138591 4.24929e-08 5.09587e-08 0.00177901 0.0222943 0.000518879 0.000163646 4.18231e-06 1.07264e-10 
0.916763 6.10891e-06 8.86308e-07 0.0262699 0.0229631 0.000347272 1.23044e-06 4.88616e-05 0.000902161 0.0326964 3.42549e-07 6.06687e-07 1.97545e-07 
0.0288656 0.000374132 0.0204909 0.0347965 0.673175 0.179274 0.0022935 0.000880329 0.0369762 0.0095926 0.0111456 0.00208108 5.51979e-05 
0.0871411 0.502318 0.000116109 0.0161255 0.311528 2.65181e-10 8.5128e-10 0.0217538 0.0226873 0.0377852 0.000544418 9.11428e-07 1.36672e-10 
0.0433953 0.00331211 7.83042e-06 0.000667796 0.346629 0.0386132 1.3777e-05 0.0654951 0.363965 0.137282 0.000615241 3.35702e-06 1.44574e-09 
0.358159 0.000174947 0.000764979 0.168191 0.220213 0.00175667 0.00415048 0.0090767 0.17181 0.0165471 0.0485354 0.000590266 3.10826e-05 
0.005227 0.0736184 0.00121358 0.102985 0.236789 0.00326035 0.00653194 0.119841 0.00943406 0.440004 4.81017e-05 0.00103026 1.71187e-05 
1.15213e-09 5.26446e-06 4.84388e-09 0.0179864 0.0220071 2.09478e-09 8.25011e-07 0.174924 0.307715 0.477339 2.57784e-06 1.89664e-05 1.07963e-09 
0.0792921 0.0175953 0.00110941 0.0635049 0.373106 0.25962 0.000924714 0.0325011 0.0905523 0.0691078 0.0113315 0.00111458 0.000240402 
0.0020969 1.04327e-06 0.0206632 0.0219142 0.0592055 0.00631426 3.50605e-06 2.77064e-05 0.0182364 0.00123833 0.870294 5.18369e-06 2.13972e-07 
0.0020969 1.04327e-06 0.0206632 0.0219142 0.0592055 0.00631426 3.50605e-06 2.77064e-05 0.0182364 0.00123833 0.870294 5.18369e-06 2.13972e-07 
5.63234e-05 1.05426e-11 9.9833e-12 0.979486 0.00500641 4.25178e-05 1.38595e-11 0.000123352 0.0152836 2.1795e-06 3.85845e-12 6.83368e-12 2.22513e-12 
0.10666 4.93539e-05 0.000522251 0.00071268 0.277396 0.0291647 0.422691 0.0170644 0.0766045 0.068768 0.000349198 1.74771e-05 9.61802e-07 
0.001098 0.000221623 3.38439e-08 0.000366147 0.00146326 1.46361e-08 4.69845e-08 0.000684762 0.000384052 0.995782 1.30803e-08 2.31665e-08 7.5433e-09 
0.00245571 0.00042137 0.000273333 0.034779 0.11127 0.00258181 6.97747e-07 0.0243189 0.0354387 0.785602 0.000128395 0.00272904 4.68521e-07 
0.154025 0.000401486 0.0508224 0.250136 0.0235449 0.0736216 0.000223946 0.0133644 0.0806013 0.336474 0.0112273 0.00545603 0.000102686 
0.000415828 7.53307e-08 3.88921e-11 0.00214356 0.0119935 0.00980863 0.000222518 0.903938 0.000988348 0.0701971 8.45801e-07 0.000291918 8.66846e-12 
0.00183695 0.00151953 0.000207358 0.0401224 0.695022 0.00670733 0.00195858 0.0775935 0.161961 0.0107077 0.000825964 0.00150061 3.71489e-05 
0.000547099 0.000313722 3.36606e-05 0.0402052 0.000977239 0.000161007 9.25175e-06 3.33699e-05 0.0180769 0.939565 2.28078e-05 5.37719e-05 1.30961e-06 
0.58373 5.09338e-05 6.46595e-10 0.0167688 0.0999469 2.79626e-10 0.0889633 0.0273578 0.153247 0.0293791 1.52519e-06 0.000553745 1.44116e-10 
0.0223218 6.7775e-05 0.0107013 0.0561603 0.742818 0.0180846 3.5937e-05 0.0147968 0.0904386 0.0437836 3.35535e-05 0.000741987 1.61654e-05 
0.00025117 0.00568648 7.59999e-06 0.00241393 0.383407 4.68387e-09 1.35911e-05 0.00342746 3.48381e-05 0.604751 1.42814e-06 4.80269e-06 2.41402e-09 
0.0125489 0.000193294 2.36416e-05 0.105378 0.370627 0.049615 0.00031462 0.00237388 0.00741561 0.0263707 0.0726879 0.352438 1.29113e-05 
0.00778089 0.61714 2.29373e-06 0.000371854 0.235373 0.000718567 1.54326e-06 0.00272171 0.0739942 0.0363743 0.0107021 0.0148196 5.61877e-07 
1.07364e-07 4.76677e-07 4.51389e-07 0.000185544 0.00115151 1.95207e-07 6.26651e-07 6.22713e-05 0.0143437 0.984252 2.20144e-06 3.0898e-07 1.00608e-07 
2.16227e-06 9.65199e-06 1.38378e-06 0.0077785 0.206214 0.000475456 1.56962e-06 0.156202 0.0943575 0.533947 0.000108888 0.000901988 1.44988e-07 
0.00878906 0.000874467 7.87443e-06 0.838407 0.0209757 0.00495345 5.17134e-06 0.0156705 0.0721756 0.0377833 0.000189945 0.000167266 2.86005e-07 
2.09727e-06 0.0829151 4.57067e-06 0.00196277 0.0143771 7.88297e-07 0.000233256 0.0280728 0.0521124 0.816139 0.00324872 0.000931441 1.43696e-07 
0.0722266 0.00371213 0.000469704 0.00117914 0.0249872 2.31009e-05 0.745158 0.0134491 0.0114302 0.127077 0.000261109 2.47455e-05 1.70425e-06 
2.16227e-06 9.65199e-06 1.38378e-06 0.0077785 0.206214 0.000475456 1.56962e-06 0.156202 0.0943575 0.533947 0.000108888 0.000901988 1.44988e-07 
0.000654054 0.513069 8.70067e-05 0.00431639 0.127969 0.00060788 4.60919e-07 0.0131023 0.00153425 0.336644 3.55501e-05 0.00197981 7.39999e-08 
0.0325176 2.63411e-06 0.359089 5.60249e-05 0.123965 4.01765e-08 1.04426e-05 0.0483583 3.41356e-05 0.435829 0.000138165 6.35926e-08 2.07066e-08 
0.00216916 0.0084781 2.08589e-05 0.00176508 0.839323 5.58726e-06 1.85704e-05 0.0362575 0.10633 0.00512646 1.18982e-05 0.000491684 2.36934e-06 
3.54566e-06 2.40515e-07 3.70842e-06 5.92618e-06 0.0615165 4.64695e-06 4.21233e-07 1.3066e-06 5.63283e-06 0.938456 2.92443e-10 2.33128e-06 1.68649e-10 
7.86386e-05 2.82823e-07 1.40791e-05 0.000213831 0.000751052 0.000393394 4.50561e-08 0.00277133 0.000113384 0.995605 2.61232e-05 3.28316e-05 7.23369e-09 
2.45081e-07 0.000283188 7.36235e-06 4.97573e-06 0.0502517 1.68754e-05 0.000762901 0.00260311 0.00308397 0.942504 0.000165767 0.00031576 2.2966e-07 
0.0951653 0.084371 1.1677e-09 0.105005 0.142904 0.000196225 1.62108e-09 0.0104334 0.0242172 0.537433 3.221e-07 0.000275325 2.60262e-10 
0.0874397 0.0273597 0.000101619 0.0116887 0.505435 0.0050217 0.00292396 0.0335214 0.320509 0.00266151 0.00258596 0.000693529 5.80763e-05 
0.101098 0.00189635 9.77336e-09 0.0283621 0.112399 4.22658e-09 3.47842e-06 0.000333433 0.000117988 0.755749 3.77731e-09 3.98696e-05 2.17834e-09 
0.000120135 0.000257754 5.25313e-06 0.007429 0.874203 0.0117746 0.000105681 0.0405168 0.00860163 0.056956 1.74094e-06 2.86265e-05 1.26061e-07 
0.00551562 6.59046e-06 0.00358168 0.00386158 0.309597 2.6989e-06 0.00122312 0.00154912 0.00284193 0.367154 0.302622 0.0020438 1.39099e-06 
0.0247122 0.00148971 0.467371 0.0771599 0.0972385 0.00506535 7.59379e-05 0.000612002 1.45275e-06 0.325963 0.000309051 1.07413e-06 5.27201e-07 
0.0633086 0.0387113 0.00318418 0.102065 0.551886 0.0379972 0.00836272 0.0326275 0.129886 0.0277908 0.0032262 0.000651207 0.0003034 
0.140026 0.000753455 0.000391054 0.147029 0.419634 0.000115834 8.51654e-11 0.00448144 0.2842 0.00336921 2.37097e-11 4.19922e-11 1.36732e-11 
2.16227e-06 9.65199e-06 1.38378e-06 0.0077785 0.206214 0.000475456 1.56962e-06 0.156202 0.0943575 0.533947 0.000108888 0.000901988 1.44988e-07 
0.0067942 0.00182224 0.00669837 0.0742094 0.0221846 0.00320438 5.00957e-05 0.182645 0.0584648 0.635925 4.63968e-05 0.00795579 1.12732e-07 
0.00112914 0.00324926 9.40069e-08 0.0652852 8.02961e-08 1.63177e-11 5.23827e-11 0.00022998 0.666009 0.263389 4.36541e-05 0.000665226 8.40997e-12 
0.039599 0.00131998 0.000315125 0.0894703 0.0798468 0.09742 0.000358918 0.341088 0.133922 0.213855 0.000982804 0.00163481 0.000187141 
0.255189 0.000299753 0.000150047 0.116034 0.0253434 3.73036e-06 8.58356e-10 0.00837646 0.0819906 0.512432 0.000139186 4.2227e-05 1.37808e-10 
0.0137028 2.80124e-05 2.22523e-06 0.156718 6.68701e-06 0.0259512 8.07118e-07 1.13576e-06 9.3856e-05 0.803487 5.33028e-06 2.53996e-06 7.87313e-07 
0.0518817 0.0130515 1.0139e-06 0.0927348 0.286117 0.000310414 0.000710119 0.214403 0.234961 0.105813 1.56377e-05 9.72685e-07 2.678e-07 
0.00606211 0.000656878 1.41497e-05 0.0368886 0.604907 0.00121716 0.269482 0.013754 0.0410645 0.0258787 3.55026e-05 2.69268e-05 1.24435e-05 
0.0658482 0.00171393 1.59886e-07 0.0931607 0.192876 4.07487e-06 0.00011164 0.000389948 0.645608 0.000279136 8.00169e-06 6.31174e-08 5.89597e-08 
0.000697673 0.340712 1.4023e-06 1.2481e-05 0.0290082 0.00496551 1.94677e-06 0.21461 0.00401957 0.405951 3.6462e-06 1.64718e-05 3.12552e-07 
0.000298542 0.000329904 1.51611e-06 0.0735891 0.153488 0.760163 9.25398e-07 0.00184148 0.00090047 0.00916987 0.000212021 5.00672e-06 7.14402e-07 
2.23786e-12 1.74587e-08 9.40865e-12 2.51875e-09 1.17876e-05 4.06885e-12 1.30618e-11 0.998428 0.00155439 1.16542e-08 5.05394e-10 5.49873e-06 2.09705e-12 
0.00811258 0.0273802 4.4365e-05 0.373464 0.262019 0.00456088 1.52829e-06 0.0785028 0.0528737 0.19272 0.000156839 0.00016293 2.58774e-09 
0.34402 0.0110331 0.00032705 0.0302821 0.194749 0.0058851 0.000230395 0.0153538 0.35718 0.0278596 0.000118731 0.0128712 8.97136e-05 
0.0247122 0.00148971 0.467371 0.0771599 0.0972385 0.00506535 7.59379e-05 0.000612002 1.45275e-06 0.325963 0.000309051 1.07413e-06 5.27201e-07 
0.00325545 0.289964 5.07256e-10 0.00214239 0.0555895 4.4093e-08 4.29639e-06 0.0473927 0.15955 0.442097 1.9605e-10 4.51426e-06 1.1306e-10 
0.564579 2.05128e-05 3.37915e-08 0.0378719 0.188897 0.000378867 4.69118e-08 0.119573 0.0807442 0.0078949 3.55804e-08 4.04238e-05 7.53163e-09 
0.0020969 1.04327e-06 0.0206632 0.0219142 0.0592055 0.00631426 3.50605e-06 2.77064e-05 0.0182364 0.00123833 0.870294 5.18369e-06 2.13972e-07 
0.0161074 9.89564e-08 2.95727e-05 0.0101257 0.0413044 4.51503e-05 1.3009e-07 1.10596e-05 0.00994243 0.922434 3.62167e-08 6.41432e-08 2.08858e-08 
0.0193561 3.95997e-05 0.813543 0.00030952 0.00331235 0.000175398 6.27188e-06 0.000191805 0.00422869 0.158688 5.21147e-05 9.68087e-05 1.72529e-07 
0.0137028 2.80124e-05 2.22523e-06 0.156718 6.68701e-06 0.0259512 8.07118e-07 1.13576e-06 9.3856e-05 0.803487 5.33028e-06 2.53996e-06 7.87313e-07 
0.00168048 8.17945e-06 0.00275446 0.0149349 0.00704851 0.000993067 3.17446e-05 0.00460393 0.0111211 0.955588 0.000846993 0.000386768 1.80188e-06 
0.149582 7.40309e-11 7.01034e-11 7.17943e-08 0.800008 2.85009e-07 9.73227e-11 9.35766e-08 0.0504086 8.09554e-08 1.89931e-08 4.79866e-11 1.5625e-11 
0.000417045 0.000747793 5.18307e-05 0.0048805 0.000368335 0.0859964 6.82358e-05 0.00724391 0.0195156 0.879779 0.000775285 0.000121015 3.46626e-05 
0.0113863 1.70196e-06 1.77428e-07 0.10267 0.00709438 0.0332355 4.25295e-07 0.0528655 5.76767e-07 0.791393 0.00134989 2.30559e-06 3.62774e-09 
0.0658482 0.00171393 1.59886e-07 0.0931607 0.192876 4.07487e-06 0.00011164 0.000389948 0.645608 0.000279136 8.00169e-06 6.31174e-08 5.89597e-08 
0.0592008 1.42377e-05 0.00370192 0.000120379 0.00893009 3.62165e-05 0.000699157 0.154424 0.0536099 0.719241 1.86436e-05 3.44188e-06 3.20112e-08 
2.23786e-12 1.74587e-08 9.40865e-12 2.51875e-09 1.17876e-05 4.06885e-12 1.30618e-11 0.998428 0.00155439 1.16542e-08 5.05394e-10 5.49873e-06 2.09705e-12 
5.31154e-05 3.55079e-06 0.000552122 0.460276 0.00226364 1.80657e-06 7.07161e-10 1.24651e-06 5.63934e-06 0.531818 0.000503123 0.00452161 1.13534e-10 
0.0916058 0.000171534 3.70814e-07 0.709428 0.0454953 6.05912e-06 9.11412e-08 0.0231264 0.109883 0.0201556 1.27027e-07 0.000127702 1.30867e-08 
0.494582 7.86071e-06 5.47923e-08 0.253592 5.48736e-05 0.0329993 0.000136239 3.56411e-05 0.19536 2.84252e-05 0.0232042 3.75059e-08 1.22124e-08 
0.00102921 7.3948e-07 7.00249e-07 0.00696103 0.190047 0.00068731 0.00108022 0.112752 0.0145258 0.671923 0.000470555 0.000521595 1.56075e-07 
0.00481243 0.0113444 1.31589e-07 0.0108933 0.248054 0.00869001 6.50176e-06 0.507393 0.00654196 0.201993 9.09527e-06 0.000261326 3.92357e-10 
0.00804481 0.0225743 1.11482e-07 0.00225798 0.173614 0.000537732 0.0784484 0.29746 0.405041 0.0119474 2.8116e-06 7.14923e-05 5.33932e-10 
0.125602 0.000117608 0.0232776 0.295799 0.0724087 0.0129652 1.0786e-06 0.0886189 0.132219 0.248679 0.00031081 6.5456e-07 2.57593e-07 
0.0783602 0.000318462 0.0093544 0.231967 0.197297 0.000264005 3.33146e-06 0.0398755 0.100601 0.341367 4.49725e-06 0.000586197 1.74884e-06 
0.298171 0.000280531 1.21044e-05 0.00303004 0.0328558 0.0470063 9.98428e-05 0.0606522 0.428332 0.129454 3.15935e-06 0.000103616 3.22143e-07 
0.00404979 0.0017372 5.15757e-05 0.0352756 0.790251 1.21252e-05 0.000222969 0.00173781 0.126405 0.0401825 4.29536e-06 6.73026e-05 2.19972e-06 
0.00124498 5.77316e-06 1.79626e-05 0.00532394 0.000839998 0.013089 1.53104e-08 0.160041 0.252545 0.566885 2.82099e-06 5.41199e-06 2.45806e-09 
0.00416673 6.27085e-07 5.93817e-07 0.983805 0.00355092 2.56802e-07 8.2438e-07 0.000836683 0.000697134 0.00694008 2.29504e-07 4.06474e-07 1.32353e-07 
0.192449 1.09802e-10 0.000145417 0.400858 0.00533969 0.00286193 0.000420905 0.0310541 0.00310731 0.363408 1.41707e-05 0.000340998 2.31749e-11 
7.82811e-05 0.0357427 1.40432e-05 0.0431648 0.284394 0.000992017 2.65977e-06 0.00738415 0.0890227 0.527384 3.31931e-06 0.0118168 1.33334e-06 
0.277943 3.50349e-07 9.57496e-06 0.00421112 0.323152 0.347374 2.87374e-05 5.00678e-07 0.00504878 0.0242618 0.0175 0.000469941 5.06394e-08 
0.0247122 0.00148971 0.467371 0.0771599 0.0972385 0.00506535 7.59379e-05 0.000612002 1.45275e-06 0.325963 0.000309051 1.07413e-06 5.27201e-07 
0.654992 1.29261e-06 7.89018e-06 0.000532576 0.273855 0.000181415 5.30697e-07 0.0243668 0.0333504 0.012664 1.28179e-05 3.47275e-05 3.8037e-08 
0.90761 0.000108144 0.000546764 0.00348189 0.0216219 0.000399783 3.88333e-09 0.00308403 0.0543567 0.00878169 2.30522e-07 8.44521e-06 6.23463e-10 
0.0247122 0.00148971 0.467371 0.0771599 0.0972385 0.00506535 7.59379e-05 0.000612002 1.45275e-06 0.325963 0.000309051 1.07413e-06 5.27201e-07 
0.0330619 3.70474e-07 0.00235706 0.153513 0.0545856 0.00446368 2.13563e-09 1.27293e-06 0.0570921 0.694925 5.94552e-10 1.05301e-09 3.42873e-10 
0.00440785 0.000573109 0.00214206 0.217456 0.0295341 0.0308769 0.00190906 0.0640038 0.569669 0.0164581 0.0120326 0.0506703 0.000267234 
0.00783662 1.7675e-06 1.67373e-06 4.52136e-05 0.0611305 0.000136813 2.32359e-06 0.0201585 0.00740463 0.903222 6.4688e-07 5.93055e-05 3.73049e-07 
0.0229176 0.00199417 0.00851171 0.0585568 0.1364 0.000742576 2.19418e-05 0.125836 0.0491835 0.595438 5.51062e-05 0.000342433 3.87921e-07 
0.0046087 2.59983e-06 1.87407e-06 0.255823 0.000282469 1.82732e-06 0.000103306 0.00012263 0.0463417 0.692581 0.000124255 5.78125e-06 6.42788e-07 
0.0830919 0.00171705 3.70939e-07 0.123522 0.765912 0.000112638 0.00353491 0.00176665 0.0202042 7.36434e-05 6.38701e-05 8.61394e-07 7.16292e-09 
0.0589247 0.0170201 0.000648714 0.130827 0.22021 0.0576351 0.00557878 0.094204 0.293505 0.0665233 0.00217537 0.0523802 0.000366843 
0.316619 1.20967e-07 1.1455e-07 0.0331693 0.00012538 7.85896e-05 0.203195 0.012757 0.206651 0.227375 4.42723e-08 2.93292e-05 2.55314e-08 
0.0235852 0.00022352 0.00134503 0.166603 0.170779 0.00116799 2.08848e-09 0.00208586 0.0405001 0.592734 0.000597597 0.000378361 3.35302e-10 
0.0137028 2.80124e-05 2.22523e-06 0.156718 6.68701e-06 0.0259512 8.07118e-07 1.13576e-06 9.3856e-05 0.803487 5.33028e-06 2.53996e-06 7.87313e-07 
0.00303958 0.144167 8.70738e-06 0.036612 0.361 0.0212691 2.56317e-06 0.105907 0.137589 0.18953 0.000402516 0.000470598 9.63837e-07 
0.000150961 0.000564471 3.3387e-07 0.00131694 0.000789974 0.000981961 4.63502e-07 0.00263842 0.000414265 0.992399 0.000400144 0.000343036 7.44146e-08 
0.00103415 0.00133131 0.000117544 0.00157741 0.0659396 0.0203652 0.0045628 0.0697863 0.144557 0.688925 0.00117518 0.000532842 9.57355e-05 
6.06253e-10 2.69167e-09 4.33564e-06 2.22366e-06 4.80349e-07 5.40229e-06 3.53852e-09 6.31837e-06 7.05699e-07 0.99998 3.9503e-07 1.74473e-09 5.68105e-10 
0.0046087 2.59983e-06 1.87407e-06 0.255823 0.000282469 1.82732e-06 0.000103306 0.00012263 0.0463417 0.692581 0.000124255 5.78125e-06 6.42788e-07 
0.00110625 2.03254e-06 0.000466128 0.186026 2.63022e-06 0.0121289 4.3757e-10 0.0258931 3.46716e-06 0.773953 0.000417437 6.33071e-07 7.02512e-11 
0.00415543 0.00954324 2.08736e-05 0.00108362 0.0252288 2.11571e-05 0.000307093 0.0191121 0.0712367 0.869212 4.4743e-05 2.50506e-05 9.40832e-06 
0.000140072 0.165511 4.43458e-05 0.0106806 0.363567 0.000852204 3.23077e-06 0.314761 5.13921e-05 0.144385 8.99434e-07 2.74347e-06 5.18695e-07 
0.000222899 0.0982959 0.0604448 0.654527 0.000879207 4.61987e-05 0.000157596 0.00874303 0.00132497 0.174885 8.60368e-05 0.000355286 3.19137e-05 
0.0687127 5.92174e-06 0.000170005 0.510951 0.19195 0.0445331 8.12576e-05 0.00237143 0.154982 0.0258916 0.000300461 4.99524e-05 3.62548e-07 
0.00606211 0.000656878 1.41497e-05 0.0368886 0.604907 0.00121716 0.269482 0.013754 0.0410645 0.0258787 3.55026e-05 2.69268e-05 1.24435e-05 
0.0753073 4.60471e-06 7.03181e-10 0.0486956 0.0790766 3.34811e-07 2.14863e-06 0.159362 0.0183609 0.619191 2.71773e-10 4.81335e-10 1.56729e-10 
0.0202937 0.000298144 0.0796071 0.0689101 0.209838 0.0327508 0.00265061 0.283289 0.194392 0.10588 0.00108159 0.000771842 0.000237504 
0.0470056 0.00109247 1.62663e-05 0.152033 0.20194 0.0064981 0.000211965 0.0501792 0.0936234 0.432875 0.000407108 0.0141102 7.5687e-06 
0.0567133 5.32382e-05 0.430321 0.27523 0.00188848 0.0051193 4.45492e-05 0.0003285 0.0699311 0.158672 0.00117286 0.000497057 2.92512e-05 
0.000500818 9.5883e-08 1.17513e-10 0.209291 0.764412 9.85455e-09 4.63698e-06 9.31335e-05 0.0256987 2.76891e-11 4.54177e-11 1.57028e-08 2.6192e-11 
0.0247122 0.00148971 0.467371 0.0771599 0.0972385 0.00506535 7.59379e-05 0.000612002 1.45275e-06 0.325963 0.000309051 1.07413e-06 5.27201e-07 
0.0336775 0.00485305 6.1012e-05 0.0198974 0.182926 0.00383221 0.0340487 0.105516 0.438104 0.175961 0.000640247 0.000475819 6.91469e-06 
0.00815371 0.00123204 0.00321202 0.193332 0.188242 0.317009 0.00308665 0.0595357 0.0365062 0.0585584 0.085233 0.0454655 0.000433368 
7.20562e-08 3.58468e-05 7.88012e-05 0.00474177 6.03167e-05 0.000105591 4.20572e-07 0.278509 3.10328e-05 0.716427 9.54209e-06 2.0737e-07 6.75222e-08 
0.223805 0.0030957 4.19767e-06 0.0355393 0.00255671 0.000191403 1.52406e-08 0.000501691 0.000912568 0.733392 1.50159e-06 7.51465e-09 2.44686e-09 
0.0046087 2.59983e-06 1.87407e-06 0.255823 0.000282469 1.82732e-06 0.000103306 0.00012263 0.0463417 0.692581 0.000124255 5.78125e-06 6.42788e-07 
0.0115669 0.200626 0.0516797 0.00320625 0.702237 0.00195185 0.00015424 0.000934352 0.00394814 0.00433977 0.0193499 4.73765e-06 1.22834e-06 
0.169322 0.137428 7.08714e-05 0.0338407 0.0258719 1.84062e-06 0.00474068 0.0915887 0.000564329 0.531293 0.00014409 0.00513483 1.44622e-10 
0.00387923 9.05896e-05 8.31007e-09 0.148259 0.133087 0.000181875 1.15366e-08 0.100217 0.606225 0.00729594 3.21176e-09 0.000763714 1.85219e-09 
0.0627985 0.00271768 9.49834e-06 0.0353811 0.0055436 1.65333e-06 0.0013403 0.0186619 0.661221 0.19363 0.018692 2.63365e-06 1.81847e-07 
0.114328 0.00459769 2.29431e-05 0.0220396 0.0138523 1.99551e-06 2.33578e-06 0.0346489 0.664171 0.143382 0.00294854 3.61593e-06 2.4919e-07 
0.00968698 0.000804102 0.127772 0.104894 0.111662 0.000359947 5.41505e-06 0.0112033 0.204018 0.428752 1.93219e-05 0.000820608 1.44397e-06 
0.0020969 1.04327e-06 0.0206632 0.0219142 0.0592055 0.00631426 3.50605e-06 2.77064e-05 0.0182364 0.00123833 0.870294 5.18369e-06 2.13972e-07 
1.71855e-06 0.0145831 1.56172e-07 0.0112356 1.3465e-05 6.47863e-05 1.24636e-06 1.11821e-06 4.96645e-06 0.973255 0.000838015 5.93761e-07 1.15038e-07 
0.00191472 0.000355247 0.000552178 0.171961 0.0311207 0.000207192 0.000135834 0.00055333 0.00982584 0.781019 0.00122337 0.00111211 1.95065e-05 
0.244021 0.0069475 0.000371766 0.084835 0.519295 0.00149753 6.11747e-06 0.00271349 0.121901 0.00185497 0.016549 4.99355e-06 2.60061e-06 
0.005227 0.0736184 0.00121358 0.102985 0.236789 0.00326035 0.00653194 0.119841 0.00943406 0.440004 4.81017e-05 0.00103026 1.71187e-05 
0.00637849 0.0012397 2.1128e-05 0.000104803 0.896277 0.0367465 2.05136e-05 0.00100212 0.00948023 0.0190641 0.0295869 7.54181e-05 2.77184e-06 
0.0012838 1.46158e-05 1.56869e-05 0.00294043 0.0581379 0.00385794 0.0132792 0.0728745 0.116224 0.727906 0.00344531 1.81206e-05 1.78219e-06 
0.00389617 0.00135792 0.0088962 0.0688105 0.24507 0.119687 0.00176263 0.0495881 0.12075 0.37402 0.00550729 0.000345309 0.000309806 
0.00132823 1.55259e-06 1.34782e-07 0.176614 0.611902 0.00097658 0.00539601 0.0042956 0.18964 0.00980604 4.03291e-05 1.2019e-07 2.32892e-08 
0.00113586 0.000112726 1.17367e-06 0.0312864 0.0478484 0.052316 2.80884e-06 0.0341896 0.00801617 0.35352 0.471054 0.00051644 3.96836e-07 
0.00216916 0.0084781 2.08589e-05 0.00176508 0.839323 5.58726e-06 1.85704e-05 0.0362575 0.10633 0.00512646 1.18982e-05 0.000491684 2.36934e-06 
0.00162176 7.54728e-05 9.62699e-05 0.0215482 0.0499254 0.637516 0.0228258 0.0272768 0.0227465 0.0422497 0.000794793 0.173314 9.92211e-06 
0.179431 0.00138112 5.50198e-11 0.0604587 0.231802 4.35428e-06 1.37565e-07 0.0882683 0.281449 0.157205 1.27609e-07 3.76617e-11 1.22631e-11 
0.0154533 0.00556066 0.000237625 0.0712328 0.270705 0.125884 0.000981659 0.0797928 0.0842361 0.193925 0.0233259 0.128497 0.0001685 
0.234501 9.04752e-08 8.55899e-11 0.671519 0.0542758 3.70141e-11 1.18822e-10 0.00112112 0.0305695 0.00801281 3.30797e-11 2.40267e-07 1.90767e-11 
0.683412 0.000780737 1.42018e-07 0.00881343 0.14372 9.45048e-05 0.00021775 0.0206604 0.140934 0.000677424 0.000280437 0.000409668 3.20792e-08 
0.0173942 9.546e-05 0.00226837 0.123518 0.087091 0.0198413 0.0267095 0.0219888 0.0253955 0.361576 0.313128 0.000931533 6.12461e-05 
0.0020969 1.04327e-06 0.0206632 0.0219142 0.0592055 0.00631426 3.50605e-06 2.77064e-05 0.0182364 0.00123833 0.870294 5.18369e-06 2.13972e-07 
0.0627985 0.00271768 9.49834e-06 0.0353811 0.0055436 1.65333e-06 0.0013403 0.0186619 0.661221 0.19363 0.018692 2.63365e-06 1.81847e-07 
8.89522e-06 0.000986396 0.000246252 0.00466479 0.0219064 0.0133564 0.00403606 0.0906722 0.00277594 0.83191 0.0292759 0.000158626 2.12669e-06 
1.49264e-06 8.76666e-05 2.39514e-10 0.344388 1.40207e-05 2.38337e-07 3.32511e-10 0.0142753 0.534264 0.106966 1.57462e-07 4.01695e-06 5.33842e-11 
0.0020969 1.04327e-06 0.0206632 0.0219142 0.0592055 0.00631426 3.50605e-06 2.77064e-05 0.0182364 0.00123833 0.870294 5.18369e-06 2.13972e-07 
0.0488852 0.00076394 0.000178651 0.899176 0.018043 0.00774574 8.22427e-05 0.000210634 0.0146548 0.0096946 0.000349661 0.000149769 6.55553e-05 
7.40508e-06 0.000529051 0.000268282 3.99831e-05 0.139706 3.20491e-09 4.12563e-06 0.000264404 4.47013e-05 0.859036 6.81719e-05 3.24713e-05 1.65178e-09 
0.0475924 0.000336164 0.000460639 0.0366519 0.000907884 0.00310453 9.2435e-08 0.0490587 0.04755 0.810924 6.25404e-05 0.00335146 1.48403e-08 
0.0530259 0.00505262 0.0940444 0.0598403 0.0639097 0.0119335 0.00304937 0.0455369 0.00144033 0.660833 0.000483803 0.000838119 1.20031e-05 
0.0550253 4.19528e-06 5.43002e-05 0.0219367 0.516085 0.00524045 5.77317e-07 0.187662 2.73004e-06 0.213703 0.000284749 4.9809e-07 2.57394e-11 
2.23786e-12 1.74587e-08 9.40865e-12 2.51875e-09 1.17876e-05 4.06885e-12 1.30618e-11 0.998428 0.00155439 1.16542e-08 5.05394e-10 5.49873e-06 2.09705e-12 
0.0175582 0.00011881 0.000603571 0.217718 0.0430157 0.00677235 0.000278107 0.04321 0.000671938 0.669512 6.05137e-05 0.000434191 4.67006e-05 
0.273489 2.22592e-06 9.03908e-07 0.0567919 0.353124 0.0171319 1.33737e-09 0.0769571 5.19936e-06 0.222497 7.27409e-07 6.5941e-10 2.14712e-10 
0.00112914 0.00324926 9.40069e-08 0.0652852 8.02961e-08 1.63177e-11 5.23827e-11 0.00022998 0.666009 0.263389 4.36541e-05 0.000665226 8.40997e-12 
0.0247122 0.00148971 0.467371 0.0771599 0.0972385 0.00506535 7.59379e-05 0.000612002 1.45275e-06 0.325963 0.000309051 1.07413e-06 5.27201e-07 
0.0135567 0.00348995 0.000306952 0.0489002 0.0217107 0.0436624 0.000348074 0.0466686 0.0329281 0.786465 0.00181033 0.000153142 2.45059e-07 
3.23258e-06 3.42347e-07 1.71343e-10 2.03493e-06 0.050848 0.00244204 1.12693e-07 0.594239 0.199303 0.153077 8.5089e-05 1.17286e-10 3.81897e-11 
6.01607e-05 0.00669896 2.72708e-05 0.00941119 0.00100625 0.00416532 3.23302e-05 0.0115276 0.00970354 0.953217 0.00327728 0.000856451 1.66898e-05 
0.270684 0.00256162 3.18134e-10 0.0376168 0.626204 1.3758e-10 1.69462e-07 0.001647 0.0360346 0.0252516 1.76807e-08 2.17766e-10 7.09074e-11 
0.0020969 1.04327e-06 0.0206632 0.0219142 0.0592055 0.00631426 3.50605e-06 2.77064e-05 0.0182364 0.00123833 0.870294 5.18369e-06 2.13972e-07 
0.0192006 0.000109342 0.000458642 0.018547 0.676203 0.175122 5.84647e-05 0.0557023 0.0139183 0.0393161 0.00065072 0.000684974 2.86043e-05 
0.683412 0.000780737 1.42018e-07 0.00881343 0.14372 9.45048e-05 0.00021775 0.0206604 0.140934 0.000677424 0.000280437 0.000409668 3.20792e-08 
0.0293877 2.44524e-05 0.09678 0.000117774 0.180488 0.0168399 4.66776e-05 0.0253068 0.0906404 0.560257 0.000105837 5.87703e-06 3.74111e-08 
0.661293 1.27351e-07 1.20595e-07 0.000134938 0.000550795 0.000245168 0.00038523 0.00111781 0.335528 0.000576857 0.000167838 8.25486e-08 2.68788e-08 
0.0731209 4.52466e-05 0.0061508 0.155571 0.387383 0.00535026 3.96958e-06 0.00259245 0.367864 0.00108375 0.000827306 4.33085e-06 2.17241e-06 
0.0324185 6.93031e-10 2.37834e-05 0.0124145 0.329138 0.268837 7.42681e-07 3.97528e-05 0.356877 2.04598e-06 0.000247468 9.18846e-08 1.46272e-10 
0.0237994 0.0593358 0.0455515 0.0730351 0.196895 0.00319544 0.00708139 0.0627228 0.0429095 0.425984 0.00340372 0.0541605 0.00192545 
0.0110924 0.000528629 0.000617616 0.0253229 0.473073 0.0026784 0.138988 0.0329129 0.144938 0.169721 2.45597e-05 8.96188e-05 1.31272e-05 
6.19574e-06 0.741164 2.07959e-06 0.0474653 0.0484324 1.95366e-05 2.88704e-06 0.00497192 0.000883082 0.15705 8.03743e-07 1.4235e-06 4.63511e-07 
0.896145 0.00679424 2.57249e-06 0.0223917 0.0199555 1.1125e-06 0.017503 0.00449663 0.00343745 0.0271559 9.94242e-07 0.00211484 5.7337e-07 
5.53295e-07 2.56302e-07 0.000779642 0.000407614 2.82586e-07 0.00131691 1.64492e-09 0.0251813 3.06643e-09 0.966288 0.00529475 0.000730476 2.6409e-10 
0.0020969 1.04327e-06 0.0206632 0.0219142 0.0592055 0.00631426 3.50605e-06 2.77064e-05 0.0182364 0.00123833 0.870294 5.18369e-06 2.13972e-07 
0.00392429 0.00472406 3.22467e-07 0.00413288 0.218839 0.00585098 0.00958179 0.0292211 0.719024 0.0038603 0.000784715 5.72128e-05 3.55328e-08 
0.00438615 1.32888e-08 1.25838e-08 0.153331 0.0231736 1.88848e-06 3.85365e-06 0.000549365 0.818553 2.96506e-09 1.99041e-07 2.37886e-07 2.80474e-09 
0.13837 3.96175e-09 6.00629e-06 0.289594 9.98067e-06 4.86883e-06 5.20821e-09 5.03521e-05 0.263759 0.308189 4.49628e-06 1.20722e-05 8.3617e-10 
0.332742 0.0152634 0.00333338 0.127031 0.180874 0.0646919 0.000453649 0.00394247 0.00272998 0.268146 0.000211614 0.000406987 0.000173865 
0.005227 0.0736184 0.00121358 0.102985 0.236789 0.00326035 0.00653194 0.119841 0.00943406 0.440004 4.81017e-05 0.00103026 1.71187e-05 
0.0125489 0.000193294 2.36416e-05 0.105378 0.370627 0.049615 0.00031462 0.00237388 0.00741561 0.0263707 0.0726879 0.352438 1.29113e-05 
0.00216916 0.0084781 2.08589e-05 0.00176508 0.839323 5.58726e-06 1.85704e-05 0.0362575 0.10633 0.00512646 1.18982e-05 0.000491684 2.36934e-06 
0.0020969 1.04327e-06 0.0206632 0.0219142 0.0592055 0.00631426 3.50605e-06 2.77064e-05 0.0182364 0.00123833 0.870294 5.18369e-06 2.13972e-07 
3.47431e-05 0.00193582 0.00261167 0.00471801 2.4215e-05 0.106495 0.000257936 0.000447491 0.0196047 0.84816 0.0154779 0.000232487 1.39415e-09 
0.0629128 8.70948e-05 2.07404e-06 4.28183e-05 0.0800489 0.000506818 1.8826e-09 0.247132 0.00659194 0.602251 9.01927e-06 0.0004162 3.02249e-10 
0.040593 0.000999938 1.56598e-08 0.00424824 0.0694639 0.0924603 1.5628e-05 0.00888713 0.494608 0.288658 6.58989e-05 1.07193e-08 3.49034e-09 
0.127072 0.00922619 0.0150462 0.0218715 0.00214994 0.000301657 0.058665 0.010385 0.0604173 0.678418 4.65686e-05 0.0163914 9.14402e-06 
6.98521e-07 1.56427e-06 7.1928e-07 0.336332 0.415119 6.92429e-07 1.99699e-06 0.0145146 9.23363e-07 0.230418 0.0036083 7.79532e-07 5.95413e-07 
0.00190562 0.817173 2.0017e-06 0.0148512 0.12609 0.0226313 8.35056e-07 0.00450366 0.0118269 0.000669261 2.89418e-05 0.000316485 1.76076e-08 
2.97989e-05 4.84606e-09 4.58897e-09 3.30729e-06 0.708307 1.19092e-05 6.37075e-09 3.17924e-05 0.285122 0.00649295 1.77359e-09 3.17261e-07 1.02281e-09 
0.0247122 0.00148971 0.467371 0.0771599 0.0972385 0.00506535 7.59379e-05 0.000612002 1.45275e-06 0.325963 0.000309051 1.07413e-06 5.27201e-07 
0.173433 0.000454572 0.0803754 0.0432969 0.609376 0.025246 6.58051e-06 0.00432116 0.0551305 0.00803238 0.000282454 4.43687e-05 1.69979e-12 
0.0146049 2.10958e-07 3.85558e-06 0.0403478 1.26422e-06 0.422717 9.47358e-07 0.00449236 0.0936641 0.424164 1.32076e-06 2.22528e-06 1.36023e-07 
5.44517e-09 2.44174e-06 2.28931e-08 0.000239642 6.62943e-05 6.04019e-05 8.26647e-05 0.000164182 0.00026197 0.999078 8.84796e-09 4.38934e-05 5.10254e-09 
0.290231 0.00983707 4.10298e-05 0.0124705 0.223068 0.0123135 0.001502 0.116679 0.281756 0.0411803 0.00987129 0.00101344 3.68799e-05 
0.0356685 0.00058073 9.22353e-05 0.300043 0.00894025 0.000677292 6.39693e-06 0.00057792 0.0572599 0.595503 0.000520897 0.000125151 5.17267e-06 
0.0512181 1.13878e-06 1.07836e-06 1.79667e-05 0.000168497 0.0051049 0.0046071 0.185947 1.90133e-05 0.75273 0.000182145 3.01766e-06 2.40351e-07 
0.0172171 0.000413572 0.00188629 0.157361 0.0765578 0.180526 0.00285701 0.124046 0.05638 0.379165 0.000264102 0.00317464 0.000151406 
0.766425 0.0025073 0.00220967 0.00195705 0.073255 9.70042e-06 3.0063e-05 0.01716 0.0798149 0.0560472 6.02493e-06 0.000578049 6.84397e-09 
0.0157185 7.58913e-09 0.000208762 2.40049e-06 4.5453e-05 0.000298481 9.97684e-09 0.0314866 7.11352e-06 0.952227 1.23408e-06 4.06356e-06 1.60177e-09 
3.13707e-06 2.11371e-05 9.32443e-07 0.0274255 0.377616 6.70955e-10 2.15389e-09 0.340993 0.0558831 0.198057 5.99635e-10 1.06201e-09 3.45804e-10 
