2.59029e-08 5.21017e-05 2.85082e-12 0.00860543 0.00137804 0.0157269 8.50578e-09 0.0347884 1.95837e-07 0.000852663 7.86593e-05 0.00113216 0.937385 
0.0102226 2.22166e-05 2.94584e-06 0.0272207 0.00778581 0.0125912 4.39082e-06 0.275262 0.0795224 0.104071 2.79318e-05 0.0356438 0.447623 
0.00763029 6.1521e-05 7.38023e-07 0.0247716 0.0119812 0.00227379 4.25933e-06 0.0684958 0.164617 0.0160887 0.00200862 0.0160639 0.686002 
9.03151e-06 9.04968e-05 2.74906e-07 0.0159502 0.000918963 0.00257957 0.000203818 0.374027 0.0115119 0.000602818 6.07013e-05 0.0527486 0.541297 
0.0391905 8.41371e-09 7.96735e-09 0.0552086 0.00885599 2.02963e-05 1.10609e-08 0.0329756 0.0850612 0.328758 8.48594e-06 0.0239795 0.425941 
0.0120953 0.00124191 1.9975e-10 0.127035 0.00494613 0.000868482 3.13734e-06 0.0533949 0.0242589 0.000706149 7.08547e-06 0.00112033 0.774322 
0.00549676 0.000912908 1.93797e-06 0.0952401 0.060718 0.0129856 0.000147184 0.0402373 0.0148715 0.00482352 0.000317707 0.0011607 0.763087 
0.000908188 9.96539e-06 7.72504e-12 0.00233172 0.000227826 7.8943e-05 0.0900833 0.283636 0.0128777 0.00146549 2.98565e-12 0.220812 0.387568 
7.35952e-12 3.26751e-11 3.09416e-11 3.52348e-09 3.64218e-12 1.03047e-07 4.29554e-11 0.290449 3.0419e-08 5.03126e-08 1.19586e-11 2.13917e-09 0.709551 
0.00699815 0.000156617 6.12635e-05 0.17248 0.0606454 0.0104166 8.85744e-05 0.224359 0.126091 0.0619706 0.00139847 0.0127152 0.322619 
0.292176 0.000495359 1.1488e-12 0.0570143 0.0237952 4.9681e-13 1.24414e-08 0.0183555 0.0444446 0.00102748 4.44001e-13 0.00022 0.562471 
0.0120953 0.00124191 1.9975e-10 0.127035 0.00494613 0.000868482 3.13734e-06 0.0533949 0.0242589 0.000706149 7.08547e-06 0.00112033 0.774322 
0.0137325 0.000107969 2.49918e-09 0.00631749 0.0100731 0.000209041 1.37018e-06 0.316673 0.0269149 0.00167889 0.000145142 0.00252502 0.621621 
0.0129822 0.00397782 0.00142408 0.0680195 0.0382755 0.0100962 0.00897634 0.239899 0.0607489 0.0404819 0.000758096 0.0792445 0.435116 
0.0214966 6.37977e-05 1.42451e-06 0.0120641 0.0135845 0.00153132 0.000265444 0.0033236 0.0210864 0.000192073 4.0677e-07 0.000227112 0.926163 
0.00621686 2.77275e-05 1.72027e-06 0.0158788 0.00637927 0.00862186 2.5635e-06 0.237198 0.0537037 0.0722672 3.28576e-05 0.0350391 0.56463 
2.07062e-05 4.43227e-05 9.06913e-10 0.00211392 0.000733018 0.000556781 1.08522e-07 0.0184903 0.00869054 0.00133738 8.14214e-06 0.0054462 0.962559 
0.00806354 0.00082795 1.6429e-10 0.0846902 0.00329742 0.000578996 2.09307e-06 0.0406748 0.0161726 0.00047077 4.7245e-06 0.000785738 0.844431 
0.00822439 3.0668e-05 2.91933e-06 0.0298919 0.0265762 0.0361595 3.64393e-06 0.194232 0.0688248 0.0707525 0.00235967 0.0293517 0.53359 
0.160379 0.00470268 3.00081e-05 0.145498 0.0349331 0.0222576 0.00553506 0.0956682 0.195735 0.00217285 0.000622559 0.0953384 0.237129 
0.0037298 0.000491232 2.40998e-06 0.0183347 0.00795613 0.00378263 0.000321057 0.0709877 0.0426607 0.00495279 5.59042e-05 0.00926355 0.837461 
0.000332578 4.91689e-06 0.00967458 0.00267478 0.00132922 0.0141748 3.53639e-05 0.417168 0.00658273 0.0763922 9.56521e-05 0.00419743 0.467338 
0.040031 0.00720842 1.61661e-08 0.0133114 0.0372969 0.00275996 3.60586e-08 0.259396 0.284565 0.0106215 2.7599e-07 0.0170067 0.327803 
0.0013448 0.000488394 7.33575e-09 0.012947 0.0173199 0.000748397 4.15231e-05 0.119542 0.0231976 0.0394463 3.86866e-05 0.0121181 0.772768 
0.000138841 2.9714e-05 8.00643e-08 0.0161425 0.00480998 1.90536e-05 0.000590472 0.0954038 0.0021015 0.000130283 4.1068e-07 0.000897736 0.879736 
2.937e-05 6.99204e-05 3.17647e-10 0.0123888 0.000609851 0.000101399 4.78726e-07 0.414703 0.0144614 0.000687153 3.66641e-06 0.101215 0.45573 
0.00621686 2.77275e-05 1.72027e-06 0.0158788 0.00637927 0.00862186 2.5635e-06 0.237198 0.0537037 0.0722672 3.28576e-05 0.0350391 0.56463 
0.00931462 0.000489903 2.962e-05 0.0701943 0.0463303 0.00966127 0.00040535 0.0573749 0.0228251 0.0756906 0.00182259 0.0252108 0.680651 
0.000279122 0.00401149 4.32214e-07 0.0723354 0.00569149 0.00457773 3.91918e-05 0.094562 0.0201903 0.00682108 6.02554e-05 0.00331116 0.78812 
0.000520657 0.00332224 8.04204e-08 0.0603234 0.00447844 0.0246709 0.000186073 0.130051 0.0108636 0.00501226 0.000284116 0.00370772 0.75658 
0.000150625 0.000152028 1.49601e-10 0.000984164 0.000223736 7.46386e-06 1.87768e-07 0.0610829 0.0111002 0.00209846 3.94577e-07 0.0135549 0.910645 
0.0161147 5.57793e-05 8.45677e-07 0.0101837 0.0131163 0.00130585 0.00026093 0.00322699 0.0189029 0.000169163 2.3332e-07 0.000185318 0.936477 
0.000199374 0.00286535 3.08789e-07 0.0518094 0.00409025 0.00334116 2.90457e-05 0.0690205 0.0144452 0.00490422 4.30401e-05 0.00236512 0.846887 
6.61879e-05 0.00263807 2.36714e-07 0.0248738 0.00554569 0.000257271 0.000106828 0.0836054 0.00933734 0.0167347 3.37096e-05 0.00108479 0.855716 
0.000526754 0.0012182 0.00641296 0.0258827 0.00373257 0.0212165 0.000121061 0.227155 0.00775429 0.0130945 0.000456395 0.00731829 0.685111 
0.000199374 0.00286535 3.08789e-07 0.0518094 0.00409025 0.00334116 2.90457e-05 0.0690205 0.0144452 0.00490422 4.30401e-05 0.00236512 0.846887 
0.00173293 0.00136575 3.61102e-07 0.0894125 0.0064392 0.000257966 2.47335e-06 0.303272 0.116426 0.012239 7.72027e-06 0.0572516 0.411593 
1.19351e-09 1.17419e-08 1.35581e-12 0.000777803 2.61735e-08 1.40896e-07 5.27213e-09 0.476931 6.62523e-09 0.00308878 2.98165e-08 0.00829973 0.510902 
0.00199035 0.00365594 5.96128e-06 0.119954 0.0265019 0.00112537 0.0042084 0.231549 0.0703817 0.00934173 5.83387e-05 0.0378383 0.493388 
0.00030068 1.10223e-07 2.5395e-12 6.0221e-10 1.67429e-09 1.04343e-08 3.52552e-12 0.35481 9.86455e-09 0.000605548 1.37485e-05 0.0330681 0.611202 
0.0106149 0.000235605 1.64241e-08 0.0435062 0.0244683 0.000482748 0.000169906 0.279059 0.0905344 0.0117772 0.00169619 0.243269 0.294186 
0.00425433 5.42526e-05 6.82907e-06 0.0317735 0.00317574 0.0024292 0.000470038 0.37509 0.073439 0.0271274 5.81577e-06 0.00149463 0.480679 
0.0335044 0.00103933 1.63044e-06 0.0833561 0.0198291 0.000585021 5.62904e-06 0.245906 0.186174 0.00686334 3.10651e-05 0.106863 0.315842 
9.98606e-05 0.00053302 9.47399e-08 0.0192823 0.000771396 0.000284982 1.02217e-06 0.171674 0.00697521 0.00699316 5.72553e-06 0.0243824 0.768996 
2.59029e-08 5.21017e-05 2.85082e-12 0.00860543 0.00137804 0.0157269 8.50578e-09 0.0347884 1.95837e-07 0.000852663 7.86593e-05 0.00113216 0.937385 
0.00418656 0.00585794 0.000165533 0.0426384 0.065251 0.00317083 0.000742394 0.0554101 0.0930447 0.0650489 0.000331883 0.00401562 0.660136 
0.00294376 0.000111865 1.57161e-09 0.0438502 0.041826 0.00419427 2.59401e-07 0.112531 0.041305 0.0238286 0.0030207 0.0115272 0.714861 
0.0030601 0.000645393 6.87412e-10 4.10901e-05 2.08808e-05 0.000250909 6.20778e-07 0.102069 0.00381049 0.000138924 1.45618e-05 0.00334595 0.886602 
0.00119291 0.000142849 3.69223e-10 0.0346717 0.0126514 3.01068e-05 3.78842e-06 0.0695666 0.0147763 0.00365576 4.05339e-06 0.000743064 0.862561 
0.00621686 2.77275e-05 1.72027e-06 0.0158788 0.00637927 0.00862186 2.5635e-06 0.237198 0.0537037 0.0722672 3.28576e-05 0.0350391 0.56463 
5.45246e-05 0.000352665 9.11261e-08 0.200823 0.00221447 3.5417e-05 3.21513e-07 0.0737447 0.218553 0.0141824 1.24913e-05 0.0163418 0.473686 
0.0141344 7.96773e-06 1.07349e-06 0.00253447 0.00427913 7.10676e-10 4.88669e-06 0.103632 0.00714474 0.000582951 2.5159e-06 0.000106692 0.867569 
0.012985 6.17184e-05 5.44595e-06 0.0705666 0.173199 0.00204652 8.09781e-05 0.00134617 0.00957741 0.00233417 0.000120181 2.60491e-05 0.72765 
0.0686472 5.39751e-05 1.51375e-07 0.00321174 0.0167274 0.00170571 0.0423822 0.394938 0.0397404 0.0018971 0.000371284 0.00366892 0.426656 
2.59029e-08 5.21017e-05 2.85082e-12 0.00860543 0.00137804 0.0157269 8.50578e-09 0.0347884 1.95837e-07 0.000852663 7.86593e-05 0.00113216 0.937385 
0.0030601 0.000645393 6.87412e-10 4.10901e-05 2.08808e-05 0.000250909 6.20778e-07 0.102069 0.00381049 0.000138924 1.45618e-05 0.00334595 0.886602 
1.19351e-09 1.17419e-08 1.35581e-12 0.000777803 2.61735e-08 1.40896e-07 5.27213e-09 0.476931 6.62523e-09 0.00308878 2.98165e-08 0.00829973 0.510902 
0.0245995 0.0154061 1.05963e-06 0.0700221 0.0191889 0.00542381 0.000592507 0.116611 0.0435992 0.0260238 7.86325e-05 0.00322796 0.675225 
0.0140423 0.000654654 1.40072e-08 0.00106305 0.00492445 0.000772993 8.30054e-06 0.155382 0.159052 0.0132835 1.80133e-05 0.0145687 0.63623 
0.0184856 0.00142265 0.00140035 0.071417 0.0227332 0.00315802 0.000199421 0.25841 0.0399583 0.0254669 7.89929e-05 0.0430252 0.514244 
0.0049822 0.0120889 1.36083e-05 0.206797 0.0293953 0.0155393 0.00641546 0.0543524 0.0510365 0.0153957 0.00386703 0.00408734 0.596029 
0.074378 0.00360008 2.08093e-07 0.133696 0.149749 2.08191e-07 0.00162283 0.138067 0.158145 0.0537638 2.08199e-07 0.00154051 0.285438 
0.00719271 2.95222e-05 4.582e-09 0.00144069 0.000810541 0.0081576 5.51386e-06 0.44164 0.0724924 0.00111128 7.0207e-05 0.00104332 0.466007 
0.0450297 0.000199336 2.56774e-06 0.0231804 0.00286547 0.00207551 1.58666e-05 0.0562116 0.0300043 0.00839403 0.000571061 0.0196254 0.811825 
0.00326968 0.00846583 0.0014903 0.0750449 0.0612916 0.200382 0.00485896 0.194356 0.0871608 0.0438956 0.019058 0.0125116 0.288214 
0.00456454 0.000250862 2.53185e-10 0.0353078 0.000257747 0.000150651 8.82708e-06 0.322385 0.0295253 0.00933948 1.85486e-05 0.0158269 0.582364 
0.00341072 0.00148612 8.38155e-08 0.0290186 0.00851242 0.0012762 2.54966e-05 0.0867583 0.0133006 0.00498144 1.59311e-05 0.0326369 0.818577 
0.00307581 4.91592e-05 1.95087e-09 0.0534347 0.00700488 0.0460832 1.9045e-05 0.317955 0.0287567 0.00390886 0.000222965 0.00452946 0.53496 
0.00607603 0.000520787 3.11412e-09 0.00954016 0.0216595 0.00123906 2.26419e-06 0.190463 0.0718256 0.00555535 0.0017302 0.0182036 0.673184 
0.00437643 0.000308581 2.26945e-08 0.0187601 0.000518735 0.0018916 1.24989e-05 0.0584134 0.131145 0.000742171 8.47172e-06 0.0368016 0.747021 
0.00611918 6.62949e-05 4.41926e-12 0.0119395 0.00171508 0.00103805 0.0359598 0.217897 0.0702978 0.00289368 1.80736e-05 0.126064 0.525991 
0.0138945 0.000966571 4.82857e-05 0.0477882 0.0199001 0.00908875 0.000130499 0.0836135 0.0638419 0.0097265 0.00868162 0.0155001 0.726819 
0.00257798 0.000311884 6.50718e-07 0.0170405 0.0112164 0.0172737 5.97806e-05 0.343737 0.0678552 0.0498739 0.000855129 0.0877289 0.401469 
0.000737664 0.00129168 3.02523e-07 0.0190093 0.00161915 0.00534013 1.9835e-05 0.0367265 0.0294681 0.00196184 6.2748e-05 0.00265138 0.901111 
0.000757954 8.51274e-05 1.68812e-12 0.00159083 0.00267684 2.75542e-06 3.13165e-07 0.0377363 0.00472369 0.00132939 6.52442e-13 6.7235e-06 0.95109 
0.00305955 0.000937997 1.1737e-05 0.0266507 0.0154615 0.00884323 0.00090658 0.0857044 0.0257812 0.00624917 0.000354932 0.0508235 0.775216 
0.00806354 0.00082795 1.6429e-10 0.0846902 0.00329742 0.000578996 2.09307e-06 0.0406748 0.0161726 0.00047077 4.7245e-06 0.000785738 0.844431 
0.000669414 0.00427144 7.70912e-08 0.0772423 0.00575799 0.031541 0.000202722 0.134801 0.0139674 0.00616571 0.000365289 0.00451917 0.720497 
0.0014283 0.000151684 1.03776e-09 0.00526245 0.0023761 0.00128121 2.25221e-06 0.062036 0.0274374 0.00272793 0.00172995 0.11188 0.783686 
5.85034e-13 0.12922 2.7591e-09 2.22173e-08 0.00022361 9.49461e-08 3.41467e-12 0.00197349 1.21587e-08 8.63011e-09 3.69099e-08 2.06478e-05 0.868562 
0.00054476 6.23874e-05 1.83643e-10 0.0037865 0.00191577 2.27397e-06 5.8872e-07 0.0362302 0.00337788 0.000952752 7.09761e-11 0.000293301 0.952834 
0.000669414 0.00427144 7.70912e-08 0.0772423 0.00575799 0.031541 0.000202722 0.134801 0.0139674 0.00616571 0.000365289 0.00451917 0.720497 
0.00229756 0.000344534 1.378e-06 0.0454446 0.0293974 0.00106586 3.5001e-05 0.017956 0.00532485 0.00189155 3.37585e-05 0.000465812 0.895742 
0.0100418 0.172804 5.54801e-09 0.207417 0.0667542 0.0143839 7.64769e-05 0.1196 0.0136715 0.0461702 0.000401316 0.0923911 0.256287 
0.00209875 0.0070457 6.65233e-07 0.033544 0.00273881 0.000420372 4.08484e-05 0.109267 0.0208809 0.00861695 3.32983e-05 0.0112044 0.804108 
0.000167941 1.91367e-08 4.10746e-10 0.000187276 0.000189401 4.71069e-05 6.29724e-12 0.0208501 0.000380862 0.000452997 2.20222e-07 0.000125455 0.977599 
2.07062e-05 4.43227e-05 9.06913e-10 0.00211392 0.000733018 0.000556781 1.08522e-07 0.0184903 0.00869054 0.00133738 8.14214e-06 0.0054462 0.962559 
0.00155408 9.65719e-06 3.24279e-08 0.00199488 0.000955779 0.00245104 1.49816e-11 0.210262 0.009038 0.00176535 4.27389e-08 0.199258 0.572711 
2.39304e-08 0.000260545 1.6306e-09 0.197391 0.00629108 0.00659106 0.0054861 0.292082 0.00402617 0.000598791 2.0619e-07 0.0015209 0.485752 
0.0102226 2.22166e-05 2.94584e-06 0.0272207 0.00778581 0.0125912 4.39082e-06 0.275262 0.0795224 0.104071 2.79318e-05 0.0356438 0.447623 
0.000669414 0.00427144 7.70912e-08 0.0772423 0.00575799 0.031541 0.000202722 0.134801 0.0139674 0.00616571 0.000365289 0.00451917 0.720497 
0.00621686 2.77275e-05 1.72027e-06 0.0158788 0.00637927 0.00862186 2.5635e-06 0.237198 0.0537037 0.0722672 3.28576e-05 0.0350391 0.56463 
0.0161147 5.57793e-05 8.45677e-07 0.0101837 0.0131163 0.00130585 0.00026093 0.00322699 0.0189029 0.000169163 2.3332e-07 0.000185318 0.936477 
0.0254451 0.0141587 9.42047e-06 0.103248 0.0851536 0.0642883 0.0252811 0.307558 0.0455709 0.0144515 7.05779e-05 0.00391842 0.310846 
0.000757954 8.51274e-05 1.68812e-12 0.00159083 0.00267684 2.75542e-06 3.13165e-07 0.0377363 0.00472369 0.00132939 6.52442e-13 6.7235e-06 0.95109 
0.00949906 0.00129981 9.73006e-06 0.0666135 0.0138482 0.0159909 0.00512725 0.190733 0.0762804 0.0190369 0.00298312 0.0132165 0.585361 
0.00217301 0.000904769 0.0233875 0.0985767 0.0158497 0.00993886 0.0218434 0.252896 0.0836339 0.03649 0.000254351 0.170129 0.283923 
0.00161829 8.05999e-08 4.24149e-08 0.0129127 0.0206024 6.45243e-07 3.92294e-11 0.04611 2.69688e-12 0.305977 6.22624e-08 0.0045444 0.608234 
0.00260489 0.000171337 2.77361e-06 0.0173009 0.00552054 0.0380741 3.17776e-06 0.372027 0.0363274 0.0463247 0.000538621 0.0505721 0.430532 
0.00543236 0.00121436 4.62651e-07 0.0357333 0.0033066 0.00157195 0.00171682 0.0521935 0.00930166 0.00343999 1.40033e-05 0.000687948 0.885387 
0.0337554 0.00510507 3.78553e-07 0.172928 0.00411138 0.050882 7.04497e-05 0.0606178 0.0355596 0.163207 0.00088373 0.00906368 0.463815 
0.113285 0.00873255 1.73492e-08 0.0205624 0.0202128 0.00250179 2.49471e-05 0.14227 0.0726538 0.0217454 9.21804e-06 0.0108902 0.587112 
0.00806354 0.00082795 1.6429e-10 0.0846902 0.00329742 0.000578996 2.09307e-06 0.0406748 0.0161726 0.00047077 4.7245e-06 0.000785738 0.844431 
0.192793 0.000548142 5.3121e-06 0.0715245 0.00393681 0.00487762 2.38723e-06 0.227824 0.123537 0.0174493 8.15611e-05 0.00898142 0.348438 
0.0330041 0.00471186 0.000261936 0.0703547 0.13884 0.0230469 0.00307501 0.0137369 0.159325 0.00383099 0.000212961 1.6365e-07 0.549599 
0.00656927 8.7485e-05 1.43198e-05 0.146778 0.0577463 0.00542821 0.00500431 0.184406 0.128948 0.183581 2.88479e-05 0.0410208 0.240388 
0.0445853 0.00480794 4.37724e-07 0.088211 0.0329071 0.00544296 0.00435548 0.144158 0.0715079 0.0163147 2.04064e-05 0.0178922 0.569796 
0.00190351 0.000983631 3.20914e-06 0.0406807 0.00590804 0.00751673 3.10204e-05 0.0581878 0.0171909 0.0121643 0.000123422 0.0218343 0.833472 
0.00218306 4.11907e-05 3.66029e-07 0.00688353 0.00624658 0.00915579 2.56168e-06 0.221007 0.0505479 0.0624326 0.00110458 0.0336881 0.606707 
1.50484e-05 5.46263e-05 6.4915e-08 0.0127433 4.14705e-05 6.12132e-05 0.0286681 0.0260851 0.306398 0.002218 0.000158312 0.0827946 0.540762 
0.000520657 0.00332224 8.04204e-08 0.0603234 0.00447844 0.0246709 0.000186073 0.130051 0.0108636 0.00501226 0.000284116 0.00370772 0.75658 
0.00945527 0.00469178 6.11008e-07 0.0155975 0.0133466 0.000646118 0.00160664 0.107657 0.0288318 0.00660012 1.55111e-05 0.0105489 0.801002 
0.00957595 5.44317e-05 7.94077e-06 0.0786282 0.118698 0.00209779 8.53642e-05 0.00217472 0.0120558 0.0023923 0.000127544 8.97061e-05 0.774012 
0.00432019 0.000443631 7.69578e-09 0.0489434 0.00176652 0.000346316 8.87303e-06 0.265866 0.0118782 0.000473866 2.53641e-06 0.000489521 0.665461 
0.000771593 9.26776e-05 4.25023e-10 0.00283552 0.00290816 0.00016955 1.79575e-06 0.0328662 0.00832034 0.0017497 8.35351e-07 0.000692418 0.949591 
0.00335995 0.0445528 6.82009e-08 0.0403674 0.00206155 0.000799944 8.78778e-07 0.0223275 0.00832039 0.000270734 2.54684e-05 0.000419629 0.877494 
0.0186486 0.00193003 6.18567e-08 0.104227 0.0117541 0.00865339 0.000304751 0.232374 0.0667398 0.0283804 0.000684065 0.102771 0.423532 
0.000167941 1.91367e-08 4.10746e-10 0.000187276 0.000189401 4.71069e-05 6.29724e-12 0.0208501 0.000380862 0.000452997 2.20222e-07 0.000125455 0.977599 
5.45246e-05 0.000352665 9.11261e-08 0.200823 0.00221447 3.5417e-05 3.21513e-07 0.0737447 0.218553 0.0141824 1.24913e-05 0.0163418 0.473686 
9.60224e-05 1.46087e-08 4.1524e-12 0.000228996 0.000187967 1.43705e-08 3.36948e-08 0.0294641 1.38342e-05 0.00012312 1.79653e-07 0.000172592 0.969713 
0.000908188 9.96539e-06 7.72504e-12 0.00233172 0.000227826 7.8943e-05 0.0900833 0.283636 0.0128777 0.00146549 2.98565e-12 0.220812 0.387568 
0.000824756 0.000127933 8.02427e-10 0.0192322 0.00268997 0.00705981 3.02952e-06 0.0532919 0.0214327 0.00220579 0.00138625 0.0529164 0.838829 
0.00868413 0.00110236 1.49343e-05 0.13936 0.0296906 0.00545206 0.00040789 0.287848 0.0510609 0.0127206 0.00312222 0.085388 0.375149 
4.81782e-13 0.0796916 1.82108e-09 0.000192573 0.000120671 7.0405e-05 4.29221e-10 0.02474 3.23851e-06 8.87351e-05 2.43562e-08 0.000197724 0.894895 
0.00129953 0.00276839 1.85078e-08 0.0288717 0.00295913 0.00456864 7.48538e-06 0.0529166 0.021003 0.00209425 5.13946e-05 0.0026416 0.880818 
2.67417e-07 2.67238e-07 2.67249e-07 2.67448e-07 2.67444e-07 0.00133714 2.67165e-07 0.135809 0.00211311 0.000214201 2.67385e-07 0.0191938 0.841331 
0.000150625 0.000152028 1.49601e-10 0.000984164 0.000223736 7.46386e-06 1.87768e-07 0.0610829 0.0111002 0.00209846 3.94577e-07 0.0135549 0.910645 
0.000757954 8.51274e-05 1.68812e-12 0.00159083 0.00267684 2.75542e-06 3.13165e-07 0.0377363 0.00472369 0.00132939 6.52442e-13 6.7235e-06 0.95109 
0.100981 2.14989e-05 1.78105e-09 0.160174 0.00444916 0.000118816 2.91865e-09 0.180288 0.0220274 0.00526986 1.14631e-08 0.0144007 0.51227 
0.00106671 0.00860508 8.293e-08 0.0571999 0.00864118 0.00148489 1.66715e-05 0.024682 0.0379239 0.00551534 2.08278e-05 0.000871546 0.853972 
0.004434 0.000500367 7.10486e-07 0.0426219 0.00780641 0.00895009 0.00198953 0.18557 0.115292 0.0322089 0.00053049 0.0317905 0.568305 
0.00447077 0.000495216 2.86958e-08 0.114742 0.0609863 0.0119202 5.93521e-05 0.206257 0.130058 0.0536696 3.16706e-05 0.00874808 0.408562 
0.0876096 0.000542351 0.174506 0.0416541 0.00253295 0.05309 3.70464e-05 0.0743079 0.139436 0.14994 0.00193416 9.91009e-05 0.27431 
0.00350979 2.23905e-06 1.19532e-07 0.0875755 6.03118e-07 0.19411 2.15482e-11 0.0867439 0.10745 0.248818 2.94009e-08 4.30313e-07 0.271788 
0.0215082 0.00156994 0.00219941 0.0382391 0.0396251 0.014108 6.96783e-05 0.316388 0.0671861 0.0156571 0.00140572 0.0575759 0.424468 
2.05349e-09 9.11717e-09 4.41055e-06 1.39385e-07 0.0663121 3.34603e-07 0.00357486 0.358156 8.23969e-10 0.00368148 5.29892e-06 1.25341e-06 0.568264 
0.0161147 5.57793e-05 8.45677e-07 0.0101837 0.0131163 0.00130585 0.00026093 0.00322699 0.0189029 0.000169163 2.3332e-07 0.000185318 0.936477 
0.0218826 0.00070525 5.28187e-05 0.276226 0.0727669 0.0160767 0.000121293 0.0268735 0.0461098 0.0267152 0.0211394 0.00848124 0.482849 
0.00133655 0.000106963 6.52479e-07 0.112959 0.0151379 0.00017132 1.25695e-05 0.00749986 0.161884 0.000490452 1.86123e-10 2.64528e-08 0.700401 
0.0026367 6.32978e-05 8.72123e-08 0.00292189 0.000367171 0.00827704 3.68789e-06 0.425845 0.046849 0.00215689 3.96377e-05 0.00303824 0.507801 
0.0206609 0.00124381 0.00575669 0.0448069 0.0184173 0.00942662 0.00709335 0.101013 0.0185266 0.00974068 0.000108623 0.00269077 0.760515 
0.0161147 5.57793e-05 8.45677e-07 0.0101837 0.0131163 0.00130585 0.00026093 0.00322699 0.0189029 0.000169163 2.3332e-07 0.000185318 0.936477 
0.00666027 0.00182948 0.000182223 0.060655 0.0758871 0.00974031 0.0517384 0.219669 0.201329 0.0331804 0.000215511 0.00509968 0.333814 
5.45246e-05 0.000352665 9.11261e-08 0.200823 0.00221447 3.5417e-05 3.21513e-07 0.0737447 0.218553 0.0141824 1.24913e-05 0.0163418 0.473686 
0.00038527 0.000785277 3.34086e-10 0.055793 0.00163887 0.00134239 1.25028e-09 0.260519 0.210614 0.00301607 0.00212042 0.0966363 0.36715 
0.000328869 2.21009e-08 2.20522e-06 0.00960155 0.00197737 0.000192333 0.00374166 0.0554354 0.00127694 0.0013381 9.35786e-09 0.000696653 0.925409 
0.00771352 0.000200382 1.06211e-07 0.213405 0.037964 8.50771e-05 5.61193e-06 0.291449 0.0479934 0.0183818 0.0237535 0.0277631 0.331286 
0.0195728 0.000730174 0.000144314 0.056874 0.0397813 0.00464914 2.90352e-05 0.355979 0.0291232 0.0317057 0.0108088 0.0204935 0.430109 
0.0621612 1.86075e-08 6.87167e-06 0.0287403 0.0927521 0.0369311 0.000215173 0.0363834 0.042257 0.00546167 3.78463e-05 0.000729032 0.694324 
0.00496335 0.00239536 2.87447e-08 1.57274e-07 0.00794261 0.0200267 6.33517e-12 0.108068 0.0315933 0.0118214 0.00184122 0.0266549 0.784693 
0.000979295 0.00653814 3.35078e-06 0.217422 0.0212398 0.15045 0.0401787 0.221248 0.0261033 0.034557 0.000127253 0.00118764 0.279966 
0.000117036 0.00170338 1.87314e-06 0.0481002 0.0249546 0.000703326 1.97747e-06 0.0984199 0.0122914 0.0553656 0.000204001 0.0222613 0.735875 
0.000105628 0.000428567 2.77268e-07 0.0362371 0.0120404 0.00236594 3.33243e-05 0.03523 0.00673256 0.00963846 0.000110316 0.00506011 0.892017 
0.0644848 0.000514085 1.625e-09 0.14525 0.0773536 0.0749303 1.69928e-06 0.0821782 0.148265 0.151449 0.0129269 0.0045076 0.238138 
0.0062688 0.00275282 0.0431371 0.149195 0.12858 0.135626 0.0383292 0.14739 0.078856 0.0847481 0.0059906 0.0014133 0.177714 
0.0057164 3.29606e-05 1.37686e-06 0.012703 0.00533587 0.00747649 2.05164e-06 0.23711 0.0477569 0.0604909 0.00088371 0.0350281 0.587463 
0.00133655 0.000106963 6.52479e-07 0.112959 0.0151379 0.00017132 1.25695e-05 0.00749986 0.161884 0.000490452 1.86123e-10 2.64528e-08 0.700401 
0.00331081 8.1511e-05 1.17155e-09 0.00025759 7.40017e-05 0.000431038 2.35651e-08 0.00442964 0.0330958 9.94781e-06 7.15752e-09 4.72908e-05 0.958262 
0.00269126 0.000245732 0.000157502 0.043369 0.033216 0.00067579 2.01679e-05 0.0991084 0.0158446 0.0227575 2.85767e-05 0.00397091 0.777915 
0.00635067 0.000382061 3.81769e-07 0.0296728 0.0801948 0.00459792 6.21806e-05 0.0585269 0.00807703 0.034158 0.000143322 1.02857e-05 0.777824 
0.000520657 0.00332224 8.04204e-08 0.0603234 0.00447844 0.0246709 0.000186073 0.130051 0.0108636 0.00501226 0.000284116 0.00370772 0.75658 
0.00806354 0.00082795 1.6429e-10 0.0846902 0.00329742 0.000578996 2.09307e-06 0.0406748 0.0161726 0.00047077 4.7245e-06 0.000785738 0.844431 
0.00123639 0.000815987 9.79921e-09 0.00123719 0.000741015 2.44823e-05 2.24886e-11 0.151296 0.00697282 0.00223374 3.77577e-07 0.00863473 0.826808 
0.0208645 0.000401822 4.5134e-10 0.0936086 0.0219482 0.0312325 3.76627e-06 0.1842 0.0334473 0.00786755 4.27865e-05 0.0178596 0.588524 
2.07062e-05 4.43227e-05 9.06913e-10 0.00211392 0.000733018 0.000556781 1.08522e-07 0.0184903 0.00869054 0.00133738 8.14214e-06 0.0054462 0.962559 
0.0461624 0.000802007 4.63153e-10 0.131969 0.153875 0.000413727 1.54595e-06 0.167999 0.0334489 0.00271723 3.39062e-06 0.000533669 0.462075 
0.0168106 0.000926027 9.6009e-06 0.0580853 0.0428827 0.00042884 0.000328565 0.348625 0.0775718 0.00576271 1.85207e-05 0.014186 0.434365 
5.96199e-05 0.000786378 8.74255e-07 0.0225467 0.0121047 0.000434081 9.86216e-07 0.0999007 0.00262115 0.0249788 9.41807e-05 0.010398 0.826074 
0.0184511 0.00429887 8.67405e-06 0.0578043 0.0026095 0.00835656 4.25447e-06 0.0235266 0.292846 0.00987012 6.25265e-06 0.000182192 0.582035 
5.28993e-07 2.2067e-06 2.13241e-06 0.270965 0.146014 0.0524188 4.24957e-08 0.144607 1.28945e-05 2.49806e-05 2.35906e-06 0.00010017 0.38585 
0.00311257 0.0586657 1.14183e-05 0.0383851 0.063243 0.0580464 0.000321729 0.194966 0.0266404 0.0879743 0.00757655 0.00162718 0.459429 
0.013322 0.000469661 0.000832824 0.0607134 0.0139939 0.0193202 0.00150253 0.0800084 0.00557984 0.302782 0.000246883 0.00995895 0.491269 
0.00258343 0.00019242 2.98632e-08 0.00281706 0.00154614 0.000116991 4.86607e-06 0.401433 0.0435352 0.0116219 2.05001e-05 0.000557923 0.535571 
0.00166837 0.00115365 2.62929e-05 0.0334242 0.00483324 0.0109056 0.000108379 0.114917 0.0169478 0.0386368 0.000301271 0.00939595 0.767681 
0.00927643 0.0038406 1.18718e-08 0.0119396 0.0143854 0.000798056 0.0745471 0.200015 0.215985 0.113135 1.4803e-05 0.0549033 0.30116 
3.49232e-13 2.37677e-08 1.46827e-12 2.28106e-05 2.47136e-05 0.00140445 4.24396e-07 0.00935923 9.50149e-11 4.5343e-05 3.42309e-08 0.000323968 0.988819 
0.0140578 4.51334e-06 4.28182e-07 0.00257194 0.00423897 9.48035e-10 6.09503e-06 0.135778 0.00710365 0.000639184 1.32354e-06 0.000131561 0.835466 
0.0247559 0.00142236 0.000933483 0.172186 0.0331837 0.0980178 0.000904857 0.175307 0.0848906 0.1283 0.000357569 0.01394 0.2658 
0.000199374 0.00286535 3.08789e-07 0.0518094 0.00409025 0.00334116 2.90457e-05 0.0690205 0.0144452 0.00490422 4.30401e-05 0.00236512 0.846887 
0.00543909 0.000618478 4.5793e-08 0.166996 0.0803204 0.00955596 0.000799011 0.304066 0.0217464 0.012778 0.000134013 0.0882475 0.3093 
0.00106671 0.00860508 8.293e-08 0.0571999 0.00864118 0.00148489 1.66715e-05 0.024682 0.0379239 0.00551534 2.08278e-05 0.000871546 0.853972 
0.0033747 0.00988871 1.61383e-07 0.0482691 0.00783617 0.00329449 3.11524e-05 0.0227923 0.0746039 0.00449214 2.87555e-05 0.000909383 0.824479 
6.61246e-05 0.00263653 2.26281e-07 0.0250324 0.00554528 0.000257081 0.000106421 0.0967856 0.00933667 0.0167337 3.36549e-05 0.00108443 0.842382 
4.76626e-05 0.00720387 1.89264e-06 0.0106104 0.00282573 0.00663981 1.4906e-05 0.164373 0.126003 0.00799788 0.0002115 0.0624735 0.611597 
0.0030601 0.000645393 6.87412e-10 4.10901e-05 2.08808e-05 0.000250909 6.20778e-07 0.102069 0.00381049 0.000138924 1.45618e-05 0.00334595 0.886602 
0.00456534 0.000355989 1.17517e-09 0.00535255 0.049054 3.20516e-05 0.00112982 0.0177748 0.00526991 0.0012184 1.23343e-06 8.40744e-06 0.915237 
3.57525e-05 8.95895e-06 1.04168e-09 0.00609067 0.00157389 0.00736511 1.53328e-05 0.128708 0.0201662 0.101702 4.31869e-08 0.0422373 0.692097 
0.0060547 8.07677e-05 2.84283e-07 0.0253269 0.0082949 0.00767158 0.000107437 0.0126764 0.0140567 0.000433454 2.46791e-05 0.000538487 0.924734 
0.0727182 0.00149193 4.09205e-05 0.0453524 0.0383007 0.0242503 0.0026917 0.0745446 0.244286 0.0712997 0.00473913 0.0561695 0.364115 
0.000612385 0.00558327 1.96906e-06 0.0946247 0.0104775 0.00389774 6.98617e-05 0.120648 0.0226073 0.0193134 4.01045e-05 0.0013819 0.720742 
2.59029e-08 5.21017e-05 2.85082e-12 0.00860543 0.00137804 0.0157269 8.50578e-09 0.0347884 1.95837e-07 0.000852663 7.86593e-05 0.00113216 0.937385 
0.00602818 0.00536733 0.0105128 0.0566336 0.0211405 0.00679263 0.0102018 0.213756 0.0615245 0.025211 0.000549351 0.038216 0.544067 
0.00458906 5.89935e-05 2.42966e-06 0.0339676 0.00754843 0.000521847 8.42065e-06 0.265884 0.154992 0.00553425 3.47255e-05 0.134573 0.392286 
0.00262557 0.0104683 1.57915e-05 0.0770391 0.0230435 0.00796624 0.000230784 0.312816 0.123459 0.0884252 0.000151897 0.0148599 0.3389 
0.00637762 0.00045398 4.48775e-05 0.0210963 0.0203755 0.00489502 0.0010264 0.0945551 0.0327765 0.00582756 0.000141176 0.00730411 0.805126 
0.000199374 0.00286535 3.08789e-07 0.0518094 0.00409025 0.00334116 2.90457e-05 0.0690205 0.0144452 0.00490422 4.30401e-05 0.00236512 0.846887 
0.319837 0.000319963 1.9438e-06 0.00110355 0.00012597 0.00158633 1.167e-05 0.305782 0.000124292 0.0068528 3.10349e-05 0.0010493 0.363174 
0.00621686 2.77275e-05 1.72027e-06 0.0158788 0.00637927 0.00862186 2.5635e-06 0.237198 0.0537037 0.0722672 3.28576e-05 0.0350391 0.56463 
0.00133655 0.000106963 6.52479e-07 0.112959 0.0151379 0.00017132 1.25695e-05 0.00749986 0.161884 0.000490452 1.86123e-10 2.64528e-08 0.700401 
0.00621686 2.77275e-05 1.72027e-06 0.0158788 0.00637927 0.00862186 2.5635e-06 0.237198 0.0537037 0.0722672 3.28576e-05 0.0350391 0.56463 
0.189112 0.00456036 1.2024e-06 0.0741671 0.0370935 0.000214763 0.000292812 0.162056 0.0663459 0.000289771 1.04516e-05 0.000558381 0.465299 
0.00887577 0.00195759 5.68712e-07 0.0295007 0.00775305 0.00524736 0.000487875 0.06313 0.0355977 0.00437784 0.000291828 0.0009259 0.841854 
0.0058277 0.000389992 2.22438e-08 0.00734618 0.0018404 0.0046435 6.98306e-05 0.403722 0.0426483 0.00200356 0.00100438 0.0605182 0.469986 
0.0335044 0.00103933 1.63044e-06 0.0833561 0.0198291 0.000585021 5.62904e-06 0.245906 0.186174 0.00686334 3.10651e-05 0.106863 0.315842 
3.49232e-13 2.37677e-08 1.46827e-12 2.28106e-05 2.47136e-05 0.00140445 4.24396e-07 0.00935923 9.50149e-11 4.5343e-05 3.42309e-08 0.000323968 0.988819 
0.00806354 0.00082795 1.6429e-10 0.0846902 0.00329742 0.000578996 2.09307e-06 0.0406748 0.0161726 0.00047077 4.7245e-06 0.000785738 0.844431 
0.0110498 0.00152525 4.14394e-05 0.0730742 0.0131989 0.0245566 0.00129169 0.121269 0.0582436 0.0163662 0.00118816 0.0301173 0.648078 
9.03151e-06 9.04968e-05 2.74906e-07 0.0159502 0.000918963 0.00257957 0.000203818 0.374027 0.0115119 0.000602818 6.07013e-05 0.0527486 0.541297 
0.0122668 0.00340162 0.000813614 0.0919026 0.0183866 0.0289128 0.0114933 0.289554 0.0701316 0.083541 0.000220679 0.030709 0.358667 
0.00106671 0.00860508 8.293e-08 0.0571999 0.00864118 0.00148489 1.66715e-05 0.024682 0.0379239 0.00551534 2.08278e-05 0.000871546 0.853972 
0.0029938 0.00115572 3.26065e-06 0.241041 0.101124 0.00213635 1.94806e-05 0.0807264 0.12681 0.052953 5.04405e-05 0.0144303 0.376557 
0.00806354 0.00082795 1.6429e-10 0.0846902 0.00329742 0.000578996 2.09307e-06 0.0406748 0.0161726 0.00047077 4.7245e-06 0.000785738 0.844431 
0.00518966 0.000347636 2.06276e-08 0.0244787 0.000722408 0.00235814 1.44735e-05 0.0735912 0.176168 0.00098761 1.12581e-05 0.0443005 0.67183 
0.0238843 5.17017e-05 5.53962e-07 0.0124619 0.0615135 0.040048 0.000106703 0.0798431 0.0252095 0.00166352 2.77962e-05 0.00191792 0.753272 
0.00133655 0.000106963 6.52479e-07 0.112959 0.0151379 0.00017132 1.25695e-05 0.00749986 0.161884 0.000490452 1.86123e-10 2.64528e-08 0.700401 
1.08757e-05 0.00182315 1.64716e-06 0.00512314 0.000399457 0.000955038 6.23838e-06 0.0759363 0.000928133 0.0194495 8.2251e-05 0.0090658 0.886219 
3.49232e-13 2.37677e-08 1.46827e-12 2.28106e-05 2.47136e-05 0.00140445 4.24396e-07 0.00935923 9.50149e-11 4.5343e-05 3.42309e-08 0.000323968 0.988819 
0.0108402 3.05313e-06 3.23002e-08 0.0108931 0.0555771 0.00210901 4.71755e-06 0.321884 0.117652 0.103106 6.3585e-07 0.012078 0.365852 
0.000178429 0.00873598 5.43958e-07 0.0380466 0.0113565 0.0176037 0.000789354 0.427976 0.00738075 0.0104167 0.000211558 0.00486476 0.472439 
0.00458906 5.89935e-05 2.42966e-06 0.0339676 0.00754843 0.000521847 8.42065e-06 0.265884 0.154992 0.00553425 3.47255e-05 0.134573 0.392286 
0.00991582 3.56412e-05 5.44688e-06 0.0542689 0.143241 0.00204653 6.93099e-05 0.000425614 0.00995518 0.00183701 0.000112717 9.66155e-05 0.77799 
0.00105935 0.000539061 0.00657671 0.0529616 0.0064447 0.0151145 4.60791e-05 0.323353 0.0156633 0.00781943 0.000192351 0.0115669 0.558663 
0.0013448 0.000488394 7.33575e-09 0.012947 0.0173199 0.000748397 4.15231e-05 0.119542 0.0231976 0.0394463 3.86866e-05 0.0121181 0.772768 
2.59029e-08 5.21017e-05 2.85082e-12 0.00860543 0.00137804 0.0157269 8.50578e-09 0.0347884 1.95837e-07 0.000852663 7.86593e-05 0.00113216 0.937385 
2.0396e-05 0.000109626 5.70357e-07 0.017284 0.000967991 0.00549204 0.000624503 0.371258 0.0145943 0.000690802 0.000115903 0.0540901 0.534751 
0.0021019 0.000137577 6.12205e-10 0.000936271 0.00393025 0.0128196 1.51556e-07 0.22781 0.157676 0.126716 0.0011811 0.00655787 0.460133 
0.0123512 0.000288519 1.31343e-05 0.0144238 0.0175931 0.00734271 7.17383e-05 0.300434 0.044532 0.00721903 0.000127088 0.00105564 0.594548 
0.0157507 2.34892e-06 2.34901e-06 0.172314 0.028211 2.35011e-06 2.34827e-06 0.165965 0.220739 0.0665213 2.3502e-06 2.34963e-06 0.330485 
0.00499127 0.000135789 6.74364e-07 0.00381808 0.000695962 0.00215684 2.5996e-08 0.00236 0.0974459 0.000143822 1.32785e-05 2.4318e-05 0.888214 
7.35952e-12 3.26751e-11 3.09416e-11 3.52348e-09 3.64218e-12 1.03047e-07 4.29554e-11 0.290449 3.0419e-08 5.03126e-08 1.19586e-11 2.13917e-09 0.709551 
4.81782e-13 0.0796916 1.82108e-09 0.000192573 0.000120671 7.0405e-05 4.29221e-10 0.02474 3.23851e-06 8.87351e-05 2.43562e-08 0.000197724 0.894895 
0.0187135 0.000869335 3.22134e-09 0.00141577 0.00656151 0.00102707 1.05676e-05 0.207157 0.141406 0.0177006 2.35608e-05 0.0194082 0.585707 
0.001397 0.000306555 3.63865e-09 0.0221839 0.00443566 0.00459725 7.14429e-09 0.241789 0.142509 0.00969884 5.47309e-08 0.0267742 0.546309 
0.000923987 0.000345949 1.91907e-08 0.000347705 0.0027281 0.018062 2.47332e-07 0.217299 0.0716153 0.000396086 1.68345e-06 0.000821294 0.687458 
0.00621686 2.77275e-05 1.72027e-06 0.0158788 0.00637927 0.00862186 2.5635e-06 0.237198 0.0537037 0.0722672 3.28576e-05 0.0350391 0.56463 
0.0224669 0.0635388 4.04048e-06 0.117456 0.11403 0.109941 0.000249758 0.0391094 0.224932 0.00478429 0.00025281 0.00348784 0.299747 
0.0122591 0.00919154 2.2489e-05 0.224722 0.120453 0.0350844 0.00138633 0.0612178 0.0213798 0.0378141 0.0263968 0.00172117 0.448351 
0.0218825 0.00470536 1.45615e-05 0.0396586 0.010465 0.0150196 0.00419008 0.0937213 0.16722 0.00791409 0.00116455 0.157482 0.476563 
0.0143415 3.72945e-05 6.2827e-09 0.00526917 0.0128295 0.00951129 1.23638e-06 0.392116 3.0218e-05 0.000530913 0.000755163 0.000707437 0.563871 
0.000139488 6.19389e-06 5.35151e-11 0.0175538 0.294132 0.00325626 7.42936e-11 0.25821 0.0253793 0.0185533 0.000320191 0.0235067 0.358942 
5.21503e-06 0.00212321 1.6062e-10 0.00646948 3.2403e-07 0.000877574 1.21832e-06 0.162402 0.00181355 0.00622854 8.3387e-08 0.011815 0.808264 
0.00619916 0.000953961 1.70839e-05 0.153678 0.0253288 0.000353798 5.57469e-06 0.0846729 0.0511422 0.0529182 7.99073e-05 0.068978 0.555672 
0.022436 0.000459663 1.43982e-05 0.0646327 0.00676561 0.0035185 1.32651e-05 0.279698 0.0681441 0.064437 0.000126029 0.0310929 0.458662 
0.00259875 0.000181044 2.35953e-11 4.68486e-05 0.00164829 6.19541e-05 3.27567e-11 0.213389 0.0137758 0.000349755 0.000226694 0.302115 0.465608 
0.00806354 0.00082795 1.6429e-10 0.0846902 0.00329742 0.000578996 2.09307e-06 0.0406748 0.0161726 0.00047077 4.7245e-06 0.000785738 0.844431 
9.03151e-06 9.04968e-05 2.74906e-07 0.0159502 0.000918963 0.00257957 0.000203818 0.374027 0.0115119 0.000602818 6.07013e-05 0.0527486 0.541297 
6.45415e-05 0.000829394 1.31494e-08 0.00578852 0.000169968 0.00240732 1.44948e-05 0.16904 0.00564945 0.000729067 1.51436e-05 0.0128575 0.802435 
2.59029e-08 5.21017e-05 2.85082e-12 0.00860543 0.00137804 0.0157269 8.50578e-09 0.0347884 1.95837e-07 0.000852663 7.86593e-05 0.00113216 0.937385 
0.000757954 8.51274e-05 1.68812e-12 0.00159083 0.00267684 2.75542e-06 3.13165e-07 0.0377363 0.00472369 0.00132939 6.52442e-13 6.7235e-06 0.95109 
0.208727 0.00564578 2.88147e-07 0.0380896 0.00709163 0.00735049 5.38053e-05 0.23256 0.00865269 0.0805983 8.57373e-06 0.00214026 0.409082 
0.00163531 0.00178114 2.36497e-08 0.012092 0.00293584 0.000487336 7.02518e-06 0.0412228 0.0255353 0.00279859 4.75593e-06 0.00302695 0.908473 
0.000641134 0.00912568 0.000887875 0.0452976 0.00662684 0.0258297 0.000930222 0.185985 0.159782 0.137015 0.0420648 0.0500127 0.335801 
5.45246e-05 0.000352665 9.11261e-08 0.200823 0.00221447 3.5417e-05 3.21513e-07 0.0737447 0.218553 0.0141824 1.24913e-05 0.0163418 0.473686 
0.00395464 0.002243 1.69825e-07 0.0659561 0.0130223 0.000611105 0.0165234 0.183914 0.324493 0.0101212 1.61236e-05 0.0372493 0.341896 
0.000407882 1.52418e-05 0.0250738 0.0265043 0.00375977 0.00940212 5.86897e-06 0.436582 0.00814936 0.0234383 0.000270028 0.0254699 0.440921 
6.61246e-05 0.00263653 2.26281e-07 0.0250324 0.00554528 0.000257081 0.000106421 0.0967856 0.00933667 0.0167337 3.36549e-05 0.00108443 0.842382 
0.0013448 0.000488394 7.33575e-09 0.012947 0.0173199 0.000748397 4.15231e-05 0.119542 0.0231976 0.0394463 3.86866e-05 0.0121181 0.772768 
0.0915561 1.29756e-05 1.80247e-09 0.144629 0.00266963 7.13242e-05 2.95074e-09 0.324611 0.0132169 0.00657935 8.06878e-06 0.0146107 0.402035 
0.0147765 0.0017321 1.18848e-05 0.113659 0.161051 0.176788 0.00123666 0.0662174 0.18481 0.00696287 0.0249791 0.00159984 0.246175 
0.0140578 4.51334e-06 4.28182e-07 0.00257194 0.00423897 9.48035e-10 6.09503e-06 0.135778 0.00710365 0.000639184 1.32354e-06 0.000131561 0.835466 
0.00598246 0.00168684 7.64545e-06 0.0303227 0.0207114 0.0269558 8.84499e-05 0.0694653 0.0298757 0.00922146 6.61633e-05 0.00769613 0.79792 
0.0278812 0.000748107 1.41068e-06 0.126033 0.0210766 0.0114408 2.57183e-06 0.256565 0.107128 0.0998308 0.0002313 0.0765505 0.272511 
0.0330041 0.00471186 0.000261936 0.0703547 0.13884 0.0230469 0.00307501 0.0137369 0.159325 0.00383099 0.000212961 1.6365e-07 0.549599 
0.00213929 0.00072512 3.89861e-07 0.0365817 0.116218 0.0020946 0.000767179 0.248962 0.244482 0.0273677 6.27246e-07 0.00119618 0.319465 
0.00635067 0.000382061 3.81769e-07 0.0296728 0.0801948 0.00459792 6.21806e-05 0.0585269 0.00807703 0.034158 0.000143322 1.02857e-05 0.777824 
0.000167941 1.91367e-08 4.10746e-10 0.000187276 0.000189401 4.71069e-05 6.29724e-12 0.0208501 0.000380862 0.000452997 2.20222e-07 0.000125455 0.977599 
0.00566991 0.00159779 1.70259e-06 0.0823163 0.0659433 0.00320442 0.000450566 0.0308785 0.0329028 0.00802733 7.28283e-05 0.000690137 0.768244 
0.00238112 0.000351075 1.05771e-08 0.00383341 0.000198476 0.00277012 6.89343e-06 0.0667783 0.0382518 0.000345483 2.74181e-05 0.01338 0.871676 
0.00836948 0.00197025 7.65702e-05 0.0206329 0.0342965 0.0110503 0.000481167 0.33187 0.0715937 0.0343653 0.00111762 0.0228592 0.461317 
0.0144309 0.000110982 3.32098e-06 0.163202 0.0110043 0.00775207 0.00874641 0.205034 0.231516 0.0352551 0.00751621 0.0468553 0.268574 
0.000328869 2.21009e-08 2.20522e-06 0.00960155 0.00197737 0.000192333 0.00374166 0.0554354 0.00127694 0.0013381 9.35786e-09 0.000696653 0.925409 
0.00459705 0.000828516 5.93386e-07 0.0177641 0.0135247 0.00639876 0.0169882 0.307911 0.0752524 0.0411374 7.50499e-05 0.0463054 0.469217 
0.0397027 0.000668477 7.43404e-07 0.166015 0.0101301 0.0066246 0.000273985 0.279773 0.072078 0.0259071 0.000102665 0.0119838 0.386739 
9.03151e-06 9.04968e-05 2.74906e-07 0.0159502 0.000918963 0.00257957 0.000203818 0.374027 0.0115119 0.000602818 6.07013e-05 0.0527486 0.541297 
2.59029e-08 5.21017e-05 2.85082e-12 0.00860543 0.00137804 0.0157269 8.50578e-09 0.0347884 1.95837e-07 0.000852663 7.86593e-05 0.00113216 0.937385 
0.00406155 0.000133384 9.64619e-05 0.0456679 0.00349224 0.00343696 6.58351e-06 0.120283 0.038858 0.00287596 0.00507106 0.146758 0.62926 
0.00435412 0.00350732 9.48415e-07 0.114089 0.0150454 0.0331031 0.000126217 0.313131 0.021759 0.0129074 0.000362854 0.00676037 0.474853 
0.00799263 0.0151877 2.91199e-06 0.103101 0.204032 0.00562836 0.00032987 0.106033 0.0266926 0.0222394 0.0117556 0.000856148 0.496149 
0.00415953 0.00138407 7.52711e-06 0.0575954 0.0190687 0.00702505 0.00180206 0.357343 0.0578426 0.0161679 0.0058768 0.102623 0.369105 
0.00653593 0.000272318 6.46497e-06 0.0257826 0.0272519 0.000598053 2.30583e-05 0.0586439 0.0194851 0.0113081 3.38472e-05 0.00757553 0.842483 
0.00331081 8.1511e-05 1.17155e-09 0.00025759 7.40017e-05 0.000431038 2.35651e-08 0.00442964 0.0330958 9.94781e-06 7.15752e-09 4.72908e-05 0.958262 
0.00951176 0.000268631 1.16117e-05 0.1261 0.0772645 0.0203831 0.00304402 0.103912 0.0517019 0.233941 0.00309978 0.00547505 0.365287 
0.00185825 0.000100119 2.1449e-09 0.0352608 0.0226817 0.000918022 0.000227674 0.144737 0.044441 0.0111627 9.83032e-06 0.000735685 0.737868 
0.001318 0.000199363 4.79164e-10 0.000418727 0.000182746 0.000162465 1.37805e-05 0.0649872 0.00162441 0.000167771 4.71958e-06 0.00134424 0.929577 
0.00644318 0.0035486 1.44205e-06 0.0613705 0.0316429 0.00532169 5.47062e-05 0.222682 0.0360966 0.00851012 7.10604e-05 0.00360838 0.620649 
