0.629982 0.000527562 3.42253e-09 0.10302 0.0957888 2.68675e-06 4.7514e-09 0.0318353 0.122452 0.0160372 9.77685e-07 0.000279716 7.34238e-05 
0.000547955 0.000378288 4.58431e-09 0.0227862 0.0341962 0.39702 0.00588246 0.136118 0.101 0.016848 0.212384 0.0725121 0.000327182 
0.124263 0.00193015 3.23063e-06 0.131654 0.158197 0.014129 0.000497531 0.016396 0.511122 0.00170195 0.0145652 0.000486621 0.0250533 
0.00046578 7.44612e-06 1.0434e-07 0.00276454 0.00474548 0.00394483 0.000113239 0.000296927 0.00237699 0.000210287 0.985001 3.54253e-05 3.84216e-05 
0.0455639 0.000593934 3.92593e-05 0.264979 0.100016 0.00663811 0.0190369 0.130743 0.356182 0.0216602 0.00012742 0.0244052 0.0300152 
0.00046578 7.44612e-06 1.0434e-07 0.00276454 0.00474548 0.00394483 0.000113239 0.000296927 0.00237699 0.000210287 0.985001 3.54253e-05 3.84216e-05 
0.00046578 7.44612e-06 1.0434e-07 0.00276454 0.00474548 0.00394483 0.000113239 0.000296927 0.00237699 0.000210287 0.985001 3.54253e-05 3.84216e-05 
0.00854005 0.00054807 2.75636e-13 0.036719 0.0507936 0.00870248 0.0186934 0.00168469 0.874055 0.000214508 4.09099e-05 8.74979e-06 5.84869e-09 
0.00973772 0.000992734 1.34879e-08 0.309699 0.203809 0.000165558 6.88321e-05 0.188065 0.171646 0.0697005 2.64794e-08 0.00228423 0.0438308 
0.00046578 7.44612e-06 1.0434e-07 0.00276454 0.00474548 0.00394483 0.000113239 0.000296927 0.00237699 0.000210287 0.985001 3.54253e-05 3.84216e-05 
0.00148165 0.00246201 9.79663e-12 0.0182466 0.0173789 6.45708e-07 0.092638 0.372486 0.100475 0.00573325 6.34745e-05 0.0563062 0.332728 
0.00134847 0.00282248 2.00169e-08 0.00897007 0.0121024 0.843526 0.000400828 0.00391433 0.125607 0.000176329 0.000794861 0.000161639 0.00017507 
0.00229452 0.00283057 1.7873e-05 0.063307 0.0559295 0.0112977 0.00364291 0.569981 0.126188 0.0492329 0.000102032 0.0106186 0.104558 
0.00046578 7.44612e-06 1.0434e-07 0.00276454 0.00474548 0.00394483 0.000113239 0.000296927 0.00237699 0.000210287 0.985001 3.54253e-05 3.84216e-05 
0.0033354 0.0140914 5.5587e-09 0.135003 0.266858 0.503965 0.000160381 0.00996899 0.0247444 0.0367392 0.000982017 0.00236564 0.00178699 
0.0927545 0.310679 1.8507e-07 0.0741298 0.139345 0.00291777 0.0345869 0.184071 0.0299376 0.10726 0.000302294 0.000470709 0.0235457 
0.00046578 7.44612e-06 1.0434e-07 0.00276454 0.00474548 0.00394483 0.000113239 0.000296927 0.00237699 0.000210287 0.985001 3.54253e-05 3.84216e-05 
0.0146928 0.000474057 7.56718e-08 0.0638165 0.385252 0.213447 0.0024213 0.0765091 0.0507061 0.0494818 0.140493 0.00154062 0.00116635 
0.0102964 0.000812238 6.8699e-05 0.0807198 0.0476515 0.0911191 0.000631709 0.358013 0.0530618 0.0247444 0.00864949 0.0256538 0.298578 
0.0169493 6.92237e-05 1.98897e-09 0.1099 0.705217 0.00506711 0.000558233 0.00142551 0.15906 0.0015112 0.00023251 2.4172e-06 7.42525e-06 
0.00764294 0.11676 2.57237e-05 0.0175032 0.0108679 0.0035514 4.86316e-05 0.00341671 0.0145931 0.0416095 0.783638 7.28148e-05 0.000270395 
0.0144101 0.00424728 1.27907e-06 0.455369 0.199403 0.00792914 0.000321959 0.0714548 0.178719 0.00504858 0.00013553 0.00151374 0.061447 
0.00046578 7.44612e-06 1.0434e-07 0.00276454 0.00474548 0.00394483 0.000113239 0.000296927 0.00237699 0.000210287 0.985001 3.54253e-05 3.84216e-05 
0.000411346 0.987861 8.01512e-07 0.00242511 0.00319789 0.000785721 1.02708e-06 0.000229215 0.000435721 0.000994161 0.000391247 1.37901e-05 0.0032525 
0.261725 0.00130872 1.0245e-05 0.206803 0.00383865 0.0505788 4.00055e-05 0.000495367 0.464976 0.00942656 5.82521e-05 8.99671e-05 0.000648812 
0.000601149 9.65612e-05 4.34959e-10 0.00336582 0.00980341 0.00126029 0.00045808 0.00860555 0.000238396 0.973108 1.92228e-05 0.000213595 0.00223033 
0.00543909 0.000618478 4.5793e-08 0.166996 0.0803204 0.00955596 0.000799011 0.304066 0.0217464 0.012778 0.000134013 0.0882475 0.3093 
0.00135342 1.91449e-05 2.30447e-08 0.493029 0.189937 1.86214e-06 0.0120565 0.108104 0.0276873 0.165133 0.000126638 0.00247963 7.1954e-05 
0.0171555 0.00556481 3.01402e-09 0.350193 0.114092 0.0107848 0.000409322 0.279973 0.0773818 0.0837494 0.000443772 0.0182848 0.0419676 
0.0223687 0.00303499 5.74283e-05 0.0479867 0.187771 0.00171853 0.000325963 0.0191411 0.0323538 0.68354 0.00149605 0.000103343 0.000101855 
0.00046578 7.44612e-06 1.0434e-07 0.00276454 0.00474548 0.00394483 0.000113239 0.000296927 0.00237699 0.000210287 0.985001 3.54253e-05 3.84216e-05 
0.00046578 7.44612e-06 1.0434e-07 0.00276454 0.00474548 0.00394483 0.000113239 0.000296927 0.00237699 0.000210287 0.985001 3.54253e-05 3.84216e-05 
0.0915039 0.000142094 4.44339e-07 0.208583 0.0411299 0.0202574 0.000447287 0.0468887 0.576538 0.0068854 0.00132772 0.00326121 0.00303469 
0.0200036 0.0111217 2.35622e-08 0.122434 0.0695664 0.00744348 1.31889e-05 0.0336939 0.097736 0.605923 0.000348356 0.00326484 0.0284513 
0.0161327 0.00050534 3.16344e-05 0.507319 0.187469 0.00661953 0.000436796 0.0220709 0.201016 0.0115715 0.00113757 0.0030485 0.0426416 
0.000994345 7.22769e-05 2.86513e-11 0.0228989 0.0714392 0.0173788 1.13019e-07 0.00157278 0.245083 5.13329e-05 0.484784 0.155687 3.92847e-05 
0.0652638 0.000769046 0.000113508 0.15487 0.383836 0.0777001 0.000391927 0.0261369 0.27437 0.00332917 0.00226148 0.000209768 0.0107486 
0.0263337 0.00309687 3.20143e-05 0.290179 0.313487 0.160682 0.00246301 0.0249309 0.119791 0.0250072 0.00480035 0.000630009 0.0285676 
0.00111614 0.000884793 1.88958e-05 0.0386931 0.0101893 0.0143022 7.26187e-05 0.500018 0.0444104 0.039911 0.000112744 0.0066799 0.343591 
0.00386121 0.000202451 2.88475e-05 0.184808 0.0153409 0.00164913 0.00144475 0.14853 0.11629 0.513179 4.75318e-05 0.00234787 0.0122703 
0.0584241 0.000927118 9.04712e-07 0.105368 0.0271965 0.044251 0.000206918 0.0196599 0.724631 0.00975453 0.000149404 0.000411758 0.00901887 
0.00414925 0.00516877 1.34131e-05 0.0916117 0.188244 0.24793 0.0019164 0.0674646 0.107434 0.266538 0.00479765 0.0123258 0.00240665 
0.0475831 9.59172e-05 6.55383e-08 0.130922 0.789082 0.0029619 6.3899e-06 0.00124313 0.0239986 0.00193052 2.27404e-05 0.000132309 0.00202132 
0.00158992 0.000110285 1.08146e-08 0.023596 0.0105749 0.00761365 0.0019028 0.00154146 0.85971 0.00322547 0.0403253 0.0496511 0.000159039 
0.0204276 0.00126574 5.78931e-06 0.0796467 0.022984 0.0886413 0.000399952 0.00482969 0.161839 0.00559511 0.612054 0.00022929 0.0020813 
0.00046578 7.44612e-06 1.0434e-07 0.00276454 0.00474548 0.00394483 0.000113239 0.000296927 0.00237699 0.000210287 0.985001 3.54253e-05 3.84216e-05 
0.00603159 0.00736251 1.30885e-07 0.634973 0.0342432 0.0497634 2.2067e-05 0.0351027 0.164407 0.00373881 0.02837 7.56806e-05 0.0359097 
0.133026 0.00149308 5.24734e-06 0.244533 0.0787604 0.00813412 0.000547532 0.0246334 0.473398 0.0110028 0.00609487 0.00114671 0.0172255 
0.09406 0.000299188 4.37407e-06 0.216505 0.431206 0.0164321 0.000142532 0.00656816 0.223953 0.00817243 0.0024797 7.75172e-05 9.99e-05 
0.0419869 0.0197982 7.07041e-11 0.193086 0.037922 0.00486428 0.00162272 0.641691 0.0291313 0.0183955 0.000129504 0.00673165 0.00464064 
0.0675446 0.00344433 4.00759e-06 0.0462891 0.0845774 0.0138199 0.000373272 0.144485 0.0640989 0.57317 7.72026e-05 0.00107972 0.00103678 
0.000256514 0.00321049 1.84896e-09 0.0244689 0.122997 3.06818e-08 6.26092e-07 0.104764 0.0220941 0.716693 1.76614e-07 9.87671e-08 0.00551495 
0.0503615 0.000215317 2.44069e-06 0.163605 0.185388 0.00271304 5.13196e-05 0.121607 0.410053 0.0263955 2.41097e-05 0.0319461 0.00763817 
0.0545177 0.00417512 4.12758e-12 0.725666 0.00953112 0.00449454 5.83827e-06 0.0915501 0.073287 0.00948133 5.36623e-05 0.00355511 0.023682 
0.675874 0.0223414 3.53582e-07 0.0429791 0.00827895 0.00308815 0.000473895 0.0084988 0.166495 0.000266645 1.81506e-05 0.00058074 0.0711047 
0.00046578 7.44612e-06 1.0434e-07 0.00276454 0.00474548 0.00394483 0.000113239 0.000296927 0.00237699 0.000210287 0.985001 3.54253e-05 3.84216e-05 
0.675874 0.0223414 3.53582e-07 0.0429791 0.00827895 0.00308815 0.000473895 0.0084988 0.166495 0.000266645 1.81506e-05 0.00058074 0.0711047 
0.0177736 0.00169702 5.51608e-06 0.0495061 0.0770357 0.677908 0.00317354 0.0307814 0.105083 0.00391266 0.00947707 0.00144843 0.0221983 
0.0246196 3.66518e-05 1.94838e-09 0.274203 0.517827 0.00294567 1.46648e-06 0.0196401 0.146005 0.00999229 0.000551261 0.00242539 0.00175242 
0.0421324 0.00157722 6.00306e-06 0.25153 0.235911 0.122023 0.00130515 0.153893 0.0849478 0.057863 0.000904257 0.00486314 0.0430432 
0.00636052 0.000469118 3.97237e-06 0.498121 0.125324 0.0148455 0.00719169 0.0268155 0.290184 0.0159166 6.87663e-05 0.00727941 0.00741969 
0.00378452 0.000290652 4.37297e-07 0.167106 0.0187053 0.00356856 1.41698e-05 0.13696 0.629105 0.00320719 6.27682e-05 0.000496567 0.0366988 
0.00046578 7.44612e-06 1.0434e-07 0.00276454 0.00474548 0.00394483 0.000113239 0.000296927 0.00237699 0.000210287 0.985001 3.54253e-05 3.84216e-05 
0.00046578 7.44612e-06 1.0434e-07 0.00276454 0.00474548 0.00394483 0.000113239 0.000296927 0.00237699 0.000210287 0.985001 3.54253e-05 3.84216e-05 
0.00740299 0.00686038 5.75042e-06 0.133907 0.0211791 0.0334085 0.000200685 0.0608939 0.703157 0.0197527 9.1426e-05 0.000383322 0.0127573 
0.00963614 0.00187671 2.66223e-09 0.04255 0.323091 0.337102 0.00243302 0.0677926 0.0217854 0.174363 0.0175303 0.00110175 0.000737719 
0.00799711 1.08686e-06 4.90884e-11 0.00311355 0.0728222 0.000638446 1.02011e-08 0.834232 0.0619566 0.00856528 7.42875e-07 0.00787842 0.00279473 
0.00046578 7.44612e-06 1.0434e-07 0.00276454 0.00474548 0.00394483 0.000113239 0.000296927 0.00237699 0.000210287 0.985001 3.54253e-05 3.84216e-05 
0.00046578 7.44612e-06 1.0434e-07 0.00276454 0.00474548 0.00394483 0.000113239 0.000296927 0.00237699 0.000210287 0.985001 3.54253e-05 3.84216e-05 
0.00046578 7.44612e-06 1.0434e-07 0.00276454 0.00474548 0.00394483 0.000113239 0.000296927 0.00237699 0.000210287 0.985001 3.54253e-05 3.84216e-05 
0.0278431 2.19385e-05 2.66614e-07 0.0774178 0.020717 0.00100902 6.11396e-06 0.329787 0.0702276 0.0258449 4.33861e-05 0.422979 0.0241023 
0.0525859 0.00422093 1.27154e-06 0.0614475 0.07044 0.0279625 0.0339048 0.103956 0.27816 0.0320373 0.00237418 0.00612525 0.326784 
0.00046578 7.44612e-06 1.0434e-07 0.00276454 0.00474548 0.00394483 0.000113239 0.000296927 0.00237699 0.000210287 0.985001 3.54253e-05 3.84216e-05 
0.00046578 7.44612e-06 1.0434e-07 0.00276454 0.00474548 0.00394483 0.000113239 0.000296927 0.00237699 0.000210287 0.985001 3.54253e-05 3.84216e-05 
0.00571137 0.000455418 4.74528e-05 0.0414206 0.0151298 0.0128228 0.00104383 0.460392 0.0166887 0.0856609 6.19086e-05 0.0285829 0.331982 
0.00031671 0.00075157 3.595e-08 0.00145545 0.00944525 6.17862e-08 0.0165423 0.181091 0.146873 0.614115 0.000228563 0.00620871 0.0229733 
0.039025 0.00153293 2.8409e-05 0.144478 0.0577477 0.125373 0.0137096 0.0590552 0.462892 0.0212423 0.0435561 0.0218825 0.0094773 
0.00944759 0.00532484 2.43662e-05 0.710253 0.043403 0.0122238 0.00214019 0.0310282 0.153674 0.0144896 0.00359099 0.000418022 0.0139825 
0.000411346 0.987861 8.01512e-07 0.00242511 0.00319789 0.000785721 1.02708e-06 0.000229215 0.000435721 0.000994161 0.000391247 1.37901e-05 0.0032525 
0.00046578 7.44612e-06 1.0434e-07 0.00276454 0.00474548 0.00394483 0.000113239 0.000296927 0.00237699 0.000210287 0.985001 3.54253e-05 3.84216e-05 
0.0120899 0.000496815 1.66508e-07 0.0640738 0.00287804 0.0201622 1.5505e-05 0.0134209 0.877203 0.001941 1.38665e-05 0.0043845 0.00332071 
0.0474484 0.000120144 3.81773e-09 0.511947 0.303581 4.8578e-09 1.58114e-06 0.0189302 0.111153 0.00103003 1.67254e-06 0.000184 0.0056038 
0.0115447 0.00767508 5.71872e-07 0.0607557 0.00748965 0.00935359 1.78194e-05 0.78691 0.0149803 0.020838 0.000130204 0.0265374 0.0537675 
0.0767926 0.0208808 0.000822963 0.248189 0.276792 0.0310412 0.00425911 0.0480816 0.0836976 0.176611 0.00208185 0.00735212 0.023399 
0.00322825 0.0417573 3.0182e-07 0.0545302 0.364395 0.0813087 5.03183e-06 0.170933 0.215529 0.0284485 2.41193e-05 0.0029032 0.0369377 
0.0168261 0.000174951 7.23444e-06 0.0450306 0.0826092 0.174286 0.00755576 0.281914 0.0861856 0.217468 0.0587244 0.00232512 0.0268928 
0.21756 0.00177763 0.00021596 0.173332 0.111874 0.00987706 0.00549021 0.0479912 0.357715 0.0123705 0.00415062 0.0155794 0.0420655 
0.0272088 0.0143864 9.50228e-08 0.292273 0.024536 0.0703487 0.000263586 0.0750661 0.330447 0.0294552 0.00957135 0.0104043 0.116039 
0.0590788 0.0012056 1.71957e-07 0.0991357 0.112968 0.00513096 0.000685421 0.159812 0.0675774 0.398439 0.000664032 0.0242818 0.0710202 
0.00286213 0.66722 1.37748e-09 0.0559112 0.0199902 3.44886e-08 2.2336e-07 0.0957163 0.0951309 0.00269105 8.40035e-06 0.0517474 0.00872207 
0.00851169 0.0556067 1.21116e-07 0.231385 0.111832 0.0153661 2.77083e-06 0.0719346 0.00240425 0.481581 0.00173798 0.003767 0.015871 
0.0221267 0.00128341 1.40188e-06 0.242455 0.0823932 0.0346691 0.0540727 0.0886825 0.0850345 0.356585 0.00932946 0.00280291 0.0205639 
0.0565115 0.00455174 5.10135e-05 0.302355 0.0491837 0.451946 0.000913578 0.0322678 0.0131581 0.0281205 0.00344848 0.0352058 0.0222865 
0.00046578 7.44612e-06 1.0434e-07 0.00276454 0.00474548 0.00394483 0.000113239 0.000296927 0.00237699 0.000210287 0.985001 3.54253e-05 3.84216e-05 
0.00158992 0.000110285 1.08146e-08 0.023596 0.0105749 0.00761365 0.0019028 0.00154146 0.85971 0.00322547 0.0403253 0.0496511 0.000159039 
0.0238801 0.000801575 4.25165e-06 0.0617084 0.00681203 0.00060862 3.87672e-05 0.0449076 0.773857 0.039925 0.0132771 0.0063717 0.0278077 
2.39304e-08 0.000260545 1.6306e-09 0.197391 0.00629108 0.00659106 0.0054861 0.292082 0.00402617 0.000598791 2.0619e-07 0.0015209 0.485752 
0.000691471 0.00244696 1.8916e-07 0.0180745 0.0103628 0.818381 0.000160377 0.00435442 0.144791 2.27816e-05 0.000446715 0.000100193 0.00016821 
0.675874 0.0223414 3.53582e-07 0.0429791 0.00827895 0.00308815 0.000473895 0.0084988 0.166495 0.000266645 1.81506e-05 0.00058074 0.0711047 
0.0143763 4.41128e-08 6.06502e-09 0.398424 0.0180902 2.12061e-08 6.12095e-07 0.227119 0.3243 0.0131972 1.23353e-05 0.00166389 0.00281594 
0.0373756 0.000933158 1.02901e-05 0.354402 0.00926188 0.147653 0.00307907 0.00293317 0.389422 0.00541166 0.000187726 0.000459607 0.0488707 
0.00690257 9.37571e-05 7.80638e-07 0.0268166 0.138876 7.20879e-06 1.50432e-06 0.061078 0.0152115 0.740778 1.06395e-06 0.010181 5.19504e-05 
0.00836453 0.000823621 3.08033e-07 0.0608237 0.00148953 0.0370285 2.06838e-05 0.0120345 0.865759 0.00156362 2.58687e-05 0.00749827 0.00456795 
8.26428e-05 7.10928e-07 1.33273e-07 0.23126 0.0155883 0.00065693 1.30788e-05 0.65007 0.0219642 0.0480111 2.15473e-07 0.0318979 0.000454772 
0.0278613 0.000787522 2.64415e-07 0.0322992 0.029792 2.45544e-06 0.000458315 0.105952 0.735433 0.0250992 0.015461 0.0248746 0.00197868 
0.095989 0.00181487 1.29209e-05 0.193977 0.00482479 0.080739 2.35919e-05 0.000467754 0.610904 0.0105961 7.35491e-05 0.000109434 0.000467915 
0.00895425 0.000496658 3.33966e-05 0.0963029 0.61823 0.000182808 6.36655e-05 0.117984 0.0986417 0.0174506 0.0291305 0.0014573 0.0110719 
0.224104 0.00505614 1.47306e-05 0.087496 0.0243934 0.0025895 0.000409878 0.163048 0.240898 0.206762 8.54809e-05 0.0103267 0.0348165 
0.00786621 0.000999134 8.24006e-07 0.0577891 0.0661447 0.735666 0.00050875 0.016489 0.0278488 0.0834441 0.0001438 0.00108506 0.00201485 
0.00233018 0.00100136 2.75603e-10 0.620186 0.121758 0.0696245 0.0196404 0.0223039 0.0247164 0.00390806 0.0939883 0.000169229 0.0203737 
0.00425289 0.0100991 2.65964e-05 0.117628 0.00541798 0.00859589 0.000185413 0.0124791 0.682214 0.00262736 0.000789642 0.153162 0.00252247 
0.0118491 0.00771158 1.28209e-09 0.000545671 0.716866 0.0431828 7.99117e-05 0.0417334 0.156036 0.0182794 0.00256839 0.000405163 0.000742796 
0.00046578 7.44612e-06 1.0434e-07 0.00276454 0.00474548 0.00394483 0.000113239 0.000296927 0.00237699 0.000210287 0.985001 3.54253e-05 3.84216e-05 
0.000877016 0.000187458 7.66565e-08 0.486744 0.00604021 0.0530159 1.0642e-07 0.00867759 0.00310866 0.440775 3.73926e-05 5.85726e-05 0.000478343 
0.0343724 0.00259948 1.41036e-05 0.0709585 0.0798804 0.00135612 0.0023073 0.112544 0.623468 0.0632415 0.00500945 0.0020186 0.00223048 
0.0180582 1.29186e-06 3.49977e-10 0.0523473 0.173878 0.548274 4.85864e-10 7.10852e-08 0.195295 0.0121455 3.38541e-07 8.38106e-07 6.05216e-09 
0.0160504 0.0034975 2.82697e-05 0.237697 0.0131966 0.0456213 3.85598e-05 0.0123794 0.539247 0.0887982 0.000241135 0.0332867 0.0099185 
0.00756248 7.3998e-05 7.25041e-05 0.0734367 0.291185 0.023901 0.000677044 0.00755317 0.426041 0.12627 0.0297793 0.0133075 0.000139145 
0.0314294 0.000667116 0.000149019 0.0648456 0.152544 0.593682 0.00212065 0.0133007 0.0309374 0.0481454 0.0256261 0.0340203 0.00253327 
0.0113742 0.000128223 9.18198e-06 0.0451508 0.0512199 0.0359326 0.0812811 0.287083 0.149263 0.0197365 0.00296813 0.279913 0.0359417 
0.00046578 7.44612e-06 1.0434e-07 0.00276454 0.00474548 0.00394483 0.000113239 0.000296927 0.00237699 0.000210287 0.985001 3.54253e-05 3.84216e-05 
0.00046578 7.44612e-06 1.0434e-07 0.00276454 0.00474548 0.00394483 0.000113239 0.000296927 0.00237699 0.000210287 0.985001 3.54253e-05 3.84216e-05 
0.00204346 0.00162101 4.35706e-08 0.0753427 1.50038e-06 3.44288e-07 1.87131e-06 0.775648 0.0152256 0.0321615 0.000105375 0.0562456 0.0416031 
0.0982458 2.91249e-07 1.37564e-10 0.334086 0.129105 0.00641708 3.24899e-07 0.00790808 0.41507 0.00116497 0.00744901 1.19292e-07 0.000554595 
0.104808 9.49375e-05 2.90427e-06 0.152846 0.0860696 0.0144402 8.32321e-05 0.0207306 0.195053 0.413956 0.000105064 0.00148229 0.0103285 
0.00706412 0.00554012 1.91107e-07 0.0114073 0.011503 0.682731 0.000455443 0.0105521 0.262824 0.000252196 0.000744816 0.000303076 0.00662239 
0.00046578 7.44612e-06 1.0434e-07 0.00276454 0.00474548 0.00394483 0.000113239 0.000296927 0.00237699 0.000210287 0.985001 3.54253e-05 3.84216e-05 
0.00611523 5.59551e-05 1.13593e-05 0.218354 0.0430048 0.0369247 0.00114865 0.0971661 0.0392479 0.547825 0.00680892 0.00283505 0.000502289 
0.00046578 7.44612e-06 1.0434e-07 0.00276454 0.00474548 0.00394483 0.000113239 0.000296927 0.00237699 0.000210287 0.985001 3.54253e-05 3.84216e-05 
0.0269491 0.002254 4.5561e-05 0.0646649 0.0697828 0.485899 0.0021389 0.00885837 0.31129 0.00406774 0.0123937 0.000506556 0.0111488 
0.154694 0.00144738 5.43306e-07 0.516154 0.038682 0.0049808 4.03801e-06 0.0128122 0.241665 0.0160883 0.000283283 0.000565523 0.0126227 
0.0496819 0.000146875 1.82869e-08 0.0930891 0.0605678 0.00324278 0.216927 0.00154604 0.554356 0.0196059 2.29331e-06 0.000602373 0.000231867 
0.017174 0.000567485 6.13903e-05 0.51184 0.347896 0.0312753 0.00820259 0.0285998 0.043677 0.0049553 0.00266467 0.000564291 0.00252144 
0.00957595 5.44317e-05 7.94077e-06 0.0786282 0.118698 0.00209779 8.53642e-05 0.00217472 0.0120558 0.0023923 0.000127544 8.97061e-05 0.774012 
0.00046578 7.44612e-06 1.0434e-07 0.00276454 0.00474548 0.00394483 0.000113239 0.000296927 0.00237699 0.000210287 0.985001 3.54253e-05 3.84216e-05 
0.00695557 0.000269911 4.71993e-07 0.274777 0.00707193 0.00966992 1.0251e-05 0.0143842 0.677374 0.00487911 1.98799e-05 0.00430409 0.000283628 
0.132765 0.000648376 1.29722e-06 0.147839 0.302351 0.000177481 8.80823e-06 0.130323 0.167783 0.11508 1.90095e-06 0.00284522 0.000175382 
0.00335995 0.0445528 6.82009e-08 0.0403674 0.00206155 0.000799944 8.78778e-07 0.0223275 0.00832039 0.000270734 2.54684e-05 0.000419629 0.877494 
0.0131394 0.00178265 5.87872e-06 0.477683 0.254845 0.0103509 0.000652737 0.0479717 0.0878612 0.100858 3.17682e-05 0.00232861 0.00248942 
0.00557021 5.79131e-05 3.54603e-09 0.430483 0.540122 0.011036 0.000116286 9.9172e-06 0.00868454 0.000234776 0.00363793 1.43795e-05 3.33402e-05 
6.14201e-06 9.48068e-05 5.34958e-07 0.0190246 0.00439028 0.0786589 2.017e-05 0.64227 0.0237799 0.00343347 2.13864e-05 0.00391726 0.224383 
0.00582876 5.47619e-05 7.2381e-08 0.0505947 0.082316 2.04993e-06 0.00219504 0.0340941 0.806844 0.016497 7.40821e-08 0.00110303 0.000470437 
0.0375257 0.00772746 2.69785e-08 0.0373434 0.686645 0.000124048 0.0310822 0.0378049 0.118233 0.0430255 2.95344e-05 5.10971e-05 0.000408467 
0.00046578 7.44612e-06 1.0434e-07 0.00276454 0.00474548 0.00394483 0.000113239 0.000296927 0.00237699 0.000210287 0.985001 3.54253e-05 3.84216e-05 
0.00573732 0.00149949 7.98626e-07 0.0202776 0.000605828 0.00373871 1.68037e-05 0.0210763 0.857612 0.0007974 5.16531e-05 0.00843734 0.0801491 
0.0109253 5.34817e-05 4.39662e-07 0.0270704 0.0195118 0.00631968 0.00908333 0.074908 0.843348 0.000718934 2.22425e-05 0.00247854 0.00556038 
0.675874 0.0223414 3.53582e-07 0.0429791 0.00827895 0.00308815 0.000473895 0.0084988 0.166495 0.000266645 1.81506e-05 0.00058074 0.0711047 
1.35801e-06 4.55674e-05 6.06977e-10 0.0202114 0.000273736 0.000111808 5.04313e-07 0.670637 0.00433958 0.0191005 1.88391e-07 0.0226319 0.262647 
0.00106429 6.74148e-07 2.99625e-09 0.0854475 0.0290813 4.94509e-05 7.76014e-07 0.225991 0.0912694 0.51229 1.30386e-05 0.0518784 0.00291347 
0.00046578 7.44612e-06 1.0434e-07 0.00276454 0.00474548 0.00394483 0.000113239 0.000296927 0.00237699 0.000210287 0.985001 3.54253e-05 3.84216e-05 
0.00046578 7.44612e-06 1.0434e-07 0.00276454 0.00474548 0.00394483 0.000113239 0.000296927 0.00237699 0.000210287 0.985001 3.54253e-05 3.84216e-05 
0.00323953 0.000175425 1.25328e-05 0.00284163 0.00784453 0.958272 0.000120274 0.0116296 0.00259628 0.00168915 0.00205292 0.000290587 0.00923544 
0.0798058 0.000240228 1.37047e-08 0.703069 0.00641808 0.00197326 1.95156e-08 0.0074167 0.18753 0.0118468 1.7908e-05 0.00129424 0.00038772 
0.0969036 0.00121863 1.79081e-08 0.0640051 0.569518 0.000594061 0.000585457 0.0611177 0.146527 0.0107678 2.1668e-05 0.0191022 0.0296382 
0.00046578 7.44612e-06 1.0434e-07 0.00276454 0.00474548 0.00394483 0.000113239 0.000296927 0.00237699 0.000210287 0.985001 3.54253e-05 3.84216e-05 
0.00046578 7.44612e-06 1.0434e-07 0.00276454 0.00474548 0.00394483 0.000113239 0.000296927 0.00237699 0.000210287 0.985001 3.54253e-05 3.84216e-05 
0.0136989 0.000353619 4.55118e-06 0.19047 0.173015 0.00735155 1.18389e-05 0.415365 0.0841678 0.114747 0.000159116 0.000242402 0.000412799 
0.0658179 0.00263332 2.5061e-08 0.0496047 0.55846 0.00226648 0.0297275 0.102968 0.100607 0.0592124 7.27599e-05 0.000485719 0.0281436 
0.102735 1.96496e-06 4.22561e-09 0.0613729 0.137111 5.27861e-06 2.11419e-06 0.0126667 0.0932498 0.592668 2.10989e-06 0.000185568 1.33761e-07 
0.00207943 0.000576526 1.12198e-06 0.2317 0.0642078 0.00138808 0.00222399 0.118794 0.568763 0.00340305 3.84488e-06 0.00109016 0.00576963 
0.0145637 0.00599598 7.35293e-05 0.305546 0.0273724 0.16393 0.00264327 0.0466587 0.411411 0.0142302 0.000207907 0.00364893 0.00371856 
0.00059504 0.733402 4.68138e-09 0.00615648 0.0136083 0.0123343 7.31706e-05 0.0167309 0.0190604 0.190236 0.00126289 0.000224245 0.00631662 
0.00046578 7.44612e-06 1.0434e-07 0.00276454 0.00474548 0.00394483 0.000113239 0.000296927 0.00237699 0.000210287 0.985001 3.54253e-05 3.84216e-05 
0.00046578 7.44612e-06 1.0434e-07 0.00276454 0.00474548 0.00394483 0.000113239 0.000296927 0.00237699 0.000210287 0.985001 3.54253e-05 3.84216e-05 
0.00250485 0.00181066 1.48948e-08 0.533869 0.10363 0.000467101 8.41997e-06 0.0353674 0.240225 0.0100984 9.0794e-06 0.00373355 0.0682762 
0.0887354 0.00237892 1.06442e-07 0.0364013 0.0153565 0.0667029 0.000251708 0.282687 0.103107 0.275689 0.00778484 0.0404539 0.080451 
0.0573919 0.0017444 3.45726e-09 0.150499 0.657681 0.00223851 0.000459565 0.0341054 0.0848526 0.00862106 0.000135528 0.00209945 0.000171725 
0.00046578 7.44612e-06 1.0434e-07 0.00276454 0.00474548 0.00394483 0.000113239 0.000296927 0.00237699 0.000210287 0.985001 3.54253e-05 3.84216e-05 
0.00795772 0.00556752 2.86271e-07 0.0138257 0.0144507 0.614085 0.0004485 0.0135826 0.319619 0.000378288 0.000626193 0.000270477 0.00918754 
0.00046578 7.44612e-06 1.0434e-07 0.00276454 0.00474548 0.00394483 0.000113239 0.000296927 0.00237699 0.000210287 0.985001 3.54253e-05 3.84216e-05 
0.0235709 0.000516789 1.78838e-05 0.172368 0.104633 0.0510363 0.0263301 0.109792 0.439854 0.00262889 3.63018e-05 0.00146987 0.0677455 
0.00046578 7.44612e-06 1.0434e-07 0.00276454 0.00474548 0.00394483 0.000113239 0.000296927 0.00237699 0.000210287 0.985001 3.54253e-05 3.84216e-05 
0.00046578 7.44612e-06 1.0434e-07 0.00276454 0.00474548 0.00394483 0.000113239 0.000296927 0.00237699 0.000210287 0.985001 3.54253e-05 3.84216e-05 
0.0180582 1.29186e-06 3.49977e-10 0.0523473 0.173878 0.548274 4.85864e-10 7.10852e-08 0.195295 0.0121455 3.38541e-07 8.38106e-07 6.05216e-09 
0.00653436 0.00293375 1.15621e-05 0.0386475 0.0326676 0.023296 8.58552e-05 0.557993 0.0373993 0.0310658 0.00869116 0.0229206 0.237754 
0.140644 0.00979394 1.64113e-06 0.128617 0.160858 0.0346263 0.000603541 0.0952951 0.342278 0.0667852 0.00177222 0.00909043 0.00963405 
0.00948219 5.18021e-05 2.27707e-06 0.347762 0.100074 0.0058013 0.000422401 0.127861 0.222414 0.0178921 0.017234 0.021914 0.129088 
0.00892099 0.00155652 1.35073e-05 0.112993 0.136632 0.00637412 0.0002375 0.48547 0.156008 0.0854043 1.59741e-05 4.06908e-05 0.00633278 
1.14296e-06 1.59061e-07 9.42865e-09 0.520059 0.111079 8.52823e-07 1.80792e-07 6.96328e-07 0.363398 0.00471121 1.30974e-07 0.000746768 2.83092e-06 
0.00286213 0.66722 1.37748e-09 0.0559112 0.0199902 3.44886e-08 2.2336e-07 0.0957163 0.0951309 0.00269105 8.40035e-06 0.0517474 0.00872207 
0.0977632 0.00324685 0.000469611 0.325484 0.193536 0.0233342 0.00269458 0.0584975 0.217948 0.0357439 0.00509733 0.00725017 0.0289341 
0.00046578 7.44612e-06 1.0434e-07 0.00276454 0.00474548 0.00394483 0.000113239 0.000296927 0.00237699 0.000210287 0.985001 3.54253e-05 3.84216e-05 
0.000277983 0.000391697 3.45406e-10 0.0046779 0.00482176 0.000607878 1.79702e-06 0.862053 0.0816361 0.0058989 1.24893e-05 0.0315788 0.00804128 
4.29708e-08 4.60959e-07 9.76498e-12 0.00594947 0.000411729 0.00341333 1.35565e-11 0.228527 1.46038e-07 0.708864 0.000382025 0.00561586 0.0468353 
0.0339094 6.15306e-05 2.32554e-08 0.101673 0.137647 5.00764e-07 0.000109428 0.349138 0.163773 0.143261 2.83226e-05 0.0343812 0.0360172 
0.0507554 0.0024792 2.0401e-09 0.00328528 0.635008 0.00184506 0.000698646 0.167741 0.0899671 0.047525 0.000507625 0.000147876 3.9446e-05 
0.00765174 0.000188023 3.10434e-06 0.507212 0.0753317 0.037188 0.00291119 0.0543625 0.113867 0.168478 0.012558 0.00440631 0.0158422 
0.00046578 7.44612e-06 1.0434e-07 0.00276454 0.00474548 0.00394483 0.000113239 0.000296927 0.00237699 0.000210287 0.985001 3.54253e-05 3.84216e-05 
0.00187677 0.00313307 1.48157e-06 0.227375 0.65251 0.0013154 0.000139811 0.0348885 0.0499469 0.0218189 3.87973e-05 0.000211805 0.00674394 
0.0264734 6.05972e-05 1.32537e-05 0.516576 0.0313828 0.0573421 4.60682e-05 0.0899066 0.0588912 0.175755 0.000624705 0.00552923 0.037399 
0.111174 0.0036257 0.000864347 0.256596 0.413594 0.0215628 0.00228962 0.0378939 0.0975031 0.0371564 0.00479371 0.00219119 0.0107555 
0.0049043 1.72952e-05 2.93243e-11 0.166279 0.017959 0.0357486 4.07102e-11 0.143971 9.58829e-07 0.629959 0.000503381 3.87427e-07 0.000657546 
0.00046578 7.44612e-06 1.0434e-07 0.00276454 0.00474548 0.00394483 0.000113239 0.000296927 0.00237699 0.000210287 0.985001 3.54253e-05 3.84216e-05 
0.00215074 0.00440423 5.52843e-07 0.0174784 0.036777 0.0162553 5.24184e-05 0.182516 0.620824 0.089231 7.49585e-05 0.0279118 0.00232385 
0.675874 0.0223414 3.53582e-07 0.0429791 0.00827895 0.00308815 0.000473895 0.0084988 0.166495 0.000266645 1.81506e-05 0.00058074 0.0711047 
0.00046578 7.44612e-06 1.0434e-07 0.00276454 0.00474548 0.00394483 0.000113239 0.000296927 0.00237699 0.000210287 0.985001 3.54253e-05 3.84216e-05 
0.00097513 0.000172091 7.98043e-07 0.642428 0.342783 0.000737059 5.53034e-05 0.00110399 0.00256542 0.00726922 2.50239e-05 5.461e-05 0.00183008 
0.00585955 0.0475238 1.13472e-05 0.136303 0.029706 0.0913911 0.000105563 0.0196901 0.448335 0.0903375 0.000728157 0.00105399 0.128955 
0.00046578 7.44612e-06 1.0434e-07 0.00276454 0.00474548 0.00394483 0.000113239 0.000296927 0.00237699 0.000210287 0.985001 3.54253e-05 3.84216e-05 
0.00229933 5.45794e-09 1.05486e-09 0.784376 0.0872087 1.52666e-05 2.46048e-09 0.0312001 0.0903186 0.000932608 1.369e-09 0.000177784 0.00347197 
0.000136072 0.0763583 5.79995e-08 0.00649452 0.0131569 0.00398154 2.42282e-07 0.428483 0.00818922 0.0424192 9.40182e-05 0.384134 0.0365526 
0.0912381 0.00136202 1.11706e-05 0.319624 0.441093 0.0188617 0.000496495 0.0281244 0.050423 0.00816563 0.000596513 0.000668185 0.0393357 
0.00046578 7.44612e-06 1.0434e-07 0.00276454 0.00474548 0.00394483 0.000113239 0.000296927 0.00237699 0.000210287 0.985001 3.54253e-05 3.84216e-05 
0.00046578 7.44612e-06 1.0434e-07 0.00276454 0.00474548 0.00394483 0.000113239 0.000296927 0.00237699 0.000210287 0.985001 3.54253e-05 3.84216e-05 
0.00046578 7.44612e-06 1.0434e-07 0.00276454 0.00474548 0.00394483 0.000113239 0.000296927 0.00237699 0.000210287 0.985001 3.54253e-05 3.84216e-05 
0.00331938 0.000301219 1.13778e-11 0.433898 0.510184 0.00292457 3.14078e-07 0.00675301 0.0132955 0.0281681 0.000366812 0.000122328 0.000667376 
0.00046578 7.44612e-06 1.0434e-07 0.00276454 0.00474548 0.00394483 0.000113239 0.000296927 0.00237699 0.000210287 0.985001 3.54253e-05 3.84216e-05 
0.000256514 0.00321049 1.84896e-09 0.0244689 0.122997 3.06818e-08 6.26092e-07 0.104764 0.0220941 0.716693 1.76614e-07 9.87671e-08 0.00551495 
0.0742245 0.0161101 4.57049e-08 0.0374069 0.0921454 0.000492346 9.23739e-05 0.34774 0.096958 0.311333 3.18216e-05 0.00801069 0.0154552 
0.00188249 0.000859641 7.76591e-06 0.00648005 0.000876833 0.002869 0.00311763 0.213144 0.0776343 0.00547862 1.08907e-05 0.576287 0.111352 
0.00635067 0.000382061 3.81769e-07 0.0296728 0.0801948 0.00459792 6.21806e-05 0.0585269 0.00807703 0.034158 0.000143322 1.02857e-05 0.777824 
0.002815 0.000393766 1.05237e-06 0.039169 0.154932 0.625172 3.27681e-06 0.0152464 0.0487681 0.0855861 0.0174789 0.0103084 0.000126556 
0.00046578 7.44612e-06 1.0434e-07 0.00276454 0.00474548 0.00394483 0.000113239 0.000296927 0.00237699 0.000210287 0.985001 3.54253e-05 3.84216e-05 
0.146562 0.00371091 6.66389e-05 0.211266 0.00686755 0.013035 0.000262927 0.0336747 0.470938 0.0997488 0.000195587 0.000620617 0.0130514 
0.00784341 0.000309464 1.16304e-05 0.158198 0.00126867 0.000650638 0.000737779 0.0139654 0.582061 0.0105514 4.19995e-05 0.178843 0.0455175 
0.00749763 0.796079 2.32179e-06 0.0250106 0.0750654 0.00581658 0.000481628 0.0220069 0.033502 0.0301594 0.000552345 0.000131927 0.00369411 
0.00046578 7.44612e-06 1.0434e-07 0.00276454 0.00474548 0.00394483 0.000113239 0.000296927 0.00237699 0.000210287 0.985001 3.54253e-05 3.84216e-05 
0.000209906 9.10453e-11 8.62152e-11 0.816948 0.102515 3.4198e-08 9.5309e-06 0.0284583 0.0476745 0.00113015 3.21047e-08 0.00270844 0.000346948 
0.0628988 0.00119365 1.58551e-05 0.0481319 0.024957 0.00373136 0.00711889 0.0101489 0.752284 0.00483638 2.16427e-05 0.0539741 0.0306873 
0.0435766 0.000252466 3.41865e-05 0.610616 0.120083 0.0237033 6.64695e-05 0.0194781 0.137071 0.033912 0.000121421 0.00119191 0.00989399 
0.00724369 0.00463385 4.5925e-06 0.086558 0.0546993 0.00120344 0.0154397 0.550602 0.0765303 0.102206 1.49321e-05 0.0468279 0.0540367 
0.0311445 0.0150782 0.0026242 0.375051 0.392232 0.00738916 0.00358018 0.0487942 0.0592074 0.044735 0.00932222 0.00554711 0.00529516 
0.00180007 0.000955191 7.58575e-07 0.0233679 0.000417293 0.00195214 1.67395e-06 0.0220294 0.887608 0.0010397 4.60405e-05 0.0115267 0.0492553 
0.00509159 0.0131793 7.18392e-06 0.000536377 0.18947 0.0192513 1.65018e-05 0.0983305 0.172209 0.00559649 0.490555 0.00543557 0.000320884 
0.0470616 0.00287596 4.62462e-11 0.0448103 0.0574193 0.481142 3.23132e-06 0.00110968 0.198173 0.0446601 0.120574 0.00204681 0.000124297 
0.0373844 0.000793038 1.03928e-06 0.156514 0.474827 0.0819863 0.00967077 0.0343003 0.16998 0.0200943 0.0101554 0.00380122 0.000492113 
0.0228076 0.00173677 2.21219e-07 0.0888964 0.039224 0.101778 4.30172e-05 0.115503 0.592202 0.00365702 0.000181736 0.00989605 0.0240742 
0.0447399 0.000473356 6.07391e-10 0.00961984 0.580982 1.93627e-07 0.000182339 0.161603 0.190293 0.00496899 6.91018e-06 0.00267137 0.00445852 
0.00046578 7.44612e-06 1.0434e-07 0.00276454 0.00474548 0.00394483 0.000113239 0.000296927 0.00237699 0.000210287 0.985001 3.54253e-05 3.84216e-05 
0.0100144 0.00251599 8.97429e-06 0.599945 0.0646702 0.14588 0.0021908 0.0415553 0.0983387 0.0131843 0.00355837 0.00360019 0.0145375 
0.00046578 7.44612e-06 1.0434e-07 0.00276454 0.00474548 0.00394483 0.000113239 0.000296927 0.00237699 0.000210287 0.985001 3.54253e-05 3.84216e-05 
0.00046578 7.44612e-06 1.0434e-07 0.00276454 0.00474548 0.00394483 0.000113239 0.000296927 0.00237699 0.000210287 0.985001 3.54253e-05 3.84216e-05 
0.0380557 0.00164066 2.19363e-06 0.223872 0.0951688 8.70824e-05 3.94911e-05 0.0149982 0.622792 0.00300831 3.76574e-06 0.000181642 0.000149503 
0.00046578 7.44612e-06 1.0434e-07 0.00276454 0.00474548 0.00394483 0.000113239 0.000296927 0.00237699 0.000210287 0.985001 3.54253e-05 3.84216e-05 
0.000109431 0.00486129 2.81209e-09 0.215618 0.0667742 0.118283 0.000175212 0.0192701 0.00623277 0.0303658 0.492131 0.000620075 0.0455581 
0.00046578 7.44612e-06 1.0434e-07 0.00276454 0.00474548 0.00394483 0.000113239 0.000296927 0.00237699 0.000210287 0.985001 3.54253e-05 3.84216e-05 
0.00250945 1.44274e-05 4.68394e-06 0.0193288 0.0065609 0.0506376 0.000174659 0.164271 0.164466 0.591536 0.000113323 8.0468e-05 0.000302609 
0.00718693 0.000173119 3.32298e-08 0.0236121 0.253665 0.575582 0.00455883 0.010151 0.0331969 0.0677607 0.0227142 0.000128601 0.00127138 
0.0205845 0.00365771 1.29834e-06 0.138369 0.00946056 0.00834622 2.74878e-06 0.0218938 0.743683 0.0406098 9.90924e-05 0.00110268 0.0121895 
0.0469292 0.000359473 7.95035e-07 0.42006 0.464217 0.00659572 0.000346819 0.00297722 0.0511509 0.00223944 0.00375933 1.33009e-05 0.00135086 
0.000652372 0.000703745 3.41234e-09 0.00306473 0.00139288 0.000319957 1.20695e-08 0.888674 0.00366774 0.0651852 8.84416e-07 0.0241201 0.0122186 
0.00825463 1.78832e-05 4.22357e-08 0.34725 0.0812324 0.000192954 1.50795e-05 0.0617086 0.473832 0.00251892 8.42089e-07 0.00028744 0.0246896 
0.00046578 7.44612e-06 1.0434e-07 0.00276454 0.00474548 0.00394483 0.000113239 0.000296927 0.00237699 0.000210287 0.985001 3.54253e-05 3.84216e-05 
6.01217e-06 3.90872e-05 7.8701e-07 0.000993384 0.169756 4.23491e-05 3.17262e-06 0.0599649 3.55806e-06 0.609177 3.76483e-06 2.30531e-05 0.159986 
0.675874 0.0223414 3.53582e-07 0.0429791 0.00827895 0.00308815 0.000473895 0.0084988 0.166495 0.000266645 1.81506e-05 0.00058074 0.0711047 
0.00503802 3.65411e-05 3.22529e-06 0.0537911 0.0687886 0.640927 0.0792563 0.0076973 0.011688 0.017808 0.111334 0.0014708 0.00216104 
0.00510334 0.000141413 5.58748e-06 0.0398242 0.00623016 0.000951568 3.06485e-05 0.0765462 0.0617513 0.770256 1.48026e-05 0.0349499 0.00419444 
0.00103439 0.0001315 2.7946e-10 0.0156521 0.0430519 0.00792634 8.28216e-05 0.0349879 0.0508237 0.0230173 0.0012102 0.228547 0.593535 
0.00238609 0.990416 3.80032e-08 0.0015147 0.000457412 0.000118253 2.01034e-05 0.00193911 0.000286972 0.00241052 2.47106e-05 7.22608e-05 0.000353968 
0.0131166 0.866988 3.45354e-06 0.0103135 0.0585426 0.0126661 3.52446e-05 0.00166639 0.00715397 0.0292696 5.53473e-05 0.000171986 1.71775e-05 
0.0758618 0.0016103 8.38151e-08 0.0956919 0.0285558 0.00557392 2.78414e-05 0.0267595 0.602935 0.023547 6.08158e-05 0.136199 0.00317717 
0.050242 7.44464e-05 4.37339e-06 0.0299319 0.0077879 0.000569476 0.00017396 0.0432278 0.00517795 0.857631 4.182e-05 0.00508625 5.10573e-05 
0.00312277 2.96785e-05 3.0639e-10 0.392747 0.585469 0.00161166 3.03239e-05 7.54888e-05 0.0125726 0.000472624 0.00366324 2.28098e-05 0.000182165 
0.00892147 0.00118548 1.57594e-07 0.0244453 0.0333404 0.759629 0.0101869 0.00110819 0.119647 0.00290164 0.0368071 0.000110599 0.00171642 
1.40556e-08 0.0039054 2.11953e-09 0.020295 4.74313e-08 0.00125633 1.28887e-05 0.637502 1.1997e-06 0.0246164 1.07303e-08 0.132238 0.180172 
0.0047261 0.00111383 1.5644e-06 0.0156761 0.0184489 0.326244 0.000659834 0.00788565 0.103751 0.00147149 0.516244 0.000443275 0.00333414 
0.00973903 0.0104978 3.96593e-07 0.147784 0.203483 0.0031977 0.00169454 0.0906979 0.511943 0.00823817 7.97115e-05 0.00749852 0.00514732 
0.000512307 0.00482168 1.60224e-05 0.442711 0.0499755 0.00136121 0.000152148 0.0975192 0.316785 0.0520893 0.000145727 0.00422477 0.0296857 
0.0535383 0.000117024 1.56523e-05 0.13112 0.405589 0.0642546 1.8334e-05 0.0128061 0.0418377 0.190791 0.0997508 7.22851e-05 8.92354e-05 
0.047705 0.000178366 1.05191e-05 0.603521 0.0734424 0.00674876 0.000962109 0.0807099 0.139824 0.0352737 5.89021e-05 0.00101434 0.0105511 
0.0286073 0.00100825 1.47934e-06 0.0933057 0.00841967 0.00159222 3.49921e-06 0.0224618 0.765327 0.0380461 0.000161099 0.00582547 0.0352403 
0.0642977 0.00168975 0.000201336 0.31121 0.0452702 0.0430352 0.0129079 0.0388373 0.381107 0.0329947 0.0186238 0.0205251 0.0293 
0.0968928 0.00122891 0.000153198 0.284308 0.0407158 0.0376479 0.000451394 0.0719629 0.177154 0.277418 0.0037227 0.00340257 0.00494193 
0.00552765 0.000488001 4.95523e-05 0.705441 0.07141 0.00215714 0.000306595 0.0172261 0.139963 0.0140279 5.9483e-05 0.0114229 0.0319207 
0.00149606 0.000841423 9.34112e-07 0.0355413 0.00605735 0.0194757 0.000139265 0.769395 0.0240037 0.0592075 0.000338712 0.0092706 0.0742322 
0.0339057 0.0030722 1.69803e-06 0.476854 0.0312179 0.0201922 5.71247e-05 0.0346036 0.380948 0.0180686 7.29536e-06 0.000155336 0.000916014 
0.00912887 0.000458315 3.3581e-05 0.0317324 0.0211698 0.00202027 0.0007362 0.0493937 0.0403171 0.844286 6.53088e-05 9.60298e-05 0.00056221 
0.0531776 0.00348239 9.33816e-08 0.804611 0.0109293 0.00818565 3.14677e-05 0.0412224 0.028233 0.0167304 0.000158521 0.00132469 0.0319139 
0.00286213 0.66722 1.37748e-09 0.0559112 0.0199902 3.44886e-08 2.2336e-07 0.0957163 0.0951309 0.00269105 8.40035e-06 0.0517474 0.00872207 
0.139586 0.000134764 1.34735e-07 0.523251 0.129564 0.0052298 5.05702e-06 0.036955 0.158617 0.00066023 1.70935e-06 9.47444e-05 0.00590055 
0.00046578 7.44612e-06 1.0434e-07 0.00276454 0.00474548 0.00394483 0.000113239 0.000296927 0.00237699 0.000210287 0.985001 3.54253e-05 3.84216e-05 
0.0011387 9.8111e-08 4.38368e-12 0.0406305 0.009508 0.0253778 2.55497e-07 0.00019419 0.870828 0.00186562 0.000538587 0.0497085 0.000209338 
0.00217948 0.00161923 4.26187e-08 0.046962 0.002185 0.00375597 4.96248e-06 0.00286418 0.933428 0.00247059 7.70301e-05 0.000297947 0.00415521 
0.0011387 9.8111e-08 4.38368e-12 0.0406305 0.009508 0.0253778 2.55497e-07 0.00019419 0.870828 0.00186562 0.000538587 0.0497085 0.000209338 
0.00101694 0.000341265 1.60844e-06 0.0157804 0.0227846 0.0259637 0.00307407 0.00438319 0.920371 0.00195379 1.93222e-05 0.00302767 0.00128257 
0.0339387 0.00222189 4.52578e-06 0.0924694 0.281016 0.00692997 0.000458262 0.337883 0.0309944 0.209292 6.70829e-06 0.00138827 0.00339748 
0.000267032 0.00222214 4.60157e-06 0.157836 0.0387403 0.000718218 0.000661408 0.0824194 0.483147 0.182545 8.87218e-05 0.0306086 0.0207419 
0.000411346 0.987861 8.01512e-07 0.00242511 0.00319789 0.000785721 1.02708e-06 0.000229215 0.000435721 0.000994161 0.000391247 1.37901e-05 0.0032525 
0.00238609 0.990416 3.80032e-08 0.0015147 0.000457412 0.000118253 2.01034e-05 0.00193911 0.000286972 0.00241052 2.47106e-05 7.22608e-05 0.000353968 
0.0287574 0.00278628 0.000108187 0.161067 0.0910807 0.0674286 0.000578536 0.0358545 0.465187 0.115138 0.0137415 0.0113032 0.00696968 
0.0194236 0.000725665 1.7313e-05 0.0557613 0.0404319 0.0578404 0.00681269 0.272771 0.517342 0.00717234 0.000148683 0.00140613 0.0201475 
0.00046578 7.44612e-06 1.0434e-07 0.00276454 0.00474548 0.00394483 0.000113239 0.000296927 0.00237699 0.000210287 0.985001 3.54253e-05 3.84216e-05 
0.0146019 0.00135873 3.38235e-05 0.019063 0.0992206 0.171765 0.000823348 0.176796 0.377166 0.106304 0.000151858 0.00248534 0.030231 
0.0106089 0.0114128 5.12209e-06 0.185254 0.0211334 0.02584 0.00021172 0.0333558 0.692741 0.010853 5.85403e-05 0.000128212 0.00839726 
0.0268112 4.38218e-06 8.28069e-09 0.385311 0.0264926 0.000107423 1.57571e-07 0.270236 0.1664 0.112815 1.68997e-05 0.00780025 0.00400513 
