0.119208 0.0125952 1.02912e-05 0.0999718 0.491351 0.0252551 0.000155011 0.0288048 0.119262 0.0525102 0.0443638 0.000159517 0.00635247 
0.045803 0.00016891 9.81598e-08 0.504784 0.124976 0.00451574 0.000160574 0.0410956 0.257582 0.00270314 0.00166348 0.000657373 0.0158892 
0.0406824 0.00855149 6.5163e-05 0.118586 0.436696 0.00263468 0.00545862 0.101178 0.190324 0.0511387 7.3401e-05 0.00264931 0.0419617 
0.000530824 0.000168682 2.9146e-07 0.677753 0.272183 0.00451697 0.00123378 0.00359013 0.0385211 0.00119002 1.30977e-05 5.3357e-05 0.000245621 
0.00046578 7.44612e-06 1.0434e-07 0.00276454 0.00474548 0.00394483 0.000113239 0.000296927 0.00237699 0.000210287 0.985001 3.54253e-05 3.84216e-05 
0.00687616 0.00022357 1.30034e-08 0.0244298 0.00470756 0.033991 1.36685e-05 0.775921 0.0366879 0.0283702 0.000598065 0.0286248 0.0595567 
1.05028e-05 5.596e-11 5.29912e-11 4.43221e-05 8.87881e-06 0.00287094 1.37087e-08 0.000299279 4.68275e-06 0.000449868 0.996285 7.03947e-09 2.66085e-05 
0.00461367 0.000419122 9.56742e-08 0.254268 0.122561 0.00284374 0.000904182 0.00828252 0.565195 0.00272688 0.0380076 7.20989e-05 0.000105877 
0.227721 0.0272062 0.000199334 0.114141 0.140287 0.0255442 0.000283386 0.025333 0.41818 0.0164152 0.000335034 0.000779932 0.00357443 
0.0128295 0.000248008 2.22144e-05 0.116704 0.00253573 0.00266072 0.000455386 0.0701324 0.0216402 0.720036 0.000138774 0.0257003 0.0268961 
0.00238609 0.990416 3.80032e-08 0.0015147 0.000457412 0.000118253 2.01034e-05 0.00193911 0.000286972 0.00241052 2.47106e-05 7.22608e-05 0.000353968 
0.0254778 0.000238472 1.10963e-05 0.491123 0.242601 0.00812909 0.00501705 0.0411838 0.15425 0.0098677 0.0141879 0.000760889 0.00715158 
0.0542077 9.96264e-05 4.55166e-06 0.167573 0.35155 0.0812545 0.00528753 0.11303 0.208005 0.0103689 0.00299398 0.000201036 0.00542407 
0.0281044 0.738335 2.09274e-06 0.0431026 0.0304843 0.0280728 0.000230285 0.0477728 0.0102776 0.00860719 0.000174947 0.00276501 0.0620709 
2.75915e-07 0.166341 2.98596e-08 0.400463 0.0308674 0.0102241 1.15277e-06 0.217833 0.0378373 0.132192 0.000818607 0.0028296 0.000593504 
0.0129968 0.183356 1.34265e-07 0.080624 0.4069 0.0932244 0.000348724 0.0369625 0.10897 0.00883703 0.0307261 0.000111538 0.0369434 
0.00905155 3.55329e-06 6.41508e-08 0.0699095 0.097958 0.0406754 0.00451734 0.0642191 0.0456998 0.6648 0.000688703 5.39189e-05 0.00242329 
0.00345117 0.000120461 5.83943e-07 0.0129101 0.00378852 0.00367577 2.44434e-06 0.18698 0.0457918 0.0164704 0.000529062 0.0273622 0.698917 
0.00507241 0.000645972 9.20323e-09 0.0466275 0.252562 0.558619 3.83461e-08 0.00316024 0.089141 0.0122891 0.0314848 0.000383308 1.41825e-05 
0.056767 0.00117423 9.04803e-05 0.1444 0.228388 0.153724 0.000372875 0.0954116 0.0999541 0.20691 0.00759788 0.00382579 0.0013846 
0.00112967 8.61848e-05 1.1058e-06 0.183687 0.0611181 0.00045649 0.00474901 0.0966948 0.0643383 0.463209 0.000502833 0.0277442 0.0962826 
0.000407122 0.000979704 4.16113e-08 0.377605 0.0635925 0.000133057 1.43851e-07 0.0115584 0.000414415 0.544834 4.46821e-05 0.000206942 0.000223356 
0.0337103 0.013478 5.90439e-06 0.0875341 0.128861 0.0195845 8.93057e-05 0.287764 0.225517 0.0976409 0.022354 0.0310193 0.052441 
0.00217948 0.00161923 4.26187e-08 0.046962 0.002185 0.00375597 4.96248e-06 0.00286418 0.933428 0.00247059 7.70301e-05 0.000297947 0.00415521 
0.00046578 7.44612e-06 1.0434e-07 0.00276454 0.00474548 0.00394483 0.000113239 0.000296927 0.00237699 0.000210287 0.985001 3.54253e-05 3.84216e-05 
0.0153969 0.000649269 2.45067e-07 0.504951 0.0822607 0.00132967 0.000220807 0.0319216 0.349777 0.0102921 7.44603e-06 0.000422366 0.00277019 
0.00845174 0.00184887 6.39296e-06 0.0639539 0.012866 0.428602 0.000395045 0.0177671 0.0746131 0.0194721 0.353872 0.00103996 0.0171115 
0.00159346 0.0006393 5.93698e-06 0.0253275 0.00241296 0.0147264 0.000109585 0.357227 0.0876085 0.0151466 0.000166975 0.410645 0.0843915 
0.0125255 0.00395225 7.79723e-07 0.0655441 0.100462 0.00133386 0.00384819 0.209048 0.0545864 0.417122 0.000675063 0.00485572 0.126047 
0.0212463 0.00127509 0.00034779 0.588889 0.0409132 0.0447583 0.00185422 0.0414034 0.192407 0.0219789 0.000367001 0.00317278 0.0413869 
0.0169493 6.92237e-05 1.98897e-09 0.1099 0.705217 0.00506711 0.000558233 0.00142551 0.15906 0.0015112 0.00023251 2.4172e-06 7.42525e-06 
0.00046578 7.44612e-06 1.0434e-07 0.00276454 0.00474548 0.00394483 0.000113239 0.000296927 0.00237699 0.000210287 0.985001 3.54253e-05 3.84216e-05 
0.00037673 0.000209899 1.10343e-07 0.113694 0.0183954 0.000361301 1.79177e-07 0.0837563 0.302868 0.476626 0.000250125 0.000704367 0.00275765 
5.0543e-07 0.000462208 2.64518e-10 0.0311514 0.00184249 0.000844762 3.67224e-10 0.204033 0.0460307 0.189305 3.24322e-08 0.482023 0.0443063 
0.00286213 0.66722 1.37748e-09 0.0559112 0.0199902 3.44886e-08 2.2336e-07 0.0957163 0.0951309 0.00269105 8.40035e-06 0.0517474 0.00872207 
0.00836453 0.000823621 3.08033e-07 0.0608237 0.00148953 0.0370285 2.06838e-05 0.0120345 0.865759 0.00156362 2.58687e-05 0.00749827 0.00456795 
6.08464e-07 1.76422e-06 6.38881e-12 0.0107923 0.026309 0.218395 8.99934e-08 4.68681e-09 0.000153047 0.0071949 0.73715 3.24973e-06 3.61238e-07 
0.0124106 0.102515 2.74509e-05 0.0479196 0.0186998 0.0115046 0.00217334 0.0279723 0.0165483 0.0488814 0.706941 0.00155703 0.00285028 
0.0490192 0.000379639 7.21897e-07 0.0889252 0.0989333 0.0739 0.00205482 0.0523241 0.534285 0.0462192 0.0335945 0.0123921 0.00797228 
0.00451029 8.76306e-05 3.29816e-09 0.119566 0.14589 1.21131e-05 0.0223548 0.0883204 0.615253 0.00348806 7.19868e-09 0.000440424 7.79844e-05 
0.00146686 0.000331789 1.43487e-08 0.00892841 0.0109241 0.0343022 8.91305e-06 0.866997 0.0464461 0.0246141 0.000137287 0.000791032 0.00505184 
0.000892285 0.000177185 6.58963e-07 0.0116856 0.0039448 0.000316523 2.32042e-05 0.930907 0.0320495 0.00426355 5.54684e-05 0.0131586 0.00252529 
0.0129269 0.0290471 4.67565e-08 0.169036 0.169309 0.000400932 9.39734e-06 0.212375 0.326723 0.073122 0.000111235 0.00580289 0.00113686 
0.000144533 3.9529e-05 6.57014e-07 0.579448 0.0128687 0.0152454 1.79473e-06 0.0797768 0.167497 0.0373349 2.62087e-05 0.0642352 0.0433815 
0.00264611 0.0107146 4.48072e-07 0.00706333 0.0210819 0.0564868 0.00114403 0.821783 0.0552883 0.0139559 0.000278017 0.00260433 0.00695331 
0.00398897 0.109862 6.59588e-05 0.0923103 0.0477218 0.0574964 0.00018615 0.308393 0.160017 0.0845811 0.000686655 0.0108371 0.123853 
0.0818278 0.00329998 2.09374e-08 0.174588 0.166072 0.0303027 0.00055187 0.0296629 0.349945 0.125191 0.0024729 0.00659121 0.0294935 
0.0524281 0.000979621 4.48675e-05 0.263612 0.258937 0.0617011 0.00484032 0.149884 0.126939 0.0173091 0.0199464 0.0189841 0.0243945 
0.000514127 0.000357204 1.08065e-06 0.0493181 0.0123293 0.0104165 1.0156e-05 0.382443 0.0163414 0.0648137 0.000119671 0.339736 0.1236 
0.000377335 2.27357e-05 1.35919e-09 0.032666 0.0865824 0.428237 6.09478e-06 0.00812402 0.00780846 0.0579201 0.377366 0.000471669 0.000418684 
0.0190967 0.00186372 4.1555e-06 0.343899 0.1075 0.0134406 0.0121599 0.0948519 0.311247 0.069765 0.00106823 0.00929989 0.0158042 
0.0555441 0.00120775 4.8301e-07 0.187504 0.0566954 0.00185092 1.99629e-06 0.0845912 0.586676 0.0186761 7.89003e-06 0.000163946 0.00708004 
0.00964099 0.0257977 1.98428e-06 0.171964 0.045664 0.0848245 0.00110697 0.369851 0.0605111 0.0220404 0.000122924 0.00246381 0.206011 
0.00046578 7.44612e-06 1.0434e-07 0.00276454 0.00474548 0.00394483 0.000113239 0.000296927 0.00237699 0.000210287 0.985001 3.54253e-05 3.84216e-05 
0.675874 0.0223414 3.53582e-07 0.0429791 0.00827895 0.00308815 0.000473895 0.0084988 0.166495 0.000266645 1.81506e-05 0.00058074 0.0711047 
0.000648861 0.00256407 3.94233e-07 0.0199978 0.00869656 0.853787 2.41854e-05 0.00768132 0.105725 2.0676e-05 0.000484226 0.000164864 0.000204668 
0.0200124 0.000688248 9.05231e-07 0.031364 0.0178381 0.011787 0.00170449 0.196362 0.150111 0.038376 3.94924e-05 0.000875246 0.530842 
0.0104294 0.00293085 5.27344e-09 0.623878 0.187603 0.0634176 4.24578e-07 0.0557572 0.0324661 0.0176233 7.37358e-05 0.00520698 0.000612925 
0.0375395 0.00381694 0.000102909 0.589377 0.165662 0.0216314 0.00354762 0.0461815 0.0698831 0.0447048 0.00383583 0.000995831 0.0127219 
0.00046578 7.44612e-06 1.0434e-07 0.00276454 0.00474548 0.00394483 0.000113239 0.000296927 0.00237699 0.000210287 0.985001 3.54253e-05 3.84216e-05 
0.065828 0.00142638 0.000126493 0.0870544 0.0904301 0.0897764 0.000494115 0.0633484 0.0444535 0.403192 0.0243965 0.127448 0.00202657 
0.0405294 0.00117846 8.88316e-05 0.451065 0.196504 0.0178736 0.0056306 0.0333676 0.223992 0.0221601 0.00396736 0.000603348 0.00303986 
0.000117021 0.000767248 3.45232e-08 0.00109091 0.00666659 0.846668 0.00109135 0.0555679 0.0012342 0.0325463 0.0346942 0.000662254 0.0188935 
0.0189921 0.00026898 1.87305e-09 0.515383 0.336156 0.0120548 7.97947e-05 0.0503837 0.0239672 0.00478906 0.0371123 0.000423728 0.000388927 
0.0060186 0.00171516 5.04851e-06 0.0730999 0.0908584 0.00362538 7.33996e-05 0.614926 0.0556609 0.0594317 0.0369494 0.0405114 0.0171249 
0.0251978 0.00167635 0.000296741 0.228449 0.107985 0.157573 0.000574918 0.0791562 0.00138782 0.38134 0.00295159 0.00526818 0.0081436 
0.000256514 0.00321049 1.84896e-09 0.0244689 0.122997 3.06818e-08 6.26092e-07 0.104764 0.0220941 0.716693 1.76614e-07 9.87671e-08 0.00551495 
0.0928082 0.00239218 0.000889565 0.209594 0.383894 0.0178921 0.00127162 0.0496763 0.169669 0.0399519 0.00181487 0.00624502 0.0239008 
0.0386106 0.00024997 1.5486e-09 0.062893 0.0511551 3.5982e-05 4.07052e-09 0.474445 0.259196 0.0389845 1.94157e-05 0.0392657 0.0351439 
0.270579 0.000177177 1.06696e-05 0.043523 0.518228 0.000643159 5.21374e-05 0.0491116 0.0595338 0.0575062 5.16824e-05 6.51973e-05 0.00051817 
2.1616e-05 1.16818e-05 2.58901e-13 0.708872 0.011748 0.000571088 3.73891e-10 0.0450449 0.115259 0.00846027 3.16245e-06 0.090352 0.0196569 
0.00234157 0.865596 4.78907e-07 0.00447707 0.0919242 0.00579107 0.000134557 0.00626634 0.0115529 0.0116556 0.000183652 6.7338e-05 9.47436e-06 
0.0347697 0.0250959 1.57084e-06 0.243843 0.568111 0.0657335 0.00395585 0.0285219 0.0183422 0.00683633 0.00287156 0.000193599 0.00172413 
0.0173479 0.00163768 9.69068e-07 0.137474 0.0101408 0.1095 0.00104357 0.0163887 0.597042 0.00465919 0.00294842 0.0141819 0.0876354 
0.000407122 0.000979704 4.16113e-08 0.377605 0.0635925 0.000133057 1.43851e-07 0.0115584 0.000414415 0.544834 4.46821e-05 0.000206942 0.000223356 
0.00046578 7.44612e-06 1.0434e-07 0.00276454 0.00474548 0.00394483 0.000113239 0.000296927 0.00237699 0.000210287 0.985001 3.54253e-05 3.84216e-05 
0.00046578 7.44612e-06 1.0434e-07 0.00276454 0.00474548 0.00394483 0.000113239 0.000296927 0.00237699 0.000210287 0.985001 3.54253e-05 3.84216e-05 
0.00630901 0.00154112 6.28613e-06 0.0654822 0.0241056 0.29098 0.00029949 0.0796336 0.103764 0.135162 0.227563 0.0371217 0.0280308 
0.00046578 7.44612e-06 1.0434e-07 0.00276454 0.00474548 0.00394483 0.000113239 0.000296927 0.00237699 0.000210287 0.985001 3.54253e-05 3.84216e-05 
8.19003e-08 0.00471476 4.86605e-09 0.00282477 3.16047e-07 0.2392 0.000866244 0.725603 0.00938656 0.00270563 7.78596e-08 0.0046893 0.0100089 
0.0271488 0.00609634 1.93729e-07 0.309825 0.0308516 0.00307439 0.0208532 0.0433021 0.510781 0.00511231 5.16395e-05 0.00180216 0.0411011 
0.007873 0.00197111 9.77563e-06 0.175107 0.0470815 0.061218 1.79206e-05 0.207329 0.289114 0.188288 0.000729243 0.0165909 0.00467075 
0.0115453 0.00046473 5.82244e-05 0.315517 0.0278559 0.0414221 0.00366505 0.0890582 0.448529 0.0577237 0.00010582 0.00375486 0.000299839 
0.0525859 0.00422093 1.27154e-06 0.0614475 0.07044 0.0279625 0.0339048 0.103956 0.27816 0.0320373 0.00237418 0.00612525 0.326784 
0.00123538 0.000152175 2.05614e-06 0.0382405 0.019915 0.000197773 5.78315e-06 0.0498779 0.0285381 0.853744 0.0003694 0.00145966 0.00626191 
0.00463752 0.00157163 1.7644e-06 0.0595921 0.0303091 0.0552823 0.000265193 0.00896652 0.601073 0.0224871 0.101426 0.109548 0.00483979 
0.00238171 0.00389811 1.4192e-06 0.0151664 0.00486111 0.0162281 2.16199e-06 0.105836 0.010961 0.80887 0.0264091 0.0033496 0.0020346 
0.000411346 0.987861 8.01512e-07 0.00242511 0.00319789 0.000785721 1.02708e-06 0.000229215 0.000435721 0.000994161 0.000391247 1.37901e-05 0.0032525 
0.00046578 7.44612e-06 1.0434e-07 0.00276454 0.00474548 0.00394483 0.000113239 0.000296927 0.00237699 0.000210287 0.985001 3.54253e-05 3.84216e-05 
0.0128758 5.24703e-05 1.776e-08 0.818627 0.0209997 0.000467937 0.00017927 0.028811 0.100335 0.00448865 6.18531e-06 0.00085898 0.0122977 
0.0687814 0.00181501 3.11672e-06 0.0421389 0.696312 0.0010159 0.0183522 0.0475082 0.0675236 0.0492889 0.000393048 0.00520262 0.00166546 
0.0450297 0.000199336 2.56774e-06 0.0231804 0.00286547 0.00207551 1.58666e-05 0.0562116 0.0300043 0.00839403 0.000571061 0.0196254 0.811825 
0.014845 0.000447544 8.70417e-07 0.0410028 0.106408 0.0318142 0.00394431 0.0772426 0.686105 0.0275962 0.000102971 0.00847159 0.00201898 
0.0267928 0.00944834 7.29318e-08 0.0465488 0.05797 0.397167 0.0022886 0.079186 0.324312 0.00834696 0.00995108 0.0151795 0.0228089 
0.0693256 0.098953 0.000242552 0.296004 0.0272538 0.0577623 0.000432368 0.0777689 0.164027 0.151885 0.00755983 0.00136043 0.0474247 
0.0471159 8.13598e-07 4.5996e-12 0.15106 0.141665 6.80305e-08 1.32186e-07 0.0572814 0.560441 0.0416144 5.92591e-05 6.29729e-08 0.000761335 
0.00581403 0.000770007 5.59438e-05 0.250815 0.080335 0.00431246 0.0462665 0.00942774 0.547979 0.0195231 0.000592528 0.0327008 0.00140795 
0.107443 0.00635262 3.79298e-08 0.0784573 0.012095 2.18578e-06 3.83713e-06 0.231099 0.268009 0.261334 5.16955e-06 0.00287416 0.0323237 
0.00046578 7.44612e-06 1.0434e-07 0.00276454 0.00474548 0.00394483 0.000113239 0.000296927 0.00237699 0.000210287 0.985001 3.54253e-05 3.84216e-05 
0.261725 0.00130872 1.0245e-05 0.206803 0.00383865 0.0505788 4.00055e-05 0.000495367 0.464976 0.00942656 5.82521e-05 8.99671e-05 0.000648812 
0.00249173 0.000720806 1.02407e-07 0.0152467 0.0150645 0.872788 0.000471625 0.00065202 0.0282932 0.0061883 0.0454997 0.000300422 0.012283 
0.00046578 7.44612e-06 1.0434e-07 0.00276454 0.00474548 0.00394483 0.000113239 0.000296927 0.00237699 0.000210287 0.985001 3.54253e-05 3.84216e-05 
0.0259806 0.937933 2.44711e-07 0.0172674 0.0122452 0.00399857 0.000398319 0.000273578 0.00075883 0.00022518 2.56325e-05 9.54541e-05 0.000797627 
0.000360294 0.000491978 1.73517e-06 0.0255492 0.0028697 0.00428524 0.00799692 0.0748151 0.00362866 0.00201524 5.1378e-05 0.00161964 0.876315 
0.00046578 7.44612e-06 1.0434e-07 0.00276454 0.00474548 0.00394483 0.000113239 0.000296927 0.00237699 0.000210287 0.985001 3.54253e-05 3.84216e-05 
0.000411346 0.987861 8.01512e-07 0.00242511 0.00319789 0.000785721 1.02708e-06 0.000229215 0.000435721 0.000994161 0.000391247 1.37901e-05 0.0032525 
0.00046578 7.44612e-06 1.0434e-07 0.00276454 0.00474548 0.00394483 0.000113239 0.000296927 0.00237699 0.000210287 0.985001 3.54253e-05 3.84216e-05 
0.00316409 0.00172862 6.76164e-08 0.0663882 0.0376158 0.028138 0.00112469 0.0168673 0.0356895 0.0426877 0.757369 0.00120886 0.00801848 
0.0173209 0.000869359 1.32337e-05 0.39948 0.087569 0.00240365 0.00067779 0.0532152 0.13021 0.299545 0.000913632 2.24075e-05 0.00775961 
0.0166132 0.00225174 1.14229e-06 0.0213518 0.0582622 1.71584e-05 4.03552e-05 0.147465 0.41635 0.302051 0.0220601 0.000628346 0.0129076 
0.0274311 0.000387169 2.00701e-05 0.0615239 0.0920301 0.00537774 0.00622463 0.408577 0.385187 0.00570659 9.93735e-05 0.00652506 0.000910085 
0.0113162 0.000381571 6.12796e-05 0.130605 0.146147 0.11516 0.00254699 0.0261648 0.555658 0.0083067 0.000160829 0.000301386 0.00319015 
3.72732e-07 5.60149e-07 5.40572e-10 0.015104 0.0202378 0.020284 3.84559e-07 0.00323671 0.00341596 0.93586 0.000860667 0.000999649 1.25928e-07 
0.00628369 0.000377988 3.54863e-06 0.100793 0.0484409 0.42109 6.50176e-06 0.0383606 0.0541646 0.255795 0.0651404 0.00950044 4.33486e-05 
0.00676202 0.000135447 1.46496e-06 0.0721389 0.315881 0.172812 4.14221e-05 0.00385902 0.0138012 0.0487859 0.365544 0.000189059 4.85988e-05 
0.0206741 0.00208575 9.69613e-07 0.0421011 0.0480565 0.0283454 5.53685e-05 0.0209194 0.0713608 0.764791 0.000165789 0.000342752 0.00110109 
0.00046578 7.44612e-06 1.0434e-07 0.00276454 0.00474548 0.00394483 0.000113239 0.000296927 0.00237699 0.000210287 0.985001 3.54253e-05 3.84216e-05 
0.0179421 0.00357547 1.4407e-06 0.0266089 0.0168112 0.00102578 4.48382e-05 0.160871 0.0544846 0.717709 3.18214e-05 6.51948e-05 0.000828833 
0.0125187 0.00177127 8.76306e-07 0.0632593 0.0135648 0.00174871 2.60308e-05 0.297622 0.0910373 0.488127 0.000262082 0.028552 0.00150969 
0.0106809 0.000415418 6.23163e-09 0.0761342 0.0363555 0.00659789 0.000105512 0.168755 0.439105 0.158788 0.000192561 0.0478985 0.054971 
0.00046578 7.44612e-06 1.0434e-07 0.00276454 0.00474548 0.00394483 0.000113239 0.000296927 0.00237699 0.000210287 0.985001 3.54253e-05 3.84216e-05 
0.022687 0.0017657 1.89504e-06 0.119364 0.0125731 0.110989 0.000747044 0.0232407 0.623302 0.00776931 0.00366525 0.0115388 0.0623562 
0.0237549 0.00297416 2.79308e-05 0.083173 0.211017 0.225155 0.000805334 0.0919183 0.328115 0.014868 0.000667185 0.00354521 0.0139794 
0.0259735 0.00016327 7.87903e-06 0.512836 0.115184 0.00203102 0.000254805 0.0917277 0.215739 0.0312014 1.16152e-05 0.000932262 0.00393846 
0.0120953 0.00124191 1.9975e-10 0.127035 0.00494613 0.000868482 3.13734e-06 0.0533949 0.0242589 0.000706149 7.08547e-06 0.00112033 0.774322 
0.000490359 9.4518e-05 5.04753e-10 0.00511339 0.00895002 0.000840235 0.000408939 0.0213514 0.00453054 0.955063 1.28206e-05 0.00165783 0.00148693 
0.0120899 0.000496815 1.66508e-07 0.0640738 0.00287804 0.0201622 1.5505e-05 0.0134209 0.877203 0.001941 1.38665e-05 0.0043845 0.00332071 
0.0431533 5.99504e-05 1.41662e-06 0.309237 0.101265 0.00558255 0.000231979 0.37487 0.12044 0.0193195 0.00075361 0.000834505 0.0242513 
0.0274909 0.0945549 9.05362e-07 0.0682173 0.704397 0.000549834 0.0212205 0.0385877 0.00512102 0.0327939 0.000352065 0.000641998 0.00607146 
0.0311302 0.00114607 0.000137455 0.141851 0.215116 0.097425 0.000591146 0.0309134 0.430171 0.031944 0.0162109 0.00130107 0.0020623 
0.00046578 7.44612e-06 1.0434e-07 0.00276454 0.00474548 0.00394483 0.000113239 0.000296927 0.00237699 0.000210287 0.985001 3.54253e-05 3.84216e-05 
0.0815344 0.000172261 1.21682e-06 0.0899178 0.0583924 0.00051995 0.000481695 0.116959 0.63353 0.0161153 5.50564e-06 8.01938e-05 0.00229044 
0.00958282 0.00322888 0.0002905 0.0927378 0.0219016 0.011443 0.00116315 0.620647 0.0628517 0.03793 0.00208879 0.0362847 0.0998503 
0.158012 0.00010146 1.4113e-10 0.1539 0.335821 0.199466 1.52365e-05 0.00454266 0.00903852 0.134716 0.00425086 0.000134414 1.61348e-06 
0.000310366 9.49571e-05 5.05483e-09 0.0323951 0.0287811 0.00177191 5.16933e-07 0.662727 0.0121445 0.111193 1.95337e-06 0.00487672 0.145703 
0.00180007 0.000955191 7.58575e-07 0.0233679 0.000417293 0.00195214 1.67395e-06 0.0220294 0.887608 0.0010397 4.60405e-05 0.0115267 0.0492553 
0.00046578 7.44612e-06 1.0434e-07 0.00276454 0.00474548 0.00394483 0.000113239 0.000296927 0.00237699 0.000210287 0.985001 3.54253e-05 3.84216e-05 
0.00264257 0.00233734 3.21218e-08 0.1168 0.185047 0.410486 4.64629e-05 0.0119491 0.0536803 0.0221473 0.186857 0.000580303 0.00742784 
0.000691471 0.00244696 1.8916e-07 0.0180745 0.0103628 0.818381 0.000160377 0.00435442 0.144791 2.27816e-05 0.000446715 0.000100193 0.00016821 
0.00166726 0.000468737 1.09613e-10 0.00876207 0.00825 0.000262959 2.54986e-05 0.207191 0.024356 0.167761 1.13703e-07 0.57743 0.00382631 
0.0425304 0.00409003 0.000900213 0.295037 0.189331 0.0207142 0.00304724 0.0701285 0.335097 0.0171421 0.00528234 0.00260059 0.0140994 
0.00945527 0.00469178 6.11008e-07 0.0155975 0.0133466 0.000646118 0.00160664 0.107657 0.0288318 0.00660012 1.55111e-05 0.0105489 0.801002 
0.00724419 0.000491765 1.02635e-05 0.113872 0.113947 0.540263 0.000903614 0.110544 0.024979 0.0362555 0.0212583 0.00113834 0.0290921 
0.0200775 1.9222e-05 1.00745e-06 0.598884 0.168528 0.00266862 0.000172262 0.0107163 0.155508 0.0425588 2.2316e-06 0.000291943 0.000571955 
0.0440309 0.00371557 3.94484e-05 0.282505 0.185899 0.0250116 0.000690941 0.0649115 0.350269 0.0230312 0.00184489 0.00441197 0.013639 
0.0189921 0.00026898 1.87305e-09 0.515383 0.336156 0.0120548 7.97947e-05 0.0503837 0.0239672 0.00478906 0.0371123 0.000423728 0.000388927 
0.00286213 0.66722 1.37748e-09 0.0559112 0.0199902 3.44886e-08 2.2336e-07 0.0957163 0.0951309 0.00269105 8.40035e-06 0.0517474 0.00872207 
0.0981558 0.00706697 6.62896e-05 0.0602569 0.107686 0.278941 9.5045e-05 0.0132475 0.427198 0.00691971 0.000227098 7.2901e-05 6.70375e-05 
0.0057751 0.00051663 3.23197e-06 0.0924831 0.00930707 0.0323889 2.7387e-05 0.012167 0.253804 0.545454 0.000752517 0.021882 0.0254387 
0.135661 0.00130716 7.04272e-11 0.20752 0.0454249 0.00274238 8.62152e-05 0.0027399 0.591813 0.0103429 1.64043e-05 8.40331e-05 0.002262 
0.0682944 0.000858489 5.07912e-06 0.111054 0.162988 0.00632403 0.000337178 0.0285988 0.301846 0.107206 1.22795e-05 0.000547222 0.211928 
0.0236844 0.000340253 2.28479e-07 0.0411139 0.212566 0.519708 1.8193e-05 0.00944048 0.0842382 0.0831617 0.0235768 0.00207326 7.84453e-05 
0.00303368 0.00251231 1.17292e-06 0.0658253 0.0104143 2.92632e-05 1.64168e-05 0.00538256 0.038491 0.873921 3.32347e-05 0.000337119 3.13726e-06 
0.0425829 0.00107113 7.70358e-06 0.193112 0.0105336 0.00119805 1.31333e-05 0.0481478 0.58244 0.106003 9.41173e-05 0.00674046 0.00805595 
0.333728 0.00459871 9.8872e-06 0.223634 0.0211086 0.00798145 0.000809247 0.0598673 0.326112 0.00816451 7.70395e-05 0.000298042 0.0136104 
0.429841 0.0270007 9.67347e-09 0.0993012 0.0967451 0.0396378 0.000120545 0.00220305 0.280804 0.00258459 6.61473e-06 0.00369408 0.0180605 
0.00046578 7.44612e-06 1.0434e-07 0.00276454 0.00474548 0.00394483 0.000113239 0.000296927 0.00237699 0.000210287 0.985001 3.54253e-05 3.84216e-05 
0.000892285 0.000177185 6.58963e-07 0.0116856 0.0039448 0.000316523 2.32042e-05 0.930907 0.0320495 0.00426355 5.54684e-05 0.0131586 0.00252529 
0.00481616 0.000255253 3.39023e-06 0.035299 0.0179258 0.00282886 3.60739e-05 0.169108 0.196825 0.0511593 0.000566279 0.400698 0.120479 
0.0038557 0.90513 9.83034e-06 0.0189154 0.0356454 0.00460151 8.93423e-05 0.00613469 0.0063519 0.012054 0.000210445 3.04164e-05 0.00697129 
0.0125894 0.110548 1.13022e-08 0.0919886 0.657494 0.000986358 2.50905e-05 0.0156942 0.0165998 0.0938076 3.95459e-06 0.000133804 0.000129174 
0.00046578 7.44612e-06 1.0434e-07 0.00276454 0.00474548 0.00394483 0.000113239 0.000296927 0.00237699 0.000210287 0.985001 3.54253e-05 3.84216e-05 
0.00046578 7.44612e-06 1.0434e-07 0.00276454 0.00474548 0.00394483 0.000113239 0.000296927 0.00237699 0.000210287 0.985001 3.54253e-05 3.84216e-05 
0.00733703 8.30823e-05 5.50915e-08 0.0823835 0.0344501 0.600406 0.01558 0.108035 0.0427564 0.0521562 0.0313673 0.0199326 0.00551193 
0.32025 0.000430454 2.56938e-07 0.0695901 0.0135496 0.0114787 4.55853e-05 0.0343184 0.523218 0.00368657 2.48924e-05 0.00237506 0.0210325 
0.00176208 0.00113244 1.47134e-07 0.865452 0.00770565 0.00193882 0.00163475 0.058768 0.0350805 0.0166113 5.44043e-06 0.000726592 0.00918189 
0.0029432 0.000825477 4.14405e-07 0.420076 0.0371994 0.0155538 0.00124769 0.137064 0.278808 0.0591808 0.0175375 0.00411112 0.025453 
0.00417736 0.000501512 5.34887e-07 0.00955589 0.133047 0.00466906 0.009246 0.422717 0.415216 0.000617054 5.07297e-06 0.000191713 5.57592e-05 
0.000492845 0.000822418 7.9351e-10 0.22964 0.764153 0.000309022 2.23436e-08 0.000396102 0.00247976 0.00164653 3.9054e-05 2.20364e-09 2.13574e-05 
0.00290306 0.0705961 4.96557e-08 0.00484593 0.0258441 0.0267154 9.06665e-07 0.800566 0.0164338 0.0100268 0.0007751 0.0412892 4.07232e-06 
0.00205528 0.00215843 1.80102e-05 0.112112 0.103556 0.0772376 0.0101235 0.245578 0.0649357 0.208126 0.0452999 0.0224315 0.106368 
0.0204698 0.00177835 4.02043e-05 0.0317409 0.197903 0.271707 0.000276263 0.0684815 0.275373 0.102211 0.0196149 0.000148326 0.0102562 
0.164723 0.00055069 5.79827e-05 0.618157 0.0604599 0.00594233 0.00113956 0.0170691 0.0994996 0.0153335 6.20568e-05 0.00182838 0.0151769 
0.675874 0.0223414 3.53582e-07 0.0429791 0.00827895 0.00308815 0.000473895 0.0084988 0.166495 0.000266645 1.81506e-05 0.00058074 0.0711047 
0.00106308 0.00110713 5.05162e-05 0.141591 0.0059934 0.0489869 0.000497357 0.718526 0.0485389 0.0122875 0.000199337 0.0195079 0.00165199 
0.0349096 0.00170741 1.46207e-05 0.0213172 0.132578 0.193981 0.00510397 0.00796786 0.597783 0.00274168 0.000923561 0.000245946 0.000725791 
0.00609174 0.00139211 2.70205e-07 0.0115031 0.0088896 0.169727 1.57475e-06 0.675668 0.00906996 0.0979674 0.000248914 0.000475133 0.0189649 
0.00996528 5.27137e-05 1.0339e-05 0.18951 0.366614 0.213398 0.0128654 0.0067923 0.0620339 0.0534377 0.0823069 0.0013087 0.00170542 
0.00702432 0.000953838 3.25299e-05 0.100181 0.0110041 0.0647669 0.00209294 0.154148 0.615114 0.0355634 8.22307e-05 0.00817623 0.00086142 
0.00046578 7.44612e-06 1.0434e-07 0.00276454 0.00474548 0.00394483 0.000113239 0.000296927 0.00237699 0.000210287 0.985001 3.54253e-05 3.84216e-05 
0.604943 0.00268591 6.67146e-07 0.026206 0.154761 1.27404e-05 0.101064 0.0382059 0.0491407 0.0229648 3.83629e-06 4.25934e-06 8.36061e-06 
0.00323953 0.000175425 1.25328e-05 0.00284163 0.00784453 0.958272 0.000120274 0.0116296 0.00259628 0.00168915 0.00205292 0.000290587 0.00923544 
0.00376381 0.0216355 0.000961478 0.116345 0.178419 0.43362 0.0010289 0.0374011 0.0262697 0.168503 0.00744156 0.00162347 0.0029882 
0.00585955 0.0475238 1.13472e-05 0.136303 0.029706 0.0913911 0.000105563 0.0196901 0.448335 0.0903375 0.000728157 0.00105399 0.128955 
0.0478561 0.000837213 1.53454e-06 0.657497 0.00520618 0.00570274 0.000192066 0.0464576 0.175959 0.0361924 4.10966e-05 0.0156516 0.00840511 
0.0156901 0.00213911 6.59642e-06 0.19171 0.389525 0.000618662 0.00014432 0.0596397 0.102264 0.209302 0.000205331 0.00108139 0.0276739 
0.0057577 0.00154584 1.90255e-05 0.641763 0.0775618 0.00965384 0.000288155 0.0438296 0.0837711 0.107736 0.000227047 0.00370612 0.0241408 
0.0136569 0.00243427 6.7407e-05 0.269351 0.0422523 0.00356046 0.00395425 0.156398 0.371248 0.10907 0.000129998 0.00956723 0.0183094 
0.00611937 0.00184304 9.1894e-05 0.0492994 0.0161557 0.0156141 0.00281494 0.477513 0.0637674 0.0307974 0.00298436 0.1783 0.1547 
0.0347371 0.000290838 3.23555e-06 0.183806 0.662722 0.0383055 2.40929e-05 0.00241895 0.0520646 0.022219 0.00267496 9.07626e-05 0.000643323 
0.00679881 1.09822e-05 4.87331e-06 0.0351429 0.0797903 0.0952581 0.000276598 0.0046414 0.0115836 0.0408542 0.725426 3.30357e-05 0.00017957 
4.74645e-05 0.0185672 3.00404e-06 0.0284388 0.00371964 0.000309209 4.99041e-05 0.226579 0.0198159 0.0237418 8.50255e-05 0.0097648 0.668878 
0.00266104 0.0129984 1.56469e-05 0.247373 0.00355956 0.00102019 0.000969387 0.227574 0.201305 0.282078 7.22768e-05 0.00823044 0.0121426 
0.0331197 0.000439648 1.69412e-07 0.200675 0.0405344 0.00349495 7.87457e-05 0.0995271 0.244399 0.343436 0.000218233 0.0105756 0.0235009 
0.00046578 7.44612e-06 1.0434e-07 0.00276454 0.00474548 0.00394483 0.000113239 0.000296927 0.00237699 0.000210287 0.985001 3.54253e-05 3.84216e-05 
0.00689004 0.00779166 6.89972e-10 0.566648 0.0503265 0.149065 0.00193125 0.0187134 0.143724 0.0194217 0.03144 0.000165651 0.00388276 
0.00185311 0.000126141 4.11441e-07 0.0195033 0.0564667 0.0828242 0.00726835 0.526259 0.168208 0.0267145 0.0412571 0.00600289 0.0635167 
0.00279927 6.12423e-05 4.1646e-11 0.0604971 0.043564 0.000129522 5.78161e-11 0.079901 0.808704 0.00412059 2.34405e-07 0.000222547 1.95131e-07 
0.0331089 0.0152348 4.61345e-08 0.49687 0.110092 0.0117406 0.000492947 0.0125669 0.296458 0.0025118 0.0179039 0.000637912 0.0023812 
0.230804 0.000125328 1.53161e-05 0.649784 0.0168952 0.0374576 0.000186274 0.000733651 0.0539946 0.00718534 0.00256504 0.000119915 0.000133807 
0.0214099 0.000650209 4.69999e-05 0.105985 0.0701107 0.0102447 0.000988749 0.11604 0.593366 0.0157226 0.0315154 0.00578329 0.0281377 
0.00046578 7.44612e-06 1.0434e-07 0.00276454 0.00474548 0.00394483 0.000113239 0.000296927 0.00237699 0.000210287 0.985001 3.54253e-05 3.84216e-05 
0.00046578 7.44612e-06 1.0434e-07 0.00276454 0.00474548 0.00394483 0.000113239 0.000296927 0.00237699 0.000210287 0.985001 3.54253e-05 3.84216e-05 
0.00451029 8.76306e-05 3.29816e-09 0.119566 0.14589 1.21131e-05 0.0223548 0.0883204 0.615253 0.00348806 7.19868e-09 0.000440424 7.79844e-05 
0.0359671 0.0014138 3.09802e-07 0.0125327 0.670595 0.000476223 5.51131e-06 0.0868978 0.018207 0.172655 0.000225426 0.000844919 0.000179894 
0.00046578 7.44612e-06 1.0434e-07 0.00276454 0.00474548 0.00394483 0.000113239 0.000296927 0.00237699 0.000210287 0.985001 3.54253e-05 3.84216e-05 
0.0239876 1.33427e-06 2.9869e-11 1.88619e-07 0.218462 2.20497e-06 1.24814e-08 0.655368 0.0852062 0.0022313 9.11993e-07 0.0135813 0.00115879 
0.00046578 7.44612e-06 1.0434e-07 0.00276454 0.00474548 0.00394483 0.000113239 0.000296927 0.00237699 0.000210287 0.985001 3.54253e-05 3.84216e-05 
0.00533828 0.000559976 7.31411e-07 0.382688 0.0135908 0.0154816 1.68793e-05 0.029403 0.539577 0.00519747 4.07313e-05 0.0075133 0.000592474 
0.0160381 0.0229119 2.54343e-06 0.183225 0.0334935 0.13281 5.29874e-05 0.041086 0.539127 0.0165061 0.000350215 0.000884001 0.0135121 
0.0481791 0.562476 2.50154e-05 0.0919611 0.0488335 0.0475393 0.000394827 0.0844204 0.0156094 0.0199295 0.000170216 0.00137751 0.0790841 
0.00499656 0.00204643 0.000236574 0.250054 0.282138 0.00152596 0.00763519 0.118726 0.168684 0.105044 0.0158362 0.0129401 0.0301383 
0.0285142 0.00380892 2.12574e-05 0.0518651 0.01358 0.00561268 0.000220456 0.671304 0.0355822 0.140018 0.000271764 0.00944658 0.0397547 
0.00046578 7.44612e-06 1.0434e-07 0.00276454 0.00474548 0.00394483 0.000113239 0.000296927 0.00237699 0.000210287 0.985001 3.54253e-05 3.84216e-05 
0.0225327 0.00647436 0.000154537 0.342993 0.0831386 0.00718074 0.000636141 0.0741654 0.233386 0.186803 0.000253172 0.00810482 0.0341767 
0.00118304 0.0049863 8.37634e-08 0.0131443 0.0131677 0.716629 1.72313e-06 0.00476515 0.242755 0.00222023 0.000154767 0.000732033 0.000259819 
0.00948386 0.0023993 5.43719e-05 0.0545007 0.188092 0.480231 0.0252033 0.0371982 0.162614 0.0366805 0.00182967 0.000817098 0.000896653 
0.0158468 0.0320395 1.04189e-05 0.519823 0.236178 0.0566678 0.0125631 0.0130862 0.0265047 0.0157961 0.0445013 0.000288698 0.0266946 
0.00046578 7.44612e-06 1.0434e-07 0.00276454 0.00474548 0.00394483 0.000113239 0.000296927 0.00237699 0.000210287 0.985001 3.54253e-05 3.84216e-05 
0.0655238 0.00188167 7.91422e-06 0.115507 0.08463 0.000255845 7.99134e-05 0.0722237 0.550486 0.0055493 0.0702397 0.00117181 0.0324435 
0.178271 0.00109331 1.33498e-05 0.0862597 0.150284 0.00143426 8.44501e-05 0.0788123 0.427224 0.034042 0.0120542 0.00179621 0.0286318 
0.00628369 0.000377988 3.54863e-06 0.100793 0.0484409 0.42109 6.50176e-06 0.0383606 0.0541646 0.255795 0.0651404 0.00950044 4.33486e-05 
0.332209 0.000880437 1.00754e-07 0.35614 0.208615 0.000272907 0.00172099 0.00936014 0.068752 0.0016699 3.50338e-07 0.000293946 0.0200852 
0.0316543 0.00253807 0.000106342 0.0663521 0.104259 0.0285826 0.000861752 0.0918268 0.0548116 0.161362 0.444443 0.000841291 0.0123624 
0.00046578 7.44612e-06 1.0434e-07 0.00276454 0.00474548 0.00394483 0.000113239 0.000296927 0.00237699 0.000210287 0.985001 3.54253e-05 3.84216e-05 
0.0131166 0.866988 3.45354e-06 0.0103135 0.0585426 0.0126661 3.52446e-05 0.00166639 0.00715397 0.0292696 5.53473e-05 0.000171986 1.71775e-05 
5.00661e-05 0.0237467 2.17573e-10 0.00620227 0.00130782 0.00966234 3.02051e-10 0.483845 0.0142387 0.263529 0.000383994 0.0287166 0.168318 
3.25761e-05 7.41421e-09 5.23068e-12 5.07184e-05 2.75852e-05 0.0038702 3.64379e-09 0.00303612 0.0001419 0.000943557 0.990009 4.04682e-05 0.00184777 
0.00046578 7.44612e-06 1.0434e-07 0.00276454 0.00474548 0.00394483 0.000113239 0.000296927 0.00237699 0.000210287 0.985001 3.54253e-05 3.84216e-05 
0.0224305 0.000417041 6.7207e-09 0.0506937 0.0102368 0.79311 0.000105369 0.0227376 0.03083 0.0547942 0.00960425 0.00144419 0.00359677 
0.00108334 0.00224976 3.17644e-06 0.36605 0.0375364 0.00367799 0.000606993 0.043369 0.467712 0.0738866 4.29252e-05 0.000661113 0.00312135 
0.062154 0.0101422 0.000153292 0.25996 0.337028 0.0546583 0.00283275 0.0162167 0.106074 0.133789 0.00981358 0.000707126 0.00647091 
0.00046578 7.44612e-06 1.0434e-07 0.00276454 0.00474548 0.00394483 0.000113239 0.000296927 0.00237699 0.000210287 0.985001 3.54253e-05 3.84216e-05 
0.138314 0.00215397 7.14977e-07 0.402539 0.142457 0.0150979 0.00104632 0.0452732 0.241136 0.00550399 1.04504e-05 0.000247974 0.00621894 
0.000670026 0.00321804 5.36704e-06 0.145306 0.0145663 0.27206 0.0014654 0.0441179 0.517144 0.000374825 0.000202006 0.000430156 0.000440358 
0.00147398 0.000216607 7.76259e-07 0.0129959 0.0259427 0.000730796 1.54266e-05 0.0254899 3.87011e-05 0.930436 0.000460688 0.00196326 0.000234775 
0.123253 6.50378e-07 9.61764e-10 2.17576e-08 3.04921e-06 0.58257 1.33519e-09 0.0465618 0.235444 0.00590066 3.39034e-07 1.03131e-05 0.00625603 
7.057e-05 0.000545283 8.64836e-08 0.00196366 0.163413 0.000349391 5.40459e-05 0.808011 0.0143858 0.011144 6.41514e-06 4.15916e-05 1.45396e-05 
0.00046578 7.44612e-06 1.0434e-07 0.00276454 0.00474548 0.00394483 0.000113239 0.000296927 0.00237699 0.000210287 0.985001 3.54253e-05 3.84216e-05 
0.10791 0.0181455 3.77359e-06 0.0979075 0.214598 0.0108412 0.000581146 0.0861713 0.277977 0.146452 0.000114772 0.000586863 0.038711 
0.00730717 0.00426782 0.00172213 0.557587 0.030406 0.0190955 0.0131092 0.0248976 0.207127 0.090468 0.0051134 0.00405969 0.0348392 
0.000691471 0.00244696 1.8916e-07 0.0180745 0.0103628 0.818381 0.000160377 0.00435442 0.144791 2.27816e-05 0.000446715 0.000100193 0.00016821 
0.00513769 0.00196484 1.75683e-11 0.426369 0.0992356 0.0015779 2.43896e-11 0.0179432 0.303531 0.143792 4.01396e-05 2.04576e-06 0.000407274 
0.0443378 0.000927672 2.05693e-06 0.191054 0.228658 0.013328 0.00682644 0.0543329 0.439126 0.0174894 0.000346958 0.00181258 0.00175852 
0.000547955 0.000378288 4.58431e-09 0.0227862 0.0341962 0.39702 0.00588246 0.136118 0.101 0.016848 0.212384 0.0725121 0.000327182 
0.00198851 4.20102e-05 1.89735e-06 0.458825 0.209858 6.35781e-05 0.000113885 0.11848 0.090395 0.109826 6.94413e-05 0.00150372 0.00883276 
0.246498 0.0048324 0.000154629 0.193912 0.125233 0.001088 0.0261658 0.0364926 0.166692 0.188503 0.000169273 0.00176617 0.00849291 
0.00046578 7.44612e-06 1.0434e-07 0.00276454 0.00474548 0.00394483 0.000113239 0.000296927 0.00237699 0.000210287 0.985001 3.54253e-05 3.84216e-05 
0.00046578 7.44612e-06 1.0434e-07 0.00276454 0.00474548 0.00394483 0.000113239 0.000296927 0.00237699 0.000210287 0.985001 3.54253e-05 3.84216e-05 
0.0254614 0.00105807 1.5661e-06 0.0905911 0.0103528 0.00674592 0.00011426 0.0293852 0.802971 0.00969177 0.000146951 0.0229596 0.000519875 
0.109118 0.0052025 5.206e-05 0.446377 0.0588743 0.0344689 0.0047454 0.128308 0.0431604 0.0385386 0.00245089 0.0893937 0.0393104 
0.00806354 0.00082795 1.6429e-10 0.0846902 0.00329742 0.000578996 2.09307e-06 0.0406748 0.0161726 0.00047077 4.7245e-06 0.000785738 0.844431 
0.00046578 7.44612e-06 1.0434e-07 0.00276454 0.00474548 0.00394483 0.000113239 0.000296927 0.00237699 0.000210287 0.985001 3.54253e-05 3.84216e-05 
0.010467 0.000282207 2.50428e-06 0.0422525 0.0302972 0.225402 0.00049289 0.0347238 0.0407687 0.0102328 0.543512 0.00053144 0.0610342 
0.00046578 7.44612e-06 1.0434e-07 0.00276454 0.00474548 0.00394483 0.000113239 0.000296927 0.00237699 0.000210287 0.985001 3.54253e-05 3.84216e-05 
0.00329213 0.00034795 4.94456e-08 0.0939839 0.219121 0.238905 0.00329499 0.0441387 0.172536 0.188506 0.0164981 0.0145792 0.00479601 
0.0455302 0.000241024 2.38358e-07 0.260585 0.343389 0.00605898 0.000356502 0.01166 0.258768 0.0202782 1.27543e-05 0.000602692 0.0525183 
3.99538e-05 0.00193478 1.23403e-08 0.0101465 0.0422456 0.0921968 5.0475e-06 0.0585541 9.2084e-05 0.789801 0.00480404 2.80032e-06 0.000177177 
0.000743453 0.000905308 1.73752e-07 0.0567962 0.0350763 0.0668488 0.00578652 0.0446273 0.0488477 0.642895 0.00269679 0.0877793 0.00699686 
0.00350932 0.0268367 2.78609e-07 0.215289 0.0544198 0.00749508 0.00393518 0.36287 0.043807 0.119578 0.000163924 0.0801919 0.0819039 
0.0207052 0.000351547 3.04485e-08 0.192795 0.0102671 0.0784561 0.000999567 0.040156 0.594009 0.00771818 0.00130663 0.00665913 0.0465766 
0.0115397 0.00210271 7.36842e-06 0.0242249 0.0149836 0.516293 0.000540079 0.0120317 0.399901 0.0127131 0.000315867 0.000131743 0.00521538 
0.00131367 7.15441e-05 2.66739e-08 0.142467 0.0300829 0.000311449 1.06345e-06 0.132188 0.0261336 0.643576 2.14252e-05 0.0231591 0.000675106 
0.00046578 7.44612e-06 1.0434e-07 0.00276454 0.00474548 0.00394483 0.000113239 0.000296927 0.00237699 0.000210287 0.985001 3.54253e-05 3.84216e-05 
0.0129199 0.00110492 3.45719e-06 0.156226 0.0270645 0.256413 0.00328027 0.0150981 0.381432 0.0990861 0.00836472 0.0373243 0.00168372 
0.0244692 0.00250229 7.77161e-05 0.293912 0.0708003 0.0336201 0.000512774 0.121867 0.303507 0.112947 0.000209968 0.00231467 0.0332605 
0.000589518 0.000725268 3.8651e-08 0.0207724 0.0586201 0.162184 1.4431e-05 1.31152e-05 3.1474e-06 0.0201473 0.736876 5.07739e-05 3.84157e-06 
0.00784341 0.000309464 1.16304e-05 0.158198 0.00126867 0.000650638 0.000737779 0.0139654 0.582061 0.0105514 4.19995e-05 0.178843 0.0455175 
0.00354814 0.000186968 3.5433e-08 0.118487 0.0075269 0.00117372 9.89628e-05 0.0959148 0.738252 0.0156048 4.83888e-05 0.0026235 0.0165346 
0.0443019 0.0074977 6.77474e-07 0.0738361 0.605394 0.00321605 0.0076906 0.0270509 0.085677 0.145298 3.07214e-05 3.04428e-06 2.94288e-06 
0.00310662 0.00426858 6.66892e-08 0.0212973 0.0583673 0.037313 0.000654221 0.228006 0.300612 0.341118 0.00135432 0.00101844 0.00288319 
0.000617049 6.37965e-05 1.35474e-07 0.786018 0.0325918 0.000157929 1.94701e-06 0.0106324 0.0962784 0.00096405 2.9344e-06 0.00167803 0.0709933 
3.25761e-05 7.41421e-09 5.23068e-12 5.07184e-05 2.75852e-05 0.0038702 3.64379e-09 0.00303612 0.0001419 0.000943557 0.990009 4.04682e-05 0.00184777 
0.0373756 0.000933158 1.02901e-05 0.354402 0.00926188 0.147653 0.00307907 0.00293317 0.389422 0.00541166 0.000187726 0.000459607 0.0488707 
0.00900654 0.00043129 1.79151e-07 0.0442717 0.235784 0.00893069 0.00344402 0.0530286 0.619052 0.00633439 6.30006e-06 0.000147332 0.0195626 
0.00603159 0.00736251 1.30885e-07 0.634973 0.0342432 0.0497634 2.2067e-05 0.0351027 0.164407 0.00373881 0.02837 7.56806e-05 0.0359097 
0.000198707 2.23294e-05 3.48575e-08 0.0192542 0.0285289 2.31585e-05 0.00253761 0.0148569 0.0426105 0.00205248 8.1662e-05 0.642682 0.247151 
0.00046578 7.44612e-06 1.0434e-07 0.00276454 0.00474548 0.00394483 0.000113239 0.000296927 0.00237699 0.000210287 0.985001 3.54253e-05 3.84216e-05 
0.00926624 0.000840227 2.36939e-07 0.085687 0.0287434 0.0991663 8.83781e-07 0.357711 0.0557708 0.351743 1.77791e-05 0.00790369 0.00314901 
3.10589e-05 6.64828e-05 1.28217e-09 0.00312512 0.00108716 0.000738616 2.59313e-09 0.0266158 0.013008 0.00198401 1.22122e-05 0.00816929 0.945162 
0.00046578 7.44612e-06 1.0434e-07 0.00276454 0.00474548 0.00394483 0.000113239 0.000296927 0.00237699 0.000210287 0.985001 3.54253e-05 3.84216e-05 
0.0221264 0.00121784 3.14161e-05 0.0565416 0.0250818 0.404175 0.000223589 0.0223924 0.44283 0.0227133 0.000405853 0.00122792 0.00103253 
0.0141585 0.000418651 1.42232e-08 0.1524 0.0116699 0.0482548 0.000770885 0.000809845 0.770925 0.000539915 2.4148e-05 1.70516e-05 1.06584e-05 
0.0839468 4.35516e-05 3.8488e-08 0.121226 0.0216441 0.0222421 4.95615e-08 0.380307 0.271194 0.0430629 6.92492e-06 0.0281832 0.0281432 
0.0163269 0.00365785 2.50098e-06 0.249312 0.160272 0.0232727 0.0146497 0.144253 0.317251 0.0251726 0.0101801 0.00375814 0.0318922 
0.00913764 7.3693e-05 6.74094e-09 0.174002 0.390732 0.0412995 3.92577e-05 0.0970571 0.257772 0.0292822 0.000256128 4.87994e-05 0.000299493 
0.00240746 0.00646024 3.38952e-06 0.250222 0.0663211 0.0170371 0.000439262 0.309522 0.0641033 0.263107 7.86001e-05 0.00266296 0.0176353 
