0.00959766 0.000423785 9.90545e-05 0.637977 0.19246 0.000797954 0.000210851 0.0148227 0.106838 0.0285017 0.00013446 0.000418704 0.00771804 
0.0141695 0.000836525 4.02836e-05 0.694201 0.058183 0.000979727 5.74891e-05 0.0383497 0.184797 0.00725019 2.01893e-05 0.000155501 0.00095956 
1.97794e-07 0.000953585 2.5322e-08 0.897612 0.00449231 2.33426e-05 3.41623e-05 0.0018516 0.0450651 0.0480848 2.3889e-08 0.0018231 5.93547e-05 
3.33407e-05 1.34766e-06 1.9441e-09 0.790166 0.00316111 0.000121269 2.69894e-09 0.030206 0.165918 0.00554129 1.33469e-06 0.00061519 0.00423484 
0.00839254 0.000499183 3.16127e-06 0.543017 0.098175 0.0026306 0.0013523 0.123526 0.178418 0.0242571 1.91626e-05 0.00389093 0.0158182 
0.00448022 0.000524306 2.11667e-07 0.368332 0.116584 0.126535 0.000315788 0.014775 0.350466 0.0147464 0.00035333 0.00014603 0.00274192 
0.0570751 4.83441e-05 0.000185264 0.490091 0.252301 0.00155105 0.000181408 0.0549552 0.12841 0.014492 2.64736e-08 0.000130231 0.000579107 
0.00327003 4.90852e-08 5.05175e-12 0.527832 0.0737927 2.35967e-08 8.42287e-09 2.24491e-07 0.395038 1.05701e-07 1.95245e-12 6.22473e-08 6.66121e-05 
0.0752399 0.0101255 0.000122346 0.451432 0.25257 0.0284695 0.00213275 0.0181928 0.0842722 0.0180357 0.0121161 0.000340823 0.0469498 
0.00912943 0.00168538 3.45897e-07 0.437267 0.272014 0.026198 0.00499474 0.0196062 0.135114 0.0115763 0.0451185 0.000222927 0.0370727 
0.0966043 0.000414045 2.39506e-05 0.655538 0.0303257 0.00279917 4.89778e-06 0.0113187 0.182118 0.0164197 3.28643e-05 0.00277319 0.00162729 
0.0655511 0.000729311 2.55306e-05 0.346268 0.117724 0.0120079 0.00698102 0.0570512 0.339227 0.032914 0.000929307 0.00230699 0.0182852 
0.108167 0.105629 6.49655e-05 0.231042 0.0456573 0.016134 3.0943e-07 0.201944 0.0266226 0.218158 0.00034814 0.0439752 0.00225686 
0.0950919 0.0198798 0.0302007 0.407095 0.187805 0.0194219 0.00347426 0.0545967 0.0942376 0.034916 0.00901619 0.0314742 0.012791 
0.00172849 1.08038e-05 2.07163e-05 0.890017 0.0314091 0.000129117 0.0014388 0.00372642 0.0631655 0.00726184 7.1307e-06 1.81756e-05 0.00106716 
0.0432719 0.000735581 0.000161609 0.462539 0.115305 0.0200872 0.000274033 0.0643943 0.161731 0.104254 0.000273468 0.00213904 0.0248345 
0.0232136 0.00308303 0.000559401 0.42877 0.288422 0.0563247 0.00747191 0.0414309 0.0996368 0.0330867 0.0118163 0.000689893 0.00549443 
0.0222937 0.00127613 1.54268e-05 0.281904 0.253564 0.000945293 8.17903e-05 0.139051 0.18071 0.106789 9.21351e-05 0.00260867 0.0106687 
0.0517323 0.00095594 3.03343e-06 0.365159 0.35138 0.00693275 0.00334915 0.0533777 0.148175 0.0136363 4.20894e-05 0.000791543 0.00446413 
0.0617173 0.0209123 0.0163633 0.21711 0.0743691 0.210064 0.00701665 0.134801 0.136973 0.0834544 0.000627429 0.00746623 0.0291245 
0.0208748 0.00374007 6.86057e-05 0.475952 0.230573 0.0167275 0.000395071 0.04342 0.164866 0.0179654 0.000274926 0.00801107 0.0171321 
0.000139263 6.51671e-05 1.74717e-12 0.603808 0.0046398 0.00171396 6.66633e-09 0.00737584 0.336423 0.0428 2.49432e-05 0.00277302 0.000237648 
0.0479966 9.87484e-05 2.28674e-05 0.604273 0.128847 0.0511369 0.00110951 0.0188465 0.0828194 0.0390551 0.00597835 0.000737229 0.0190788 
0.00905428 0.0018334 0.00291073 0.613375 0.0636953 0.00864103 0.00123681 0.0867776 0.0656626 0.00965377 3.70137e-05 0.0110918 0.126031 
0.0243767 0.000632567 1.5797e-06 0.612645 0.29934 0.0106977 0.000375182 0.000397548 0.046925 0.00175901 0.00276326 4.26004e-05 4.35374e-05 
0.137329 0.000379433 0.000101448 0.657537 0.0202536 0.00258601 3.74234e-05 0.000351986 0.162005 0.0189001 3.05723e-05 0.000227744 0.000260586 
0.129069 0.000124533 0.00629384 0.400378 0.164136 0.080153 6.38398e-05 0.00201486 0.180195 0.0305588 0.00680016 0.000207137 5.64112e-06 
0.00322178 0.0028128 1.36092e-07 0.368839 0.0360348 0.0691689 0.000498835 0.324317 0.163672 0.0165699 5.01716e-05 0.00128902 0.0135251 
0.00668541 0.00478952 9.32526e-06 0.346691 0.157551 0.00422422 0.000637351 0.0318923 0.191238 0.111885 0.000220347 0.0140652 0.130111 
4.52504e-05 9.13312e-06 3.98375e-13 0.551142 0.00267742 0.00125273 5.53053e-13 0.0258037 0.372247 0.00621746 1.17121e-05 0.00166311 0.0389299 
0.00122896 1.88178e-10 3.56568e-07 0.5105 0.0718265 7.70619e-11 1.08873e-06 1.26284e-06 0.397507 0.0189321 6.88705e-11 9.77032e-08 2.01369e-06 
0.000860082 0.0956755 0.0424961 0.306348 0.0516801 0.0833125 0.000691346 0.0718611 0.031287 0.292031 0.000830894 0.0152679 0.00765896 
0.0155896 0.00121802 4.46902e-07 0.453168 0.367624 0.0157185 0.00593526 0.0152368 0.105064 0.00614252 0.0088824 0.000243139 0.0051774 
0.00808624 0.00648539 6.85751e-05 0.615263 0.109952 0.00020397 2.69455e-06 0.0899644 0.10234 0.0441876 0.000111361 0.0131543 0.0101801 
0.0803903 0.0812877 4.95531e-05 0.31677 0.160801 0.0284814 0.000945863 0.0513302 0.226415 0.0315487 0.00534247 0.00136568 0.0152716 
0.00445288 0.000131497 0.00176836 0.495861 0.0508261 0.00300734 8.39819e-05 0.0829405 0.321881 0.00958916 0.000163224 0.0257295 0.00356566 
0.00868624 5.06461e-11 2.63874e-07 0.400455 0.347772 0.00341101 3.01969e-06 0.0389016 1.2172e-05 0.187472 7.72077e-08 0.0132724 1.44489e-05 
0.000139263 6.51671e-05 1.74717e-12 0.603808 0.0046398 0.00171396 6.66633e-09 0.00737584 0.336423 0.0428 2.49432e-05 0.00277302 0.000237648 
0.029602 0.00234495 9.85524e-06 0.743885 0.0130116 0.0216674 2.62176e-05 0.00483894 0.128451 0.0448474 1.70647e-05 9.37711e-05 0.0112052 
0.163065 0.00264882 0.000905905 0.488633 0.0679809 0.000923092 6.01465e-05 0.0309026 0.138171 0.103312 1.32785e-05 0.00043613 0.00294809 
0.0285617 0.00175593 1.18088e-05 0.666879 0.0737428 0.0312892 0.0031592 0.0128131 0.0907135 0.0838387 0.0047468 0.000926716 0.00156161 
0.0040141 0.00662231 1.34513e-05 0.613298 0.0305501 0.00407865 0.00273083 0.0639702 0.195393 0.0140795 0.000112399 0.0068775 0.0582595 
0.295794 0.00106491 3.23404e-09 0.399278 0.204817 6.89799e-08 0.0006734 0.00653336 0.0575492 0.00251052 4.56817e-07 0.000329434 0.0314503 
2.22888e-05 1.71287e-05 5.00888e-07 0.44297 0.0782704 0.0373361 0.00657372 0.219177 0.132878 0.0769926 0.000192098 0.0010362 0.00453427 
0.329076 0.000759764 8.13352e-06 0.348909 0.0188925 0.00660284 2.51285e-06 4.56857e-05 0.290755 0.00384386 6.51989e-05 0.000232522 0.000806731 
0.00185317 0.000146945 4.04722e-08 0.623769 0.208942 0.0013732 0.000122505 0.0154616 0.0928625 0.00437672 3.35474e-06 0.0465704 0.00451824 
0.103372 0.00977296 3.97443e-05 0.404225 0.182921 0.00459905 0.000947635 0.0232892 0.244602 0.0197871 0.00481886 0.000150527 0.00147427 
0.0365202 0.00124492 3.88154e-11 0.701543 0.12231 1.4134e-06 5.38863e-11 0.023989 0.104499 0.00932117 0.000571493 1.70072e-07 4.58609e-08 
0.100179 0.00035125 6.86766e-05 0.588929 0.125245 0.0519096 6.35968e-05 0.0454045 0.0662491 0.0183999 0.000231032 0.00129129 0.00167828 
0.0160997 0.000317107 9.71212e-06 0.625948 0.0974894 0.0525837 0.00366171 0.00336249 0.130468 0.0189173 0.0344169 0.000253762 0.0164722 
0.00239967 0.0123231 1.47861e-06 0.330955 0.0316334 0.0126295 9.75571e-05 0.178942 0.0750007 0.299296 0.00012922 0.0368391 0.0197538 
0.00422261 2.32373e-08 1.55893e-07 0.483742 0.0599544 0.000478209 0.000157085 0.122378 0.220007 0.052635 3.10692e-05 0.00688406 0.0495107 
0.0235357 0.000660981 6.30638e-07 0.654254 0.0865777 0.00425862 0.00197776 0.0526178 0.143341 0.00992528 0.000809044 0.00236036 0.0196808 
0.0258803 0.00596277 4.44467e-08 0.295445 0.152807 0.206314 0.0028324 0.016077 0.245738 0.0279525 0.00936543 7.31067e-05 0.0115526 
0.0450299 0.00315722 8.08295e-05 0.374489 0.195687 0.00240078 0.000164352 0.0454167 0.236298 0.0439323 4.82447e-05 0.0023363 0.050959 
0.00173598 0.000217979 1.92351e-06 0.764336 0.0572183 0.00118925 5.71358e-07 0.0307027 0.103038 0.00450848 3.71375e-05 0.00574436 0.0312696 
0.0102713 1.89136e-06 1.82676e-08 0.850098 0.000736104 0.000963525 1.14484e-07 0.000267325 0.0956065 0.0419919 3.24907e-05 3.03538e-05 8.74547e-07 
0.322384 0.000787509 1.48647e-05 0.344194 0.0890826 0.00171131 0.00196624 0.026182 0.165666 0.0377362 0.000123335 0.00374099 0.00641038 
0.0278566 0.00693053 0.000331888 0.572041 0.0913239 0.0154318 0.00147629 0.0382555 0.186242 0.0117015 0.0156142 0.00792786 0.0248663 
0.0303298 0.000439209 5.99233e-05 0.751788 0.0755594 0.00242625 0.000298518 0.032401 0.0575477 0.033278 8.97451e-05 0.00713553 0.0086465 
0.0549544 0.000425424 6.85235e-07 0.289084 0.0642739 0.00119148 4.28938e-06 0.156343 0.230395 0.092568 0.000129407 0.0276547 0.0829752 
0.0103701 0.00211125 5.54057e-07 0.57597 0.0911426 0.0118741 0.000580281 0.0563588 0.187519 0.0309004 0.00369853 0.00355269 0.0259216 
0.0116208 0.000500405 0.000248605 0.659147 0.138842 0.00351993 0.00145157 0.0299483 0.141485 0.0068157 3.63453e-05 0.000342265 0.00604213 
0.0319599 0.00127436 2.476e-06 0.523913 0.00355068 0.0079874 0.000152766 0.0142345 0.407994 0.00485972 4.35475e-09 0.00335943 0.000710889 
0.00172433 0.000255322 3.26787e-05 0.44866 0.0597563 0.00410122 1.4376e-05 0.0682596 0.0420721 0.302971 0.000117663 0.0431807 0.0288545 
0.0174968 0.000288152 1.57475e-07 0.556277 0.00578485 0.000371377 1.07405e-06 0.0242908 0.232213 0.161337 1.54732e-05 0.00113135 0.000792572 
0.00354791 6.84453e-08 6.8448e-08 0.434128 0.0558192 0.0036843 6.84265e-08 0.307647 0.115771 0.0232049 6.84828e-08 0.0353012 0.020897 
0.00145561 0.00306407 4.60741e-07 0.276735 0.0966275 0.172812 0.00303486 0.211153 0.188045 0.00276016 0.000279417 0.000831061 0.0432012 
0.00497495 0.000529578 1.40209e-07 0.25464 0.0242569 0.060729 5.62947e-07 0.214273 0.126534 0.238962 0.000585644 0.0387525 0.0357622 
0.0605919 6.94147e-05 0.336949 0.34515 0.00792162 0.0100457 1.71625e-05 0.000834419 0.0492059 0.182937 0.00314994 0.000132961 0.00299491 
0.0602454 0.000102477 0.0011497 0.361918 0.0323115 0.0111895 0.000265166 0.279523 0.0817528 0.0243545 0.113074 0.0183918 0.0157217 
0.000359216 0.000386374 4.39581e-07 0.683424 0.0478679 0.000234011 3.30651e-05 0.0170746 0.240107 0.00440273 7.09001e-06 0.00205626 0.0040473 
0.0262499 0.0035606 5.77559e-06 0.31261 0.293556 0.0131127 0.00546087 0.0401891 0.248739 0.0162585 0.00454971 0.00305249 0.0326552 
0.136638 1.16921e-05 9.06165e-07 0.80347 0.0138666 0.0149954 3.02618e-08 0.0065132 0.0218326 0.00227628 8.81431e-06 6.74517e-05 0.000318833 
0.00117915 1.78141e-08 7.05802e-05 0.661146 0.0678824 0.00897938 0.000785361 0.111378 0.101432 0.0328167 3.48397e-05 0.00155748 0.0127385 
0.0155015 6.67452e-05 0.000294999 0.3974 0.0110179 0.00972063 1.61891e-05 0.280354 0.0269313 0.131044 0.000116566 0.0106253 0.11691 
0.00662959 7.64843e-05 7.0154e-09 0.51253 0.108691 0.00211681 0.000438242 0.111759 0.186309 0.0337217 2.90326e-05 0.0348016 0.00289736 
0.000129778 0.000482893 4.45368e-06 0.701126 0.0283887 0.00104229 3.39589e-08 0.0210728 0.172088 0.00859705 0.00026203 0.0527499 0.0140563 
0.0021721 0.000658411 3.05125e-08 0.485738 0.437768 0.00162219 3.17821e-05 0.00156263 0.0677466 0.00234586 4.13601e-05 7.55103e-06 0.000304944 
0.00466871 0.0263457 1.98943e-08 0.54159 0.163368 0.0703477 0.000245671 0.0136926 0.17431 0.00164897 8.28729e-05 6.34509e-05 0.00363629 
0.00150199 0.000629515 6.34483e-07 0.64886 0.274952 0.000965799 0.00405039 0.0359396 0.0264909 0.0030847 1.41656e-05 0.00317839 0.000331512 
0.0104405 0.000538666 9.17439e-07 0.560801 0.264043 0.00156545 9.20945e-05 0.0182176 0.111829 0.0221763 0.000112214 0.0006887 0.0094943 
0.0332314 0.000152846 8.49515e-06 0.609213 0.0315747 0.00338183 1.19764e-05 0.098337 0.197403 0.0245019 7.44385e-05 0.000785492 0.00132366 
0.0497142 0.0206423 0.00168781 0.41519 0.226433 0.0244176 0.00920143 0.0518509 0.0405486 0.131456 0.000274707 0.00712504 0.0214589 
0.023987 0.00311377 2.3853e-05 0.379576 0.256359 0.0152321 0.00385421 0.0538833 0.19747 0.0384591 0.000159526 0.00287123 0.0250115 
0.000139263 6.51671e-05 1.74717e-12 0.603808 0.0046398 0.00171396 6.66633e-09 0.00737584 0.336423 0.0428 2.49432e-05 0.00277302 0.000237648 
0.0428636 0.00551914 3.61481e-05 0.550018 0.0698929 0.00729929 1.86342e-06 0.0722474 0.209671 0.016338 5.17735e-05 5.68771e-08 0.0260613 
0.00229933 5.45794e-09 1.05486e-09 0.784376 0.0872087 1.52666e-05 2.46048e-09 0.0312001 0.0903186 0.000932608 1.369e-09 0.000177784 0.00347197 
0.0284687 0.000167618 0.000168173 0.407452 0.0430868 0.164373 7.51686e-08 0.0442998 0.287247 0.0188862 0.000370151 0.00452681 0.000953265 
0.156647 4.65938e-10 3.70669e-06 0.433291 9.35376e-08 3.14855e-06 6.12533e-10 4.67388e-11 2.92112e-05 0.410015 1.70527e-10 9.15152e-06 1.07202e-06 
0.00602117 0.016025 6.41226e-05 0.340398 0.0156872 0.0321171 0.000132791 0.271692 0.0281366 0.279491 0.00154464 0.00233852 0.0063529 
0.00540464 2.04225e-05 1.16902e-06 0.564307 0.41024 0.00561066 0.00345617 0.000136402 0.0102363 0.000440995 5.318e-06 9.3864e-05 4.74751e-05 
0.149877 0.0165239 8.03307e-06 0.323923 0.127396 0.0356568 0.00777561 0.0690539 0.165598 0.0661071 0.000562463 0.00195797 0.0355612 
0.00356141 0.00220862 4.95368e-05 0.583159 0.0201538 0.00021797 1.1339e-05 0.0265971 0.246221 0.100071 0.000299131 0.00558757 0.0118628 
2.27737e-07 0.00604434 7.9783e-11 0.618139 0.146598 0.00494018 1.10761e-10 7.90809e-06 1.78671e-05 0.223692 0.000496846 5.9735e-05 3.24354e-06 
0.0693256 0.098953 0.000242552 0.296004 0.0272538 0.0577623 0.000432368 0.0777689 0.164027 0.151885 0.00755983 0.00136043 0.0474247 
0.0024534 0.000735654 1.01652e-07 0.511094 0.0976555 0.156508 0.000178949 0.0738404 0.0692186 0.0196827 0.00920039 0.00659503 0.0528381 
0.0378424 0.000347973 1.4521e-05 0.450108 0.186688 0.0111259 0.000613175 0.0137374 0.234909 0.00710246 0.00311753 0.00192038 0.0524732 
0.000635676 0.000668989 4.73092e-09 0.641221 0.0224663 0.0146994 7.75382e-09 0.0804432 0.192572 0.0407775 1.56587e-07 0.000214261 0.00630121 
0.093822 1.18391e-06 5.75688e-11 0.480944 0.358748 0.000894087 0.000187759 0.00505952 0.0503251 0.00999103 3.0804e-08 9.16658e-08 2.75979e-05 
0.000136981 2.50959e-05 3.99059e-10 0.68673 0.0022916 1.19142e-09 6.54637e-10 0.00846412 0.30082 0.000168303 1.40084e-13 0.00124074 0.000122778 
0.0212654 1.2866e-07 0.000193943 0.33778 0.0496489 0.013076 2.42965e-08 0.137244 0.0855587 0.141688 0.000451984 0.208078 0.00501542 
0.0473839 0.00396131 3.60966e-05 0.351345 0.157965 0.0152028 0.000773898 0.048691 0.339164 0.0130598 0.00299555 0.000817022 0.0186043 
0.00658505 0.00620233 0.00182231 0.427512 0.157236 0.0112294 0.00626893 0.0255074 0.0357453 0.32032 0.000337777 8.18346e-05 0.0011511 
0.00289389 0.00276571 1.97468e-06 0.39585 0.395352 0.00215618 0.0026614 0.0316826 0.0983993 0.0447577 6.44898e-05 0.000330747 0.0230838 
0.0794415 0.00163912 0.000171476 0.325129 0.0392422 0.00674158 0.00172856 0.0782585 0.189577 0.269897 0.000129353 0.00412431 0.00391967 
0.00275356 0.00381219 0.000386245 0.235543 0.0643589 0.202578 0.0135815 0.0506835 0.0567651 0.169835 0.174153 0.00205117 0.0234975 
0.035963 0.0018746 0.000876208 0.74691 0.00694747 0.000663749 1.10878e-07 0.000521549 0.0213984 0.184657 2.07461e-05 0.000131266 3.57719e-05 
0.133589 0.00200178 4.02944e-12 0.399256 0.207362 0.000827049 5.59397e-12 0.0371515 0.0840682 0.00446328 6.9034e-06 3.86022e-05 0.131236 
0.0191937 0.00253334 6.00285e-06 0.367361 0.13995 0.000636926 1.13126e-08 0.0943955 0.2852 0.0880153 5.5629e-05 0.0021376 0.000514778 
0.118228 0.00107583 4.12614e-08 0.459498 0.0839991 0.00128501 0.000174236 0.0251164 0.270385 0.0177323 1.74598e-05 0.00038443 0.0221048 
0.00185317 0.000146945 4.04722e-08 0.623769 0.208942 0.0013732 0.000122505 0.0154616 0.0928625 0.00437672 3.35474e-06 0.0465704 0.00451824 
0.0548253 0.000654287 2.43755e-05 0.447182 0.204746 0.0102026 3.19853e-06 0.0193631 0.225934 0.0241666 0.000108568 0.00102893 0.0117607 
0.00145854 4.63258e-05 5.17109e-08 0.782913 0.0108483 0.000628677 5.44925e-05 0.0394154 0.108816 0.0276943 0.000106031 0.00419429 0.0238241 
0.0946237 0.000188419 6.63976e-05 0.471702 0.0497231 0.00381207 1.72851e-06 0.00183628 0.347685 0.00247652 8.63619e-05 0.0154319 0.0123663 
2.27737e-07 0.00604434 7.9783e-11 0.618139 0.146598 0.00494018 1.10761e-10 7.90809e-06 1.78671e-05 0.223692 0.000496846 5.9735e-05 3.24354e-06 
0.0159148 2.11085e-12 1.99887e-12 0.698202 0.240089 0.000153356 2.05737e-09 0.000574897 0.0429043 0.000191724 3.8765e-09 0.00172945 0.000240069 
0.0364729 0.00172447 0.00045197 0.397972 0.0499932 0.00184763 5.217e-08 0.0138754 0.21172 0.28174 0.000201705 0.00365804 0.000342415 
0.0373485 0.000760638 0.000587198 0.436152 0.0257114 0.0134215 0.000418793 0.0899425 0.373064 0.0177878 2.27849e-05 0.0039666 0.000815862 
0.267144 0.170424 4.94681e-10 0.27902 0.260132 0.00526599 3.13525e-06 0.00535208 0.00474571 0.000917582 5.54373e-05 6.15313e-05 0.00687828 
0.0402068 0.000427916 0.000262989 0.44069 0.183634 0.0317474 0.00294947 0.0961561 0.184356 0.00830168 0.00436328 0.00272302 0.00418148 
0.0295283 0.000845786 3.56426e-05 0.51119 0.0519375 0.01087 5.82342e-05 0.0164677 0.357437 0.015776 5.29802e-05 0.000110781 0.00569035 
0.014857 3.65959e-05 1.08905e-05 0.579679 0.310693 0.00388967 8.98843e-05 0.00497377 0.0665781 0.00629457 0.00870684 1.81496e-06 0.00418944 
0.0491442 0.00568313 0.000802291 0.50087 0.0740328 0.0278411 0.00239133 0.0180585 0.183499 0.0926705 0.000300837 0.000456191 0.0442503 
0.197078 3.78804e-05 1.11648e-05 0.211467 0.176495 0.0162265 0.000158533 0.0984051 0.0778237 0.191097 0.000157902 0.000870383 0.0301724 
0.0628328 0.000715362 8.31688e-05 0.348305 0.13985 0.0574239 0.000296551 0.0413992 0.277753 0.0198531 0.00336167 0.00902114 0.0391059 
0.00551471 0.00825094 0.00907299 0.490787 0.00947688 0.249531 1.47565e-11 0.00687018 0.137026 0.0785044 0.000238611 5.34941e-05 0.00467372 
0.10133 0.00101917 0.000173863 0.426055 0.180815 0.023776 0.00061373 0.0365211 0.196167 0.0073272 0.0125902 0.00106396 0.0125484 
0.00122308 0.000114903 1.84536e-06 0.679432 0.125058 0.00173469 0.000102696 0.107014 0.0528866 0.00736045 3.88264e-05 0.0104443 0.014588 
0.00481715 0.000509488 3.97601e-07 0.56623 0.141297 0.0241604 0.0028996 0.00648441 0.15044 0.0916335 0.00784406 0.000447186 0.00323697 
0.0405605 0.000109155 3.73203e-07 0.651626 0.0211555 0.00816454 6.63257e-06 0.00122789 0.275598 0.000985309 1.73198e-05 0.000135636 0.000412608 
0.0189921 0.00026898 1.87305e-09 0.515383 0.336156 0.0120548 7.97947e-05 0.0503837 0.0239672 0.00478906 0.0371123 0.000423728 0.000388927 
0.00198976 0.000287187 9.83068e-05 0.689195 0.0785368 0.000853273 0.000598527 0.0447624 0.152907 0.0205031 0.00729337 0.000955035 0.00202032 
0.00252742 0.00239594 1.82718e-06 0.830557 0.000700617 0.000376082 7.89118e-10 0.023345 0.116183 0.0210037 7.52018e-05 0.00274159 9.2386e-05 
0.133737 0.00125736 0.000167094 0.271885 0.134496 0.012467 0.00352929 0.133362 0.233408 0.0509948 5.9346e-05 0.00319459 0.0214427 
0.02367 0.000454381 4.07999e-07 0.5188 0.0899337 0.0283903 0.00700862 0.0331195 0.273879 0.0129303 0.00387905 0.00267585 0.00525863 
0.0029007 0.000164255 1.04031e-05 0.366488 0.266045 0.000234189 1.86271e-05 0.0105874 0.314252 0.0362945 9.45633e-06 0.000190485 0.00280544 
0.0160591 1.77524e-07 0.000301981 0.369327 0.0497096 1.77614e-07 0.000159905 0.229325 0.261521 0.0508594 0.00111919 0.00770707 0.0139098 
0.0221308 0.000368557 1.68567e-07 0.683606 0.0779827 0.000575629 0.00178101 0.0306713 0.177734 0.0032039 1.57851e-06 0.000528641 0.00141554 
0.015834 0.00203848 4.07426e-05 0.4623 0.210241 0.00623652 0.00112584 0.0555925 0.196854 0.0210702 0.00276633 0.0028069 0.0230933 
0.0843309 0.000866078 0.00797079 0.337806 0.0709019 0.0361864 0.000216121 0.0817281 0.103701 0.254026 0.0106908 0.00517864 0.00639771 
0.0111855 0.0157322 9.94734e-06 0.408595 0.196986 0.021432 0.00138944 0.0755288 0.197267 0.0357936 0.00432695 0.00304661 0.0287072 
0.110269 4.11523e-06 2.1681e-09 0.71664 0.0380703 0.00936715 0.000612837 0.00408386 0.120586 0.00028188 6.87127e-12 1.21697e-11 8.571e-05 
0.0192685 7.5828e-05 1.89732e-11 0.482961 0.218121 1.54292e-05 9.63105e-05 0.0913998 0.0989854 0.0763568 2.79968e-05 0.000155792 0.012537 
0.0670805 0.0026703 2.76484e-05 0.338975 0.059821 0.00501456 0.0032985 0.2378 0.230394 0.0241333 5.33352e-05 0.000839593 0.0298924 
0.00115149 2.11101e-06 0.000509626 0.790634 0.00941979 0.0314771 2.414e-05 0.051805 0.0848825 0.0261458 3.91735e-05 0.00174013 0.00216962 
0.0251675 0.000531901 5.21183e-06 0.601493 0.0222029 0.00476649 0.000433979 0.0247196 0.229321 0.0870387 7.4044e-05 0.000502389 0.00374326 
1.66294e-06 2.32069e-07 1.43451e-08 0.74117 0.246417 3.04562e-05 2.63892e-07 1.0131e-06 0.0123732 1.18166e-06 1.90787e-07 9.05019e-07 4.11861e-06 
0.00019928 1.86664e-05 7.4351e-07 0.470159 0.243455 0.00152848 8.20416e-07 0.0324471 0.250642 0.000136113 2.62041e-06 0.00100486 0.000404448 
0.100127 0.000534766 0.109454 0.586374 0.0189945 0.00772792 0.00101758 0.0034003 0.0751496 0.0944725 0.000537723 0.000373887 0.00183625 
0.0916058 0.000171534 3.70814e-07 0.709428 0.0454953 6.05912e-06 9.11412e-08 0.0231264 0.109883 0.0201556 1.27027e-07 0.000127702 1.30867e-08 
0.0189921 0.00026898 1.87305e-09 0.515383 0.336156 0.0120548 7.97947e-05 0.0503837 0.0239672 0.00478906 0.0371123 0.000423728 0.000388927 
8.17205e-08 3.85684e-08 9.10445e-10 0.328858 0.0920495 2.81035e-13 1.20252e-05 0.293641 0.239418 0.0171021 2.51162e-13 0.0227184 0.00620111 
0.00877812 0.000988694 0.000148463 0.64307 0.104821 0.0160116 0.00186721 0.0324482 0.143319 0.0281141 0.00289808 0.0037217 0.0138137 
0.0216899 0.00147564 3.79244e-05 0.428417 0.275621 0.0521468 0.00180618 0.0244273 0.153486 0.00911604 0.0206044 0.00111331 0.0100583 
0.264766 0.000413076 5.46128e-05 0.389903 0.0354178 0.00796858 4.83607e-05 0.0215753 0.174177 0.0766613 0.000436746 0.00173381 0.0268437 
0.0553576 9.78158e-05 0.0206816 0.389614 0.132005 0.0139784 0.000277685 0.0127279 0.0194751 0.299602 0.00219052 0.00254987 0.0514431 
0.00452957 0.00146368 3.21757e-10 0.714658 0.19234 0.00403961 4.46687e-10 0.00250564 0.0231647 0.0398793 3.01802e-06 0.0170485 0.000368359 
0.00371841 3.59799e-05 2.36413e-07 0.58917 0.139877 5.74829e-06 4.34997e-08 0.0389588 0.207384 0.00220173 0.00130909 0.00249926 0.0148401 
0.0747959 0.0052354 1.46963e-05 0.517292 0.214072 0.00168854 0.00220759 0.0660077 0.112684 0.00429315 0.000132557 0.000297548 0.00127957 
0.0239504 0.00189148 0.000521476 0.589912 0.147531 0.0152474 0.00033569 0.0240766 0.155105 0.0233361 0.000202333 0.00363213 0.0142579 
0.0215218 0.00192769 0.000256121 0.294747 0.127675 0.0259772 0.00931961 0.165366 0.19418 0.0693298 0.000888873 0.00469238 0.0841179 
0.000572708 0.000129451 2.80464e-08 0.850555 0.010734 0.000143808 1.67176e-07 0.000108739 0.135863 0.0018753 1.58746e-07 1.17722e-05 6.03736e-06 
0.0798058 0.000240228 1.37047e-08 0.703069 0.00641808 0.00197326 1.95156e-08 0.0074167 0.18753 0.0118468 1.7908e-05 0.00129424 0.00038772 
0.008653 0.00038158 1.27742e-05 0.640995 0.159116 0.00209618 0.00213109 0.067081 0.0778451 0.0105093 0.00126365 0.0109952 0.0189195 
0.00177374 0.000785703 5.549e-08 0.551817 0.00141867 0.000782529 3.50574e-12 0.0057155 0.417787 0.00913378 5.56817e-06 0.0106627 0.000118318 
0.0365252 0.000207131 0.000412908 0.433811 0.0838866 0.0696231 0.0410085 0.0210931 0.210449 0.0723184 0.0194983 0.00570982 0.00545696 
0.00161995 0.000840606 5.90139e-06 0.548316 0.0108336 0.00345137 0.00113276 0.0184046 0.387911 0.0257802 1.26843e-05 0.00123391 0.000456492 
0.00198823 0.000171616 1.94655e-05 0.888965 0.0322509 0.00277715 0.00140104 0.00826346 0.0441522 0.0195394 0.000239127 9.901e-05 0.000133594 
0.0216325 0.0331247 4.53141e-07 0.512713 0.279364 0.000272973 4.73483e-06 0.0345166 0.0468943 0.0103602 0.00410827 0.00490984 0.0520983 
0.00748419 6.40284e-08 0.000143851 0.830299 0.000354726 0.00111711 3.52975e-12 0.00388071 0.0312626 0.125101 0.000187446 7.22083e-05 9.67801e-05 
0.0182865 7.50453e-05 1.92642e-06 0.759207 0.0453688 0.00121653 0.000126542 0.0316948 0.0943635 0.0238903 4.48653e-05 0.0116343 0.0140897 
0.00148951 6.96748e-05 3.61526e-07 0.678454 0.170583 0.000962621 0.00082841 0.00564775 0.113156 0.0193919 5.72782e-05 0.00561506 0.00374498 
0.0413728 0.00064125 4.8425e-07 0.387646 0.344835 0.00475614 0.00118644 0.0875063 0.000457685 0.128401 8.73192e-07 0.000465665 0.002731 
0.0563837 0.00783709 5.99053e-05 0.574058 0.194789 0.00989267 0.000135997 0.0160266 0.0895879 0.00535932 0.00012615 0.000994328 0.0447495 
0.165247 0.00164942 5.5561e-07 0.480691 0.0517786 0.00191003 0.000392855 0.0552066 0.134324 0.0533835 7.47054e-06 0.000153768 0.0552554 
0.0319599 0.00127436 2.476e-06 0.523913 0.00355068 0.0079874 0.000152766 0.0142345 0.407994 0.00485972 4.35475e-09 0.00335943 0.000710889 
0.0186843 4.81341e-05 1.60942e-11 0.563329 0.00848416 0.00205694 2.23432e-11 0.0157818 0.199255 0.00560811 6.43682e-06 1.68597e-05 0.186729 
0.00209877 0.000788503 4.2228e-09 0.45238 0.301441 0.00252504 0.00051704 0.00901553 0.0104498 0.219474 8.4765e-05 4.99008e-05 0.00117564 
0.0733487 0.00167258 9.05142e-06 0.292362 0.13526 0.0106925 4.61547e-05 0.0574293 0.145456 0.252587 0.000906357 0.00849705 0.0217331 
0.0160997 0.000317107 9.71212e-06 0.625948 0.0974894 0.0525837 0.00366171 0.00336249 0.130468 0.0189173 0.0344169 0.000253762 0.0164722 
0.0429631 0.026564 2.28024e-06 0.327682 0.104989 0.00437046 0.000309847 0.0885311 0.290398 0.10196 0.000186626 0.00915088 0.00289182 
0.0255343 0.215784 4.03829e-05 0.2357 0.144103 0.0594038 0.000715609 0.0255418 0.217842 0.0250773 0.00483726 0.0285915 0.0168299 
0.0155122 0.00373789 2.6775e-08 0.5582 0.0955175 0.00331796 0.000538444 0.054158 0.228224 0.0127887 0.00487156 0.00366829 0.0194655 
0.295794 0.00106491 3.23404e-09 0.399278 0.204817 6.89799e-08 0.0006734 0.00653336 0.0575492 0.00251052 4.56817e-07 0.000329434 0.0314503 
0.0471552 0.00941406 0.0386157 0.22065 0.0594043 0.145927 0.00260249 0.0508984 0.15719 0.100121 0.00200233 0.00424565 0.161773 
0.0125046 0.0244509 0.000110757 0.616329 0.0610192 0.0298433 0.00111483 0.124719 0.074527 0.0413508 0.000332445 0.000731337 0.0129665 
0.0189921 0.00026898 1.87305e-09 0.515383 0.336156 0.0120548 7.97947e-05 0.0503837 0.0239672 0.00478906 0.0371123 0.000423728 0.000388927 
0.0172535 0.00187431 1.73175e-06 0.38737 0.159929 0.109703 0.00288511 0.0170959 0.0473525 0.0947127 0.158461 0.00153545 0.00182487 
0.00193534 0.0200317 2.85089e-07 0.515911 0.0577534 0.0435595 0.00538427 0.0430824 0.214429 0.00316655 0.0367666 0.0020379 0.0559425 
0.0546279 0.00257288 0.000670531 0.596868 0.0259779 0.00276225 7.51658e-10 0.000997152 0.0584093 0.250856 0.000297124 0.00545161 0.000509297 
0.0354074 0.00371623 5.13653e-07 0.399511 0.208945 0.0128901 0.00023812 0.118843 0.154111 0.0108902 0.000174763 0.00209822 0.0531747 
0.162187 0.00359264 8.72285e-05 0.31627 0.200049 0.0248831 0.000344572 0.0367884 0.233672 0.0148991 0.00352567 0.000243865 0.00345766 
0.0877838 0.000329811 0.00438132 0.569926 0.0774501 0.0147628 0.00442054 0.0176515 0.0929015 0.101036 0.0162336 0.00103136 0.0120916 
0.00202624 0.000168715 2.92789e-07 0.580615 0.325873 0.00237495 0.00123402 0.0132501 0.0534789 0.0202526 0.00011376 3.53013e-05 0.000577056 
0.0104325 4.76379e-07 2.73305e-11 0.556314 0.288445 0.0745151 1.52294e-09 0.0192014 0.0237535 0.0252574 0.00131405 0.000246393 0.00051998 
0.230091 0.00353737 1.74198e-08 0.357134 0.270852 0.000244566 6.56854e-05 0.0163666 0.0839533 0.00674403 9.60318e-06 6.15457e-05 0.0309408 
0.000139263 6.51671e-05 1.74717e-12 0.603808 0.0046398 0.00171396 6.66633e-09 0.00737584 0.336423 0.0428 2.49432e-05 0.00277302 0.000237648 
0.00977934 0.000200855 8.00193e-06 0.722009 0.0162674 0.00587794 0.000616649 0.0249766 0.18054 0.0277676 0.00467901 0.00176202 0.00551563 
0.0101996 0.000953421 1.43105e-05 0.493768 0.0561746 0.0143202 0.00137164 0.0661924 0.162467 0.151451 0.000106154 0.000514191 0.0424677 
0.0216737 0.00146626 2.0345e-05 0.302185 0.0415278 0.168022 0.00128471 0.00390071 0.201688 0.24036 0.0129582 0.00261588 0.00229701 
0.139083 0.00204255 0.000208679 0.366176 0.065998 0.0187897 0.0180629 0.0600148 0.157329 0.134061 0.00693544 0.00405184 0.0272479 
0.00651984 0.00189108 1.10804e-06 0.523485 0.025543 0.0320754 0.000355062 0.0922296 0.301747 0.0135797 0.000267384 0.00116899 0.00113692 
0.00670725 0.000991024 5.16392e-05 0.477538 0.403123 0.0728271 0.0089236 0.0034455 0.00962354 0.0127339 0.00370081 1.93028e-05 0.000314572 
0.00360269 9.24076e-09 1.01404e-09 0.440722 0.0149642 0.000300631 1.66347e-09 0.141969 0.366784 0.00901653 3.55962e-13 0.000473965 0.0221666 
0.0570581 0.000892972 1.11342e-06 0.720631 0.14815 0.00760699 3.00295e-05 0.0018889 0.0172202 0.0460046 0.000303681 0.000125778 8.63043e-05 
0.239888 0.00202125 0.0035884 0.389528 0.170943 0.034428 0.0012665 0.0231952 0.110016 0.00919959 0.00728625 0.00397174 0.00466919 
0.0538484 3.20758e-05 5.73758e-08 0.691775 0.115625 0.0224633 0.000131374 0.0268637 0.0858424 0.000572838 0.00137891 3.99869e-06 0.00146297 
0.00383099 7.6805e-05 0.0022987 0.559595 0.0240172 0.000551027 8.11235e-05 0.0664411 0.0184864 0.277882 0.000484345 0.0176647 0.0285908 
0.101014 0.000113452 0.000877822 0.444846 0.332642 0.00132674 2.30262e-05 0.00373591 0.113079 0.000827261 6.21237e-06 8.56374e-05 0.00142275 
0.000561046 0.00046302 9.10239e-08 0.736233 0.0275418 0.00560235 4.56168e-05 0.0998776 0.0517275 0.0109618 0.000174986 0.000995956 0.0658154 
0.0454045 0.000197091 3.07553e-05 0.483455 0.0115245 0.00191014 0.000671366 0.0238892 0.390551 0.0327565 1.33878e-05 0.000234133 0.00936218 
0.00108666 0.000553671 1.34739e-09 0.476907 0.000988713 0.00550899 5.10886e-09 0.101244 0.162842 0.0109879 5.56856e-05 0.127375 0.11245 
0.00921892 5.30561e-05 3.5103e-09 0.450403 0.0704703 0.000126047 2.27683e-05 0.268857 0.152812 0.0294985 2.08726e-08 0.0141625 0.0043758 
0.00280097 0.00262994 0.00268388 0.248225 0.0264805 0.00210811 7.68753e-08 0.0934402 0.170175 0.13352 0.00768624 0.184231 0.126019 
0.0676353 7.87633e-05 8.22945e-07 0.510463 0.0256652 0.00147025 0.000267088 0.0581642 0.173471 0.123546 0.000173 0.000981954 0.0380841 
0.207378 0.000279908 0.031866 0.243671 0.138664 0.0206728 6.8471e-05 0.123592 0.0291386 0.203674 7.84312e-07 4.11773e-06 0.000990558 
0.0185662 7.16194e-07 0.00705023 0.832357 2.02911e-06 3.2552e-10 1.04498e-09 0.00263242 1.67391e-06 0.138935 0.000271543 0.000182191 4.69923e-07 
0.0016835 6.21945e-05 1.83867e-08 0.751716 0.0880459 0.0812985 5.72038e-11 0.0494341 0.0167782 0.00912498 0.000684718 0.00106508 0.000106666 
0.00319882 4.93487e-05 1.28916e-09 0.606605 0.360029 0.0132226 6.08067e-05 0.000312399 0.00653387 0.000888622 0.00759455 1.78255e-05 0.00148726 
0.133589 0.00200178 4.02944e-12 0.399256 0.207362 0.000827049 5.59397e-12 0.0371515 0.0840682 0.00446328 6.9034e-06 3.86022e-05 0.131236 
0.000860082 0.0956755 0.0424961 0.306348 0.0516801 0.0833125 0.000691346 0.0718611 0.031287 0.292031 0.000830894 0.0152679 0.00765896 
0.0344623 0.00149912 1.45605e-06 0.506206 0.173781 0.0222014 0.00990556 0.0519091 0.149143 0.00811961 0.00620986 0.00185595 0.0347063 
0.0914961 0.00127436 4.78515e-05 0.375297 0.108056 0.0671024 0.00289867 0.0277066 0.190875 0.105147 0.0134385 0.000334301 0.0163265 
0.055984 0.000121417 7.23145e-06 0.795706 0.0105118 0.00336033 0.000217714 0.00548608 0.12102 0.00614356 8.60405e-06 0.00111777 0.000315029 
0.0145191 0.000103204 0.000117935 0.752277 0.079656 0.00555303 1.58611e-06 0.00436268 0.131638 0.011351 2.18028e-05 4.70781e-05 0.000351609 
0.0201397 0.00100426 2.72291e-06 0.534712 0.11093 0.00433135 0.000202176 0.0709903 0.195462 0.0206518 6.90624e-05 0.00820888 0.0332965 
0.00186199 0.000159345 8.41309e-05 0.38403 0.0791698 0.00954272 0.0109018 0.0391679 0.310772 0.0769666 0.0112382 0.0743939 0.00171116 
0.154694 0.00144738 5.43306e-07 0.516154 0.038682 0.0049808 4.03801e-06 0.0128122 0.241665 0.0160883 0.000283283 0.000565523 0.0126227 
0.00320581 0.0176396 1.41988e-09 0.336973 0.154672 0.00133212 2.00255e-05 0.226743 0.096586 0.110765 0.000138068 0.0196057 0.0323194 
0.0712346 0.00028306 0.0994092 0.557143 0.00473115 0.00432447 8.01995e-06 0.00869228 0.0390288 0.207921 0.00638363 0.000630977 0.000209613 
0.00365779 9.88541e-05 3.54039e-08 0.828732 0.00871658 0.000348372 0.000265263 0.0283621 0.104374 0.00295993 4.14285e-07 0.000987277 0.021497 
0.0423635 0.00374974 4.15906e-06 0.594104 0.0952867 0.0586953 3.21675e-05 0.0232614 0.122204 0.0113542 0.00011799 0.00148546 0.0473409 
0.00634521 0.00198629 8.47932e-09 0.562644 0.0182001 0.0046116 9.05064e-06 0.124855 0.233326 0.00995446 1.89489e-05 0.00146607 0.0365837 
0.0105154 0.00243415 0.000295936 0.368815 0.353854 0.00186415 7.5031e-06 0.0741375 0.147003 0.0316874 4.22969e-05 0.0069612 0.00238271 
0.00887704 0.00039893 8.01714e-06 0.352062 0.0416819 0.00720504 6.63326e-08 0.102494 0.16779 0.290554 0.000157132 0.000693703 0.0280785 
0.022291 0.237938 0.000141929 0.244327 0.0664513 0.0475318 0.000814081 0.0601435 0.220755 0.0664347 0.0032252 0.00568399 0.0242633 
0.0166841 0.000166313 8.26806e-05 0.659098 0.0577351 0.0138081 3.15409e-09 0.0141526 0.17743 0.0265033 7.25708e-05 0.00149664 0.0327699 
0.0052979 0.121193 4.99297e-06 0.569486 0.101059 0.0195575 0.00219764 0.0445995 0.0776571 0.0407396 0.000422533 0.000760155 0.017024 
0.0157049 0.00102992 4.31724e-07 0.535319 0.257959 0.0117155 0.000547257 0.0657753 0.0547552 0.020493 0.000149053 0.00480681 0.0317446 
0.0052979 0.121193 4.99297e-06 0.569486 0.101059 0.0195575 0.00219764 0.0445995 0.0776571 0.0407396 0.000422533 0.000760155 0.017024 
0.00776469 0.00241791 0.000267231 0.462917 0.143996 0.0136984 0.00113843 0.0466486 0.0282624 0.0367412 0.00279897 0.00351541 0.249833 
0.0159717 0.00955372 8.48763e-07 0.648152 0.0482954 0.00190829 2.25632e-05 0.0209808 0.230462 0.0244616 1.94865e-05 1.23794e-05 0.000158633 
0.0990671 0.00307727 5.16529e-06 0.516645 0.0640964 0.058749 0.0011582 0.0165785 0.219548 0.0145174 0.00376144 0.00106261 0.00173325 
0.0514581 0.00114194 0.0145182 0.367652 0.0830826 0.0415481 8.72617e-09 0.00740647 0.118664 0.308852 0.00123886 1.54791e-05 0.00442348 
3.44749e-05 0.000473871 7.17205e-07 0.890384 0.0494599 0.000637305 7.3056e-06 0.0087619 0.0369503 0.00171657 1.82133e-06 8.11296e-05 0.0114905 
0.000512307 0.00482168 1.60224e-05 0.442711 0.0499755 0.00136121 0.000152148 0.0975192 0.316785 0.0520893 0.000145727 0.00422477 0.0296857 
0.0708802 0.000248267 0.164595 0.306543 0.0788675 0.00498249 0.000118128 0.00423165 0.183138 0.165787 0.00183806 0.000873053 0.0178973 
0.138314 0.00215397 7.14977e-07 0.402539 0.142457 0.0150979 0.00104632 0.0452732 0.241136 0.00550399 1.04504e-05 0.000247974 0.00621894 
0.0968928 0.00122891 0.000153198 0.284308 0.0407158 0.0376479 0.000451394 0.0719629 0.177154 0.277418 0.0037227 0.00340257 0.00494193 
0.0169381 0.000315845 2.65284e-06 0.500663 0.242635 0.0159257 0.00447292 0.0560116 0.148866 0.00585477 3.32964e-05 0.00475415 0.00352828 
0.0201841 0.00164651 2.16772e-05 0.686556 0.17126 0.0240709 0.000473105 0.0143393 0.0503671 0.0169611 0.00264272 0.000469399 0.0110086 
0.00231394 0.00237369 8.88602e-06 0.565447 0.0202848 0.0136998 0.0170983 0.0508558 0.303318 0.0235781 6.79266e-05 0.000744947 0.000209366 
0.00276706 0.00549195 1.17567e-08 0.570448 0.183806 0.0727488 0.000345767 0.0556814 0.0404368 0.0245047 0.00570109 0.00193182 0.0361363 
0.0253715 0.000522866 3.08039e-05 0.681307 0.0920593 0.00859032 0.000273464 0.015675 0.142606 0.0125047 0.00291432 0.00318637 0.0149581 
0.00306006 3.32552e-08 3.10825e-12 0.492474 0.427264 0.0333165 0.000157954 8.09962e-05 0.0219183 0.000189439 0.0215191 1.36177e-08 1.94602e-05 
0.00221952 0.00101343 0.000228715 0.330362 0.181081 0.00861996 0.00278609 0.0458246 0.124044 0.271358 0.000621027 0.00838819 0.0234534 
0.0856457 0.0129863 6.71408e-05 0.350211 0.11415 0.0331871 0.00235866 0.13388 0.13527 0.052849 0.00773072 0.00232047 0.0693438 
2.1105e-06 0.0141516 1.05915e-10 0.511154 0.195752 2.0725e-06 6.12607e-08 0.0375228 0.14011 0.0859573 2.87664e-07 0.0143157 0.00103218 
0.0228899 0.00622819 1.31034e-08 0.238399 0.182963 0.173317 0.00343697 0.0182106 0.128416 0.206681 0.0173731 0.0015419 0.000544284 
0.0225329 0.00188794 2.82792e-05 0.247935 0.14897 0.051197 8.73928e-07 0.0916184 0.155784 0.137984 0.134693 0.00702684 0.000342035 
0.00806326 3.76132e-05 7.079e-05 0.521189 0.0227414 0.00199598 5.27258e-06 0.0157028 0.418069 0.00801259 3.81534e-05 0.000238096 0.00383631 
0.228235 0.00104774 1.02105e-08 0.23926 0.146954 0.00811692 2.77172e-09 0.109407 0.182366 0.0645759 4.30682e-05 0.0041634 0.0158317 
0.182576 0.00281818 0.0505953 0.212059 0.099635 0.145826 0.0085147 0.0294052 0.185384 0.0565758 0.0126024 0.000981488 0.0130268 
0.000292577 0.000222968 4.46333e-09 0.81588 0.00800775 0.000161728 0.000454972 0.028931 0.115364 0.00317575 5.27266e-07 0.00255961 0.0249494 
0.0114417 0.000939943 1.08075e-06 0.271589 0.0140873 0.209754 0.000522572 0.0254579 0.20643 0.0484598 0.00487977 0.000362969 0.206074 
0.0384786 0.000786106 0.00195414 0.317847 0.034041 0.00457572 0.000134695 0.166134 0.234905 0.168897 0.00011066 0.00334495 0.0287912 
0.00342782 0.000964427 1.85295e-06 0.497347 0.0693472 0.00117669 3.65188e-06 0.100065 0.272686 0.0323214 4.78713e-05 0.0213413 0.00126987 
0.00540464 2.04225e-05 1.16902e-06 0.564307 0.41024 0.00561066 0.00345617 0.000136402 0.0102363 0.000440995 5.318e-06 9.3864e-05 4.74751e-05 
0.170703 0.000756579 3.36768e-05 0.639881 0.0455123 0.00503933 2.64813e-06 0.00028937 0.115696 0.0218664 5.40396e-05 8.96494e-05 7.6142e-05 
0.289006 0.000394956 7.05716e-06 0.451494 0.0471139 0.00218488 1.23769e-09 0.0368683 0.158299 0.0109683 1.62543e-05 0.000877888 0.00276924 
0.0551568 0.0244488 5.89881e-07 0.299695 0.217317 0.0865207 0.00189447 0.0255345 0.14314 0.0034066 0.0983254 0.000510215 0.0440504 
0.00583818 0.00588354 5.69283e-06 0.66363 0.0605985 0.0133308 4.92355e-11 0.106494 0.121235 0.0224796 0.000244137 0.000160204 9.98749e-05 
0.207129 8.10702e-05 5.79617e-05 0.449415 0.0822605 0.000532183 2.62333e-05 0.00424775 0.246688 0.00864696 9.07096e-06 0.000262869 0.000643259 
0.0136915 0.00409993 0.00152093 0.610921 0.200327 0.00772837 0.00169803 0.024508 0.0790424 0.0402293 0.000386898 0.00257123 0.0132753 
0.135193 0.00080316 9.50365e-06 0.714268 0.0285329 0.00569998 8.36474e-06 0.0625054 0.0335301 0.00766559 3.78055e-05 0.000217875 0.011528 
0.0189921 0.00026898 1.87305e-09 0.515383 0.336156 0.0120548 7.97947e-05 0.0503837 0.0239672 0.00478906 0.0371123 0.000423728 0.000388927 
0.0136283 7.52422e-05 0.000142256 0.701902 0.083419 0.00529228 1.96634e-05 0.0171159 0.15803 0.0150983 0.000101169 0.00199472 0.00318119 
8.67904e-05 0.00705565 6.11044e-07 0.456516 0.130536 0.000340171 0.320285 0.00456184 0.0598097 0.0201024 1.52538e-05 0.000552567 0.000138135 
0.0138106 0.000877242 7.60472e-06 0.622969 0.0624089 0.00133318 1.55307e-06 0.0266524 0.172465 0.0418782 0.0281514 0.00908602 0.0203589 
0.0502546 0.00517789 1.40301e-05 0.304637 0.081417 0.102493 0.00085002 0.0903117 0.152534 0.029791 0.134052 0.011455 0.037012 
0.0413906 0.00144577 7.23217e-06 0.249672 0.237704 0.125858 0.00158977 0.149158 0.0864014 0.0571006 0.000827231 0.00496604 0.0438793 
0.0213273 0.0121968 0.000138187 0.329613 0.234373 0.0315397 0.00549851 0.112398 0.0576242 0.0898104 0.0593043 0.00301312 0.043164 
0.0181605 0.00894833 1.49495e-06 0.309475 0.305007 0.00429231 0.00154821 0.0463997 0.269762 0.0135977 0.00103511 0.00269567 0.0190769 
0.0105154 0.00243415 0.000295936 0.368815 0.353854 0.00186415 7.5031e-06 0.0741375 0.147003 0.0316874 4.22969e-05 0.0069612 0.00238271 
0.0377077 0.129934 6.0517e-05 0.542429 0.0710515 0.0228575 0.00129298 0.0190794 0.0876251 0.0678242 0.00941326 0.000194287 0.01053 
0.0283093 0.000374072 0.000528688 0.611884 0.0144144 0.015437 0.000515683 0.0321807 0.287594 0.0084065 4.61893e-05 9.92043e-05 0.000210576 
0.117171 0.00111395 1.2139e-05 0.520582 0.178383 0.00747238 0.000955972 0.0362348 0.108631 0.0129438 0.00109498 0.003441 0.0119645 
0.00753054 0.000197605 0.000182821 0.622467 0.060144 0.0043031 7.34237e-06 0.0297661 0.18037 0.0873077 0.000130011 0.00120342 0.00638991 
0.00972567 0.00168984 3.81296e-09 0.560651 0.0642762 0.0308953 0.00101324 0.00558485 0.279901 0.00246804 0.0357885 1.58412e-05 0.00799045 
