1.23196e-07 5.4697e-07 5.17953e-07 4.91106e-08 0.00120115 0.000739401 7.19059e-07 8.23559e-05 0.000583354 0.997211 0.000180365 3.54544e-07 1.15444e-07 
0.0111197 0.00213781 1.52379e-06 1.44481e-07 0.10584 6.58975e-07 2.11543e-06 0.000141998 0.00131807 0.879392 5.88929e-07 1.04305e-06 4.42531e-05 
2.78693e-06 5.79761e-07 5.49004e-07 5.20548e-08 6.46239e-08 2.73279e-06 7.62167e-07 0.996269 0.00170228 3.59414e-06 5.83145e-06 4.70722e-05 0.00196431 
1.35488e-06 0.0102323 5.69633e-06 5.40107e-07 6.70522e-07 2.46343e-06 7.90805e-06 6.03417e-07 5.4365e-07 0.989741 2.20157e-06 3.8992e-06 1.26963e-06 
8.83786e-06 3.92387e-05 3.7157e-05 3.52311e-06 4.3738e-06 1.60689e-05 5.15841e-05 0.000485015 0.000333778 0.998972 1.43608e-05 2.54344e-05 8.28175e-06 
3.68351e-09 1.63542e-08 0.999841 1.46839e-09 3.08096e-05 6.69731e-09 2.14996e-08 4.28189e-05 1.47802e-09 8.53909e-05 5.98541e-09 1.06007e-08 3.45173e-09 
0.143379 1.07147e-05 4.14605e-08 3.93115e-09 0.199827 1.793e-08 0.0022719 0.0893698 0.419145 0.145972 1.42925e-06 6.46547e-06 1.73511e-05 
0.964519 0.000315464 4.95972e-06 1.19819e-07 0.00136824 5.46495e-07 6.84584e-05 0.00359534 0.000357713 0.0296965 4.88404e-07 4.21215e-05 3.12373e-05 
4.08031e-07 1.81159e-06 1.71549e-06 1.62657e-07 2.01932e-07 7.41877e-07 2.38156e-06 1.81723e-07 0.000294866 0.999695 6.63018e-07 1.17427e-06 3.82356e-07 
2.32861e-06 5.98668e-06 2.57569e-09 2.44218e-10 0.000192949 1.11388e-09 3.57575e-09 3.00678e-05 0.0413794 0.958368 9.95477e-10 1.62222e-05 4.99509e-06 
4.07222e-08 0.00104587 1.71208e-07 1.62334e-08 0.0759075 7.40406e-08 2.37684e-07 0.000466315 0.000839442 0.92174 6.61703e-08 1.17194e-07 3.81598e-08 
0.547677 0.00277363 1.66843e-08 1.58195e-09 0.0943768 0.19058 3.73445e-05 0.000136675 0.163024 1.62252e-05 5.3093e-06 0.00132147 5.08112e-05 
9.27978e-06 4.12007e-05 3.9015e-05 3.69927e-06 4.5925e-06 1.68724e-05 5.41634e-05 4.1329e-06 3.72354e-06 0.999773 1.50789e-05 2.67062e-05 8.69586e-06 
1.40034e-08 5.60177e-05 5.88745e-08 5.58229e-09 6.93019e-09 5.60391e-05 8.17339e-08 0.00713535 5.61891e-09 0.992752 2.27544e-08 4.03002e-08 1.31223e-08 
4.07222e-08 0.00104587 1.71208e-07 1.62334e-08 0.0759075 7.40406e-08 2.37684e-07 0.000466315 0.000839442 0.92174 6.61703e-08 1.17194e-07 3.81598e-08 
0.0104847 0.00137487 6.79245e-08 6.44038e-09 0.738928 2.48964e-05 9.42978e-08 0.0145336 0.024848 0.000535607 0.0131244 0.19594 0.000205244 
1.67898e-05 7.45441e-05 7.05894e-05 6.69306e-06 8.30917e-06 3.0527e-05 0.99967 7.47761e-06 6.73696e-06 1.66326e-05 2.72821e-05 4.83192e-05 1.57333e-05 
4.3431e-06 1.92827e-05 1.82597e-05 1.73132e-06 2.14937e-06 7.89657e-06 2.53494e-05 1.93427e-06 1.74268e-06 0.999894 7.05719e-06 1.2499e-05 4.06981e-06 
4.5404e-06 2.01587e-05 1.90892e-05 1.80998e-06 2.24701e-06 8.2553e-06 2.6501e-05 2.02214e-06 1.82185e-06 0.999889 7.37779e-06 1.30668e-05 4.2547e-06 
0.000113083 1.28702e-07 2.44969e-05 1.15557e-08 6.74406e-05 5.27057e-08 1.69195e-07 1.29103e-08 0.346205 0.65359 4.71033e-08 8.34244e-08 2.7164e-08 
0.00059809 5.00012e-07 4.73486e-07 4.48944e-08 0.688713 0.00060006 6.57327e-07 4.46266e-05 7.47177e-05 0.309909 1.82998e-07 3.24106e-07 5.82803e-05 
1.60206e-07 6.03889e-08 1.14142e-10 1.08226e-11 1.34358e-11 4.93618e-11 1.5846e-10 1.33971e-06 1.08936e-11 0.999995 4.41148e-11 7.81315e-11 3.07579e-06 
1.513e-06 6.7175e-06 6.36113e-06 6.03141e-07 7.48776e-07 0.995842 8.83098e-06 0.000607132 0.000668413 0.0028493 2.45851e-06 4.35426e-06 1.4178e-06 
3.17794e-07 1.41095e-06 1.3361e-06 1.26685e-07 0.000125977 5.77809e-07 1.85487e-06 1.41534e-07 1.27516e-07 0.999866 5.1639e-07 9.14575e-07 2.97797e-07 
0.99817 3.66147e-05 3.46723e-05 3.28751e-06 0.00163251 1.49943e-05 4.81346e-05 3.67287e-06 3.30908e-06 8.16966e-06 1.34005e-05 2.37335e-05 7.72794e-06 
1.94063e-07 8.61608e-07 8.15898e-07 7.73608e-08 9.60404e-08 3.52842e-07 1.13269e-06 8.20503e-05 4.98806e-05 0.999838 2.58662e-05 5.58491e-07 1.81852e-07 
9.70714e-10 4.30981e-09 4.08117e-09 3.86963e-10 4.804e-10 1.76494e-09 5.66578e-09 4.32322e-10 3.89502e-10 0.997215 0.00278038 5.0313e-06 9.09632e-10 
0.201476 1.66572e-10 0.000282206 1.49559e-11 3.02665e-07 2.73538e-08 2.1898e-10 0.461244 0.336998 3.71664e-11 6.09631e-11 1.07971e-10 3.51568e-11 
0.00623281 0.00868083 1.17056e-06 6.30073e-10 0.955955 2.87376e-09 2.5998e-05 0.00988442 0.0117793 0.0074403 1.15028e-07 4.54868e-09 1.48111e-09 
0.000392916 0.999424 1.74384e-11 1.65345e-12 2.0527e-12 7.54139e-12 4.84428e-08 0.000182941 5.37584e-08 4.10892e-12 9.44242e-09 7.52139e-08 1.04946e-07 
4.29344e-05 4.33133e-08 5.33611e-05 3.88895e-09 4.82798e-09 1.77375e-08 5.69406e-08 0.000119487 3.91446e-09 0.999582 1.58521e-08 0.00018252 1.92068e-05 
1.66057e-07 7.37268e-07 6.98155e-07 6.61968e-08 8.21807e-08 3.01923e-07 9.69229e-07 7.39562e-08 0.999996 1.64503e-07 2.6983e-07 4.77895e-07 1.55608e-07 
0.000218904 0.000971898 0.000920337 8.72634e-05 0.000108334 0.000398008 0.00127768 0.994522 8.78358e-05 0.000216854 0.000355701 0.000629981 0.00020513 
3.1043e-06 6.88498e-08 6.51972e-08 6.18179e-09 0.00638908 2.81951e-08 7.13737e-05 4.17899e-05 6.22234e-09 0.992213 0.00128172 4.46282e-08 1.45315e-08 
1.57868e-09 7.0091e-09 7.30764e-06 6.29323e-10 4.76659e-06 5.45651e-06 9.21432e-09 7.03091e-10 6.33451e-10 0.997977 0.00200576 4.54327e-09 1.47935e-09 
9.70714e-10 4.30981e-09 4.08117e-09 3.86963e-10 4.804e-10 1.76494e-09 5.66578e-09 4.32322e-10 3.89502e-10 0.997215 0.00278038 5.0313e-06 9.09632e-10 
1.11035e-06 4.92979e-06 4.66825e-06 4.42629e-07 5.49506e-07 2.01883e-06 6.48081e-06 4.94513e-07 4.45532e-07 0.999973 1.80423e-06 3.19547e-06 1.04048e-06 
3.35068e-08 2.46265e-05 1.40873e-07 1.33571e-08 4.47632e-05 6.09217e-08 1.9557e-07 3.58637e-05 1.59412e-05 0.999768 5.44459e-08 5.72156e-05 5.27277e-05 
1.45196e-05 6.44648e-05 6.10449e-05 5.78807e-06 0.948874 8.68885e-05 8.47469e-05 0.000347254 0.0195872 0.000475788 0.0303431 4.17859e-05 1.3606e-05 
4.50129e-08 1.9985e-07 1.89248e-07 1.79438e-08 2.22766e-08 8.18418e-08 2.62727e-07 2.00472e-08 1.80615e-08 0.999649 0.000117101 0.000233306 4.21805e-08 
0.00623281 0.00868083 1.17056e-06 6.30073e-10 0.955955 2.87376e-09 2.5998e-05 0.00988442 0.0117793 0.0074403 1.15028e-07 4.54868e-09 1.48111e-09 
0.672201 2.32711e-08 0.0017687 2.08943e-09 0.0240341 9.52989e-09 3.05927e-08 0.263344 0.00185939 0.0202598 0.000275809 1.50842e-08 0.0162566 
0.0396721 0.000118522 0.000282565 1.04313e-10 0.0106035 4.75772e-10 5.12413e-06 0.401832 0.154932 0.384425 4.25199e-10 0.00812347 5.44159e-06 
0.271667 1.22261e-07 1.15775e-07 1.09774e-08 1.61443e-05 5.00678e-08 0.00345224 0.696978 0.000255926 0.0200613 4.47458e-08 0.00538364 0.00218567 
0.486052 0.000142541 4.21679e-08 3.99822e-09 0.000277967 1.82359e-08 5.85405e-08 0.000119717 0.000187543 0.51322 1.62975e-08 2.88643e-08 9.39859e-09 
0.00362129 1.60619e-05 0.92325 1.44214e-06 1.79036e-06 6.57761e-06 2.11153e-05 1.61119e-06 1.4516e-06 0.0602116 0.00764784 0.00521606 3.39004e-06 
1.92453e-05 7.02115e-07 1.65802e-09 1.57208e-10 0.0279202 7.17027e-10 2.30179e-09 1.05558e-07 8.64002e-06 0.972051 4.49207e-07 1.13493e-09 3.69549e-10 
1.59721e-05 1.79128e-05 6.7823e-09 6.43076e-10 0.291316 2.93307e-09 9.41569e-09 0.305146 0.0777822 0.325722 2.62129e-09 4.64256e-09 1.52679e-07 
0.00125374 1.48818e-05 0.00139663 1.33618e-06 0.965531 0.000608694 1.95639e-05 0.00146603 0.000265239 0.0293596 5.44653e-06 7.46794e-05 3.14096e-06 
0.407625 0.0105755 0.0170584 7.89779e-10 0.137852 9.35452e-06 0.00836 0.0641353 0.347338 0.00652265 8.74538e-05 0.000436363 9.67469e-07 
1.50005e-07 6.65996e-07 6.30664e-07 5.97975e-08 1.64744e-05 2.72736e-07 8.75534e-07 6.68069e-08 3.10866e-05 0.999949 2.43745e-07 4.31696e-07 1.40566e-07 
2.65269e-07 4.11597e-05 1.11527e-06 1.05746e-07 0.00634311 4.82309e-07 1.5483e-06 0.00414305 2.61228e-05 0.989262 4.31041e-07 9.4062e-05 8.63228e-05 
7.75114e-07 3.44138e-06 3.25881e-06 3.0899e-07 3.83599e-07 1.4093e-06 4.52412e-06 3.45209e-07 3.11017e-07 0.999981 1.2595e-06 2.23069e-06 7.26341e-07 
2.02629e-06 8.99642e-06 8.51915e-06 8.07758e-07 1.0028e-06 3.68418e-06 1.18269e-05 9.02442e-07 2.50757e-05 0.0278678 3.29257e-06 0.000179777 0.971886 
0.013872 0.000143032 0.167635 3.849e-08 0.00191131 0.00170289 4.805e-05 1.13296e-06 1.21266e-05 0.808501 0.00597453 0.000122882 7.60624e-05 
0.0270908 6.90209e-06 3.57187e-09 3.38673e-10 0.339346 1.57408e-05 0.184807 0.022362 0.00775251 0.418615 2.07523e-06 2.44498e-09 2.44474e-06 
1.04584e-06 0.985321 4.39701e-06 4.16911e-07 0.00398588 1.90153e-06 6.10425e-06 4.6578e-07 4.19645e-07 0.0106723 1.6994e-06 3.0098e-06 9.80029e-07 
0.000158322 0.00554145 3.87215e-05 4.99252e-06 0.0349043 0.00573798 7.82218e-05 0.040133 0.0377471 0.00214657 0.745777 0.127688 4.4197e-05 
0.00875988 0.00795832 2.51604e-06 1.50083e-06 0.0256362 1.63969e-05 0.0011112 0.939842 0.00700726 0.00314954 0.000119992 0.00507078 0.00132395 
2.51815e-07 1.11802e-06 1.0587e-06 1.00383e-07 1.24621e-07 0.0022439 1.46977e-06 0.0131889 0.0014753 0.0145436 4.09179e-07 0.0104364 0.958107 
1.80267e-08 8.00358e-08 7.57898e-08 7.18614e-09 9.01051e-07 3.2776e-08 1.05217e-07 1.04451e-05 7.23328e-09 0.999848 4.68967e-05 9.34342e-05 1.68924e-08 
3.35068e-08 2.46265e-05 1.40873e-07 1.33571e-08 4.47632e-05 6.09217e-08 1.9557e-07 3.58637e-05 1.59412e-05 0.999768 5.44459e-08 5.72156e-05 5.27277e-05 
4.24037e-06 1.88266e-05 1.78278e-05 1.69037e-06 2.09853e-06 7.70978e-06 0.999917 1.88851e-06 1.70146e-06 4.20067e-06 6.89026e-06 1.22033e-05 3.97355e-06 
5.62934e-06 2.49934e-05 2.36674e-05 2.24407e-06 0.0417917 1.02352e-05 3.28568e-05 2.50711e-06 2.25879e-06 0.958073 9.14723e-06 1.62006e-05 5.27512e-06 
2.21115e-06 1.75246e-05 7.2881e-09 6.91034e-10 0.0434953 0.000181557 1.01179e-08 7.72035e-10 6.95567e-10 0.956283 1.52064e-05 5.56947e-06 1.62441e-09 
0.000925789 0.000239691 1.65554e-06 1.56973e-07 0.045324 7.15954e-07 2.29835e-06 0.0526664 0.000154988 0.899615 6.39851e-07 0.000556377 0.000512619 
9.70714e-10 4.30981e-09 4.08117e-09 3.86963e-10 4.804e-10 1.76494e-09 5.66578e-09 4.32322e-10 3.89502e-10 0.997215 0.00278038 5.0313e-06 9.09632e-10 
2.15459e-07 9.56601e-07 9.05852e-07 8.58899e-08 1.06629e-07 3.91744e-07 1.25757e-06 9.59578e-08 8.64533e-08 0.999995 3.50103e-07 6.20066e-07 2.01901e-07 
1.82546e-07 8.10476e-07 7.67479e-07 7.27698e-08 9.03409e-08 0.00192537 1.06547e-06 0.000455361 0.000351659 0.997264 2.96623e-07 5.25347e-07 1.7106e-07 
3.22835e-06 1.43334e-05 1.3573e-05 1.28694e-06 1.59769e-06 5.86974e-06 1.8843e-05 0.00345215 0.955213 0.041259 5.24581e-06 9.29083e-06 3.02521e-06 
0.0338881 0.000304094 5.507e-09 5.22156e-10 0.842308 0.000208047 7.64522e-09 0.0367637 0.0132744 0.073254 2.1284e-09 3.7696e-09 1.22743e-09 
2.00373e-08 8.89626e-08 8.4243e-08 7.98764e-09 1.30515e-05 3.64316e-08 1.16952e-07 0.999865 4.77137e-05 1.98498e-08 3.25591e-08 7.42103e-05 1.87765e-08 
0.0112627 0.0103457 0.00116138 4.28583e-08 0.63533 1.54629e-06 1.03953e-07 0.017983 0.0633982 0.260227 0.000290517 1.47816e-07 1.20638e-07 
5.8865e-06 2.61351e-05 0.999875 2.34658e-06 2.91319e-06 1.07028e-05 3.43578e-05 2.62164e-06 2.36198e-06 5.83139e-06 9.56509e-06 1.69407e-05 5.5161e-06 
0.00128207 7.78204e-07 7.36919e-07 6.98723e-08 0.000134433 0.00472454 1.02304e-06 0.000157682 0.00224473 0.991166 0.000173578 5.04429e-07 0.000113729 
0.285812 0.383599 2.70303e-06 2.56292e-07 0.150562 1.16895e-06 0.000162831 0.00141221 0.000440516 0.177935 1.04469e-06 1.85025e-06 6.88438e-05 
9.41594e-09 4.18053e-08 3.95874e-08 3.75355e-09 4.65989e-09 1.71199e-08 5.49582e-08 0.00083338 3.77817e-09 0.99708 1.53002e-08 2.7098e-08 0.00208643 
4.30675e-07 1.91213e-06 1.81069e-06 1.71683e-07 2.13138e-07 7.83047e-07 2.51373e-06 1.91808e-07 1.72809e-07 0.999667 6.99812e-07 1.23943e-06 0.000323263 
0.960072 1.40633e-05 1.33172e-05 1.26269e-06 1.56758e-06 5.75913e-06 1.84879e-05 1.4107e-06 1.27097e-06 0.039854 5.14696e-06 9.11575e-06 2.9682e-06 
0.00174564 6.49698e-11 6.15231e-11 5.83342e-12 3.22388e-05 2.66062e-11 8.54108e-11 0.991503 0.00430612 0.000428964 1.95024e-09 2.0312e-05 0.00196324 
3.38264e-05 5.77221e-05 3.11734e-06 8.09915e-09 0.217673 3.69402e-08 1.18585e-07 2.47394e-05 0.0516391 0.730556 1.25176e-05 5.84702e-08 1.90386e-08 
4.12899e-05 3.64501e-06 1.32905e-09 1.26016e-10 0.00111291 5.74759e-10 1.84508e-09 0.00739494 4.79545e-06 0.99144 5.13664e-10 9.09748e-10 2.06107e-06 
3.30919e-06 0.00148392 1.39128e-05 1.31917e-06 1.6377e-06 6.01673e-06 1.93148e-05 1.4738e-06 0.992547 0.00590406 5.37718e-06 9.52349e-06 3.10097e-06 
0.163625 0.000369348 1.23162e-06 1.16779e-07 0.0143245 5.32627e-07 1.70983e-06 0.681084 1.93157e-05 0.140565 4.7601e-07 8.45187e-06 2.74511e-07 
0.00439525 0.000345452 6.52946e-07 6.19102e-08 0.00541865 0.00231573 9.06466e-07 6.91672e-08 0.987522 1.5385e-07 2.52357e-07 4.46948e-07 1.45532e-07 
1.08083e-05 4.79873e-05 4.54415e-05 4.30862e-06 5.34898e-06 0.994391 6.30852e-05 4.81367e-06 4.33688e-06 0.00536428 1.75627e-05 3.11052e-05 1.01282e-05 
2.04041e-05 4.87618e-09 4.61749e-09 4.37815e-10 0.0528587 8.84842e-05 6.41034e-09 0.00261676 0.0579039 0.880085 0.00585923 0.000567843 1.02917e-09 
0.00057043 0.00136944 4.09849e-06 3.88606e-07 0.0159845 1.77243e-06 5.68982e-06 0.000675394 0.979008 0.00185915 5.18411e-05 0.000468799 9.13493e-07 
1.7172e-09 7.6241e-09 7.21963e-09 6.84541e-10 0.0502444 1.03063e-05 1.00228e-08 1.14794e-06 8.13123e-06 0.949734 2.51407e-06 4.94191e-09 1.60915e-09 
0.000184747 0.00306321 1.65041e-06 2.63622e-07 0.000710585 0.000745946 1.66005e-06 0.774847 0.0192274 0.000120749 5.59666e-06 0.000860008 0.200231 
0.0045351 0.00242971 2.64953e-11 2.5122e-12 0.607191 2.38056e-05 3.67827e-11 0.0295563 0.0518243 6.38794e-08 0.0266625 0.277625 0.000152325 
3.51304e-07 0.00546062 1.47699e-06 1.40043e-07 0.00013926 6.38736e-07 2.05046e-06 1.56459e-07 0.000394832 0.993999 5.7084e-07 1.01101e-06 3.29198e-07 
0.0109307 3.25686e-06 3.08408e-06 2.92422e-07 0.00700685 1.33374e-06 4.28154e-06 0.000359696 0.00473917 0.976232 0.00071637 2.11108e-06 6.87395e-07 
9.70714e-10 4.30981e-09 4.08117e-09 3.86963e-10 4.804e-10 1.76494e-09 5.66578e-09 4.32322e-10 3.89502e-10 0.997215 0.00278038 5.0313e-06 9.09632e-10 
4.32853e-07 1.9218e-06 1.81984e-06 1.72552e-07 2.14216e-07 7.87007e-07 2.52644e-06 1.92778e-07 1.73683e-07 0.999879 7.10384e-05 1.2457e-06 4.09672e-05 
5.27465e-06 7.43036e-07 7.03617e-07 6.67147e-08 8.28236e-08 3.81714e-06 9.76812e-07 0.992864 0.00228972 7.99633e-06 7.73458e-06 0.000344395 0.00447429 
2.40248e-08 1.06666e-07 1.01008e-07 9.57722e-09 0.000171224 4.36817e-08 1.40226e-07 0.999419 5.11018e-05 2.37999e-08 3.90385e-08 0.000276634 8.107e-05 
0.00625036 0.0225629 0.000680997 1.23978e-06 0.00125093 9.53979e-06 6.43268e-06 0.941033 0.026278 0.000858698 2.92127e-06 0.000595375 0.000469488 
0.000485604 0.00837188 4.74688e-07 4.50083e-08 5.58761e-08 2.05283e-07 6.58996e-07 0.00119681 4.53036e-08 0.989601 1.83462e-07 0.000195283 0.000148227 
0.99973 4.8991e-05 4.6392e-05 4.39874e-06 5.46086e-06 2.00626e-05 6.44047e-05 4.91435e-06 4.42759e-06 1.09311e-05 1.793e-05 3.17558e-05 1.03401e-05 
2.01334e-09 8.93891e-09 8.46469e-09 8.02594e-10 9.96389e-10 3.66063e-09 1.17513e-08 8.96673e-10 8.07859e-10 0.999064 0.000930401 5.41995e-06 1.88665e-09 
0.00028041 3.14608e-07 2.97918e-07 2.82476e-08 3.50683e-08 1.28837e-07 4.13591e-07 3.24465e-05 2.84329e-08 0.999686 1.15142e-07 2.03928e-07 6.64015e-08 
7.20571e-08 3.19922e-07 3.0295e-07 2.87247e-08 3.56606e-08 1.31013e-07 4.20577e-07 3.20918e-08 2.89131e-08 0.999998 1.17087e-07 2.07372e-07 6.7523e-08 
8.32726e-07 3.69717e-06 3.50103e-06 3.31956e-07 4.1211e-07 1.51405e-06 4.86038e-06 3.70867e-07 3.34134e-07 0.99998 1.35311e-06 2.39649e-06 7.80327e-07 
0.00623281 0.00868083 1.17056e-06 6.30073e-10 0.955955 2.87376e-09 2.5998e-05 0.00988442 0.0117793 0.0074403 1.15028e-07 4.54868e-09 1.48111e-09 
0.000231759 2.85747e-07 2.70588e-07 2.56563e-08 9.58724e-06 1.17018e-07 3.7565e-07 5.16232e-05 0.000723113 0.998982 1.0458e-07 1.8522e-07 6.03101e-08 
1.10897e-05 4.92366e-05 4.66245e-05 4.42078e-06 5.48823e-06 2.01632e-05 6.47275e-05 4.93898e-06 4.44978e-06 0.999729 1.80199e-05 3.1915e-05 1.03919e-05 
0.386631 2.21405e-09 2.09659e-09 1.98792e-10 0.598674 9.06691e-10 2.91064e-09 2.22094e-10 0.0145421 0.00015267 8.10313e-10 1.43514e-09 4.673e-10 
0.000974059 0.00101977 1.66466e-07 1.57838e-08 0.00186154 0.00442025 2.31101e-07 0.987788 1.58873e-08 0.00390279 6.43376e-08 1.13948e-07 3.34297e-05 
1.66231e-05 7.38039e-05 6.98885e-05 6.6266e-06 8.22666e-06 3.02239e-05 9.70243e-05 7.40336e-06 6.67007e-06 0.999593 2.70112e-05 4.78394e-05 1.55771e-05 
5.76456e-07 0.0514144 2.42359e-06 2.29797e-07 2.85284e-07 0.000162662 0.934005 2.56733e-07 2.31304e-07 3.08466e-05 9.36694e-07 1.65897e-06 0.0143809 
1.80859e-08 8.02986e-08 7.60387e-08 7.20974e-09 0.000176336 0.000108549 1.05562e-07 1.20904e-05 0.128545 0.871131 2.64788e-05 5.20493e-08 1.69479e-08 
1.59814e-06 7.09546e-06 6.71904e-06 6.37077e-07 0.000511347 0.0167339 0.00374663 0.10993 0.834615 0.00111999 2.59684e-06 0.0269087 0.0064164 
2.14957e-07 9.54377e-07 9.03746e-07 8.56902e-08 1.06381e-07 0.00343972 1.25465e-06 0.0179982 0.00245827 0.974311 0.00108314 6.18623e-07 0.000705213 
0.0116084 6.80898e-09 6.44775e-09 6.11355e-10 1.9051e-05 2.78839e-09 1.70163e-05 0.644977 0.0204865 0.322892 2.49199e-09 4.41356e-09 1.43711e-09 
1.1644e-05 0.00991526 2.64577e-07 2.50863e-08 0.00662497 0.000507315 4.25149e-05 0.337757 0.134514 0.510331 1.02256e-07 0.000207998 8.79336e-05 
1.56146e-06 6.93263e-06 6.56484e-06 6.22457e-07 6.59407e-05 2.83902e-06 9.11379e-06 6.9542e-07 6.2654e-07 0.999897 2.53725e-06 4.4937e-06 1.46321e-06 
1.78765e-06 7.93686e-06 7.5158e-06 7.12624e-07 8.84694e-07 0.00747888 1.0434e-05 0.00676812 0.00179396 0.98392 2.90478e-06 5.14465e-06 1.67516e-06 
2.33049e-05 0.00010347 0.999504 9.29023e-06 1.15335e-05 4.23727e-05 0.000136024 1.03792e-05 9.35117e-06 2.30868e-05 3.78687e-05 6.7069e-05 2.18385e-05 
2.20694e-05 0.999536 9.27862e-05 8.79768e-06 1.0922e-05 4.01262e-05 0.000128813 9.82893e-06 8.85539e-06 2.18628e-05 3.58609e-05 6.35131e-05 2.06807e-05 
1.513e-06 6.7175e-06 6.36113e-06 6.03141e-07 7.48776e-07 0.995842 8.83098e-06 0.000607132 0.000668413 0.0028493 2.45851e-06 4.35426e-06 1.4178e-06 
0.587968 0.0150073 6.43056e-10 6.09725e-11 0.132264 0.12976 8.92737e-10 6.81196e-11 0.135001 1.5152e-10 2.48535e-10 4.40179e-10 1.43328e-10 
3.40368e-05 0.000151118 0.000143101 1.35684e-05 1.68446e-05 6.18853e-05 0.000198663 1.51588e-05 1.36574e-05 3.37182e-05 5.53071e-05 0.999231 3.18951e-05 
0.031698 8.27799e-06 7.83883e-06 7.43252e-07 9.22718e-07 3.38997e-06 1.08824e-05 0.00448487 0.952137 0.0116381 3.02963e-06 5.36576e-06 1.74716e-06 
1.99543e-05 5.78079e-05 1.88881e-06 1.79091e-07 0.0177688 1.6149e-05 2.62218e-06 0.00143833 0.000355208 0.980294 3.28462e-05 1.15788e-05 4.20987e-07 
8.59896e-06 3.8178e-05 3.61526e-05 3.42787e-06 4.25557e-06 1.56345e-05 5.01896e-05 3.82968e-06 3.45036e-06 8.51846e-06 1.39726e-05 0.999806 8.05788e-06 
8.49136e-09 0.000880905 3.57002e-08 3.38498e-09 4.20232e-09 1.54389e-08 4.95617e-08 7.82813e-06 3.40718e-09 0.981468 1.37978e-08 2.44372e-08 0.0176433 
0.208923 9.50952e-06 1.55232e-09 1.47186e-10 0.315954 4.12194e-05 2.15505e-09 0.0528639 1.48152e-10 0.422208 5.99957e-10 1.06258e-09 3.4599e-10 
1.60832e-08 2.42362e-05 6.76185e-08 6.41136e-09 1.82027e-05 2.92422e-08 9.38728e-08 0.0268235 9.70196e-06 0.973112 1.93366e-06 4.49966e-06 5.70069e-06 
0.00625036 0.0225629 0.000680997 1.23978e-06 0.00125093 9.53979e-06 6.43268e-06 0.941033 0.026278 0.000858698 2.92127e-06 0.000595375 0.000469488 
8.26894e-08 3.67128e-07 3.47651e-07 3.29632e-08 9.33298e-05 1.50345e-07 4.82635e-07 0.000105702 3.31794e-08 0.999799 1.34364e-07 2.37971e-07 7.74863e-08 
0.984101 0.00643412 0.000140749 6.63947e-08 0.00302513 3.02826e-07 0.00398669 0.00073443 0.00101588 0.000561147 2.70637e-07 4.79323e-07 1.56074e-07 
8.08092e-07 3.5878e-06 3.39746e-06 3.22136e-07 3.99919e-07 1.46926e-06 4.7166e-06 3.59896e-07 4.43469e-05 0.995419 0.000982647 0.00353777 7.57244e-07 
0.00398916 0.481302 1.72798e-07 1.63842e-08 0.0133092 3.23496e-06 0.000261445 0.148187 5.31692e-06 0.352931 6.67848e-08 1.18282e-07 1.1114e-05 
1.222e-11 5.42548e-11 5.13765e-11 4.87135e-12 2.09154e-08 2.22182e-11 7.13246e-11 0.00630894 4.9033e-12 0.98936 1.98565e-11 3.51678e-11 0.00433129 
0.0139683 0.000101718 1.31647e-07 1.24823e-08 0.000211371 5.6932e-08 0.000196039 1.09116e-05 5.1422e-05 0.98546 5.08803e-08 9.01139e-08 2.93422e-08 
0.997607 0.000434195 0.00041116 3.89849e-05 4.83982e-05 0.00017781 0.000570803 4.35546e-05 3.92406e-05 9.68797e-05 0.000158909 0.000281444 9.16416e-05 
9.07477e-07 4.02905e-06 3.81531e-06 3.61755e-07 0.00111389 1.64996e-06 5.29668e-06 4.04159e-07 0.0609486 0.937916 1.47458e-06 2.61162e-06 8.50375e-07 
4.9892e-07 2.21513e-06 2.09761e-06 1.98889e-07 2.46912e-07 0.999748 2.91206e-06 2.22202e-07 0.000240431 4.9425e-07 8.10706e-07 1.43584e-06 4.67526e-07 
0.0192953 1.05167e-08 9.95877e-09 9.44258e-10 1.17226e-09 4.30676e-09 1.38255e-08 2.11094e-06 9.50452e-10 0.980703 3.84897e-09 6.81689e-09 2.21966e-09 
1.20163e-10 5.33503e-10 5.052e-10 4.79014e-11 5.94677e-11 2.18478e-10 7.01355e-10 0.0148271 0.0454413 0.939732 1.95255e-10 3.45815e-10 1.12602e-10 
0.00560941 2.41772e-06 2.28945e-06 2.17078e-07 0.00549796 0.970096 3.17838e-06 0.00434143 0.00644603 0.00345304 8.84851e-07 0.00454633 5.10285e-07 
0.00728727 0.984978 9.08097e-07 8.61028e-08 8.13326e-05 3.92715e-07 4.00862e-06 0.00652503 3.13756e-06 2.1397e-07 8.8648e-07 0.00111304 6.15827e-06 
1.04571e-06 4.16562e-10 3.94463e-10 3.74017e-11 0.167406 1.70589e-10 5.47622e-10 0.00460644 1.59013e-06 0.827983 1.52456e-10 2.70014e-10 2.74796e-06 
0.0197708 0.0154985 0.00281625 2.51052e-06 0.00908809 0.0301904 2.97241e-06 0.0127865 0.0163403 0.890366 0.00248129 5.1771e-06 0.000651576 
9.70714e-10 4.30981e-09 4.08117e-09 3.86963e-10 4.804e-10 1.76494e-09 5.66578e-09 4.32322e-10 3.89502e-10 0.997215 0.00278038 5.0313e-06 9.09632e-10 
2.64188e-09 0.143769 1.11073e-08 1.05316e-09 0.00817813 4.80344e-09 1.54199e-08 1.1766e-09 1.06006e-09 0.848053 4.29285e-09 7.60305e-09 2.47565e-09 
3.68351e-09 1.63542e-08 0.999841 1.46839e-09 3.08096e-05 6.69731e-09 2.14996e-08 4.28189e-05 1.47802e-09 8.53909e-05 5.98541e-09 1.06007e-08 3.45173e-09 
4.23547e-07 1.88048e-06 1.78072e-06 1.68842e-07 2.0961e-07 7.70087e-07 2.47212e-06 1.88633e-07 8.51445e-05 0.999905 6.8823e-07 1.21892e-06 3.96896e-07 
9.87166e-05 0.000438286 0.000415034 3.93522e-05 4.88542e-05 0.000179485 0.00057618 4.3965e-05 3.96103e-05 0.997584 0.000160407 0.000284095 9.2505e-05 
1.4631e-06 6.49594e-06 0.00246669 5.83249e-07 0.019044 0.000800719 8.53972e-06 0.960942 0.00411009 0.0126113 2.37743e-06 4.21065e-06 1.37104e-06 
1.53998e-07 1.37877e-05 6.47454e-07 6.13895e-08 0.126407 0.000208683 4.63001e-05 0.0858468 0.00800259 0.769028 2.50235e-07 0.0101607 0.000285017 
4.81267e-07 0.0973715 2.02339e-06 1.91851e-07 2.38176e-07 0.00068031 2.80902e-06 0.000168809 0.000134693 0.90138 1.4619e-05 0.000244225 4.50984e-07 
4.73413e-09 2.10188e-08 1.99037e-08 1.88721e-09 0.828567 8.60754e-09 0.000102265 0.0056489 0.123429 0.0422369 6.16175e-06 1.36243e-08 9.32054e-06 
0.00071203 0.00613032 4.91419e-06 1.79499e-09 0.145934 8.18693e-09 0.000117822 0.0137235 2.00912e-05 0.833357 7.31669e-09 1.29585e-08 4.21946e-09 
0.00148524 0.998465 1.039e-05 9.85144e-07 1.22302e-06 4.49324e-06 1.44241e-05 1.10062e-06 9.91606e-07 2.44814e-06 4.01562e-06 7.11205e-06 2.31577e-06 
2.20694e-05 0.999536 9.27862e-05 8.79768e-06 1.0922e-05 4.01262e-05 0.000128813 9.82893e-06 8.85539e-06 2.18628e-05 3.58609e-05 6.35131e-05 2.06807e-05 
0.000843962 4.92969e-07 4.66816e-07 4.4262e-08 0.00285193 0.0971845 6.48068e-07 4.94503e-08 0.000931187 0.898186 1.8042e-07 3.1954e-07 1.04046e-07 
0.00567358 8.31321e-07 7.87218e-07 7.46414e-08 9.26644e-08 3.40439e-07 1.09287e-06 0.992179 7.51311e-08 0.00155829 3.04252e-07 0.000269969 0.000316002 
0.000227131 3.78373e-05 3.583e-05 3.39728e-06 4.21759e-06 1.5495e-05 4.97418e-05 0.000986256 0.000617442 0.997976 1.38479e-05 2.4526e-05 7.98597e-06 
4.28356e-06 1.90183e-05 1.80094e-05 1.70759e-06 0.00254601 7.78831e-06 2.50019e-05 1.90775e-06 1.71879e-06 0.293651 0.703707 1.23276e-05 4.01402e-06 
0.00623281 0.00868083 1.17056e-06 6.30073e-10 0.955955 2.87376e-09 2.5998e-05 0.00988442 0.0117793 0.0074403 1.15028e-07 4.54868e-09 1.48111e-09 
2.76596e-06 1.22804e-05 1.16289e-05 1.10262e-06 1.36885e-06 5.02903e-06 1.61441e-05 0.00258814 1.10985e-06 0.996568 4.49446e-06 7.96012e-06 0.000780168 
0.00353981 3.62211e-06 4.59197e-05 3.25216e-07 0.250152 1.48331e-06 4.7617e-06 0.0451796 0.000166589 0.699278 8.34348e-05 0.00154384 7.64485e-07 
0.000135318 0.00216426 4.83256e-05 3.1871e-05 0.0978643 0.530709 8.17785e-05 0.175491 0.0101593 0.129015 3.8307e-05 0.0541726 8.95407e-05 
5.28983e-06 2.3486e-05 2.224e-05 2.10873e-06 2.6179e-06 9.61789e-06 3.08752e-05 0.975822 0.00361047 0.0204424 8.59555e-06 1.52235e-05 4.95697e-06 
9.70714e-10 4.30981e-09 4.08117e-09 3.86963e-10 4.804e-10 1.76494e-09 5.66578e-09 4.32322e-10 3.89502e-10 0.997215 0.00278038 5.0313e-06 9.09632e-10 
2.65269e-07 4.11597e-05 1.11527e-06 1.05746e-07 0.00634311 4.82309e-07 1.5483e-06 0.00414305 2.61228e-05 0.989262 4.31041e-07 9.4062e-05 8.63228e-05 
1.0087e-06 0.00761789 4.24089e-06 4.02107e-07 0.991862 1.83401e-06 5.88751e-06 4.49242e-07 4.04745e-07 0.000500629 1.63906e-06 2.90293e-06 9.45231e-07 
0.916423 3.01014e-06 2.85045e-06 2.7027e-07 0.00586926 0.000395812 3.9572e-06 3.01951e-07 0.0745695 0.00272837 1.10167e-06 1.95116e-06 6.35323e-07 
3.51304e-07 0.00546062 1.47699e-06 1.40043e-07 0.00013926 6.38736e-07 2.05046e-06 1.56459e-07 0.000394832 0.993999 5.7084e-07 1.01101e-06 3.29198e-07 
0.00623281 0.00868083 1.17056e-06 6.30073e-10 0.955955 2.87376e-09 2.5998e-05 0.00988442 0.0117793 0.0074403 1.15028e-07 4.54868e-09 1.48111e-09 
0.00230945 3.74595e-05 7.96284e-10 7.5501e-11 0.538764 0.0456988 1.10546e-09 0.00967861 0.0587143 0.0500335 0.0399483 0.253492 0.00132361 
8.79596e-07 1.94292e-08 1.83984e-08 1.74448e-09 2.1657e-09 3.98624e-06 2.5542e-08 1.94896e-09 5.26952e-06 0.99999 7.11081e-09 1.25939e-08 4.10074e-09 
0.023183 3.15718e-05 2.15461e-07 2.04293e-08 0.0728165 9.31781e-08 0.000124759 0.00602277 0.00284984 0.89485 8.95939e-05 1.47486e-07 3.1472e-05 
1.98347e-05 8.80629e-05 8.3391e-05 7.90686e-06 0.998347 0.00119387 0.000115769 8.83369e-06 7.95873e-06 1.9649e-05 3.22298e-05 5.7082e-05 1.85866e-05 
0.000172582 0.00798956 0.00176366 3.59144e-08 0.00956741 0.0123801 0.674196 0.0570137 0.152286 0.0772678 0.00164182 0.00572084 8.44238e-08 
0.892261 3.87366e-07 3.66816e-07 3.47803e-08 0.0629959 1.58633e-07 5.0924e-07 6.52226e-05 0.0446435 3.23064e-05 1.41771e-07 2.51089e-07 8.17578e-08 
1.05351e-07 4.67743e-07 4.42928e-07 4.1997e-08 5.21376e-08 1.91548e-07 6.14905e-07 4.69198e-08 4.22725e-08 0.998613 0.00115112 0.00023422 9.87221e-08 
0.407625 0.0105755 0.0170584 7.89779e-10 0.137852 9.35452e-06 0.00836 0.0641353 0.347338 0.00652265 8.74538e-05 0.000436363 9.67469e-07 
0.000539875 4.413e-06 4.17889e-06 3.96228e-07 0.000321804 1.8072e-06 5.80143e-06 4.42674e-07 0.000150557 0.998965 1.6151e-06 2.86049e-06 9.31412e-07 
0.000413826 0.00462038 0.00110616 4.19684e-07 0.91111 0.00056675 6.14486e-06 0.0270482 0.0265014 0.0286207 1.71071e-06 3.02982e-06 9.86548e-07 
0.00335415 3.63128e-06 3.43863e-06 3.2604e-07 0.00676 0.00580104 4.77376e-06 0.00408005 0.0026914 0.977297 1.329e-06 2.35378e-06 7.6642e-07 
0.0380471 9.3794e-05 8.88181e-05 8.42144e-06 1.04549e-05 3.84102e-05 0.000123304 9.40858e-06 0.942609 0.0188559 3.43273e-05 6.07969e-05 1.97962e-05 
8.59896e-06 3.8178e-05 3.61526e-05 3.42787e-06 4.25557e-06 1.56345e-05 5.01896e-05 3.82968e-06 3.45036e-06 8.51846e-06 1.39726e-05 0.999806 8.05788e-06 
0.000392916 0.999424 1.74384e-11 1.65345e-12 2.0527e-12 7.54139e-12 4.84428e-08 0.000182941 5.37584e-08 4.10892e-12 9.44242e-09 7.52139e-08 1.04946e-07 
0.000467286 0.998476 9.13661e-06 8.66304e-07 1.07548e-06 3.95121e-06 1.26841e-05 9.6785e-07 8.71986e-07 0.00101582 3.53121e-06 6.25411e-06 2.03642e-06 
5.67268e-05 1.05485e-05 0.000840828 5.25882e-10 2.33079e-05 2.39855e-09 7.69978e-09 2.5857e-06 0.113751 0.883683 0.00161197 2.01253e-05 1.23619e-09 
3.14912e-06 1.39816e-05 1.32398e-05 1.25536e-06 0.999921 5.72569e-06 1.83805e-05 1.40251e-06 1.26359e-06 3.11964e-06 5.11707e-06 9.06282e-06 2.95097e-06 
0.0045351 0.00242971 2.64953e-11 2.5122e-12 0.607191 2.38056e-05 3.67827e-11 0.0295563 0.0518243 6.38794e-08 0.0266625 0.277625 0.000152325 
0.0192953 1.05167e-08 9.95877e-09 9.44258e-10 1.17226e-09 4.30676e-09 1.38255e-08 2.11094e-06 9.50452e-10 0.980703 3.84897e-09 6.81689e-09 2.21966e-09 
1.48582e-06 6.59681e-06 6.24684e-06 5.92305e-07 7.35323e-07 2.7015e-06 8.67231e-06 0.00377256 5.9619e-07 0.996192 2.41434e-06 4.27603e-06 1.39233e-06 
0.53906 1.18773e-08 1.12472e-08 1.06642e-09 0.0283563 4.86395e-09 4.3499e-06 0.124089 0.308412 7.4121e-05 1.52946e-07 3.48292e-07 3.42076e-06 
5.73039e-05 1.695e-07 1.60508e-07 1.52189e-08 0.74937 6.94132e-08 2.22829e-07 0.000149641 0.250298 0.000124843 6.20348e-08 1.0987e-07 3.57749e-08 
7.44449e-07 3.30523e-06 3.12989e-06 2.96765e-07 0.00294775 1.35355e-06 4.34513e-06 0.00550409 0.987032 0.00449937 1.20967e-06 2.14244e-06 6.97605e-07 
9.70714e-10 4.30981e-09 4.08117e-09 3.86963e-10 4.804e-10 1.76494e-09 5.66578e-09 4.32322e-10 3.89502e-10 0.997215 0.00278038 5.0313e-06 9.09632e-10 
1.0809e-06 0.00162866 4.54444e-06 4.30889e-07 4.09248e-05 1.96528e-06 6.30892e-06 0.0688001 4.33715e-07 0.928344 0.000240917 0.000855614 7.4658e-05 
0.0140883 0.00483781 1.52655e-06 1.44742e-07 0.0100629 6.60168e-07 0.942013 1.61708e-07 0.00244776 0.0265456 5.89995e-07 1.04494e-06 3.40244e-07 
0.00623281 0.00868083 1.17056e-06 6.30073e-10 0.955955 2.87376e-09 2.5998e-05 0.00988442 0.0117793 0.0074403 1.15028e-07 4.54868e-09 1.48111e-09 
0.00223814 0.00701511 0.907525 2.29941e-07 0.00968111 0.00172398 3.36671e-06 0.0111393 0.00623821 0.0538896 9.31521e-06 0.000535834 5.40521e-07 
9.203e-07 4.08599e-06 3.86922e-06 3.66867e-07 0.000774722 1.67328e-06 5.37153e-06 0.997464 0.000554277 0.0011861 1.49541e-06 2.64852e-06 8.62391e-07 
4.89356e-07 0.000195352 2.2964e-05 1.95076e-07 0.00895405 8.89741e-07 7.4732e-05 3.41218e-05 0.0175925 0.973054 7.95165e-07 6.93845e-05 4.58564e-07 
0.0176598 7.38984e-07 6.9978e-07 6.63508e-08 0.971733 0.000575291 9.71485e-07 7.41283e-08 0.00269154 0.00509512 0.000757553 0.00148541 1.5597e-07 
9.70714e-10 4.30981e-09 4.08117e-09 3.86963e-10 4.804e-10 1.76494e-09 5.66578e-09 4.32322e-10 3.89502e-10 0.997215 0.00278038 5.0313e-06 9.09632e-10 
1.10514e-07 4.90665e-07 4.64635e-07 4.40551e-08 5.46927e-08 2.00935e-07 6.45039e-07 0.000319975 0.000390271 0.998499 0.000215672 0.000572805 1.0356e-07 
3.35068e-08 2.46265e-05 1.40873e-07 1.33571e-08 4.47632e-05 6.09217e-08 1.9557e-07 3.58637e-05 1.59412e-05 0.999768 5.44459e-08 5.72156e-05 5.27277e-05 
2.11296e-06 9.3812e-06 8.88352e-06 8.42306e-07 0.000203147 0.000128219 1.23327e-05 1.47894e-05 9.89976e-05 0.999479 3.37489e-05 6.08086e-06 1.98e-06 
0.00846604 3.99828e-06 3.78617e-06 3.58992e-07 4.45675e-07 1.63736e-06 5.25623e-06 0.000281152 3.61347e-07 0.991232 1.46332e-06 2.59167e-06 8.43881e-07 
0.00407201 0.00252304 3.45135e-07 3.27246e-08 0.0109392 1.49257e-07 0.651807 0.185145 0.0649864 0.0804074 1.33391e-07 0.000118854 7.69255e-08 
0.000794669 0.999164 3.92593e-06 3.72244e-07 2.35688e-05 1.6978e-06 5.45026e-06 4.15877e-07 3.74685e-07 9.25047e-07 1.51733e-06 2.68734e-06 8.75031e-07 
1.10834e-06 4.92084e-06 4.65979e-06 4.41826e-07 5.48509e-07 0.00181566 6.46905e-06 4.93616e-07 4.44724e-07 0.998159 1.80096e-06 3.18967e-06 1.0386e-06 
1.24584e-05 5.53133e-05 5.23788e-05 4.96639e-06 0.00123928 2.26517e-05 7.27161e-05 5.54854e-06 4.99897e-06 0.998462 2.02439e-05 3.58539e-05 1.16745e-05 
0.000231759 2.85747e-07 2.70588e-07 2.56563e-08 9.58724e-06 1.17018e-07 3.7565e-07 5.16232e-05 0.000723113 0.998982 1.0458e-07 1.8522e-07 6.03101e-08 
3.35068e-08 2.46265e-05 1.40873e-07 1.33571e-08 4.47632e-05 6.09217e-08 1.9557e-07 3.58637e-05 1.59412e-05 0.999768 5.44459e-08 5.72156e-05 5.27277e-05 
2.04041e-05 4.87618e-09 4.61749e-09 4.37815e-10 0.0528587 8.84842e-05 6.41034e-09 0.00261676 0.0579039 0.880085 0.00585923 0.000567843 1.02917e-09 
6.56154e-07 2.91322e-06 2.75867e-06 2.61568e-07 3.24726e-07 1.19301e-06 3.82978e-06 0.00125687 0.000763785 0.997964 1.0662e-06 1.88834e-06 6.14866e-07 
0.000779975 1.46429e-05 0.471032 1.89273e-07 0.0036608 3.30365e-05 3.69964e-06 0.077167 0.00434397 0.442745 4.50305e-05 4.3418e-06 0.000169948 
1.40034e-08 5.60177e-05 5.88745e-08 5.58229e-09 6.93019e-09 5.60391e-05 8.17339e-08 0.00713535 5.61891e-09 0.992752 2.27544e-08 4.03002e-08 1.31223e-08 
6.34069e-07 0.995443 2.66582e-06 2.52764e-07 0.000251351 1.15286e-06 3.70088e-06 2.82392e-07 0.000712634 0.00358098 1.03031e-06 1.82478e-06 5.94171e-07 
0.000215095 0.0430984 2.31657e-06 2.19649e-07 0.81653 1.00182e-06 3.21603e-06 0.0296786 0.0689668 0.0413534 8.9533e-07 0.000149279 5.16328e-07 
3.40368e-05 0.000151118 0.000143101 1.35684e-05 1.68446e-05 6.18853e-05 0.000198663 1.51588e-05 1.36574e-05 3.37182e-05 5.53071e-05 0.999231 3.18951e-05 
0.000392916 0.999424 1.74384e-11 1.65345e-12 2.0527e-12 7.54139e-12 4.84428e-08 0.000182941 5.37584e-08 4.10892e-12 9.44242e-09 7.52139e-08 1.04946e-07 
0.000184747 0.00306321 1.65041e-06 2.63622e-07 0.000710585 0.000745946 1.66005e-06 0.774847 0.0192274 0.000120749 5.59666e-06 0.000860008 0.200231 
9.70714e-10 4.30981e-09 4.08117e-09 3.86963e-10 4.804e-10 1.76494e-09 5.66578e-09 4.32322e-10 3.89502e-10 0.997215 0.00278038 5.0313e-06 9.09632e-10 
1.13953e-07 0.000860589 0.00177312 4.54259e-08 5.63944e-08 2.07187e-07 6.65109e-07 0.00104044 4.57239e-08 0.99612 0.000203866 3.27943e-07 1.06782e-07 
0.0267663 1.04557e-05 0.00454628 1.09174e-09 0.0149281 0.0353458 1.59849e-08 0.0244618 0.066213 0.460623 0.015333 0.351772 3.26657e-07 
0.00623281 0.00868083 1.17056e-06 6.30073e-10 0.955955 2.87376e-09 2.5998e-05 0.00988442 0.0117793 0.0074403 1.15028e-07 4.54868e-09 1.48111e-09 
0.000392916 0.999424 1.74384e-11 1.65345e-12 2.0527e-12 7.54139e-12 4.84428e-08 0.000182941 5.37584e-08 4.10892e-12 9.44242e-09 7.52139e-08 1.04946e-07 
7.99549e-07 3.54987e-06 3.36154e-06 3.18731e-07 3.95692e-07 1.45373e-06 4.66674e-06 3.56092e-07 3.20821e-07 0.99998 1.2992e-06 2.30101e-06 7.49238e-07 
2.74885e-05 0.000122044 0.00011557 1.09579e-05 1.36039e-05 4.99792e-05 0.000160442 1.22424e-05 0.999311 2.72311e-05 4.46666e-05 7.91087e-05 2.57588e-05 
0.000392916 0.999424 1.74384e-11 1.65345e-12 2.0527e-12 7.54139e-12 4.84428e-08 0.000182941 5.37584e-08 4.10892e-12 9.44242e-09 7.52139e-08 1.04946e-07 
0.000392916 0.999424 1.74384e-11 1.65345e-12 2.0527e-12 7.54139e-12 4.84428e-08 0.000182941 5.37584e-08 4.10892e-12 9.44242e-09 7.52139e-08 1.04946e-07 
4.56141e-07 2.02519e-06 1.91775e-06 1.81835e-07 2.25741e-07 8.29349e-07 2.66236e-06 2.03149e-07 1.83028e-07 0.999989 7.41192e-07 1.31272e-06 4.27438e-07 
3.35068e-08 2.46265e-05 1.40873e-07 1.33571e-08 4.47632e-05 6.09217e-08 1.9557e-07 3.58637e-05 1.59412e-05 0.999768 5.44459e-08 5.72156e-05 5.27277e-05 
0.974995 3.48718e-07 4.22289e-09 4.004e-10 0.00106885 2.36793e-07 5.86252e-09 0.0197831 4.15315e-05 0.00410576 9.96161e-07 2.06727e-06 1.85999e-06 
0.000792222 1.41609e-07 1.34097e-07 1.27146e-08 0.107396 0.000169109 1.86163e-07 0.00739111 5.42583e-05 0.884139 5.1827e-08 9.17906e-08 5.80439e-05 
0.0045351 0.00242971 2.64953e-11 2.5122e-12 0.607191 2.38056e-05 3.67827e-11 0.0295563 0.0518243 6.38794e-08 0.0266625 0.277625 0.000152325 
0.006529 0.00144482 0.00369367 0.000220121 0.0217587 0.177382 0.000283525 0.226568 0.0149242 0.499682 0.00253309 0.0251329 0.0198478 
0.000394026 0.000202464 6.16108e-05 8.83558e-08 0.00996887 4.02991e-07 1.29367e-06 9.87127e-08 7.04095e-05 0.989115 0.000184707 6.37867e-07 2.07698e-07 
0.000240217 1.05596e-05 9.99944e-06 9.48114e-07 1.17705e-06 4.32435e-06 1.38819e-05 1.05925e-06 9.54333e-07 0.999704 3.86468e-06 6.84472e-06 2.22873e-06 
3.35068e-08 2.46265e-05 1.40873e-07 1.33571e-08 4.47632e-05 6.09217e-08 1.9557e-07 3.58637e-05 1.59412e-05 0.999768 5.44459e-08 5.72156e-05 5.27277e-05 
0.503628 6.78251e-09 6.42269e-09 6.08979e-10 0.0691702 2.77755e-09 2.68385e-06 6.81043e-07 0.410235 0.0169596 3.72593e-06 4.3964e-09 1.43152e-09 
8.61553e-06 6.36465e-08 6.027e-08 5.7146e-09 0.000236252 2.60643e-08 6.70204e-05 5.55514e-05 0.880928 0.116689 0.000412323 0.00158425 1.882e-05 
1.4124e-08 6.27084e-08 4.16265e-05 5.63037e-09 6.98989e-09 1.80018e-05 8.24379e-08 6.29036e-09 5.66731e-09 0.999894 4.59238e-05 4.06474e-08 1.32353e-08 
4.24037e-06 1.88266e-05 1.78278e-05 1.69037e-06 2.09853e-06 7.70978e-06 0.999917 1.88851e-06 1.70146e-06 4.20067e-06 6.89026e-06 1.22033e-05 3.97355e-06 
0.0603689 0.0613709 0.000307053 1.53191e-07 0.0014144 6.98705e-07 0.481799 0.181493 0.0775669 0.1354 0.000277494 1.10593e-06 3.60106e-07 
8.36306e-06 5.56843e-05 2.19618e-08 2.08234e-09 2.58515e-09 9.49757e-09 3.04889e-08 1.55894e-05 3.9845e-06 0.999907 9.3453e-06 1.50331e-08 4.89495e-09 
0.994383 2.0147e-07 1.24702e-09 1.18238e-10 0.00199229 1.3715e-07 1.7312e-09 0.00189932 7.62024e-05 0.00164311 1.66758e-06 3.41279e-06 9.92589e-07 
0.503628 6.78251e-09 6.42269e-09 6.08979e-10 0.0691702 2.77755e-09 2.68385e-06 6.81043e-07 0.410235 0.0169596 3.72593e-06 4.3964e-09 1.43152e-09 
0.000392916 0.999424 1.74384e-11 1.65345e-12 2.0527e-12 7.54139e-12 4.84428e-08 0.000182941 5.37584e-08 4.10892e-12 9.44242e-09 7.52139e-08 1.04946e-07 
1.78892e-08 7.94253e-08 7.52117e-08 7.13133e-09 8.85326e-09 3.2526e-08 1.04414e-07 7.96725e-09 7.17811e-09 0.999968 3.20045e-05 5.14832e-08 1.67636e-08 
1.0087e-06 0.00761789 4.24089e-06 4.02107e-07 0.991862 1.83401e-06 5.88751e-06 4.49242e-07 4.04745e-07 0.000500629 1.63906e-06 2.90293e-06 9.45231e-07 
3.20753e-08 4.44693e-05 1.34854e-07 1.27864e-08 1.34913e-05 5.83189e-08 1.87214e-07 1.42852e-08 1.28703e-08 0.99993 8.90106e-06 2.70437e-06 3.0057e-08 
5.37749e-05 0.000730637 3.33398e-10 3.16117e-11 0.00881842 0.000407405 4.62847e-10 0.93719 0.0485904 0.00245092 2.25704e-05 0.00173562 2.1232e-07 
0.00112517 5.26306e-06 0.918724 2.47017e-07 6.42705e-06 7.5739e-06 3.80278e-06 4.7471e-07 3.43962e-06 0.0800483 4.32161e-06 2.37954e-06 6.84754e-05 
0.000564752 1.51451e-06 1.43416e-06 1.35983e-07 0.000195695 6.20217e-07 1.99101e-06 0.000226384 1.36875e-07 0.998394 5.5429e-07 0.000110001 0.000502772 
5.38474e-05 0.000239074 0.000226391 2.14656e-05 2.66487e-05 0.998726 0.000314292 2.39818e-05 2.16064e-05 5.33433e-05 8.74978e-05 0.000154967 5.04591e-05 
7.90734e-07 0.0122911 3.32448e-06 3.15217e-07 0.000313455 1.4377e-06 4.61529e-06 3.52166e-07 0.0897595 0.897621 1.28488e-06 2.27565e-06 7.40978e-07 
1.22097e-07 5.42091e-07 0.00056518 4.86725e-08 6.0425e-08 2.21995e-07 7.12646e-07 5.43778e-08 4.89918e-08 0.999313 0.000119237 3.51382e-07 1.14414e-07 
3.35068e-08 2.46265e-05 1.40873e-07 1.33571e-08 4.47632e-05 6.09217e-08 1.9557e-07 3.58637e-05 1.59412e-05 0.999768 5.44459e-08 5.72156e-05 5.27277e-05 
0.011765 0.0321716 1.19275e-08 1.13093e-09 0.298559 9.68627e-06 1.65587e-08 0.0772426 1.13835e-09 0.580234 4.60987e-09 1.79376e-05 2.65847e-09 
2.35608e-07 2.60863e-09 2.47024e-09 2.3422e-10 2.90775e-10 1.06828e-09 3.42937e-09 0.856066 1.18114e-07 1.51392e-06 9.54723e-10 0.111082 0.0328498 
0.00623281 0.00868083 1.17056e-06 6.30073e-10 0.955955 2.87376e-09 2.5998e-05 0.00988442 0.0117793 0.0074403 1.15028e-07 4.54868e-09 1.48111e-09 
0.000837163 0.000471182 0.0970594 2.23648e-05 0.0109951 5.99741e-05 0.0107694 0.022966 0.00150651 0.853255 5.51354e-05 0.00162495 0.000377438 
0.000494281 0.000547993 4.98625e-08 4.7278e-09 0.758744 2.15635e-08 0.00068431 0.0730888 0.066844 0.0995835 8.78601e-06 3.41314e-08 4.17738e-06 
0.000231759 2.85747e-07 2.70588e-07 2.56563e-08 9.58724e-06 1.17018e-07 3.7565e-07 5.16232e-05 0.000723113 0.998982 1.0458e-07 1.8522e-07 6.03101e-08 
3.17794e-07 1.41095e-06 1.3361e-06 1.26685e-07 0.000125977 5.77809e-07 1.85487e-06 1.41534e-07 1.27516e-07 0.999866 5.1639e-07 9.14575e-07 2.97797e-07 
5.54585e-07 2.46227e-06 2.33164e-06 2.21079e-07 2.7446e-07 0.00100935 3.23695e-06 0.997879 2.22529e-07 0.00109934 9.01156e-07 1.59603e-06 5.19688e-07 
