0.00845566 0.00398834 1.88391e-06 0.433813 0.3261 0.000420157 0.000323828 0.0510139 0.0321313 0.0259582 0.0312917 0.00138246 0.0851187 
0.0189921 0.00026898 1.87305e-09 0.515383 0.336156 0.0120548 7.97947e-05 0.0503837 0.0239672 0.00478906 0.0371123 0.000423728 0.000388927 
0.0277153 0.000321396 2.82032e-06 0.48222 0.151144 0.00412636 0.00738287 0.0267812 0.269887 0.0203014 0.00353218 0.00125515 0.00533042 
0.000579048 0.000832007 3.09197e-06 0.597723 0.331104 0.000887617 0.000190368 0.0107391 0.014329 0.0266403 0.000142964 0.000661551 0.0161673 
0.00204698 0.116543 5.40536e-05 0.278342 0.162052 0.0460367 0.000517025 0.210709 0.00010557 0.157372 0.0238035 0.000456821 0.00196146 
0.108167 0.105629 6.49655e-05 0.231042 0.0456573 0.016134 3.0943e-07 0.201944 0.0266226 0.218158 0.00034814 0.0439752 0.00225686 
0.0451132 0.00175277 0.000803591 0.520906 0.14421 0.0371898 0.00431324 0.0197818 0.1442 0.068884 0.00272573 0.00140275 0.00871705 
0.0082238 0.000292769 2.32623e-06 0.381828 0.149135 0.00310203 0.219556 0.0290816 0.0241526 0.0374431 0.00010792 0.000582192 0.146493 
0.277128 0.000750988 0.000373728 0.314617 0.133785 0.0515415 0.000430601 0.039621 0.102993 0.0673358 0.000285331 0.000515372 0.0106222 
0.00108593 2.7238e-06 0.0011758 0.988293 0.000260572 0.00105884 4.78301e-11 0.00192016 0.00189813 0.00258545 3.88782e-05 0.00151189 0.000168535 
0.00503102 0.000237503 1.63548e-06 0.295697 0.0346794 0.00274176 5.83182e-07 0.0862275 0.283995 0.211671 0.00021925 0.00312273 0.0763756 
0.000358698 9.44869e-06 7.00491e-10 0.648886 0.0164034 1.50955e-05 1.14892e-09 0.0720156 0.203524 0.0431671 3.74891e-09 0.00450726 0.0111134 
0.0517323 0.00095594 3.03343e-06 0.365159 0.35138 0.00693275 0.00334915 0.0533777 0.148175 0.0136363 4.20894e-05 0.000791543 0.00446413 
0.000463135 0.000101009 1.39533e-05 0.552583 0.0201976 0.000111618 1.23222e-07 0.102441 0.136609 0.025291 5.11491e-05 0.0936753 0.0684627 
0.0330647 4.58741e-07 6.95336e-10 0.460982 0.204964 0.013209 9.65315e-10 0.00981181 0.257627 0.0199047 7.56081e-08 4.82629e-05 0.000387602 
0.000579048 0.000832007 3.09197e-06 0.597723 0.331104 0.000887617 0.000190368 0.0107391 0.014329 0.0266403 0.000142964 0.000661551 0.0161673 
0.00575267 0.000266975 4.10268e-06 0.292409 0.24173 0.201422 0.0156595 0.0261973 0.0648761 0.127854 0.00963255 0.000641759 0.0135532 
0.0103877 0.000255544 3.53003e-05 0.348509 0.0946095 0.00100143 5.50122e-05 0.0770931 0.325528 0.120145 0.000136198 0.000869912 0.0213745 
0.106049 0.00080267 5.55725e-06 0.498553 0.0142542 0.00325862 0.000105968 0.106586 0.0643418 0.188743 9.56904e-06 0.00554685 0.0117445 
0.025774 0.0043997 5.24187e-05 0.419315 0.0594044 0.0220257 0.00101358 0.119247 0.281513 0.0362909 0.000656531 0.0110012 0.0193067 
0.0439957 2.55489e-05 7.22513e-07 0.782897 0.0376304 0.0168564 0.00146423 0.044404 0.0477986 0.0246409 1.95069e-07 0.000217009 6.97126e-05 
0.00335134 0.000475401 1.25761e-07 0.700221 0.10376 0.0115465 0.000201778 0.000901602 0.172008 0.00474548 0.00153643 0.000158771 0.00109438 
0.00653428 0.000674858 0.00148691 0.634661 0.0255563 0.00785118 1.17451e-05 0.0289516 0.0941222 0.18894 0.000317811 0.000117086 0.0107751 
0.0105154 0.00243415 0.000295936 0.368815 0.353854 0.00186415 7.5031e-06 0.0741375 0.147003 0.0316874 4.22969e-05 0.0069612 0.00238271 
0.00406762 0.0101457 0.000208228 0.756422 0.0373383 0.0138838 0.0004947 0.0164133 0.103173 0.018913 7.42174e-05 0.0259539 0.0129121 
0.0956637 0.000596734 0.000311954 0.389837 0.266196 0.00338446 0.000497059 0.0836829 0.104575 0.0398325 0.00010772 0.00557433 0.00974026 
0.0142286 0.000182673 8.05827e-05 0.397989 0.222205 0.080873 0.000795972 0.074691 0.0759346 0.0912845 0.0353599 0.00265321 0.00372222 
0.0686901 0.00270619 2.38927e-05 0.222393 0.217497 0.0261447 0.000389638 0.0710209 0.220025 0.12392 0.00905559 0.00253749 0.0355969 
0.0186675 6.34651e-05 1.40017e-06 0.296537 0.199864 0.00077929 0.000265126 0.0282505 0.288266 0.151446 7.93267e-05 0.0005324 0.0152476 
0.00437269 8.71322e-08 6.90206e-09 0.55854 0.00371955 0.00431476 2.48166e-09 0.000386343 0.392345 0.0362648 3.97984e-05 7.88798e-09 1.73606e-05 
0.0185627 0.000687493 0.00155672 0.588208 0.11036 0.0182329 0.00207142 0.0184794 0.185442 0.0464622 0.00369761 0.000976659 0.00526286 
0.0367699 0.00188131 0.00012257 0.392859 0.376054 0.00177705 5.06969e-06 0.0334602 0.127593 0.0201195 5.27013e-05 0.000182071 0.00912353 
0.0160997 0.000317107 9.71212e-06 0.625948 0.0974894 0.0525837 0.00366171 0.00336249 0.130468 0.0189173 0.0344169 0.000253762 0.0164722 
0.19824 0.0007364 9.21655e-06 0.271009 0.219615 0.0167626 0.00180514 0.0387075 0.229651 0.0117143 6.88093e-05 0.00322357 0.00845789 
0.279442 1.45172e-08 0.00024114 0.528611 0.0255323 0.00214175 5.76866e-08 0.0109121 0.116532 0.0337274 5.35687e-05 0.00132342 0.00148334 
0.000542052 0.000387705 1.43183e-09 0.508185 0.00851577 1.31133e-08 7.3788e-09 0.00886537 0.473409 1.11917e-05 7.90289e-10 6.49415e-05 1.87826e-05 
0.00108593 2.7238e-06 0.0011758 0.988293 0.000260572 0.00105884 4.78301e-11 0.00192016 0.00189813 0.00258545 3.88782e-05 0.00151189 0.000168535 
0.00675444 0.0593119 1.04645e-08 0.287979 0.210294 0.00389402 1.37047e-06 0.117519 0.0724753 0.220557 2.41423e-06 0.0151543 0.0060569 
0.000142502 0.000185514 2.81122e-08 0.587115 0.0197278 0.000479549 1.47088e-06 0.0375589 0.222385 0.0102416 1.33139e-05 0.0719581 0.0501914 
0.00175342 0.000422175 0.00238946 0.502316 0.450407 0.0167643 0.000482037 0.00214301 0.00306598 0.0196048 0.000479206 1.2095e-05 0.000160175 
0.0662817 0.0100734 0.000638618 0.369877 0.104678 0.0828383 0.00901832 0.0164563 0.292629 0.0373744 0.00472273 0.00161201 0.00379983 
0.00108593 2.7238e-06 0.0011758 0.988293 0.000260572 0.00105884 4.78301e-11 0.00192016 0.00189813 0.00258545 3.88782e-05 0.00151189 0.000168535 
0.000860082 0.0956755 0.0424961 0.306348 0.0516801 0.0833125 0.000691346 0.0718611 0.031287 0.292031 0.000830894 0.0152679 0.00765896 
0.0166036 0.000245776 3.6388e-06 0.429443 0.0938852 0.0141537 0.000512302 0.0219414 0.316442 0.0630585 0.000244072 0.000556603 0.0429096 
0.0458544 0.00226175 3.15961e-07 0.430328 0.188897 0.0334234 0.038098 0.0481312 0.103211 0.0964759 0.00467302 0.000872172 0.00777317 
0.0454045 0.000197091 3.07553e-05 0.483455 0.0115245 0.00191014 0.000671366 0.0238892 0.390551 0.0327565 1.33878e-05 0.000234133 0.00936218 
0.00565079 0.00396645 1.54144e-05 0.43895 0.129667 0.00123001 7.51288e-09 0.0679405 0.241016 0.104429 0.000137689 0.00552302 0.0014744 
0.00636052 0.000469118 3.97237e-06 0.498121 0.125324 0.0148455 0.00719169 0.0268155 0.290184 0.0159166 6.87663e-05 0.00727941 0.00741969 
0.0134607 0.00368599 2.23738e-08 0.690777 0.0979993 0.0132741 9.76474e-06 0.0410378 0.122143 0.0123046 8.52115e-05 0.0017529 0.00346887 
0.000129778 0.000482893 4.45368e-06 0.701126 0.0283887 0.00104229 3.39589e-08 0.0210728 0.172088 0.00859705 0.00026203 0.0527499 0.0140563 
0.093822 1.18391e-06 5.75688e-11 0.480944 0.358748 0.000894087 0.000187759 0.00505952 0.0503251 0.00999103 3.0804e-08 9.16658e-08 2.75979e-05 
0.00193579 0.000335984 3.10401e-06 0.471809 0.0130819 0.00910229 6.47441e-09 0.0375633 0.127677 0.294932 0.00473626 0.036489 0.00233444 
0.00404977 0.00081163 3.5903e-06 0.480927 0.230388 0.00169631 0.00257106 0.0307547 0.210973 0.0179231 0.0140132 0.000613341 0.00527428 
0.00317731 4.41139e-07 0.00255187 0.884964 0.0709907 0.00354829 0.000283243 0.00264106 0.00919378 0.0226216 1.73085e-05 4.14915e-07 9.56271e-06 
0.210627 0.00270516 2.30575e-06 0.41972 0.0622483 0.00509041 6.20215e-05 0.0735942 0.152984 0.0375475 0.000135449 0.0011371 0.0341471 
0.00391118 0.00303427 6.19715e-09 0.658535 0.0159133 0.000985916 1.40472e-05 0.0285654 0.253767 0.00521339 3.01638e-05 0.00195879 0.0280717 
0.049554 0.00359901 8.32422e-05 0.604926 0.0813485 0.00523255 0.00057068 0.032064 0.176151 0.0345337 0.00809907 0.00112631 0.00271186 
5.63234e-05 1.05426e-11 9.9833e-12 0.979486 0.00500641 4.25178e-05 1.38595e-11 0.000123352 0.0152836 2.1795e-06 3.85845e-12 6.83368e-12 2.22513e-12 
0.114633 0.00124001 2.77107e-05 0.339662 0.129272 0.000107451 4.25032e-06 0.0336254 0.186126 0.176468 1.23495e-08 0.0173912 0.00144243 
0.056138 0.0002825 1.97903e-05 0.495261 0.0385439 0.00448022 0.000113156 0.16122 0.188313 0.0275459 3.81785e-05 0.0026367 0.0254075 
0.000860082 0.0956755 0.0424961 0.306348 0.0516801 0.0833125 0.000691346 0.0718611 0.031287 0.292031 0.000830894 0.0152679 0.00765896 
0.00267676 5.07968e-10 6.37709e-08 0.775295 0.0573039 6.57101e-05 1.43384e-07 0.00476772 0.156005 0.00343275 1.00849e-06 4.16434e-05 0.00041059 
0.0202267 0.00767583 2.30645e-07 0.225574 0.127994 0.117501 8.06095e-06 0.080938 0.0454 0.163654 0.0775212 0.112 0.021507 
0.00129669 8.13989e-06 1.38872e-10 0.829163 0.0910344 0.000803579 2.65698e-09 0.00223894 0.067577 0.00288295 2.46777e-05 0.00309773 0.00187318 
0.0472079 0.000815192 2.40839e-06 0.593536 0.015748 0.000674436 0.000247345 0.0471605 0.232543 0.0562387 3.72826e-06 0.0031147 0.0027082 
0.0275272 3.87499e-07 1.59528e-11 0.571877 0.00728586 0.000373609 3.35536e-08 0.00234982 0.380664 0.00966541 3.72281e-06 2.28574e-05 0.000229863 
0.00463776 6.4994e-05 2.32652e-07 0.300569 0.171788 0.000431834 5.12809e-05 0.134959 0.293769 0.0154721 4.5429e-07 0.0201987 0.0580574 
0.0212654 1.2866e-07 0.000193943 0.33778 0.0496489 0.013076 2.42965e-08 0.137244 0.0855587 0.141688 0.000451984 0.208078 0.00501542 
0.0188443 0.000891208 4.43189e-05 0.630639 0.111546 0.00622389 0.00282435 0.0626596 0.103096 0.0284838 0.000694075 0.00316261 0.0308913 
0.0137688 3.39079e-05 1.05735e-07 0.620657 0.0692643 0.00174393 5.67018e-05 0.0167027 0.261381 0.0121373 4.60668e-05 0.00210683 0.00210089 
0.0785026 0.000135337 0.0490315 0.365722 0.0865525 0.000354797 0.000185219 0.104289 0.192216 0.121037 1.77183e-05 0.000185839 0.00177034 
0.00878906 0.000874467 7.87443e-06 0.838407 0.0209757 0.00495345 5.17134e-06 0.0156705 0.0721756 0.0377833 0.000189945 0.000167266 2.86005e-07 
0.0794415 0.00163912 0.000171476 0.325129 0.0392422 0.00674158 0.00172856 0.0782585 0.189577 0.269897 0.000129353 0.00412431 0.00391967 
0.00108593 2.7238e-06 0.0011758 0.988293 0.000260572 0.00105884 4.78301e-11 0.00192016 0.00189813 0.00258545 3.88782e-05 0.00151189 0.000168535 
0.0221095 0.0017989 1.39708e-06 0.476404 0.0676711 0.0638579 0.000324165 0.0449697 0.296114 0.00434517 0.00937495 0.00193885 0.0110897 
0.0788849 0.000730313 0.0775479 0.233138 0.0256423 0.200368 0.000230613 0.0332888 0.15122 0.161693 0.0218579 0.0123904 0.0030083 
0.00494948 0.00035059 0.000136474 0.603787 0.0293949 0.00776018 0.000201309 0.0493992 0.231436 0.0441654 0.000132951 0.00617026 0.0221169 
0.0052979 0.121193 4.99297e-06 0.569486 0.101059 0.0195575 0.00219764 0.0445995 0.0776571 0.0407396 0.000422533 0.000760155 0.017024 
1.02303e-07 9.63432e-11 9.1232e-11 0.932907 0.00920498 0.000567447 1.26655e-10 0.0120904 0.0328081 0.0104324 2.71939e-07 0.0018603 0.000129192 
0.0173378 0.000825781 8.15609e-07 0.613737 0.344445 0.00932798 0.000139262 0.000794208 0.0116843 0.000613722 6.62146e-05 2.98322e-06 0.00102533 
0.00771389 0.00236436 1.26e-06 0.521556 0.0902266 0.000409413 0.000509662 0.0788208 0.255208 0.00329596 3.87982e-05 0.000973415 0.0388815 
0.0758014 0.00975767 0.000816276 0.410666 0.0209159 0.0468443 0.000211344 0.00394552 0.362124 0.0611809 0.00507476 0.0013632 0.00129808 
0.0200867 0.00102939 0.168764 0.322516 0.0163741 0.00309003 1.4132e-08 0.118496 0.00968688 0.279582 0.00138277 0.00301298 0.0559789 
0.00118926 6.18471e-09 8.13305e-13 0.901337 0.0646617 0.000558422 1.12909e-12 0.00106319 0.0265213 0.00461539 7.54715e-10 3.00683e-09 5.39359e-05 
0.0419652 0.000177762 0.000226755 0.812092 0.00515033 0.00894889 1.65317e-09 0.00221827 0.086073 0.0429721 6.19927e-05 4.56681e-05 6.84716e-05 
0.0657557 0.000698898 0.000139535 0.573376 0.00834813 0.00384956 0.000104928 0.117404 0.158543 0.0428851 9.80477e-05 0.0114811 0.0173158 
0.0403355 0.00211806 0.00114411 0.579644 0.0710565 0.00958943 0.00353202 0.0111297 0.210309 0.0462783 0.00514627 0.00941685 0.0103004 
0.000860082 0.0956755 0.0424961 0.306348 0.0516801 0.0833125 0.000691346 0.0718611 0.031287 0.292031 0.000830894 0.0152679 0.00765896 
0.029174 1.80671e-05 9.45583e-07 0.718851 0.0710395 0.0260878 2.85871e-08 0.00124054 0.150336 0.00281351 4.27292e-05 0.000297682 9.766e-05 
0.0158536 0.000950489 6.13702e-06 0.513964 0.122579 0.0128255 0.000104325 0.0471994 0.259601 0.0265086 5.45962e-05 4.88453e-05 0.000304338 
0.0213902 0.000106108 0.0432723 0.386335 0.142502 0.00184486 5.24243e-06 0.0408967 0.297109 0.0621535 0.000645635 0.00261319 0.00112689 
0.00173598 0.000217979 1.92351e-06 0.764336 0.0572183 0.00118925 5.71358e-07 0.0307027 0.103038 0.00450848 3.71375e-05 0.00574436 0.0312696 
0.000471568 0.000437216 1.24608e-12 0.772235 0.0163306 0.00141998 2.38719e-06 0.0725465 0.0652732 0.0188587 1.51302e-05 0.0312303 0.021179 
0.0052979 0.121193 4.99297e-06 0.569486 0.101059 0.0195575 0.00219764 0.0445995 0.0776571 0.0407396 0.000422533 0.000760155 0.017024 
0.169561 0.000847867 3.82097e-05 0.632575 0.0402324 0.0117078 1.21092e-05 0.00696242 0.117538 0.020015 0.000208256 0.000194555 0.00010693 
0.0158136 1.03987e-05 5.27672e-09 0.530175 0.313328 0.00948711 1.53072e-07 0.0331449 0.0314872 0.0555532 0.00104301 0.00278588 0.00717135 
0.0343288 0.00140045 0.000796626 0.341286 0.250991 0.0503665 0.00032409 0.0643358 0.191389 0.0409694 0.00327785 0.00400696 0.0165278 
0.0020194 0.000982456 1.24761e-07 0.546926 0.00173537 0.00125946 4.27225e-12 0.00648506 0.415632 0.00965215 6.67182e-06 0.0151429 0.000158359 
0.0770083 0.00734023 1.09635e-05 0.348476 0.1148 0.00285817 0.00931468 0.0669841 0.111586 0.0805004 0.000207 0.0238587 0.157055 
0.00397949 0.000836481 9.71913e-05 0.396689 0.303299 8.51338e-05 0.00125606 0.101339 0.118645 0.064696 5.32998e-05 0.00641885 0.00260653 
0.0518335 0.00032161 6.25545e-06 0.416584 0.05427 0.00427729 0.0268768 0.0441659 0.357665 0.00893934 8.33344e-05 0.00247481 0.0325028 
0.0189921 0.00026898 1.87305e-09 0.515383 0.336156 0.0120548 7.97947e-05 0.0503837 0.0239672 0.00478906 0.0371123 0.000423728 0.000388927 
0.00333943 0.00122563 9.71324e-07 0.784202 0.0143114 0.00112307 8.2609e-06 0.0382525 0.125831 0.00973366 2.90792e-05 0.0115415 0.0104008 
0.00222914 2.8321e-07 7.28349e-08 0.640238 0.0823848 0.00655744 3.11739e-09 0.00183536 0.0312287 0.235221 0.000215879 7.91856e-05 9.98652e-06 
0.102003 0.00142988 7.20283e-05 0.348512 0.198021 0.0153676 0.00235625 0.0130445 0.255449 0.0191355 0.00357431 0.000934955 0.0401006 
0.0482274 0.00140714 8.32956e-06 0.405425 0.0591813 0.0193527 0.000415283 0.0236319 0.378971 0.0202897 0.000331897 0.0406974 0.00206058 
0.0102166 0.000629344 0.000971367 0.61414 0.149456 0.0100274 0.00167508 0.0390674 0.130433 0.0268211 0.000639818 0.00989162 0.00603064 
0.000167862 7.77958e-08 7.51766e-08 0.45349 0.00360337 5.10742e-05 2.99032e-12 0.161465 0.11592 0.167329 8.31672e-08 0.0812263 0.0167479 
0.0266554 0.000445605 9.75644e-06 0.358018 0.00450112 0.130332 7.40094e-08 0.0454319 0.340555 0.0885727 0.000274048 0.000412695 0.00479129 
0.0189921 0.00026898 1.87305e-09 0.515383 0.336156 0.0120548 7.97947e-05 0.0503837 0.0239672 0.00478906 0.0371123 0.000423728 0.000388927 
0.000159354 6.34117e-06 2.16771e-10 0.58124 0.086592 9.37445e-11 2.36539e-05 0.0487512 0.267266 3.15659e-06 8.37798e-11 0.0116359 0.00432221 
0.00371841 3.59799e-05 2.36413e-07 0.58917 0.139877 5.74829e-06 4.34997e-08 0.0389588 0.207384 0.00220173 0.00130909 0.00249926 0.0148401 
0.00236378 0.000160293 0.000880008 0.556067 0.0718976 0.0432355 0.000173159 0.124708 0.122595 0.0654618 5.51867e-05 0.00412196 0.00828081 
0.1608 0.00162341 0.0910584 0.534797 0.0273384 0.0068513 4.21252e-09 0.0148611 0.0691962 0.0928165 0.000359034 0.000197866 0.000101465 
0.00416673 6.27085e-07 5.93817e-07 0.983805 0.00355092 2.56802e-07 8.2438e-07 0.000836683 0.000697134 0.00694008 2.29504e-07 4.06474e-07 1.32353e-07 
0.0337601 0.00276248 0.000261174 0.465261 0.350329 0.0112627 0.000891006 0.0264672 0.0701054 0.0166039 0.00350786 0.00434632 0.0144416 
0.000860082 0.0956755 0.0424961 0.306348 0.0516801 0.0833125 0.000691346 0.0718611 0.031287 0.292031 0.000830894 0.0152679 0.00765896 
0.008653 0.00038158 1.27742e-05 0.640995 0.159116 0.00209618 0.00213109 0.067081 0.0778451 0.0105093 0.00126365 0.0109952 0.0189195 
0.0141027 0.000408249 0.0274805 0.407251 0.401007 0.00757762 0.000141061 0.0547778 0.0467196 0.0271671 4.96642e-05 0.00259407 0.0107237 
0.0201126 0.00566065 0.000186504 0.621508 0.049225 0.0167522 0.00101218 0.055285 0.186238 0.0222147 0.00361863 0.00372886 0.0144578 
0.00514004 0.0565181 4.06197e-06 0.51862 0.168922 0.0201242 0.00235409 0.0425621 0.104092 0.0418163 0.00660152 0.00134646 0.0318995 
0.00242527 6.17894e-05 2.46876e-09 0.624391 0.164785 0.000899072 0.000613768 0.110144 0.0509844 0.0294697 3.3744e-05 0.00241515 0.0137777 
0.00349701 0.00381106 1.14133e-05 0.460887 0.0794304 0.145684 0.0135796 0.02977 0.0775587 0.0490013 0.12111 8.77229e-05 0.0155711 
0.0478561 0.000837213 1.53454e-06 0.657497 0.00520618 0.00570274 0.000192066 0.0464576 0.175959 0.0361924 4.10966e-05 0.0156516 0.00840511 
0.0330587 0.00145993 5.83278e-08 0.325262 0.116005 0.0422279 0.00604337 0.109099 0.269407 0.0111283 0.0365839 8.06931e-05 0.0496443 
0.045281 0.000183436 0.000135222 0.558871 3.69805e-06 0.0379736 1.34921e-05 0.0954618 0.0898639 0.165255 0.000763223 0.00239547 0.00379903 
0.0359687 0.000110129 3.81914e-09 0.544899 0.0573412 0.010333 6.74001e-12 0.0391209 0.311457 0.00016316 1.12303e-05 8.81797e-07 0.000595554 
0.0904844 0.000297456 2.34339e-05 0.526372 0.204032 0.0467354 9.70775e-05 0.0166253 0.0631422 0.0444471 0.000103459 0.000573113 0.00706699 
0.0179567 0.00144519 0.000348528 0.465581 0.332597 0.0114169 0.000107881 0.00517625 0.0386905 0.102566 0.00951736 0.0045503 0.0100465 
0.028619 5.98065e-11 5.66336e-11 0.683283 0.265201 0.00378827 7.86229e-11 0.000152116 0.0182956 0.000447002 0.000151005 4.04088e-08 6.23712e-05 
0.217283 5.7603e-05 0.000265215 0.280322 0.0032862 0.0188242 0.000101982 0.155612 0.0951974 0.161195 0.00113748 0.037598 0.0291199 
0.0705072 0.000227702 4.34632e-06 0.51671 0.128303 0.0113418 3.70564e-07 0.0371472 0.1437 0.0788951 0.000112239 0.000139191 0.0129126 
0.00689004 0.00779166 6.89972e-10 0.566648 0.0503265 0.149065 0.00193125 0.0187134 0.143724 0.0194217 0.03144 0.000165651 0.00388276 
0.0279605 0.00301776 4.06445e-08 0.607832 0.133743 0.000789861 0.000296995 0.0313547 0.178053 0.0105049 8.97132e-06 1.20725e-05 0.00642624 
0.0496209 0.0015524 0.0039817 0.593545 0.204357 0.0065051 0.00052778 0.0259544 0.0482981 0.0641578 7.51519e-05 0.000797057 0.00062719 
0.0977632 0.00324685 0.000469611 0.325484 0.193536 0.0233342 0.00269458 0.0584975 0.217948 0.0357439 0.00509733 0.00725017 0.0289341 
0.0117741 0.000519639 0.000649896 0.439222 0.0225787 0.00579562 4.00207e-06 0.221524 0.150128 0.113069 0.00943157 0.0180836 0.00721995 
0.0281054 3.02981e-07 3.02993e-07 0.41332 0.145119 0.00300134 0.00112103 0.183931 0.136965 0.0655185 0.00315303 0.00539501 0.0143714 
0.00298234 0.000143618 2.42352e-07 0.691026 0.166197 0.0288515 9.01225e-08 0.0776031 0.019173 0.00591886 4.73026e-06 0.000551341 0.00754842 
0.0751373 0.0149985 0.000256163 0.288615 0.221465 0.0199654 0.00665013 0.0878507 0.0330927 0.230564 0.0020481 0.00908513 0.0102726 
0.123658 0.0015194 9.41431e-05 0.496589 0.00889077 0.0395333 4.93517e-07 0.00946738 0.223167 0.0965383 0.000101342 0.00015202 0.000287798 
8.80389e-08 0.000163695 3.57352e-08 0.90708 0.0562787 4.70969e-08 6.27051e-08 0.0134626 0.0209927 0.00187994 2.18273e-11 4.21704e-05 9.96106e-05 
0.00368179 0.00337453 5.53567e-07 0.845036 0.0124457 0.0033477 1.56239e-06 0.013999 0.101876 0.00861079 6.3277e-05 0.00112262 0.00644062 
0.0337996 0.000989435 4.07589e-05 0.571976 0.176774 0.0100864 0.000813233 0.0300403 0.142996 0.0146982 4.82505e-05 0.000566653 0.0171712 
0.093822 1.18391e-06 5.75688e-11 0.480944 0.358748 0.000894087 0.000187759 0.00505952 0.0503251 0.00999103 3.0804e-08 9.16658e-08 2.75979e-05 
0.0516075 0.00236414 2.30934e-07 0.502507 0.128225 0.011617 0.00446629 0.07825 0.202555 0.0150878 3.39605e-05 3.67466e-05 0.00325018 
0.0218566 0.00182915 6.36156e-06 0.312485 0.0736524 0.0137429 0.0033973 0.0469912 0.249299 0.24954 0.00817458 0.0132255 0.00579923 
0.106048 0.0189332 0.00020795 0.380767 0.204761 0.0129301 0.00016161 0.0472462 0.159176 0.052349 0.00151547 0.00807861 0.0078256 
0.00306006 3.32552e-08 3.10825e-12 0.492474 0.427264 0.0333165 0.000157954 8.09962e-05 0.0219183 0.000189439 0.0215191 1.36177e-08 1.94602e-05 
0.00776469 0.00241791 0.000267231 0.462917 0.143996 0.0136984 0.00113843 0.0466486 0.0282624 0.0367412 0.00279897 0.00351541 0.249833 
0.011461 0.000719888 0.00028726 0.367092 0.0210905 0.325894 4.08433e-08 0.132738 0.0306883 0.0894719 6.54163e-05 0.000330487 0.0201607 
0.0619663 0.0026878 8.952e-05 0.330781 0.18526 0.0162456 0.00421846 0.044699 0.311592 0.0153925 0.000411611 0.0068844 0.0197722 
0.00360269 9.24076e-09 1.01404e-09 0.440722 0.0149642 0.000300631 1.66347e-09 0.141969 0.366784 0.00901653 3.55962e-13 0.000473965 0.0221666 
0.161429 0.000138627 0.000112103 0.507433 0.000392246 2.90884e-05 5.02497e-07 8.15681e-06 0.0960955 0.234046 1.04101e-05 0.000301021 4.73265e-06 
0.0181703 0.000714242 0.000211932 0.793664 0.109052 0.00850634 9.89749e-05 0.00332483 0.0172989 0.00544301 0.0181305 0.000177375 0.025207 
0.0116125 0.00994111 0.000306862 0.504522 0.225339 0.027085 0.00100913 0.0237699 0.0456713 0.145859 0.000238389 0.000653726 0.00399262 
0.0965409 0.000805076 0.00208448 0.421587 0.0256062 0.024704 2.25284e-05 0.00372604 0.304011 0.117184 0.000321143 0.000626281 0.00278085 
0.0540558 0.00959599 0.000387697 0.316903 0.198407 0.0319777 0.0102945 0.0910169 0.202603 0.0563314 0.000202753 0.011104 0.0171203 
0.00806326 3.76132e-05 7.079e-05 0.521189 0.0227414 0.00199598 5.27258e-06 0.0157028 0.418069 0.00801259 3.81534e-05 0.000238096 0.00383631 
0.0205042 3.78458e-05 8.50581e-11 0.846604 0.104163 0.0030123 1.62843e-09 0.00566253 0.0155536 0.00145666 1.49716e-05 5.90607e-05 0.00293156 
0.0454045 0.000197091 3.07553e-05 0.483455 0.0115245 0.00191014 0.000671366 0.0238892 0.390551 0.0327565 1.33878e-05 0.000234133 0.00936218 
0.0938094 0.00578643 0.000985066 0.264038 0.0537387 0.0291847 0.0306052 0.150773 0.102304 0.148124 0.000996226 0.0910113 0.0286431 
0.0104361 0.000714464 0.00731986 0.350593 0.196882 0.0292473 0.00351248 0.0604799 0.28191 0.0519863 0.00035146 0.000159599 0.00640753 
0.0256467 0.00044513 2.13304e-06 0.493282 0.0693966 0.0231869 0.000630377 0.0580112 0.29933 0.020383 5.81415e-05 0.00469161 0.00493608 
0.00177518 0.00127275 4.29212e-05 0.333087 0.0149656 0.0214316 6.67571e-06 0.0560407 0.196754 0.254733 0.00138127 0.0416746 0.0768347 
0.0213916 1.92734e-07 0.000315842 0.801906 0.0491085 0.00219677 1.36094e-08 0.00982688 0.0766337 0.0384608 6.70572e-05 7.68868e-06 8.50533e-05 
0.0759085 0.00296058 4.30998e-05 0.618591 0.0174815 0.0427317 0.00156348 0.0115317 0.129148 0.0567809 0.00601385 0.000676591 0.0365682 
0.0446037 0.000237978 0.000984221 0.590895 0.0177993 0.000617439 0.00302248 0.0141312 0.314168 0.00351344 4.24703e-05 0.00459414 0.00539082 
0.000844096 0.000204663 2.19059e-07 0.775039 0.103791 0.00030325 0.000497183 0.00253769 0.113117 0.00269081 1.4237e-05 0.000183795 0.000777321 
0.000485172 1.83204e-09 3.53746e-10 0.835947 0.0377806 5.25779e-05 7.54929e-07 0.0329499 0.0671531 0.000783357 6.46255e-10 0.0113155 0.0135323 
0.256132 0.00570213 0.000895556 0.413518 0.0125574 0.0531384 4.66725e-05 0.0116584 0.164939 0.0706013 0.000606767 0.000225164 0.0099794 
0.0490546 0.00643114 2.19006e-05 0.436657 0.196668 0.00706915 0.000310817 0.0595768 0.174976 0.0228005 0.00421081 0.000467667 0.0417554 
0.00347275 1.18093e-07 1.46988e-08 0.338007 0.198061 0.249922 0.000178794 0.0579134 0.0676385 0.0835445 0.000226391 0.000433658 0.000601758 
0.0537142 0.000181481 9.02469e-07 0.327063 0.210346 0.0697475 7.99655e-08 0.0538235 0.136248 0.090322 0.0504849 0.00120294 0.00686517 
0.0686136 0.000648865 9.12729e-05 0.800536 0.0437882 0.0063871 1.54048e-05 0.0145434 0.0542261 0.00679234 2.53471e-05 0.000130607 0.00420166 
0.00694989 0.00604896 5.2384e-09 0.618431 0.0504315 0.0781291 0.00201115 0.0188012 0.144036 0.0195281 0.0515008 0.00020586 0.00392699 
0.00177374 0.000785703 5.549e-08 0.551817 0.00141867 0.000782529 3.50574e-12 0.0057155 0.417787 0.00913378 5.56817e-06 0.0106627 0.000118318 
0.0136822 0.000828225 0.00379247 0.436369 0.0902035 0.0241189 0.000331016 0.0264337 0.0579183 0.343419 0.000105784 7.08928e-06 0.00279026 
0.0103461 0.00250558 0.0046359 0.546047 0.153453 0.0044163 0.000630731 0.0155566 0.236354 0.022023 9.79748e-06 0.000271415 0.00375032 
0.0334422 0.0011258 7.98909e-05 0.512579 0.0983684 0.0611986 5.18306e-06 0.00184176 0.278696 0.0123384 0.000244047 3.50212e-05 4.52801e-05 
0.00177518 0.00127275 4.29212e-05 0.333087 0.0149656 0.0214316 6.67571e-06 0.0560407 0.196754 0.254733 0.00138127 0.0416746 0.0768347 
0.0397283 0.000594106 0.0108377 0.258008 0.000164517 0.0864426 2.73507e-08 0.0326397 0.250299 0.150457 0.0113523 0.156183 0.003294 
0.0218818 6.46039e-05 9.02253e-07 0.718722 0.054468 0.0177936 3.41378e-05 0.00426799 0.181779 0.000860564 2.66836e-07 2.65507e-09 0.000127181 
0.0131153 0.000245222 3.3431e-05 0.792945 3.57072e-07 0.000245839 1.33728e-08 1.78802e-06 0.157732 0.0356765 5.15375e-09 5.29125e-07 4.17318e-06 
0.0052979 0.121193 4.99297e-06 0.569486 0.101059 0.0195575 0.00219764 0.0445995 0.0776571 0.0407396 0.000422533 0.000760155 0.017024 
0.00688909 0.00159962 3.06451e-05 0.51299 0.149127 0.0116886 0.000540578 0.023762 0.243879 0.0130573 0.000154562 0.0118477 0.0244346 
0.0295467 0.00317106 6.12324e-08 0.646885 0.00577581 0.0278073 4.85678e-06 0.170449 0.0835898 0.00944203 2.59945e-05 0.000516803 0.0227848 
0.000747146 0.000333224 4.15361e-09 0.762515 0.0134412 0.00182632 1.17727e-11 0.0232366 0.187587 0.00355836 4.78015e-06 0.00249442 0.00425597 
0.0763029 0.000654853 6.97168e-05 0.67717 0.0445992 0.0124168 0.00258359 0.0026035 0.0962964 0.0814917 0.00448552 0.000861682 0.000464338 
3.44749e-05 0.000473871 7.17205e-07 0.890384 0.0494599 0.000637305 7.3056e-06 0.0087619 0.0369503 0.00171657 1.82133e-06 8.11296e-05 0.0114905 
0.0522366 0.000379228 3.34106e-06 0.412492 0.0740156 0.0372898 2.77402e-06 0.0985411 0.139297 0.164522 0.00166033 0.000568311 0.0189918 
0.00346762 9.10766e-05 2.12308e-06 0.636311 0.105883 0.00298782 0.000199368 0.0219585 0.200692 0.00614627 8.18549e-06 0.00391905 0.0183346 
0.00146829 0.000698699 1.59219e-06 0.463781 0.0895858 0.00867038 1.04453e-08 0.0276759 0.0295342 0.376697 0.000243403 0.000953658 0.000690727 
0.00963765 0.00145768 3.37956e-06 0.467328 0.0540507 0.0166101 2.57582e-05 0.0489576 0.332634 0.0183672 0.00952336 0.00502962 0.0363751 
0.0272142 0.0025987 0.000377166 0.600495 0.0620556 0.00344793 2.69059e-06 0.0491421 0.209259 0.01814 6.62692e-05 0.00198844 0.0252129 
0.0421324 0.00157722 6.00306e-06 0.25153 0.235911 0.122023 0.00130515 0.153893 0.0849478 0.057863 0.000904257 0.00486314 0.0430432 
0.0936957 0.00129365 0.000513655 0.474874 0.0599428 0.0147672 0.0023841 0.0274137 0.230442 0.0220002 0.000234058 0.0375332 0.0349059 
0.0302781 0.00121194 0.000716344 0.838839 0.0229436 0.00506864 8.1182e-05 0.0124868 0.0718273 0.011903 0.000206821 0.000600373 0.00383696 
0.00686012 0.000440662 6.35313e-05 0.645772 0.147083 0.021629 9.51331e-05 0.0576414 0.0933715 0.0193486 0.000243274 0.00365059 0.00380015 
0.00117788 1.16701e-05 6.02756e-10 0.634574 0.0770691 1.71993e-05 8.15653e-08 0.0671002 0.205301 0.00119486 9.44319e-07 0.0091454 0.00440738 
0.0071546 3.2433e-06 1.04153e-05 0.675199 0.172124 0.127977 1.78849e-06 0.000382352 0.000146957 0.0164175 0.000357337 3.63534e-06 0.00022269 
0.0225329 0.00188794 2.82792e-05 0.247935 0.14897 0.051197 8.73928e-07 0.0916184 0.155784 0.137984 0.134693 0.00702684 0.000342035 
0.034374 0.00153591 6.74102e-06 0.458206 0.207188 0.00449515 0.00038548 0.0216687 0.255575 0.00395481 0.00436213 0.00196395 0.00628428 
0.100128 0.00159232 3.97308e-05 0.422565 0.20169 0.0423726 0.000737 0.038521 0.121254 0.0490178 0.00586355 0.00665945 0.00955951 
0.0475985 0.00523018 0.000354216 0.399006 0.0428682 0.0144742 0.00154562 0.0504054 0.389648 0.0458068 0.000114471 0.000297602 0.00265137 
0.025607 0.00821537 2.85974e-06 0.398202 0.123532 0.0323845 0.00156132 0.133861 0.230952 0.00467422 0.00273424 0.00345264 0.0348213 
0.0174362 1.75664e-06 4.71382e-05 0.425527 0.0734642 0.00476312 0.000371824 0.140373 0.0766027 0.224034 0.00613738 0.0139473 0.017294 
0.0962194 0.000423274 1.65271e-06 0.466021 0.0228452 0.00516624 0.00168722 0.0928883 0.310175 0.00250901 2.25304e-09 3.22265e-09 0.00206354 
0.00411016 5.03534e-07 9.75295e-08 0.685544 0.0390622 0.00405752 2.24831e-05 0.154543 0.0613054 0.0390405 6.3674e-06 0.0109979 0.00130944 
0.00505772 8.08803e-13 2.59443e-06 0.537503 0.0401904 0.000134531 6.05623e-07 0.166072 0.163321 0.0168746 0.0303588 0.0323102 0.00817443 
0.00253553 0.00123964 1.70657e-06 0.393984 0.0787084 0.0606314 1.89257e-06 0.0554654 0.178917 0.109406 0.000392305 0.0282116 0.0905046 
9.32407e-05 9.7716e-05 2.51658e-07 0.346919 0.126015 0.000835998 0.0282331 0.0369431 0.204934 0.0451355 7.86992e-05 0.210514 0.000199577 
0.008943 0.0203424 1.02203e-06 0.760897 0.129129 0.0148523 0.00510336 0.00730924 0.0443351 0.00700316 0.00144468 0.000269164 0.000370002 
0.00468441 0.00184642 2.07609e-07 0.602442 0.0942966 0.0179836 0.00488046 0.0815442 0.104051 0.0165244 0.00395737 0.000818294 0.066971 
0.0229177 6.56931e-05 1.09092e-05 0.729427 0.0113192 0.000268327 4.67269e-07 0.0150152 0.206352 0.00173741 5.03981e-06 0.000393902 0.0124867 
0.00208729 0.000629799 6.48858e-08 0.456148 0.087058 0.00539922 0.000129073 0.0378189 0.33728 0.0689538 1.58163e-05 0.00168253 0.0027974 
0.0319599 0.00127436 2.476e-06 0.523913 0.00355068 0.0079874 0.000152766 0.0142345 0.407994 0.00485972 4.35475e-09 0.00335943 0.000710889 
0.0152014 0.0769505 9.65544e-10 0.297668 0.04799 0.0381091 1.34044e-09 0.255206 0.0010784 0.180154 0.000818645 9.16154e-06 0.0868153 
0.0172454 0.000204523 0.00020963 0.474999 0.0294038 0.00276175 5.07827e-05 0.285615 0.0662406 0.0521296 0.0259773 0.00354532 0.0416176 
0.0159476 0.00274483 6.41671e-05 0.473027 0.377636 0.00296865 4.76955e-05 0.0387971 0.0486835 0.0213125 8.08924e-05 0.00375403 0.0149359 
0.000261839 3.80566e-08 3.67754e-08 0.547095 0.0076312 0.000314663 1.46283e-12 0.014827 0.298785 0.128254 9.76827e-05 1.72752e-06 0.0027312 
0.120409 6.40222e-08 0.000639386 0.406028 0.000935825 0.0544578 3.58281e-08 0.117071 0.174097 0.116581 1.7213e-09 0.00346736 0.00631361 
0.0260342 0.0146003 0.000112207 0.315923 0.14398 0.0534618 0.00272942 0.178361 0.191969 0.0597587 0.00322956 0.000630497 0.00920974 
0.0159504 0.000669572 1.77475e-06 0.578973 0.270597 0.0103844 0.00129429 0.00229658 0.116398 0.00167289 2.2647e-05 0.00129867 0.000441815 
0.00562218 0.000149181 6.66422e-12 0.553444 0.0165953 0.00194635 8.51695e-07 0.0216918 0.346283 0.0157961 5.5129e-05 0.0370623 0.00135397 
0.00806326 3.76132e-05 7.079e-05 0.521189 0.0227414 0.00199598 5.27258e-06 0.0157028 0.418069 0.00801259 3.81534e-05 0.000238096 0.00383631 
0.0377077 0.129934 6.0517e-05 0.542429 0.0710515 0.0228575 0.00129298 0.0190794 0.0876251 0.0678242 0.00941326 0.000194287 0.01053 
0.00177374 0.000785703 5.549e-08 0.551817 0.00141867 0.000782529 3.50574e-12 0.0057155 0.417787 0.00913378 5.56817e-06 0.0106627 0.000118318 
0.00750764 0.000705692 0.00201362 0.381482 0.267434 0.0201559 0.000501603 0.0111997 0.00268795 0.300431 0.0022787 2.48889e-05 0.00357697 
0.0328243 0.118466 5.00818e-07 0.399194 0.0932943 0.00130731 0.002211 0.0284814 0.0944351 0.115938 9.41116e-06 0.0212826 0.092556 
0.0158846 0.00478231 0.00102508 0.525216 0.165484 0.00321016 0.00700156 0.0529571 0.138333 0.0361238 0.00404156 0.0220538 0.0238866 
0.00108593 2.7238e-06 0.0011758 0.988293 0.000260572 0.00105884 4.78301e-11 0.00192016 0.00189813 0.00258545 3.88782e-05 0.00151189 0.000168535 
0.14687 0.000705908 9.98069e-07 0.471944 0.0846831 0.00691068 1.39318e-05 0.0445653 0.159493 0.0828825 4.47017e-06 0.000324012 0.00160321 
0.133737 0.00125736 0.000167094 0.271885 0.134496 0.012467 0.00352929 0.133362 0.233408 0.0509948 5.9346e-05 0.00319459 0.0214427 
0.00651157 0.00023713 0.00022073 0.430561 0.308379 0.00236047 0.00167593 0.0597918 0.0733968 0.063203 5.1974e-05 0.00184121 0.0517696 
0.0402329 0.00194912 1.58185e-05 0.466785 0.0148198 0.00901458 9.41704e-05 0.0298611 0.369607 0.0128591 0.00843791 0.0155339 0.0307899 
0.000860082 0.0956755 0.0424961 0.306348 0.0516801 0.0833125 0.000691346 0.0718611 0.031287 0.292031 0.000830894 0.0152679 0.00765896 
0.00108593 2.7238e-06 0.0011758 0.988293 0.000260572 0.00105884 4.78301e-11 0.00192016 0.00189813 0.00258545 3.88782e-05 0.00151189 0.000168535 
0.0807968 0.00123031 8.86927e-05 0.341657 0.0860699 0.0533126 0.000388197 0.029208 0.288349 0.029033 0.00425242 0.00625889 0.0793552 
0.0030158 0.000635345 0.000123114 0.612789 0.0934958 0.00136732 0.00170232 0.0281053 0.183496 0.00660015 7.15523e-05 0.0568636 0.0117351 
0.0175229 1.76947e-05 1.67521e-05 0.632495 0.00167702 0.00404761 8.30419e-09 0.0691821 0.237362 0.0274912 7.98882e-06 0.00047706 0.00970244 
0.038233 0.00622056 1.37922e-05 0.360733 0.0712746 0.00141904 0.00602798 0.0801237 0.355303 0.0457606 3.20162e-05 0.00089899 0.0339596 
0.0342321 0.00213235 0.00138399 0.451413 0.0635529 0.0508098 0.00343563 0.0647138 0.245552 0.0285812 0.0397925 0.0059924 0.00840836 
0.00103592 2.05317e-07 0.000214062 0.986441 0.00233896 8.40805e-08 2.69914e-07 0.00225524 1.85556e-08 0.00666559 7.51431e-08 0.000718798 0.000329384 
0.026687 0.00176526 1.21507e-05 0.500532 0.351983 0.00249985 0.00207864 0.0199539 0.0614091 0.0128291 0.000799493 0.00264161 0.016809 
0.262 0.000184573 1.8508e-05 0.346406 0.04186 3.40008e-08 3.18969e-05 0.0239193 0.0631104 0.0421457 1.10422e-05 0.00346531 0.216848 
0.151989 0.000708254 2.43877e-12 0.502604 0.017429 0.00862208 1.11069e-08 0.108877 0.168586 0.0064 8.07764e-05 1.11476e-08 0.0347052 
0.0015206 0.00190969 0.000844483 0.967775 0.00202777 0.00341317 5.7186e-08 0.00254918 0.00383147 0.0144104 0.00045693 0.000563961 0.000697776 
0.0438309 0.000433116 4.12533e-08 0.489403 0.382012 0.00117716 7.78414e-05 0.000187465 0.0822101 0.000222628 5.60946e-06 3.33797e-05 0.000406826 
0.000875504 9.80155e-06 5.25544e-07 0.52997 0.212438 0.0657058 0.0470594 0.00126745 0.123179 0.0154069 8.41497e-07 2.00577e-05 0.00406688 
0.00108593 2.7238e-06 0.0011758 0.988293 0.000260572 0.00105884 4.78301e-11 0.00192016 0.00189813 0.00258545 3.88782e-05 0.00151189 0.000168535 
0.0427637 0.0169294 5.2771e-06 0.420038 0.046195 0.00929033 0.0317886 0.0122717 0.395964 0.0109267 0.000114225 0.000566219 0.0131472 
0.031372 0.021326 3.06557e-05 0.376034 0.111635 0.0608329 0.000144596 0.0503196 0.297375 0.0262861 0.0104362 0.00370347 0.0105033 
0.0594525 0.0227343 0.000228002 0.517453 0.218888 0.00668294 3.81271e-05 0.0276398 0.0170945 0.12823 0.000156841 0.000819202 0.000582108 
0.0189921 0.00026898 1.87305e-09 0.515383 0.336156 0.0120548 7.97947e-05 0.0503837 0.0239672 0.00478906 0.0371123 0.000423728 0.000388927 
0.0251205 0.000609173 0.000325541 0.582844 0.195936 0.00473662 0.00213619 0.0168298 0.114128 0.031141 0.0147956 0.00092182 0.010475 
0.0277014 0.00332777 3.0468e-05 0.47531 0.071877 0.0258446 3.91496e-07 0.000701133 0.392872 0.00219105 5.76126e-05 5.88663e-05 2.73078e-05 
0.00306006 3.32552e-08 3.10825e-12 0.492474 0.427264 0.0333165 0.000157954 8.09962e-05 0.0219183 0.000189439 0.0215191 1.36177e-08 1.94602e-05 
0.030541 0.0130817 0.00284629 0.591814 0.045891 0.0944931 1.84332e-05 0.0884849 0.116732 0.00701155 9.08247e-05 0.000925811 0.00806951 
0.00806326 3.76132e-05 7.079e-05 0.521189 0.0227414 0.00199598 5.27258e-06 0.0157028 0.418069 0.00801259 3.81534e-05 0.000238096 0.00383631 
0.0295789 0.0116508 0.00605763 0.458866 0.0978038 0.150338 0.00207414 0.0229152 0.189869 0.00598828 0.00556254 0.00819701 0.0110983 
0.0104252 0.00299256 1.54066e-05 0.439552 0.0148033 0.00323612 2.8231e-06 0.0494424 0.386623 0.0258143 0.000147545 0.0492759 0.0176692 
7.13981e-09 4.30576e-08 2.50128e-12 0.823776 0.0250623 0.00254558 3.47246e-12 0.0076612 0.0478936 0.0807458 9.34045e-05 0.0119876 0.000233985 
0.0802036 2.04954e-05 1.01276e-05 0.343352 0.332637 0.000255196 1.38439e-05 0.00697826 0.201569 0.0156315 2.00532e-05 6.66666e-05 0.019243 
0.0461798 0.000134699 0.000673918 0.454486 0.0125364 0.0118768 7.20095e-07 0.0774709 0.0976821 0.133741 0.000129932 0.105232 0.0598562 
0.00413781 0.000137443 2.65981e-09 0.358567 0.335717 0.222751 0.000174238 0.00531825 0.0449877 0.000387207 0.0275413 3.37577e-05 0.000247186 
2.46784e-05 5.27099e-08 9.03854e-09 0.416669 0.0288033 0.000596434 1.76608e-07 0.185208 0.265234 0.0526326 2.69137e-06 0.0490813 0.00174761 
0.0107231 0.000258919 2.93426e-05 0.580683 0.0889463 0.0497294 0.00230232 0.0412373 0.138111 0.0588709 0.00788864 0.000794306 0.0204252 
2.27737e-07 0.00604434 7.9783e-11 0.618139 0.146598 0.00494018 1.10761e-10 7.90809e-06 1.78671e-05 0.223692 0.000496846 5.9735e-05 3.24354e-06 
0.00286675 0.000422244 4.04453e-06 0.399168 0.0356418 0.00161474 1.8053e-06 0.0865366 0.344642 0.0481396 5.42888e-05 0.0341921 0.0467161 
0.0071546 3.2433e-06 1.04153e-05 0.675199 0.172124 0.127977 1.78849e-06 0.000382352 0.000146957 0.0164175 0.000357337 3.63534e-06 0.00022269 
0.013994 0.000218922 1.13272e-05 0.434925 0.310942 0.0049567 0.00277445 0.113377 0.0294555 0.0311691 0.000174433 0.0059734 0.0520287 
0.119955 5.44337e-05 0.000116621 0.468768 0.0985145 0.0500081 0.000245059 0.0222606 0.239271 0.000473693 3.19123e-08 4.72398e-05 0.000286149 
0.00681804 0.0662784 1.19722e-05 0.424737 0.073941 0.00935022 0.00168054 0.0649696 0.0905161 0.165699 0.000776189 0.0476938 0.0475276 
0.00335441 6.24953e-05 0.00613277 0.429499 0.0194404 0.00992034 1.62011e-07 0.251634 0.193506 0.0287329 0.00014212 0.000174328 0.0574009 
0.0157901 0.000158946 3.63981e-06 0.474706 0.0678657 0.00455445 0.00492422 0.106206 0.282547 0.0217173 1.82453e-05 0.0152497 0.00625818 
0.0047014 0.000429707 6.97479e-06 0.842427 0.0261666 0.00188742 0.00057355 0.0326875 0.0693785 0.0196857 0.000179126 0.000553742 0.00132277 
0.0401074 0.00119058 1.2583e-05 0.442207 0.0690961 0.0437283 0.00500207 0.0702612 0.23245 0.0704037 0.00696398 0.0101853 0.00839147 
0.000216082 0.000113377 5.26138e-05 0.578006 0.0527589 0.0015961 1.01186e-10 0.115934 0.0560982 0.0771328 0.000199606 0.114919 0.0029745 
0.00189496 0.000334085 3.99686e-06 0.784249 0.0425703 0.00513222 0.00748198 0.0721342 0.022777 0.0302858 5.41913e-05 0.00197554 0.031107 
0.000259179 4.42411e-07 4.18941e-07 0.922811 4.9314e-08 0.00101476 5.81604e-07 0.0249854 0.000303912 0.0495342 1.63536e-05 0.000774567 0.000298896 
0.00365733 0.0026512 0.000287032 0.692216 0.0408124 0.0138028 0.00169885 0.0600956 0.127648 0.0270405 0.000285711 0.00413092 0.0256738 
0.226774 0.000716718 1.65867e-05 0.488014 0.00240368 0.00887717 1.9517e-06 0.000938816 0.219711 0.0518984 0.00016317 0.000196797 0.000286834 
0.00544687 0.00027914 3.56583e-09 0.764173 0.0055532 0.0134276 1.28211e-09 0.00102809 0.196709 0.0118695 5.56721e-05 0.000138154 0.00131916 
0.126227 0.000223871 3.50871e-05 0.327427 0.0427716 0.00453749 0.000143006 0.0749656 0.291657 0.107422 0.000322325 0.0153047 0.00896242 
0.157303 0.0017474 8.58135e-07 0.311996 0.0973523 0.00135314 5.41433e-08 0.109827 0.26104 0.0524184 8.50041e-06 0.00285834 0.00409528 
0.0362266 0.0368524 4.2369e-07 0.484762 0.359691 0.00430149 0.000553937 0.0156566 0.0427315 0.0180028 0.000126593 1.58538e-06 0.00109366 
0.0161744 0.00285104 2.13671e-06 0.452302 0.07415 0.00536975 0.00196019 0.0537782 0.364972 0.0183589 1.94918e-05 0.00228851 0.00777314 
0.0241784 0.00497355 0.00127154 0.541652 0.0119196 0.016806 0.000338979 0.00424133 0.366838 0.0204167 3.56441e-05 0.000250984 0.00707729 
