0.0308932 0.0025415 2.4276e-05 0.335412 0.44887 0.0182813 0.000325487 0.00650304 0.138173 0.0143997 0.00173266 0.000266002 0.00257724 
0.137529 0.000536866 1.37171e-06 0.118394 0.303884 0.0888002 4.26548e-07 0.176898 0.138669 0.0351637 0.000115957 2.28416e-06 6.18381e-06 
0.0623337 0.000891455 0.00308927 0.136625 0.528756 0.00850835 0.00015429 0.0185328 0.173796 0.0606779 0.000108954 0.000209449 0.00631634 
0.0297748 0.00708654 6.30285e-06 0.123345 0.575395 0.0680253 5.32669e-05 0.0347636 0.159825 0.000570804 4.16719e-05 0.000639132 0.000473745 
0.000998905 6.72097e-05 2.65715e-08 0.111443 0.862 0.000830274 6.64749e-05 0.00272283 0.00983532 0.00971532 0.00198417 2.61182e-06 0.000334083 
0.04189 0.000258558 1.18671e-05 0.11328 0.459726 0.0068432 0.000818362 0.130098 0.239489 0.00456267 2.43666e-05 0.00102422 0.00197273 
0.0173055 0.0020749 3.18359e-08 0.094841 0.213991 0.14581 0.000248178 0.0702968 0.162416 0.12886 0.128504 0.00843701 0.0272163 
0.00961446 2.00167e-05 3.43989e-09 0.155713 0.815222 0.00318012 4.67583e-07 0.0013659 0.00130109 0.0135817 5.34138e-07 1.24537e-07 4.44314e-07 
0.0108482 0.000542945 1.00868e-05 0.452488 0.476392 0.00105038 5.27136e-05 0.0111988 0.00536773 0.0355583 7.0908e-05 0.000197071 0.00622258 
0.263678 0.000487913 0.00246768 0.108111 0.422119 0.00858233 0.000771473 0.0440145 0.0645598 0.0690046 0.00609688 0.00441426 0.00569278 
0.0324731 0.000990867 3.12638e-06 0.19506 0.342886 0.00428833 0.000117077 0.136476 0.195969 0.0597975 0.0297637 0.000151207 0.00202439 
0.0303368 0.000340481 2.52141e-06 0.324314 0.564375 0.00653023 0.000150813 0.00616487 0.0206243 0.0416305 0.00143394 3.92922e-05 0.00405675 
0.144612 0.000260185 2.43893e-06 0.27721 0.318609 0.00144406 0.0231192 0.0651875 0.151812 0.0142488 5.95312e-05 0.00329001 0.000146314 
0.00547065 0.000292859 5.62712e-05 0.26721 0.459088 0.113419 0.00319193 0.0268634 0.038128 0.0161827 0.0671969 0.00173786 0.00116241 
0.0217927 4.77795e-06 3.40724e-09 0.145191 0.441078 0.0237363 0.0943255 0.0224052 0.175388 0.0131675 0.0374722 0.00215758 0.0232819 
0.0251922 0.000683171 6.73552e-07 0.0282854 0.744499 0.000123774 0.000438647 0.0933182 0.0216435 0.0717383 0.0140645 3.90516e-06 8.69244e-06 
0.0425879 0.00207427 8.97283e-05 0.291915 0.445699 0.00596371 0.0380587 0.0233754 0.115476 0.0203168 0.00445153 0.00190914 0.00808279 
0.0193848 0.000200286 1.17758e-05 0.0893414 0.407709 0.0375583 3.15724e-05 0.0488094 0.0046101 0.303099 0.00288922 0.0098219 0.0765334 
0.0665894 0.00174529 3.93889e-05 0.358274 0.436011 0.0176028 0.00226947 0.0241135 0.0298973 0.045312 7.07344e-05 0.000323494 0.0177512 
0.102153 0.00596123 6.00768e-05 0.111423 0.518674 0.0185288 0.00108044 0.0679124 0.0538562 0.0891884 2.39141e-05 0.0216309 0.00950775 
0.0263442 0.000470536 0.00306578 0.0142847 0.83831 0.000248977 0.00153858 0.0154114 0.0900014 0.00981978 1.67061e-05 1.33482e-05 0.000474221 
0.0372037 0.314419 0.00864664 0.0196424 0.50178 0.00175721 0.000416426 0.00498584 0.0638133 0.0315861 0.0129157 0.00274043 9.30314e-05 
0.0213744 0.0110043 1.78893e-07 0.0562795 0.7333 0.00328447 0.0377617 0.0157857 0.0812949 0.0105665 3.76383e-06 0.000455482 0.0288891 
0.0985416 0.000102973 6.51321e-10 0.0867128 0.565945 0.0154705 3.15967e-07 0.0413073 0.0430063 0.145569 0.00103718 0.000194434 0.00211257 
0.0212851 0.00329183 3.35139e-09 0.0198732 0.381806 0.00860387 0.277966 0.0941389 0.177906 0.0119565 3.38049e-05 0.000875593 0.00226306 
0.00367845 0.000492696 1.65501e-07 0.0534805 0.390074 0.0123774 0.00191523 0.071311 0.14509 0.29199 0.0192656 7.58501e-06 0.0103171 
0.0330874 0.0345595 5.99489e-06 0.122531 0.310701 0.151933 0.00259156 0.0526501 0.136061 0.0896749 0.0412572 0.000545617 0.0244025 
0.145224 0.0214636 5.80012e-06 0.0449718 0.468248 0.00451508 0.000843248 0.0142925 0.0926956 0.139757 0.00779083 0.0013796 0.0588134 
0.00168018 0.410254 1.05879e-07 0.00556913 0.528436 9.67691e-05 0.000822004 0.000483055 0.0481004 0.00406542 0.000290821 0.00020172 1.454e-07 
0.0207695 0.000146748 0.00499556 0.12673 0.44543 0.00164936 1.03806e-05 0.22871 0.0980473 0.0269745 2.86725e-05 0.0101944 0.0363144 
0.0811287 9.04751e-05 0.000929344 0.205791 0.393566 0.210083 2.58881e-05 0.00103629 0.0147897 0.0715158 0.0184584 0.00146398 0.00112225 
0.0360371 0.00325542 0.00914592 0.0278809 0.675491 0.00530771 0.000751919 0.0586018 0.147088 0.0115776 0.00253619 0.000379781 0.0219459 
0.0507495 0.00954751 0.00506882 0.0854037 0.330527 0.0507584 0.00316279 0.122072 0.103915 0.220585 0.00179733 0.000478749 0.0159346 
0.0860601 0.00172917 3.90938e-06 0.110283 0.481609 0.158333 8.03756e-05 0.0299954 0.124316 0.00414393 0.000122111 0.000442401 0.00288207 
0.0108201 0.000398207 1.3927e-06 0.142548 0.689186 0.00570378 0.000885554 0.0408784 0.0350826 0.0623628 0.00200139 0.000659803 0.00947144 
0.00500332 0.000460136 0.30802 0.00583689 0.633111 0.000468623 1.36429e-06 0.00304847 0.00273486 0.0357077 0.00500438 3.40878e-05 0.000568802 
0.0180391 0.000520589 4.58398e-06 0.349987 0.470776 0.0137682 0.00339262 0.0382142 0.0353145 0.00671322 0.0328921 0.000966205 0.0294124 
0.00538513 0.0334131 1.34493e-06 0.0387378 0.376555 0.181585 0.000569662 0.216716 0.0764314 0.0622925 0.000879247 0.00198205 0.00545209 
0.147027 0.0184833 1.49266e-08 0.0833833 0.59791 0.00151525 4.94939e-08 0.0303278 0.0053322 0.100362 0.0086449 0.000145036 0.00686872 
0.0906973 0.000133998 6.30913e-06 0.237757 0.535057 0.00328281 0.00801877 0.0105142 0.0320892 0.0746054 0.00498265 0.000819722 0.0020365 
0.0102753 0.00102455 0.000117184 0.0708278 0.811774 0.00544895 7.26859e-05 0.00192885 0.00329776 0.0372024 0.000632809 0.000153826 0.0572436 
0.0312748 0.000636078 8.29449e-08 0.0360816 0.442474 0.0473455 0.00385617 0.0125312 0.319413 0.00057583 0.0864941 0.000620917 0.0186961 
0.00136231 1.90373e-05 1.96922e-09 0.00224408 0.972801 8.51609e-10 2.73382e-09 0.00376435 0.00340027 0.0163922 7.60488e-06 8.88809e-06 4.38911e-10 
0.128772 0.000251597 0.00430924 0.0503907 0.464216 0.00288457 8.90661e-05 0.0345388 0.308537 0.00352911 7.20798e-06 0.000536283 0.00193831 
0.0912342 0.175779 5.92622e-05 0.163162 0.259068 0.0118677 0.00136691 0.0878478 0.141662 0.0384523 0.0289416 0.000125636 0.000434281 
0.059124 0.00121917 2.04241e-06 0.167085 0.573116 0.0110347 0.00351717 0.0194717 0.113871 0.0235152 0.0121187 0.000756957 0.0151692 
0.0366328 0.00160971 4.93689e-05 0.0309969 0.676185 0.0203408 0.000282229 0.029081 0.153176 0.0442777 0.00642113 0.000123246 0.000824238 
0.0217308 0.00143422 2.58344e-05 0.27998 0.540865 0.026436 0.00296959 0.0220465 0.046262 0.0525774 0.00262144 0.000279086 0.00277142 
0.113878 0.0018782 1.54454e-06 0.198571 0.55091 0.0243269 0.00226743 0.0401013 0.0565149 0.00593404 0.00299641 1.69188e-06 0.00261809 
0.0128853 0.00152064 0.013215 0.146133 0.554523 0.0402921 0.00749666 0.0498456 0.0634297 0.0785194 0.0186029 0.00081829 0.0127181 
0.0601175 0.00802376 0.00363783 0.0602874 0.574099 0.0215868 0.00895449 0.0358921 0.19336 0.0215562 0.0058261 0.000269058 0.00638937 
0.0427496 0.000328185 0.000143925 0.344706 0.545313 0.00212593 0.000291094 0.00474128 0.0471065 0.00708288 0.00108828 8.58535e-05 0.00423772 
0.0150369 0.000212178 6.10342e-09 0.0137443 0.441818 0.000390748 1.08118e-05 0.0900272 0.38893 0.0454573 9.62488e-06 0.00216147 0.00220163 
4.88999e-08 2.17108e-07 2.0559e-07 0.000853223 0.6273 0.00224575 2.85414e-07 0.0219371 0.301293 0.0463123 7.94584e-08 4.85665e-05 9.8151e-06 
0.0756274 0.012902 9.71855e-05 0.279115 0.302653 0.0430412 0.00365896 0.0510987 0.168968 0.0390403 0.00382036 0.00166009 0.0183178 
0.0472785 0.000374285 5.66463e-05 0.311978 0.357208 0.0275999 0.0030639 0.0132297 0.181591 0.0459229 0.00374823 0.000260046 0.00768904 
0.0682444 0.0439111 1.18571e-05 0.237027 0.275396 0.0269648 0.000155652 0.0914911 0.0732877 0.169297 0.00060737 0.000451335 0.0131547 
0.0473465 0.00277051 9.88688e-08 0.160586 0.468018 0.0258698 0.000977594 0.0340356 0.236607 0.00285986 0.0130604 0.00178584 0.00608284 
0.0029088 0.000443302 1.84311e-08 0.180269 0.316398 0.00189446 9.1108e-05 0.195094 0.247957 0.050499 1.06024e-05 0.000420466 0.00401352 
0.000391221 0.00334193 2.65419e-09 0.153855 0.637366 4.95904e-06 2.05851e-06 0.00640307 0.193633 0.00498424 1.84756e-05 1.81682e-09 1.56457e-07 
0.00423858 0.000106311 6.25189e-08 0.137898 0.37877 0.00208652 0.00276309 0.109223 0.318878 0.0215098 2.52793e-05 0.00364067 0.0208615 
0.0253532 0.00265784 4.00873e-05 0.329718 0.3866 0.0370845 0.00320758 0.027618 0.14098 0.00714196 0.00165232 0.000982736 0.0369631 
0.217384 0.000225841 4.2986e-07 0.000604659 0.467523 0.00958903 0.000137037 0.0234695 0.207972 0.000169299 0.0362405 0.00115688 0.0355283 
0.0377157 0.00113105 0.00133084 0.260607 0.392745 0.01715 0.00269073 0.0788216 0.107825 0.0537846 0.0209016 0.00293446 0.0223624 
0.0814237 1.68782e-05 0.06412 0.143302 0.470558 0.110491 0.000118604 0.0166766 0.0399748 0.0412016 0.0222598 0.00955057 0.00030582 
0.00216916 0.0084781 2.08589e-05 0.00176508 0.839323 5.58726e-06 1.85704e-05 0.0362575 0.10633 0.00512646 1.18982e-05 0.000491684 2.36934e-06 
0.109675 0.0142928 1.38147e-06 0.229986 0.520326 0.0208638 0.00150745 0.0125189 0.0397648 0.00580648 0.0423107 0.00010776 0.00283935 
0.0175336 2.5907e-05 3.90978e-05 0.0224249 0.813328 0.0303787 1.2735e-05 0.0119206 0.0523595 0.0111129 0.0407783 4.24946e-05 4.34993e-05 
4.54053e-05 0.000739544 0.00136693 0.141366 0.8027 0.000349524 1.77918e-05 0.00171558 0.000316641 0.0504874 0.000418419 3.36297e-05 0.000443513 
0.270579 0.000177177 1.06696e-05 0.043523 0.518228 0.000643159 5.21374e-05 0.0491116 0.0595338 0.0575062 5.16824e-05 6.51973e-05 0.00051817 
0.0309795 0.00284506 0.00241751 0.157235 0.255909 0.220542 0.00372183 0.0476167 0.222384 0.0244615 0.0101839 0.00124725 0.0204566 
0.0325217 0.00920389 0.00295719 0.262382 0.370199 0.0193267 0.00172028 0.0228978 0.19124 0.0469748 0.0129824 0.00219816 0.0253959 
0.00155062 0.0486418 0.00165766 0.0329898 0.54323 0.00825144 2.42807e-07 0.195522 0.0187822 0.147806 0.00115244 0.00041623 2.37166e-11 
0.0408259 0.00374677 0.000304515 0.185929 0.26168 0.0344599 8.07523e-05 0.151907 0.0274499 0.191426 0.0010696 0.0160562 0.0850644 
0.0791434 0.000605967 1.47855e-07 0.00234597 0.547103 0.0017646 1.03787e-08 0.00675954 0.360428 0.0017445 0.0001041 8.26785e-07 3.17358e-07 
0.144921 0.106185 0.000780385 0.025151 0.642844 0.000890359 1.34983e-05 0.00393678 0.0655736 0.00227194 0.00742934 3.18719e-06 1.31277e-08 
0.0116545 0.00197382 4.79418e-07 0.118419 0.425492 0.043868 0.00623138 0.222947 0.134848 0.0246487 0.00492987 0.00277578 0.00221107 
0.00573815 0.000172586 1.01468e-08 0.0113746 0.774367 0.000131783 0.000284972 0.0514063 0.00432595 0.0309432 0.0139692 0.00112871 0.106157 
0.00500332 0.000460136 0.30802 0.00583689 0.633111 0.000468623 1.36429e-06 0.00304847 0.00273486 0.0357077 0.00500438 3.40878e-05 0.000568802 
0.0215898 0.0176361 0.00119205 0.215911 0.309983 0.102444 0.00112866 0.117083 0.104082 0.100299 0.00268372 0.00241125 0.00355712 
0.102883 0.00267633 0.00416525 0.0945951 0.589254 0.0147192 0.00242386 0.0687747 0.0859596 0.0209909 0.00304972 0.00719953 0.00330916 
0.0125894 0.110548 1.13022e-08 0.0919886 0.657494 0.000986358 2.50905e-05 0.0156942 0.0165998 0.0938076 3.95459e-06 0.000133804 0.000129174 
0.00376892 0.00111015 5.42044e-05 0.0260425 0.812996 0.00536727 0.000188033 0.0923987 0.0187335 0.0385812 0.000196018 0.000437969 0.000125662 
0.00922953 2.18035e-06 7.1045e-07 0.124581 0.634974 1.09967e-05 1.57153e-05 0.00367927 0.213318 0.00390281 1.16848e-06 2.86538e-08 0.0102838 
0.0140108 5.22171e-06 1.06378e-07 0.0552055 0.49572 3.51567e-05 6.82188e-06 0.0226928 0.39575 0.0148486 3.59823e-05 1.47461e-07 0.00168936 
0.050489 0.00142066 0.000256253 0.110285 0.624826 0.0271943 0.0017802 0.0151827 0.101054 0.00920159 3.58193e-05 2.73018e-05 0.0582479 
0.194792 0.0353271 0.015564 0.064764 0.24854 0.00104962 0.110344 0.0241429 0.186804 0.0804603 4.47452e-05 0.037819 0.000348584 
0.0755995 0.0155071 9.77019e-06 0.0735446 0.462776 0.0591196 0.000131399 0.134308 0.0209598 0.153893 1.03726e-05 0.00191251 0.00222863 
0.0479408 0.0027464 1.38508e-05 0.205725 0.384876 0.0413661 0.00171934 0.123876 0.140909 0.0242978 0.00786011 0.00932827 0.00934117 
0.0126865 1.49136e-06 1.49142e-06 0.220896 0.417306 1.49212e-06 1.49095e-06 0.0337323 0.269702 0.040743 1.49217e-06 0.00298512 0.00194158 
0.0228887 0.000156929 1.77809e-06 0.06796 0.52929 0.0739881 0.00120876 0.0183305 0.0670095 0.181802 0.0349187 0.000584454 0.00186003 
0.0161367 0.0119346 4.01845e-08 0.116347 0.737342 0.00640357 0.00281849 0.0258467 0.0120412 0.0266879 0.0372424 0.000533852 0.00666593 
0.00361044 0.001074 1.13407e-07 0.187078 0.499277 0.0217336 0.0133568 3.16437e-06 0.268851 0.00490443 0.000104032 5.73209e-06 6.65681e-07 
0.0138635 7.53149e-05 0.00156545 0.314265 0.415499 0.00247668 0.000161314 0.0746555 0.150684 0.0151348 1.97685e-05 0.00214186 0.00945754 
0.038272 0.000373378 0.00440895 0.128354 0.619289 0.0751453 0.00048475 0.0200739 0.0634908 0.0435828 0.000465403 0.000539871 0.0055198 
0.0145664 0.0143326 0.000715468 0.119067 0.48798 0.00117705 2.63644e-05 0.107192 0.0987679 0.144522 8.81086e-05 0.00103177 0.0105326 
0.00213062 0.00353451 2.74957e-07 0.00273661 0.867871 0.000557079 1.81362e-05 0.0729208 0.0450631 0.00451967 3.71629e-05 7.11316e-05 0.000540159 
0.100089 0.0070212 2.99516e-08 0.0307763 0.593176 0.0158846 3.07685e-05 0.0277477 0.181758 0.0340374 0.00881241 0.000548777 0.000118174 
0.0223218 6.7775e-05 0.0107013 0.0561603 0.742818 0.0180846 3.5937e-05 0.0147968 0.0904386 0.0437836 3.35535e-05 0.000741987 1.61654e-05 
0.0126912 0.00031813 6.16287e-06 0.0329322 0.815243 0.00029517 0.000577116 0.0995606 0.0104003 0.016724 5.47632e-06 3.90001e-05 0.0112073 
0.0238408 0.034765 6.71475e-07 0.138133 0.44434 0.0408459 0.00131044 0.03365 0.071964 0.147576 0.021021 0.000565123 0.0419883 
0.0451392 0.0081332 0.000979477 0.240831 0.351262 0.00503831 0.00106216 0.0472721 0.214772 0.0522015 0.00137044 0.00246424 0.0294746 
0.181673 0.00153952 2.95531e-06 0.0233306 0.669511 0.00975915 1.71862e-05 0.0658057 0.0326606 0.0146643 2.27339e-05 0.00089008 0.000122885 
0.0239446 0.00359329 0.000109715 0.264449 0.355955 0.0893383 0.00112155 0.0229246 0.134084 0.0565634 0.0388998 0.00626973 0.00274709 
0.0174743 8.68775e-05 7.46977e-06 0.0524038 0.807761 0.000770987 0.000467645 0.0184989 0.0967941 0.00481614 7.12117e-05 0.00019323 0.000654604 
0.0402034 0.000799996 1.03834e-05 0.0248874 0.620815 3.64711e-05 0.011742 0.114045 0.146109 0.0412127 7.41003e-06 8.64278e-06 0.000122285 
0.027638 0.000983904 7.38768e-06 0.0553815 0.455038 0.139521 0.00143088 0.107016 0.201686 0.0101498 3.21054e-05 0.000770765 0.000345723 
0.00922953 2.18035e-06 7.1045e-07 0.124581 0.634974 1.09967e-05 1.57153e-05 0.00367927 0.213318 0.00390281 1.16848e-06 2.86538e-08 0.0102838 
0.230655 1.39067e-11 0.0708476 0.164051 0.317774 6.25317e-07 0.000503969 0.0310714 0.145632 0.0389558 1.00271e-07 2.17253e-07 0.000509528 
0.00567255 0.0222788 3.10607e-12 0.0698329 0.373315 0.00187757 4.31208e-12 0.124896 0.019372 0.108429 5.84682e-05 3.89497e-05 0.274229 
0.035221 0.00485212 1.5228e-08 0.0420224 0.803764 0.000723104 0.00322692 0.0446181 0.0317283 0.030386 0.000380003 0.000186953 0.00289059 
0.0125894 0.110548 1.13022e-08 0.0919886 0.657494 0.000986358 2.50905e-05 0.0156942 0.0165998 0.0938076 3.95459e-06 0.000133804 0.000129174 
0.00388941 0.00132758 9.48965e-07 0.418738 0.425316 0.0569205 0.00276398 0.00851163 0.0454356 0.0209659 0.00945867 0.00301932 0.00365278 
0.112154 0.000403034 3.21012e-06 0.0525627 0.648921 0.000391012 1.4577e-06 0.00385734 0.160432 0.0209472 4.0374e-05 1.22639e-05 0.000274661 
0.0237524 3.44573e-05 1.28735e-06 0.0396224 0.872087 5.81602e-05 2.63102e-05 0.0066753 0.0118956 0.0350674 4.49907e-06 4.49471e-06 0.0107704 
0.00779209 0.000538224 0.00017939 0.114137 0.282603 0.117266 0.000320639 0.0185899 0.248017 0.197644 0.000985232 0.000336417 0.0115907 
0.0272631 0.00324411 4.05529e-08 0.0562579 0.424191 0.00542689 0.00155976 0.144694 0.0626619 0.222702 0.0262894 0.000759666 0.0249501 
0.357805 0.00503835 3.43653e-08 0.002039 0.456776 0.0258287 0.00125387 0.000339641 0.150585 6.46503e-05 8.98198e-06 0.000207156 5.35223e-05 
0.00173166 0.000401924 3.25982e-11 0.317835 0.595651 1.9859e-07 0.00421405 0.0141257 0.0609529 0.00321157 6.17632e-08 0.00147288 0.000402212 
0.0135969 0.005599 2.10261e-07 0.0618675 0.65321 0.000640352 0.00100497 0.0161672 0.243924 0.00140774 1.13345e-05 0.000284606 0.00228539 
0.0257199 0.00407499 4.88618e-06 0.287647 0.32378 0.00628867 0.0145089 0.0611623 0.163562 0.0667738 0.00543145 0.00523848 0.0358072 
0.0114526 0.000359557 3.2361e-06 0.235307 0.358013 0.0108027 0.00243062 0.0526988 0.270747 0.0384948 0.000738546 0.000831097 0.0181206 
0.0109985 0.0251676 0.000796427 0.19179 0.226033 0.0691497 0.0259869 0.102858 0.215248 0.101746 0.0028322 0.000485304 0.0269088 
0.00160608 1.98234e-06 3.72046e-08 0.254108 0.300217 2.14974e-06 0.000933423 0.0966465 0.19439 0.121875 0.000163896 1.16899e-06 0.0300549 
0.0162245 0.00094658 2.84903e-06 0.420669 0.442597 0.0108162 0.00206201 0.0143456 0.033676 0.0468736 0.0106171 0.000515699 0.000653451 
0.00494275 7.37224e-06 7.43628e-10 0.0412636 0.593999 0.00138889 3.12914e-05 0.0119834 0.34617 0.000154944 7.09011e-12 3.42343e-05 2.42732e-05 
0.0175924 8.46914e-05 0.00182096 0.0209371 0.856653 0.00544864 0.00515303 0.0390016 0.0494966 0.00298899 3.27299e-06 0.000314327 0.000505082 
0.00616638 7.90201e-05 2.94105e-11 0.0456602 0.619306 0.176617 5.26438e-08 0.000255169 0.0420729 0.0127693 0.0970166 5.23285e-05 4.95773e-06 
0.0528784 0.00806636 8.58961e-06 0.157027 0.513457 0.0187905 0.00177119 0.0578469 0.106796 0.0552123 0.00906362 0.00292044 0.0161609 
0.00392385 0.00480502 4.66453e-07 0.0993824 0.352279 0.0252744 1.48166e-07 0.0303904 0.0620132 0.263775 5.79586e-07 0.140491 0.0176648 
0.0521101 0.0038593 7.7026e-06 0.0645683 0.763167 0.00214244 0.0200072 0.024883 0.0470833 0.00484963 1.79316e-05 0.016818 0.000486206 
0.0142588 0.000264038 4.39509e-05 0.219754 0.238828 0.182571 0.00217306 0.0731996 0.0783419 0.113707 0.0209865 0.00815598 0.0477153 
0.0763368 0.000508664 1.85416e-07 0.0203739 0.80962 0.00409243 0.00019241 0.011435 0.0715924 0.00291999 0.00276176 0.000127278 3.87513e-05 
0.0314419 0.00194325 0.000216759 0.0275003 0.553486 0.0066454 0.00214523 0.178469 0.169913 0.0276641 3.27723e-06 0.000318784 0.000253466 
0.000208977 0.000435094 9.53878e-10 0.223993 0.772342 0.000237477 6.21305e-05 0.000249665 0.0015539 0.000871412 3.16637e-05 2.64836e-09 1.51615e-05 
0.00606211 0.000656878 1.41497e-05 0.0368886 0.604907 0.00121716 0.269482 0.013754 0.0410645 0.0258787 3.55026e-05 2.69268e-05 1.24435e-05 
0.0363954 4.2641e-05 5.65066e-06 0.0643687 0.419501 0.0845085 4.87519e-05 0.339421 0.0195846 0.0238511 0.00376928 0.00225492 0.0062485 
0.110886 0.000134184 6.8151e-06 0.174356 0.540604 0.073497 0.000539144 0.00444388 0.053475 0.00749602 0.00783317 0.000121909 0.0266072 
0.119665 0.00215801 0.00430207 0.1384 0.351769 0.0175051 0.00149616 0.112751 0.202731 0.0391968 0.00643536 0.00188315 0.00170771 
0.0228635 0.107366 8.31819e-06 0.14556 0.433811 0.0188663 0.00195802 0.0426886 0.175168 0.0494754 0.000282065 0.0016254 0.000326503 
0.258476 0.000610306 4.16224e-05 0.0199782 0.465302 0.00303318 0.00464679 0.0321764 0.196172 0.0192695 7.12964e-05 0.000204784 1.69023e-05 
0.0278712 0.000137335 9.74823e-07 0.0032114 0.756529 0.0134958 0.000715603 0.137477 0.0602523 0.000292667 1.15947e-05 1.00763e-06 4.16049e-06 
0.351946 9.14238e-05 1.21122e-07 0.00515372 0.606316 0.000623708 0.000275324 0.000389591 0.0350265 0.000175964 6.15508e-07 7.41876e-07 9.72171e-07 
0.00440104 5.60269e-05 1.53225e-06 0.0167958 0.782661 0.0539158 1.18136e-05 0.0262173 0.00788827 0.0944894 0.0122148 2.90085e-05 0.00131811 
0.0106166 0.000709463 5.01354e-05 0.211508 0.662962 0.00731887 0.000180254 0.00175655 0.0259529 0.0538405 0.000367801 5.83616e-05 0.0246778 
0.0205253 0.0084116 0.00128036 0.11923 0.607161 0.051426 1.4376e-05 0.0632794 0.07038 0.0570906 0.00045451 3.28615e-05 0.000713643 
0.0603179 0.000282214 0.000879266 0.249838 0.253303 0.00454755 4.48484e-05 0.00522868 0.123339 0.226625 0.0461182 0.0234273 0.00604883 
0.0200349 0.00917929 1.1342e-06 0.106213 0.416249 0.0480864 0.0198046 0.210684 0.0757552 0.0766819 0.00519852 0.00731659 0.00479602 
0.0130917 0.000708481 0.000549867 0.104958 0.771063 0.0227799 0.00048442 0.0270486 0.0133545 0.0428114 9.86751e-05 9.53061e-05 0.00295526 
0.00769356 0.0144673 0.000306974 0.0806623 0.594276 0.0480513 0.00108586 0.0279251 0.146485 0.063924 0.00129526 0.00488079 0.00894568 
0.0535579 0.00496034 0.00692796 0.105296 0.373474 0.0401606 0.00480293 0.029568 0.294294 0.05728 0.00343374 0.00111199 0.0251324 
0.110414 8.94351e-08 3.67449e-05 0.241064 0.299661 0.0283767 9.97683e-08 0.0147342 0.230328 0.0159978 0.043518 0.000334676 0.0155342 
0.0789719 0.0852487 0.00697248 0.152523 0.467088 0.00938488 0.00189828 0.0271254 0.12979 0.0291646 0.0103489 0.000601692 0.000882379 
0.044659 0.000461181 3.61416e-06 0.264037 0.265295 0.0044183 0.00077895 0.082179 0.238403 0.0714825 0.000207177 0.00195623 0.0261181 
0.0030228 0.00322638 5.8607e-06 0.0408588 0.58991 0.0195168 0.0057084 0.0527226 0.121853 0.162114 0.000108793 0.000522802 0.00043064 
0.0109597 0.000146319 5.77812e-08 0.139819 0.795645 0.000131766 9.69586e-06 0.00389422 0.0317066 0.0176655 1.61834e-05 2.95848e-08 6.3982e-06 
0.0466766 0.00017801 5.14057e-07 0.0509474 0.425434 0.0964383 7.08558e-07 0.128391 0.232489 0.0173992 0.000497992 0.000807652 0.000739844 
0.0354673 0.0359677 1.54638e-07 0.150542 0.521624 0.0204103 0.0470603 0.0792695 0.0365099 0.0634472 0.00274177 0.00588597 0.00107344 
0.065224 0.0032774 4.6322e-06 0.232655 0.34124 0.23698 0.00490999 0.0279972 0.0412995 0.0170951 0.00677112 4.24356e-05 0.0225045 
0.0709508 7.81856e-05 0.0293207 0.0884491 0.656739 0.0543338 0.00344883 0.00164076 0.0115005 0.070994 0.0119315 0.000212866 0.000399745 
0.0230986 0.000100411 4.01795e-05 0.136903 0.563313 0.1172 1.89936e-05 0.0039614 0.0268317 0.0977929 0.0013726 0.000567007 0.0288006 
0.0036313 0.0040682 6.46905e-06 0.116541 0.347284 0.0073449 0.00351624 0.145652 0.123236 0.201742 0.000379622 0.00878229 0.0378163 
0.0303478 0.00353341 2.82108e-07 0.011088 0.493811 6.68203e-07 0.157182 0.0596901 0.14346 0.100117 0.000339313 0.000274557 0.000154686 
0.00145855 0.000217473 4.05343e-07 0.113963 0.501367 0.000289563 2.49671e-05 0.0256079 0.355708 0.000194793 2.27001e-08 4.70549e-08 0.0011676 
0.055815 0.00175641 9.84844e-08 0.0533777 0.728527 0.0008478 0.0005206 0.0625773 0.0258124 0.0241646 5.78773e-05 0.0367648 0.00977847 
0.0821164 0.00263205 0.000312598 0.19325 0.286402 0.00662721 0.000209883 0.12787 0.239278 0.0389445 0.0123149 0.000376655 0.00966512 
0.0158662 1.16695e-06 2.18882e-08 0.225894 0.232336 0.176109 0.000306312 0.120906 0.0199551 0.129412 0.000443833 0.00117598 0.0775937 
0.0181621 0.00443323 9.34285e-08 0.1854 0.377625 0.280785 0.00132317 0.00843206 0.108795 0.000382349 0.0139127 0.00023642 0.000512811 
0.0168305 0.0135287 0.000561291 0.0312002 0.472871 0.27027 0.00105964 0.0456296 0.000404189 0.110076 0.000231526 0.000175317 0.0371617 
0.00139395 1.94711e-05 1.9758e-09 0.00229623 0.972996 8.54452e-10 2.74295e-09 0.00366091 0.00338201 0.0162349 7.77833e-06 9.08798e-06 4.40376e-10 
0.0654644 0.00484281 0.00143072 0.111167 0.412506 0.019574 0.00429502 0.091613 0.224462 0.0527035 0.00148519 0.00166263 0.00879408 
0.0142131 0.000120459 1.59618e-05 0.0792595 0.820927 0.00488305 0.0094499 0.00277731 0.0514119 0.0160739 1.81113e-05 0.000412824 0.000436923 
0.355373 0.000245649 1.62863e-06 0.0768484 0.408239 0.019235 0.00163785 0.0111553 0.11818 0.00287317 5.8451e-05 5.80529e-05 0.00609429 
0.0423022 0.000388357 1.93788e-05 0.338773 0.383097 0.0184967 2.1206e-05 0.00684928 0.158532 0.00888812 0.0135371 0.000240757 0.0288544 
0.0146928 0.000474057 7.56718e-08 0.0638165 0.385252 0.213447 0.0024213 0.0765091 0.0507061 0.0494818 0.140493 0.00154062 0.00116635 
0.0471428 0.00235003 0.000120665 0.210577 0.574566 0.0155948 0.0046148 0.0331302 0.077116 0.0161105 0.00659308 0.000625702 0.0114586 
0.0109574 0.000337084 0.0338855 0.0415335 0.757849 0.0497223 0.000503298 0.0163465 0.0605259 0.0107977 0.0148796 0.000189888 0.00247291 
0.031322 5.76352e-05 1.19895e-05 0.118935 0.610801 0.00329463 0.00518171 0.0827849 0.0396781 0.0925236 9.22431e-05 4.44295e-05 0.0152722 
0.0489735 0.000262361 6.83375e-05 0.198266 0.519535 0.0124623 0.00210998 0.0249682 0.139646 0.0293268 0.00375337 0.000188732 0.0204391 
0.13549 4.48859e-05 1.54522e-06 0.209161 0.286774 0.0544724 0.00741345 0.110893 0.117082 0.0175254 0.0336184 0.00757232 0.0199508 
0.0179621 0.000324162 4.20728e-05 0.293026 0.561595 0.00411281 0.000415482 0.00187797 0.0300429 0.0668678 0.00244347 0.00171165 0.0195793 
0.0302007 0.0308839 0.0133979 0.0164473 0.481204 0.00266239 3.71769e-05 0.0700062 0.032675 0.316747 2.68634e-05 0.00438068 0.00133006 
0.0331572 6.06724e-05 4.21635e-07 0.184485 0.41608 0.194914 0.00156952 0.0342624 0.103345 0.00549204 0.0248513 9.65805e-05 0.00168613 
0.0162112 0.00461967 1.58293e-05 0.0799325 0.678692 0.0163221 0.00430699 0.0679377 0.0913089 0.026665 0.00320165 0.000985395 0.00980064 
0.168805 0.000647091 3.5896e-05 0.0828094 0.565206 0.00692188 0.000232883 0.00768882 0.123439 0.0145009 0.00048242 0.0286111 0.000619364 
0.0170602 0.00121217 3.84164e-08 0.0219321 0.373874 0.315504 0.00697663 0.0513242 0.195733 0.012257 0.00102219 0.00123318 0.00187172 
0.0137809 0.000436615 2.4869e-07 0.254305 0.434412 0.000346682 0.000116519 0.153566 0.128303 0.00727788 4.44348e-06 0.000775588 0.00667511 
0.00557021 5.79131e-05 3.54603e-09 0.430483 0.540122 0.011036 0.000116286 9.9172e-06 0.00868454 0.000234776 0.00363793 1.43795e-05 3.33402e-05 
0.0101809 2.67549e-06 3.77615e-07 0.0224578 0.404149 0.106201 0.0015032 0.0906361 0.10694 0.255004 0.000515466 4.32781e-05 0.00236462 
0.0238079 0.00289673 7.10514e-05 0.0710204 0.733711 0.0409939 0.000461632 0.01864 0.0927644 0.0143102 0.000491781 0.000174814 0.000656124 
0.0173608 4.02473e-05 0.000928089 0.0832518 0.433207 0.0186628 0.00688845 0.0702207 0.125289 0.0923494 0.000226802 0.146824 0.00475123 
0.029792 0.000656349 3.52647e-05 0.341081 0.515449 0.00381028 5.45826e-05 0.0166577 0.0362858 0.00727364 0.0199131 0.00402697 0.0249642 
0.0221642 0.00820224 0.000134412 0.19904 0.254831 0.010757 0.00452719 0.124992 0.163078 0.151149 0.00197751 0.022542 0.0366051 
0.0576785 0.00781385 0.0107609 0.05595 0.547516 0.0307615 9.45563e-06 0.0259774 0.143896 0.0445066 0.0738946 0.00057865 0.000656221 
0.000444492 0.0187916 3.99359e-06 0.102385 0.283025 9.63799e-08 2.53954e-05 0.254995 0.0976412 0.231398 1.05477e-07 0.000473289 0.0108168 
5.6426e-05 7.27375e-11 6.88786e-11 0.44878 0.492925 2.97872e-11 9.56223e-11 0.0113156 0.027343 0.0195796 1.46442e-07 7.2613e-07 3.53112e-07 
0.011935 0.0234992 0.000222745 0.0631045 0.743445 0.000146805 0.000208737 0.0648672 0.074841 0.0125933 5.61483e-06 0.00460367 0.000527007 
0.0696715 0.00107937 1.15164e-05 0.13198 0.568713 0.0012981 0.000438207 0.00503502 0.109558 0.11072 2.55084e-08 0.000615199 0.000880335 
0.078798 0.00395321 2.32631e-06 0.087362 0.46222 5.12549e-13 9.01254e-05 0.183241 0.138866 0.0436826 4.58067e-13 0.000490997 0.00129444 
0.00711152 0.000438761 1.87473e-07 0.0916234 0.350905 0.00165185 0.0678615 0.194869 0.280293 0.00515521 3.69298e-05 1.24401e-05 4.15547e-05 
0.00039155 0.000223748 1.55771e-06 0.0508284 0.923486 0.000234493 0.000212918 0.0027662 0.000532163 0.0198934 9.5597e-06 0.00141145 8.36577e-06 
0.0176518 0.000377046 9.6688e-08 0.074612 0.465424 3.90577e-05 0.000553965 0.133396 0.165088 0.10708 1.24351e-05 0.000220095 0.0355457 
0.0115669 0.200626 0.0516797 0.00320625 0.702237 0.00195185 0.00015424 0.000934352 0.00394814 0.00433977 0.0193499 4.73765e-06 1.22834e-06 
0.110701 0.0128869 8.62032e-05 0.156022 0.659962 0.0157256 4.78153e-05 0.00154175 0.0236745 0.0151752 0.00295657 4.4348e-06 0.00121534 
0.00996647 1.50722e-05 7.74956e-08 0.0090851 0.485522 0.408574 1.04652e-05 0.028398 0.042039 0.00440485 0.0116293 0.000335063 2.06254e-05 
0.0198027 0.000634212 0.00135937 0.102923 0.714066 0.00739049 0.000216058 0.0529702 0.0473481 0.0299615 0.00451638 0.00857917 0.0102332 
0.00637022 0.000717911 4.28078e-09 0.234578 0.712867 0.000987621 4.25102e-06 0.0121585 0.0309289 0.000478429 6.93278e-06 2.85133e-05 0.000873212 
0.000985805 0.000628547 1.20339e-05 0.0725656 0.882034 0.000914424 4.12028e-05 0.000566351 0.0037587 0.0217825 0.0165762 4.44264e-05 8.98887e-05 
0.00187677 0.00313307 1.48157e-06 0.227375 0.65251 0.0013154 0.000139811 0.0348885 0.0499469 0.0218189 3.87973e-05 0.000211805 0.00674394 
0.0152125 0.000862075 0.000945172 0.0260801 0.711168 0.000980689 4.21786e-07 0.0905729 0.106878 0.0467304 0.000202568 1.22375e-05 0.000354576 
0.0147771 0.00461006 1.15767e-07 0.0629539 0.715853 0.0511424 0.0335719 0.00942931 0.0523739 0.0277543 0.0260586 6.4522e-05 0.00141043 
0.00749021 0.0249014 1.06124e-06 0.176621 0.323639 0.0702603 7.2205e-06 0.0667891 0.141644 0.118424 0.044811 0.00337456 0.0220367 
0.0875958 0.0241028 4.54737e-05 0.162462 0.57757 0.0045867 0.000389891 0.0166706 0.0223617 0.092155 0.000477835 0.00196442 0.00961842 
0.0866393 0.00920361 0.000229441 0.144504 0.298311 1.63846e-07 0.00121168 0.197996 0.181592 0.0648119 1.63852e-07 0.00402995 0.0114714 
0.0521903 0.154436 6.35315e-07 0.109689 0.437891 0.0508811 0.00222126 0.0175119 0.130204 0.0215258 0.0132179 0.000468836 0.00976244 
0.103538 0.00191769 1.69086e-05 0.176846 0.519891 0.0500835 0.00203743 0.0433528 0.06955 0.0247874 0.000751632 0.000182077 0.00704618 
0.113221 5.96552e-05 0.00779174 0.109232 0.414033 0.0678422 1.73071e-06 0.00802471 0.134223 0.128083 0.0172091 0.000270951 9.59467e-06 
0.0108247 6.67662e-05 1.40218e-05 0.139846 0.518858 0.135285 0.00039495 0.0598533 0.0768017 0.0377552 0.0194084 0.000402545 0.000490218 
0.005441 0.00223187 1.51276e-05 0.22355 0.536399 0.000291311 0.00016344 0.00917452 0.00576864 0.214699 0.000595174 0.00150321 0.000167252 
0.198039 0.0014636 8.06032e-05 0.0642543 0.507066 0.00412042 1.74289e-05 0.0425081 0.117859 0.0588262 1.19334e-05 7.40169e-05 0.00567918 
0.0241258 0.000407516 0.000178019 0.350616 0.487385 0.0471296 0.00196581 0.0240878 0.0506223 0.0107144 0.00128535 0.000844106 0.000637756 
0.164165 0.131876 0.0011934 0.00404378 0.661714 0.000485857 0.000775318 0.00919643 0.0226278 0.00392011 9.63668e-08 3.15225e-06 1.35277e-10 
0.0101107 0.000259437 2.38723e-06 0.157107 0.522056 0.000922185 0.0154443 0.0225862 0.242896 0.0203569 1.39683e-05 0.00010646 0.00813938 
0.00374201 5.8396e-05 8.27688e-07 0.0961017 0.53718 0.0471922 5.60904e-05 0.0897505 0.0469605 0.0346793 0.0948387 0.000490703 0.0489495 
0.0402416 0.000489717 6.79252e-08 0.199274 0.485967 0.00143426 0.00195701 0.00291216 0.246973 7.54546e-05 1.86504e-06 5.34519e-06 0.020669 
0.079934 5.1892e-07 1.21302e-05 0.0110092 0.656395 0.0144849 0.000351525 0.17682 0.0591144 0.000750816 4.4272e-06 0.000366211 0.00075629 
0.00521715 0.000210824 1.15292e-07 0.25117 0.370576 0.000192594 4.28596e-08 0.223749 0.10265 0.0409391 0.000295459 0.00030141 0.00469915 
0.00341209 1.81156e-05 2.63893e-08 0.0883757 0.229254 0.113303 8.50569e-07 0.0624222 0.138202 0.141331 0.215412 0.00616666 0.0021029 
0.158012 0.00010146 1.4113e-10 0.1539 0.335821 0.199466 1.52365e-05 0.00454266 0.00903852 0.134716 0.00425086 0.000134414 1.61348e-06 
0.000396475 0.0387289 4.1729e-06 0.0872894 0.340709 0.0121377 5.4239e-05 0.160981 0.267048 0.0631679 2.07309e-05 0.0084698 0.0209929 
0.0139047 0.00158681 6.75397e-06 0.30533 0.441893 0.00145696 9.22717e-05 0.0143765 0.113738 0.107081 5.66055e-05 0.000441024 3.50873e-05 
0.034667 1.69615e-08 1.68779e-12 0.327068 0.579152 0.0268896 1.89198e-08 3.00859e-09 0.010512 0.000189419 0.0215174 6.94562e-09 4.66033e-06 
0.0274983 0.00156378 2.98861e-10 0.0548543 0.464962 0.0706838 2.87996e-05 0.180168 0.14237 0.0547363 3.84981e-06 0.00250469 0.000626285 
0.0434933 0.00558698 0.00262557 0.219147 0.38829 0.000530392 0.00275688 0.0622139 0.15866 0.112701 0.000101524 0.00165658 0.00223674 
0.00910171 0.000493069 1.17781e-07 0.236558 0.276169 0.0688452 0.0191317 0.155106 0.0109355 0.0570868 0.0134273 0.0139302 0.139216 
0.083598 0.0202992 0.000290593 0.170837 0.567028 0.00540712 0.0048294 0.044313 0.0489454 0.0421571 0.000120762 0.00215365 0.0100209 
0.0328552 0.00157233 0.000137959 0.139944 0.575064 0.0838769 0.00463635 0.0442864 0.0691075 0.0315504 0.00597835 0.00364405 0.00734637 
0.0706794 0.00038829 2.28819e-05 0.221046 0.395115 0.0139261 1.02741e-06 0.0306106 0.235713 0.00765214 0.000771308 0.00801123 0.0160623 
0.0705671 0.000199195 0.000137014 0.0286527 0.644228 0.0233929 0.00069779 0.0612704 0.101577 0.0526749 0.0156237 0.00029585 0.00068361 
0.117798 0.00331259 0.000120829 0.115678 0.327097 0.0168226 9.37368e-05 0.0406661 0.310173 0.0159462 0.0340445 0.00219677 0.0160502 
0.0154533 0.00556066 0.000237625 0.0712328 0.270705 0.125884 0.000981659 0.0797928 0.0842361 0.193925 0.0233259 0.128497 0.0001685 
0.0695683 3.12671e-05 1.09675e-06 0.107098 0.457956 0.136345 1.79819e-08 0.0560451 0.161771 0.00121712 1.5139e-05 0.00868954 0.00126256 
0.0109608 0.00354186 7.06635e-08 0.262098 0.331195 0.101332 0.00174748 0.13296 0.0229204 0.105399 0.000861626 0.000526262 0.026458 
0.0223092 0.0160529 1.33256e-05 0.121738 0.437485 0.0295295 0.0982026 0.146212 0.118484 0.00743543 4.23673e-05 0.000441725 0.00205349 
0.0181529 0.00235388 2.03196e-06 0.298586 0.355841 0.00591346 0.0013059 0.0538774 0.208476 0.0120964 0.0069436 0.00339368 0.0330574 
0.0612711 0.000958291 0.000885294 0.091103 0.595653 0.0225871 0.00517961 0.0547016 0.115753 0.0220207 0.00797543 0.00336205 0.0185501 
0.0135229 0.000364055 3.154e-07 0.114586 0.684676 0.0503365 0.00594891 0.0327269 0.0847772 0.00890082 0.00134903 4.59071e-05 0.00276504 
0.0507528 0.000524794 1.77962e-06 0.166598 0.316449 0.118878 0.0016155 0.117614 0.0534934 0.138255 0.000983655 0.00248416 0.0323506 
0.271656 3.28886e-05 5.14268e-06 0.111086 0.54795 0.00713232 7.51533e-05 0.0199241 0.0125032 0.0184335 1.99572e-05 2.21147e-05 0.0111599 
0.0306038 0.0075552 0.000202708 0.216011 0.48418 0.00151541 0.00858464 0.0956313 0.115808 0.0306158 0.000404401 0.00157098 0.00731791 
0.0094052 0.00165875 2.33474e-07 0.139687 0.704937 0.0722521 0.00646973 0.0206217 0.00640608 0.0142384 0.0237196 0.000205641 0.000399064 
0.0878493 0.000628554 1.49294e-06 0.250385 0.533697 0.000366171 0.000401262 0.00296693 0.111759 0.0117724 3.63937e-05 5.23701e-05 8.44252e-05 
0.00554544 0.00137659 4.41746e-06 0.0403754 0.738261 0.00160682 0.012965 0.0906345 0.0112581 0.0585756 0.00744027 0.000691998 0.0312646 
0.00100442 0.00219243 9.3855e-07 0.309262 0.364915 0.0017084 1.85967e-05 0.139749 0.0606738 0.09457 0.0214427 2.34444e-05 0.00443918 
0.0111834 0.00142737 0.000227343 0.355884 0.494472 0.00387059 0.00130127 0.0454863 0.0559913 0.0247011 4.3697e-07 4.89826e-05 0.00540619 
0.00633237 0.000744272 0.00243273 0.178809 0.272395 0.000857964 0.00587675 0.133416 0.0742893 0.212183 0.0002906 0.00673495 0.105638 
0.113228 0.00670663 6.77035e-07 0.175557 0.515309 0.00153235 0.000863742 0.0174702 0.148435 0.0108936 2.32852e-05 4.2805e-05 0.00993744 
0.0192922 0.00618745 0.00011971 0.0168655 0.339409 0.00181473 0.00312114 0.125528 0.273294 0.0644276 0.0998613 0.000962639 0.0491165 
0.0160618 0.000934736 0.0010995 0.0749718 0.321212 0.231553 2.04141e-06 0.0097181 0.0286975 0.159019 0.0698343 0.0851963 0.00169941 
0.104853 0.0118482 1.86741e-05 0.207686 0.37056 0.0275078 2.11752e-05 0.0543712 0.0936678 0.0969149 0.000398199 0.000322333 0.0318307 
0.0469292 0.000359473 7.95035e-07 0.42006 0.464217 0.00659572 0.000346819 0.00297722 0.0511509 0.00223944 0.00375933 1.33009e-05 0.00135086 
0.126945 0.00403848 1.11697e-05 0.028672 0.708302 0.000656083 0.00061217 0.0905365 0.0336575 0.00590099 0.000326157 4.52798e-05 0.000296968 
0.00868078 0.00232394 5.36028e-05 0.214324 0.220266 0.197089 0.00472016 0.122107 0.101632 0.0699123 0.0086444 0.000643532 0.0496026 
0.0189392 0.00122963 2.32477e-05 0.0520726 0.818816 0.000352809 0.00118433 0.0425395 0.0451053 0.0186486 3.56625e-06 0.000170784 0.000913884 
0.00667848 0.00132314 4.60675e-10 0.00636217 0.924367 1.99223e-10 6.39543e-10 0.0144464 0.00149001 0.0442559 7.44159e-07 1.42162e-06 0.00107504 
0.0960062 0.00204076 0.000195384 0.222003 0.621382 0.00435401 0.000823873 0.00369792 0.0230683 0.0255643 4.31888e-05 0.000756957 6.38171e-05 
0.00666948 0.00144002 3.73847e-06 0.383072 0.471195 0.0108998 0.0134288 0.0183515 0.0885469 0.00170582 7.25268e-06 0.00029477 0.00438443 
0.0040441 6.36124e-05 2.47706e-08 0.393204 0.427779 0.000286137 6.05323e-05 0.020687 0.125563 0.0248376 0.000792338 0.00160339 0.00107912 
0.0591288 0.000187889 3.20369e-05 0.342028 0.412882 0.0210419 0.00149083 0.00550497 0.0363384 0.0190148 0.0976485 0.000155768 0.00454598 
0.0197342 0.000292311 1.67184e-08 0.0088099 0.860611 0.00194571 0.00266912 0.0104823 0.0923628 0.00074104 9.53466e-05 2.34442e-05 0.0022323 
0.0418555 0.17828 1.49084e-08 0.10502 0.225198 0.0441397 3.07733e-08 0.142132 0.0275504 0.167879 0.000144691 0.000277816 0.0675231 
0.233285 0.000123688 4.78549e-05 0.254441 0.483455 0.0114868 5.16565e-05 0.00058453 0.0135228 0.000696178 0.0022907 2.81439e-06 1.24471e-05 
0.00563727 0.00110062 5.02848e-08 0.106454 0.685095 0.111327 0.0128981 0.00461609 0.0114033 0.0546516 0.0048714 0.00015233 0.00179271 
0.065103 0.00148928 2.80907e-05 0.296945 0.429244 0.00425254 0.00432705 0.0575033 0.0845517 0.0176521 0.0055938 0.00241768 0.0308923 
0.0128014 0.000379414 6.05108e-06 0.114627 0.651926 0.100476 0.000244856 0.0249647 0.0537049 0.0252931 0.00467743 0.000289431 0.0106096 
0.00888401 0.000689944 5.23674e-05 0.141541 0.541972 0.00173222 0.000373924 0.0631135 0.226427 0.00859455 9.76761e-06 0.00481602 0.001794 
0.0246038 0.000810145 5.9546e-08 0.0684868 0.227981 0.103154 0.001376 0.0811954 0.0771375 0.214903 0.182364 0.00859247 0.00939555 
0.0120556 0.000161265 2.85055e-06 0.223828 0.743651 0.00364366 0.00216555 0.00332787 0.00854172 0.00200657 6.37386e-05 0.000264311 0.000288055 
0.00922953 2.18035e-06 7.1045e-07 0.124581 0.634974 1.09967e-05 1.57153e-05 0.00367927 0.213318 0.00390281 1.16848e-06 2.86538e-08 0.0102838 
0.0497786 0.00201414 0.00221354 0.117009 0.325406 0.102629 0.0111107 0.141446 0.122115 0.102737 0.0042046 0.00187524 0.017461 
0.045898 0.101974 0.00027452 0.12752 0.560541 0.0857209 0.00965936 0.0152433 0.0420092 0.00659959 0.00257773 0.000316105 0.00166617 
0.00349999 0.00228174 0.000341903 0.223436 0.734483 0.00244685 2.83507e-05 0.00506149 0.00304219 0.0129132 0.000210789 8.70285e-06 0.0122454 
0.0338307 0.0255729 0.000177306 0.148954 0.275785 0.0135925 0.010802 0.106181 0.154225 0.145502 0.00140905 0.000935993 0.0830331 
0.0260145 0.0061666 0.000657462 0.14721 0.679603 0.109801 5.85772e-06 0.00381905 0.0147084 0.0085509 0.00132661 0.00031006 0.00182621 
0.0735646 0.000603329 2.93711e-06 0.242901 0.520958 0.0358711 0.00024281 0.0263819 0.0679778 0.0115811 0.00185569 0.00491976 0.0131397 
0.124118 4.79506e-05 6.23487e-05 0.255365 0.592345 0.00738738 3.18841e-05 0.000224753 0.0021012 0.00432406 0.0131653 4.65988e-05 0.000781254 
0.0521274 0.000439197 0.00106261 0.0791965 0.684843 0.00857372 0.00101541 0.0548037 0.0880902 0.0200029 0.0019769 0.00030295 0.00756525 
0.0176518 0.000377046 9.6688e-08 0.074612 0.465424 3.90577e-05 0.000553965 0.133396 0.165088 0.10708 1.24351e-05 0.000220095 0.0355457 
0.0287117 0.0309253 3.7705e-06 0.013526 0.250072 0.0796618 0.214453 0.143292 0.157115 0.0017615 0.038709 0.000463499 0.0413056 
0.0643368 0.000507319 1.16396e-05 0.200749 0.438505 0.0405954 0.00154858 0.0559176 0.148859 0.028317 0.000353207 2.16558e-05 0.0202776 
0.173433 0.000454572 0.0803754 0.0432969 0.609376 0.025246 6.58051e-06 0.00432116 0.0551305 0.00803238 0.000282454 4.43687e-05 1.69979e-12 
