0.000154851 1.86915e-08 1.76999e-08 0.12325 2.08348e-09 0.00612595 2.45723e-08 0.000393959 0.0771846 0.79094 4.42655e-07 0.00194604 4.1328e-06 
4.90603e-05 2.1695e-09 2.0544e-09 0.0810473 2.41826e-10 5.50924e-06 2.85207e-09 0.0202099 0.0354588 0.862071 0.00115401 3.09519e-06 1.55731e-06 
1.08129e-07 5.99343e-10 5.67547e-10 4.62846e-07 6.68066e-11 1.37471e-06 7.8791e-10 6.64755e-05 1.73385e-07 0.99993 2.21545e-08 1.04932e-06 4.0492e-07 
0.000131177 5.08204e-09 0.0132241 0.000120418 5.66477e-10 5.18235e-05 6.68097e-09 5.10296e-07 0.0217518 0.964515 0.000141731 5.92984e-05 3.75525e-06 
1.98416e-08 1.2872e-07 2.30896e-07 0.000676568 7.54762e-12 1.26057e-05 8.90158e-11 9.06097e-07 1.18725e-07 0.998735 0.000572697 1.47917e-06 2.11526e-07 
0.000282615 2.00158e-07 2.37753e-08 0.0174946 1.11352e-11 0.00732346 1.31327e-10 0.133652 0.0407809 0.777137 1.60247e-07 0.0073972 0.0159315 
0.00831021 1.41853e-05 1.34327e-05 0.00344013 1.58118e-06 5.8091e-06 1.86483e-05 0.00398567 0.98419 3.16509e-06 5.19162e-06 9.19484e-06 2.99396e-06 
7.35952e-12 3.26751e-11 3.09416e-11 3.52348e-09 3.64218e-12 1.03047e-07 4.29554e-11 0.290449 3.0419e-08 5.03126e-08 1.19586e-11 2.13917e-09 0.709551 
1.07339e-10 4.7657e-10 7.22513e-07 5.56307e-07 5.31215e-11 1.87376e-06 3.76531e-07 3.49027e-07 4.69508e-07 0.993978 0.00206669 0.00395065 1.00585e-10 
0.129983 3.14147e-06 1.25543e-05 0.00881802 3.21134e-09 1.49893e-06 3.78742e-08 0.0229916 0.0142441 0.791039 5.04196e-06 0.0268211 0.0060803 
1.773e-06 7.87182e-06 7.45421e-06 0.00438278 8.77444e-07 3.22364e-06 1.03485e-05 0.00868674 0.919793 0.0670962 2.88098e-06 5.10249e-06 1.66143e-06 
0.00234374 4.2544e-05 4.25388e-05 0.111701 8.77485e-07 0.000294019 1.20096e-05 0.0291951 0.0348361 0.766787 0.00151491 0.0501897 0.00304036 
0.000149443 2.66699e-07 2.5255e-07 0.013217 2.9728e-08 0.00237593 3.50608e-07 0.0524256 0.00251481 0.919207 4.61036e-05 0.00999189 7.14493e-05 
8.55216e-08 3.79702e-07 3.59558e-07 7.16277e-05 4.23241e-08 1.55494e-07 4.99165e-07 7.24061e-05 0.12995 0.869872 1.38966e-07 2.46122e-07 3.21362e-05 
6.60331e-05 1.17756e-05 8.45158e-06 0.00407053 9.54111e-07 8.32432e-06 4.19486e-06 0.000290738 0.0142262 0.981022 0.000101426 0.000186834 2.91731e-06 
0.00208547 7.91312e-07 7.49332e-07 0.00184735 8.82048e-08 0.00171781 1.04028e-06 0.00286561 0.000171708 0.98795 0.00107184 0.00138542 0.000902046 
0.00798047 0.00181718 8.78414e-06 0.0209329 3.66704e-07 0.0048013 0.00548379 0.163453 0.280141 0.429716 2.8304e-05 0.020602 0.0650355 
0.0649817 0.00399184 6.78836e-09 0.00838311 7.99066e-10 2.93569e-09 9.42409e-09 0.11576 0.0400804 0.764845 0.00195804 4.64671e-09 1.51303e-09 
1.07339e-10 4.7657e-10 7.22513e-07 5.56307e-07 5.31215e-11 1.87376e-06 3.76531e-07 3.49027e-07 4.69508e-07 0.993978 0.00206669 0.00395065 1.00585e-10 
0.00204991 0.00075569 0.00084141 0.0765868 6.19096e-12 2.2745e-11 7.30155e-11 0.000999104 2.0023e-06 0.917756 0.000189167 0.000819399 1.17225e-11 
5.38767e-05 2.32214e-08 0.000138556 7.10998e-05 2.58841e-09 0.000283395 2.44524e-05 0.268468 1.76308e-05 8.446e-05 2.63545e-05 0.730832 4.90113e-09 
0.0480821 1.68575e-06 1.08076e-06 0.303816 5.52068e-11 0.000374708 6.51102e-10 7.39781e-06 8.51444e-06 0.0394719 1.87896e-07 0.607512 0.000725322 
0.998203 8.89747e-05 4.95323e-08 0.000336743 5.83051e-09 0.000179955 6.87644e-08 8.50069e-05 6.80777e-05 0.000939531 1.91438e-08 3.39054e-08 9.82673e-05 
1.07339e-10 4.7657e-10 7.22513e-07 5.56307e-07 5.31215e-11 1.87376e-06 3.76531e-07 3.49027e-07 4.69508e-07 0.993978 0.00206669 0.00395065 1.00585e-10 
1.49452e-06 6.02672e-09 5.707e-09 1.00654e-05 6.71778e-10 5.18536e-06 1.5925e-06 2.90244e-06 1.03541e-06 0.999973 4.4136e-06 3.9065e-09 1.27201e-09 
0.0631062 3.6695e-06 0.00132471 0.148438 8.98621e-11 0.00682375 1.05982e-09 0.0065934 0.113813 0.658624 0.000105959 0.00100177 0.000164973 
0.00126472 2.12003e-06 5.47322e-07 0.0413616 3.59077e-10 1.84705e-07 4.23492e-09 0.167292 0.0317066 0.757989 1.55097e-07 0.000381636 1.87524e-06 
1.91013e-05 9.53559e-06 3.28341e-09 0.000752591 3.86494e-10 6.68213e-07 4.55827e-09 0.0169496 8.82295e-06 0.980289 0.00197044 5.11113e-07 1.97108e-07 
2.62428e-08 1.16514e-07 0.000560516 0.000173605 1.29874e-08 0.0016019 1.53171e-07 1.75329e-06 4.17329e-05 0.996417 0.00112427 7.88537e-05 2.45915e-08 
2.21673e-09 0.207562 1.6785e-05 6.89272e-05 1.09704e-09 4.23234e-05 1.29384e-08 0.000201598 7.6495e-05 0.791814 2.44972e-05 0.000166511 2.67985e-05 
0.00239265 6.48344e-05 3.46745e-07 9.17325e-07 6.7793e-11 0.00208226 8.17387e-05 0.0265892 0.000419299 0.96767 8.94163e-08 0.000698586 1.28365e-10 
1.18979e-06 5.28246e-06 5.00222e-06 1.40938e-05 5.88817e-07 2.16325e-06 6.94444e-06 0.0231009 4.69107e-05 0.970681 3.23774e-05 0.00610273 1.11492e-06 
8.61222e-08 3.82369e-07 3.62084e-07 0.000233489 4.26213e-08 0.733841 5.02671e-07 0.264115 8.29707e-05 0.00161256 1.39942e-07 2.4785e-07 0.000113065 
1.40718e-08 6.24767e-08 1.92655e-05 3.64777e-06 6.96406e-09 1.05677e-05 8.21333e-08 0.086674 0.0155962 0.897652 2.28656e-08 4.38064e-05 1.31864e-08 
6.45283e-07 0.000985165 2.80553e-07 5.85034e-05 3.30242e-08 0.00013673 3.89484e-07 0.97526 3.16957e-07 3.7915e-06 1.08431e-07 0.0235252 2.89318e-05 
3.6468e-11 1.61912e-10 0.00133175 1.30983e-08 1.80478e-11 1.85722e-07 2.12853e-10 4.88872e-09 8.72117e-06 0.991138 0.0070144 0.000507377 3.41733e-11 
0.888749 5.09563e-05 2.34342e-06 0.014423 2.3196e-08 1.9085e-06 2.73571e-07 1.32188e-05 0.00791919 0.0888334 7.64056e-07 5.43455e-06 6.64693e-07 
0.00115156 0.000293301 0.000231511 0.988894 2.65538e-05 0.000180089 0.000120631 6.13162e-05 0.00349129 0.00479776 0.000170109 0.00051225 6.93021e-05 
0.045281 0.000183436 0.000135222 0.558871 3.69805e-06 0.0379736 1.34921e-05 0.0954618 0.0898639 0.165255 0.000763223 0.00239547 0.00379903 
0.0273876 5.41278e-06 1.39198e-06 0.219232 3.99539e-11 1.46786e-10 4.71211e-10 0.00410337 0.0956359 0.653632 3.93682e-07 1.51044e-06 7.56523e-11 
0.000200733 0.00105135 0.00027037 0.00154839 7.76042e-09 2.8511e-08 9.15255e-08 0.000113843 0.0025099 0.993935 7.64666e-05 0.000293379 1.46943e-08 
0.000784923 0.0103895 2.89081e-05 0.019057 4.39594e-06 0.00198806 0.353987 0.0204562 0.0136851 0.560824 0.000606565 0.0179917 0.000196852 
1.07339e-10 4.7657e-10 7.22513e-07 5.56307e-07 5.31215e-11 1.87376e-06 3.76531e-07 3.49027e-07 4.69508e-07 0.993978 0.00206669 0.00395065 1.00585e-10 
1.98416e-08 1.2872e-07 2.30896e-07 0.000676568 7.54762e-12 1.26057e-05 8.90158e-11 9.06097e-07 1.18725e-07 0.998735 0.000572697 1.47917e-06 2.11526e-07 
1.91056e-06 2.515e-05 4.98841e-08 0.00625202 5.87192e-09 5.64072e-05 0.000184833 0.661588 0.0222661 0.302427 1.92797e-08 3.41462e-08 0.00719801 
0.060032 0.000354368 0.000322473 0.187976 2.35875e-07 0.594196 2.78188e-06 7.07494e-05 0.143852 0.0115488 0.000498942 0.000544856 0.000600576 
2.90219e-08 1.28853e-07 1.22017e-07 9.26697e-06 1.43628e-08 5.27673e-08 1.69393e-07 0.000118927 0.00013626 0.999713 4.71584e-08 8.35219e-08 2.17838e-05 
2.20045e-09 9.76964e-09 5.81257e-06 0.000240565 1.08899e-09 4.05392e-06 1.28434e-08 6.04719e-08 0.00171422 0.990722 0.00188597 0.00542757 2.06199e-09 
1.21377e-06 5.38896e-06 5.10307e-06 0.00016089 6.00688e-07 2.20687e-06 7.08445e-06 0.9987 0.000463968 0.000451408 1.97228e-06 3.4931e-06 0.000196325 
0.000960832 3.27897e-06 3.10502e-06 0.0121299 3.65495e-07 0.610435 4.31061e-06 0.043878 0.00574926 0.238362 0.00660152 0.0716289 0.0102432 
0.634437 1.35622e-06 1.42538e-09 0.197284 1.67783e-10 6.78677e-07 1.97882e-09 2.62741e-06 0.167264 0.00100874 5.50896e-10 9.75689e-10 1.74765e-06 
0.00538339 4.77932e-06 4.52577e-06 0.00193147 5.32734e-07 1.95721e-06 6.283e-06 0.000767551 0.990333 0.000320981 1.74917e-06 0.00124228 1.00873e-06 
0.000216099 0.00013221 2.16998e-06 0.000665107 2.55431e-07 0.000186608 0.000201691 9.73071e-05 0.0894142 0.897408 8.38676e-07 0.0116151 6.03615e-05 
0.888749 5.09563e-05 2.34342e-06 0.014423 2.3196e-08 1.9085e-06 2.73571e-07 1.32188e-05 0.00791919 0.0888334 7.64056e-07 5.43455e-06 6.64693e-07 
8.93966e-05 5.06498e-09 4.7518e-05 0.00193723 5.64576e-10 0.00142857 1.09963e-06 0.00649531 1.36547e-06 0.987273 0.000312411 0.00240206 1.21425e-05 
0.000509521 5.65368e-05 1.65334e-05 0.00921963 3.22644e-07 8.8974e-05 3.80523e-06 0.00685017 0.0129671 0.969214 0.000271648 0.000219849 0.000581436 
1.22256e-05 2.89494e-07 1.14969e-05 1.114e-05 3.22689e-08 1.7375e-05 3.80576e-07 0.0230388 1.52097e-05 0.976884 9.26283e-06 1.87649e-07 6.11009e-08 
8.93966e-05 5.06498e-09 4.7518e-05 0.00193723 5.64576e-10 0.00142857 1.09963e-06 0.00649531 1.36547e-06 0.987273 0.000312411 0.00240206 1.21425e-05 
0.0816222 0.00174821 0.00012259 0.148728 2.20218e-09 0.00157896 2.59723e-08 6.72887e-06 0.673816 0.0892417 1.29991e-06 0.00312154 1.26908e-05 
1.07339e-10 4.7657e-10 7.22513e-07 5.56307e-07 5.31215e-11 1.87376e-06 3.76531e-07 3.49027e-07 4.69508e-07 0.993978 0.00206669 0.00395065 1.00585e-10 
2.31335e-07 6.60029e-06 5.07118e-09 7.39624e-06 5.96935e-10 2.19308e-09 7.04018e-09 0.994731 3.22004e-05 0.0014576 2.36012e-07 6.5323e-06 0.00375816 
0.00865925 4.80645e-07 0.238531 0.0593119 4.36092e-12 0.000811331 5.14321e-11 0.00411459 0.00628321 0.67299 0.00260116 0.0066516 4.61147e-05 
0.00203336 5.62756e-05 1.46881e-05 8.24477e-05 3.5325e-08 2.60577e-05 4.16619e-07 6.09117e-06 0.000133628 0.997627 4.18487e-06 1.58193e-05 6.68876e-08 
7.32265e-09 3.25114e-08 6.3461e-06 2.91707e-06 3.62393e-09 1.3314e-08 4.27402e-08 0.881481 3.78e-06 0.00137511 1.04926e-06 0.117101 2.8124e-05 
1.07339e-10 4.7657e-10 7.22513e-07 5.56307e-07 5.31215e-11 1.87376e-06 3.76531e-07 3.49027e-07 4.69508e-07 0.993978 0.00206669 0.00395065 1.00585e-10 
1.07339e-10 4.7657e-10 7.22513e-07 5.56307e-07 5.31215e-11 1.87376e-06 3.76531e-07 3.49027e-07 4.69508e-07 0.993978 0.00206669 0.00395065 1.00585e-10 
0.000999807 2.48352e-11 2.35177e-11 1.15064e-07 2.76829e-12 7.42543e-08 3.26489e-11 0.677051 0.000826513 0.00145313 9.08935e-12 0.304777 0.0148924 
7.35952e-12 3.26751e-11 3.09416e-11 3.52348e-09 3.64218e-12 1.03047e-07 4.29554e-11 0.290449 3.0419e-08 5.03126e-08 1.19586e-11 2.13917e-09 0.709551 
0.054272 0.0413843 0.00127891 0.343346 1.80255e-06 0.0118552 7.24416e-06 0.0308213 0.201927 0.308954 6.20699e-05 0.000179783 0.0059103 
5.1728e-06 2.70929e-05 6.96732e-06 3.99015e-05 1.99983e-10 7.34717e-10 2.35858e-09 0.0105642 6.46792e-05 0.989282 1.97051e-06 7.56027e-06 3.78666e-10 
0.00381497 3.70426e-07 1.26206e-05 0.0723692 4.12901e-08 0.025311 4.8697e-07 0.040936 0.0684932 0.787121 7.05123e-06 0.00176107 0.000172684 
9.89288e-08 0.00012727 4.15926e-07 2.27316e-05 4.89592e-08 1.79871e-07 0.00255107 0.000195509 0.0142674 0.982724 1.62905e-05 2.84706e-07 9.50009e-05 
1.98416e-08 1.2872e-07 2.30896e-07 0.000676568 7.54762e-12 1.26057e-05 8.90158e-11 9.06097e-07 1.18725e-07 0.998735 0.000572697 1.47917e-06 2.11526e-07 
0.000259179 4.42411e-07 4.18941e-07 0.922811 4.9314e-08 0.00101476 5.81604e-07 0.0249854 0.000303912 0.0495342 1.63536e-05 0.000774567 0.000298896 
0.00146128 0.000910709 0.000215195 0.000715181 3.76724e-08 1.38405e-07 0.9276 0.0547461 0.0140416 2.65004e-06 0.000259266 7.26814e-06 4.1088e-05 
2.80523e-07 1.24548e-06 7.12989e-05 3.93046e-06 1.38829e-07 4.34172e-06 1.63733e-06 6.22567e-06 2.91116e-05 0.999863 9.79507e-06 8.52632e-06 2.62872e-07 
3.54579e-09 1.57427e-08 3.43024e-05 2.78471e-05 1.75479e-09 2.90176e-05 2.06958e-08 0.0274946 0.0353582 0.937048 8.07203e-06 1.02044e-08 3.32267e-09 
1.08295e-06 4.76052e-08 4.50797e-08 1.4537e-05 5.30638e-09 2.53631e-05 6.25829e-08 8.93037e-05 3.35625e-05 0.999702 6.98655e-06 0.000126547 1.00476e-08 
0.000190766 4.78487e-08 0.000131445 0.160147 5.33353e-09 1.95948e-08 6.2903e-08 0.000294231 0.000107248 0.839126 3.5199e-06 3.10154e-08 1.0099e-08 
0.0011938 1.35869e-06 1.28661e-06 0.98891 1.51448e-07 5.56406e-07 1.78616e-06 0.00511108 0.0010193 0.00375946 4.97262e-07 8.80698e-07 2.86766e-07 
2.63913e-09 9.45611e-06 1.10957e-08 8.52915e-07 1.30609e-09 4.79844e-09 0.004314 1.45564e-05 0.0261715 0.969481 1.42297e-06 7.59514e-09 7.06977e-06 
2.31335e-07 6.60029e-06 5.07118e-09 7.39624e-06 5.96935e-10 2.19308e-09 7.04018e-09 0.994731 3.22004e-05 0.0014576 2.36012e-07 6.5323e-06 0.00375816 
7.76217e-08 3.44628e-07 0.001012 2.78796e-05 3.84145e-08 1.41131e-07 4.53056e-07 1.04056e-05 0.000183792 0.997993 0.000302835 0.000469336 7.27375e-08 
1.73722e-10 7.71299e-10 2.37433e-07 0.000189378 8.59739e-11 6.14499e-07 1.24241e-07 0.000553996 0.000291423 0.99535 0.000386845 0.00322701 1.62791e-10 
0.0899005 0.00160137 0.000287797 0.428751 2.03517e-13 0.0174276 2.40025e-12 3.91758e-08 0.413436 0.0453538 7.99341e-05 2.45398e-05 0.00313716 
0.0108862 4.49769e-07 2.72855e-08 0.253348 1.25436e-11 0.000161829 1.47938e-10 0.0856674 0.0311137 0.584893 0.000118998 0.0333259 0.000484867 
4.74215e-06 5.15023e-05 0.000107216 0.104422 6.88768e-08 5.99069e-07 5.57489e-06 0.00451662 0.0140516 0.876798 5.73805e-07 1.90075e-06 4.02822e-05 
2.31104e-08 1.02607e-07 9.71631e-08 2.94898e-05 1.14372e-08 4.20191e-08 0.0545087 2.47125e-05 1.86389e-06 0.945435 3.75526e-08 6.65092e-08 2.16562e-08 
3.78963e-08 8.27306e-06 3.27775e-05 0.000195701 1.87546e-08 3.94114e-06 2.2119e-07 1.8174e-05 8.6976e-07 0.992531 1.31625e-05 0.00718292 1.30076e-05 
2.80523e-07 1.24548e-06 7.12989e-05 3.93046e-06 1.38829e-07 4.34172e-06 1.63733e-06 6.22567e-06 2.91116e-05 0.999863 9.79507e-06 8.52632e-06 2.62872e-07 
1.07339e-10 4.7657e-10 7.22513e-07 5.56307e-07 5.31215e-11 1.87376e-06 3.76531e-07 3.49027e-07 4.69508e-07 0.993978 0.00206669 0.00395065 1.00585e-10 
2.65667e-10 5.9094e-07 1.11695e-09 8.483e-08 1.31477e-10 4.83033e-10 1.55062e-09 9.94002e-07 0.000547346 0.999451 4.31688e-10 7.64561e-10 2.48951e-10 
2.63913e-09 9.45611e-06 1.10957e-08 8.52915e-07 1.30609e-09 4.79844e-09 0.004314 1.45564e-05 0.0261715 0.969481 1.42297e-06 7.59514e-09 7.06977e-06 
0.888749 5.09563e-05 2.34342e-06 0.014423 2.3196e-08 1.9085e-06 2.73571e-07 1.32188e-05 0.00791919 0.0888334 7.64056e-07 5.43455e-06 6.64693e-07 
0.888749 5.09563e-05 2.34342e-06 0.014423 2.3196e-08 1.9085e-06 2.73571e-07 1.32188e-05 0.00791919 0.0888334 7.64056e-07 5.43455e-06 6.64693e-07 
0.000168767 1.32153e-06 8.70223e-05 0.0169171 1.47306e-07 0.0292418 1.73731e-06 0.00620798 0.000371347 0.946989 1.2086e-05 8.56611e-07 2.78923e-07 
0.104411 1.67374e-07 0.000137033 0.0334783 1.86566e-08 4.96923e-05 2.20034e-07 0.128194 0.000142825 0.661317 0.000459318 4.50184e-05 0.0717646 
1.11073e-05 3.57898e-07 1.05154e-05 0.000161366 3.98936e-08 1.57943e-05 4.705e-07 3.23761e-05 2.20505e-06 0.999509 0.000242635 2.31988e-07 1.34446e-05 
1.71942e-06 2.31261e-09 2.18992e-09 2.78034e-05 2.57779e-10 5.1047e-05 3.04021e-09 5.16392e-05 2.58748e-05 0.999698 8.46384e-10 1.49903e-09 0.000143942 
5.3009e-10 2.35351e-09 2.22866e-09 0.0196183 2.62338e-10 9.63802e-10 3.09398e-09 0.0538272 6.17042e-07 0.916932 0.00961848 3.20516e-06 4.96734e-10 
0.00303736 1.00709e-06 1.41696e-05 0.000706612 1.12256e-07 0.00139903 0.000110539 0.0179791 0.00646682 0.969554 7.17904e-06 0.00066591 5.81575e-05 
7.21605e-09 3.20381e-08 1.03592e-05 6.64064e-06 3.57118e-09 0.0431997 4.2118e-08 0.201246 0.0542701 0.70126 7.1086e-06 2.0767e-08 6.76199e-09 
0.00865925 4.80645e-07 0.238531 0.0593119 4.36092e-12 0.000811331 5.14321e-11 0.00411459 0.00628321 0.67299 0.00260116 0.0066516 4.61147e-05 
4.3374e-08 3.2717e-05 1.82357e-07 1.15942e-05 2.14655e-08 7.88621e-08 0.00226663 0.0643495 0.0133572 0.892852 8.50294e-06 1.24826e-07 0.0271216 
1.98416e-08 1.2872e-07 2.30896e-07 0.000676568 7.54762e-12 1.26057e-05 8.90158e-11 9.06097e-07 1.18725e-07 0.998735 0.000572697 1.47917e-06 2.11526e-07 
5.53801e-05 2.76459e-05 9.02423e-09 7.53056e-06 1.06225e-09 3.90261e-09 1.25281e-08 0.0501444 2.55803e-05 0.94387 0.00586957 6.17718e-09 2.01137e-09 
0.000159029 0.000578896 8.44423e-08 0.0720177 1.27251e-08 0.000959629 8.09346e-05 0.0324033 0.849939 0.0026714 1.74297e-06 0.0297862 0.0114018 
0.00865925 4.80645e-07 0.238531 0.0593119 4.36092e-12 0.000811331 5.14321e-11 0.00411459 0.00628321 0.67299 0.00260116 0.0066516 4.61147e-05 
9.02501e-07 9.36996e-06 1.68051e-05 0.000238008 8.89606e-10 1.00332e-05 1.04919e-08 4.11642e-05 5.39406e-06 0.999397 0.000204588 6.72012e-05 9.61061e-06 
5.48672e-09 2.43602e-08 5.01435e-06 3.84739e-06 2.71534e-09 1.29611e-05 2.63048e-06 2.41478e-06 3.2474e-06 0.997904 0.000709732 0.00135591 5.14148e-09 
3.59749e-08 4.83861e-11 4.58192e-11 0.0115187 5.39343e-12 0.00395283 6.36095e-11 0.214576 5.41371e-07 0.756999 1.78857e-09 3.13637e-11 0.0129531 
2.31335e-07 6.60029e-06 5.07118e-09 7.39624e-06 5.96935e-10 2.19308e-09 7.04018e-09 0.994731 3.22004e-05 0.0014576 2.36012e-07 6.5323e-06 0.00375816 
9.36515e-10 0.959343 3.5476e-06 0.0137264 4.63475e-10 2.02645e-05 5.46617e-09 0.0108769 2.44293e-06 3.02454e-05 0.00897093 0.00702612 8.77586e-10 
3.32107e-05 3.01064e-07 5.39974e-07 0.000225854 2.66522e-11 4.35641e-06 3.14333e-10 0.0141615 0.000708395 0.984301 0.000562625 2.25769e-06 3.22875e-07 
0.000518101 8.03313e-10 7.60696e-10 2.9717e-06 8.95425e-11 1.48069e-06 1.05605e-09 1.07496e-05 1.40851e-06 0.998635 0.000810268 1.75483e-05 2.50948e-06 
0.0261217 8.08769e-06 2.51538e-07 0.000477246 2.96088e-08 0.00291265 5.79343e-05 0.00266669 1.65886e-05 0.967701 1.14073e-05 2.08942e-05 5.33905e-06 
0.00272209 2.86139e-08 0.00332944 3.03199e-05 3.1895e-09 1.30587e-05 3.76165e-08 4.79777e-07 9.11464e-06 0.993431 0.000247424 0.000215837 9.51223e-07 
4.5108e-10 2.00272e-09 1.89647e-09 2.21193e-06 2.23236e-10 0.000190603 2.63282e-09 0.122289 0.0216343 0.855882 2.20623e-07 1.29816e-09 1.5644e-06 
0.000120951 2.81952e-08 1.68595e-05 5.21131e-05 3.14282e-09 0.0859699 3.7066e-08 0.481096 0.317463 0.115278 2.28731e-06 1.8276e-08 5.9509e-09 
1.07339e-10 4.7657e-10 7.22513e-07 5.56307e-07 5.31215e-11 1.87376e-06 3.76531e-07 3.49027e-07 4.69508e-07 0.993978 0.00206669 0.00395065 1.00585e-10 
2.32652e-07 1.03294e-06 9.78139e-07 2.81472e-05 1.15138e-07 4.23005e-07 1.35792e-06 0.0172294 0.102253 0.880484 3.78041e-07 6.69547e-07 2.18013e-07 
0.000737657 1.03494e-05 9.80033e-06 0.000586071 1.15361e-06 4.23824e-06 0.000275438 0.0252251 0.000317301 0.913544 0.000103736 0.00357123 0.0556138 
1.07339e-10 4.7657e-10 7.22513e-07 5.56307e-07 5.31215e-11 1.87376e-06 3.76531e-07 3.49027e-07 4.69508e-07 0.993978 0.00206669 0.00395065 1.00585e-10 
2.71704e-07 3.69579e-11 0.00303838 0.00227096 4.11957e-12 0.0022296 4.85857e-11 9.88798e-07 2.73861e-10 0.982772 0.00932765 0.0003599 1.41655e-08 
8.76452e-11 3.8913e-10 3.32008e-07 0.00213183 4.3375e-11 3.5074e-07 5.1156e-10 0.0030708 5.5217e-07 0.993427 0.00136828 7.06506e-07 8.21302e-11 
0.000464608 0.0001657 0.0812816 0.0362045 5.1558e-06 0.00082263 8.26165e-05 0.108234 0.0060761 0.745174 8.25423e-05 0.0132484 0.00815764 
1.07339e-10 4.7657e-10 7.22513e-07 5.56307e-07 5.31215e-11 1.87376e-06 3.76531e-07 3.49027e-07 4.69508e-07 0.993978 0.00206669 0.00395065 1.00585e-10 
0.27227 0.11334 8.05703e-09 0.00413275 9.48403e-10 0.000105817 1.11854e-08 0.556011 0.0540622 1.51952e-05 3.56329e-06 5.51512e-09 5.87778e-05 
0.000159029 0.000578896 8.44423e-08 0.0720177 1.27251e-08 0.000959629 8.09346e-05 0.0324033 0.849939 0.0026714 1.74297e-06 0.0297862 0.0114018 
1.07339e-10 4.7657e-10 7.22513e-07 5.56307e-07 5.31215e-11 1.87376e-06 3.76531e-07 3.49027e-07 4.69508e-07 0.993978 0.00206669 0.00395065 1.00585e-10 
1.07339e-10 4.7657e-10 7.22513e-07 5.56307e-07 5.31215e-11 1.87376e-06 3.76531e-07 3.49027e-07 4.69508e-07 0.993978 0.00206669 0.00395065 1.00585e-10 
3.59544e-07 0.000209162 8.73057e-09 0.000747693 1.02769e-09 0.00182613 0.000311841 0.253616 0.000799031 0.716435 2.46084e-06 0.021805 0.004247 
3.40385e-08 7.21297e-07 0.000853055 0.248561 5.26899e-11 4.38867e-06 6.21419e-10 0.00986669 0.000883912 0.734335 0.000191635 0.00530319 3.62095e-07 
9.41107e-05 1.52788e-06 8.62148e-05 0.0316141 4.49108e-11 1.73861e-06 5.29672e-10 0.00409792 0.0925851 0.871256 3.25809e-05 0.000230749 8.50381e-11 
5.7796e-09 2.56605e-08 1.60217e-06 1.97506e-05 2.86028e-09 0.0989895 3.37339e-08 1.01984e-05 0.00542301 0.895526 4.0144e-06 2.54342e-05 5.41592e-09 
6.08884e-05 4.04594e-11 3.83129e-11 0.000695998 4.50986e-12 1.65688e-11 5.31888e-11 0.993182 0.000745067 0.00422438 1.48076e-11 4.67342e-05 0.00104452 
0.0563843 1.16443e-05 0.202529 0.0882106 1.31091e-10 0.0032083 1.54607e-09 8.53446e-09 0.0228708 0.622954 0.000285559 0.00350877 3.70208e-05 
6.73216e-06 7.47056e-09 1.91075e-05 1.91843e-05 8.32717e-10 4.19158e-05 9.82097e-09 2.24072e-05 1.35099e-06 0.999847 9.84559e-06 3.24489e-05 1.57674e-09 
1.07339e-10 4.7657e-10 7.22513e-07 5.56307e-07 5.31215e-11 1.87376e-06 3.76531e-07 3.49027e-07 4.69508e-07 0.993978 0.00206669 0.00395065 1.00585e-10 
0.0838205 0.0763039 1.42494e-07 0.00752082 6.46428e-08 0.0108696 0.00019349 0.727149 0.00896617 0.0289312 2.13347e-06 0.0323294 0.0239138 
0.0165348 3.17956e-09 3.01088e-09 0.0100986 3.54414e-10 1.69401e-06 4.17992e-09 0.227854 2.24165e-06 0.744473 0.00102706 8.4521e-06 6.7108e-10 
0.00419715 0.000755169 3.58282e-06 0.000161198 4.21738e-07 0.00018941 4.97393e-06 0.568898 0.138148 0.287497 1.38472e-06 0.000143092 7.98558e-07 
0.045281 0.000183436 0.000135222 0.558871 3.69805e-06 0.0379736 1.34921e-05 0.0954618 0.0898639 0.165255 0.000763223 0.00239547 0.00379903 
0.0835614 0.000817462 5.32551e-05 1.14331e-05 9.41539e-07 0.00677166 7.82508e-05 0.040472 0.187271 0.664982 0.000207223 0.00598153 0.00979258 
5.34539e-07 2.37327e-06 2.24736e-06 0.729904 2.6454e-07 9.71891e-07 3.11995e-06 0.0478539 0.000262138 0.221267 3.24176e-05 0.00067092 5.00903e-07 
1.99071e-07 6.79356e-10 6.43316e-10 2.51314e-06 7.57255e-11 1.25221e-06 8.93097e-10 0.0072818 1.19117e-06 0.992695 1.36774e-06 1.48405e-05 2.12225e-06 
1.07339e-10 4.7657e-10 7.22513e-07 5.56307e-07 5.31215e-11 1.87376e-06 3.76531e-07 3.49027e-07 4.69508e-07 0.993978 0.00206669 0.00395065 1.00585e-10 
0.000131552 8.63175e-11 8.17382e-11 0.00705717 9.6215e-12 0.000732033 1.13475e-10 0.102687 1.51347e-07 0.860908 0.000434628 0.0218748 0.00617521 
0.888749 5.09563e-05 2.34342e-06 0.014423 2.3196e-08 1.9085e-06 2.73571e-07 1.32188e-05 0.00791919 0.0888334 7.64056e-07 5.43455e-06 6.64693e-07 
0.00917459 3.21522e-08 0.361053 0.0859793 4.12022e-12 0.000811333 4.85934e-11 0.000184621 9.06077e-08 0.538717 0.00302499 0.00105506 9.40609e-09 
0.0017792 0.000503246 0.000226416 0.00464388 4.35874e-06 0.00252252 5.14065e-05 0.000813591 0.00415289 0.00360561 0.000193849 4.00228e-05 0.981463 
0.00121608 0.00233942 1.27876e-06 2.64172e-06 1.50525e-07 0.00603902 1.77527e-06 2.97027e-05 6.14744e-06 0.990362 4.9423e-07 8.75328e-07 2.85018e-07 
3.86537e-08 1.71616e-07 1.62512e-07 1.3088e-05 1.91294e-08 7.02796e-08 5.26254e-06 0.0587024 0.575649 0.365629 6.28091e-08 1.11241e-07 3.62214e-08 
0.045281 0.000183436 0.000135222 0.558871 3.69805e-06 0.0379736 1.34921e-05 0.0954618 0.0898639 0.165255 0.000763223 0.00239547 0.00379903 
0.000363456 7.92972e-09 0.00199363 0.968996 8.83898e-10 0.000267195 1.04246e-08 0.000501022 0.00445023 0.00790448 1.41807e-05 0.00212891 0.0133808 
3.77751e-05 0.000197846 0.000770718 0.152854 3.79933e-09 1.39583e-08 4.48088e-08 0.386567 0.000472272 0.290796 0.000107588 5.52167e-05 0.168141 
1.07339e-10 4.7657e-10 7.22513e-07 5.56307e-07 5.31215e-11 1.87376e-06 3.76531e-07 3.49027e-07 4.69508e-07 0.993978 0.00206669 0.00395065 1.00585e-10 
2.49616e-11 1.10825e-10 1.04946e-10 1.97033e-07 1.23533e-11 0.000386497 1.45694e-10 0.292103 5.00895e-08 0.707137 1.23308e-06 7.18366e-11 0.000372337 
2.21365e-05 6.54781e-08 6.20044e-08 0.69684 7.29861e-09 2.68143e-08 8.60789e-08 0.000208218 0.302591 0.000248381 2.39641e-08 6.37067e-05 2.62716e-05 
5.20828e-08 5.16916e-07 9.27103e-07 0.000986668 4.75755e-11 4.49788e-06 5.61099e-10 2.3759e-06 3.11331e-07 0.998183 0.00081733 3.87868e-06 5.54697e-07 
1.07339e-10 4.7657e-10 7.22513e-07 5.56307e-07 5.31215e-11 1.87376e-06 3.76531e-07 3.49027e-07 4.69508e-07 0.993978 0.00206669 0.00395065 1.00585e-10 
1.21377e-06 5.38896e-06 5.10307e-06 0.00016089 6.00688e-07 2.20687e-06 7.08445e-06 0.9987 0.000463968 0.000451408 1.97228e-06 3.4931e-06 0.000196325 
5.23835e-11 5.35153e-07 0.00263569 0.0081461 2.59242e-11 4.28689e-07 3.05747e-10 0.00207074 1.93396e-07 0.986275 0.000870656 2.26282e-07 4.90873e-11 
0.00272209 2.86139e-08 0.00332944 3.03199e-05 3.1895e-09 1.30587e-05 3.76165e-08 4.79777e-07 9.11464e-06 0.993431 0.000247424 0.000215837 9.51223e-07 
1.07339e-10 4.7657e-10 7.22513e-07 5.56307e-07 5.31215e-11 1.87376e-06 3.76531e-07 3.49027e-07 4.69508e-07 0.993978 0.00206669 0.00395065 1.00585e-10 
4.3374e-08 3.2717e-05 1.82357e-07 1.15942e-05 2.14655e-08 7.88621e-08 0.00226663 0.0643495 0.0133572 0.892852 8.50294e-06 1.24826e-07 0.0271216 
1.9396e-10 8.61152e-10 2.90979e-05 0.00017929 9.59895e-11 0.000446287 5.84982e-06 6.32717e-05 0.000126925 0.9929 0.00211287 0.0041369 1.81755e-10 
1.2207e-07 4.1658e-10 3.9448e-10 1.54105e-06 4.64347e-11 7.67854e-07 5.47645e-10 0.0317805 0.000585066 0.966059 8.38696e-07 9.10016e-06 0.00156293 
0.000597309 2.0384e-06 1.93026e-06 0.761607 2.27213e-07 0.00375725 2.67973e-06 0.0272771 0.00357408 0.14818 0.00410389 0.0445287 0.00636778 
1.07339e-10 4.7657e-10 7.22513e-07 5.56307e-07 5.31215e-11 1.87376e-06 3.76531e-07 3.49027e-07 4.69508e-07 0.993978 0.00206669 0.00395065 1.00585e-10 
1.07339e-10 4.7657e-10 7.22513e-07 5.56307e-07 5.31215e-11 1.87376e-06 3.76531e-07 3.49027e-07 4.69508e-07 0.993978 0.00206669 0.00395065 1.00585e-10 
1.05396e-08 4.67941e-08 4.43116e-08 3.36539e-06 5.21597e-09 1.15169e-05 6.15166e-08 4.31894e-05 0.0594301 0.940512 1.7126e-08 3.03318e-08 9.8764e-09 
1.34876e-08 9.18725e-07 7.00555e-09 2.91601e-05 1.00336e-11 6.07375e-07 5.64933e-05 0.37291 4.76833e-09 0.0596697 3.29441e-11 0.000186757 0.567146 
1.37908e-06 1.04255e-06 1.23766e-07 0.0401926 4.84005e-11 0.102023 5.7083e-10 0.538292 0.0833651 0.236104 1.58917e-10 2.03216e-05 8.70728e-07 
2.03042e-06 2.25312e-09 5.76284e-06 5.78601e-06 2.51148e-10 1.26418e-05 2.96201e-09 0.00946801 4.07458e-07 0.990493 2.96943e-06 9.78662e-06 4.75546e-10 
0.00272209 2.86139e-08 0.00332944 3.03199e-05 3.1895e-09 1.30587e-05 3.76165e-08 4.79777e-07 9.11464e-06 0.993431 0.000247424 0.000215837 9.51223e-07 
1.46473e-06 4.06193e-09 3.84643e-09 0.010551 4.52768e-10 1.2311e-05 5.3399e-09 0.840673 0.0228139 0.125938 1.48661e-09 9.21789e-06 1.28683e-06 
3.46376e-11 1.53785e-10 1.45627e-10 0.00340396 1.71419e-11 0.162529 0.00233846 0.352676 0.00042058 0.475362 0.00081316 9.96832e-11 0.00245732 
0.0153471 0.000199553 0.0368293 0.114246 8.38269e-09 0.0185884 9.01439e-08 0.0105394 0.0231207 0.769428 0.00096774 0.000922783 0.00981069 
0.000273145 2.16388e-05 2.66857e-06 5.25354e-06 3.14121e-07 0.707186 3.7047e-06 0.135237 7.01476e-05 0.0814654 9.2123e-06 0.0757249 5.94785e-07 
0.888749 5.09563e-05 2.34342e-06 0.014423 2.3196e-08 1.9085e-06 2.73571e-07 1.32188e-05 0.00791919 0.0888334 7.64056e-07 5.43455e-06 6.64693e-07 
5.15383e-08 2.28822e-07 4.53284e-05 3.47739e-05 2.5506e-08 0.000117147 2.3786e-05 2.18259e-05 2.93511e-05 0.997156 0.000885745 0.00168557 4.82953e-08 
