0.0308932 0.0025415 2.4276e-05 0.335412 0.44887 0.0182813 0.000325487 0.00650304 0.138173 0.0143997 0.00173266 0.000266002 0.00257724 
0.0134165 0.00189584 4.12604e-06 0.361688 0.369242 0.0215961 0.0029266 0.0204893 0.14674 0.0186342 0.0366923 0.000470159 0.00620542 
0.0960062 0.00204076 0.000195384 0.222003 0.621382 0.00435401 0.000823873 0.00369792 0.0230683 0.0255643 4.31888e-05 0.000756957 6.38171e-05 
0.0163983 0.00279793 0.133916 0.00395002 0.825009 0.000740518 8.89205e-06 0.00324822 0.010024 0.00388772 3.53211e-06 1.48194e-05 1.14598e-06 
0.00501342 0.00176985 6.00031e-06 0.0617712 0.565789 0.117114 7.51222e-05 0.0118044 0.205019 0.0013929 0.0137377 0.00752906 0.00897778 
0.0937136 0.00209524 0.000190482 0.273856 0.382764 0.0138013 0.00350365 0.0420598 0.140292 0.0223811 0.00235381 0.00559136 0.0173976 
0.00547065 0.000292859 5.62712e-05 0.26721 0.459088 0.113419 0.00319193 0.0268634 0.038128 0.0161827 0.0671969 0.00173786 0.00116241 
0.0542077 9.96264e-05 4.55166e-06 0.167573 0.35155 0.0812545 0.00528753 0.11303 0.208005 0.0103689 0.00299398 0.000201036 0.00542407 
0.0541093 0.00379876 1.01189e-05 0.0810262 0.602481 0.0258253 0.00625668 0.0322862 0.175558 0.00939182 0.00070994 0.00303336 0.00551407 
0.0148959 0.000332752 2.15684e-07 0.11832 0.48502 0.10095 0.0438811 0.0222346 0.0347112 0.156127 0.0202951 0.000644672 0.00258776 
0.0202664 0.00944652 6.02704e-13 0.293012 0.330259 0.0463173 0.00106973 0.0380015 0.0503825 0.0761552 0.0532684 0.000127364 0.0816938 
0.00922953 2.18035e-06 7.1045e-07 0.124581 0.634974 1.09967e-05 1.57153e-05 0.00367927 0.213318 0.00390281 1.16848e-06 2.86538e-08 0.0102838 
0.0483025 0.00859719 0.000106324 0.21053 0.412657 0.0224938 0.00136398 0.11076 0.048755 0.0766746 0.00459417 0.00223732 0.0529282 
9.245e-08 0.016061 4.76583e-08 0.0150973 0.864631 0.000305096 3.37906e-08 0.0464301 0.0193732 0.0339216 7.2308e-05 0.00172255 0.00238559 
0.00482491 0.00035954 1.5708e-10 0.0149717 0.699601 0.0458297 5.09304e-05 0.0136493 0.0115203 0.178032 0.0310136 0.000126191 2.00025e-05 
0.0291952 0.00913529 7.12422e-06 0.14625 0.273757 2.0483e-06 0.000107375 0.0655055 0.213936 0.0304329 0.228018 0.00107991 0.00257335 
0.000158183 0.000494726 0.00123823 0.000140572 0.994946 0.000230405 5.10336e-05 0.000695137 0.000221094 0.000914222 5.18388e-05 1.25752e-08 0.00085824 
0.0017617 0.0089097 1.47426e-06 0.100076 0.747603 0.0441183 0.00773731 0.00616269 0.0111032 0.0723086 0.000152974 4.08042e-05 2.48423e-05 
0.168376 0.00183389 1.02452e-05 0.23557 0.391794 0.0277275 0.00351189 0.0286463 0.121846 0.00591306 0.010498 0.000492637 0.00378084 
0.00168018 0.410254 1.05879e-07 0.00556913 0.528436 9.67691e-05 0.000822004 0.000483055 0.0481004 0.00406542 0.000290821 0.00020172 1.454e-07 
0.0381868 0.000473291 8.0873e-05 0.309772 0.503506 0.0386945 0.00837234 0.00276864 0.0220405 0.0575308 0.0175877 2.45446e-05 0.000961805 
0.00397858 1.42075e-06 1.68102e-09 0.00291663 0.612562 0.311537 1.58511e-06 0.00284171 0.0428477 0.00613087 0.0170598 0.000109631 1.26185e-05 
0.0720977 0.000115532 1.05198e-06 0.284003 0.296458 0.00592904 0.000178133 0.101283 0.169227 0.0665214 0.00263137 4.14334e-06 0.00155031 
0.00400772 0.000418062 1.50217e-07 0.0140636 0.48896 0.00026563 0.444911 0.00588573 0.0387171 0.00276122 1.77277e-07 1.99053e-06 7.81862e-06 
0.0765462 0.0282502 5.42013e-07 0.00514046 0.834877 0.0103166 1.08476e-06 0.00979492 0.00236041 0.0326065 8.88261e-05 3.59886e-06 1.37104e-05 
0.132861 0.00108386 2.39729e-05 0.21471 0.353297 0.00220168 4.66096e-07 0.0452206 0.199628 0.0472003 0.000117768 0.00128303 0.00237183 
0.00763533 0.00056443 7.12661e-07 0.0508839 0.778237 0.0176134 0.000738367 0.0122271 0.0363458 0.0663972 0.0252359 0.000450151 0.00367091 
0.138675 0.00678435 1.31193e-05 0.201384 0.253137 0.0146308 0.00233028 0.0670291 0.229101 0.0611982 0.00126539 0.00531192 0.0191408 
0.0601175 0.00802376 0.00363783 0.0602874 0.574099 0.0215868 0.00895449 0.0358921 0.19336 0.0215562 0.0058261 0.000269058 0.00638937 
0.0216264 0.000367085 4.72338e-06 0.166218 0.51506 0.0123015 2.33046e-05 0.0275308 0.0727427 0.0226876 0.000314052 5.16815e-05 0.161072 
0.111618 0.00156512 0.000290082 0.290367 0.29304 0.0413785 0.0067166 0.0166864 0.070174 0.112088 0.00594338 0.0100782 0.0400556 
0.0146928 0.000474057 7.56718e-08 0.0638165 0.385252 0.213447 0.0024213 0.0765091 0.0507061 0.0494818 0.140493 0.00154062 0.00116635 
0.0205574 0.00105714 0.00848927 0.335341 0.389511 0.00871774 0.00114308 0.0365403 0.15908 0.0220253 0.00963676 0.00423626 0.00366402 
0.146801 0.000653753 8.39517e-05 0.349306 0.411287 0.0215787 0.00231631 0.0092823 0.0184317 0.016202 0.00120443 0.000354796 0.0224978 
0.217384 0.000225841 4.2986e-07 0.000604659 0.467523 0.00958903 0.000137037 0.0234695 0.207972 0.000169299 0.0362405 0.00115688 0.0355283 
0.132337 0.000220346 7.66579e-08 0.219373 0.362313 0.0140228 0.00354929 0.0227655 0.131677 0.100195 0.0111094 0.000210318 0.0022275 
0.100528 0.000214015 2.21403e-06 0.178703 0.473968 0.00188473 8.25787e-09 0.109466 0.0801034 0.0503937 5.07132e-06 0.00105372 0.00367877 
0.0177074 2.95339e-05 9.11244e-07 0.0484545 0.49669 0.000168144 0.000689909 0.0307378 0.401268 0.00214518 6.28426e-11 4.02582e-05 0.00206911 
0.270579 0.000177177 1.06696e-05 0.043523 0.518228 0.000643159 5.21374e-05 0.0491116 0.0595338 0.0575062 5.16824e-05 6.51973e-05 0.00051817 
0.00059809 5.00012e-07 4.73486e-07 4.48944e-08 0.688713 0.00060006 6.57327e-07 4.46266e-05 7.47177e-05 0.309909 1.82998e-07 3.24106e-07 5.82803e-05 
0.00597824 0.000109499 0.00311081 0.173161 0.378772 0.0432395 0.00266349 0.00481689 0.0183177 0.239837 0.0926922 0.0308232 0.00647851 
0.021156 0.00092267 1.8719e-09 0.0983708 0.338334 0.154642 0.00778776 0.0020889 0.105788 0.0461191 0.22425 1.24851e-05 0.000528894 
0.0818268 1.18625e-05 0.00084901 0.0505339 0.297844 0.132655 0.00502804 0.216954 0.196312 0.00953712 0.00490304 0.000981756 0.00256342 
0.000657658 0.000624091 1.2536e-07 0.293832 0.618428 0.019122 0.0393319 0.00364373 0.0199723 0.00317644 2.44373e-05 0.000127661 0.00105964 
0.0583494 0.00314338 0.00447642 0.00448161 0.809616 0.0771596 0.00022227 0.0298234 0.00713724 0.00549849 3.06673e-05 6.1208e-05 6.46431e-07 
0.186299 0.00589414 2.4336e-09 0.119078 0.486642 1.05243e-09 3.37851e-09 0.0829233 0.032018 0.0852802 9.21798e-07 0.00186385 3.81054e-07 
0.0876278 8.76872e-10 1.81641e-07 0.0414658 0.569807 3.59094e-10 1.15276e-09 0.0301034 0.0400926 0.230903 3.20923e-10 1.42008e-07 1.84403e-07 
0.117314 0.00010297 4.29454e-05 0.164254 0.568213 0.020292 0.0118919 0.0244484 0.0513136 0.0120585 0.0113613 0.000497962 0.0182091 
0.074699 0.00255245 1.44264e-06 0.260911 0.557444 0.00325905 0.00030472 0.0262558 0.0472036 0.0171471 0.00929066 0.000208127 0.00072373 
0.030787 0.00243486 5.17966e-07 0.318581 0.495124 5.18208e-07 5.17803e-07 0.00378446 0.138556 0.00787856 5.18229e-07 5.18101e-07 0.00285115 
0.00986425 0.0683385 5.82896e-09 0.0587737 0.421608 0.00499523 6.25802e-05 0.0476584 0.272562 0.0951804 0.00787102 0.00286539 0.0102199 
0.0886705 0.022363 5.30714e-08 0.0227887 0.40167 0.00163003 6.81026e-05 0.135853 0.276665 0.0164058 0.0222784 0.0107224 0.000884599 
0.0010829 0.000321734 1.9449e-09 0.0112033 0.914649 5.68735e-05 0.00105323 0.0191771 0.00157661 0.0508532 5.91517e-06 7.26806e-09 2.03941e-05 
0.0140108 5.22171e-06 1.06378e-07 0.0552055 0.49572 3.51567e-05 6.82188e-06 0.0226928 0.39575 0.0148486 3.59823e-05 1.47461e-07 0.00168936 
0.113034 9.7427e-05 4.09377e-06 0.019853 0.476359 0.000194727 0.000390403 0.0368544 0.086606 0.25058 0.000363273 0.00108487 0.0145779 
0.0350148 0.00134557 2.58005e-06 0.176036 0.473579 0.0384762 0.0103354 0.0611452 0.124373 0.0321328 0.0245611 0.000969973 0.022029 
0.000875546 0.000371499 8.29602e-07 0.276908 0.658793 0.00230171 0.00265581 0.00449793 0.0463603 0.00104688 3.05506e-05 5.27741e-05 0.00610553 
0.24007 0.000448719 1.37367e-05 0.0570546 0.353921 0.0311485 4.84976e-07 0.0305677 0.273435 0.0130193 5.34687e-06 0.00012831 0.000187285 
0.0551865 0.000163977 5.75639e-07 0.261269 0.340094 0.0225298 0.00214048 0.0673663 0.139961 0.019998 0.0868082 0.000412625 0.00406964 
0.0584614 0.000449011 0.000297934 0.0696368 0.637128 0.00454894 0.000234647 0.040974 0.164147 0.0204738 5.95867e-06 2.59379e-05 0.00361751 
0.0729291 0.0355912 2.69117e-05 0.19655 0.257579 0.119974 0.0168133 0.0791378 0.182656 0.0262271 0.00885584 0.00163435 0.00202705 
0.000837176 0.000120082 1.51442e-05 0.0995519 0.890496 0.00118504 9.13099e-05 0.00170357 0.000671277 0.00520862 1.33432e-05 6.76353e-05 3.86808e-05 
0.00973327 0.000235241 8.256e-09 0.00154396 0.79474 3.53709e-05 0.000925574 0.026864 0.00213871 0.153413 3.72208e-05 0.0101228 0.000211046 
0.0126912 0.00031813 6.16287e-06 0.0329322 0.815243 0.00029517 0.000577116 0.0995606 0.0104003 0.016724 5.47632e-06 3.90001e-05 0.0112073 
0.0451392 0.0081332 0.000979477 0.240831 0.351262 0.00503831 0.00106216 0.0472721 0.214772 0.0522015 0.00137044 0.00246424 0.0294746 
0.00660425 1.16431e-05 0.000165798 0.0183785 0.518512 0.01881 7.95723e-06 0.000588555 0.0439515 0.208281 0.000386687 0.000174965 0.184127 
0.180566 0.00395831 0.00121315 0.0932967 0.482294 0.00342698 0.0290273 0.00763881 0.0410708 0.149175 0.000184768 0.000130568 0.00801638 
0.0139819 0.000474473 1.11997e-06 0.110126 0.452447 0.0169694 0.000404129 0.120745 0.265056 0.0119202 1.59946e-05 0.000249996 0.0076097 
0.0308757 0.00291559 4.90341e-08 0.0157382 0.713802 0.000962695 6.0411e-06 0.0361923 0.177916 0.0105637 0.000110983 4.7542e-05 0.0108689 
0.0421598 0.000204655 2.26416e-06 0.0279631 0.861494 0.0299447 7.1756e-05 0.0019241 0.0182264 0.0117301 0.000321194 9.88509e-05 0.00585937 
0.00597824 0.000109499 0.00311081 0.173161 0.378772 0.0432395 0.00266349 0.00481689 0.0183177 0.239837 0.0926922 0.0308232 0.00647851 
0.0704064 0.00391983 2.20813e-06 0.245235 0.266144 0.0422982 0.0021979 0.043916 0.252544 0.0134956 0.0336465 0.00411836 0.022076 
0.0186988 0.00628353 1.80222e-06 0.236696 0.352843 0.00487668 0.0020215 0.0647001 0.112555 0.143831 0.00694441 0.0044434 0.0461061 
5.38493e-08 0.000444524 9.60656e-09 0.0148256 0.775708 1.35516e-08 1.52244e-07 0.00220568 0.00128307 0.205094 1.79704e-08 0.000300524 0.000138812 
0.00216916 0.0084781 2.08589e-05 0.00176508 0.839323 5.58726e-06 1.85704e-05 0.0362575 0.10633 0.00512646 1.18982e-05 0.000491684 2.36934e-06 
0.119997 0.000562348 4.58761e-07 0.0351882 0.336042 0.00695931 1.43506e-05 0.134082 0.225786 0.12443 2.3192e-05 0.000686551 0.0162284 
0.357805 0.00503835 3.43653e-08 0.002039 0.456776 0.0258287 0.00125387 0.000339641 0.150585 6.46503e-05 8.98198e-06 0.000207156 5.35223e-05 
0.0892908 0.168506 0.0178608 0.0493672 0.586233 0.00255529 7.93595e-05 0.00664184 0.03533 0.0288411 0.0148104 0.000448766 3.52131e-05 
0.180544 0.000130809 6.16428e-06 0.121186 0.56498 0.00413574 0.000179006 0.0304391 0.0590878 0.0355817 0.00330679 4.69111e-05 0.00037589 
0.0373381 0.00437984 0.00018262 0.236181 0.437627 0.0208799 0.00311048 0.044337 0.156515 0.0387915 0.00125785 0.00194606 0.0174546 
0.0968481 0.000188916 6.90963e-05 0.203344 0.217899 0.125823 1.5089e-07 0.0883623 0.0518316 0.135782 0.0720879 0.00242864 0.00533554 
0.0119357 0.000142962 0.000407151 0.36584 0.566392 0.0236666 3.33278e-05 0.00390683 0.0207865 0.00646303 0.000178511 9.8377e-05 0.000149369 
0.0495302 0.0155235 0.0195761 0.112397 0.563271 0.0434508 0.00348427 0.0395571 0.0954831 0.0381071 0.00964729 0.00345818 0.00651458 
0.0259355 0.000307109 1.23715e-07 0.201169 0.743963 8.35948e-05 5.51682e-05 0.000155089 0.0257871 0.0022686 6.45893e-06 3.10995e-05 0.000237691 
0.00500332 0.000460136 0.30802 0.00583689 0.633111 0.000468623 1.36429e-06 0.00304847 0.00273486 0.0357077 0.00500438 3.40878e-05 0.000568802 
0.0173161 0.00446719 0.00315636 0.113171 0.332624 0.0933899 0.00308385 0.0624525 0.130185 0.23122 0.0073953 0.000118919 0.00142085 
0.0521101 0.0038593 7.7026e-06 0.0645683 0.763167 0.00214244 0.0200072 0.024883 0.0470833 0.00484963 1.79316e-05 0.016818 0.000486206 
0.0975593 0.0115253 1.16778e-06 0.0384311 0.742314 0.00952751 0.00051603 0.0376098 0.0477313 0.013475 0.000421856 0.000351972 0.000535262 
0.00110992 0.000106835 6.34731e-10 0.406466 0.572187 0.00753489 0.000105301 0.000143142 0.00655657 0.000365872 0.00540845 2.94247e-06 1.33608e-05 
0.0274909 0.0945549 9.05362e-07 0.0682173 0.704397 0.000549834 0.0212205 0.0385877 0.00512102 0.0327939 0.000352065 0.000641998 0.00607146 
0.244114 0.00121915 0.00392201 0.0454749 0.349057 0.0145792 0.00508194 0.0225939 0.244559 0.00572004 0.0109658 0.0513934 0.00132023 
0.028942 1.8375e-05 2.75059e-05 0.0425764 0.794188 0.00233352 7.40616e-06 0.0363993 0.0909566 0.00213256 3.23114e-05 0.0015152 0.000870451 
0.0229653 0.000563594 1.04971e-06 0.109609 0.761386 0.00754133 7.10563e-05 0.0180487 0.0503217 0.0155431 0.000884845 0.00141987 0.0116444 
0.0133766 0.000142824 3.53895e-09 0.424009 0.55133 0.00068771 4.89709e-07 0.000594302 0.00899939 0.000841533 8.81042e-07 1.21995e-05 5.57624e-06 
0.119665 0.00215801 0.00430207 0.1384 0.351769 0.0175051 0.00149616 0.112751 0.202731 0.0391968 0.00643536 0.00188315 0.00170771 
0.0239421 0.00185967 0.00642826 0.216687 0.264446 0.00119468 0.000773619 0.195412 0.161746 0.125654 9.33314e-05 0.000484321 0.00127925 
0.015569 6.02206e-06 2.00662e-08 0.0315218 0.882595 2.19377e-05 3.01988e-06 0.0126685 0.0508845 0.00390192 0.000102811 0.000758507 0.00196717 
0.00662583 0.000789992 1.53565e-07 0.190073 0.297362 0.162264 0.000647099 0.0966808 0.0551387 0.0263445 0.0937995 0.00219623 0.0680792 
0.101627 0.000353345 0.00047793 0.0698079 0.500486 0.0823399 6.46759e-07 0.019236 0.197733 0.0271514 0.000120904 6.67196e-05 0.000599387 
0.0340809 0.000371291 4.75731e-08 0.308245 0.506381 0.0234816 0.00262394 0.0024238 0.105317 0.00310004 0.0132049 0.000118715 0.000651276 
0.00983189 4.30338e-06 2.68258e-08 0.0348226 0.456797 0.000440621 2.00678e-08 0.226296 0.0462377 0.221798 6.73427e-08 0.00152106 0.00225084 
0.0076651 0.0246962 2.09584e-07 0.0200058 0.830477 1.77688e-05 3.7372e-05 0.065788 0.0335014 0.0143229 2.04449e-05 0.00346741 6.49742e-07 
0.00170975 0.000599698 5.48274e-07 0.109442 0.586665 0.00734644 8.18076e-05 0.0495591 0.0794149 0.162639 0.000128515 0.000703779 0.00170965 
0.0499137 0.0225458 9.02245e-06 0.154529 0.396377 0.235033 0.00908423 0.0545439 0.0290344 0.0145886 2.78304e-05 2.06717e-05 0.0342927 
0.00966649 0.000486083 0.000415715 0.112145 0.315154 0.251407 0.00031512 0.0502874 0.0602421 0.0474889 0.128724 0.00228247 0.0213863 
0.0765399 0.000486319 4.11313e-10 7.61889e-06 0.360991 0.268161 1.21447e-06 3.52897e-05 0.0238796 0.116686 0.0568933 0.0833357 0.0129834 
0.159421 0.00440115 0.000129746 0.22802 0.513929 0.0330874 0.000968419 0.0043215 0.00635964 0.0457786 9.64844e-05 0.000692828 0.00279452 
0.114434 0.00100937 5.01731e-05 0.0736328 0.420712 0.00142237 0.000962014 0.219739 0.0521444 0.0925544 2.45245e-05 0.0216971 0.00161829 
0.00769356 0.0144673 0.000306974 0.0806623 0.594276 0.0480513 0.00108586 0.0279251 0.146485 0.063924 0.00129526 0.00488079 0.00894568 
0.0204378 0.00151844 0.00076672 0.0839389 0.365038 0.10166 6.12543e-05 0.0022474 0.00752629 0.195529 0.0634306 0.146887 0.0109589 
0.0148732 0.00419288 9.27537e-06 0.41305 0.437339 0.0114611 0.00360676 0.00678757 0.0195697 0.0230837 0.0150216 0.000311449 0.0506941 
0.0247389 0.00498675 8.48425e-05 0.224452 0.3003 0.0786713 0.00161161 0.0563816 0.0511761 0.0450537 0.0669462 0.0334148 0.112182 
0.00328036 0.00491712 2.26422e-06 0.303487 0.472288 0.0181282 0.0199302 0.0705615 0.0825058 0.0224798 0.000146368 0.00110739 0.00116661 
0.0914713 0.00399335 0.023296 0.141229 0.444236 0.00600083 0.026263 0.0262818 0.221908 0.0130006 3.55272e-05 0.000696134 0.00158862 
0.0259855 0.000316061 1.19122e-05 0.167785 0.507334 0.0348826 0.00106582 0.0625827 0.0704355 0.0804789 0.0012535 0.00220653 0.0456618 
0.00911771 0.00205105 2.19105e-06 0.0255847 0.770567 0.0107034 0.000154552 0.0117639 0.0201226 0.114336 0.0141504 0.000118679 0.0213278 
0.262859 0.00134213 3.24882e-07 0.0108598 0.524751 0.00953716 0.000762655 0.000904347 0.149483 8.84346e-05 3.8408e-05 2.79524e-05 0.0393456 
0.0249777 0.000227026 1.22254e-06 0.256667 0.338602 0.00945073 0.00286031 0.0310354 0.306823 0.00109669 0.00737813 0.00145348 0.0194267 
0.00757184 0.0113173 1.86339e-08 1.85905e-06 0.968428 1.05588e-06 2.61453e-06 0.00251931 3.29313e-07 0.0101465 1.06845e-05 7.27816e-08 5.51287e-08 
0.00168018 0.410254 1.05879e-07 0.00556913 0.528436 9.67691e-05 0.000822004 0.000483055 0.0481004 0.00406542 0.000290821 0.00020172 1.454e-07 
0.0375257 0.00772746 2.69785e-08 0.0373434 0.686645 0.000124048 0.0310822 0.0378049 0.118233 0.0430255 2.95344e-05 5.10971e-05 0.000408467 
0.234483 5.03371e-05 0.00705387 0.148115 0.414394 0.111571 9.96134e-07 0.00738774 0.0360922 0.0390878 0.000623125 0.00107091 6.99982e-05 
0.00500332 0.000460136 0.30802 0.00583689 0.633111 0.000468623 1.36429e-06 0.00304847 0.00273486 0.0357077 0.00500438 3.40878e-05 0.000568802 
0.023534 0.00052666 1.14334e-06 0.0546568 0.439279 0.00372844 0.000513704 0.0694594 0.401233 0.00586513 0.000165056 0.000863692 0.00017409 
0.108721 0.103272 0.00211596 0.0190598 0.55502 0.00982337 0.00104283 0.0665107 0.111964 0.00612835 0.0160783 0.000200864 6.28166e-05 
0.252257 0.129228 0.00286775 0.0140871 0.547957 0.00516869 1.06478e-05 0.00231728 0.0422373 0.00380679 6.13594e-05 1.10182e-07 1.06067e-06 
0.0609586 0.000683287 0.00143361 0.110404 0.431345 0.0707178 0.000490946 0.0426168 0.259054 0.0124137 0.000353465 0.000583905 0.00894536 
0.0104441 0.00897963 6.86221e-05 0.383419 0.532826 0.0326823 9.23916e-05 0.00862445 0.01258 0.0097666 0.000251801 0.000205017 5.97261e-05 
0.0642877 0.000180304 1.37848e-05 0.258145 0.560102 0.0214929 3.40408e-05 0.00226677 0.0923769 0.000349273 0.000721992 8.98498e-06 2.06985e-05 
0.0471428 0.00235003 0.000120665 0.210577 0.574566 0.0155948 0.0046148 0.0331302 0.077116 0.0161105 0.00659308 0.000625702 0.0114586 
0.0249284 0.00868068 1.90675e-07 0.247721 0.438943 0.00951522 0.0109655 0.0424905 0.173544 0.0171136 3.27686e-05 0.00186431 0.024201 
0.0428217 0.000234814 6.89472e-05 0.0252837 0.764611 0.0130337 0.00483119 0.0542475 0.0315036 0.00222184 0.0604346 0.000386346 0.000320656 
0.0181125 0.000453754 0.000709627 0.281798 0.342546 0.317825 0.00547219 0.000483383 0.0109327 0.00304576 0.0181947 3.69686e-05 0.000389808 
0.0110604 0.00194615 3.3786e-10 0.280332 0.3282 0.00249628 5.55177e-05 0.118948 0.0604926 0.177849 8.78256e-05 0.000817077 0.0177145 
0.0685975 2.28804e-06 3.96613e-07 0.0369103 0.590145 0.00121144 3.23988e-08 0.0461178 0.249007 0.00369784 9.49083e-07 0.00430039 9.61411e-06 
0.0179621 0.000324162 4.20728e-05 0.293026 0.561595 0.00411281 0.000415482 0.00187797 0.0300429 0.0668678 0.00244347 0.00171165 0.0195793 
0.0434737 0.0055423 6.04236e-05 0.117628 0.66052 0.00312403 0.0124492 0.0784268 0.0249521 0.0316862 0.00586762 0.000193923 0.0160763 
0.00303958 0.144167 8.70738e-06 0.036612 0.361 0.0212691 2.56317e-06 0.105907 0.137589 0.18953 0.000402516 0.000470598 9.63837e-07 
0.0676265 0.000164744 8.82884e-08 0.0371714 0.607341 0.00203645 0.00457349 0.157755 0.0393979 0.0812904 0.000201386 0.00220302 0.000238987 
0.00901417 2.45013e-05 2.28584e-06 0.00194396 0.423646 0.0067905 9.00595e-06 0.0845833 0.184918 0.287632 0.000689674 0.000602977 0.00014383 
0.000832744 0.000228479 6.08382e-07 0.0835086 0.332732 0.243045 0.000486392 0.279911 0.0444385 0.00508189 3.05467e-06 8.18028e-05 0.00965107 
0.00168018 0.410254 1.05879e-07 0.00556913 0.528436 9.67691e-05 0.000822004 0.000483055 0.0481004 0.00406542 0.000290821 0.00020172 1.454e-07 
0.0152586 0.000296488 9.12746e-06 0.205394 0.580091 0.00623742 0.000554486 0.000259988 0.0634834 0.00282397 0.000166231 1.4305e-05 0.125412 
0.0116192 0.0177043 5.5986e-05 0.211587 0.523379 0.0265843 0.00350574 0.0287758 0.0241061 0.116318 0.00403738 0.000523224 0.031804 
0.0191296 0.00161955 6.09999e-10 0.017405 0.590101 1.77886e-06 9.0261e-06 0.000839938 0.363042 0.00782762 1.83026e-05 4.21273e-06 1.58103e-06 
0.00655466 0.00472808 0.000250964 0.319863 0.332141 0.0115488 0.00123959 0.0587523 0.199443 0.0302065 0.000541834 0.00826339 0.0264663 
0.00331938 0.000301219 1.13778e-11 0.433898 0.510184 0.00292457 3.14078e-07 0.00675301 0.0132955 0.0281681 0.000366812 0.000122328 0.000667376 
0.0542141 0.00187759 6.1364e-05 0.0449256 0.422091 0.325037 0.000449114 0.0226839 0.0993751 0.00918036 0.0114314 0.000186235 0.0084879 
0.0380335 0.00777312 5.63736e-05 0.208207 0.258723 0.140985 0.00741344 0.0588546 0.14388 0.0871358 0.00673113 0.00224055 0.0399671 
0.000730611 0.0127397 1.41994e-06 0.0277789 0.435133 0.00143112 8.49006e-07 0.295359 0.121163 0.104137 0.000144994 0.00114788 0.00023228 
0.025793 0.00124002 9.43277e-05 0.107983 0.555468 0.147827 0.00297415 0.0299139 0.0798584 0.042328 0.00230867 0.000581354 0.00363022 
0.0905606 0.00123091 1.28385e-08 0.00261654 0.312509 0.00251818 1.58648e-06 0.182301 0.274185 0.13383 8.41754e-07 7.23345e-05 0.000173324 
0.144139 0.011984 9.74631e-05 0.0374041 0.50257 0.0542452 0.00126161 0.0500055 0.15701 0.0166534 0.0104511 0.007252 0.00692531 
0.0712661 0.00513543 0.00743812 0.149113 0.344958 0.00466271 5.09927e-05 0.0468932 0.0266479 0.323053 0.000589048 0.00372559 0.0164662 
0.0298522 0.000314381 4.73855e-07 0.150121 0.567322 0.000205613 3.81801e-05 0.0450372 0.168458 0.00849729 0.00114658 0.00454358 0.0244642 
0.020518 0.000640823 6.8499e-05 0.136382 0.681924 0.0157751 0.00187777 0.057265 0.0330535 0.0391589 0.00222412 0.00792773 0.0031848 
0.113723 0.103884 0.0156191 0.238492 0.362157 0.00862853 0.0329641 0.0119819 0.0689574 0.0306008 0.00357001 0.000541559 0.0088804 
0.111373 0.0102934 0.0293661 0.0293713 0.689356 0.032591 0.000232147 0.0354049 0.0198006 0.0320105 0.00549777 0.000199391 0.00450416 
0.0169493 6.92237e-05 1.98897e-09 0.1099 0.705217 0.00506711 0.000558233 0.00142551 0.15906 0.0015112 0.00023251 2.4172e-06 7.42525e-06 
0.0072408 9.75898e-05 1.37569e-06 0.113683 0.685036 0.00156797 1.72116e-05 0.0474464 0.0311075 0.0379009 7.14047e-05 0.0182567 0.0575737 
0.158012 0.00010146 1.4113e-10 0.1539 0.335821 0.199466 1.52365e-05 0.00454266 0.00903852 0.134716 0.00425086 0.000134414 1.61348e-06 
0.00513024 0.00132358 2.67694e-07 0.276863 0.436696 0.00244479 2.65309e-06 0.0427322 0.0345238 0.0719962 4.82256e-05 7.50002e-05 0.128164 
0.028871 0.00026229 1.82127e-06 0.0753935 0.38964 0.0768856 0.000857407 0.0438928 0.187877 0.00527181 0.188335 0.000244567 0.00246642 
0.0220599 0.00502038 3.09449e-05 0.11503 0.67339 0.00494031 0.00198129 0.0212435 0.056236 0.0968402 4.5974e-05 0.000293629 0.00288821 
0.00393983 4.37149e-05 1.4663e-06 0.258964 0.388684 7.81889e-05 6.68571e-08 0.0930929 0.0341555 0.157685 0.0292894 0.000520698 0.0335444 
0.079934 5.1892e-07 1.21302e-05 0.0110092 0.656395 0.0144849 0.000351525 0.17682 0.0591144 0.000750816 4.4272e-06 0.000366211 0.00075629 
0.00532237 0.00352724 1.1544e-06 0.126993 0.505593 0.000424982 0.000881583 0.0671176 0.100816 0.089784 6.33259e-05 0.000181964 0.0992939 
0.121015 0.000199805 0.00027952 0.321309 0.346924 0.00500791 5.38502e-05 0.0225137 0.171807 0.00517801 0.000967748 0.00447811 0.000266195 
0.00162415 0.000126706 1.48135e-06 0.333248 0.543769 5.01244e-05 2.15094e-08 0.0189957 0.087227 0.00144784 0.0128773 4.76603e-05 0.000585172 
0.0237246 1.53693e-05 5.60858e-10 0.0437203 0.360821 2.42548e-10 7.78624e-10 0.291156 0.174831 0.104106 0.000106005 0.00131731 0.000202232 
0.0151583 7.85063e-08 5.8422e-08 0.116425 0.572298 0.00147203 3.56179e-08 0.0140663 0.272578 0.00733372 3.85599e-08 3.40856e-05 0.000634524 
0.238329 0.000260267 0.000312872 0.0322767 0.401467 0.000338685 4.11786e-07 0.0592394 0.0426108 0.224629 4.79772e-06 0.000531254 3.0577e-07 
0.0274983 0.00156378 2.98861e-10 0.0548543 0.464962 0.0706838 2.87996e-05 0.180168 0.14237 0.0547363 3.84981e-06 0.00250469 0.000626285 
0.0239262 0.00208265 4.82877e-10 2.35794e-06 0.944415 3.36218e-06 3.7635e-07 5.08261e-07 0.0235583 0.00597624 3.45961e-05 1.3824e-07 4.8658e-08 
0.0575342 0.223968 0.000133794 0.17833 0.25601 0.159617 4.49023e-05 0.032083 0.0178729 0.0575438 0.0110138 0.00224225 0.00360638 
0.025796 0.00105384 7.86081e-07 0.0406819 0.38092 0.00177372 0.000609307 0.138284 0.212094 0.0923591 0.100757 0.000629032 0.00504187 
0.0199129 0.00420515 4.14485e-07 0.114641 0.650503 0.0659216 0.00010181 0.0346617 0.0236859 0.0649711 0.0186405 0.0017467 0.00100808 
0.0146928 0.000474057 7.56718e-08 0.0638165 0.385252 0.213447 0.0024213 0.0765091 0.0507061 0.0494818 0.140493 0.00154062 0.00116635 
0.00331938 0.000301219 1.13778e-11 0.433898 0.510184 0.00292457 3.14078e-07 0.00675301 0.0132955 0.0281681 0.000366812 0.000122328 0.000667376 
0.117798 0.00331259 0.000120829 0.115678 0.327097 0.0168226 9.37368e-05 0.0406661 0.310173 0.0159462 0.0340445 0.00219677 0.0160502 
0.0373844 0.000793038 1.03928e-06 0.156514 0.474827 0.0819863 0.00967077 0.0343003 0.16998 0.0200943 0.0101554 0.00380122 0.000492113 
0.0631451 0.00847612 9.15721e-06 0.147122 0.334123 0.00790214 0.000176795 0.0917731 0.313268 0.0192583 0.000107012 0.00261585 0.0120234 
0.0599188 0.000137786 3.20721e-05 0.250824 0.39201 0.0422716 0.000101756 0.0613005 0.119564 0.0575374 0.00356059 0.000185203 0.0125568 
0.0316373 0.0137634 0.0363555 0.165119 0.372004 0.213512 2.61519e-05 0.00713892 0.0876424 0.0711968 0.00130664 0.000188594 0.000108572 
0.00500332 0.000460136 0.30802 0.00583689 0.633111 0.000468623 1.36429e-06 0.00304847 0.00273486 0.0357077 0.00500438 3.40878e-05 0.000568802 
0.0181529 0.00235388 2.03196e-06 0.298586 0.355841 0.00591346 0.0013059 0.0538774 0.208476 0.0120964 0.0069436 0.00339368 0.0330574 
0.0135229 0.000364055 3.154e-07 0.114586 0.684676 0.0503365 0.00594891 0.0327269 0.0847772 0.00890082 0.00134903 4.59071e-05 0.00276504 
0.316825 0.00148717 1.30593e-06 0.0160219 0.351789 0.00190228 1.99028e-05 0.0877808 0.188833 0.0330674 3.01968e-05 0.000204556 0.00203752 
0.0087561 6.16866e-08 1.57088e-07 0.15267 0.334215 0.193812 0.000194034 0.00626974 0.22645 0.0625097 0.0112812 7.18842e-05 0.0037706 
0.0192922 0.00618745 0.00011971 0.0168655 0.339409 0.00181473 0.00312114 0.125528 0.273294 0.0644276 0.0998613 0.000962639 0.0491165 
0.205314 0.00472245 0.00356533 0.10052 0.27663 0.0664262 0.00240986 0.127129 0.12608 0.0558667 0.0170545 0.00478006 0.00950188 
0.0147678 0.00580165 3.8544e-08 0.0411411 0.449743 0.0137642 0.000625304 0.0385744 0.292312 0.114254 0.0288381 5.10669e-08 0.000178073 
0.0222843 0.00295969 1.25062e-06 0.0678112 0.775532 0.00891955 0.00606388 0.00173245 0.052595 0.00236058 0.0588179 0.000182046 0.000740483 
0.00810517 0.000129189 9.8977e-10 0.100725 0.752613 0.000617571 0.000990297 0.0459599 0.079898 0.00822197 3.73781e-06 0.00255915 0.000176747 
0.060581 0.0249311 1.21744e-07 0.0275232 0.434103 0.0898077 1.13917e-05 0.086716 0.0965451 0.154877 4.97547e-05 2.20259e-05 0.0248332 
0.0439455 0.00567149 2.76445e-05 0.228678 0.442084 0.0560538 0.00301622 0.0136567 0.140385 0.0237521 0.00422183 0.000268349 0.0382392 
0.00569082 0.210268 6.62047e-07 0.11546 0.349663 0.0153078 0.00335758 0.104829 0.0310534 0.129653 0.00308787 0.00375463 0.0278737 
0.011276 0.122156 3.18895e-06 0.0392044 0.237643 0.0108265 0.00292265 0.199268 0.108005 0.225696 0.00890661 0.00996884 0.0241226 
0.00192607 0.00158089 2.86221e-06 0.0078391 0.831586 0.000367645 0.000302021 0.0502415 0.0329977 0.0713864 0.00170646 4.35472e-05 1.93454e-05 
0.0122442 4.33349e-05 6.93805e-07 0.193705 0.288564 0.0991783 0.000263898 0.125656 0.189466 0.0588558 0.00295545 0.00156777 0.0274988 
0.00315153 0.00279561 4.07652e-05 0.161534 0.609281 0.00731405 0.00412847 0.0280637 0.160452 0.019693 3.66742e-05 1.40496e-05 0.00349547 
0.0149669 0.000117992 1.95414e-05 0.00303866 0.914934 3.65482e-06 0.000108356 0.0365167 0.00682232 0.00999447 4.36584e-06 0.000800486 0.0126727 
0.0588981 0.00447663 2.80298e-09 0.0912404 0.629498 3.33984e-08 2.05564e-08 0.123873 0.024436 0.0664867 3.94435e-09 0.000357161 0.000733591 
1.93731e-05 1.93602e-05 1.93609e-05 0.201524 0.300333 1.937e-05 1.93548e-05 0.120146 0.240274 0.137569 1.93708e-05 1.9366e-05 1.93733e-05 
0.110245 4.0208e-05 5.43602e-06 0.0621922 0.529476 0.00472847 2.72821e-06 0.077927 0.213975 0.00140009 1.46755e-08 1.18768e-06 6.01109e-06 
0.00888401 0.000689944 5.23674e-05 0.141541 0.541972 0.00173222 0.000373924 0.0631135 0.226427 0.00859455 9.76761e-06 0.00481602 0.001794 
0.00617347 0.000652145 4.33174e-06 0.1509 0.294598 0.00305288 0.0136415 0.279028 0.183883 0.0644877 6.21229e-06 0.000901317 0.00267089 
0.0522669 0.000602185 0.00227914 0.0663183 0.705224 0.0524237 0.000535978 0.0113362 0.0110745 0.0527925 0.00744292 3.88025e-05 0.0376649 
0.00406228 0.0127179 9.44808e-09 0.109134 0.539241 0.00260847 0.00168247 0.0363265 0.200638 0.0710761 1.3661e-05 0.000328245 0.0221724 
0.105514 0.00133091 0.000415846 0.206155 0.284444 0.153156 9.02836e-06 0.0105805 0.0158466 0.207373 0.0139849 0.000731168 0.000458242 
0.0497786 0.00201414 0.00221354 0.117009 0.325406 0.102629 0.0111107 0.141446 0.122115 0.102737 0.0042046 0.00187524 0.017461 
0.0942053 0.00264799 0.00073882 0.256723 0.467905 0.0329919 0.0303924 0.0241847 0.0431751 0.0235717 0.015727 0.00362201 0.00411563 
0.00984892 4.42212e-05 0.000485515 0.0738246 0.438007 0.0722817 0.00584351 0.100974 0.0869213 0.203804 6.617e-05 0.00139048 0.00650772 
0.000208977 0.000435094 9.53878e-10 0.223993 0.772342 0.000237477 6.21305e-05 0.000249665 0.0015539 0.000871412 3.16637e-05 2.64836e-09 1.51615e-05 
0.00145005 0.00215337 1.10567e-05 0.0358612 0.468315 0.0576095 0.0105957 0.100256 0.155267 0.0346918 0.131139 0.000601917 0.00204794 
0.00011043 0.000236952 3.57195e-07 0.112107 0.880007 0.000126952 3.99201e-05 0.000129108 0.000786612 0.00642703 1.85845e-05 9.90873e-07 8.97367e-06 
6.80091e-06 1.20773e-08 1.14563e-06 1.24471e-05 0.632785 0.0816186 7.8349e-06 0.0194925 0.266052 7.07575e-06 1.01743e-05 6.68462e-06 2.54904e-09 
0.135153 0.000836235 0.000169877 0.314338 0.340501 0.0107986 0.00228607 0.0294843 0.106086 0.0356533 0.0139089 0.000279838 0.0105054 
0.0341539 0.00363792 0.000553972 0.291646 0.340524 0.0112087 0.0032241 0.0943891 0.161759 0.0431136 0.000184643 0.00527887 0.0103251 
0.0216966 8.88649e-05 2.01228e-07 0.242336 0.690792 0.00180512 1.90817e-07 9.00426e-06 0.0428417 0.000381856 1.75612e-05 7.00626e-08 3.03784e-05 
0.00484511 0.00110088 0.000191756 0.0433679 0.537801 0.0717261 0.000277718 0.0552053 0.0429128 0.231713 0.0076927 0.00261403 0.000552201 
0.0108974 0.000540554 2.45296e-07 0.0852565 0.410013 3.89623e-05 3.35996e-05 0.0388205 0.408173 0.0174186 1.34468e-05 0.000447248 0.0283473 
0.0284713 0.0107088 0.000216471 0.188508 0.66709 0.0022166 0.00017561 0.0024473 0.0705274 0.00657348 0.00346141 0.000114116 0.0194895 
0.00817629 0.00286075 2.68647e-05 0.0771764 0.748073 0.00357335 0.000435756 0.0637541 0.0344965 0.0503528 3.20198e-05 0.000183336 0.0108589 
0.00507694 0.00405477 9.35573e-06 0.212196 0.504827 0.00181222 0.00019245 0.0476958 0.164193 0.0565628 0.000397834 0.00205589 0.000926363 
0.000146606 0.000217563 7.45928e-10 0.309731 0.687775 0.000500742 3.27388e-05 0.000124836 0.000996322 0.000435716 2.8645e-05 2.01635e-06 8.53555e-06 
0.0338881 0.000304094 5.507e-09 5.22156e-10 0.842308 0.000208047 7.64522e-09 0.0367637 0.0132744 0.073254 2.1284e-09 3.7696e-09 1.22743e-09 
0.0160476 0.00151223 1.14565e-05 0.0268269 0.4272 0.00149425 0.000177066 0.0161324 0.292339 0.213538 4.4061e-05 9.09995e-05 0.00458689 
0.00306711 1.94063e-05 0.000146801 0.104866 0.563199 0.201025 5.48635e-06 0.0116432 0.0195113 0.0953765 0.000997857 0.00010301 4.03231e-05 
0.0324407 0.000984776 2.43334e-07 0.193567 0.482018 0.0183918 0.000645433 0.00708339 0.0915452 0.173031 5.97701e-05 0.000121665 0.00011086 
0.0872431 0.000920056 0.000500769 0.160292 0.25367 0.0151476 1.50287e-06 0.188983 0.159215 0.0453841 0.00117225 0.000787218 0.0866839 
0.121084 2.50028e-05 0.000821899 0.0981501 0.623526 0.00187424 7.11579e-05 0.0882146 0.0383295 0.017632 1.89971e-06 1.17653e-05 0.0102575 
0.039458 0.000583104 5.99503e-06 0.177563 0.608131 0.0043027 0.000522749 0.086027 0.0342784 0.0421473 0.000873199 0.00163937 0.0044681 
0.00804514 0.000276269 3.20981e-05 0.152441 0.302044 0.24366 0.000196257 0.140596 0.141855 0.00553523 0.000547817 0.00199646 0.00277453 
0.0308767 0.0150076 1.94247e-05 0.200985 0.480731 0.0245741 0.000536439 0.0372894 0.105125 0.103891 0.000610653 0.000232598 0.000121718 
0.151177 0.00247717 0.00106655 0.229211 0.24132 0.0104439 0.00445307 0.0652609 0.235821 0.0360676 0.00260707 0.0045973 0.0154973 
0.0809232 0.00103686 4.68805e-09 0.152833 0.518436 0.0034777 6.63349e-05 0.0284488 0.194878 0.00174563 0.0154502 4.35404e-05 0.00266038 
0.00284019 6.73833e-09 6.38085e-09 0.00249089 0.906825 0.0322832 8.85836e-09 0.00175921 0.0492914 0.00444259 4.79255e-05 1.60528e-05 3.44757e-06 
0.0182624 0.0219411 0.0014361 0.0107401 0.416643 6.8385e-07 0.0017773 0.0953549 0.0420007 0.375906 0.00307813 6.83709e-07 0.0128593 
0.0721568 0.000314384 1.02209e-05 0.0703244 0.66763 0.000130008 2.20044e-07 0.0135273 0.161551 0.0143355 1.70814e-05 1.83535e-06 2.04804e-06 
0.00394161 0.00175626 1.22595e-05 0.185925 0.703748 0.0022429 0.000552678 0.00431182 0.0103162 0.0835664 0.00310858 0.000248221 0.000270326 
0.0359106 0.000201996 0.000732489 0.239607 0.295909 0.268144 0.00450949 0.00699674 0.12811 0.00965615 0.00652097 0.000618147 0.00308327 
0.0582412 0.00106461 0.000206922 0.260618 0.395759 0.0440416 0.000832968 0.0679845 0.117716 0.016598 0.00205731 0.0134713 0.0214096 
0.0269833 0.00887205 8.22579e-07 0.0683583 0.468328 0.0778674 0.00130609 0.0882811 0.1763 0.0658201 9.20172e-05 0.000640868 0.0171503 
0.0370386 0.0100696 4.48481e-05 0.144218 0.552886 0.0309914 0.0025423 0.051877 0.113129 0.0455653 0.00268151 0.00116482 0.00779098 
0.100747 0.00549084 0.000175892 0.0998718 0.407583 0.0053809 0.00393661 0.151609 0.0998268 0.114752 0.000201416 0.000619668 0.00980515 
0.12133 0.000155337 9.98772e-06 0.283656 0.370236 0.0114152 4.10378e-05 0.00344918 0.0163072 0.018165 0.000479524 0.000392612 0.174363 
0.281612 0.0038657 0.000238961 0.107195 0.337679 0.0444668 0.000417497 0.0160118 0.0141506 0.144924 0.0192094 0.000359238 0.0298703 
0.00659331 3.58267e-05 5.36774e-05 0.132591 0.568398 0.0418155 0.0117653 0.121636 0.0822776 0.0116884 0.00577839 0.00214056 0.0152267 
0.0294137 0.00225773 7.0731e-11 0.0473967 0.61161 3.55291e-07 8.40428e-07 0.0252395 0.171975 0.111974 5.78709e-08 1.25261e-07 0.000131511 
0.00022973 0.000495624 1.99997e-05 0.0113521 0.942452 0.00659938 7.49399e-06 0.0342868 0.00362574 0.000830424 6.86841e-06 9.24031e-05 1.20315e-06 
0.0702045 0.00473823 9.36782e-05 0.0331453 0.291929 0.00248594 0.00693263 0.177623 0.291857 0.102332 0.000213676 0.000385925 0.018059 
0.032519 0.000298792 3.5287e-06 0.0741417 0.249969 0.104886 0.0490725 0.110938 0.155484 0.0970959 0.0534401 0.00118533 0.070966 
0.0398907 0.201917 0.000101605 0.138505 0.270698 0.011113 0.00694614 0.0379999 0.225702 0.0618058 0.00128377 0.00144791 0.00258826 
0.326998 0.000111896 0.000207848 1.96486e-05 0.554223 4.63858e-06 8.11238e-07 0.0843957 0.0278904 0.00614513 1.14334e-06 9.05914e-07 4.42254e-07 
0.0204378 0.00151844 0.00076672 0.0839389 0.365038 0.10166 6.12543e-05 0.0022474 0.00752629 0.195529 0.0634306 0.146887 0.0109589 
0.0295223 0.000656128 0.00118161 0.194386 0.468073 0.00185701 0.00617001 0.0166171 0.259556 0.00820905 3.16979e-06 2.33809e-05 0.013746 
0.00996501 0.000740303 2.56129e-07 0.141802 0.27656 0.0406626 5.91923e-05 0.270272 0.143742 0.0753717 4.79458e-06 0.00956589 0.0312539 
0.117274 5.28046e-07 6.99341e-05 0.0879696 0.443606 0.00934712 8.92092e-06 0.0955871 0.0567103 0.188859 1.55508e-05 6.5427e-07 0.000551206 
0.0293086 0.000924547 0.000115082 0.202897 0.368266 0.148255 3.86089e-05 0.0253001 0.0661035 0.11939 0.0248243 0.000393628 0.0141847 
0.14889 0.00302215 0.00992057 0.148075 0.381994 0.00793549 3.41734e-05 0.0786764 0.121187 0.0576027 3.59791e-05 0.00168395 0.0409426 
0.0353543 0.000280339 6.95455e-05 0.166552 0.373248 0.0789811 0.000374371 0.137803 0.1135 0.0616788 0.00175265 0.00165781 0.0287474 
0.0980859 0.00843436 1.42481e-07 0.0630176 0.614659 0.121273 7.54765e-05 0.0183672 0.0629221 0.0115391 0.000505294 6.89619e-05 0.00105187 
0.00922953 2.18035e-06 7.1045e-07 0.124581 0.634974 1.09967e-05 1.57153e-05 0.00367927 0.213318 0.00390281 1.16848e-06 2.86538e-08 0.0102838 
0.0142088 0.00504801 0.000154916 0.181901 0.48599 0.00800257 0.00228661 0.112735 0.0436714 0.0455198 0.0315839 0.035886 0.0330114 
0.0153392 0.00205297 4.96313e-09 0.316824 0.380862 0.00143896 0.000419062 0.0759156 0.150005 0.0227732 4.36776e-06 0.00147884 0.0328866 
0.0535383 0.000117024 1.56523e-05 0.13112 0.405589 0.0642546 1.8334e-05 0.0128061 0.0418377 0.190791 0.0997508 7.22851e-05 8.92354e-05 
0.0650443 0.0565923 0.00584734 0.117565 0.260039 0.195349 0.000803273 0.104802 0.0135332 0.154359 0.00519964 0.0022724 0.0185928 
0.0364175 0.00223094 0.000280701 0.00900061 0.884207 0.0030887 4.67717e-06 0.000111692 0.0613592 0.000856533 0.00243932 1.11645e-06 1.51481e-06 
0.00564422 0.00266382 6.28821e-05 0.0037523 0.971286 1.94104e-08 0.000461163 0.00574402 0.00474627 0.00418271 1.73471e-08 0.000755828 0.000700284 
0.0326203 0.00407189 0.000105199 0.205768 0.3057 0.0134117 0.0264464 0.0546368 0.288491 0.0258377 0.0300384 0.0012239 0.0116482 
0.00444733 4.08944e-06 2.47974e-06 0.00597774 0.984994 4.45454e-06 4.96233e-08 2.08239e-06 0.0027124 0.00185079 1.3815e-08 2.44676e-08 4.38765e-06 
0.03275 0.00704029 1.41852e-06 0.005161 0.793742 1.18619e-06 0.00162575 0.0327833 0.00837947 0.117131 5.93072e-05 0.000769761 0.00055545 
0.0980859 0.00843436 1.42481e-07 0.0630176 0.614659 0.121273 7.54765e-05 0.0183672 0.0629221 0.0115391 0.000505294 6.89619e-05 0.00105187 
0.000386933 0.000297323 1.67779e-09 0.408614 0.567887 0.00368803 0.000184142 0.000380168 0.0179802 0.000524708 4.09134e-05 8.59216e-07 1.58171e-05 
0.0755186 0.0100506 5.86539e-06 0.257012 0.565209 0.00627172 2.08953e-05 0.014466 0.0254031 0.0430913 0.00021669 9.22309e-05 0.00264218 
0.0279446 0.0069815 1.09163e-07 0.167061 0.178708 0.0513826 0.01877 0.167697 0.113947 0.173504 0.011115 0.0194321 0.0634569 
0.0335795 4.54622e-05 1.01486e-05 0.0228864 0.752723 0.0110095 5.08051e-08 0.00631311 0.0531539 0.119856 7.7887e-05 0.000342141 2.0308e-06 
0.025427 0.0147841 2.65377e-09 0.123693 0.499953 1.45585e-05 0.000284644 0.126553 0.128239 0.0795134 1.53513e-05 0.00150459 1.78348e-05 
0.0042015 0.000334517 2.02205e-07 0.0370423 0.776089 0.000225125 0.000155919 0.04572 0.114058 0.019894 5.97334e-07 0.000123409 0.00215575 
0.0614866 0.000578706 0.00954018 0.0952867 0.409545 0.0503815 0.00502366 0.085453 0.0818484 0.190439 0.000239028 0.00181077 0.00836736 
0.00209621 2.89632e-08 1.01202e-12 0.000869694 0.962402 0.0216634 4.84724e-08 7.21492e-09 0.00463622 0.00770529 0.00057116 1.60722e-08 5.62605e-05 
0.239926 0.0463384 0.000275587 0.0747986 0.279288 0.0041224 0.00511778 0.0251157 0.27489 0.0314435 0.000278647 0.000965329 0.0174389 
0.0091031 0.00447622 8.64006e-08 0.225259 0.313366 0.255066 0.00220365 0.00909679 0.176766 0.0026296 0.000103994 0.000480839 0.00144873 
0.0353881 0.00406426 0.017104 0.209682 0.477078 0.113861 0.00261849 0.0118814 0.0586561 0.0252728 0.0411404 3.7979e-05 0.00321527 
0.0452968 0.00541752 3.02908e-06 0.176025 0.264149 0.14504 0.000220958 0.0310322 0.247833 0.00945583 0.00960361 0.000162304 0.0657602 
0.0896421 0.00073991 0.000322578 0.186928 0.453258 0.0454737 0.00359636 0.0397815 0.131048 0.0203029 0.0150593 0.00134421 0.0125039 
0.110019 1.95386e-07 3.22314e-08 0.0623705 0.517658 7.0031e-07 1.44295e-11 0.167606 0.081916 0.056181 0.00101445 1.29346e-06 0.00323298 
0.0535383 0.000117024 1.56523e-05 0.13112 0.405589 0.0642546 1.8334e-05 0.0128061 0.0418377 0.190791 0.0997508 7.22851e-05 8.92354e-05 
0.0478802 0.000596411 7.04113e-08 0.00853003 0.349097 0.0261284 6.08525e-06 0.244739 0.13217 0.185155 0.000802335 0.00310411 0.00179108 
