1.22245e-06 4.29845e-07 4.09518e-10 0.611178 0.233151 1.771e-10 3.3326e-08 0.0585423 0.0926739 0.00298239 6.24838e-08 1.86285e-05 0.00145187 
0.0124627 0.00329221 7.25893e-07 0.336531 0.0470155 1.66297e-07 5.48129e-05 0.0138681 0.585772 0.000744569 3.14045e-06 0.000153634 0.000102236 
0.0350011 0.00131392 0.000885299 0.0556532 0.153152 1.02824e-08 2.05881e-07 0.067938 0.584286 0.0616021 0.0366703 0.00280608 0.000691699 
0.000785364 0.00316506 8.67438e-07 0.017634 0.00688308 3.75131e-07 1.20424e-06 0.00521406 0.100736 0.865406 6.11202e-05 0.000110917 2.35356e-06 
2.4175e-05 0.999457 1.02458e-09 3.75766e-05 6.14963e-05 4.43087e-10 3.27292e-06 1.55965e-05 2.25393e-05 7.10729e-05 6.13822e-06 2.80604e-06 0.000297968 
0.0377808 1.06643e-07 1.43519e-05 0.291005 0.439049 7.77074e-13 1.84622e-08 0.102607 0.106825 0.0178002 7.74296e-06 0.00055982 0.00435108 
0.00535989 2.81025e-10 5.01234e-08 0.302885 0.0127786 1.15084e-10 3.70128e-08 0.105798 0.258618 0.313252 7.15127e-08 8.71447e-07 0.00130755 
0.00344151 0.0471299 0.0240989 0.00969432 0.014426 6.97841e-05 0.00145348 0.57651 0.0832793 0.2337 9.29838e-05 0.00341846 0.00268606 
0.00350433 0.348279 0.000417886 0.0215956 0.0190144 8.17567e-05 0.00125802 0.113797 0.363795 0.12296 0.000604546 0.00290705 0.00178553 
0.000132768 0.9998 6.57914e-10 1.73187e-07 1.1438e-06 2.84521e-10 3.02581e-07 6.14993e-05 3.34989e-07 2.19737e-06 5.90424e-08 4.68989e-07 6.53981e-07 
0.00904194 5.1918e-07 9.88172e-10 0.0397298 0.0234317 4.27344e-10 2.6508e-06 0.453445 0.300625 0.003236 4.79107e-06 0.168212 0.00227141 
0.0152092 0.00696537 2.21567e-06 0.23273 0.152155 7.6602e-08 2.44493e-07 0.133002 0.046266 0.231201 0.000282596 4.20383e-05 0.182145 
2.56057e-06 9.18632e-06 0.000603703 0.114962 0.115787 6.44593e-07 7.23969e-06 0.24674 0.109277 0.411934 8.54674e-07 1.66174e-06 0.000674308 
0.007423 6.90331e-09 7.59442e-06 0.567915 0.325979 2.72232e-09 3.10966e-09 2.86071e-08 0.0716538 0.000803455 2.60801e-06 7.66474e-09 0.0262162 
0.00948502 4.12715e-05 1.73815e-06 0.0267042 0.0122351 7.5168e-07 0.00026645 0.10483 0.0691863 0.776483 1.26339e-05 1.18978e-06 0.000751745 
0.0291952 0.00913529 7.12422e-06 0.14625 0.273757 2.0483e-06 0.000107375 0.0655055 0.213936 0.0304329 0.228018 0.00107991 0.00257335 
0.00507072 0.237927 0.0412258 0.0815742 0.00241351 0.000100165 0.000112416 0.108208 0.0381664 0.38766 0.000124335 0.0669526 0.0304649 
0.00251026 0.00281179 2.88318e-05 0.126242 0.0118077 8.75849e-09 0.000165014 0.0478296 0.224879 0.579321 3.11722e-05 0.00408136 0.000291879 
0.00947139 0.00260148 3.29875e-07 0.0366349 0.132939 3.93706e-08 0.000421161 0.0356957 0.284404 0.0558104 0.439128 0.000771997 0.00212251 
0.0224376 0.00634816 1.04583e-06 0.055586 0.0357086 6.73116e-09 0.000122382 0.24938 0.618066 0.0024086 2.79981e-06 0.00976898 0.000169105 
0.107752 0.00417565 0.000897259 0.0577931 0.693797 0.000547979 0.00276451 0.0262372 0.0789903 0.0108889 0.0120486 0.000671743 0.00343592 
7.38624e-05 4.09971e-05 4.44003e-09 0.00169427 0.00672379 1.92013e-09 3.1353e-07 0.00527007 0.00109463 0.78681 3.40265e-07 0.198223 6.8855e-05 
2.4175e-05 0.999457 1.02458e-09 3.75766e-05 6.14963e-05 4.43087e-10 3.27292e-06 1.55965e-05 2.25393e-05 7.10729e-05 6.13822e-06 2.80604e-06 0.000297968 
0.0861794 2.8772e-06 1.43545e-08 0.168963 4.51767e-05 6.20773e-09 3.35743e-06 0.593895 0.0052023 0.145632 2.31745e-07 1.67393e-06 7.49494e-05 
0.0162247 0.000245337 0.000865686 0.00435448 0.152188 4.64872e-07 0.00229374 0.00448656 0.0114456 0.0314298 0.00015413 0.772227 0.00408423 
0.00710455 1.42352e-06 1.59111e-06 0.00108261 0.00227978 2.79391e-10 0.000106475 0.873877 0.00147534 0.0825184 7.08049e-05 0.0138305 0.0176515 
0.00389867 0.00134655 2.6136e-06 0.0144589 0.0665257 2.59726e-08 1.51628e-05 0.080038 0.0107619 0.822317 1.59727e-05 2.46479e-05 0.000595016 
0.00463096 2.71606e-06 0.00941012 0.0275178 0.0178139 3.46492e-11 2.8931e-07 0.0164469 0.0122547 0.90996 0.00115698 5.48439e-11 0.000806125 
0.070086 8.13401e-05 0.021229 0.109836 5.42246e-06 5.85585e-10 1.87983e-09 0.209154 0.436933 0.02957 3.22543e-05 0.123072 6.92922e-07 
0.0866393 0.00920361 0.000229441 0.144504 0.298311 1.63846e-07 0.00121168 0.197996 0.181592 0.0648119 1.63852e-07 0.00402995 0.0114714 
0.0377808 1.06643e-07 1.43519e-05 0.291005 0.439049 7.77074e-13 1.84622e-08 0.102607 0.106825 0.0178002 7.74296e-06 0.00055982 0.00435108 
0.0303858 6.13856e-05 3.16029e-05 0.000423267 0.0680962 2.04149e-05 4.46139e-05 0.696641 0.0842625 0.112596 6.57607e-05 0.00363365 0.00373714 
0.00613632 1.80717e-05 1.25623e-05 2.01765e-05 0.172444 2.06754e-08 0.774098 0.0224395 0.0203841 0.00404517 6.61398e-06 0.000329319 6.69598e-05 
0.0208758 0.148973 0.000226863 0.0271616 0.650199 5.24317e-05 0.00299738 0.00717961 0.0225085 0.113832 0.000248748 0.000636389 0.00510897 
0.870905 2.08257e-05 8.19236e-05 0.000673561 0.081798 1.73246e-06 7.63436e-05 0.0126253 0.0204612 0.0133063 2.08801e-06 7.57512e-06 3.98595e-05 
0.0174217 2.82091e-07 1.10272e-10 0.0187123 0.0358035 4.76879e-11 1.53087e-10 0.658343 0.00687863 0.261435 1.72572e-07 0.00139266 1.23433e-05 
0.108888 0.00410667 2.1406e-05 0.0521051 0.139864 4.5013e-08 0.00567998 0.0295253 0.120496 0.538624 2.961e-05 4.13869e-05 0.000618837 
0.00463096 2.71606e-06 0.00941012 0.0275178 0.0178139 3.46492e-11 2.8931e-07 0.0164469 0.0122547 0.90996 0.00115698 5.48439e-11 0.000806125 
0.0394124 5.84251e-09 5.53256e-09 3.56625e-05 0.0052601 2.3926e-09 7.6807e-09 1.26975e-06 4.47707e-06 0.954818 0.000465362 2.87771e-06 6.63649e-08 
0.00247121 5.7674e-06 3.67445e-07 0.0106373 0.152992 4.69866e-09 1.39572e-05 0.0671328 0.00520514 0.761526 2.99516e-07 7.4372e-09 1.52908e-05 
3.04338e-06 0.00389091 0.000657668 0.388466 0.0414409 7.66752e-07 8.60594e-06 0.0824431 0.265009 0.218076 1.01634e-06 1.97594e-06 7.77047e-07 
0.0964717 0.00206559 4.44336e-05 0.00602968 0.139 2.42498e-08 0.00747174 0.0207169 0.0956096 0.620502 8.04245e-07 0.0120869 9.32313e-07 
0.0242865 0.000181137 1.97722e-05 0.840935 0.0784466 8.55067e-06 0.000214329 0.0416337 0.00592694 0.00401985 2.03075e-05 0.000106714 0.00420094 
0.00209923 2.46559e-07 5.42848e-11 0.493219 0.43806 2.34759e-11 1.73408e-07 0.00209186 0.0409696 0.0235599 2.11903e-09 3.71585e-11 3.26801e-08 
0.0047272 0.000629613 4.34906e-05 0.0118436 0.0113823 7.97471e-11 0.273684 0.200624 0.427232 0.0474524 0.0209657 0.000634751 0.000780996 
0.0257376 1.88736e-06 8.74799e-07 2.63724e-05 0.386097 1.64413e-10 5.27795e-10 0.0023634 0.0948174 0.490901 8.83086e-08 2.60238e-10 5.36301e-05 
0.176647 0.0556576 3.49653e-07 0.126843 0.201104 2.30076e-07 4.94069e-07 0.213928 0.112555 0.11132 1.37429e-06 0.000584093 0.00135991 
0.0174408 0.022747 2.01852e-06 0.0102726 0.0248429 1.13873e-06 0.000498632 0.50351 0.0416621 0.0176799 0.000165251 0.34547 0.0157072 
2.4175e-05 0.999457 1.02458e-09 3.75766e-05 6.14963e-05 4.43087e-10 3.27292e-06 1.55965e-05 2.25393e-05 7.10729e-05 6.13822e-06 2.80604e-06 0.000297968 
6.74265e-07 0.120578 6.31184e-07 0.0828199 0.134479 6.80699e-10 9.61693e-06 1.50066e-05 0.479098 0.182995 1.33896e-06 1.07743e-09 2.7368e-06 
0.0183188 0.000424486 7.33404e-05 0.00431728 0.00420923 3.15966e-05 0.000418393 0.826146 0.0533828 0.0254584 0.0117558 0.0481639 0.00729998 
0.00246745 3.91018e-06 1.89267e-05 0.0106326 0.19072 2.57289e-09 1.346e-05 0.0546814 0.00520195 0.736244 2.02595e-07 1.59171e-06 1.50298e-05 
0.0325153 0.000845624 2.48945e-06 0.0771341 0.250595 5.55985e-07 6.70656e-06 0.0825299 0.151016 0.384878 1.46445e-05 1.46964e-05 0.0204474 
0.00362053 0.00261143 2.13488e-10 0.000397818 0.00513171 9.23247e-11 2.96379e-10 0.960805 0.0154063 0.00260263 6.20176e-06 0.000811971 0.00860677 
0.00448502 6.44906e-05 2.23893e-06 0.0017588 0.0179757 9.68246e-07 3.10825e-06 0.00036057 2.71255e-05 0.975287 1.12279e-05 2.1875e-05 2.28756e-06 
0.00184495 7.74906e-05 0.0304022 0.139605 0.00405899 1.52954e-07 8.6135e-05 0.0868406 0.0488841 0.651835 4.98115e-07 0.0273641 0.00900082 
0.717667 9.90612e-05 2.29409e-12 0.0648206 0.00815328 9.92099e-13 1.2981e-07 0.0153978 0.16693 0.00158987 2.3283e-09 4.15984e-05 0.0253008 
0.675954 0.00211283 0.000291204 0.078338 0.0120022 2.85079e-07 0.000431477 0.020728 0.0158422 0.18703 7.9333e-05 0.00520381 0.00198634 
0.0456907 0.00168321 0.000194181 0.0230529 0.0929173 1.23394e-05 2.73335e-05 0.130329 0.163078 0.541724 6.22721e-05 0.00113953 8.99848e-05 
0.000927122 0.00389505 0.000310278 0.0465992 0.337046 5.84338e-06 0.000101503 0.0570986 0.208288 0.34521 8.65422e-05 9.1234e-05 0.000340849 
2.17966e-05 1.46893e-10 3.2007e-07 0.00375406 1.03811e-06 6.01551e-11 1.93109e-10 0.239667 0.740036 6.0615e-05 8.7238e-05 9.52156e-11 0.0163719 
0.563215 3.63159e-08 3.43893e-08 0.0444053 0.00392209 1.48719e-08 4.77417e-08 0.182 0.204101 0.00186265 3.97325e-06 6.62105e-06 0.000483831 
0.00153283 0.00492939 0.000124185 0.163426 0.0998819 2.33194e-05 0.00256831 0.080917 0.0218503 0.493181 0.000168961 0.109896 0.021501 
0.00982238 0.439874 0.000523193 0.0159891 0.0271428 8.4603e-06 7.53311e-05 0.0982988 0.0733643 0.333974 6.74097e-05 9.68382e-05 0.00076333 
0.262 0.000184573 1.8508e-05 0.346406 0.04186 3.40008e-08 3.18969e-05 0.0239193 0.0631104 0.0421457 1.10422e-05 0.00346531 0.216848 
0.0141344 7.96773e-06 1.07349e-06 0.00253447 0.00427913 7.10676e-10 4.88669e-06 0.103632 0.00714474 0.000582951 2.5159e-06 0.000106692 0.867569 
0.186299 0.00589414 2.4336e-09 0.119078 0.486642 1.05243e-09 3.37851e-09 0.0829233 0.032018 0.0852802 9.21798e-07 0.00186385 3.81054e-07 
0.000307203 0.519979 3.8233e-05 0.0019563 0.0144802 5.4462e-09 2.9178e-07 0.0153749 4.47945e-05 0.44762 9.49557e-05 2.50777e-05 7.91863e-05 
0.032325 0.00044698 8.57039e-11 0.158151 0.15818 3.70634e-11 8.22118e-07 0.199741 0.299951 0.149812 5.15178e-08 3.7252e-07 0.00139189 
0.00427412 0.00263154 1.59729e-07 0.0109045 0.89044 6.90764e-08 2.21748e-07 0.00970378 0.0198787 0.0366012 0.00106805 1.09336e-07 0.0244973 
4.14558e-06 2.2125e-05 0.000850348 9.72346e-07 0.101684 6.60292e-09 2.37535e-06 0.00364323 3.82336e-06 0.893785 1.14023e-06 1.04513e-08 2.73632e-06 
0.00127033 0.00392361 0.000306618 0.0970945 0.0545475 3.686e-05 0.000303622 0.0610925 0.542084 0.17864 0.000337972 0.0101525 0.0502099 
0.0728969 0.845442 7.01978e-08 4.18849e-06 1.07346e-05 2.41806e-11 0.000168724 0.0491934 0.0279615 4.66894e-06 7.59555e-09 0.000869204 0.00344876 
4.20067e-05 0.149988 4.12422e-08 0.271401 0.00496797 1.78356e-08 0.000727272 0.0215739 3.37791e-06 0.551271 4.01895e-06 1.76138e-05 3.9734e-06 
0.0933808 0.000250289 1.51782e-08 0.0223877 0.109942 2.04815e-11 1.11096e-07 0.255615 0.233839 0.0362119 6.39166e-09 0.000484083 0.24789 
4.14558e-06 2.2125e-05 0.000850348 9.72346e-07 0.101684 6.60292e-09 2.37535e-06 0.00364323 3.82336e-06 0.893785 1.14023e-06 1.04513e-08 2.73632e-06 
0.00137615 1.073e-07 0.0225833 0.283483 0.0212512 3.52045e-08 5.98081e-08 0.0564398 0.461273 0.150985 1.14708e-07 4.87071e-06 0.00260373 
0.0834269 0.00165766 1.69853e-06 0.0950392 0.0368171 6.51247e-07 0.000286859 0.121433 0.0300193 0.627973 3.79593e-05 0.00161677 0.00169018 
0.0279849 1.35983e-06 3.27895e-08 0.314848 0.460584 3.15664e-10 2.36267e-07 0.0416273 0.00896698 0.145667 5.10054e-07 1.05219e-05 0.000309271 
0.0220236 0.000722121 0.00563789 0.141426 0.0591715 0.000200787 0.000358784 0.0486141 0.137615 0.513571 0.00028507 0.0406467 0.0297273 
5.6426e-05 7.27375e-11 6.88786e-11 0.44878 0.492925 2.97872e-11 9.56223e-11 0.0113156 0.027343 0.0195796 1.46442e-07 7.2613e-07 3.53112e-07 
0.0325153 0.000845624 2.48945e-06 0.0771341 0.250595 5.55985e-07 6.70656e-06 0.0825299 0.151016 0.384878 1.46445e-05 1.46964e-05 0.0204474 
2.4175e-05 0.999457 1.02458e-09 3.75766e-05 6.14963e-05 4.43087e-10 3.27292e-06 1.55965e-05 2.25393e-05 7.10729e-05 6.13822e-06 2.80604e-06 0.000297968 
0.00048021 0.00256324 0.000158864 0.000112567 0.00542133 3.26996e-08 0.000273032 0.00111657 0.000443095 0.988983 0.000131536 5.17581e-08 0.000316855 
0.0250736 0.000181801 6.03299e-05 0.0262385 0.0506054 1.64066e-06 6.80847e-06 0.558098 0.0362686 0.0265537 2.49975e-06 0.00620527 0.270704 
1.8308e-06 0.0334039 5.97541e-08 0.0147465 0.107178 1.04984e-10 9.09131e-07 0.0849293 0.0759939 0.683746 1.26596e-07 1.66172e-10 2.58705e-07 
0.0103785 0.00260624 5.87537e-09 0.339051 0.191783 6.97427e-11 2.23887e-10 0.20952 0.176835 0.0698109 1.56158e-05 2.50438e-07 8.9187e-08 
0.00116409 0.000136252 0.000109656 0.0139466 0.00216746 4.13374e-05 9.69812e-05 0.00119824 0.00859129 0.971976 0.0003641 8.82541e-05 0.000120014 
0.0136644 0.000457891 6.59176e-06 0.156814 0.134127 2.11897e-09 9.04432e-05 0.0376237 0.541935 0.0274197 0.0210967 1.00389e-07 0.0667652 
0.113419 0.000155284 1.79824e-09 0.00308197 0.0223553 1.56683e-11 1.90562e-05 0.584186 0.27514 0.000567514 3.11149e-05 4.98973e-05 0.000995037 
0.987283 7.84048e-07 1.44501e-10 0.0012324 0.00888222 6.24908e-11 4.64832e-07 3.01355e-06 3.10982e-06 0.00258141 1.25496e-08 2.17445e-07 1.31098e-05 
0.498318 0.000158087 2.39551e-06 0.0111288 0.146147 4.18814e-08 1.34447e-07 0.0454555 0.0829937 0.215788 1.29601e-06 6.62912e-08 7.23699e-06 
0.00957449 0.106742 2.60857e-07 0.0246859 0.0234885 5.95695e-10 0.00711886 0.475094 0.184835 0.167858 5.52104e-07 9.42886e-10 0.00060297 
0.036101 0.000617514 4.25124e-12 0.19824 0.327555 1.83848e-12 2.93496e-08 0.123786 0.0799129 0.21725 2.44056e-05 0.000330286 0.0161827 
0.00982256 0.00370542 1.17387e-06 0.0237201 0.0279569 2.94104e-09 2.13912e-07 0.50435 0.0325608 0.393889 0.000100258 0.0016172 0.00227663 
0.00666742 0.000752442 3.22105e-05 0.0768499 0.156989 5.72841e-06 3.12146e-05 0.291025 0.355149 0.0869329 0.000110894 0.0243167 0.00113779 
0.0294945 0.00224105 0.000139214 0.0134106 0.0613343 7.61322e-08 1.6945e-06 0.0661511 1.18351e-05 0.826222 0.00018726 9.49407e-07 0.000805801 
0.0156196 0.0871531 4.88527e-10 0.0256826 6.41189e-06 2.11268e-10 2.84916e-06 0.282679 0.217965 0.370883 3.96692e-07 7.25689e-06 4.46539e-07 
0.00970081 2.57254e-07 7.01263e-08 0.0227759 0.00185776 1.24791e-08 5.72437e-07 0.294778 0.383274 0.167221 0.0950478 0.0240251 0.0013188 
0.00142926 0.00917196 3.72054e-05 0.000197013 0.368087 3.645e-12 7.91603e-05 0.0173504 0.00303267 0.599886 6.59948e-05 5.76943e-12 0.000664042 
0.0772682 6.58277e-05 1.00251e-09 0.0428926 0.118651 4.33546e-10 3.89451e-07 0.126237 0.415325 0.183366 7.28445e-07 6.63661e-05 0.0361275 
7.77498e-07 2.06456e-11 1.11457e-07 0.38101 0.0451423 8.45471e-12 2.71412e-11 0.165226 0.190497 0.188087 8.42449e-05 0.0218376 0.0081161 
0.114007 0.000203806 7.44221e-05 0.0408237 0.189998 3.35648e-06 0.362799 0.0230357 0.151538 0.116898 0.000358989 0.000247147 1.20904e-05 
0.00535989 2.81025e-10 5.01234e-08 0.302885 0.0127786 1.15084e-10 3.70128e-08 0.105798 0.258618 0.313252 7.15127e-08 8.71447e-07 0.00130755 
2.84184e-05 1.12886e-05 3.45215e-08 0.0657205 2.18859e-05 1.49291e-08 1.32383e-05 0.364711 0.00986236 0.495041 4.57665e-07 0.029065 0.0355247 
0.003457 2.66817e-05 0.577523 0.213641 0.115664 1.99136e-05 0.00584885 0.00325726 0.0675493 0.011781 3.3465e-05 0.000449944 0.000749105 
0.000102449 0.904807 0.000300938 0.00378417 0.0114931 4.20502e-05 0.0575823 0.0116923 0.00276525 0.00595115 6.08492e-05 4.79716e-05 0.00137054 
0.0266534 0.00562036 0.000946269 0.0301626 0.141298 3.02823e-05 4.5547e-05 0.0211216 0.673306 0.0717886 0.000233777 0.00143339 0.0273601 
0.0321251 0.0119095 3.41203e-07 0.0139629 0.130273 1.47556e-07 0.00183058 0.0195442 0.0616728 0.728388 7.51603e-06 0.000180453 0.000106452 
0.00683016 0.00316913 5.50577e-05 0.00542327 0.0509791 5.38902e-06 1.54722e-05 0.0707499 0.0216227 0.401599 0.000472521 0.435612 0.00346636 
0.03705 0.000389982 2.89109e-06 0.0707575 0.034075 1.50284e-06 2.42128e-05 0.423108 0.0287748 0.370342 3.13523e-05 0.00335715 0.0320855 
0.00104798 1.65069e-06 6.68587e-09 0.000457525 0.0110142 2.89137e-09 0.00555221 0.828164 0.0457124 0.107964 1.46286e-07 2.23154e-06 8.42374e-05 
0.000568735 0.00270709 6.44714e-05 0.038311 0.815762 5.55645e-05 0.000198676 0.0362808 0.00346216 0.101849 8.92105e-05 0.000259883 0.00039121 
1.41839e-06 7.571e-06 4.69233e-07 3.32488e-07 1.60129e-05 9.65843e-11 8.06448e-07 0.0709104 0.00641423 0.922647 3.88517e-07 1.52877e-10 9.35888e-07 
0.0183188 0.000424486 7.33404e-05 0.00431728 0.00420923 3.15966e-05 0.000418393 0.826146 0.0533828 0.0254584 0.0117558 0.0481639 0.00729998 
0.146628 6.18069e-07 8.32851e-07 0.0314799 0.0628572 4.86655e-11 1.20309e-06 0.167354 7.29253e-07 0.586267 1.00076e-07 0.00540904 2.53351e-07 
0.138023 0.000117236 0.000407847 0.0115168 0.251656 2.76712e-06 0.00202739 0.0867144 0.153365 0.336133 3.1178e-06 0.0075681 0.0124653 
0.0104571 3.96681e-07 2.35707e-07 0.372826 0.0513658 4.05822e-11 3.83814e-05 0.0375397 0.527489 0.00022912 6.25951e-08 3.58316e-05 1.92312e-05 
0.0925417 0.000453848 1.23167e-07 0.455878 0.210795 4.68377e-11 1.50358e-10 0.000706853 0.229418 0.0102055 9.9127e-08 3.93803e-07 4.70708e-08 
2.4175e-05 0.999457 1.02458e-09 3.75766e-05 6.14963e-05 4.43087e-10 3.27292e-06 1.55965e-05 2.25393e-05 7.10729e-05 6.13822e-06 2.80604e-06 0.000297968 
0.000129798 8.77407e-06 0.996841 0.00129257 2.25274e-05 3.59313e-06 1.15346e-05 8.78349e-05 0.000147895 0.00122229 0.000192651 5.68732e-06 3.34418e-05 
0.00527287 0.000279837 5.23748e-07 0.00692104 0.105979 2.26499e-07 0.000326408 0.138958 0.0409429 0.000879628 0.182872 0.498421 0.0191467 
0.0086208 0.000140614 7.05523e-06 0.527021 0.339604 1.90208e-08 4.68953e-06 0.0156815 0.0717364 0.0365165 2.25303e-06 0.000517111 0.000148496 
0.501072 0.00143989 0.000559437 0.000301701 0.000771728 6.09208e-06 0.0516569 0.248894 0.0237538 0.161822 2.35714e-05 0.00962058 7.78084e-05 
8.89509e-05 0.00477538 2.53191e-08 0.0883593 0.0231956 1.09495e-08 0.0127371 0.141215 0.109062 0.6203 0.000265966 1.73312e-08 1.43015e-06 
0.00585841 3.60795e-10 2.73703e-07 0.294426 0.0154752 1.47751e-10 1.20729e-07 0.107043 0.249394 0.326233 1.29546e-06 0.000104741 0.00146409 
0.0160488 0.000476226 7.30735e-06 0.00125691 0.0823243 3.38277e-07 0.816415 0.0403294 0.0360764 0.00632358 2.13971e-05 0.000692581 2.79651e-05 
0.000442902 0.0023641 0.000146521 0.000103822 0.00500014 3.01592e-08 0.00025182 0.00102983 0.981216 0.00903116 0.000121317 4.7737e-08 0.000292238 
0.0517573 0.00246785 3.48545e-08 0.0336917 0.0567532 7.85016e-13 0.00270318 0.133713 0.712749 0.00312618 8.58772e-06 0.00299661 3.34095e-05 
0.000139371 0.301802 2.02969e-09 0.213274 0.00404428 8.77757e-10 0.000466092 0.00742024 0.0542047 0.418361 2.30584e-06 0.000284584 8.50334e-07 
0.00791972 0.0222718 0.0004858 0.0155575 0.0237711 2.35926e-05 0.000494682 0.0266401 0.0372892 0.834247 0.00278123 0.0238089 0.00470941 
2.97065e-07 2.13433e-06 7.77847e-08 0.0463795 0.0641219 2.24108e-11 1.38634e-05 0.0638178 0.133307 0.692014 1.46229e-07 1.03584e-06 0.000342132 
0.0160488 0.000476226 7.30735e-06 0.00125691 0.0823243 3.38277e-07 0.816415 0.0403294 0.0360764 0.00632358 2.13971e-05 0.000692581 2.79651e-05 
0.653778 0.000186273 0.000429753 0.000417774 0.0273978 1.01299e-05 3.52416e-05 0.0374988 0.050604 0.00132973 0.228012 0.000184588 0.000116033 
0.000510031 0.000184563 2.42746e-06 0.00214943 0.0468861 1.99989e-07 0.0213523 0.00743765 0.891259 0.0278379 0.00167036 0.00070038 9.83961e-06 
0.00338456 0.000563869 6.56548e-05 0.00598986 0.107217 3.20265e-06 4.36991e-05 0.0778757 0.0970338 0.707615 7.61264e-05 0.000117873 1.36912e-05 
8.51636e-05 1.78094e-06 0.00018611 0.125801 0.00911997 7.29324e-07 7.26672e-06 0.0982701 0.0265687 0.739742 3.00949e-05 0.000118266 6.91733e-05 
3.04338e-06 0.00389091 0.000657668 0.388466 0.0414409 7.66752e-07 8.60594e-06 0.0824431 0.265009 0.218076 1.01634e-06 1.97594e-06 7.77047e-07 
0.00694192 0.0115 1.19306e-07 0.161297 0.434187 3.59856e-08 0.00585423 0.0177887 0.239117 0.0875011 0.035232 0.000160658 0.000419815 
0.0047272 0.000629613 4.34906e-05 0.0118436 0.0113823 7.97471e-11 0.273684 0.200624 0.427232 0.0474524 0.0209657 0.000634751 0.000780996 
0.0482445 0.000389477 2.51745e-07 0.0224431 0.0216058 1.08869e-07 2.64395e-06 0.0801629 0.0186172 0.799729 4.40206e-06 2.13985e-06 0.00879886 
0.0210085 1.68311e-07 1.25409e-05 1.32561e-07 0.00361407 4.32587e-08 0.00272865 0.820475 0.0885086 0.0484034 7.73171e-08 0.0152482 5.21821e-08 
0.712321 0.000190093 9.18561e-08 0.000694091 0.186125 3.9724e-08 0.0011337 0.00504033 0.0918721 0.00261494 1.57954e-07 5.88498e-06 2.43919e-06 
0.00114626 1.34197e-05 6.16404e-05 0.0779793 0.0103891 2.83988e-07 2.3444e-05 0.267779 0.076673 0.560586 2.9826e-06 0.00314681 0.00219915 
0.012392 0.000527673 0.000251686 0.103882 0.555475 7.58246e-06 0.000900855 0.0584617 0.234575 0.0328773 5.00182e-05 0.000494095 0.000104868 
0.00187463 0.00278519 2.19356e-07 0.114255 0.00497356 6.85401e-10 1.37826e-07 0.446396 0.121916 0.250778 0.000747475 0.00075504 0.0555185 
5.20363e-07 1.02469e-06 1.90223e-10 2.05437e-06 0.000466725 8.22639e-11 2.64082e-10 8.57409e-06 4.17377e-06 0.999443 7.39017e-05 1.3021e-10 3.60425e-07 
0.757405 0.00187259 0.000562624 0.0318094 0.0700822 0.000101728 0.00147803 0.0206538 0.0390428 0.0558964 0.000554805 0.00315974 0.0173812 
0.0938798 0.000930456 3.61824e-07 0.044721 0.160163 8.23075e-10 2.95355e-06 0.0263849 0.275126 0.291719 0.107068 4.57398e-06 3.15008e-07 
0.0375307 2.61732e-07 6.73288e-10 0.0179595 0.127906 2.9117e-10 5.58545e-07 0.0271605 0.777994 0.0113424 1.79379e-07 9.08141e-07 0.000104419 
0.0117681 0.00720887 8.68086e-05 0.0460698 0.253588 3.62028e-06 6.35491e-05 0.09203 0.0649606 0.517398 1.98458e-05 0.000207246 0.0065957 
0.00128117 0.0008545 3.53286e-08 0.00499616 0.0566873 1.52782e-08 4.90457e-08 0.0204169 0.0117507 0.903458 5.09745e-06 2.08712e-06 0.000548538 
0.195316 1.72734e-07 0.00191498 0.0107366 0.0297748 7.07374e-08 9.5102e-06 0.0405624 0.00560571 0.714781 0.000846364 1.11966e-07 0.000452238 
0.0015123 0.00971148 4.88829e-07 0.000614213 0.0173668 2.11399e-07 5.41494e-05 0.0927528 0.00256044 0.00961637 0.000100508 0.821154 0.0445558 
0.000647721 1.95769e-05 6.29987e-07 0.0253358 0.0183666 3.06254e-08 1.0759e-05 0.0115785 0.000645024 0.000597716 3.33385e-06 1.65432e-05 0.942778 
0.533855 0.000280326 0.000489698 0.017311 0.331888 7.77578e-06 3.7662e-05 0.020401 0.0133852 0.0435376 1.90731e-05 0.000829769 0.0379571 
0.0169913 0.00731441 0.315684 0.00484693 0.304023 9.06734e-07 5.09096e-05 0.172694 0.0643098 0.110985 0.00118388 0.00191478 1.09376e-06 
0.00524894 0.000136016 6.80766e-06 0.0809029 0.823516 2.94404e-06 9.89511e-05 0.0218911 0.0240352 0.00256068 4.6169e-06 0.000295626 0.0412999 
7.98461e-06 0.0785565 4.24279e-05 0.0263639 0.103154 6.096e-08 1.95693e-07 0.203673 0.275787 0.311566 4.43884e-07 1.38963e-06 0.000847375 
0.0132783 0.00227705 0.0002388 0.0227506 0.0778483 4.16545e-09 0.000173097 0.218999 0.128325 0.0151285 0.000973258 0.517813 0.0021959 
0.00484226 0.00223942 0.00227978 0.123751 0.0426738 5.40484e-05 0.00355894 0.0142246 0.0369267 0.758132 0.000709329 0.0065309 0.00407718 
2.666e-06 0.00248838 5.18058e-09 0.00404666 0.0652167 2.24039e-09 7.19206e-09 2.50111e-06 0.000970586 0.927181 8.96307e-05 1.61101e-06 1.86528e-07 
0.00035968 2.0188e-07 4.66224e-07 0.0592679 0.0154483 8.26731e-08 0.000442406 0.893315 0.0231739 0.00791465 6.89165e-05 5.52014e-06 3.1762e-06 
0.000132768 0.9998 6.57914e-10 1.73187e-07 1.1438e-06 2.84521e-10 3.02581e-07 6.14993e-05 3.34989e-07 2.19737e-06 5.90424e-08 4.68989e-07 6.53981e-07 
3.33259e-06 0.0023364 4.2e-06 0.138172 0.00677974 3.14875e-07 5.89042e-06 0.6631 0.113744 0.0190829 3.58751e-06 0.0544668 0.00230064 
0.000628422 9.13302e-05 2.35609e-08 0.244415 0.0316929 5.2675e-12 1.69096e-11 0.0720962 0.648364 0.00120836 7.20191e-09 0.0011348 0.000368629 
0.00973037 0.000483159 1.63886e-11 0.0797155 0.125348 7.08742e-12 2.27519e-11 0.0211092 0.0014178 0.761973 5.63793e-08 1.08784e-05 0.000211206 
0.000444492 0.0187916 3.99359e-06 0.102385 0.283025 9.63799e-08 2.53954e-05 0.254995 0.0976412 0.231398 1.05477e-07 0.000473289 0.0108168 
0.0185974 0.0632431 4.27391e-06 0.0431481 0.0274151 7.66169e-08 0.000519665 0.108217 0.0960819 0.641781 0.000213473 3.08095e-05 0.000748562 
0.00274292 0.00209465 6.42092e-05 0.00525542 0.00873494 4.35627e-07 0.000525619 0.0613172 0.000139169 0.913597 1.34524e-05 0.00290458 0.00261068 
5.6426e-05 7.27375e-11 6.88786e-11 0.44878 0.492925 2.97872e-11 9.56223e-11 0.0113156 0.027343 0.0195796 1.46442e-07 7.2613e-07 3.53112e-07 
0.000281673 5.21809e-06 7.29157e-06 0.00439054 0.0432871 1.04594e-07 3.35766e-07 0.0155385 0.109215 0.827076 1.67745e-05 1.65555e-07 0.000180859 
0.0941857 0.000182141 4.86586e-06 0.414185 0.464905 1.08572e-06 1.9024e-06 0.00730437 0.0118033 0.00322495 2.77902e-06 2.73866e-05 0.00417117 
0.00697622 0.0183307 4.96877e-05 0.0380742 0.0392712 3.81484e-06 0.000262955 0.0503767 0.201942 0.501192 0.0368471 0.0135533 0.0931211 
0.0181866 0.0080149 6.1499e-09 0.328781 0.282359 2.78773e-11 0.000479684 0.1569 0.0999864 0.0861095 4.79215e-05 0.00366359 0.0154718 
2.4175e-05 0.999457 1.02458e-09 3.75766e-05 6.14963e-05 4.43087e-10 3.27292e-06 1.55965e-05 2.25393e-05 7.10729e-05 6.13822e-06 2.80604e-06 0.000297968 
0.0194915 0.00057555 8.78358e-05 0.00236424 0.0168993 1.61931e-07 0.000342702 0.00163992 0.0649989 0.785778 7.23598e-05 0.00221266 0.105537 
3.96837e-05 0.00214711 0.000537401 0.194604 0.0214898 1.00209e-05 0.0217037 0.0414158 0.578554 0.109677 1.32713e-05 0.0297974 1.01422e-05 
0.0047272 0.000629613 4.34906e-05 0.0118436 0.0113823 7.97471e-11 0.273684 0.200624 0.427232 0.0474524 0.0209657 0.000634751 0.000780996 
0.000132768 0.9998 6.57914e-10 1.73187e-07 1.1438e-06 2.84521e-10 3.02581e-07 6.14993e-05 3.34989e-07 2.19737e-06 5.90424e-08 4.68989e-07 6.53981e-07 
0.00535989 2.81025e-10 5.01234e-08 0.302885 0.0127786 1.15084e-10 3.70128e-08 0.105798 0.258618 0.313252 7.15127e-08 8.71447e-07 0.00130755 
0.0772219 6.72479e-07 4.08181e-11 0.0688318 0.125041 1.76522e-11 5.66667e-11 0.0776189 0.133098 0.518181 2.72936e-07 2.79404e-11 6.26018e-06 
5.6426e-05 7.27375e-11 6.88786e-11 0.44878 0.492925 2.97872e-11 9.56223e-11 0.0113156 0.027343 0.0195796 1.46442e-07 7.2613e-07 3.53112e-07 
0.00535989 2.81025e-10 5.01234e-08 0.302885 0.0127786 1.15084e-10 3.70128e-08 0.105798 0.258618 0.313252 7.15127e-08 8.71447e-07 0.00130755 
0.0454569 0.00689516 0.00035999 0.101409 0.0122544 5.44955e-05 0.00364749 0.164539 0.11902 0.319225 0.00204497 0.00288951 0.222205 
0.00194599 0.0023407 4.10588e-07 0.0932515 0.0104204 4.37614e-09 5.86292e-05 0.74128 0.0373763 0.0466008 1.2474e-06 0.00411212 0.0626121 
0.000673031 1.76631e-05 8.07908e-07 0.00866113 0.00834383 7.17163e-09 2.45227e-05 0.231196 0.036836 0.63996 0.000749137 0.00132383 0.0722141 
0.305927 0.00417996 0.0059483 0.0796279 0.121933 8.04092e-07 0.00618746 0.08389 0.054614 0.323298 0.00185028 0.0125421 8.0423e-07 
0.000193736 1.92662e-05 4.78131e-07 0.000354233 0.000549683 2.06772e-07 2.25418e-05 0.787046 4.18374e-05 0.000477493 1.66756e-06 0.00146364 0.209829 
4.94726e-05 2.13467e-05 3.24773e-06 0.0347778 4.4714e-05 4.5292e-10 1.3814e-05 0.00966422 0.345817 0.599363 9.71866e-07 0.0102437 2.57007e-07 
0.0162533 5.24004e-05 3.72544e-06 0.018173 0.0960588 1.28025e-06 3.15338e-05 0.0198476 0.0150737 0.80169 1.31705e-05 0.0160012 0.0168 
0.0156401 9.98964e-08 7.34252e-11 0.217853 0.0660647 3.17534e-11 1.01934e-10 0.22249 0.22401 0.251716 9.71231e-09 6.55412e-06 0.0022202 
0.146628 6.18069e-07 8.32851e-07 0.0314799 0.0628572 4.86655e-11 1.20309e-06 0.167354 7.29253e-07 0.586267 1.00076e-07 0.00540904 2.53351e-07 
0.0866393 0.00920361 0.000229441 0.144504 0.298311 1.63846e-07 0.00121168 0.197996 0.181592 0.0648119 1.63852e-07 0.00402995 0.0114714 
0.00461746 0.000139538 2.62352e-05 0.0119995 0.0649992 3.40634e-07 0.000316796 0.0344343 0.0341514 0.840133 7.30413e-05 0.00772514 0.00138371 
0.0667019 6.51628e-08 5.95555e-07 6.19025e-05 0.0121226 2.66852e-08 4.78025e-07 0.0727198 0.62592 0.217089 7.88473e-07 9.37135e-06 0.00537361 
0.00307496 2.39504e-07 6.53062e-08 0.0471972 0.00746118 1.26817e-11 5.32916e-07 0.00619975 0.876775 0.0498292 0.00946137 8.25256e-07 5.68395e-08 
0.136603 0.000305674 0.00387618 0.0045331 0.657356 8.43634e-08 0.0004825 0.0361492 0.15883 0.00140243 3.57296e-06 1.33533e-07 0.000457998 
0.0136644 0.000457891 6.59176e-06 0.156814 0.134127 2.11897e-09 9.04432e-05 0.0376237 0.541935 0.0274197 0.0210967 1.00389e-07 0.0667652 
0.00738889 0.0284008 0.00013467 0.0693432 0.10017 3.01674e-08 2.49467e-07 0.0598761 0.0197325 0.714909 2.99233e-05 5.80347e-06 9.15371e-06 
0.0190718 0.00734548 6.15439e-05 0.363646 0.0997189 1.23217e-05 0.00296008 0.15131 0.18809 0.163369 0.00123721 0.000420269 0.00275659 
0.00194439 0.000198375 0.00189192 0.209207 0.0434474 0.000135351 0.000782443 0.119466 0.123128 0.427051 0.000145827 0.0514865 0.021116 
7.40063e-05 1.45076e-06 9.39962e-06 0.000411383 0.00185876 1.94767e-07 0.000209213 0.257592 0.0372705 0.689789 2.88072e-06 0.0119257 0.000855812 
2.16911e-05 0.00119233 4.49103e-08 8.90044e-07 0.00148796 1.94219e-08 6.23478e-08 0.17754 0.00017894 0.000254838 1.08717e-06 0.819163 0.000159133 
0.042189 0.000395748 6.66262e-05 0.00534969 0.00601249 3.06672e-07 0.000207396 0.101409 0.2898 0.527354 0.0242661 0.00275422 0.000194356 
0.00116986 4.74145e-05 1.30623e-06 0.0269829 0.00634857 5.64893e-07 1.81341e-06 0.143226 0.114153 0.706115 0.0003419 0.0015582 5.34032e-05 
0.00299385 1.15461e-06 3.69476e-06 0.0122159 0.395792 4.58113e-09 1.47063e-08 0.00110414 0.15637 0.430081 0.00138849 2.34159e-06 4.7397e-05 
1.28824e-07 1.219e-06 1.42492e-10 3.43848e-06 0.000105542 6.16221e-11 1.97818e-10 1.47172e-06 8.97689e-08 0.999886 1.31077e-06 2.24435e-07 8.26061e-08 
0.00345795 0.0247315 9.63196e-05 0.0226353 0.0253562 3.61299e-05 0.000183368 0.0710628 0.030332 0.772257 0.000475519 0.0021413 0.0472344 
1.14015e-05 6.69447e-06 0.0094332 0.162483 1.84628e-05 1.59888e-08 5.13271e-08 0.283903 0.0308307 0.513263 1.71026e-05 2.58364e-05 7.98407e-06 
0.045068 0.000314775 1.9106e-05 0.0223126 0.00408238 2.12417e-07 0.00875706 0.0157551 0.578205 0.00598366 2.77924e-05 0.172394 0.14708 
0.00066061 2.11921e-05 9.42402e-06 0.863721 0.00788757 6.16917e-06 8.46025e-05 0.0102602 0.0563095 0.0224201 8.82404e-06 0.00633981 0.0322707 
0.0902816 6.57919e-05 3.56744e-09 0.00268763 0.0649268 1.54277e-09 4.95258e-09 0.0117122 0.0147662 0.815305 0.000245523 2.44195e-09 9.27008e-06 
0.0271593 0.00300459 4.85669e-05 0.0555986 0.599213 1.55773e-06 0.0011626 0.193859 0.0424392 0.0501593 5.32471e-06 0.000103003 0.0272464 
0.000150405 0.000219189 2.70152e-06 0.14342 0.606832 9.20256e-07 1.95401e-06 0.0120933 0.116772 0.0670289 2.96527e-06 0.0235209 0.0299554 
1.88314e-06 8.12516e-11 2.03902e-06 7.74042e-07 0.00743118 3.32738e-11 1.06815e-10 0.0830681 0.0980153 0.762506 1.01135e-07 0.0483156 0.000658784 
0.0459052 0.0303784 1.12083e-07 0.0240516 0.033466 1.22381e-10 2.0602e-07 0.525008 0.0762799 0.255762 0.000543575 0.00369231 0.00491296 
0.0237246 1.53693e-05 5.60858e-10 0.0437203 0.360821 2.42548e-10 7.78624e-10 0.291156 0.174831 0.104106 0.000106005 0.00131731 0.000202232 
0.083258 3.09122e-06 2.35107e-09 0.0118259 0.21342 1.01674e-09 3.26393e-09 0.642684 0.0027668 0.0460358 2.71978e-08 1.60934e-09 6.18498e-06 
5.82934e-05 3.58907e-05 2.1785e-09 0.000148723 0.000120242 9.4211e-10 3.02435e-09 0.000132347 0.000271119 0.998885 1.45668e-05 1.4912e-09 0.000334111 
0.00171406 0.0784774 5.33742e-05 0.0877661 0.605354 2.76445e-05 0.0018484 0.0326399 0.0186859 0.171881 0.000464267 0.000450012 0.000637909 
0.0728969 0.845442 7.01978e-08 4.18849e-06 1.07346e-05 2.41806e-11 0.000168724 0.0491934 0.0279615 4.66894e-06 7.59555e-09 0.000869204 0.00344876 
0.00747452 0.00308735 2.39201e-10 7.66142e-06 0.699699 1.03445e-10 3.32076e-10 0.0530647 0.057659 0.178981 1.78436e-06 1.63736e-10 2.48765e-05 
0.146168 0.000172315 1.32236e-05 0.0512109 0.0761016 2.25681e-06 0.0324829 0.0102229 0.599608 0.00253599 0.000104205 0.074278 0.00709993 
0.0635709 0.00161722 1.85681e-06 0.0369269 0.32382 4.14105e-07 6.38404e-07 0.230903 0.203619 0.138458 2.41778e-05 2.06624e-05 0.00103784 
0.000829616 0.0012862 2.25479e-08 0.0359473 0.0393602 9.75104e-09 0.000104543 0.0523428 0.027344 0.839398 0.000427765 6.87034e-05 0.00289074 
1.14015e-05 6.69447e-06 0.0094332 0.162483 1.84628e-05 1.59888e-08 5.13271e-08 0.283903 0.0308307 0.513263 1.71026e-05 2.58364e-05 7.98407e-06 
0.0120493 0.00478781 8.50838e-07 0.0485451 0.434829 1.15168e-08 9.07168e-06 0.189943 0.0801195 0.22847 9.37617e-06 0.0006743 0.000562243 
0.0185662 7.16194e-07 0.00705023 0.832357 2.02911e-06 3.2552e-10 1.04498e-09 0.00263242 1.67391e-06 0.138935 0.000271543 0.000182191 4.69923e-07 
0.0787834 5.5663e-09 5.271e-09 4.42506e-05 0.0105053 2.27949e-09 7.31759e-09 1.57385e-06 5.5551e-06 0.910654 2.04556e-06 4.07529e-06 8.1914e-08 
0.0858996 0.00424158 9.89585e-07 0.0509623 0.057515 1.63934e-09 2.55574e-06 0.116499 0.199043 0.485311 1.78192e-07 6.73888e-07 0.00052395 
2.16911e-05 0.00119233 4.49103e-08 8.90044e-07 0.00148796 1.94219e-08 6.23478e-08 0.17754 0.00017894 0.000254838 1.08717e-06 0.819163 0.000159133 
3.10579e-05 1.52534e-09 2.45696e-06 0.000284703 0.00480486 6.24651e-10 1.80673e-06 0.000197504 0.994509 9.744e-05 3.51756e-06 4.29116e-05 2.52082e-05 
4.20067e-05 0.149988 4.12422e-08 0.271401 0.00496797 1.78356e-08 0.000727272 0.0215739 3.37791e-06 0.551271 4.01895e-06 1.76138e-05 3.9734e-06 
0.00200547 1.60644e-11 1.52121e-11 0.419876 0.281599 6.57862e-12 4.35488e-07 0.094632 0.167385 0.0230212 5.73385e-05 0.011423 3.38989e-07 
0.0236919 0.0016918 9.61796e-06 0.057268 0.105169 2.17303e-07 9.19865e-07 0.101468 0.0942332 0.616465 3.88388e-07 2.32809e-06 2.62127e-07 
0.00100524 0.0142495 1.00053e-09 0.0717673 0.0336997 4.32687e-10 2.70155e-07 0.382211 0.414034 0.0827244 3.08797e-05 0.000273946 3.78693e-06 
0.00999189 0.00807974 9.53994e-07 0.0179388 0.0747324 3.09979e-11 9.95089e-11 0.258357 0.183272 0.0253513 0.000458559 0.421816 1.80018e-07 
0.0140578 4.51334e-06 4.28182e-07 0.00257194 0.00423897 9.48035e-10 6.09503e-06 0.135778 0.00710365 0.000639184 1.32354e-06 0.000131561 0.835466 
2.4175e-05 0.999457 1.02458e-09 3.75766e-05 6.14963e-05 4.43087e-10 3.27292e-06 1.55965e-05 2.25393e-05 7.10729e-05 6.13822e-06 2.80604e-06 0.000297968 
0.653778 0.000186273 0.000429753 0.000417774 0.0273978 1.01299e-05 3.52416e-05 0.0374988 0.050604 0.00132973 0.228012 0.000184588 0.000116033 
0.00247121 5.7674e-06 3.67445e-07 0.0106373 0.152992 4.69866e-09 1.39572e-05 0.0671328 0.00520514 0.761526 2.99516e-07 7.4372e-09 1.52908e-05 
0.00342932 0.000177426 0.000927736 0.293056 0.0955507 6.04222e-08 0.000140757 0.0236567 0.478049 0.096235 2.53414e-05 1.89825e-06 0.0087494 
0.003152 0.000420141 4.68469e-05 0.0324242 0.00758918 6.92177e-07 0.182485 0.323881 0.284824 0.146616 0.0139866 0.0014273 0.00314638 
0.409186 2.87824e-07 2.47552e-10 0.368138 0.0337182 1.07056e-10 5.77399e-06 4.85159e-07 0.0515289 0.137421 6.60262e-07 4.74636e-07 2.26275e-07 
0.00127864 2.48588e-06 7.0824e-09 0.0283515 0.0641859 3.06285e-09 9.83231e-09 0.1187 0.00922789 0.778177 7.52778e-05 9.9984e-07 1.16322e-07 
0.000257165 0.0115461 1.12371e-08 0.0010648 0.0252259 4.8596e-09 5.24117e-05 0.044905 0.0636021 0.853336 5.26659e-06 4.62974e-06 4.35787e-07 
0.00667848 0.00132314 4.60675e-10 0.00636217 0.924367 1.99223e-10 6.39543e-10 0.0144464 0.00149001 0.0442559 7.44159e-07 1.42162e-06 0.00107504 
0.00254625 0.0026459 0.00604832 0.0536311 0.18139 1.08777e-06 2.96792e-06 0.129317 0.115666 0.50305 0.00113206 9.47307e-05 0.00447413 
0.0477461 0.000854614 0.263408 0.565045 0.015194 0.000209034 0.00184033 0.0105997 0.00748592 0.0766806 0.00155767 0.00826467 0.00111408 
0.0154229 0.0130185 7.06849e-08 0.0179708 0.085966 3.05683e-08 9.813e-08 0.00939768 0.098873 0.759308 9.93957e-06 4.83846e-08 3.26803e-05 
0.0478429 0.000177809 7.29584e-06 6.36045e-05 0.12838 2.48063e-06 0.000198811 0.0320407 0.00760052 0.641586 0.000180872 0.141842 7.5918e-05 
0.00150858 0.000690967 0.000487121 0.0923734 0.108793 1.57824e-06 0.000212023 0.0402855 0.024417 0.707198 3.4726e-06 0.0196823 0.00434736 
0.0325153 0.000845624 2.48945e-06 0.0771341 0.250595 5.55985e-07 6.70656e-06 0.0825299 0.151016 0.384878 1.46445e-05 1.46964e-05 0.0204474 
0.105744 0.000845903 4.32059e-05 0.339401 0.280405 1.37415e-07 2.27784e-07 0.021601 0.236044 0.00504126 0.00997716 1.78361e-05 0.000878888 
0.00192106 0.410425 1.05222e-05 0.0441244 0.000472832 1.26042e-07 3.5401e-05 0.0912224 0.0336708 0.255551 7.88028e-05 0.0791245 0.0833633 
0.0632734 0.0283626 0.000154812 0.00975653 0.00568379 5.13766e-07 0.00158161 0.259646 0.582351 0.0332948 0.013941 0.000500797 0.00145271 
0.0255995 0.00511599 0.00165109 0.145121 0.655839 4.67675e-07 1.50132e-06 0.0695538 0.00106966 0.0904993 0.000717843 0.00409499 0.000735765 
0.0350011 0.00131392 0.000885299 0.0556532 0.153152 1.02824e-08 2.05881e-07 0.067938 0.584286 0.0616021 0.0366703 0.00280608 0.000691699 
0.00535989 2.81025e-10 5.01234e-08 0.302885 0.0127786 1.15084e-10 3.70128e-08 0.105798 0.258618 0.313252 7.15127e-08 8.71447e-07 0.00130755 
0.0149669 0.000117992 1.95414e-05 0.00303866 0.914934 3.65482e-06 0.000108356 0.0365167 0.00682232 0.00999447 4.36584e-06 0.000800486 0.0126727 
0.0399424 0.0305497 0.000295172 0.0533509 0.293455 1.67922e-08 5.91106e-05 0.171172 0.351676 0.0438334 0.0122264 0.0032094 0.000230589 
0.0315139 0.000303707 3.00608e-09 0.00975865 0.345676 1.30001e-09 3.20928e-05 0.275318 0.20128 0.127104 2.25856e-05 0.000658503 0.00833308 
0.0282231 0.00012897 0.419946 0.00459928 0.158546 4.34778e-06 1.4006e-05 0.0691464 0.00749883 0.306181 0.000908756 7.25352e-05 0.00473119 
0.153117 0.000225518 0.000298391 0.0692929 0.136089 5.30313e-11 0.000139898 0.167735 0.426302 0.0464949 5.08531e-08 2.11522e-07 0.000305432 
9.57706e-06 0.109657 4.6476e-05 0.0368756 0.0880944 4.21151e-08 1.35197e-07 0.284995 0.178743 0.300419 3.73003e-07 1.18035e-06 0.00115841 
0.0175743 0.000150389 0.000233014 0.0659056 0.0157028 4.70318e-05 7.33714e-05 0.0339065 0.696965 0.157748 0.00675113 0.00115826 0.00378445 
0.210102 5.37489e-07 3.91219e-10 9.94161e-07 0.0413993 1.69186e-10 5.43118e-10 0.381308 3.9018e-06 0.367179 1.36233e-07 5.00801e-06 7.151e-07 
0.00271761 0.0168233 0.000634537 0.123734 0.06017 0.000164014 0.000565399 0.0710239 0.0127579 0.706562 0.000241888 0.00400314 0.000601875 
0.00848761 0.0178694 0.000212613 0.188657 0.378939 1.72433e-08 5.8141e-05 0.00978571 0.0622812 0.311987 0.0208453 0.000656464 0.000220855 
1.81329e-07 0.000904417 6.77648e-12 0.117738 0.0233023 2.93055e-12 9.4076e-12 0.0401393 8.43348e-07 0.814134 0.00107847 1.06734e-08 0.00270319 
0.213198 0.012357 5.32291e-08 0.405883 0.119035 1.33771e-10 0.000465514 0.040096 0.0520407 0.0233915 4.38144e-08 0.000624639 0.132909 
0.220306 0.0132872 0.0158275 0.465403 0.145334 2.53399e-05 0.00109821 0.00016358 0.0497285 0.0394893 0.0458843 0.00319639 0.000257129 
0.00695267 0.00285121 1.20693e-06 0.415612 0.1151 1.89782e-07 1.40804e-05 0.108673 0.223154 0.122537 4.43854e-05 0.00436421 0.000696488 
0.00297076 0.00155043 1.02539e-07 8.06841e-05 0.000439282 3.06971e-09 8.34156e-07 0.81791 0.0730908 0.0304306 0.00349031 0.0174034 0.0526324 
0.02711 0.00303062 3.85784e-10 4.80648e-07 0.582353 1.66836e-10 5.35574e-10 0.0321831 0.0634201 0.291902 2.17361e-07 2.64073e-10 1.65402e-07 
3.21712e-06 0.00126429 0.000215563 0.00781209 0.0411451 3.48962e-08 3.51222e-06 0.300017 0.585286 0.0238907 0.000106012 0.0402554 3.74593e-07 
0.0110914 0.00299038 0.00101351 0.0712846 0.0755497 4.4138e-05 0.0462685 0.186805 0.518496 0.0672164 0.0141711 0.000893316 0.0041759 
0.252603 0.0015379 7.1359e-07 0.00103829 0.0505584 7.6829e-08 0.00117683 0.300627 0.365025 0.00686586 0.0199406 0.000449163 0.000177269 
0.000236187 6.01448e-09 0.000123791 0.0491872 0.00232096 2.46303e-09 1.55526e-06 0.304005 0.150922 0.47024 0.0159121 0.00258674 0.0044638 
0.000352216 0.000221573 5.19833e-06 0.000895947 0.025142 2.24806e-06 7.21669e-06 0.000797404 0.688261 0.282209 8.97104e-05 3.55831e-06 0.00201283 
0.262 0.000184573 1.8508e-05 0.346406 0.04186 3.40008e-08 3.18969e-05 0.0239193 0.0631104 0.0421457 1.10422e-05 0.00346531 0.216848 
