0.000310965 0.00658331 0.00257306 0.00115647 0.00182916 0.0100715 2.97132e-05 0.0410669 0.00063881 0.902587 0.00460134 0.00285888 0.0256927 
0.0010348 0.0378452 6.9978e-07 0.0942009 0.339232 8.89301e-05 4.99349e-07 0.148616 0.170769 0.208056 0.000111556 4.02281e-05 3.03008e-06 
0.00059274 0.000106385 3.80555e-05 0.0614099 0.0134173 0.00838806 5.60697e-07 0.726208 0.073091 0.0169899 1.27047e-05 0.0694859 0.0302591 
0.0348756 0.000185102 3.91526e-05 0.244796 0.0411615 0.00765004 1.09018e-05 0.0125725 0.0629502 0.59444 0.00010547 0.000934276 0.000279713 
0.0950555 0.0748214 4.04488e-05 0.250314 0.0369105 0.00257145 6.01498e-08 0.103892 0.0579048 0.360193 9.63278e-05 0.00595784 0.0122423 
0.00356641 0.00606088 3.44387e-06 0.101197 0.00124625 0.0697152 1.68512e-09 0.000961582 0.815402 0.00132347 6.87457e-05 0.000297351 0.000157353 
0.00320987 0.000573399 3.05767e-06 0.032572 0.0085735 0.000169216 5.38705e-07 0.0934523 0.0477551 0.00508285 1.23317e-05 0.78494 0.0236555 
0.000197478 2.11028e-07 0.998414 0.000128574 9.31623e-05 4.42548e-05 5.90287e-08 1.40138e-05 4.58336e-05 0.000749119 0.000257029 1.98147e-05 3.65785e-05 
0.000169979 2.29517e-08 0.000448649 0.0020955 0.0062662 0.00087227 6.12764e-11 1.21421e-08 1.29244e-06 0.939246 0.0508152 7.42528e-05 1.02699e-05 
0.0685412 0.00107955 0.00184455 0.285214 0.180514 0.00924558 5.8021e-07 0.214906 0.100589 0.127969 0.000417361 0.000390355 0.00928826 
3.77615e-05 0.0246485 0.000154082 0.00659832 0.00526225 2.77559e-05 3.59626e-09 0.0585087 0.0045309 0.873133 0.00034777 0.0243553 0.00239577 
0.0708149 0.00012602 8.48207e-05 0.222952 0.0191851 0.0392973 5.25055e-05 0.00222442 0.0892756 0.0115152 0.543488 0.000688097 0.000295446 
0.000197478 2.11028e-07 0.998414 0.000128574 9.31623e-05 4.42548e-05 5.90287e-08 1.40138e-05 4.58336e-05 0.000749119 0.000257029 1.98147e-05 3.65785e-05 
1.68817e-05 1.49931e-06 1.44882e-06 0.0184357 1.68121e-06 7.88715e-05 3.55321e-10 0.031639 0.00599512 0.854751 0.000312537 0.0808517 0.00791424 
0.0186061 2.92143e-06 3.40532e-05 0.0914706 0.12448 0.145286 5.11888e-09 0.0225577 0.0610761 0.536246 3.77061e-07 8.53568e-05 0.000154397 
0.347006 0.000352287 0.000229116 0.2227 0.0960331 0.0071661 4.38217e-06 0.0215685 0.255015 0.0447432 9.68795e-05 0.000104788 0.00498052 
0.000447047 0.891725 2.5723e-08 0.0408913 0.0064851 0.0213462 4.82587e-13 0.00790471 0.00252362 0.00215754 0.000741476 0.00013419 0.0256436 
9.27679e-05 5.94458e-05 5.34343e-07 0.0176323 0.000300697 0.000206805 1.75801e-08 0.0310677 0.0234196 0.000640159 1.50648e-05 0.90373 0.0228348 
0.0100322 9.54719e-07 9.54757e-07 0.0913439 0.210201 9.55205e-07 9.54457e-07 0.03134 0.617045 0.039553 9.55242e-07 9.55007e-07 0.000478639 
0.0303138 0.000258994 2.15523e-05 0.741126 0.0546102 0.0110306 2.73063e-10 0.0185685 0.0694208 0.0562359 0.000226055 0.0169208 0.00126677 
0.178969 7.39021e-06 7.39051e-06 0.219669 0.486659 7.39397e-06 7.38818e-06 7.39593e-06 0.043644 0.0606478 0.0103594 7.39244e-06 7.39524e-06 
0.000197478 2.11028e-07 0.998414 0.000128574 9.31623e-05 4.42548e-05 5.90287e-08 1.40138e-05 4.58336e-05 0.000749119 0.000257029 1.98147e-05 3.65785e-05 
0.000463135 0.000101009 1.39533e-05 0.552583 0.0201976 0.000111618 1.23222e-07 0.102441 0.136609 0.025291 5.11491e-05 0.0936753 0.0684627 
0.00252742 0.00239594 1.82718e-06 0.830557 0.000700617 0.000376082 7.89118e-10 0.023345 0.116183 0.0210037 7.52018e-05 0.00274159 9.2386e-05 
0.000169979 2.29517e-08 0.000448649 0.0020955 0.0062662 0.00087227 6.12764e-11 1.21421e-08 1.29244e-06 0.939246 0.0508152 7.42528e-05 1.02699e-05 
0.0691385 0.000167054 0.0263291 0.169546 0.0438234 0.00776501 6.66468e-05 0.0424634 0.134573 0.502737 0.000433617 0.00132406 0.0016328 
0.0479897 0.000855682 0.0529673 0.420824 0.0154947 0.391104 8.31249e-05 0.0112283 0.00752233 0.0465667 0.0016351 0.00232868 0.0014003 
0.0175986 0.0067768 0.000236222 0.2173 0.00413108 0.00169478 3.00976e-10 0.353174 0.043328 0.340843 0.000210881 0.00719203 0.00751448 
0.0164042 0.0118764 0.000137145 0.088956 0.13355 0.0394535 3.78924e-09 0.525011 0.046343 0.0262681 2.68918e-05 0.1108 0.00117372 
0.10712 6.64944e-05 4.59897e-05 0.709108 0.0107771 0.00131685 1.71363e-12 0.00017721 0.145069 0.0260929 2.37917e-06 0.000154864 6.93501e-05 
0.00771745 0.000300999 0.0024805 0.363218 0.00745617 0.0623483 3.19284e-06 0.00554124 0.234251 0.14329 0.172153 0.000935888 0.000304315 
0.000197478 2.11028e-07 0.998414 0.000128574 9.31623e-05 4.42548e-05 5.90287e-08 1.40138e-05 4.58336e-05 0.000749119 0.000257029 1.98147e-05 3.65785e-05 
0.747261 0.00609306 0.00104751 0.0262105 0.0614223 0.00398153 1.14512e-05 0.0769458 0.0632187 0.0034329 3.83095e-05 0.00878652 0.00155015 
0.0783585 0.00103633 0.00293776 0.126626 0.221569 0.0756611 8.06197e-05 0.0210625 0.00919298 0.366328 0.0246253 0.0610029 0.0115189 
0.0270931 0.000878451 0.122638 0.0325735 0.0107255 0.00401953 1.81322e-05 0.0237023 0.043313 0.726639 0.00219062 0.00604806 0.000161165 
3.12179e-08 1.30226e-07 1.25841e-07 0.0655031 0.00338841 0.000145312 5.00564e-12 0.100916 7.6095e-07 0.679461 1.39217e-07 0.132421 0.018164 
0.00125662 0.00097921 0.00773501 0.0732948 0.083463 0.000784395 0.000703725 0.124225 0.048274 0.414299 0.00111031 0.210054 0.0338202 
0.10802 0.000365376 3.35827e-05 0.0458911 0.228044 0.000898029 3.42262e-06 0.159362 0.143013 0.223232 0.000398848 7.35649e-05 0.0906666 
0.598937 0.000781 6.25012e-05 0.114319 0.0297411 0.026744 5.19193e-06 0.00476604 0.00778853 0.210657 0.000161734 0.00539581 0.00064138 
0.0134587 0.00681863 7.75502e-05 0.104816 0.132876 0.00393289 3.50952e-07 0.216701 0.102082 0.0303399 0.000270118 0.272883 0.115744 
1.30536e-05 1.30448e-05 1.30454e-05 0.0861769 1.30549e-05 0.447678 1.30413e-05 0.131868 1.30551e-05 0.215397 0.0757145 0.0430742 1.30537e-05 
0.0442883 0.000441305 0.0126653 0.263097 0.0362297 0.00925697 8.28957e-05 0.0113648 0.598508 0.0135905 0.000122413 0.00328179 0.00707126 
7.27167e-06 7.26681e-06 7.2671e-06 0.0567329 7.2724e-06 7.27051e-06 7.26481e-06 0.197091 0.18473 0.555565 0.0058239 7.26901e-06 7.27176e-06 
0.375098 4.61277e-05 3.43044e-05 0.35297 0.201649 0.0189358 6.14261e-06 0.00522259 0.00943086 0.0167476 0.000536196 6.18117e-05 0.0192622 
0.0277605 0.00593904 0.0359623 0.108168 0.0530675 0.0514519 4.99041e-05 0.0730896 0.0625919 0.501375 0.000773788 0.0263857 0.0533848 
0.00835699 0.000519566 0.00493972 0.242378 0.00192103 0.00192126 1.74867e-09 0.0319415 0.0613654 0.642266 0.000578734 0.000599945 0.0032117 
0.678848 0.00496758 0.0143747 0.0540313 0.129151 0.0112156 1.98002e-05 0.0382832 0.0554801 0.00352699 0.00136364 0.00530167 0.00343625 
0.0228168 0.000449142 0.00103368 0.317079 0.121454 0.041728 9.28463e-05 0.0458825 0.273346 0.00746677 0.10025 0.0314911 0.0369098 
0.00185929 0.00348581 5.08953e-05 0.104587 0.0323465 0.00377292 3.62195e-09 0.0689975 0.138762 0.544852 0.000532143 0.0176543 0.0830993 
0.000999177 0.000765511 2.32783e-10 0.371798 0.000661289 1.00219e-07 1.60779e-12 2.25524e-05 0.624551 0.000359858 4.92408e-09 0.000839257 3.87854e-06 
0.0121798 0.00368007 2.44195e-05 0.427787 0.00407652 0.200412 1.09262e-05 0.0141743 0.309532 0.0251508 0.000148714 0.00185941 0.000964205 
0.0697334 1.01688e-05 1.5584e-07 0.314229 0.0286418 0.00402285 2.62955e-10 0.152778 0.415961 0.0138177 2.80843e-06 4.59463e-05 0.000758195 
0.0557817 0.0471455 2.45901e-05 0.0716132 0.00438299 0.10864 4.42292e-06 0.0200514 0.0806936 0.609946 2.3822e-05 0.00125379 0.000438909 
0.00835699 0.000519566 0.00493972 0.242378 0.00192103 0.00192126 1.74867e-09 0.0319415 0.0613654 0.642266 0.000578734 0.000599945 0.0032117 
0.0146217 0.000280197 0.00118206 0.164601 0.170229 0.0383298 0.000140052 0.0164931 0.551079 0.00183151 0.000307688 0.0391968 0.00170738 
5.99874e-07 2.38658e-07 5.86808e-07 0.706912 0.12879 2.39255e-06 5.0596e-11 0.0167536 4.53535e-06 0.109001 0.000348063 8.45738e-07 0.0381856 
0.000860082 0.0956755 0.0424961 0.306348 0.0516801 0.0833125 0.000691346 0.0718611 0.031287 0.292031 0.000830894 0.0152679 0.00765896 
0.0191744 0.000597491 1.09678e-07 0.0235206 0.145825 0.0103654 3.13521e-08 0.0845837 0.635694 0.0740224 9.81418e-05 0.00347285 0.00264568 
0.044292 0.000120588 0.04236 0.0658297 0.00274633 0.00275827 5.9102e-07 0.0101798 0.0189735 0.810107 0.000221259 0.00152716 0.000883534 
9.27679e-05 5.94458e-05 5.34343e-07 0.0176323 0.000300697 0.000206805 1.75801e-08 0.0310677 0.0234196 0.000640159 1.50648e-05 0.90373 0.0228348 
2.87663e-05 4.40618e-05 1.11242e-06 0.000139401 3.08479e-05 2.97405e-05 5.54882e-13 0.00708246 0.000277354 3.27401e-05 2.13226e-05 0.99151 0.00080247 
0.235652 0.00207433 0.000804918 0.0645083 0.178767 0.00437764 5.12938e-06 0.084404 0.370539 0.0310308 0.0156324 0.00923354 0.00297083 
0.00953022 0.0012808 0.000119417 0.257864 0.124556 0.000951001 4.60735e-05 0.0577298 0.00406837 0.509782 0.010656 0.000308968 0.0231063 
0.0197298 0.530795 8.53359e-07 0.0805657 0.0730795 2.56937e-05 9.08292e-10 0.179566 0.0440451 0.0470807 2.09973e-07 3.07048e-06 0.0251084 
0.0215898 0.0176361 0.00119205 0.215911 0.309983 0.102444 0.00112866 0.117083 0.104082 0.100299 0.00268372 0.00241125 0.00355712 
0.0432689 0.0393158 4.21969e-06 0.0683766 0.0682526 0.0285983 4.33572e-08 0.16875 0.125482 0.442938 0.0133979 0.000262742 0.00135294 
3.44983e-08 0.943952 9.76957e-10 0.0216879 0.0218852 0.00402419 1.88388e-12 0.0033678 0.00110431 0.0005592 0.000252926 0.000194314 0.00297187 
9.27679e-05 5.94458e-05 5.34343e-07 0.0176323 0.000300697 0.000206805 1.75801e-08 0.0310677 0.0234196 0.000640159 1.50648e-05 0.90373 0.0228348 
0.00960119 0.00324219 0.000405135 0.0825327 0.0571822 0.260916 7.35665e-07 0.0668781 0.315354 0.182198 0.00364892 0.0169203 0.00112086 
0.0179322 0.00980736 0.00312365 0.35314 0.0223257 0.0630725 4.27491e-06 0.0156074 0.0454488 0.42367 0.00064407 0.000218265 0.0450057 
0.000234039 0.97944 2.02717e-06 0.00022919 0.00287558 5.60638e-05 1.8921e-08 0.00537833 0.00190341 0.00869191 0.0001822 1.91605e-05 0.000987597 
1.12805e-09 0.996924 7.66641e-09 0.000118523 4.89863e-05 0.000312622 3.46676e-10 0.000474766 0.0016686 0.000318244 6.91998e-05 6.21809e-06 5.83974e-05 
0.00364517 0.000236408 0.000397622 0.0145716 0.00195186 0.000129624 2.02945e-08 0.0212385 0.0176593 0.0185214 1.64069e-05 0.920548 0.00108362 
0.204128 0.00574986 0.127896 0.096447 0.0566179 0.00203428 1.01055e-07 0.0448376 0.0339314 0.426723 0.000310226 0.000849243 0.000475471 
0.119485 0.000254265 0.320787 0.03592 0.014416 0.016808 2.24174e-05 0.0130561 0.0167188 0.444676 0.000425485 0.0165199 0.000910482 
4.57345e-08 0.00647732 6.2492e-08 0.00256021 1.95877e-09 0.00269808 2.67999e-10 0.347026 0.0894088 0.01274 1.00399e-07 0.199293 0.339796 
0.0538327 0.000199457 1.31247e-06 3.20388e-05 0.057369 1.73078e-05 6.78457e-09 0.00268761 2.86488e-05 0.880467 1.24147e-06 1.04672e-07 0.00536379 
0.00366956 0.000296865 3.50085e-05 0.0132474 0.024967 0.00826057 3.20157e-06 0.107205 0.127691 0.709312 0.00129607 0.000703249 0.00331386 
0.0127407 0.00284873 0.000118846 0.0873084 0.00461145 0.00716365 2.82178e-06 0.0196832 0.581375 0.183481 0.000398239 0.0902949 0.00997358 
0.000552274 6.50693e-05 5.81925e-10 0.0149323 0.00115564 0.000433128 4.19982e-12 0.0323149 0.0174022 0.00342041 5.70854e-06 0.924164 0.00555458 
0.111131 0.00267001 0.0849403 0.0314707 0.03967 0.0368869 9.02343e-05 0.428648 0.050582 0.180395 0.000187748 0.00714422 0.0261836 
0.00203603 3.69471e-05 3.42895e-05 0.0673489 0.00125075 0.00673153 1.46774e-07 0.0620125 0.0914749 0.768047 0.000967265 5.02536e-05 9.38567e-06 
0.000197478 2.11028e-07 0.998414 0.000128574 9.31623e-05 4.42548e-05 5.90287e-08 1.40138e-05 4.58336e-05 0.000749119 0.000257029 1.98147e-05 3.65785e-05 
0.0403614 0.458896 3.51963e-05 0.365262 0.094404 0.000182138 1.43184e-05 0.0075571 0.01585 0.0141266 9.08396e-05 0.000353555 0.0028675 
0.0274688 0.0057025 3.67589e-06 0.385101 0.103959 0.00127956 1.01973e-06 0.361483 0.0915184 0.0203833 7.04832e-05 0.00243445 0.000594815 
0.0162118 0.114743 5.36209e-07 0.0713205 0.117165 0.0133981 3.63341e-07 0.0944936 0.235239 0.258401 0.0736108 0.00474194 0.000674781 
0.00396476 0.00267625 2.3708e-05 0.140736 0.00706889 0.00486607 7.05885e-07 0.0521035 0.180263 0.483633 0.000396368 0.0775766 0.0466916 
0.00928772 0.00677486 0.000138929 0.00585247 0.163893 0.0163343 1.99271e-06 0.1076 0.0778275 0.591651 0.000504613 0.00116481 0.018969 
3.40156e-05 0.0001419 0.0009313 0.00279466 0.00015908 4.65614e-05 8.1413e-08 0.000729624 0.00804741 0.958553 0.00073733 0.0263919 0.00143355 
0.0140684 0.000341942 4.50199e-06 0.117516 0.00334473 0.00129943 2.24661e-06 0.0241883 0.773236 0.00818163 8.49693e-05 0.0443831 0.0133489 
0.000980952 0.00133154 8.16878e-08 0.48755 0.0596265 0.0064973 8.16621e-08 0.0764916 0.191824 0.0704757 0.000939968 0.0893736 0.0149095 
5.74276e-10 0.998838 4.26997e-08 0.000123629 2.26982e-05 0.000666343 3.87409e-13 0.000137975 5.90985e-05 4.96667e-06 7.23402e-05 8.47002e-06 6.65928e-05 
0.000142649 2.47282e-05 0.00038464 0.00333258 0.00109295 0.000600818 9.93536e-10 0.00128474 0.00230067 0.00701269 0.00119734 0.979382 0.00324437 
0.131409 3.93591e-07 1.16189e-05 0.228836 0.115973 0.00259209 3.51146e-08 0.108214 0.0479979 0.355906 0.0002417 0.00303405 0.00578389 
0.00222914 2.8321e-07 7.28349e-08 0.640238 0.0823848 0.00655744 3.11739e-09 0.00183536 0.0312287 0.235221 0.000215879 7.91856e-05 9.98652e-06 
0.035963 0.0018746 0.000876208 0.74691 0.00694747 0.000663749 1.10878e-07 0.000521549 0.0213984 0.184657 2.07461e-05 0.000131266 3.57719e-05 
0.000197478 2.11028e-07 0.998414 0.000128574 9.31623e-05 4.42548e-05 5.90287e-08 1.40138e-05 4.58336e-05 0.000749119 0.000257029 1.98147e-05 3.65785e-05 
0.0644446 2.9883e-05 3.68798e-06 0.0727907 0.3912 0.03639 2.20403e-06 0.0415248 0.390312 0.000533417 0.0015278 0.00114365 9.75876e-05 
0.0003778 6.08989e-05 3.97322e-10 0.0189977 0.000715104 0.000661674 1.40433e-12 0.0464231 0.0163083 0.00356502 8.71597e-06 0.905436 0.00744593 
0.0890302 0.00324783 0.000159994 0.0943022 0.000259998 3.08316e-05 6.21395e-06 0.0400077 0.122146 0.648613 1.16703e-05 0.000599483 0.0015844 
0.000167941 1.91367e-08 4.10746e-10 0.000187276 0.000189401 4.71069e-05 6.29724e-12 0.0208501 0.000380862 0.000452997 2.20222e-07 0.000125455 0.977599 
0.0114577 0.11094 1.6486e-05 0.0281063 0.0322589 0.289814 1.72201e-06 0.130317 0.214275 0.00194668 0.0010013 0.176902 0.0029616 
0.000943012 4.96215e-05 1.83535e-07 0.024154 0.00582374 0.000109823 2.2083e-08 0.17026 0.0378234 0.00146873 3.3466e-05 0.606449 0.152885 
0.247603 0.00022918 0.0254794 0.0919197 0.0247132 0.00791667 7.69705e-05 0.0276548 0.0947421 0.476491 0.00265487 0.000348886 0.000170308 
0.00891741 0.00295204 1.50365e-05 0.174886 0.0020786 0.0525693 5.03051e-09 0.00400735 0.725348 0.00663823 0.000520765 0.00103726 0.0210303 
0.000197478 2.11028e-07 0.998414 0.000128574 9.31623e-05 4.42548e-05 5.90287e-08 1.40138e-05 4.58336e-05 0.000749119 0.000257029 1.98147e-05 3.65785e-05 
0.0511547 0.00227971 0.00116773 0.112659 0.0215645 0.0049053 0.000106426 0.566646 0.0431754 0.163775 0.00302287 0.0158512 0.0136917 
0.000142649 2.47282e-05 0.00038464 0.00333258 0.00109295 0.000600818 9.93536e-10 0.00128474 0.00230067 0.00701269 0.00119734 0.979382 0.00324437 
0.000142649 2.47282e-05 0.00038464 0.00333258 0.00109295 0.000600818 9.93536e-10 0.00128474 0.00230067 0.00701269 0.00119734 0.979382 0.00324437 
0.0560842 0.0504876 1.32433e-05 0.227758 0.288422 3.54494e-05 5.28654e-06 0.042849 0.237356 0.0866425 0.00271779 0.00104631 0.00658287 
0.00589571 0.000258506 9.08765e-06 0.477532 0.031151 0.0031887 1.28933e-09 0.119274 0.319317 0.0258738 2.34031e-05 0.00380599 0.0136711 
0.0364729 0.00172447 0.00045197 0.397972 0.0499932 0.00184763 5.217e-08 0.0138754 0.21172 0.28174 0.000201705 0.00365804 0.000342415 
0.129957 0.00265406 3.82422e-05 0.0196704 0.0159622 0.000235414 5.59738e-08 0.045507 0.00816199 0.685873 0.000348621 0.0823887 0.00920292 
0.0251725 8.29166e-05 0.00028715 0.219985 0.00595582 0.0266908 5.84947e-06 0.00510382 0.0460566 0.670601 3.12501e-05 2.15102e-05 5.99076e-06 
0.0119357 0.000142962 0.000407151 0.36584 0.566392 0.0236666 3.33278e-05 0.00390683 0.0207865 0.00646303 0.000178511 9.8377e-05 0.000149369 
0.00417443 4.81346e-06 3.54394e-06 0.636743 0.247634 0.000408296 1.38271e-07 0.0855774 0.0213006 0.00387043 1.2239e-05 0.000149517 0.000121893 
0.000481747 0.00268226 1.12296e-05 0.111659 0.032555 0.00512631 2.58999e-06 0.736443 0.0018375 0.0124022 3.7002e-05 0.00175145 0.0950108 
0.00423902 0.0395655 0.0794782 0.171998 0.0116207 0.0100647 2.89779e-06 0.159627 0.211189 0.286161 0.00202719 0.0177066 0.00631986 
0.00137486 6.46681e-05 4.73705e-07 0.0291612 0.000636373 0.000333263 1.36144e-11 0.147044 0.0105912 0.000754244 3.41322e-05 0.807611 0.002395 
0.000497968 0.0025014 0.00665653 0.114055 0.0923761 0.000785754 0.00018369 0.0313713 0.0331545 0.571667 0.00118236 0.126633 0.0189355 
0.00118191 5.27365e-05 1.93262e-05 0.0912751 0.0150309 9.78081e-05 2.57842e-08 0.0727107 0.0467531 0.746069 0.000173323 0.0229058 0.00373071 
0.00680561 0.00948132 0.0132773 0.0603053 0.0961077 0.0171541 8.54529e-06 0.12578 0.0184645 0.641877 2.87316e-05 0.000957685 0.00975204 
0.0127331 0.000122044 0.0116603 0.0276773 0.0124738 0.0556471 2.67124e-05 0.575825 0.0464572 0.0299883 0.000133006 0.0566269 0.170629 
0.0156715 0.00411106 9.51987e-06 0.140364 0.00354506 0.0560774 4.82203e-06 0.00278238 0.757079 0.00421147 8.2974e-05 0.000317815 0.0157436 
9.27679e-05 5.94458e-05 5.34343e-07 0.0176323 0.000300697 0.000206805 1.75801e-08 0.0310677 0.0234196 0.000640159 1.50648e-05 0.90373 0.0228348 
0.00392385 0.00480502 4.66453e-07 0.0993824 0.352279 0.0252744 1.48166e-07 0.0303904 0.0620132 0.263775 5.79586e-07 0.140491 0.0176648 
0.000142649 2.47282e-05 0.00038464 0.00333258 0.00109295 0.000600818 9.93536e-10 0.00128474 0.00230067 0.00701269 0.00119734 0.979382 0.00324437 
0.0117649 0.00117018 0.000142294 0.048362 0.0191574 0.0207818 0.000134508 0.402246 0.068549 0.0163603 0.000152763 0.0191907 0.391988 
0.0033772 0.0020007 6.78651e-08 0.445475 0.0315911 0.00183503 1.05926e-08 0.00942513 0.501631 0.0042755 1.42303e-05 0.00013493 0.000239777 
0.0119257 0.000360237 6.501e-05 0.0435679 0.00774785 0.000703215 8.91403e-10 0.00376349 0.0286518 0.899186 0.00312686 0.000707962 0.000194031 
0.00305088 0.000219778 0.00456715 0.0493868 0.0747168 0.707573 0.000146121 0.0411059 0.0619852 0.0559269 0.00019321 0.000474624 0.000653942 
0.000261593 0.337865 9.72447e-06 0.130008 0.000161091 0.00079726 6.88307e-09 3.68261e-05 0.508975 0.000127322 0.0216717 8.20172e-05 5.19757e-06 
0.00251263 0.000775253 1.17331e-07 0.141911 0.732234 0.00232197 1.04607e-08 0.0399248 0.0501339 0.0298123 3.84828e-07 0.000260002 0.000113753 
0.0214395 0.000706549 0.0747782 0.378652 0.000231434 0.00944579 5.12204e-11 0.00812722 0.0424568 0.454565 0.00164218 0.000547284 0.00740826 
9.27679e-05 5.94458e-05 5.34343e-07 0.0176323 0.000300697 0.000206805 1.75801e-08 0.0310677 0.0234196 0.000640159 1.50648e-05 0.90373 0.0228348 
0.000107034 4.51162e-06 4.35968e-06 0.02149 5.0573e-06 0.000256063 3.29027e-09 0.0763626 0.0030206 0.804262 0.000393367 0.075384 0.0187107 
0.000185645 0.00763767 0.00249298 0.0206472 0.0105556 0.854439 4.81587e-12 0.00537442 0.0015625 0.0138242 0.0797381 4.70812e-05 0.00349528 
0.02207 0.697033 2.74682e-06 0.00171743 0.158005 0.003527 2.84582e-09 0.0135885 0.0261079 0.0763822 0.00146576 9.94756e-05 6.80794e-07 
0.462393 0.00171142 0.00807711 0.0864451 0.107173 0.00750735 1.19558e-05 0.0593567 0.224544 0.0410595 0.000205769 0.00110797 0.000407537 
0.000115257 0.0165697 2.07959e-07 0.333721 0.00115675 0.000633947 5.89991e-11 0.1739 0.020817 0.412666 0.000351978 0.0259682 0.0141009 
0.0371862 0.00171669 3.21807e-05 0.342842 0.0803602 0.00891287 3.69197e-09 0.0143189 0.155695 0.356042 0.000349538 0.000944189 0.0016011 
0.0261964 0.128871 2.88986e-07 0.0774362 0.0139455 3.20563e-05 4.81992e-08 0.0686807 0.0977143 0.53031 1.86397e-06 0.0100133 0.046798 
0.0622967 0.000777616 0.0134006 0.196303 0.0673925 0.146774 0.000129997 0.00899838 0.0593512 0.43652 0.0034628 0.000196036 0.00439737 
0.00120965 0.000351408 2.86796e-07 0.0316546 0.003252 0.00396197 1.74316e-07 0.113813 0.0282095 0.0022657 0.0001814 0.689405 0.125696 
0.00777594 2.70748e-07 2.70759e-07 0.460011 0.0484474 0.00682658 2.70674e-07 0.0296431 0.364064 0.0806562 0.000650421 2.7083e-07 0.00192389 
0.021453 0.0583021 0.000254153 0.0740268 0.0489145 0.00150522 4.49147e-05 0.0642331 0.0048735 0.711053 0.000301283 0.00104696 0.0139919 
6.8813e-07 1.77014e-07 0.000641851 0.00542867 4.40784e-05 1.02013e-05 1.73842e-10 0.00960415 1.66887e-07 0.983219 0.000536846 0.000514409 1.30572e-07 
1.12347e-06 0.00662517 1.12277e-06 0.330229 0.14236 0.0113464 1.12241e-06 0.452022 1.12361e-06 0.0338176 0.00494381 1.12306e-06 0.018651 
4.16018e-07 0.732185 3.88785e-06 0.116671 0.0839542 0.00546501 2.04596e-07 0.00451319 0.00275775 0.0481211 0.000971514 0.000145855 0.00521055 
0.00136445 0.000152336 5.93758e-06 0.111353 0.000336802 0.120209 1.20897e-06 0.12779 0.0811033 0.224854 2.57291e-05 0.279918 0.0528865 
0.0175751 0.00612431 0.000305327 0.152196 0.123422 0.196371 0.00020873 0.144624 0.146391 0.129136 0.0256134 0.011405 0.0466282 
0.306739 0.00028994 0.0555615 0.0855012 0.00261963 0.000839532 6.96454e-06 0.0716377 0.0206557 0.450764 0.00139489 0.0010812 0.00290812 
1.68817e-05 1.49931e-06 1.44882e-06 0.0184357 1.68121e-06 7.88715e-05 3.55321e-10 0.031639 0.00599512 0.854751 0.000312537 0.0808517 0.00791424 
0.000901448 0.0169364 0.000740516 0.0437183 0.00283174 0.00550241 1.63335e-05 0.215821 0.648236 0.0298964 0.000897966 0.0155204 0.018981 
0.00563853 0.000161871 9.16474e-05 0.0840399 0.0880405 0.0143937 1.79332e-06 0.220233 0.0172463 0.563924 0.00144126 0.0037485 0.00103968 
0.000323871 1.90249e-07 0.998299 0.000143292 0.000117889 5.5045e-05 3.96512e-08 9.49926e-06 4.60546e-05 0.00070582 0.00025612 1.65365e-05 2.65495e-05 
0.0610113 0.00402809 5.96486e-05 0.0604297 0.0274487 0.000528918 1.04522e-05 0.0224697 0.027333 0.756558 0.000529198 0.0164408 0.0231528 
0.279416 0.000485171 0.000221676 0.184747 0.262101 0.00352417 2.17028e-09 0.0322214 0.031563 0.193082 5.6149e-05 0.00515225 0.00742967 
0.00536338 0.000582275 0.000666559 0.416133 0.120691 0.0757675 7.74165e-05 0.0375444 0.272781 0.0317371 0.0078536 0.0278905 0.00291254 
0.000142649 2.47282e-05 0.00038464 0.00333258 0.00109295 0.000600818 9.93536e-10 0.00128474 0.00230067 0.00701269 0.00119734 0.979382 0.00324437 
0.592409 0.0161849 1.15403e-06 0.0118839 0.123443 0.00279099 6.70169e-07 0.0709836 0.0563812 0.0846237 8.74417e-05 0.00944521 0.031765 
0.0137377 0.0162279 9.20097e-06 0.252191 0.00987697 0.0744765 1.47242e-07 0.192093 0.0657577 0.26804 0.000124281 0.0817367 0.0257284 
0.00108593 2.7238e-06 0.0011758 0.988293 0.000260572 0.00105884 4.78301e-11 0.00192016 0.00189813 0.00258545 3.88782e-05 0.00151189 0.000168535 
5.52947e-05 0.997912 4.05277e-07 0.000112297 0.000165115 0.00099423 3.28313e-13 0.000112086 0.000321852 6.18317e-05 0.00016097 2.74561e-05 7.61779e-05 
0.0341841 0.00272651 0.00903862 0.629872 0.0117019 0.0893251 2.54628e-06 0.0170051 0.108544 0.0704168 0.00100956 0.000573786 0.0255999 
0.0349663 3.22266e-05 0.00162042 0.139926 0.0197756 0.0798318 2.02862e-06 0.37148 0.0607251 0.0223903 0.0276522 0.00318257 0.238415 
0.000142649 2.47282e-05 0.00038464 0.00333258 0.00109295 0.000600818 9.93536e-10 0.00128474 0.00230067 0.00701269 0.00119734 0.979382 0.00324437 
0.0548253 0.000654287 2.43755e-05 0.447182 0.204746 0.0102026 3.19853e-06 0.0193631 0.225934 0.0241666 0.000108568 0.00102893 0.0117607 
0.0570266 0.00236247 0.00062211 0.529397 0.015953 0.000461074 1.59744e-05 0.0216169 0.0998486 0.206163 0.0489258 0.00107575 0.0165319 
9.27679e-05 5.94458e-05 5.34343e-07 0.0176323 0.000300697 0.000206805 1.75801e-08 0.0310677 0.0234196 0.000640159 1.50648e-05 0.90373 0.0228348 
0.0199422 0.000587222 0.00046872 0.450105 0.0682944 0.0150437 0.000335405 0.185376 0.0964641 0.141212 0.000720128 0.00155799 0.0198927 
0.0987067 0.00416093 0.117712 0.173451 0.0958653 0.00264537 8.09822e-06 0.0392353 0.0280447 0.430888 0.000480661 0.000970819 0.00783026 
0.000197478 2.11028e-07 0.998414 0.000128574 9.31623e-05 4.42548e-05 5.90287e-08 1.40138e-05 4.58336e-05 0.000749119 0.000257029 1.98147e-05 3.65785e-05 
0.0029923 0.00118472 0.00273017 0.00911607 0.287816 0.0929066 0.000128843 0.0344318 0.0365617 0.519586 0.00124149 0.00061131 0.0106935 
0.00576493 0.00565543 0.0159156 0.296726 0.0316563 0.0361136 0.000668398 0.109092 0.0492533 0.402289 0.00157027 0.0199961 0.0252998 
0.012814 2.87022e-05 2.9041e-05 0.551517 0.0491543 0.0224284 3.05085e-08 0.0415348 0.188109 0.130168 0.000360062 0.00123364 0.00262209 
0.000142649 2.47282e-05 0.00038464 0.00333258 0.00109295 0.000600818 9.93536e-10 0.00128474 0.00230067 0.00701269 0.00119734 0.979382 0.00324437 
5.53327e-06 0.000342159 0.000375487 0.0494174 8.00579e-08 0.00175748 2.18595e-09 0.000257552 1.70407e-05 0.944428 0.0030151 0.000383639 2.44658e-07 
0.0187952 0.0845476 0.000105224 0.114605 0.0649185 0.00467341 1.51994e-09 0.0111236 0.102041 0.596931 0.00118069 0.000111411 0.000967488 
0.0406979 0.0110587 1.94687e-05 0.0235413 0.02008 0.126792 3.05e-06 0.692061 0.00613354 0.0713543 5.57565e-05 0.00336147 0.00484161 
0.000727184 8.4594e-05 1.16665e-05 0.179836 0.0112167 0.0218783 4.06571e-06 0.274131 0.352001 0.154411 0.000188261 0.00322763 0.00228312 
0.0239533 0.000631473 0.00315704 0.508698 0.132613 0.00696377 0.000306593 0.0516274 0.230815 0.0195723 0.00669702 0.0049207 0.0100449 
0.00335516 0.00155271 3.45806e-06 0.184702 0.0293036 0.00116168 2.32049e-08 0.109002 0.00585658 0.663819 1.38846e-06 3.31023e-06 0.00123887 
4.74952e-08 0.00840409 1.42659e-07 0.0124981 0.00851134 0.00911712 1.31945e-10 0.0421344 1.13393e-07 0.913945 2.09415e-07 0.00538886 9.2786e-07 
0.00790609 0.00271657 0.000230629 0.124969 0.00208826 0.000953967 0.000117933 0.0598534 0.695424 0.0967023 0.00373386 0.000566416 0.00473753 
0.052277 9.78376e-06 4.6001e-08 0.636597 0.151127 9.42971e-05 2.90816e-12 0.0235452 0.123775 0.0122315 2.77671e-06 2.78794e-05 0.000312422 
0.0594201 0.000189388 0.000135198 0.111268 0.00655985 0.00172618 2.00284e-05 0.00889472 0.75216 0.014995 0.000174828 0.0384849 0.00597251 
0.0114577 0.11094 1.6486e-05 0.0281063 0.0322589 0.289814 1.72201e-06 0.130317 0.214275 0.00194668 0.0010013 0.176902 0.0029616 
0.000384813 0.00506136 0.000198224 0.00238992 0.983004 0.000442541 0.00014043 0.000497858 0.00183045 0.00400357 0.00082225 0.00035994 0.000864521 
0.0152125 0.000862075 0.000945172 0.0260801 0.711168 0.000980689 4.21786e-07 0.0905729 0.106878 0.0467304 0.000202568 1.22375e-05 0.000354576 
0.308614 0.0137138 1.81966e-07 0.0212244 0.50749 0.000281467 4.07592e-09 0.0113035 0.132676 0.00464113 7.1401e-06 1.85069e-05 3.0361e-05 
0.0159145 6.65333e-05 0.136454 0.246673 0.00760393 0.0819023 1.78239e-06 0.00725599 0.0376028 0.356183 0.108664 0.000462931 0.00121491 
0.000745756 0.00740748 0.000692993 0.737351 0.0310801 0.00100653 1.85486e-06 0.0171244 0.0754126 0.0992562 0.000859699 0.0237109 0.00535092 
0.0581457 0.000495711 0.000387643 0.116607 0.0235747 0.000199625 1.28902e-05 0.310407 0.0938369 0.388376 0.000144539 0.00333418 0.00447739 
0.0181703 0.000714242 0.000211932 0.793664 0.109052 0.00850634 9.89749e-05 0.00332483 0.0172989 0.00544301 0.0181305 0.000177375 0.025207 
0.0228608 0.000211923 0.000138778 0.653783 0.00169219 0.0657982 8.20126e-08 0.00326016 0.105626 0.130557 0.000411299 0.00391087 0.0117498 
0.00534309 0.000155428 5.06875e-08 0.0741201 0.00172856 0.00152349 1.33878e-09 0.0152874 0.885071 0.000725159 8.0064e-06 0.0100602 0.00597752 
0.00657705 0.0007424 9.17228e-05 0.274443 0.435829 2.76018e-05 5.3459e-06 0.0317282 0.153127 0.087183 2.52083e-05 8.82815e-06 0.0102116 
0.116053 0.0110345 0.00302741 0.113607 0.0767534 0.203262 5.35867e-06 0.0138865 0.0975749 0.157279 0.198746 0.000477124 0.00829473 
0.00104618 0.000450101 3.28789e-06 0.0168041 0.0609655 3.36247e-05 1.54175e-06 0.0044644 0.000100751 0.915061 5.82495e-05 0.000200014 0.000811172 
0.00161187 0.00436946 0.000194729 0.10923 0.661172 0.00685503 1.36684e-06 0.0137532 0.0130155 0.18083 0.00129951 0.000563412 0.00710363 
0.0568198 5.57773e-07 5.57795e-07 0.272687 0.11806 0.0132265 5.57619e-07 0.219096 0.150662 0.136411 5.58078e-07 0.0225972 0.010438 
0.000142649 2.47282e-05 0.00038464 0.00333258 0.00109295 0.000600818 9.93536e-10 0.00128474 0.00230067 0.00701269 0.00119734 0.979382 0.00324437 
0.080633 0.000573233 0.0207949 0.159073 0.0294408 0.0910059 6.95811e-05 0.0204438 0.339561 0.255879 0.00207914 0.00034989 9.66366e-05 
0.0709071 0.00177308 0.018377 0.0889666 0.213525 0.196881 0.00132992 0.0998996 0.0532958 0.223928 0.00816683 0.00154808 0.0214015 
0.766352 0.00123244 0.000766542 0.0155386 0.0615511 2.60131e-05 1.24875e-07 0.10673 0.0463919 0.00131116 1.78708e-07 4.57269e-05 5.39013e-05 
0.0645893 0.00025218 3.23995e-05 0.312697 0.386389 0.0102825 3.78823e-08 0.0360078 0.129296 0.00563761 0.00027936 0.0544781 5.88776e-05 
0.00162415 0.000126706 1.48135e-06 0.333248 0.543769 5.01244e-05 2.15094e-08 0.0189957 0.087227 0.00144784 0.0128773 4.76603e-05 0.000585172 
0.000197478 2.11028e-07 0.998414 0.000128574 9.31623e-05 4.42548e-05 5.90287e-08 1.40138e-05 4.58336e-05 0.000749119 0.000257029 1.98147e-05 3.65785e-05 
0.057672 0.00441198 5.25447e-09 0.397404 0.161639 0.00241374 5.55813e-12 0.171807 0.0578716 0.0793384 3.45222e-05 0.0638256 0.00358245 
0.000654796 0.000259013 8.37561e-08 0.072585 0.00170785 0.00131116 1.51582e-09 0.0233928 0.872272 0.00107487 1.33399e-05 0.0167668 0.00996234 
0.00099526 8.44175e-05 1.55e-06 0.215127 0.0106306 0.00105368 4.4862e-09 0.0630515 0.0894254 0.587922 0.0001295 0.0242119 0.00736726 
0.059293 0.000949522 0.0248392 0.0889314 0.446753 0.0466681 6.08319e-06 0.00461905 0.0145271 0.227646 0.00541662 0.0664868 0.0138637 
0.0081461 0.000661962 0.000338819 0.618402 0.00664203 0.00214914 8.59177e-10 0.0445698 0.0276963 0.264949 0.000430216 0.0215329 0.00448161 
0.0486014 0.000918509 4.0399e-08 0.752366 0.0092784 1.00215e-06 1.45256e-08 0.00260445 0.0376038 0.148378 9.70211e-08 4.66315e-06 0.000243283 
0.0515257 0.00357398 0.0173278 0.205689 0.0901724 0.0382746 0.000987488 0.0371881 0.0712602 0.423467 0.0300233 0.0181973 0.0123132 
0.00299252 0.147822 8.62926e-07 0.00107963 0.000479178 0.000144122 1.90207e-07 0.140835 0.236538 0.341262 0.0139498 0.112731 0.00216572 
0.000303501 0.00217821 8.56317e-06 0.888263 0.00417925 0.00419589 7.21566e-06 0.0256529 0.0153809 0.011763 0.000110789 0.00466775 0.0432889 
0.3561 0.000203079 0.0568835 0.117534 0.0219572 0.0132529 3.42459e-06 0.144509 0.112428 0.0765953 0.0546964 0.00457104 0.0412663 
0.0016835 6.21945e-05 1.83867e-08 0.751716 0.0880459 0.0812985 5.72038e-11 0.0494341 0.0167782 0.00912498 0.000684718 0.00106508 0.000106666 
0.000197478 2.11028e-07 0.998414 0.000128574 9.31623e-05 4.42548e-05 5.90287e-08 1.40138e-05 4.58336e-05 0.000749119 0.000257029 1.98147e-05 3.65785e-05 
2.87663e-05 4.40618e-05 1.11242e-06 0.000139401 3.08479e-05 2.97405e-05 5.54882e-13 0.00708246 0.000277354 3.27401e-05 2.13226e-05 0.99151 0.00080247 
0.0003778 6.08989e-05 3.97322e-10 0.0189977 0.000715104 0.000661674 1.40433e-12 0.0464231 0.0163083 0.00356502 8.71597e-06 0.905436 0.00744593 
0.0782226 6.94564e-05 0.00101739 0.67924 0.0213348 0.00664222 3.03098e-08 0.00465708 0.194469 0.0122396 3.33168e-05 0.000331521 0.00174237 
8.18127e-06 0.168259 1.42505e-07 0.0954236 0.00734355 7.12239e-05 6.34818e-08 0.0612577 0.638693 0.00242906 8.81615e-06 0.0173923 0.00911322 
0.0139008 0.000375589 0.00182949 0.0511127 0.0394255 0.0069452 1.39544e-05 0.211371 0.0872119 0.47063 0.00024552 0.109042 0.00789612 
0.014746 0.00118707 0.000132528 0.240595 0.0565466 0.00824702 6.26015e-11 0.348682 0.100176 0.207995 0.000820818 0.00527437 0.0155978 
0.000550386 0.00155416 0.000121387 0.0361681 0.00349868 0.0444507 8.31399e-08 0.0822595 0.0245031 0.755988 0.00135542 0.012314 0.0372364 
0.000999177 0.000765511 2.32783e-10 0.371798 0.000661289 1.00219e-07 1.60779e-12 2.25524e-05 0.624551 0.000359858 4.92408e-09 0.000839257 3.87854e-06 
0.0451146 0.0050992 0.000704648 0.280132 0.182624 0.140214 0.000152686 0.0793938 0.0174944 0.211473 0.000940799 0.0042512 0.0324059 
5.40472e-05 0.000256148 0.000287936 0.0333635 0.000187585 7.27915e-05 1.57635e-06 0.00233154 0.0308558 0.874275 0.00307084 0.0489675 0.00627556 
0.0100322 9.54719e-07 9.54757e-07 0.0913439 0.210201 9.55205e-07 9.54457e-07 0.03134 0.617045 0.039553 9.55242e-07 9.55007e-07 0.000478639 
1.68817e-05 1.49931e-06 1.44882e-06 0.0184357 1.68121e-06 7.88715e-05 3.55321e-10 0.031639 0.00599512 0.854751 0.000312537 0.0808517 0.00791424 
0.101935 0.00129385 0.0141003 0.338799 0.00511685 0.0852949 7.0839e-08 0.0059105 0.0289061 0.377603 0.0395499 0.000184379 0.00130596 
5.52947e-05 0.997912 4.05277e-07 0.000112297 0.000165115 0.00099423 3.28313e-13 0.000112086 0.000321852 6.18317e-05 0.00016097 2.74561e-05 7.61779e-05 
0.0149361 0.0499734 4.63895e-05 0.425732 0.0440567 0.00171306 6.51832e-07 0.0284103 0.0746962 0.359417 0.000356226 8.04763e-05 0.000580755 
0.00719572 0.000674575 6.02679e-08 0.0948746 0.00125578 0.00133751 1.04027e-08 0.0264607 0.843825 0.00777103 1.06939e-06 0.00949923 0.00710428 
0.00159935 0.00114033 3.38565e-05 0.240722 0.0277709 0.000798257 1.83344e-08 0.321488 0.119981 0.259618 7.83199e-05 0.0221549 0.00461556 
0.000197478 2.11028e-07 0.998414 0.000128574 9.31623e-05 4.42548e-05 5.90287e-08 1.40138e-05 4.58336e-05 0.000749119 0.000257029 1.98147e-05 3.65785e-05 
0.250763 0.000115696 0.000848411 0.435113 0.019986 0.00210531 1.05045e-05 0.00834175 0.21567 0.023738 0.000305143 0.0374882 0.00551457 
9.27679e-05 5.94458e-05 5.34343e-07 0.0176323 0.000300697 0.000206805 1.75801e-08 0.0310677 0.0234196 0.000640159 1.50648e-05 0.90373 0.0228348 
0.286194 0.0447283 0.000188286 0.136301 0.245931 0.0319009 1.58242e-05 0.0201828 0.0377138 0.161355 0.0004983 0.0159121 0.0190784 
0.00177374 0.000785703 5.549e-08 0.551817 0.00141867 0.000782529 3.50574e-12 0.0057155 0.417787 0.00913378 5.56817e-06 0.0106627 0.000118318 
0.00743934 0.00152791 2.74823e-07 0.0336575 0.0254406 8.06755e-05 1.29101e-07 0.088817 0.0511639 0.612691 0.000821078 0.0146604 0.163701 
0.00965873 0.00967957 0.000153305 0.132715 0.0799993 0.00757035 6.6541e-06 0.0290055 0.01052 0.632491 0.000684788 0.0469433 0.040572 
6.45321e-06 0.158726 5.39545e-06 0.0330914 0.243482 0.000189391 2.58731e-06 0.373002 0.0238264 0.0573395 0.018217 0.0621094 0.0300033 
0.00495625 0.000702295 0.000249005 0.198629 0.0572278 0.0238933 5.93042e-06 0.181974 0.0378508 0.407906 0.000919408 0.0605941 0.0250927 
0.000447047 0.891725 2.5723e-08 0.0408913 0.0064851 0.0213462 4.82587e-13 0.00790471 0.00252362 0.00215754 0.000741476 0.00013419 0.0256436 
0.192109 0.00987345 0.000137744 0.146934 0.0637351 0.00094166 7.59318e-06 0.0807215 0.0436047 0.405526 0.000416727 0.0494656 0.00652749 
0.00222445 0.0124161 0.000121288 0.30064 0.0141224 0.00112623 3.20591e-05 0.0392083 0.328649 0.297368 0.000205307 0.00380899 7.75416e-05 
0.000197478 2.11028e-07 0.998414 0.000128574 9.31623e-05 4.42548e-05 5.90287e-08 1.40138e-05 4.58336e-05 0.000749119 0.000257029 1.98147e-05 3.65785e-05 
0.000197478 2.11028e-07 0.998414 0.000128574 9.31623e-05 4.42548e-05 5.90287e-08 1.40138e-05 4.58336e-05 0.000749119 0.000257029 1.98147e-05 3.65785e-05 
0.0179414 0.00203655 4.66194e-05 0.0244621 0.0601035 0.0172457 2.92285e-06 0.105963 0.0447097 0.109038 0.000748181 0.00062841 0.617074 
2.34221e-05 4.2935e-06 0.000162579 0.769894 0.000603933 0.00286185 1.74751e-07 0.0819428 0.103848 0.0310612 0.000275148 0.00861542 0.000707592 
1.31558e-05 1.3147e-05 0.0618066 0.0539583 0.0131703 1.31537e-05 1.31434e-05 0.198687 0.169743 0.365745 0.113139 0.023685 1.31559e-05 
0.0310262 0.00461004 1.55632e-05 0.0785035 0.18322 0.0402518 2.40206e-07 0.225573 0.139203 0.18877 0.000191169 0.00451711 0.104117 
0.000185645 0.00763767 0.00249298 0.0206472 0.0105556 0.854439 4.81587e-12 0.00537442 0.0015625 0.0138242 0.0797381 4.70812e-05 0.00349528 
0.810107 1.69156e-05 7.68335e-06 0.069626 0.00197047 0.00393243 3.61551e-06 0.00438429 0.0562572 0.0487162 5.686e-06 2.54358e-05 0.00494745 
0.000614162 0.773605 7.14918e-06 0.0732385 0.0586953 0.00947956 4.28272e-09 0.0126126 0.0115621 0.0187049 0.00111023 0.000609203 0.0397611 
0.00982626 0.000971456 0.00687973 0.743164 0.0113807 0.00581973 3.56727e-06 0.0344554 0.0643486 0.0748901 0.000225035 0.0471453 0.000890234 
1.45491e-06 0.000673732 1.97835e-08 0.163115 0.0116293 0.00242812 3.32918e-10 0.00891504 0.809026 0.000902041 3.51394e-07 1.27921e-05 0.00329616 
0.00806326 3.76132e-05 7.079e-05 0.521189 0.0227414 0.00199598 5.27258e-06 0.0157028 0.418069 0.00801259 3.81534e-05 0.000238096 0.00383631 
0.00220105 0.000616176 8.05547e-06 0.131288 0.0545646 0.000941321 3.85466e-07 0.554594 0.0522964 0.181853 0.000154004 0.00153877 0.0199442 
0.0605685 0.000321084 1.94226e-05 0.132712 0.0851771 0.00578154 1.16977e-07 0.0036756 0.183111 0.528186 1.28014e-05 7.55836e-05 0.000359477 
0.000197478 2.11028e-07 0.998414 0.000128574 9.31623e-05 4.42548e-05 5.90287e-08 1.40138e-05 4.58336e-05 0.000749119 0.000257029 1.98147e-05 3.65785e-05 
0.000142649 2.47282e-05 0.00038464 0.00333258 0.00109295 0.000600818 9.93536e-10 0.00128474 0.00230067 0.00701269 0.00119734 0.979382 0.00324437 
0.0517916 0.000353766 3.34304e-05 0.180118 0.0599066 0.00256104 5.54454e-06 0.050169 0.18318 0.46208 8.24663e-05 0.00581453 0.00390419 
0.000463135 0.000101009 1.39533e-05 0.552583 0.0201976 0.000111618 1.23222e-07 0.102441 0.136609 0.025291 5.11491e-05 0.0936753 0.0684627 
1.19441e-06 0.000209471 6.6852e-07 0.00155433 6.7732e-05 0.00012644 8.34852e-09 0.00608851 0.000667256 0.990663 0.000267466 0.000259655 9.46092e-05 
0.0201114 0.000231812 4.65466e-05 0.345336 0.0234643 0.00105893 3.81797e-06 0.105426 0.365592 0.011092 9.50296e-05 0.045425 0.082117 
0.000142649 2.47282e-05 0.00038464 0.00333258 0.00109295 0.000600818 9.93536e-10 0.00128474 0.00230067 0.00701269 0.00119734 0.979382 0.00324437 
0.0222087 0.00574415 3.61467e-05 0.275987 0.0405058 0.00716377 1.88535e-06 0.163333 0.201777 0.213294 0.000512591 0.052446 0.0169897 
0.0114577 0.11094 1.6486e-05 0.0281063 0.0322589 0.289814 1.72201e-06 0.130317 0.214275 0.00194668 0.0010013 0.176902 0.0029616 
0.487413 0.000311548 0.0025214 0.148268 0.0988063 0.009634 1.40748e-05 0.0309034 0.156122 0.0529706 0.000190194 0.000764999 0.0120808 
0.018044 0.000488848 0.000301712 0.162703 0.0104431 0.580522 0.000272134 0.00544569 0.0330222 0.147594 0.000644257 0.0385862 0.00193278 
0.0158581 0.00209444 3.14333e-05 0.0813711 0.0069361 0.00692986 7.16174e-09 0.286009 0.0372928 0.561261 0.000108402 0.00132485 0.000783009 
4.5594e-05 0.000198388 1.02811e-08 0.00121732 0.000223778 0.00455474 5.69284e-10 0.100344 0.0369949 0.855918 2.25658e-06 2.42724e-05 0.000476757 
0.0103378 1.50704e-08 2.62031e-08 0.235379 0.0123196 3.49131e-08 1.11957e-11 0.0039911 0.736607 0.0010236 2.22709e-06 1.41346e-08 0.000339534 
0.152223 0.000319297 0.000785871 0.0980743 0.241436 0.218786 7.95664e-05 0.0442143 0.154828 0.0477542 0.00133728 0.000807709 0.0393549 
0.00418929 0.000603831 2.3314e-08 0.162311 0.145932 0.0134212 1.17888e-08 0.00730177 0.545849 0.0777663 1.53295e-08 0.0426226 3.00114e-06 
1.30536e-05 1.30448e-05 1.30454e-05 0.0861769 1.30549e-05 0.447678 1.30413e-05 0.131868 1.30551e-05 0.215397 0.0757145 0.0430742 1.30537e-05 
0.00646351 0.00190725 0.00677319 0.0192176 0.154029 0.0181895 1.60315e-05 0.621526 0.0368609 0.0868874 3.13215e-05 0.00155601 0.046542 
0.689283 5.43831e-05 2.26931e-06 0.132645 0.0101464 0.00168318 1.60883e-08 0.00251527 0.0666173 0.0961166 0.000515885 0.000340095 8.01801e-05 
0.0245293 0.00323588 0.000122331 0.0672623 0.00608472 0.0208069 9.74342e-05 0.276187 0.14765 0.0339133 0.000183355 0.309871 0.110056 
0.000142649 2.47282e-05 0.00038464 0.00333258 0.00109295 0.000600818 9.93536e-10 0.00128474 0.00230067 0.00701269 0.00119734 0.979382 0.00324437 
