0.00120934 0.0140572 1.50415e-08 0.122653 0.0209838 0.246221 0.406126 0.144273 0.00290068 0.0239558 0.000112224 0.000432361 0.017076 
0.00969384 0.0194157 7.96666e-05 0.12266 0.0467927 0.261957 0.34644 0.14414 0.00493822 0.0289056 0.000187652 0.000558703 0.0142301 
0.0066493 0.00626789 0.0145851 0.0869663 0.0352178 0.0393118 0.247007 0.0895031 0.121774 0.209315 0.0014529 0.0385943 0.103355 
0.0766926 0.00257354 4.7582e-05 0.0262771 0.182727 0.000258131 0.55809 0.010025 0.0129974 0.129997 1.03604e-05 0.000286846 1.69933e-05 
0.0957854 0.0138544 8.21698e-06 0.116559 0.058919 0.148955 0.221694 0.180419 0.0870716 0.04102 0.000219262 0.00198055 0.0335155 
0.0432308 0.00086296 1.80217e-05 0.0305165 0.144204 9.38349e-06 0.443717 0.0568269 0.0231634 0.257386 4.80184e-05 1.76199e-05 2.42716e-07 
0.00204922 0.00107082 4.42812e-07 0.0242277 0.085343 0.00181265 0.859402 0.017774 0.00256498 0.00427086 4.12463e-07 0.000217491 0.00126663 
0.00582277 0.000193241 7.11513e-05 0.0584509 0.0352764 0.00370635 0.410836 0.134574 0.0276915 0.011762 5.97667e-06 0.0116369 0.299973 
0.00120934 0.0140572 1.50415e-08 0.122653 0.0209838 0.246221 0.406126 0.144273 0.00290068 0.0239558 0.000112224 0.000432361 0.017076 
0.00613632 1.80717e-05 1.25623e-05 2.01765e-05 0.172444 2.06754e-08 0.774098 0.0224395 0.0203841 0.00404517 6.61398e-06 0.000329319 6.69598e-05 
2.97395e-05 9.6085e-05 5.55147e-07 0.0393277 0.00737873 0.000328165 0.923908 0.0139682 0.010082 0.004134 4.9259e-06 0.000695442 4.65711e-05 
1.67898e-05 7.45441e-05 7.05894e-05 6.69306e-06 8.30917e-06 3.0527e-05 0.99967 7.47761e-06 6.73696e-06 1.66326e-05 2.72821e-05 4.83192e-05 1.57333e-05 
0.000774423 0.00357256 2.42725e-06 0.00516225 0.0710521 7.63419e-06 0.781381 0.00222267 0.000654998 0.135113 4.70097e-05 9.71725e-06 6.56366e-08 
0.131367 0.000805154 0.000273943 0.0465811 0.0911906 0.012248 0.281224 0.0495757 0.190705 0.174626 0.0017555 0.00145461 0.0181929 
0.167327 0.000423629 1.6466e-06 0.0365815 0.0970928 0.0158388 0.2691 0.110297 0.0405676 0.252318 0.00157961 0.00679804 0.00207372 
0.000758999 0.00633558 4.58927e-10 0.0368131 0.026898 0.240519 0.483764 0.133636 5.25138e-06 0.0442742 4.02379e-05 2.16509e-06 0.0269532 
1.14076e-05 1.10284e-07 1.04433e-07 3.13606e-05 0.000119605 4.5163e-08 0.666595 1.66021e-05 4.94235e-06 0.333176 4.03624e-08 4.47421e-05 2.32766e-08 
0.00743323 0.00214924 0.0384896 0.00394502 0.0246546 0.000127545 0.443106 0.350212 0.0582253 0.0277115 6.99223e-05 0.0138473 0.0300293 
0.000160224 1.85493e-06 1.75652e-06 1.26501e-05 4.70198e-05 7.59623e-07 0.508999 1.8607e-07 3.43663e-05 0.490661 6.04821e-05 1.97844e-05 3.91502e-07 
2.97395e-05 9.6085e-05 5.55147e-07 0.0393277 0.00737873 0.000328165 0.923908 0.0139682 0.010082 0.004134 4.9259e-06 0.000695442 4.65711e-05 
1.38992e-05 1.38899e-05 1.38904e-05 1.39008e-05 1.39006e-05 1.38969e-05 0.974815 1.39006e-05 1.39008e-05 0.0250324 1.38975e-05 1.38941e-05 1.38993e-05 
0.0407625 1.21559e-05 1.26485e-06 0.0153343 0.164845 1.50836e-06 0.698634 0.00389392 0.00986303 0.0666467 3.61869e-06 2.13387e-06 1.16757e-07 
0.0231076 1.28645e-05 8.05794e-07 3.45723e-06 0.0463231 1.18647e-06 0.867892 0.00462916 0.0298299 0.0281956 3.03963e-06 1.65692e-06 3.56353e-08 
0.000758999 0.00633558 4.58927e-10 0.0368131 0.026898 0.240519 0.483764 0.133636 5.25138e-06 0.0442742 4.02379e-05 2.16509e-06 0.0269532 
0.10666 4.93539e-05 0.000522251 0.00071268 0.277396 0.0291647 0.422691 0.0170644 0.0766045 0.068768 0.000349198 1.74771e-05 9.61802e-07 
2.97395e-05 9.6085e-05 5.55147e-07 0.0393277 0.00737873 0.000328165 0.923908 0.0139682 0.010082 0.004134 4.9259e-06 0.000695442 4.65711e-05 
0.0366523 0.0051993 0.00297222 2.47662e-06 2.47659e-06 0.0195624 0.504946 0.0240255 0.104021 0.293449 0.0019833 0.00718125 2.47637e-06 
0.0217818 0.0287102 2.38225e-07 0.0183304 0.0893714 9.19081e-05 0.661759 0.0615763 0.00913212 0.0967737 7.46465e-06 5.57917e-05 0.0124095 
0.0722266 0.00371213 0.000469704 0.00117914 0.0249872 2.31009e-05 0.745158 0.0134491 0.0114302 0.127077 0.000261109 2.47455e-05 1.70425e-06 
0.114007 0.000203806 7.44221e-05 0.0408237 0.189998 3.35648e-06 0.362799 0.0230357 0.151538 0.116898 0.000358989 0.000247147 1.20904e-05 
0.000758999 0.00633558 4.58927e-10 0.0368131 0.026898 0.240519 0.483764 0.133636 5.25138e-06 0.0442742 4.02379e-05 2.16509e-06 0.0269532 
0.000149666 0.000264406 2.90719e-06 0.116487 0.0159495 0.00730095 0.394615 0.0522254 0.358299 0.0348466 0.00561724 0.00853041 0.00571122 
0.00120934 0.0140572 1.50415e-08 0.122653 0.0209838 0.246221 0.406126 0.144273 0.00290068 0.0239558 0.000112224 0.000432361 0.017076 
0.00120934 0.0140572 1.50415e-08 0.122653 0.0209838 0.246221 0.406126 0.144273 0.00290068 0.0239558 0.000112224 0.000432361 0.017076 
0.00120934 0.0140572 1.50415e-08 0.122653 0.0209838 0.246221 0.406126 0.144273 0.00290068 0.0239558 0.000112224 0.000432361 0.017076 
0.00306165 0.0385412 2.96196e-07 3.99304e-05 0.0293076 0.000115097 0.907958 0.00451197 0.0024935 0.0136072 0.000359646 1.3635e-06 2.98177e-06 
0.000758999 0.00633558 4.58927e-10 0.0368131 0.026898 0.240519 0.483764 0.133636 5.25138e-06 0.0442742 4.02379e-05 2.16509e-06 0.0269532 
0.0557875 3.99955e-05 1.7762e-07 0.000246649 0.0344917 1.94353e-05 0.773359 0.025293 0.00729205 0.103468 6.86483e-08 1.21583e-07 2.02732e-06 
7.47364e-06 2.06338e-07 1.95392e-07 0.0240437 2.29998e-08 4.73484e-05 0.975814 2.0698e-08 7.27839e-05 4.60392e-08 7.5517e-08 1.33748e-07 1.44306e-05 
0.00160691 0.00030748 3.35239e-06 0.00415441 0.263183 0.00220606 0.489018 0.0864025 0.0528097 0.100052 9.02708e-05 0.000162471 4.09782e-06 
0.0160488 0.000476226 7.30735e-06 0.00125691 0.0823243 3.38277e-07 0.816415 0.0403294 0.0360764 0.00632358 2.13971e-05 0.000692581 2.79651e-05 
0.00283187 0.00994529 5.71483e-06 0.0412739 0.184878 0.00355279 0.623141 0.0181742 0.104921 0.00900425 0.000263796 0.00132409 0.000684466 
0.0146498 8.38639e-06 0.135274 0.0267021 0.0849487 0.00273379 0.521262 0.0294607 0.0412257 0.142347 0.000183568 0.000890814 0.00031324 
0.0160488 0.000476226 7.30735e-06 0.00125691 0.0823243 3.38277e-07 0.816415 0.0403294 0.0360764 0.00632358 2.13971e-05 0.000692581 2.79651e-05 
0.00026348 0.00178979 5.15882e-06 0.0101241 0.299237 0.000542694 0.380519 0.22149 0.0396201 0.0454066 1.05507e-05 3.4887e-05 0.00095666 
0.0352404 0.00201816 2.10543e-08 0.00560829 0.0182556 0.000687754 0.558411 0.0391768 0.0237084 0.316823 3.32937e-07 6.39187e-05 6.33581e-06 
0.0122055 0.00345911 5.96341e-08 0.208287 0.0659119 0.0562535 0.308762 0.00817804 0.256279 0.0243164 0.000160351 0.0526191 0.00356723 
0.00428116 0.00108384 2.67696e-05 0.012731 0.0264637 0.0124148 0.889079 0.0142954 0.0181119 0.00374174 0.00565958 0.00127654 0.0108342 
2.97395e-05 9.6085e-05 5.55147e-07 0.0393277 0.00737873 0.000328165 0.923908 0.0139682 0.010082 0.004134 4.9259e-06 0.000695442 4.65711e-05 
0.0153792 7.96052e-06 7.23275e-06 0.000343292 0.046704 0.000128534 0.79183 0.0280225 0.101646 0.0147362 1.96614e-06 0.0011355 5.84069e-05 
0.0465047 0.0360625 1.98055e-05 0.0059883 0.015784 0.290374 0.358079 0.0611064 0.0220195 0.143651 3.84919e-05 0.0197481 0.000623984 
0.00449726 0.00043351 1.08503e-06 0.162673 0.124003 0.0107859 0.314728 0.140141 0.194096 0.0390311 0.000282289 0.000961413 0.00836663 
0.0490471 5.34765e-05 3.33126e-07 1.35036e-05 0.0304432 1.0421e-06 0.821959 8.22216e-05 0.010701 0.0876873 2.73124e-07 7.56409e-06 3.90977e-06 
0.00763713 0.0155061 3.70068e-07 0.00458855 0.0791821 0.128472 0.576876 0.132728 0.0206527 0.0195889 4.27037e-05 0.0143274 0.000397618 
0.145622 0.00219929 8.22145e-05 0.0305961 0.0297393 0.00055927 0.31058 0.0957411 0.0485396 0.20773 7.63131e-06 0.128527 7.63742e-05 
0.0391045 0.000553336 0.000387708 0.00856328 0.171152 0.000625324 0.271312 0.173857 0.164881 0.168223 0.00047448 0.000772335 9.50547e-05 
0.00239384 0.0129938 1.33904e-08 0.157639 0.0147469 0.218704 0.369402 0.16178 0.00752391 0.0296121 0.000112105 0.0004321 0.0246599 
0.00016465 0.00141896 3.10359e-06 0.000408066 0.0016469 1.1688e-06 0.99276 0.000867107 0.00197318 0.000716879 1.95606e-07 1.01565e-05 2.95657e-05 
0.0147432 0.155105 1.2776e-06 0.188233 0.178402 0.0117321 0.234751 0.0745574 0.0957154 0.0284644 0.00015898 0.00174276 0.0163943 
0.00102931 0.000404412 2.02312e-07 0.00906063 0.0242906 0.0028645 0.911936 0.0163421 0.0324706 0.000199314 4.32906e-06 0.000232891 0.00116504 
0.0490471 5.34765e-05 3.33126e-07 1.35036e-05 0.0304432 1.0421e-06 0.821959 8.22216e-05 0.010701 0.0876873 2.73124e-07 7.56409e-06 3.90977e-06 
0.00172529 0.00135595 1.45848e-05 0.00343781 0.025827 0.000328452 0.56955 0.233543 0.0803815 0.0813821 0.000229788 0.00143924 0.000785232 
0.00120934 0.0140572 1.50415e-08 0.122653 0.0209838 0.246221 0.406126 0.144273 0.00290068 0.0239558 0.000112224 0.000432361 0.017076 
0.00120934 0.0140572 1.50415e-08 0.122653 0.0209838 0.246221 0.406126 0.144273 0.00290068 0.0239558 0.000112224 0.000432361 0.017076 
0.0332729 0.0538074 0.00207093 0.086711 0.136277 1.38034e-06 0.265785 0.0762165 0.15271 0.184445 1.3804e-06 1.38006e-06 0.00869905 
0.0708891 0.00115581 1.17313e-05 0.126991 0.0725151 3.43309e-05 0.529012 0.11081 0.0263399 0.0272843 1.6185e-05 0.000725926 0.034215 
0.000758999 0.00633558 4.58927e-10 0.0368131 0.026898 0.240519 0.483764 0.133636 5.25138e-06 0.0442742 4.02379e-05 2.16509e-06 0.0269532 
0.00040232 0.0203527 1.24153e-06 0.00137397 0.0675354 9.89077e-05 0.753079 0.000477381 0.0230937 0.133433 5.08017e-05 8.90559e-05 1.26334e-05 
0.00909323 5.12817e-06 0.177533 0.0179417 0.0726551 0.00168385 0.492066 0.0145602 0.0294957 0.184022 0.000140935 0.000703017 0.000100937 
0.016037 0.000561993 9.35764e-07 0.0050803 0.366388 0.000159784 0.552635 0.00407001 0.0413741 0.0136438 2.1966e-05 2.49403e-05 1.88562e-06 
2.97395e-05 9.6085e-05 5.55147e-07 0.0393277 0.00737873 0.000328165 0.923908 0.0139682 0.010082 0.004134 4.9259e-06 0.000695442 4.65711e-05 
0.000404649 0.00358468 1.32884e-06 0.00435397 0.0146177 0.0199852 0.691176 0.121322 0.0195956 0.106786 0.00216492 0.00770026 0.00830825 
0.00120934 0.0140572 1.50415e-08 0.122653 0.0209838 0.246221 0.406126 0.144273 0.00290068 0.0239558 0.000112224 0.000432361 0.017076 
0.00548259 0.000281309 1.96206e-06 0.0373167 0.0637497 0.000429034 0.60551 0.0658808 0.193743 0.0207821 5.34167e-05 0.0024293 0.00433987 
0.00120934 0.0140572 1.50415e-08 0.122653 0.0209838 0.246221 0.406126 0.144273 0.00290068 0.0239558 0.000112224 0.000432361 0.017076 
2.97395e-05 9.6085e-05 5.55147e-07 0.0393277 0.00737873 0.000328165 0.923908 0.0139682 0.010082 0.004134 4.9259e-06 0.000695442 4.65711e-05 
0.00120934 0.0140572 1.50415e-08 0.122653 0.0209838 0.246221 0.406126 0.144273 0.00290068 0.0239558 0.000112224 0.000432361 0.017076 
0.0146893 0.0153867 1.04708e-07 0.140086 0.0416628 0.181553 0.191872 0.15323 0.147568 0.0257053 6.92031e-05 0.000230906 0.0879461 
0.000448058 0.000227258 8.17369e-06 0.0199251 0.00221533 0.0530635 0.905222 1.10721e-05 0.00800731 0.0103071 0.000525185 2.33335e-05 1.68856e-05 
4.24037e-06 1.88266e-05 1.78278e-05 1.69037e-06 2.09853e-06 7.70978e-06 0.999917 1.88851e-06 1.70146e-06 4.20067e-06 6.89026e-06 1.22033e-05 3.97355e-06 
1.45611e-05 8.35206e-05 1.56972e-05 0.000723755 0.000106277 0.000222006 0.740714 0.142162 0.000180104 0.00140938 2.08533e-07 0.00198162 0.112387 
0.140927 0.00021738 0.000910169 0.150068 0.155555 0.0401512 0.171029 0.147763 0.155221 0.0352388 0.000274765 0.00095489 0.0016901 
0.0341852 1.02559e-05 2.88568e-07 0.153191 0.112396 0.052479 0.488764 0.0638991 0.0537912 0.0362498 0.000104984 0.000871123 0.00405743 
0.000402037 0.000251772 3.40758e-09 0.00671586 0.0127841 0.0370154 0.515114 0.00413569 0.423311 8.61991e-05 8.41144e-05 6.96259e-05 3.00749e-05 
2.49344e-06 1.83718e-05 1.33612e-06 0.00185305 0.0354849 1.70802e-06 0.721112 0.00274734 0.124725 0.114048 4.19594e-06 2.40537e-06 1.03635e-07 
0.00201342 0.00383135 2.03261e-06 0.0364244 0.244975 0.0523729 0.559371 0.00440186 0.011018 0.0852944 0.000204514 3.9307e-06 8.80055e-05 
0.0147432 0.155105 1.2776e-06 0.188233 0.178402 0.0117321 0.234751 0.0745574 0.0957154 0.0284644 0.00015898 0.00174276 0.0163943 
0.00120934 0.0140572 1.50415e-08 0.122653 0.0209838 0.246221 0.406126 0.144273 0.00290068 0.0239558 0.000112224 0.000432361 0.017076 
0.00363124 0.0107643 6.04726e-07 0.00611291 6.05167e-07 6.05009e-07 0.898159 0.0509558 6.05179e-07 0.00544657 6.05033e-07 0.0113724 0.0135552 
2.97395e-05 9.6085e-05 5.55147e-07 0.0393277 0.00737873 0.000328165 0.923908 0.0139682 0.010082 0.004134 4.9259e-06 0.000695442 4.65711e-05 
0.000412589 1.13079e-05 2.27942e-05 0.0167836 0.113856 0.00141026 0.788263 0.0247894 0.0478921 0.00636624 3.1603e-05 7.62971e-05 8.49599e-05 
0.000711697 2.64531e-05 0.00694362 0.0261535 0.296345 0.00474252 0.602601 0.0160077 0.0291326 0.0162451 0.000210861 7.44604e-05 0.000805971 
2.97395e-05 9.6085e-05 5.55147e-07 0.0393277 0.00737873 0.000328165 0.923908 0.0139682 0.010082 0.004134 4.9259e-06 0.000695442 4.65711e-05 
2.97395e-05 9.6085e-05 5.55147e-07 0.0393277 0.00737873 0.000328165 0.923908 0.0139682 0.010082 0.004134 4.9259e-06 0.000695442 4.65711e-05 
0.0237131 0.00643012 1.08949e-05 0.0205889 0.254303 7.99905e-06 0.552107 0.0323481 0.0871139 0.0233718 7.78144e-08 2.94681e-06 1.64987e-06 
0.000974841 1.69278e-05 4.0672e-07 0.0102574 0.0454085 1.7589e-07 0.457021 0.094393 0.0592931 0.330465 5.77621e-05 0.00130246 0.000810253 
8.30622e-05 6.31406e-05 5.46517e-08 2.16745e-05 0.00011415 6.04216e-07 0.966228 0.000621746 0.0197686 0.00875668 7.39245e-08 0.00433845 3.56472e-06 
0.000619924 0.273531 2.30978e-05 0.00322457 0.207945 0.00697419 0.467879 7.04914e-07 0.0121146 0.0276818 4.6394e-06 8.6467e-07 3.74207e-07 
0.0265277 0.000560597 2.21755e-05 0.0142412 0.198712 0.000780623 0.37871 0.103321 0.0866546 0.188436 0.000405394 0.00114389 0.00048525 
0.00238674 0.000177548 1.8645e-09 0.142332 0.0896334 8.84957e-05 0.65545 0.011715 0.0154881 0.0820099 2.04052e-05 1.55601e-05 0.000682578 
0.000865289 0.00993046 8.92291e-08 0.086592 0.014814 0.232331 0.522188 0.101786 0.00205951 0.0169347 8.50496e-05 0.000320295 0.0120937 
0.00119078 0.106615 5.21796e-08 0.00931191 0.0631752 0.000108356 0.793684 0.00312571 0.0100328 0.0124289 6.263e-07 0.000166675 0.000160552 
0.0765415 0.0572111 3.39046e-10 0.0154288 0.107224 0.042174 0.348667 0.172273 0.0582955 0.00285701 0.101972 0.000299447 0.0170572 
0.0140288 2.45817e-05 9.88226e-07 0.00097273 0.126716 3.87307e-06 0.654045 0.0628531 0.0591161 0.0818456 2.63808e-05 4.8438e-06 0.000362253 
0.173117 4.83212e-05 5.76126e-08 0.0126491 0.138739 9.674e-07 0.533213 0.0729268 0.0443136 0.024981 1.0199e-07 7.52635e-06 3.6337e-06 
0.0352404 0.00201816 2.10543e-08 0.00560829 0.0182556 0.000687754 0.558411 0.0391768 0.0237084 0.316823 3.32937e-07 6.39187e-05 6.33581e-06 
7.47364e-06 2.06338e-07 1.95392e-07 0.0240437 2.29998e-08 4.73484e-05 0.975814 2.0698e-08 7.27839e-05 4.60392e-08 7.5517e-08 1.33748e-07 1.44306e-05 
0.00191489 0.00124142 3.15455e-08 0.033354 0.266549 0.0646344 0.533116 0.00350078 0.0109125 0.0844281 0.000247937 2.25883e-06 9.89977e-05 
0.00313758 8.43399e-05 1.53161e-07 0.00315803 0.000169555 0.000356981 0.85833 0.0355882 0.000229995 0.00368546 3.02448e-08 0.000397787 0.0948616 
0.00462816 9.63685e-05 8.78292e-07 0.00821037 0.0158504 0.00935592 0.771313 0.0767293 0.0460594 0.0672343 2.54566e-05 6.39199e-05 0.000432567 
0.00120934 0.0140572 1.50415e-08 0.122653 0.0209838 0.246221 0.406126 0.144273 0.00290068 0.0239558 0.000112224 0.000432361 0.017076 
0.0101239 0.000845327 0.000122544 0.0188951 0.0643926 0.0391675 0.525893 0.0369316 0.253702 0.0287284 0.0179323 0.00150039 0.0017656 
0.0127606 0.000205362 2.48193e-06 0.00606927 0.193101 4.28133e-06 0.315068 0.312244 0.120789 0.0354885 6.32426e-06 0.000621124 0.00363937 
0.0326973 0.00481239 1.22739e-07 0.0281193 0.283364 5.30796e-08 0.424944 0.0184985 0.0242173 0.119685 3.4333e-06 0.00421785 0.0594403 
0.00146128 0.000910709 0.000215195 0.000715181 3.76724e-08 1.38405e-07 0.9276 0.0547461 0.0140416 2.65004e-06 0.000259266 7.26814e-06 4.1088e-05 
0.020217 0.0034868 4.41515e-08 0.147561 0.0899213 0.0581156 0.274174 0.114094 0.213146 0.0650748 0.000648601 0.00199345 0.0115674 
0.00294902 0.000981305 0.000104879 0.00216986 0.0346209 0.000404192 0.878643 0.00633731 0.00986171 0.0638656 5.53662e-05 7.14617e-06 1.82642e-07 
0.00120934 0.0140572 1.50415e-08 0.122653 0.0209838 0.246221 0.406126 0.144273 0.00290068 0.0239558 0.000112224 0.000432361 0.017076 
0.0055237 5.88706e-07 0.000268933 0.0382943 0.0930644 6.18142e-06 0.690309 0.112088 0.0565116 0.00392831 1.64236e-07 2.14218e-06 2.62134e-06 
0.0014636 0.00102559 8.57314e-05 0.053445 0.197902 0.00300233 0.659368 0.0210761 0.0391379 0.0184516 6.93122e-05 0.000437622 0.00453508 
0.00686618 0.0092632 1.25255e-07 0.221114 0.160818 0.179991 0.234194 0.0879609 0.0598968 0.0129056 8.9958e-05 0.000689736 0.0262103 
0.000758999 0.00633558 4.58927e-10 0.0368131 0.026898 0.240519 0.483764 0.133636 5.25138e-06 0.0442742 4.02379e-05 2.16509e-06 0.0269532 
5.76456e-07 0.0514144 2.42359e-06 2.29797e-07 2.85284e-07 0.000162662 0.934005 2.56733e-07 2.31304e-07 3.08466e-05 9.36694e-07 1.65897e-06 0.0143809 
4.41401e-05 2.98641e-05 7.37902e-08 7.94394e-06 4.07781e-05 3.10008e-07 0.95606 0.000830421 0.0295308 0.012867 7.31558e-08 0.000586953 1.98833e-06 
2.97395e-05 9.6085e-05 5.55147e-07 0.0393277 0.00737873 0.000328165 0.923908 0.0139682 0.010082 0.004134 4.9259e-06 0.000695442 4.65711e-05 
0.00048835 5.11828e-05 2.86493e-07 0.000209696 0.000664826 9.9734e-07 0.60305 0.28357 0.000108472 0.111581 2.28085e-07 7.33432e-06 0.000267273 
0.0398179 0.000234921 0.000106473 0.0148525 0.0930982 0.000471327 0.682401 0.0190434 0.0733742 0.0764475 5.35068e-05 3.71141e-05 6.16759e-05 
2.97395e-05 9.6085e-05 5.55147e-07 0.0393277 0.00737873 0.000328165 0.923908 0.0139682 0.010082 0.004134 4.9259e-06 0.000695442 4.65711e-05 
0.00207386 0.00192519 4.95873e-08 0.0690934 0.245751 0.0412719 0.531852 0.00582246 0.0190239 0.0828175 0.000152846 4.66943e-08 0.000215859 
0.00238674 0.000177548 1.8645e-09 0.142332 0.0896334 8.84957e-05 0.65545 0.011715 0.0154881 0.0820099 2.04052e-05 1.55601e-05 0.000682578 
4.13852e-05 0.000128019 9.16537e-07 0.0583705 0.00980575 0.001046 0.875784 0.0235312 0.020409 0.00948861 7.62169e-06 0.00131656 7.06982e-05 
0.132783 0.00022155 6.47078e-07 0.028279 0.106817 0.00157282 0.508917 0.00321237 0.203947 0.0140267 0.000196289 1.82632e-05 8.54296e-06 
1.85819e-05 0.000105678 1.32581e-06 2.55251e-05 0.000116406 2.90512e-06 0.999356 0.000143447 0.000190613 1.23316e-05 9.01096e-07 1.84506e-05 8.26822e-06 
0.0013569 0.0018884 0.000144428 0.0318808 0.000247739 0.00253012 0.485837 0.0668817 0.24993 0.0649082 3.2088e-08 0.000354935 0.0940389 
0.0370173 0.0142523 6.22309e-08 0.0459572 0.208978 0.0310211 0.460382 0.0523165 0.118668 0.00262568 0.0216386 0.00047581 0.00666729 
0.0122929 0.00178609 5.16743e-05 0.0799461 0.213508 0.00123722 0.40759 0.0249555 0.256425 0.00139817 1.85587e-05 0.000366737 0.000424651 
0.0352404 0.00201816 2.10543e-08 0.00560829 0.0182556 0.000687754 0.558411 0.0391768 0.0237084 0.316823 3.32937e-07 6.39187e-05 6.33581e-06 
0.00210037 0.00126972 3.2601e-08 0.0379163 0.264268 0.0635457 0.528961 0.00409492 0.0116494 0.0857877 0.000234901 3.33341e-06 0.000168133 
0.000131409 0.000131321 0.000131327 0.0395588 0.000131422 0.000131388 0.499015 0.460112 0.000131425 0.000131409 0.000131393 0.000131361 0.000131411 
2.97395e-05 9.6085e-05 5.55147e-07 0.0393277 0.00737873 0.000328165 0.923908 0.0139682 0.010082 0.004134 4.9259e-06 0.000695442 4.65711e-05 
0.000634902 2.51138e-05 5.63095e-07 0.000824299 0.00407938 0.000156905 0.841792 0.00693844 0.0364758 0.108986 7.99135e-05 4.89672e-06 2.05494e-06 
0.00645817 0.000788324 3.7252e-06 0.0228125 0.0796784 0.0449352 0.292466 0.243558 0.145019 0.0301866 3.58684e-05 0.000106231 0.133952 
0.200459 0.00603899 9.72667e-07 0.0448406 0.115665 0.00336659 0.419411 0.125815 0.0604774 0.0225911 1.14592e-05 0.000232638 0.0010905 
0.00149748 0.00047264 0.0844795 0.00281623 0.25498 2.98637e-05 0.526628 0.00512919 0.0116779 0.112108 0.000103922 6.51251e-05 1.13858e-05 
0.134312 0.000165748 0.000776725 0.185278 0.142458 0.00841407 0.235453 0.0193214 0.196641 0.0743231 0.000783446 0.00200991 6.24531e-05 
0.0957854 0.0138544 8.21698e-06 0.116559 0.058919 0.148955 0.221694 0.180419 0.0870716 0.04102 0.000219262 0.00198055 0.0335155 
0.00154623 0.000578485 0.000335561 0.114058 0.0785111 0.00972421 0.649353 0.0336416 0.0186737 0.0897691 0.000490443 0.000265324 0.00305318 
0.0168731 0.00111918 2.01568e-06 0.00575734 0.119667 0.000340639 0.838577 0.000288946 0.00251783 0.0147292 8.80239e-07 7.81398e-05 4.86122e-05 
0.00100002 0.0179177 1.65726e-05 0.101901 0.018198 0.236115 0.28644 0.219176 0.00591725 0.0969049 0.000357522 0.000704263 0.0153523 
0.132783 0.00022155 6.47078e-07 0.028279 0.106817 0.00157282 0.508917 0.00321237 0.203947 0.0140267 0.000196289 1.82632e-05 8.54296e-06 
0.00117053 0.023338 5.7935e-06 0.0338175 0.0870505 0.000629707 0.413963 0.274041 0.0702112 0.0943016 0.000353849 0.000590881 0.00052569 
3.74371e-05 0.000103965 7.97635e-07 0.0464227 0.00855175 0.000481381 0.902644 0.0200557 0.0135104 0.00732852 6.64889e-06 0.000796642 6.04319e-05 
0.00120934 0.0140572 1.50415e-08 0.122653 0.0209838 0.246221 0.406126 0.144273 0.00290068 0.0239558 0.000112224 0.000432361 0.017076 
0.0146875 0.00041699 1.5808e-07 0.00137728 0.190417 6.84671e-05 0.394277 0.270617 0.10817 0.019592 1.29726e-07 2.39854e-05 0.000351945 
0.014063 0.0218731 2.17217e-07 0.0513886 0.106122 2.17319e-07 0.602739 0.0699302 0.122015 0.00489068 0.000760863 0.000782405 0.00543412 
0.0332859 0.00162371 1.50408e-06 0.022506 0.201233 0.000574173 0.679387 0.0223471 0.0359354 0.00152804 5.40726e-06 0.000638741 0.000933395 
0.0027176 0.247713 3.40516e-06 0.0390733 0.014367 0.0883045 0.288787 0.192815 0.0208783 0.025324 0.0115122 0.0069385 0.0615661 
0.00120934 0.0140572 1.50415e-08 0.122653 0.0209838 0.246221 0.406126 0.144273 0.00290068 0.0239558 0.000112224 0.000432361 0.017076 
0.0146026 0.0187012 4.14489e-07 0.0266744 0.0886776 9.40029e-05 0.528806 0.106305 0.0196182 0.147419 0.0374453 0.000782476 0.0108731 
0.00238674 0.000177548 1.8645e-09 0.142332 0.0896334 8.84957e-05 0.65545 0.011715 0.0154881 0.0820099 2.04052e-05 1.55601e-05 0.000682578 
3.47141e-06 3.58348e-09 3.39337e-09 0.0357692 2.99183e-05 1.61571e-06 0.436997 3.59463e-10 0.408849 0.00968087 1.3115e-09 2.3228e-09 0.108669 
0.00191489 0.00124142 3.15455e-08 0.033354 0.266549 0.0646344 0.533116 0.00350078 0.0109125 0.0844281 0.000247937 2.25883e-06 9.89977e-05 
0.004651 0.000115286 8.13526e-07 0.00215183 0.00448429 3.11943e-06 0.817794 0.00145576 0.00782148 0.161498 2.0821e-05 3.91372e-06 1.19118e-08 
0.000523791 0.0198502 1.36326e-06 0.00264155 0.380549 0.0038107 0.484203 0.00609651 0.00287948 0.0295449 1.89342e-05 0.00067387 0.0692062 
0.0159629 0.0132666 1.30991e-05 0.173151 0.00783797 0.211672 0.292872 0.0465086 0.108253 0.0814284 0.000208807 0.000712742 0.0481118 
0.00120934 0.0140572 1.50415e-08 0.122653 0.0209838 0.246221 0.406126 0.144273 0.00290068 0.0239558 0.000112224 0.000432361 0.017076 
0.00224401 0.000497291 3.53522e-05 0.130885 0.114385 0.00500391 0.264667 0.185589 0.25664 0.0301229 0.000130893 0.00854195 0.0012582 
1.38992e-05 1.38899e-05 1.38904e-05 1.39008e-05 1.39006e-05 1.38969e-05 0.974815 1.39006e-05 1.39008e-05 0.0250324 1.38975e-05 1.38941e-05 1.38993e-05 
0.0698748 0.000174218 3.1783e-06 0.24004 0.0502806 0.00854058 0.294431 0.011573 0.271624 0.0330623 1.13248e-05 0.0198763 0.000508469 
2.97395e-05 9.6085e-05 5.55147e-07 0.0393277 0.00737873 0.000328165 0.923908 0.0139682 0.010082 0.004134 4.9259e-06 0.000695442 4.65711e-05 
0.00211139 0.000261796 1.90105e-07 0.366257 0.0835348 0.000124723 0.377207 0.02777 0.0792341 0.0602765 1.9151e-05 0.000178368 0.00302535 
0.00120934 0.0140572 1.50415e-08 0.122653 0.0209838 0.246221 0.406126 0.144273 0.00290068 0.0239558 0.000112224 0.000432361 0.017076 
0.00115075 0.000990265 1.10806e-06 3.68877e-06 0.118325 1.46282e-06 0.772677 0.00169704 0.0579149 0.0472328 3.63058e-06 2.05591e-06 7.79858e-08 
0.0736627 0.00059247 0.000266914 0.123493 0.130395 0.0165834 0.280059 0.0821067 0.243501 0.0314047 0.00450027 0.00594627 0.00748873 
0.00317596 8.83499e-06 7.8319e-07 2.30246e-06 0.075841 1.01795e-06 0.899212 0.000318212 0.00294944 0.0181918 2.5141e-06 0.00029599 5.78678e-08 
4.76399e-05 0.000708119 4.82721e-07 0.00408287 0.252431 0.000337394 0.364886 0.0188184 0.358517 2.72844e-05 2.06312e-06 2.59193e-05 0.000115666 
0.0020984 0.000359039 2.59267e-08 0.215571 0.100809 0.00163888 0.460935 0.0524787 0.0740519 0.00415374 7.47007e-08 0.0853657 0.0025391 
0.00219505 0.00224075 5.38323e-08 4.59137e-05 0.0189687 7.94621e-05 0.939302 0.00022245 0.0369034 1.33542e-05 1.07509e-07 2.14791e-05 7.34346e-06 
0.00788234 0.000142698 1.53872e-09 0.0145076 0.0363941 0.0312606 0.752935 0.00263138 0.147645 0.000754254 0.00575334 1.70322e-05 7.65273e-05 
0.000172582 0.00798956 0.00176366 3.59144e-08 0.00956741 0.0123801 0.674196 0.0570137 0.152286 0.0772678 0.00164182 0.00572084 8.44238e-08 
0.0710117 0.00443419 0.000995504 0.0513544 0.173076 0.0266017 0.277013 0.0599728 0.0577819 0.262735 0.00740035 0.00294434 0.00467983 
0.000130377 0.000342638 6.19416e-08 4.86184e-06 0.02425 4.96055e-05 0.967812 0.000684698 0.000549539 0.00617624 2.72634e-07 1.43159e-07 6.82482e-10 
2.97395e-05 9.6085e-05 5.55147e-07 0.0393277 0.00737873 0.000328165 0.923908 0.0139682 0.010082 0.004134 4.9259e-06 0.000695442 4.65711e-05 
0.043765 0.00255353 0.000322731 0.072191 0.0189286 0.165008 0.523628 0.0143745 0.142193 0.00647665 1.63872e-05 0.00101904 0.00952338 
7.56873e-06 4.99679e-05 3.97155e-06 1.00248e-05 2.52034e-05 1.71753e-06 0.998745 1.50893e-05 2.34377e-05 0.00110909 2.11723e-06 3.77928e-06 3.28368e-06 
0.00120934 0.0140572 1.50415e-08 0.122653 0.0209838 0.246221 0.406126 0.144273 0.00290068 0.0239558 0.000112224 0.000432361 0.017076 
0.0678132 0.000721264 1.27159e-05 0.0511545 0.171468 0.0322644 0.28025 0.0690028 0.0536691 0.253571 0.011992 0.00366655 0.00441497 
0.0314059 0.000748131 1.13993e-08 0.0645426 0.112283 0.000242217 0.613897 0.07296 0.0295229 0.0516808 6.75333e-06 0.000539297 0.022172 
0.000469773 0.000167838 8.27303e-06 0.0680772 0.00932954 0.00852269 0.488108 0.0305284 0.321864 0.0590686 0.00514396 0.00530192 0.00341001 
0.00120934 0.0140572 1.50415e-08 0.122653 0.0209838 0.246221 0.406126 0.144273 0.00290068 0.0239558 0.000112224 0.000432361 0.017076 
2.97395e-05 9.6085e-05 5.55147e-07 0.0393277 0.00737873 0.000328165 0.923908 0.0139682 0.010082 0.004134 4.9259e-06 0.000695442 4.65711e-05 
0.0140883 0.00483781 1.52655e-06 1.44742e-07 0.0100629 6.60168e-07 0.942013 1.61708e-07 0.00244776 0.0265456 5.89995e-07 1.04494e-06 3.40244e-07 
0.130539 7.38825e-05 0.000647832 0.0471614 0.19695 0.0566864 0.263826 0.23624 0.0444378 0.0223304 0.000228885 0.000579873 0.000298735 
0.00891645 0.000719826 5.69651e-08 0.0434494 0.0806732 4.46614e-05 0.3776 0.0732259 0.0483848 0.365821 1.19409e-05 1.72912e-05 0.00113525 
0.00191489 0.00124142 3.15455e-08 0.033354 0.266549 0.0646344 0.533116 0.00350078 0.0109125 0.0844281 0.000247937 2.25883e-06 9.89977e-05 
0.0189365 0.000294734 6.74731e-06 0.0163854 0.0524958 0.00123371 0.543708 0.14235 0.182423 0.0346904 0.000216736 0.00196186 0.0052966 
4.26594e-05 0.000111698 9.47414e-07 0.0516237 0.00945193 0.000575767 0.888479 0.0238401 0.0157225 0.0091979 7.75377e-06 0.000876426 6.95825e-05 
0.0745078 0.000304195 3.81783e-05 0.170731 0.259906 0.00269919 0.302987 0.0367852 0.0672817 0.0835191 0.000661216 0.000156967 0.000422298 
0.00120934 0.0140572 1.50415e-08 0.122653 0.0209838 0.246221 0.406126 0.144273 0.00290068 0.0239558 0.000112224 0.000432361 0.017076 
0.000296036 0.000315951 0.000120456 0.0021759 0.058645 9.76907e-06 0.809634 0.00915634 0.0286239 0.0909227 8.99126e-05 9.98649e-06 2.3174e-07 
2.97395e-05 9.6085e-05 5.55147e-07 0.0393277 0.00737873 0.000328165 0.923908 0.0139682 0.010082 0.004134 4.9259e-06 0.000695442 4.65711e-05 
4.23771e-05 1.61591e-05 2.23804e-06 0.00368936 0.00957062 0.00563685 0.963942 0.00333313 0.0129679 0.000129415 5.20769e-06 0.000545436 0.000119744 
0.00407201 0.00252304 3.45135e-07 3.27246e-08 0.0109392 1.49257e-07 0.651807 0.185145 0.0649864 0.0804074 1.33391e-07 0.000118854 7.69255e-08 
0.00235269 3.5959e-05 8.10192e-10 0.0219263 0.0347748 2.47376e-05 0.424098 0.356121 0.114405 0.0390791 3.87023e-05 0.000453013 0.00669002 
0.00149519 0.000362134 1.95623e-06 0.000136629 0.013112 0.000284463 0.937002 0.00419177 0.00148498 0.0419117 1.68794e-05 5.15925e-08 7.78832e-11 
0.259867 0.118632 1.05505e-06 1.70372e-05 0.0231966 2.81662e-06 0.598039 9.0807e-05 0.000119397 9.67967e-06 7.09198e-07 1.7182e-05 6.4168e-06 
0.00597475 1.00506e-05 0.000612204 0.0168437 0.105443 9.52921e-07 0.558289 0.0486327 0.0200754 0.24329 2.21528e-06 0.000674677 0.000151377 
4.27612e-05 0.000111781 9.50736e-07 0.0517182 0.00946651 0.00057788 0.888191 0.0239238 0.0157689 0.00924286 7.77712e-06 0.000877665 6.97682e-05 
3.43412e-06 3.43183e-06 3.43196e-06 0.193024 3.43447e-06 3.43357e-06 0.466261 0.179283 3.43453e-06 0.140459 0.00755758 0.0133916 3.43416e-06 
0.00120934 0.0140572 1.50415e-08 0.122653 0.0209838 0.246221 0.406126 0.144273 0.00290068 0.0239558 0.000112224 0.000432361 0.017076 
4.1318e-05 0.00011061 9.0364e-07 0.0503796 0.00925987 0.000547922 0.892271 0.0227377 0.0151113 0.00860553 7.44618e-06 0.00086011 6.71365e-05 
0.0281158 7.21787e-08 6.83495e-08 2.34901e-06 8.04006e-06 2.95583e-08 0.618299 0.00435243 5.30381e-05 0.349169 2.64164e-08 4.6786e-08 1.52341e-08 
0.000149666 0.000264406 2.90719e-06 0.116487 0.0159495 0.00730095 0.394615 0.0522254 0.358299 0.0348466 0.00561724 0.00853041 0.00571122 
0.0153829 0.00105401 0.00477274 0.00613178 0.144101 7.72414e-07 0.481062 0.139174 0.126243 0.0812301 1.90128e-06 0.000261289 0.000583878 
0.00191489 0.00124142 3.15455e-08 0.033354 0.266549 0.0646344 0.533116 0.00350078 0.0109125 0.0844281 0.000247937 2.25883e-06 9.89977e-05 
0.0226764 0.000184396 1.18069e-05 0.00585607 0.173293 0.000573271 0.528878 0.0889875 0.0642809 0.114037 0.000215986 0.000682802 0.000322568 
0.000758999 0.00633558 4.58927e-10 0.0368131 0.026898 0.240519 0.483764 0.133636 5.25138e-06 0.0442742 4.02379e-05 2.16509e-06 0.0269532 
0.00086218 0.00365118 2.74696e-07 0.00175033 0.0630031 0.000771779 0.895309 0.00269926 0.00552563 0.0263991 1.91214e-05 9.23734e-06 1.66683e-07 
0.00259359 1.5298e-05 0.000486867 3.15592e-06 0.270395 2.32183e-07 0.581138 0.119763 0.0232571 0.00229802 3.94888e-07 4.93403e-05 8.91547e-07 
0.0100743 0.000903252 0.000264134 0.0150721 0.0905527 0.00103581 0.683889 0.0249861 0.0376733 0.131199 0.000112394 0.00144618 0.00279264 
0.00186749 0.000619263 1.01972e-05 0.0321414 0.156168 0.00551193 0.678736 0.0388683 0.0557846 0.0295003 2.52179e-05 5.9098e-05 0.000708556 
0.0016986 0.315518 0.00512288 0.169416 0.000366103 0.00868924 0.333328 0.0641853 0.000306246 0.0995201 0.000372801 1.44142e-08 0.00147588 
0.0176062 0.00115289 3.13844e-07 0.0194344 0.262816 0.00416358 0.539434 0.0371481 0.113393 0.0036444 2.19411e-06 0.00042257 0.00078297 
0.000166874 1.13478e-06 1.07458e-06 0.000111416 0.230575 9.59872e-05 0.511779 0.0837999 1.02557e-07 0.173467 4.15315e-07 7.35563e-07 2.39508e-07 
0.00238674 0.000177548 1.8645e-09 0.142332 0.0896334 8.84957e-05 0.65545 0.011715 0.0154881 0.0820099 2.04052e-05 1.55601e-05 0.000682578 
0.000647166 0.00024819 1.23349e-06 0.0074116 0.0537769 0.0115204 0.8221 0.0486711 0.0325054 0.0208187 0.000825821 0.000385018 0.00108825 
0.0404058 0.0013425 7.49138e-05 0.224361 0.0582102 0.00844346 0.324741 0.0937056 0.15305 0.0838405 0.000310547 0.00115118 0.0103629 
0.0332729 0.0538074 0.00207093 0.086711 0.136277 1.38034e-06 0.265785 0.0762165 0.15271 0.184445 1.3804e-06 1.38006e-06 0.00869905 
0.033608 0.000683119 3.38012e-05 0.0101795 0.0545205 1.23531e-06 0.602783 0.00841274 0.0671311 0.00142613 0.220837 0.0003448 3.93756e-05 
0.0352404 0.00201816 2.10543e-08 0.00560829 0.0182556 0.000687754 0.558411 0.0391768 0.0237084 0.316823 3.32937e-07 6.39187e-05 6.33581e-06 
0.0127606 0.000205362 2.48193e-06 0.00606927 0.193101 4.28133e-06 0.315068 0.312244 0.120789 0.0354885 6.32426e-06 0.000621124 0.00363937 
0.00699201 0.00112537 0.000124439 0.0173722 0.148808 0.0128129 0.711854 0.0227418 0.0392855 0.0151867 2.19578e-06 0.0225804 0.00111437 
0.00120934 0.0140572 1.50415e-08 0.122653 0.0209838 0.246221 0.406126 0.144273 0.00290068 0.0239558 0.000112224 0.000432361 0.017076 
0.00603874 0.000261489 0.000193453 0.0844617 0.183008 0.00417237 0.53146 0.0402458 0.0970376 0.0230074 9.64948e-05 0.00029877 0.0297188 
4.24037e-06 1.88266e-05 1.78278e-05 1.69037e-06 2.09853e-06 7.70978e-06 0.999917 1.88851e-06 1.70146e-06 4.20067e-06 6.89026e-06 1.22033e-05 3.97355e-06 
0.00389825 0.0148936 3.7513e-10 0.0502946 0.0318614 0.237694 0.345548 0.224584 0.026057 0.0396557 0.000161644 0.000270709 0.025081 
0.0603689 0.0613709 0.000307053 1.53191e-07 0.0014144 6.98705e-07 0.481799 0.181493 0.0775669 0.1354 0.000277494 1.10593e-06 3.60106e-07 
0.00192057 0.00156279 0.00297267 0.119914 0.343597 0.000712573 0.380027 0.0368305 0.0540402 0.050335 3.81732e-05 0.000286159 0.00776397 
2.97395e-05 9.6085e-05 5.55147e-07 0.0393277 0.00737873 0.000328165 0.923908 0.0139682 0.010082 0.004134 4.9259e-06 0.000695442 4.65711e-05 
0.00502531 0.0217751 2.23269e-08 0.022648 0.212678 0.00395115 0.648955 0.0129475 0.0586285 0.00901548 0.000129962 0.0037942 0.000452331 
0.0424761 5.5444e-05 0.000264434 0.127219 0.0180563 0.00638389 0.396093 0.0127712 0.388685 0.00700798 3.62683e-05 0.000738981 0.000211901 
0.00482626 8.35456e-05 0.0251733 2.15378e-05 0.00117643 1.19051e-06 0.83235 0.105234 0.0251211 0.00241778 2.05169e-07 0.00358849 5.84865e-06 
0.00270301 0.00429478 0.000634711 0.0382652 0.291701 0.00560593 0.549434 0.0238575 0.0513374 0.0058329 0.0251249 0.000209131 0.00099954 
0.0027176 0.247713 3.40516e-06 0.0390733 0.014367 0.0883045 0.288787 0.192815 0.0208783 0.025324 0.0115122 0.0069385 0.0615661 
0.094497 5.45698e-05 2.60688e-06 0.223671 0.112734 0.00278643 0.324736 0.0366426 0.13271 0.0616045 4.59162e-05 0.0104699 4.58085e-05 
0.018033 0.0015658 0.00812406 0.00697785 0.0909138 1.31879e-06 0.555471 0.0101328 0.0935598 0.215209 9.71012e-06 1.62425e-06 3.74401e-07 
0.020678 0.0177853 4.90579e-06 0.0571932 0.381122 0.00512023 0.411669 0.0173878 0.0285021 0.05986 0.000377568 0.000118888 0.000181418 
0.00191489 0.00124142 3.15455e-08 0.033354 0.266549 0.0646344 0.533116 0.00350078 0.0109125 0.0844281 0.000247937 2.25883e-06 9.89977e-05 
0.000865289 0.00993046 8.92291e-08 0.086592 0.014814 0.232331 0.522188 0.101786 0.00205951 0.0169347 8.50496e-05 0.000320295 0.0120937 
0.0269306 0.0093836 0.00105842 0.0131083 0.0765336 9.49178e-05 0.593431 0.0139742 0.131233 0.0979077 1.34279e-06 7.64901e-05 0.0362672 
0.185051 0.000454506 7.15566e-05 6.71624e-05 0.00060107 4.23365e-05 0.399142 0.0288918 0.0985875 0.0372536 0.247604 0.00223091 2.03599e-06 
0.0352404 0.00201816 2.10543e-08 0.00560829 0.0182556 0.000687754 0.558411 0.0391768 0.0237084 0.316823 3.32937e-07 6.39187e-05 6.33581e-06 
0.00341411 0.00618601 2.84358e-05 0.0290525 0.0730461 0.176212 0.381972 0.184726 0.0512634 0.0497143 0.0261817 0.00351234 0.0146911 
0.000412697 0.00813816 0.00166546 0.0775943 0.0336385 0.00041108 0.548184 0.00772853 0.269887 0.0420658 0.000244496 0.000553279 0.00947743 
0.00238674 0.000177548 1.8645e-09 0.142332 0.0896334 8.84957e-05 0.65545 0.011715 0.0154881 0.0820099 2.04052e-05 1.55601e-05 0.000682578 
0.0202602 0.000662216 0.000897973 0.105692 0.129453 0.00458931 0.516253 0.0360023 0.0523379 0.00698366 0.106943 0.0007781 0.0191479 
2.97395e-05 9.6085e-05 5.55147e-07 0.0393277 0.00737873 0.000328165 0.923908 0.0139682 0.010082 0.004134 4.9259e-06 0.000695442 4.65711e-05 
0.0231498 0.0192548 2.21864e-06 0.0159611 0.244568 0.0125731 0.318072 0.2022 0.103856 0.0010137 0.0506132 0.00157271 0.00716403 
0.025219 0.0407274 4.82451e-05 0.104313 0.130265 0.0152866 0.231916 0.181438 0.0661554 0.204377 0.00010401 1.11928e-06 0.000148859 
0.321834 0.0315617 1.04145e-10 0.0138208 0.0165707 0.00643071 0.549508 0.00232677 0.0519333 0.00458453 6.30648e-05 0.000426435 0.000940014 
0.00617209 0.000277039 0.000140516 0.0110843 0.0786947 0.000449858 0.761205 0.00361575 0.00307924 0.127514 1.88156e-05 0.00535361 0.00239455 
0.17482 0.0189121 7.04878e-09 0.0597019 0.111677 0.000106052 0.596348 0.00455069 0.033256 0.000104526 2.45994e-05 0.000121301 0.000377279 
2.97395e-05 9.6085e-05 5.55147e-07 0.0393277 0.00737873 0.000328165 0.923908 0.0139682 0.010082 0.004134 4.9259e-06 0.000695442 4.65711e-05 
0.0177301 0.0262249 1.19177e-06 0.00145225 0.260011 4.66821e-06 0.300932 0.0995811 0.00591327 0.0476424 9.13876e-07 0.237366 0.00314036 
0.107382 0.013133 4.35242e-06 0.00198407 0.0172568 0.0146666 0.323014 0.203229 0.265953 0.0152968 4.12123e-06 0.0201645 0.0179124 
0.00120934 0.0140572 1.50415e-08 0.122653 0.0209838 0.246221 0.406126 0.144273 0.00290068 0.0239558 0.000112224 0.000432361 0.017076 
0.00013731 0.00129053 0.000486627 0.000168481 0.124838 0.00116613 0.850037 3.37013e-06 0.0177693 0.00408089 1.02489e-05 6.99636e-06 5.12559e-06 
0.00703498 0.00168748 1.85373e-05 0.0609891 0.292564 0.0067743 0.537082 0.0194652 0.0411244 0.012615 0.01986 0.000158593 0.000625851 
2.97395e-05 9.6085e-05 5.55147e-07 0.0393277 0.00737873 0.000328165 0.923908 0.0139682 0.010082 0.004134 4.9259e-06 0.000695442 4.65711e-05 
1.85819e-05 0.000105678 1.32581e-06 2.55251e-05 0.000116406 2.90512e-06 0.999356 0.000143447 0.000190613 1.23316e-05 9.01096e-07 1.84506e-05 8.26822e-06 
0.00692353 0.00172441 9.54281e-05 0.0350262 0.0105107 0.000591578 0.916642 0.0104739 0.00708726 0.00853745 2.29129e-05 5.30866e-05 0.00231165 
0.0859959 0.00019231 6.32882e-07 0.0436971 0.0815538 0.00319774 0.460187 0.00421049 0.300473 0.0202673 0.000162874 2.47223e-05 3.72765e-05 
0.00238674 0.000177548 1.8645e-09 0.142332 0.0896334 8.84957e-05 0.65545 0.011715 0.0154881 0.0820099 2.04052e-05 1.55601e-05 0.000682578 
4.2778e-05 0.000111794 9.51284e-07 0.0517337 0.00946892 0.000578229 0.888144 0.0239376 0.0157765 0.00925028 7.78097e-06 0.000877869 6.97988e-05 
0.00377539 0.000435451 2.58134e-05 0.174943 0.109095 0.00893413 0.39086 0.197651 0.0993821 0.00337814 0.000363102 0.00295163 0.0082049 
0.00957548 0.0024729 3.69968e-06 0.00960323 0.179289 9.31762e-05 0.447521 0.040111 0.0629683 0.0923796 0.106986 0.0489366 6.04178e-05 
0.0199124 0.000183099 1.49658e-05 0.0998834 0.29588 0.0168306 0.332137 0.0569922 0.0543085 0.0927118 0.00043649 0.000112995 0.0305964 
0.0013717 0.00095618 7.6394e-05 0.00509416 0.0836431 1.26334e-05 0.777806 0.00188092 0.0687047 0.0603394 2.42759e-05 7.66419e-05 1.35756e-05 
2.10226e-05 0.000137298 1.19045e-07 4.68214e-05 0.000245575 1.39608e-06 0.998928 0.000224379 0.000350134 1.40532e-05 1.78264e-07 2.31097e-05 7.8346e-06 
4.1318e-05 0.00011061 9.0364e-07 0.0503796 0.00925987 0.000547922 0.892271 0.0227377 0.0151113 0.00860553 7.44618e-06 0.00086011 6.71365e-05 
1.89096e-06 8.39556e-06 7.95017e-06 7.53809e-07 9.35824e-07 3.43812e-06 0.999963 8.42169e-07 7.58754e-07 1.87326e-06 3.07266e-06 5.44197e-06 1.77197e-06 
0.0237131 0.00643012 1.08949e-05 0.0205889 0.254303 7.99905e-06 0.552107 0.0323481 0.0871139 0.0233718 7.78144e-08 2.94681e-06 1.64987e-06 
0.00377363 0.012621 8.0933e-05 0.0169881 0.145963 0.00465275 0.50066 0.13622 0.0336829 0.0470408 0.0838238 0.000276299 0.0142177 
0.000865289 0.00993046 8.92291e-08 0.086592 0.014814 0.232331 0.522188 0.101786 0.00205951 0.0169347 8.50496e-05 0.000320295 0.0120937 
0.00238674 0.000177548 1.8645e-09 0.142332 0.0896334 8.84957e-05 0.65545 0.011715 0.0154881 0.0820099 2.04052e-05 1.55601e-05 0.000682578 
0.000154326 0.000332002 3.16799e-06 0.00119564 0.000355232 1.37002e-06 0.879086 0.0622127 0.000456036 0.0481386 0.000173571 0.00789078 7.06097e-07 
0.00171764 0.173672 7.33917e-05 0.00408445 0.265448 0.0306737 0.495104 5.7429e-06 0.00435712 0.0248052 2.66996e-05 2.54802e-06 2.96108e-05 
