0.157133 0.00645813 0.000454463 0.0875187 0.0244447 0.00540041 5.32504e-05 0.337885 0.313729 0.0633931 6.40089e-05 0.00086728 0.00259826 
0.0160072 0.00387024 0.000376763 0.00910184 0.0480643 0.0187462 1.55347e-06 0.814783 0.0399088 0.0365308 3.18146e-06 0.00792 0.00468593 
0.00398003 0.00162177 0.000109028 0.491008 0.0539731 0.0075888 2.16727e-11 0.0512035 0.0782309 0.192132 0.000611098 0.114916 0.00462597 
0.000552274 6.50693e-05 5.81925e-10 0.0149323 0.00115564 0.000433128 4.19982e-12 0.0323149 0.0174022 0.00342041 5.70854e-06 0.924164 0.00555458 
0.0203196 0.00608735 0.00421306 0.147105 0.111993 0.00164364 6.44211e-05 0.0522066 0.0906837 0.563311 0.000301889 0.00104875 0.00102169 
0.00660425 1.16431e-05 0.000165798 0.0183785 0.518512 0.01881 7.95723e-06 0.000588555 0.0439515 0.208281 0.000386687 0.000174965 0.184127 
0.000447047 0.891725 2.5723e-08 0.0408913 0.0064851 0.0213462 4.82587e-13 0.00790471 0.00252362 0.00215754 0.000741476 0.00013419 0.0256436 
0.00394492 0.00246128 2.89182e-05 0.0629178 0.128582 0.0272049 4.22621e-07 0.0495005 0.132407 0.584578 0.00228382 0.00542263 0.000668164 
0.0003778 6.08989e-05 3.97322e-10 0.0189977 0.000715104 0.000661674 1.40433e-12 0.0464231 0.0163083 0.00356502 8.71597e-06 0.905436 0.00744593 
3.44983e-08 0.943952 9.76957e-10 0.0216879 0.0218852 0.00402419 1.88388e-12 0.0033678 0.00110431 0.0005592 0.000252926 0.000194314 0.00297187 
0.000552274 6.50693e-05 5.81925e-10 0.0149323 0.00115564 0.000433128 4.19982e-12 0.0323149 0.0174022 0.00342041 5.70854e-06 0.924164 0.00555458 
0.0016835 6.21945e-05 1.83867e-08 0.751716 0.0880459 0.0812985 5.72038e-11 0.0494341 0.0167782 0.00912498 0.000684718 0.00106508 0.000106666 
0.0177206 4.12529e-05 0.00349508 0.0503706 0.0350736 0.0644602 5.01645e-06 0.0570411 0.00863957 0.761203 0.000247353 0.00134221 0.000360408 
0.0033325 0.000307115 5.37483e-06 0.171268 0.252596 0.196706 2.28081e-06 0.0112119 0.020959 0.233183 0.0930965 0.000707385 0.0166249 
0.000142649 2.47282e-05 0.00038464 0.00333258 0.00109295 0.000600818 9.93536e-10 0.00128474 0.00230067 0.00701269 0.00119734 0.979382 0.00324437 
0.0238021 0.00174489 0.161723 0.343803 0.0633777 0.00938999 4.49323e-05 0.0307931 0.0779676 0.274706 0.000175813 0.00454784 0.00792443 
2.16843e-05 2.16698e-05 0.0130241 2.16868e-05 0.0889363 2.16808e-05 2.16638e-05 0.678811 2.16869e-05 0.123622 0.00652617 2.16763e-05 0.0889282 
0.0118104 0.000310868 5.90488e-05 0.100304 0.0966937 0.000616031 2.37776e-07 0.312815 0.375236 0.101492 1.33634e-06 0.000590753 7.0068e-05 
0.0522611 0.00315239 0.0015745 0.159082 0.0861054 0.01669 0.000509248 0.123734 0.127057 0.418533 0.00168906 0.00280375 0.00680827 
0.158769 0.00012047 0.000212511 0.547683 0.012232 0.000262825 1.22958e-08 0.000160234 0.16122 0.118564 0.000131368 0.00048569 0.00016054 
0.000162941 0.736194 0.000145339 0.00531016 0.0066076 0.00756664 4.70518e-07 0.0134542 0.000561598 0.172836 0.00451477 0.001017 0.0516299 
0.00500332 0.000460136 0.30802 0.00583689 0.633111 0.000468623 1.36429e-06 0.00304847 0.00273486 0.0357077 0.00500438 3.40878e-05 0.000568802 
0.00825651 0.000739359 1.19237e-07 0.536478 0.0616552 0.0181088 1.192e-07 0.0672398 0.15559 0.0225024 0.000775554 0.00404333 0.124611 
0.383363 2.79236e-05 0.00779639 0.185625 0.00319979 0.000227469 1.01061e-05 0.00226763 0.0076669 0.408608 0.000236681 0.000535203 0.000436022 
5.49849e-05 0.000455391 1.25211e-08 0.358836 0.0152749 0.000242142 1.06738e-12 0.047051 0.0854742 0.195628 0.000429752 0.179636 0.116919 
0.00394865 0.00157138 1.58126e-06 0.0891041 0.0016521 0.0109848 1.11568e-06 0.0201887 0.792415 0.00271301 1.27074e-05 0.0109775 0.0664292 
0.347006 0.000352287 0.000229116 0.2227 0.0960331 0.0071661 4.38217e-06 0.0215685 0.255015 0.0447432 9.68795e-05 0.000104788 0.00498052 
0.0324453 0.000494252 3.8996e-05 0.261465 0.18672 0.275763 1.0183e-06 0.0745329 0.109935 0.0422908 0.0152942 0.000775229 0.000245455 
0.000233964 0.193139 6.06911e-09 0.388523 0.010796 2.56907e-06 1.82689e-10 0.00126541 0.380951 0.0206785 0.000229364 0.00418142 8.15402e-07 
0.0212174 0.297239 8.29749e-06 0.0299062 0.628693 0.00020632 6.35565e-06 4.90219e-05 0.00616387 0.00444593 0.012003 5.53129e-05 6.59533e-06 
0.00206011 4.71859e-05 1.31118e-06 0.211767 0.009815 0.000348498 3.04526e-07 0.0579943 0.540193 0.153402 0.000124817 0.0144558 0.00979097 
0.347006 0.000352287 0.000229116 0.2227 0.0960331 0.0071661 4.38217e-06 0.0215685 0.255015 0.0447432 9.68795e-05 0.000104788 0.00498052 
0.000142649 2.47282e-05 0.00038464 0.00333258 0.00109295 0.000600818 9.93536e-10 0.00128474 0.00230067 0.00701269 0.00119734 0.979382 0.00324437 
0.00891741 0.00295204 1.50365e-05 0.174886 0.0020786 0.0525693 5.03051e-09 0.00400735 0.725348 0.00663823 0.000520765 0.00103726 0.0210303 
0.000142649 2.47282e-05 0.00038464 0.00333258 0.00109295 0.000600818 9.93536e-10 0.00128474 0.00230067 0.00701269 0.00119734 0.979382 0.00324437 
0.0137371 0.0246335 2.15197e-05 0.0618299 0.0923172 4.51971e-05 7.36618e-06 0.252957 0.0518857 0.473796 0.000488614 0.0133992 0.0148817 
0.0197579 0.000655566 0.000114965 0.642021 0.24199 0.0265388 1.33809e-05 0.0117544 0.0342611 0.0153549 0.000786056 0.00140288 0.00534859 
0.00102673 0.00128268 4.7978e-07 0.0229752 0.00821342 0.00614867 2.98484e-08 0.625136 0.0605847 0.0198942 9.58725e-05 0.0321227 0.22252 
0.00387933 0.000707473 1.02215e-07 0.0537973 0.00192733 0.00419682 1.94287e-08 0.00522482 0.918766 0.00156821 3.90006e-05 0.000643206 0.00925044 
0.00388266 1.21781e-05 4.33924e-05 0.00480819 0.136383 0.000233673 6.87877e-07 0.296899 0.0737324 0.417047 4.92185e-06 0.0668445 0.000108614 
0.00177518 0.00127275 4.29212e-05 0.333087 0.0149656 0.0214316 6.67571e-06 0.0560407 0.196754 0.254733 0.00138127 0.0416746 0.0768347 
0.152611 0.000804892 6.15233e-06 0.0888798 0.263573 0.000633977 2.73484e-08 0.0476411 0.40932 0.0357011 0.000101832 3.26836e-05 0.000695096 
0.212826 0.00803732 0.000482185 0.146769 0.0351992 0.00560874 4.78185e-05 0.247899 0.277331 0.0575 0.000100917 0.000996622 0.00720161 
0.0166262 0.0740856 1.58546e-07 0.2085 0.316387 0.00179257 1.58496e-07 0.130294 0.0224194 0.0322053 1.58626e-07 0.00523355 0.192455 
6.11842e-10 0.999192 1.72819e-08 0.000165394 1.21921e-05 0.000397322 1.67236e-10 5.51942e-05 4.5655e-05 1.37128e-05 6.16634e-05 3.39118e-06 5.38014e-05 
0.000169979 2.29517e-08 0.000448649 0.0020955 0.0062662 0.00087227 6.12764e-11 1.21421e-08 1.29244e-06 0.939246 0.0508152 7.42528e-05 1.02699e-05 
0.0121798 0.00368007 2.44195e-05 0.427787 0.00407652 0.200412 1.09262e-05 0.0141743 0.309532 0.0251508 0.000148714 0.00185941 0.000964205 
0.00677627 0.000131356 2.9951e-08 0.622537 0.191761 0.00316262 1.92925e-08 0.00152812 0.156847 0.0160326 8.59955e-05 0.000172749 0.000965245 
0.000555472 0.000425356 6.91665e-07 0.0497768 0.00310596 0.000741997 5.03257e-07 0.649732 0.0618945 0.0393779 5.49375e-06 0.0361992 0.158184 
0.00179929 0.000134256 2.83668e-06 0.028138 0.00771836 0.000618775 1.92965e-11 0.876465 0.0443728 0.001559 2.0204e-08 0.0380982 0.0010936 
0.0595429 0.00120554 8.62339e-05 0.0379557 0.339401 0.0145233 4.44448e-07 0.0147386 0.39253 0.0647263 0.074397 0.000762238 0.000130017 
0.100528 0.000214015 2.21403e-06 0.178703 0.473968 0.00188473 8.25787e-09 0.109466 0.0801034 0.0503937 5.07132e-06 0.00105372 0.00367877 
0.00149129 0.00224863 0.000683981 0.0108241 0.00989442 0.915266 3.27147e-05 0.0103305 0.00229184 0.00696229 0.0340368 0.000349412 0.0055882 
0.00558087 0.0214112 3.27041e-06 0.130419 0.0357121 0.00465934 6.70613e-07 0.0403896 0.752535 0.00316851 1.50747e-05 0.0055659 0.000539579 
0.000483643 0.740675 1.55333e-05 0.0679008 0.0895658 0.00530106 9.11807e-09 0.0147546 0.0202965 0.0294663 0.00126065 0.00110462 0.029176 
0.000142649 2.47282e-05 0.00038464 0.00333258 0.00109295 0.000600818 9.93536e-10 0.00128474 0.00230067 0.00701269 0.00119734 0.979382 0.00324437 
0.010677 0.000238781 0.00138482 0.680575 0.0235372 0.00388148 5.68085e-06 0.00583947 0.0363413 0.237119 1.62191e-05 0.000159489 0.000224505 
0.0447318 0.000306404 0.000323335 0.555678 0.0104871 0.00615074 3.10179e-05 0.106169 0.135851 0.0888561 0.000309367 0.0124171 0.0386889 
0.00492636 0.0104441 3.28023e-06 0.00569233 0.028733 0.00129114 5.04622e-08 0.14418 0.00170523 0.759342 6.73914e-07 0.0065717 0.0371104 
0.0154873 0.000377826 0.000239548 0.621017 0.0170813 0.005779 1.05942e-05 0.000902949 0.331162 0.00714424 5.81839e-05 0.000100078 0.00063987 
9.51629e-05 0.000788471 1.01803e-05 0.00133453 0.00288179 3.26433e-05 7.68796e-08 0.00102689 0.00273182 0.972206 8.97692e-05 0.0186605 0.000142615 
0.0334494 0.00570515 0.0188829 0.145287 0.0449785 0.00911912 0.00282603 0.256731 0.372469 0.0687679 0.00411069 0.0248658 0.0128075 
0.0332525 0.0162007 0.000378337 0.162635 0.0188364 0.0197914 2.13621e-10 0.0192372 0.164244 0.548053 1.06675e-07 5.39287e-05 0.0173168 
0.659648 0.000101829 5.77474e-07 0.061013 0.00775605 9.5902e-05 3.39687e-07 0.00875125 0.261596 0.000953061 4.86898e-07 7.89006e-05 4.92111e-06 
0.0003859 0.00514042 0.00015124 0.0186659 0.00831726 0.132485 8.08993e-05 0.0255423 0.00904409 0.727611 0.0540841 0.00788513 0.0106074 
0.0769375 0.0768861 0.0768891 0.0769464 0.0769452 0.0769252 0.0768649 0.0769455 0.0769467 0.0769376 0.0769282 0.0769093 0.0769384 
0.0217931 8.01554e-05 3.86585e-05 0.427163 0.387994 0.0481813 2.2513e-05 0.0139816 0.0443786 0.028471 0.000700352 0.00181946 0.0253756 
0.0994458 0.000363991 6.47809e-05 0.13509 0.0378314 0.00654567 4.68694e-05 0.160531 0.0938864 0.0526936 0.000199381 0.0370505 0.376251 
0.380917 0.000236888 0.0655169 0.123294 0.0149858 0.0147186 4.04586e-06 0.120979 0.0967723 0.0758432 0.064641 0.00448302 0.037608 
0.00506204 7.70806e-05 0.0517278 0.037865 0.0176708 0.0134916 5.46869e-05 0.0226414 0.0221694 0.22303 0.405876 0.198901 0.00143296 
0.000129778 0.000482893 4.45368e-06 0.701126 0.0283887 0.00104229 3.39589e-08 0.0210728 0.172088 0.00859705 0.00026203 0.0527499 0.0140563 
0.000529027 0.00144509 8.18464e-07 0.0540236 0.0144144 0.0024713 4.91968e-07 0.148275 0.0294961 0.0311092 0.0001332 0.400061 0.318041 
0.000142649 2.47282e-05 0.00038464 0.00333258 0.00109295 0.000600818 9.93536e-10 0.00128474 0.00230067 0.00701269 0.00119734 0.979382 0.00324437 
0.0122761 0.000459477 7.1021e-06 0.402745 0.0449775 0.0043946 8.89963e-11 0.0305173 0.458391 0.0413079 1.11334e-05 0.00247981 0.00243298 
0.102883 0.00267633 0.00416525 0.0945951 0.589254 0.0147192 0.00242386 0.0687747 0.0859596 0.0209909 0.00304972 0.00719953 0.00330916 
0.000142649 2.47282e-05 0.00038464 0.00333258 0.00109295 0.000600818 9.93536e-10 0.00128474 0.00230067 0.00701269 0.00119734 0.979382 0.00324437 
0.00364517 0.000236408 0.000397622 0.0145716 0.00195186 0.000129624 2.02945e-08 0.0212385 0.0176593 0.0185214 1.64069e-05 0.920548 0.00108362 
9.27679e-05 5.94458e-05 5.34343e-07 0.0176323 0.000300697 0.000206805 1.75801e-08 0.0310677 0.0234196 0.000640159 1.50648e-05 0.90373 0.0228348 
0.00177374 0.000785703 5.549e-08 0.551817 0.00141867 0.000782529 3.50574e-12 0.0057155 0.417787 0.00913378 5.56817e-06 0.0106627 0.000118318 
0.161584 0.154456 2.33999e-05 2.34173e-05 0.0351489 2.34108e-05 2.33925e-05 2.3417e-05 2.34174e-05 0.618173 2.34118e-05 0.0304513 2.34149e-05 
0.0127407 0.00284873 0.000118846 0.0873084 0.00461145 0.00716365 2.82178e-06 0.0196832 0.581375 0.183481 0.000398239 0.0902949 0.00997358 
0.0239384 0.000587839 0.00165991 0.165494 0.0219397 0.0620798 8.37884e-05 0.00747884 0.224687 0.0105069 0.480996 0.000296417 0.000251781 
0.00222914 2.8321e-07 7.28349e-08 0.640238 0.0823848 0.00655744 3.11739e-09 0.00183536 0.0312287 0.235221 0.000215879 7.91856e-05 9.98652e-06 
0.00154329 0.00314898 0.00170068 0.145374 0.275329 0.00859753 3.71821e-07 0.0316128 0.0430437 0.454039 0.000909915 0.0068591 0.0278417 
0.0289795 0.000826895 0.0597611 0.193632 0.205182 0.00126912 2.19248e-05 0.0638786 0.397517 0.0163557 0.000568579 0.00221857 0.0297901 
0.0491232 0.00880613 0.000843817 0.239538 0.0344221 0.0587761 0.00011593 0.0907316 0.408143 0.0936913 0.000287868 0.000879419 0.0146416 
0.0130547 0.00156191 0.0962982 0.0566489 0.0816022 0.0119622 0.000130611 0.00264197 0.0194011 0.0663314 0.648563 0.000921323 0.000881992 
0.217519 0.000834982 0.156078 0.142086 0.0682027 0.0226024 9.17398e-07 0.00281106 0.0691665 0.310185 0.00895143 0.000982998 0.000579051 
0.0186569 0.00198434 0.308028 0.0726484 0.023224 0.0426646 9.91401e-07 0.0344387 0.00585647 0.471164 0.0101216 0.0078376 0.00337498 
0.000142649 2.47282e-05 0.00038464 0.00333258 0.00109295 0.000600818 9.93536e-10 0.00128474 0.00230067 0.00701269 0.00119734 0.979382 0.00324437 
0.00108593 2.7238e-06 0.0011758 0.988293 0.000260572 0.00105884 4.78301e-11 0.00192016 0.00189813 0.00258545 3.88782e-05 0.00151189 0.000168535 
0.000142649 2.47282e-05 0.00038464 0.00333258 0.00109295 0.000600818 9.93536e-10 0.00128474 0.00230067 0.00701269 0.00119734 0.979382 0.00324437 
0.0124273 0.000429012 1.16067e-05 0.150358 0.0543581 0.0633565 1.16179e-10 0.492285 0.0428588 0.141664 0.00052675 0.023416 0.0183089 
0.0270507 0.00669959 6.94903e-05 0.187112 0.000138537 0.0335198 1.7152e-12 6.5077e-05 0.734722 0.00804601 2.21064e-05 0.000376068 0.00217907 
2.02682e-08 0.993168 3.61595e-08 9.27514e-05 0.000164886 0.000816962 3.60218e-11 0.00155075 0.000223689 0.00389936 3.89929e-05 2.63589e-05 1.82208e-05 
0.342164 0.00245238 0.00152539 0.0548289 0.078578 0.000701084 2.13472e-06 0.0281982 0.29179 0.189756 5.00729e-05 0.000485665 0.00946829 
0.00155921 0.000276309 2.01109e-06 0.0526118 0.0457751 0.0132886 1.55993e-06 0.737768 0.0127666 0.113102 0.000128817 0.00207062 0.0206494 
0.000779723 0.000405229 1.00577e-06 0.0127166 0.063019 1.87483e-06 1.20823e-09 0.199927 0.00728072 0.685324 0.000178577 1.83559e-07 0.0303666 
0.131409 3.93591e-07 1.16189e-05 0.228836 0.115973 0.00259209 3.51146e-08 0.108214 0.0479979 0.355906 0.0002417 0.00303405 0.00578389 
8.19776e-05 2.21921e-05 1.22987e-05 0.00189987 0.0142788 0.0035521 1.336e-07 2.90575e-05 2.30965e-07 0.966411 0.000570956 0.01314 1.49914e-06 
0.000169979 2.29517e-08 0.000448649 0.0020955 0.0062662 0.00087227 6.12764e-11 1.21421e-08 1.29244e-06 0.939246 0.0508152 7.42528e-05 1.02699e-05 
0.000447047 0.891725 2.5723e-08 0.0408913 0.0064851 0.0213462 4.82587e-13 0.00790471 0.00252362 0.00215754 0.000741476 0.00013419 0.0256436 
0.0490394 0.00156639 8.41223e-05 0.0880343 0.0166557 0.151611 1.26545e-06 0.0624351 0.13765 0.489112 0.00255576 0.00084729 0.000407485 
0.0606381 0.000271709 0.000443503 0.326738 0.173781 0.079788 2.98997e-05 0.0418167 0.0194874 0.279121 0.00137413 0.000393088 0.0161174 
0.0003778 6.08989e-05 3.97322e-10 0.0189977 0.000715104 0.000661674 1.40433e-12 0.0464231 0.0163083 0.00356502 8.71597e-06 0.905436 0.00744593 
0.130159 5.49275e-05 7.04464e-07 0.0620792 0.0970337 0.0166646 2.60549e-08 0.11715 0.472928 0.103001 2.2738e-05 0.00089521 1.07787e-05 
0.00843551 0.405039 3.7596e-05 0.0467484 0.0543759 0.00672875 4.13035e-06 0.359673 0.0147472 0.0974037 0.000104103 0.000438392 0.00626416 
0.00471982 0.0063929 0.00447841 0.0352109 0.0203445 0.0170958 2.94045e-05 0.0341864 0.00768476 0.845401 0.000380464 0.0236883 0.000386939 
0.0813395 1.19146e-07 0.0330897 0.187073 0.278563 0.0253823 3.36564e-08 0.00138886 0.0229152 0.364813 0.00358617 0.00167743 0.000170984 
0.0003778 6.08989e-05 3.97322e-10 0.0189977 0.000715104 0.000661674 1.40433e-12 0.0464231 0.0163083 0.00356502 8.71597e-06 0.905436 0.00744593 
0.224883 0.0111224 3.21411e-05 0.145821 0.00306175 0.00133234 3.20023e-07 8.89281e-06 0.240098 0.373012 1.73523e-05 0.000598137 1.17495e-05 
0.0411952 3.04777e-09 0.000228632 0.839758 0.0537144 0.00140725 5.13011e-12 0.00103894 0.0512101 0.0113969 3.29561e-05 3.49997e-09 1.77959e-05 
0.0946237 0.000188419 6.63976e-05 0.471702 0.0497231 0.00381207 1.72851e-06 0.00183628 0.347685 0.00247652 8.63619e-05 0.0154319 0.0123663 
0.000142649 2.47282e-05 0.00038464 0.00333258 0.00109295 0.000600818 9.93536e-10 0.00128474 0.00230067 0.00701269 0.00119734 0.979382 0.00324437 
0.00340071 0.000598905 2.4887e-06 0.393967 0.0201637 0.000106474 3.92945e-07 0.0791394 0.466858 0.022307 1.53051e-05 0.0096235 0.00381721 
0.0773451 0.00171216 0.000358216 0.0190452 0.215719 0.0126702 4.96205e-05 0.414526 0.128518 0.127165 9.43605e-05 0.00225015 0.000546059 
0.0364729 0.00172447 0.00045197 0.397972 0.0499932 0.00184763 5.217e-08 0.0138754 0.21172 0.28174 0.000201705 0.00365804 0.000342415 
0.00105713 0.854225 1.52478e-06 0.0478104 0.0747971 0.00654967 5.45587e-09 0.00727264 0.00267783 0.00408339 0.000352665 0.000273129 0.00089908 
0.000483643 0.740675 1.55333e-05 0.0679008 0.0895658 0.00530106 9.11807e-09 0.0147546 0.0202965 0.0294663 0.00126065 0.00110462 0.029176 
0.217498 0.000132029 7.69418e-06 0.30993 0.0138672 0.0163522 1.87068e-09 0.0477064 0.375263 0.00471695 4.69844e-05 2.00836e-08 0.0144792 
0.0373708 0.0219744 0.00424436 0.134692 0.0345717 0.00184548 3.09398e-06 0.127085 0.0370514 0.587962 4.56458e-05 0.00093403 0.0122189 
0.000142649 2.47282e-05 0.00038464 0.00333258 0.00109295 0.000600818 9.93536e-10 0.00128474 0.00230067 0.00701269 0.00119734 0.979382 0.00324437 
3.68842e-05 3.68596e-05 3.68611e-05 3.68885e-05 0.00372568 0.324566 3.68495e-05 0.0775019 3.68887e-05 0.593875 3.68798e-05 3.68707e-05 3.68847e-05 
0.0603131 1.26777e-07 3.03514e-07 0.299611 0.00205866 0.00445075 1.04813e-11 2.85279e-07 0.630427 0.00295523 0.000182236 2.48116e-08 1.18668e-06 
0.000877889 0.00674029 3.18113e-05 0.0953069 0.00664611 0.00166664 2.33563e-06 0.672035 0.0572686 0.11198 0.000171005 0.00824766 0.0390256 
0.00100127 0.000330162 2.74206e-05 0.0703928 0.149451 0.0687854 1.09795e-06 0.107483 0.12742 0.391894 0.00364313 0.000425497 0.0791447 
0.00678172 0.000101653 0.000324746 0.060431 0.0347046 0.00861138 9.84661e-06 0.406714 0.354503 0.0150275 9.81866e-05 0.0193258 0.0933673 
0.000142649 2.47282e-05 0.00038464 0.00333258 0.00109295 0.000600818 9.93536e-10 0.00128474 0.00230067 0.00701269 0.00119734 0.979382 0.00324437 
0.000197478 2.11028e-07 0.998414 0.000128574 9.31623e-05 4.42548e-05 5.90287e-08 1.40138e-05 4.58336e-05 0.000749119 0.000257029 1.98147e-05 3.65785e-05 
0.000169979 2.29517e-08 0.000448649 0.0020955 0.0062662 0.00087227 6.12764e-11 1.21421e-08 1.29244e-06 0.939246 0.0508152 7.42528e-05 1.02699e-05 
0.000197478 2.11028e-07 0.998414 0.000128574 9.31623e-05 4.42548e-05 5.90287e-08 1.40138e-05 4.58336e-05 0.000749119 0.000257029 1.98147e-05 3.65785e-05 
0.00065238 6.27877e-05 6.58785e-06 0.0897659 0.0695964 0.000361122 1.51878e-08 0.0681508 0.0677326 0.619881 0.000378232 0.0691679 0.0142444 
0.0402948 0.0116944 0.00240233 0.0770417 0.617899 0.0176225 0.000128294 0.0598281 0.148346 0.0111941 0.000704217 0.00236289 0.0104818 
0.0603179 0.000282214 0.000879266 0.249838 0.253303 0.00454755 4.48484e-05 0.00522868 0.123339 0.226625 0.0461182 0.0234273 0.00604883 
0.00364517 0.000236408 0.000397622 0.0145716 0.00195186 0.000129624 2.02945e-08 0.0212385 0.0176593 0.0185214 1.64069e-05 0.920548 0.00108362 
0.00627547 0.00043694 0.0166314 0.0308546 0.0172364 0.00151047 6.59986e-05 0.00636846 0.0142056 0.899174 0.00031727 0.00117868 0.00574522 
0.102205 0.000459518 2.75333e-05 0.122844 0.650124 6.98183e-08 1.08524e-10 0.0285232 0.0801887 0.0152939 9.43472e-09 1.71876e-07 0.000334771 
0.0245931 0.0018007 5.50404e-06 0.0442884 0.757385 0.000887709 3.74133e-06 0.0419727 0.0421238 0.0358347 0.0257121 0.00362311 0.0217696 
0.174946 0.000880268 6.91729e-09 0.581577 0.00251528 0.000875735 5.33207e-12 0.00435543 0.196255 0.037665 9.32508e-05 0.000714906 0.00012299 
0.000860082 0.0956755 0.0424961 0.306348 0.0516801 0.0833125 0.000691346 0.0718611 0.031287 0.292031 0.000830894 0.0152679 0.00765896 
0.000943012 4.96215e-05 1.83535e-07 0.024154 0.00582374 0.000109823 2.2083e-08 0.17026 0.0378234 0.00146873 3.3466e-05 0.606449 0.152885 
0.0820174 0.0150921 8.33506e-07 0.0132248 0.0497533 0.0409286 5.35755e-09 0.414343 0.0918993 0.219639 0.000153927 2.98966e-06 0.0729455 
0.0323136 0.00170771 0.0414545 0.209894 0.161518 0.00256309 1.70783e-05 0.026103 0.495161 0.0137332 0.000564599 0.00103186 0.0139379 
1.4676e-06 1.46662e-06 1.46668e-06 0.292676 0.231906 1.46737e-06 1.46622e-06 0.308084 0.0924715 0.057972 1.46743e-06 1.46707e-06 0.0168791 
0.000142649 2.47282e-05 0.00038464 0.00333258 0.00109295 0.000600818 9.93536e-10 0.00128474 0.00230067 0.00701269 0.00119734 0.979382 0.00324437 
0.0114577 0.11094 1.6486e-05 0.0281063 0.0322589 0.289814 1.72201e-06 0.130317 0.214275 0.00194668 0.0010013 0.176902 0.0029616 
0.000142649 2.47282e-05 0.00038464 0.00333258 0.00109295 0.000600818 9.93536e-10 0.00128474 0.00230067 0.00701269 0.00119734 0.979382 0.00324437 
0.00173598 0.000217979 1.92351e-06 0.764336 0.0572183 0.00118925 5.71358e-07 0.0307027 0.103038 0.00450848 3.71375e-05 0.00574436 0.0312696 
0.0111153 0.51623 4.50593e-05 0.0967012 0.00339406 0.0148726 1.4941e-06 0.0101702 0.257722 0.0695734 0.00766673 6.68434e-05 0.0124408 
0.159019 0.00023153 0.000433531 0.445237 0.128674 0.0213274 4.96414e-05 0.0443883 0.177922 0.0193834 0.000313812 0.000710681 0.00230969 
0.00570998 0.001638 2.76273e-05 0.0850464 0.0246195 0.00315773 1.1819e-06 0.230767 0.147203 0.0575508 0.000153725 0.418839 0.0252855 
4.16018e-07 0.732185 3.88785e-06 0.116671 0.0839542 0.00546501 2.04596e-07 0.00451319 0.00275775 0.0481211 0.000971514 0.000145855 0.00521055 
0.0369005 0.000587226 0.000192898 0.160522 0.0111052 0.00251292 4.67628e-06 0.0381359 0.133316 0.564625 0.00333865 0.0401911 0.00856826 
0.000669018 0.000170646 1.04798e-06 0.0214632 0.0251841 0.00300744 1.05123e-09 0.00336223 1.15911e-06 0.94365 0.00245678 3.33508e-05 9.83991e-07 
0.0412978 0.00218706 0.00341719 0.651492 0.00730756 0.111774 1.24673e-07 0.00423617 0.12739 0.0505778 0.000182093 4.31365e-05 9.53292e-05 
0.00145133 0.00058154 0.0039913 0.000966235 0.00538405 4.66987e-05 1.86873e-06 0.871 0.0263799 0.0734172 0.000127479 0.00237133 0.014281 
0.000185645 0.00763767 0.00249298 0.0206472 0.0105556 0.854439 4.81587e-12 0.00537442 0.0015625 0.0138242 0.0797381 4.70812e-05 0.00349528 
0.00220464 0.00108079 1.46888e-05 0.026768 0.104075 0.288802 8.69286e-08 0.0499454 0.0513581 0.0914489 0.20847 0.174792 0.00104092 
0.0112747 0.00120606 4.1292e-06 0.079353 0.0514561 0.000394554 1.27964e-07 0.127442 0.722471 0.000413418 0.00319985 0.00104523 0.00173987 
0.117261 0.0182735 0.00489959 0.357642 0.388691 0.00726703 8.50765e-05 0.0220883 0.0242913 0.0297356 0.000118611 0.0280344 0.00161295 
5.4173e-08 0.000168085 6.04657e-05 0.0568463 0.00390158 0.000287577 9.22169e-11 0.00663035 1.32015e-06 0.927406 0.000317561 0.00346607 0.000914186 
0.000483643 0.740675 1.55333e-05 0.0679008 0.0895658 0.00530106 9.11807e-09 0.0147546 0.0202965 0.0294663 0.00126065 0.00110462 0.029176 
0.430808 0.000796828 1.42943e-06 0.132364 0.121005 0.0108426 1.35848e-06 0.00467753 0.217749 0.00389811 0.0734143 0.000918482 0.00352258 
1.62863e-07 0.00190378 0.000240986 0.0148823 0.0074866 0.0107106 2.03799e-10 0.0226582 0.00855949 0.930308 0.000151023 0.0006722 0.0024266 
5.74276e-10 0.998838 4.26997e-08 0.000123629 2.26982e-05 0.000666343 3.87409e-13 0.000137975 5.90985e-05 4.96667e-06 7.23402e-05 8.47002e-06 6.65928e-05 
0.00123001 0.00122919 0.00122924 0.00123016 0.00123014 0.00122982 0.00122885 0.00123014 0.00123016 0.985243 0.00122987 0.00122956 0.00123003 
0.00149377 6.26808e-06 5.17915e-07 0.0894115 0.00275165 1.78467e-05 6.49915e-08 0.561212 0.0266689 0.317952 1.74781e-06 9.17707e-05 0.000392321 
0.0991236 1.23806e-05 1.23811e-05 0.418807 0.0520511 0.0247862 1.23772e-05 1.23902e-05 0.0223151 0.38283 1.23874e-05 1.23844e-05 1.23891e-05 
0.0215908 0.00917645 0.0575344 0.0582641 0.0740188 0.50719 0.00128478 0.0120876 0.0590886 0.101401 0.059227 0.024494 0.0146431 
0.0127964 3.99171e-07 0.0011377 0.345233 0.191409 0.000298295 3.7338e-10 0.0155254 0.0583778 0.304479 0.0678274 0.00214153 0.000774597 
0.0769375 0.0768861 0.0768891 0.0769464 0.0769452 0.0769252 0.0768649 0.0769455 0.0769467 0.0769376 0.0769282 0.0769093 0.0769384 
0.102053 0.00458894 0.00926733 0.214384 0.0928791 0.0178841 0.000463437 0.121563 0.267382 0.0844172 0.000624225 0.0556624 0.0288314 
0.0003778 6.08989e-05 3.97322e-10 0.0189977 0.000715104 0.000661674 1.40433e-12 0.0464231 0.0163083 0.00356502 8.71597e-06 0.905436 0.00744593 
0.0126072 0.58907 1.65238e-06 0.108588 0.0472479 0.00391413 4.88479e-11 0.148829 0.00117815 0.074575 0.000128664 0.00182204 0.0120385 
0.000142649 2.47282e-05 0.00038464 0.00333258 0.00109295 0.000600818 9.93536e-10 0.00128474 0.00230067 0.00701269 0.00119734 0.979382 0.00324437 
0.0323501 0.000205304 6.48361e-05 0.478235 0.403097 0.0102957 5.87186e-05 0.00391111 0.0437484 0.0207521 0.000256035 0.000597113 0.00642934 
0.0105492 0.0020256 0.00102112 0.0750999 0.0231525 0.000748302 1.2427e-09 0.0865839 0.0244849 0.679933 0.00130744 0.0813269 0.013767 
0.0014332 2.60459e-05 0.000176351 0.0252621 0.000684574 0.00137788 4.87715e-09 0.0153916 0.00601852 0.214006 0.00173889 0.723868 0.0100174 
0.000791334 0.0021858 0.000404895 0.040191 0.00732988 0.00342251 1.61254e-06 0.0574026 3.3072e-06 0.887133 0.00011431 0.000739904 0.000279661 
0.000142649 2.47282e-05 0.00038464 0.00333258 0.00109295 0.000600818 9.93536e-10 0.00128474 0.00230067 0.00701269 0.00119734 0.979382 0.00324437 
0.0290406 4.66448e-05 6.58805e-09 0.00478137 0.00842087 0.000689569 2.84078e-09 0.650933 0.0400952 0.000757269 0.000761812 0.0117587 0.252715 
0.000191587 0.000960855 3.88421e-08 0.0291148 0.0294589 0.000617052 7.93554e-10 0.832381 0.105654 0.00104456 2.13511e-08 4.92887e-07 0.000576062 
0.0068032 0.00050347 0.000104274 0.0659574 0.0119299 0.680608 2.911e-05 0.0154045 0.0171709 0.0601161 0.13554 9.63253e-05 0.00573629 
6.85658e-06 0.000358124 5.4756e-08 0.310109 0.0394816 0.0872566 8.24647e-11 0.0699216 0.0144847 0.454256 0.00173335 0.00952872 0.0128635 
0.000483643 0.740675 1.55333e-05 0.0679008 0.0895658 0.00530106 9.11807e-09 0.0147546 0.0202965 0.0294663 0.00126065 0.00110462 0.029176 
0.00799045 0.000665349 0.000869041 0.0132027 0.170287 2.53841e-06 5.96161e-10 0.648521 0.00522425 0.0194242 9.06959e-08 0.0103016 0.123512 
0.0222952 0.00933992 0.00816077 0.179259 0.0936506 0.0188332 0.000133072 0.0151788 0.111722 0.321931 0.0333768 0.176231 0.00988877 
0.0228168 0.000449142 0.00103368 0.317079 0.121454 0.041728 9.28463e-05 0.0458825 0.273346 0.00746677 0.10025 0.0314911 0.0369098 
0.00245051 0.00153062 0.000877681 0.0453771 0.020544 0.0299708 2.04e-07 0.159532 0.0316538 0.00804541 0.000980208 0.655994 0.0430444 
0.2831 0.0475921 4.91083e-06 0.0600688 0.317958 0.000173718 8.25418e-08 0.060623 0.1265 0.10338 1.72365e-05 0.000538208 4.41295e-05 
0.0163049 5.48674e-05 0.0109432 0.0977059 0.362498 0.125261 7.41797e-07 0.0187475 0.191925 0.0546891 0.120292 0.000348763 0.00122769 
0.000142649 2.47282e-05 0.00038464 0.00333258 0.00109295 0.000600818 9.93536e-10 0.00128474 0.00230067 0.00701269 0.00119734 0.979382 0.00324437 
0.00187596 0.00243329 0.00122944 0.00900871 0.0165613 0.027697 0.000941219 0.0232605 0.00444672 0.308115 0.590277 0.00190276 0.0122514 
3.19727e-05 2.222e-05 5.83837e-06 0.0314215 0.000500691 0.000161326 1.2016e-11 0.129257 0.0126364 0.0173566 4.79509e-05 0.803566 0.00499333 
0.0232793 0.00018439 0.230574 0.24087 0.0512606 0.00505858 2.4422e-06 0.0395813 0.106093 0.26811 0.00144162 0.0251322 0.00841258 
0.00356641 0.00606088 3.44387e-06 0.101197 0.00124625 0.0697152 1.68512e-09 0.000961582 0.815402 0.00132347 6.87457e-05 0.000297351 0.000157353 
0.0712661 0.00513543 0.00743812 0.149113 0.344958 0.00466271 5.09927e-05 0.0468932 0.0266479 0.323053 0.000589048 0.00372559 0.0164662 
0.00608073 0.040295 3.07232e-06 0.0451685 0.0372953 0.000980641 1.38589e-08 0.468052 0.085941 0.14552 4.08698e-05 0.0888436 0.0817793 
0.00364517 0.000236408 0.000397622 0.0145716 0.00195186 0.000129624 2.02945e-08 0.0212385 0.0176593 0.0185214 1.64069e-05 0.920548 0.00108362 
0.197751 0.0014896 0.000135432 0.265766 0.0270752 0.00227673 8.99923e-06 0.0297417 0.452575 0.00879329 6.32891e-05 0.00170334 0.0126207 
0.00173598 0.000217979 1.92351e-06 0.764336 0.0572183 0.00118925 5.71358e-07 0.0307027 0.103038 0.00450848 3.71375e-05 0.00574436 0.0312696 
0.0228608 0.000211923 0.000138778 0.653783 0.00169219 0.0657982 8.20126e-08 0.00326016 0.105626 0.130557 0.000411299 0.00391087 0.0117498 
0.000197478 2.11028e-07 0.998414 0.000128574 9.31623e-05 4.42548e-05 5.90287e-08 1.40138e-05 4.58336e-05 0.000749119 0.000257029 1.98147e-05 3.65785e-05 
0.321635 0.00101517 4.16483e-06 0.0893497 0.0813452 0.0443986 7.3527e-07 0.101142 0.00718932 0.346024 0.000435942 0.00605524 0.00140441 
0.000447047 0.891725 2.5723e-08 0.0408913 0.0064851 0.0213462 4.82587e-13 0.00790471 0.00252362 0.00215754 0.000741476 0.00013419 0.0256436 
0.0550225 0.00200578 3.94478e-05 0.345406 0.493501 0.0599802 1.10446e-05 0.00180703 0.0186374 0.0134047 0.000343277 0.00013526 0.00970594 
0.00303484 0.0126691 1.82187e-05 0.070573 0.189625 0.22768 3.80192e-06 0.206643 0.0133864 0.203204 0.00296719 0.0698546 0.000340424 
1.35359e-05 0.000745565 3.55426e-05 0.0188973 0.019722 0.000434242 1.69221e-07 0.0291547 5.37678e-05 0.929492 0.000362761 0.000373724 0.000714228 
0.0151583 7.85063e-08 5.8422e-08 0.116425 0.572298 0.00147203 3.56179e-08 0.0140663 0.272578 0.00733372 3.85599e-08 3.40856e-05 0.000634524 
0.0736709 0.00243903 8.41883e-05 0.0788355 0.319528 0.0211167 2.00733e-05 0.0626127 0.00757947 0.0889795 0.000301712 0.000899816 0.343932 
0.228472 6.93212e-07 0.000508036 0.426222 1.54847e-07 0.00916534 3.34247e-11 0.112377 0.052846 0.0851593 3.21758e-05 0.0637038 0.021514 
0.021271 0.00719419 4.6413e-07 0.0609862 0.396052 4.64347e-07 4.63984e-07 0.0448218 0.0191369 0.440366 0.00413331 0.00445731 0.00157952 
0.347006 0.000352287 0.000229116 0.2227 0.0960331 0.0071661 4.38217e-06 0.0215685 0.255015 0.0447432 9.68795e-05 0.000104788 0.00498052 
0.00852533 0.000158128 4.7996e-05 0.103064 0.331516 0.00211517 9.68907e-06 0.162911 0.229969 0.108983 1.83753e-05 0.0221403 0.0305425 
0.00623321 0.00244919 3.09175e-05 0.308724 0.0686446 0.101765 1.5811e-05 0.195939 0.160054 0.0649354 0.000175795 0.00292005 0.088113 
0.000142649 2.47282e-05 0.00038464 0.00333258 0.00109295 0.000600818 9.93536e-10 0.00128474 0.00230067 0.00701269 0.00119734 0.979382 0.00324437 
5.03248e-06 2.09931e-05 2.02863e-05 0.000177765 2.35433e-05 6.88771e-06 8.06934e-10 7.47615e-05 0.000122669 0.998361 2.24425e-05 0.000952947 0.000212168 
0.0177927 0.00118285 0.0029241 0.250136 0.0118015 0.100994 1.4093e-07 0.0145789 0.11076 0.486807 0.00278818 0.000226417 7.70563e-06 
0.041355 0.0916651 0.000126532 0.0526595 0.512606 0.024943 3.35518e-05 0.0962715 0.0418282 0.0713648 0.00273293 0.0431201 0.0212938 
0.00880117 0.000153077 1.64742e-07 0.300705 0.0551348 1.72429e-05 6.99644e-08 0.0553254 0.529456 0.0174027 1.38259e-05 0.0135372 0.0194529 
0.0666997 0.00132426 4.70488e-07 0.0634175 0.00443832 2.21527e-05 5.46645e-08 0.0362034 0.121426 0.703646 0.00043136 0.00179005 0.00060086 
0.121834 0.00021802 1.97488e-05 0.162696 0.170398 0.00439932 5.23698e-06 0.00994656 0.207805 0.303667 0.000208828 0.0040226 0.0147799 
0.185893 0.0148907 0.000358505 0.216165 0.100498 0.00393056 4.91344e-05 0.173282 0.131979 0.0872844 0.00158403 0.00241339 0.0816716 
0.347006 0.000352287 0.000229116 0.2227 0.0960331 0.0071661 4.38217e-06 0.0215685 0.255015 0.0447432 9.68795e-05 0.000104788 0.00498052 
0.173311 0.000723665 0.000146356 0.410281 0.0229773 0.00375592 2.4686e-08 0.0141521 0.0128965 0.360861 6.99199e-07 1.2111e-05 0.000883203 
0.000447047 0.891725 2.5723e-08 0.0408913 0.0064851 0.0213462 4.82587e-13 0.00790471 0.00252362 0.00215754 0.000741476 0.00013419 0.0256436 
8.18127e-06 0.168259 1.42505e-07 0.0954236 0.00734355 7.12239e-05 6.34818e-08 0.0612577 0.638693 0.00242906 8.81615e-06 0.0173923 0.00911322 
0.0512693 0.000312389 0.00133578 0.219832 0.0530834 0.0394253 0.000101143 0.0423173 0.379331 0.0137849 0.18017 0.00111157 0.0179255 
0.0487214 0.0265869 3.77168e-06 0.00639354 0.781012 0.00556504 2.81755e-06 0.0765141 0.013944 0.0378779 6.27703e-05 0.0020557 0.00126049 
0.00841 0.00478379 6.34886e-05 0.331775 0.586508 0.0160808 3.01976e-05 0.00661044 0.00187157 0.0218272 0.000620714 0.000161829 0.0212566 
0.0686652 0.00111955 0.000193273 0.567793 0.137587 0.0131008 7.15885e-05 0.0272521 0.136787 0.0380341 0.000174703 0.0015247 0.00769723 
0.000980952 0.00133154 8.16878e-08 0.48755 0.0596265 0.0064973 8.16621e-08 0.0764916 0.191824 0.0704757 0.000939968 0.0893736 0.0149095 
0.0014371 3.87042e-05 2.85777e-05 0.0565984 0.0230587 0.00181822 4.51672e-07 0.667182 0.146314 0.0649896 0.000134108 0.0343706 0.00402954 
0.000489775 0.00034108 4.40601e-06 0.2205 0.18184 0.00325561 1.20113e-08 0.366045 0.132401 0.00799079 5.6578e-05 0.0778614 0.00921371 
5.40472e-05 0.000256148 0.000287936 0.0333635 0.000187585 7.27915e-05 1.57635e-06 0.00233154 0.0308558 0.874275 0.00307084 0.0489675 0.00627556 
0.000566134 6.61717e-05 9.254e-06 0.139877 0.0331417 0.0170239 3.55445e-06 0.21322 0.448891 0.142765 0.000146877 0.00251229 0.00177695 
0.00524981 0.0239858 0.00118951 0.0151117 0.138085 0.00148972 7.34913e-06 0.070041 0.00319534 0.734421 0.00107225 0.00567864 0.000473259 
0.0214543 4.85248e-05 5.49899e-06 0.678615 0.0484381 0.0361163 1.09566e-06 0.0161266 0.128203 0.0260497 0.0143217 0.00812963 0.0224905 
0.0056356 0.0038861 6.18997e-06 0.155707 0.0111869 0.0673575 1.4482e-09 0.030259 0.702142 0.0181121 0.000186223 0.00530604 0.000215303 
0.0159113 0.000678536 2.55468e-05 0.219965 0.363125 4.32281e-05 3.32769e-10 0.0127476 0.0235065 0.358516 4.76703e-05 0.00378617 0.00164653 
0.0970784 0.000501433 0.372833 0.103548 0.0160476 0.0190664 4.20099e-06 0.0138175 0.0347448 0.02501 0.000305892 0.300531 0.0165114 
0.0544852 7.98241e-05 0.000330799 0.274216 0.204559 0.0789636 3.24274e-08 0.0366073 0.350446 6.14082e-08 8.62384e-08 0.000259555 5.19506e-05 
0.00569655 3.77791e-05 0.000173959 0.00962504 0.880783 0.000305649 3.10293e-05 0.00180076 0.00539685 0.0953924 6.20761e-05 5.64067e-05 0.000638925 
0.0100322 9.54719e-07 9.54757e-07 0.0913439 0.210201 9.55205e-07 9.54457e-07 0.03134 0.617045 0.039553 9.55242e-07 9.55007e-07 0.000478639 
0.0236893 0.00400114 1.37854e-06 0.143202 0.0637887 0.0349248 5.21808e-09 0.312212 0.0612143 0.266374 1.8131e-05 0.0724949 0.0180801 
0.02635 0.000247164 6.63643e-06 0.0969075 0.00516427 0.00191545 2.72577e-06 0.00946592 0.810712 0.0129326 0.000113089 0.0317122 0.0044707 
0.077178 1.57277e-07 0.561518 0.0892429 0.0355829 0.0353085 1.12289e-08 0.0121902 0.0237314 0.151517 0.00376579 0.00447119 0.00549379 
0.0417264 0.000377881 0.00570361 0.110788 0.252405 0.0774252 3.18114e-06 0.0421927 0.0514108 0.400455 0.0109412 0.00483514 0.00173636 
0.0277605 0.00593904 0.0359623 0.108168 0.0530675 0.0514519 4.99041e-05 0.0730896 0.0625919 0.501375 0.000773788 0.0263857 0.0533848 
0.171325 0.152533 9.65713e-07 2.79196e-06 0.0319767 0.00145811 3.94593e-07 0.370429 0.158505 0.0733916 8.46133e-06 9.46586e-06 0.0403583 
6.45321e-06 0.158726 5.39545e-06 0.0330914 0.243482 0.000189391 2.58731e-06 0.373002 0.0238264 0.0573395 0.018217 0.0621094 0.0300033 
0.208975 0.000237659 2.04408e-06 0.102854 0.315018 0.0366506 5.46363e-08 0.120598 0.093119 0.0611721 2.5703e-06 0.0149864 0.0463843 
0.0407047 0.0112265 7.01244e-06 0.0793067 0.028779 0.0315778 7.01023e-06 0.0666743 7.01769e-06 0.72906 0.0126358 7.01428e-06 7.01693e-06 
0.072226 0.138589 1.2761e-05 0.180826 0.272047 0.00380519 5.00689e-07 0.118009 0.0936297 0.116627 0.000297619 0.000613033 0.00331753 
0.0449377 0.00372799 1.36892e-06 0.0199513 0.0359381 0.00270571 1.59216e-07 0.182355 0.00197711 0.706074 6.01604e-05 0.000677143 0.00159454 
0.000915812 3.62426e-05 8.39569e-06 0.074316 0.00826698 0.000181419 7.55797e-08 0.0964277 0.0278508 0.00237261 0.0335138 0.729065 0.0270455 
0.00171331 4.35357e-05 0.00742192 0.0135509 0.0161182 0.00561786 1.08021e-08 0.000968274 0.0042518 0.479358 0.0876328 0.381598 0.00172529 
0.0401073 0.000112372 0.118133 0.153351 0.0331959 0.0418318 2.28692e-06 0.094023 0.0791713 0.435065 0.00143197 0.00189323 0.00168184 
0.00487089 0.00583432 0.000299508 0.299706 0.0383713 0.00635081 8.55223e-08 0.152535 0.475607 0.00660867 0.000428049 0.00563072 0.0037581 
0.00891741 0.00295204 1.50365e-05 0.174886 0.0020786 0.0525693 5.03051e-09 0.00400735 0.725348 0.00663823 0.000520765 0.00103726 0.0210303 
0.000197478 2.11028e-07 0.998414 0.000128574 9.31623e-05 4.42548e-05 5.90287e-08 1.40138e-05 4.58336e-05 0.000749119 0.000257029 1.98147e-05 3.65785e-05 
0.0582013 0.00600831 0.00410046 0.303748 0.458291 0.00491393 0.000732016 0.0407813 0.0751616 0.0336332 0.000931902 0.00440301 0.00909375 
0.310869 0.000161663 4.0056e-05 0.18715 0.0274334 0.016411 2.71567e-08 0.234729 0.0843164 0.115895 0.000189109 0.0176346 0.00517195 
0.00935497 0.000453214 0.000531654 0.189966 0.483304 0.0242175 7.36204e-07 0.166899 0.0845644 0.0358523 0.000842188 0.00267746 0.00133607 
0.0136742 0.00141917 8.08689e-05 0.081435 0.0291212 0.00091269 1.80342e-07 0.344182 0.0491849 0.0667054 0.000388672 0.409216 0.00367963 
0.00838423 0.000536408 0.000213922 0.205404 0.0706247 0.00268221 3.69126e-05 0.0144064 0.0815892 0.589104 0.000429054 0.0200204 0.00656826 
0.275426 1.23961e-05 7.64513e-05 0.584392 0.00256298 0.0050497 1.34997e-11 0.000349479 0.125956 0.00596796 2.15181e-05 8.33271e-05 0.000101968 
0.00488958 8.10489e-05 2.35737e-06 0.223993 0.114727 0.0856962 3.73663e-09 0.147951 0.136052 0.278783 0.00391832 0.000881466 0.00302507 
0.00409555 0.000646523 1.87492e-06 0.603611 0.0297772 0.0169976 6.00048e-07 0.129973 0.139761 0.0586081 0.000407898 0.0151359 0.000983916 
0.0332525 0.0162007 0.000378337 0.162635 0.0188364 0.0197914 2.13621e-10 0.0192372 0.164244 0.548053 1.06675e-07 5.39287e-05 0.0173168 
0.870171 1.39753e-05 0.000201737 0.0129974 0.0014379 0.00856215 6.86029e-07 0.0198975 6.59207e-05 0.0816225 3.14949e-06 0.00500543 2.04084e-05 
0.347006 0.000352287 0.000229116 0.2227 0.0960331 0.0071661 4.38217e-06 0.0215685 0.255015 0.0447432 9.68795e-05 0.000104788 0.00498052 
6.98269e-06 6.97803e-06 0.0216398 0.00629213 6.9834e-06 6.98158e-06 6.97611e-06 0.00210201 0.0412098 0.897286 0.0167634 0.0146653 6.98278e-06 
0.0374221 0.00147046 0.000658233 0.596107 0.0649144 0.0184225 1.40463e-07 0.0289602 0.0367351 0.195199 0.015579 0.00235575 0.00217609 
0.0101172 0.000989611 2.09823e-05 0.111059 0.00494488 0.165242 9.08756e-07 0.378065 0.0260418 0.117653 0.00637044 0.0307619 0.148733 
0.134448 0.00318952 0.00139317 0.124546 0.0433958 0.0235853 0.000957777 0.0930775 0.181622 0.366238 0.00574802 0.00185753 0.0199399 
0.0872431 0.000920056 0.000500769 0.160292 0.25367 0.0151476 1.50287e-06 0.188983 0.159215 0.0453841 0.00117225 0.000787218 0.0866839 
0.120704 0.00405527 0.0042005 0.128283 0.150869 0.0221815 3.67728e-05 0.0248756 0.148766 0.333364 0.0418497 0.00224756 0.0185675 
0.000185645 0.00763767 0.00249298 0.0206472 0.0105556 0.854439 4.81587e-12 0.00537442 0.0015625 0.0138242 0.0797381 4.70812e-05 0.00349528 
0.00104404 0.000472035 0.0031921 0.0782984 0.00460581 0.00537451 7.21544e-10 0.185682 0.01011 0.660755 0.000188888 0.0410631 0.00921437 
0.0148281 0.000220089 0.000503183 0.253078 0.0657679 0.00342408 6.22686e-08 0.00718794 0.0543028 0.597791 0.000162654 0.000167186 0.00256772 
0.00125183 0.00104885 0.000506783 0.493268 0.0185586 0.00444192 0.00024378 0.054356 0.228832 0.0398023 0.00040431 0.0444325 0.112853 
0.00962728 0.000777403 4.86945e-07 0.0944072 0.109019 0.00259014 6.83041e-08 0.230106 0.0243969 0.50745 0.000268182 0.00273478 0.0186231 
0.00279113 0.00155013 0.0197724 0.0247181 0.0208578 0.00626697 0.000182082 0.057679 0.0218565 0.829287 0.00472848 0.00629953 0.00401117 
0.000484925 6.80975e-05 1.76158e-08 0.0212572 0.000846023 0.000636293 2.06442e-12 0.0431457 0.0174299 0.00390514 8.32561e-06 0.904767 0.0074516 
0.000142649 2.47282e-05 0.00038464 0.00333258 0.00109295 0.000600818 9.93536e-10 0.00128474 0.00230067 0.00701269 0.00119734 0.979382 0.00324437 
0.00583818 0.00588354 5.69283e-06 0.66363 0.0605985 0.0133308 4.92355e-11 0.106494 0.121235 0.0224796 0.000244137 0.000160204 9.98749e-05 
