0.0811046 0.00169318 0.000102551 0.285418 4.34698e-07 0.0015414 1.69647e-09 1.29448e-10 0.412357 0.217524 0.000123112 0.000126972 8.84702e-06 
0.4864 7.87307e-08 0.000275836 0.338018 1.23082e-13 0.00107223 1.45161e-12 1.10764e-13 0.142557 0.0308767 3.71834e-09 0.000748251 5.10671e-05 
0.399281 0.00427138 0.00065466 0.233878 0.0284221 0.00739242 0.00105046 1.7236e-07 0.262628 0.0525471 0.00218864 0.00208474 0.00560133 
0.0811046 0.00169318 0.000102551 0.285418 4.34698e-07 0.0015414 1.69647e-09 1.29448e-10 0.412357 0.217524 0.000123112 0.000126972 8.84702e-06 
0.000525976 0.000153124 8.52872e-05 0.00336991 0.992063 6.15057e-05 0.000132861 7.4164e-06 0.00146887 0.000103207 2.70588e-05 4.79237e-05 0.00195349 
0.0618698 0.00148473 2.77697e-05 0.0380565 9.25837e-05 0.00028076 3.25866e-05 3.28117e-06 0.15147 0.746502 3.94332e-05 9.8642e-05 4.1855e-05 
0.00109981 1.82252e-08 4.02283e-13 0.269559 0.707215 0.0102787 4.08617e-06 4.26143e-14 0.00133535 1.69861e-08 0.0104853 2.0157e-05 2.10441e-06 
8.69832e-05 5.54877e-05 1.36886e-05 0.000104307 0.997633 6.40343e-05 0.000162577 3.36557e-06 1.94722e-05 0.00183358 5.18724e-06 1.26992e-05 5.8782e-06 
0.000160224 1.85493e-06 1.75652e-06 1.26501e-05 4.70198e-05 7.59623e-07 0.508999 1.8607e-07 3.43663e-05 0.490661 6.04821e-05 1.97844e-05 3.91502e-07 
2.63425e-10 1.16957e-09 1.33013e-06 1.39676e-06 1.30367e-10 0.0957289 1.53754e-09 1.17321e-10 2.12457e-08 0.904264 4.4949e-06 7.58109e-10 2.4685e-10 
0.00136994 3.26326e-06 6.95262e-09 0.0146739 0.681064 0.272887 3.64142e-06 7.36498e-10 0.000756319 0.000683339 0.0285279 2.48493e-05 5.88995e-06 
0.444746 0.000919097 9.73568e-09 0.174061 0.00701519 0.00191986 2.16942e-08 2.71325e-13 0.359471 0.0108017 0.0002301 0.000339483 0.000497273 
0.156647 4.65938e-10 3.70669e-06 0.433291 9.35376e-08 3.14855e-06 6.12533e-10 4.67388e-11 2.92112e-05 0.410015 1.70527e-10 9.15152e-06 1.07202e-06 
0.00273937 4.23761e-07 4.0128e-07 0.00026257 0.000684957 1.73537e-07 5.57085e-07 4.25079e-08 0.996311 9.45515e-08 1.55091e-07 2.7468e-07 8.94393e-08 
2.32655e-05 2.89704e-06 0.960145 5.74087e-05 0.000161756 5.95216e-06 3.80852e-06 2.90606e-07 5.64676e-06 0.0395189 6.71145e-05 7.33095e-06 9.56706e-07 
1.21267e-09 5.38405e-09 6.1232e-06 0.000649421 6.00141e-10 0.000146846 7.07799e-09 5.4008e-10 9.78036e-08 0.999174 2.06921e-05 2.79543e-06 1.13636e-09 
0.0129208 0.000623872 0.856152 0.0243321 7.67275e-08 0.00861568 0.00010585 6.90488e-08 0.00744893 0.0858169 0.00361532 0.000325907 4.20601e-05 
0.399281 0.00427138 0.00065466 0.233878 0.0284221 0.00739242 0.00105046 1.7236e-07 0.262628 0.0525471 0.00218864 0.00208474 0.00560133 
0.4864 7.87307e-08 0.000275836 0.338018 1.23082e-13 0.00107223 1.45161e-12 1.10764e-13 0.142557 0.0308767 3.71834e-09 0.000748251 5.10671e-05 
0.408946 0.000968758 5.64455e-06 0.179041 0.016912 0.000640004 3.54119e-05 1.15319e-07 0.353649 0.0163209 0.000162802 0.00245639 0.0208623 
1.07386e-05 2.15726e-09 1.22773e-06 0.00991119 9.64276e-06 7.4217e-06 2.83598e-09 2.16397e-10 5.7711e-06 0.99005 7.11363e-07 3.3574e-06 4.55312e-10 
0.000337715 6.51958e-05 4.50604e-09 0.000225673 7.48417e-05 7.87284e-05 6.25561e-09 4.77329e-10 0.581471 0.417639 3.18718e-05 4.93541e-05 2.69169e-05 
7.47364e-06 2.06338e-07 1.95392e-07 0.0240437 2.29998e-08 4.73484e-05 0.975814 2.0698e-08 7.27839e-05 4.60392e-08 7.5517e-08 1.33748e-07 1.44306e-05 
0.000774583 1.22435e-05 2.10627e-06 0.911798 0.0609781 4.77766e-06 4.74819e-06 4.65761e-08 0.0150172 2.98692e-05 1.69933e-07 3.00968e-07 0.011378 
0.0670409 0.000382432 0.00080295 0.0746525 4.87434e-05 0.00235028 2.82226e-06 2.1535e-07 0.0290058 0.825433 1.87443e-05 0.000228064 3.32212e-05 
3.54384e-06 4.69864e-07 1.03713e-11 0.130263 0.581044 0.270624 5.29347e-05 1.09864e-12 1.35001e-06 0.0178675 4.82629e-05 1.92397e-07 9.48931e-05 
0.000107059 4.48177e-05 2.67768e-07 0.000121127 0.00020829 1.15799e-07 3.71735e-07 2.8365e-08 0.000257425 0.997069 3.50304e-05 0.0021493 7.22128e-06 
0.156647 4.65938e-10 3.70669e-06 0.433291 9.35376e-08 3.14855e-06 6.12533e-10 4.67388e-11 2.92112e-05 0.410015 1.70527e-10 9.15152e-06 1.07202e-06 
0.189366 0.000361285 3.97328e-05 0.320111 0.000194589 0.000441901 7.25653e-09 3.76648e-09 0.38357 0.105276 0.000125331 0.000396004 0.000117305 
0.00718838 0.105554 0.479375 9.64711e-05 0.00243527 1.15363e-06 0.102591 2.82583e-07 0.000851463 0.153572 0.148332 1.82601e-06 5.94572e-07 
0.300017 0.00100363 0.000630641 0.339266 8.25557e-07 7.89074e-07 3.60231e-07 4.95634e-08 6.18486e-06 0.357194 0.000647416 0.00123339 3.08094e-07 
0.399281 0.00427138 0.00065466 0.233878 0.0284221 0.00739242 0.00105046 1.7236e-07 0.262628 0.0525471 0.00218864 0.00208474 0.00560133 
0.0831136 0.000111585 3.98721e-09 7.07723e-05 0.126208 2.3797e-05 5.53533e-09 4.22369e-10 0.618167 0.172305 1.54102e-09 2.72929e-09 8.8869e-10 
0.00672219 1.39476e-06 7.81282e-05 0.0158394 0.00357022 0.000633928 1.83358e-06 1.3991e-07 0.0139968 0.957672 0.000111838 0.00137218 2.94379e-07 
0.0014596 0.000216295 0.000254459 0.000887193 7.30374e-09 0.000271042 8.61395e-08 6.5728e-09 0.000280698 0.996587 4.31897e-05 4.24725e-08 1.38296e-08 
0.189366 0.000361285 3.97328e-05 0.320111 0.000194589 0.000441901 7.25653e-09 3.76648e-09 0.38357 0.105276 0.000125331 0.000396004 0.000117305 
2.2431e-09 6.71871e-06 2.49995e-05 0.0378105 0.167184 4.7808e-05 1.30923e-08 9.98998e-10 0.0690995 0.72564 2.50148e-06 6.45538e-09 0.000184161 
0.0811046 0.00169318 0.000102551 0.285418 4.34698e-07 0.0015414 1.69647e-09 1.29448e-10 0.412357 0.217524 0.000123112 0.000126972 8.84702e-06 
0.10384 4.13923e-05 0.0202568 0.0544007 0.000228515 0.000242429 0.0195421 1.12517e-05 0.0417002 0.758288 0.000964526 0.00044776 3.64859e-05 
0.823735 4.0109e-05 1.57266e-07 0.0844344 0.00154064 0.0015313 2.18327e-07 1.66593e-08 0.0199786 0.0643543 6.07816e-08 6.60119e-05 0.00431944 
0.0014596 0.000216295 0.000254459 0.000887193 7.30374e-09 0.000271042 8.61395e-08 6.5728e-09 0.000280698 0.996587 4.31897e-05 4.24725e-08 1.38296e-08 
0.000375142 0.00996399 2.01101e-05 4.06057e-05 0.0873791 0.000162232 7.51825e-07 5.73674e-08 0.188567 0.713304 0.000128421 4.50205e-05 1.3413e-05 
0.00484364 0.439349 6.17918e-05 0.00113272 0.511639 0.000156972 1.33295e-07 1.45168e-08 0.0143989 0.0114251 0.0168079 0.000185323 1.72316e-08 
0.0122625 0.0160297 1.06578e-07 0.0237442 0.00130822 0.00251955 1.05656e-05 1.04835e-07 0.0535024 0.890525 2.20945e-06 7.86003e-06 8.78325e-05 
0.162269 1.54917e-05 9.99881e-05 0.632435 4.23195e-07 0.000371528 5.48897e-10 4.18831e-11 0.047572 0.156959 7.31712e-07 0.000258201 1.84033e-05 
2.91415e-05 6.94303e-11 5.5234e-07 0.0567745 7.73915e-12 4.69171e-07 9.12747e-11 6.96464e-12 0.0104511 0.932743 2.54105e-11 1.36369e-06 1.59744e-07 
0.820604 4.25193e-05 8.20483e-06 0.00180566 0.0017606 1.67675e-05 1.91532e-05 3.94885e-10 0.000785012 0.0698769 1.44074e-09 2.55169e-09 0.105081 
0.000621359 5.15903e-06 8.58464e-07 0.000198499 0.0425443 0.0889432 4.26947e-06 2.31598e-07 0.015973 0.0509269 0.800663 0.000102561 1.69977e-05 
0.0333659 1.5912e-06 0.275389 1.92641e-06 0.00413685 0.000876107 1.87661e-07 1.27086e-07 0.00182019 0.669626 0.0146644 3.19106e-05 8.59905e-05 
0.0855648 0.000822728 8.78223e-05 0.627906 0.000651411 0.0500975 5.62619e-05 3.12123e-05 0.193773 0.0404478 0.000181491 0.000287458 9.27008e-05 
0.0811046 0.00169318 0.000102551 0.285418 4.34698e-07 0.0015414 1.69647e-09 1.29448e-10 0.412357 0.217524 0.000123112 0.000126972 8.84702e-06 
0.048658 1.53851e-05 9.90986e-05 0.00976026 0.00015375 0.0431076 0.000462817 2.0512e-07 0.0496204 0.841176 1.55754e-05 0.001139 0.00579206 
0.39112 0.000325256 6.39589e-07 0.00529701 0.52095 0.0234044 1.16837e-06 8.20092e-11 0.043749 0.0139183 4.18576e-06 0.00123035 4.341e-07 
0.372 0.000180881 0.000374078 0.41583 2.85738e-08 0.002321 2.02075e-08 1.54376e-08 0.163335 0.0441016 1.15708e-05 0.00167019 0.000176643 
0.000572737 4.5731e-06 1.28276e-05 0.0120556 0.176193 0.726713 6.58804e-05 9.51111e-07 0.00443438 0.0256727 0.054018 0.000246267 9.81372e-06 
5.7019e-07 2.1047e-05 0.000158049 2.58972e-06 2.82183e-07 1.3225e-05 3.32803e-06 2.53943e-07 3.12441e-07 0.998824 0.000960062 1.54402e-05 5.34311e-07 
2.34401e-07 3.64482e-08 7.03331e-09 0.555059 0.424242 1.43734e-08 1.64185e-08 3.38502e-13 0.0197174 3.99065e-08 1.23503e-12 2.18735e-12 0.000981931 
7.7601e-07 7.92697e-07 3.26225e-10 0.185359 0.758669 1.41079e-10 4.52889e-10 3.45573e-11 0.05597 2.38364e-07 1.26083e-10 2.23304e-10 7.27107e-11 
7.47364e-06 2.06338e-07 1.95392e-07 0.0240437 2.29998e-08 4.73484e-05 0.975814 2.0698e-08 7.27839e-05 4.60392e-08 7.5517e-08 1.33748e-07 1.44306e-05 
0.00129872 0.000172193 3.80079e-09 0.00120547 0.864635 0.0017188 0.000192071 4.02621e-10 0.000494743 0.1125 0.0176871 7.05084e-05 2.48221e-05 
7.55045e-07 4.77678e-06 6.57905e-10 0.11327 0.551606 0.306654 9.13351e-10 6.96925e-11 0.000936606 0.0270354 0.000413659 7.91475e-05 1.36115e-07 
0.00805617 1.34187e-08 2.96189e-13 0.000413431 0.584359 0.229404 1.49678e-08 3.13756e-14 0.00447234 0.00401705 0.169122 0.000127481 2.95974e-05 
0.751056 0.000382121 8.49937e-06 0.102701 0.00188301 0.000468239 3.03994e-05 6.23178e-14 0.13035 0.0128862 3.66777e-05 5.89676e-05 0.000138504 
0.00484364 0.439349 6.17918e-05 0.00113272 0.511639 0.000156972 1.33295e-07 1.45168e-08 0.0143989 0.0114251 0.0168079 0.000185323 1.72316e-08 
0.000337715 6.51958e-05 4.50604e-09 0.000225673 7.48417e-05 7.87284e-05 6.25561e-09 4.77329e-10 0.581471 0.417639 3.18718e-05 4.93541e-05 2.69169e-05 
0.273408 0.0230617 7.44012e-06 0.0533733 0.0114085 7.54865e-05 5.94201e-07 1.99432e-07 0.0639517 0.574603 2.17516e-05 6.83044e-05 2.02462e-05 
0.4864 7.87307e-08 0.000275836 0.338018 1.23082e-13 0.00107223 1.45161e-12 1.10764e-13 0.142557 0.0308767 3.71834e-09 0.000748251 5.10671e-05 
0.189366 0.000361285 3.97328e-05 0.320111 0.000194589 0.000441901 7.25653e-09 3.76648e-09 0.38357 0.105276 0.000125331 0.000396004 0.000117305 
0.189366 0.000361285 3.97328e-05 0.320111 0.000194589 0.000441901 7.25653e-09 3.76648e-09 0.38357 0.105276 0.000125331 0.000396004 0.000117305 
1.1074e-06 2.91688e-09 1.35163e-05 0.000122841 3.25135e-10 2.92974e-07 3.8346e-09 2.92596e-10 1.06476e-07 0.999861 1.4997e-06 1.89071e-09 6.15639e-10 
0.00337093 4.43799e-07 0.886742 0.00509087 4.94687e-08 6.90282e-06 5.83428e-07 4.4518e-08 0.00190148 0.10286 1.85442e-05 7.97806e-06 5.80574e-07 
1.80053e-06 2.79213e-13 0.999687 1.22593e-09 3.11228e-14 3.97922e-09 3.67059e-13 2.80081e-14 1.64828e-07 7.09554e-05 0.000239695 1.80985e-13 1.59172e-10 
0.000150477 1.99512e-05 4.40381e-10 0.000139673 0.997332 0.00019915 2.22544e-05 4.665e-11 5.73237e-05 1.85948e-05 0.00204933 8.16951e-06 2.87603e-06 
0.00166476 4.53465e-10 0.474908 0.148772 0.00388032 0.000275046 5.96135e-10 4.54876e-11 0.00274461 0.365803 0.00195047 6.99684e-07 2.82895e-08 
0.00630754 1.92431e-07 0.000276171 0.13449 0.000100897 0.000101622 2.52974e-07 1.9303e-08 0.000942157 0.855048 3.25421e-05 0.00266599 3.4613e-05 
0.0014596 0.000216295 0.000254459 0.000887193 7.30374e-09 0.000271042 8.61395e-08 6.5728e-09 0.000280698 0.996587 4.31897e-05 4.24725e-08 1.38296e-08 
0.156647 4.65938e-10 3.70669e-06 0.433291 9.35376e-08 3.14855e-06 6.12533e-10 4.67388e-11 2.92112e-05 0.410015 1.70527e-10 9.15152e-06 1.07202e-06 
0.0150758 0.000241105 0.000542629 0.0539044 0.061955 0.0452863 3.10656e-05 6.42198e-06 0.0018573 0.42237 0.398313 0.000359804 5.66945e-05 
0.000366019 3.53199e-07 3.34461e-07 9.83405e-05 3.93698e-08 1.44641e-07 0.000139761 3.54298e-08 0.999331 6.31246e-05 1.29266e-07 2.28942e-07 7.45464e-08 
9.54232e-07 4.86913e-10 4.61082e-10 0.274856 0.338351 4.30722e-06 6.40107e-10 4.88429e-11 0.386787 1.02135e-06 1.78204e-10 3.15616e-10 1.02768e-10 
0.403257 0.0245825 0.00173677 0.0168903 0.519393 0.000654877 6.87604e-06 6.38478e-08 0.016506 0.000777413 0.0161416 7.12672e-06 4.65975e-05 
0.00246642 0.000117224 1.70126e-05 0.97952 8.68788e-05 0.0166909 3.79095e-05 4.74128e-10 0.000650874 0.000321553 2.19709e-05 3.70745e-05 3.24228e-05 
0.000723105 9.58738e-05 2.11621e-09 0.000671184 0.00239509 0.000956998 0.000106942 2.24172e-10 0.000275464 8.93554e-05 0.994633 3.92578e-05 1.38205e-05 
2.19754e-06 1.07603e-07 1.01894e-07 2.72255e-05 1.19941e-08 4.40652e-08 1.41457e-07 1.07938e-08 1.29011e-05 0.999957 3.93812e-08 6.97479e-08 2.27108e-08 
0.189366 0.000361285 3.97328e-05 0.320111 0.000194589 0.000441901 7.25653e-09 3.76648e-09 0.38357 0.105276 0.000125331 0.000396004 0.000117305 
0.00484364 0.439349 6.17918e-05 0.00113272 0.511639 0.000156972 1.33295e-07 1.45168e-08 0.0143989 0.0114251 0.0168079 0.000185323 1.72316e-08 
0.225115 0.000310983 6.89678e-05 0.0549681 0.000190176 0.000249402 7.53392e-05 1.01096e-05 0.0657175 0.652901 8.69736e-05 0.000218202 8.7449e-05 
0.000337715 6.51958e-05 4.50604e-09 0.000225673 7.48417e-05 7.87284e-05 6.25561e-09 4.77329e-10 0.581471 0.417639 3.18718e-05 4.93541e-05 2.69169e-05 
5.61582e-06 2.49334e-05 2.36106e-05 0.994432 0.0026286 1.02106e-05 3.2778e-05 2.50109e-06 0.00226534 0.000543594 9.12527e-06 1.61617e-05 5.26245e-06 
0.000281199 0.000928098 0.0283144 0.000257955 1.73291e-07 0.000111587 2.04378e-06 1.55949e-07 7.76282e-05 0.969586 0.000304011 0.000127959 8.36585e-06 
0.0252848 4.20449e-06 0.00128654 0.106336 0.36543 0.342264 4.01106e-06 6.39556e-07 0.00387471 0.0152973 0.139972 0.000159466 8.65293e-05 
0.040883 1.37799e-10 4.73687e-06 0.145157 0.0872191 0.0141753 1.81153e-10 1.38228e-11 0.0499141 0.662392 0.000254508 2.1446e-07 2.90839e-11 
0.0659518 0.000115294 0.805594 0.0652454 0.000332773 0.00204733 7.80216e-05 5.26555e-07 0.0139347 0.0459168 0.000234174 0.000437971 0.000111557 
0.0124779 3.16045e-05 4.24598e-08 0.162324 0.759251 0.0149842 0.000597174 1.48814e-08 0.000242547 0.0377374 8.66145e-08 0.000333636 0.0120201 
0.717755 0.000306349 0.000144431 0.0216397 3.54303e-08 0.000311093 4.17861e-07 3.18845e-08 2.32131e-06 0.25984 1.16331e-07 2.06033e-07 6.70869e-08 
0.000337715 6.51958e-05 4.50604e-09 0.000225673 7.48417e-05 7.87284e-05 6.25561e-09 4.77329e-10 0.581471 0.417639 3.18718e-05 4.93541e-05 2.69169e-05 
3.47141e-06 3.58348e-09 3.39337e-09 0.0357692 2.99183e-05 1.61571e-06 0.436997 3.59463e-10 0.408849 0.00968087 1.3115e-09 2.3228e-09 0.108669 
0.952514 5.97311e-05 5.65623e-05 0.0042958 6.65801e-06 0.0244853 7.85238e-05 5.99169e-06 0.00108504 0.017339 2.18608e-05 3.87175e-05 1.26069e-05 
3.64591e-05 5.34208e-06 5.05867e-06 0.872398 0.117512 0.0097954 7.02282e-06 5.3587e-07 0.000137301 3.48887e-05 3.01792e-05 2.07203e-05 1.7404e-05 
2.08119e-08 9.24015e-08 0.00115125 0.998723 1.2228e-05 6.82852e-05 1.21473e-07 9.2689e-09 4.9985e-07 4.18101e-06 4.5122e-06 3.50184e-05 5.93422e-07 
8.87999e-09 3.94257e-08 4.48384e-05 4.70842e-05 4.39465e-09 0.00107531 5.183e-08 3.95484e-09 7.16186e-07 0.99868 0.000151522 2.55556e-08 8.32123e-09 
0.00191535 1.90263e-07 1.8017e-07 0.0410658 0.0139554 0.0114542 2.50124e-07 1.90855e-08 0.0225806 0.889766 6.96337e-08 0.0176958 0.0015658 
0.033015 0.0364605 0.00137842 0.0254677 0.000407611 0.041525 8.71149e-07 8.43649e-07 0.164853 0.695235 8.60291e-05 0.00103657 0.00053355 
0.00176595 6.19507e-08 2.1546e-08 0.225951 0.721664 0.0295897 6.91039e-08 9.30237e-09 0.00650482 0.00234374 0.0118517 1.63558e-05 0.000312558 
7.7601e-07 7.92697e-07 3.26225e-10 0.185359 0.758669 1.41079e-10 4.52889e-10 3.45573e-11 0.05597 2.38364e-07 1.26083e-10 2.23304e-10 7.27107e-11 
5.89896e-09 2.61904e-08 2.4801e-08 0.000837094 2.91935e-09 8.48122e-06 3.44305e-08 2.62719e-09 8.94905e-06 0.999145 9.58533e-09 1.69765e-08 5.52777e-09 
0.189366 0.000361285 3.97328e-05 0.320111 0.000194589 0.000441901 7.25653e-09 3.76648e-09 0.38357 0.105276 0.000125331 0.000396004 0.000117305 
0.156647 4.65938e-10 3.70669e-06 0.433291 9.35376e-08 3.14855e-06 6.12533e-10 4.67388e-11 2.92112e-05 0.410015 1.70527e-10 9.15152e-06 1.07202e-06 
2.35837e-05 0.000264001 0.000159422 0.000134293 0.00232625 3.80782e-05 3.71188e-08 2.83232e-09 9.63099e-05 0.996924 1.84927e-06 1.83021e-08 3.17684e-05 
0.119315 9.52497e-06 0.611014 0.0269999 0.00199638 0.000811339 3.08566e-06 3.185e-08 0.0130846 0.225409 0.00124066 9.58606e-05 2.08429e-05 
1.15801e-08 5.14137e-08 4.86862e-08 0.687202 0.265077 2.10548e-08 6.75896e-08 5.15737e-09 0.0476102 1.14717e-08 1.88167e-08 3.33262e-08 0.000110695 
0.0333659 1.5912e-06 0.275389 1.92641e-06 0.00413685 0.000876107 1.87661e-07 1.27086e-07 0.00182019 0.669626 0.0146644 3.19106e-05 8.59905e-05 
0.0566318 0.000838715 1.34524e-05 0.788186 0.0369905 0.00336429 0.000127741 6.5397e-08 0.0543905 0.034936 0.000181873 0.000385549 0.0239532 
9.06741e-07 4.02579e-06 3.81221e-06 0.0001088 4.4874e-07 1.64863e-06 5.29239e-06 4.03831e-07 0.00181952 0.99805 1.47338e-06 2.6095e-06 8.49686e-07 
0.0700749 0.000379196 8.4846e-05 0.163133 0.000213214 0.00034015 6.26166e-05 2.44926e-05 0.191641 0.57336 0.000133004 0.000443398 0.000109603 
0.4864 7.87307e-08 0.000275836 0.338018 1.23082e-13 0.00107223 1.45161e-12 1.10764e-13 0.142557 0.0308767 3.71834e-09 0.000748251 5.10671e-05 
0.00410477 6.7701e-06 6.41094e-06 0.00691151 0.0381404 0.934739 8.90013e-06 6.79117e-07 0.000371061 0.0157019 2.47776e-06 4.38835e-06 1.4289e-06 
0.00434448 2.36594e-05 9.30347e-07 0.475218 0.363922 8.98455e-06 3.65187e-06 2.03435e-14 0.0892348 0.000127113 7.42233e-14 1.31457e-13 0.0671169 
0.0919524 1.20151e-09 4.1302e-05 7.67022e-05 0.794624 0.0206121 1.57953e-09 1.20524e-10 0.0926417 4.97034e-05 2.46295e-06 7.78812e-10 2.53591e-10 
0.0138984 8.67523e-05 1.26855e-05 0.664494 0.00261051 5.90704e-05 2.42708e-09 2.07669e-09 0.306257 0.01009 5.44075e-09 1.80432e-08 0.0024919 
0.0811046 0.00169318 0.000102551 0.285418 4.34698e-07 0.0015414 1.69647e-09 1.29448e-10 0.412357 0.217524 0.000123112 0.000126972 8.84702e-06 
9.81189e-05 3.8013e-09 0.999038 9.00711e-05 4.23717e-10 3.87633e-05 4.99727e-09 3.81313e-10 2.70716e-05 0.000554531 0.000106013 4.43544e-05 2.80888e-06 
0.0014596 0.000216295 0.000254459 0.000887193 7.30374e-09 0.000271042 8.61395e-08 6.5728e-09 0.000280698 0.996587 4.31897e-05 4.24725e-08 1.38296e-08 
0.189366 0.000361285 3.97328e-05 0.320111 0.000194589 0.000441901 7.25653e-09 3.76648e-09 0.38357 0.105276 0.000125331 0.000396004 0.000117305 
0.189366 0.000361285 3.97328e-05 0.320111 0.000194589 0.000441901 7.25653e-09 3.76648e-09 0.38357 0.105276 0.000125331 0.000396004 0.000117305 
9.64258e-05 3.10471e-07 3.00518e-10 0.158296 0.823552 0.0093426 2.18471e-06 3.18342e-11 0.00866958 1.40585e-05 6.05166e-07 3.70164e-07 2.61799e-05 
0.0893077 2.37064e-08 2.24487e-08 0.530352 0.057129 9.70816e-09 7.79406e-06 2.37802e-09 0.323204 5.28948e-09 8.67621e-09 1.53664e-08 5.00349e-09 
0.0182145 2.31395e-08 4.22911e-07 0.00526273 0.24173 0.271773 1.03914e-07 1.89515e-08 0.0354684 0.403883 0.0177759 0.00566308 0.000228292 
0.314762 0.000299367 5.44121e-06 0.418642 0.0947706 0.00889523 0.000445427 7.82566e-09 0.138942 0.00947123 0.0133578 0.000229363 0.000178685 
0.00270592 1.72337e-05 0.00797536 0.0142763 0.000515409 0.00158758 2.57311e-05 5.37863e-06 0.0254691 0.947035 7.94776e-05 9.73685e-05 0.000210359 
0.00805617 1.34187e-08 2.96189e-13 0.000413431 0.584359 0.229404 1.49678e-08 3.13756e-14 0.00447234 0.00401705 0.169122 0.000127481 2.95974e-05 
0.196446 2.66686e-05 0.000126158 0.631631 5.48773e-08 0.00324336 5.28394e-08 1.14482e-08 0.147979 0.0196175 6.12233e-06 0.000828334 9.55673e-05 
0.00333103 5.83662e-06 0.00296459 0.000430813 6.50587e-07 0.000197497 2.60944e-05 5.85478e-07 0.0294427 0.962658 2.13612e-06 0.000939332 1.23188e-06 
9.16834e-05 3.24224e-06 3.07023e-06 0.000674964 7.00861e-05 1.32775e-06 0.00217978 3.25233e-07 0.996595 0.000377031 1.18661e-06 2.10161e-06 6.84309e-07 
0.492248 0.00048366 2.03341e-08 0.093767 0.337662 0.0243382 0.000119749 2.00697e-08 0.0349039 0.00769835 0.0087279 3.02231e-05 2.08644e-05 
2.10908e-08 0.104785 8.86722e-08 0.00703055 0.010817 3.83471e-08 1.23101e-07 9.39313e-09 4.21298e-06 0.877347 3.43961e-06 1.21231e-05 1.97637e-08 
0.0656256 0.0099504 1.82629e-07 0.0568223 0.0670912 0.125695 5.04254e-07 3.93778e-08 0.672882 0.00170892 0.000164675 2.29171e-05 3.57724e-05 
0.399281 0.00427138 0.00065466 0.233878 0.0284221 0.00739242 0.00105046 1.7236e-07 0.262628 0.0525471 0.00218864 0.00208474 0.00560133 
0.00238313 1.15032e-05 4.70427e-11 0.0827079 0.217561 0.185237 1.12472e-05 4.98328e-12 0.00086221 3.84727e-05 0.511183 3.29689e-06 1.22994e-06 
3.05738e-07 9.82613e-06 7.43213e-05 1.20242e-06 1.51308e-07 6.15375e-06 1.78451e-06 1.36165e-07 1.60947e-07 0.999445 0.000453822 7.19277e-06 2.865e-07 
0.399281 0.00427138 0.00065466 0.233878 0.0284221 0.00739242 0.00105046 1.7236e-07 0.262628 0.0525471 0.00218864 0.00208474 0.00560133 
0.000140679 5.92026e-09 0.000125024 0.0109262 6.59911e-10 8.24554e-06 7.86074e-07 5.93869e-10 5.2975e-06 0.988754 2.16673e-09 3.95301e-05 1.24954e-09 
0.000167848 0.221195 0.434675 0.0837057 0.0780237 0.0451129 0.00105898 4.14541e-06 0.0349986 0.0905265 4.23695e-05 0.0104762 1.26307e-05 
0.189366 0.000361285 3.97328e-05 0.320111 0.000194589 0.000441901 7.25653e-09 3.76648e-09 0.38357 0.105276 0.000125331 0.000396004 0.000117305 
0.0811046 0.00169318 0.000102551 0.285418 4.34698e-07 0.0015414 1.69647e-09 1.29448e-10 0.412357 0.217524 0.000123112 0.000126972 8.84702e-06 
6.97482e-05 3.31574e-06 0.000137695 0.142244 0.00014996 0.0233814 1.07306e-06 4.12478e-07 0.000419517 0.830652 0.00192046 0.000609738 0.000410215 
0.0653259 0.000121946 3.857e-09 0.166879 0.738007 0.000615608 3.60239e-05 1.85631e-13 0.0287843 0.000229807 6.77278e-13 1.19952e-12 4.89085e-07 
0.0151646 2.48851e-05 3.04175e-09 0.348739 0.612966 0.000239076 9.54333e-06 2.4505e-13 0.0223228 0.000113603 4.57198e-06 1.82268e-08 0.000415304 
6.30261e-05 7.58853e-08 7.18595e-08 9.1469e-05 0.508859 3.10763e-08 9.97606e-08 7.61215e-09 0.000152244 0.490804 2.7773e-08 2.83029e-05 1.97265e-06 
0.00967684 7.26461e-05 0.321589 0.010982 0.561175 0.054974 4.18649e-06 9.56031e-08 0.0229675 0.0149797 0.00146389 6.61364e-05 0.0020484 
0.000979448 0.000439012 2.94087e-05 0.984318 0.00144724 0.000486068 4.08273e-05 1.33459e-05 0.00105358 0.00426994 7.35771e-05 0.00649882 0.00035097 
0.399281 0.00427138 0.00065466 0.233878 0.0284221 0.00739242 0.00105046 1.7236e-07 0.262628 0.0525471 0.00218864 0.00208474 0.00560133 
0.000337715 6.51958e-05 4.50604e-09 0.000225673 7.48417e-05 7.87284e-05 6.25561e-09 4.77329e-10 0.581471 0.417639 3.18718e-05 4.93541e-05 2.69169e-05 
0.00052628 0.0545689 0.00584456 0.129048 0.0541368 0.0100028 1.05106e-05 3.08509e-06 4.01252e-06 0.743753 0.00169112 0.000153249 0.000257727 
0.0154364 3.4397e-08 4.40439e-09 0.0395884 0.711067 0.121236 0.00015351 1.12606e-09 0.0164354 0.00208383 0.0939853 1.40988e-05 4.95844e-09 
0.000301969 0.000125744 5.66747e-08 0.000341773 0.000587744 2.45095e-08 7.86799e-08 6.0036e-09 0.000726427 0.997607 9.85909e-05 0.000190132 2.02238e-05 
0.189366 0.000361285 3.97328e-05 0.320111 0.000194589 0.000441901 7.25653e-09 3.76648e-09 0.38357 0.105276 0.000125331 0.000396004 0.000117305 
3.97026e-07 0.00273209 1.66921e-06 0.000330608 0.000717203 7.21867e-07 2.31732e-06 1.76822e-07 0.0321325 0.963851 6.45135e-07 1.1426e-06 0.000229573 
1.88726e-05 4.95406e-07 3.99078e-05 0.00358006 1.62287e-05 2.02877e-07 6.51272e-07 4.96948e-08 0.00027456 0.995623 0.000421566 2.29631e-05 9.55235e-07 
0.189366 0.000361285 3.97328e-05 0.320111 0.000194589 0.000441901 7.25653e-09 3.76648e-09 0.38357 0.105276 0.000125331 0.000396004 0.000117305 
0.00013731 0.00129053 0.000486627 0.000168481 0.124838 0.00116613 0.850037 3.37013e-06 0.0177693 0.00408089 1.02489e-05 6.99636e-06 5.12559e-06 
0.00322461 1.40385e-05 0.0318175 0.00648852 2.16024e-09 0.000126515 2.54776e-08 1.94405e-09 6.69457e-06 0.952099 0.00579154 0.00043166 3.87987e-07 
0.148278 0.000120648 1.33137e-05 0.622659 0.0272127 0.000147456 5.22184e-08 1.82364e-08 0.166262 0.0350941 4.18505e-05 0.000132197 3.91605e-05 
0.982097 0.000488042 2.11618e-06 7.1263e-05 0.000529218 1.02809e-05 4.70641e-06 8.45699e-07 0.0162861 0.000498937 2.72313e-06 4.59544e-06 4.01478e-06 
1.91879e-06 2.54406e-07 5.61547e-12 0.210518 0.786818 2.53944e-06 2.83775e-07 5.94852e-13 0.00263217 2.37109e-07 2.61318e-05 1.04173e-07 3.66734e-08 
5.06074e-06 7.86919e-07 1.5185e-07 0.631634 0.114077 3.10322e-07 3.54476e-07 7.30828e-12 0.254263 8.61583e-07 2.66643e-11 4.72251e-11 1.92552e-05 
2.55825e-06 1.13582e-05 1.07556e-05 0.0146864 1.26606e-06 0.893067 1.49318e-05 1.13936e-06 0.0667236 0.0136878 4.15695e-06 0.0117872 2.39727e-06 
0.232331 5.46176e-06 5.172e-06 0.00259406 0.00212941 0.00103051 7.18015e-06 5.47875e-07 0.00112239 0.760768 1.99893e-06 3.54029e-06 1.15276e-06 
1.3556e-09 6.01864e-09 5.69934e-09 5.24237e-06 0.875312 2.46473e-09 7.91224e-09 6.03737e-10 7.12611e-06 0.124675 2.20274e-09 3.90126e-09 1.2703e-09 
0.00170847 1.06739e-11 0.0861302 0.0152765 1.28509e-08 1.08846e-07 1.40322e-11 1.07071e-12 7.60162e-08 0.871047 0.0255115 0.000323944 2.37406e-06 
0.00246642 0.000117224 1.70126e-05 0.97952 8.68788e-05 0.0166909 3.79095e-05 4.74128e-10 0.000650874 0.000321553 2.19709e-05 3.70745e-05 3.24228e-05 
0.000337715 6.51958e-05 4.50604e-09 0.000225673 7.48417e-05 7.87284e-05 6.25561e-09 4.77329e-10 0.581471 0.417639 3.18718e-05 4.93541e-05 2.69169e-05 
0.757266 4.37808e-12 7.66588e-05 0.204233 4.73862e-08 0.00407383 5.75552e-12 4.3917e-13 0.0140534 0.0202947 1.60232e-12 8.599e-08 2.02467e-06 
0.0653259 0.000121946 3.857e-09 0.166879 0.738007 0.000615608 3.60239e-05 1.85631e-13 0.0287843 0.000229807 6.77278e-13 1.19952e-12 4.89085e-07 
0.000337715 6.51958e-05 4.50604e-09 0.000225673 7.48417e-05 7.87284e-05 6.25561e-09 4.77329e-10 0.581471 0.417639 3.18718e-05 4.93541e-05 2.69169e-05 
0.0276132 0.000304334 0.00624462 1.8763e-06 1.79564e-05 0.00686259 3.43251e-06 2.61915e-07 0.00445645 0.953392 0.000190547 1.69246e-06 0.000911046 
0.00805617 1.34187e-08 2.96189e-13 0.000413431 0.584359 0.229404 1.49678e-08 3.13756e-14 0.00447234 0.00401705 0.169122 0.000127481 2.95974e-05 
8.34792e-05 3.23413e-09 0.00841562 7.66322e-05 3.60497e-10 3.29797e-05 4.25166e-09 3.2442e-10 2.30324e-05 0.991238 9.01951e-05 3.77366e-05 2.38978e-06 
0.0150584 0.00240398 1.52203e-06 0.00139137 0.121442 0.0015453 2.11299e-06 1.6123e-07 0.835296 0.0223242 0.000397062 0.000137983 3.39238e-07 
0.0087055 0.36667 0.000181359 0.000549073 0.594384 0.000245679 1.10269e-06 8.40554e-12 9.21157e-05 0.000209058 0.0289622 3.15674e-07 1.18553e-07 
4.74781e-08 2.10795e-07 1.99612e-07 1.36286e-05 0.110983 8.63241e-08 0.000133686 2.11451e-08 3.28965e-05 0.888836 7.71482e-08 1.36637e-07 4.44906e-08 
0.00200388 1.42442e-10 4.20575e-05 0.0105462 5.9648e-05 5.83323e-11 1.87257e-10 1.42885e-11 6.10662e-08 0.975028 0.0122998 2.0291e-05 9.62274e-08 
