0.0245607 0.145877 2.13279e-06 0.0318092 0.135681 0.000533441 0.00179863 0.559397 0.0707816 0.00772929 0.0005967 0.00621936 0.0150138 
0.0547619 0.00220637 3.01044e-05 0.153386 0.262463 0.00971567 4.14818e-05 0.285629 0.0998183 0.121558 7.76482e-05 0.009409 0.000903221 
0.0198562 0.00177407 6.73342e-07 0.0539456 0.0697192 0.000263513 0.000257872 0.671211 0.0396634 0.0680546 1.8781e-05 0.000690414 0.0745442 
0.118811 0.000160095 0.0156998 0.0601402 0.08051 5.91618e-05 0.00122311 0.345533 0.187233 0.131473 3.1343e-05 0.0118454 0.0472816 
0.0325526 0.00261738 0.000882029 0.0520784 0.0724977 0.00335016 0.00445402 0.62561 0.105994 0.0529389 4.53255e-05 0.0193 0.027679 
0.00062808 3.74448e-08 2.8646e-05 0.000184302 0.000164815 0.0218903 4.92257e-08 0.945627 0.000713747 0.00110731 3.00109e-05 0.0268102 0.00281496 
0.0692036 0.000254253 0.00931527 0.0347775 0.0595674 0.00598527 0.00020269 0.656856 0.0871662 0.0170886 1.1666e-05 0.00630187 0.0532692 
0.00224268 0.000339098 1.82856e-11 0.0706728 0.0124669 3.09438e-07 1.36725e-06 0.542618 0.30174 0.0691985 5.07855e-05 0.000280817 0.000388636 
0.028147 0.00419531 6.9374e-08 0.0326918 0.00564752 0.000896966 0.00161541 0.487368 0.198457 0.00370537 1.37361e-05 0.0786934 0.158569 
0.000618179 0.000397477 5.01702e-10 0.0874288 0.00407749 0.0140014 0.000204009 0.342422 0.127906 0.0458003 1.49314e-05 0.205689 0.17144 
0.00873226 0.0028805 3.11691e-07 0.0508592 0.0124353 0.000489884 3.41104e-06 0.790252 0.0522775 0.0100193 1.19006e-05 0.0186986 0.0533396 
0.0153426 0.000389809 1.37751e-06 0.0546118 0.00216718 0.00629524 0.00066324 0.793133 0.0414486 0.00338176 2.20728e-06 0.0358903 0.0466733 
0.0450537 0.000445947 4.05516e-05 0.0138094 0.0269356 0.00442405 0.0123941 0.689136 0.127038 0.0130646 0.000439794 0.00612728 0.0610912 
0.00451801 0.00108794 0.000115318 0.0599463 0.0305227 0.0126892 0.00055226 0.645097 0.038836 0.102707 0.000238996 0.0128669 0.0908227 
0.0188291 0.000394692 1.11074e-07 0.0198955 0.00659964 0.000472293 0.000405502 0.721103 0.156855 0.0256036 3.43471e-05 0.0116537 0.0381531 
0.00229452 0.00283057 1.7873e-05 0.063307 0.0559295 0.0112977 0.00364291 0.569981 0.126188 0.0492329 0.000102032 0.0106186 0.104558 
0.000820869 0.0527517 1.18176e-06 0.00603444 0.00515764 0.000213386 2.95568e-07 0.833789 0.0109984 0.00159442 7.26861e-06 0.0139872 0.0746447 
0.00205709 0.000811413 2.01526e-08 0.384803 0.0111383 5.95439e-05 0.00022377 0.415216 0.114955 0.0480948 3.33205e-06 0.0181923 0.00444524 
0.0202863 0.000330685 3.4633e-06 0.120269 0.025941 0.00566701 0.000351832 0.356392 0.107991 0.0377136 0.000128897 0.0163822 0.308542 
0.00583209 4.3925e-07 8.18422e-08 0.0252735 0.0306672 0.021447 6.15832e-06 0.435916 0.124646 0.354964 0.000562439 9.9038e-06 0.000674427 
0.115835 0.000304162 4.78545e-07 0.124669 0.024076 0.00213654 3.20085e-06 0.497371 0.0220709 0.178139 6.73865e-06 0.000464427 0.0349224 
0.000673009 0.0136352 4.10997e-09 0.137401 0.0183539 0.000683239 0.00173371 0.760012 0.0334302 0.0269041 2.6384e-05 0.00244368 0.00470423 
0.00710455 1.42352e-06 1.59111e-06 0.00108261 0.00227978 2.79391e-10 0.000106475 0.873877 0.00147534 0.0825184 7.08049e-05 0.0138305 0.0176515 
0.101805 0.00109902 2.34463e-09 0.0115395 0.0994249 5.89583e-05 0.00100804 0.65451 0.0891644 0.0387868 1.07225e-07 3.79932e-05 0.0025653 
0.010543 8.78059e-05 8.56268e-09 0.0654631 0.0311246 0.000704038 1.95178e-05 0.696144 0.113164 0.0410727 4.99707e-06 0.00157208 0.0401008 
0.00173064 0.0120038 1.64466e-07 0.0498375 0.0252452 0.0114945 9.02183e-05 0.466151 0.0305314 0.381447 0.000163967 0.020453 0.000851049 
0.00179054 0.00045953 3.63001e-06 0.0746223 0.0151133 0.00874862 0.000266549 0.717767 0.0683418 0.0305911 0.000366602 0.0434385 0.0384903 
0.0239517 5.96751e-05 0.000399813 0.0521526 0.133315 0.000829102 1.34943e-05 0.419941 0.155504 0.212253 3.06952e-07 0.00088244 0.000698364 
0.0316732 5.81346e-05 6.99024e-05 0.186683 0.0332687 0.000747182 0.000277979 0.558166 0.058535 0.108714 0.000181923 0.000455813 0.021169 
0.0101172 0.000989611 2.09823e-05 0.111059 0.00494488 0.165242 9.08756e-07 0.378065 0.0260418 0.117653 0.00637044 0.0307619 0.148733 
0.0355913 0.00135696 0.00129808 0.0340544 0.0115495 0.00317815 0.00704827 0.724459 0.108345 0.0242196 0.000738069 0.031658 0.0165039 
0.000949383 8.31083e-07 3.25787e-07 0.123952 0.00679057 0.00331147 2.38708e-09 0.564254 0.275283 0.0142455 0.000163329 0.0100862 0.000964255 
9.13154e-08 6.4588e-05 1.44798e-08 0.0100815 0.011779 0.000796202 4.18154e-06 0.741231 0.187901 0.00382401 3.33402e-08 0.00167396 0.0426438 
0.00398897 0.109862 6.59588e-05 0.0923103 0.0477218 0.0574964 0.00018615 0.308393 0.160017 0.0845811 0.000686655 0.0108371 0.123853 
0.00141846 0.000100581 5.63363e-08 0.0242629 0.000506414 0.00137742 3.33077e-09 0.606629 0.258236 0.00276983 2.21233e-05 0.0242342 0.0804434 
0.0239876 1.33427e-06 2.9869e-11 1.88619e-07 0.218462 2.20497e-06 1.24814e-08 0.655368 0.0852062 0.0022313 9.11993e-07 0.0135813 0.00115879 
0.00902064 0.000489225 5.38263e-08 0.0249878 0.018424 0.00797357 0.000144597 0.408523 0.0893126 0.219447 0.000119573 0.0772197 0.144338 
0.0270202 0.00108016 4.89971e-07 0.146037 0.0388609 0.00682211 0.00122727 0.484581 0.0785859 0.119997 2.4965e-05 0.0805885 0.0151743 
0.0178489 0.00203891 0.000333723 0.0480799 0.0312411 0.0113774 0.00117905 0.662553 0.0775796 0.0365091 0.00083391 0.0214226 0.0890034 
0.00466814 0.000561764 1.45904e-08 0.00232112 0.00167892 1.64206e-05 2.02554e-08 0.976826 4.78288e-05 0.00196529 3.5946e-06 0.000286425 0.0116244 
0.00772081 0.00132387 3.2283e-07 0.131813 0.0858711 0.0105618 0.000419868 0.345908 0.205926 0.166233 0.00297186 0.00762113 0.0336285 
0.00111614 0.000884793 1.88958e-05 0.0386931 0.0101893 0.0143022 7.26187e-05 0.500018 0.0444104 0.039911 0.000112744 0.0066799 0.343591 
0.0247671 0.00318009 1.9374e-08 0.074669 0.0271348 0.0115206 0.000624372 0.486909 0.127758 0.0396918 3.82232e-06 0.127364 0.0763782 
0.0158493 0.000531207 9.54787e-08 0.0330322 0.0823585 0.0417363 2.20488e-05 0.63384 0.0199256 0.0937514 0.000267166 0.00440175 0.0742846 
0.00509333 0.00115287 8.56717e-05 0.0456882 0.0338968 0.000665933 0.0113618 0.508366 0.0463019 0.244788 0.000287286 0.0684617 0.0338511 
0.00470322 0.000117563 6.82005e-06 0.157324 0.0330575 0.0039169 1.22069e-06 0.568196 0.0356017 0.118696 7.26318e-06 0.0267636 0.051609 
0.00216691 4.15442e-05 1.94736e-10 0.087156 0.0300457 2.20463e-08 3.29268e-06 0.667394 0.144933 0.0386525 2.43549e-09 0.0267286 0.00287801 
0.000818656 0.00051785 0.0388174 0.0423504 0.00418116 0.000589309 3.47605e-06 0.744324 0.0577304 0.0531642 2.74335e-06 0.0354118 0.022089 
0.0561102 0.000154666 1.23551e-08 0.0965677 0.0119419 0.000414057 7.92798e-08 0.65542 0.0695993 0.0202123 2.49679e-06 0.026602 0.0629753 
0.0505962 3.54309e-07 8.87033e-11 0.00571658 0.00786317 1.85964e-05 0.00526884 0.570698 0.168066 0.0138016 2.34861e-05 0.0015553 0.176392 
0.141405 1.09082e-07 0.193845 0.117646 0.0182755 0.0660606 9.80887e-08 0.234245 0.0316904 0.174973 5.01928e-05 0.0144882 0.00732145 
0.016465 0.00372548 4.75875e-06 0.0262903 0.0255089 0.0044988 0.00169202 0.589897 0.0719207 0.0175241 6.20879e-05 0.0464439 0.195967 
0.0173142 2.52801e-08 5.73454e-06 0.098039 0.0467518 0.0502954 2.70891e-12 0.669746 0.0589768 0.00352996 3.15661e-05 0.0490073 0.00630205 
0.000952965 0.00017779 2.07914e-07 0.106346 0.00528503 0.00390279 3.71801e-05 0.647536 0.0858509 0.0671149 4.83581e-05 0.01527 0.0674774 
0.000584278 0.000140564 2.24352e-05 0.0211171 0.00920729 0.00555082 0.00123644 0.452435 0.0413508 0.00277659 0.000176874 0.0505429 0.414858 
0.013086 0.00252433 1.30059e-05 0.222363 0.0747428 0.00686244 3.80831e-05 0.24323 0.0575401 0.18891 0.000443364 0.0353229 0.154924 
0.00860708 0.00149388 1.87457e-09 0.00326785 0.00318146 0.000563065 6.34633e-08 0.829035 0.00636797 0.00720937 3.14365e-06 0.0641096 0.0761613 
1.80715e-06 4.89205e-10 4.63252e-10 1.50664e-06 5.50752e-09 1.20403e-07 6.4312e-10 0.828859 8.66602e-07 0.159723 1.79042e-10 0.00760406 0.00381052 
0.0779967 0.00085612 5.6214e-09 0.00373535 0.104815 0.000627728 1.33202e-05 0.597534 0.209068 0.00084364 0.00163904 0.00218557 0.000685543 
5.92968e-05 0.0242762 1.95461e-06 0.0297263 0.00187035 0.00351299 3.27438e-05 0.722732 0.0193967 0.197744 3.18237e-08 1.8358e-08 0.000646921 
0.0204356 0.000687103 6.50267e-05 0.0828006 0.0750434 0.00106588 0.00487135 0.388759 0.0724526 0.342068 0.000140161 0.00416908 0.00744137 
0.0157078 0.000658516 9.0659e-09 0.0759894 0.0836126 0.000405024 5.01132e-05 0.544405 0.0655455 0.0919064 1.16251e-06 0.0695306 0.0521879 
0.000629059 0.0149019 1.24943e-06 0.0188516 0.158506 0.00587817 0.25772 0.452749 0.0159682 0.0109208 8.47643e-05 0.0114261 0.0523624 
0.0155036 0.0179374 2.3531e-06 0.149551 0.172222 0.0623579 6.49188e-05 0.222738 0.144605 0.205644 0.00716841 0.000419845 0.00178622 
0.00100693 0.000393346 3.16976e-08 0.149953 0.0198634 0.000710253 0.0383673 0.691127 0.00833374 0.00494677 6.37683e-10 0.0034483 0.0818505 
0.0125818 4.95091e-05 1.92516e-07 0.0558141 0.0245343 0.00333424 0.00100517 0.726988 0.12989 0.0289856 7.17962e-06 0.00172549 0.0150842 
0.007368 0.00242186 2.90279e-06 0.0540447 0.0191734 0.011507 0.0156465 0.432197 0.0995085 0.0244771 0.000523636 0.112541 0.220589 
3.47186e-06 3.46954e-06 3.46968e-06 3.47226e-06 0.0631977 3.4713e-06 3.46858e-06 0.581253 3.47227e-06 0.286779 0.00590493 0.0201329 0.0427079 
0.00688336 0.00232489 2.92263e-07 0.0769379 0.0117039 0.0872137 9.42657e-07 0.711733 0.0396769 0.0463192 0.000204204 0.00510808 0.0118937 
0.00650022 0.000383799 2.76109e-05 0.146982 0.043308 0.00221874 0.000994961 0.441515 0.127862 0.166677 3.86126e-05 0.0509372 0.0125547 
0.00173716 0.000568199 7.60276e-07 0.217087 0.0662214 0.0001682 7.12894e-05 0.345761 0.200536 0.136047 0.000519163 0.00652139 0.0247613 
0.011783 0.000488151 0.000373992 0.0987649 0.0266819 0.00846412 0.000935858 0.50784 0.015532 0.026919 0.00631558 0.0692328 0.226669 
0.00141115 0.000451178 8.2545e-07 0.0204548 0.0616091 0.00075035 2.48434e-06 0.838728 0.023256 0.0168343 1.64134e-05 0.00500172 0.0314835 
0.00582229 0.00481021 2.48838e-09 0.000579757 0.00744099 0.00244393 3.45455e-09 0.920437 0.0270707 0.00735474 9.39321e-06 0.0101873 0.0138439 
0.00115529 1.12941e-11 1.71226e-08 1.10229e-07 9.85743e-08 0.0526717 1.48474e-11 0.861741 0.00162902 0.00252426 7.25012e-06 0.0731481 0.00712314 
1.40556e-08 0.0039054 2.11953e-09 0.020295 4.74313e-08 0.00125633 1.28887e-05 0.637502 1.1997e-06 0.0246164 1.07303e-08 0.132238 0.180172 
0.00714089 0.000162251 6.00592e-07 0.0138338 0.00774581 0.00707254 0.000262264 0.445685 0.129617 0.00691949 1.37185e-05 0.286037 0.0955092 
0.0109686 0.00240601 7.25619e-09 0.0480133 0.0393457 0.00307231 7.0901e-05 0.637665 0.153475 0.0357489 7.68405e-06 0.0134362 0.0557899 
0.0181007 0.000162528 1.68424e-06 0.013366 0.0183962 0.0623674 0.000182124 0.547369 0.0295988 0.00769814 0.00132645 0.259851 0.0415804 
0.0114775 0.00512481 0.000539728 0.0612525 0.0371875 0.0123606 0.00347369 0.709238 0.0490406 0.0240959 0.000370579 0.0189738 0.0668649 
0.0128867 0.000660878 6.10408e-06 0.10222 0.0474249 0.0494637 0.00266069 0.374774 0.110305 0.0518094 0.000312368 0.124239 0.123238 
0.0114389 0.000901852 5.87762e-08 0.0310895 0.00617321 0.002896 6.90877e-05 0.573502 0.0767818 0.00116172 1.46963e-05 0.00166668 0.294305 
0.0341214 0.0117021 8.88631e-05 0.0703224 0.0431183 0.0161526 0.00130785 0.415632 0.124079 0.0356696 0.00302904 0.0599555 0.18482 
0.000778157 0.000355045 7.06904e-06 0.0999175 0.0182785 0.0724204 0.00402121 0.504085 0.0932688 0.0798301 0.0994186 0.0264443 0.00117496 
4.57345e-08 0.00647732 6.2492e-08 0.00256021 1.95877e-09 0.00269808 2.67999e-10 0.347026 0.0894088 0.01274 1.00399e-07 0.199293 0.339796 
0.00956737 0.00667369 0.000353542 0.130348 0.12932 0.00487144 0.00017903 0.289329 0.152388 0.242453 0.000238529 0.00567711 0.0286007 
1.11458e-05 5.93202e-07 8.29701e-11 0.0756172 0.00200679 0.000127458 2.79516e-07 0.862953 0.00523419 0.0191124 2.17393e-08 0.00785832 0.027079 
0.0173213 0.000605865 9.51e-07 0.205169 0.0373569 0.0264819 0.00492356 0.315969 0.208608 0.0451789 0.00137953 0.0382096 0.0987958 
0.00056053 0.000351459 1.20195e-10 0.0331022 0.0105083 0.0122319 1.11154e-06 0.541774 0.0992739 0.077593 0.000605616 0.0427899 0.181209 
0.00774824 9.49255e-08 0.000234572 0.005694 0.105014 0.000165036 9.52343e-08 0.70754 0.100498 0.00150961 5.90089e-06 0.00903356 0.0625568 
0.00431345 0.000669402 1.63103e-06 0.0258357 0.0437292 0.0225744 0.000831109 0.777728 0.0322238 0.0163424 0.0016608 0.0197401 0.0543503 
0.011871 3.21847e-05 3.21801e-05 0.032635 0.0557937 0.0294151 0.000160769 0.428452 0.181802 0.239841 4.3098e-05 0.0010136 0.0189087 
0.000485573 0.000654826 8.40949e-06 0.00584747 0.00791292 0.0127384 0.000304833 0.895848 0.01831 0.000787015 2.11398e-06 0.053106 0.00399501 
0.0795298 0.00110084 0.000496113 0.0499552 0.166136 0.00612659 8.6552e-07 0.415677 0.0934259 0.186318 3.1852e-05 0.000795926 0.000406279 
0.0552196 0.000223032 5.18055e-06 0.0585195 0.0477417 0.0155975 9.78321e-05 0.421333 0.0840119 0.0397142 0.00394311 0.0749209 0.198672 
0.000132261 0.0358347 5.49008e-11 0.236026 0.0745069 0.000283587 6.38961e-08 0.381739 0.226641 0.0258212 5.25629e-05 0.0175544 0.00140784 
0.00390632 0.0103587 1.01652e-06 0.102788 0.0260927 0.0139928 0.000113292 0.477126 0.297092 0.0113197 0.000214838 0.0432733 0.0137213 
0.0786964 0.00575483 1.45069e-06 0.00464737 0.106555 6.27365e-07 2.01396e-06 0.568427 0.216306 0.0196069 5.60678e-07 9.93014e-07 3.23338e-07 
0.0104296 8.7297e-07 8.74698e-05 0.0221606 0.0367187 2.46871e-05 1.77198e-05 0.5596 0.0458242 0.324026 9.30804e-06 0.000220818 0.000880182 
0.0307433 2.32323e-06 3.23051e-06 0.256227 0.0209672 0.0280455 0.000104992 0.382865 0.0143047 0.263839 3.91095e-09 0.000674655 0.00222288 
0.00334434 0.000236047 0.0238496 0.144039 0.0522502 0.000500901 0.00333806 0.482826 0.0394709 0.227425 1.04041e-05 0.0205541 0.00215526 
0.0168261 0.000174951 7.23444e-06 0.0450306 0.0826092 0.174286 0.00755576 0.281914 0.0861856 0.217468 0.0587244 0.00232512 0.0268928 
0.0451713 9.45676e-05 9.54772e-06 0.0785465 0.028968 0.00390234 0.000382998 0.418931 0.315545 0.00842993 7.86332e-06 0.00784072 0.0921705 
0.00100051 0.00149184 1.96159e-08 0.00160467 0.0320586 0.0167514 8.04889e-06 0.586788 0.0152707 0.340132 0.000124268 0.00057759 0.00419298 
0.00265527 0.0220366 0.00150378 0.115045 0.173619 0.0383442 6.41547e-07 0.360867 0.184958 0.0769391 8.75689e-05 0.00389506 0.0200475 
0.0143902 7.30325e-05 2.21922e-06 0.0815394 0.0552624 0.00376084 0.00244241 0.616169 0.194678 0.021482 2.64701e-05 0.00955374 0.000619688 
0.00280135 0.00271995 6.16054e-09 0.0529006 0.0441497 0.00725395 3.68014e-08 0.753492 0.0102055 0.0127957 0.000117151 0.0336579 0.079906 
0.0163475 6.28448e-05 2.68175e-05 0.0080451 0.113637 0.00100275 2.67145e-05 0.814936 0.0167262 0.0221815 9.122e-06 0.000459296 0.00653975 
0.0116621 0.00138437 4.40899e-06 0.0160008 0.0388948 0.00896181 0.00270102 0.743358 0.120174 0.0381974 2.10459e-06 0.000897779 0.0177612 
0.167271 0.0503702 2.63543e-07 0.00542778 0.045458 0.000279508 0.000605701 0.29347 0.268813 0.0475222 1.1488e-06 0.0350991 0.0856815 
0.033852 0.0057016 0.0365537 0.0514239 0.0966346 0.000776461 4.18532e-05 0.498883 0.0435598 0.15129 0.000270827 0.0287428 0.0522698 
0.00115529 1.12941e-11 1.71226e-08 1.10229e-07 9.85743e-08 0.0526717 1.48474e-11 0.861741 0.00162902 0.00252426 7.25012e-06 0.0731481 0.00712314 
0.00759157 0.00312335 4.77942e-06 0.0945269 0.0315536 0.0320892 0.0155926 0.545812 0.0881893 0.063479 0.00115835 0.0210589 0.0958203 
0.0506829 0.00140934 3.7279e-05 0.037079 0.0200907 0.0104658 0.00015001 0.757868 0.0240174 0.0424262 5.86272e-05 0.00367721 0.0520372 
0.00266823 0.000260299 2.31133e-07 0.0104396 0.0172954 0.000375577 0.000531728 0.584658 0.0362995 0.0859437 4.91838e-08 0.259174 0.00235401 
0.0422012 0.001748 7.46364e-06 0.0457676 0.0458813 0.0192521 0.000632655 0.374035 0.0791726 0.208356 0.000246955 0.0114356 0.171263 
0.0197254 0.00908099 3.70116e-05 0.0733373 0.0225905 0.2882 0.00244928 0.350419 0.20807 0.0150513 0.000855135 0.00221077 0.00797348 
0.0216692 0.00787732 1.7272e-06 0.0963836 0.0511052 0.00475918 8.39133e-05 0.39066 0.0499602 0.104553 0.00010118 0.0773295 0.195516 
0.0156575 0.000814873 1.23108e-06 0.0138942 0.0268756 0.000465458 7.22966e-05 0.563352 0.0715897 0.00275998 4.38459e-05 0.134223 0.17025 
0.0158201 0.00264544 1.7273e-05 0.0833551 0.0304555 0.00752182 0.000572026 0.510888 0.108854 0.0469412 0.0013034 0.0649461 0.126681 
0.0209514 0.000296589 2.18061e-05 0.160528 0.0439112 0.00987987 0.00369496 0.3437 0.209204 0.204771 0.000562394 0.00122499 0.00125387 
6.2359e-05 2.71405e-06 2.57006e-06 0.227293 0.000655208 5.46514e-05 4.06863e-06 0.253379 0.101769 0.0530813 0.000192884 0.251591 0.111912 
0.00624465 0.00237279 3.54849e-06 0.0916759 0.017952 0.024627 1.68175e-06 0.295703 0.244944 0.020729 0.000517591 0.0727129 0.222516 
0.0295175 0.000822689 1.57716e-06 0.0631579 0.196391 0.0111511 8.16995e-07 0.369605 0.292662 0.0341592 1.74137e-05 0.00220194 0.000311794 
0.00494045 0.00063686 3.58654e-08 0.0415672 0.0316335 9.21273e-06 8.96598e-07 0.785941 0.0708872 0.00114613 4.21884e-07 0.00768733 0.0555499 
0.00122094 4.66437e-05 6.23169e-06 9.49914e-05 0.000778467 0.00199497 3.2217e-09 0.890027 0.0191759 0.000490159 8.62609e-06 0.00479844 0.0813576 
0.000474226 0.000131387 4.39301e-06 0.0274712 0.00290751 0.00144781 0.000109084 0.58231 0.0378065 0.00209269 1.29245e-05 0.326001 0.019231 
0.039599 0.00131998 0.000315125 0.0894703 0.0798468 0.09742 0.000358918 0.341088 0.133922 0.213855 0.000982804 0.00163481 0.000187141 
0.0129177 0.0439584 5.79694e-11 0.00268972 0.00234498 4.18822e-06 8.04773e-11 0.697116 0.0100959 0.0210596 7.72944e-06 0.191028 0.0187782 
0.00536831 0.00219576 0.00310113 1.73753e-06 0.303534 1.13357e-06 2.43314e-06 0.528926 0.0791526 0.0777128 2.70374e-07 3.48851e-06 1.03139e-06 
0.0113742 0.000128223 9.18198e-06 0.0451508 0.0512199 0.0359326 0.0812811 0.287083 0.149263 0.0197365 0.00296813 0.279913 0.0359417 
0.0184416 0.000266857 3.24154e-08 0.0224253 0.234073 0.0597746 0.000244987 0.41758 0.184979 0.00205171 3.11604e-05 0.0598334 0.000298303 
0.00783241 0.000183082 1.19341e-07 0.0383296 0.0121326 0.000594635 0.00037581 0.439581 0.0754581 0.217113 0.000249631 0.207955 0.000194292 
0.0258267 0.000588237 4.96765e-07 0.0144432 0.0120872 0.0137707 0.00129416 0.670639 0.165755 0.000576666 3.87296e-05 0.0674056 0.027575 
1.40556e-08 0.0039054 2.11953e-09 0.020295 4.74313e-08 0.00125633 1.28887e-05 0.637502 1.1997e-06 0.0246164 1.07303e-08 0.132238 0.180172 
0.00146686 0.000331789 1.43487e-08 0.00892841 0.0109241 0.0343022 8.91305e-06 0.866997 0.0464461 0.0246141 0.000137287 0.000791032 0.00505184 
0.00115529 1.12941e-11 1.71226e-08 1.10229e-07 9.85743e-08 0.0526717 1.48474e-11 0.861741 0.00162902 0.00252426 7.25012e-06 0.0731481 0.00712314 
2.26311e-05 0.0046416 1.1126e-07 0.0331838 0.00279475 0.000623981 1.16446e-08 0.55912 0.0322025 0.0446111 0.000100557 0.0296992 0.293 
0.0112518 0.00270678 0.00294871 0.0381192 0.0169062 0.0102036 0.00693576 0.467769 0.071699 0.0176885 0.00120271 0.23294 0.119628 
0.000892285 0.000177185 6.58963e-07 0.0116856 0.0039448 0.000316523 2.32042e-05 0.930907 0.0320495 0.00426355 5.54684e-05 0.0131586 0.00252529 
0.00090734 5.16864e-06 1.94697e-07 0.0854544 0.00314875 0.00302704 1.47713e-05 0.612678 0.142397 0.102784 1.75686e-06 0.0347729 0.0148082 
0.00179929 0.000134256 2.83668e-06 0.028138 0.00771836 0.000618775 1.92965e-11 0.876465 0.0443728 0.001559 2.0204e-08 0.0380982 0.0010936 
5.84997e-05 8.67116e-06 5.64725e-11 0.054679 0.00234326 8.41676e-05 1.84967e-05 0.555649 0.378229 0.0052259 1.63394e-06 0.00238479 0.00131676 
0.0357894 0.253561 0.000379489 0.0117361 0.0192989 0.0257515 1.56771e-07 0.536075 0.0441376 0.0194574 0.000324742 0.0115502 0.0419392 
0.0125023 0.00088608 1.75642e-05 0.0279905 0.00521208 0.00139932 1.6905e-11 0.669073 0.245699 0.0189184 4.7063e-12 0.0102698 0.00803225 
0.096092 0.000529182 6.76714e-05 0.049426 0.0354432 0.00471748 0.00838418 0.4902 0.120002 0.011889 0.0001005 0.0253782 0.157771 
0.299195 0.00317321 0.000102321 0.0127093 0.0483827 0.000464256 5.57483e-06 0.473533 0.131231 0.0280636 0.000218485 0.00124387 0.00167776 
0.122465 0.0250236 6.72561e-06 0.0368909 0.0137055 0.0125378 3.10241e-05 0.490123 0.137176 0.0100072 0.000214309 0.00964489 0.142173 
0.00522724 0.000506936 2.96934e-06 0.0148391 0.0190828 0.0060476 2.20821e-06 0.884923 0.0168855 0.023711 2.7112e-05 0.0278437 0.000900847 
0.022763 2.9989e-06 2.10308e-05 0.177036 0.0825248 0.000128584 2.57288e-08 0.265422 0.0914083 0.151924 1.18906e-07 0.207074 0.0016949 
0.00148949 0.00221869 1.48722e-06 0.0312568 0.0927474 0.00274604 1.47105e-05 0.60226 0.0105309 0.0797197 5.48559e-05 0.0129019 0.164058 
0.000194602 0.0264859 1.90355e-08 0.0365673 0.245429 0.0310169 3.54012e-05 0.365811 0.000791423 0.293363 0.000303038 1.303e-08 2.68754e-06 
0.000814504 0.000813436 2.63294e-08 0.037584 0.0120947 0.00132876 0.0290375 0.496624 0.0551865 0.129248 7.74074e-05 0.0747525 0.162439 
0.105899 0.0481757 0.000615183 0.0788938 0.0108673 0.0204249 8.57636e-07 0.300625 0.246984 0.0341127 2.15721e-05 0.111116 0.0422641 
0.0527448 0.000192891 0.000136473 0.0535781 0.00475377 0.000142152 8.60381e-08 0.415304 0.237507 0.234724 0.000154509 0.000495499 0.000266594 
0.0132679 0.00464019 0.000159081 0.0148164 0.0594398 0.0102745 0.0251481 0.501783 0.0132332 0.323863 0.00102294 0.00265411 0.0296977 
0.00259728 0.000116122 1.1302e-08 0.0093794 0.0175659 0.00128423 4.35991e-11 0.731074 0.144954 0.00381473 1.64991e-05 0.0835206 0.0056774 
0.0345688 0.00206877 2.17336e-05 0.0927914 0.0472139 0.00929969 0.00288121 0.487623 0.0520781 0.0496498 9.39762e-05 0.00329092 0.218419 
1.40556e-08 0.0039054 2.11953e-09 0.020295 4.74313e-08 0.00125633 1.28887e-05 0.637502 1.1997e-06 0.0246164 1.07303e-08 0.132238 0.180172 
0.00985406 0.000357121 5.22075e-06 0.0943945 0.033345 0.00283694 0.000127136 0.570486 0.0970168 0.0152124 0.000569311 0.0570674 0.118728 
0.00548248 0.000399741 2.19826e-06 0.0570607 0.0551263 0.00336848 0.0047558 0.432755 0.42059 0.0165228 3.12038e-05 0.00117856 0.00272677 
0.00212461 5.57662e-07 5.14367e-09 0.0985525 0.000493632 0.00133537 1.79225e-08 0.628557 0.0962245 0.0322717 0.000149121 0.00950954 0.130781 
0.189573 0.000515268 6.50426e-05 0.124564 0.0430228 0.0314795 0.00381176 0.365876 0.166172 0.0256627 0.000938698 0.00283958 0.0454804 
0.00898209 0.00121579 0.000105656 0.0408628 0.0187565 0.0701112 0.0484379 0.406383 0.0294288 0.32974 0.000449451 0.0120563 0.0334701 
0.00996048 0.000845287 0.000662742 0.0982638 0.0301422 0.0132627 5.96277e-05 0.524729 0.117857 0.0491265 0.00153809 0.0184423 0.135111 
0.0111239 0.000171112 1.02714e-06 0.0658724 0.0553297 0.0538194 3.35033e-05 0.381173 0.0765718 0.0418996 0.000941809 0.0200654 0.292998 
0.0136989 0.000353619 4.55118e-06 0.19047 0.173015 0.00735155 1.18389e-05 0.415365 0.0841678 0.114747 0.000159116 0.000242402 0.000412799 
0.0359411 0.00984126 0.00340121 0.130495 0.0604579 0.0882276 0.000115601 0.270677 0.201906 0.0246016 0.00356863 0.00299254 0.167775 
2.15011e-07 4.7423e-07 1.27942e-08 0.0142193 8.29696e-07 0.0761714 0.000222481 0.751219 8.1864e-07 0.00725186 2.04406e-07 0.0477524 0.103161 
0.0279206 0.000608685 0.000943737 0.237275 0.0248996 0.0198222 0.00131614 0.364736 0.171182 0.107557 0.00209898 0.0269194 0.0147211 
0.0920441 3.54475e-09 3.3567e-09 0.00472738 0.00709349 0.00147737 4.66001e-09 0.788886 0.00849492 0.0972705 1.29733e-09 5.36919e-06 6.1205e-07 
0.0323576 0.0061499 1.58236e-06 0.018726 0.0402814 0.00199236 0.000911534 0.551355 0.257057 0.0633237 0.00187319 0.00102527 0.0249456 
2.21929e-05 2.46496e-06 4.67144e-08 0.00611627 0.0631065 4.73752e-06 6.48523e-08 0.732793 0.000472967 0.18598 6.30116e-07 0.00960481 0.00189607 
1.40556e-08 0.0039054 2.11953e-09 0.020295 4.74313e-08 0.00125633 1.28887e-05 0.637502 1.1997e-06 0.0246164 1.07303e-08 0.132238 0.180172 
0.01775 0.000328452 0.0042048 0.00390279 0.0695314 0.00314446 0.00029515 0.761261 0.0601796 0.0736872 5.40573e-05 0.000187736 0.0054736 
0.0349663 3.22266e-05 0.00162042 0.139926 0.0197756 0.0798318 2.02862e-06 0.37148 0.0607251 0.0223903 0.0276522 0.00318257 0.238415 
0.0350449 0.0078845 4.48493e-06 0.041043 0.275471 0.0340679 0.000211776 0.521409 0.00708592 0.0656147 0.000196212 3.35464e-05 0.0119336 
0.00431224 0.00222301 2.78754e-06 0.0435438 0.15599 0.279415 0.000376023 0.316703 0.151263 0.0430369 0.00159046 0.000850261 0.000693875 
0.0106662 0.00806209 1.58755e-06 0.151119 0.0409732 0.0227136 1.9253e-05 0.415096 0.133227 0.0363142 0.000461026 0.0252516 0.156094 
0.0162486 0.00034945 7.3036e-05 0.0180341 0.0933582 0.00182658 3.42123e-05 0.41458 0.0776956 0.37528 1.09085e-05 0.00205315 0.000457115 
0.000328208 0.00163728 1.50635e-07 0.0511378 0.0201647 7.59117e-07 2.05321e-09 0.842266 0.0258921 0.0418917 2.03539e-07 0.0120794 0.00460147 
0.0461632 0.000259195 1.0189e-06 0.0205889 0.000470172 0.00465606 0.000101326 0.719754 0.00388004 0.00444067 2.59132e-05 0.020921 0.178738 
0.000497713 0.000607379 5.01581e-08 0.0459963 0.00109078 0.00292813 1.7564e-07 0.781275 0.157016 0.00127453 4.4299e-06 0.00295003 0.00635968 
0.0664613 0.000949745 3.75714e-09 0.115256 0.046364 6.73929e-07 0.000503046 0.594308 0.110631 0.0013746 7.29053e-08 0.0186554 0.0454959 
0.00169091 7.42909e-05 5.96907e-07 0.00745287 0.00340023 0.000322539 7.03951e-10 0.94752 0.0207464 0.00452089 7.97604e-05 0.013049 0.00114253 
0.000193736 1.92662e-05 4.78131e-07 0.000354233 0.000549683 2.06772e-07 2.25418e-05 0.787046 4.18374e-05 0.000477493 1.66756e-06 0.00146364 0.209829 
0.000124554 0.000334093 2.50744e-05 0.000538006 0.000248474 0.0026258 8.93565e-05 0.988506 0.00138247 0.000272632 0.000427816 0.000991414 0.0044344 
0.044224 0.00329814 8.3456e-07 0.0865481 0.0429545 0.00514396 0.000986597 0.468137 0.0870028 0.0995438 0.00338705 0.0346181 0.124156 
0.0165802 0.00844731 5.51437e-06 0.11387 0.0267998 0.00110861 0.0105199 0.615911 0.0449261 0.082393 0.00013225 0.00601343 0.0732934 
0.00408101 0.00748939 1.69253e-07 0.0242954 0.0159212 0.0269648 4.80358e-05 0.616665 0.0723222 0.0469735 0.000466832 0.0112331 0.17354 
0.00493317 0.00163571 7.8131e-07 0.0543461 0.0169387 0.000780873 0.0126458 0.537754 0.0874446 0.0233176 0.00835411 0.0565283 0.19532 
0.183332 0.0519174 0.159237 0.00679886 0.00468595 0.000123561 1.02734e-06 0.48142 0.00213852 0.0569177 0.0341737 0.0183437 0.000911471 
0.049263 0.00470301 0.00162016 0.0791906 0.0437617 0.0118125 0.00179586 0.53333 0.131259 0.0389656 0.00169379 0.0210068 0.081598 
0.00511261 5.38921e-08 3.16981e-11 0.100254 0.0336029 0.146345 2.54154e-08 0.467139 0.0555734 0.0579575 1.63588e-05 0.0685213 0.0654769 
3.36979e-06 1.11277e-05 3.36201e-09 0.0204716 0.0523566 1.45393e-09 4.66739e-09 0.511837 0.208287 0.20288 1.29938e-09 2.06727e-07 0.00415302 
0.180196 0.000365109 6.21495e-05 0.20798 0.0447812 0.0395973 0.00106672 0.258249 0.0587747 0.117462 0.00167187 0.0313692 0.0584244 
0.00473048 0.058628 6.33028e-10 0.0480471 0.022854 0.00592408 3.41878e-08 0.639185 0.0931893 0.104223 2.40564e-05 0.0140017 0.00919361 
0.0170213 0.000286442 5.50952e-06 0.0274742 0.0134979 0.0262475 0.0021732 0.764148 0.0601263 0.0229949 0.000794442 0.0153643 0.049866 
0.0496146 0.00397455 1.16416e-06 0.0735486 0.137027 0.00792799 0.00972614 0.308124 0.287383 0.0862109 0.00559748 0.0041534 0.0267114 
0.00158301 0.000374873 0.00266921 0.15981 0.0624568 0.00516357 0.000468585 0.368902 0.164753 0.155363 0.00127833 0.0383688 0.0388084 
0.0136868 0.00204813 3.597e-05 0.0311632 0.0560323 0.00624698 0.00252858 0.43263 0.0763002 0.278303 0.012899 0.0577538 0.0303726 
0.0347821 0.000114398 1.07575e-09 2.41128e-05 0.197885 9.3509e-08 0.00414533 0.465614 0.282433 5.70342e-06 1.4556e-06 2.65165e-06 0.0149922 
6.61546e-08 0.00968576 8.47453e-09 0.0581754 0.0281415 7.31756e-07 1.81349e-08 0.759428 0.0603181 0.0781692 2.01759e-07 0.00503213 0.00104896 
0.00761675 0.00077015 2.9542e-06 0.0679757 0.0256452 0.0083341 0.00014935 0.457922 0.0610601 0.0510097 0.000995114 0.289434 0.0290848 
0.00215626 0.000330076 2.41476e-09 0.0227779 0.0443694 0.00725116 0.00291073 0.760429 0.140926 0.0183327 3.58992e-05 7.28408e-08 0.000481039 
0.0396183 0.00500222 0.000723761 0.0939002 0.0363659 0.00982811 6.02441e-07 0.434335 0.277297 0.0489651 6.02937e-07 0.0211585 0.0328048 
0.00229274 0.000104444 2.20996e-06 0.0342083 0.00631389 0.000955763 2.46155e-11 0.847462 0.0525816 0.0171852 2.9111e-05 0.037427 0.00143759 
0.0211595 1.54473e-05 5.09712e-07 0.266804 0.122836 0.00854674 0.000106905 0.415706 0.15574 0.00145663 0.000516519 0.00665456 0.000457364 
0.125034 0.00718378 9.39093e-06 0.0642182 0.161901 0.0166478 0.00144297 0.344159 0.211299 0.0368576 6.15085e-05 0.000281311 0.030904 
0.083258 3.09122e-06 2.35107e-09 0.0118259 0.21342 1.01674e-09 3.26393e-09 0.642684 0.0027668 0.0460358 2.71978e-08 1.60934e-09 6.18498e-06 
0.202138 0.00033288 1.94376e-07 0.0103513 0.0413552 0.00155383 8.1971e-05 0.567609 0.0501664 0.125414 1.29363e-05 0.000221781 0.000762321 
0.000731872 0.000886078 3.75446e-09 0.0689109 0.00162315 0.00435967 1.38745e-08 0.766711 0.141064 0.001894 5.30831e-06 0.00434602 0.00946856 
0.00511261 5.38921e-08 3.16981e-11 0.100254 0.0336029 0.146345 2.54154e-08 0.467139 0.0555734 0.0579575 1.63588e-05 0.0685213 0.0654769 
0.0303997 7.08258e-06 5.215e-09 0.0127899 0.0473351 8.24176e-08 7.23983e-09 0.37106 0.306736 0.226028 5.10477e-06 0.00535901 0.000280433 
0.0131431 0.00328895 2.28979e-11 0.264864 0.0850903 7.94851e-07 4.68049e-06 0.293621 0.263765 0.0617895 2.76649e-06 0.0126058 0.00182406 
0.0529809 0.00109761 0.000758582 0.0882004 0.0464134 0.000749343 0.00122877 0.317573 0.23679 0.224321 0.000411999 0.0183883 0.0110868 
0.0750658 0.000403982 2.60792e-06 0.101391 0.111557 0.00813662 7.41968e-06 0.293525 0.233898 0.139409 0.00143542 0.000404774 0.0347641 
0.00052422 0.000513333 5.40054e-08 0.00848922 0.00657105 0.00372482 1.12984e-07 0.936842 0.0333443 0.00691356 4.80313e-12 0.0028347 0.000242317 
0.0759371 0.00344911 9.23327e-06 0.0187812 0.0213177 0.0694392 7.04706e-09 0.337696 0.327252 0.0713927 8.54367e-05 0.0512332 0.0234071 
0.0338412 0.000345872 5.12706e-08 0.00194236 0.00904433 0.00111392 1.60166e-05 0.404827 0.193435 0.0182506 1.0707e-05 0.00628023 0.330892 
0.0239876 1.33427e-06 2.9869e-11 1.88619e-07 0.218462 2.20497e-06 1.24814e-08 0.655368 0.0852062 0.0022313 9.11993e-07 0.0135813 0.00115879 
0.0239876 1.33427e-06 2.9869e-11 1.88619e-07 0.218462 2.20497e-06 1.24814e-08 0.655368 0.0852062 0.0022313 9.11993e-07 0.0135813 0.00115879 
0.0134463 0.00116291 1.08794e-06 0.111224 0.0098853 0.00423586 0.00108914 0.481838 0.0702812 0.0193329 6.18615e-05 0.0258192 0.261622 
0.0358496 0.00111065 0.000142359 0.0306744 0.0606189 0.00179055 0.00389554 0.768791 0.0233517 0.0601788 8.02813e-06 0.00101036 0.0125786 
0.0137754 0.00198008 1.42841e-05 0.0927096 0.0350616 0.0208431 0.000183552 0.461475 0.0663339 0.0490045 0.000309711 0.0101437 0.248165 
0.015586 0.00179278 0.00032695 0.0125303 0.0341741 0.000722948 1.4284e-10 0.849351 0.0729277 0.00023406 1.06687e-06 0.00706095 0.00529218 
0.000105529 0.00235335 6.50709e-08 0.0164668 0.0151724 0.000272997 0.000323044 0.737098 0.0261838 0.0176064 1.83968e-05 0.00622002 0.178179 
6.16391e-07 6.15979e-07 6.16004e-07 0.014919 6.16453e-07 0.000370392 6.1581e-07 0.833204 6.16465e-07 0.0392032 6.16317e-07 0.0277282 0.0845705 
0.00115529 1.12941e-11 1.71226e-08 1.10229e-07 9.85743e-08 0.0526717 1.48474e-11 0.861741 0.00162902 0.00252426 7.25012e-06 0.0731481 0.00712314 
0.00559571 0.00740947 6.81884e-07 0.0218678 0.0730995 0.00596164 0.00303716 0.501902 0.331336 0.0218811 0.0146609 0.00871247 0.00453526 
0.0024426 1.05942e-05 9.33622e-08 0.128144 0.0774637 0.00897759 8.00739e-05 0.504099 0.179347 0.0304545 3.53867e-06 0.045262 0.0237147 
0.00281059 0.00145068 2.61752e-05 0.0375797 0.00990208 0.00222235 0.000429824 0.496638 0.0423026 0.0119133 7.99364e-05 0.25981 0.134835 
0.0291431 9.21106e-05 1.27644e-05 0.0263388 0.119623 0.0197872 8.16529e-06 0.363904 0.096464 0.344047 4.90542e-06 0.000206729 0.000367989 
0.0014371 3.87042e-05 2.85777e-05 0.0565984 0.0230587 0.00181822 4.51672e-07 0.667182 0.146314 0.0649896 0.000134108 0.0343706 0.00402954 
0.024407 0.00426122 0.000238873 0.0542056 0.0428094 0.0147218 0.000139446 0.545196 0.190136 0.0297218 0.00180859 0.0116602 0.0806942 
3.23258e-06 3.42347e-07 1.71343e-10 2.03493e-06 0.050848 0.00244204 1.12693e-07 0.594239 0.199303 0.153077 8.5089e-05 1.17286e-10 3.81897e-11 
0.0286602 0.000333598 1.12014e-05 0.155032 0.0779195 0.020414 0.0136095 0.399665 0.15335 0.137167 0.000300456 0.00748626 0.00605184 
0.123657 1.99052e-06 1.64971e-07 0.0365605 0.0802698 0.00861834 0.0041553 0.338838 0.131603 0.272177 2.90501e-06 0.00350199 0.000613328 
0.00115529 1.12941e-11 1.71226e-08 1.10229e-07 9.85743e-08 0.0526717 1.48474e-11 0.861741 0.00162902 0.00252426 7.25012e-06 0.0731481 0.00712314 
0.171325 0.152533 9.65713e-07 2.79196e-06 0.0319767 0.00145811 3.94593e-07 0.370429 0.158505 0.0733916 8.46133e-06 9.46586e-06 0.0403583 
0.00567408 4.71199e-05 8.68869e-06 0.0154779 0.00127581 0.00179461 8.91869e-08 0.78015 0.0803738 0.0428052 1.00915e-05 0.018071 0.0543119 
0.00384836 0.1387 6.1588e-10 0.0026194 0.00273077 0.00216968 8.55009e-10 0.761481 0.00291095 0.0385551 0.00513519 0.0141619 0.027688 
0.000812827 0.000121794 2.29176e-10 0.183136 0.0124705 0.00238332 3.18159e-10 0.726776 0.00631683 0.0215914 1.5936e-05 0.00799082 0.0383846 
8.26428e-05 7.10928e-07 1.33273e-07 0.23126 0.0155883 0.00065693 1.30788e-05 0.65007 0.0219642 0.0480111 2.15473e-07 0.0318979 0.000454772 
8.69588e-09 0.00114095 5.45591e-12 0.00273087 1.04169e-07 9.90994e-08 3.2577e-08 0.888648 0.00056392 0.0196429 4.05454e-06 0.0162447 0.0710242 
0.00509566 0.000178929 5.64267e-07 0.0166501 0.0474745 0.000617282 1.66041e-05 0.748582 0.0709697 0.0114631 0.0957307 0.00055576 0.00266496 
0.00175456 0.00406762 1.28038e-05 0.150366 0.13181 0.00732436 6.91417e-05 0.51993 0.121991 0.0442223 0.000347657 0.00964106 0.00846353 
0.00477091 0.0295772 0.000445354 0.0380438 0.019459 0.00703707 0.00353145 0.688049 0.121835 0.00291269 4.15853e-05 0.0483319 0.0359655 
0.00240381 0.0002219 3.41917e-06 0.0170479 0.0323932 0.0280142 9.40214e-05 0.84709 0.00171032 0.00532018 7.81856e-06 0.000803209 0.0648897 
0.000482399 1.80472e-05 2.92209e-08 0.0117812 0.0493017 0.00295273 0.00093494 0.84721 0.0757837 0.0110352 2.19083e-05 7.54233e-05 0.00040222 
0.000193941 3.5378e-05 2.02231e-06 0.0414077 0.0178162 0.00078687 0.00799527 0.513901 0.0206186 0.395974 5.28074e-05 0.00078703 0.00042893 
1.40556e-08 0.0039054 2.11953e-09 0.020295 4.74313e-08 0.00125633 1.28887e-05 0.637502 1.1997e-06 0.0246164 1.07303e-08 0.132238 0.180172 
0.00319926 0.000958436 2.73407e-10 0.0225528 0.0387351 0.000114653 4.46021e-05 0.603466 0.00530791 0.0313071 6.32619e-05 0.000458886 0.293792 
0.0187573 0.00137138 3.0795e-06 0.0485968 0.0155423 0.00103076 0.000449431 0.40118 0.0433204 0.0373775 0.000240704 0.214958 0.217172 
0.00154924 0.000302068 9.36686e-06 0.026837 0.00840454 0.0192449 0.00818587 0.55592 0.0530372 0.0232232 4.143e-05 0.117309 0.185936 
0.000541304 1.13102e-07 1.08071e-06 0.000215108 0.00395747 3.13245e-07 4.66806e-10 0.925386 0.00222188 0.000492327 3.73807e-07 0.000299838 0.0668839 
0.000499722 0.000350223 7.44443e-05 0.00588911 0.0155956 0.00963464 3.89297e-05 0.846025 0.0193258 0.0416266 1.17703e-05 0.00534403 0.0555843 
1.40556e-08 0.0039054 2.11953e-09 0.020295 4.74313e-08 0.00125633 1.28887e-05 0.637502 1.1997e-06 0.0246164 1.07303e-08 0.132238 0.180172 
0.0148083 1.51526e-05 1.85425e-06 0.00402467 0.00206789 0.00866004 5.26337e-06 0.4743 0.0200062 0.0528177 0.00036286 0.133839 0.289091 
0.00965948 0.00300049 0.000185593 0.0525899 0.0610379 0.0480284 0.10299 0.539266 0.0931368 0.0157461 0.000222581 0.0222995 0.0518369 
0.0198667 0.00294232 7.19908e-06 0.190074 0.218026 0.140359 0.00434443 0.223767 0.0413726 0.0847217 0.00109816 0.00591336 0.0675081 
0.0131061 0.0774102 1.17857e-06 0.0242182 0.00340118 0.0133422 8.04315e-06 0.329658 0.259264 0.189673 0.01045 0.0683352 0.0111331 
0.0049402 0.000237752 2.31832e-09 0.00204532 0.0135393 5.26454e-05 9.20248e-09 0.90121 0.0416581 0.000687526 3.20406e-06 0.00470867 0.0309172 
0.000777841 5.72785e-05 2.80922e-06 0.00248914 0.00243738 0.00187659 1.20219e-05 0.845072 0.00123598 0.000714236 2.60223e-06 0.0982079 0.0471148 
0.0320909 2.72071e-09 2.57637e-09 1.39656e-05 0.0129656 1.11417e-09 6.94403e-07 0.676269 0.00149104 0.277167 9.95742e-10 1.76355e-09 1.7197e-06 
0.00207682 5.27044e-05 2.96049e-06 0.0989889 0.0970535 0.0077135 0.000913446 0.588423 0.172785 0.030223 1.56487e-06 0.00138484 0.000380431 
0.0592654 0.000265513 7.51909e-05 0.0372663 0.230579 0.00438208 0.105549 0.41014 0.0788021 0.0463842 2.28959e-06 0.00224565 0.0250434 
0.0339387 0.00222189 4.52578e-06 0.0924694 0.281016 0.00692997 0.000458262 0.337883 0.0309944 0.209292 6.70829e-06 0.00138827 0.00339748 
0.0105994 0.00504262 1.95388e-05 0.123423 0.0507894 0.013412 0.00376233 0.400833 0.139755 0.0786861 0.000119514 0.0798384 0.0937186 
0.0906462 0.00110086 2.84634e-09 0.00641498 0.0225427 9.7824e-06 3.12798e-07 0.53489 0.306827 0.0193405 6.91916e-07 2.01945e-06 0.0182257 
0.0625367 4.56056e-05 5.79974e-07 0.29929 0.056849 0.00293656 3.62931e-07 0.321611 0.162095 0.0160671 3.246e-05 7.94406e-05 0.0784572 
0.00646351 0.00190725 0.00677319 0.0192176 0.154029 0.0181895 1.60315e-05 0.621526 0.0368609 0.0868874 3.13215e-05 0.00155601 0.046542 
0.00906224 1.31774e-05 4.0459e-07 0.0323531 0.104887 0.00175718 0.00465271 0.699734 0.134653 0.0121252 6.84277e-05 9.88558e-05 0.000594442 
0.11618 0.000743592 0.000203276 0.0759943 0.0718961 0.00872389 0.00014302 0.320378 0.120175 0.168388 0.000240772 0.00228142 0.114653 
0.0198828 0.0101734 1.81505e-05 0.197505 0.0551257 0.00283284 0.00746105 0.314879 0.243181 0.124042 0.000412094 0.00329209 0.021195 
0.000186121 0.00183375 1.60027e-07 0.0920296 0.0812418 0.000808866 5.14069e-05 0.696641 0.0434025 0.000648808 9.16613e-07 0.00226914 0.0808857 
0.0125056 0.000633608 7.10722e-06 0.0656384 0.209139 0.0073255 0.000545324 0.339942 0.326522 0.0165406 3.88125e-05 0.00529382 0.0158677 
0.00345186 1.08369e-11 1.64295e-08 0.242356 0.00708841 2.38762e-07 1.42464e-11 0.631776 0.0273135 0.0825773 6.34983e-09 0.00543637 6.9784e-07 
0.0255338 0.0122094 0.0366077 0.115432 0.0699285 1.10951e-05 0.0365961 0.671443 0.0210976 0.00112078 0.00333974 1.10928e-05 0.00666928 
0.0276956 0.00376671 1.81457e-10 0.012767 0.0222752 0.0704209 0.00295221 0.394894 0.307551 0.00356199 0.00105771 0.153058 2.35254e-07 
0.0303893 0.00144241 0.00868804 0.0839156 0.289176 0.00396593 2.31352e-06 0.367212 0.0317923 0.166447 7.21606e-05 7.41991e-05 0.0168236 
0.00335126 6.39294e-09 6.46164e-08 0.000970311 0.00935655 1.8412e-07 1.25061e-07 0.872201 0.0899643 0.00283067 6.87364e-09 0.000135056 0.02119 
0.00218162 0.00105149 5.52089e-09 0.00448316 0.00693488 8.92767e-05 9.69179e-05 0.860899 0.0828607 0.0286605 3.60351e-06 0.00210862 0.0106299 
0.00359276 1.39528e-05 5.36876e-08 0.00602655 0.0449971 0.00024921 3.15837e-10 0.941874 0.00248664 0.00062519 8.79278e-11 0.000119907 1.41659e-05 
0.000142027 1.07496e-05 2.46285e-08 0.0522728 0.00648424 2.71419e-07 1.60046e-05 0.431881 0.267137 0.240988 6.27607e-06 0.000193935 0.000867682 
0.00754486 0.00675787 9.69866e-08 0.0568009 0.0213265 0.00940285 4.87539e-06 0.587776 0.0800924 0.0884092 0.000209919 0.0804694 0.0612055 
0.0600623 8.4583e-06 1.69525e-07 0.182688 0.0516849 0.00027157 1.93785e-06 0.421594 0.147577 0.0480823 4.0853e-08 0.00459003 0.08344 
0.00218164 0.000516818 0.000370024 0.0369658 0.124128 0.000451558 6.64685e-05 0.417251 0.277587 0.100773 2.39257e-06 0.0322884 0.00741802 
0.0576792 0.000417429 0.00123638 0.16389 0.0697979 0.0334114 2.31892e-05 0.362212 0.125603 0.175912 1.49336e-05 0.00186938 0.007933 
