0.0246159 0.031351 0.00763663 0.0902039 0.0562125 0.0244875 0.00891967 0.335974 0.130464 0.12524 0.00731822 0.0495451 0.108031 
0.00296517 0.000495072 2.74042e-09 0.0339892 0.0562098 0.0108765 0.000309468 0.667091 0.200342 0.0269495 5.06118e-05 8.27283e-08 0.00072152 
0.0160072 0.00387024 0.000376763 0.00910184 0.0480643 0.0187462 1.55347e-06 0.814783 0.0399088 0.0365308 3.18146e-06 0.00792 0.00468593 
0.0172957 0.000172664 1.80048e-06 0.036297 0.0117456 0.0438464 0.000660693 0.470129 0.0558062 0.00502417 0.000834797 0.317397 0.0407898 
0.00359436 0.000210046 4.89149e-06 0.0417639 0.0148363 0.00213824 6.50021e-07 0.530176 0.0910418 0.00563989 2.91484e-05 0.00388868 0.306676 
0.0468906 9.94881e-05 0.0683871 0.00959937 0.0723236 0.000246475 0.0104842 0.522468 0.237757 0.00841101 1.51666e-05 0.0174291 0.00588945 
0.161349 0.000293215 3.51259e-05 0.0633078 0.0926017 0.000500688 0.00155796 0.395309 0.127796 0.0980978 0.000210878 0.00244454 0.0564965 
0.0025412 2.78834e-05 1.25015e-05 0.0559344 0.072131 4.439e-06 0.00080404 0.537984 0.023425 0.284233 9.69072e-07 0.0164366 0.00646556 
0.087047 0.00354471 8.81136e-06 0.0685848 0.0285392 0.00483854 2.93614e-06 0.318836 0.288908 0.0810701 6.94159e-05 0.110243 0.00830742 
0.0423715 0.00174953 2.8043e-05 0.0746406 0.0183379 0.0130484 0.000332723 0.481458 0.209593 0.00981432 0.00237381 0.0162443 0.130009 
0.00494414 8.11891e-05 4.45192e-11 0.064316 0.0183512 0.000255139 7.19815e-06 0.393027 0.319913 0.0361946 5.83224e-05 0.161006 0.001847 
0.188183 3.39532e-07 5.92659e-10 0.00206838 0.00891096 3.52777e-06 1.67145e-06 0.413194 0.175944 0.0504187 2.01132e-06 7.97328e-08 0.161273 
0.0480707 5.0976e-05 1.34037e-05 0.21357 0.0416538 0.135323 4.09426e-05 0.429424 0.0997925 0.0171244 0.000114165 0.0130063 0.00181621 
0.129028 0.00178058 6.89135e-07 0.0992759 0.180389 0.00613465 1.83135e-06 0.281084 0.147525 0.152705 8.49118e-06 0.00203397 3.25043e-05 
0.00603892 0.00886067 4.36988e-07 0.000903298 0.00303491 0.00234353 6.06658e-07 0.96079 0.00460849 0.0115837 0.00035484 0.000837844 0.000642926 
0.011762 0.000707299 0.000932939 0.0683958 0.0261919 0.017669 0.00363942 0.5362 0.084747 0.0413268 0.0022999 0.0647913 0.141336 
0.0239517 5.96751e-05 0.000399813 0.0521526 0.133315 0.000829102 1.34943e-05 0.419941 0.155504 0.212253 3.06952e-07 0.00088244 0.000698364 
0.00233991 0.000478748 0.000251961 0.145527 0.0228866 0.00292005 2.02674e-06 0.416959 0.0440406 0.325224 0.000194148 0.0232904 0.0158851 
0.000892285 0.000177185 6.58963e-07 0.0116856 0.0039448 0.000316523 2.32042e-05 0.930907 0.0320495 0.00426355 5.54684e-05 0.0131586 0.00252529 
0.00115529 1.12941e-11 1.71226e-08 1.10229e-07 9.85743e-08 0.0526717 1.48474e-11 0.861741 0.00162902 0.00252426 7.25012e-06 0.0731481 0.00712314 
0.0101172 0.000989611 2.09823e-05 0.111059 0.00494488 0.165242 9.08756e-07 0.378065 0.0260418 0.117653 0.00637044 0.0307619 0.148733 
0.000949383 8.31083e-07 3.25787e-07 0.123952 0.00679057 0.00331147 2.38708e-09 0.564254 0.275283 0.0142455 0.000163329 0.0100862 0.000964255 
0.0324452 0.0396881 1.5322e-06 0.100306 0.267623 0.0125832 1.64989e-06 0.411619 0.104935 0.00982052 8.00261e-05 0.018652 0.00224458 
0.00122192 4.84762e-05 1.03067e-11 0.0153835 0.0139789 0.0326809 4.09177e-05 0.583837 0.194756 0.0170797 0.00023288 0.0132264 0.127513 
0.00231183 0.10629 3.86813e-07 0.0644566 0.0275516 0.015222 0.131191 0.393322 0.250117 0.0076187 1.79509e-05 0.000468402 0.00143284 
0.207431 0.00189241 9.50705e-07 0.0695429 0.078505 0.000319239 0.0232844 0.405762 0.0881286 0.0243888 6.99071e-05 0.00317899 0.0974956 
0.00902064 0.000489225 5.38263e-08 0.0249878 0.018424 0.00797357 0.000144597 0.408523 0.0893126 0.219447 0.000119573 0.0772197 0.144338 
0.0012087 0.00274485 1.44446e-06 0.0351711 0.00444397 0.00872826 5.07103e-10 0.883229 0.013098 0.0311279 8.39951e-08 0.0020937 0.0181526 
0.0261908 0.00107904 1.64396e-06 0.0237214 0.0161903 1.55654e-05 0.000127023 0.698746 0.0806453 0.017865 7.08767e-07 0.089751 0.0456661 
0.00329159 8.86195e-06 6.12921e-08 0.126058 0.0321427 0.00164846 0.00159232 0.403542 0.193464 0.00859057 2.71093e-05 0.00694888 0.222686 
0.0272023 0.000889572 2.87481e-07 0.0256585 0.0222641 0.00650223 1.63912e-06 0.67545 0.036992 0.0587006 9.91702e-05 0.0471878 0.0990516 
0.0252542 0.000772648 0.0304836 0.0596809 0.0138118 0.0107044 0.00155994 0.340096 0.0718745 0.0284144 0.000905299 0.249981 0.166462 
0.00261088 0.00720972 9.0088e-06 0.010518 0.0137435 0.0197742 0.000389796 0.773554 0.030462 0.0115223 4.40743e-05 0.0195151 0.110647 
0.00226179 5.57637e-05 1.0415e-09 0.384126 0.0311698 0.00123161 0.0111968 0.423998 0.0251774 0.0724972 1.1063e-06 0.00223161 0.046053 
0.0387874 9.357e-05 0.000195204 0.0850605 0.0040285 0.000769628 8.64628e-06 0.420175 0.0828491 0.0658402 2.9122e-05 0.0897658 0.212397 
0.00118629 0.00607659 1.55796e-09 0.00334957 0.00247178 0.00172569 2.16287e-09 0.934274 0.0312539 0.018784 7.98114e-07 0.000400841 0.000476774 
0.0178288 0.00221831 0.000257244 0.0274874 0.0511803 0.000627388 1.48784e-06 0.797614 0.0724895 0.00307698 9.07767e-07 0.00671928 0.020498 
0.00633642 0.00030545 1.12924e-06 0.0473112 0.0176835 0.00196216 3.33567e-06 0.654609 0.140387 0.0544828 3.59624e-05 0.0632021 0.0136808 
0.000128235 7.13856e-05 5.24845e-07 0.011783 0.00358839 5.06779e-05 1.77552e-07 0.481579 0.0447184 0.00452289 1.18751e-06 0.384508 0.0690487 
0.001203 0.000539317 5.12033e-06 0.0125794 0.00736514 0.000526848 7.10841e-06 0.944476 0.000314159 0.0328382 6.67259e-06 8.9259e-05 4.94359e-05 
0.00470322 0.000117563 6.82005e-06 0.157324 0.0330575 0.0039169 1.22069e-06 0.568196 0.0356017 0.118696 7.26318e-06 0.0267636 0.051609 
0.0117077 2.33951e-06 2.3396e-06 0.0243524 0.0395704 2.3407e-06 2.33886e-06 0.808694 0.0571312 0.0255201 2.34079e-06 0.00327864 0.0297343 
0.0316946 0.00666084 0.000262186 0.0501073 0.0780322 0.0243247 0.000623358 0.628725 0.0876847 0.0474647 8.89686e-05 0.0266928 0.0176382 
0.0211504 0.00116477 1.05401e-06 0.0669386 0.0871042 0.019856 0.00163364 0.465655 0.0978338 0.0659826 0.000530879 0.00489174 0.167257 
0.000892285 0.000177185 6.58963e-07 0.0116856 0.0039448 0.000316523 2.32042e-05 0.930907 0.0320495 0.00426355 5.54684e-05 0.0131586 0.00252529 
7.6626e-07 1.44196e-07 5.94266e-10 0.0133913 0.129794 2.56996e-10 8.25003e-10 0.630399 0.186223 0.0303832 2.29678e-10 0.00190839 0.0079008 
0.0294787 0.00959042 2.86137e-11 0.151241 0.240445 0.0568086 0.00852052 0.259465 0.125105 0.0894567 0.000192621 0.00539465 0.0243015 
0.0011633 0.00200652 7.54275e-08 0.0372402 0.0141491 0.0337212 9.92644e-07 0.613691 0.182482 0.00358741 0.000120323 0.0597599 0.0520778 
0.0310838 0.00499448 1.3431e-05 0.0272781 0.00806919 0.00894069 0.000110106 0.690391 0.00142349 0.225444 0.000197137 0.00205292 1.92557e-06 
0.010516 0.000660752 2.27816e-08 0.272377 0.0323256 0.0228649 4.59775e-06 0.49581 0.0723079 0.0398794 0.000466153 0.00349203 0.0492958 
0.0170618 0.00150735 0.00812074 0.041092 0.0199369 0.00375078 0.000188919 0.706649 0.0433951 0.0194499 3.57486e-05 0.0748605 0.0639512 
0.00212973 0.0116437 0.000395206 0.112197 0.0630996 0.00673167 6.01913e-05 0.522313 0.128329 0.149583 0.000218018 0.000294108 0.00300559 
0.0119847 0.0014751 6.76064e-06 0.0384841 0.0507994 0.00202197 0.000482583 0.699092 0.0285164 0.0147979 1.32159e-06 0.124647 0.0276907 
0.000979178 0.000806583 1.12504e-07 0.207943 0.0706715 0.000904717 0.000392396 0.277291 0.0988263 0.246414 4.5457e-05 0.0102552 0.0854713 
7.31612e-05 7.1361e-05 8.28589e-07 0.0154178 0.0032048 0.00717945 0.000306244 0.557664 0.00132558 0.0651359 0.000106022 0.0696755 0.27984 
0.00347487 0.00571992 4.15549e-11 0.259051 0.216096 0.000295379 1.7027e-06 0.371356 0.10973 0.011563 3.01978e-07 0.00137339 0.0213382 
0.0603081 0.000993858 1.82647e-06 0.130123 0.141103 0.0173337 0.132916 0.222122 0.212923 0.0032715 3.65207e-06 0.000423991 0.0784759 
0.018377 0.0020266 0.000661895 0.0849526 0.037607 0.0102969 0.00275084 0.57513 0.0838285 0.0433745 0.00384288 0.0196029 0.117548 
0.018262 0.00438772 0.000637848 0.0446505 0.0404442 0.0239016 0.002565 0.51482 0.0855254 0.0502522 0.000550212 0.102478 0.111525 
0.0245378 0.0163134 3.89757e-09 0.145157 0.0505644 0.0165677 0.00475361 0.634582 0.0384188 0.0480592 0.000224448 0.0202011 0.000620849 
0.00409705 0.000123756 3.02218e-05 0.104731 0.0415031 0.00326717 5.84449e-06 0.595911 0.0305385 0.195117 0.000132672 0.00250326 0.0220398 
0.0203641 0.00128537 8.45553e-05 0.0474419 0.0113777 0.0048714 8.20503e-11 0.615457 0.0543459 0.12082 2.02565e-06 0.0907044 0.0332461 
0.00959797 0.0061506 4.09138e-07 0.0992485 0.0620875 0.0203786 0.000178983 0.604384 0.12488 0.0330095 0.0107757 0.00933442 0.0199732 
0.0286967 0.0033544 0.000761334 0.0996081 0.0455445 0.0212232 0.000513625 0.488999 0.127721 0.100336 0.000971619 0.0589758 0.0232943 
0.0114389 0.000901852 5.87762e-08 0.0310895 0.00617321 0.002896 6.90877e-05 0.573502 0.0767818 0.00116172 1.46963e-05 0.00166668 0.294305 
0.00449076 4.12185e-05 1.11297e-08 0.00715171 0.0295585 0.000799801 1.79843e-06 0.542933 0.0384443 0.00045889 2.48209e-06 0.329298 0.04682 
0.00743059 0.00125878 8.06359e-07 0.0549027 0.0298047 0.0101818 0.00496352 0.665097 0.108659 0.0263807 8.4669e-05 0.0203972 0.0708391 
0.0110765 0.0246714 0.00111595 0.127694 0.174682 0.157354 0.000428292 0.190433 0.0693567 0.152944 0.0429148 0.0172301 0.0300986 
0.000329234 0.0762562 3.46745e-10 0.00827775 0.0401623 0.000314153 6.4638e-06 0.439437 0.0138708 0.419843 0.000248348 0.00118674 6.85339e-05 
0.011871 3.21847e-05 3.21801e-05 0.032635 0.0557937 0.0294151 0.000160769 0.428452 0.181802 0.239841 4.3098e-05 0.0010136 0.0189087 
0.0151329 0.00342357 0.000613141 0.0428146 0.0338006 0.00513353 0.00143359 0.681152 0.0980816 0.0589799 0.00326644 0.0132779 0.04289 
8.94559e-05 0.00154149 8.23482e-06 0.0354652 0.0320053 0.000638931 0.000222951 0.727452 0.0434762 0.0328548 5.64477e-06 0.0526926 0.0735474 
0.0143734 0.000679733 4.99249e-09 0.00973514 0.00239576 0.00129698 4.89792e-06 0.441094 0.26049 0.00834016 3.01621e-08 0.00264719 0.258943 
1.61879e-06 1.51201e-08 2.0173e-11 0.0524415 0.00299534 8.46305e-08 8.71007e-06 0.795996 0.135153 0.00577526 8.50801e-07 0.00500582 0.0026219 
0.00348064 0.000416038 0.000748516 0.0227161 0.0121864 0.00728119 0.00084087 0.78469 0.101944 0.0246703 0.00177982 0.0281233 0.0111225 
0.0047205 0.0011839 0.00223705 0.0131101 0.0161548 0.0193996 0.00201917 0.833652 0.0722404 0.00492524 0.00323121 0.0147993 0.0123269 
0.0152489 0.000605559 0.00324142 0.0757157 0.0230578 0.0828535 0.000218688 0.578764 0.0596305 0.0618382 0.00123153 0.0520444 0.04555 
0.0021695 0.00028832 1.3222e-09 0.079255 0.0130623 0.000663484 5.14898e-05 0.788681 0.100429 0.00872472 1.34965e-05 0.000172668 0.00648901 
0.0134177 0.00216149 1.44404e-06 0.145904 0.111716 0.0114321 1.52723e-06 0.343816 0.250555 0.0716792 0.000504706 0.0026716 0.0461393 
0.0437631 0.0116446 8.88887e-06 0.0537458 0.0624935 0.000481707 0.000964265 0.482814 0.193548 0.131633 0.0131918 0.00427997 0.00143194 
0.0364503 0.000839823 1.00394e-06 0.00904221 0.00892191 2.59067e-06 0.00159823 0.585071 0.275924 0.0262015 0.0441737 0.0110576 0.000715477 
0.00749464 0.00446467 8.23389e-06 0.0373605 0.0319014 0.00907993 0.0028111 0.635859 0.0832414 0.0409208 0.000118245 0.0442842 0.102456 
7.54977e-07 7.54473e-07 7.54503e-07 0.0124593 0.0416044 7.54857e-07 0.00648745 0.827317 0.0995943 0.00611609 7.54886e-07 0.00437803 0.00203921 
0.00251851 0.00384259 1.94783e-08 0.0210279 0.00809283 0.0245947 0.000186607 0.738844 0.00287768 0.00121628 7.30714e-05 0.00264765 0.194078 
0.00213246 0.000294381 5.55228e-07 0.10953 0.0100639 0.004995 0.000178776 0.517489 0.0565132 0.217184 0.00446784 0.0438483 0.0333027 
0.0145924 0.0117588 6.82765e-11 0.0480386 0.00485374 0.0288378 4.92714e-07 0.777004 0.00363928 0.0101491 0.00021308 0.00454065 0.0963718 
0.00011872 0.000135585 4.02275e-09 0.000331475 0.0065139 0.0119739 5.40282e-07 0.969846 0.00229245 0.00176828 9.31363e-05 0.00596686 0.000958786 
0.25773 3.5067e-05 5.93449e-07 0.0725114 0.0422357 0.00158464 4.40196e-08 0.312966 0.072921 0.239873 1.22549e-08 1.40566e-05 0.000128761 
2.79083e-05 0.0144423 2.84461e-07 0.0179337 0.000612885 0.0560183 3.03294e-06 0.727234 0.0654872 0.000363428 0.000178685 0.000821793 0.116877 
0.0113537 7.94116e-05 7.18531e-07 0.0300607 0.0718759 0.000324216 0.000161739 0.717556 0.116352 0.047378 2.73724e-05 0.00319517 0.0016352 
0.000714398 0.000138549 2.17683e-07 0.0304329 0.0120214 0.00491667 0.000201378 0.523983 0.0302665 0.00819981 0.000712918 0.0385314 0.349881 
0.012762 0.0111468 4.62655e-06 0.130056 0.0825117 0.0018408 0.00147248 0.612563 0.0608748 0.0228096 0.00482866 0.00293045 0.0561991 
0.0169259 0.00248113 0.000300677 0.0468518 0.0242686 0.0043695 0.0002057 0.527786 0.0762088 0.0303327 0.00431989 0.013378 0.252572 
0.00146686 0.000331789 1.43487e-08 0.00892841 0.0109241 0.0343022 8.91305e-06 0.866997 0.0464461 0.0246141 0.000137287 0.000791032 0.00505184 
0.270599 0.0028784 6.34482e-10 0.208796 0.0364725 4.64906e-07 9.39241e-05 0.40333 0.021099 0.0467422 2.45221e-10 0.00619121 0.00379681 
0.0431533 5.99504e-05 1.41662e-06 0.309237 0.101265 0.00558255 0.000231979 0.37487 0.12044 0.0193195 0.00075361 0.000834505 0.0242513 
0.0324551 0.000430291 1.94859e-08 0.022259 0.0297951 0.00347816 8.47133e-09 0.64584 0.202835 0.0513834 1.66376e-07 0.0111919 0.000331918 
3.0726e-05 1.32082e-05 1.48271e-09 0.00500405 0.00163511 1.37097e-07 0.00300604 0.620157 0.0213469 0.348756 1.59108e-05 5.91926e-07 3.40616e-05 
0.0295175 0.000822689 1.57716e-06 0.0631579 0.196391 0.0111511 8.16995e-07 0.369605 0.292662 0.0341592 1.74137e-05 0.00220194 0.000311794 
0.00678172 0.000101653 0.000324746 0.060431 0.0347046 0.00861138 9.84661e-06 0.406714 0.354503 0.0150275 9.81866e-05 0.0193258 0.0933673 
0.122739 3.01388e-05 3.67063e-05 0.255853 0.00175794 0.00263241 4.65026e-09 0.496869 0.0304022 0.0733929 4.99125e-07 0.000929895 0.0153568 
0.0184416 0.000266857 3.24154e-08 0.0224253 0.234073 0.0597746 0.000244987 0.41758 0.184979 0.00205171 3.11604e-05 0.0598334 0.000298303 
0.00382194 0.000436495 2.03792e-06 0.0148297 0.0510503 0.000448248 0.000166359 0.577322 0.216584 0.106903 1.84684e-05 0.0112327 0.0171842 
0.0142861 0.000482866 2.76095e-05 0.0310669 0.0357295 0.0118449 0.00370847 0.550315 0.130742 0.020785 0.0147289 0.158657 0.0276255 
0.0890575 0.00701398 3.74358e-09 0.147381 0.0372323 0.00676024 1.34962e-07 0.374704 0.0221613 0.113541 1.15622e-08 0.167408 0.0347398 
0.000346437 3.86005e-05 3.53745e-07 0.0228618 0.0175054 0.00533222 0.00149426 0.861881 0.0650995 0.00348252 1.03277e-05 0.00532874 0.016619 
0.042353 0.000127106 4.30497e-07 0.15907 0.00136855 0.00172167 1.80039e-05 0.691322 0.00127997 0.0975882 3.10444e-06 0.00276869 0.00237919 
0.001625 6.02864e-06 1.07737e-09 0.0156263 0.00506243 0.00240988 2.51954e-08 0.769276 0.197666 0.000685648 6.22506e-09 0.00764154 1.29308e-06 
1.40556e-08 0.0039054 2.11953e-09 0.020295 4.74313e-08 0.00125633 1.28887e-05 0.637502 1.1997e-06 0.0246164 1.07303e-08 0.132238 0.180172 
0.0167161 0.00122838 7.84936e-05 0.0881475 0.039318 0.0490888 0.00216828 0.483854 0.128778 0.0499666 0.00931019 0.0318733 0.0994724 
0.030524 8.13407e-11 2.66181e-07 4.59941e-05 0.248002 0.00425399 4.63697e-07 0.627758 0.0079421 0.00244528 0.000461266 0.0435873 0.0349797 
0.0353082 0.00481123 8.7044e-07 0.00306959 0.0408925 0.0420513 0.000126759 0.440461 0.0392478 0.392427 0.000168209 0.000559404 0.000875762 
0.0042153 0.00633361 2.93251e-06 0.0373742 0.0475301 0.0402377 7.73543e-05 0.53464 0.101748 0.0410691 0.028295 0.0849229 0.0735544 
0.0156157 0.00193792 2.54412e-08 0.0448935 0.0195104 0.0142153 9.024e-05 0.392873 0.391121 0.0888071 6.28148e-06 0.00259807 0.0283319 
0.129385 0.000904908 0.0648805 0.0338445 0.0408106 0.00284771 0.000628032 0.520861 0.171492 0.0166468 0.000597298 0.00984027 0.00726181 
3.19844e-05 0.00373424 0.00101436 0.00220644 0.00195271 5.15565e-05 8.05377e-07 0.762655 0.00373761 0.220168 0.00020417 0.00163077 0.00261329 
0.0156093 0.00437312 0.00548755 0.0499229 0.0241584 0.0223322 0.000382337 0.395453 0.143776 0.0648891 0.00213247 0.11281 0.158674 
0.0160717 0.0328153 0.00254119 0.176195 0.100418 0.00444808 0.00402014 0.27634 0.0180723 0.236428 0.000281445 0.00417599 0.128193 
0.0490253 8.46602e-10 0.000125138 0.118472 0.134245 3.31682e-06 2.54744e-06 0.357156 0.0890837 0.251222 0.000356169 6.03527e-07 0.000307334 
0.00323818 0.00446068 2.92748e-08 0.00921333 0.0638341 0.00631801 7.59472e-06 0.668911 0.150321 0.0913753 0.000276875 0.00184357 0.000200521 
0.154168 0.00250206 0.000435886 0.0651715 0.205583 0.0219101 1.40519e-07 0.303726 0.181785 0.0104927 0.00284095 0.0255613 0.025824 
5.50667e-05 3.17798e-05 1.39112e-06 0.0205647 0.0160926 0.000336171 2.58514e-07 0.571439 0.0747906 0.09693 1.51297e-05 0.109016 0.110727 
0.00410104 0.000185486 5.26037e-07 0.073583 0.00305646 0.000242135 0.000159625 0.734389 0.13547 0.032148 5.63241e-05 0.00199119 0.0146174 
0.0396721 0.000118522 0.000282565 1.04313e-10 0.0106035 4.75772e-10 5.12413e-06 0.401832 0.154932 0.384425 4.25199e-10 0.00812347 5.44159e-06 
0.0210085 1.68311e-07 1.25409e-05 1.32561e-07 0.00361407 4.32587e-08 0.00272865 0.820475 0.0885086 0.0484034 7.73171e-08 0.0152482 5.21821e-08 
0.037349 0.00314034 3.99983e-06 0.309328 0.024118 0.00252973 0.000838722 0.318401 0.103085 0.0449727 0.00022482 0.0884055 0.067603 
0.109849 7.56167e-05 0.0380312 0.0459909 0.0246942 0.00398437 1.70049e-05 0.403721 0.277931 0.0356673 1.4124e-05 0.00101425 0.0590106 
0.00481243 0.0113444 1.31589e-07 0.0108933 0.248054 0.00869001 6.50176e-06 0.507393 0.00654196 0.201993 9.09527e-06 0.000261326 3.92357e-10 
0.0772444 1.1898e-10 1.80382e-07 0.280207 0.0783001 2.62964e-05 1.56413e-10 0.313581 0.179752 0.0708805 1.52451e-07 7.93596e-06 1.11499e-06 
0.00879965 3.44525e-05 6.51763e-07 0.0497625 0.0563957 0.0348103 0.00141017 0.428876 0.142087 0.0226761 0.00135546 0.227488 0.0263039 
0.00296034 7.92739e-08 7.64594e-10 8.16849e-07 0.000816043 1.88723e-06 3.97335e-07 0.544619 0.214726 0.201803 2.95508e-10 0.000727253 0.0343451 
0.00786656 0.00836524 3.23245e-05 0.0374554 0.0520366 0.00946707 2.18765e-05 0.331852 0.311452 0.0269583 0.0186453 0.0503191 0.145529 
0.0162547 0.0267372 6.07065e-08 0.208528 0.0661947 0.0703758 1.36503e-06 0.345857 0.0506398 0.0925903 3.86476e-05 0.116019 0.0067633 
0.0666011 0.000811312 1.5553e-05 0.0925403 0.0499642 0.00607048 0.000508616 0.651283 0.0774931 0.00982336 4.21483e-06 0.00907726 0.0358072 
0.01775 0.000328452 0.0042048 0.00390279 0.0695314 0.00314446 0.00029515 0.761261 0.0601796 0.0736872 5.40573e-05 0.000187736 0.0054736 
0.0976245 0.000319647 4.92101e-08 0.14147 0.034001 0.000120873 0.000342937 0.43415 0.235999 0.0543059 4.86772e-06 0.000851906 0.000809203 
0.0156157 0.00193792 2.54412e-08 0.0448935 0.0195104 0.0142153 9.024e-05 0.392873 0.391121 0.0888071 6.28148e-06 0.00259807 0.0283319 
3.33259e-06 0.0023364 4.2e-06 0.138172 0.00677974 3.14875e-07 5.89042e-06 0.6631 0.113744 0.0190829 3.58751e-06 0.0544668 0.00230064 
0.0225996 0.00241876 3.58141e-06 0.12443 0.0110169 0.0223428 3.17201e-07 0.531101 0.0890419 0.0232443 1.83319e-05 0.063485 0.110297 
0.0318648 0.00154598 0.000269607 0.231576 0.0601196 0.00059533 1.52364e-06 0.309784 0.151133 0.17502 0.000128746 0.021352 0.0166088 
0.0049402 0.000237752 2.31832e-09 0.00204532 0.0135393 5.26454e-05 9.20248e-09 0.90121 0.0416581 0.000687526 3.20406e-06 0.00470867 0.0309172 
0.0099722 0.00463907 7.4979e-05 0.0399261 0.0238606 0.0257198 0.000653703 0.552597 0.0305398 0.0588653 0.000812275 0.00180875 0.25053 
0.0044887 0.000194597 1.66667e-08 0.00281071 0.000362943 0.000440136 3.42004e-10 0.720504 0.0777349 0.000717869 4.19184e-06 0.163536 0.0292058 
0.00106308 0.00110713 5.05162e-05 0.141591 0.0059934 0.0489869 0.000497357 0.718526 0.0485389 0.0122875 0.000199337 0.0195079 0.00165199 
0.00978303 0.164526 2.5053e-08 0.10093 0.0949012 0.0131894 0.000223533 0.207738 0.198708 0.0304244 0.000370478 0.00229542 0.176911 
0.0612161 0.00475822 5.60981e-07 0.0694333 0.172519 0.0145026 4.01796e-07 0.48098 0.131419 0.0591471 1.04624e-05 0.00519795 0.00081543 
0.0123057 0.000655926 0.000139679 0.0760081 0.0288806 0.0560841 0.000151272 0.51403 0.0815901 0.205567 0.00626357 0.0131815 0.00514148 
0.0219713 0.000814727 0.00112983 0.0433014 0.0311423 0.0563615 0.00358264 0.684749 0.0373041 0.0435237 0.00101628 0.011357 0.0637461 
0.000236429 1.77922e-05 2.36767e-08 0.0623462 0.0108061 2.85849e-07 2.64306e-05 0.449088 0.309868 0.165832 1.03938e-05 0.000322737 0.00144563 
0.000288481 0.000333106 0.000676005 0.0358297 0.00771708 0.0161323 0.0385716 0.670788 0.0367056 0.126831 0.00110869 0.00337152 0.0616469 
2.81922e-07 0.0716692 1.0499e-10 0.136716 0.0951697 8.17878e-05 1.2463e-07 0.3484 0.300699 0.0362638 0.00010512 0.0102765 0.000618805 
0.241442 0.000264008 9.24736e-07 0.00276349 0.110949 8.23165e-05 0.00150024 0.456943 0.12727 0.000714601 1.89819e-06 0.0563614 0.00170641 
0.183332 0.0519174 0.159237 0.00679886 0.00468595 0.000123561 1.02734e-06 0.48142 0.00213852 0.0569177 0.0341737 0.0183437 0.000911471 
0.0756853 6.50622e-05 2.5089e-05 0.157076 0.0368917 0.0382555 0.000122249 0.430774 0.179182 0.0350702 0.000901547 0.0305398 0.0154111 
3.36979e-06 1.11277e-05 3.36201e-09 0.0204716 0.0523566 1.45393e-09 4.66739e-09 0.511837 0.208287 0.20288 1.29938e-09 2.06727e-07 0.00415302 
0.00461684 0.00451929 1.06895e-05 0.0143674 0.115513 0.0021899 0.00057988 0.296351 0.281047 0.241634 0.00559201 0.0229885 0.0105897 
0.0479592 0.00186621 0.0290894 0.0655801 0.0635081 0.0358718 0.000997287 0.355266 0.143069 0.139543 0.00354886 0.0497479 0.0639534 
0.00971163 0.00584159 0.000584916 0.0483272 0.0230463 0.0289837 0.00119855 0.68266 0.0760397 0.034261 0.00226684 0.0683097 0.0187686 
0.0178234 0.029525 0.000184693 0.0216522 0.0851842 0.0277235 9.19782e-06 0.2463 0.233633 0.151515 0.000169922 0.0389586 0.147321 
0.00215626 0.000330076 2.41476e-09 0.0227779 0.0443694 0.00725116 0.00291073 0.760429 0.140926 0.0183327 3.58992e-05 7.28408e-08 0.000481039 
0.0136829 0.000106282 2.30442e-07 0.0198239 0.101445 0.0129527 7.03645e-06 0.540383 0.139347 0.102447 0.000203348 0.00354249 0.0660588 
0.000892285 0.000177185 6.58963e-07 0.0116856 0.0039448 0.000316523 2.32042e-05 0.930907 0.0320495 0.00426355 5.54684e-05 0.0131586 0.00252529 
0.0396183 0.00500222 0.000723761 0.0939002 0.0363659 0.00982811 6.02441e-07 0.434335 0.277297 0.0489651 6.02937e-07 0.0211585 0.0328048 
0.016646 0.000601726 7.43714e-06 0.0426402 0.0246312 0.025577 0.0098686 0.300767 0.0915081 0.0447274 0.00339372 0.236031 0.2036 
0.00450737 0.00036852 0.0587431 0.128451 0.00236719 0.00547504 0.000877962 0.462681 0.0807506 0.254827 6.57732e-05 0.000498777 0.000386905 
0.0641514 0.000891839 8.11774e-05 0.0438183 0.0477312 0.00920374 3.4202e-06 0.479824 0.0557887 0.161851 0.000271166 0.109042 0.0273426 
0.0360209 9.65725e-09 0.000377598 0.0579651 0.00886109 4.55289e-05 3.7167e-10 0.733564 0.0534801 0.0802599 1.03472e-10 0.00319633 0.0262289 
0.0148333 0.00185213 0.000125716 0.0423377 0.0311742 0.0115845 0.00063525 0.519999 0.0824587 0.0306755 9.20064e-05 0.0084586 0.255773 
0.0459642 0.000304764 0.000268403 0.0696479 0.0382118 0.0927975 1.12086e-05 0.664596 0.0425347 0.0210139 0.000361718 0.0039489 0.0203384 
0.00695174 0.0252797 6.36657e-07 0.0163409 0.0156454 0.00486101 1.78053e-05 0.633015 0.0320678 0.0653021 1.3252e-05 0.118588 0.0819164 
0.0035256 0.0226513 1.24371e-06 0.0681501 0.0169671 0.00126854 8.69751e-05 0.716911 0.102526 0.0370709 8.71847e-05 0.0173282 0.0134252 
0.00891235 2.49232e-07 0.0388993 0.0284287 0.025957 0.00187606 4.87074e-11 0.509234 0.0222348 0.00541043 4.84239e-08 0.358951 9.59866e-05 
0.0274157 0.000132662 3.35112e-06 0.0840843 0.0376795 0.00275709 0.00313794 0.453338 0.169033 0.0572441 0.00167063 0.0589131 0.104591 
1.00547e-05 0.00064652 5.07065e-07 0.0164468 0.00170853 0.088915 8.83015e-07 0.611155 0.00477064 0.00781309 0.00170223 0.0698412 0.19699 
1.21377e-06 5.38896e-06 5.10307e-06 0.00016089 6.00688e-07 2.20687e-06 7.08445e-06 0.9987 0.000463968 0.000451408 1.97228e-06 3.4931e-06 0.000196325 
0.0129853 0.0472092 2.00518e-06 0.227142 0.10691 0.000855673 5.21947e-05 0.281053 0.184251 0.127617 6.83615e-05 0.00187277 0.00998139 
0.0108468 0.00320533 4.95715e-06 0.0238946 0.0374914 0.000666004 0.0105313 0.766936 0.03587 0.0592401 0.000155366 0.00452097 0.0466375 
0.0134463 0.00116291 1.08794e-06 0.111224 0.0098853 0.00423586 0.00108914 0.481838 0.0702812 0.0193329 6.18615e-05 0.0258192 0.261622 
7.88669e-08 0.000376946 0.0010979 0.0381746 0.000233907 8.87482e-05 5.90151e-07 0.550497 0.00199674 0.336298 0.000487488 0.0403998 0.0303479 
0.00146368 8.64914e-05 5.30845e-09 0.00517966 0.00491112 0.000245442 2.39498e-06 0.67756 0.00257821 0.000461752 1.4187e-06 0.20722 0.10029 
0.00155547 0.00336633 0.000134808 0.0459171 0.00939686 0.00056376 5.90773e-06 0.487421 0.202508 0.231518 4.29717e-07 0.0167567 0.00085603 
0.0212347 0.000198294 1.02028e-08 0.00126973 0.0328615 0.0015962 1.57525e-06 0.860783 0.0554435 0.0262683 9.29518e-06 9.02875e-06 0.000324788 
0.000892285 0.000177185 6.58963e-07 0.0116856 0.0039448 0.000316523 2.32042e-05 0.930907 0.0320495 0.00426355 5.54684e-05 0.0131586 0.00252529 
0.00729841 0.0245831 1.03289e-06 0.0754758 0.152876 0.0160777 0.00645166 0.391631 0.0590783 0.233618 0.000175719 0.00417758 0.0285556 
0.0265172 0.016963 1.03917e-06 0.175302 0.126221 0.00360585 0.00353951 0.268914 0.141248 0.0378972 3.39319e-05 0.00638481 0.193372 
0.0296412 0.00406332 1.64921e-06 0.115979 0.0336555 0.0108552 0.000289865 0.464668 0.130682 0.0101703 0.000220642 0.046411 0.153362 
0.00567047 0.0574584 1.62392e-07 4.23517e-06 0.012373 1.73398e-05 2.87332e-05 0.726192 0.00231932 0.131108 0.000714217 0.0302322 0.0338816 
9.77136e-05 0.000755472 2.3796e-07 0.0647949 0.184033 1.02908e-07 0.000294422 0.638038 0.0381759 0.00561094 9.1969e-08 0.00373511 0.0644642 
0.000994128 0.000138965 1.18453e-06 0.0405921 0.000470773 1.41216e-06 4.80381e-08 0.789031 0.0509878 0.00165049 8.61073e-09 0.0742737 0.0418584 
0.00384836 0.1387 6.1588e-10 0.0026194 0.00273077 0.00216968 8.55009e-10 0.761481 0.00291095 0.0385551 0.00513519 0.0141619 0.027688 
2.66287e-05 2.60412e-05 1.16684e-08 0.012598 0.00173732 5.0461e-09 7.07363e-06 0.937911 0.017037 0.0215838 4.50972e-09 0.00833125 0.00074138 
0.154168 0.00250206 0.000435886 0.0651715 0.205583 0.0219101 1.40519e-07 0.303726 0.181785 0.0104927 0.00284095 0.0255613 0.025824 
0.0278233 0.000731677 1.54415e-07 0.134514 0.0115454 0.0427641 0.000968372 0.458336 0.196896 0.0054591 0.00134752 0.011267 0.108347 
9.66795e-05 7.72636e-05 2.24033e-08 0.00380291 0.000273713 0.000421058 8.30449e-08 0.687874 0.00161577 0.00354459 1.09447e-07 0.130651 0.171643 
0.0118647 0.000627544 0.000149141 0.13039 0.0114611 0.0375259 0.00725785 0.44532 0.0926985 0.115818 0.000530149 0.0367493 0.109607 
0.0457038 0.00559424 2.17405e-06 0.222641 0.102656 0.00889268 0.0375549 0.284071 0.0585215 0.0286954 0.000108304 0.13724 0.0683203 
0.0925521 0.00323985 1.02311e-09 0.0385188 0.0187334 0.0130187 1.42035e-09 0.38719 0.0340606 0.32089 0.000153004 0.00507998 0.0865632 
0.00342235 3.46531e-05 2.56109e-05 0.301887 0.0297347 0.000619141 2.88262e-08 0.363955 0.228364 0.0682856 1.70339e-05 0.000966319 0.00268963 
0.00115529 1.12941e-11 1.71226e-08 1.10229e-07 9.85743e-08 0.0526717 1.48474e-11 0.861741 0.00162902 0.00252426 7.25012e-06 0.0731481 0.00712314 
0.000606638 4.63788e-05 7.90633e-08 0.0488571 0.00340025 0.00434944 0.000133682 0.774068 0.016178 0.0088316 0.000174361 0.0039375 0.139417 
0.112504 0.0182321 0.00010826 0.0980129 0.100232 9.01301e-07 9.335e-05 0.599336 0.0388269 0.0320054 5.70729e-09 1.62583e-06 0.000647365 
0.00725954 0.000825359 4.36525e-06 0.0372548 0.0286999 0.0906385 0.00114194 0.574241 0.0717297 0.0160863 0.00442517 0.033888 0.133806 
0.0153666 0.00334378 1.12925e-05 0.229973 0.0307918 0.015119 0.000149939 0.355728 0.124206 0.175035 0.0135131 0.00297066 0.033791 
0.189472 0.000130579 0.000699142 0.0375671 0.0582035 0.0075146 9.82169e-06 0.561718 0.00505724 0.122664 0.000161333 0.0142815 0.00252094 
0.00115529 1.12941e-11 1.71226e-08 1.10229e-07 9.85743e-08 0.0526717 1.48474e-11 0.861741 0.00162902 0.00252426 7.25012e-06 0.0731481 0.00712314 
0.0005256 0.000178644 2.97693e-07 0.00188693 0.000978249 4.62104e-05 3.24743e-05 0.965078 0.0208921 0.000684729 1.79199e-05 0.00650488 0.00317411 
0.0598773 0.0376637 4.61305e-06 0.11425 0.175553 0.0873135 6.53994e-07 0.278402 0.0537953 0.150457 0.000178131 0.00631868 0.0361864 
0.0120811 0.000876276 3.07788e-08 0.0672257 0.069489 0.0843915 1.83233e-07 0.484426 0.0278228 0.2463 0.000957722 0.00234472 0.00408478 
0.000401814 6.51167e-05 2.88979e-07 0.054862 0.006134 0.00196771 3.62542e-09 0.719702 0.179904 0.00248831 5.99633e-06 0.0112283 0.0232397 
0.00674182 0.00432239 3.57699e-05 0.239747 0.0601724 0.0143147 0.012107 0.455369 0.146763 0.0286561 8.30402e-05 0.0125154 0.0191726 
0.00567264 0.000585887 0.000144206 0.0304596 0.0253593 0.0280067 0.000639311 0.613211 0.0306834 0.203758 0.00338318 0.0227546 0.0353416 
0.0100291 0.00019086 5.78657e-07 0.17395 0.152636 0.000459663 2.22115e-05 0.34377 0.139742 0.00742964 1.6491e-05 0.00524837 0.166506 
0.171325 0.152533 9.65713e-07 2.79196e-06 0.0319767 0.00145811 3.94593e-07 0.370429 0.158505 0.0733916 8.46133e-06 9.46586e-06 0.0403583 
0.0034333 0.00189088 6.63723e-06 0.0360694 0.166503 0.00201144 0.00191933 0.569531 0.141019 0.0681469 0.00196819 0.00400838 0.00349193 
0.116594 9.5504e-07 9.55078e-07 0.226524 0.0275273 0.0592435 9.54777e-07 0.292565 0.142414 0.0951867 0.00277209 0.0184388 0.0187325 
0.00714746 2.08066e-07 3.27948e-07 0.211399 0.198944 2.27749e-05 8.99989e-10 0.275245 0.267038 0.0397773 1.19511e-07 0.00017327 0.000252889 
0.00511261 5.38921e-08 3.16981e-11 0.100254 0.0336029 0.146345 2.54154e-08 0.467139 0.0555734 0.0579575 1.63588e-05 0.0685213 0.0654769 
0.00931588 0.00287744 1.63497e-05 0.0580009 0.0336815 0.0056744 0.0145979 0.490209 0.107025 0.0232714 0.000632494 0.0945719 0.160126 
0.00150996 0.000285098 6.45289e-06 0.0320497 0.0789216 0.0766908 0.012014 0.665165 0.101679 0.0133932 3.56225e-05 0.00514469 0.0131055 
0.0049402 0.000237752 2.31832e-09 0.00204532 0.0135393 5.26454e-05 9.20248e-09 0.90121 0.0416581 0.000687526 3.20406e-06 0.00470867 0.0309172 
0.000777841 5.72785e-05 2.80922e-06 0.00248914 0.00243738 0.00187659 1.20219e-05 0.845072 0.00123598 0.000714236 2.60223e-06 0.0982079 0.0471148 
0.0026915 0.000824785 3.31583e-05 0.0620862 0.0273175 0.0039091 2.13787e-05 0.581482 0.0781251 0.0631854 2.67123e-05 0.0569788 0.123318 
0.0041359 5.70693e-05 5.9572e-10 0.000707148 0.00059942 1.11417e-06 8.27022e-10 0.955366 0.0321133 0.00673989 5.68398e-07 0.000279149 2.8512e-07 
0.0592654 0.000265513 7.51909e-05 0.0372663 0.230579 0.00438208 0.105549 0.41014 0.0788021 0.0463842 2.28959e-06 0.00224565 0.0250434 
0.00245397 0.000676212 2.6322e-08 0.0747791 0.121295 8.0052e-06 5.01085e-10 0.756101 0.0266145 0.00500801 1.06571e-08 0.00850386 0.00456071 
0.112504 0.0182321 0.00010826 0.0980129 0.100232 9.01301e-07 9.335e-05 0.599336 0.0388269 0.0320054 5.70729e-09 1.62583e-06 0.000647365 
0.0101612 0.00315191 2.60022e-06 0.00705172 0.00695613 0.00459343 9.71122e-05 0.514397 0.0446754 0.000948471 0.00825692 0.0963989 0.303309 
0.00287356 0.0048898 1.39013e-08 4.11708e-07 0.0268259 0.00354679 2.75834e-07 0.739402 0.212006 0.00261865 4.24021e-05 0.00259834 0.00519589 
0.0396183 0.00500222 0.000723761 0.0939002 0.0363659 0.00982811 6.02441e-07 0.434335 0.277297 0.0489651 6.02937e-07 0.0211585 0.0328048 
0.00330068 0.00509535 0.000475791 0.252621 0.0457005 2.48262e-07 2.58068e-10 0.327215 0.191995 0.153824 9.96873e-08 0.00668815 0.0130839 
0.0101172 0.000989611 2.09823e-05 0.111059 0.00494488 0.165242 9.08756e-07 0.378065 0.0260418 0.117653 0.00637044 0.0307619 0.148733 
0.160665 5.64189e-05 2.23624e-07 0.152425 0.0550646 0.000845024 0.0004656 0.360085 0.222321 0.0401615 3.35907e-05 0.00162062 0.00625634 
0.00152009 0.00169127 0.101259 0.033101 0.10314 0.000373934 1.8924e-05 0.695636 0.0161246 0.0189571 4.81852e-05 0.00348016 0.0246504 
0.0301883 6.61801e-05 0.000541145 0.178724 0.116091 0.129712 0.000435737 0.185076 0.157044 0.161972 0.0133024 0.0013506 0.0254974 
0.0236607 0.000733468 1.78852e-07 0.00698106 0.0221819 0.000391752 2.44006e-07 0.758234 0.110421 0.066733 9.80282e-05 0.00539783 0.00516677 
0.00261161 2.72456e-05 1.0013e-06 0.156942 0.0197227 0.00109558 0.00245081 0.508671 0.239109 0.0679756 0.000147411 0.000547217 0.00069864 
0.132922 0.000323079 5.12565e-08 0.116874 0.0508838 0.00723529 1.6904e-09 0.345542 0.26149 0.0832912 0.000269401 7.8482e-05 0.00109104 
0.0089558 9.80291e-05 1.2424e-05 0.00474327 0.0158928 0.000242977 9.78208e-05 0.692368 0.0132601 0.22538 0.000473404 0.00965846 0.0288166 
0.0468593 0.00365927 4.40882e-09 0.0834614 0.181422 0.0569789 5.09008e-05 0.3209 0.239346 0.0289587 8.8794e-05 0.000569407 0.0377056 
0.011999 0.000593307 7.79463e-07 0.0368599 0.0473985 0.00119283 0.000615478 0.701395 0.146567 0.0171549 0.000140087 0.00753003 0.0285525 
0.0178931 0.000424935 1.56673e-06 0.0857995 0.269048 0.00595184 1.12774e-09 0.337535 0.158428 0.113376 3.24966e-05 0.00030823 0.011201 
0.000142027 1.07496e-05 2.46285e-08 0.0522728 0.00648424 2.71419e-07 1.60046e-05 0.431881 0.267137 0.240988 6.27607e-06 0.000193935 0.000867682 
0.00554871 0.00015191 1.40658e-06 0.0211289 0.0107012 0.0329527 0.00272735 0.512954 0.0278495 0.00362851 0.00253942 0.163291 0.216526 
0.0171264 0.000283521 1.04793e-05 0.172823 0.0667234 0.0165834 0.00684914 0.364897 0.136828 0.215694 0.000348323 0.000949497 0.000884103 
0.000157015 0.0780721 1.21946e-05 0.0975494 0.0233086 0.000924163 2.60085e-08 0.557792 0.0180779 0.114397 9.75034e-05 0.0237122 0.0858996 
0.14104 6.12542e-05 6.12566e-05 6.13022e-05 0.33109 6.12853e-05 6.12373e-05 0.429173 0.0981453 6.12953e-05 6.12877e-05 6.12727e-05 6.12958e-05 
0.00926624 0.000840227 2.36939e-07 0.085687 0.0287434 0.0991663 8.83781e-07 0.357711 0.0557708 0.351743 1.77791e-05 0.00790369 0.00314901 
0.0248006 0.000199587 0.00588821 0.12135 0.0262906 0.00423418 0.000466891 0.517265 0.136106 0.101512 0.000194722 0.0226177 0.039074 
0.0217277 9.59421e-07 0.0119544 0.000758217 0.0660537 0.000606658 0.00029732 0.796167 0.0374271 0.062065 8.27601e-05 1.89847e-06 0.00285752 
4.62644e-05 4.62334e-05 4.62353e-05 4.62697e-05 4.6269e-05 4.62569e-05 4.62207e-05 0.823639 4.62699e-05 4.62644e-05 4.62588e-05 4.62474e-05 0.175852 
0.0201086 0.00116159 2.95271e-07 0.0509781 0.131631 0.000499798 0.000182867 0.667122 0.020854 0.0814789 3.68079e-05 0.0120383 0.0139078 
0.0236704 9.11443e-05 6.38188e-06 0.161919 0.0233453 0.0688337 9.26149e-06 0.332156 0.0840856 0.140595 1.76889e-05 0.033901 0.131369 
0.033708 0.00115604 0.000221331 0.227089 0.0259611 0.000141536 0.00020892 0.471401 0.149951 0.0530838 1.6099e-06 0.00551831 0.0315578 
0.00590524 0.0011564 1.76083e-07 0.0682351 0.0326801 0.0052832 0.00190189 0.749597 0.0938348 0.0259831 4.32325e-05 0.00221355 0.013166 
0.0135468 0.00100453 2.10855e-06 0.0625186 0.0202637 9.02854e-05 1.04694e-05 0.728262 0.0623 0.00520924 5.25876e-06 0.0256464 0.0811404 
0.00518507 0.00482333 0.00167592 0.0546944 0.0416387 0.0195912 0.000732767 0.533864 0.0574702 0.109397 0.00051389 0.131629 0.0387849 
0.039999 0.00127415 1.20551e-07 0.104754 0.20023 0.00119499 5.97844e-07 0.272903 0.0778253 0.270382 0.000470494 0.0268806 0.00408547 
0.00146736 0.00016073 7.48566e-07 0.0283958 0.0202024 0.000130913 2.65967e-05 0.5777 0.213883 0.00495852 3.66955e-05 0.149967 0.00307042 
0.0109041 0.000407859 3.31492e-09 0.041483 0.0110339 0.0299439 0.000177889 0.613964 0.0533495 0.02157 9.14491e-05 0.00619363 0.21088 
0.00081223 0.000533637 7.08598e-09 0.155058 0.0336082 0.00016309 4.89315e-11 0.511004 0.0623359 0.0595973 1.13152e-05 0.121792 0.0550845 
0.0209474 0.00462617 4.13204e-06 0.126978 0.132148 0.00133163 2.02432e-07 0.515749 0.000549675 0.14481 1.9385e-05 0.00315047 0.0496868 
0.000912137 0.00410728 2.258e-09 0.039272 0.213516 0.198905 1.35794e-08 0.361881 0.108121 0.0354928 0.000476942 3.2574e-08 0.0373166 
1.40556e-08 0.0039054 2.11953e-09 0.020295 4.74313e-08 0.00125633 1.28887e-05 0.637502 1.1997e-06 0.0246164 1.07303e-08 0.132238 0.180172 
0.102553 0.000245611 3.03924e-05 0.214471 0.194929 0.00108952 0.00150388 0.368724 0.00686402 0.083998 6.86339e-05 0.00228956 0.0232338 
3.92144e-05 4.72524e-07 1.25949e-09 0.00103768 0.000201412 5.44677e-10 6.48124e-07 0.973641 0.0206355 0.00206609 5.6654e-08 0.00178159 0.000595966 
0.00918548 0.00490838 0.0168067 0.0904942 0.0414188 0.00110862 9.75218e-06 0.412207 0.0851912 0.323552 9.98769e-05 0.000269277 0.0147483 
0.220418 0.00036673 1.95472e-08 0.156652 0.00113312 0.00175611 1.41578e-06 0.501499 0.0488464 0.00609675 8.73661e-06 7.65093e-07 0.0632214 
1.75914e-06 1.21316e-05 4.97956e-07 0.0474312 0.158587 0.0149919 1.23215e-07 0.768684 0.00828903 0.00196314 4.28183e-06 1.32256e-05 2.12534e-05 
0.0201877 0.0093313 0.00162155 0.0549914 0.0554525 0.0129303 0.00290675 0.559639 0.134216 0.0230436 0.00304803 0.0197177 0.102914 
0.0101526 0.00409631 0.00265782 0.0552015 0.0281306 0.0067742 0.000356478 0.613159 0.0510026 0.0329149 0.00330049 0.0136655 0.178588 
0.00562608 0.0144467 2.35539e-05 0.0714949 0.0409244 0.000429195 0.000547457 0.659398 0.0462885 0.0428976 6.06756e-05 0.0653595 0.0525039 
0.000138956 0.0138395 3.58814e-08 0.0161909 0.00895331 0.00100029 2.93455e-07 0.376286 0.136207 0.0803652 0.000129083 0.138202 0.228687 
0.0490253 8.46602e-10 0.000125138 0.118472 0.134245 3.31682e-06 2.54744e-06 0.357156 0.0890837 0.251222 0.000356169 6.03527e-07 0.000307334 
0.00519661 0.000284668 2.85632e-05 0.0231806 0.024103 0.0131373 0.00113565 0.841445 0.0402378 0.016374 2.98842e-05 0.00752663 0.0273204 
0.00871433 4.96991e-07 2.81378e-07 0.145338 0.035826 0.00221379 0.00016905 0.289952 0.225537 0.28371 7.64224e-05 0.000100192 0.00836281 
0.0113084 0.000105298 1.19452e-05 0.231311 0.0462347 0.0118806 6.31204e-05 0.552376 0.0251683 0.0492132 2.65424e-05 0.0230047 0.0492958 
0.00416586 0.0125586 1.151e-06 0.0538319 0.0124107 0.000504773 5.72947e-05 0.321921 0.241929 0.168269 0.027074 0.083549 0.0737284 
3.0726e-05 1.32082e-05 1.48271e-09 0.00500405 0.00163511 1.37097e-07 0.00300604 0.620157 0.0213469 0.348756 1.59108e-05 5.91926e-07 3.40616e-05 
0.000173331 0.015066 8.73506e-08 0.0640979 0.00521001 0.0559812 7.58148e-05 0.600236 0.105166 0.00065058 0.000176916 0.00146767 0.151699 
0.000604402 0.000438314 4.75119e-06 0.000143062 8.29167e-05 0.000519085 9.57428e-05 0.995279 0.00134174 2.33456e-05 2.90806e-05 7.36277e-05 0.00136541 
0.0148521 0.00423137 0.00459012 0.00767563 0.0181289 0.00141506 0.00135694 0.751228 0.0465935 0.0329342 0.000155002 0.0789664 0.0378726 
1.00547e-05 0.00064652 5.07065e-07 0.0164468 0.00170853 0.088915 8.83015e-07 0.611155 0.00477064 0.00781309 0.00170223 0.0698412 0.19699 
0.0123153 0.00179547 9.99636e-07 0.0145178 2.27292e-06 1.49806e-05 2.77497e-10 0.874537 0.0490511 0.0282613 7.72543e-11 0.0195012 2.12962e-06 
0.0113742 0.000128223 9.18198e-06 0.0451508 0.0512199 0.0359326 0.0812811 0.287083 0.149263 0.0197365 0.00296813 0.279913 0.0359417 
0.0637354 1.44953e-05 0.0183034 0.0517273 0.0316926 0.0166812 0.0011611 0.493282 0.0504881 0.234288 0.000698598 0.0233344 0.0145942 
0.00115529 1.12941e-11 1.71226e-08 1.10229e-07 9.85743e-08 0.0526717 1.48474e-11 0.861741 0.00162902 0.00252426 7.25012e-06 0.0731481 0.00712314 
5.56411e-08 2.47037e-07 2.33932e-07 0.000308334 3.58249e-05 6.08007e-05 3.24761e-07 0.999324 2.23261e-08 0.000270144 9.04123e-08 1.60129e-07 5.21399e-08 
0.000669662 0.0204978 0.000687674 0.0219593 0.0180309 0.0288968 5.31219e-05 0.572554 0.0378277 0.0246805 0.000202502 0.036411 0.237529 
1.40556e-08 0.0039054 2.11953e-09 0.020295 4.74313e-08 0.00125633 1.28887e-05 0.637502 1.1997e-06 0.0246164 1.07303e-08 0.132238 0.180172 
0.00850919 0.00136606 1.63286e-06 0.102887 0.0669517 0.00823738 2.2556e-05 0.564427 0.0369279 0.058028 0.0734204 0.0688966 0.0103246 
