0.0034094 0.0107886 1.74084e-08 0.265705 0.0138678 0.052597 3.25841e-08 0.0131755 0.59241 0.016487 0.000594136 0.00163061 0.0293344 
0.0238902 0.000204627 0.000177549 0.243099 0.037344 0.00934059 0.00057139 0.0532704 0.602086 0.0109611 4.61722e-05 0.00937276 0.00963635 
0.0362655 0.000226626 6.57696e-05 0.284914 0.0319182 0.032212 0.00147992 0.0516784 0.493529 0.0143854 0.000270265 0.0346419 0.0184128 
0.0437923 6.00005e-06 0.000360897 0.174898 0.268864 0.000146133 5.02429e-05 0.0011363 0.481712 0.0285376 2.09936e-05 0.000347933 0.000127545 
0.0226194 0.00253037 8.93172e-05 0.12369 0.102 0.00163317 8.5744e-05 0.0837639 0.604947 0.0230563 7.2205e-05 0.0291129 0.00639961 
0.00987845 0.00414834 6.98859e-07 0.296353 0.00188569 0.00156008 1.55893e-06 0.217077 0.367917 0.0230959 3.29858e-05 0.00537122 0.072678 
0.0116105 0.0158671 0.00982599 0.127098 0.209078 0.208974 0.00344757 0.106599 0.260748 0.0273482 0.00115748 0.00225085 0.0159948 
0.0344189 0.00963068 0.000313683 0.289627 0.0158136 0.0444744 0.000240158 0.0156182 0.558031 0.0235243 0.000171362 0.000114064 0.00802258 
0.00196162 0.0019327 3.54073e-06 0.0682354 0.0166877 0.0905326 0.000910812 0.0166319 0.780118 0.00277727 6.5276e-05 0.00527781 0.0148657 
0.0344189 0.00963068 0.000313683 0.289627 0.0158136 0.0444744 0.000240158 0.0156182 0.558031 0.0235243 0.000171362 0.000114064 0.00802258 
0.0074019 0.0041053 7.5337e-06 0.184576 0.00783853 0.0380291 0.000308914 0.0200331 0.71007 0.0121642 0.000173358 0.000580023 0.0147122 
0.0106089 0.0114128 5.12209e-06 0.185254 0.0211334 0.02584 0.00021172 0.0333558 0.692741 0.010853 5.85403e-05 0.000128212 0.00839726 
0.000180594 0.0114772 2.18559e-08 0.379784 0.014416 8.96257e-05 9.41069e-08 0.0504591 0.481723 0.00521026 2.10547e-06 0.00847734 0.0481813 
0.00134009 1.93197e-12 1.82948e-12 0.42675 0.0136616 0.00112853 8.6379e-09 0.0109613 0.522398 0.0234332 1.69768e-09 4.45831e-08 0.000327197 
0.00156381 0.000134516 2.27927e-06 0.172981 0.341658 0.0147021 7.54435e-05 0.0662672 0.369951 0.0158735 4.90834e-05 0.0013476 0.0153943 
0.00808848 0.0028935 4.07821e-06 0.381279 0.0294473 0.0310963 3.15179e-05 0.0970865 0.40312 0.0287508 0.000554589 0.0160658 0.0015822 
0.0011387 9.8111e-08 4.38368e-12 0.0406305 0.009508 0.0253778 2.55497e-07 0.00019419 0.870828 0.00186562 0.000538587 0.0497085 0.000209338 
0.00770852 0.000298029 6.2194e-11 0.041849 0.0225856 0.010301 0.0402986 0.111945 0.760213 0.00388597 4.00006e-05 0.000250321 0.000624043 
0.0309633 0.00056492 2.51368e-08 0.0759366 0.0154998 0.259677 0.00292849 0.0180514 0.572748 0.00379026 0.00367371 0.00827132 0.0078946 
1.76574e-05 4.76701e-05 6.61884e-10 0.203657 0.00110216 0.000290595 2.6246e-13 0.0387184 0.752646 0.00120778 4.27569e-06 0.00153193 0.000776582 
0.00768562 0.00838751 1.14694e-05 0.132594 0.0152216 0.0186906 0.000241939 0.0239539 0.779014 0.00788176 5.1376e-05 0.000109212 0.0061571 
0.0300509 0.00112675 1.69304e-07 0.226722 0.0443142 0.00536408 0.000409647 0.0871247 0.562039 0.00973116 2.87545e-05 0.0101562 0.022932 
0.0120899 0.000496815 1.66508e-07 0.0640738 0.00287804 0.0201622 1.5505e-05 0.0134209 0.877203 0.001941 1.38665e-05 0.0043845 0.00332071 
0.0394362 0.00896207 4.84339e-09 0.290019 0.197343 0.00660855 0.00315124 0.0582657 0.377253 0.012409 1.37252e-05 0.000139219 0.00639926 
0.0739891 0.000549249 1.10232e-10 0.194335 0.0283521 0.147391 0.000162977 0.0319367 0.329136 0.0153486 0.000601989 0.000231012 0.177965 
0.0025636 0.000284968 1.12804e-07 0.141516 0.0523053 0.00197938 0.0027244 0.121258 0.625462 0.0483295 1.37338e-05 0.00176751 0.00179589 
0.0592589 6.17511e-05 7.50317e-10 0.193183 0.054326 0.0199387 0.00144252 0.0109724 0.658108 0.00148564 7.35139e-05 0.000427694 0.000721138 
0.0181431 6.1367e-07 1.42307e-07 0.242391 0.0164398 0.000118278 5.69052e-07 0.0629577 0.651856 0.00188997 2.6347e-06 0.000673759 0.00552634 
0.0115847 1.90225e-06 3.01378e-09 0.00334179 0.00659261 2.34557e-05 0.42318 3.36238e-06 0.530717 0.0245451 8.64079e-08 9.40775e-06 2.56297e-07 
0.0106089 0.0114128 5.12209e-06 0.185254 0.0211334 0.02584 0.00021172 0.0333558 0.692741 0.010853 5.85403e-05 0.000128212 0.00839726 
0.0135034 0.00104368 5.41078e-08 0.128837 0.131893 0.0105159 0.00395508 0.200145 0.468648 0.0188353 0.000234015 0.00161742 0.0207715 
0.0404655 0.00277798 0.000161961 0.176286 0.0151988 0.0193151 0.000519617 0.0277013 0.631517 0.0341994 0.000242754 0.0101246 0.0414896 
0.00719572 0.000674575 6.02679e-08 0.0948746 0.00125578 0.00133751 1.04027e-08 0.0264607 0.843825 0.00777103 1.06939e-06 0.00949923 0.00710428 
0.0380295 0.0016583 1.0763e-05 0.142872 0.0246992 0.0900166 0.000626495 0.00853571 0.497566 0.0263714 0.164586 0.00129574 0.00373216 
0.0510452 0.00194474 4.52547e-05 0.0530329 0.044049 0.00689644 0.000168428 0.048903 0.428966 0.360991 5.20566e-06 0.00105839 0.0028948 
0.00983838 0.00180041 1.81616e-08 0.0398114 0.322957 0.00334963 2.87673e-05 0.0470807 0.513557 0.0595863 0.000270386 0.00105165 0.000668557 
0.109926 0.00173582 1.65848e-05 0.179335 0.209567 0.00893653 0.000529053 0.0863647 0.362209 0.0314575 0.000731961 0.00239617 0.00679477 
0.00199951 0.00119368 1.65058e-06 0.285289 0.00429598 0.0107954 9.01596e-05 0.011108 0.674198 0.00249319 2.01229e-05 0.00495314 0.00356207 
0.00729475 0.000996169 7.85357e-09 0.105117 0.105767 0.00283242 7.42792e-05 0.0430393 0.686659 0.0461891 9.94829e-05 0.000762573 0.00116891 
0.0268989 0.00121389 0.000108256 0.310175 0.10377 0.0340431 0.00385138 0.0612689 0.382018 0.0527705 0.00018527 0.00588347 0.0178136 
0.103494 0.000511767 2.86636e-08 0.0834001 0.34186 0.00262054 0.0187732 0.0288564 0.408082 0.0113548 4.78723e-05 6.67741e-05 0.000931854 
0.00219942 0.000684167 4.92985e-07 0.0420165 0.00185472 0.00220083 8.03623e-07 0.0135683 0.903007 0.00192713 3.38256e-05 0.00675256 0.0257543 
0.0175446 0.00621984 1.29551e-05 0.0485275 0.00312195 0.00352119 0.00019343 0.0314328 0.756751 0.0625152 6.27811e-05 0.000840893 0.069256 
0.0680721 0.000689183 4.24443e-06 0.149271 0.242115 0.133842 0.000557388 0.0784986 0.295704 0.0136078 0.00532645 0.00516573 0.0071465 
0.00836453 0.000823621 3.08033e-07 0.0608237 0.00148953 0.0370285 2.06838e-05 0.0120345 0.865759 0.00156362 2.58687e-05 0.00749827 0.00456795 
0.0122933 0.00192186 9.55636e-08 0.0254497 0.0880908 0.400331 3.77648e-05 0.0184853 0.450651 0.000646353 0.00103426 0.000604691 0.00045404 
0.0148494 0.00112066 3.43952e-06 0.0156243 0.0857821 0.153481 4.83314e-07 0.054478 0.673064 0.000327976 0.00019981 0.000780453 0.000288102 
0.060924 0.0049265 6.59115e-06 0.240174 0.078467 0.0120926 0.00134807 0.0231511 0.536769 0.0118419 0.0111689 0.00718317 0.0119466 
0.0412123 0.01192 0.000471841 0.20437 0.0363388 0.0745273 0.00401151 0.0141994 0.558092 0.0450402 0.00229319 0.00104815 0.00647505 
0.00426629 0.000242838 2.86747e-09 0.0771932 0.112458 0.000197648 0.010445 0.163586 0.614 0.0159528 3.44359e-05 0.00126468 0.000358746 
0.0503615 0.000215317 2.44069e-06 0.163605 0.185388 0.00271304 5.13196e-05 0.121607 0.410053 0.0263955 2.41097e-05 0.0319461 0.00763817 
0.00920518 2.2034e-07 8.76546e-10 0.210094 0.130772 0.0154608 1.21688e-09 0.253577 0.3661 0.0146544 5.46612e-08 1.56885e-05 0.000121482 
0.00159341 0.000633894 4.40865e-05 0.168556 0.0033236 0.002959 1.01159e-05 0.0698217 0.400309 0.130626 5.07955e-05 0.180162 0.0419116 
0.0334362 0.000136897 1.15121e-05 0.0394975 0.00579882 0.009133 1.52996e-07 0.0308093 0.651656 0.199683 0.000347187 0.0119185 0.0175721 
0.0489571 0.000125638 2.63617e-08 0.238881 0.0345581 0.01846 2.58401e-06 0.0122946 0.633836 0.0118031 0.000362987 0.000459829 0.000258738 
0.0281093 0.000306847 1.25977e-05 0.1055 0.0126247 0.0317107 4.29593e-05 0.0265892 0.67556 0.0531419 0.00117644 0.0454568 0.019769 
0.0330979 0.00591503 1.79832e-06 0.236396 0.0131089 0.036598 0.000444363 0.0323398 0.526152 0.053567 9.90141e-05 0.0043249 0.0579558 
0.00108521 0.0012519 1.24144e-12 0.155528 0.0204207 0.157203 0.0036165 0.0248755 0.628234 0.00241029 0.000249806 0.00469434 0.000430639 
0.0520963 0.00072711 0.000416189 0.329168 0.0302517 0.0101134 0.00135702 0.0256482 0.474098 0.021941 0.0141802 0.0125468 0.0274563 
0.056414 0.0167126 6.82849e-07 0.0820681 0.111997 0.0300167 4.27217e-05 0.0685057 0.342085 0.270978 0.000972014 0.0181602 0.00204725 
0.182044 0.0107863 1.24482e-07 0.102184 0.197238 0.0368432 0.00396341 0.0372556 0.364517 0.0448331 0.00287452 0.0101934 0.0072675 
0.107443 0.00635262 3.79298e-08 0.0784573 0.012095 2.18578e-06 3.83713e-06 0.231099 0.268009 0.261334 5.16955e-06 0.00287416 0.0323237 
0.261725 0.00130872 1.0245e-05 0.206803 0.00383865 0.0505788 4.00055e-05 0.000495367 0.464976 0.00942656 5.82521e-05 8.99671e-05 0.000648812 
0.00615028 0.0060836 1.01989e-06 0.26405 0.0750683 0.0084671 3.44067e-05 0.12375 0.34164 0.158224 2.54683e-05 0.0110899 0.0054163 
0.0178114 0.0026744 7.21003e-05 0.211616 0.0903841 0.111475 0.00112518 0.0719699 0.420099 0.0298963 0.0188573 0.0105873 0.0134322 
0.253397 0.0229607 2.26664e-06 0.231978 0.110083 0.0323466 5.738e-06 0.0500408 0.280994 0.0096006 0.000146589 0.00016615 0.00827694 
0.00882566 0.000303991 2.0188e-06 0.0724683 0.199405 0.00139486 0.00408475 0.15171 0.403112 0.148129 0.00122189 0.000430263 0.00891159 
0.0230877 0.00319953 2.05093e-07 0.147778 0.0962387 2.0519e-07 2.05029e-07 0.117707 0.267642 0.199579 0.00355011 2.05147e-07 0.141216 
0.145539 0.000433123 4.7125e-05 0.159988 0.0188606 0.000622708 1.54614e-07 0.0114549 0.655998 0.000921503 1.62884e-06 0.000569378 0.00556422 
0.0240594 0.0065729 0.00751787 0.0645392 0.105074 0.0809495 6.48832e-05 0.268909 0.371619 0.0107571 0.000158018 0.0277811 0.0319981 
0.0100315 0.00147873 5.52774e-05 0.0883538 0.00279826 0.036 2.72222e-05 0.0103671 0.762949 0.0202178 0.000656786 0.0573096 0.0097548 
0.000531989 0.000269708 7.70404e-08 0.250214 0.00851924 0.00369204 7.70162e-08 0.0836581 0.578914 0.0270737 0.000901907 0.0138633 0.0323623 
0.101953 0.000711224 6.32108e-06 0.0861484 0.00487629 0.017173 4.52577e-06 0.0212262 0.756629 0.00257692 4.01748e-05 7.49151e-05 0.00857999 
0.00158992 0.000110285 1.08146e-08 0.023596 0.0105749 0.00761365 0.0019028 0.00154146 0.85971 0.00322547 0.0403253 0.0496511 0.000159039 
0.0233156 0.000497577 2.25911e-05 0.0884681 0.0352533 0.15223 0.00111412 0.0313111 0.587439 0.0192064 0.0349279 0.00778519 0.0184291 
0.0075481 1.08411e-05 1.64032e-05 0.0477471 0.00913849 4.24812e-05 0.00110699 0.0230131 0.588126 0.0190093 1.87528e-05 0.238231 0.0659914 
0.0106089 0.0114128 5.12209e-06 0.185254 0.0211334 0.02584 0.00021172 0.0333558 0.692741 0.010853 5.85403e-05 0.000128212 0.00839726 
0.00838722 0.00119891 1.67751e-06 0.228352 0.0172552 0.0098627 0.000710423 0.0923154 0.575321 0.0164349 5.06908e-05 0.00356613 0.0465437 
0.0958788 0.00318342 4.36048e-06 0.0832389 0.0302892 0.167363 0.000841147 0.0176433 0.597514 0.00322614 0.00028438 0.000132519 0.000400161 
0.0780365 0.00965154 5.93861e-06 0.154898 0.116581 0.0128183 0.000875435 0.126491 0.279259 0.133166 0.00257314 0.00570314 0.079941 
0.114861 0.000855582 0.000174124 0.168747 0.0613885 0.0158703 0.00101638 0.0362477 0.526689 0.0665657 0.000375527 0.00119407 0.0060152 
0.0436105 0.00578297 0.000166223 0.0756764 0.0763399 0.0518633 6.96212e-05 0.00934566 0.646586 0.00176381 0.0887198 2.91901e-05 4.63905e-05 
0.00356641 0.00606088 3.44387e-06 0.101197 0.00124625 0.0697152 1.68512e-09 0.000961582 0.815402 0.00132347 6.87457e-05 0.000297351 0.000157353 
0.0502693 0.0128434 0.00106309 0.351776 0.0144484 0.0726866 0.000480339 0.00549135 0.46838 0.0196941 0.000187265 0.000103417 0.00257616 
0.0112276 0.0081056 3.07191e-06 0.00916305 0.0856356 0.0228375 2.8889e-05 0.261047 0.348588 0.0244814 0.158358 0.00876311 0.0617601 
0.0156715 0.00411106 9.51987e-06 0.140364 0.00354506 0.0560774 4.82203e-06 0.00278238 0.757079 0.00421147 8.2974e-05 0.000317815 0.0157436 
0.0087219 0.0178144 7.15999e-06 0.209407 0.0241691 0.0433402 0.000529236 0.00420538 0.656769 0.0210142 6.63276e-05 1.56962e-05 0.0139406 
0.00721291 0.000851007 1.32847e-05 0.0757447 0.010062 0.00788581 0.00333713 0.0971827 0.419641 0.317291 0.0255749 0.0328428 0.0023606 
0.0011617 0.000255345 4.09899e-10 0.199639 0.00977046 1.75461e-07 6.07676e-12 0.000807835 0.785197 0.00288294 8.62182e-09 0.000279854 6.03335e-06 
0.123952 0.00991807 4.49854e-05 0.216069 0.0289153 0.00746755 0.00117541 0.0259871 0.53666 0.00528738 4.56294e-05 0.0184783 0.025999 
0.235747 0.00101994 2.7073e-05 0.0792186 0.20672 0.0037818 0.000209921 0.107213 0.292181 0.0692489 7.02843e-05 0.00114152 0.003421 
0.00498022 3.07107e-05 1.344e-09 0.0633547 0.00572891 0.000820316 7.91091e-07 0.084097 0.81161 0.0155276 0.00013045 0.0022848 0.0114347 
0.0133714 0.00114502 1.64273e-07 0.0414804 0.0064416 0.0350118 6.93679e-08 0.184805 0.706611 0.00997258 6.17901e-05 0.00109514 4.00167e-06 
0.0109 5.06902e-06 6.26154e-09 0.0807972 0.0103964 0.000171948 2.247e-08 0.0288166 0.856123 0.00284701 7.15486e-05 0.00228557 0.00758526 
0.0148916 0.00110511 2.82518e-07 0.106169 0.100233 0.00592662 1.3254e-05 0.217513 0.507029 0.0283438 8.77061e-06 0.00114596 0.0176208 
0.0262495 0.00260971 1.75933e-06 0.0420506 0.120563 0.000578082 0.000512841 0.112761 0.650302 0.0244258 3.95998e-05 0.00589759 0.0140078 
0.0193881 0.00629075 2.69295e-08 0.049906 0.00741104 0.00382899 0.000434316 0.111223 0.734711 0.0536326 1.43913e-05 0.00175392 0.0114065 
0.0145022 0.000732353 0.00174228 0.291088 0.0650984 0.0496625 0.00136468 0.0606463 0.451097 0.0403622 0.00176264 0.00580168 0.0161398 
0.00891741 0.00295204 1.50365e-05 0.174886 0.0020786 0.0525693 5.03051e-09 0.00400735 0.725348 0.00663823 0.000520765 0.00103726 0.0210303 
0.00158992 0.000110285 1.08146e-08 0.023596 0.0105749 0.00761365 0.0019028 0.00154146 0.85971 0.00322547 0.0403253 0.0496511 0.000159039 
5.80419e-06 0.000452544 2.87253e-12 0.0541915 0.000115627 0.00159233 7.82502e-09 9.21808e-08 0.942336 0.00114737 2.31717e-05 0.000105951 2.91649e-05 
0.0375729 0.000369363 0.00127932 0.2994 0.0577092 0.0125187 0.000134406 0.0725182 0.428287 0.0431797 0.00424264 0.00269462 0.0400939 
0.0129069 6.96062e-05 5.45012e-06 0.0620103 0.234781 0.017869 8.56974e-05 0.153574 0.47951 0.00634102 2.84723e-05 0.0185684 0.014251 
0.0259427 0.000957193 3.88846e-07 0.0267065 0.147214 0.0256 0.00821607 0.102184 0.655825 0.00642461 2.73462e-05 0.000186891 0.000715484 
0.0139852 0.000647915 3.22265e-06 0.121923 0.0858564 0.124424 4.0889e-06 0.0105309 0.642065 0.00033769 0.000191371 1.67694e-05 1.44875e-05 
0.00879576 0.321164 3.1241e-06 0.0815858 0.0480512 0.041629 0.0002707 0.0386793 0.354343 0.0837096 0.00018359 0.000934586 0.0206507 
0.00719572 0.000674575 6.02679e-08 0.0948746 0.00125578 0.00133751 1.04027e-08 0.0264607 0.843825 0.00777103 1.06939e-06 0.00949923 0.00710428 
0.0328238 0.00103929 1.63116e-06 0.0819012 0.00659406 0.00104316 4.66493e-06 0.0267959 0.752423 0.0443671 0.000182616 0.00649035 0.0463334 
0.0422818 0.00393705 2.25843e-06 0.160298 0.0522561 0.00515731 8.7704e-05 0.072653 0.396804 0.160796 0.00963354 0.00958451 0.0865085 
0.0617012 0.00330893 6.04907e-06 0.177945 0.0123921 0.02601 7.95571e-05 0.0167084 0.67129 0.00997636 4.4825e-05 0.00147203 0.0190657 
0.00108521 0.0012519 1.24144e-12 0.155528 0.0204207 0.157203 0.0036165 0.0248755 0.628234 0.00241029 0.000249806 0.00469434 0.000430639 
0.0123242 0.00050053 3.56583e-06 0.0510125 0.103134 0.0112672 0.00297053 0.152385 0.628101 0.0299254 0.00588519 0.00200839 0.000483072 
0.0373149 0.115259 1.6484e-05 0.0795142 0.126041 0.119622 0.000672934 0.130649 0.335217 0.0260379 0.00912103 0.00230461 0.0182305 
0.00722265 0.000341721 3.63716e-09 0.0528226 0.102388 0.00751453 0.0289783 0.00420707 0.795061 4.054e-05 1.01772e-07 3.11631e-05 0.00139145 
0.0100322 9.54719e-07 9.54757e-07 0.0913439 0.210201 9.55205e-07 9.54457e-07 0.03134 0.617045 0.039553 9.55242e-07 9.55007e-07 0.000478639 
0.0303512 0.00109355 2.41226e-07 0.318972 0.00337294 0.000701485 0.021504 0.0228918 0.419691 0.181148 3.95624e-05 1.61097e-07 0.000234677 
0.00204891 0.00196143 3.13007e-07 0.150645 0.108549 0.000556351 8.91579e-06 0.213028 0.470739 0.0154007 5.47888e-06 0.00405916 0.0329973 
0.00853668 0.031601 0.000604558 0.327883 0.00359875 0.0395468 0.000410331 0.00228194 0.55222 0.0312111 0.000107753 4.32277e-05 0.00195493 
0.0222302 0.00317352 1.15808e-08 0.33877 0.0216599 0.00773091 6.63952e-05 0.00782746 0.587048 0.00846714 1.56177e-05 0.000108403 0.00290296 
0.000901448 0.0169364 0.000740516 0.0437183 0.00283174 0.00550241 1.63335e-05 0.215821 0.648236 0.0298964 0.000897966 0.0155204 0.018981 
0.179244 0.0107682 3.57174e-07 0.00473385 0.0480897 0.00163975 0.000122385 0.026782 0.688735 0.0351001 0.000110679 2.44489e-07 0.00467355 
0.0100322 9.54719e-07 9.54757e-07 0.0913439 0.210201 9.55205e-07 9.54457e-07 0.03134 0.617045 0.039553 9.55242e-07 9.55007e-07 0.000478639 
0.0604922 0.000512221 4.51879e-05 0.187057 0.0343911 0.00991863 0.00035381 0.15702 0.486115 0.00468934 1.68219e-05 0.00415339 0.0552356 
0.00180007 0.000955191 7.58575e-07 0.0233679 0.000417293 0.00195214 1.67395e-06 0.0220294 0.887608 0.0010397 4.60405e-05 0.0115267 0.0492553 
0.000255703 1.0611e-07 6.19672e-09 0.195322 0.023812 5.97469e-08 2.2592e-05 0.122997 0.640267 0.00583183 1.35211e-08 0.0109225 0.000569901 
0.175826 0.0105946 0.00111958 0.0616506 0.238071 0.0142998 0.00827786 0.0772521 0.244828 0.017674 0.0061956 0.137023 0.00718816 
0.0911058 0.0022763 0.000174224 0.0426101 0.215508 0.142346 1.98784e-10 0.00126838 0.500965 0.000801399 9.03058e-06 2.09343e-05 0.00291512 
0.0227203 7.01315e-07 2.97746e-10 0.000340162 0.00575022 0.00175462 3.57343e-06 0.346133 0.385352 0.233809 5.28403e-05 1.73006e-06 0.00408197 
0.00534309 0.000155428 5.06875e-08 0.0741201 0.00172856 0.00152349 1.33878e-09 0.0152874 0.885071 0.000725159 8.0064e-06 0.0100602 0.00597752 
0.000531989 0.000269708 7.70404e-08 0.250214 0.00851924 0.00369204 7.70162e-08 0.0836581 0.578914 0.0270737 0.000901907 0.0138633 0.0323623 
0.0100474 1.80313e-05 2.729e-05 0.0412998 0.000880609 7.07604e-05 0.00184388 0.0285638 0.398322 0.012308 3.1216e-05 0.397049 0.109539 
0.00700939 0.000318872 4.82724e-08 0.386751 0.0696572 0.00224538 9.46841e-05 0.00473125 0.519293 0.00139536 7.75027e-06 0.00809833 0.000398257 
0.0193158 0.00382704 3.82823e-07 0.300721 0.0353983 0.00629563 0.00089547 0.10467 0.404967 0.0220188 0.00031716 0.0126491 0.0889243 
0.0328238 0.00103929 1.63116e-06 0.0819012 0.00659406 0.00104316 4.66493e-06 0.0267959 0.752423 0.0443671 0.000182616 0.00649035 0.0463334 
0.2325 0.00174707 9.57266e-05 0.26209 0.0316118 0.0351883 0.000291121 0.0295494 0.26277 0.128813 0.000423228 0.00403249 0.0108886 
0.0215416 0.00101897 0.000668564 0.0880098 0.0655067 0.0104858 0.00108927 0.0334201 0.7611 0.0102304 2.9404e-05 3.35467e-05 0.00686532 
0.0135588 0.00521745 0.00214777 0.135783 0.129879 0.00524147 0.000951398 0.244837 0.366903 0.0831173 3.9701e-05 0.00100634 0.0113176 
0.193303 0.000623635 4.02524e-06 0.161862 0.198959 0.0223018 0.034107 0.011263 0.323043 0.0533828 6.33497e-08 7.51877e-07 0.00114998 
0.00988633 0.0011452 9.79302e-07 0.0580359 0.16401 0.0218428 0.00818394 0.093997 0.630002 0.00414201 1.87256e-05 0.000312207 0.0084224 
0.0193731 0.00122379 1.73938e-05 0.0958426 0.0265681 0.353029 0.00152841 0.0231794 0.414575 0.0504165 0.00323823 0.00974769 0.0012607 
0.00799838 0.00106154 1.14455e-05 0.144009 0.0305853 0.0507294 0.00154615 0.0552635 0.478612 0.221144 0.000519188 0.00141688 0.00710279 
0.0454224 5.17943e-07 1.44314e-06 0.302378 0.0702854 2.49412e-06 0.000114529 0.106579 0.455291 0.0193356 2.56505e-07 0.00013594 0.000454467 
0.0523593 0.00107468 0.000139087 0.120117 0.0709563 0.0217628 0.00307944 0.0537643 0.647593 0.0174908 3.9441e-05 0.00721769 0.00440633 
0.00719572 0.000674575 6.02679e-08 0.0948746 0.00125578 0.00133751 1.04027e-08 0.0264607 0.843825 0.00777103 1.06939e-06 0.00949923 0.00710428 
0.00836453 0.000823621 3.08033e-07 0.0608237 0.00148953 0.0370285 2.06838e-05 0.0120345 0.865759 0.00156362 2.58687e-05 0.00749827 0.00456795 
0.0146303 0.000418055 0.000156375 0.0828417 0.130306 0.0223604 0.000612337 0.00783532 0.733988 0.00395129 0.000274135 0.000185162 0.00244147 
0.0111825 9.3715e-10 8.87432e-10 0.00616555 0.0405052 3.83778e-10 1.232e-09 0.00723642 0.792911 0.141999 3.42984e-10 6.07457e-10 4.95816e-07 
0.00620426 0.0105338 1.83654e-06 0.13082 0.257201 0.00613963 0.000771574 0.169803 0.331475 0.0491334 2.56073e-05 0.0336743 0.0042159 
0.00855472 0.00892712 9.22638e-06 0.171705 0.0147236 0.0472652 0.000128238 0.0237194 0.701798 0.00802828 5.2225e-05 0.000167565 0.0149216 
0.00254532 0.00288984 3.31045e-07 0.192192 0.0173371 0.0321284 2.10624e-05 0.0332988 0.585453 0.0312801 0.000665692 0.100544 0.00164391 
0.00480639 0.00344226 1.54004e-07 0.185258 0.0136928 0.201835 0.000779658 0.0357838 0.530755 0.00464222 0.000355563 0.00157825 0.01707 
0.00970365 0.000487835 2.27427e-05 0.0689889 0.0999141 0.000304231 2.48465e-10 0.171168 0.413768 0.233725 1.07499e-05 3.87746e-07 0.00190684 
0.000706065 0.000651496 2.8085e-11 0.0432424 0.0318186 6.79262e-08 3.89896e-11 0.0205242 0.896149 0.0053908 3.88526e-06 0.00151333 3.06769e-07 
0.09753 0.000610487 8.55078e-08 0.140658 0.0901434 0.0311641 0.000484963 0.1408 0.444573 0.0260945 0.00488968 0.000679501 0.0223709 
0.0270735 3.5712e-07 5.19924e-11 0.118892 0.164375 0.023364 5.19059e-09 0.143429 0.330062 0.10408 0.000236335 5.52586e-06 0.0884821 
0.0104854 0.00100742 2.53296e-05 0.109337 0.102112 0.074965 6.93976e-06 0.0473457 0.303967 0.193884 0.115465 0.0342005 0.00719875 
0.102959 0.000607871 0.000120205 0.19004 0.0114804 0.00571876 0.00144016 0.0215721 0.555853 0.00987103 6.89204e-05 0.0196059 0.0806621 
0.00206525 0.000102748 6.18893e-07 0.0710215 0.256616 0.0046599 0.000377668 0.128989 0.350701 0.112082 0.000364958 0.0618468 0.0111735 
0.0310724 0.000874334 2.46489e-05 0.293929 0.0444044 0.00734489 0.000278838 0.0383584 0.474603 0.0653341 0.0168983 0.00128152 0.0255959 
0.0182701 0.000215469 2.00737e-08 0.0418274 0.393053 0.0920903 0.0234327 0.0112364 0.411327 0.00616659 0.000769649 0.000364261 0.0012473 
0.00180007 0.000955191 7.58575e-07 0.0233679 0.000417293 0.00195214 1.67395e-06 0.0220294 0.887608 0.0010397 4.60405e-05 0.0115267 0.0492553 
0.197751 0.0014896 0.000135432 0.265766 0.0270752 0.00227673 8.99923e-06 0.0297417 0.452575 0.00879329 6.32891e-05 0.00170334 0.0126207 
0.265563 0.000815115 0.0144876 0.101141 0.111346 0.00132222 0.000152783 0.0524143 0.314202 0.0212738 0.0339108 0.0826012 0.000770678 
0.045068 0.000314775 1.9106e-05 0.0223126 0.00408238 2.12417e-07 0.00875706 0.0157551 0.578205 0.00598366 2.77924e-05 0.172394 0.14708 
0.00503467 0.000721395 4.21017e-06 0.170782 0.0175282 0.00611139 7.30327e-05 0.00805259 0.775384 0.00366975 4.11674e-05 0.000392384 0.0122059 
0.00279927 6.12423e-05 4.1646e-11 0.0604971 0.043564 0.000129522 5.78161e-11 0.079901 0.808704 0.00412059 2.34405e-07 0.000222547 1.95131e-07 
0.0471791 2.13784e-05 8.34696e-08 0.0997363 0.00609345 0.0124155 0.00887859 0.00434752 0.795887 0.00788196 0.000325083 0.017051 0.000182538 
0.00969837 0.00092344 0.000498354 0.152897 0.0935885 0.0960051 1.42966e-06 0.0770896 0.323844 0.235447 0.000330061 0.00114617 0.00853036 
0.093005 0.000248453 2.41546e-05 0.080864 0.0143612 0.00349922 0.000109321 0.0230358 0.753642 0.000271769 2.29891e-05 0.000119904 0.0307957 
0.00109934 0.00717483 5.33915e-12 0.134053 0.0137744 0.00560464 0.000267388 0.00210184 0.804464 0.00128692 2.53022e-05 0.0300387 0.000109864 
0.0199145 1.13714e-06 1.13719e-06 0.220667 0.105951 0.0059173 0.00375268 0.00330141 0.639352 1.13791e-06 0.000683798 0.000456134 1.13792e-06 
0.000255703 1.0611e-07 6.19672e-09 0.195322 0.023812 5.97469e-08 2.2592e-05 0.122997 0.640267 0.00583183 1.35211e-08 0.0109225 0.000569901 
0.0564316 0.000416891 3.38823e-07 0.0834314 0.00861933 0.000163301 0.00505706 0.347279 0.484202 0.00917283 7.40627e-07 0.00250055 0.00272551 
0.0173104 5.68931e-05 3.32959e-05 0.309659 0.00151833 0.00145293 3.40847e-06 0.00586553 0.639522 0.0235691 2.79913e-05 0.000535105 0.000446386 
0.00375867 0.00189975 4.41659e-10 0.00635228 0.0011052 0.00165733 1.00645e-06 0.329718 0.648919 0.00100096 3.22588e-06 0.00281922 0.00276473 
0.00245251 0.000517527 1.35356e-06 0.043049 0.162551 0.000611923 8.04756e-05 0.169965 0.596407 0.00665414 1.78151e-05 0.00523656 0.0124557 
0.0719229 0.00183195 3.29676e-05 0.199149 0.0945255 0.0266593 0.000363755 0.0212487 0.545755 0.0158513 0.00214401 0.000130475 0.0203851 
0.0588425 1.07596e-05 1.33567e-06 0.164306 0.271917 1.4914e-05 0.000566749 0.129645 0.34743 0.0256592 3.66426e-05 0.000479416 0.00109031 
0.139286 0.000269504 4.80031e-06 0.263579 0.0384182 0.0161583 1.20815e-05 0.0497411 0.399816 0.0361276 0.0550334 0.000444699 0.00110863 
0.00847493 0.00645935 4.79966e-07 0.328306 0.0323537 0.00151351 0.00213201 0.145552 0.439516 0.0139999 2.09406e-05 0.00887083 0.0128009 
0.00698006 8.51713e-05 9.80656e-07 0.0687176 0.0534123 0.186741 0.000803657 0.123064 0.473869 0.0574122 0.00402938 0.00105373 0.023831 
0.0628988 0.00119365 1.58551e-05 0.0481319 0.024957 0.00373136 0.00711889 0.0101489 0.752284 0.00483638 2.16427e-05 0.0539741 0.0306873 
0.00158992 0.000110285 1.08146e-08 0.023596 0.0105749 0.00761365 0.0019028 0.00154146 0.85971 0.00322547 0.0403253 0.0496511 0.000159039 
0.0175142 0.000600104 9.03663e-06 0.126028 0.00906661 0.00114212 0.00108708 0.0388138 0.742574 0.0211827 4.04341e-05 0.0102886 0.0316534 
0.0226949 0.00216836 2.05569e-08 0.0951118 0.213077 0.00884083 1.29773e-06 0.010208 0.631838 0.01516 1.03636e-05 0.000203641 0.000685594 
3.41693e-06 8.93415e-05 1.32028e-06 0.0299499 0.0172348 0.00147082 3.92099e-05 0.0329538 0.806947 0.000201469 1.67765e-05 0.0400172 0.0710747 
0.00722265 0.000341721 3.63716e-09 0.0528226 0.102388 0.00751453 0.0289783 0.00420707 0.795061 4.054e-05 1.01772e-07 3.11631e-05 0.00139145 
0.254178 0.00300238 1.46637e-06 0.0592574 0.0319267 0.00409038 0.000436172 0.00501003 0.619097 0.00198258 1.10024e-05 0.000189429 0.0208168 
0.031876 4.4371e-05 1.73076e-10 0.0607155 0.127878 0.00239637 5.01452e-05 0.0270738 0.746584 0.00272445 3.34352e-05 0.00017455 0.000449472 
0.00342932 0.000177426 0.000927736 0.293056 0.0955507 6.04222e-08 0.000140757 0.0236567 0.478049 0.096235 2.53414e-05 1.89825e-06 0.0087494 
0.0765084 0.00647521 7.95946e-10 0.0450523 0.32281 2.41766e-08 0.000578453 0.0182007 0.431537 0.0971316 3.07625e-10 8.57576e-06 0.00169768 
0.0987003 0.000131527 0.000107062 0.302162 0.000237931 0.000871438 6.55074e-06 2.52087e-05 0.588323 0.00848311 1.34201e-05 0.000421853 0.000516061 
0.00750284 9.34367e-05 8.9844e-10 0.0260906 0.0893413 0.0165801 0.00312963 0.00619107 0.849568 0.00131264 0.000188096 1.69831e-06 1.80686e-07 
0.0122933 0.00192186 9.55636e-08 0.0254497 0.0880908 0.400331 3.77648e-05 0.0184853 0.450651 0.000646353 0.00103426 0.000604691 0.00045404 
0.0668294 0.000579088 7.2885e-06 0.220101 0.00515014 0.0109542 0.00174862 0.0354699 0.625607 0.00291105 6.88264e-05 0.00259409 0.0279789 
0.00198987 0.000111485 1.61241e-07 0.228701 0.133842 0.00171451 0.00138118 0.0766091 0.435149 0.00479772 1.00276e-08 0.000628416 0.115077 
0.263653 0.000172183 7.0027e-08 0.109253 0.0420525 0.0188322 0.000528835 0.0135321 0.528408 0.00382683 0.00234268 0.00019816 0.017201 
0.00825463 1.78832e-05 4.22357e-08 0.34725 0.0812324 0.000192954 1.50795e-05 0.0617086 0.473832 0.00251892 8.42089e-07 0.00028744 0.0246896 
0.0255067 0.000593917 5.50245e-05 0.104003 0.0271812 0.0116308 0.0039225 0.0704124 0.718721 0.0295809 2.70196e-05 0.00318576 0.0051796 
0.00978333 9.1664e-08 9.43388e-12 0.0298031 0.00749962 4.40655e-08 1.57293e-08 0.0098522 0.940258 0.00280316 3.6461e-12 1.16244e-07 1.2427e-07 
0.000999177 0.000765511 2.32783e-10 0.371798 0.000661289 1.00219e-07 1.60779e-12 2.25524e-05 0.624551 0.000359858 4.92408e-09 0.000839257 3.87854e-06 
0.0100474 1.80313e-05 2.729e-05 0.0412998 0.000880609 7.07604e-05 0.00184388 0.0285638 0.398322 0.012308 3.1216e-05 0.397049 0.109539 
0.00328344 0.000588862 1.88177e-06 0.172365 0.0690054 0.0117712 0.000414839 0.0327391 0.668184 0.0219838 4.41318e-05 0.00424319 0.0153748 
0.021136 0.00168249 0.00014144 0.175125 0.107143 0.0108409 0.00034457 0.0700152 0.468959 0.092065 0.000441934 0.03055 0.021555 
0.0421086 0.000264468 2.77537e-08 0.0693537 0.369653 0.0260593 2.85976e-05 0.0307896 0.451105 0.0056102 0.00270135 2.09765e-06 0.002324 
0.00105981 0.00611281 1.55746e-09 0.133381 0.0302473 0.0125551 0.00345803 0.00939655 0.77189 0.00138985 3.1338e-05 0.0296781 0.00080076 
0.00426629 0.000242838 2.86747e-09 0.0771932 0.112458 0.000197648 0.010445 0.163586 0.614 0.0159528 3.44359e-05 0.00126468 0.000358746 
0.117974 0.00542199 4.37395e-10 0.159138 0.0673438 0.00258199 6.07223e-10 0.00321345 0.642855 0.000759228 0.00011551 0.000211562 0.000385575 
0.0102868 3.11262e-07 3.40869e-09 0.0395406 0.0350961 3.68591e-07 5.65157e-05 0.0452799 0.836094 0.00276079 2.06622e-08 1.43198e-05 0.03087 
0.0100474 1.80313e-05 2.729e-05 0.0412998 0.000880609 7.07604e-05 0.00184388 0.0285638 0.398322 0.012308 3.1216e-05 0.397049 0.109539 
0.0270448 0.00354833 0.000110023 0.0348971 0.182839 0.208155 0.00111648 0.0779689 0.387305 0.0368492 0.0208075 0.00269225 0.0166656 
0.00222445 0.0124161 0.000121288 0.30064 0.0141224 0.00112623 3.20591e-05 0.0392083 0.328649 0.297368 0.000205307 0.00380899 7.75416e-05 
0.0298588 0.000942963 2.98756e-06 0.0169004 0.0388066 0.142057 1.65411e-05 0.118046 0.568532 0.0464077 0.00125905 0.000558974 0.036612 
0.103393 0.171192 2.22211e-05 0.0399554 0.0739254 0.156231 0.00113297 0.0218362 0.407676 0.014779 0.00327087 0.000884486 0.00570193 
0.00990597 0.000439166 0.000126396 0.170308 0.0325616 0.00646164 0.000844224 0.345965 0.386356 0.0233752 5.75792e-05 0.0150084 0.00859107 
0.0100322 9.54719e-07 9.54757e-07 0.0913439 0.210201 9.55205e-07 9.54457e-07 0.03134 0.617045 0.039553 9.55242e-07 9.55007e-07 0.000478639 
0.0104381 0.00227986 1.81051e-05 0.22078 0.0824042 0.00763983 0.00045111 0.0543321 0.611049 0.00309095 0.00055386 0.00306124 0.00390199 
0.0810507 0.00228029 3.11984e-05 0.178234 0.163246 0.00235295 1.58829e-10 0.0685637 0.369178 0.0691024 0.0622658 0.00321488 0.000480094 
0.0351877 0.00249431 0.000996909 0.20751 0.0940965 0.0137329 0.00120778 0.123492 0.376998 0.108981 0.00482154 0.00766467 0.0228154 
0.179661 0.000354311 1.95171e-06 0.0814887 0.0589498 0.0579422 0.000519411 0.00572924 0.55913 0.0103851 0.045581 0.000209808 4.75002e-05 
0.204715 0.00301613 8.89653e-05 0.111782 0.178737 0.0341061 0.00118986 0.110693 0.232137 0.0812812 0.00255187 0.0182718 0.0214299 
0.00478154 6.10706e-05 6.76149e-08 0.182319 0.318708 0.00143534 3.16028e-05 0.0487367 0.405561 0.0349043 2.33684e-06 0.00106924 0.00239066 
0.0120899 0.000496815 1.66508e-07 0.0640738 0.00287804 0.0201622 1.5505e-05 0.0134209 0.877203 0.001941 1.38665e-05 0.0043845 0.00332071 
0.0302681 0.00251468 3.65455e-05 0.19953 0.123927 0.0125007 0.0018318 0.115408 0.468328 0.0222607 0.00195039 0.00476509 0.0166787 
0.0269212 0.0364831 8.85623e-06 0.217267 0.0834904 0.011642 0.00232087 0.120556 0.364798 0.0334895 0.00377596 0.0589509 0.0402969 
0.00577934 0.000889041 1.28462e-06 0.0660921 0.0107347 0.0179005 0.0014228 0.00505022 0.837815 0.0170855 0.0182511 0.0118157 0.00716283 
0.0287574 0.00278628 0.000108187 0.161067 0.0910807 0.0674286 0.000578536 0.0358545 0.465187 0.115138 0.0137415 0.0113032 0.00696968 
0.0498261 0.00156577 1.7018e-07 0.285129 0.050223 0.00183898 0.000204322 0.0714433 0.511519 0.0151217 1.70267e-07 0.00306423 0.0100643 
0.00808174 0.000467235 0.000162789 0.127413 0.281497 0.0237599 0.00114896 0.0016216 0.548036 0.00255822 0.00292456 0.00104733 0.0012819 
0.00854685 0.00111736 2.65865e-05 0.0590238 0.0257928 0.0756223 0.00234493 0.0234674 0.75942 0.00678222 0.000191387 0.00881709 0.0288475 
0.00616554 0.00230433 1.36158e-06 0.0429543 0.0129706 0.0148778 0.000633845 0.131661 0.6098 0.0255762 0.000810027 0.0456404 0.106605 
0.00147909 0.00110396 1.50749e-07 0.247597 0.0282743 0.00166228 5.73119e-08 0.0439097 0.629227 0.00299321 4.57252e-06 0.0106801 0.0330687 
0.0400738 0.00121378 0.000952251 0.101614 0.040773 0.017145 0.00203963 0.138872 0.300808 0.271773 0.00229728 0.0117363 0.0707016 
0.0373759 0.245838 2.00928e-05 0.156724 0.0395172 0.0383854 0.00036616 0.0444733 0.271131 0.103193 0.0498636 0.0058956 0.00721698 
0.00990597 0.000439166 0.000126396 0.170308 0.0325616 0.00646164 0.000844224 0.345965 0.386356 0.0233752 5.75792e-05 0.0150084 0.00859107 
0.00912947 0.000106864 2.59508e-07 0.220283 0.207326 0.168522 0.00111829 0.0287087 0.239493 0.0363654 0.0875802 0.000853265 0.000514669 
0.00292628 0.0295395 4.94255e-08 0.203603 0.0565611 0.00263845 5.67973e-08 0.213643 0.320473 0.15287 0.000145057 0.0165828 0.00101782 
0.0173852 0.00082614 0.000374102 0.270859 0.0772141 0.0460795 0.00253779 0.135975 0.349898 0.0619006 0.0193363 0.0125394 0.00507525 
0.00290054 9.28894e-05 1.25172e-11 0.143613 0.0157566 0.000921901 0.000646638 0.0125959 0.815678 0.00648161 1.06078e-05 0.00101026 0.000291769 
0.0669243 7.88281e-05 8.61809e-07 0.329035 0.0219521 1.48381e-06 3.78302e-07 0.0556774 0.521639 0.00135371 1.44718e-08 0.00315957 0.000177213 
0.0373756 0.000933158 1.02901e-05 0.354402 0.00926188 0.147653 0.00307907 0.00293317 0.389422 0.00541166 0.000187726 0.000459607 0.0488707 
0.0480284 0.000617228 2.28472e-11 0.0436681 0.0065442 0.00191628 0.000393678 0.0477436 0.80387 0.00949343 0.00011973 0.0031947 0.0344102 
0.0515042 0.00156509 1.35124e-07 0.0077634 0.0410756 0.351412 0.000141313 0.0234453 0.421209 4.69967e-05 0.000244082 7.77087e-05 0.101515 
0.0171864 0.0144035 2.28253e-06 0.173788 0.0359822 1.23984e-05 0.000126717 0.0162025 0.740615 0.00128783 1.36417e-05 0.000155966 0.000223296 
0.0708626 0.00423509 0.000109632 0.261523 0.0974181 0.00516876 0.00572258 0.12388 0.272049 0.114261 0.000237507 0.0133158 0.0312166 
0.0467158 0.000953999 0.00696895 0.18168 0.0932067 0.00602709 0.000441057 0.0977114 0.461372 0.0813636 0.000182301 0.00123035 0.0221467 
6.81582e-06 0.0655779 1.03192e-08 0.183857 5.33847e-05 0.00930066 0.00856921 0.0800064 0.487927 0.138115 7.94787e-07 0.0226145 0.00397206 
0.0322282 0.00263604 0.00102881 0.0653371 0.130887 0.0128006 0.00116573 0.10524 0.613718 0.0192816 0.000252292 0.0139848 0.00143901 
0.0344189 0.00963068 0.000313683 0.289627 0.0158136 0.0444744 0.000240158 0.0156182 0.558031 0.0235243 0.000171362 0.000114064 0.00802258 
0.01952 0.000711322 5.19514e-08 0.17787 0.0887582 0.0741347 5.76565e-05 0.0391763 0.279878 0.220083 1.36321e-05 0.0980215 0.00177536 
0.126418 0.0171297 0.000222299 0.0806074 0.0736071 0.00591162 0.00495068 0.133665 0.344796 0.0818748 0.000123622 0.0589283 0.071766 
0.00645052 0.00175298 4.04896e-08 0.198732 0.0423532 0.00158995 2.49202e-06 0.0103983 0.720458 0.00610456 0.000184417 0.00048199 0.0114916 
0.0141585 0.000418651 1.42232e-08 0.1524 0.0116699 0.0482548 0.000770885 0.000809845 0.770925 0.000539915 2.4148e-05 1.70516e-05 1.06584e-05 
0.00388982 0.00202139 5.38841e-09 0.123325 0.219941 0.000439078 0.00119356 0.0486484 0.564165 0.0340067 0.000171065 1.79979e-05 0.00218183 
0.0207792 0.000517773 0.00184029 0.0642985 0.0403154 0.0072699 0.336911 0.0595202 0.346088 0.1145 0.0018037 0.00397294 0.00218409 
0.0122933 0.00192186 9.55636e-08 0.0254497 0.0880908 0.400331 3.77648e-05 0.0184853 0.450651 0.000646353 0.00103426 0.000604691 0.00045404 
0.00351112 0.00888215 5.31883e-08 0.17611 0.271472 0.0129298 0.0267381 0.0102907 0.484119 0.00462156 9.82058e-05 0.000311331 0.000916048 
0.018766 0.00179627 0.000134894 0.309567 0.0443441 0.0774219 0.00492254 0.0256481 0.402675 0.0746485 0.00850842 0.0251111 0.00645597 
0.0023329 0.00157937 5.46021e-08 0.234766 0.0736693 0.00611373 0.000487701 0.0630093 0.609363 0.00239899 2.19593e-05 0.00378822 0.00246922 
0.151722 0.00040014 9.73887e-08 0.219883 0.10691 0.00524078 0.000355695 0.0466529 0.397662 0.00369884 2.05972e-05 0.000901555 0.0665527 
0.00255923 0.000251058 8.25915e-06 0.245377 0.0252078 0.0137069 0.000316912 0.157407 0.400687 0.150701 0.000145093 0.00216531 0.00146783 
0.00180007 0.000955191 7.58575e-07 0.0233679 0.000417293 0.00195214 1.67395e-06 0.0220294 0.887608 0.0010397 4.60405e-05 0.0115267 0.0492553 
0.0104149 0.00553358 1.3475e-06 0.127731 0.112915 0.151819 2.20486e-05 0.0612464 0.465793 0.0619997 0.000423672 0.00100491 0.00109551 
0.0263478 0.00192189 0.000565187 0.276882 0.00293207 0.0362809 5.63628e-06 0.00302217 0.607781 0.0155895 0.000302607 0.000760282 0.0276085 
0.0172662 1.21891e-05 5.49099e-05 0.353554 0.0170191 0.000168445 4.36607e-05 0.0678802 0.493466 0.0299603 3.37724e-05 0.00992819 0.0106127 
0.00180007 0.000955191 7.58575e-07 0.0233679 0.000417293 0.00195214 1.67395e-06 0.0220294 0.887608 0.0010397 4.60405e-05 0.0115267 0.0492553 
0.0558095 0.00669771 0.000485767 0.354755 0.0309674 0.0442309 0.00198274 0.00299782 0.489022 0.0117038 0.000122805 3.90707e-05 0.00118555 
0.000787723 0.000358937 7.08987e-09 0.0580399 0.0256717 6.7544e-08 0.00479298 0.136687 0.751529 0.0136568 1.53112e-08 0.00413059 0.00434496 
0.150123 0.00532568 0.000346876 0.230573 0.0594156 0.00140043 1.10157e-05 0.143526 0.33 0.0372272 0.00483499 0.0121548 0.0250621 
0.0159668 0.000444818 5.96751e-10 0.137283 0.0224363 0.0829989 6.35469e-07 0.0219336 0.646716 0.00720393 0.012856 0.0255011 0.0266585 
0.00279437 0.00168192 6.15534e-08 0.0582963 0.00166963 0.00563357 7.40594e-06 0.00313491 0.919219 0.00144424 4.00881e-05 0.000446776 0.00563147 
0.0195064 0.00264159 0.125616 0.0708327 0.0465513 0.00702161 0.0020616 0.261799 0.283466 0.0528709 0.00179762 0.062414 0.0634221 
0.00978333 9.1664e-08 9.43388e-12 0.0298031 0.00749962 4.40655e-08 1.57293e-08 0.0098522 0.940258 0.00280316 3.6461e-12 1.16244e-07 1.2427e-07 
0.000519875 0.0038345 2.79652e-09 0.187185 0.0103133 0.000909314 7.42002e-05 0.0232818 0.707014 0.0599607 3.82272e-05 0.00400856 0.00286023 
0.0372861 0.000887906 2.32648e-11 0.0136367 0.135587 0.00943777 2.49397e-09 0.060703 0.740647 0.000925208 0.000113537 0.00048581 0.000289276 
0.196236 8.68795e-05 3.3805e-11 0.0303079 0.0458071 0.00353775 4.69306e-11 0.0191169 0.703431 0.000920468 2.67365e-05 2.31399e-11 0.000529009 
0.0688781 0.00198789 8.52052e-06 0.215291 0.101159 0.0443311 0.00090247 0.0612722 0.479538 0.0116994 0.00114737 0.000419777 0.0133651 
0.0769375 0.0768861 0.0768891 0.0769464 0.0769452 0.0769252 0.0768649 0.0769455 0.0769467 0.0769376 0.0769282 0.0769093 0.0769384 
0.0137089 0.000338761 1.50323e-09 0.267424 0.00254336 0.00383728 2.65567e-08 0.131072 0.346492 0.00264925 5.34185e-09 0.190202 0.0417331 
0.0289882 0.00212534 0.000639003 0.143444 0.256353 0.0505581 0.00593672 0.0538071 0.271345 0.0342455 0.12979 0.00305929 0.019709 
0.00762041 0.000440884 1.55107e-10 0.301208 0.0419991 0.149329 0.00581955 0.028732 0.379161 0.00565813 0.00673345 0.016844 0.0564533 
0.00199951 0.00119368 1.65058e-06 0.285289 0.00429598 0.0107954 9.01596e-05 0.011108 0.674198 0.00249319 2.01229e-05 0.00495314 0.00356207 
0.0707867 0.00269799 5.92127e-05 0.249353 0.120765 0.0639342 2.30418e-06 0.106891 0.331022 0.0453351 0.000406282 4.15592e-06 0.00874291 
0.006224 0.00246171 1.74354e-06 0.0706917 0.0156586 0.115921 7.22823e-05 0.18746 0.583685 0.0126354 0.000472935 0.000893724 0.00382164 
0.0720339 0.00647901 0.000286239 0.196107 0.231992 0.0903638 0.000124582 0.0250936 0.354304 0.0194686 0.000168312 0.000301587 0.00327685 
0.066701 0.0335809 2.26793e-05 0.146813 0.13252 0.00685053 0.00583682 0.0376087 0.444868 0.090126 9.24503e-05 0.00488888 0.0300919 
0.0271879 0.00378783 0.000315988 0.121922 0.0269672 0.00748254 0.00131729 0.119751 0.344056 0.306956 0.000153755 0.00668634 0.0334155 
0.00672335 0.00408672 4.88184e-08 0.151128 0.152929 0.0342268 8.1515e-05 0.0401676 0.528722 0.0547324 0.000779814 0.0260621 0.000361113 
0.00158992 0.000110285 1.08146e-08 0.023596 0.0105749 0.00761365 0.0019028 0.00154146 0.85971 0.00322547 0.0403253 0.0496511 0.000159039 
0.0446296 0.00422008 9.16138e-05 0.146806 0.0728498 0.0110024 0.00550593 0.21382 0.38872 0.0751988 0.000957006 0.0107069 0.0254925 
