0.0131144 0.00049946 3.16985e-06 0.131672 0.0847594 0.00184931 0.009467 0.0393968 0.533466 0.0485214 5.33326e-06 0.1266 0.0106459 
0.0230877 0.00319953 2.05093e-07 0.147778 0.0962387 2.0519e-07 2.05029e-07 0.117707 0.267642 0.199579 0.00355011 2.05147e-07 0.141216 
0.00205773 0.00358457 0.000557523 0.183925 0.128763 5.75888e-05 8.4553e-05 0.0141943 0.587878 0.0736006 1.52251e-05 3.27944e-05 0.00524999 
0.00701955 0.0963274 1.06514e-11 0.181151 0.0523842 0.0478435 0.00320705 0.0235458 0.474671 0.0847296 0.000860452 0.00070003 0.0275604 
0.0280496 0.00505543 3.29529e-05 0.133827 0.206897 0.163964 0.00434322 0.0587298 0.368913 0.0175496 0.000182147 0.00549242 0.00696444 
0.0921631 0.00497743 0.109198 0.230635 0.0781715 0.0523439 0.00271204 0.0599931 0.280031 0.0771745 0.00147447 0.00131828 0.0098081 
0.00891741 0.00295204 1.50365e-05 0.174886 0.0020786 0.0525693 5.03051e-09 0.00400735 0.725348 0.00663823 0.000520765 0.00103726 0.0210303 
0.0561916 0.00258502 8.76339e-05 0.313372 0.00386546 0.0378634 0.000763486 0.0020732 0.545161 0.0160089 6.89531e-05 0.000244857 0.0217154 
0.0646619 0.00365304 5.2382e-06 0.253676 0.0298186 0.0294082 0.000127261 0.0222263 0.563323 0.00534895 3.08437e-05 0.00616902 0.0215512 
0.00158992 0.000110285 1.08146e-08 0.023596 0.0105749 0.00761365 0.0019028 0.00154146 0.85971 0.00322547 0.0403253 0.0496511 0.000159039 
0.0477422 0.00175826 2.09126e-05 0.325527 0.104713 0.00709239 0.00100972 0.0906595 0.3664 0.0296614 0.00643655 0.00280862 0.0161709 
0.13236 0.00144868 1.81207e-05 0.046568 0.19361 0.0216682 0.00489906 0.0277697 0.559169 0.00448018 6.37294e-05 0.00281129 0.00513354 
0.00014398 1.22094e-05 1.21885e-07 0.0374269 0.0139781 2.14436e-06 0.00725598 0.269502 0.571057 0.0995446 6.88357e-06 0.000197733 0.000872475 
0.0434426 0.252945 0.000462873 0.276665 0.0251932 0.0317423 0.000575331 0.01231 0.288791 0.0279182 0.000810624 0.00590828 0.0332354 
0.0198387 0.177935 5.28532e-05 0.129109 0.224006 0.0810707 0.00109979 0.0411765 0.243655 0.0170439 0.0477921 0.00103992 0.0161809 
0.00350433 0.348279 0.000417886 0.0215956 0.0190144 8.17567e-05 0.00125802 0.113797 0.363795 0.12296 0.000604546 0.00290705 0.00178553 
0.0739674 0.000934783 0.000317143 0.0704032 0.0595808 0.00580453 0.000953161 0.0239085 0.740605 0.0058579 7.90472e-05 0.0102649 0.00732409 
0.0883713 0.000465546 1.94483e-05 0.154687 0.101057 0.0455674 0.0463163 0.110282 0.384715 0.0023342 3.28019e-05 0.00164371 0.0645077 
0.0299303 0.00149487 2.79768e-06 0.163552 0.0168931 0.0214962 2.28024e-05 0.239694 0.391395 0.0157574 0.000154192 0.00155935 0.118048 
0.0256011 0.000457451 3.3667e-08 0.0689092 0.0151101 0.291615 0.00174919 0.031656 0.50447 0.0117828 0.00856745 0.00830037 0.0317817 
0.0703886 0.00250122 3.05238e-05 0.179543 0.00702953 0.00504507 2.325e-05 9.21244e-05 0.718298 0.0164696 1.65149e-05 0.000101153 0.000461493 
0.000120032 1.02657e-05 1.60975e-12 0.355783 0.000900553 0.00116149 6.18313e-09 0.00690615 0.611251 0.0230979 2.10411e-05 0.000334238 0.000414806 
0.0697334 1.01688e-05 1.5584e-07 0.314229 0.0286418 0.00402285 2.62955e-10 0.152778 0.415961 0.0138177 2.80843e-06 4.59463e-05 0.000758195 
0.00151125 8.48873e-05 3.18497e-09 0.00105656 0.197707 1.37737e-09 0.00198346 0.12251 0.673766 0.00131029 1.23096e-09 3.52227e-05 3.5028e-05 
0.129301 0.00579878 2.19572e-08 0.179394 0.110193 0.0174722 0.000628081 0.00327143 0.536268 0.0129046 1.065e-05 0.000212562 0.0045455 
0.0194944 0.00425737 1.40704e-06 0.106469 0.111537 0.22951 0.00139264 0.0379497 0.397419 0.0580762 0.0329035 0.000561937 0.000426811 
0.00836453 0.000823621 3.08033e-07 0.0608237 0.00148953 0.0370285 2.06838e-05 0.0120345 0.865759 0.00156362 2.58687e-05 0.00749827 0.00456795 
4.51739e-08 0.000933409 2.03177e-10 0.0945547 0.0136686 0.0578154 0.000664166 0.0125594 0.726549 0.0328167 7.03488e-08 0.0604379 6.42795e-07 
0.000594053 0.000130296 1.56995e-05 0.187584 0.0173118 0.000362836 0.000430937 0.0293063 0.75456 0.0011721 2.63905e-05 0.00498525 0.00351975 
7.04848e-05 3.26103e-06 1.33148e-09 0.087027 0.00623664 0.000526757 4.90834e-09 0.0483225 0.763677 0.088774 1.15397e-06 0.00130987 0.00405084 
0.0750276 0.000489172 2.79816e-07 0.11528 0.0245327 0.0632815 0.00143489 0.0199536 0.498801 0.00262651 0.00319769 0.00804688 0.187328 
0.00836453 0.000823621 3.08033e-07 0.0608237 0.00148953 0.0370285 2.06838e-05 0.0120345 0.865759 0.00156362 2.58687e-05 0.00749827 0.00456795 
0.0130797 2.9545e-05 3.87664e-09 0.245999 0.0175914 0.0527317 7.30417e-06 0.0251129 0.537705 0.101218 4.50332e-05 0.000250364 0.00623016 
9.91909e-05 0.00027478 1.69078e-10 0.0958734 0.00399122 0.000405227 2.696e-05 0.079275 0.735016 0.0218477 4.65237e-06 0.0628394 0.000346092 
0.0106686 0.00470672 4.02423e-07 0.0657526 0.036362 0.00790156 0.0100092 0.0987305 0.693489 0.0334384 0.000957936 0.0248096 0.0131734 
0.0258701 0.000262098 0.135468 0.0477095 0.0511312 0.288521 2.21527e-05 0.00332428 0.37989 0.0617307 0.00441651 0.000351125 0.00130401 
0.00383393 0.00211639 0.000219621 0.076302 0.0262213 0.00125254 0.000133926 0.0379923 0.779283 0.0456061 0.00287275 0.0033108 0.0208555 
3.16917e-05 6.74457e-06 1.24252e-06 0.102642 0.0735672 1.36073e-06 7.36595e-06 0.0104892 0.79177 0.00425274 2.74369e-07 0.000328032 0.0169022 
0.15432 0.000290409 1.6444e-08 0.182649 0.0636287 0.00885113 2.19412e-05 0.206688 0.228141 0.143342 2.90145e-08 0.0113306 0.000737 
0.00849848 0.00088202 3.0206e-11 0.222043 0.0128576 0.0114079 5.04604e-05 0.0224214 0.649853 0.0280933 5.16537e-05 0.0425769 0.00126435 
0.0775532 0.00202594 2.40373e-06 0.220521 0.165843 0.000377158 0.00351899 0.126744 0.376867 0.0212392 1.20517e-05 0.000318381 0.00497873 
0.0283298 0.00840974 5.62846e-05 0.0742496 0.0781151 0.0196342 0.000512631 0.0554444 0.571808 0.022529 0.000521519 0.139484 0.00090632 
0.0120899 0.000496815 1.66508e-07 0.0640738 0.00287804 0.0201622 1.5505e-05 0.0134209 0.877203 0.001941 1.38665e-05 0.0043845 0.00332071 
0.101453 0.00166558 4.17306e-05 0.238284 0.0154267 0.0327212 0.000223253 0.0527389 0.441873 0.067748 0.000253323 0.0433703 0.00420161 
0.0292103 0.00350872 0.00243367 0.124416 0.275655 0.0537671 0.0059604 0.17107 0.308117 0.01206 0.00659233 0.00348691 0.00372201 
0.035571 0.000656811 2.20302e-05 0.0556315 0.0738276 0.023118 0.00475172 0.0225806 0.779746 0.00210528 6.66084e-05 4.19664e-05 0.0018808 
0.00729475 0.000996169 7.85357e-09 0.105117 0.105767 0.00283242 7.42792e-05 0.0430393 0.686659 0.0461891 9.94829e-05 0.000762573 0.00116891 
0.00784341 0.000309464 1.16304e-05 0.158198 0.00126867 0.000650638 0.000737779 0.0139654 0.582061 0.0105514 4.19995e-05 0.178843 0.0455175 
0.0060972 2.21352e-05 8.37416e-07 0.287454 0.0613581 0.00410029 4.28159e-07 0.301648 0.314243 0.0105541 1.4716e-06 0.000162467 0.0143567 
0.152611 0.000804892 6.15233e-06 0.0888798 0.263573 0.000633977 2.73484e-08 0.0476411 0.40932 0.0357011 0.000101832 3.26836e-05 0.000695096 
0.0526101 0.0210374 0.0358161 0.0466651 0.159131 0.00201442 0.0033139 0.242472 0.286188 0.145204 0.0005717 0.00468925 0.000287796 
0.133026 0.00149308 5.24734e-06 0.244533 0.0787604 0.00813412 0.000547532 0.0246334 0.473398 0.0110028 0.00609487 0.00114671 0.0172255 
0.00687456 0.000436243 2.25422e-06 0.0838516 0.152662 0.00176069 5.50443e-06 0.258559 0.291761 0.0760181 0.00543163 0.115658 0.00697911 
0.063225 0.000199806 5.93815e-09 0.199357 0.00187175 0.00425904 4.18111e-08 0.0112852 0.696805 0.00939312 1.89993e-05 0.000938765 0.0126464 
0.0975097 0.000780102 1.87293e-05 0.092591 0.13041 0.0718346 0.00102669 0.0663419 0.358944 0.165655 0.000198706 0.000906309 0.0137841 
0.00836453 0.000823621 3.08033e-07 0.0608237 0.00148953 0.0370285 2.06838e-05 0.0120345 0.865759 0.00156362 2.58687e-05 0.00749827 0.00456795 
0.0141028 0.00184573 0.000512557 0.0558523 0.0851787 0.0123153 9.90688e-05 0.0498712 0.756634 0.0213584 4.41041e-06 0.000973179 0.00125221 
0.0148494 0.00112066 3.43952e-06 0.0156243 0.0857821 0.153481 4.83314e-07 0.054478 0.673064 0.000327976 0.00019981 0.000780453 0.000288102 
0.0146303 0.000418055 0.000156375 0.0828417 0.130306 0.0223604 0.000612337 0.00783532 0.733988 0.00395129 0.000274135 0.000185162 0.00244147 
0.125493 0.00225724 0.000711717 0.0921738 0.153469 0.00571205 0.00223235 0.102557 0.431188 0.0730737 0.00784831 0.000861526 0.00242227 
0.00217948 0.00161923 4.26187e-08 0.046962 0.002185 0.00375597 4.96248e-06 0.00286418 0.933428 0.00247059 7.70301e-05 0.000297947 0.00415521 
0.0136067 0.000115766 1.06959e-09 0.040697 0.00139175 0.000772043 2.14528e-08 0.00281138 0.930911 0.00599575 7.09273e-06 0.000334115 0.00335782 
0.0669944 0.0029391 3.39929e-06 0.0888697 0.0317069 0.0669815 1.06816e-05 0.0461071 0.669852 0.00928282 0.000315928 0.0111069 0.0058292 
0.00023974 0.00729085 5.38861e-10 0.007689 0.0436564 0.279879 1.04063e-06 0.0548115 0.374812 0.223961 9.16734e-06 3.68856e-10 0.00764988 
0.0457026 0.000316845 1.96402e-05 0.0584677 0.137608 0.149345 3.48537e-08 0.0385227 0.496651 0.00185278 0.000260541 0.069471 0.00178261 
0.0019942 0.000128576 0.00102641 0.41027 0.0340133 0.00054927 2.07229e-06 0.0117398 0.493233 0.014202 0.000299501 0.0259724 0.00656906 
0.221385 0.000725282 6.32233e-09 0.0725389 0.0151495 6.63337e-07 1.22679e-07 0.0362165 0.640219 0.0103137 8.63772e-06 0.0011331 0.00231011 
0.0088647 0.00593028 1.68399e-06 0.133271 0.0141389 0.125011 0.000307482 0.0231131 0.670007 0.00473281 0.000194783 0.000691162 0.0137366 
0.32025 0.000430454 2.56938e-07 0.0695901 0.0135496 0.0114787 4.55853e-05 0.0343184 0.523218 0.00368657 2.48924e-05 0.00237506 0.0210325 
0.0221105 0.00376199 1.00571e-06 0.175945 0.0718348 0.0113001 2.94848e-05 0.0655599 0.579063 0.013439 9.53594e-05 0.00520093 0.0516587 
0.0662546 0.015031 0.00139553 0.404683 0.0143234 0.0514135 0.000576204 0.00352224 0.41207 0.0275717 0.000187745 6.40555e-05 0.00290765 
0.123542 0.000112369 1.62264e-05 0.169496 0.0770112 0.0026277 0.000397058 0.00471552 0.595243 0.0206479 1.27225e-05 2.89357e-05 0.00614859 
0.171797 0.000643892 0.00038751 0.146824 0.130198 0.0327697 3.56361e-09 0.0924894 0.40981 0.00864202 0.000184477 0.00375606 0.00249793 
0.0306559 0.00690179 1.43497e-05 0.0952474 0.151012 0.0345209 0.0419635 0.114199 0.489759 0.0336147 8.3653e-05 0.000472858 0.00155438 
0.077968 0.0106653 0.000244339 0.324341 0.0925052 0.0237965 0.00172441 0.0422877 0.339682 0.0284346 0.000143376 0.00269464 0.0555123 
0.051733 0.000513456 9.01047e-07 0.135571 0.0245853 0.00157648 1.66715e-05 0.0984285 0.396733 0.0366591 1.45092e-05 0.0430252 0.211143 
0.0237811 0.00169516 1.1263e-07 0.0866363 0.027751 0.176438 0.00779943 0.025236 0.546925 0.00271596 0.00913873 0.0157126 0.0761701 
0.0127407 0.00284873 0.000118846 0.0873084 0.00461145 0.00716365 2.82178e-06 0.0196832 0.581375 0.183481 0.000398239 0.0902949 0.00997358 
0.0102484 0.00115634 1.15867e-05 0.168592 0.0547249 0.136074 0.00549935 0.1626 0.315556 0.0219449 0.00262253 0.0570313 0.0639393 
0.106656 0.00192174 1.77103e-08 0.131205 0.178237 0.00280841 0.00073766 0.026614 0.529351 0.0199389 2.74357e-05 3.58708e-05 0.00246762 
0.261725 0.00130872 1.0245e-05 0.206803 0.00383865 0.0505788 4.00055e-05 0.000495367 0.464976 0.00942656 5.82521e-05 8.99671e-05 0.000648812 
0.0323301 8.20361e-07 8.22619e-07 0.00287423 0.318491 3.3326e-07 6.26857e-06 0.00424434 0.641619 0.000406353 9.44824e-08 7.3477e-07 2.57946e-05 
0.374057 0.000373621 1.9595e-05 0.0522628 0.115937 0.00241861 0.00152708 0.0330455 0.378091 0.0057665 0.00596487 0.00112227 0.029415 
0.0106531 0.00130244 2.65098e-05 0.0998692 0.38075 0.022598 0.000344133 0.0110817 0.439244 0.0277705 0.000338717 0.000335298 0.0056869 
0.0172255 0.000259056 6.51328e-06 0.114593 0.0209795 0.00905678 3.07611e-10 0.0841019 0.662556 0.0644733 0.0005643 0.0244379 0.00174576 
0.171262 0.00183438 6.05915e-06 0.154265 0.03782 0.0404684 0.00235121 0.0826056 0.416593 0.0382411 0.010618 0.00433079 0.0396042 
0.0374644 0.000339904 2.60638e-07 0.238544 0.148016 0.0202314 0.000249729 0.0292791 0.513792 0.00604707 0.00381205 0.000950567 0.00127318 
0.0100859 0.0196184 0.000142782 0.112854 0.013997 0.377661 0.00228021 0.00924519 0.435642 0.00953111 0.000565732 0.000192285 0.0081841 
0.0482744 0.00193653 0.00146753 0.349563 0.00140841 0.00334544 1.20241e-07 0.00499536 0.37058 0.205855 0.00358625 0.00671347 0.00227485 
0.00624684 0.00171739 2.6342e-06 0.0860497 0.193956 0.120547 0.00082702 0.0993119 0.476622 0.0118401 4.93809e-05 0.0027025 0.000127193 
0.0244902 0.00056142 0.000176529 0.173287 0.0286311 0.0119415 0.00120663 0.0185744 0.731684 0.00343384 2.80251e-05 0.00202686 0.00395802 
0.0992177 0.000462894 5.46318e-05 0.240408 0.207223 0.0701103 0.00311237 0.0303337 0.318555 0.00623578 0.000105986 0.000463007 0.0237184 
0.0302845 0.00162912 7.80915e-05 0.161996 0.0365539 0.0610989 0.00607362 0.0381448 0.5948 0.0123393 0.0070538 0.0067708 0.0431776 
0.0164675 0.0017217 3.32827e-05 0.177222 0.0109278 0.0242394 6.78026e-06 0.00778483 0.730948 0.00945216 0.000252983 0.000493715 0.0204497 
0.0212984 0.00382303 0.000106017 0.19425 0.0319678 0.0171127 9.51019e-05 0.0337364 0.623935 0.0589707 0.00163585 0.00403901 0.0090301 
0.0122958 0.00331487 1.04609e-05 0.14358 0.00519275 0.0252203 5.36367e-05 0.0337623 0.690558 0.0538601 0.000148467 0.0151249 0.0168778 
0.0698051 0.00479966 0.000133269 0.195717 0.0950036 0.0315734 0.000589573 0.0435997 0.485999 0.0657386 0.000108747 0.000135655 0.00679606 
0.0011617 0.000255345 4.09899e-10 0.199639 0.00977046 1.75461e-07 6.07676e-12 0.000807835 0.785197 0.00288294 8.62182e-09 0.000279854 6.03335e-06 
0.0304402 0.0238878 0.000121466 0.159684 0.0592272 0.0314697 0.000408435 0.122765 0.515037 0.0368017 0.00451148 0.00560515 0.0100404 
0.164399 0.00013982 0.000456793 0.0398267 0.32662 0.0670942 0.0128849 0.0140773 0.373145 0.000662432 6.99112e-06 0.000272673 0.000414685 
0.00105981 0.00611281 1.55746e-09 0.133381 0.0302473 0.0125551 0.00345803 0.00939655 0.77189 0.00138985 3.1338e-05 0.0296781 0.00080076 
0.0586362 0.00443892 5.88252e-06 0.215809 0.0231679 0.0412067 0.000157075 0.0578638 0.569432 0.0180543 7.39284e-05 0.000319987 0.0108345 
0.00012723 5.63151e-06 1.64125e-08 0.0508491 0.00664822 0.000627713 0.0178071 0.00177036 0.896402 4.47823e-05 5.55703e-06 0.0256327 7.94946e-05 
0.00780589 0.000472763 0.000271996 0.193853 0.250439 0.0447368 0.00260493 0.0043364 0.405516 0.0175292 0.0542312 0.0169609 0.0012419 
0.0106089 0.0114128 5.12209e-06 0.185254 0.0211334 0.02584 0.00021172 0.0333558 0.692741 0.010853 5.85403e-05 0.000128212 0.00839726 
0.00657414 0.000839772 1.87773e-09 0.0194687 0.00275835 0.00796082 0.00202153 0.0659555 0.892404 0.000817648 3.90665e-05 2.90736e-08 0.00116038 
0.199274 3.39316e-05 2.30972e-06 0.0766436 0.155402 0.067761 0.000334688 0.0395976 0.383366 0.00587667 0.0236819 0.0429582 0.00506804 
6.468e-05 0.00192722 1.50396e-12 0.129723 0.00972836 3.11548e-08 2.08791e-12 0.0198462 0.828598 0.00556325 1.15692e-05 0.0045377 1.40721e-07 
0.0436105 0.00578297 0.000166223 0.0756764 0.0763399 0.0518633 6.96212e-05 0.00934566 0.646586 0.00176381 0.0887198 2.91901e-05 4.63905e-05 
0.0278613 0.000787522 2.64415e-07 0.0322992 0.029792 2.45544e-06 0.000458315 0.105952 0.735433 0.0250992 0.015461 0.0248746 0.00197868 
0.0862158 0.00178742 0.000551136 0.248376 0.0544747 0.00966307 0.00120592 0.0764378 0.453031 0.0502849 0.000494454 0.00163368 0.0158436 
9.91909e-05 0.00027478 1.69078e-10 0.0958734 0.00399122 0.000405227 2.696e-05 0.079275 0.735016 0.0218477 4.65237e-06 0.0628394 0.000346092 
0.00113878 0.00376906 7.37991e-09 0.313546 0.0117271 0.00138003 1.17565e-11 0.0120192 0.653593 0.00274824 5.42837e-06 7.36127e-05 2.06096e-08 
0.139583 0.00293797 0.000419123 0.199724 0.0816566 0.0451372 0.00219335 0.0631893 0.390166 0.0600486 0.000354709 0.00119174 0.0133973 
0.0686074 0.000777222 2.04486e-07 0.116665 0.0112757 0.00930869 2.04422e-07 0.165572 0.309824 0.0148962 0.000429844 0.0156476 0.286997 
0.00319805 0.00275115 5.9662e-06 0.0383683 0.0980021 0.00490914 0.00180485 0.0296157 0.787969 0.019683 0.000199521 0.00374086 0.00975228 
0.0101301 0.000340531 6.43122e-07 0.125014 0.00994414 0.0176422 1.49197e-08 0.0347535 0.792997 0.00762155 9.20126e-06 0.00101071 0.000536458 
0.072804 0.00338407 0.000151437 0.234412 0.0330062 0.0417938 6.1041e-05 0.0286091 0.569234 0.00807311 4.73466e-05 0.00025007 0.00817413 
0.310741 0.00119435 1.38955e-05 0.285701 0.00702874 0.0174511 3.82342e-05 0.0108239 0.331079 0.0100194 0.000110239 0.00470939 0.0210896 
0.011807 0.000268721 6.90558e-07 0.0371395 0.0295975 0.00589659 4.90932e-06 0.0277293 0.732524 0.00544071 0.00475237 0.142087 0.00275168 
0.173319 9.81229e-05 1.30001e-07 0.0441845 0.0158528 0.00690254 0.000121311 0.00780536 0.72944 0.0171641 3.35476e-05 0.00026977 0.00480885 
0.0100474 1.80313e-05 2.729e-05 0.0412998 0.000880609 7.07604e-05 0.00184388 0.0285638 0.398322 0.012308 3.1216e-05 0.397049 0.109539 
0.286497 0.000923172 9.6209e-06 0.115641 0.0381106 0.000624307 0.000564319 0.147806 0.336194 0.0665049 5.65316e-06 0.0040468 0.0030725 
0.024832 0.00338488 8.88047e-05 0.0931603 0.0102999 0.159331 0.000961042 0.0367969 0.295139 0.0315804 0.281896 0.00256996 0.05996 
0.127503 0.000351139 0.000210272 0.30072 0.0733942 0.0301186 6.72106e-05 0.0318299 0.424651 0.00828886 0.000362893 0.000690013 0.00181336 
0.0250208 7.55064e-05 7.57275e-08 0.0357815 0.104885 0.0160115 0.00407064 0.250092 0.291059 0.0319644 0.000264302 0.0719788 0.168797 
0.000337715 6.51958e-05 4.50604e-09 0.000225673 7.48417e-05 7.87284e-05 6.25561e-09 4.77329e-10 0.581471 0.417639 3.18718e-05 4.93541e-05 2.69169e-05 
0.15187 0.236719 0.00406848 0.0302816 0.158983 0.0297006 0.000276571 0.0112278 0.26176 0.0700917 0.000483453 0.000409061 0.0441281 
0.00180007 0.000955191 7.58575e-07 0.0233679 0.000417293 0.00195214 1.67395e-06 0.0220294 0.887608 0.0010397 4.60405e-05 0.0115267 0.0492553 
0.0358352 0.000399759 7.2773e-07 0.210369 0.013884 0.0664962 0.00122901 0.0212742 0.645512 0.00294711 0.000234688 0.00104483 0.000772657 
0.00404564 0.000654773 1.36118e-06 0.0804229 0.0212152 0.0136463 0.00163787 0.0150425 0.818921 0.0116781 0.00478353 0.00915995 0.0187912 
0.0104695 0.00582394 5.88925e-06 0.354812 0.0272722 0.0326132 0.00089932 0.0731803 0.457629 0.0283462 0.000227137 0.0034431 0.00527843 
0.0335348 0.00627874 7.50698e-06 0.23233 0.0248389 0.0527313 0.0142878 0.051153 0.552918 0.00797095 1.91083e-05 0.000152192 0.023778 
0.170552 1.72235e-05 2.33823e-05 0.291034 0.0435685 0.000456548 5.23679e-05 0.0625541 0.413013 0.0157945 1.60853e-05 0.00014814 0.00277099 
0.0259427 0.000957193 3.88846e-07 0.0267065 0.147214 0.0256 0.00821607 0.102184 0.655825 0.00642461 2.73462e-05 0.000186891 0.000715484 
0.0735967 1.21988e-07 6.18435e-06 0.208771 0.117977 8.62538e-08 1.24227e-08 0.0186386 0.529734 0.0505991 9.32703e-05 0.000486524 9.68961e-05 
0.166662 0.000930533 3.97995e-05 0.348116 0.0632555 0.00217977 0.00339756 0.0194604 0.351056 0.0109872 3.70081e-05 0.0121805 0.0216982 
0.0503234 0.000555564 4.69762e-07 0.11638 0.00240984 0.00483829 9.19516e-06 0.0299742 0.771107 0.00128599 3.66958e-05 0.0172829 0.00579633 
0.00105981 0.00611281 1.55746e-09 0.133381 0.0302473 0.0125551 0.00345803 0.00939655 0.77189 0.00138985 3.1338e-05 0.0296781 0.00080076 
0.0440915 0.00238404 3.38174e-08 0.179592 0.0375995 0.0215902 0.000241815 0.311121 0.340078 0.00995596 4.61217e-05 0.00615582 0.0471438 
0.00634277 0.000259756 2.46012e-06 0.0732386 0.0482509 0.0281242 0.00925622 0.0216685 0.77986 0.00171542 5.07262e-05 0.0200401 0.0111907 
0.000787723 0.000358937 7.08987e-09 0.0580399 0.0256717 6.7544e-08 0.00479298 0.136687 0.751529 0.0136568 1.53112e-08 0.00413059 0.00434496 
0.00978333 9.1664e-08 9.43388e-12 0.0298031 0.00749962 4.40655e-08 1.57293e-08 0.0098522 0.940258 0.00280316 3.6461e-12 1.16244e-07 1.2427e-07 
0.126567 0.000632269 7.58649e-08 0.16578 9.70352e-08 0.0132522 1.98681e-11 0.0165385 0.611392 0.0658359 7.19113e-08 5.88759e-09 1.29187e-06 
0.0251691 0.00999875 4.42639e-07 0.0335163 0.190309 0.264903 0.0292475 0.0452308 0.388085 0.00425068 0.000158501 0.000370025 0.00876077 
0.0815999 0.00203194 0.00267715 0.226668 0.102644 0.0177487 0.000930022 0.0961586 0.393546 0.0515712 0.00137852 0.00636183 0.0166841 
0.0111577 0.000285371 2.10329e-05 0.322291 0.0801502 0.0137652 0.00698043 0.098444 0.330596 0.12644 0.000285721 0.00645767 0.00312504 
0.0304349 4.64527e-05 5.19785e-07 0.147159 0.037 0.000533798 8.07091e-06 0.0209815 0.739659 0.0205909 2.13427e-05 0.00271259 0.000851788 
0.0517636 0.00343839 7.11048e-06 0.220023 0.0732274 0.0345835 9.8312e-05 0.0464854 0.53828 0.0221262 6.30688e-05 5.03941e-05 0.00985306 
0.0373756 0.000933158 1.02901e-05 0.354402 0.00926188 0.147653 0.00307907 0.00293317 0.389422 0.00541166 0.000187726 0.000459607 0.0488707 
0.0118803 0.00216064 3.30132e-06 0.376687 0.0792112 3.89661e-07 6.29268e-08 0.0315954 0.451072 0.0443038 2.0344e-05 0.000362223 0.00270396 
0.00802885 3.25802e-06 1.75514e-09 0.0829851 0.0356196 0.31903 0.000627202 0.0210015 0.327029 0.201071 0.00162847 4.40493e-07 0.0029763 
0.0202532 0.000456421 1.57187e-06 0.368376 0.167705 0.00507734 1.29782e-07 0.0473433 0.373112 0.00723792 2.81444e-05 0.00925365 0.00115555 
0.0294878 7.75528e-06 1.10498e-05 0.0401196 0.103331 0.000749236 0.0788237 0.216034 0.502091 0.0143882 0.000102873 0.000377308 0.0144767 
0.00978333 9.1664e-08 9.43388e-12 0.0298031 0.00749962 4.40655e-08 1.57293e-08 0.0098522 0.940258 0.00280316 3.6461e-12 1.16244e-07 1.2427e-07 
0.0174319 0.000576749 0.000115889 0.281315 0.0800934 0.0118044 0.000738701 0.0200903 0.469347 0.100708 0.000403957 0.0105086 0.00686582 
0.00217948 0.00161923 4.26187e-08 0.046962 0.002185 0.00375597 4.96248e-06 0.00286418 0.933428 0.00247059 7.70301e-05 0.000297947 0.00415521 
0.00114943 0.000155417 5.04701e-08 0.102073 0.00392666 0.00148397 5.75786e-07 0.0303001 0.83465 0.00229022 8.00522e-06 0.012484 0.0114784 
0.00064378 0.000500781 3.09591e-06 0.0181426 0.420085 0.00234483 0.000240939 0.0884156 0.469383 0.000111586 1.85329e-05 9.96347e-05 1.03197e-05 
0.0106089 0.0114128 5.12209e-06 0.185254 0.0211334 0.02584 0.00021172 0.0333558 0.692741 0.010853 5.85403e-05 0.000128212 0.00839726 
0.0544153 0.000691303 0.000102791 0.20668 0.0408984 0.0152829 0.00238148 0.0631343 0.580836 0.0143721 0.000623976 0.00718007 0.0134013 
0.0304883 0.000276151 0.00013491 0.182376 0.0201346 0.000526577 0.000126685 0.0306773 0.683709 0.0269535 0.00437012 0.00863434 0.011593 
0.0309296 0.0043539 0.000827048 0.24253 0.165124 0.0156747 0.0136679 0.0570195 0.336936 0.107126 0.000342601 0.00943217 0.0160363 
0.2325 0.00174707 9.57266e-05 0.26209 0.0316118 0.0351883 0.000291121 0.0295494 0.26277 0.128813 0.000423228 0.00403249 0.0108886 
2.23213e-06 1.59868e-08 3.69129e-07 8.26251e-06 0.0012393 4.91863e-07 1.0456e-10 0.0231565 0.975591 7.6667e-07 6.98911e-08 5.15552e-11 7.38647e-07 
0.00180007 0.000955191 7.58575e-07 0.0233679 0.000417293 0.00195214 1.67395e-06 0.0220294 0.887608 0.0010397 4.60405e-05 0.0115267 0.0492553 
0.0234602 0.00103125 4.28255e-08 0.231136 0.117148 0.0314641 0.0147199 0.0789578 0.349151 0.135876 0.00339754 0.00100686 0.0126504 
0.00827754 0.000191646 2.342e-06 0.0811864 0.338218 0.000909229 6.61836e-06 0.0249666 0.539298 0.00664159 5.71338e-07 3.03973e-05 0.000271463 
0.102053 0.00458894 0.00926733 0.214384 0.0928791 0.0178841 0.000463437 0.121563 0.267382 0.0844172 0.000624225 0.0556624 0.0288314 
0.000531989 0.000269708 7.70404e-08 0.250214 0.00851924 0.00369204 7.70162e-08 0.0836581 0.578914 0.0270737 0.000901907 0.0138633 0.0323623 
0.32025 0.000430454 2.56938e-07 0.0695901 0.0135496 0.0114787 4.55853e-05 0.0343184 0.523218 0.00368657 2.48924e-05 0.00237506 0.0210325 
0.0256011 0.000457451 3.3667e-08 0.0689092 0.0151101 0.291615 0.00174919 0.031656 0.50447 0.0117828 0.00856745 0.00830037 0.0317817 
0.0167197 0.000485299 1.32286e-06 0.223769 0.0448394 0.100746 2.40824e-05 0.0012642 0.610053 0.00083718 7.11464e-05 0.000294284 0.000895383 
0.0216364 0.00191638 6.91064e-05 0.097884 0.0336354 0.193746 9.66181e-05 0.0582674 0.502066 0.0521145 0.0161581 0.00391108 0.0184984 
0.0688812 0.00258586 3.48552e-10 0.360012 5.08795e-07 0.0345531 4.83885e-10 0.025126 0.37288 0.0320653 4.58154e-07 0.103895 8.62404e-07 
0.0120899 0.000496815 1.66508e-07 0.0640738 0.00287804 0.0201622 1.5505e-05 0.0134209 0.877203 0.001941 1.38665e-05 0.0043845 0.00332071 
0.0773951 0.00189775 0.00210799 0.234842 0.0400083 0.0223214 0.00290312 0.143845 0.317141 0.113803 0.000853766 0.00351359 0.0393686 
0.00130145 0.000937873 5.26835e-08 0.219877 0.00501799 0.00872839 0.000694819 0.0262195 0.719702 0.0143042 5.88731e-05 0.000565636 0.00259162 
0.0788855 0.000163609 1.73595e-07 0.0667971 0.0494124 0.0194391 0.00391943 0.0407036 0.667745 0.0616889 0.00159894 0.000709895 0.00893638 
0.0120899 0.000496815 1.66508e-07 0.0640738 0.00287804 0.0201622 1.5505e-05 0.0134209 0.877203 0.001941 1.38665e-05 0.0043845 0.00332071 
0.0523593 0.00107468 0.000139087 0.120117 0.0709563 0.0217628 0.00307944 0.0537643 0.647593 0.0174908 3.9441e-05 0.00721769 0.00440633 
0.00204361 0.00167453 3.56612e-08 0.0545431 0.00245406 0.00915805 3.17214e-05 0.02553 0.877809 0.00482824 0.000107507 0.011134 0.0106864 
0.0920362 0.00528256 0.000815666 0.115327 0.0877701 0.00777949 0.000286282 0.161237 0.296017 0.222419 0.000137337 0.00106123 0.00983197 
6.57679e-05 0.000180807 2.57526e-07 0.267329 0.011958 0.00298799 0.0018498 0.0597121 0.625969 0.00773438 3.66326e-06 0.00793959 0.0142693 
0.000135404 0.00039851 6.65831e-07 0.125295 0.046639 0.0257135 0.000656905 0.0190355 0.60036 0.119681 2.33912e-06 0.0619418 0.000140921 
0.15116 0.000216652 3.79446e-05 0.167504 0.0807306 0.000606548 5.75009e-06 0.0142163 0.572228 0.00265772 1.18102e-05 0.00041483 0.01021 
0.0570366 0.00521808 1.30558e-05 0.189332 0.0131172 0.0392187 0.000110736 0.0328968 0.632531 0.0141059 6.36194e-05 0.000374 0.0159816 
0.0361573 0.0124942 1.7629e-05 0.122097 0.0377944 0.337307 0.00362578 0.0640861 0.338812 0.0154497 0.00454918 0.00453303 0.0230764 
0.0503615 0.000215317 2.44069e-06 0.163605 0.185388 0.00271304 5.13196e-05 0.121607 0.410053 0.0263955 2.41097e-05 0.0319461 0.00763817 
0.0862305 0.000206455 4.90574e-06 0.0754288 0.0283179 0.0279918 0.000304428 0.00279199 0.750838 0.00526623 0.0224504 0.00013977 2.87561e-05 
0.32025 0.000430454 2.56938e-07 0.0695901 0.0135496 0.0114787 4.55853e-05 0.0343184 0.523218 0.00368657 2.48924e-05 0.00237506 0.0210325 
0.0460258 0.00560504 5.99788e-11 0.126992 0.00350575 4.32534e-07 8.32669e-11 0.000382235 0.800547 0.0162897 0.000323542 0.000328305 1.47885e-07 
0.0460258 0.00560504 5.99788e-11 0.126992 0.00350575 4.32534e-07 8.32669e-11 0.000382235 0.800547 0.0162897 0.000323542 0.000328305 1.47885e-07 
1.71694e-06 1.96193e-06 1.51574e-13 0.151373 0.000217858 0.000150404 2.10426e-13 0.0189056 0.815625 0.0044051 8.02063e-06 0.00335796 0.00595376 
0.0166591 0.019761 1.60017e-05 0.0694629 0.00952447 0.00045312 0.000111342 0.0275589 0.676032 0.0663844 7.20273e-05 0.0974227 0.0165419 
0.00909292 0.00137424 1.81227e-07 0.160923 0.0113608 0.0479899 0.00114575 0.0250048 0.695181 0.0151826 0.00278633 0.00969457 0.0202643 
0.00592955 2.93144e-07 2.70308e-06 0.187103 0.175565 0.00205479 6.4879e-08 0.00893325 0.617898 0.000630288 7.68222e-07 0.00172406 0.000158201 
0.0199145 1.13714e-06 1.13719e-06 0.220667 0.105951 0.0059173 0.00375268 0.00330141 0.639352 1.13791e-06 0.000683798 0.000456134 1.13792e-06 
0.0271406 0.00869237 0.000240939 0.0832976 0.0317787 0.00522292 0.00190435 0.0849092 0.669698 0.0384868 0.00296671 0.0341922 0.0114692 
0.0528572 7.92369e-05 4.57859e-08 0.195488 0.0981648 0.00643683 5.19778e-09 0.238306 0.37928 0.00271451 3.86824e-08 0.0256128 0.0010605 
0.0268353 0.000523731 0.00597183 0.0888665 0.0893862 0.137639 0.0014321 0.145437 0.242492 0.239993 0.00347913 0.0143935 0.00355124 
0.0263091 0.000308633 5.31567e-08 0.337242 0.0412692 0.000551376 0.00156181 0.160025 0.414625 0.00593238 7.07134e-06 0.000718521 0.0114496 
0.105136 0.000519716 2.25842e-06 0.230329 0.0129014 0.0328887 0.000148345 0.0103251 0.586586 0.0149434 0.000193392 0.00440775 0.0016189 
0.268259 0.000709849 1.28661e-05 0.0929257 0.190742 0.0059394 0.00724281 0.0547408 0.33407 0.042725 0.000197646 0.00136159 0.00107254 
0.0303147 0.00200784 1.03092e-08 0.314966 0.0673442 0.00509911 4.58405e-05 0.0513772 0.485403 0.0269641 9.86113e-05 0.0050652 0.0113145 
0.0247785 0.000118959 1.41541e-09 0.00108559 0.310241 0.0221464 0.000960581 0.116849 0.409814 0.113584 0.000106553 0.000291941 2.25569e-05 
0.00871052 0.00107727 2.24648e-05 0.267839 0.0361102 0.0179824 1.1752e-06 0.132553 0.465212 0.0167194 0.0018978 0.000224041 0.0516511 
0.0225056 0.000910477 3.62133e-05 0.164262 0.0809837 0.00554347 5.11633e-07 0.109614 0.507236 0.103962 2.55944e-05 0.00447154 0.000449824 
0.0670531 8.16896e-05 1.04393e-05 0.278611 0.0681449 0.000477335 1.64798e-06 0.109866 0.448308 0.0202812 3.01204e-07 0.000114597 0.00705013 
0.0199145 1.13714e-06 1.13719e-06 0.220667 0.105951 0.0059173 0.00375268 0.00330141 0.639352 1.13791e-06 0.000683798 0.000456134 1.13792e-06 
0.00558409 0.00846877 0.000908693 0.18864 0.0230835 0.00893844 2.02811e-06 0.0954703 0.49312 0.0776364 0.000181207 0.00843186 0.0895348 
0.0535592 0.00165132 1.35331e-05 0.206637 0.150502 0.0233669 0.000205054 0.0451192 0.452587 0.0223191 0.000167957 0.00154043 0.0423316 
3.45362e-05 0.000394903 2.97525e-12 0.155379 0.0004134 0.000796185 4.95225e-09 0.000856195 0.840875 0.000666256 1.15879e-05 0.000553432 1.8982e-05 
0.00180007 0.000955191 7.58575e-07 0.0233679 0.000417293 0.00195214 1.67395e-06 0.0220294 0.887608 0.0010397 4.60405e-05 0.0115267 0.0492553 
0.00023974 0.00729085 5.38861e-10 0.007689 0.0436564 0.279879 1.04063e-06 0.0548115 0.374812 0.223961 9.16734e-06 3.68856e-10 0.00764988 
0.00580297 0.00127121 1.44023e-05 0.322947 0.0270461 0.02756 0.00178749 0.0321475 0.471155 0.0683045 0.00848795 0.0209442 0.0125327 
0.0435777 0.000680251 6.68845e-07 0.194528 0.16345 0.0139478 0.0131933 0.0272527 0.528825 0.00373213 0.00119379 0.00607868 0.00353882 
0.000392655 0.000193346 1.81797e-05 0.0313883 0.00826318 0.000946333 0.000751384 0.0623444 0.611822 0.268819 0.00246441 0.0125238 7.27576e-05 
0.00130145 0.000937873 5.26835e-08 0.219877 0.00501799 0.00872839 0.000694819 0.0262195 0.719702 0.0143042 5.88731e-05 0.000565636 0.00259162 
0.253402 0.00301745 8.8989e-07 0.058877 0.0295822 0.00373139 0.000392305 0.00483738 0.627386 0.0019479 9.91263e-06 0.000180854 0.0166346 
0.0640803 0.00520741 0.000105062 0.194225 0.0424773 0.296648 0.00130822 0.0340518 0.316054 0.0334667 0.000224748 0.00039074 0.0117607 
0.0060883 0.000214349 2.38603e-06 0.113194 0.00713235 0.00891691 0.000131686 0.00943616 0.79265 0.00583736 0.00013706 0.0511074 0.0051515 
0.0157034 0.00401551 8.976e-05 0.205174 0.159146 0.00911592 0.00090812 0.0630984 0.526881 0.0114925 0.000398336 0.00135424 0.00262328 
0.0283378 0.000629649 3.71496e-07 0.143406 0.00860834 0.23111 1.1711e-05 0.000128527 0.294612 0.00815815 0.284431 0.000455693 0.000110086 
0.0844587 0.000852441 5.17503e-08 0.0568937 0.0158831 0.0828407 6.06113e-06 0.00744356 0.714916 0.0323247 7.29846e-05 0.00315817 0.00114976 
0.000546919 0.000248459 1.76897e-08 0.175108 0.00930364 0.00478087 0.00340492 0.00440565 0.766641 0.000481128 0.000205044 0.0347524 0.000122486 
0.0011617 0.000255345 4.09899e-10 0.199639 0.00977046 1.75461e-07 6.07676e-12 0.000807835 0.785197 0.00288294 8.62182e-09 0.000279854 6.03335e-06 
0.00634251 0.00153189 6.56295e-05 0.169621 0.242881 0.00564258 0.00668079 0.153558 0.301395 0.0847683 0.0170513 0.010336 0.0001259 
0.0205845 0.00365771 1.29834e-06 0.138369 0.00946056 0.00834622 2.74878e-06 0.0218938 0.743683 0.0406098 9.90924e-05 0.00110268 0.0121895 
0.253402 0.00301745 8.8989e-07 0.058877 0.0295822 0.00373139 0.000392305 0.00483738 0.627386 0.0019479 9.91263e-06 0.000180854 0.0166346 
0.24202 0.00289465 1.29971e-05 0.134986 0.0180608 0.0519946 1.2441e-05 0.00948146 0.520048 0.00306277 0.000201697 6.48805e-05 0.0171586 
0.0503234 0.000555564 4.69762e-07 0.11638 0.00240984 0.00483829 9.19516e-06 0.0299742 0.771107 0.00128599 3.66958e-05 0.0172829 0.00579633 
0.00180007 0.000955191 7.58575e-07 0.0233679 0.000417293 0.00195214 1.67395e-06 0.0220294 0.887608 0.0010397 4.60405e-05 0.0115267 0.0492553 
0.00254532 0.00288984 3.31045e-07 0.192192 0.0173371 0.0321284 2.10624e-05 0.0332988 0.585453 0.0312801 0.000665692 0.100544 0.00164391 
0.0416366 0.00344957 2.63163e-06 0.0964534 0.00913064 0.0478804 3.09001e-07 0.0326028 0.755505 0.00432214 0.000122254 0.000214072 0.00867981 
0.0184877 0.000245067 6.93653e-06 0.312295 0.0281893 0.00641081 7.41857e-09 0.0829575 0.494444 0.0173493 8.42934e-05 0.0267248 0.0128057 
0.00621254 0.00364624 2.00287e-08 0.124056 0.0891775 0.129267 5.76194e-06 0.105564 0.299586 0.190796 1.72897e-05 0.00994585 0.0417256 
0.0129199 0.00110492 3.45719e-06 0.156226 0.0270645 0.256413 0.00328027 0.0150981 0.381432 0.0990861 0.00836472 0.0373243 0.00168372 
0.00356641 0.00606088 3.44387e-06 0.101197 0.00124625 0.0697152 1.68512e-09 0.000961582 0.815402 0.00132347 6.87457e-05 0.000297351 0.000157353 
0.0314431 0.00132986 4.00542e-06 0.131494 0.0217695 0.00400403 0.00310155 0.078195 0.702133 0.00607633 0.00174306 0.00523326 0.0134731 
6.84498e-05 0.00138052 7.23793e-10 0.0316424 0.0380393 0.00091819 1.51769e-05 0.26934 0.653289 0.00528676 9.8332e-06 1.60057e-06 9.44309e-06 
0.0324319 0.000174695 7.78853e-08 0.0971607 0.00382699 0.00158583 1.50332e-05 0.00378226 0.836137 0.0221752 4.99315e-05 0.000797489 0.0018625 
0.0568864 0.00163064 3.34203e-06 0.222336 0.181286 0.0277285 0.000216199 0.0327328 0.419608 0.0425801 0.00491495 0.00560817 0.00446918 
0.0229635 1.86029e-05 0.000109865 0.264489 0.144185 0.00107325 8.6696e-05 0.0430072 0.441208 0.0761549 8.67159e-05 0.00234383 0.00427338 
0.0157673 0.000337098 1.34776e-07 0.162235 0.115688 0.0548915 0.001818 0.0436399 0.510378 0.0469457 0.0352953 0.00443546 0.00856814 
0.00194831 1.30233e-08 2.00529e-08 0.173546 0.00325284 9.88182e-05 4.96814e-08 0.0117617 0.801121 0.00478121 9.20686e-06 0.0021298 0.00135167 
0.0416366 0.00344957 2.63163e-06 0.0964534 0.00913064 0.0478804 3.09001e-07 0.0326028 0.755505 0.00432214 0.000122254 0.000214072 0.00867981 
0.0131316 0.000911964 6.53212e-07 0.178545 0.0286193 0.0237454 6.98434e-05 0.0316686 0.675897 0.0135929 0.000120838 0.00121258 0.0324838 
0.00438615 1.32888e-08 1.25838e-08 0.153331 0.0231736 1.88848e-06 3.85365e-06 0.000549365 0.818553 2.96506e-09 1.99041e-07 2.37886e-07 2.80474e-09 
0.00418392 0.000828408 7.56355e-07 0.197718 0.0456817 0.000619479 4.29002e-07 0.201451 0.508148 0.0147919 3.79676e-06 0.0148851 0.0116879 
0.0567042 0.002519 1.75651e-07 0.106052 0.0284744 0.0169577 0.00235529 0.0301543 0.679089 0.0188942 0.000283514 0.0575081 0.0010089 
0.00988633 0.0011452 9.79302e-07 0.0580359 0.16401 0.0218428 0.00818394 0.093997 0.630002 0.00414201 1.87256e-05 0.000312207 0.0084224 
0.00180007 0.000955191 7.58575e-07 0.0233679 0.000417293 0.00195214 1.67395e-06 0.0220294 0.887608 0.0010397 4.60405e-05 0.0115267 0.0492553 
0.00199168 0.0625534 1.20443e-10 0.172632 0.182844 4.10793e-05 1.00086e-07 0.194262 0.358418 0.0217563 5.26676e-05 0.00513901 0.000309538 
0.0769375 0.0768861 0.0768891 0.0769464 0.0769452 0.0769252 0.0768649 0.0769455 0.0769467 0.0769376 0.0769282 0.0769093 0.0769384 
0.0406782 3.03923e-05 1.90641e-07 0.116447 0.33939 0.00715425 0.0134308 0.110422 0.362999 0.00915918 6.20567e-08 5.42768e-07 0.000288276 
0.0642977 0.00168975 0.000201336 0.31121 0.0452702 0.0430352 0.0129079 0.0388373 0.381107 0.0329947 0.0186238 0.0205251 0.0293 
0.0391572 0.00706653 4.66274e-05 0.129986 0.000357495 0.0325473 9.13834e-09 0.000530539 0.761308 0.00520943 3.40805e-05 0.000380306 0.0233769 
0.189614 0.000456716 1.39674e-05 0.35867 0.0220605 0.0151197 0.00114326 0.00510013 0.367227 0.00482806 0.0350652 0.000251586 0.000449541 
0.00672238 8.04672e-06 1.20255e-06 0.139703 0.00285297 9.52947e-06 1.24302e-05 0.215435 0.544135 0.0199821 2.32092e-05 0.000395921 0.0707188 
0.197751 0.0014896 0.000135432 0.265766 0.0270752 0.00227673 8.99923e-06 0.0297417 0.452575 0.00879329 6.32891e-05 0.00170334 0.0126207 
0.0359768 5.3469e-05 4.42572e-06 0.222402 0.0945173 0.0117927 1.41861e-05 0.12475 0.507239 0.00236517 1.80083e-05 0.000219591 0.000647452 
0.0332593 0.000586821 9.51735e-05 0.060487 0.0527248 0.0411573 0.00875424 0.0406023 0.717856 0.00799182 2.87286e-05 0.0259417 0.0105152 
0.0816222 0.00174821 0.00012259 0.148728 2.20218e-09 0.00157896 2.59723e-08 6.72887e-06 0.673816 0.0892417 1.29991e-06 0.00312154 1.26908e-05 
0.040593 0.000999938 1.56598e-08 0.00424824 0.0694639 0.0924603 1.5628e-05 0.00888713 0.494608 0.288658 6.58989e-05 1.07193e-08 3.49034e-09 
0.252603 0.0015379 7.1359e-07 0.00103829 0.0505584 7.6829e-08 0.00117683 0.300627 0.365025 0.00686586 0.0199406 0.000449163 0.000177269 
0.0353755 0.000284068 2.6287e-06 0.0729224 0.0103776 0.247679 3.37905e-06 0.0610443 0.451659 0.119516 0.00107363 4.5743e-05 1.73375e-05 
0.0042264 0.00203564 9.71977e-08 0.0462268 0.022713 0.0200896 0.00136105 0.0309846 0.691903 0.179479 0.000754753 4.11954e-05 0.00018494 
0.0071908 2.38442e-06 8.07076e-12 0.049201 0.000800484 6.21808e-05 1.12044e-11 0.00132707 0.932619 0.00849199 1.77301e-06 0.000303255 5.57387e-08 
0.00142921 0.000911078 8.77815e-08 0.236699 0.0114027 0.00114347 0.00119825 0.00143222 0.744728 0.000607825 3.39267e-08 0.000305845 0.000141953 
1.31272e-06 2.46432e-05 1.97953e-07 7.83206e-05 0.16125 0.0536983 7.51864e-07 9.29576e-05 0.784427 2.5716e-05 1.00216e-06 0.000202461 0.000197499 
0.394447 0.00392442 1.97357e-06 0.0478465 0.00393684 0.00117976 0.000161584 0.0345639 0.419481 0.0904071 3.28644e-05 0.000532143 0.00348557 
0.130179 0.00259851 5.29019e-08 0.117697 0.0190448 0.0429272 1.15334e-10 0.0608406 0.340491 0.28028 0.00269375 0.00297796 0.000269575 
0.0302681 0.00251468 3.65455e-05 0.19953 0.123927 0.0125007 0.0018318 0.115408 0.468328 0.0222607 0.00195039 0.00476509 0.0166787 
0.00705998 0.000781902 5.36433e-05 0.0393994 0.0213418 0.00219988 2.22648e-08 0.103716 0.819951 0.000617375 0.000116567 0.00376203 0.00100119 
0.32025 0.000430454 2.56938e-07 0.0695901 0.0135496 0.0114787 4.55853e-05 0.0343184 0.523218 0.00368657 2.48924e-05 0.00237506 0.0210325 
0.148784 0.186192 2.16132e-06 0.096578 0.0855826 0.00645496 0.00198315 0.045384 0.324951 0.101024 0.000185928 0.000722198 0.0021551 
0.0122933 0.00192186 9.55636e-08 0.0254497 0.0880908 0.400331 3.77648e-05 0.0184853 0.450651 0.000646353 0.00103426 0.000604691 0.00045404 
0.0211064 0.00174286 9.76384e-08 0.234115 0.0272634 0.00891337 0.00117921 0.0558593 0.619913 0.0109174 7.48555e-05 0.00794318 0.0109728 
0.0373578 3.10586e-07 3.10598e-07 0.0525306 0.0453808 0.0266 0.00173912 0.272968 0.39606 0.132927 3.10756e-07 0.00279644 0.0316395 
0.0141709 0.0001634 4.63172e-06 0.285517 0.0572393 0.0303852 0.00540104 0.0791498 0.46141 0.0165643 6.61137e-05 0.0408579 0.00907001 
0.0503615 0.000215317 2.44069e-06 0.163605 0.185388 0.00271304 5.13196e-05 0.121607 0.410053 0.0263955 2.41097e-05 0.0319461 0.00763817 
0.00912947 0.000106864 2.59508e-07 0.220283 0.207326 0.168522 0.00111829 0.0287087 0.239493 0.0363654 0.0875802 0.000853265 0.000514669 
0.00836453 0.000823621 3.08033e-07 0.0608237 0.00148953 0.0370285 2.06838e-05 0.0120345 0.865759 0.00156362 2.58687e-05 0.00749827 0.00456795 
0.00784341 0.000309464 1.16304e-05 0.158198 0.00126867 0.000650638 0.000737779 0.0139654 0.582061 0.0105514 4.19995e-05 0.178843 0.0455175 
0.0403426 0.00718629 8.65729e-05 0.273899 0.121666 0.021023 0.0012443 0.0501246 0.375171 0.0698785 0.0196645 0.00789584 0.0118171 
0.0171716 0.00589024 0.000182472 0.266241 0.0907949 0.211402 0.000745215 0.0184148 0.278284 0.0147712 0.032904 0.00103685 0.062161 
0.0300857 0.00037037 1.99158e-06 0.0402678 0.0581257 0.00353238 2.08201e-05 0.154322 0.612917 0.0758247 0.0061304 0.00556541 0.0128354 
0.0169226 0.013396 1.09113e-09 0.137556 0.0974565 0.0520318 1.15839e-06 0.0370692 0.585768 0.0160144 0.00311295 0.0264167 0.0142543 
