3.72732e-07 5.60149e-07 5.40572e-10 0.015104 0.0202378 0.020284 3.84559e-07 0.00323671 0.00341596 0.93586 0.000860667 0.000999649 1.25928e-07 
0.0121561 0.0440351 9.09799e-06 0.100819 0.0763058 0.000480661 0.0977959 0.00858152 0.13621 0.518142 6.69205e-06 0.00538726 7.03179e-05 
0.0950555 0.0748214 4.04488e-05 0.250314 0.0369105 0.00257145 6.01498e-08 0.103892 0.0579048 0.360193 9.63278e-05 0.00595784 0.0122423 
0.000131177 5.08204e-09 0.0132241 0.000120418 5.66477e-10 5.18235e-05 6.68097e-09 5.10296e-07 0.0217518 0.964515 0.000141731 5.92984e-05 3.75525e-06 
0.0646182 0.000482964 0.000131066 0.367981 0.0454965 0.00200154 1.40199e-05 0.00682764 0.137211 0.374439 0.000127385 0.000358864 0.000310284 
0.000127966 0.0341495 2.20412e-07 0.194799 0.2058 0.22388 0.000750229 0.0373624 0.0424472 0.259318 0.000321587 0.000902164 0.000141596 
0.0165529 0.0157706 4.60056e-05 0.118444 0.013416 0.0208528 3.07918e-05 0.0628255 0.2207 0.455377 0.00113748 0.069131 0.00571561 
1.62573e-07 2.9732e-07 0.0292959 0.00681716 0.00828639 0.000337174 3.90864e-07 0.0273112 5.10353e-05 0.92642 0.00146442 1.52955e-05 8.35313e-08 
0.016357 5.46384e-05 2.54685e-06 0.237033 0.129757 0.00250861 8.91493e-06 7.96292e-06 3.53551e-05 0.613199 0.000944586 8.84379e-05 2.72978e-06 
1.04747e-05 7.25014e-05 2.54265e-06 0.022161 0.0370846 0.000333392 1.12484e-07 0.189005 4.75653e-05 0.709758 0.00727381 0.0122955 0.0219555 
0.000474776 3.02439e-06 7.71697e-08 0.00320749 0.369619 0.240151 1.07133e-07 3.83449e-06 0.00768953 0.375733 0.00231969 0.000783658 1.4657e-05 
0.0596169 0.0140028 7.57523e-05 0.204709 0.10337 0.00179711 0.0060114 0.0680013 0.067885 0.422945 0.000651427 0.0449069 0.00602749 
0.000383981 0.00104614 0.000414768 0.0322486 0.018662 4.82846e-05 6.27283e-08 0.0117956 3.41642e-05 0.934845 0.000197239 0.0002654 5.90929e-05 
0.00037673 0.000209899 1.10343e-07 0.113694 0.0183954 0.000361301 1.79177e-07 0.0837563 0.302868 0.476626 0.000250125 0.000704367 0.00275765 
0.00451758 0.0010687 5.06404e-10 0.0608062 0.0913533 0.00596166 7.03027e-10 0.060583 0.0607212 0.714402 5.40598e-05 0.000438778 9.40685e-05 
0.0155129 0.000182366 0.000114047 0.0711421 0.071107 0.000744073 0.000165034 0.0224072 0.105349 0.618102 3.93932e-05 0.0922891 0.00284564 
0.170598 0.000177137 0.014934 0.0920341 0.164475 0.0154729 3.75067e-05 0.0343088 0.12159 0.354846 0.00892943 0.0147756 0.00782113 
0.0522611 0.00315239 0.0015745 0.159082 0.0861054 0.01669 0.000509248 0.123734 0.127057 0.418533 0.00168906 0.00280375 0.00680827 
0.00147476 0.000492111 1.72402e-05 0.0415036 0.102176 1.86743e-06 1.64569e-07 0.00549148 0.00847854 0.839992 1.30043e-05 7.52587e-06 0.000351974 
0.047962 0.000287249 6.32201e-07 0.076819 0.0564601 5.55573e-05 5.17095e-07 0.0562723 0.134513 0.585764 0.000952005 0.0258808 0.0150334 
0.0317532 0.0006975 0.0494152 0.222495 0.0139023 0.0131574 7.61767e-08 0.0241209 0.0662354 0.576684 0.000686846 0.000821854 3.0558e-05 
0.00713213 0.00767425 0.00141461 0.037603 0.062939 0.299301 1.95626e-10 0.178224 0.0101123 0.392378 0.0026129 2.5421e-07 0.00060838 
0.0680994 0.00120151 0.023611 0.0443653 0.0136981 0.00222936 2.05389e-05 0.0133627 0.0167363 0.81451 0.000215069 0.00185152 9.9199e-05 
0.0195421 0.0060787 3.42039e-05 0.126925 0.191944 0.00610221 0.0085551 0.0693915 0.0567986 0.476706 0.00156059 0.0217073 0.0146544 
0.00485522 0.000298361 1.94299e-07 0.0139709 0.0406472 0.0459474 0.00768646 0.0192265 0.00298887 0.821431 0.0306083 0.00375306 0.00858705 
0.00287994 0.000641334 2.8125e-06 0.0238564 0.0446785 6.95306e-05 0.000288603 0.00962313 0.00455731 0.913329 6.94029e-07 1.22919e-06 7.20136e-05 
0.134254 3.91482e-07 0.0685977 0.0212178 0.335658 2.08693e-06 1.6443e-10 0.0274067 0.0274841 0.384 0.000794358 0.000556332 2.88228e-05 
1.19441e-06 0.000209471 6.6852e-07 0.00155433 6.7732e-05 0.00012644 8.34852e-09 0.00608851 0.000667256 0.990663 0.000267466 0.000259655 9.46092e-05 
0.147256 0.000571174 7.3466e-06 0.239959 0.0325321 0.00335721 0.00160573 0.0955162 0.0821076 0.330005 6.43063e-05 0.010075 0.0569435 
0.00868624 0.00888164 0.00478481 0.224913 0.0822695 0.039537 0.00114241 0.094436 0.0713599 0.438172 0.00426018 0.0102393 0.0113186 
0.00247121 5.7674e-06 3.67445e-07 0.0106373 0.152992 4.69866e-09 1.39572e-05 0.0671328 0.00520514 0.761526 2.99516e-07 7.4372e-09 1.52908e-05 
0.00218596 6.55721e-07 6.20934e-07 0.00209601 7.30909e-08 2.68528e-07 0.00241453 6.57761e-08 5.92611e-08 0.993037 0.000264223 4.25036e-07 1.38397e-07 
0.065828 0.00142638 0.000126493 0.0870544 0.0904301 0.0897764 0.000494115 0.0633484 0.0444535 0.403192 0.0243965 0.127448 0.00202657 
0.00681561 0.000914001 0.00012413 0.0389993 0.19709 0.00154052 1.82947e-07 0.0437807 0.0244278 0.679124 0.00026581 0.000112334 0.00680573 
0.0223009 0.000123636 0.000632048 0.321245 0.00440929 0.0193968 1.36832e-05 0.0083743 0.113802 0.493364 0.00128371 0.00211763 0.0129377 
0.00193318 2.03142e-06 2.12129e-06 0.252607 0.0954414 0.0167847 9.78635e-10 2.18136e-08 0.0458939 0.57829 0.00385276 0.00519188 1.00351e-06 
0.00279113 0.00155013 0.0197724 0.0247181 0.0208578 0.00626697 0.000182082 0.057679 0.0218565 0.829287 0.00472848 0.00629953 0.00401117 
0.00439745 0.066879 1.05902e-06 0.0187516 0.0276449 0.0289762 0.000297408 0.145326 0.24708 0.260055 0.012728 0.173994 0.0138704 
0.0215419 0.00457611 5.21738e-06 0.276028 0.044597 0.00243889 0.000682549 0.176316 0.0957081 0.333603 4.72026e-05 0.0186184 0.025838 
0.0543539 0.0010648 9.12368e-06 0.108826 0.0766352 0.000577085 0.000212159 0.0989083 0.136483 0.522176 3.13314e-05 0.000248202 0.000475505 
0.0252364 2.93683e-05 0.00406788 0.00182089 0.00289367 1.0427e-07 3.86082e-05 0.00664088 0.00101326 0.958259 9.31863e-08 1.65042e-07 5.37396e-08 
0.000216111 0.00235796 4.68122e-05 0.0903166 0.00290595 0.00112513 2.6965e-05 0.159556 0.0792487 0.47608 6.58738e-05 0.174304 0.0137499 
9.51629e-05 0.000788471 1.01803e-05 0.00133453 0.00288179 3.26433e-05 7.68796e-08 0.00102689 0.00273182 0.972206 8.97692e-05 0.0186605 0.000142615 
9.51629e-05 0.000788471 1.01803e-05 0.00133453 0.00288179 3.26433e-05 7.68796e-08 0.00102689 0.00273182 0.972206 8.97692e-05 0.0186605 0.000142615 
0.00229139 0.00232932 4.70049e-06 0.0371798 0.0294859 0.00192824 0.000118958 0.167409 0.24826 0.480226 8.83708e-06 0.000702555 0.0300553 
0.0102885 0.000142283 9.11433e-09 0.022673 0.0876012 0.0499831 0.274163 0.00615828 1.97866e-06 0.548361 1.68909e-05 0.000609848 1.10468e-06 
1.15571e-05 4.81515e-06 9.64143e-07 0.00569074 2.24935e-05 8.66327e-06 6.76569e-09 1.94527e-06 0.390955 0.603292 3.77416e-06 7.2783e-06 7.74575e-07 
0.0370944 0.000146135 4.89985e-06 0.0893209 0.0432179 0.000158753 7.44074e-06 0.123032 0.136046 0.566924 4.10803e-06 0.003044 0.000999142 
0.0320684 0.00357659 0.264284 0.0972477 0.0114786 0.0277439 4.13433e-05 0.0345049 0.131528 0.320536 0.0238393 0.0217406 0.0314108 
0.000375776 0.000808403 8.65445e-07 0.0238426 0.0354896 0.000517321 4.52042e-05 0.355622 0.168534 0.391639 9.62938e-06 0.00438816 0.0187281 
0.0312926 0.0160041 0.000100757 0.204993 0.0372468 0.0223034 1.82974e-05 0.0924707 0.026888 0.533162 0.00113862 0.0172195 0.0171625 
9.51629e-05 0.000788471 1.01803e-05 0.00133453 0.00288179 3.26433e-05 7.68796e-08 0.00102689 0.00273182 0.972206 8.97692e-05 0.0186605 0.000142615 
0.0149925 0.004127 5.39219e-08 0.218297 0.0180539 2.83921e-07 8.74726e-07 0.0079502 0.35376 0.3789 0.000763089 0.00315499 4.8873e-12 
0.0453261 0.00148312 0.00020838 0.0807851 0.0603478 0.119417 8.03255e-05 0.0257628 0.136069 0.529444 0.00025777 0.000324668 0.000493319 
0.00136387 8.1047e-05 5.79741e-07 0.0403531 0.0113214 0.000760993 0.0012643 0.169496 0.0475373 0.726151 1.6196e-05 0.00101139 0.000642808 
0.0834269 0.00165766 1.69853e-06 0.0950392 0.0368171 6.51247e-07 0.000286859 0.121433 0.0300193 0.627973 3.79593e-05 0.00161677 0.00169018 
0.0332525 0.0162007 0.000378337 0.162635 0.0188364 0.0197914 2.13621e-10 0.0192372 0.164244 0.548053 1.06675e-07 5.39287e-05 0.0173168 
0.00245571 0.00042137 0.000273333 0.034779 0.11127 0.00258181 6.97747e-07 0.0243189 0.0354387 0.785602 0.000128395 0.00272904 4.68521e-07 
0.0186569 0.00198434 0.308028 0.0726484 0.023224 0.0426646 9.91401e-07 0.0344387 0.00585647 0.471164 0.0101216 0.0078376 0.00337498 
0.107129 0.0107686 0.00154879 0.258327 0.231031 0.00625839 9.71117e-06 0.0381758 0.0550792 0.273364 0.00119441 0.000708612 0.0164054 
0.0220236 0.000722121 0.00563789 0.141426 0.0591715 0.000200787 0.000358784 0.0486141 0.137615 0.513571 0.00028507 0.0406467 0.0297273 
5.0771e-09 0.00797068 2.13457e-08 0.00355707 0.000645244 9.23112e-09 2.96336e-08 0.000175922 0.000291933 0.986582 8.24988e-09 0.000683827 9.373e-05 
0.00209918 0.000416424 2.7148e-05 0.250646 0.0483988 0.0693064 5.34906e-07 0.0527457 0.0689914 0.490148 0.000135116 0.0117257 0.0053597 
3.33267e-06 4.25573e-09 4.02995e-09 0.00758714 0.0168273 6.04545e-06 4.32697e-06 0.010764 0.120857 0.843872 7.79154e-05 2.75855e-09 1.73547e-07 
0.0497617 0.0758044 0.0226009 0.0983944 0.0771785 0.043999 4.66904e-05 0.0167781 0.0874972 0.499211 0.00224007 0.0111057 0.0153823 
4.87658e-09 0.00152107 0.000346746 0.143581 0.070438 0.000726713 2.84632e-08 0.00375383 1.95674e-09 0.759641 0.00154421 0.0174126 0.00103493 
0.000202697 8.51519e-08 8.2285e-08 0.0580011 0.000214082 0.00027679 1.36517e-11 0.0951073 0.037767 0.667112 0.000588155 0.125239 0.0154917 
0.0571586 0.00507287 0.00292237 0.110654 0.0587895 0.00558529 0.00289438 0.0373593 0.0652978 0.642759 0.00220428 0.00455772 0.00474492 
1.07364e-07 4.76677e-07 4.51389e-07 0.000185544 0.00115151 1.95207e-07 6.26651e-07 6.22713e-05 0.0143437 0.984252 2.20144e-06 3.0898e-07 1.00608e-07 
0.0409909 0.0154419 1.27613e-06 0.0817346 0.23562 0.00255474 0.017734 0.0624501 1.27709e-06 0.495455 0.0109816 1.27647e-06 0.0370329 
0.0047699 0.033097 2.58014e-06 0.0887337 0.266724 0.0085919 0.000110514 0.13354 0.113382 0.338354 0.000628066 0.000809557 0.0112566 
0.00514328 0.00034307 2.09064e-07 0.0140276 0.0451915 0.0417801 0.00668268 0.0204934 0.00201187 0.842975 0.00793612 0.00392771 0.00948738 
0.000326066 3.5645e-08 1.87634e-08 0.0601001 0.039606 0.139317 3.4588e-11 0.00632117 1.0691e-06 0.750025 0.000296872 0.00259956 0.00140776 
0.00164609 0.00243812 0.00340938 0.0654547 0.0463834 0.0437944 0.00167667 0.161198 0.0407568 0.618151 0.000854991 0.00647147 0.00776482 
1.97722e-07 0.000349061 4.77714e-09 0.000460807 0.00309832 1.60604e-06 1.48936e-06 0.132376 0.0780078 0.78537 1.77537e-07 3.27001e-09 0.000334042 
0.00247483 8.91628e-05 0.000376933 0.0667069 0.0302309 0.162565 1.08212e-07 0.00279475 0.0358066 0.697749 3.1074e-05 0.00108393 9.07645e-05 
0.00320048 0.000416447 0.000146393 0.1023 0.0208909 0.00107654 2.78337e-08 0.078529 0.0030677 0.788182 0.000154204 0.00184536 0.000191582 
0.0597851 0.00420516 0.0182076 0.2896 4.67081e-06 4.66959e-06 4.66594e-06 0.0513838 4.6709e-06 0.545969 0.014481 0.0163449 4.6704e-06 
0.00878631 4.73542e-06 0.000135876 0.00207488 0.151964 0.00967093 9.24362e-10 0.318538 8.67999e-06 0.328898 1.18717e-05 0.144925 0.0349815 
0.00713213 0.00767425 0.00141461 0.037603 0.062939 0.299301 1.95626e-10 0.178224 0.0101123 0.392378 0.0026129 2.5421e-07 0.00060838 
0.00687335 0.00664561 0.000738902 0.120618 0.0345304 0.0377299 9.41868e-05 0.0297545 0.0216399 0.534338 0.00467083 0.140156 0.0622101 
0.00819117 0.000121396 0.0036534 0.146651 0.0609423 0.0165437 0.00222661 0.0924256 0.0287729 0.475881 0.00102796 0.114543 0.0490203 
0.0813395 1.19146e-07 0.0330897 0.187073 0.278563 0.0253823 3.36564e-08 0.00138886 0.0229152 0.364813 0.00358617 0.00167743 0.000170984 
5.51202e-07 0.00592092 1.82919e-07 0.00529613 0.010006 0.308895 1.05483e-05 0.0959575 0.0138428 0.541796 0.0110319 0.00186106 0.00538195 
0.000596333 0.00230977 1.11863e-08 0.10089 0.0300043 0.00872333 1.55296e-08 0.0845018 0.00932394 0.762463 3.15013e-05 7.71977e-05 0.00107843 
0.00690257 9.37571e-05 7.80638e-07 0.0268166 0.138876 7.20879e-06 1.50432e-06 0.061078 0.0152115 0.740778 1.06395e-06 0.010181 5.19504e-05 
0.00202174 0.000164531 1.52843e-07 0.0535002 0.0205447 5.06996e-05 3.46937e-08 0.0720069 0.257972 0.464657 8.80704e-05 0.00322514 0.125769 
0.00138743 8.30396e-05 1.36548e-06 0.10269 0.0297283 0.156016 0.00575076 0.00518796 0.00831405 0.678177 0.00999508 0.00141173 0.00125722 
0.000231496 0.0014004 3.08661e-06 0.131207 0.00898767 0.000419191 4.83854e-08 0.0304902 0.0164467 0.751772 0.00019279 0.0174299 0.0414196 
0.00713141 0.000176644 3.2021e-06 0.00551642 0.0161118 0.0548997 2.7726e-05 0.389128 0.0379285 0.487457 3.4408e-06 0.0004821 0.00113474 
0.00046131 4.89487e-06 7.85923e-05 0.0760823 0.000160753 0.000112809 1.34631e-05 0.0721753 0.0776355 0.767399 0.000159946 0.00372385 0.00199288 
1.11035e-06 4.92979e-06 4.66825e-06 4.42629e-07 5.49506e-07 2.01883e-06 6.48081e-06 4.94513e-07 4.45532e-07 0.999973 1.80423e-06 3.19547e-06 1.04048e-06 
0.0110055 0.0977729 1.25855e-08 0.0857574 0.243145 0.020602 0.00241391 0.0393746 0.0166321 0.469374 0.000860017 0.00184977 0.0112128 
1.12074e-06 0.00282162 0.00153233 0.00100937 0.00420362 0.0714176 6.05753e-05 0.0424504 0.00180478 0.867451 0.00565565 0.00028039 0.00131129 
0.0106025 0.101025 1.62793e-05 0.0511533 0.00887749 0.00218993 2.57582e-05 0.0262174 0.0137559 0.784892 3.07266e-05 0.000668488 0.000545401 
0.0233523 5.82533e-05 0.000153937 0.0665077 0.117698 0.00655764 0.000585229 0.11809 0.114115 0.548164 0.000324528 0.00404368 0.000350601 
0.000107034 4.51162e-06 4.35968e-06 0.02149 5.0573e-06 0.000256063 3.29027e-09 0.0763626 0.0030206 0.804262 0.000393367 0.075384 0.0187107 
0.00783288 0.000785906 0.00669726 0.0737411 0.0201167 0.0058229 4.23653e-06 0.0279462 0.0744866 0.782123 0.000110498 0.000260792 7.22168e-05 
0.0407158 7.0701e-06 6.01152e-05 0.0675931 0.101876 0.00602388 0.001522 0.0866293 0.176428 0.499181 0.00292723 0.00953224 0.00750458 
0.0264872 0.000283012 8.20292e-08 0.0694008 0.09724 0.00284565 5.60491e-06 0.159967 0.0550402 0.529435 2.49458e-06 0.0552459 0.00404637 
1.2399e-05 5.17224e-05 4.99811e-05 0.000437975 5.80057e-05 1.69698e-05 1.98811e-09 0.000184196 0.00030223 0.995961 5.52936e-05 0.00234786 0.000522736 
0.00541647 0.00309105 0.00167382 0.228081 0.032448 0.0849858 5.19938e-06 0.075518 0.124955 0.424932 0.000292265 0.00355967 0.0150418 
0.00242111 0.00512286 0.00010649 0.0523142 0.0586593 0.00303898 0.000277826 0.0823558 0.146062 0.559311 6.2977e-05 0.00687204 0.0833951 
0.000909145 0.0288978 3.84199e-07 0.187376 0.0467545 0.00534682 1.89924e-08 0.0293163 0.0267192 0.674288 0.000108338 0.000142587 0.000140533 
0.127119 0.0203944 0.00561619 0.125357 0.173391 0.0156992 0.00881378 0.0716202 0.0374247 0.411924 0.000483987 0.00021976 0.00193675 
1.84988e-07 1.89328e-07 1.94267e-10 0.0246711 0.000407619 0.000369329 2.69695e-10 0.031817 4.87143e-07 0.94091 0.000198895 1.00372e-06 0.00162433 
0.000139371 0.301802 2.02969e-09 0.213274 0.00404428 8.77757e-10 0.000466092 0.00742024 0.0542047 0.418361 2.30584e-06 0.000284584 8.50334e-07 
0.00249661 0.0055148 0.000137679 0.031623 0.00102555 0.000158903 1.08633e-05 0.000399548 0.0192229 0.938601 0.000514692 0.000179628 0.000114926 
0.00448375 0.00410128 5.31718e-06 0.0322658 0.0240053 5.08441e-05 1.22205e-06 0.200979 0.00382353 0.721403 0.0002253 0.0015013 0.00715407 
0.0227204 0.00291565 3.13424e-05 0.026629 0.0654582 0.000217969 0.000170414 0.00325495 0.0094422 0.852499 0.016004 1.24988e-05 0.000644681 
0.00858222 0.0023169 1.43698e-05 0.0149869 0.0149806 0.0156207 4.60165e-05 0.180286 0.0285518 0.719796 0.000371229 0.0142885 0.00015876 
0.0371862 0.00171669 3.21807e-05 0.342842 0.0803602 0.00891287 3.69197e-09 0.0143189 0.155695 0.356042 0.000349538 0.000944189 0.0016011 
0.00364986 0.0055675 5.79647e-05 0.0363724 0.0280597 0.00600553 2.08564e-06 0.0197555 0.0647518 0.830641 0.000331249 0.000943053 0.00386289 
0.000435726 9.63828e-06 0.000159897 0.00247139 0.0010638 0.000223342 6.8977e-08 0.00625395 0.00428093 0.98431 0.000701713 3.40102e-08 8.9252e-05 
0.00189052 0.000536872 9.05059e-06 0.0451003 0.00825639 0.00312253 0.000531984 0.0274609 0.0231735 0.849484 0.0191818 0.00597797 0.0152741 
0.00200123 0.00410953 0.000461793 0.20229 0.133015 0.00390297 1.50788e-05 0.0737107 0.254933 0.316231 0.000208545 0.00487423 0.00424621 
0.00334096 0.147974 0.000634424 0.14496 0.0696501 0.00039994 0.000161563 0.110807 0.045816 0.436473 0.000426114 0.0222929 0.0170643 
0.000120107 0.000745246 3.63991e-08 0.00452316 0.00280621 6.25734e-08 0.0165422 0.0729853 0.198647 0.672608 0.000393274 0.00768002 0.0229495 
0.00425099 0.00683504 0.000339845 0.0709013 0.0407315 0.0184713 0.000422826 0.102557 0.0229286 0.694757 0.00307912 0.0173144 0.0174112 
0.135971 0.0523245 0.000160202 0.0255901 0.13271 0.0191595 0.00317015 0.116533 0.0441462 0.463911 0.000381408 0.00396434 0.00197868 
0.000961676 0.0654829 7.19783e-08 0.00676685 0.0136171 1.97861e-05 7.3027e-08 0.0194252 0.00601348 0.880031 0.000220329 0.000578521 0.00688312 
0.000310965 0.00658331 0.00257306 0.00115647 0.00182916 0.0100715 2.97132e-05 0.0410669 0.00063881 0.902587 0.00460134 0.00285888 0.0256927 
0.0235718 0.000207757 2.82089e-10 0.0833904 0.108951 0.000206917 0.000502952 0.0412093 0.00365051 0.72015 4.54204e-06 0.00125994 0.0168958 
0.0326844 0.00108448 0.0102212 0.0881841 0.0386736 0.0144337 0.000681664 0.0112482 0.181043 0.607796 0.00915341 0.00102995 0.00376647 
0.0587606 0.00433897 7.06092e-07 0.0710048 0.107851 0.104205 0.00188257 0.122869 0.0512366 0.44085 0.00339664 0.00711488 0.0264892 
0.0137624 0.0157478 1.73947e-06 0.167787 0.0435332 0.000286582 3.9388e-08 0.185983 0.161202 0.26526 2.74985e-05 0.131493 0.0149152 
0.285328 0.000422659 2.29209e-07 0.0263851 0.0666773 0.0096811 1.23801e-07 0.079021 0.0149549 0.510853 0.000887039 0.00406146 0.00172846 
0.0783602 0.000318462 0.0093544 0.231967 0.197297 0.000264005 3.33146e-06 0.0398755 0.100601 0.341367 4.49725e-06 0.000586197 1.74884e-06 
0.0378254 0.0012765 6.18756e-05 0.056379 0.0343582 0.00648813 4.20788e-05 0.0986533 0.0298379 0.675771 0.000291703 0.00200786 0.0570072 
0.000708203 0.000734591 2.22872e-06 0.0362331 0.0766618 0.0289792 0.000999984 0.18295 0.0523962 0.55301 0.00178349 0.00549815 0.0600426 
0.00366774 0.0062333 0.00030287 0.00734258 0.205018 0.000542338 0.0283846 0.0611958 0.0719402 0.611955 0.00280527 0.000539987 7.25023e-05 
0.000310965 0.00658331 0.00257306 0.00115647 0.00182916 0.0100715 2.97132e-05 0.0410669 0.00063881 0.902587 0.00460134 0.00285888 0.0256927 
0.0096591 0.000119342 7.49627e-05 0.137552 0.0223396 0.00440904 8.49204e-06 0.0585593 0.134492 0.628954 0.000185289 0.00186246 0.00178461 
0.054884 0.0114591 0.000242378 0.263225 0.157398 0.0319512 0.000936851 0.0444655 0.102872 0.327581 0.00102963 0.000694268 0.00325972 
0.0105492 0.0020256 0.00102112 0.0750999 0.0231525 0.000748302 1.2427e-09 0.0865839 0.0244849 0.679933 0.00130744 0.0813269 0.013767 
0.00103415 0.00133131 0.000117544 0.00157741 0.0659396 0.0203652 0.0045628 0.0697863 0.144557 0.688925 0.00117518 0.000532842 9.57355e-05 
0.00054175 0.000231678 1.12198e-05 0.0381803 0.0146394 0.0102545 4.45132e-07 0.357754 0.075782 0.479614 9.06167e-06 0.00183511 0.0211468 
0.0208537 0.000199068 3.88736e-07 0.157109 0.0085018 0.004562 7.93226e-09 0.138167 0.136055 0.382267 0.000334014 0.0969301 0.0550213 
0.0726766 0.0144936 0.00696038 0.131928 0.136045 0.00563148 0.00185596 0.0394131 0.141127 0.429279 0.000525688 0.00290835 0.0171564 
0.000821116 2.63566e-05 6.09973e-09 0.00874824 0.000598921 4.74304e-05 2.52704e-05 0.355424 0.00116421 0.618976 1.93165e-05 0.00936227 0.0047869 
6.85658e-06 0.000358124 5.4756e-08 0.310109 0.0394816 0.0872566 8.24647e-11 0.0699216 0.0144847 0.454256 0.00173335 0.00952872 0.0128635 
0.000101388 5.88852e-06 3.16139e-05 0.0238713 0.00336151 0.000327019 1.22668e-07 0.25124 0.00994938 0.569757 3.41503e-08 0.13492 0.00643414 
0.184532 0.000661169 2.4701e-07 0.0717367 0.0508396 0.0481443 0.0051783 0.038025 0.0888343 0.457839 2.13523e-07 0.0539605 0.000249043 
8.30967e-10 3.68936e-09 4.43045e-06 3.82925e-07 0.00425129 1.51085e-09 4.85012e-09 4.51755e-06 0.00143657 0.993631 3.08109e-06 0.000665847 3.34639e-06 
0.0536846 0.00050796 4.60547e-06 0.0421451 0.00802487 0.00769397 6.8521e-05 0.22277 0.0530969 0.590133 0.00024797 0.00321548 0.0184065 
0.0105739 0.00345184 1.26617e-05 0.0471912 0.0822716 0.0102766 6.44207e-07 0.0598558 0.039152 0.687552 7.17031e-06 0.00488242 0.0547723 
0.00130855 0.00363896 4.52235e-05 0.121169 0.0269099 0.00239322 7.7483e-07 0.0192326 0.0314302 0.788852 0.000188781 0.00477915 5.2621e-05 
0.00250791 0.243389 9.12554e-06 0.0410981 0.239697 0.000248403 0.00737055 0.013044 0.0121055 0.439421 0.000628265 1.41072e-05 0.000467451 
6.11855e-07 0.0530269 1.03705e-06 0.12472 0.023174 9.98224e-07 0.000142028 0.067607 1.35599e-06 0.721291 0.000816161 0.00841745 0.000802072 
0.00190953 0.000974634 2.6968e-09 0.00320939 0.00494494 7.87839e-06 3.74389e-09 0.0961198 0.146259 0.737448 3.04227e-06 0.00247542 0.00664854 
0.000480748 0.000118515 0.000581065 0.142124 0.00028931 0.000262531 8.93847e-11 0.00424983 0.107086 0.723652 0.000510521 0.0199759 0.000669543 
0.144889 5.5818e-06 1.79531e-07 0.182678 0.221034 0.000373327 7.35014e-10 0.0769016 0.00708149 0.363437 4.35645e-07 0.00137511 0.00222298 
0.00137096 0.00751886 1.20515e-06 0.150092 0.190399 0.22474 0.000165486 0.0442734 0.0209965 0.317251 0.00203972 0.00215993 0.0389919 
0.00509824 1.59871e-06 4.16102e-10 0.0725832 0.0674752 0.00395621 2.84117e-07 0.0599396 0.267601 0.522419 0.00016947 0.000135275 0.000620471 
0.0049043 1.72952e-05 2.93243e-11 0.166279 0.017959 0.0357486 4.07102e-11 0.143971 9.58829e-07 0.629959 0.000503381 3.87427e-07 0.000657546 
0.146628 6.18069e-07 8.32851e-07 0.0314799 0.0628572 4.86655e-11 1.20309e-06 0.167354 7.29253e-07 0.586267 1.00076e-07 0.00540904 2.53351e-07 
0.00396947 4.32568e-06 3.10822e-07 0.0536685 0.0371355 0.000612036 3.78972e-05 0.0887576 0.00721936 0.797947 0.000155025 4.06248e-05 0.0104528 
0.0202781 5.28208e-08 1.55192e-05 0.0766664 0.0133456 0.00409678 3.84184e-05 0.0577186 0.15392 0.671097 9.26885e-05 0.000932676 0.0017979 
4.32686e-06 0.00216631 4.32414e-06 0.00346622 4.3273e-06 4.32617e-06 4.32278e-06 0.0363539 0.00822634 0.949753 4.32634e-06 4.32528e-06 4.32691e-06 
2.90219e-08 1.28853e-07 1.22017e-07 9.26697e-06 1.43628e-08 5.27673e-08 1.69393e-07 0.000118927 0.00013626 0.999713 4.71584e-08 8.35219e-08 2.17838e-05 
1.14828e-05 0.000276194 2.73831e-06 0.0143964 0.000111534 0.00596264 4.00156e-08 0.0735796 0.00732305 0.819321 0.0032138 0.038901 0.0369007 
0.0522017 0.0668894 0.0179087 0.205972 0.0811334 0.00628664 6.98082e-07 0.141643 0.0772863 0.347456 0.000107797 0.000494018 0.00262005 
3.72732e-07 5.60149e-07 5.40572e-10 0.015104 0.0202378 0.020284 3.84559e-07 0.00323671 0.00341596 0.93586 0.000860667 0.000999649 1.25928e-07 
0.00297807 0.098506 3.8841e-05 0.00230335 0.279638 0.000457393 2.55759e-06 0.0401081 0.0860218 0.488682 0.00106614 0.000186393 1.13976e-05 
0.0182979 0.00266703 3.2082e-07 0.20658 0.0784613 5.44614e-06 3.12317e-05 0.227434 0.18849 0.229973 4.38034e-05 0.00512116 0.0428956 
0.0216785 0.00127672 4.60536e-05 0.208103 0.114686 0.0421415 9.1688e-05 0.0386921 0.212028 0.341244 0.000614406 0.0168161 0.00258152 
1.64091e-10 1.38495e-06 2.4843e-06 0.000300535 8.12076e-11 3.01332e-08 9.57753e-10 1.97391e-07 6.58421e-11 0.99611 0.00358554 4.72236e-10 1.53766e-10 
0.00659972 1.9595e-05 4.84344e-06 0.0328409 0.0584933 0.232665 0.000961788 0.181124 0.0509046 0.424912 0.00036629 0.00281221 0.00829537 
0.000437099 0.00100894 1.01708e-05 0.100185 0.187237 0.000655771 2.99577e-05 0.115104 0.0242601 0.548296 2.8031e-05 0.00154436 0.021203 
0.0683442 0.00517298 9.07971e-07 0.109033 0.144182 0.00407956 9.17885e-06 0.126065 0.178134 0.349758 0.000506644 0.000301448 0.0144121 
0.0768017 0.000399357 0.013217 0.140875 0.0962893 0.0015385 3.43516e-07 0.0991544 0.094976 0.465689 7.00425e-05 0.010804 0.000184661 
0.0279672 8.40667e-08 1.31231e-06 0.00276585 0.0104927 0.00212346 1.10516e-07 1.22938e-05 0.00247159 0.952511 0.000700627 0.000665368 0.000288353 
0.019276 0.000289258 3.11951e-09 0.0247833 0.0280191 0.000390653 4.33073e-09 0.15023 0.0165506 0.757379 0.00178476 2.13534e-09 0.00129701 
0.00317623 2.03945e-05 2.14741e-05 0.0205636 0.000993213 0.0435727 0.00494333 0.387025 0.0415584 0.49153 0.00026894 0.00285223 0.00347414 
0.020719 0.00861455 0.0680416 0.115679 0.0525959 0.0665711 0.00197602 0.0257609 0.211918 0.289228 0.133026 0.00377861 0.00209122 
0.0158271 0.000224574 7.49387e-08 0.102084 0.0362334 0.00116772 0.00469756 0.0368263 0.0528438 0.720996 3.37842e-05 0.000455017 0.0286102 
0.0210687 0.00545359 0.000281521 0.0389448 0.0184926 0.000131886 2.69993e-09 0.263439 0.0215197 0.588573 2.54602e-05 0.000756711 0.0413129 
0.0102473 0.000127131 6.96174e-07 0.0619246 0.0493587 0.00210569 5.48738e-06 0.0433331 0.0324649 0.797615 6.16855e-05 0.00144622 0.00130951 
0.0783127 1.21248e-07 0.299873 0.000244268 0.0480289 9.12558e-05 2.14968e-07 0.000237603 0.0418842 0.523185 0.00811036 2.34781e-05 8.71734e-06 
5.17456e-06 9.16301e-09 6.95962e-05 0.151675 0.0264599 7.4731e-06 1.20459e-08 0.0645886 0.0627723 0.694408 4.86774e-06 8.04249e-06 1.17156e-06 
0.000356977 0.00700908 3.2821e-08 0.00241654 0.0708135 4.62473e-06 4.55644e-08 0.0544838 1.64857e-06 0.864631 2.9288e-05 0.000207626 4.58792e-05 
0.0233457 0.0017438 0.0114658 0.123996 0.144972 0.0123783 0.000221758 0.017064 0.00803034 0.634685 0.00634789 0.00143547 0.0143144 
0.0695486 0.00352831 0.000222536 0.162573 0.0380745 0.00913938 0.00048077 0.135127 0.0470194 0.51934 0.000485277 0.00228851 0.0121732 
0.0135567 0.00348995 0.000306952 0.0489002 0.0217107 0.0436624 0.000348074 0.0466686 0.0329281 0.786465 0.00181033 0.000153142 2.45059e-07 
7.53959e-06 1.19681e-08 3.11948e-07 0.00585124 1.29197e-05 0.000281377 7.52633e-06 0.128858 9.88501e-06 0.864967 2.07111e-06 1.71594e-06 2.526e-09 
1.68817e-05 1.49931e-06 1.44882e-06 0.0184357 1.68121e-06 7.88715e-05 3.55321e-10 0.031639 0.00599512 0.854751 0.000312537 0.0808517 0.00791424 
6.48025e-08 0.287662 3.2316e-07 0.00463169 0.0133032 0.0111657 8.6014e-05 0.0265503 0.00103017 0.469429 0.0025468 0.0771331 0.106462 
0.107892 2.90989e-05 0.000233564 0.21108 0.0438842 0.00281255 7.01429e-06 0.0669492 0.0725528 0.493492 5.26592e-05 0.000614011 0.000400636 
0.00254625 0.0026459 0.00604832 0.0536311 0.18139 1.08777e-06 2.96792e-06 0.129317 0.115666 0.50305 0.00113206 9.47307e-05 0.00447413 
0.0353033 0.000638828 0.000238136 0.0337594 0.120312 0.0179529 0.00348002 0.142644 0.0387489 0.531225 0.000128214 0.0346888 0.0408813 
0.00713213 0.00767425 0.00141461 0.037603 0.062939 0.299301 1.95626e-10 0.178224 0.0101123 0.392378 0.0026129 2.5421e-07 0.00060838 
0.000310965 0.00658331 0.00257306 0.00115647 0.00182916 0.0100715 2.97132e-05 0.0410669 0.00063881 0.902587 0.00460134 0.00285888 0.0256927 
0.0319922 0.00661539 4.37601e-05 0.0138286 0.053968 0.000808077 7.48477e-07 0.0911546 0.00770274 0.787411 0.000254236 0.00475465 0.00146562 
0.0612879 0.00210229 2.21555e-07 0.0348951 0.0272371 0.00867963 0.00897856 0.137546 0.00309611 0.713967 0.000467562 0.00174237 3.1005e-07 
0.000122039 0.000427571 0.000382499 0.120199 0.0838146 0.00526295 0.000475787 0.0747408 0.00147098 0.69697 0.00084379 0.00278162 0.0125082 
6.44611e-05 6.4418e-05 6.44205e-05 6.44685e-05 0.0451918 6.44507e-05 6.44003e-05 0.0903194 6.44688e-05 0.863844 6.44533e-05 6.44374e-05 6.44618e-05 
0.0513869 0.000108396 0.000755407 0.241015 0.142989 0.00802705 2.97467e-05 0.155617 0.0471317 0.304687 0.00208374 0.000895935 0.0452722 
0.0277605 0.00593904 0.0359623 0.108168 0.0530675 0.0514519 4.99041e-05 0.0730896 0.0625919 0.501375 0.000773788 0.0263857 0.0533848 
0.00255046 9.87676e-05 3.24835e-06 0.0558122 0.112547 0.0970708 1.74557e-05 0.12361 0.121171 0.367514 0.0728276 0.0330971 0.0136808 
0.0427435 6.46671e-05 4.82139e-09 1.78293e-05 2.55963e-05 0.17829 6.69341e-09 5.10735e-10 4.60148e-10 0.778841 1.86342e-09 1.41946e-05 3.01e-06 
0.050242 7.44464e-05 4.37339e-06 0.0299319 0.0077879 0.000569476 0.00017396 0.0432278 0.00517795 0.857631 4.182e-05 0.00508625 5.10573e-05 
0.00108843 0.00115788 0.000124153 0.131147 0.00587483 0.0206712 1.15574e-05 0.05719 0.0859915 0.647581 0.000237364 0.00172856 0.0471961 
0.0112041 0.000323137 2.54135e-05 0.102471 0.147433 0.138056 0.0010291 0.209684 0.076913 0.280705 0.0126361 0.00187334 0.0176451 
0.000680014 6.43752e-08 2.32894e-10 0.0173362 0.0172464 0.000539377 3.2332e-10 0.0175203 0.00228327 0.942995 0.000748927 4.37886e-05 0.00060618 
0.0209797 0.0270127 0.003051 0.0664739 0.166376 1.68565e-05 0.0418394 0.114631 0.246164 0.313062 2.3092e-05 1.22233e-05 0.000358125 
0.021185 2.20762e-08 0.035443 0.0642717 0.000379699 0.00155202 3.83821e-05 0.000949944 0.0310288 0.84071 0.0017688 0.00216472 0.000507914 
0.00514328 0.00034307 2.09064e-07 0.0140276 0.0451915 0.0417801 0.00668268 0.0204934 0.00201187 0.842975 0.00793612 0.00392771 0.00948738 
0.00542838 0.0114112 2.2984e-09 0.0694336 0.00434525 0.378607 2.96774e-05 0.133317 0.00385292 0.387188 0.00108713 0.00147712 0.00382323 
1.81329e-07 0.000904417 6.77648e-12 0.117738 0.0233023 2.93055e-12 9.4076e-12 0.0401393 8.43348e-07 0.814134 0.00107847 1.06734e-08 0.00270319 
0.00556114 2.46291e-05 0.0438716 0.00742274 0.000257961 0.0196954 9.05819e-07 0.00776355 0.0310267 0.883019 8.73803e-05 0.00119227 7.68182e-05 
0.0190341 0.000897468 1.3401e-06 0.0289399 0.0495295 0.117392 0.0218271 0.0623882 0.13541 0.382736 0.17642 0.00363395 0.0017899 
0.0394611 0.000118989 9.6079e-05 0.00382905 0.105364 0.000246154 0.125091 0.169801 0.000947631 0.554313 0.000681621 4.14092e-05 8.51505e-06 
0.00486697 0.000296359 1.94433e-07 0.0140826 0.040529 0.0467537 0.0078518 0.0192463 0.00311251 0.817788 0.0331517 0.00375208 0.00856842 
0.0444151 0.00188102 0.000180942 0.262284 0.195303 0.0133929 0.00382647 0.0164808 0.062663 0.355498 0.00367744 0.00101098 0.0393861 
1.07339e-10 4.7657e-10 7.22513e-07 5.56307e-07 5.31215e-11 1.87376e-06 3.76531e-07 3.49027e-07 4.69508e-07 0.993978 0.00206669 0.00395065 1.00585e-10 
0.025901 0.00016233 0.000158369 0.0529975 0.115857 0.135542 4.49937e-06 0.0438598 0.0303552 0.550223 0.0303042 0.00214753 0.0124874 
0.00224411 0.0338631 0.00063283 0.0486373 0.0125381 0.00336091 9.12526e-06 0.182996 0.0118808 0.646495 0.000572394 0.0149497 0.0418204 
0.0587177 0.00434112 0.0964136 0.196663 0.07595 0.0048409 7.01958e-06 0.123799 0.0910414 0.308216 6.04129e-05 0.00129571 0.0386545 
0.000160151 0.000439323 6.40686e-06 0.172481 0.00785397 0.000729221 7.26133e-06 0.147928 0.0537656 0.567854 0.00034196 0.0457836 0.00264855 
0.120704 0.00405527 0.0042005 0.128283 0.150869 0.0221815 3.67728e-05 0.0248756 0.148766 0.333364 0.0418497 0.00224756 0.0185675 
0.000253226 0.000350659 4.70786e-05 0.122783 0.0371447 0.0112281 0.000158338 0.024454 0.0019877 0.781442 0.00704301 0.0122263 0.00088173 
0.000946453 0.0121153 6.27438e-06 0.033468 0.0869262 0.0242151 0.01216 0.0363151 0.00532817 0.786048 0.00222728 0.000209984 3.45883e-05 
0.00163204 5.95412e-05 5.73411e-05 0.0053297 0.0102106 0.000860889 3.78985e-07 0.0902161 0.0344119 0.820379 0.000650971 0.000735186 0.0354567 
9.82033e-05 0.000197176 0.000965435 0.0664433 0.0878663 0.000628102 1.64659e-06 0.205614 0.0305879 0.468608 0.000805241 0.0926833 0.0455013 
2.0219e-05 1.79663e-08 0.00686846 6.33353e-06 2.79384e-05 1.5389e-05 2.36189e-08 1.79947e-05 7.18579e-07 0.992716 0.000327134 1.16457e-08 3.79198e-09 
3.36903e-05 0.00130386 9.45247e-08 0.00171669 0.000646653 0.000530652 3.05293e-06 0.0533666 0.0917711 0.827782 3.19329e-06 0.00178178 0.0210605 
0.00388208 0.000180991 0.00979077 0.118079 0.0311543 0.0117687 0.000158656 0.0414978 0.0231864 0.757169 0.000366501 0.00181581 0.000950492 
0.0465415 0.000781968 0.000856222 0.0900269 0.0152045 0.00208632 4.1298e-07 0.0289496 0.0380425 0.759877 0.0167269 0.000408567 0.00049717 
0.0243113 0.00469741 0.00322168 0.119469 0.172215 0.149856 0.000619978 0.132902 0.0537771 0.321599 0.00373925 0.00173171 0.0118606 
0.000502363 0.0130209 1.49162e-06 0.0411067 0.403923 0.00176297 0.0328089 0.00608813 0.0641893 0.436524 3.7762e-06 6.13978e-05 6.45949e-06 
0.0184038 0.000182121 0.00733104 0.0566779 0.0197598 0.000912617 0.00343399 0.0552253 0.0203994 0.789784 7.0822e-05 0.000480491 0.0273388 
0.0106775 2.66693e-06 0.00720368 0.0763369 2.66898e-06 0.0365583 2.6662e-06 0.0798056 2.66903e-06 0.761919 0.00960889 0.0178765 2.66875e-06 
0.0013052 0.000186838 7.84203e-05 0.10877 0.0354521 0.0124494 0.121391 0.0294768 0.10758 0.572702 0.00855149 0.00165953 0.000396295 
0.0039997 0.0279107 4.9485e-07 0.000303026 0.0286884 0.0149714 4.39397e-06 0.286587 0.000665747 0.633349 9.79005e-06 0.00108311 0.00242698 
0.0144062 0.00575427 0.0170565 0.00842625 0.0113518 0.00250521 2.12813e-05 0.0538395 0.0199875 0.819551 0.00450587 0.0236578 0.0189368 
0.0139375 0.00044904 4.53611e-06 0.0494691 0.044264 0.137605 0.000121132 0.0604204 0.100133 0.589328 0.000148465 0.000959907 0.00315931 
0.00369377 0.000661298 0.000418909 0.187395 0.0986203 0.00673182 0.00062453 0.0267628 0.00802041 0.63672 0.00108379 0.0188038 0.0104641 
0.0182833 0.00336151 9.34577e-06 0.0103279 0.0994907 0.000374566 0.00252276 0.0253107 0.036851 0.784633 0.0130642 0.000695551 0.0050753 
0.00597981 0.0634991 1.34162e-05 0.299972 0.0906371 0.0119772 1.08345e-05 0.0582563 0.0187576 0.408971 0.00627478 0.000360094 0.0352911 
0.00118098 0.0245744 9.17097e-07 0.119496 0.0716422 0.000152704 5.87878e-07 0.0741901 0.000370455 0.378384 2.74343e-05 0.00198131 0.328 
0.0537199 0.0140586 4.92926e-09 0.0034866 0.0198789 1.11422e-06 2.26769e-06 0.220255 0.0409956 0.623593 0.00237586 0.000220883 0.0214128 
0.00623285 0.000871749 8.35834e-05 0.197544 0.0196162 0.00170681 0.000512265 0.0691204 0.0467348 0.491714 0.000997777 0.145669 0.0191962 
0.168702 0.00529591 0.0159347 0.156505 0.0489246 0.00484888 1.88156e-05 0.0492593 0.0201314 0.525538 0.000965358 0.00176937 0.00210726 
0.00370552 0.00300825 1.53942e-05 0.0100244 0.00351284 0.000201379 6.0548e-05 0.39622 0.00522588 0.478567 0.000196436 0.0728013 0.0264612 
0.00965625 7.05346e-05 0.00513849 0.0960669 0.0170396 0.26586 0.000893506 0.0783397 0.00102264 0.506331 0.0156005 0.0020394 0.00194122 
0.063424 0.00106791 5.11492e-05 0.146539 0.0373223 0.000798364 4.18724e-05 0.0425193 0.254623 0.419013 0.0303314 0.00371702 0.000552713 
0.00985861 1.90598e-07 1.80486e-07 0.0045106 0.00273504 0.0177552 2.50564e-07 0.0156421 0.0222372 0.915504 0.000715138 4.36854e-05 0.0109978 
0.000885092 0.000320524 7.98894e-07 0.00516283 0.177206 0.292755 0.00035306 0.000235406 0.00954113 0.49361 0.0155559 0.000129261 0.00424484 
2.7897e-05 1.44456e-05 5.52683e-06 0.00655678 0.00744136 0.000580006 1.16181e-07 0.0850584 0.0236876 0.868254 0.000540019 0.00776718 6.70694e-05 
0.00230966 0.0172357 4.8659e-07 0.0224358 0.0355603 0.0544151 0.000835675 0.0345875 0.0648971 0.754651 0.000155194 0.00886403 0.00405269 
0.00685514 8.19579e-05 1.15418e-06 0.129463 0.024096 0.022076 0.000435849 0.0578042 0.0627091 0.677437 0.00838127 0.00431374 0.00634491 
0.00731288 0.000201514 0.00279018 0.079645 0.182917 0.00577925 5.239e-08 0.0547493 0.148663 0.515702 5.35102e-05 0.00180897 0.000377137 
1.14015e-05 6.69447e-06 0.0094332 0.162483 1.84628e-05 1.59888e-08 5.13271e-08 0.283903 0.0308307 0.513263 1.71026e-05 2.58364e-05 7.98407e-06 
0.00743934 0.00152791 2.74823e-07 0.0336575 0.0254406 8.06755e-05 1.29101e-07 0.088817 0.0511639 0.612691 0.000821078 0.0146604 0.163701 
0.0239997 0.00156213 0.00145918 0.353404 0.105224 0.0062408 0.0373868 0.0127102 0.0582503 0.363696 0.00228897 0.00261344 0.0311637 
0.00966668 0.00193369 0.000320299 0.164243 0.0680337 0.00821961 0.000378009 0.0784276 0.0406067 0.618656 0.000174919 0.00344014 0.00589921 
7.88596e-05 1.66944e-07 1.58088e-07 3.1691e-05 1.86087e-08 6.83665e-08 2.19469e-07 1.89922e-05 1.50877e-08 0.999841 6.10994e-08 2.86931e-05 3.52354e-08 
0.132308 0.00377969 0.00758951 0.152255 0.00578155 0.0124804 0.000134295 0.0693476 0.0545375 0.517579 0.00476764 0.000387267 0.0390532 
1.75104e-05 3.70034e-06 3.57575e-06 0.0184556 4.14928e-06 8.02299e-05 9.00654e-08 0.0251068 0.00600858 0.857573 0.00385038 0.0809591 0.00793756 
0.00486697 0.000296359 1.94433e-07 0.0140826 0.040529 0.0467537 0.0078518 0.0192463 0.00311251 0.817788 0.0331517 0.00375208 0.00856842 
0.000377658 0.000291885 5.1211e-06 0.188731 0.0183241 0.00661081 0.0007326 0.11701 0.00742138 0.6431 0.000544926 0.00116668 0.0156838 
0.0129639 3.98792e-07 6.2828e-05 0.389078 0.00777669 0.0268374 4.72165e-08 0.0358253 0.00641708 0.517399 0.00107962 0.00215038 0.000409422 
0.0174485 0.0327963 2.43486e-05 0.0475264 0.0366299 0.000522743 5.37494e-05 0.0419062 0.0996271 0.701383 5.0604e-05 9.54713e-05 0.021936 
0.229899 3.61771e-05 0.000929883 0.152341 0.00460196 0.00822525 5.63199e-05 0.0201966 0.0600831 0.523255 5.11876e-05 0.000166965 0.000156418 
0.00137096 0.00751886 1.20515e-06 0.150092 0.190399 0.22474 0.000165486 0.0442734 0.0209965 0.317251 0.00203972 0.00215993 0.0389919 
0.00279519 0.00558439 4.14914e-11 0.0346929 7.11062e-06 1.93251e-06 5.76013e-11 0.259831 0.0186435 0.678437 2.11691e-07 1.90317e-07 6.6279e-06 
0.0102885 0.000142283 9.11433e-09 0.022673 0.0876012 0.0499831 0.274163 0.00615828 1.97866e-06 0.548361 1.68909e-05 0.000609848 1.10468e-06 
0.029635 0.000309268 2.04649e-05 0.174342 0.0231962 0.0705652 0.000497631 0.103274 0.122417 0.410262 0.00333732 0.00481354 0.0573304 
0.00190428 9.56964e-07 3.13798e-07 2.80467e-05 0.208296 1.89888e-06 2.41886e-10 0.154875 0.306112 0.328781 1.61683e-07 1.19266e-10 2.75763e-07 
0.000772773 0.000160908 4.60728e-10 0.00339589 0.0111055 0.0005972 0.000559864 0.0130421 0.000397292 0.965989 4.35309e-06 0.000355952 0.00361898 
0.000365824 0.000456296 0.000141081 0.0275944 0.0185112 0.00262142 2.18716e-05 0.0312082 0.0511596 0.864351 0.000188698 0.00317516 0.000205668 
0.0418503 0.00114512 0.000109486 0.144705 0.141587 0.0317067 0.0058666 0.0346142 0.041515 0.535771 0.016248 0.00123828 0.00364368 
1.22224e-08 9.78154e-06 5.13866e-08 0.0164953 0.00916391 2.22226e-08 0.134215 0.00680838 0.00805022 0.824868 0.000153463 0.000218766 1.66489e-05 
0.00744204 0.00053986 2.40035e-07 0.0383019 0.0998121 0.134647 0.000392141 0.141246 0.0866695 0.468941 0.0171165 7.73049e-05 0.00481515 
0.150783 0.000852886 1.76606e-05 0.110277 0.145631 0.0329174 0.00345463 0.0567621 0.236024 0.248505 0.00317465 0.00405643 0.00754397 
6.52219e-08 0.000626042 0.00136742 0.045619 3.05126e-07 8.9266e-08 1.0458e-11 0.00988399 1.58982e-06 0.921837 0.00212357 0.018538 2.74974e-06 
0.0117435 0.00014782 0.00120508 0.0311848 0.0271043 0.00727929 0.000505545 0.0740146 0.0392534 0.774911 7.7234e-05 0.0259654 0.00660832 
0.000231759 2.85747e-07 2.70588e-07 2.56563e-08 9.58724e-06 1.17018e-07 3.7565e-07 5.16232e-05 0.000723113 0.998982 1.0458e-07 1.8522e-07 6.03101e-08 
0.0013256 4.4551e-06 9.95521e-10 0.0118217 0.0661648 2.00384e-07 1.38205e-09 0.0488037 0.0357705 0.836107 5.68975e-07 6.81445e-10 1.83641e-06 
5.67641e-07 3.21211e-06 1.73137e-06 0.00864551 0.000356618 2.49738e-05 1.29717e-07 0.00716454 4.45851e-06 0.983772 2.44167e-06 1.26959e-05 1.06808e-05 
2.18767e-07 2.72241e-07 3.67759e-10 0.000883833 5.4116e-07 4.61376e-07 5.10549e-10 4.09088e-07 3.50984e-11 0.998351 0.000762909 2.54252e-08 1.96805e-07 
0.00786135 7.8268e-05 0.0587928 0.0360071 0.00357115 0.0152786 6.25512e-10 0.0101127 0.123934 0.742961 0.00021113 0.000897473 0.000294508 
0.00137096 0.00751886 1.20515e-06 0.150092 0.190399 0.22474 0.000165486 0.0442734 0.0209965 0.317251 0.00203972 0.00215993 0.0389919 
0.00697643 0.000570208 3.33107e-06 0.0648576 0.176268 0.000274939 4.76662e-05 0.112145 0.0174592 0.60492 1.93515e-06 0.00243929 0.0140362 
2.52624e-05 0.000761457 3.23023e-05 0.00915094 0.024418 9.12364e-05 1.12468e-07 0.14906 0.0368515 0.767771 3.33907e-05 0.00944713 0.00235781 
0.31209 5.93939e-05 0.000247037 0.101677 0.0665441 8.06642e-05 2.68057e-05 0.0466539 0.0150679 0.437566 0.000398519 0.000812718 0.0187753 
0.104049 0.000177709 0.000894897 0.132422 0.0244539 0.0013956 3.28143e-05 0.0560486 0.171968 0.480918 0.000128522 0.00644697 0.0210641 
