0.0400715 0.00533701 0.000152368 0.214215 0.217633 0.0340672 0.000242986 0.0725575 0.158407 0.241912 0.00354033 0.000157813 0.0117065 
4.94058e-05 1.58414e-07 1.53081e-07 0.0552679 1.77659e-07 0.000233939 6.08915e-12 0.0752585 0.0179588 0.584259 0.000931605 0.242343 0.0236968 
6.97882e-05 1.35624e-07 0.000396766 0.000116609 0.000140734 9.14783e-05 8.44541e-06 2.57194e-05 0.000110837 0.998871 0.000122224 4.59458e-05 2.86249e-08 
5.37381e-05 0.000543467 1.08697e-10 0.166985 0.0064283 2.19877e-05 1.11932e-07 0.122396 0.0181768 0.612064 2.77841e-07 0.0465331 0.0267978 
0.0438351 3.3565e-05 0.0203185 0.345236 0.0345967 0.0026563 1.94154e-05 0.0423248 0.0660341 0.408761 0.000534581 0.000459215 0.0351917 
0.0950555 0.0748214 4.04488e-05 0.250314 0.0369105 0.00257145 6.01498e-08 0.103892 0.0579048 0.360193 9.63278e-05 0.00595784 0.0122423 
0.00455741 0.00567562 0.00047688 0.0454243 0.00887623 0.00203826 0.000218126 0.0283108 0.0075059 0.895488 0.000124067 0.000649364 0.000654949 
1.64848e-05 1.09206e-07 1.05529e-07 0.0228196 1.22463e-07 0.000275654 1.61728e-11 0.025151 0.00598661 0.847385 0.000318476 0.0882327 0.00981435 
1.98416e-08 1.2872e-07 2.30896e-07 0.000676568 7.54762e-12 1.26057e-05 8.90158e-11 9.06097e-07 1.18725e-07 0.998735 0.000572697 1.47917e-06 2.11526e-07 
0.0151142 4.81122e-09 4.55598e-09 2.24675e-06 4.29085e-06 7.68603e-06 6.32494e-09 0.197858 4.34817e-10 0.787 1.76084e-09 5.61665e-06 7.92162e-06 
0.000357531 0.000171276 1.28641e-08 0.0507698 0.0182127 0.000155846 1.78589e-08 0.220402 0.0136106 0.663529 4.97186e-09 0.00286411 0.0299267 
0.00704521 0.00023358 5.50685e-06 0.084568 0.044133 0.014686 0.000780425 0.0366098 0.0674212 0.663712 0.0596238 0.009768 0.0114132 
0.015828 0.00214675 5.90373e-06 0.0161286 0.0270073 0.0584315 1.2875e-05 0.164671 0.0629296 0.636823 1.9268e-05 0.0156932 0.000303328 
0.000475509 0.00132027 3.92446e-07 0.362156 0.0655996 0.000187538 3.20988e-06 0.0157469 0.000562206 0.553376 5.72439e-05 0.000282158 0.00023348 
0.000537237 0.000148042 0.00328783 0.00726183 0.00506075 5.62407e-05 1.37654e-06 0.114414 0.00465544 0.863582 7.86144e-06 0.000430454 0.000556821 
0.0191261 0.00193634 1.0078e-05 0.103883 0.0715066 0.0454578 8.80503e-05 0.109029 0.0645877 0.576781 0.000842763 0.00153783 0.00521284 
0.0444932 0.00266591 0.0704359 0.0794914 0.0587777 0.0132982 0.0048552 0.0764973 0.00499048 0.640063 0.000699039 0.00195277 0.00177964 
0.00989368 0.00380003 2.95489e-09 0.251968 0.0411387 0.000657403 0.00118238 0.108333 0.0274325 0.533146 0.000660835 0.000509472 0.0212774 
0.0024363 0.00192834 1.37226e-06 0.072507 0.198588 0.0121445 0.00297665 0.148092 0.0376802 0.505608 0.000280685 0.0173356 0.000422341 
0.00678511 0.000522525 0.000380391 0.0805607 0.0193931 0.000566237 0.00010943 0.00318019 0.0208332 0.858496 3.88551e-06 0.000207167 0.00896218 
0.0250805 0.00954653 9.15588e-05 0.0524779 0.199006 0.0207989 2.38531e-07 0.210991 0.113922 0.305879 0.00047637 0.0564921 0.00523732 
0.0239997 0.00156213 0.00145918 0.353404 0.105224 0.0062408 0.0373868 0.0127102 0.0582503 0.363696 0.00228897 0.00261344 0.0311637 
0.129983 3.14147e-06 1.25543e-05 0.00881802 3.21134e-09 1.49893e-06 3.78742e-08 0.0229916 0.0142441 0.791039 5.04196e-06 0.0268211 0.0060803 
0.000459251 7.75252e-08 7.34124e-08 0.00013783 0.00148893 0.0636671 1.01916e-07 0.000332849 0.000334912 0.933358 2.83732e-08 5.02516e-08 0.000220911 
0.00292446 3.01931e-06 2.91726e-06 2.5392e-05 0.0113257 9.92319e-07 2.75556e-08 0.273616 0.0154856 0.678837 0.0018819 0.000136123 0.0157615 
0.0394203 0.000189089 0.00130977 0.318967 0.0719453 0.0168473 0.000550594 0.0659064 0.021605 0.454429 0.000442723 0.00106146 0.00732674 
0.00284832 0.00139431 7.36263e-07 0.144652 0.0366971 0.000124911 0.00264254 0.163225 0.165347 0.400396 0.000243728 0.0442119 0.0382153 
0.144658 0.00126585 1.58349e-06 0.0399201 0.0550088 0.00379263 1.96968e-05 0.261081 0.167855 0.32283 3.89355e-06 0.000282831 0.00328019 
0.000383981 0.00104614 0.000414768 0.0322486 0.018662 4.82846e-05 6.27283e-08 0.0117956 3.41642e-05 0.934845 0.000197239 0.0002654 5.90929e-05 
0.00147476 0.000492111 1.72402e-05 0.0415036 0.102176 1.86743e-06 1.64569e-07 0.00549148 0.00847854 0.839992 1.30043e-05 7.52587e-06 0.000351974 
0.0441821 2.26621e-07 0.185933 0.097914 0.00547784 0.00779344 6.75602e-10 0.0241227 0.00231157 0.62251 0.00802856 0.000983626 0.000742944 
0.0131438 0.00410195 2.17285e-05 0.0729549 0.207787 0.137601 0.0014612 0.203959 0.119086 0.235441 0.00029467 0.00392615 0.000221309 
0.0493086 0.0498305 8.7138e-07 0.145736 0.133881 0.0739392 2.48679e-06 0.147667 0.0268448 0.275163 0.0767826 0.000197218 0.0206474 
0.00225009 0.00885768 2.64431e-05 0.0575183 0.0238099 0.0385753 0.000747452 0.231695 0.0207682 0.524971 0.000968844 0.0788936 0.0109184 
0.0223687 0.00303499 5.74283e-05 0.0479867 0.187771 0.00171853 0.000325963 0.0191411 0.0323538 0.68354 0.00149605 0.000103343 0.000101855 
0.00341073 0.0279895 0.000183854 0.143395 0.0603627 0.00753265 0.0126073 0.0268591 0.0350576 0.437082 0.000394939 0.121051 0.124074 
0.0200036 0.0111217 2.35622e-08 0.122434 0.0695664 0.00744348 1.31889e-05 0.0336939 0.097736 0.605923 0.000348356 0.00326484 0.0284513 
0.00366258 0.00396488 3.04769e-06 0.0478876 0.0103728 0.0466546 0.00944792 0.12017 3.04997e-06 0.708734 3.04924e-06 0.0234765 0.02562 
0.0680994 0.00120151 0.023611 0.0443653 0.0136981 0.00222936 2.05389e-05 0.0133627 0.0167363 0.81451 0.000215069 0.00185152 9.9199e-05 
0.0125034 0.0010599 3.00313e-06 0.200953 0.0853208 0.0778469 2.22829e-05 0.0251111 0.112875 0.475875 0.000403479 0.00219002 0.00583575 
7.27167e-06 7.26681e-06 7.2671e-06 0.0567329 7.2724e-06 7.27051e-06 7.26481e-06 0.197091 0.18473 0.555565 0.0058239 7.26901e-06 7.27176e-06 
0.0106775 2.66693e-06 0.00720368 0.0763369 2.66898e-06 0.0365583 2.6662e-06 0.0798056 2.66903e-06 0.761919 0.00960889 0.0178765 2.66875e-06 
0.00386121 0.000202451 2.88475e-05 0.184808 0.0153409 0.00164913 0.00144475 0.14853 0.11629 0.513179 4.75318e-05 0.00234787 0.0122703 
0.0167756 3.47777e-06 5.59636e-09 0.0802579 0.00791421 6.75183e-05 7.76927e-09 0.0348152 0.017349 0.837561 1.81284e-06 2.414e-05 0.00523026 
0.0070615 0.0140857 2.23993e-10 0.0519562 0.172199 0.173732 8.13111e-07 0.0462309 0.0457756 0.374888 0.00342524 0.0953214 0.0153239 
0.134254 3.91482e-07 0.0685977 0.0212178 0.335658 2.08693e-06 1.6443e-10 0.0274067 0.0274841 0.384 0.000794358 0.000556332 2.88228e-05 
0.00318093 0.389316 1.89794e-08 0.00158285 0.0992786 0.00146845 3.34534e-07 0.049416 0.00257814 0.452893 0.000209039 5.47043e-05 2.17886e-05 
0.00654875 1.09421e-05 0.0134252 0.198712 0.152156 0.00143445 1.02182e-06 0.0185286 0.0527373 0.524416 0.000494354 0.00917212 0.0223638 
0.028124 8.1411e-05 5.19846e-06 0.0984668 0.249348 0.0292645 0.000285658 0.0194287 0.022295 0.527236 0.0242536 0.000971825 0.000239397 
0.00102425 0.0530579 8.0753e-07 0.0980675 0.0382355 0.00829388 0.000154233 0.154829 0.0250592 0.483396 0.000352048 0.0827445 0.0547853 
0.207194 0.00020371 9.36719e-07 0.120429 0.00349122 9.95011e-05 1.30042e-06 0.0190169 0.0175693 0.631835 3.29908e-06 1.10648e-05 0.000145392 
0.119314 0.00311704 0.00014179 0.148397 0.160531 0.00219318 1.70425e-05 0.0377977 0.090405 0.381921 0.000439927 0.0188401 0.036885 
0.062117 0.00130551 0.000606426 0.0681521 0.185795 0.00106678 5.24474e-06 0.0931685 0.0849168 0.497927 0.00196332 0.00197391 0.00100277 
0.0316284 0.000943834 5.24536e-06 0.118126 0.116974 0.00709552 0.000757832 0.243283 0.16107 0.290113 0.0149128 0.00596448 0.00912609 
0.000388856 1.61474e-06 0.331817 0.0666664 4.70519e-07 0.00218931 5.05975e-06 0.00819653 1.12802e-10 0.5857 0.000102025 0.00155403 0.00337817 
0.0107115 0.0208465 7.9304e-05 0.0419637 0.0222608 0.0794241 0.000594289 0.0656735 0.0121538 0.738008 0.000669266 0.00285882 0.00475639 
0.0130273 0.000861131 0.00029406 0.166757 0.0139515 0.0824572 5.48392e-05 0.119491 0.0456596 0.510565 0.000620919 0.0207288 0.0255325 
0.125457 2.1572e-08 2.04276e-08 0.0045978 0.0539855 9.68066e-06 9.04757e-05 0.0893843 0.0684055 0.65802 1.69335e-06 3.90628e-06 4.39014e-05 
2.24672e-05 0.000981425 1.91827e-07 0.110345 0.00226013 5.29152e-06 3.56219e-08 0.202103 0.0997519 0.487239 6.56742e-06 0.0297927 0.0674923 
9.51629e-05 0.000788471 1.01803e-05 0.00133453 0.00288179 3.26433e-05 7.68796e-08 0.00102689 0.00273182 0.972206 8.97692e-05 0.0186605 0.000142615 
0.00246745 3.91018e-06 1.89267e-05 0.0106326 0.19072 2.57289e-09 1.346e-05 0.0546814 0.00520195 0.736244 2.02595e-07 1.59171e-06 1.50298e-05 
0.00229139 0.00232932 4.70049e-06 0.0371798 0.0294859 0.00192824 0.000118958 0.167409 0.24826 0.480226 8.83708e-06 0.000702555 0.0300553 
0.0139477 0.00390676 5.57336e-06 0.00948737 5.57742e-06 5.57597e-06 5.5716e-06 5.57745e-06 5.57753e-06 0.935248 0.037366 5.57482e-06 5.57693e-06 
0.00746293 0.020332 5.32376e-05 0.0946036 0.0494339 0.0470661 0.000259822 0.243699 0.234549 0.28715 0.0002939 0.00029646 0.0148 
0.00999308 1.17759e-06 3.5094e-05 0.216838 0.0210432 0.00084387 2.35317e-06 0.0353716 0.311242 0.403431 6.50898e-06 0.000696457 0.000495483 
0.0332525 0.0162007 0.000378337 0.162635 0.0188364 0.0197914 2.13621e-10 0.0192372 0.164244 0.548053 1.06675e-07 5.39287e-05 0.0173168 
0.0538327 0.000199457 1.31247e-06 3.20388e-05 0.057369 1.73078e-05 6.78457e-09 0.00268761 2.86488e-05 0.880467 1.24147e-06 1.04672e-07 0.00536379 
0.000169979 2.29517e-08 0.000448649 0.0020955 0.0062662 0.00087227 6.12764e-11 1.21421e-08 1.29244e-06 0.939246 0.0508152 7.42528e-05 1.02699e-05 
0.0309991 8.4148e-05 1.73614e-06 0.15169 0.0134954 5.49005e-06 3.25607e-09 0.150797 0.0783606 0.568384 1.58868e-05 0.00374035 0.00242541 
0.31209 5.93939e-05 0.000247037 0.101677 0.0665441 8.06642e-05 2.68057e-05 0.0466539 0.0150679 0.437566 0.000398519 0.000812718 0.0187753 
0.0010916 0.0622375 4.17324e-05 0.0196954 0.034946 0.00180368 7.99903e-06 0.0414576 0.00716342 0.826666 0.000265063 0.000685469 0.00393888 
2.38022e-07 1.05678e-06 0.000301216 0.00175546 0.000600875 4.32768e-07 1.38926e-06 1.06007e-07 9.55068e-08 0.9955 0.00019377 0.00164469 2.23044e-07 
2.81464e-06 1.90464e-08 1.8036e-08 0.0109611 0.0193698 3.85462e-05 2.50389e-08 0.0730113 0.00492721 0.891522 1.41295e-06 1.23458e-08 0.000165457 
0.0128498 0.00136049 0.000856432 0.0753348 0.0256257 0.0312151 0.000771714 0.259213 0.0552454 0.528605 0.00122325 0.00145088 0.00624875 
0.00233036 0.000432165 4.42605e-05 0.104133 0.0601703 0.00248633 9.82256e-06 0.0127 0.0069376 0.752383 0.00209927 0.00151413 0.0547602 
4.06965e-07 5.11135e-07 0.000179985 0.0436685 5.42689e-07 9.13475e-07 8.32825e-11 0.00503939 0.00164696 0.94922 0.000141938 0.000100191 1.86754e-07 
0.000547099 0.000313722 3.36606e-05 0.0402052 0.000977239 0.000161007 9.25175e-06 3.33699e-05 0.0180769 0.939565 2.28078e-05 5.37719e-05 1.30961e-06 
0.0112041 0.000323137 2.54135e-05 0.102471 0.147433 0.138056 0.0010291 0.209684 0.076913 0.280705 0.0126361 0.00187334 0.0176451 
0.00025117 0.00568648 7.59999e-06 0.00241393 0.383407 4.68387e-09 1.35911e-05 0.00342746 3.48381e-05 0.604751 1.42814e-06 4.80269e-06 2.41402e-09 
1.07339e-10 4.7657e-10 7.22513e-07 5.56307e-07 5.31215e-11 1.87376e-06 3.76531e-07 3.49027e-07 4.69508e-07 0.993978 0.00206669 0.00395065 1.00585e-10 
0.0532606 0.000824947 0.000251637 0.00662988 0.0303199 0.0425987 0.000174153 0.179143 0.0549923 0.623946 0.00174238 0.00533734 0.000779213 
0.00923535 0.00113753 0.000471393 0.152922 0.166585 0.00107617 1.77192e-05 0.0913644 0.0394392 0.498185 0.0313657 0.00223874 0.00596073 
3.40156e-05 0.0001419 0.0009313 0.00279466 0.00015908 4.65614e-05 8.1413e-08 0.000729624 0.00804741 0.958553 0.00073733 0.0263919 0.00143355 
0.000770288 6.22566e-07 1.42708e-09 0.172869 0.0606466 7.09569e-05 7.5049e-08 0.0951388 0.0396354 0.42396 1.60916e-07 0.205135 0.00177296 
1.6446e-06 6.76442e-05 0.000248276 0.00153226 0.0494143 0.00060379 2.32312e-05 0.00170203 0.00108391 0.944214 0.00110926 1.19814e-07 1.17997e-10 
0.00164609 0.00243812 0.00340938 0.0654547 0.0463834 0.0437944 0.00167667 0.161198 0.0407568 0.618151 0.000854991 0.00647147 0.00776482 
0.0444956 0.0210689 1.53143e-07 0.0322642 0.0699225 0.0669326 0.00545817 0.0711245 0.133442 0.53872 0.00295414 0.00486342 0.00875356 
0.145915 0.000141397 0.000123659 0.0114726 0.0591857 0.0477446 7.01593e-06 0.0179919 0.0158095 0.684102 0.00100815 0.00838113 0.00811693 
1.80674e-05 0.0113695 4.13645e-05 0.107309 0.00164994 0.00435255 1.51966e-07 0.140383 2.24095e-05 0.698337 0.000111877 0.0295602 0.00684378 
0.056808 0.000182997 5.5978e-05 0.0133663 0.142945 0.0133602 4.50426e-09 0.12065 0.0424195 0.592107 0.000472492 0.0124521 0.00518079 
0.000569023 0.00183966 6.94844e-08 0.0037354 0.00702929 7.16252e-07 9.94942e-06 0.148858 0.04215 0.795577 2.68446e-05 8.18724e-07 0.000202799 
0.000655168 6.1123e-05 1.67186e-06 0.00945511 0.000986126 3.4633e-05 0.000199962 0.0707347 0.000139872 0.901834 3.28518e-06 0.00741467 0.00847977 
0.00087078 2.3256e-05 9.9655e-07 0.0513839 0.0557869 7.81113e-06 0.000164907 0.0279349 0.0364587 0.596293 3.14576e-06 0.192711 0.0383608 
0.000923639 0.0454824 3.49459e-05 0.0537222 0.0146168 0.0442846 3.92206e-05 0.107832 0.0343851 0.618546 0.000280028 0.0731776 0.00667495 
0.0274039 0.00014179 1.09759e-06 0.142332 0.149488 0.143699 0.00489329 0.0315905 0.00508714 0.493911 4.86023e-06 0.000597708 0.00084961 
0.000288757 0.00331687 4.7227e-06 0.0823891 0.0548809 0.0138568 2.75146e-06 0.156851 0.0150483 0.505404 1.94883e-05 0.0108315 0.157106 
0.0890302 0.00324783 0.000159994 0.0943022 0.000259998 3.08316e-05 6.21395e-06 0.0400077 0.122146 0.648613 1.16703e-05 0.000599483 0.0015844 
0.0330702 0.000220915 1.80062e-07 0.00517128 0.0522238 3.41812e-05 2.49975e-07 0.116173 0.0932852 0.674778 6.95921e-08 0.00144933 0.0235935 
0.00932486 0.000352936 0.000192143 0.034538 0.0233431 0.0223689 0.000727475 0.142342 0.266204 0.463586 0.00284844 0.0257064 0.00846521 
0.000101819 0.128362 4.91437e-08 0.292903 0.113198 0.000170462 3.68221e-08 0.0441417 0.0112254 0.385672 0.000170017 0.0100701 0.0139866 
0.0813395 1.19146e-07 0.0330897 0.187073 0.278563 0.0253823 3.36564e-08 0.00138886 0.0229152 0.364813 0.00358617 0.00167743 0.000170984 
9.33408e-05 9.32785e-05 9.32822e-05 0.31749 9.33502e-05 9.33259e-05 9.32528e-05 9.33506e-05 9.3352e-05 0.681484 9.33295e-05 9.33066e-05 9.33419e-05 
0.00420518 0.0455048 1.92452e-06 0.0427323 0.217316 0.0038866 5.11367e-07 0.0802877 0.0583333 0.515622 0.000176845 0.0265 0.00543247 
7.05387e-06 2.94961e-05 2.84804e-05 0.0874009 0.0030237 9.7729e-06 1.54125e-06 0.000191885 0.0201049 0.887564 3.0709e-05 0.00128651 0.000321375 
0.00226246 0.155716 1.06917e-06 0.00134945 0.000592638 0.000180027 1.74948e-07 0.125018 0.232305 0.321523 0.0174353 0.14091 0.00270668 
0.00690257 9.37571e-05 7.80638e-07 0.0268166 0.138876 7.20879e-06 1.50432e-06 0.061078 0.0152115 0.740778 1.06395e-06 0.010181 5.19504e-05 
0.00389764 0.00610874 0.0462288 0.0395141 0.0700974 0.265185 0.000263935 0.0137345 0.0196504 0.533749 0.000890457 9.794e-05 0.000581904 
0.041359 0.000803844 0.0620001 0.244084 0.078983 0.0128379 0.000860438 0.0370808 0.0883161 0.421594 0.00409343 0.00121833 0.00676963 
0.0108179 0.00785191 0.00102035 0.113966 0.0383624 0.010248 0.00987875 0.0192218 0.0718999 0.702238 2.46372e-05 0.000419905 0.0140502 
0.000231496 0.0014004 3.08661e-06 0.131207 0.00898767 0.000419191 4.83854e-08 0.0304902 0.0164467 0.751772 0.00019279 0.0174299 0.0414196 
0.003384 1.25852e-05 3.26199e-10 0.0425625 0.180401 0.205883 4.30024e-05 0.152418 0.0756487 0.216032 0.0921018 0.0311196 0.000393607 
0.000490359 9.4518e-05 5.04753e-10 0.00511339 0.00895002 0.000840235 0.000408939 0.0213514 0.00453054 0.955063 1.28206e-05 0.00165783 0.00148693 
0.0183153 0.002826 0.000282348 0.0766389 0.0218559 0.0215567 0.000126738 0.200643 0.169176 0.431267 0.000969075 0.00433916 0.0520039 
0.00715575 0.00299339 0.000126499 0.0323963 0.0500512 0.00888435 0.00689229 0.130151 0.141055 0.617144 1.29291e-05 2.25943e-05 0.00311502 
0.00761983 0.00212557 0.000945627 0.198671 0.146124 0.118919 0.00152518 0.0806336 0.215076 0.215448 0.00450585 0.0074533 0.000953165 
7.75802e-06 0.00032879 5.92335e-07 0.1714 0.00495151 7.12473e-05 6.4073e-08 0.0643724 0.0511695 0.686691 0.000335469 0.0129773 0.00769503 
3.22099e-11 1.34441e-06 3.6577e-07 2.45259e-07 0.00172198 5.85636e-11 1.88e-10 0.0152684 1.29243e-11 0.978056 5.23385e-11 9.26964e-11 0.00495119 
0.0200921 1.0568e-05 2.507e-07 0.0576079 0.00936942 2.16872e-06 5.492e-07 0.0426106 0.259201 0.585542 9.97419e-06 0.00523408 0.0203185 
0.000221807 0.00295949 1.53997e-10 0.00121022 0.00122763 6.64263e-06 4.10775e-07 0.119836 0.0817102 0.792712 1.44774e-08 1.40153e-05 0.000101368 
0.31209 5.93939e-05 0.000247037 0.101677 0.0665441 8.06642e-05 2.68057e-05 0.0466539 0.0150679 0.437566 0.000398519 0.000812718 0.0187753 
0.00452755 0.000564325 6.6747e-09 0.0441097 0.260699 2.55111e-07 3.85934e-12 0.0708034 0.0137428 0.597249 0.000334731 0.00791095 5.81635e-05 
0.035496 0.000147103 0.073886 0.0438269 0.0997525 0.0870082 0.00999892 0.00467603 0.00618543 0.587455 0.0435409 0.000639847 0.00738748 
0.000697673 0.340712 1.4023e-06 1.2481e-05 0.0290082 0.00496551 1.94677e-06 0.21461 0.00401957 0.405951 3.6462e-06 1.64718e-05 3.12552e-07 
0.000169979 2.29517e-08 0.000448649 0.0020955 0.0062662 0.00087227 6.12764e-11 1.21421e-08 1.29244e-06 0.939246 0.0508152 7.42528e-05 1.02699e-05 
0.011416 0.00518563 0.000103297 0.0998646 0.0535403 0.0113872 0.00197172 0.140155 0.274733 0.377913 0.000294457 0.0107366 0.0127002 
0.000149511 0.00121012 4.83493e-08 0.00328237 0.00159982 0.000209112 6.7122e-08 0.00253883 0.00151952 0.976766 0.000575562 0.00221082 0.00993795 
0.000433509 0.000842251 0.000353922 0.124189 0.0268348 0.0368721 1.56398e-07 0.110015 0.0381156 0.657938 8.95476e-05 0.00204887 0.00226701 
0.0167706 0.0117484 0.000289662 0.048423 0.0997289 0.018424 0.000990292 0.122238 0.0449183 0.620423 0.00348701 0.0044872 0.00807095 
0.20738 0.00070177 3.11323e-05 0.371016 0.00738062 0.00110116 1.16779e-08 5.85443e-05 0.00209085 0.410076 2.99133e-05 9.04063e-05 4.33114e-05 
0.020719 0.00861455 0.0680416 0.115679 0.0525959 0.0665711 0.00197602 0.0257609 0.211918 0.289228 0.133026 0.00377861 0.00209122 
0.0015696 0.00044218 1.62146e-06 0.0309061 0.0446646 0.233927 0.000597508 0.00183217 0.000979781 0.567253 0.116823 0.000644829 0.000357844 
0.00713213 0.00767425 0.00141461 0.037603 0.062939 0.299301 1.95626e-10 0.178224 0.0101123 0.392378 0.0026129 2.5421e-07 0.00060838 
0.107129 0.0107686 0.00154879 0.258327 0.231031 0.00625839 9.71117e-06 0.0381758 0.0550792 0.273364 0.00119441 0.000708612 0.0164054 
0.133292 0.000131071 0.00223727 0.290172 0.0370304 0.031922 0.00104113 0.0404557 0.165363 0.294896 0.000260745 0.000185372 0.00301346 
0.00168048 8.17945e-06 0.00275446 0.0149349 0.00704851 0.000993067 3.17446e-05 0.00460393 0.0111211 0.955588 0.000846993 0.000386768 1.80188e-06 
1.2843e-06 3.10864e-06 1.74175e-10 0.00958183 3.23118e-06 2.36968e-05 2.41802e-10 0.0428581 0.0673621 0.876723 0.000767305 0.00267491 1.75087e-06 
0.00858222 0.0023169 1.43698e-05 0.0149869 0.0149806 0.0156207 4.60165e-05 0.180286 0.0285518 0.719796 0.000371229 0.0142885 0.00015876 
2.35835e-05 0.000581098 7.05006e-08 0.000690496 8.36606e-05 6.22274e-06 0.000908391 0.0260395 0.0319191 0.939226 6.24748e-05 0.000447572 1.19317e-05 
0.00364986 0.0055675 5.79647e-05 0.0363724 0.0280597 0.00600553 2.08564e-06 0.0197555 0.0647518 0.830641 0.000331249 0.000943053 0.00386289 
0.0261964 0.128871 2.88986e-07 0.0774362 0.0139455 3.20563e-05 4.81992e-08 0.0686807 0.0977143 0.53031 1.86397e-06 0.0100133 0.046798 
0.00141713 0.000188371 0.0103886 0.0411208 0.00634831 0.0111949 0.000289898 0.0163815 4.28112e-05 0.911082 0.00114561 0.00017268 0.000227676 
1.04575e-05 6.20277e-05 2.74575e-06 0.00194274 0.0355867 0.000119286 3.81185e-06 0.000340773 0.0839974 0.875204 1.63288e-05 0.00257377 0.000140262 
0.00147973 0.000599195 1.85748e-05 0.0327203 0.0664235 0.000233152 4.43088e-06 0.0117219 0.00572114 0.864982 4.76268e-05 0.000418659 0.0156296 
2.62428e-08 1.16514e-07 0.000560516 0.000173605 1.29874e-08 0.0016019 1.53171e-07 1.75329e-06 4.17329e-05 0.996417 0.00112427 7.88537e-05 2.45915e-08 
0.00408598 0.00404248 0.000168386 0.120987 0.0210747 0.0334557 8.90553e-06 0.113814 0.0737697 0.581159 0.00240797 0.00982051 0.0352055 
0.0488997 9.32558e-07 0.0667751 0.390583 9.33275e-07 0.0579422 9.32301e-07 0.00644056 9.33293e-07 0.391472 0.0300457 0.00783678 9.33192e-07 
0.00529908 0.000299531 5.61491e-05 0.078224 0.108349 0.000855207 0.000394709 0.134553 0.150103 0.50944 1.77395e-05 0.00741063 0.00499752 
0.0482445 0.000389477 2.51745e-07 0.0224431 0.0216058 1.08869e-07 2.64395e-06 0.0801629 0.0186172 0.799729 4.40206e-06 2.13985e-06 0.00879886 
0.000961676 0.0654829 7.19783e-08 0.00676685 0.0136171 1.97861e-05 7.3027e-08 0.0194252 0.00601348 0.880031 0.000220329 0.000578521 0.00688312 
0.0704136 0.00179767 0.00950755 0.136156 0.113835 0.0319026 0.00239919 0.0148462 0.0614948 0.498657 0.0441042 0.00256383 0.012321 
0.001026 0.00101044 9.10986e-10 0.0433798 0.0492958 0.0161122 3.97797e-06 0.0285547 0.129605 0.722409 0.00655505 0.00158088 0.000466523 
0.000107059 4.48177e-05 2.67768e-07 0.000121127 0.00020829 1.15799e-07 3.71735e-07 2.8365e-08 0.000257425 0.997069 3.50304e-05 0.0021493 7.22128e-06 
0.0137624 0.0157478 1.73947e-06 0.167787 0.0435332 0.000286582 3.9388e-08 0.185983 0.161202 0.26526 2.74985e-05 0.131493 0.0149152 
0.00239265 6.48344e-05 3.46745e-07 9.17325e-07 6.7793e-11 0.00208226 8.17387e-05 0.0265892 0.000419299 0.96767 8.94163e-08 0.000698586 1.28365e-10 
0.0102885 0.000142283 9.11433e-09 0.022673 0.0876012 0.0499831 0.274163 0.00615828 1.97866e-06 0.548361 1.68909e-05 0.000609848 1.10468e-06 
5.62927e-07 0.000130695 8.22822e-08 0.0268702 0.00709076 0.304547 2.80089e-07 0.139748 0.0354141 0.483831 0.00221928 3.32398e-05 0.000114429 
0.0510263 0.00873397 0.000528129 0.00835074 0.022696 0.00476609 0.000726924 0.200366 0.0105401 0.672826 2.37839e-05 0.0130993 0.00631662 
0.486052 0.000142541 4.21679e-08 3.99822e-09 0.000277967 1.82359e-08 5.85405e-08 0.000119717 0.000187543 0.51322 1.62975e-08 2.88643e-08 9.39859e-09 
0.000310965 0.00658331 0.00257306 0.00115647 0.00182916 0.0100715 2.97132e-05 0.0410669 0.00063881 0.902587 0.00460134 0.00285888 0.0256927 
0.0020279 0.000598494 0.00211201 0.295002 0.00122604 0.000283355 2.15754e-06 0.00022493 0.0425337 0.655124 0.000701168 0.000136551 2.79799e-05 
0.00140365 0.00160586 4.79751e-06 0.00909919 0.0557105 9.62874e-05 1.95265e-06 0.167823 0.0392331 0.71918 0.000156499 4.00481e-06 0.00568093 
0.00928984 0.000346301 5.94541e-05 0.0309844 0.0970412 0.0247027 2.00324e-06 0.0727966 0.00292193 0.742671 8.1894e-05 0.00858294 0.0105201 
0.0096591 0.000119342 7.49627e-05 0.137552 0.0223396 0.00440904 8.49204e-06 0.0585593 0.134492 0.628954 0.000185289 0.00186246 0.00178461 
2.33559e-06 2.11709e-05 4.0913e-10 1.56916e-05 0.427771 1.90557e-05 5.67984e-10 5.98606e-05 2.91758e-05 0.572014 2.0874e-06 2.80054e-10 6.53551e-05 
0.0556381 0.000391246 2.40068e-05 0.0567684 0.0359085 0.0428526 7.57045e-05 0.103001 0.0158105 0.687279 8.17605e-05 0.00165201 0.000517162 
0.0273876 5.41278e-06 1.39198e-06 0.219232 3.99539e-11 1.46786e-10 4.71211e-10 0.00410337 0.0956359 0.653632 3.93682e-07 1.51044e-06 7.56523e-11 
0.0064968 0.00166564 1.77465e-07 0.11447 0.0312274 4.61332e-05 3.55807e-07 0.185756 0.108863 0.519892 0.00139103 1.56239e-07 0.0301908 
0.000812062 0.0028238 5.77873e-05 0.238412 0.00750221 0.000589619 5.74881e-05 0.138905 0.0227849 0.475154 0.0004963 0.0940178 0.0183872 
0.00789198 0.00267414 1.18748e-11 0.260721 0.0212738 0.00291532 5.29912e-08 0.254158 0.152332 0.266423 0.000317496 1.68565e-07 0.0312923 
0.00156091 0.000322536 2.17746e-06 0.00550742 0.194705 0.000126731 6.46219e-05 0.103372 0.184415 0.509329 2.17187e-05 0.000551892 2.0618e-05 
0.00355946 0.000138243 3.31014e-05 0.00266353 0.0404184 0.00378166 3.46581e-07 0.405282 0.0235505 0.518435 2.46449e-05 0.000987417 0.00112599 
0.000387739 0.000157159 1.36267e-07 0.0266405 0.000435802 0.000422577 7.56049e-11 0.0383469 0.011898 0.879085 0.000399506 0.0375777 0.0046488 
0.0147634 0.00117065 4.94539e-06 0.130321 0.0243433 0.00187767 4.3426e-05 0.0105764 0.0433551 0.771068 0.000743043 0.000540083 0.00119282 
1.98416e-08 1.2872e-07 2.30896e-07 0.000676568 7.54762e-12 1.26057e-05 8.90158e-11 9.06097e-07 1.18725e-07 0.998735 0.000572697 1.47917e-06 2.11526e-07 
8.49919e-07 8.49351e-07 8.49385e-07 0.127759 0.0905266 8.49783e-07 8.49118e-07 0.179013 0.207151 0.360538 0.00620451 0.0248095 0.00399552 
0.00291739 0.0164146 4.98415e-05 0.115432 0.19054 0.00017852 4.31467e-07 0.0236454 0.0915723 0.515184 0.000237909 0.0115223 0.0323054 
0.0772219 6.72479e-07 4.08181e-11 0.0688318 0.125041 1.76522e-11 5.66667e-11 0.0776189 0.133098 0.518181 2.72936e-07 2.79404e-11 6.26018e-06 
1.59721e-05 1.79128e-05 6.7823e-09 6.43076e-10 0.291316 2.93307e-09 9.41569e-09 0.305146 0.0777822 0.325722 2.62129e-09 4.64256e-09 1.52679e-07 
0.0454569 0.00689516 0.00035999 0.101409 0.0122544 5.44955e-05 0.00364749 0.164539 0.11902 0.319225 0.00204497 0.00288951 0.222205 
0.00381534 0.00642947 1.65604e-09 0.0387918 0.0360416 0.000899664 2.29904e-09 1.269e-06 0.00105034 0.912968 3.93882e-07 7.76951e-07 1.51893e-06 
0.00596228 0.339346 1.36295e-06 0.0171658 0.197712 0.00180512 6.87895e-05 0.0165745 0.013049 0.407761 0.000347581 4.37687e-05 0.000162928 
0.0142489 0.00706734 7.67014e-06 0.0242691 0.0385522 0.0109251 1.11175e-06 0.31333 0.0543376 0.456695 0.000667206 0.00964829 0.0702508 
0.0463266 0.000261096 0.000236535 0.226645 0.0228699 0.0868207 0.00124718 0.0608417 0.0861469 0.395982 0.0134701 0.0285521 0.0305995 
0.000276214 0.0127604 1.06029e-06 0.0247592 0.0678543 0.00904916 7.5349e-09 0.0389254 0.00254156 0.83688 2.71042e-07 0.000134344 0.00681819 
1.50005e-07 6.65996e-07 6.30664e-07 5.97975e-08 1.64744e-05 2.72736e-07 8.75534e-07 6.68069e-08 3.10866e-05 0.999949 2.43745e-07 4.31696e-07 1.40566e-07 
0.0167756 3.47777e-06 5.59636e-09 0.0802579 0.00791421 6.75183e-05 7.76927e-09 0.0348152 0.017349 0.837561 1.81284e-06 2.414e-05 0.00523026 
0.0177749 0.0277046 7.93303e-08 0.0443782 0.0339828 5.07407e-05 4.27363e-06 0.116463 0.0554976 0.703183 7.70522e-06 1.81775e-05 0.000934709 
0.0344672 2.5023e-06 0.0375238 0.371875 0.00486454 0.0153579 0.000435022 0.00810773 0.015711 0.484191 0.00314687 0.00580009 0.0185174 
0.000407786 8.33679e-07 0.00569054 0.0742768 2.31577e-10 2.60319e-06 2.73119e-09 0.0370755 1.87759e-10 0.88075 9.66756e-07 3.52897e-07 0.0017947 
2.40937e-07 0.0024448 0.000287026 0.000152549 2.72006e-06 1.65705e-09 1.36989e-07 5.60222e-07 2.22315e-07 0.996834 0.000277249 2.59687e-11 1.58976e-07 
0.00158622 0.00767014 3.33301e-11 0.0501949 0.0351941 0.00754293 0.00297033 0.0338602 3.81685e-06 0.85672 1.53306e-07 0.00351414 0.000742731 
0.000143782 1.2003e-05 0.00012678 0.118404 2.74988e-05 0.000371527 2.00276e-08 0.000709052 2.14773e-05 0.878842 0.000432347 0.000776063 0.000132685 
7.40063e-05 1.45076e-06 9.39962e-06 0.000411383 0.00185876 1.94767e-07 0.000209213 0.257592 0.0372705 0.689789 2.88072e-06 0.0119257 0.000855812 
0.0154204 9.11897e-06 5.99881e-08 0.0539213 0.122739 0.18114 8.59288e-06 0.0122045 0.0746514 0.300581 0.238507 0.000339079 0.000477489 
0.0682026 0.00318631 1.97469e-06 0.0891507 0.0636393 0.0113466 5.7166e-06 0.139306 0.04005 0.58278 9.25505e-05 0.0020363 0.000202195 
0.00128903 0.0509688 4.12241e-06 0.0638789 0.033916 0.00888405 0.000331535 0.333314 0.033297 0.468652 9.23537e-05 0.00403191 0.0013402 
0.00389617 0.00135792 0.0088962 0.0688105 0.24507 0.119687 0.00176263 0.0495881 0.12075 0.37402 0.00550729 0.000345309 0.000309806 
0.0178954 0.0147036 0.00292818 0.217246 0.0336732 0.0130333 5.38606e-06 0.0427169 0.0665817 0.476603 0.00375242 0.0733031 0.0375584 
0.00954838 0.000544957 0.00195585 0.234044 0.0318699 0.00739131 0.000384406 0.0310264 0.112976 0.539577 0.000576344 0.00275728 0.0273479 
0.000407122 0.000979704 4.16113e-08 0.377605 0.0635925 0.000133057 1.43851e-07 0.0115584 0.000414415 0.544834 4.46821e-05 0.000206942 0.000223356 
0.21714 0.0700009 7.80595e-07 0.0166804 0.176232 0.0576835 0.000101222 0.0418676 0.0313188 0.380998 0.00239895 0.000859204 0.0047186 
0.0575929 0.0121773 0.000958943 0.0325799 0.0302781 0.00529179 0.000221637 0.201058 0.236219 0.280832 2.26147e-06 0.0723059 0.0704825 
3.72732e-07 5.60149e-07 5.40572e-10 0.015104 0.0202378 0.020284 3.84559e-07 0.00323671 0.00341596 0.93586 0.000860667 0.000999649 1.25928e-07 
8.07215e-11 7.06064e-06 1.05241e-06 1.87409e-05 0.0452265 4.34445e-06 4.71148e-10 1.11091e-06 0.0841908 0.864065 0.00187438 0.00461122 1.74053e-07 
0.000729913 0.000274425 8.65416e-06 0.0401358 0.0144217 0.00269183 0.00334132 0.221298 0.0923723 0.521771 2.00603e-05 0.0010416 0.101894 
0.00383292 0.000822406 3.41917e-08 0.00750308 0.118979 0.000288833 4.74674e-08 0.173549 0.0270449 0.622575 1.76784e-05 0.0451563 0.000231653 
0.000537621 0.000651165 2.94146e-09 0.00975598 0.0122145 0.000942443 4.08355e-09 0.00498777 0.0028011 0.967981 1.19201e-05 5.92724e-05 5.67697e-05 
0.00470575 0.000285169 2.02299e-07 0.0138584 0.0392179 0.0468969 0.00779636 0.0195945 0.00309878 0.817822 0.0339496 0.00385585 0.00891815 
0.00743934 0.00152791 2.74823e-07 0.0336575 0.0254406 8.06755e-05 1.29101e-07 0.088817 0.0511639 0.612691 0.000821078 0.0146604 0.163701 
0.0272023 0.001503 1.4655e-07 0.0214705 0.0347969 0.00226782 0.0021232 0.0683876 0.0429689 0.790024 6.61703e-05 0.000289828 0.00889911 
0.00362043 0.00314763 0.00122521 0.0205636 0.0637908 0.0119394 3.06813e-07 0.0110473 0.0152948 0.869351 1.32141e-05 5.64395e-06 3.97018e-07 
7.40508e-06 0.000529051 0.000268282 3.99831e-05 0.139706 3.20491e-09 4.12563e-06 0.000264404 4.47013e-05 0.859036 6.81719e-05 3.24713e-05 1.65178e-09 
5.03248e-06 2.09931e-05 2.02863e-05 0.000177765 2.35433e-05 6.88771e-06 8.06934e-10 7.47615e-05 0.000122669 0.998361 2.24425e-05 0.000952947 0.000212168 
0.069363 0.0110971 0.00369395 0.0915031 0.051045 0.0236795 0.00338654 0.063431 0.0698058 0.599846 0.00233355 0.00351255 0.00730252 
0.0858996 0.00424158 9.89585e-07 0.0509623 0.057515 1.63934e-09 2.55574e-06 0.116499 0.199043 0.485311 1.78192e-07 6.73888e-07 0.00052395 
0.0110485 0.00107232 1.02417e-05 0.058118 0.0273807 0.00091661 0.0002161 0.107014 0.324435 0.395975 0.0520805 0.0155637 0.00616898 
0.0888658 0.00836891 2.53571e-05 0.127738 0.086105 0.0594997 0.00130862 0.0807579 0.207195 0.291969 0.00220696 0.0115546 0.0344044 
0.00313155 1.19867e-07 9.14553e-06 0.044199 0.00632126 0.00380266 2.15409e-10 0.0604552 0.0132297 0.727295 0.000306505 0.0320585 0.109191 
0.0190746 0.00106696 5.17145e-08 0.0387299 0.0207422 0.00440585 2.43219e-06 0.126763 0.0902068 0.662052 0.000209353 0.00464257 0.0321038 
0.0127897 0.00267654 4.68982e-05 0.0758152 0.023649 0.00827892 7.62787e-07 0.105876 0.105056 0.598557 0.000775931 0.015217 0.0512614 
0.0099641 0.000127724 0.00028433 0.174315 0.0038841 0.000578357 7.08592e-10 0.121629 0.0102858 0.675092 0.00198445 0.00159528 0.000260375 
0.00312849 5.52249e-08 9.25289e-07 0.00217248 0.0108028 0.0020466 7.25999e-08 0.0148476 0.000782255 0.948616 0.000550855 0.016456 0.00059619 
0.0137094 0.000220644 0.00263284 0.0457983 0.135443 0.0190074 0.121118 0.0350322 0.00979266 0.539144 0.000823199 9.01529e-06 0.0772702 
0.0014596 0.000216295 0.000254459 0.000887193 7.30374e-09 0.000271042 8.61395e-08 6.5728e-09 0.000280698 0.996587 4.31897e-05 4.24725e-08 1.38296e-08 
0.00452755 0.000564325 6.6747e-09 0.0441097 0.260699 2.55111e-07 3.85934e-12 0.0708034 0.0137428 0.597249 0.000334731 0.00791095 5.81635e-05 
0.101063 0.00116683 6.62826e-05 0.026619 0.0256186 0.0166085 9.57494e-09 0.114233 0.0374792 0.649029 0.00051476 0.0269999 0.000602284 
0.00486697 0.000296359 1.94433e-07 0.0140826 0.040529 0.0467537 0.0078518 0.0192463 0.00311251 0.817788 0.0331517 0.00375208 0.00856842 
0.00965873 0.00967957 0.000153305 0.132715 0.0799993 0.00757035 6.6541e-06 0.0290055 0.01052 0.632491 0.000684788 0.0469433 0.040572 
0.0161187 0.00221668 0.000136561 0.160006 0.0490957 0.0432029 0.0309784 0.0319984 0.261936 0.396716 0.00606079 0.00128236 0.000251393 
0.00793504 0.117312 3.12315e-10 0.0958972 0.234496 0.0320963 9.06075e-07 0.0518091 0.00905769 0.449821 0.00143004 1.68158e-07 0.000145852 
0.00218873 0.0184105 8.87935e-06 0.267989 0.0131068 0.00366057 1.87543e-07 0.107316 0.0484658 0.536477 0.000144633 0.00198841 0.000243941 
0.00265175 0.00231306 4.73682e-07 0.0235102 0.081556 0.00113745 0.000396525 0.134393 0.00284422 0.749276 0.000109908 0.000340693 0.00147075 
0.124389 0.000342649 3.52687e-06 0.0826332 0.114439 2.37737e-05 6.51655e-07 0.00705875 0.0101158 0.655576 1.04606e-06 0.00120098 0.00421579 
1.80267e-08 8.00358e-08 7.57898e-08 7.18614e-09 9.01051e-07 3.2776e-08 1.05217e-07 1.04451e-05 7.23328e-09 0.999848 4.68967e-05 9.34342e-05 1.68924e-08 
0.0052506 0.000197368 3.21902e-07 0.0663316 0.0145599 0.0131877 0.0138905 0.312859 0.0994716 0.39009 0.00542057 0.0135882 0.0651527 
0.00718938 0.00113359 5.71782e-06 0.0296721 0.05176 0.00226534 5.62681e-06 0.0557714 0.219626 0.626718 0.000193335 0.00508252 0.00057691 
0.0301577 0.0104337 2.11568e-09 0.0541149 0.16863 0.124347 0.00198078 0.23214 0.0149988 0.279786 0.00010751 0.0125778 0.0707256 
0.00665817 0.00149447 1.61979e-08 0.235417 0.0506772 0.000831316 4.28756e-05 0.14047 0.0102846 0.527226 5.43499e-05 0.0148062 0.012038 
0.00057966 0.00427521 5.67325e-08 0.0183468 0.0815368 0.000189061 2.69952e-05 0.0876503 0.0103755 0.793551 0.000922255 0.000244851 0.00230173 
0.00255046 9.87676e-05 3.24835e-06 0.0558122 0.112547 0.0970708 1.74557e-05 0.12361 0.121171 0.367514 0.0728276 0.0330971 0.0136808 
0.0104326 0.000132488 1.96463e-07 0.121058 0.117966 0.0861612 9.59178e-07 0.0825338 0.030362 0.548834 0.00114193 0.00114258 0.000234038 
0.0314743 7.7853e-06 0.0265696 0.002485 0.0130301 0.0623364 7.22437e-08 0.100771 0.00139941 0.758015 0.00212682 0.00175202 3.17174e-05 
0.00495625 0.000702295 0.000249005 0.198629 0.0572278 0.0238933 5.93042e-06 0.181974 0.0378508 0.407906 0.000919408 0.0605941 0.0250927 
0.00737376 0.000803324 0.0131416 0.0898204 0.0577994 0.00316209 8.57798e-08 0.081348 0.195785 0.53887 3.88857e-06 0.000682211 0.0112097 
0.13212 0.00836619 1.49855e-06 0.0358556 0.256771 0.00269195 0.000306381 0.110163 0.189008 0.262183 3.36512e-05 0.00130648 0.00119317 
0.181631 0.00295128 2.61839e-07 0.222553 0.0674857 0.00150088 3.80978e-05 0.150498 0.0155465 0.346702 2.2376e-05 0.00829953 0.00277158 
0.000687727 0.00707571 8.00201e-06 0.0907879 0.0175321 0.00205634 1.51416e-06 0.0428518 0.0102213 0.825494 3.60437e-05 0.00123562 0.00201186 
0.0115106 0.00117206 4.66493e-05 0.271633 0.00454976 0.00456983 1.34938e-05 0.115662 0.285437 0.288833 0.000375516 0.00539309 0.0108038 
0.192109 0.00987345 0.000137744 0.146934 0.0637351 0.00094166 7.59318e-06 0.0807215 0.0436047 0.405526 0.000416727 0.0494656 0.00652749 
0.000173011 6.14435e-05 5.97305e-05 0.0688741 0.00548954 7.20972e-05 2.07817e-08 0.0451301 0.0152958 0.710846 0.000295837 0.121459 0.032243 
3.72732e-07 5.60149e-07 5.40572e-10 0.015104 0.0202378 0.020284 3.84559e-07 0.00323671 0.00341596 0.93586 0.000860667 0.000999649 1.25928e-07 
0.0240079 0.00177358 0.000225378 0.255076 0.0510885 0.0215605 5.01951e-06 0.287121 0.00817055 0.328942 0.000804453 0.00105269 0.0201724 
0.0222527 0.000549348 6.96677e-05 0.157118 0.0104592 0.00114327 9.67875e-07 0.281652 0.0320846 0.470943 0.0001607 0.0191546 0.00441228 
5.53276e-11 2.45646e-10 2.09586e-07 0.00799312 6.35273e-07 3.42127e-07 3.22932e-10 0.0294959 3.48567e-07 0.962505 1.43935e-07 3.56684e-06 7.1553e-07 
0.000310965 0.00658331 0.00257306 0.00115647 0.00182916 0.0100715 2.97132e-05 0.0410669 0.00063881 0.902587 0.00460134 0.00285888 0.0256927 
0.0400868 0.173497 0.000983356 0.0819247 0.129664 0.125107 3.72178e-07 0.0280226 0.0396303 0.378158 0.0013055 0.00146778 0.000151698 
0.0181722 0.0237343 3.93061e-06 0.0396471 0.0791744 0.00210782 0.00191437 0.0214366 0.0230631 0.78843 8.7151e-05 1.355e-05 0.00221533 
0.0135982 0.00256772 1.62756e-06 0.138596 0.122129 0.0138152 0.00979845 0.10088 0.0667337 0.515852 6.211e-05 0.00766625 0.00829959 
0.0102856 0.00178389 0.00260881 0.0178689 0.0853517 0.100994 0.00612392 0.15234 0.149982 0.469612 0.000680194 0.00129893 0.00106992 
0.0190341 0.000897468 1.3401e-06 0.0289399 0.0495295 0.117392 0.0218271 0.0623882 0.13541 0.382736 0.17642 0.00363395 0.0017899 
0.107129 0.0107686 0.00154879 0.258327 0.231031 0.00625839 9.71117e-06 0.0381758 0.0550792 0.273364 0.00119441 0.000708612 0.0164054 
0.000783712 0.000866687 0.00189021 0.287136 0.00542173 0.00415043 1.82934e-06 0.0811053 0.0331112 0.5151 0.000815652 0.0589462 0.0106717 
5.81231e-05 0.000651468 0.000120663 0.0296754 0.0289611 0.00339006 0.000223289 0.0876011 4.05334e-05 0.847714 0.00155005 1.36998e-05 1.78285e-09 
0.0332525 0.0162007 0.000378337 0.162635 0.0188364 0.0197914 2.13621e-10 0.0192372 0.164244 0.548053 1.06675e-07 5.39287e-05 0.0173168 
0.0195296 5.4609e-11 3.70264e-06 0.414503 6.04452e-07 0.0154168 7.17902e-11 0.00207921 1.62377e-07 0.548466 6.43573e-07 2.97373e-07 8.415e-08 
0.000170171 0.000727821 2.97196e-05 0.215641 0.0283747 0.000168331 5.10697e-07 0.0321927 0.0839888 0.47904 0.00195043 0.140153 0.0175622 
0.0083699 0.000321964 0.00218752 0.0662493 0.158373 0.0173276 0.000613935 0.0613388 0.051354 0.631912 0.000236545 0.00081891 0.000896515 
0.00173735 0.00121121 1.94077e-05 0.00944202 0.0333185 0.00725765 3.63594e-05 0.0100652 0.000357563 0.935179 0.00137453 1.241e-07 8.95401e-07 
0.0391512 0.00142476 4.34817e-05 0.0533288 0.169442 0.18734 1.95332e-06 0.0271527 0.00262781 0.463339 0.00234094 0.0523394 0.00146734 
0.00575934 0.0534369 4.72332e-05 0.0314716 0.080311 0.0194201 2.66396e-05 0.0752563 0.0164824 0.684477 0.00022523 0.00246682 0.0306199 
0.000840337 1.24539e-05 2.89564e-05 0.0230449 0.0222785 0.0442891 3.38102e-09 0.207506 0.00664496 0.658341 9.57259e-07 0.000398334 0.0366152 
6.54326e-08 2.72953e-07 2.63763e-07 0.0949974 0.00122475 8.95544e-08 1.05967e-09 0.226684 0.033974 0.394895 2.91799e-07 0.180911 0.067313 
0.00760621 0.00241569 3.26909e-07 0.00425544 0.0265429 0.0280554 0.00122771 0.033291 0.049123 0.8472 0.000252634 2.40599e-05 5.30846e-06 
0.0675563 2.4704e-05 9.49005e-08 0.0117551 0.0436852 0.0486978 1.90106e-05 0.152811 0.285965 0.389275 6.03767e-06 5.11366e-05 0.000154025 
0.0110554 8.91345e-05 9.43775e-07 0.068867 0.142129 0.0416757 0.000651477 0.0386719 0.0548942 0.610745 0.00044134 0.000121874 0.0306571 
6.32171e-08 0.00908166 0.0138014 0.0222186 0.28583 1.1494e-07 8.58543e-05 0.162981 0.14682 0.35799 0.000708579 1.81932e-07 0.000482332 
0.00337975 5.55516e-07 3.75479e-10 0.0568754 0.0224682 2.09485e-06 9.38801e-07 0.198818 5.81968e-06 0.718437 1.45119e-10 1.18489e-05 8.36887e-11 
0.000197019 1.37458e-05 0.000403236 0.0181598 0.0378569 0.000146759 4.0198e-07 0.0665649 0.00299088 0.869488 0.000929399 0.00102057 0.00222867 
0.0126265 0.0066296 0.00200378 0.192057 0.0348562 0.0172871 3.05979e-05 0.0194768 0.0309928 0.406588 0.275206 0.00174425 0.000501304 
0.0143396 0.00518939 0.000538224 0.0194995 0.192906 0.140429 4.20047e-05 0.227217 0.00631104 0.327423 0.0653672 0.000734567 4.4337e-06 
0.11093 0.000211949 1.53278e-07 0.0122492 0.142708 0.0268135 0.000804934 0.00478961 1.88703e-06 0.701486 4.73101e-07 3.71751e-06 1.36816e-06 
0.000407122 0.000979704 4.16113e-08 0.377605 0.0635925 0.000133057 1.43851e-07 0.0115584 0.000414415 0.544834 4.46821e-05 0.000206942 0.000223356 
0.0117614 0.00069311 0.00489991 0.174806 0.080902 0.00332438 0.000114466 0.0994974 0.0716872 0.519966 0.000131965 0.00359807 0.0286189 
0.121254 0.0468977 0.0014163 0.00361886 0.0329373 2.10183e-08 6.65521e-07 0.0899529 0.0155676 0.68834 9.92524e-06 4.75133e-06 1.08326e-08 
4.30675e-07 1.91213e-06 1.81069e-06 1.71683e-07 2.13138e-07 7.83047e-07 2.51373e-06 1.91808e-07 1.72809e-07 0.999667 6.99812e-07 1.23943e-06 0.000323263 
0.0337979 0.00124697 1.43336e-05 0.0606646 0.167456 0.14034 0.010796 0.0754314 0.154362 0.355376 0.000438324 7.79491e-06 6.81102e-05 
